0.151662070692748 0.0963501339893265 0.180725685804239 0.108508442759137 0.119676308217179 0.153891320045477 0.00316643382583949 0.10101803377637 0.0495114121672438 0.0354901587224397
0.1317883707804 0.042244065013834 0.0625976291871524 0.159092586603255 0.0686165144316655 0.134704719324348 0.0735212623663623 0.0911559356893533 0.158791706274472 0.0774872103291574
0.153134474304314 0.0148006563202682 0.105502182217561 0.104392503480758 0.153981985523839 0.133328317846232 0.0683034379728768 0.136389797017158 0.0708509745179966 0.0593156707989959
0.181538228759635 0.17304740652014 0.147738037438151 0.0929835783288276 0.121188372410866 0.115782540435939 0.00477140574416736 0.00608267480879536 0.025565510799791 0.131302244753686
0.0946419893480846 0.0908547234410078 0.0934828001173606 0.109331355114327 0.0834963029403673 0.112699005693207 0.13836993914074 0.0466964191543754 0.0963649322196174 0.134062532830913
0.129737895858158 0.00996067632729562 0.197297282561414 0.117797115307274 0.0929794638133583 0.108595097512449 0.199052998616397 0.0394116336732961 0.0102847627762393 0.094883073554119
0.113929958638332 0.155005899908197 0.0451579913272068 0.0876947600114322 0.0365506590688205 0.14040373283565 0.0992879425801249 0.066022223234989 0.111783559631493 0.144163272763755
0.166768556698542 0.0250758231112589 0.0421742793658971 0.144949669858509 0.0624240741374337 0.0693749981703083 0.148036403809954 0.0778917966904403 0.14099541999953 0.122308978158127
0.135105897709609 0.000701026714883745 0.0892824676003413 0.0870194395528503 0.12987007905638 0.116254474816529 0.133927858357508 0.102445146313004 0.0643978877391674 0.140995722139728
0.0400976565302348 0.108623093300775 0.0850868615164808 0.135387495104348 0.106800614578436 0.246159429495724 0.0800838043764285 0.0711225627774806 0.00576992132643453 0.120868560993658
0.266217581698827 0.028112418872762 0.0200241193865429 0.0366625285074414 0.21207265305715 0.294399379343643 0.0441504678523061 0.005481357658075 0.0846387936796452 0.00824069994360714
0.00486993916933616 0.104182252445271 0.0717590028496669 0.199594782344248 0.0611174578523939 0.180415971485196 0.0295971229877495 0.208842206814247 0.0613101445343961 0.078311119517495
0.174268991232968 0.176858933873643 0.0295002728755284 0.182561928645958 0.187272899967991 0.0522754472324624 0.0187810415585677 0.090157065495353 0.0370753247568186 0.0512480943607089
0.0167945241914259 0.0339359154796586 0.127185857706382 0.158947318274139 0.15983265587535 0.0412671501422127 0.00914650630807304 0.168968054494382 0.10352953783623 0.180392479692146
0.00625656561942524 0.199625748034442 0.0807440769362426 0.142923691498308 0.0398264575428721 0.147816847641936 0.101214826941338 0.0451254276251273 0.0862539807408714 0.150212377419438
0.0517758916427659 0.10117158241368 0.11032493586954 0.218237897660187 0.122942766598751 0.00241273750025373 0.0571571684963846 0.0011857167400304 0.163097581043767 0.17169372203464
0.0524144657753007 0.0728403493205541 0.0278678309450075 0.174589331440548 0.125359408906865 0.189191583204249 0.0284097802889201 0.121494963988055 0.0789693964852501 0.12886288964525
0.0388896746836508 0.137781383333927 0.115039084738737 0.154106378241538 0.171403859054512 0.0519349325507299 0.151005586608712 0.0197456693901697 0.0470122752145256 0.113081156183499
0.189793121551786 0.164117339932428 0.00386888944113555 0.0462954533528152 0.23198443364558 0.0581455693813784 0.0792344116327575 0.166430354122183 0.0250092100420946 0.0351212168978421
0.187405105729472 0.105036460786112 0.0438247157110339 0.115866993153062 0.081014104399884 0.0590481278091336 0.162746890291143 0.0643847215253448 0.0756694714048138 0.105003409190001
0.0640314160780505 0.105058204076353 0.153298432741207 0.0672424548828382 0.0459344079032453 0.0629125664665614 0.229286550866969 0.0019395066219619 0.13905614460999 0.131240315752824
0.131770578189201 0.181285276449279 0.0323530065520181 0.141747522929812 0.133743644158327 0.0014111115920704 0.137037894902688 0.0602655123717255 0.018016231835777 0.162369221019103
0.192997809562771 0.00734208108790991 0.0482968427263744 0.16572147433951 0.0712385473727279 0.216459564388948 0.0551426368894717 0.00327922023846072 0.151819592798448 0.0877022305953787
0.027811007016739 0.0940199943942228 0.170015498421261 0.110368515447497 0.0393287442329818 0.136434754527896 0.0737040145137077 0.141748027322912 0.0311824476375023 0.17538699648528
0.157408980343162 0.0957263951216367 0.0211075635902069 0.137713782243842 0.115391724470638 0.0342917858547023 0.124081243385926 0.157559214700537 0.0310213755069702 0.125697934782379
0.0782288217340246 0.103621803836865 0.191770363203379 0.0586164760360836 0.199676600722514 0.0144421206292388 0.16307564854399 0.0680866843934875 0.0844916176150862 0.0379898632853312
0.0783453621519004 0.0410048040985717 0.0785795685199914 0.154199238252343 0.0592847399268928 0.104323719285312 0.128587833765041 0.124144288625029 0.106880095856597 0.124650349518321
0.177628429016455 0.123171117362733 0.132337048888011 0.13294074898156 0.0857557994618272 0.157775983082764 0.0691206118661443 0.0228626304505022 0.0088669084574651 0.0895407224325393
0.163691486354515 0.12353607290316 0.0373913360548118 0.157515719392286 0.105125990346365 0.123368914370919 0.0978050986016416 0.0692740408417643 0.0119048554506677 0.11038648568387
0.165113114302607 0.0376812088443907 0.151290791816221 0.110531526312567 0.14473060412298 0.0253587495093381 0.0576115227117052 0.0985432259788799 0.0577314997313409 0.15140775666997
0.173547397252846 0.0290694095948463 0.0220395641263981 0.166221777097755 0.0155047349966448 0.149057809511091 0.169512402354397 0.142650540244652 0.0649687652908457 0.0674275995305241
0.116911773716193 0.110467208936386 0.151033929662898 0.119866110201643 0.0837302019037824 0.117419023568429 0.0342479607568556 0.0805874577216424 0.129347242385652 0.0563890911465193
0.129606614754224 0.116489841503804 0.03730460231836 0.104212205888987 0.0918445714269007 0.128632980487934 0.10998188037319 0.0216255099124123 0.130514435448472 0.129787357885716
0.0239152737012805 0.0888139413152011 0.187414682621803 0.00740487980126528 0.0313782003854252 0.0978688168457321 0.152675465964663 0.120795507736044 0.221853804182922 0.0678794274456639
0.104374019834686 0.200495675503303 0.139907912666258 0.00156544378887405 0.0153843142879868 0.214560188670401 0.0119636550245866 0.102354980623319 0.0561098345051978 0.153283975095386
0.0915881158381598 0.111833733457888 0.0938917059389217 0.127514400157039 0.13707597774689 0.14161517621696 0.0103127587927668 0.0287088327689514 0.150122461142541 0.107336837939883
0.0256742127980124 0.138690533058869 0.0716710834897977 0.136877134264161 0.0893962388553802 0.0961866881384426 0.0256610752625739 0.0704029391189766 0.189531067340687 0.1559090276731
0.0184924095665864 0.00073343677967983 0.145781945713707 0.192939151550867 0.191540042839768 0.0689849762084865 0.167796443337484 0.0170955316994631 0.14386902119843 0.0527670411055285
0.241500190074793 0.135637097631252 0.0589035346846374 0.0888419489293886 0.00437695212544595 0.0289432773229254 0.182972450683213 0.0691730083447449 0.0564749824306449 0.133176557772955
0.0611300660778725 0.146601929834512 0.0887763191163797 0.177905766242077 0.14750601337813 0.0423963865948775 0.0643791755735592 0.067744196123398 0.125933895228891 0.0776262518303032
0.00344806176307008 0.0749283511937546 0.0865086708453755 0.12411664226248 0.112725201200237 0.0858811399057378 0.0906823695243789 0.109662298072735 0.157044928676822 0.155002336555409
0.00692563544086867 0.00680543438141918 0.179206807352911 0.13940635824112 0.0943144016259058 0.168639746802577 0.159460875307412 0.0686495105519827 0.0609002147144255 0.115691015581378
0.173139107005878 0.0877757318937125 0.0834793004060847 0.0805779468415733 0.142478520092127 0.0150039831420347 0.145288330527347 0.0820411177017565 0.128666405567627 0.0615495568218588
0.0915794377660199 0.0437821552342157 0.195061634055378 0.0237870948325628 0.0693776273730501 0.0849799952185876 0.138662201661615 0.0528721634245797 0.0942738378828256 0.205623852551166
0.11157629596422 0.134052796766997 0.13068746145191 0.0129468980387391 0.137950361782836 0.102938732626235 0.117047122268683 0.0583256707906035 0.13328196555881 0.0611926947509666
0.142160233404277 0.163890544632383 0.16015630747828 0.0540416072018215 0.162255057918339 0.11278573737745 0.0216983298863803 0.0628116205598495 0.115854958196772 0.00434560334444805
0.063545209728124 0.10585370886564 0.165349144798837 0.144558726061256 0.133411612506547 0.0711157451443378 0.0122995875074418 0.138888428681189 0.11518548741053 0.0497923492960976
0.138866449717229 0.133477526413128 0.101467091597371 0.0487605561936832 0.118867185103684 0.0451543602596303 0.0309844105774601 0.142490088882007 0.117103977733742 0.122828353522064
0.119503152005892 0.11539119202752 0.029571353399147 0.21463996078395 0.215462384655447 0.139360260461428 0.00348938778013724 0.0371859239548093 0.0750890160502424 0.0503073688814282
0.0486770197680414 0.137731939153305 0.113560195087736 0.0930031570582831 0.159154940211156 0.0623212683107669 0.0420072177928166 0.118890279971148 0.113308888565333 0.111345094081414
0.0815786718642723 0.13830628828875 0.0891328206110815 0.0671839974988138 0.0274452597540094 0.154190758978911 0.15357101677438 0.150478320065247 0.0648987015209702 0.0732141646435643
0.099935803500764 0.149652087727435 0.116539936845093 0.123417966687666 0.103186404097717 0.0933818076330909 0.0358889886779577 0.0848985271550981 0.0984286776624738 0.0946698000127055
0.0599655807999611 0.150240325238339 0.0805971457985864 0.164068946019088 0.0796619648031164 0.0840716069927461 0.0573766085671646 0.0283583043914138 0.120999693661485 0.1746598237281
0.149398585653938 0.0516636690951752 0.0652020776724265 0.120607815316621 0.08370030102794 0.13546403040173 0.0847538165792401 0.0864203036122987 0.130104999345118 0.0926844012955131
0.0352824739736783 0.173193836936195 0.148706458405489 0.0567912183624199 0.00558453238626049 0.117377604593419 0.162419048393621 0.1204062924649 0.172193336291408 0.00804519819260902
0.0639853932049306 0.146968689386034 0.144214371977363 0.114670569426174 0.1343039386247 0.0771092675260854 0.0391692677789983 0.0119448713602595 0.101648123122447 0.165985507593008
0.0734270118472305 0.0519727226974413 0.1094675931817 0.115501336086734 0.132218708693621 0.176422960386658 0.0190258861075932 0.0118206172874289 0.173925667607455 0.136217496104138
0.0902464138882118 0.0051250529640984 0.0430291113547348 0.158902565806746 0.143707079949425 0.150833544481843 0.105278303572576 0.0933160126935111 0.0619561540873748 0.147605761201479
0.0980476102900801 0.081048867157003 0.0992132529929223 0.0206662310042307 0.135182172815208 0.155881721949701 0.116171950327771 0.137317547308883 0.0664036574821754 0.0900669886720263
0.122610679560536 0.118504088528877 0.17824952084643 0.173769151233678 0.0074648224848382 0.042940269667879 0.131448144459438 0.0886588917019469 0.0823164301433972 0.0540380013729795
0.0177148734962616 0.168840896933362 0.0862075776472185 0.0519634750678661 0.0975346115499286 0.0724155439848064 0.10723066871913 0.200673689154126 0.0458487837292404 0.151569879718061
0.0807824017680209 0.0769319791716515 0.153365828396171 0.151188808876733 0.117954824912162 0.156218119138636 0.0740910466555988 0.0224001267078939 0.128665198044834 0.0384016663282996
0.0718268773615917 0.15188469620317 0.0861977747689989 0.150608020207146 0.0604609775852885 0.082615673765325 0.159391169224216 0.104950501519717 0.104628208485173 0.0274361008793745
0.178311400616487 0.132097538013183 0.023825173260816 0.0753488708886641 0.135270241890177 0.116640047689754 0.0105795714121017 0.0586595012607122 0.12213148037624 0.147136174591865
0.0335546565740114 0.0561758544419629 0.116140805271785 0.0538049377759136 0.14425665557082 0.0766886110042771 0.129869012373497 0.0586437406541993 0.252083881276079 0.0787818450574539
0.0636659785802494 0.177885162268535 0.0317054631939944 0.0357097200955068 0.123214077326491 0.0112247269028308 0.172169701304716 0.178245105344372 0.0871490117752628 0.119031053208041
0.145734475533313 0.166097085230386 0.133191753612525 0.038786764183295 0.115856076907456 0.179075466979488 0.0129794146826657 0.0601573470219208 0.0265874333355147 0.121534182513435
0.103444988298972 0.0303883831859503 0.194291736117016 0.128890688899078 0.0428837155536089 0.0839227407901506 0.0618115882769315 0.0404399728899791 0.170537190489964 0.14338899549835
0.0525315367925758 0.061461092644754 0.164889896095094 0.139519251789175 0.0957959495778997 0.158219262336761 0.0968283042939501 0.129816602550162 0.0102342633594555 0.0907038405601728
0.112733566767688 0.00276195762880737 0.172161026781645 0.00230192901707925 0.195472267428748 0.191783768635457 0.134941466404097 0.0413102704340354 0.10460617587134 0.0419275710311016
0.139919600067225 0.0972893897594486 0.0870204877423734 0.0507649231022143 0.143259408575091 0.0550583859795788 0.00535766023740971 0.155876054289976 0.14900393609201 0.116450154154673
0.0722762427604959 0.11079820676275 0.0559773019612158 0.173303715033981 0.0578899127849189 0.0148514643244722 0.115818675161906 0.190121108621673 0.0982330033037809 0.110730369284806
0.13121562025144 0.0709512260666074 0.125872971319823 0.114444449036699 0.135409864732286 0.152166990513941 0.00995304077899314 0.142219827753724 0.0392486510672769 0.0785173584792106
0.117540845404156 0.0156596224311854 0.149742271673938 0.0414191826124055 0.108524482480753 0.166243328942308 0.016144957363187 0.0417133764894134 0.214364018791646 0.128647913811009
0.153190319823874 0.118243841382484 0.183207867276488 0.021045983189316 0.0648499009990681 0.171634561569448 0.125959116165435 0.0478895914187839 0.100275206094461 0.0137036120806425
0.0105570648286824 0.10065433068401 0.191454578194832 0.109921379075183 0.0804783007316961 0.00852409473036217 0.22464051092858 0.117250991990923 0.0777276047407726 0.0787911440949578
0.000210520330126226 0.146208883336483 0.134619237155487 0.020520248618102 0.10415990728208 0.0677131030297947 0.149779187064816 0.149931704425112 0.0729488012228787 0.15390840753512
0.0256883771201472 0.120594706309891 0.106867078035586 0.23812161745906 0.0138315869460661 0.0389067372941101 0.117692172146343 0.0467911166672719 0.063809633185548 0.227696974835976
0.149311899149528 0.0720104852984899 0.162523822419772 0.051373913145717 0.061128448321996 0.0674479207756707 0.129906302525667 0.0811020882657587 0.173770043594533 0.0514250765028675
0.00653347595484769 0.0205181909545781 0.1050135078217 0.174089055082741 0.135450603611822 0.166820902215985 0.00819275373328887 0.0726746903582399 0.173620860991166 0.13708595927563
0.166392888761664 0.0828359548563004 0.153012979038758 0.135174922471152 0.108810795766546 0.10508604484704 0.153481326393226 0.0705137994458719 0.00422081760168117 0.0204704708177602
0.133490274286089 0.14026043295342 0.140259825656541 0.124048455581269 0.0946406390988269 0.0814776541758586 0.0399927762922928 0.0985037839973642 0.125365199967555 0.0219609579907827
0.0845023387348968 0.0431355806242019 0.0276861789379978 0.132324015276501 0.120400175670175 0.113965255502597 0.160073984667412 0.0301424312624622 0.180156618655464 0.107613420668293
0.114014448628053 0.0689114479219307 0.0174565483619477 0.198398341010725 0.15204037138764 0.180216207386417 0.0522066343907228 0.0231526926766457 0.0325906406380846 0.161012667597835
0.0975026336476016 0.124978327820344 0.085826663266328 0.0398457145407343 0.108305741732839 0.126117107177316 0.113438334423905 0.116995740746934 0.0614015341045239 0.125588202539474
0.200014011964936 0.100260414077768 0.00281824273116524 0.0127938282357802 0.0835938104395126 0.0450644365177055 0.0883850059381337 0.21684179902076 0.138410889301483 0.111817561772756
0.139993780635558 0.181493518932508 0.0745258093856897 0.242687972664887 0.0251952725851634 0.0842105353308985 0.00174922149603709 0.0220533273019516 0.0803558147630689 0.147734746904238
0.0845681634062797 0.0648081175840002 0.162156786661335 0.0987924578342858 0.00633419249541607 0.182659782823713 0.155651250100679 0.13943463521033 0.0189181661262589 0.0866764477577022
0.0947060388956302 0.145132680996674 0.0294571216995887 0.0291280929472154 0.206403555935313 0.153061125919041 0.102387181927079 0.0214455786811019 0.201802130093653 0.0164764929047044
0.128324327388227 0.0151087795099297 0.0258285571288368 0.147297489459898 0.101871456413199 0.0919343354920877 0.130862566330885 0.105792105081712 0.151568001771568 0.101412381423657
0.132470226461665 0.139913083776183 0.143581484919494 0.144431584682408 0.0593643904141371 0.0807638944162934 0.079053814806161 0.0417864899021647 0.113983993646054 0.0646510369754394
0.113593475016185 0.178871693065126 0.137961366792068 0.122719562544216 0.110663114007091 0.14375402231605 0.0755490126568937 0.012095420004174 0.0968966728271169 0.00789566077107812
0.00392728804215286 0.103499620751426 0.143195889546043 0.0888627114774092 0.156497362185166 0.113596113154489 0.0669529285277082 0.0709898675467394 0.134248580334866 0.118229638434
0.0520678744177301 0.065816379527304 0.027382714419282 0.0268275449304076 0.151278798111364 0.109272271708431 0.148058316563958 0.136763870057071 0.168857099358707 0.113675130905746
0.0546584266885002 0.0339437199001058 0.0423222177893507 0.167396605380278 0.135031516343367 0.136026035765807 0.0248049556165175 0.162031401298036 0.0829282134563458 0.160856907761691
0.11962711853392 0.0843486326134819 0.117718292780636 0.0771841872723781 0.0790120211881495 0.148083512333335 0.05501099878392 0.0309950523452 0.147013294866901 0.141006889282079
0.106576527143672 0.0362531980297337 0.0864885901467686 0.0452573375767094 0.0925280434000998 0.021432164926809 0.222579718435975 0.129816927889326 0.22357217024502 0.0354953222058871
0.100380696521768 0.231199353087907 0.0775204568788417 0.0420957190340027 0.169774287549173 0.1591054299676 0.0239798943127706 0.133558739547088 0.0181592896712477 0.0442261334296013
0.0458540382847549 0.0126128609954856 0.1068176261371 0.0688696641520449 0.105368292747665 0.0928503526479777 0.165297524326075 0.0513604589021644 0.145228783159286 0.205740398647447
0.0493860457972167 0.174586628892552 0.022826141880578 0.154094152197825 0.168668177297235 0.0703261306776966 0.0496689578267527 0.132224887992334 0.0570366959773228 0.121182181460487
0.132228774190599 0.125839523718038 0.0700530286012972 0.161769698396474 0.00485005343208808 0.049813026561347 0.227066914411958 0.194641597223065 0.0207339832531424 0.0130034002119909
0.163184799802625 0.100211179594111 0.0951715121288509 0.0831172740080153 0.12636948055303 0.0823924074365364 0.0752139500849088 0.102026609110607 0.00641287875799185 0.165899908523325
0.129619862280575 0.0869909963386777 0.142339839368437 0.0696801826600059 0.0739523232676269 0.0814615079814396 0.119709588076038 0.116414477061478 0.0816160736261483 0.0982151493395738
0.062106907910911 0.0461029750968266 0.130656577420421 0.134479050123722 0.0243381475072352 0.148162935340425 0.106098488420613 0.111687745852424 0.13637967179344 0.0999875005339815
0.0338274944974036 0.00612787867751144 0.160743349486216 0.142547001904033 0.123147526777984 0.0317847926548172 0.101089711554369 0.155846610571135 0.144126143811828 0.100759490064703
0.148681835292806 0.232461108775438 0.0415240181297932 0.0629262592977493 0.103701870994729 0.0801874216215709 0.158981324550316 0.0808843102657476 0.0140211690996926 0.076630681972158
0.115340359663857 0.0640097849065403 0.0928130126168593 0.1463776258848 0.0489512527421396 0.169286164190765 0.1167924359853 0.0545571113951102 0.161973672542422 0.0298985800722071
0.278096799176434 0.0209274507788634 0.231104273012723 0.0321159763495232 0.0290563554819226 0.239392589418507 0.00289096689814395 0.0222326114133657 0.0152909356107538 0.128892041859764
0.0779785481893067 0.00169705184512106 0.348312326764943 0.20779808429975 0.16392763863877 0.0118633230946621 0.0719513263559561 0.0196246668295582 0.0449798163156851 0.0518672176662477
0.180621524203048 0.0410977207610615 0.203731582581377 0.0174797292471448 0.03592056495438 0.149030113218254 0.185024991731137 0.0242494979084545 0.117191367240388 0.0456529081547557
0.121067971075261 0.0626523120272627 0.187740571810348 0.15965296620117 0.0109667384212267 0.0899177172101039 0.167812017215678 0.0291016925894433 0.0885564350135806 0.0825315784359257
0.0512258742586404 0.0739523985992525 0.146060011953051 0.173794930029471 0.0964046971547743 0.0850553393749481 0.131992145410779 0.0240577241261357 0.139869289025564 0.0775875900673842
0.112657995484276 0.161834928734943 0.0604993610511603 0.0719341285575131 0.01145666871585 0.105116157646058 0.0625051130985506 0.130058303469976 0.133167646402776 0.150769696838898
0.109177911458723 0.181611099582878 0.0484976402785985 0.0571663807843283 0.0970729742758041 0.0613930714055435 0.0978424076332895 0.179280785977643 0.0602982257176779 0.107659502885514
0.17282833693904 0.0892997634828849 0.0206655547569985 0.0852798887646505 0.19085681036549 0.0419067102285346 0.115024225055778 0.122451087306372 0.123808886735494 0.0378787363647572
0.0622865569127426 0.134676521569533 0.133767933935796 0.00805035428311363 0.124787988072487 0.0946918055756922 0.162002215875044 0.152956569857866 0.0627450557555269 0.0640349981621986
0.0945856905829089 0.156110982517437 0.10280387838425 0.0718426001667856 0.15939962898558 0.14496856411864 0.106469958825776 0.102493599790989 0.0382440039259326 0.0230810927016995
0.0788459932528507 0.0323575560059154 0.0406154733252914 0.0953468705246755 0.0510854303361863 0.0195457913632654 0.107161070062673 0.191460743785693 0.192569222281474 0.191011849061976
0.0850281669995216 0.101574570445908 0.0544545640455727 0.149487838245341 0.141284856184668 0.143991692416211 0.0809198776041512 0.153157967417395 0.0127742732476336 0.077326193393598
0.108323871775046 0.178628523994934 0.149424427334173 0.120752533111268 0.0933931769052626 0.0679678502120024 0.0254660209266215 0.182112356448975 0.0324117928699768 0.0415194464217412
0.0800338030424708 0.107930027030889 0.118704714767565 0.0255090851125487 0.159416416345594 0.127261272312872 0.0701243332645967 0.159872750924277 0.0494762579914247 0.101671339207761
0.165364522434621 0.0394870580672988 0.187495112960006 0.136765819675008 0.0377089432422105 0.186848442805422 0.073001972565403 0.0730079300705603 0.00417943460053137 0.0961407635789401
0.0519266008851629 0.0884607154521234 0.0469791104959721 0.184446981834096 0.0728596607189065 0.130445828492922 0.00115204575808541 0.141754801196621 0.131856260981073 0.150117994185037
0.0789150535705026 0.063475633093046 0.165332666507705 0.0261757681346859 0.0205163005286381 0.00834591085503873 0.17680644057807 0.213602366362364 0.230720954060287 0.0161089063096632
0.16347086349532 0.0472467330601563 0.146882544342198 0.00993798039832068 0.0476811443163932 0.203829012891409 0.00462962699276623 0.1600538238082 0.0975343088771479 0.118733961818087
0.0803345601235789 0.101324843719547 0.171151347128803 0.109270666877012 0.113594997178177 0.134087667596755 0.0408986869779552 0.159407221781086 0.0876131903997789 0.00231681821730632
0.0205245824435644 0.197608635467821 0.150456212204345 0.191461980374393 0.0123116060239341 0.0225418501042691 0.0285090077669783 0.182355646127286 0.0839805495597137 0.110249929927696
0.0537572944100054 0.0239674705321111 0.0731348751737633 0.0629307551428199 0.151318203622549 0.0923700215925491 0.128363851932329 0.0940291498785128 0.143696358410358 0.176432019305002
0.0533044013617865 0.182532509733478 0.135339361500221 0.0619325671038816 0.0924934487189873 0.123743511878805 0.1452474264858 0.00314231988166834 0.166819662127547 0.0354447912078241
0.109838788608814 0.234903365217626 0.00118537612063391 0.162833268557612 0.0519602537064592 0.136260120716895 0.0418263882129282 0.129597331594891 0.039639408662672 0.0919556986014691
0.156637221176018 0.132150230170297 0.034633534403653 0.0455868019399206 0.175733410318009 0.0847397430641619 0.108316246624793 0.129688862774839 0.00929770401627963 0.123216245512029
0.0202390964935117 0.0274084255820159 0.0288366926454725 0.105099468770439 0.12232658224048 0.227824783418065 0.00264557298124223 0.169498392198563 0.227962754964849 0.068158230705361
0.131119954244311 0.0857925481706169 0.0646729158046236 0.0172614365644516 0.128689723161766 0.184961487138818 0.194843921907081 0.0337476967892492 0.0472510773818388 0.111659238837243
0.0839229225729779 0.112708421692329 0.0528323413350082 0.134887404247003 0.0208640041679612 0.202952311410984 0.191111528690822 0.0656230095329041 0.0883809520857804 0.0467171042642297
0.112619309514167 0.0503703892491517 0.152191273142816 0.142856616685571 0.123589812385851 0.0268839509405026 0.119672529098351 0.0234161500830971 0.202893628055716 0.0455063408447764
0.187537647917972 0.228585785708005 0.0532069726973177 0.0882944047867124 0.118558618325167 0.131738429203307 0.0302667815853161 0.129054552406434 0.0088704539268168 0.0238863534429522
0.00701610554514264 0.126732332333048 0.0387389352016621 0.0900293346168182 0.101116540154614 0.142183409999568 0.0981457655737169 0.0461368488917963 0.164413299973548 0.185487427710086
0.0408135014668139 0.0788926446512498 0.0757571413040991 0.0380308319325973 0.160662498140187 0.124693254156634 0.153268513446684 0.142858780855698 0.162602562492612 0.0224202715534253
0.0911051657940826 0.133552500083663 0.0494859950742511 0.0275156428241079 0.183176862714524 0.147570736557665 0.143697250967062 0.0224611830707061 0.0679821989092018 0.133452464004736
0.083669106208805 0.133534608883366 0.0256914833481314 0.154534153206377 0.126857560407628 0.0567370290498626 0.155538530526947 0.115339753655909 0.0942695400210051 0.0538282346919685
0.0792903491192665 0.199194651288239 0.0637158770373592 0.135292872622658 0.0206918342036763 0.119700161814886 0.0331008251943708 0.0665560597227362 0.156455783043491 0.126001585953316
0.141835014304689 0.04218007472179 0.119955692493101 0.144208430166055 0.155760996529334 0.0704864130482678 0.065654512388111 0.0467203625271939 0.11395669831261 0.0992418055088489
0.175136755043264 0.0199233466277604 0.0438849855296112 0.198686945832783 0.146825928933112 0.0588604293601494 0.11312665944165 0.0238678424616711 0.0166770658025167 0.203010040967482
0.148902217172735 0.176701191799081 0.127696342719645 0.0067685051046022 0.124586743229074 0.151516702051541 0.149269283597321 0.0707265141096549 0.0258374219662343 0.0179950782501128
0.168689763319529 0.0014842609377941 0.158858802802964 0.0851449693929767 0.0655764747794556 0.13553604871103 0.104368103159971 0.11053312274004 0.113918019314663 0.0558904348415763
0.0630804331282803 0.00338439704370161 0.0155128127231447 0.0470377769084813 0.0329518679135512 0.120800137454216 0.286032591612096 0.233915309828165 0.168514424983872 0.0287702484044916
0.258500448589349 0.049662934927332 0.0693718808971501 0.0952946964549603 0.0777970818477906 0.149893962166044 0.00206456461294248 0.0554378172668374 0.227792457978667 0.0141841552589267
0.153592369182562 0.0343133995029471 0.141306714676334 0.092997984867426 0.0590705571670616 0.0482068405153853 0.0923785204909209 0.0944454353147361 0.160501673638725 0.123186504643902
0.0286641633963486 0.2095410864965 0.144773914364188 0.10318207360944 0.204876968747082 0.0701935120321834 0.125946624179496 0.0359550903138565 0.0423639065951911 0.0345026602657154
0.0694453221145001 0.160954571151581 0.119627166409385 0.0820517947596368 0.0470364796232826 0.136301563195475 0.131424203820923 0.191588470570819 0.0261848005787523 0.0353856277756457
0.12180766972352 0.0533467733782941 0.0350058017970258 0.0491313998122377 0.0483925854198308 0.216118951923263 0.208600188412217 0.0572306775377516 0.153471480686229 0.0568944713096303
0.167531685404836 0.0171647707827704 0.0211870261795017 0.0428216772206446 0.0284120831169908 0.0558055778740695 0.12651816280548 0.199552637660836 0.171736001073893 0.169270377880977
0.0657286676847913 0.149566054191703 0.139382349352387 0.0611629759619194 0.157218892884202 0.0222751132880148 0.105259050738851 0.0364978263178122 0.0995596418177488 0.16334942776257
0.160900681520363 0.220221291695577 0.0337491956477464 0.116684527006263 0.132712265820134 0.0886236120235511 0.0614693234749402 0.149183941911062 0.00524122845321982 0.0312139324471432
0.148218338146119 0.141203489957501 0.115136843543993 0.137085084572329 0.0758022478289827 0.0698034186674324 0.0056732228611667 0.107865298554313 0.114709179479566 0.0845028763885971
0.0997921795590294 0.093271681042679 0.0346153118683796 0.103686899577403 0.120194497107258 0.143860635788013 0.11173355844704 0.144926329620112 0.1084861407902 0.0394327661998858
0.161234647778217 0.154388524668424 0.0685508163025882 0.148692562784271 0.0955245009003013 0.0930499888196595 0.0338884634176061 0.061153792223185 0.0632555294070768 0.120261173698671
0.144450382873767 0.0992043473951582 0.13769272874248 0.154299678128485 0.0432586827317182 0.130960420418726 0.138138121685875 0.0064402059473879 0.104120121258488 0.041435310817914
0.0308819801707004 0.0778273755037908 0.0504075855286597 0.101238648777973 0.127977139804317 0.172084358750021 0.0472634202023742 0.12567476252678 0.118589520789064 0.14805520794632
0.205107980582719 0.0108504728418848 0.198185249669776 0.0383999673620885 0.089995854642832 0.189453987442291 0.115159365203154 0.0853662237878229 0.0400590174216403 0.0274218810457917
0.0848946822708638 0.0952598154200206 0.138287573305778 0.0326994453752415 0.162581485446595 0.00928154600022843 0.18529554454033 0.0321954864018068 0.148752901972337 0.1107515192668
0.143384435163238 0.0859982856249022 0.01945447595184 0.0346356410209191 0.0556546562818878 0.140491832972228 0.154986940120527 0.0793154471346136 0.122440887319993 0.163637398409852
0.154998484991247 0.111007279322852 0.158700739029718 0.0529555864643889 0.000422114075310791 0.147717677167792 0.102124593763648 0.123113132850986 0.136920474823907 0.0120399175101511
0.0315746468524833 0.0182532430088287 0.0968592837439409 0.099754185412396 0.117990630644936 0.163689403269325 0.131574042498439 0.0392526828056462 0.181906572187633 0.119145309576371
0.172521948368212 0.199954463720983 0.189985307922484 0.0362675679211421 0.0743759852570545 0.172591166214107 0.0592456884419766 0.025697459395139 0.0301423376070057 0.0392180751518955
0.110460324060769 0.179171944051417 0.0039276849347906 0.0842223683135596 0.111513322256901 0.0226342810157084 0.205148634902939 0.131727929079753 0.131082240737736 0.0201112706464274
0.151315239002318 0.00882870376468716 0.162186749001759 0.113293736273852 0.141129900891207 0.13478768214089 0.102210044126211 0.0703775814250474 0.0477154437264604 0.068154919647568
0.14309689623403 0.11900315059299 0.0557788814530766 0.177947350836734 0.131290070757975 0.134066589852525 0.0966910760486908 0.00892739658755437 0.0941423878221768 0.0390561998142482
0.0272239487750559 0.0346084696362651 0.198384299392864 0.0876207042131106 0.241238725268947 0.0094901391697855 0.0990941035994068 0.131328808316385 0.139855938848911 0.0311548627792692
0.123144437899536 0.179161521738385 0.0749045663896349 0.0205712580720325 0.0856672705650562 0.135196205068814 0.041101558256676 0.145626591027429 0.176575284385226 0.0180513065972121
0.0278315060441141 0.194832820448138 0.14996392573478 0.176058224415743 0.0525884063050761 0.0798543373748601 0.0436242421055741 0.0817232527543 0.0297784590124224 0.163744825804992
0.0660096585960051 0.171340716216415 0.115964864617283 0.119049268300252 0.197144024093782 0.0201471011665916 0.0273561257504791 0.0662221442476282 0.136397454350057 0.0803686426615076
0.035905203171131 0.18793438175035 0.200545745020969 0.137302029621021 0.0407783931762504 0.0747294994183408 0.158684960799452 0.051819733395836 0.111962955228314 0.000337098418337014
0.175978595996345 0.11128042482664 0.0764302556052533 0.0434566727403063 0.103410702008971 0.194324850903919 0.219024841627821 0.0630746694720916 0.00818723015537704 0.004831756663275
0.00658799038888309 0.00247968840716809 0.05897470026387 0.164694735855584 0.0552307478724719 0.212893851186307 0.200832811802724 0.0660808397151075 0.12555053663865 0.106674097869235
0.0982839630696636 0.0603114545456674 0.0568916327842949 0.132470011871957 0.0164016200857628 0.170968295460788 0.115048438991903 0.0788100228067009 0.0737958583464526 0.197018702036809
0.0346598894873877 0.112819633970299 0.179599239509308 0.159361854888728 0.169745658552895 0.13663092669559 0.0396033615448512 0.0279009842531533 0.0720078169391957 0.0676706341585912
0.00479498378363076 0.196131045448037 0.0486245536117496 0.0847678495449825 0.218930561737314 0.125503841441046 0.0510224979406007 0.0953661377836573 0.000373640346402562 0.17448488836258
0.0954801350908067 0.114979425323441 0.218580221034355 0.129076942628884 0.0970487452622171 0.00609266308043258 0.0453148552620953 0.269679371906847 0.00907516579486159 0.0146724746160593
0.0309478050972697 0.00118662009787295 0.136723927012561 0.104820368083638 0.195649279907628 0.192215911750154 0.0876004250484344 0.0144124157611102 0.0685881963855261 0.167855050855807
0.070575283651704 0.114879513769177 0.0690418978618706 0.125950708051619 0.00921402909785698 0.227098807030665 0.036707607658208 0.12647559060279 0.0123685223224361 0.207688039953673
0.188182230361883 0.00270337757528314 0.134625572974928 0.154031151685372 0.0695975073034358 0.178272388482404 0.109917865908893 0.0241013142618123 0.0748359100942899 0.063732681351699
0.198659117437107 0.121334345380037 0.0899188673715023 0.106957487240487 0.0401262395194628 0.046585739952744 0.0810926191893006 0.205358086250599 0.0719620353381686 0.0380054623205921
0.169502457292514 0.159554928802739 0.0276218997492821 0.00726405071869192 0.00946834086907791 0.0314027467141437 0.181594669569844 0.0287581424861765 0.192583868237794 0.192248895559736
0.0612970654008528 0.15222948623409 0.151805711545249 0.185556569922797 0.0499752516619944 0.0204391375438781 0.156782016131163 0.0825774874692512 0.0732015546222422 0.0661357194684819
0.126956499468752 0.0673880464704407 0.0839451344405311 0.204542518788349 0.0612497785201811 0.0158445251581844 0.0765292015203434 0.119530809162218 0.133721043166556 0.110292443304444
0.0467195492466301 0.137733105847231 0.0943415392108106 0.151757781886121 0.0759584338100847 0.0586177864268898 0.127168891605141 0.160904171066348 0.109210279100871 0.0375884617998725
0.152639805397285 0.157384140595844 0.0370702393668446 0.202169673653438 0.195367681799736 0.0294755701895262 0.00235919452912093 0.098084302006561 0.0229761994622662 0.102473192999378
0.0912011482869252 0.0176171923478565 0.134617883601758 0.0412462698525521 0.119672857414477 0.0888678070483978 0.140474171594683 0.129528419817502 0.0464319611029268 0.190342288932921
0.106938943600927 0.114012086867543 0.0542782435034077 0.0469084159448932 0.243066046244772 0.0613442078632224 0.00232378084815938 0.168847679443475 0.117952280158989 0.0843283155246117
0.236025525595249 0.00344724915839154 0.00466386448859361 0.1625904129603 0.0471331048606002 0.018498777494895 0.16533465146435 0.127736522989046 0.0494856007260329 0.185084290262541
0.173746316841455 0.138458993287401 0.114179273318364 0.00710055687498985 0.10619293145649 0.122141107918451 0.0535577583877813 0.116617294048694 0.0767614751022455 0.0912442927641279
0.11000861751253 0.00113125171754926 0.158858179552141 0.0441927429146622 0.0675587155457371 0.173724640258391 0.032285038693164 0.17993264717916 0.0869875404123999 0.145320626214265
0.111904890925997 0.0434063476190881 0.165242833287683 0.158922686496858 0.160975735264216 0.0715458881060225 0.0663733105414347 0.048707216837861 0.00242644647215176 0.170494644448688
0.0634973551195904 0.252782075422434 0.0251061910003142 0.271299487731602 0.0180585847407805 0.0382360013018591 0.000456419841772895 0.265226865955917 0.0432668048848977 0.0220702140008326
0.0199237011479153 0.20027290413913 0.127515978746653 0.124519738212493 0.0168264416783889 0.0379974471325709 0.117701083594387 0.100320538171091 0.0707957046395154 0.184126462537855
0.146761431160943 0.0218413627616298 0.133607640169402 0.0528569713084571 0.117774295609291 0.177126291910928 0.0803348726532017 0.0809860942872152 0.153492855645668 0.0352181844932645
0.0434060557540247 0.128534316563574 0.0637717198108535 0.177697589015753 0.17745396067936 0.0131574978679867 0.0629204534790808 0.0675706780219732 0.0813887248801295 0.184099003927265
0.0212739409117553 0.00674222887699269 0.0368123819769614 0.0927200865040195 0.0477043803673563 0.0545306400331428 0.193829708126184 0.195714051996761 0.143772529888555 0.206900051318272
0.0475527700068229 0.157421660130639 0.031026670315093 0.0541935036011367 0.156655125482664 0.032610104963494 0.0581429595213457 0.155095115574516 0.14311024421498 0.164191846189309
0.103490915517659 0.061315550272001 0.122623523212943 0.133599479716054 0.0213709796746735 0.119189563285553 0.0791934047208264 0.188652195656966 0.109635609093767 0.0609287788495568
0.116029099869961 0.125503386458477 0.0174598028860128 0.166547010309867 0.0955249277181621 0.171861079625822 0.0480361209235759 0.0739346389330171 0.0820299882173702 0.103073945057734
0.08840517766676 0.193070101128196 0.0732005809677063 0.161357909351846 0.0215279861108011 0.136410164629797 0.0953474741805831 0.17152954278355 0.0156227300326054 0.0435283331481553
0.0658393517313178 0.188984857810873 0.0765410304843917 0.196015033733458 0.138856760342288 0.0811158090376101 0.137796169699606 0.0604908198871334 0.0504107988787748 0.0039493683945473
0.0326553158128753 0.0832264280940053 0.0366782786637596 0.171388524072617 0.169276071909613 0.178511971695014 0.116695265501104 0.0472057864170248 0.0586939718579859 0.105668385976001
0.100068035899441 0.133653675308417 0.143210048093936 0.103214477311811 0.020253929753187 0.139368096776254 0.0892027855944832 0.0779685175363532 0.0273664292540817 0.165694004472036
0.19126759649146 0.12316093914867 0.182026137329163 0.00190653950731423 0.0712146536065076 0.0838913549869734 0.0713647305279996 0.0851037329876263 0.108236405572451 0.0818279098418357
0.119987511076394 0.153933568184249 0.00349095974309778 0.210955022781552 0.0519919522168997 0.12284946419156 0.0163452407004148 0.0968061210570437 0.0461120825367771 0.177528077512012
0.045563067250658 0.0720845674482659 0.00680522904433954 0.0540160360602054 0.0572165678409246 0.153985237372627 0.138568947213357 0.199926593139478 0.151116776002899 0.120716978627246
0.105428553059354 0.0483404147667964 0.17105357818309 0.0932429523028401 0.0151325470362926 0.0272992939760828 0.130150681085571 0.127378012953987 0.155107819743145 0.126866146892842
0.115752160233341 0.118035645154398 0.0468737790346596 0.144089386562378 0.169696060010289 0.130984482980063 0.0913937650637648 0.00625893262110187 0.0722908704311466 0.104624917908859
0.019639264866866 0.134663049242276 0.102520064655419 0.146555821413558 0.0103049357280393 0.105913089421366 0.14798561754445 0.145114971000415 0.151930570128282 0.0353726159993298
0.14635841531976 0.172708748175228 0.106838631251801 0.157015703239991 0.0127083497036617 0.0974159911780732 0.00280813119537736 0.14640300175825 0.0146789086673464 0.143064119510512
0.0699318849684377 0.122315974129791 0.0305681503035501 0.146034933336571 0.0677251626327896 0.195034962314871 0.0541177272583248 0.0208714177234855 0.173898695539831 0.119501091792349
0.0663789453210689 0.0933975505948224 0.162162398416025 0.153669607799839 0.114779569552232 0.0536669913142904 0.1185292312503 0.0175775179204948 0.131611719871451 0.0882264679594765
0.214605083539375 0.1282689361457 0.00594216392355485 0.0520433034203196 0.181174923352704 0.0426949806308156 0.0535654179782498 0.0419694732779402 0.215155176426559 0.0645805413047829
0.156113391514067 0.0684257446592764 0.229931880624811 0.143039777934899 0.0449838231514689 0.13601881502025 0.0951924699633702 0.0590864805209496 0.0357453444580632 0.0314622721528456
