0.401571584716729 0.23839108683292 0.148265204128913 0.211772124321438
0.0567429143950865 0.413927707484182 0.372089319880166 0.157240058240565
0.217860124051213 0.212755254251933 0.290841797141613 0.278542824555241
0.306837220619061 0.22873778649348 0.269740415461461 0.194684577425998
0.302755683629567 0.164432527852885 0.258812788593789 0.273998999923758
0.211110111959695 0.361208539095424 0.241161344846741 0.186520004098141
0.253244066116668 0.262724197676946 0.244685137811513 0.239346598394873
0.25882032968666 0.105507476663007 0.257053283530383 0.37861891011995
0.609368532196189 0.134253448769293 0.249434142449984 0.00694387658453372
0.242268152604498 0.270218226484765 0.126499968933687 0.36101365197705
0.371255443219789 0.347731091082883 0.193686669208066 0.0873267964892622
0.365213240101106 0.342319068790623 0.212667216681632 0.0798004744266387
0.0863125191604075 0.382163316460628 0.256440080403565 0.2750840839754
0.450947594197446 0.0315069951415228 0.248884486108153 0.268660924552878
0.27918732645568 0.36982441313407 0.27400467209673 0.0769835883135188
0.0560688041486859 0.539553885565826 0.277688281157232 0.126689029128256
0.177152894675174 0.27821327445649 0.366217686169146 0.17841614469919
0.404906068191104 0.0252228632338326 0.242271650880707 0.327599417694356
0.258717665196893 0.267081476310193 0.307734203168123 0.166466655324791
0.351690652429737 0.331909760230732 0.240697273057743 0.0757023142817879
0.224030968808001 0.341697114456152 0.322599579309355 0.111672337426492
0.241123798222658 0.38575906777759 0.268138779223993 0.104978354775759
0.213102145251361 0.415673093912374 0.139713540928612 0.231511219907653
0.0374062079656808 0.322017764413618 0.215515441944278 0.425060585676424
0.13573064306064 0.440909300494282 0.356529690592074 0.0668303658530053
0.112576913231092 0.300839726226277 0.366777442581893 0.219805917960738
0.156993153323986 0.471717503669296 0.182575408441873 0.188713934564844
0.218350897871751 0.270267024646843 0.129394084156386 0.38198799332502
0.203964297941551 0.329474934996662 0.176856741713681 0.289704025348106
0.070021225030589 0.423746462025039 0.124930634468566 0.381301678475806
0.331901285882305 0.293853803750027 0.144001035026124 0.230243875341544
0.445783817277067 0.326076017004003 0.0936103250642569 0.134529840654673
0.0960562474559956 0.0321984470639703 0.301813969943027 0.569931335537007
0.224007860689668 0.264460205229311 0.186806491746264 0.324725442334757
0.487876845741195 0.00602291952573371 0.0126303644512457 0.493469870281825
0.348869296015451 0.361889401788004 0.233871538076635 0.0553697641199099
0.275618201961903 0.207407683548492 0.339618680147284 0.177355434342322
0.329289310205053 0.0712182431595138 0.355738407944245 0.243754038691188
0.235586068495286 0.297207364682045 0.0916012991422714 0.375605267680397
0.110651979768486 0.375669324130918 0.268194299228163 0.245484396872433
0.017994007638168 0.214920101474286 0.1895474148663 0.577538476021246
0.0713437897702063 0.286372764241922 0.461519312580302 0.180764133407569
0.330543697935245 0.236659853920915 0.336138638703299 0.0966578094405405
0.21737380422172 0.215706970174346 0.316914940582966 0.250004285020969
0.253354224562782 0.291008542195679 0.246278592788427 0.209358640453112
0.168199615775049 0.316718096776 0.190810564070349 0.324271723378602
0.38421052991372 0.20180772005525 0.123210027366522 0.290771722664509
0.204283191569894 0.395952820625071 0.0492153289682959 0.350548658836739
0.0145096147678073 0.333021003514441 0.23219891790117 0.420270463816582
0.142065914370285 0.298305583922008 0.32253711199618 0.237091389711527
0.396618943944269 0.379376983164724 0.00523549749368695 0.21876857539732
0.348204537861448 0.212609770005872 0.17312233775476 0.26606335437792
0.538642835293313 0.116629682617469 0.0928398733817057 0.251887608707512
0.415408718666117 0.22707419238872 0.141115481229234 0.216401607715929
0.234515226156911 0.0610491106127067 0.414463082490395 0.289972580739988
0.395316368633605 0.16207036766039 0.116051280740579 0.326561982965426
0.0609021441483233 0.114823924606981 0.33475372981419 0.489520201430506
0.275671219630021 0.0801222450793981 0.404254104718593 0.239952430571988
0.0389720285166999 0.0812648837051562 0.486391445028712 0.393371642749432
0.286402532240586 0.0141794819162557 0.428575450945327 0.270842534897832
0.153322636565601 0.18940087791673 0.212570995687822 0.444705489829847
0.279839409391429 0.140986829419752 0.40532356848938 0.173850192699438
0.226102055177299 0.0210497523310401 0.247445151752504 0.505403040739157
0.201059347637576 0.265443408844858 0.31262698042853 0.220870263089035
0.353370897415019 0.200630655602977 0.0619626109390736 0.38403583604293
0.534385547215387 0.184638800765183 0.139843462729859 0.14113218928957
0.232591431538019 0.230713771654646 0.322304732843522 0.214390063963812
0.378483728673066 0.434568264550988 0.0846026587860264 0.102345347989919
0.110519644044595 0.129635852449115 0.419909132919296 0.339935370586995
0.276933544606019 0.0191311019847171 0.234677239775864 0.4692581136334
0.196894071966453 0.256709444997956 0.378649940993595 0.167746542041996
0.201914043399249 0.2515871030723 0.357982020563531 0.18851683296492
0.228975491929788 0.140976245949673 0.28705721536147 0.342991046759068
0.161015212804752 0.0931149569364604 0.140432388466456 0.605437441792332
0.409461097656935 0.369317681663852 0.157591065676671 0.0636301550025418
0.00306716815974815 0.277838582453324 0.334990043502021 0.384104205884907
0.227150060010072 0.1933433981007 0.0600177390481744 0.519488802841054
0.321887346590156 0.129563699780753 0.359800575852604 0.188748377776488
0.171534756985361 0.295304527193478 0.222731580530435 0.310429135290726
0.370495050502601 0.135982023135238 0.267586075250319 0.225936851111841
0.227663162560841 0.30960198978469 0.452052527768908 0.0106823198855616
0.425607124054889 0.115488248248499 0.22040131799761 0.238503309699002
0.00642800455619837 0.438172830663416 0.484918681192487 0.0704804835878989
0.252020620524776 0.373003394633758 0.109346029883745 0.265629954957721
0.522225758761873 0.0418017894551349 0.166252637129016 0.269719814653976
0.0813759117407682 0.304898455649347 0.183351265928384 0.430374366681502
0.453092587632522 0.116840633818316 0.179948112829127 0.250118665720035
0.415559318063977 0.0621316206138127 0.235405260153465 0.286903801168745
0.127658424036146 0.358363753840864 0.194353028624732 0.319624793498257
0.101555758841163 0.29962739555248 0.483728915421267 0.11508793018509
0.281350612635049 0.168063813505531 0.387901538306112 0.162684035553308
0.248376684241603 0.362441992287625 0.311780691578107 0.0774006318926645
0.295803013081531 0.221150327167445 0.177300024950329 0.305746634800696
0.221667935041845 0.286622030770768 0.0580512355981549 0.433658798589232
0.427631371334044 0.382565044199622 0.0849886973105731 0.10481488715576
0.109181642720449 0.542325896324666 0.103926345044917 0.244566115909968
0.443323829816704 0.0432993959044996 0.290352457844323 0.223024316434473
0.451409069207331 0.254048517687921 0.0561698264146662 0.238372586690082
0.214845730585577 0.326458854529424 0.301543897945304 0.157151516939695
0.0341448519921063 0.338129238525761 0.382168831881956 0.245557077600177
0.35315711307772 0.209032334821646 0.142944290962577 0.294866261138057
0.509906437598099 0.351616034758066 0.00094215960259277 0.137535368041241
0.173577070451823 0.3658665142367 0.183245863817929 0.277310551493549
0.483391968236436 0.0910071741053179 0.200164838271183 0.225436019387064
0.241956332136499 0.120672978697742 0.562316443785696 0.075054245380063
0.127044624604581 0.31397420638545 0.514482737606758 0.0444984314032114
0.0419134735212586 0.404461432140621 0.306810409595463 0.246814684742658
0.00815630687713843 0.355483601474154 0.386437981981159 0.249922109667548
0.193523991315712 0.0676862984369037 0.411178237924087 0.327611472323298
0.448468461758881 0.166047061674454 0.0444142193177002 0.341070257248964
0.28844630514216 0.223682922862719 0.232547990310189 0.255322781684932
0.260599622857405 0.301397428326078 0.140149438969354 0.297853509847163
0.258855200520671 0.0981392654258047 0.289574448613786 0.353431085439739
0.47639747973184 0.159189050766901 0.266547236725553 0.0978662327757058
0.411879021376042 0.349474459103333 0.13965806785096 0.0989884516696651
0.378632555089106 0.404707055689751 0.0469449898234724 0.16971539939767
0.0228601308976307 0.436727569184966 0.531975941479707 0.00843635843769628
0.215039497149489 0.359336245053326 0.20773262408912 0.217891633708065
0.0190585095726399 0.762799710817019 0.138318630990643 0.0798231486196979
0.224474634630086 0.0104000439662588 0.324669431802709 0.440455889600946
0.0118018823213562 0.173931877817116 0.345177860403867 0.469088379457661
0.0835412334587482 0.350203467055959 0.336889438487991 0.229365860997302
0.375615737071017 0.233645798982611 0.0405436036677699 0.350194860278602
0.362744630610572 0.36672617956396 0.134390215431805 0.136138974393664
0.166631240288099 0.308570252737219 0.265938510264285 0.258859996710397
0.435311903779959 0.266651420936972 0.240581766912472 0.0574549083705981
0.346382809254021 0.0924329334823651 0.246799634229894 0.31438462303372
0.338437438286369 0.143373642172217 0.176465478459258 0.341723441082156
0.488580823148097 0.290145886769462 0.212810610504627 0.00846267957781372
0.153305876661327 0.264719418846048 0.282945350764012 0.299029353728612
0.164860609881549 0.334463051401064 0.183899628301804 0.316776710415583
0.432831403466353 0.0251353337423066 0.0814355770037 0.460597685787641
0.149533776509896 0.469690655487866 0.156141627966047 0.224633940036191
0.0295237088221536 0.220061770872831 0.494750915863686 0.255663604441329
0.234393178309957 0.235566388870565 0.299550289478483 0.230490143340996
0.607299345294238 0.19371259780044 0.0237348692552308 0.175253187650091
0.0241596136022317 0.131952532137014 0.585333500824129 0.258554353436625
0.133129070170066 0.414523187135335 0.309828717533577 0.142519025161022
0.273528309197933 0.0715889263322987 0.136782885630977 0.518099878838792
0.0956129903156552 0.401423161754563 0.253339643409649 0.249624204520133
0.61666519256806 0.091890159935747 0.25742508360774 0.0340195638884526
0.175209532349229 0.112884480803291 0.263365560219404 0.448540426628077
0.267754930854046 0.272128582171561 0.119581131043864 0.340535355930528
0.0653504056128503 0.386396684540051 0.181127929912366 0.367124979934733
0.333197316174606 0.213297690138669 0.381637852721143 0.0718671409655828
0.103400395937283 0.291075055301043 0.256832004520467 0.348692544241206
0.088991780832814 0.331286625609387 0.505738031051042 0.0739835625067579
0.115930233322033 0.352963231677223 0.149603538145422 0.381502996855322
0.353484972920942 0.408520947673269 0.190209543588453 0.0477845358173366
0.384291983932279 0.146560513588355 0.0636798734618077 0.405467629017558
0.114917283632305 0.242390161669587 0.306830337926534 0.335862216771574
0.0493779670264926 0.56687515685913 0.0389001794182174 0.34484669669616
0.22923473254152 0.3197906102187 0.105227406574611 0.345747250665169
0.230741726499033 0.087170525754226 0.11332333512029 0.568764412626451
0.371779203295031 0.307264795908333 0.295559898884527 0.0253961019121087
0.0403698076841754 0.352366176602179 0.490502660309506 0.11676135540414
0.424987694415678 0.155502324004854 0.157513527708641 0.261996453870828
0.0558888390027819 0.488877204433564 0.390852136326609 0.0643818202370453
0.283115797185954 0.186507209822021 0.262560111427481 0.267816881564544
0.316449915793893 0.284100492939991 0.266968901105595 0.132480690160521
0.000213124251883491 0.424454239292052 0.251068913771337 0.324263722684728
0.118812273429868 0.156650196198305 0.587155358305832 0.137382172065995
0.121481406876543 0.0869093226105234 0.411388154885705 0.380221115627228
0.359782521886248 0.326589806794618 0.203011752892452 0.110615918426682
0.402589334028023 0.254474914687646 0.0127172567020093 0.330218494582321
0.273623908091655 0.250424995679084 0.180943301872185 0.295007794357076
0.0130630913347253 0.340188687040948 0.166830001631138 0.479918219993188
0.30459858931344 0.228641907570702 0.299736796103017 0.16702270701284
0.255346118771119 0.242129168381607 0.272266487992071 0.230258224855203
0.088073361717318 0.295702986903171 0.24758126423897 0.368642387140541
0.320393035286341 0.315432488464193 0.267386308203833 0.0967881680456323
0.184241524639867 0.250067204979295 0.363811013921025 0.201880256459814
0.0514462119148622 0.311767928090521 0.310835162030241 0.325950697964376
0.294502126099747 0.391691354380868 0.0900188409175799 0.223787678601805
0.215667004685811 0.429040747144141 0.266006626747494 0.0892856214225541
0.271211989688685 0.298639894402293 0.318640371887163 0.111507744021859
0.10328519269401 0.106053863759801 0.398312507606063 0.392348435940126
0.362145940001826 0.281517625941294 0.0897699410838826 0.266566492972997
0.177314679811631 0.242740019760559 0.210561985255028 0.369383315172783
0.0920806542659154 0.584540246467822 0.269326155363855 0.054052943902407
0.313312155678044 0.300114356111181 0.199536075636066 0.187037412574709
0.556002534165786 0.019607391828383 0.288734999933393 0.135655074072438
0.326968061703064 0.328562478414241 0.0962218301418841 0.248247629740811
0.0572755477040249 0.478779661596626 0.169458316653487 0.294486474045862
0.124419281046531 0.354503927074915 0.291422788172828 0.229654003705726
0.297905111486502 0.0849015708291166 0.3154983823651 0.301694935319281
0.438873731021886 0.0633346573207479 0.444866508996429 0.0529251026609366
0.11319861863322 0.35428677894733 0.405455528698839 0.127059073720611
0.354065558426457 0.289754823910987 0.354984386778853 0.0011952308837027
0.345945424235187 0.216421151952323 0.419629410783317 0.0180040130291727
0.220032493818806 0.493993770597388 0.130668525283776 0.15530521030003
0.31843400633546 0.456521364303332 0.0107791098431395 0.214265519518069
0.0293190527293461 0.0914103529457578 0.229530978500794 0.649739615824102
0.273285400187109 0.0520970753993198 0.237405496810955 0.437212027602616
0.371556493563425 0.153984413436319 0.363141659477737 0.111317433522518
0.18042060164701 0.418569955158102 0.311206543189076 0.0898029000058115
0.342922283160338 0.278789334447994 0.177462270226469 0.200826112165199
0.320025017902649 0.312474844929123 0.261050067570267 0.106450069597961
0.0454619768044757 0.266420756807409 0.286537754926092 0.401579511462023
0.158540011144315 0.316149085232317 0.168768313549323 0.356542590074044
0.0798926433993151 0.223184444970515 0.308733826113215 0.388189085516955
0.117511820396491 0.187047884344311 0.314023541208641 0.381416754050557
0.45340333720997 0.0329263433447817 0.352478319619185 0.161191999826064
0.3344604469293 0.165153634456024 0.122452372784046 0.37793354583063
0.231625908028294 0.138207726163641 0.304276643014529 0.325889722793536
0.148400769394154 0.241109529569845 0.0112588344797382 0.599230866556263
0.444132287978629 0.187704549245911 0.266204286899367 0.101958875876092
0.722033628457286 0.00461724483679108 0.268106623558065 0.0052425031478576
0.344890491601274 0.163826048585274 0.251455557451993 0.239827902361459
0.124648093208111 0.245654202517738 0.0839322205278599 0.545765483746291
0.247206161486652 0.211331097978491 0.281643106040165 0.259819634494692
0.451945896730198 0.0891869635539893 0.442382146108077 0.0164849936077357
0.303873370344005 0.100349334957488 0.443861877025363 0.151915417673145
0.023052345765926 0.365108894808822 0.304294775326391 0.30754398409886
0.233672016219881 0.341566687881131 0.201731750189669 0.223029545709318
0.336469066807745 0.382799135483903 0.280296435985243 0.000435361723109255
0.299028377902739 0.331221475987903 0.0930249004284819 0.276725245680877
0.0636970179177437 0.309968956470348 0.231380057105974 0.394953968505934
0.692523004435938 0.0520533024545595 0.137638546011868 0.117785147097634
0.513366771085967 0.162889307410553 0.317367474726828 0.00637644677665154
0.240919845137943 0.299183146544758 0.352761074095154 0.107135934222145
0.36036091735636 0.113108954208363 0.281166353685811 0.245363774749466
0.358290181588352 0.0699410559785979 0.169630150521392 0.402138611911659
0.335615058961432 0.112175089790464 0.265601955645726 0.286607895602378
0.0126388131543277 0.360521831520687 0.00384954070104128 0.622989814623944
0.276853484222508 0.240625099792835 0.174312541138333 0.308208874846325
0.522826819853493 0.281681787717167 0.0647074845772328 0.130783907852107
0.386688856779206 0.40732105824336 0.134498335565713 0.0714917494117211
0.0846799057187104 0.247520951567078 0.300012317025427 0.367786825688785
0.0332659840619639 0.341313834490664 0.29643053088271 0.328989650564662
0.358658093187807 0.249685621233746 0.141124165468246 0.250532120110202
0.168463902407384 0.125318917139909 0.189264237137589 0.516952943315118
0.0972769808425766 0.274399112128785 0.507290420648545 0.121033486380093
0.291454813342289 0.111951786886199 0.295609960975362 0.30098343879615
0.292561472797219 0.348407036630649 0.213011392903127 0.146020097669005
0.190142999977344 0.249788632864032 0.21959085495818 0.340477512200444
0.384499632771329 0.244732786711526 0.129454069662624 0.24131351085452
0.40652196099058 0.340198360855358 0.133725789889543 0.119553888264519
0.103727128415939 0.323033631283937 0.371789035746666 0.201450204553458
0.427726865190317 0.0723292620834046 0.448700944140805 0.0512429285854725
0.290464639404056 0.300540446295965 0.0264198322209626 0.382575082079017
0.597032002496268 0.205636596120337 0.190223601407719 0.00710779997567521
0.249504614377638 0.0742766212807312 0.219608544944099 0.456610219397532
0.281201806171946 0.168721044481221 0.261733292172938 0.288343857173895
0.272227381516149 0.0967534718280329 0.472601866440748 0.15841728021507
0.0298503148380259 0.211943774658429 0.267895628436091 0.490310282067454
0.572622716625574 0.154983155455679 0.125705120387856 0.146689007530891
0.0550648271664723 0.102519901956998 0.70243661609924 0.13997865477729
0.237410973739115 0.304423479588493 0.205813895030014 0.252351651642378
0.283759070472732 0.144603370317175 0.29365816908753 0.277979390122563
0.274171731482479 0.101055169619283 0.45421420760427 0.170558891293968
0.151599367214565 0.361803626245828 0.169303585766835 0.317293420772772
0.553349782907422 0.328830597005143 0.0778741619371436 0.0399454581502915
0.322100753014258 0.228248350808498 0.112058108426652 0.337592787750591
0.344881301578009 0.335023548247887 0.269001063057227 0.0510940871168771
0.155167638801712 0.368689637553686 0.0909629100958357 0.385179813548766
0.443315070418036 0.414340295134747 0.106956466212021 0.0353881682351962
0.108133332450003 0.472781493469799 0.271255574619911 0.147829599460287
0.029169467446881 0.45896677478237 0.111117763704891 0.400745994065858
0.0089136822813412 0.538779277821937 0.0633376027422553 0.388969437154466
0.0922069565632735 0.331014624028575 0.0420804601358458 0.534697959272306
0.290314790020039 0.240909896122367 0.229663061405897 0.239112252451697
0.423151067118035 0.171694255392399 0.359842078777749 0.0453125987118174
0.201336716824495 0.325817414191333 0.197611252537807 0.275234616446365
0.00210366198565964 0.16735507496242 0.431759326984396 0.398781936067524
0.306897077797483 0.273742134290473 0.332790713167154 0.0865700747448899
0.270501589613347 0.0749062957181111 0.204790855664636 0.449801259003906
0.305038833343868 0.108158537383879 0.29972520291662 0.287077426355632
0.451664230118944 0.166513010480962 0.308417837078056 0.0734049223220381
0.1478945172184 0.317192521404373 0.233858943560386 0.301054017816841
0.374984656276437 0.491391798758754 0.132712841819253 0.000910703145556616
0.152958666397649 0.3643716959561 0.308558712575248 0.174110925071003
0.285778493292118 0.164920696527258 0.25512939569182 0.294171414488805
0.0199281217359758 0.383787839840412 0.409646262441689 0.186637775981923
0.279067736284076 0.0858208265329556 0.328560115148379 0.306551322034589
0.258425545646196 0.394114571576115 0.062671390305194 0.284788492472495
0.33870825134565 0.0490633201412055 0.130415793412691 0.481812635100454
0.218527626956883 0.251729225893747 0.303879756290527 0.225863390858842
0.337124539576094 0.316967470643167 0.0910287156359445 0.254879274144794
0.374653206510001 0.208106083895165 0.0726630742865204 0.344577635308313
0.136626676218494 0.273342895557085 0.404183360758797 0.185847067465625
0.294071577879071 0.307139876534077 0.273807363537885 0.124981182048967
0.316281553985682 0.0405614545076973 0.242804978121769 0.400352013384851
0.272285666703173 0.413573813283406 0.0315726293142942 0.282567890699128
0.216301606070538 0.339994475624505 0.167977068353161 0.275726849951795
0.0261054463074045 0.237704443653443 0.439433604062013 0.29675650597714
0.0504642618541903 0.230071643422711 0.383793006009406 0.335671088713692
0.0464745504933079 0.4879018467501 0.311112143913123 0.154511458843468
0.218213722595991 0.378774330525309 0.275001748286957 0.128010198591744
0.350411666432017 0.333471459008642 0.227830584395962 0.0882862901633801
0.0854852046220946 0.177034996899287 0.389998557613295 0.347481240865324
0.187834500123177 0.281714209694138 0.283829346907013 0.246621943275671
0.222719344296434 0.256791660156869 0.150494836697737 0.36999415884896
0.152409567804127 0.187065232896574 0.27457738062516 0.38594781867414
0.343457544003948 0.444082094066747 0.158276184398061 0.054184177531243
0.183119119221927 0.504843832807379 0.095546873587527 0.216490174383167
0.221872537426354 0.0568500778510899 0.670681940109423 0.0505954446131335
0.329057253191398 0.210373768151576 0.243968111895796 0.216600866761231
0.334203365382369 0.29237945085961 0.0560537193355964 0.317363464422425
0.319411732741783 0.620815514234083 0.0227789664858286 0.0369937865383055
0.261046083222002 0.155212715592363 0.383760686674451 0.199980514511184
0.314771977736664 0.254479975975387 0.313674952831817 0.117073093456133
0.188009159515754 0.21679168749599 0.1345511199377 0.460648033050556
0.219821826006003 0.391836616082516 0.218297832015349 0.170043725896132
0.206018048448928 0.328969508009631 0.106485939376662 0.358526504164779
0.0465780621510513 0.433464947374244 0.117130175085913 0.402826815388792
0.527350825591764 0.0331792883764165 0.221723721955189 0.21774616407663
0.209739904867284 0.734660791093988 0.0118577446837965 0.0437415593549321
0.129798746245225 0.244664378030763 0.568440619773885 0.0570962559501262
0.144907502761684 0.509646831035797 0.230640494827146 0.114805171375373
0.291645827936689 0.17337577762074 0.313266058671416 0.221712335771155
0.463032148257583 0.0731974591122862 0.35306850564057 0.110701886989561
0.308410326244117 0.0906014869518534 0.411733787949822 0.189254398854208
0.324584544702357 0.140086503041146 0.216473789775558 0.318855162480939
0.192900052487759 0.365247649589345 0.0466388453993892 0.395213452523507
0.411322547786041 0.0284987211108931 0.29003032117489 0.270148409928175
0.220721210286102 0.495776253404175 0.235180641412793 0.0483218948969308
0.373990236669589 0.27691402657994 0.332407207366575 0.0166885293838963
0.0967274847118453 0.246154223021541 0.0832194793685223 0.573898812898091
0.119054516497094 0.347485354170157 0.40278774949973 0.130672379833019
0.125397845510525 0.0281811776370791 0.536246196387818 0.310174780464578
0.251002818428756 0.125753489088098 0.311246450693398 0.311997241789748
0.372172502384096 0.0533576648167411 0.322286156778732 0.252183676020431
0.15385729498676 0.291245042718059 0.436037184673052 0.118860477622129
0.217380446898585 0.35975361094251 0.104339561593674 0.318526380565232
0.00639617284065325 0.365743448589732 0.442913389107494 0.184946989462121
0.311895873600213 0.350117078991791 0.282017427030419 0.0559696203775774
0.224458732182236 0.36740811758004 0.364928942852086 0.043204207385638
0.113883248511567 0.483830521879596 0.0044224856525933 0.397863743956243
0.349870927901066 0.133736590161962 0.155278129644803 0.361114352292169
0.329192721154238 0.177645284317139 0.24874045866022 0.244421535868403
0.324845902583587 0.282195157541452 0.260275416886741 0.13268352298822
0.267260762267605 0.160347090190019 0.160604026743933 0.411788120798443
0.375715493147155 0.110587444644982 0.180190008886289 0.333507053321574
0.33483157587785 0.13245286040543 0.201570741423984 0.331144822292736
0.352460127754098 0.259731760369172 0.0160163737124635 0.371791738164266
0.323335472850213 0.400601734647583 0.243714883198907 0.0323479093032966
0.233366855753881 0.155999086557189 0.361916663899169 0.248717393789761
0.157766940771482 0.0766696239397452 0.426234625494685 0.339328809794088
0.29810786639406 0.144973935383013 0.261959806585363 0.294958391637564
0.0790777890595543 0.39090895095157 0.330226102892833 0.199787157096043
0.334544219569245 0.205578756154734 0.371333274934243 0.0885437493417781
0.185855424551037 0.428828802795158 0.311386431690529 0.0739293409632768
0.320408073433558 0.00608422127940448 0.410676837755742 0.262830867531295
0.194874410920688 0.190638140336885 0.26498494280611 0.349502505936316
0.330029601453655 0.0989244144209433 0.331343375625912 0.23970260849949
0.090661279001847 0.303825309547162 0.287855973382279 0.317657438068712
0.330664703164136 0.458800245830539 0.176171233377471 0.0343638176278534
0.248356177481104 0.306352359220704 0.185127130620621 0.260164332677571
0.76202071158699 0.00374670307665379 0.140707081773026 0.09352550356333
0.0786924226081382 0.354500914786794 0.325884840136716 0.240921822468352
0.0748244751659222 0.243922630784666 0.35771772099356 0.323535173055851
0.365163080502224 0.0321311156413898 0.415737959423525 0.186967844432861
0.119605737149 0.368025047652504 0.32232996987715 0.190039245321346
0.0285984752713765 0.434068403396938 0.121181530650683 0.416151590681003
0.210872550075854 0.266798406437121 0.37177597613893 0.150553067348095
0.157496585787412 0.0930384711058306 0.327441392030826 0.42202355107593
0.303361396231699 0.175637871150982 0.244765468074282 0.276235264543037
0.198466741382521 0.450006680352999 0.31557257060935 0.0359540076551294
0.330897294429136 0.311240884602661 0.271207384875631 0.0866544360925725
0.279484143291506 0.168658847086599 0.3628721401403 0.188984869481595
0.215427779212954 0.362047926595704 0.187149061401243 0.235375232790099
0.0354554890609067 0.0392932542331658 0.616879093534583 0.308372163171345
0.264115947041634 0.22164242067721 0.364898353962018 0.149343278319138
0.315425212160131 0.331495001926841 0.104326732305736 0.248753053607292
0.194611985435392 0.245183380582964 0.342252609230446 0.217952024751198
0.205017958009256 0.210866017395401 0.282556918715716 0.301559105879627
0.327569175992378 0.121520725963963 0.466026111411038 0.0848839866326208
0.083167552956327 0.451841206472021 0.382675111630902 0.0823161289407495
0.160893784363344 0.271486200031596 0.246894093905978 0.320725921699082
0.351986651435418 0.145234576888775 0.278383221052331 0.224395550623476
0.235041332088425 0.481641519748883 0.207291243940398 0.0760259042222931
0.185319380109916 0.375024051225406 0.339133244482015 0.100523324182664
0.17646809813428 0.10091741870733 0.222045162741616 0.500569320416775
0.158127754638516 0.465690563618783 0.106271797524168 0.269909884218533
0.172348723400788 0.323576256722935 0.11722541229255 0.386849607583727
0.0732286695206856 0.290471068949741 0.26758481965841 0.368715441871163
0.581094575054292 0.330229629886236 0.0847828127445782 0.00389298231489455
0.291647033753508 0.109178706371707 0.331196247736984 0.267978012137801
0.05892263374347 0.162512293187967 0.0473114001392561 0.731253672929307
0.0380372554701364 0.165732734613965 0.397371166107174 0.398858843808724
0.412281663308503 0.238003716911827 0.154758806787723 0.194955812991947
0.0517952188842078 0.118942284926811 0.323090741072078 0.506171755116903
0.331679828380185 0.246007122286265 0.203578125720276 0.218734923613275
0.316524846976468 0.202766641191086 0.271822169511503 0.208886342320943
0.458708065623193 0.0493856720046282 0.346387972491528 0.14551828988065
0.266861838348824 0.195838224176135 0.333045548050561 0.20425438942448
0.194374801150167 0.364624966961916 0.320395995578162 0.120604236309755
0.366387369629494 0.0344465205786612 0.384947077812282 0.214219031979562
0.339974355106618 0.0564527220409843 0.275561948608774 0.328010974243624
0.443271047144545 0.333939971119095 0.0428035322849686 0.179985449451391
0.148526714669557 0.266267369012055 0.254682177735434 0.330523738582954
0.499804165152534 0.270545701847343 0.0080082863097951 0.221641846690328
0.436799394809345 0.253853632866746 0.0845795546186388 0.22476741770527
0.315600231703892 0.221431408192656 0.290266800342545 0.172701559760907
0.386685593987545 0.463533226276534 0.017925674992771 0.13185550474315
0.221521365645388 0.208048672222735 0.261565712401167 0.30886424973071
0.282380666712888 0.179137575004013 0.190913451742219 0.34756830654088
0.104958127077409 0.241080535443331 0.539364321905872 0.114597015573388
0.210150487654406 0.184375047081258 0.191914792798751 0.413559672465584
0.302721855997385 0.164545214278812 0.512392413062124 0.0203405166616789
0.463673958359058 0.287400120112532 0.112866885843696 0.136059035684714
0.36745627025112 0.144610045143628 0.315060402140553 0.172873282464699
0.384882424054473 0.296346801987579 0.00325280895387527 0.315517965004072
0.174303256319162 0.237635501081918 0.321856770012451 0.266204472586469
0.383232444881175 0.0142617539563446 0.370116388626729 0.232389412535751
0.330685995322313 0.254939154270186 0.0389625069110176 0.375412343496483
0.365476464345272 0.267219860858584 0.330532417004858 0.0367712577912865
0.32974337628273 0.079351823263553 0.195405409530872 0.395499390922846
0.267274603746466 0.283261144928729 0.279089134777057 0.170375116547748
0.138377053022379 0.0542142725964698 0.434819403012212 0.372589271368939
0.574111694614925 0.0879586244958701 0.115717631009359 0.222212049879846
0.121973373793805 0.297560163910078 0.359553818334702 0.220912643961415
0.319688268786873 0.0832449934558803 0.103443102762258 0.493623634994989
0.0868380546870485 0.313335675084781 0.241818533364486 0.358007736863685
0.16288448912469 0.138685446460418 0.290063723902555 0.408366340512338
0.35794144703031 0.283999472697249 0.295255062585783 0.0628040176866581
0.325220139634861 0.336357732848266 0.013131134989476 0.325290992527397
0.261226825229084 0.310433070676021 0.236745395144253 0.191594708950642
0.190796030034623 0.331883814390315 0.0569813687835752 0.420338786791486
0.439540092775042 0.0835852284232167 0.0453678226582364 0.431506856143504
0.334413478062186 0.363030293150351 0.231594964082546 0.0709612647049178
0.0898411091144813 0.441832292944323 0.0108767272154916 0.457449870725704
0.39894520941684 0.145255106696454 0.083903315837602 0.371896368049103
0.282144219768614 0.148010067843995 0.293929217449872 0.275916494937519
0.090215882517113 0.267450896998721 0.0983396351121541 0.543993585372012
0.254282359480652 0.163891313668855 0.225043049822734 0.356783277027759
0.450758152947714 0.0485557502708728 0.465747447892298 0.0349386488891148
0.205627924222573 0.270467938422219 0.105190790470745 0.418713346884462
0.494096981416782 0.190204474075057 0.206798126781146 0.108900417727015
0.15326684353083 0.1694394203383 0.323056151833313 0.354237584297557
0.247225692798537 0.247793132789939 0.212629836137272 0.292351338274252
0.601409261960851 0.0376977086757195 0.0583491152104516 0.302543914152977
0.0656582364444709 0.37798598430545 0.451859430079601 0.104496349170478
0.244715572744631 0.157605268062324 0.0276589153861218 0.570020243806923
0.106281703287816 0.0603932453974773 0.335256989481459 0.498068061833248
0.271104025981996 0.467427194101183 0.0136161642553733 0.247852615661448
0.231046510240282 0.191014392897631 0.206159931525698 0.371779165336389
0.0652239130245081 0.755402206452996 0.176304357562708 0.00306952295978848
0.417686616958515 0.464683750435113 0.111659481787009 0.00597015081936205
0.157413863022992 0.00116593995378033 0.388190822760781 0.453229374262446
0.125111186402657 0.407419910210574 0.0348805297579678 0.432588373628801
0.137101196220096 0.0989897278179552 0.466591321039294 0.297317754922654
0.15075013991171 0.507959242856535 0.134800172973891 0.206490444257864
0.124621867005244 0.287923703299078 0.293813195256566 0.293641234439113
0.624670198759961 0.171022332952512 0.0123881614254624 0.191919306862064
0.283870671047214 0.0444523715037957 0.427021979399206 0.244654978049784
0.0266700758793919 0.147824078516478 0.372445284883953 0.453060560720177
0.275113108493644 0.277496736996195 0.158602155063359 0.288787999446802
0.270843511298029 0.356129376870772 0.255597429984612 0.117429681846588
0.259985359102055 0.36970590202608 0.256689644597072 0.113619094274793
0.197869080148932 0.149556163868438 0.204213567991053 0.448361187991577
0.235624997999927 0.271272289072659 0.265134210262292 0.227968502665122
0.555858057507728 0.0873234245493695 0.199665180233102 0.157153337709801
0.234984762244157 0.360101245465427 0.241481691551526 0.16343230073889
0.300387904493548 0.428886839664433 0.0961991730412941 0.174526082800725
0.0562938734336321 0.647280104182052 0.068155719507923 0.228270302876393
0.128087224764517 0.32150641121001 0.125568313821451 0.424838050204022
0.0846745342456796 0.0161569066899673 0.357260345870258 0.541908213194096
0.392987543228386 0.0923771737812216 0.102499532145698 0.412135750844695
0.160653298660772 0.136212320271465 0.378856044072535 0.324278336995228
0.363015881750502 0.480351785082447 0.117705080964379 0.0389272522026716
0.0250907502108766 0.577726982271512 0.123019009820464 0.274163257697147
0.199077262329053 0.387539776790378 0.382022174411229 0.0313607864693392
0.099922386447633 0.464082528007127 0.217294711901339 0.2187003736439
0.355118009012219 0.22397435120476 0.070001934278451 0.35090570550457
0.318253005435211 0.147670908367598 0.249082625825361 0.284993460371829
0.352017554677486 0.300557196142764 0.291288052809152 0.0561371963705979
0.130062339080817 0.455065194916399 0.164097388701617 0.250775077301167
0.220778288680493 0.137397150666546 0.378074283148796 0.263750277504165
0.184759302708218 0.408737493443372 0.377903611395885 0.0285995924525243
0.0781048551767839 0.43623770571213 0.0648621026912386 0.420795336419847
0.321799789329813 0.184612382387299 0.229899886796521 0.263687941486366
0.239452164444698 0.620406122960822 0.123160075264228 0.0169816373302528
0.156376543158814 0.438662089117965 0.257026352077861 0.147935015645359
0.122292045520523 0.234088667552701 0.286677001983339 0.356942284943436
0.176844867269475 0.431847652321861 0.180249945843746 0.211057534564918
0.29582706334469 0.546860928888674 0.112585792340726 0.0447262154259098
0.29544642960399 0.352663554769411 0.312312111825957 0.0395779038006418
0.352217054939579 0.245337452313677 0.29687149753612 0.105573995210625
0.232381047892207 0.250905492112082 0.00388108924040749 0.512832370755303
0.127225306119235 0.422897936407231 0.163346566272927 0.286530191200607
0.324382056823859 0.172278323460902 0.26612518827155 0.237214431443689
0.058380237598299 0.4994372495346 0.429592823814163 0.012589689052938
0.204107303322018 0.327472516698018 0.282223321149575 0.18619685883039
0.255729783926379 0.302462706225476 0.164869848064058 0.276937661784087
0.207345774561831 0.104155577113749 0.465465452012941 0.223033196311478
0.466206233108609 0.0771029004388821 0.0537984314014267 0.402892435051082
0.349603454696282 0.111578406863851 0.337196064873451 0.201622073566415
0.0362265896651817 0.353771942147989 0.373941917729777 0.236059550457053
0.229070352163301 0.0268365245161083 0.416787319068751 0.32730580425184
0.269549926063624 0.469670541109225 0.192636263627306 0.0681432691998452
0.025291974299542 0.0135676495403579 0.772620050171939 0.188520325988161
0.0614145049468971 0.470253893027389 0.395086272454127 0.0732453295715879
0.0841649468290506 0.554113165009986 0.296523156413717 0.0651987317472466
0.245171032874649 0.346655310392387 0.195795471501178 0.212378185231786
0.362068104912638 0.272948610262186 0.306654076773769 0.058329208051407
0.00859994851661312 0.277343728524711 0.505008617210471 0.209047705748204
0.374472763880078 0.251262765110996 0.223175647876646 0.15108882313228
0.273566441292974 0.207074950815856 0.19757467514349 0.32178393274768
0.404209014728523 0.132392371140474 0.273231791443675 0.190166822687328
0.245074525774424 0.15070235967382 0.196468500063961 0.407754614487795
0.429197557059365 0.227043524248237 0.0752560144021055 0.268502904290293
0.0433957793814094 0.65813699663728 0.192451762952876 0.106015461028435
0.0847024415753571 0.38386854289729 0.423351987059936 0.108077028467418
0.344714249993073 0.0356502357298789 0.490183604061786 0.129451910215262
0.341687710673418 0.304721276490079 0.100339388105312 0.25325162473119
0.413343383544273 0.0184462618049311 0.432841854557982 0.135368500092813
0.24566906682697 0.387176259285385 0.044171152771108 0.322983521116537
0.319693980511052 0.160108639177271 0.183957440216593 0.336239940095084
0.33255012095967 0.16424512910434 0.199068561710148 0.304136188225843
0.226816237450844 0.387879687414409 0.0956590410789755 0.289645034055771
0.362133875379448 0.416955997711236 0.0653801766730686 0.155529950236247
0.131083688582272 0.222606272565935 0.275020671329822 0.371289367521971
0.357518302018567 0.402335529711918 0.193873242505105 0.0462729257644104
0.0387046320226519 0.325561489767773 0.179783906296679 0.455949971912896
0.31246680752593 0.205426589561325 0.20683481928288 0.275271783629865
0.435449632348992 0.182549775887482 0.378873538701719 0.00312705306180724
0.0474160853711078 0.190584141911388 0.216006743953711 0.545993028763793
0.502057870247051 0.250741455249477 0.118825632702047 0.128375041801424
0.481624074045485 0.224098528193554 0.227489432913164 0.0667879648477965
0.40389836700171 0.364682508387887 0.058618708194186 0.172800416416217
0.236019397454705 0.347785409592448 0.153439100548869 0.262756092403979
0.23134379121517 0.380522594868274 0.205598456393799 0.182535157522756
0.0559654984406934 0.494552381853052 0.117800753142172 0.331681366564083
0.390233498136495 0.195989599941572 0.337153661052874 0.0766232408690584
0.537915361510634 0.164443027957276 0.0216654214876191 0.275976189044471
0.550595804401511 0.028896577579877 0.165024007685456 0.255483610333155
0.0777542360380219 0.560627378015099 0.301095208817187 0.0605231771296923
0.0469634305498478 0.381887809768433 0.368086012155442 0.203062747526277
0.24995347737736 0.224325895120171 0.51431847869749 0.0114021488049789
0.0659100509115079 0.769433244735718 0.133765378701479 0.0308913256512953
0.211537290159127 0.1114166576247 0.324801574588502 0.352244477627671
0.665585487408019 0.0275643822921539 0.126874727396254 0.179975402903574
0.266642593424175 0.587314801569063 0.142747990942826 0.00329461406393685
0.172616424376973 0.187108832516918 0.451707088313858 0.188567654792252
0.315984880185701 0.179766590231346 0.308721321032173 0.195527208550779
0.285969266862178 0.200868712860788 0.238669825130631 0.274492195146403
0.0883966497912694 0.174189292044721 0.519779972979758 0.217634085184252
0.0855047745725755 0.148440848862763 0.332162737880326 0.433891638684336
0.0569629966360171 0.308372286355528 0.291900069233556 0.342764647774899
0.184079389506681 0.692312589881456 0.0469488597127517 0.0766591608991115
0.341826456380498 0.234528120561087 0.304493438989502 0.119151984068913
0.241695908747094 0.160111452355689 0.341678967661688 0.256513671235528
0.221870973299003 0.353553185981338 0.227594903737554 0.196980936982105
0.56101313145611 0.236273153689101 0.199067022703145 0.00364669215164471
0.398114780036497 0.142019116413605 0.154346559690165 0.305519543859733
0.447927796349507 0.0876640134003345 0.281225338950048 0.183182851300111
0.205476618757913 0.0226813421997054 0.315417055316442 0.45642498372594
0.260576664893418 0.0412591402043246 0.353286156043358 0.3448780388589
0.170735270311372 0.38823523757088 0.323093684239665 0.117935807878083
0.394440049601886 0.321554593132984 0.237358006466573 0.0466473507985564
0.271785267892272 0.402980795936556 0.192885659265707 0.132348276905464
