0.17433253610523 0.248827588036187 0.252550007651886 0.324289868206696
0.26902680510595 0.225758345971686 0.249311451594758 0.255903397327606
0.221658138311598 0.215798669750748 0.126025143343978 0.436518048593676
0.488540979544771 0.378214190676292 0.056913828378233 0.0763310014007044
0.379089136077303 0.220993454048163 0.154972199619293 0.244945210255241
0.0294723962018326 0.434263944794432 0.054018532243999 0.482245126759736
0.10809244929567 0.263072343463684 0.256888622527428 0.371946584713218
0.321937546526553 0.0927947706576496 0.308106524671183 0.277161158144614
0.192010332533573 0.207701376455987 0.254388182632205 0.345900108378236
0.119514273029833 0.198534315209371 0.240167368889658 0.441784042871138
0.343642751759449 0.269304695903238 0.103550777668517 0.283501774668796
0.494129697040299 0.330853848009523 0.0220419145184473 0.152974540431731
0.498769544690393 0.103009322878826 0.08584788053051 0.312373251900272
0.243528813911454 0.0832768561006389 0.471890088198166 0.201304241789741
0.608680350591619 0.169175330600798 0.212999810612579 0.0091445081950045
0.241080685334498 0.0922066605761591 0.349726030337773 0.316986623751569
0.0562013823051751 0.24927326387262 0.297691983135972 0.396833370686233
0.442790077116441 0.0409201032589626 0.334844886265304 0.181444933359293
0.0148739033339765 0.700755476975213 0.00999553347077477 0.274375086220036
0.042582497039782 0.219630777803437 0.441307660889713 0.296479064267068
0.133434190390654 0.309153113929317 0.346093424910574 0.211319270769456
0.321587739070343 0.13858556827705 0.236894274743772 0.302932417908834
0.23497407290662 0.134735493583265 0.375234452096185 0.255055981413931
0.325181610580026 0.11507120232661 0.033249002616461 0.526498184476903
0.0168114427033074 0.493630351900656 0.391794659717062 0.0977635456789751
0.38106408794129 0.12872321004418 0.17502001555415 0.315192686460379
0.190956702899587 0.266577264909669 0.319784367054131 0.222681665136613
0.23594706213537 0.0707381374351422 0.3400751006522 0.353239699777288
0.220689908631407 0.430275011725371 0.280729360109376 0.0683057195338456
0.0687906997172355 0.321888265912096 0.432406318439019 0.17691471593165
0.488185555726662 0.00573852530263946 0.181623847048622 0.324452071922076
0.0195097887604783 0.187068347465794 0.441083482109182 0.352338381664546
0.144068374613885 0.20173301280772 0.271272118181642 0.382926494396753
0.228200869752303 0.183592131485694 0.270185517851387 0.318021480910616
0.420340234256216 0.283221170026878 0.0846882284791468 0.211750367237759
0.473067341569579 0.00648529503365352 0.0592901267691874 0.46115723662758
0.211695808252681 0.415673330242301 0.115001035308462 0.257629826196557
0.286198842360312 0.267226927284653 0.256311944128613 0.190262286226422
0.447371776011312 0.118907913561097 0.121772929537465 0.311947380890126
0.223944774591572 0.355354909433193 0.318369391418377 0.102330924556859
0.230761087016401 0.399286259777977 0.0329768269391536 0.336975826266468
0.297529320076702 0.344228048679859 0.209533213911532 0.148709417331907
0.193101434025351 0.492046198400115 0.279478057340248 0.0353743102342863
0.0680930969499564 0.595628809910084 0.134511349360737 0.201766743779223
0.446435693230681 0.227001811840743 0.322479601262788 0.00408289366578825
0.0017265501241284 0.298757759058504 0.431940785894242 0.267574904923126
0.473965610668821 0.0995784289069022 0.127696191635638 0.298759768788639
0.0172103061535601 0.0742849893965443 0.552602595185967 0.355902109263928
0.0768125407240323 0.24245011428228 0.380421258718322 0.300316086275366
0.164358296312852 0.320498514797219 0.428198188884635 0.0869450000052945
0.288398091764265 0.319824875835961 0.0364232641660036 0.35535376823377
0.43134059531971 0.339221592309676 0.122294035815463 0.107143776555151
0.327050147803546 0.164611329683587 0.393544126217588 0.114794396295279
0.133026405438371 0.249352858652135 0.294985534791589 0.322635201117906
0.252549274459012 0.308139958547523 0.136801050505479 0.302509716487986
0.114591413163311 0.031163064640928 0.360289608371235 0.493955913824526
0.524942656955002 0.440984032268819 0.00673276194936984 0.0273405488268092
0.0244860575121916 0.129022812033949 0.443772231076001 0.402718899377858
0.402657173497644 0.143350055094875 0.398908900100806 0.0550838713066751
0.271617571408494 0.268627183768549 0.310940791826863 0.148814452996094
0.250242945349518 0.354200806219577 0.388827408278946 0.00672884015195884
0.473714327589249 0.0370334291974082 0.323233537175019 0.166018706038323
0.075086265599935 0.264071610147272 0.314602727084601 0.346239397168192
0.114436928408115 0.211217865120427 0.236664040798875 0.437681165672583
0.362065238715556 0.0296435739258483 0.101939692170723 0.506351495187872
0.430164946354786 0.111390278474758 0.384370711275052 0.0740740638954036
0.373870764448959 0.121182016988481 0.347255542893672 0.157691675668888
0.479672325546176 0.0649833905797532 0.114068592042773 0.341275691831298
0.411368428334826 0.127066809873066 0.378375324433421 0.0831894373586864
0.171811944565466 0.186643161145639 0.152720022351415 0.488824871937479
0.297493005958906 0.260872643656794 0.325110399061568 0.116523951322733
0.132558432044196 0.387394762693844 0.332855688667518 0.147191116594441
0.287987678671086 0.0146650332833692 0.306100429335224 0.39124685871032
0.145332682166181 0.176372065093189 0.21646726457204 0.46182798816859
0.156567237047617 0.0623655414284988 0.434030938903195 0.34703628262069
0.0909818285153245 0.270970520716812 0.152962711639744 0.48508493912812
0.435225042634223 0.221590392680682 0.18536484112602 0.157819723559075
0.0618458685488175 0.371524047765571 0.218435090518534 0.348194993167078
0.0642998158904452 0.20695451258352 0.192411397780787 0.536334273745248
0.267990446655764 0.208915468617202 0.32379956783955 0.199294516887485
0.0168171916344196 0.277154159908913 0.361846090006734 0.344182558449933
0.405898109280411 0.0293159557798398 0.48701078625813 0.0777751486816193
0.305422188565145 0.302160063223068 0.182101444183319 0.210316304028468
0.123785755241946 0.133522402060626 0.239026449720482 0.503665392976947
0.1072109128905 0.210531517877926 0.242651543193536 0.439606026038039
0.245493955437086 0.226691156272988 0.329592367767293 0.198222520522633
0.0640940516532365 0.144079478110881 0.443470875160283 0.348355595075599
0.459826226553306 0.200312663328121 0.000181593938281641 0.339679516180291
0.45668860953231 0.156405422046954 0.172759606958621 0.214146361462114
0.367593562833143 0.346551694007301 0.202937920687266 0.0829168224722904
0.157055490966872 0.271562944959835 0.367110364507528 0.204271199565766
0.346225678301215 0.33856222306657 0.157216645531908 0.157995453100307
0.120063700038029 0.243636174521707 0.215441420365257 0.420858705075007
0.286312255921063 0.0629280489082652 0.2002796270847 0.450480068085972
0.131260469153461 0.382457364924062 0.109240002813874 0.377042163108603
0.387350087990584 0.200344522234441 0.115468851227295 0.29683653854768
0.303515490891416 0.233633337452389 0.23845974326053 0.224391428395665
0.49826183179521 0.218162852530941 0.221881029584108 0.0616942860897408
0.433725311670916 0.485265245015103 0.0780245551184911 0.00298488819548983
0.343816440871871 0.39468658803285 0.247568921491842 0.0139280496034375
0.0146549261547325 0.160521395344801 0.0179819773479909 0.806841701152476
0.135597926878309 0.285002833615763 0.223736109150595 0.355663130355333
0.282944633812454 0.302862335365625 0.0828079099187691 0.331385120903152
0.41218996856587 0.287914266605894 0.119643920753812 0.180251844074424
0.0592286529243432 0.224086138409685 0.302774011798121 0.41391119686785
0.468159874897888 0.428939547769335 0.0138997966403348 0.0890007806924416
0.376399364387356 0.0745853296621841 0.342877936402902 0.206137369547558
0.217098465648141 0.348705158880472 0.191050703048836 0.24314567242255
0.369156147251177 0.0993827568362742 0.263517809699485 0.267943286213064
0.246198681270322 0.225989654427277 0.226544708016266 0.301266956286135
0.387480764040104 0.0751487271491506 0.190425922910076 0.346944585900669
0.424604121935231 0.290707358452292 0.0117499654862825 0.272938554126195
0.322289178766542 0.385619616311356 0.0376374456403336 0.254453759281769
0.387053937582345 0.47359414661665 0.0623609660642552 0.0769909497367502
0.417096618976239 0.182837661672166 0.0454754421027169 0.354590277248879
0.291002599180434 0.161130584565207 0.149235427586707 0.398631388667653
0.338067410838442 0.270133291707514 0.134271147490641 0.257528149963403
0.299755806786321 0.373915984112366 0.124844521215619 0.201483687885695
0.169376661662439 0.32959104373317 0.170120047300498 0.330912247303893
0.17475422526492 0.502798687708689 0.11548222840183 0.206964858624562
0.354102772471461 0.00281715987390747 0.38296564497855 0.260114422676082
0.0825478802589067 0.40142252899035 0.218339461541895 0.297690129208849
0.29987768268367 0.118486046537141 0.279336404025482 0.302299866753708
0.341359436074655 0.352744664196961 0.0524734978024053 0.253422401925978
0.182786903628722 0.0211645432044302 0.117719530785562 0.678329022381285
0.279865519930858 0.0286885978713218 0.227962997741867 0.463482884455953
0.322118434872571 0.269293106220498 0.344779733088177 0.0638087258187535
0.0227519125844032 0.29493427971166 0.277359117615582 0.404954690088355
0.528865633476795 0.179478873943894 0.251814923559293 0.0398405690200185
0.00862250338098872 0.337611336826342 0.388773940631306 0.264992219161363
0.173265678463116 0.109116445334018 0.378628552642222 0.338989323560643
0.333827882941928 0.218403611810943 0.123474873951065 0.324293631296063
0.284403487596861 0.153229857885483 0.428735216457514 0.133631438060143
0.388959324404378 0.0773305465231161 0.399983999173296 0.13372612989921
0.113985529049005 0.159451637192779 0.149228292755309 0.577334541002908
0.0440216499971741 0.088405563224036 0.44671399042613 0.42085879635266
0.119191395038274 0.312708768579529 0.516511496113287 0.05158834026891
0.193989146683737 0.284459834013211 0.31085083233999 0.210700186963063
0.36908649370843 0.287226078631436 0.339628980159899 0.00405844750023578
0.15105866815129 0.21572021817559 0.364738004158857 0.268483109514263
0.378454406132752 0.163004922176854 0.19590271155164 0.262637960138754
0.480049118110126 0.25940304721288 0.24959518413561 0.0109526505413837
0.477606145662264 0.0500870467491119 0.268750796311741 0.203556011276882
0.169311702229186 0.342326423577402 0.314019313061353 0.174342561132059
0.44294527864762 0.0137796831228706 0.405318506815594 0.137956531413916
0.0095925100179855 0.23607851525232 0.22257477499872 0.531754199730974
0.134982423826576 0.394418038239798 0.398028816155888 0.0725707217777375
0.129140380628695 0.181215193708955 0.332718797672471 0.356925627989879
0.289380185202805 0.493292680442832 0.201767993455165 0.0155591408991987
0.487040309374535 0.203337088138413 0.0096289641855685 0.299993638301483
0.309209903860533 0.287775196095113 0.0603876059510431 0.34262729409331
0.439379043713257 0.44966160496331 0.0502362515052235 0.0607230998182088
0.390335732201724 0.303790973433036 0.225267077056847 0.080606217308393
0.253181212756129 0.217105995241088 0.377859144762872 0.151853647239911
0.304580782740842 0.101034954064313 0.112764808696681 0.481619454498163
0.2814905729381 0.131705578196809 0.342128981689096 0.244674867175995
0.167344596432866 0.554893012846185 0.222391903494145 0.055370487226804
0.0213953252275726 0.249789533397655 0.419015869628107 0.309799271746665
0.112495115763466 0.312942943381295 0.416884438484248 0.15767750237099
0.331796137165591 0.306686031471906 0.312516928602387 0.0490009027601158
0.177995316646765 0.508037668767168 0.123220117483686 0.190746897102381
0.121854116870355 0.104098779493465 0.3844702531732 0.38957685046298
0.309639201851912 0.125752262859167 0.234218900311484 0.330389634977436
0.172325454958225 0.429091099049618 0.149679571244563 0.248903874747593
0.317968382855682 0.0095786748375207 0.348388325698856 0.324064616607942
0.15765071720923 0.408277513384849 0.0864469111842641 0.347624858221657
0.0116408659247749 0.72591826245267 0.144306660669482 0.118134210953073
0.0011487289022786 0.368246947029508 0.428934224416105 0.201670099652108
0.207275484991618 0.398570008349328 0.0485814115171109 0.345573095141943
0.0280487257256803 0.469977882985778 0.267133087660025 0.234840303628517
0.20133682385456 0.35580070461119 0.224344484532915 0.218517987001335
0.239525964193473 0.310193521092355 0.117401314012316 0.332879200701856
0.471058140885055 0.393143986692494 0.0866824608224618 0.0491154115999891
0.15201986916226 0.402170755566407 0.177035760669459 0.268773614601874
0.033733785535575 0.495689339425168 0.275238069829643 0.195338805209614
0.259638011766963 0.118116656139516 0.365395929451569 0.256849402641953
0.0873976050705759 0.393970764730733 0.206704712375994 0.311926917822697
0.357080437106762 0.26194826244191 0.0823979371781892 0.298573363273139
0.293750371220456 0.277181552564695 0.275956558916229 0.15311151729862
0.272465464274497 0.0239551060777674 0.433765362306367 0.269814067341369
0.356535857259489 0.109758618005388 0.183206191036018 0.350499333699105
0.270229505116742 0.17439848945304 0.399677799600719 0.155694205829498
0.381291956327032 0.0314420821940518 0.292962139578877 0.29430382190004
0.187922935154649 0.609336627451191 0.0830371303657479 0.119703307028412
0.380388084869393 0.354945542223748 0.0137577036662229 0.250908669240636
0.0054323635771393 0.531184922940119 0.0910880947883435 0.372294618694399
0.154970924422582 0.230746744292911 0.275517547956412 0.338764783328095
0.279715292003233 0.306979542267412 0.387094214448518 0.0262109512808367
0.332404545238183 0.163894651102519 0.248624599143731 0.255076204515567
0.0510387450465554 0.484681410222996 0.179804476112084 0.284475368618364
0.164698847596736 0.384870264289648 0.063388854831462 0.387042033282154
0.111001764448064 0.129037002252447 0.584650594375471 0.175310638924018
0.0415008739760134 0.435819790913803 0.488870760300502 0.033808574809682
0.458658846898776 0.287971290894512 0.0665068393552776 0.186863022851435
0.0213453327717155 0.281304534296653 0.470101682871599 0.227248450060032
0.239068660503548 0.134629871383015 0.441280930225938 0.185020537887499
0.15589150721706 0.517592552866504 0.0191205391028502 0.307395400813586
0.417017796250737 0.159865721071814 0.0320135727986316 0.391102909878817
0.567157968515682 0.0997085881343543 0.0195592048837737 0.31357423846619
0.257946983012567 0.385785582047379 0.0410413460031994 0.315226088936854
0.266089127052216 0.494889372322093 0.229906011459732 0.00911548916595788
0.0825878314412609 0.416110044023176 0.114271155359213 0.387030969176351
0.237052379765815 0.333925293932503 0.0941141708759018 0.33490815542578
0.0351506712470365 0.227139350643506 0.627342513516863 0.110367464592595
0.246715708757139 0.395739758344261 0.0911298211599132 0.266414711738686
0.0473066162955755 0.339543212235392 0.575841820897716 0.0373083505713159
0.107379234917718 0.301328808363163 0.298507376452286 0.292784580266833
0.182560874326291 0.217624762421834 0.328430923022993 0.271383440228882
0.212749485297411 0.362032144387213 0.28719684095274 0.138021529362637
0.255767278902877 0.371981150007212 0.167596340031149 0.204655231058763
0.143258342904882 0.504836797468845 0.161315741685368 0.190589117940905
0.0976964449781285 0.234260269365256 0.373876480545113 0.294166805111503
0.0955066660280272 0.697914036477986 0.0183059319889468 0.18827336550504
0.10829373984183 0.433275100383994 0.1563541684733 0.302076991300875
0.161004936473271 0.202586965842465 0.397854026846787 0.238554070837477
0.376232038586187 0.0514540629805054 0.162332853548469 0.409981044884839
0.230746385960455 0.22704131373688 0.267189340906787 0.275022959395877
0.127205637173281 0.360560385375398 0.151666566884421 0.3605674105669
0.19201468654298 0.00285354587663917 0.20218590445086 0.602945863129521
0.45475356997398 0.150826071358107 0.0510930944768352 0.343327264191078
0.295323025418129 0.3040112852319 0.189800660703544 0.210865028646427
0.174534946969091 0.285402280124778 0.30542062446359 0.234642148442541
0.161045553108402 0.25800215840846 0.195293714856829 0.385658573626308
0.03606007507289 0.155299084496022 0.55626708524343 0.252373755187657
0.289014906920643 0.14630534033022 0.37705062295423 0.187629129794907
0.312033858912864 0.41801726974605 0.0163833829574687 0.253565488383617
0.318346133635704 0.315565140829512 0.109750291156514 0.25633843437827
0.298158170897906 0.383257193661178 0.148170850060737 0.170413785380179
0.303555278672411 0.0540728290508978 0.205705568335499 0.436666323941191
0.0502706726710339 0.311720514322532 0.448974929928722 0.189033883077712
0.281700128270289 0.0985803194364551 0.334627015644666 0.285092536648591
0.3348288099826 0.357612130468669 0.170690686049514 0.136868373499217
0.411147752355491 0.0694591560898963 0.296677257672634 0.222715833881978
0.26750893165708 0.14593851109957 0.264967237450882 0.321585319792468
0.305110640657743 0.279944912798072 0.0808050184254941 0.334139428118691
0.241225620489337 0.355100415665866 0.0927166674066523 0.310957296438145
0.29631428721446 0.0368591500864063 0.339794702644355 0.327031860054779
0.297079576477705 0.538592699222684 0.0343758630507606 0.129951861248851
0.210520336467825 0.284195831476287 0.132339602652494 0.372944229403394
0.0414715150815339 0.387548652100833 0.441202789626219 0.129777043191414
0.376233899595795 0.295690849544187 0.0136769485776903 0.314398302282328
0.190064859582552 0.229214431641376 0.283052621962441 0.297668086813631
0.31374554709387 0.345556712791616 0.0194577586654787 0.321239981449036
0.199381519604569 0.0363183136311828 0.329675521961685 0.434624644802563
0.193483275177339 0.131250124852353 0.287941060419327 0.387325539550981
0.179825677706859 0.0776766116085229 0.355793962631045 0.386703748053572
0.421745248241038 0.109068106664868 0.104961930223408 0.364224714870686
0.248794308673433 0.0799900375185795 0.48508911515296 0.186126538655028
0.115371711258719 0.38352901152856 0.270240141639109 0.230859135573611
0.0930890510883554 0.545085470485618 0.2359665072428 0.125858971183227
0.339171631088064 0.236592033440447 0.0616119520748009 0.362624383396689
0.299181377746406 0.328253098740527 0.105417453709258 0.267148069803809
0.15005707471675 0.359097555980406 0.235610906306636 0.255234462996207
0.114455159110632 0.305091470669271 0.439012237048823 0.141441133171274
0.243693299432162 0.266757199726881 0.184148955109653 0.305400545731304
0.338598529282664 0.267717204773748 0.284216488088559 0.109467777855029
0.614496253028993 0.294180464012135 0.0571283164632931 0.0341949664955788
0.211914516268551 0.433998871982416 0.0897341677203346 0.264352444028699
0.260788829573289 0.209005528306503 0.447649015244084 0.0825566268761243
0.105466563724237 0.355538991381393 0.110722517240161 0.428271927654209
0.310250119462292 0.251192979853294 0.00213505475126352 0.43642184593315
0.389659139085806 0.0572920680221996 0.492383234325887 0.0606655585661069
0.447254707623833 0.131963272946858 0.170831399719469 0.24995061970984
0.235289372763035 0.545112234036725 0.0933018611347182 0.126296532065522
0.247743239990217 0.430656947803155 0.1670183543679 0.154581457838727
0.0643317105311669 0.205386556874387 0.138431704301145 0.591850028293301
0.223773852708538 0.405128187714519 0.322757522074804 0.0483404375021385
0.338490963878357 0.218568011181788 0.287511035564059 0.155429989375796
0.27294618309251 0.132176864370514 0.265145390798197 0.329731561738779
0.241398917204523 0.319496345300012 0.166640566625347 0.272464170870118
0.252246884262983 0.315767853629657 0.176100879328115 0.255884382779245
0.211849198832801 0.00264425257703609 0.23102945591385 0.554477092676312
0.271431839810221 0.424262985770612 0.25691420950183 0.0473909649173372
0.169476358948461 0.279203240833297 0.268148366608419 0.283172033609822
0.207140671199392 0.297221873666306 0.309745140815343 0.185892314318958
0.163835878337225 0.341209367633698 0.219900462749888 0.275054291279189
0.0597364360768286 0.219302288362537 0.368849385380079 0.352111890180556
0.349693118629808 0.429355506310664 0.152896822476147 0.0680545525833814
0.341628601724441 0.106038866128288 0.279796666964577 0.272535865182695
0.265224545406591 0.143778006390985 0.0673689106482868 0.523628537554137
0.364397558301668 0.310371455699382 0.217509831247217 0.107721154751733
0.184687687368726 0.167449212188197 0.351862369688179 0.296000730754898
0.312875855962405 0.273687412578759 0.159263715735894 0.254173015722942
0.149699287825748 0.227682753206873 0.369522288949399 0.25309567001798
0.072941818455112 0.218368504622963 0.551179094541819 0.157510582380106
0.298560029036043 0.110120251611418 0.247424613332573 0.343895106019966
0.197019400510775 0.368078275782269 0.382969116794844 0.0519332069121121
0.358292759317256 0.0621769202720216 0.253428687930404 0.326101632480319
0.173629269441052 0.186135155899189 0.325099549618059 0.3151360250417
0.508429384751335 0.100182091798913 0.355816994926443 0.0355715285233087
0.343219514316385 0.234984337752839 0.0345822315145154 0.38721391641626
0.501682226517808 0.290238049022083 0.0765849240020037 0.131494800458105
0.125601382047807 0.812451002259549 0.0341407366318608 0.0278068790607833
0.176482699350898 0.305829445288311 0.322786621450581 0.194901233910209
0.235026908503051 0.0733842432438643 0.309353617036322 0.382235231216762
0.16385845579046 0.289171843681971 0.228052737325993 0.318916963201577
0.123551013135837 0.260095885327125 0.555340151832753 0.0610129497042843
0.358345193781614 0.10855228229986 0.201335115032117 0.331767408886408
0.281885579475381 0.343480330398935 0.325739279382215 0.048894810743469
0.298641187253871 0.440347204422579 0.0412324981564517 0.219779110167098
0.534204312331719 0.174704626005129 0.230257219635423 0.0608338420277289
0.191784479120942 0.362402237521559 0.229485463306736 0.216327820050762
0.43218036076731 0.0833872518011209 0.358717793630941 0.125714593800628
0.429991796014764 0.123262399212751 0.246728805718986 0.200016999053498
0.14704489233975 0.520856217015879 0.331034329853304 0.00106456079106659
0.399710459152505 0.0135621964049503 0.299451617731456 0.287275726711089
0.120260972656807 0.534775708115485 0.302333719732961 0.0426295994947464
0.228970536248213 0.115878909737675 0.324580632903921 0.33056992111019
0.00110179163714581 0.474116725461376 0.449104772254866 0.0756767106466123
0.467522488137925 0.0990531630449725 0.34958319389597 0.0838411549211323
0.172761236507598 0.291193725962317 0.302260601481375 0.23378443604871
0.326814907586993 0.195377691352139 0.228520725910329 0.249286675150539
0.0942954818701121 0.0719482597661922 0.441883052929535 0.391873205434161
0.0384316207133397 0.177440633547908 0.496472879651341 0.287654866087411
0.0673820481615043 0.0756774272767667 0.297503611929978 0.559436912631751
0.0829588511406479 0.310476400130903 0.226305256678353 0.380259492050096
0.300080230077323 0.309794487434879 0.277151582657921 0.112973699829876
0.199253768724867 0.0239145443144697 0.679705758258854 0.097125928701809
0.408615600406541 0.373656061792121 0.134501352737037 0.0832269850643016
0.295721106906763 0.249428721576127 0.274118228681472 0.180731942835638
0.121022172438498 0.541922445285568 0.0779893339619183 0.259066048314016
0.262029669025094 0.017667959691969 0.297481203688494 0.422821167594443
0.120422996815324 0.695617232260351 0.177797537296072 0.00616223362825232
0.271090927263446 0.324217597559785 0.333225544209914 0.0714659309668555
0.194702811476907 0.253118230117115 0.301948731431285 0.250230226974693
0.410211548914891 0.0312556866575554 0.0354369881026351 0.523095776324919
0.267057615713762 0.262583263545985 0.148392190681838 0.321966930058414
0.450296548867155 0.171420062856417 0.31756278491821 0.0607206033582188
0.264580097974256 0.359719197861109 0.0638541510245837 0.311846553140051
0.378127936163309 0.238853194387554 0.124541272790669 0.258477596658468
0.19298208551991 0.177605969605566 0.49625067698594 0.133161267888583
0.103663374381937 0.383325352399006 0.190771961251132 0.322239311967924
0.240525598713789 0.155032450753738 0.467393387282738 0.137048563249734
0.649054523984166 0.00201798359801172 0.272023629701185 0.0769038627166373
0.24806910993857 0.123394430560168 0.451899217627525 0.176637241873738
0.276864646012836 0.143949803623969 0.25131048110717 0.327875069256024
0.310452454650451 0.155679301091793 0.317013394472958 0.216854849784798
0.289071330697964 0.346095141988051 0.0378581327841793 0.326975394529806
0.407734197188777 0.224466585169858 0.160518783331818 0.207280434309547
0.061356217460019 0.436060660611562 0.086541795750396 0.416041326178023
0.260434340781322 0.295573599929435 0.191850507087379 0.252141552201864
0.200547238652012 0.288973235939817 0.270266638415392 0.240212886992779
0.138037240472062 0.252625992902025 0.307810604809745 0.301526161816167
0.160351502512942 0.443096482351152 0.265900756324347 0.130651258811559
0.231482230160734 0.260553757324022 0.20800993362744 0.299954078887803
0.10029799677687 0.461468808248301 0.416475679544903 0.0217575154299265
0.0940008361609004 0.271371310367502 0.287474220085684 0.347153633385914
0.238365866841665 0.106883297014423 0.409862800371394 0.244888035772517
0.412302517022725 0.172135449203801 0.169728856525955 0.245833177247519
0.376467465671617 0.268508130188379 0.191913743602304 0.1631106605377
0.335545770282995 0.0157623817393117 0.268066017534714 0.38062583044298
0.214054570594092 0.316311769624077 0.22387892268652 0.245754737095311
0.00347765134988853 0.253518393916769 0.386610685806031 0.356393268927312
0.18492680383885 0.308179764520265 0.242219605557847 0.264673826083038
0.12314036207903 0.219427111231369 0.412820470027927 0.244612056661675
0.0956637968024753 0.409135630595731 0.416326378410347 0.0788741941914459
0.330659265517662 0.0468054753080913 0.36382279348129 0.258712465692957
0.390294161819894 0.327349979381864 0.252694583733417 0.0296612750648241
0.0124069503640573 0.259064244382331 0.336966466495566 0.391562338758045
0.404604698656366 0.196187629941123 0.37966759190974 0.0195400794927715
0.275586891338814 0.195014263989639 0.198369171587382 0.331029673084164
0.0889020597088827 0.0232346292642444 0.483454325556309 0.404408985470564
0.0615642112194601 0.480646407261983 0.0862927714754358 0.371496610043121
0.100624761158299 0.215785626423016 0.442834709125752 0.240754903292933
0.273748199659453 0.128503064682185 0.509473190755608 0.0882755449027535
0.319875261374395 0.50841077316009 0.0332406649959829 0.138473300469532
0.556548108190358 0.403974135045371 0.00929802058398669 0.030179736180284
0.0753332686878601 0.0547861765457714 0.157074976884875 0.712805577881493
0.212265637276642 0.0773172262943816 0.308068255176394 0.402348881252583
0.300270304584945 0.347645857789108 0.0457386092983665 0.306345228327581
0.0486386632960482 0.40664562222226 0.401067508921894 0.143648205559798
0.184592529084746 0.277498551103837 0.270021654507283 0.267887265304135
0.279059907689078 0.119715490279811 0.31839443896185 0.282830163069261
0.401421039378355 0.200034564874541 0.129057634155833 0.269486761591271
0.118653460958535 0.280559875940483 0.21207878384367 0.388707879257311
0.0794709405596251 0.384254927815242 0.248333924004238 0.287940207620895
0.142796339915032 0.294230710820379 0.158234435705344 0.404738513559244
0.422438248358384 0.336114376890588 0.00882208835245281 0.232625286398575
0.132440615305705 0.313394244262256 0.237404278024698 0.316760862407341
0.46679109352344 0.0578972907631222 0.430963620411425 0.0443479953020128
0.290038966141198 0.203107949041577 0.259392013163778 0.247461071653447
0.260723519647661 0.248762130886885 0.233424735337312 0.257089614128143
0.204765419756421 0.392708068595739 0.0394930222433923 0.363033489404448
0.131279133910041 0.14113651131155 0.436242660638032 0.291341694140376
0.0536471168058329 0.210793538888458 0.41053581215451 0.3250235321512
0.572926205035334 0.0761565766752921 0.0131621140012806 0.337755104288093
0.0116784204195779 0.290133655511975 0.392804120104463 0.305383803963984
0.0472291939406076 0.230957151507175 0.428585892327404 0.293227762224814
0.335149720865302 0.286527977915719 0.153469551495536 0.224852749723443
0.291073499931312 0.0934427131178072 0.379945929361004 0.235537857589877
0.112197808600222 0.0581092526410473 0.673171968118049 0.156520970640682
0.185742244876489 0.349221151768881 0.425448206146398 0.0395883972082317
0.168834196311593 0.401244692314164 0.183952522735646 0.245968588638597
0.0783943556793778 0.281957916830217 0.327097484756892 0.312550242733513
0.352717711442803 0.0838358487918865 0.139990528306738 0.423455911458572
0.601122951212511 0.145786197148957 0.0386927354962379 0.214398116142293
0.306452963342986 0.332574360015491 0.315154379386887 0.0458182972546363
0.201218446444106 0.368076633715564 0.312880775087485 0.117824144752845
0.369260304707211 0.118792805491285 0.366759224711285 0.145187665090218
0.252753910631447 0.110398244778702 0.328528301839443 0.308319542750408
0.338836830725565 0.104728382066001 0.270502365600291 0.285932421608142
0.250608869714988 0.278837691539062 0.265234149217294 0.205319289528655
0.368638892790399 0.314298320142307 0.0961816425106931 0.220881144556601
0.270666198179629 0.333505192900694 0.0104951013612478 0.385333507558429
0.22006667207855 0.59843470294435 0.0829425003882362 0.0985561245888635
0.0760881825425714 0.314070528015852 0.390995243453772 0.218846045987804
0.436643923514449 0.0201269754277392 0.388953408021556 0.154275693036256
0.199479527966556 0.385980287399942 0.0613236017104878 0.353216582923014
0.0112562886772884 0.463476409044966 0.0835374725619613 0.441729829715785
0.498078324195472 0.0489372196905643 0.0273641056760641 0.4256203504379
0.017040937813067 0.157406559330023 0.0134094326526447 0.812143070204265
0.361939733188027 0.320973111492337 0.131400707393472 0.185686447926164
0.220265763367258 0.336177139236742 0.241405706977797 0.202151390418203
0.139165209753475 0.452577134081501 0.332493201023697 0.0757644551413281
0.347523011803065 0.00198629747839774 0.280315286401249 0.370175404317288
0.30613222937546 0.150010785599393 0.425191972170006 0.118665012855142
0.342694601899188 0.237969753104528 0.0190655313595034 0.400270113636781
0.251945212865906 0.295063309045503 0.191144999390678 0.261846478697913
0.287341070946719 0.380374795319973 0.0466068889909458 0.285677244742362
0.327743769841651 0.0441418541215732 0.0722872687994361 0.55582710723734
0.00822810977420116 0.309540464341486 0.316829460419042 0.365401965465272
0.158590160543357 0.473159366541124 0.159959147441907 0.208291325473613
0.155996565285201 0.201855023831218 0.270977079443777 0.371171331439803
0.110768029348036 0.158109927520388 0.341425232662901 0.389696810468674
0.103246289225515 0.259888450502558 0.17843399987661 0.458431260395318
0.235693497096352 0.281920302802524 0.218825520881352 0.263560679219771
0.0972408000315165 0.262515391849667 0.38282837912307 0.257415428995746
0.342173858651854 0.242126789399636 0.296082670488149 0.119616681460361
0.09819241151806 0.302898878260629 0.225253591657056 0.373655118564255
0.0549863145580793 0.346156473953187 0.27784746820716 0.321009743281574
0.141392250550116 0.418642650106909 0.193318293938231 0.246646805404744
0.131216520962598 0.525652944251783 0.0101034694808139 0.333027065304805
0.0926622545180144 0.563782772180257 0.0356140042776296 0.307940969024099
0.381454368095097 0.400510966367733 0.0189794598434582 0.199055205693712
0.34396200253388 0.102256849083203 0.280805322362161 0.272975826020756
0.334688395333911 0.168932029675116 0.265639706697468 0.230739868293506
0.241005041354023 0.0016929473019667 0.592391905012866 0.164910106331144
0.349984359184587 0.075864077429394 0.163694063663097 0.410457499722922
0.385999033414431 0.239322600588805 0.0180959636354642 0.3565824023613
0.398417420321737 0.0808328541115482 0.391392549091981 0.129357176474733
0.35091790096222 0.184064709915657 0.254974531965778 0.210042857156344
0.37117856319985 0.0581425048259082 0.137460847167258 0.433218084806985
0.198813904528782 0.560113818141013 0.191019379569546 0.0500528977606586
0.12646746695339 0.194144578265913 0.269296380955556 0.41009157382514
0.187115368024879 0.287709886821075 0.463229109971259 0.0619456351827871
0.205249395415455 0.189677079883457 0.281150016546252 0.323923508154836
0.0106953118110492 0.424927266574759 0.345496120351746 0.218881301262446
0.0264725500342589 0.0763062194092723 0.461464182825212 0.435757047731257
0.17065711332634 0.362878590031813 0.048917991123575 0.417546305518272
0.16044502721694 0.0214022018729118 0.390095560338775 0.428057210571372
0.328980250683542 0.274691110467145 0.0517754488593245 0.344553189989989
0.0352369640915233 0.090718667914232 0.801609737178409 0.0724346308158353
0.346803135667616 0.274639456836135 0.0233810237813504 0.355176383714899
0.128996366048343 0.250357701604528 0.331427603454985 0.289218328892145
0.0913322731146995 0.359619629856847 0.278526936063136 0.270521160965317
0.177855426385735 0.242990587695157 0.180610636985284 0.398543348933824
0.354624828155851 0.267046245402094 0.083734904940562 0.294594021501493
0.34024066140945 0.366779101982347 0.121679131059249 0.171301105548954
0.0706395572361302 0.710009229795848 0.1323883461241 0.0869628668439216
0.387212325146399 0.17726304088388 0.0908797535789834 0.344644880390738
0.0898470389764182 0.323129975442662 0.267277011424808 0.319745974156112
0.23716363040025 0.0977520727849268 0.379737332473239 0.285346964341584
0.0958813129229207 0.170033435311116 0.421959854100677 0.312125397665287
0.00454218625923815 0.0185443692075696 0.581534161492132 0.39537928304106
0.254028410282711 0.322384296817467 0.0568069856732511 0.366780307226571
0.211326449966963 0.408434989401343 0.0187833422099486 0.361455218421745
0.0826957810718727 0.419670556824183 0.0753426420954792 0.422291020008465
0.166819729648513 0.352628497902691 0.353225796435147 0.127325976013648
0.422870018065356 0.377428221985114 0.185040338084839 0.0146614218646916
0.0665032394403258 0.0172960515148487 0.505356828328314 0.410843880716512
0.154202245527898 0.358808756763674 0.228005123831153 0.258983873877275
0.271706467494917 0.208063591475154 0.28778660198993 0.232443339039999
0.375672736930166 0.152340032990458 0.177916267988205 0.294070962091171
0.287070818420137 0.237753499481231 0.0512035041275036 0.423972177971128
0.299388884166024 0.231585335573971 0.146485225265746 0.322540554994258
0.466134107744205 0.183669507492589 0.32246701447779 0.0277293702854153
0.107962404571817 0.400444329159131 0.157925232588471 0.333668033680582
0.292691754484138 0.341250569150478 0.230743009159378 0.135314667206006
0.327012370379986 0.114659990636901 0.329492513401687 0.228835125581426
0.131687823767183 0.203208392439132 0.234167711137386 0.430936072656299
0.320538190749951 0.239571304540487 0.367982846041301 0.0719076586682622
0.289650565547111 0.0572188178019728 0.0153936257422914 0.637736990908625
0.349509805232972 0.226391523655359 0.27629908086626 0.147799590245409
0.25295869468573 0.20734157134638 0.22312875618497 0.31657097778292
0.255166207871422 0.236226033461303 0.246504777091535 0.262102981575741
0.333405582632964 0.237002135010494 0.0775235452137523 0.35206873714279
0.0689309914933812 0.255565202316304 0.307839768255439 0.367664037934876
0.161011701888317 0.107598109174787 0.360336514040226 0.37105367489667
0.219547554896427 0.434986261852043 0.105362674259806 0.240103508991725
0.224281258578437 0.0995215454820969 0.257714866068306 0.41848232987116
0.152342260778723 0.180108844045517 0.618860368514511 0.0486885266612483
0.117931820857678 0.0723155130427484 0.365331208918941 0.444421457180633
0.389160750024584 0.140923867837398 0.123849436797772 0.346065945340246
0.0606852528273257 0.460744644016294 0.140180869690334 0.338389233466047
0.325127642386492 0.432299420861936 0.0590051054788798 0.183567831272692
0.267966503359206 0.0723986584857862 0.170533617819232 0.489101220335776
0.088182222290057 0.404012657190022 0.448930639782888 0.0588744807370322
0.337301561544431 0.24148266760823 0.242219255763999 0.17899651508334
0.150616689884514 0.323234336322653 0.302503760265565 0.223645213527267
0.109721027118522 0.107002532289648 0.462630468101192 0.320645972490638
0.202270707101288 0.267193607732352 0.193274773485095 0.337260911681265
0.22705570729106 0.226770505145357 0.263185963976046 0.282987823587536
0.543371613187041 0.0491451759009657 0.230871344395619 0.176611866516375
0.255738306316606 0.220064859947509 0.134411956589983 0.389784877145902
0.178331619019178 0.0253827931787219 0.469158998476334 0.327126589325766
0.222252765882778 0.266598482101355 0.336417875144923 0.174730876870944
0.294795051189015 0.274016730612346 0.130833542558293 0.300354675640346
0.153378858984534 0.419647920586717 0.0160933208940625 0.410879899534686
0.23237444651294 0.235114356354613 0.27512972989342 0.257381467239027
0.352229594045743 0.035363876880638 0.248302119518883 0.364104409554736
0.130759386733086 0.229281681654907 0.331063315734422 0.308895615877585
0.394386139601496 0.236826874982664 0.191509549639558 0.177277435776281
0.358526630038307 0.31646520352876 0.295038075489712 0.0299700909432215
0.211358567801652 0.298998966063062 0.290316448488206 0.199326017647079
0.288713856986328 0.0569228412255757 0.326632367387873 0.327730934400224
0.403265157751572 0.0453442491497099 0.226391947887803 0.324998645210915
0.31151184241388 0.30294539371117 0.129170664665277 0.256372099209673
0.0928454892314235 0.184654352241473 0.341001708367921 0.381498450159183
0.152854586991863 0.362291719531413 0.343785759093914 0.141067934382811
0.370752385011862 0.158037997100898 0.320615359807701 0.150594258079538
0.0305871794771068 0.399259058447677 0.408285138812377 0.161868623262839
0.368202606470393 0.309113616310658 0.0927053557250141 0.229978421493934
0.303179404857321 0.249209810988162 0.139584730968709 0.308026053185808
0.30068509498979 0.442051503057268 0.249165689677548 0.00809771227539459
0.179145602422719 0.0235700906325122 0.513776474983625 0.283507831961144
0.360308380355035 0.59399294301281 0.0384689067767164 0.00722976985543879
0.202045519993914 0.147226178064019 0.402278273658482 0.248450028283585
0.19387593368888 0.249748084163609 0.0978919124192742 0.458484069728236
0.325083212370986 0.188106143750594 0.36897282943817 0.11783781444025
0.0296256116156777 0.449877617795176 0.271866509064372 0.248630261524774
0.250092179966455 0.299606801957477 0.292601581236851 0.157699436839217
0.336093142449891 0.0817868632540963 0.271127614917571 0.310992379378442
0.25869360450229 0.169952196496284 0.320792438496467 0.250561760504959
0.419214182874453 0.138716907879313 0.20562681391229 0.236442095333945
0.359856847151923 0.0908099198013179 0.10263776667426 0.446695466372499
0.318202322266638 0.088282822597564 0.08533667343878 0.508178181697018
0.313893617124051 0.271161286375394 0.2870201044016 0.127924992098955
0.383113741785408 0.180367435705098 0.0799423523615787 0.356576470147916
0.29053531889638 0.114858330166244 0.332099562166324 0.262506788771052
0.072816266749828 0.423811332526577 0.168954577081974 0.334417823641622
0.0264811727566174 0.165915159360367 0.564807647732525 0.242796020150491
0.281846977281226 0.420065446317116 0.0276033045926627 0.270484271808994
0.011784705291738 0.446190570480724 0.129854231648918 0.41217049257862
0.439910277665209 0.0790733955708912 0.27292604673411 0.208090280029789
0.250096617085159 0.401828649616676 0.113293850433332 0.234780882864832
0.268333813449706 0.391175094704032 0.303810927632526 0.0366801642137357
0.290470750740137 0.143810313623046 0.520532847939548 0.0451860876972691
0.206100239703482 0.176215213579535 0.0886348688146267 0.529049677902356
0.260669154201421 0.212385819824433 0.204818373446828 0.322126652527318
0.333343642520415 0.227197873446438 0.320167742084177 0.11929074194897
0.218372229761793 0.469778266849749 0.0507464007843446 0.261103102604114
0.341386225227896 0.22166320460437 0.239372752684826 0.197577817482908
0.209558685584979 0.0500404518335359 0.260282135461687 0.480118727119798
