0.124701500195625 0.0637996849406447 0.176770668596198 0.126590288766535 0.0939439750629239 0.0533284932928227 0.170633326569107 0.0476285182580512 0.0489888727696472 0.093614671548445
0.0400260726715848 0.0174071483084142 0.0985766334715433 0.126755438530411 0.0974202879776428 0.210831793576542 0.156384234173641 0.148100584038961 0.0270631969446844 0.0774346103065762
0.0391832910421602 0.0852307296543972 0.0194996414128039 0.084844762464996 0.10206260206995 0.0313997328581568 0.114795434640838 0.149658594371076 0.202669868935688 0.170655342549935
0.00632954708451647 0.255916052921724 0.0456456096203878 0.263665587981887 0.0391042250238653 0.0673005766205287 0.0953367276728769 0.0181668629548777 0.12125126835323 0.0872835417661058
0.178483345819267 0.166146819743292 0.0179721813841534 0.125794187128761 0.154789558923744 0.197316972196499 0.122006814943895 0.00122040776241984 0.012914864501312 0.0233548475966562
0.198515591777269 0.173336050140863 0.040102202714899 0.0328544226262174 0.08888315722801 0.0124377988279084 0.271057213060923 0.0903305567950286 0.0379752724950087 0.0545077343338725
0.0394156833763352 0.100375326729226 0.0830897840070892 0.105659613971166 0.136685623698749 0.109829730438782 0.179070162291066 0.122784054147449 0.0478470034892074 0.0752430178509303
0.105778590704638 0.188666196356792 0.00237304486539967 0.101447097242383 0.135152977899157 0.0498865667224569 0.201292040766026 0.00483428097398738 0.109633886248864 0.100935318220296
0.159185450013634 0.0967928720445314 0.0210665949686852 0.10197628298856 0.0930492406096541 0.0818592588470153 0.0642246590553252 0.175505143803233 0.117073077459894 0.0892674202094685
0.0263886676534704 0.0817874981253545 0.174070560175165 0.11900962841412 0.0345752006288678 0.139120587522422 0.0676735572767114 0.173679345994532 0.171414322685892 0.0122806315234662
0.0127112620580972 0.0207748511467333 0.0975588691286158 0.107804799082072 0.141438811635821 0.163901395350398 0.0775371000942517 0.144888958903729 0.106178163886319 0.127205788713964
0.0935230042707744 0.118506645862649 0.0949955181927429 0.116359167491952 0.104637152615282 0.124342829453381 0.121289567955602 0.0597711782187601 0.0609337726271574 0.105641163311699
0.136812398363241 0.100902412381871 0.0237084762430292 0.121124463039757 0.0340592466286078 0.0130657937600841 0.169458926676382 0.112047337301454 0.135333029278133 0.153487916327441
0.0132590712117632 0.0843403016972795 0.127497460654807 0.12158551627632 0.0381204395239078 0.161975021126516 0.0425426583825326 0.085019481084027 0.171356130640643 0.154303919402204
0.000428322322267151 0.0863780055973995 0.203605371664613 0.0880266403543343 0.0198708344299708 0.160217508850316 0.1220010614138 0.177865044362305 0.121914339244673 0.0196928717603222
0.132588083155566 0.0348642826660283 0.054232004138272 0.106169600433663 0.153524490683932 0.235617002083047 0.0238753100569718 0.0670448835569606 0.0569087465255839 0.135175596699975
0.0775420274786255 0.151226718765341 0.00155208690053854 0.0882955066101555 0.175093155768242 0.016645432667993 0.114482318888558 0.0910693571689366 0.119018275627967 0.165075120123643
0.0317965566465835 0.13813017844314 0.0686801654303562 0.0594291649889059 0.191898520286843 0.213516751128138 0.000409913293101292 0.0241396360309809 0.0699960247785783 0.202003088973372
0.162548466255916 0.0962977081197016 0.152593041768368 0.00413420442899416 0.163995772258578 0.11777237255608 0.0463858451779401 0.0991172125678101 0.0584246548128607 0.0987307220537515
0.0153704890858318 0.13473990342896 0.0140481285059356 0.102992775584905 0.179293325779174 0.140270334869344 0.0647470372134178 0.100203947975548 0.0728121320466038 0.17552192551028
0.0819893591848683 0.196390876893628 0.194913205637855 0.0827056394902864 0.068533946933133 0.00543886810206129 0.189975021220431 0.0555960400973306 0.0124465100090817 0.112010532431325
0.00224785172516314 0.100588202760147 0.186027324859423 0.00139164904688792 0.189656863806267 0.14489748857092 0.0671561428720473 0.0281458855361151 0.21718538305246 0.0627032077705691
0.0835066896706531 0.194059949531832 0.0327085320907193 0.129638508262719 0.0131525640376805 0.205196068702657 0.129884439899203 0.0665375904885354 0.0208354016426592 0.124480255673342
0.0928838668400992 0.125726053574726 0.184747987598758 0.146933952400337 0.00278740031351177 0.10257795272487 0.0763609810591697 0.0122387691116607 0.102679053731749 0.153063982645119
0.141784488024629 0.0820002109938649 0.0835634475448545 0.00190843507501827 0.11304704876414 0.179838780248477 0.0960480184012126 0.0718453330963718 0.0643618400910406 0.165602397760391
0.187290690852699 0.0598930008654738 0.0798518299890148 0.167832663277758 0.00167573463354304 0.172487222437508 0.109878427581573 0.188914163081369 0.0119499876072167 0.0202262796738448
0.0906098443681781 0.0985122199451412 0.11765149234107 0.0854580861055865 0.164260610313342 0.194329855219811 0.0259821482956478 0.000179198142186138 0.0903871472883178 0.132629397980718
0.0846062127155713 0.0589593413941523 0.160731995653231 0.128090038669869 0.0358275017646977 0.128144891474084 0.01418626224134 0.0806199680719198 0.14538371661218 0.163450071402954
0.0305787825046928 0.0707705488466657 0.10079511242031 0.0796601991260907 0.0840200608292842 0.0643505574610542 0.0523100759525982 0.278045587502681 0.0740549948709327 0.165414080485691
0.0662808672702397 0.196835568253308 0.062803563603955 0.0274960348824214 0.0583865544443525 0.158571518858506 0.152985182866429 0.0647663305051273 0.113704725273353 0.0981696540423087
0.222778122772579 0.151265006197917 0.102360782247915 0.070382502463349 0.0182530281062856 0.0976972044429494 0.05015344555879 0.185966810203288 0.0188412085163941 0.082301889490533
0.0212804390187133 0.197245511095228 0.0296710686951522 0.0808889849595964 0.0329851691867573 0.167612713495114 0.0131688234370066 0.210462246382346 0.18359075688243 0.0630942868476559
0.0144994838149172 0.0368726654454422 0.0223242376371723 0.0687967511942677 0.170167082454087 0.168435844581001 0.0811599278630263 0.105203096878199 0.124723234679022 0.207817675452865
0.117091495423398 0.134715031198965 0.123061497204161 0.0264441061040711 0.107639208779373 0.0639034558073383 0.11731860818652 0.139499838407132 0.044770585179657 0.125556173709385
0.155620654491896 0.101742808003025 0.170953586997561 0.00678057773958246 0.154563489047241 0.0939768992802229 0.0451551292109543 0.104426054643969 0.0511859095196808 0.115594891065867
0.0445113469474669 0.0685437134275176 0.141844773576313 0.162285311914043 0.113040498234896 0.0507008500096222 0.0945499486347072 0.181103439533412 0.0136223707165632 0.12979774700546
0.0202690589382498 0.143639549988629 0.0283772539260001 0.132833123606601 0.0382748802548642 0.165312774357626 0.114798495439392 0.174754936959616 0.0478462532086755 0.133893673320346
0.0705216632538391 0.160823001732782 0.162915246774371 0.10616946423975 0.0134066022720529 0.163571950115114 0.0634325056752454 0.113842439848124 0.013757978067839 0.131559148020883
0.0827618320557397 0.229238734602258 0.0367219077892328 0.114158232677975 0.130886338632942 0.0232788977648914 0.105151895295085 0.109804306930785 0.0608082691932781 0.107189585057813
0.050055099217855 0.0740054203433665 0.0897657286386178 0.0513162329931803 0.142882858335158 0.135299594420243 0.113427270443753 0.093289725207038 0.158195196750448 0.0917628736503405
0.0954777520194979 0.156115364430937 0.156568922773044 0.109055281735964 0.111039468753817 0.0782557926582425 0.0140070757848513 0.12098924070384 0.0711558873656573 0.0873352137741486
0.166287084967648 0.0675321546868344 0.108581690638923 0.04231102099191 0.0550197193154891 0.0186403216753611 0.183941719390134 0.110711471133888 0.122458653750993 0.12451616344882
0.0592771383162748 0.0855842601210211 0.03952483353117 0.315445408482193 0.21193002147768 0.159514441442078 0.016804451655674 0.100678389489001 0.000972997000594036 0.0102680584843142
0.0970486286205369 0.1893607248316 0.127621721220012 0.0180379894610696 0.123770598721888 0.00812802426457283 0.0258880678265844 0.0825974911484205 0.14571259838321 0.181834155522105
0.16364015439822 0.00108510210845941 0.165332677936302 0.140177135383572 0.0459562449702246 0.0925187988046842 0.171508955992761 0.0952211466155051 0.00499159306270861 0.119568190727563
0.114617839704688 0.176939668702043 0.010254500701725 0.186813130604003 0.0554942190149372 0.0118671303043858 0.189239015779463 0.0487869845355068 0.119351663081176 0.0866358475720718
0.137412205993445 0.16545041995954 0.00533373298444621 0.115835512051489 0.147370498025616 0.220994111594022 0.0080517087512519 0.0885507743728565 0.0393452199036562 0.0716558163636765
0.0854350159872552 0.0736218735438418 0.0798093199044087 0.131572855266539 0.0905672278601386 0.147097701749383 0.0789096394256223 0.111270247422747 0.128539218633781 0.0731769002062831
0.00884960257661024 0.153181940048418 0.0178987036242777 0.00229390689823217 0.101227594473889 0.0987467518831453 0.153515520911788 0.143505520667777 0.149829301758642 0.170951157157221
0.0272249135457195 0.0278308785465185 0.135747879546489 0.116582147326312 0.150539301740922 0.141702224966551 0.074351494099292 0.0857668837077749 0.123805178046016 0.116449098474406
0.115029754567217 0.0276061246575981 0.17252603769552 0.0812268175431793 0.0510228121490012 0.195787917100571 0.0765193056113475 0.104375340287958 0.121493341841044 0.0544125485465634
0.077638108833555 0.0289635936655157 0.025604039425186 0.0537281631597915 0.200791655472428 0.14647713342152 0.186701900036672 0.0212097400321468 0.123579219031904 0.135306446921281
0.130838174196982 0.0747828022350512 0.03269208538759 0.0167637861666063 0.228727607894044 0.157362227234831 0.0800012622048306 0.0102623036303666 0.216849080253433 0.0517206707962663
0.105305543298692 0.0582711691570645 0.120251478801168 0.122789431402073 0.119873881099791 0.118402704036111 0.10201217645955 0.0588909266656414 0.10995296676594 0.084249722313969
0.0356808097070492 0.0119622543447153 0.317162486591712 0.186862178527339 0.0571627582538417 0.0261750536368696 0.0246040770177454 0.096374866620046 0.239932270525056 0.00408324477562684
0.137836572423185 0.122695956612762 0.0255075994959931 0.218741735050489 0.014511821850906 0.206250929813695 0.102471198601948 0.123970827541027 0.0264467288184864 0.0215666297915091
0.1227330235041 0.141927268729426 0.124366277175131 0.0801605540758274 0.0757866146444935 0.0847264504113212 0.0592620130576806 0.15019899718324 0.039995389730383 0.120843411488398
0.196852199879271 0.0156050764329066 0.144312474966425 0.0380790513814483 0.205828353858213 0.205025008593115 0.0382590746963054 0.00684247885120542 0.0725815431055878 0.0766147382355217
0.0767925854568638 0.188654823397957 0.167769870684617 0.136343419783781 0.0746849062004686 0.0278272367758009 0.147682022804155 0.0558310996112165 0.0673415867191341 0.0570724485660069
0.127433488244588 0.148637490659506 0.0786250874609916 0.0286434799297158 0.124305439030417 0.150861807629345 0.0819282927392023 0.023263838541662 0.0596770169289696 0.176624058835602
0.0932469566519059 0.0790281547261602 0.166282885384559 0.109776224297385 0.00342802638821671 0.0782278786686695 0.122135451945164 0.103534687123978 0.136344870180835 0.107994864633126
0.134265196108667 0.194443935738168 0.0234374220625723 0.0146174850700159 0.0257287414338992 0.19296537545139 0.0396820450705178 0.0272352794305258 0.196374165219687 0.151250354414557
0.16069258593502 0.179423978482816 0.154736342992781 0.16798387877862 0.154653668122125 0.0382384731066801 0.0215816934776465 0.00271757331494168 0.0729851837144533 0.0469866220749163
0.0335129809261448 0.0746935580091544 0.086061379937668 0.0660343857334179 0.160622246473156 0.0966695211468658 0.173734995987056 0.0459796146178571 0.144849749006667 0.117841568162013
0.0340835004526993 0.0899641756447012 0.205033062301524 0.149507179439626 0.0285909692751358 0.0598340343391412 0.027170236843797 0.14977685811691 0.116484083769407 0.139555899817058
0.0238063083359791 0.0921389191091952 0.0133430608421889 0.100237667682367 0.142968499833602 0.134438686567417 0.106649734824357 0.124670045688548 0.17259989964235 0.089147177473996
0.00378604139139378 0.0844983545918119 0.0836451892129647 0.108198440723047 0.169927864940753 0.077567632495894 0.160594328707507 0.122892719104904 0.0612329848213812 0.127656444010343
0.22049785311925 0.0429614917067053 0.197831695819881 0.19484214169539 0.0290894939222971 0.070437448863052 0.0822500866014521 0.0475606201923437 0.0408319916618951 0.0736971764177337
0.0077265145209467 0.0497620483048505 0.0619937301502839 0.106200862510957 0.00565193504459914 0.241254554901403 0.193689431221729 0.193140993953661 0.127588359264538 0.0129915701270312
0.151407039683197 0.00428383237340626 0.112790396403148 0.0882134153113204 0.0415330572919794 0.165602749912773 0.167069650847362 0.0755178793905066 0.0172157876281057 0.176366191158201
0.156890521848258 0.104942529770014 0.0487683740491651 0.0201435529246068 0.125428424791982 0.0635529517878184 0.160650953441693 0.119231830474307 0.17418572011015 0.0262051408020054
0.0343685072443366 0.204287870619062 0.172705230030364 0.0156499952911749 0.063449764616172 0.00177351824784307 0.1126612662471 0.0818280509217272 0.218749188038889 0.0945266087433312
0.259665404236557 0.219843194133153 0.0549494743298204 0.0300320132641558 0.0676384942282642 0.113941175785581 0.146842505170506 0.023707703343358 0.0638166874319516 0.0195633480766531
0.0545302474902574 0.0891204852500053 0.123892029129594 0.0385203897132566 0.119541863099106 0.137696299698239 0.123066348876131 0.102159035539469 0.0943698877879453 0.117103413415997
0.0169654366323747 0.0714608254043892 0.159862310418584 0.00376892848908063 0.198108873120182 0.17137300110299 0.171335628654997 0.0121411446306931 0.180588661324063 0.0143951902226458
0.0992880822567843 0.0829808502825021 0.0350714801676285 0.0358188534212984 0.241989356877947 0.0658741076269912 0.145717522766464 0.152303061293033 0.0974492021958418 0.0435074831115095
0.10695507770259 0.0589421086807316 0.150713113584259 0.156277807534678 0.172640856323803 0.104537827552857 0.00112193795468375 0.083132486227845 0.0681946658464849 0.0974841185920677
0.170591584243162 0.109266490244229 0.0179257136832198 0.0710967108598645 0.119399236488236 0.174353182693432 0.126368278439019 0.121675628814309 0.0824454699906608 0.00687770454386796
0.0029501863897153 0.0146010301805577 0.0794725527048365 0.0145379721316779 0.230259870038876 0.0694711752209354 0.136782299625875 0.230123911115585 0.0597791797340652 0.162021822857877
0.0743316447961463 0.153656609637765 0.135464487062016 0.0271696224132094 0.0390003883535085 0.0500890581282224 0.0114344011139408 0.170613464039053 0.122778650314058 0.215461674142081
0.162909820244489 0.0520411052478858 0.154696641141223 0.0754862843329978 0.135431607935681 0.158920941013701 0.0141950370614932 0.076300550905809 0.104292073738918 0.0657259383778019
0.0346989179350597 0.0419785158319797 0.264173561776559 0.195829247783116 0.014355538203152 0.071256255219576 0.0326417690254629 0.0951356062743849 0.226459449184604 0.0234711387661051
0.162335060135512 0.0187885157558841 0.0362125518533794 0.147576777624957 0.0100127140043449 0.110098541668107 0.227568355617269 0.152981423374491 0.0944783075256457 0.0399477524404094
0.0929696010827812 0.177797306096106 0.0786319675293275 0.0717447270642824 0.113784018527002 0.101653079579457 0.041498227476123 0.0847881641803016 0.0588298701376454 0.178303038326974
0.115776226404288 0.0794474352907809 0.115792000914926 0.0842315607220108 0.105201550022541 0.063556615996035 0.123811064474193 0.178460610317029 0.0166536094312495 0.117069326426948
0.0712777862194416 0.0292236807434428 0.131549775499162 0.075596067531554 0.105184882951265 0.139625213038446 0.0964799692619284 0.0903079476578649 0.170727709183508 0.0900269679133867
0.0395131803057878 0.130700938528242 0.0686113310973547 0.165890660540556 0.137489205363635 0.0622129250221385 0.146802598219517 0.132506620254973 0.0823078239158289 0.0339647167519663
0.0956774273865587 0.0472769704901178 0.115573668375185 0.143552878396719 0.0550573259138633 0.0566762424452136 0.108542724480305 0.205075816152817 0.0487947632942508 0.12377218306497
0.0427239289815258 0.143320424896023 0.121190391698602 0.0511697320973722 0.0469662774694588 0.132409648954147 0.186383740799246 0.0742094011503535 0.00532072712670449 0.196305726826566
0.166683630943626 0.0305057291803639 0.138712708140753 0.0785729279817113 0.0509616569231214 0.109691730175154 0.0117356884381591 0.141461988910812 0.0817253287285109 0.189948610577789
0.247088595725739 0.0103177188587033 0.0924082253718291 0.0405484606394511 0.0209268572454198 0.150764745287555 0.283430537605268 0.0207885923619309 0.0330040721811816 0.100722194722922
0.113578575424781 0.0800283159240105 0.169390510221862 0.160153632870929 0.0829325677737695 0.0721281681212187 0.135015037092636 0.00446305537612717 0.0536820606168373 0.128628076577829
0.172961481735807 0.144651512991179 0.163375336168281 0.0149995114158945 0.0678995883687737 0.187896740598332 0.103351034946137 0.102204432684195 0.00579743435002773 0.0368629267413728
0.065677873231369 0.142770139519121 0.0849580481928574 0.0427582802937226 0.128892994780819 0.132936254811025 0.129124260825596 0.180901640214223 0.00959726788484374 0.082383240246423
0.133602359622342 0.117926089055486 0.136799791062974 0.10197058559022 0.0540249805089227 0.111709128553669 0.0265559442711504 0.0960649312804646 0.12344218135747 0.0979040086973014
0.092050143416441 0.0440206966215689 0.0986806216347395 0.0141379469806869 0.164892204858485 0.0951617028586005 0.130556096459961 0.0615403286187862 0.176562258660259 0.122397999890472
0.0815939681459846 0.10402186730112 0.00782044396569709 0.0401363102013751 0.165093531249464 0.195108253092651 0.147065608998412 0.139081531316403 0.0834043185552048 0.036674167173688
0.0323722069332873 0.061723995839668 0.183678794321646 0.106215211120641 0.0209851521421689 0.11551728576924 0.0599758042598567 0.153743613707547 0.171626403377775 0.0941615325281704
0.153275133754154 0.0321651986318523 0.0911877709098442 0.0128215879724403 0.136495861027459 0.103397206167515 0.0987990083963973 0.136745820023039 0.109512803975039 0.125599609142259
0.163373667111722 0.0584312355414826 0.0961590887458816 0.132364448652583 0.0094358022190687 0.128258108344871 0.0941277774645684 0.146343334263674 0.0285735601718597 0.14293297748429
0.0715828052876525 0.00109114022143137 0.199877111018089 0.014262939936924 0.0885107124720431 0.164560060712001 0.215893305934938 0.0968289769840339 0.0427140103811626 0.104678937051724
0.161492679484941 0.0356715623764357 0.0739304642137551 0.0741959778499594 0.126056325517481 0.0661357936505762 0.170393495872168 0.0290065674088457 0.0907895978656492 0.172327535760189
0.127094720221778 0.169846231341355 0.005991406438103 0.124377328361986 0.171793605742141 0.0342649965202412 0.0468135070481642 0.164523347171966 0.0778370008380874 0.0774578563161781
0.088060688929928 0.174555600279996 0.122259559922805 0.0706880197590631 0.0133147519237778 0.0507794642674674 0.021877029476484 0.160404774547038 0.123652608788719 0.174407502104722
0.0515041437576979 0.108253437171237 0.204392841331282 0.173796138883594 0.12064177479889 0.00577654704327194 0.0952732293763345 0.0180768684942803 0.0765971068502779 0.145687912293133
0.166725108540983 0.036249958120679 0.152495276578505 0.0876874197724207 0.0135966608446638 0.185703020805761 0.00542120986686409 0.11009871311179 0.14562632597642 0.0963963063819124
0.000128291229105667 0.148590750658694 0.0273265725292967 0.147539022709263 0.117194705545939 0.12965154091823 0.158983574001132 0.0709771579250164 0.0522772178630158 0.147331166620308
0.110193534470642 0.108623661681546 0.111131779515798 0.0162620864842068 0.168599729658375 0.108229999561918 0.0671158007572581 0.116467804404741 0.0498378645152443 0.14353773895027
0.0483461573845302 0.161224159649647 0.0641433251677869 0.0383481706486172 0.0900154084152621 0.178891423619285 0.0700614487565753 0.142998371168099 0.0228599237198613 0.183111611470336
0.1549176701593 0.0524640356220953 0.0272029349165402 0.01751462648387 0.135883252438592 0.0157642827753624 0.0387982611302853 0.237948880682274 0.0762326841231271 0.243273371668554
0.127666713740202 0.110153264589234 0.00537576068977448 0.0272456062396062 0.0311702384431024 0.174448620974149 0.207691082349426 0.102605532759004 0.101935548220321 0.11170763199518
0.100562531736401 0.0962378175709288 0.122306010057984 0.0147852042391154 0.142789079192038 0.148520224162925 0.115590355628004 0.191055326424259 0.0282867198462799 0.0398667311420641
0.0801700918098206 0.077470250948712 0.0978485904576029 0.167792992839228 0.164286716898441 0.00881580404041234 0.0326591663007578 0.0516362814771924 0.222730880704145 0.0965892245236883
0.0754191844623286 0.138510303405578 0.155008226134065 0.0752750682340015 0.0498559001842125 0.122446604731069 0.130757727490231 0.0289700668617315 0.126663327538925 0.0970935909578582
0.150841367003517 0.025550017898381 0.138726463425203 0.0954387476058944 0.089805221558433 0.0727720590772402 0.0164764755293953 0.0263325686568365 0.160653370030639 0.223403709214461
0.127050327942314 0.177528673022723 0.127213534577193 0.0195448243783526 0.145646540253305 0.128552943745281 0.0461100569012864 0.088997344201582 0.0574056898492364 0.0819500651287262
0.141806679708982 0.163052703452487 0.146117046540071 0.0295624116206066 0.137130759315388 0.0743126773376066 0.0518593263795846 0.195639801749235 0.0569182041952141 0.00360038970082532
0.0315654792403604 0.159312607809863 0.144149027253612 0.135409022887965 0.178986341596893 0.0044281040975696 0.00404073223994949 0.0793467776809075 0.0493092657076423 0.213452641485238
0.033544101901201 0.0758928883605876 0.0395884290683726 0.17117057568882 0.2309254192 0.151500853087759 0.0843230663765687 0.0658153325200949 0.0627674836426708 0.0844718501539254
0.0644049310538943 0.0438907112383789 0.150035312066191 0.164200333017877 0.0557383436724361 0.112298009071815 0.137937286511811 0.0443702959218014 0.0708068141204079 0.156317963325387
0.0307914141663751 0.156784956219819 0.00152685351222132 0.0441615961549373 0.158600573314342 0.140375548807019 0.14311623753269 0.0921499315105346 0.122522054752222 0.10997083402984
0.121954257153453 0.0678792931173723 0.0298429412557721 0.116492403959702 0.170914629948785 0.0747665678908036 0.0557362517159114 0.104987060830748 0.123753053323946 0.133673540803507
0.0971877782901241 0.193904846058618 0.106076304060768 0.049982322246253 0.0305489377970406 0.136748724632294 0.0755260346892539 0.022200101087596 0.155976000663173 0.13184895047488
0.0960308221044076 0.101027517206119 0.146499929873495 0.135894522476862 0.0284245098360676 0.15385734762729 0.0421306565382269 0.0956730542453726 0.0369749391427309 0.163486700949428
0.0228486841434996 0.151536667875272 0.0548377373119708 0.0564092419761312 0.096392022478883 0.104426434502192 0.111920872694545 0.126713669312205 0.14509742199103 0.129817247714271
0.0440632956035977 0.0547164982458246 0.164141292135994 0.168336166093537 0.048454628447445 0.0772337025717467 0.132100257898593 0.0794422791728853 0.0775344913413064 0.15397738848907
0.218559662777971 0.0290526816847032 0.163843750351905 0.0359080038714282 0.0414767318571019 0.113387894221025 0.0705301564532677 0.11415741689794 0.0564318027208422 0.156651899163816
0.198263643756797 0.032161337553204 0.154437411974111 0.0133214554419718 0.0952071683555841 0.204167023227832 0.175296992292842 0.0315086591159434 0.0784829652372286 0.0171533430444867
0.174451095683123 0.231343833074146 0.0874873402212737 0.182984356470985 0.00951598276488705 0.025115611535362 0.152127257288269 0.0268802111594327 0.0199474412146483 0.0901468705878722
0.152197316341551 0.103946748534051 0.168142874984096 0.101152741737356 0.0587282198925427 0.111570125268242 0.109013919097754 0.0590942575025045 0.0186971019075217 0.117456694734381
0.152784942881058 0.114493811517455 0.137690289031841 0.0768267106132137 0.157110703522633 0.0307530123690984 0.0338616210688413 0.131700300002736 0.120558670711636 0.0442199382814878
0.0490462161381847 0.159561020285886 0.166751613978477 0.170935081841807 0.0823821388877427 0.0252312603954446 0.11746303264384 0.0355229595964763 0.0900724032189975 0.103034273013144
0.0187449714331543 0.0198054288176604 0.00988307261538942 0.114639149713836 0.018757234409954 0.19575480753713 0.191460320495332 0.138170505137918 0.109802964677273 0.182981545162353
0.121593988928179 0.144534088216722 0.120321057090295 0.0190675964107122 0.1252374223372 0.0640657809647773 0.180683948572019 0.0240001467094006 0.166024751112429 0.0344712196582661
0.0314460348611711 0.106279157510008 0.181124448476098 0.0118324356746207 0.172872176279238 0.0390570691427289 0.126084489810398 0.0423858037698985 0.139867713130039 0.149050671345799
0.00537735973951862 0.173274820461319 0.0170385845348656 0.100923807474058 0.0709518731866373 0.100881481855543 0.175857668279694 0.176447654929157 0.164681178056716 0.0145655714824928
0.119761477124291 0.16758873851078 0.0593192348298481 0.0078837962431898 0.129617480804196 0.0717340337798879 0.152927397385069 0.0645083604263979 0.144378025161807 0.0822814557345335
0.211541525597564 0.201284846934726 0.0691022303042327 0.0714750924441677 0.0883179284026817 0.16484286920672 0.0035630392773018 0.0439847233094163 0.131435581596924 0.014452162926265
0.125857729840085 0.0977192472428595 0.167446962127858 0.0760558451333409 0.021101673263617 0.0758986540253787 0.0846758038515265 0.125874279962004 0.117864542607774 0.107505261945556
0.147901832078796 0.164331764868748 0.0429116975498888 0.148293232206761 0.0691622555788123 0.0561395632656827 0.120892318235701 0.0061464123447736 0.151274612704945 0.0929463111658924
0.192723887670397 0.105609652972917 0.121594078968072 0.00160967644179994 0.151905191177021 0.0372403919941831 0.0437827553310714 0.0586031017980305 0.0574282748854035 0.229502988761105
0.043237554490197 0.11105542665791 0.128191684750791 0.136205713933154 0.0807062562283995 0.042116056795734 0.153019895440503 0.0450122166417099 0.160867384487571 0.099587810574031
0.129641674324756 0.0423943954644386 0.142549332613474 0.152033385658554 0.0513431573603521 0.00895626458510936 0.15430277749939 0.192309036537938 0.0894581583286501 0.0370118176273385
0.0790153871244195 0.0715750972210221 0.0800363815923865 0.0911314420265218 0.112372004319205 0.123460365434381 0.112090968399712 0.126754730698912 0.0699661842711636 0.133597438912276
0.115981008147056 0.0563491960413711 0.161081098086769 0.140518759409698 0.0357236526501087 0.0775374478540605 0.13907382969909 0.144909045668142 0.0631296197014402 0.0656963427422652
0.0524617827508084 0.146101413969426 0.109635054298484 0.000100440551148094 0.0711250785726203 0.0929693189859055 0.116159500801612 0.0838073058568629 0.139385220799285 0.188254883413848
0.00633603651130706 0.0852938101933832 0.0506925972858185 0.0234008319754963 0.17105625710095 0.0913624246375721 0.158032037387022 0.145925368629345 0.137589667842166 0.130310968436941
0.144300685250712 0.0883389698979531 0.0916738924761961 0.0499895048051295 0.129823333299432 0.136201185256228 0.105230536377159 0.117028045812823 0.0307791265324376 0.106634720291929
0.125363436620432 0.193169032414786 0.123052819380389 0.0605259073901191 0.140492316913638 0.00431728079655283 0.0537424160767029 0.0404780458958311 0.183660375728175 0.0751983687833734
0.0576368075232081 0.17267703790341 0.00945148699796357 0.0848233530241286 0.192160327674297 0.0998711687900603 0.0324874216622979 0.110949450266246 0.0672335719439596 0.172709374214428
0.0460657091853254 0.0911820995568398 0.0415359197734425 0.10325033759178 0.0573536894949246 0.0858132638868911 0.124304469398515 0.154076082084924 0.171301522230721 0.125116906796636
0.151741692741713 0.165085365103827 0.0889212558198797 0.0176909901810864 0.122273266060026 0.0777056106602661 0.0929559854793933 0.147597744291484 0.0848108903650227 0.0512171992973014
0.188999513861725 0.192080072026799 0.149555500746711 0.000330281594708279 0.0669722274452976 0.0786798919134303 0.0358426207092506 0.0815642836879049 0.132835417581223 0.0731401904329511
0.114575797088004 0.169267528860027 0.135547103996365 0.0299994379399073 0.0429723061781145 0.176542011722969 0.0964721605847667 0.0686427013199901 0.119424810699235 0.0465561416106207
0.169577844597275 0.0883616447972168 0.0439586691168936 0.156251647723101 0.140649937624465 0.0458762818198646 0.0668470527717994 0.151971997625254 0.128586729093748 0.00791819483038331
0.0753513496583484 0.0795443497789733 0.0501514156187762 0.0623664843552602 0.155171870935511 0.0861695463033265 0.112542538892969 0.129446474158569 0.127556580081848 0.121699390216419
0.0489266894819535 0.0947702430027623 0.00773724763475329 0.154406380495291 0.0741089844286201 0.252083374248599 0.189114797559117 0.0145602139686899 0.03993983772433 0.124352231455884
0.0478951413608888 0.0223919884988658 0.168153675770928 0.180335939359811 0.165411328482783 0.0165294539001477 0.0124257339564487 0.139805648540603 0.149618154478332 0.0974329356511939
0.0233429138684787 0.214207316769035 0.079212133512057 0.0335795785986561 0.221422394755143 0.00333201496293283 0.084078135185008 0.0788555795031217 0.0939333101746242 0.168036622670944
0.0251208378120724 0.134904221441721 0.00275705679017675 0.0341096405949388 0.172603108958565 0.13585974890113 0.109471390657076 0.14446976599065 0.178040854442948 0.0626633744107218
0.113240916129386 0.0608502978364162 0.151791362631215 0.0593076846537047 0.134307397879292 0.133482248937938 0.064312648772067 0.0164769142623796 0.161469184060634 0.104761344836968
0.175278821625021 0.0760512925203029 0.109996325895732 0.0717554110313599 0.0920783292860779 0.171576438627434 0.0396716940121542 0.109648525314044 0.0990558568063177 0.054887304881556
0.231733632740052 0.00279156476436146 0.0441397334283447 0.112491218483563 0.180411903074829 0.045553447903487 0.0901174128083523 0.0487447648709816 0.0688909674886295 0.1751253544374
0.141878279045667 0.0262108935545628 0.127225069817969 0.0445903274381766 0.18506728830289 0.0880422829225642 0.11789085496947 0.0164273661645517 0.0646382376534314 0.188029400130718
0.066574799029235 0.0403007427888702 0.132225888537893 0.171873177269577 0.0808349265149251 0.17161902563844 0.0342452999902117 0.100366178820537 0.0692499846762756 0.132709976734035
0.119673434477494 0.0691280936098292 0.0677232603872649 0.12733194855174 0.119764396948002 0.0965396076781097 0.115274195092023 0.116518744954448 0.122511344070519 0.0455349742305703
0.0210254720958188 0.1314632481267 0.18068323344357 0.15655870978879 0.0430174804980303 0.140336890837182 0.0856469648488784 0.183441464721326 0.0567275660316212 0.00109896960808408
0.117184389272118 0.120759303724334 0.0673885536393276 0.181668921669214 0.146632146390629 0.0357540369533889 0.117650489846757 0.0385531868340564 0.00237924116518966 0.172029730504985
0.0935195235700013 0.0481670216045757 0.0199994587385916 0.173022457864092 0.0742489749542385 0.0353350338936904 0.139342188073055 0.0935207426869431 0.140960917163854 0.181883681450958
0.0965035301426382 0.144540780158993 0.147204370755436 0.117356805871585 0.0376127712098504 0.129184987890958 0.0586066428907467 0.102401365169445 0.0654143707097786 0.10117437520057
0.0425720946789025 0.202954487741079 0.0314479856616689 0.199282727620529 0.134890187030491 0.0129341787945095 0.0372533490108733 0.0658236664484102 0.0865084736456168 0.186332849367921
0.113585589151108 0.133342588923323 0.0907271231707188 0.128722309664294 0.121222767075997 0.137510409367259 0.0275180136200997 0.0340314111762449 0.060830181315372 0.152509606535584
0.119772960716233 0.0962887175322625 0.0531076718653874 0.164450608871757 0.0311430133080109 0.153629080574169 0.130831681508995 0.0499353820132215 0.174324910400599 0.026515973209364
0.0713680080718673 0.0386785824085129 0.08607049613938 0.152003451063641 0.0985122263278115 0.0113380560496898 0.182856204566621 0.18367817581813 0.163789024949442 0.0117057746049046
0.0328445479000809 0.0710184115958626 0.192958232023041 0.126964425028941 0.0125731194663137 0.0256445468379393 0.210799091197479 0.220678161888721 0.0972938535582399 0.00922561050338204
0.000686935959721932 0.115413111008654 0.149783776013715 0.146830617561024 0.14491384935398 0.161870825866733 0.0393816116849602 0.0627793502415422 0.093262473061824 0.0850774492478445
0.129967157497591 0.194631498146214 0.0178934315533122 0.0497354409480103 0.128068210495334 0.00332521653631762 0.0830043653854734 0.177598405265628 0.113396211455765 0.102380062716355
0.24001554532897 0.0707571621174607 0.12471589401935 0.0754775863809139 0.0152409849672604 0.0223724439732896 0.00292891178471935 0.182073608853085 0.0911950857254138 0.175222776849538
0.0259253244443633 0.165829463840366 0.190035707000845 0.0664519211964609 0.0991984153600553 0.0114431347429183 0.153741853187085 0.183431430037019 0.0315456085861644 0.0723971416047226
0.177811617275649 0.00824149274304747 0.029850345735194 0.13713314293139 0.182825650965687 0.0427628597199614 0.149923349173301 0.131024744842223 0.0625483901741432 0.0778784064394033
0.117464693458826 0.0476594039316009 0.0550497954768916 0.151196501301825 0.115447943583278 0.14341271246073 0.105538779700153 0.112490890216332 0.0675356582899886 0.0842036215803751
0.0886361758620771 0.0116257197755387 0.0422762766462985 0.0691524600380246 0.160842999459433 0.0731797485884836 0.121786607840558 0.138091354218323 0.181960833308392 0.112447824262872
0.0725873892114785 0.152601941197495 0.0994529253077975 0.0260538177127419 0.126963148919194 0.146665444639787 0.152030035193314 0.0091842249774234 0.194363468729002 0.0200976041117665
0.135305749885502 0.154844313109965 0.116404882778551 0.0918155844977533 0.04451707121262 0.118604508169969 0.114284141587625 0.0359659247134598 0.0913049806816467 0.0969528433629085
0.181741580870028 0.00212575858209093 0.106576697474096 0.0158912121070273 0.185732759620795 0.0272751671377958 0.119930285029259 0.0228786887833493 0.16683798611562 0.171009864279938
0.183955252815976 0.0242597623245448 0.0619080598740065 0.0476660160424452 0.180697282681534 0.0977769374363999 0.00215648877052313 0.157101825041359 0.0975045440593388 0.146973830953872
0.0523184884712956 0.0862320456548618 0.156940927615267 0.163049043677402 0.134572132759022 0.0468242232158309 0.0380389996631249 0.0651978371211883 0.178327897293759 0.0784984045282495
0.00757613855156872 0.00224323742227209 0.0621180002525471 0.0511248914847785 0.227001942363047 0.0323352598842037 0.228850788066276 0.0378282336644834 0.17075640354583 0.180165104764993
0.143514594441151 0.0969189638183322 0.037184775314726 0.0532678487425297 0.0141201682852955 0.0347371576999675 0.178922484943653 0.186598145152246 0.0900324007115148 0.164703460890585
0.194516017506189 0.113291618081098 0.049382420363277 0.135830215020823 0.0927266339668275 0.0959597184719956 0.0736983699117987 0.0685146502932733 0.0212747858284908 0.154805570556227
0.0773088671908818 0.0787312886431458 0.15419757515465 0.00721829411117062 0.162379636899803 0.123468226053982 0.0823173942171293 0.0672599921110952 0.208079685485513 0.0390390401326286
0.114235384446129 0.0242915770373441 0.0340610688165146 0.078991757309857 0.0892557522949232 0.115235171695447 0.117480877604609 0.0709744515763291 0.17673229183905 0.178741667379796
0.168797771357934 0.198766342660003 0.070259549795536 0.0109895054482324 0.123405310804254 0.00315647112775027 0.0116692750355874 0.109059251617538 0.124159222785165 0.179737299368
0.146514403960268 0.0464242503672875 0.199864724710962 0.0623825818375172 0.00828807291256315 0.058998365370515 0.150266802663786 0.0468630924526747 0.119757379736673 0.160640325987754
0.145063244748165 2.79965203724739e-05 0.18494062279072 0.0522952664908351 0.119829110187182 0.186369968905694 0.0528483362781107 0.178035852798221 0.0412393428424884 0.039350258438211
0.0446176531270279 0.123915492876844 0.0800514267863405 0.134374212607232 0.0907882112958783 0.157642922194085 0.098085926511571 0.127760018493057 0.0207120726198165 0.122052063488148
0.00995964991000406 0.0604090485475912 0.0681090921081575 0.155296344888438 0.198710350360441 0.198939621520516 0.0953740922027166 0.113290849509746 0.0310104997103569 0.0689004512420334
0.084933536055873 0.191248072878054 0.0714535872956364 0.0369276208860185 0.0381326444888477 0.0650066325052592 0.129773479926237 0.0180279541429197 0.17153102567192 0.192965446149234
0.0355792715104979 0.0452312609208681 0.0947932460457582 0.162147533075361 0.0462646116548746 0.19682607507997 0.123102669467654 0.104567528034098 0.0671465268360817 0.124341277374837
0.141436679994248 0.095141964608543 0.036226082303356 0.189420327497314 0.198301096456595 0.016089061206239 0.00541013736959726 0.159352596115474 0.075845466929109 0.0827765875195244
0.118191914986044 0.0284666130317385 0.196371053025182 0.119217579131782 0.0673029698247298 0.015301368549782 0.0975821059686487 0.163111581700576 0.0519624336579265 0.14249238012359
0.166071875666647 0.119774473120881 0.176578924833643 0.0596651542096418 0.0644078582413686 0.0727630892466076 0.0744307920368449 0.061476177906647 0.0596663457530408 0.145165308984678
0.167025829271647 0.146471468527997 0.0663428528831638 0.117260599583225 0.00312043461846737 0.10565583529595 0.00375006647512797 0.0890568333089085 0.170010243691643 0.131305836343871
0.0847803417718115 0.00748245180494125 0.0121959101276404 0.102544857512314 0.0971430466568647 0.136077329441305 0.161271871243181 0.0861976731043338 0.141544669971173 0.170761848366434
0.107586548315991 0.0653086208757193 0.0449967182576686 0.137645193698418 0.0852979504802948 0.075009348940723 0.11951037222202 0.138392757248298 0.135795289361659 0.0904572005992084
0.152684658924817 0.111436375570086 0.0773260449879153 0.156763805556623 0.0170639790584818 0.177897126826785 0.123435550825358 0.122853958208075 0.0395093193810573 0.021029180660801
0.0425324766664858 0.077488150904432 0.165287802099527 0.0154348255437637 0.116000478338693 0.2195775989145 0.201228773392806 0.0225663293882395 0.102838753264171 0.0370448114873829
0.129557573766895 0.0179540744815188 0.163317241517108 0.134240734319504 0.120516689493348 0.132796602158185 0.0241533310786713 0.101099075658995 0.0761034283674936 0.100261249158281
0.0394177111836643 0.0485452751896798 0.0806001140741549 0.132940904231586 0.116234559959123 0.0800575265152009 0.0745211521674912 0.164363842123838 0.148646064628241 0.114672849927021
0.0547778109493613 0.155603904765216 0.00580776618950346 0.141277481926069 0.0065585879446631 0.17100557114078 0.0952645665350961 0.0851125539339603 0.14651617515832 0.138075581457031
0.0474345650227043 0.150375156185357 0.132727640700223 0.0174073503169031 0.249086573765732 0.0286566894606388 0.235571664164667 0.043780831259741 0.0724808871869047 0.0224786419371286
0.117189330726796 0.169245572096068 0.215730930867828 0.0143939756576843 0.0393865990919191 0.160886195529475 0.139126459854751 0.00710312367299126 0.0840364746718918 0.0529013378305958
0.113861738146903 0.0858611542477183 0.0925474329306604 0.103975333511783 0.0277399446868303 0.108291993395643 0.101532241322101 0.125592642867113 0.124112193277312 0.116485325613936
0.0196922569784971 0.158090219961475 0.157226782388713 0.0154282949388803 0.0468814030338729 0.0569596170657004 0.207841078987628 0.023423639353195 0.0997968406098653 0.214659866682173
0.194998769673216 0.0636506659806136 0.128644965846121 0.107425314697584 0.185624171743679 0.0142569800398211 0.107451431440412 0.0398040077690197 0.076864143971245 0.0812795488382893
0.14064927034326 0.0521365680315846 0.0268118724696536 0.146274865759469 0.133051073765495 0.0879241733266014 0.0469532555546799 0.13224003145877 0.0940764480213141 0.139882441269172
