0.211231550603556 0.237549762910022 0.23706338200505 0.151134410378936 0.13813990774688 0.0186526213125978 0.00622836504295771
0.251622768962471 0.227198775535221 0.196496540454239 0.028552196332623 0.0326164648864807 0.145622602200743 0.117890651628222
0.0424649396378092 0.120847109147465 0.222458550207744 0.0734551367805415 0.213505682528719 0.227507720279149 0.0997608614185723
0.144071162210829 0.107504281651891 0.197762985372774 0.0552019012083129 0.161652693930187 0.149316634279878 0.184490341346128
0.141244186825995 0.148225220613383 0.050898316071679 0.147450019018774 0.185074417992732 0.123008014039978 0.20409982543746
0.202146295419748 0.234335579748668 0.231722555309284 0.06211232946665 0.169665748420386 0.0984071939449782 0.00161029769028568
0.18664089739352 0.112433882729829 0.0828909266223097 0.191152957857437 0.177379314134939 0.147318792710146 0.10218322855182
0.0497853256599719 0.249837651989935 0.148817181395182 0.130884632847262 0.141281187574334 0.113937591030293 0.165456429503022
0.000729529139489108 0.0447010766376468 0.205651849493172 0.23368879323931 0.228458051001678 0.11148624825923 0.175284452229474
0.0847023442060303 0.164440316157224 0.0041872422041245 0.129656181530132 0.0962030687430138 0.301718382419595 0.219092464739881
0.128394878662626 0.154852304365974 0.162891034301547 0.00830187099700217 0.316296995728829 0.03363975978853 0.195623156155491
0.183900822116631 0.233910373813896 0.127091596676399 0.0363411868293102 0.011622400684602 0.246332554252147 0.160801065627016
0.03317705957821 0.261426092926106 0.00184752646807177 0.0285830590041463 0.332727888340896 0.0852482223493618 0.256990151333209
0.227852235299578 0.0477274702994164 0.231318347806186 0.195134439659886 0.223932956064489 0.0304803878647346 0.0435541630057105
0.241882935119181 0.133025125067813 0.0419272299561017 0.00169665119401602 0.169445754557107 0.129819319777457 0.282202984328323
0.281904585517414 0.194097086154472 0.0189986250080485 0.0355253093485978 0.0445196510485178 0.221622557646857 0.203332185276093
0.0618513595358745 0.163302110806837 0.106685700024176 0.152906229306987 0.220739994297096 0.187297950879826 0.107216655149203
0.185719135287191 0.0421077632687118 0.126446706130866 0.184783238606524 0.195018293734376 0.179515250754686 0.0864096122176448
0.0919451174452988 0.0847972217327269 0.117200269876149 0.253737772166936 0.188133061799515 0.206705379151058 0.0574811778283155
0.212695818252901 0.196825013946755 0.0820893357411249 0.0826270702071656 0.0138258906267346 0.297425994052309 0.114510877173009
0.216469595151685 0.110498854477249 0.156288085605554 0.112749759328287 0.0294866064690117 0.208701611816169 0.165805487152045
0.342993389345165 0.186945391933036 0.0319134464386348 0.138397130859839 0.0468523455416458 0.0386099406410749 0.214288355240605
0.172286049369598 0.202503911639875 0.070874362989847 0.169041355866504 0.0659117759566478 0.282862001880699 0.0365205422968298
0.22161784296408 0.13686974099888 0.100541311061354 0.274458418183433 0.125373133439891 0.0236471010259084 0.117492452326453
0.241822603858472 0.120567272145711 0.182678649444398 0.0673692870245068 0.0139087198076542 0.14187625593795 0.231777211781308
0.0610569507682456 0.165493866802599 0.201932279838793 0.155224241388211 0.0790836992294189 0.19048194638248 0.146727015590253
0.192273224645378 0.0275070014638932 0.243299091400939 0.0929818452945307 0.104604842226763 0.218076186651182 0.121257808317315
0.173621262133911 0.200463162715236 0.187137552022826 0.0498252570945045 0.0518893330236891 0.22676462439506 0.110298808614774
0.034028809996172 0.154348232047728 0.361318905404718 0.0439110639773946 0.264638370393389 0.0149574133004451 0.126797204880153
0.0112776130638914 0.232355139491079 0.212119200934943 0.0594638615129247 0.0929557311639278 0.0043141668819955 0.387514286951238
0.24193054156807 0.193586406481294 0.152321064788203 0.101385136849285 0.134484799374533 0.105291577340469 0.0710004735981445
0.129954386655435 0.0397619633378725 0.332722005380604 0.177422568822522 0.220611072326498 0.0306138267028844 0.0689141767741841
0.0330323223509199 0.233621145123936 0.186752675066249 0.0540208538060192 0.167315174236615 0.195267257309884 0.129990572106378
0.120523660009688 0.0100489743649838 0.0378212964608694 0.250776968123049 0.108453313966185 0.15953510476269 0.312840682312534
0.259529361752835 0.00140689965860537 0.31547168344441 0.107999212347449 0.025261010559749 0.110667520776087 0.179664311460864
0.232653257028646 0.0414442453109828 0.0393141252056589 0.244493217690726 0.010186497662649 0.225029967769623 0.206878689331715
0.204588222857973 0.142181708142818 0.0285553485234426 0.2165803342498 0.190540552256411 0.0605815885426981 0.156972245426857
0.161607108272964 0.188830228318009 0.157909114842005 0.145725694984643 0.174890644794696 0.0443868741471267 0.126650334640557
0.158060171331787 0.309565995367955 0.0837743569271218 0.0184748093346826 0.0947705074197922 0.0592813905620109 0.276072769056651
0.0969504735172536 0.354850081679297 0.00395115033323988 0.348147857069008 0.0627569057942095 0.0936953783918994 0.0396481532150926
0.132150597783138 0.269317038008864 0.159770150307899 0.0980725850727221 0.189110407325363 0.115346103170848 0.0362331183311668
0.173485208873791 0.123846075688635 0.153464425275388 0.0710038831744678 0.201604064326716 0.0304264811682265 0.246169861492775
0.156658627882547 0.20353952454679 0.213656216918009 0.0838437622149613 0.162684334425968 0.10687156476477 0.0727459692469548
0.283549175759107 0.0951701379349064 0.0967493955917674 0.00665776388252901 0.335335547011381 0.0304504972990233 0.152087482521286
0.122565890294821 0.0438632505608805 0.248090162495299 0.170238197760459 0.209370663167784 0.0706321687106873 0.13523966701007
0.195232266996365 0.140055115634254 0.0355705049319354 0.302989651681573 0.0657763336034016 0.0442941008320882 0.216082026320381
0.190635129367845 0.236886696772781 0.0348006240874667 0.105835944194047 0.271463043379114 0.100134764493803 0.0602437977049422
0.201988031216526 0.0547983265475612 0.198270878749797 0.138679569078013 0.117752473000581 0.102320611203543 0.186190110203979
0.0036030629136816 0.0689052560966213 0.181449627789411 0.342537355850918 0.0641063864417301 0.0382365970047835 0.301161713902854
0.127660012715081 0.0767359461121984 0.160353475346753 0.208710893909716 0.107701834406549 0.0633175655207895 0.255520271988913
0.0331450586032249 0.0195716389521157 0.162154331605134 0.00118281352769497 0.273500454399225 0.446484766966622 0.0639609359459835
0.208164068590588 0.0587126918421562 0.203868551869319 0.0509500725525617 0.118256894578635 0.119557587517344 0.240490133049396
0.0914455602424373 0.291102226871596 0.010203588724938 3.91280348183239e-05 0.0630863966383591 0.286141068601455 0.257982030886396
0.128354759906015 0.0127091279020894 0.207962288327934 0.0311426311175972 0.322322695170967 0.0839620206972744 0.213546476878123
0.0475471677304078 0.0746629514643231 0.171898664990852 0.163871805274654 0.215597986190979 0.121628971514735 0.204792452834049
0.161483462615124 0.217590145368713 0.142417070075326 0.0152372722278226 0.147894083841582 0.184416612435925 0.130961353435508
0.0638071498123349 0.211266118184335 0.207183875484066 0.0634999920752851 0.247504857838766 0.194522794408214 0.012215212197
0.0796768005150748 0.267394730524709 0.256329123563719 0.139556087880944 0.0953133818604895 0.0435115972863016 0.118218278368763
0.0151471727422141 0.258319501486108 0.0496179561241317 0.0372228136175254 0.313716462152425 0.213632960638558 0.112343133239037
0.197710080911888 0.104018236183991 0.132140321599679 0.119212917224304 0.197341970033697 0.0328721690376379 0.216704305008803
0.0598269345528627 0.189478157436855 0.203086045562852 0.170844561643472 0.209947080256098 0.130593821076116 0.0362233994717434
0.192664825780701 0.0666509574965675 0.0038126419191896 0.196164906732855 0.034858404849858 0.259530115864121 0.246318147356707
0.156667002832445 0.241492249798008 0.121611809608132 0.119083271346816 0.126541720706572 0.0773696824049103 0.157234263303118
0.16470298518423 0.18010565831859 0.122020422818666 0.176591602133043 0.201877397819381 0.0644931259249839 0.0902088078011054
0.21343881307779 0.0990791629816887 0.00995067883489823 0.0646453563107247 0.0874569724561494 0.293656645245803 0.231772371092946
0.230540921372068 0.116442505955825 0.197520588012138 0.13247519611158 0.21857537375827 0.034716822709927 0.0697285920801921
0.150015938358438 0.208845137526006 0.220968591636047 0.0141549799593343 0.121416213345573 0.0698968689192546 0.214702270255347
0.342300057419023 0.237687944321072 0.00633695826266215 0.0312877362256109 0.170802126522498 0.0214216962425036 0.19016348100663
0.146859195469041 0.318662906817374 0.0109544080624494 0.308521550595764 0.0792385551441584 0.00579054500071163 0.129972838910502
0.0665292144295579 0.0548387844619131 0.270796624646249 0.1305433701415 0.304069118509976 0.154759419067583 0.0184634687432211
0.171353400883673 0.164774597507008 0.0494100445918449 0.218924258139284 0.161088723334481 0.0354303114230708 0.199018664120639
0.0820798393872411 0.109806350549276 0.112086923494383 0.187176641075018 0.14061486647308 0.211732421799185 0.156502957221816
0.259919058770641 0.277474169464445 0.0108026946060132 0.0977902607189095 0.227310892455491 0.0238770770273723 0.102825846957129
0.234580031363256 0.20647895845029 0.0561849085764704 0.0319446608428987 0.174733689559719 0.220923616933005 0.0751541342743606
0.0604313660769777 0.137413985101998 0.134553235248437 0.0528276817352977 0.222055811886392 0.248136878923508 0.144581041027389
0.147547254523032 0.0381712323351531 0.181725129993244 0.12732317119719 0.150262089832625 0.164125690607532 0.190845431511223
0.0947110831799489 0.212996458796559 0.136940294512306 0.167493712522556 0.0607236204182573 0.152509079543347 0.174625751027026
0.0929719891276061 0.1220999164124 0.154074759341461 0.197529690910458 0.251071835515445 0.103751182653827 0.0785006260388026
0.0456901702172965 0.156195155132371 0.0714955068212064 0.307516347652773 0.00170626505475981 0.278783341206928 0.138613213914666
0.245905588969721 0.118279651047499 0.0138866828965016 0.210837815126432 0.145643122359191 0.116487156956894 0.14895998264376
0.100600445229634 0.289221833367931 0.122271019024571 0.216338731154914 0.0616262791391357 0.151513921063738 0.058427771020076
0.103342535725619 0.182145977711093 0.0404363826565905 0.0462968086718361 0.236307628739744 0.30506257013377 0.0864080963613467
0.0337883082624074 0.144738856944382 0.117212965567684 0.127407250529472 0.188616318271303 0.127442427118803 0.260793873305949
0.191181039943617 0.12554846708649 0.17590759529948 0.151407935726152 0.156427438797381 0.0925407257041176 0.106986797442762
0.0928506213341129 0.00208130315338012 0.209159071152726 0.222512035024996 0.214862339750086 0.0957787952562642 0.162755834328435
0.225697675217727 0.0688385410918021 0.224884018768623 0.184678094609865 0.212453406538322 0.0758034164367999 0.00764484733686102
0.232741973994666 0.0824556335424711 0.0591109307883316 0.202328326060033 0.0785275720420103 0.099089519884554 0.245746043687934
0.0657191491701713 0.201272036921204 0.352628594065208 0.0593791811231189 0.148865969707129 0.0554620541391095 0.116673014874058
0.212127885483254 0.367294156689996 0.242800097891539 0.00115605483785612 0.082791298529559 0.0596444216635834 0.0341860849042122
0.214860967951845 0.0516263242139294 0.181382993755139 0.0586049412053907 0.172051554514007 0.177604372197413 0.143868846162276
0.0229861150320393 0.11102446499747 0.0563221996189009 0.159528433398444 0.227258797313873 0.149032040765848 0.273847948873425
0.105187013956843 0.17321781208735 0.138005592861866 0.00647216424665726 0.0291331235296952 0.304871640516164 0.243112652801425
0.24018225918548 0.0157803402509025 0.00958567746959648 0.152214063776981 0.268619442434264 0.163872292584576 0.149745924298199
0.154441783060876 0.0308771156394297 0.171048948190839 0.245325160056967 0.177596972761587 0.181890430452705 0.0388195898375976
0.0400471394951199 0.155613965153254 0.189983550508013 0.247896592197893 0.107819408599989 0.196170378465106 0.0624689655806264
0.0501415337761673 0.159845707968359 0.179244186837635 0.0421867802464587 0.158490724057897 0.165698673368297 0.244392393745186
0.119888113584353 0.217050763399779 0.113502016705616 0.102690870754039 0.0386573564628045 0.21477806866612 0.193432810427289
0.184141983847389 0.104204721397585 0.0494290580358489 0.217779249489159 0.0503819435037735 0.151102480447023 0.242960563279222
0.00016369545809478 0.259517606813316 0.0751870746981205 0.315455191009172 0.151239517191184 0.0627909418024091 0.135645973027704
0.206658146325928 0.104212456203123 0.199814885208466 0.0138956033953754 0.24704104278191 0.0118231161344737 0.216554749950723
0.153191071329196 0.0770167023542536 0.194690777709463 0.0620384425063614 0.160974860320792 0.12168781329793 0.230400332482005
0.0959210058898135 0.143616406655804 0.107546816896035 0.242139256293219 0.229863676049588 0.152562978178926 0.0283498600366138
0.226017164204144 0.0339063195532701 0.205366749302435 0.304532438902016 0.10950554660942 0.0965685319997516 0.0241032494289641
0.0776348091143721 0.199168299930485 0.0855906653285158 0.0919712421550528 0.254667917128236 0.00407694718528564 0.286890119158052
0.193318338966421 0.20331360390932 0.142215049026329 0.0465615244127363 0.122985889110372 0.150131268362423 0.141474326212399
0.00266128884995439 0.0981220648938127 0.211953290873794 0.123727434402707 0.301601106036299 0.111995168371925 0.149939646571508
0.0685032228630377 0.128076555474083 0.144501325177074 0.0687234025287523 0.30564798201617 0.108885892981244 0.175661618959638
0.199043502609402 0.0205363078378983 0.0690980334811727 0.0121547834535867 0.256590290447159 0.25101203257799 0.191565049592791
0.231835871983382 0.0403880216225749 0.181578200611055 0.00320999072978521 0.273791675598256 0.12700483750554 0.142191401949406
0.112516344102058 0.0578264041830133 0.224747242603077 0.024885367462763 0.15500547196187 0.196524973699924 0.228494195987295
0.0641380152757577 0.135397707294785 0.206908929911086 0.186386316817561 0.0755572144654394 0.0940903225786302 0.237521493656741
0.1907456594661 0.0812081501399187 0.0836159798147655 0.16161600822492 0.210219634148377 0.0862838086653134 0.186310759540606
0.145848651716476 0.255364584451112 0.234804815399561 0.0310126264362551 0.181858289379647 0.133879282379225 0.0172317502377232
0.0648889044512874 0.109679334916374 0.0221112687307161 0.233370986628737 0.127918320786593 0.227021308016039 0.215009876470253
0.0132830737314123 0.115894156573455 0.144988545392533 0.349252456462122 0.152494478909584 0.1484089448227 0.0756783441081937
0.19966861639596 0.0597432568648614 0.151985381408045 0.19927060578647 0.166665274444207 0.157524811328092 0.0651420537723647
0.0498551442221171 0.224207931127343 0.128455657786194 0.0667590478797746 0.203470588576954 0.209668519610179 0.117583110797437
0.274524620303223 0.147115888640855 0.200955517767121 0.193054180533474 0.0750804713600954 0.0721441352909762 0.037125186104255
0.196935616246476 0.20286293599846 0.157387203469629 0.131099993453987 0.0523267363509621 0.0861800840890388 0.173207430391446
0.222897077895177 0.0689935725251805 0.0150717920289238 0.216846349081746 0.115311448939316 0.232265886419502 0.128613873110154
0.0606609341720791 0.186978691070572 0.393733381549818 0.121416943271229 0.0904090606159372 0.0889637146715837 0.0578372746487812
0.137801210116377 0.217949218130765 0.12329933460498 0.0587823337518017 0.186028210217819 0.230579471712286 0.0455602214659712
0.196294054224025 0.11920630250805 0.100368500433071 0.201567088506202 0.194382282944124 0.0198101736632998 0.168371597721228
0.15456189330988 0.263316465380195 0.104357822848333 0.0216604750593908 0.181845021573764 0.262598192718457 0.0116601291099804
0.173531960174725 0.254551163353532 0.253884850936323 0.00727183127762296 0.0713321746302571 0.0461422750688869 0.193285744558653
0.123113525072633 0.0206531499088491 0.157090477744962 0.0451524326691696 0.129501532057997 0.20999156688153 0.31449731566486
0.131521060909094 0.0161794058887872 0.000996877475338296 0.142981487775685 0.273315238621872 0.255257994730379 0.179747934598845
0.219726834845421 0.147496016781876 0.0292290988161242 0.0130805908226275 0.175357988620459 0.202195789504158 0.212913680609334
0.111207217666182 0.156945606088082 0.114870492631409 0.181933944035602 0.194014405716151 0.0877665128538536 0.15326182100872
0.174408111647507 0.215374356242928 0.177801811752115 0.15631319015225 0.142878519614674 0.074714170597834 0.0585098399926921
0.106549622575592 0.154116916704417 0.060439262551479 0.100372135483121 0.0385723341008063 0.439784146451763 0.100165582132822
0.151398609067996 0.138187941835044 0.0814950972248888 0.154884213460543 0.0120368829469441 0.261726829550964 0.20027042591362
0.106248094519138 0.192164662410821 0.0811009719285354 0.0847810729444143 0.156914987601673 0.20063333498348 0.178156875611938
0.0742962410348305 0.0809543603423588 0.122484715019991 0.107774776094193 0.178882302935091 0.195561702120236 0.2400459024533
0.0751856913857368 0.119057273579383 0.190368750115996 0.103936806444624 0.00402696197535061 0.153217545093155 0.354206971405755
0.0419617545996273 0.0298993957777007 0.202019591195897 0.215205808739703 0.172577247637582 0.144733297545736 0.193602904503754
0.169610056113268 0.0922773885713766 0.124185219737169 0.198301904873153 0.00696297936713384 0.238891711371232 0.169770739966668
0.185768263998417 0.0611378618203087 0.0470822962117688 0.262648116294484 0.256797565197709 0.170632437075126 0.015933459402186
0.0356697364805139 0.137806894374701 0.241855008665142 0.239566024083327 0.0254898744808813 0.266713618474289 0.0528988434411465
0.114682247393617 0.208458412480131 0.0520058803554775 0.216970864837228 0.177319420984314 0.178945860902515 0.0516173130467178
0.0637083354854387 0.2388899711532 0.136365001405357 0.003992286954899 0.331919987365027 0.192125485394568 0.0329989322415108
0.198673379767085 0.0557169617685168 0.046674686596048 0.254286103410612 0.0609956454364427 0.178041459290977 0.205611763730318
0.0256181405499588 0.138011376639814 0.183484411993717 0.275764276186579 0.089058756838092 0.111095263797361 0.176967773994479
0.152782700330612 0.205487391691796 0.149267564966411 0.067661813176163 0.156610156955885 0.0668332524555732 0.20135712042356
0.155790142341813 0.14048455912742 0.206065986339737 0.103421688624927 0.19451197396132 0.0622211639748689 0.137504485629914
0.320936648318841 0.166188838144023 0.039235538184921 0.0155291206810275 0.100224113020036 0.20151052450921 0.156375217141942
0.211555754164706 0.144724781569363 0.151093196749667 0.0584474004824514 0.0948233449766445 0.16558989043336 0.173765631623808
0.157156666702958 0.0527673467475834 0.0477573604244363 0.121119621984225 0.258523006958948 0.329964701561141 0.0327112956207092
0.280956352188481 0.0435028428627535 0.176651459054061 0.232869952806665 0.0825405851169076 0.154620358537626 0.0288584494335065
0.0900606003745005 0.208258949306272 0.182009377224271 0.132559956989321 0.00835051583636208 0.206468298457207 0.172292301812067
0.0576047556764994 0.164158217333119 0.267190819447118 0.122887303481442 0.194342069926892 0.0728473718682391 0.12096946226669
0.0411638940178357 0.119289639728933 0.297585994586125 0.153394355149705 0.213833404364043 0.107670758348053 0.0670619538053058
0.0535852043017917 0.351301643048652 0.31357199106634 0.0332048969686546 0.0198625115608402 0.031855631866019 0.196618121187703
0.159304832877763 0.135781778300099 0.133459705159026 0.0728381310687711 0.245584094987454 0.0929808548506132 0.160050602756274
0.228519315552766 0.19961516364025 0.220884471149299 0.0217967256250487 0.111942768728284 0.0156767063054136 0.201564848998938
0.0889408375399846 0.0847036046177388 0.165853556854352 0.129659306322602 0.108806492734171 0.209517521045165 0.212518680885987
0.0614224440876375 0.105987790716863 0.157907962857234 0.204871242377296 0.165046749863052 0.175252861755525 0.129510948342393
0.143186591282292 0.326656877458814 0.108251793500205 0.108002735711941 0.0696884585868732 0.151967836856475 0.0922457066033996
0.0131905445485796 0.184310769574401 0.201327273620005 0.130479107046752 0.192535422122461 0.239705200559794 0.0384516825280076
0.264561463250963 0.00308780736039711 0.254807280848047 0.000635317652070904 0.179400101704672 0.0131710421954286 0.284336986988422
0.261399855647995 0.0890503794787013 0.259402737505625 0.116096616460494 0.106861989053439 0.148605001930044 0.0185834199237015
0.123578314379054 0.183654818193557 0.00499454708579367 0.131302800300773 0.228957052442551 0.149539188110643 0.177973279487629
0.20354624726443 0.19258528358838 0.181102091824433 0.0198154228766031 0.082553080618397 0.0811047191085843 0.239293154719172
0.0139733032658924 0.0059812206045377 0.158366840428503 0.389038407332059 0.100909683027406 0.217589656788124 0.114140888553477
0.190093812920121 0.190093598724096 0.238604480686234 0.0914537974757949 0.0609007422832706 0.115382809888517 0.113470758021967
0.219630392574567 0.118062450646157 0.264197032532667 0.0262448465827374 0.257534444796038 0.0210474674333819 0.0932833654344514
0.0796942736918455 0.168858895336385 0.185122211265346 0.170495030291269 0.100409841413226 0.0778722042965389 0.217547543705389
0.155592566135727 0.129663778570515 0.154114110788446 0.0875780756642952 0.0787791132467882 0.213802232606278 0.180470122987951
0.139955555905938 0.0660269376259116 0.221869656805553 0.105117099343545 0.128036942305424 0.137913441580719 0.201080366432909
0.0139984227692744 0.0427242871215668 0.12662350136893 0.108302087069126 0.162994957986404 0.316438170256059 0.22891857342864
0.234781984181153 0.0448516616033308 0.202860655925758 0.0243355718293298 0.299916220449864 0.104242392421378 0.0890115135891869
0.235443005512568 0.143803820525353 0.118698992637976 0.170652018646504 0.207226487127951 0.0406407404185912 0.0835349351310553
0.109859778091307 0.208595833483881 0.0175919825150625 0.207721562732808 0.0733601716410188 0.253234611428628 0.129636060107295
0.186655988885087 0.254293816483825 0.0135335025845762 0.0249130061465376 0.257330707024513 0.100725449503204 0.162547529372257
0.219447071921171 0.0492749807219901 0.151716950817341 0.149730638634971 0.162357827732841 0.148858798534438 0.118613731637248
0.190742676289769 0.134395897855032 0.162199972265518 0.053762100191435 0.21266037522969 0.0285524224578303 0.217686555710726
0.0542673680117283 0.28235098630165 0.335844962452316 0.222424508506584 0.0411052289605973 0.0548779376320225 0.00912900813510191
0.0921717366819531 0.12819087125883 0.0507998133777222 0.366272516502579 0.000584019420115026 0.303756269011371 0.0582247737474297
0.00959993653898136 0.181172880309658 0.141518316380594 0.171204926969693 0.182707335752531 0.177459458733059 0.136337145315484
0.311884684851013 0.12859229292337 0.277206744550024 0.102068905072289 0.0071452543347241 0.0973912657920874 0.0757108524764929
0.0233638643132519 0.1689887748343 0.0392769542814327 0.304743020642481 0.407348698442479 0.0135345157954386 0.0427441716906167
0.173583227604726 0.0232030548118977 0.266760352374762 0.0560557305523739 0.180566084548378 0.00243548536258392 0.297396064745278
0.243230328461405 0.215209230505177 0.0305520157434718 0.152047215959479 0.105238817424439 0.191770087092658 0.0619523048133699
0.15804851711325 0.172700201406294 0.168974341919533 0.131935471520115 0.0961813937706177 0.129301548546575 0.142858525723615
0.219723508566979 0.156288954936556 0.0843696615123758 0.224865928463839 0.0799252368622053 0.217323574074316 0.0175031355837277
0.28713015290911 0.204859482649805 0.048558384500066 0.103348415665099 0.0476379336543034 0.0962717339325172 0.212193896689099
0.0926202932086574 0.130209394632875 0.176784170895529 0.0735818406577316 0.31169593014463 0.0467383347049738 0.168370035755604
0.13040582407046 0.0638130193269327 0.0332437698450551 0.246057695946204 0.113737134337259 0.227737355494501 0.185005200979588
0.0539421487090013 0.249727444632447 0.249774454716192 0.115309062731475 0.14740665387228 0.0527770452441487 0.131063190094456
0.132278201700837 0.12272216815071 0.122679944032721 0.13143682817152 0.15656202918045 0.178417630273265 0.155903198490497
0.0763777952205178 0.119994957210056 0.107452907549267 0.217074816463179 0.207723685807126 0.137471864738912 0.133903973010942
0.211946830121385 0.137030591849582 0.209081604083424 0.125450881182634 0.0019074573353474 0.101205631389226 0.213377004038402
0.155470143503214 0.0627135778779016 0.0509408483189065 0.149846409517677 0.156610467746461 0.201381378872484 0.223037174163356
0.0979852209565784 0.175572803342872 0.0796129840702627 0.0107451442120487 0.0811865516966037 0.209371442540476 0.345525853181159
0.0550792437265001 0.12407255967801 0.0507556697419902 0.167321584011925 0.138354904857789 0.23414165270122 0.230274385282566
0.0529150958841063 0.0434950519179626 0.324880309036815 0.019508532614957 0.0565203957981625 0.0452495212355203 0.457431093512477
0.172612052063791 0.180760121638385 0.188239652154016 0.0649049964991578 0.030359076318683 0.183227942294277 0.17989615903169
0.0165587980379052 0.240247780307989 0.204081864761681 0.283450979866682 0.0464237880055131 0.0767268631368516 0.132509925883377
0.0596133391932304 0.231774613631252 0.225826792574836 0.132462758766851 0.239631633233761 0.0602001804799715 0.0504906821200972
0.120007841826462 0.140172097435638 0.217615055890778 0.0717420310858811 0.0969334328011378 0.170887123778619 0.182642417181484
0.225682287562022 0.0472234068679128 0.0635858127846566 0.244771121851492 0.0879887891712464 0.176355508072838 0.154393073689832
0.0557152843658175 0.0634633061635347 0.067947778804109 0.329701466405496 0.0793740356979677 0.261117026301824 0.142681102261252
0.00640618842801235 0.292560871897689 0.189350348858102 0.160848359849726 0.251495738521119 0.0385251338204381 0.0608133586249139
0.12832047465197 0.0197732058134079 0.217013771169001 0.0304344635747032 0.267790553855091 0.168117361658474 0.168550169277353
0.262577540516828 0.0891730518378918 0.0414742868201561 0.133716288413316 0.0166504035850516 0.366088727935876 0.0903197008908805
0.128223628663272 0.035528449230541 0.270385592019864 0.186794235955267 0.0429523253856434 0.302810427043113 0.0333053417022989
0.0302860620261425 0.296357937474674 0.0635333046724212 0.13411496651223 0.134128721414795 0.2609901591191 0.0805888487806363
0.220640096613468 0.207947127022674 0.214969836000264 0.0164798276484867 0.155944327144799 0.0953602433479483 0.0886585422223604
0.121902907148997 0.0209711791472314 0.185115050644209 0.242236349780229 0.106590761321085 0.267183812736441 0.0559999392218074
0.166933265181331 0.301639002753635 0.275760811775013 0.0260915073556965 0.00527714405933238 0.0814485819551142 0.142849686919878
0.0775312568370441 0.05853978174356 0.016959167164151 0.216744238549937 0.212482037813032 0.296899422372484 0.120844095519792
0.00309920960506846 0.194934267353522 0.187124398855395 0.217620801256889 0.144479094550704 0.191265874330327 0.0614763540480947
0.131085182868586 0.0323678805118937 0.211282027230314 0.251750046263619 0.0658499147062846 0.292620042172885 0.0150449062464184
0.237728038807204 0.0134588471479066 0.148087922094077 0.196071436208176 0.248471721299199 0.0180922578689549 0.138089776574482
0.125956368510583 0.187344293424122 0.213978709900678 0.00212453433910474 0.162667178029682 0.139495146272981 0.168433769522849
0.215605265116782 0.119923052266773 0.166988087490973 0.151931028047816 0.102863615045008 0.131831046976819 0.110857905055828
0.169483445805856 0.131059419557412 0.0595437101486934 0.320571394043018 0.00383833392365205 0.127915189279983 0.187588507241386
0.115262267326553 0.157316193357258 0.0533387828277663 0.149687611612055 0.347266051975443 0.0220739532900097 0.155055139610914
0.122165602749641 0.0157972621063501 0.170684651370382 0.121278691329459 0.0833417349876369 0.218008593702886 0.268723463753644
0.16331716294216 0.120867085276188 0.118981892509091 0.191571947113171 0.140028868451451 0.156157149169697 0.109075894538242
0.0300164988138646 0.0215799515104428 0.135648648270859 0.223363404194268 0.20081636036403 0.254733486152955 0.13384165069358
0.0144054805250489 0.262907905102793 0.284062552107585 0.0159056118669882 0.186709662427781 0.0272671011797505 0.208741686790054
0.0789814969948311 0.144475991748293 0.130264751565338 0.217965566636818 0.0775097251184045 0.149050238238209 0.201752229698106
0.203597361461125 0.0496386123832704 0.118795588126889 0.0272910414060239 0.106658333044093 0.266559996746963 0.227459066831635
0.128700652711646 0.107953231571107 0.252997455846871 0.0919784346724012 0.123196106205027 0.201606106130228 0.0935680128627202
0.113584724869829 0.114262993497442 0.00456549119572413 0.163533031667002 0.288616482054657 0.0574800922460154 0.257957184469331
0.159168964541503 0.12995139936546 0.144089039038992 0.135805152921163 0.160646886238127 0.0996095900694055 0.170728967825349
0.0291193538462047 0.0816542777627297 0.248107738797419 0.08123383354319 0.211818303141999 0.154072466725358 0.1939940261831
0.244988339544789 0.195842651628258 0.103213947947046 0.124810500824629 0.0640942500080942 0.180141085287013 0.0869092247601703
0.0572724580069199 0.190014800296969 0.139953347587922 0.0171485862555942 0.217366248681115 0.154618795801532 0.223625763369947
0.164318483334189 0.125993539029469 0.201064679687595 0.120140327250749 0.0856647239864269 0.135403534335906 0.167414712375665
0.237440276176788 0.204672983467306 0.168656843155208 0.0666367989525998 0.130939634425917 0.141655434387275 0.0499980294349058
0.189078458426974 0.171261156914348 0.149624194998489 0.172025711086156 0.0213081190544196 0.0382672330155746 0.258435126504038
0.236186108617864 0.0614900494710346 0.185575620322635 0.222292020065838 0.0143837439503036 0.152980678528077 0.127091779044248
0.0776901175961784 0.20559577650112 0.0975808894512537 0.207246329903969 0.120670078607334 0.159387678196202 0.131829129743942
0.100681767596557 0.120409820723685 0.175509543012767 0.0765937917923077 0.161174324403182 0.222891388894293 0.142739363577209
0.0826431556218504 0.209629576898875 0.176060659442545 0.0908749107207285 0.132715710888082 0.117925814567967 0.190150171859953
0.146729004813774 0.220605083879976 0.140810427958715 0.218522348719917 0.0425148417421943 0.11217726274828 0.118641030137144
0.147051933629171 0.133156190754366 0.178484036577038 0.0795666262492269 0.114567410597174 0.179904555205864 0.16726924698716
0.14078641641739 0.104584470644222 0.190115376914645 0.0619871626966088 0.115946874243247 0.262713206560382 0.123866492523505
0.163771081866978 0.0356890577238485 0.22155327420477 0.224355991826017 0.142101452025301 0.166931580916326 0.0455975614367603
0.226105183080522 0.355825113616499 0.185637287403591 0.10585735029448 0.114710362786071 0.00179218826623536 0.010072514552601
0.0686354225206182 0.132030958198187 0.106596094725353 0.133557426346535 0.167167319231801 0.10570374086657 0.286309038110935
0.0449943753685948 0.00983067460979029 0.267500334297277 0.107970063938369 0.252905597031227 0.0205470346370742 0.296251920117667
0.103225090618472 0.268233245665288 0.102865579693692 0.28560122062794 0.136554321813628 0.0151526119147748 0.0883679296662053
0.00543644636990543 0.09653335433015 0.269446774918632 0.310911511901488 0.214455857580754 0.0554089315987735 0.0478071233002973
0.103042452975275 0.186507920578192 0.227474877563195 0.175842259612905 0.0776996102583694 0.0749676971010038 0.15446518191106
0.0429658958632945 0.341208492141128 0.158976034137479 0.164711165081648 0.116461792956721 0.00798820670237375 0.167688413117356
0.115765704414832 0.181411573023412 0.186337162192566 0.180478531256739 0.0289806036049879 0.159183483876033 0.14784294163143
0.158808339320621 0.165974086996166 0.0153793246226271 0.173532304857162 0.193553703254261 0.173371053214922 0.119381187734241
0.215098372159126 0.205534973311627 0.138570457454986 0.000759287729550688 0.10938045176245 0.0984326707800513 0.232223786802209
0.11338770082505 0.109802877686421 0.117839373000481 0.156393693053081 0.207130561088008 0.199881693562928 0.0955641007840303
0.223988832754917 0.194518393228234 0.088310392696449 0.215982514916827 0.11170057678777 0.0991152202054262 0.0663840694103767
0.201177480776728 0.143241347857297 0.151117685406704 0.105246966340683 0.122693851352005 0.155004426866785 0.121518241399797
0.0143790628691762 0.115788779197143 0.0896287280636954 0.157789160380466 0.112159939374327 0.278310207281452 0.231944122833741
0.162851466496768 0.00547829104684582 0.227771210388046 0.181467174317132 0.103610146890246 0.160098015410262 0.1587236954507
0.0672363293213277 0.0461370691854037 0.305027949164589 0.100585245633621 0.230017342572746 0.120162088294568 0.130833975827744
0.078945013864286 0.177927653086569 0.236910644579297 0.229577113797223 0.0377474073808409 0.0371790987397383 0.201713068552045
0.148279621044567 0.277736959012563 0.0674693853778197 0.0640571481440247 0.117308308871409 0.198732773994225 0.126415803555391
0.128414245005678 0.152164503997899 0.174851418134288 0.0967234732709966 0.0944695119129378 0.208519847024278 0.144857000653923
0.141119447079616 0.0926092614673271 0.101711808876017 0.146560195218889 0.0879203726931874 0.245925008830815 0.184153905834147
0.0702295980090144 0.291950383584864 0.0333897504274695 0.0513206779184253 0.238751405759127 0.079798133982879 0.234560050318221
0.0622405854783092 0.114829484093476 0.0401274117995587 0.220636922183018 0.258567764971581 0.274023413577393 0.0295744178966643
0.14259261191533 0.0643515415089025 0.183933850456774 0.0976625412676494 0.0892359770056661 0.207250218682497 0.214973259163182
0.178498270432624 0.11640981280987 0.0996565746736791 0.0193934422616763 0.148040755250846 0.21721964029045 0.220781504280854
0.139149765383362 0.138454559696362 0.173604241269087 0.0427470221235319 0.21415723358313 0.129832363422388 0.16205481452214
0.0194826205387748 0.135946225588921 0.207639896604969 0.172487516018329 0.197990539021723 0.0605912009892728 0.20586200123801
0.115949280040138 0.326543707479984 0.139039288034891 0.200839440264954 0.00249939080846314 0.124090572032745 0.0910383213388244
0.0136668346860188 0.24903288887792 0.211005113808919 0.101902156798804 0.168431586379134 0.0579511686848905 0.198010250764314
0.323352497390811 0.139281492936098 0.123471082328378 0.0114269864912535 0.0471069753154518 0.0646715556768823 0.290689409861125
0.217504087470127 0.106684494305216 0.177427994668813 0.203366357655654 0.0682510611974477 0.100645393710071 0.126120610992672
0.0440332451069381 0.211379016420658 0.137996661575913 0.0304104321624524 0.164254769461682 0.205590886855493 0.206334988416864
0.347261934148433 0.279899430515528 0.0346793259437706 0.153357387001518 0.0213988306571231 0.124964373547986 0.0384387181856411
0.234612681268607 0.112842655519797 0.280768843727149 0.0619069098072884 0.00371090456075876 0.0690219693886218 0.237136035727779
0.0112448472513219 0.292041493986145 0.132689800087342 0.190725895528849 0.0993300665163853 0.0673268088245249 0.206641087805432
0.200784272092273 0.00300328299785315 0.250332292679589 0.185276199943173 0.0857662501944519 0.0932201235747861 0.181617578517873
0.134194945875282 0.0247726956128253 0.261575064972282 0.186521583595638 0.137123197740695 0.0672542603412906 0.188558251861987
0.162821726515255 0.214745107645135 0.189662935956583 0.0590876842906677 0.078408352511754 0.192627465432795 0.10264672764781
0.232121784725455 0.214260278433214 0.191221904660895 0.137133797636415 0.0376101708379267 0.010088238706006 0.177563825000088
0.101433873390369 0.0914488260058074 0.192155431862704 0.13376406537131 0.04207094117969 0.227474716582357 0.211652145607764
0.17768868699073 0.0335947987795022 0.331836714244376 0.307757418601037 0.0393381450020928 0.0236372825846806 0.0861469537975814
0.0796437342677584 0.198894290795579 0.151458078851821 0.171208806973565 0.0952719142133266 0.192913382018764 0.110609792879185
0.1268670057391 0.048495115443473 0.17387023532579 0.236990289441067 0.0288938184581196 0.164000151630397 0.220883383962054
0.196302650499443 0.144997515910037 0.00345111571951707 0.0986035277398119 0.0292504083640693 0.253225608330493 0.274169173436629
0.0828582887050448 0.234772674235639 0.130088013276361 0.000819090162833351 0.1630087160986 0.227057641609849 0.161395575911673
0.130696216091966 0.0451001691094665 0.117773169146923 0.234139270923934 0.0116725033328364 0.26933789260681 0.191280778788064
0.104199301292947 0.196754202514077 0.204737133018519 0.261845154260968 0.000700888450881931 0.150427873005295 0.0813354474573122
0.111159171628438 0.0931859336790741 0.204518156471836 0.122793992435114 0.0960939165503493 0.188388204439349 0.183860624795839
0.242899294330268 0.20880967822407 0.089319392155356 0.132497825786244 0.133681200700078 0.156361079968046 0.0364315288359389
0.167868203177607 0.082176179153243 0.158122071555812 0.124641472197509 0.206529158082941 0.0774692531068862 0.183193662726002
0.0685267289037733 0.20839732131845 0.195763517693247 0.122311614365 0.169618470762248 0.108099350717405 0.127282996239876
0.247233434820333 0.112176755966766 0.151345026867993 0.15731015540216 0.0180066041873532 0.0421640660247643 0.27176395673063
0.131751109665838 0.116179768630512 0.248895304155115 0.0772404213480551 0.24862205840862 0.101950679162944 0.0753606586289165
0.0272454874277435 0.123582014863611 0.21845113028356 0.104034113974634 0.134702070126735 0.185581239362422 0.206403943961294
0.0710695775146886 0.179507105267504 0.0705333074450931 0.144821801905756 0.20127489835595 0.187800234384009 0.144993075127
0.0970452370664281 0.0900450067656046 0.0814631620183174 0.144134527936408 0.205202837033642 0.16561719422006 0.21649203495954
0.106764065747721 0.227783156035489 0.133660288713385 0.182514925160895 0.0890154233761987 0.0515824316506677 0.208679709315644
0.218188993793884 0.0878803892836078 0.176776288071419 0.0034256090921029 0.206589911119501 0.110685885418904 0.196452923220581
0.00707307568521686 0.268339076004616 0.119457814383321 0.189891432501203 0.0316469936636163 0.0439984897426836 0.339593118019343
0.332673079902731 0.167918649651205 0.0416936861419578 0.107249175614461 0.0856097549457741 0.0581959822817494 0.206659671462121
0.222594562143783 0.129197605039918 0.00972169273012346 0.142729350102022 0.156753631194738 0.168232600626443 0.170770558162972
0.00305676768006921 0.0798235285292475 0.0818836292901517 0.110252962802827 0.210132143009636 0.318416620047691 0.196434348640377
0.0339795199195819 0.179980998630042 0.154602093760211 0.115037234655775 0.0842732407638254 0.228767731030284 0.20335918124028
0.0225068108884263 0.257003394093578 0.262373288190451 0.0205480139217994 0.154485383153991 0.0661395048587808 0.216943604892973
0.1257273830959 0.225601662676297 0.315262508887788 0.0833513829518395 0.110817254066694 0.0184960024544284 0.120743805867054
0.243392251307791 0.0868608349464619 0.148521994958444 0.048209657196193 0.194373808177628 0.0659014892760172 0.212739964137466
0.168032666708442 0.108623314714294 0.142786971486409 0.0725307095722603 0.174725965699685 0.180430585489513 0.152869786329397
0.0337055252921561 0.0634720690507992 0.00528461397249352 0.173160476523588 0.22455099579033 0.219607103131331 0.280219216239302
0.057539726328152 0.25613715799239 0.120192349959607 0.032647786474651 0.287844438307655 0.0044417759303261 0.24119676500722
0.0725115724613423 0.242684234719813 0.0845938477644208 0.0584607024243775 0.214742184856022 0.176709279681056 0.150298178092968
0.206963861183672 0.0484443127025127 0.153938831683415 0.206729674438015 0.169706863443996 0.08181836307296 0.132398093475429
0.230959193238145 0.107600617496948 0.0901788747395796 0.0885863987387873 0.28101973462465 0.0804031225537323 0.121252058608158
0.191088642640796 0.136080708297556 0.0863262277036041 0.0877379209282502 0.108216898958664 0.261335038016725 0.129214563454405
