0.143931153668913 0.15129207763857 0.126174886557909 0.0492538760324317 0.0548274209489643 0.0974241829507811 0.0569000149287274 0.0483544130600905 0.155240550617218 0.116601423596394
0.0512041558551981 0.178188972952553 0.071012044979337 0.0599223322637255 0.23260606712833 0.194978626629447 0.0311360373487396 0.0154651060288758 0.0199082215816157 0.145578435232178
0.104479793547649 0.109600754051069 0.119074529184428 0.134909526855451 0.114996809298452 0.100625036773246 0.0047996166645365 0.105881082987764 0.0622805302095253 0.143352320427879
0.0982254964747094 0.104324743555173 0.0853314090254033 0.0331204024774158 0.0285539170957449 0.135635833249033 0.150537172385736 0.100917409000068 0.177723471286473 0.0856301454502431
0.103019421746189 0.0730134954457406 0.16901079639697 0.0684025000586693 0.130480390880718 0.039807785541694 0.16000980123811 0.0595105016703612 0.0951181833039547 0.101627123717593
0.0872370481511114 0.0886005427153373 0.0767223501852088 0.173325534661006 0.114178662089606 0.066279380893506 0.17114571721705 0.0611762082665461 0.0798182192589767 0.0815163365616516
0.0412343363537648 0.161081552529198 0.187471355349421 0.0715906668332194 0.0984956512240904 0.0878829098300569 0.00688487049954832 0.17977829696465 0.00882519427836594 0.156755166137686
0.144759881544166 0.0428740274274789 0.142525217441831 0.0806539085121371 0.0706291955601125 0.146383860715403 0.0890479451465307 0.111203192578579 0.040211798183923 0.131710972889839
0.0589431356505899 0.280354857380377 0.0327207430644627 0.158550929336297 0.0688328523906438 0.206196367450351 0.0461516537403203 0.0471208092953886 0.0862988974312215 0.0148297542603479
0.015646717617006 0.156942908131096 0.129831431259319 0.0173153761175611 0.115381733692488 0.11373386103761 0.0416586660149434 0.135500108608194 0.159023313252819 0.114965884268962
0.0967558742883179 0.102574500008263 0.0991839252888326 0.115903872313361 0.0857051893955275 0.0640903659042639 0.162549276765691 0.0236229462875912 0.0594054337952887 0.190208615952864
0.0193444578047108 0.101128882566488 0.127964794198202 0.12147591969133 0.0753552163098853 0.139858619345207 0.150823798128436 0.159448899895752 0.102786190654939 0.00181322140504962
0.0911772713874707 0.148261357922939 0.111007218847515 0.0326515800313142 0.105021276397402 0.00715089464701846 0.110604498809606 0.15184772615253 0.151253485428906 0.0910246903752989
0.00161556727340693 0.025768698148382 0.0755894994473113 0.101688798888808 0.24827372504291 0.030293185628451 0.0644945885422996 0.157480650938301 0.272308476813252 0.0224868092768778
0.216341219108225 0.131457263001633 0.186526375182705 0.052984996103206 0.0617247213864707 0.0354652355192578 0.0283751704479483 0.0432249601356693 0.184668060253279 0.0592319988616064
0.0168207474324169 0.169475350616386 0.196362843537913 0.0308177326534717 0.009969938078586 0.186612425984452 0.0142022341713829 0.114001836002113 0.157265734416161 0.104471157107118
0.0160707347667984 0.0130441095159369 0.159153049785285 0.148517176925274 0.0578915431036621 0.147978223709469 0.108749960709609 0.0559282639891439 0.165186091660861 0.127480845833961
0.0838040016924134 0.0484335507033471 0.122972844539303 0.125522907277468 0.111954754015955 0.163347322122143 0.0675272350918997 0.16351905487147 0.0797054843015103 0.0332128453844894
0.0713809360854411 0.121035823776363 0.14957642629216 0.0362180100685776 0.0659779577826898 0.10368000185935 0.0873294679790019 0.148932032148351 0.120837346403221 0.0950319976048459
0.110722091828467 0.136996529640214 0.0896843133204863 0.172546157104398 0.175027119165051 0.0542516267426994 0.0390972214071208 0.0759631623975463 0.0589089946160786 0.0868027837779384
0.138198951570158 0.0983620412292602 0.169487716317607 0.0739191270153429 0.140241922657258 0.106557871852921 0.100431391580712 0.0476002889852875 0.0876044214384537 0.0375962673529997
0.0230725174943874 0.158783375283084 0.232625523103287 0.0559282933088755 0.0265359164769747 0.0376406878590522 0.224823571121719 0.0817534674878447 0.0757369314159783 0.0830997164487971
0.0716438728308261 0.0999838286883049 0.10020959046744 0.139841151487724 0.0192392923244663 0.148571841842964 0.157096654911362 0.098795284547992 0.0955070739350524 0.0691114089638674
0.1484768689805 0.202875749827584 0.027112538125112 0.157579750575167 0.111387527145824 0.189823521920531 0.0130181142652431 0.0247577930899348 0.0850806587218541 0.0398874773482507
0.0890472267521848 0.0882723618316437 0.0360338672565849 0.149417348561696 0.110091941836538 0.126421298553948 0.118965378970342 0.0611001986083685 0.129628582449462 0.0910217951792334
0.144948260121273 0.0208970223864487 0.0252944847885151 0.224260585437256 0.0110282261182168 0.189307204085091 0.180126110682151 0.0479678747538535 0.0707485232792097 0.0854217083479852
0.102690738761804 0.0705620626894347 0.0103539053524221 0.0480414349520719 0.111873271982519 0.0389052009931692 0.113068690331188 0.223051439298395 0.171485568302994 0.109967687336002
0.0887258851350559 0.179256097445454 0.0485400652560349 0.0763903508484679 0.132600440501962 0.0981177244306542 0.142205058289207 0.0315090671927259 0.190601025250046 0.012054285650393
0.0101888597811444 0.0182464017942339 0.149152165519299 0.127720592182896 0.136272157174052 0.0578667776976369 0.144617786798551 0.0996364722422383 0.137172130877495 0.119126655932453
0.129165194564171 0.158020550440408 0.0707524704167395 0.111019037635262 0.0713330252238699 0.170239493883159 0.0642809516709523 0.126343541867245 0.00662820377247269 0.0922175305257204
0.0301303052111971 0.141921981447574 0.133548383902621 0.186337031246836 0.0467927871756147 0.00169430676134364 0.127017566523265 0.0498633673852723 0.157390483035496 0.12530378731078
0.0205776886638716 0.0801670897708825 0.129670276365609 0.00185853816588275 0.216402002390735 0.016123766798614 0.195203209613372 0.164719527747111 0.00847931719893751 0.166798583284984
0.0924899753755443 0.0662934650377059 0.194054013245464 0.11393966510477 0.0538251106307133 0.1001218558018 0.0265963707836569 0.16923578551693 0.0502864990013106 0.133157259502105
0.0130111845841594 0.0391817259429641 0.154102825038715 0.0403650449949715 0.0932793583346194 0.0323777176671176 0.128072469058457 0.131193343827482 0.247646701431555 0.120769629119959
0.136070471615447 0.102856537770881 0.167233546242843 0.151141141080755 0.145209140125685 0.00107120670543863 0.0102404373932023 0.163850117507719 0.0088566535548904 0.113470748003138
0.207471950191483 0.0693717592200719 0.110854462114843 0.00936440404136712 0.0640220867841232 0.0177588655452332 0.0575990016053231 0.200500957988324 0.133272840267893 0.129783672241339
0.223211097775917 0.124938787384005 0.0388631309967047 0.175479784051838 0.0419345958920457 0.182793058137725 0.0339213220354265 0.0236509328320674 0.110727913284409 0.0444793776098616
0.209345221248091 0.0133542194556905 0.123430622375079 0.147845762376497 0.0812496595143845 0.118245497319715 0.0412300841947715 0.0567058981270935 0.139564277993737 0.0690287573949412
0.190497138236385 0.029422120134274 0.0291981671923615 0.155209028104517 0.0666820528599645 0.0150701627480828 0.0798688033739689 0.0717212223212091 0.175100666357124 0.187230638672113
0.119944626377114 0.188883503993608 0.0438166477364506 0.101184213536519 0.202724567378928 0.0340716460761313 0.02741456049394 0.0541754843405948 0.206756404734477 0.021028345332237
0.124589578352071 0.0831354487099446 0.149345329278403 0.148271880612696 0.0138013120934608 0.0963624053523325 0.0967439251521103 0.149235625491628 0.109504820582294 0.0290096743750597
0.00594451670350786 0.0478073747642445 0.147011907369565 0.0980557827591154 0.135473627439061 0.149637197322275 0.121080470283407 0.125826024451125 0.121359586030951 0.0478035128767481
0.137230813212117 0.133236046416348 0.145858583090376 0.0707185919065176 0.0317787543453752 0.163139810284671 0.110756996757001 0.0271262473033811 0.0774975378715746 0.102656618812638
0.139174183577024 0.0143552537151885 0.143567882726807 0.00902253074673943 0.0937287719047643 0.122481097682817 0.119636550591396 0.176037427529236 0.0637722481577876 0.11822405336824
0.0501703564183951 0.0960842342651288 0.193233506724062 0.148393975518909 0.0441914393147142 0.00938460931226761 0.0124471434862183 0.0642379017294089 0.214221646554514 0.167635186676383
0.0582264539412061 0.191371221611081 0.111580925779012 0.115084286743608 0.128618692695678 0.114539521111326 0.0482812536102744 0.127762427188465 0.0599241322978766 0.044611085021473
0.0127513618732016 0.14467555499244 0.195745335529906 0.00526143065986053 0.145006120266339 0.0348252915351724 0.153853846716709 0.107748915144418 0.136155924480007 0.0639762188019476
0.0751412457135113 0.151603364016139 0.122242237558645 0.0754030790354328 0.0548517837631034 0.00724340342286123 0.157794179621242 0.114612632299421 0.15105549645127 0.0900525781183748
0.158556447351362 0.111403935442765 0.0967683253278766 0.040066716699126 0.114291071419502 0.0544177136387287 0.175696718712524 0.105000572993723 0.00407564894346712 0.139722849470925
0.0654530240681453 0.0863890724927948 0.169020378743239 0.0726936319659809 0.194575063918754 0.0795054251513208 0.078324733995776 0.0529138695428632 0.123213851105795 0.0779109490153303
0.0568539153393143 0.0376705684002697 0.0799684188409167 0.106219508155115 0.221938210793593 0.0692234120065976 0.206822248131841 0.0116120643539912 0.194950188938067 0.0147414650402946
0.093998237040545 0.218116911192741 0.0634536834940615 0.114715586061639 0.040099005070389 0.0941848101190228 0.170424723165849 0.13223891694389 0.0339334728751141 0.038834654036749
0.144202284867711 0.124411842273868 0.119284607034486 0.153263244931159 0.0113430109088201 0.0210176275218313 0.104686865275471 0.0570973129913443 0.131015759080274 0.133677445115034
0.0416238515826424 0.0912431148272224 0.13066620943839 0.119924830754453 0.0370942761259959 0.0812289186031886 0.0928532014243682 0.14410995175441 0.113859298226134 0.147396347263195
0.00884709315264696 0.174430972391439 0.207675993565421 0.126591493045115 0.0776677664724392 0.114977304409995 0.0645108302884221 0.0128657162880183 0.12918403775435 0.0832487926321528
0.103785016863916 0.0355900542830986 0.185493205163485 0.0216861954335052 0.11897904050497 0.0855395615832605 0.0715043286633942 0.0284139815241835 0.177134770859388 0.1718738451208
0.0705955780279041 0.13931611820965 0.159698501368473 0.177412251198289 0.132101657716858 0.0906202175682863 0.0470406195204108 0.015259509722572 0.0700145080212939 0.0979410386462619
0.0979275630934561 0.116387243039801 0.163538056787339 0.144647194375016 0.152768434612004 0.0352289033798874 0.0450778233585178 0.0550733755175753 0.0141599135781374 0.175191492258266
0.0376827674600434 0.117566856832194 0.0908975589913494 0.147575507774551 0.122022321702493 0.0460790498283092 0.161039449607927 0.00427916065628843 0.115227126759438 0.157630200387408
0.0154664380699014 0.0593743561618781 0.0332998626663908 0.122558382388449 0.0355900799160125 0.137153162450682 0.192768258370109 0.106806685978653 0.132057653421826 0.164925120576098
0.153661940751996 0.0833295595464298 0.104473129517996 0.0247171939983051 0.159860738864506 0.0558166713595969 0.153561274277708 0.187159266292136 0.0203252984617653 0.057094926929562
0.0320223578025177 0.108279385732286 0.0957105422222043 0.181753753147 0.152891802848871 0.142727473177659 0.0831770660100707 0.0598152397009449 0.0516744863949466 0.0919478929634999
0.0782194733476877 0.0579407789057297 0.235596544912042 0.0290395341916263 0.0731984881479508 0.0768336951154028 0.000524614006457734 0.128125725228877 0.240182926001067 0.0803382201431589
0.13945823813372 0.156301623148067 0.109816245626182 0.133914241329081 0.151363322542456 0.13560970506449 0.0602765413376457 0.0226211099502351 0.071454458884521 0.0191845139836017
0.0555146822942136 0.118781744153762 0.0612857097617205 0.169661449986605 0.103272226925964 0.0883062404086888 0.0597494279202624 0.150946891718577 0.10004573212393 0.0924358947062755
0.0143270826032721 0.0739724217197194 0.189852714832969 0.0557984818364101 0.123944556866275 0.0849395657727667 0.0598568645228133 0.169446805548668 0.121966652472366 0.10589485382474
0.0541147920366869 0.133708607298653 0.0139012892879615 0.118685302159461 0.0185592712961729 0.151569946992538 0.0987832646574887 0.194148939458064 0.169470955625362 0.0470576311876127
0.0551105237913513 0.135099929342577 0.170100321895222 0.0490322870758031 0.037900736248507 0.055921766906828 0.0826047782138871 0.168632452992761 0.110364504673255 0.135232698859809
0.186603590922224 0.0271947851946411 0.132308028742691 0.189743446461968 0.0401503799352159 0.0123985778034861 0.0197240044648401 0.195647030251484 0.170674064880212 0.0255560913432379
0.0839294251385605 0.110855627354271 0.0210121650165603 0.15575231006625 0.0943885220916488 0.107496191379862 0.0538565213502984 0.148088424055206 0.166694903738567 0.0579259098087756
0.195119112960978 0.0860962933852758 0.179587386164874 0.034976065514055 0.105587979855205 0.0420188523886014 0.188827702131146 0.104334215194788 0.0254243749918687 0.0380280174132072
0.00488725873051282 0.0966845293082534 0.0127521453152586 0.185938113710126 0.160729877511331 0.140881109242022 0.137351736857777 0.0588266600007557 0.147377837578639 0.0545707317453238
0.12114512202096 0.10681657541466 0.0542785863486149 0.166735397941741 0.0041545127195228 0.178492129942889 0.0673222872923163 0.0149562903985518 0.120536048597779 0.165563049322965
0.170585859708532 0.178614210824454 0.0915297032004919 0.0319974800886013 0.0170075925851091 0.105178279082255 0.00883486787095024 0.208490101433793 0.109172507068121 0.0785893981376918
0.132376905603988 0.0508098632837381 0.202750773973174 0.0186909571587986 0.0321799917837586 0.128860856931872 0.164617285134914 0.0254413738462984 0.11097145029738 0.133300541986078
0.137023541500209 0.0674691975075131 0.0667999307015886 0.058711193191701 0.113018105540067 0.056251477788489 0.0614636103299272 0.210311680732292 0.0962937406068622 0.132657522101351
0.142714433078968 0.0780339909245158 0.0231995900364036 0.103629646538911 0.162864268084624 0.0584716127457579 0.0740593167989147 0.120035110348131 0.178232143456883 0.0587598879868918
0.160919058189145 0.14331003931699 0.157753193023044 0.190740752786577 0.0596535370607805 0.0278462999923993 0.133369507325966 0.0430326793992423 0.0651660913925559 0.0182088415133003
0.0407918374855322 0.0407615601974088 0.0284011252979594 0.141513483427299 0.0449419635757669 0.228325310941411 0.189537579404659 0.148677606170066 0.0270942370903892 0.109955296409509
0.0352399858034519 0.177809705414931 0.0492032653006257 0.102442425989784 0.162212830991869 0.159330791040492 0.101435365570291 0.0601889100393957 0.0693900903550266 0.0827466294941339
0.0983253627556379 0.17857009361361 0.0776059778406607 0.0569932938803136 0.11455022461037 0.0040423699191403 0.106801069676161 0.125123394900375 0.168758006915371 0.0692302058883602
0.146862725280201 0.0657772918909027 0.0979444071288411 0.139861672787983 0.136849506581198 0.0838259694732494 0.0757795220052513 0.108600733284162 0.0920638656937734 0.0524343058744382
0.00668154182572364 0.016900834083573 0.223005837771875 0.165029420490338 0.150859401712205 0.127856130232177 0.0526931627400455 0.0407591092762057 0.115644064369566 0.10057049749829
0.0711889093684132 0.0558702903351078 0.173654417438633 0.09144525449744 0.120175738536605 0.0100676529199519 0.128802969612782 0.134404763175031 0.188849042753781 0.025540961362255
0.212828256406286 0.187786292553536 0.102078901503118 0.104999677357636 0.0957573310881887 0.0458617060207808 0.0331155025997644 0.00398140378261176 0.0747575148099395 0.13883341387814
0.0239807312008766 0.159261388367517 0.150951750130834 0.133384844268174 0.137484771670712 0.0863218487325858 0.157651604516755 0.0318199554502327 0.0691962413450953 0.0499468643172171
0.106075234185149 0.0583163463546975 0.175583913610225 0.182556500762123 0.0546663884392448 0.180094133998794 0.0294751142264721 0.0185373277627224 0.126775731975758 0.0679193086848133
0.0904246259804042 0.13121644860269 0.128614351679935 0.101676671949731 0.113353480555506 0.0575133030020352 0.109923704570993 0.0482282384220507 0.0976922776403301 0.121356897596324
0.135566790725825 0.0776790530019468 0.0694137529892827 0.189651602872104 0.0629969121235858 0.0248646792406003 0.074365269137017 0.0275661468616513 0.156287988308768 0.181607804739219
0.131059632932111 0.139510514239305 0.0363419739048091 0.126191000332099 0.147570076604318 0.0544604066664883 0.0884416166812677 0.0428512386951341 0.107146189575123 0.126427350369345
0.185268804782454 0.105408050480121 0.155062647143437 0.0461417473522177 0.0111975996172936 0.121759400247085 0.0935652634473829 0.197797333201973 0.00845761620398298 0.0753415375240534
0.182530087536619 0.20670772258915 0.133626272195607 0.00138591245605882 0.125222326505687 0.118373125308972 0.186143217405107 0.0196456727634958 0.0165717714696582 0.00979389176964464
0.0286596922686295 0.047129942509966 0.12661689495377 0.0681197778102769 0.170880906088934 0.177253843500326 0.141939140678667 0.0403309401233004 0.185317988912472 0.0137508731536589
0.0984045963486709 0.130231418954244 0.00957096418022629 0.000395949344252173 0.129835613180524 0.0814471194173795 0.120510366912341 0.150904131511149 0.0785127704104006 0.200187069740813
0.05389365219299 0.105739991444803 0.140904764865511 0.0722154714564782 0.0409762664466456 0.108015281971813 0.0875246795568628 0.115866864228719 0.122758500003746 0.152104527832431
0.0135451610765675 0.00519120756707383 0.0267452098796335 0.000557344179198937 0.189570227262964 0.125857408243664 0.114284497934079 0.156497823366884 0.0673233508390278 0.300427769650908
0.179137729081003 0.242957786603715 0.0177393226673852 0.055189199747742 0.0361832297606281 0.0169436130840547 0.242381617002594 0.0428250606607029 0.113828868488317 0.0528135729038574
0.150432933857441 0.0942893240870761 0.089393409443875 0.021097285401682 0.117370057970736 0.145784627989368 0.0634075568485945 0.0767049948766476 0.0904179808720917 0.151101828652488
0.132689868376857 0.0678639157285309 0.0415634730959815 0.2092687490199 0.0690836678504449 0.0130727741046714 0.147852418564897 0.131896918159647 0.148766202252787 0.0379420128462834
0.129704414661727 0.0854089595993915 0.0292279350403558 0.166488443385774 0.0822406311372118 0.00660134693412201 0.0470102638993213 0.152136474205242 0.164688414281138 0.136493116855716
0.076059780812399 0.104476610781912 0.0764868331811195 0.0725883667869558 0.0294213203713263 0.14978083382979 0.11150578254603 0.175431216416139 0.0474308322443795 0.156818423029949
0.0659657861515603 0.155985539174803 0.125240134488016 0.117613069731616 0.134744371268169 0.13797151960837 0.10037864927774 0.00395018359923541 0.0979517015460138 0.060199045154477
0.137399738940184 0.0451881194732053 0.0856028443477342 0.167804304887064 0.0752255129421567 0.0806078565439672 0.129190500582279 0.0808899138537274 0.152105178441986 0.0459860299876961
0.0310632587636764 0.167101224704262 0.0312415002080607 0.0309249991446526 0.1779911018412 0.154232577485576 0.00965086564731486 0.184708508436452 0.059757280653076 0.15332868311573
0.0104000518078886 0.0849412758751765 0.100245893165646 0.0055060240894689 0.192514627868171 0.177555871553468 0.12616396518534 0.153252049345673 0.127012399046844 0.0224078420623234
0.100930193973541 0.173756711125649 0.178552336197205 0.063793030405119 0.0546665309753137 0.00966282614127669 0.17699980439394 0.0208663194821041 0.121309886629475 0.099462360676377
0.155113172007964 0.0892276753685097 0.0413247045546776 0.213238091632584 0.0331420835856823 0.00495917988861182 0.00790447571832743 0.162729731881499 0.18391838474669 0.108442500615455
0.0773409299473726 0.0871319765660137 0.0956858734587533 0.146671577477555 0.0223587883801725 0.0537822111032819 0.0938682430985283 0.209830270353518 0.172374582185327 0.0409555474294775
0.0159985816489727 0.0348079160344168 0.225629362832152 0.0899352854121487 0.0176392188771251 0.0754181529584579 0.0341998369396759 0.162613403880892 0.225392372951637 0.118365868464521
0.129745960786594 0.0994940535811706 0.131030669261019 0.000927017999972003 0.00493391393696849 0.18047751575581 0.152454695284103 0.0399951212850222 0.13456992611747 0.126371125991871
0.124022953045697 0.0762865986304419 0.116384274299055 0.0794639675459756 0.142495455095437 0.0363859587741495 0.141232820463562 0.109012329003656 0.0680481834981552 0.10666745964387
0.159136423534904 0.0358268093965891 0.0429701899630455 0.0312965674942719 0.160411395088808 0.0613678469671575 0.059665057180264 0.114268728058756 0.273190253164479 0.0618667291517256
0.0419388997215767 0.0488540395846396 0.0939841764862825 0.214507976295123 0.0176224072843288 0.0747327809839272 0.0947006175364838 0.148211120408201 0.0815163754729608 0.183931606226477
0.0447641563154087 0.0173148763526558 0.114552231333123 0.151452747716257 0.0103581162998023 0.142990031562663 0.146223880909476 0.088184855419086 0.160809433887681 0.123349670203847
0.0667982383025462 0.11776364188599 0.138865550119719 0.129316750309006 0.0883506437061206 0.119300133798019 0.128225370866231 0.117118718426938 0.0565918087258651 0.0376691438595657
0.0483059333070722 0.116137575578364 0.108626049235705 0.170433790771108 0.13911156238901 0.0653223663253184 0.11460864894288 0.00196282319360405 0.129441902140587 0.10604934811635
0.104368362924012 0.042669028322831 0.0628922407289204 0.132467576179483 0.136531962650273 0.11550306727592 0.14092712450117 0.0766338537106322 0.133374257538965 0.0546325261677925
0.0651201841641405 0.102382778229072 0.135875120000115 0.205144949388999 0.0812949027297024 0.148050493622361 0.0871877727491694 0.0081151344973131 0.124854311698449 0.0419743529206795
0.159262613854266 0.0528822797150497 0.0439972316320709 0.118138431636924 0.108046600829784 0.0866526227533521 0.140033760142452 0.165765221982839 0.0294252590264531 0.0957959784268086
0.16951562219941 0.0735963666906639 0.173688594793573 0.0963331820524277 0.0313203106085905 0.107268845184022 0.144044241418734 0.0100693436211995 0.0728001225731701 0.121363370858209
0.0542915454780641 0.172858621569954 0.0269525395258981 0.000778375789985505 0.147156119813188 0.114858461108887 0.0912545655470312 0.13782469139007 0.111884103778653 0.14214097599827
0.0762554689393672 0.168764657251024 0.192144143879243 0.102186939236726 0.0399617716902953 0.0875307988206466 0.000231933801458523 0.191405441525206 0.0835886924536501 0.0579301524023843
0.168153436023177 0.0200768484296138 0.212299004261811 0.159694281961766 0.0126546674556982 0.108242099429314 0.0297983762734511 0.00446612945870607 0.243439870385885 0.0411752863205785
0.0870177452462085 0.0419615061160559 0.129222204368708 0.122996468195234 0.107968667137036 0.0587852084479795 0.0827173699296295 0.137676790292803 0.142945609575056 0.0887084306912899
0.0539312465566565 0.0169827992995837 0.0581658249061872 0.104152641932869 0.133559459463233 0.20300850613082 0.101876651946351 0.0731664332132608 0.0400345162019109 0.215121920349127
0.0334137790287065 0.0534614393044267 0.194527374330583 0.0913763744055976 0.00716846073904566 0.129108928562017 0.166749439640922 0.0885389907663309 0.148756025703392 0.0868991875189776
0.0553691976069511 0.0780690966497382 0.0116077860875115 0.110032769345455 0.101508062696949 0.0354124947384603 0.186602707180374 0.163772373731082 0.14021841542364 0.117407096539838
0.0223153021886886 0.088964409834632 0.269973423312181 0.0372233547546207 0.0322152866166417 0.022186691415936 0.210798014416132 0.0775872347005899 0.0876311345579081 0.15110514820267
0.219596446308533 0.0396335662947076 0.0383063416814632 0.0505539071746985 0.0590241031634571 0.176534930319096 0.154128217689383 0.0363806008294032 0.100954030302408 0.12488785623685
0.0717126992902949 0.10019141493634 0.147984051580288 0.149411681844465 0.132968401507331 0.0258644364699431 0.129762513183868 0.0940170826088285 0.0350026672020141 0.113085051376628
0.0951752033636568 0.177818918470343 0.163760066766423 0.102558952165125 0.0725770792945968 0.0621991536354834 0.149246982210692 0.0575029477617625 0.0756686405099782 0.0434920558219396
0.123616817722886 0.154730636569226 0.129881503193485 0.112237164361655 0.0716286996602944 0.0587608090371098 0.160879518903204 0.029419943192297 0.15637586748841 0.00246903987143282
0.00479487858145801 0.205203469687627 0.0506971259474204 0.0593797758836565 0.0702259276986979 0.0546262050986174 0.198233030808564 0.215322084773535 0.0696628581988707 0.0718546433215538
0.110357054284388 0.11160066849529 0.051901807634832 0.0909332590458066 0.179661886199564 0.176875127981116 0.110615556991826 0.0245425083974697 0.0909538736489492 0.052558257320758
0.217057068170984 0.0144448049233728 0.151497504930827 0.0134391160498302 0.105426324202375 0.204764106980866 0.00288480566971848 0.0467117218778242 0.110716742758076 0.133057804436127
0.0383638258113251 0.0338859026472338 0.0429004576729261 0.105746460901802 0.244980475398013 0.162117705529158 0.0541657834406853 0.0687393360534261 0.0911121844502697 0.157987868095161
0.128897299801812 0.0702433875652271 0.238795346428039 0.0801473020411633 0.0333369361727376 0.132028241311958 0.041407812246428 0.13167843541966 0.113675128441916 0.029790110571058
0.0975638417650008 0.0901613613047914 0.073429499410911 0.135043627343687 0.0554883508473556 0.152258643892322 0.134059181233227 0.0809772046755003 0.138033001824742 0.0429852877024623
0.0540937111883898 0.0188527250881139 0.231622914176296 0.000956493990687656 0.122184460147557 0.0329688880672705 0.223459536616058 0.102356105265392 0.0325670970527301 0.180938068407506
0.113670931947411 0.101919190843266 0.0531739221874244 0.0379823721265928 0.0740258185268382 0.131465782269397 0.104201647054435 0.146956632037984 0.16398351191928 0.0726201910873722
0.115764365906996 0.204742337029661 0.0758182077756365 0.0317969257164132 0.209624299809492 0.0103781159710916 0.198343087462194 0.00474388493128553 0.113384360923091 0.0354044144741396
0.0483682507000595 0.0625578004583303 0.17755788091382 0.0648173138780816 0.0761271780791986 0.101492262627974 0.154185156115849 0.120819752242735 0.137187369479988 0.0568870355039639
0.250429942786702 0.0473117616186797 0.0162210164747561 0.102747569298141 0.217528737698192 0.116099070541219 0.105077260841997 0.0291853472393354 0.0149655439773472 0.100433749523631
0.138079704043522 0.152692973595948 0.0361820245533699 0.0620324643339673 0.135070432984355 0.015654144996663 0.110912572987483 0.144616618890999 0.1174110580992 0.0873480055144936
0.0934822377052598 0.176539666786755 0.0113857724200602 0.0526021788013986 0.126873828796584 0.131487238755898 0.0826157130901943 0.0465243361748177 0.132060809249823 0.14642821821921
0.0594378385902134 0.0927091277451274 0.0816593859892018 0.161918064655831 0.0650305358588216 0.176478988723559 0.0185935875404316 0.153870335384492 0.0455476552328732 0.144754480279449
0.134819460402554 0.155874056515753 0.0898866129962547 0.0246344947036198 0.0364521246910484 0.135399765385289 0.0128799183156601 0.1853157793797 0.023142515781112 0.201595271829008
0.0818520677847678 0.120066259172576 0.110166295422054 0.190794795856493 0.0388912957760556 0.162189902916471 0.162711180044937 0.00283262438714475 0.0259794004926181 0.104516178146882
0.145309339801085 0.0757047422477369 0.0410348373288607 0.156854547555273 0.101523245134401 0.165201856638835 0.120316535276844 0.0245398149771959 0.144780856744022 0.0247342242957461
0.00420104420844435 0.0199728634692801 0.16908853829816 0.0898905397654238 0.164609444247381 0.16960051482096 0.0599128415779202 0.07357184908918 0.172054252757423 0.0770981117658283
0.150750021982688 0.142194117255181 0.0629624020750303 0.16897940587732 0.131281203571985 0.0234008561024025 0.187172602975643 0.0195899334482412 0.00936797905165942 0.104301477659849
0.197517765887319 0.0511676535254785 0.0444197359321544 0.143129585947081 0.098388150906012 0.0209961014737315 0.194632111335773 0.0335252426989641 0.191084991244717 0.0251386610487691
0.17945191429158 0.0980855477099981 0.126110564831159 0.0936256371580978 0.110206390735687 0.120237721092289 0.0646697624755246 0.0113043581181904 0.192464443988764 0.00384365959871146
0.0331044339543286 0.0595193265888502 0.158875333640052 0.138716341530788 0.147559173265532 0.154831451232717 0.0704880570798419 0.094286550689901 0.0410531576983928 0.101566174319598
0.106049155914401 0.0901617807547914 0.164939045269429 0.0293388737535026 0.171517892714121 0.13765503212066 0.136762046775572 0.0245146135960304 0.0336149514364251 0.105446607665069
0.142922351947324 0.187320480893988 0.00676040126670039 0.149808972638007 0.0131163748556443 0.0283740671792195 0.17028551380861 0.162769245168714 0.00847385499350393 0.13016873724829
0.158129845799022 0.0565387164801752 0.161018629323993 0.151452271895804 0.112595972633242 0.0363549717920738 0.0202737559672808 0.148690176940962 0.106002827545966 0.0489428316214807
0.0188673794845879 0.152599390963632 0.019462517063163 0.218097000123488 0.0479297737007464 0.0153300575063741 0.216296816635407 0.0726906867678893 0.0776850226804075 0.161041355074305
0.0939098834355489 0.0854338771573301 0.115203755338579 0.157940615634052 0.116564315480603 0.0137577954305115 0.153513731360603 0.145873286974314 0.0189207295228587 0.0988820096656005
0.0724316244943851 0.127516624933192 0.151161863104524 0.0861518018965111 0.16290474349593 0.00247150520810156 0.116138529677543 0.0150411948472469 0.140704838587607 0.125477273754959
0.0380839466090563 0.200636244383509 0.00101918405622237 0.0688044070290423 0.114800330757054 0.18229361195067 0.0539013012764359 0.203208087149252 0.0599335251837646 0.0773193616049936
0.165014299132645 0.0279356034124823 0.0991027313155771 0.211463600399332 0.0227446537228723 0.0583487466520468 0.0918424552148891 0.0936955258568351 0.166145850429588 0.063706533863732
0.0835199656899642 0.205702221489006 0.0706416370014271 0.0192008419501249 0.165633725651034 0.203509129549202 0.147955183808664 0.0627846266065474 0.00675812957413995 0.0342945386798898
0.00279777371675092 0.159613129509152 0.0843476954467042 0.197455724516744 0.196737512456607 0.00379427258814632 0.00843318814322287 0.172143112886441 0.144354388768419 0.0303232019678117
0.113959230861553 0.113237470317793 0.0978398692491846 0.0474245076487953 0.175600969751555 0.160669724406222 0.116425083096608 0.0753336664594974 0.0685663514520132 0.0309431267567795
0.126967731544386 0.216706973901336 0.00132001364696108 0.0475831806237586 0.113843077032095 0.064198326579551 0.04270515179117 0.198254089517176 0.106879969877417 0.0815414854861487
0.0382226016902024 0.0359991600060869 0.125415255496329 0.104695684212809 0.22459958494602 0.00396306309262785 0.011238163691274 0.173494035663299 0.170270741208407 0.112101709992945
0.19515064669396 0.00221712494610267 0.12092485714896 0.0920168817010265 0.065241258963265 0.139641027041755 0.133022665300802 0.150819060593324 0.0172894203644175 0.0836770572463885
0.0232329647901027 0.0569794435513069 0.0758650475758499 0.0407723868435529 0.0669155730525072 0.143406862506241 0.102493093247183 0.165615162789748 0.175777692395604 0.148941773247905
0.0784515082744006 0.190375054236249 0.193151853127696 0.142840750239205 0.0385102866510206 0.0539919332219777 0.145603283246965 0.0495336077101877 0.0477935344110038 0.0597481888812951
0.180695822127023 0.115124016066612 0.189048487857237 0.0921170155339745 0.104839331369895 0.102772924529241 0.105505917257221 0.0484577056533861 0.0544233226880784 0.0070154569173323
0.0248755909707803 0.0367566284688282 0.0013595045079329 0.0367006202330552 0.234310161274412 0.112848292922554 0.188537952233554 0.133012736551529 0.0768188913873314 0.154779621450024
0.14633367401715 0.124799611946889 0.169260765327652 0.105330810748023 0.0606143996406044 0.116242120685984 0.0859434053480477 0.00213215408324227 0.0392403673230625 0.150102690879345
0.183525570194795 0.174122998331435 0.0210309468659637 0.0387208675467649 0.120614547203442 0.160279067237988 0.0348919045656221 0.204789044802023 0.00459736368394552 0.0574276895680224
0.0827839097443252 0.0846030806946367 0.117530476005803 0.0607012199091616 0.0279159450046455 0.179411394989704 0.0935415115251027 0.141459059095178 0.0516124112920825 0.160440991739361
0.151891765450322 0.0707393100995397 0.188382758717032 0.0692531097052885 0.122281223295733 0.131122126408172 0.0109360081061451 0.102121776932683 0.135159852424765 0.018112068860319
0.07974796498336 0.00787588291465456 0.226498577416025 0.14265004482449 0.208747288178687 0.118048684916231 0.0435943724862217 0.0567598167080927 0.0339012999862893 0.0821760675859479
0.0500387302176612 0.148911585080097 0.0808493844737514 0.0345130216800756 0.165420968393563 0.176556622418436 0.0344919599632071 0.0713011783239791 0.107518907195807 0.130397642253422
0.0696741749821083 0.043820619599372 0.132981374010878 0.0617285841643767 0.0753576719859337 0.154834739373861 0.0696463414304599 0.146188326483673 0.146104082696893 0.0996640852724441
0.218399506084061 0.00606993901175537 0.0339454804313686 0.0590443163370552 0.011343736433087 0.0941684743375909 0.160055068378804 0.145843472649136 0.120454599456755 0.150675406880386
0.149388249764835 0.0474020848920808 0.0953866265544156 0.100246999614388 0.122641716845879 0.0401772593994678 0.114050706603029 0.0482070212432465 0.151343251644452 0.131156083438206
0.131552668408426 0.0383749134916508 0.167479834160822 0.0843095433214031 0.00768328676027917 0.164897790902625 0.137671916896034 0.0489845650982184 0.0979044505894226 0.121141030371118
0.0702434753997262 0.2547814889998 0.0117883958765085 0.0937433515361912 0.0232732506036561 0.149395750896489 0.0248126801808429 0.0513562459318026 0.259555046862722 0.0610503137122617
0.123536499814427 0.00578843243908215 0.139500007411136 0.0371887150838041 0.194290535581193 0.0491247983355905 0.0455668258951848 0.185876763527649 0.0976469963190093 0.121480425592923
0.157823180422228 0.134672038825718 0.00055979468565621 0.0426220257686972 0.106320390250637 0.120319288486487 0.159456454366477 0.0703731632430037 0.136119803654648 0.0717338602964476
0.013799857112843 0.186014552996521 0.0987188008225741 0.192592921020293 0.112086447418991 0.119309539287942 0.140447929632033 0.0139333083411096 0.118783369812123 0.0043132735555695
0.00413534201934526 0.0893571913616151 0.125350981548661 0.043701574341255 0.0536380503242267 0.113312081989048 0.1104857773796 0.159441020829585 0.18383003188001 0.116747948326655
0.143600974278608 0.059645891712381 0.0110672304752801 0.197285010121356 0.11588100579956 0.0270844944742791 0.193840030003696 0.165572475928508 0.0356162615445586 0.0504066256617729
0.126558446317503 0.12127395200305 0.0890324300974893 0.159290729104362 0.0316726236848902 0.0909807213204028 0.0573678992971364 0.182641164891079 0.136022246771146 0.00515978651294133
0.0757031481579998 0.10736602206531 0.0349440937779767 0.160636726095773 0.129118809475786 0.0181511451815111 0.129741341067486 0.14781641108449 0.0382616906022253 0.158260612491442
0.162434705452572 0.0262535277065223 0.183334334916158 0.0372447327349478 0.203613522687939 0.195323196660206 0.0223631109625004 0.0370664581744712 0.0596784031767919 0.072688007527892
0.0967797894757523 0.088282160740222 0.0773984395369802 0.167512355452512 0.132884028593364 0.0754894186274924 0.117940908707504 0.0623392751030278 0.168617378596247 0.0127562451668986
0.0467231072077041 0.155370503973464 0.139831017880575 0.0641328911118077 0.0885163960931059 0.0737759867017858 0.17493772122319 0.0469240284637529 0.0868467721495624 0.122941575195051
0.0962036505157004 0.150422205743098 0.113335161588205 0.0212262586667743 0.0176121173797351 0.157120119146399 0.133571183042958 0.123683587697793 0.105309077912014 0.0815166383073227
0.00903740054441162 0.168269868201543 0.156358006565219 0.0710793171675326 0.0515575830981252 0.0378099265830839 0.148722421310846 0.0635803805403596 0.113661614930832 0.179923481058046
0.127214984025441 0.00722985674661561 0.127071091554679 0.0872645695202669 0.140900814405063 0.116596633619374 0.151600412080184 0.0785947209412298 0.110135668475417 0.0533912486317309
0.160548894259165 0.190231759041373 0.0195896383305586 0.0010438424726783 0.00444130052125148 0.18650133263075 0.0272186088473847 0.131663317089462 0.118012075108278 0.160749231699099
0.0736077244449096 0.149133247156878 0.0579572695387401 0.118537324766776 0.114963546975215 0.116239082853436 0.0367950598426896 0.207457305696918 0.111164410100963 0.0141450286234745
0.0632714529750739 0.0710534482399642 0.143397085238136 0.103280459390191 0.18664787459481 0.0367973848424061 0.0135693635945748 0.1292606994976 0.0725642318956154 0.180157999731629
0.173517278806385 0.122251913559596 0.10714232662031 0.00523365111683006 0.0891767232546617 0.0905228933691455 0.149019336555565 0.0229498149558698 0.0361345644467568 0.20405149731488
0.0451281107747219 0.185908661497905 0.0444075416759697 0.209031354767722 0.118185642311291 0.127854474681905 0.111482058560703 0.0245509535655789 0.00931488821559657 0.124136313948608
0.202893726026779 0.0529187665453704 0.128431248691857 0.0370503666204146 0.0732474330379456 0.10395315315254 0.0688527141949647 0.0620116368698068 0.0647888877456673 0.205852067114655
0.155324296231823 0.177116455357255 0.128860479493292 0.106093746890349 0.0327774377329998 0.0527550893570276 0.149736256371959 0.115407568097777 0.0329925984839345 0.0489360719835833
0.119504457838055 0.040447438834042 0.107946582854845 0.115772514255222 0.121123863132243 0.06155431316033 0.128121358488288 0.136997876768601 0.103862119910953 0.0646694747574218
0.0715181848140255 0.152382040907001 0.13950555680429 0.0409262376981558 0.0220285340438154 0.0351727628264919 0.0800309981693759 0.0475897018377832 0.0983886938227773 0.312457289076284
0.0995174366839333 0.052923379507611 0.154578675249078 0.149296877340939 0.000925761359352695 0.133120391137693 0.0932957468032244 0.155360495018993 0.104492781752491 0.0564884551466851
0.135297483260548 0.0151839421233342 0.0152870473285437 0.0697324174596998 0.171752981930184 0.152375523118476 0.00264112685857839 0.171246687599561 0.127506278060494 0.138976512260581
0.177815191009639 0.108755608322641 0.129720543000221 0.0681491540992349 0.140027867071292 0.0343968747706243 0.0189921653776056 0.0695788487578554 0.153903283174065 0.0986604644168224
0.0767010086887954 0.0487179801063867 0.122296798685215 0.12193727872875 0.0592825010687305 0.137844688843227 0.136106619380624 0.0745851043581385 0.0760735537288205 0.146454466411312
0.0665711317208868 0.144965596996056 0.148712230754597 0.157430008986483 0.0429670654559252 0.155535849489352 0.0612765104694581 0.0937723863828763 0.113432117685475 0.0153371020588909
0.105370223280589 0.1515399717606 0.0639986309845924 0.144893927411993 0.0674196571714699 0.135349407261885 0.0361969219074363 0.0823281454050373 0.153068881247246 0.0598342335691504
0.0826126376931962 0.145794362419919 0.214711819454204 0.121700761834423 0.112964316325376 0.0109159207687394 0.0681319415361631 0.023151394529439 0.150904823037171 0.0691120224013699
0.180786914010368 0.0757832787145804 0.169566769525948 0.0233327028005997 0.0626497158696536 0.0408796160923769 0.152665448158081 0.10097295212925 0.0572287234410462 0.136133879258098
0.129842749421658 0.102699981731883 0.133957156519054 0.109858600480144 0.00622567159333729 0.130286150891599 0.126527663600594 0.0848001173137437 0.0384789123744221 0.137322996073564
0.0504029725817157 0.136918042475605 0.0534860220169611 0.0308300878188614 0.102625259314572 0.184512182346613 0.101997782764724 0.112087021027884 0.0753756502298523 0.151764979423213
0.161662077133148 0.138729266743064 0.109322248395906 0.0811750766768633 0.14150837431472 0.0212383808192317 0.017567317269081 0.0562777524123614 0.087856425946858 0.184663080288766
