0.169582515397833 0.195070572888113 0.192971397514494 0.163981102863837 0.0840483307210912 0.113548947678226 0.080797132936405
0.150095213200542 0.0719213747247532 0.132047372353026 0.092371567108427 0.0688567420570776 0.247613790534706 0.237093940021469
0.113096005130948 0.228095912424716 0.0381557963387818 0.0388494276774517 0.107085884091698 0.239790225241886 0.234926749094519
0.142561192841511 0.083775068538145 0.148786940739541 0.177838494077051 0.0606972412970479 0.321572330214195 0.0647687322925081
0.00730293016925868 0.248143942509629 0.212423833806331 0.0631355172833691 0.237542090832487 0.123733245840592 0.107718439558334
0.226594388380732 0.0424728584192633 0.137085511867756 0.25629068047693 0.0642655537686278 0.034166627717373 0.239124379369318
0.33272450370548 0.157476980950433 0.00975002950467082 0.198069375090471 0.156051716369757 0.00241454068035787 0.14351285369883
0.0429275826732702 0.155105016827143 0.164503738696134 0.151822631765245 0.165886041689373 0.180924085541078 0.138830902807756
0.254510933109216 0.14382215792945 0.165268413395086 0.171923493756352 0.0319910534043402 0.139509414588853 0.0929745338167027
0.242550828522393 0.0234062118421857 0.223401569280562 0.274863870026047 0.0667452355057315 0.136164607882725 0.0328676769403554
0.193383336807785 0.086466067644978 0.128129455618574 0.0103421063889672 0.175457002935206 0.182977487050543 0.223244543553947
0.227265825989756 0.14019223979984 0.180267645537321 0.0925762010050942 0.192999121501862 0.149640781390392 0.0170581847757358
0.0321810482822721 0.152121783699497 0.0874756992273583 0.320580449063802 0.129178417347129 0.140575471400691 0.13788713097925
0.236187117917073 0.0640446840965447 0.146857126901237 0.0712620241129968 0.283363797077801 0.118345808795559 0.0799394410987877
0.0384747192421176 0.201922458649163 0.21885470025006 0.00770944268388234 0.233295433463444 0.176921235200427 0.122822010510906
0.100591953140888 0.0591695185864532 0.212769833978874 0.102068077521214 0.238373274267189 0.044706803541657 0.242320538963725
0.246459876627596 0.253415607573638 0.124772664412898 0.0959029167009947 0.0848137076405738 0.14250356979553 0.0521316572487692
0.115522853847269 0.0154922113693614 0.246499047913845 0.173437029332465 0.0225583320272586 0.129852984886903 0.296637540622897
0.0291958343820252 0.10057981916867 0.252005021756515 0.209148231535705 0.128326818335772 0.076422763182042 0.204321511639272
0.174604467372198 0.198654432299208 0.178722549091307 0.261256631428352 0.000581756580504343 0.0682887618288325 0.117891401399598
0.0747207850107672 0.342146535465338 0.329491577713086 0.0075175826076774 0.0220487295181088 0.032554440644622 0.1915203490404
0.212774192763878 0.0332097795812415 0.212571089029122 0.00965748729881406 0.0421351092508164 0.336502026591435 0.153150315484693
0.0525892171478094 0.181528120295463 0.20735046978352 0.0913526810027219 0.0640642920243916 0.230143386227571 0.172971833518523
0.162819040471425 0.000599102645737105 0.169855494694029 0.0485879411807735 0.11059038261628 0.234502194248768 0.273045844142988
0.186118198883411 0.243880747158665 0.110326238454536 0.255853133092245 0.129296245862257 0.0558290211660833 0.0186964153828021
0.115805475261823 0.138763873838073 0.18063799128979 0.140579660832179 0.117415216364842 0.102122722206471 0.204675060206822
0.148419815309656 0.213016243555298 0.143628121339984 0.128515087028892 0.204557756993059 0.0154844540418342 0.146378521731276
0.0730282139611026 0.156201921505368 0.128165079005521 0.0686525915227005 0.0679851984715077 0.209736775276228 0.296230220257573
0.175075778477869 0.072917780476531 0.189615720862488 0.34020239480929 0.00217388380372282 0.145697057711738 0.0743173838583607
0.0397439107164033 0.264182649043731 0.269258633776469 0.0180563095593944 0.0831710184549618 0.179520259958663 0.146067218490378
0.171042561692693 0.249623141635338 0.185622103501475 0.088422003046475 0.0755665195257042 0.0888947954578054 0.140828875140509
0.223712650542112 0.234316816142153 0.146788835880903 0.169431526280882 0.100566342806792 0.00275646215583807 0.12242736619132
0.322279239128721 0.060529266597647 0.108793254845073 0.00709607230470221 0.238483201129943 0.0876728599681949 0.175146106025719
0.0526036314916336 0.172532210845024 0.131304944973103 0.0412220519697723 0.190126520721103 0.210040727223892 0.202169912775472
0.234526446218376 0.110386191458682 0.165594712023835 0.152467817222907 0.00623863990935709 0.120550497339561 0.210235695827282
0.0465846542500522 0.254337814155112 0.00549917752807708 0.0882819529823182 0.0174251055917816 0.376131028085666 0.211740267406992
0.112821531455937 0.0378722079370548 0.285923063837878 0.142819190185362 0.0159598204004897 0.285013680210736 0.119590505972541
0.282648377856178 0.0155485372957064 0.0416867725460585 0.139241267733106 0.180695449765107 0.238124525268444 0.1020550695354
0.0418441463608789 0.0210843273710903 0.362363803553037 0.0202486638908296 0.0319922901192917 0.423083501078277 0.0993832676265961
0.102976813752459 0.231571364256119 0.170900570750847 0.167563419045933 0.169812044540829 0.136474051085352 0.0207017365684613
0.100668726519417 0.0467709714125764 0.281180932909649 0.13176758212004 0.221400883538901 0.213393330469282 0.00481757303013417
0.266174824269092 0.131386588438809 0.120359201535659 0.112095352813734 0.177775687394301 0.162428627535314 0.0297797180130902
0.225543078264388 0.161141464660883 0.160602941054171 0.0105721280189202 0.181021858064369 0.183113613219299 0.07800491671797
0.215604169509018 0.00971036209894139 0.185394956916805 0.0465069132028716 0.254719678991951 0.212083774312338 0.0759801449680755
0.243525463911572 0.0356270731140579 0.170657690768927 0.0319924852173257 0.0783620710218714 0.335897217359582 0.103937998606664
0.187672471465572 0.279417235105673 0.0140938859064389 0.0728178786532508 0.276358599753823 0.0228574700445355 0.146782459070707
0.148007402949194 0.0194378972438978 0.210761181807502 0.166044118767221 0.163008856280855 0.118150803486752 0.174589739464578
0.0900821222497814 0.205872871897991 0.139781431065744 0.123162418493085 0.0772125579110771 0.21821225218479 0.14567634619753
0.219982864060651 0.0112018058980902 0.143660631364813 0.0975920901222298 0.220535442035715 0.205418332800068 0.101608833718433
0.13840774123142 0.124994902349218 0.132549031739062 0.0999824241496137 0.179064301632534 0.19409303576413 0.130908563134022
0.114380221426101 0.251582994505722 0.165280197428032 0.0616412438447909 0.0761582412207144 0.144621689772183 0.186335411802457
0.124835309896114 0.252984946488733 0.144939775010661 0.0254993917673397 0.102149717616997 0.291646672786702 0.0579441864334546
0.196581763419475 0.190794042618639 0.0951439939376777 0.178260269957811 0.0609412208573667 0.212687503588181 0.0655912056208493
0.0766044582407316 0.0956256881320315 0.331155696146997 0.0968765578304417 0.281156311754137 0.0283673497363002 0.0902139381593614
0.268452469523352 0.284841961345847 0.00373631095387289 0.123016229533337 0.0795969718964055 0.159686802229724 0.0806692545174612
0.132668433362409 0.241884721590833 0.170962327826745 0.224788734829765 0.138648309119196 0.0438014742685437 0.0472459990025092
0.220002227219821 0.0205509336253613 0.16762650487145 0.214276446631709 0.0885554262491765 0.130655272311491 0.158333189090991
0.241966336010887 0.0235567589479677 0.11241980696081 0.00817466677628226 0.282049231682683 0.297003108629224 0.0348300909921465
0.187968197178007 0.163063412750314 0.174665826977199 0.0117253175689653 0.114717410003384 0.162055457993516 0.185804377528615
0.166014376387808 0.0911927773647392 0.0801780730473302 0.177947306554661 0.222351136561655 0.0792583066403448 0.183058023443462
0.235320631096959 0.205282844089881 0.0850820130479564 0.250707007521824 0.00197309639431771 0.0781866194270713 0.14344778842199
0.00134312689332217 0.255905322820748 0.207254932809109 0.0201406053847713 0.137040206195972 0.173922177325622 0.204393628570455
0.0238432958765955 0.0653478442614498 0.235229475875747 0.127388194948683 0.145130325166165 0.22648711626134 0.17657374761002
0.142599075388137 0.0422432590766348 0.189688844347942 0.154569811154392 0.101122260690397 0.199426062968356 0.170350686374141
0.00153208271397582 0.0324102294152376 0.221203062388382 0.120068693310576 0.246219062589316 0.173655137460101 0.204911732122412
0.150393189022789 0.0719334517760876 0.0173284433857988 0.321114262610604 0.302341376234095 0.021597684061824 0.115291592908801
0.0656292239236089 0.123211824127248 0.138775361986824 0.081054090202519 0.0688555951184923 0.265924984618161 0.256548920023147
0.0459467621393794 0.435606529331801 0.123445926203905 0.209914168856006 0.0913649967921641 0.0149631018594073 0.0787585148173376
0.0614991286755235 0.0466950508820323 0.0222984221099514 0.339943166284501 0.0557322196352441 0.134456039478246 0.339375972934502
0.218509510793265 0.154426094270092 0.248591482266277 0.0413023933819234 0.201475917006633 0.0694754314456942 0.0662191708361153
0.140606101475294 0.213044693622022 0.219748626142218 0.0127149901215355 0.0675247238529895 0.103865711428423 0.242495153357518
0.0887513647200438 0.145549439276559 0.121732242720272 0.0422959537054285 0.256304003844164 0.29380104310181 0.0515659526317225
0.377089894454777 0.389020368013164 0.00638187379349804 0.0233693080151468 0.0628818108479988 0.129377361821364 0.0118793830540519
0.0258246292232916 0.11535250940791 0.0837306872681804 0.202686240968813 0.161382697162642 0.22904053699257 0.181982698976592
0.193503875140406 0.0423567000710009 0.268118523659048 0.0903294879668137 0.00272847879932383 0.111840241444593 0.291122692918815
0.100798138178113 0.267585576152455 0.113342585657678 0.200530235609393 0.031059248259068 0.140254572286815 0.146429643856477
0.244727918521038 0.176516913842098 0.142975197905606 0.00173128621026999 0.213327548933036 0.089668852745133 0.13105228184282
0.284521815105234 0.181924263786362 0.00708596989903799 0.134195524787602 0.274806791834488 0.0025627963114982 0.114902838275778
0.0468608793698997 0.319764641904927 0.0627706131400876 0.231302314630936 0.0901276791828723 0.209728275953639 0.0394455958176391
0.0283458984680132 0.213622007370587 0.0515452217174797 0.23661001077253 0.235668402715748 0.0695026357007251 0.164705823254917
0.0232877792726939 0.219675581359696 0.12573395718866 0.221489912385994 0.0417557608696778 0.240445929948812 0.127611078974466
0.169339525725747 0.055025231722515 0.199961583964573 0.154125347858386 0.234910631439789 0.0930745893240339 0.0935630899649559
0.0802724038805527 0.260060987276073 0.142968494150717 0.0972397053687741 0.176635516470902 0.145792166217396 0.0970307266355851
0.055431212783894 0.251274437196098 0.104850749419783 0.0308266113271733 0.190381240557469 0.0998295266049904 0.267406222110592
0.253233418339208 0.16363705122239 0.162597980131315 0.247947097588212 0.110619608008033 0.0178346262772959 0.0441302184335457
0.294873638270835 0.09162872740489 0.0330564513018017 0.195634712349472 0.0359826333745765 0.203765532914907 0.145058304383517
0.175925696858968 0.11164374575459 0.0880842453536364 0.110676827241863 0.251300062571991 0.244191578277046 0.0181778439419045
0.0904736138605221 0.233555108563359 0.206945083573782 0.216432741144966 0.0714426181451948 0.112440683088794 0.0687101516233819
0.0747926284084553 0.0716020305076359 0.292054213184486 0.258900538096112 0.241455898714943 0.0144206205109902 0.0467740705773773
0.0683968146101766 0.200010340887012 0.131703869398684 0.116527141427102 0.103030355288293 0.105978106407917 0.274353371980816
0.0664724741433169 0.218799499842905 0.0676411697101899 0.023731685307893 0.196483820307709 0.232717440684016 0.19415391000397
0.107319111389609 0.290452254549891 0.0981549764090113 0.076768102990042 0.129028412963047 0.240306032349262 0.0579711093491383
0.321938985578228 0.31737186943578 0.114658076983066 0.182204681180265 0.0424516917986283 0.00877888712169681 0.0125958079023359
0.16542536404072 0.0819956381981931 0.252563239661542 0.0379605197128752 0.204666401733161 0.220092316924828 0.03729651972868
0.197094860471802 0.235976862799044 0.123998983284558 0.00749681107826537 0.140994712743101 0.00864218293723048 0.285795586685999
0.114345491872039 0.170013229664851 0.0922073851648635 0.198915827242211 0.208256470350336 0.165865820563425 0.0503957751422738
0.0116926201997232 0.152824039427842 0.128593187245629 0.290116704827773 0.26518356131614 0.0988631422839445 0.052726744698949
0.250284944106688 0.145222908745818 0.0524284202988653 0.0438169502153784 0.152925926837758 0.233865914902218 0.121454934893274
0.230342948537808 0.116645095551981 0.268014699760395 0.0515463610939611 0.196634729535706 0.0202606460043928 0.116555519515756
0.126737539851243 0.126109084087652 0.0841194945169091 0.0711761076737369 0.239590124979154 0.170081260744466 0.182186388146839
0.24245857863064 0.146338274519717 0.139497415993262 0.198964878792283 0.0603456103175546 0.00557218636647801 0.206823055380066
0.224493539308633 0.180544835685139 0.0134865745843604 0.135049859445622 0.00030750191280663 0.19564405492655 0.250473634136889
0.0609371815842167 0.240303107683797 0.0128861419292224 0.247067701938128 0.0968055797563316 0.155584659693975 0.186415627414329
0.205312324471934 0.164246663381192 0.0347873744747247 0.119597666206593 0.16881930498828 0.225027448124685 0.0822092183525915
0.0884150159385819 0.0896810269233043 0.199341563842604 0.0349403619599384 0.218930368047831 0.121203971697712 0.247487691590028
0.149412679220063 0.0630566644136222 0.196004516577496 0.20028761172037 0.112864569069146 0.161169043594209 0.117204915405093
0.162815865327815 0.124416302973613 0.192812080522789 0.0305486393541906 0.216171426062514 0.151033908731789 0.12220177702729
0.0931248673641868 0.182672491660996 0.119308291533445 0.183852313097351 0.0136303698145408 0.19278531538785 0.21462635114163
0.04471122445952 0.0436288025507318 0.118615504235588 0.299846322563295 0.0906442672708113 0.124858893183292 0.277694985736763
0.271166627389106 0.0261139134562122 0.0518814726160237 0.111429467288604 0.326505906330864 0.0527025543558371 0.160200058563353
0.107601686705994 0.194220844965271 0.190247665071392 0.199928806686668 0.0241085400872178 0.0869336157434114 0.196958840740046
0.272209339866478 0.0698743990003395 0.174208111478645 0.161871176219631 0.207194600747483 0.0752922892704226 0.0393500834170008
0.296044780672279 0.126641008000887 0.090770038047699 0.116106539235807 0.182569270455778 0.0631023370189192 0.124766026568631
0.031208977521654 0.160988323235166 0.157751391793535 0.0803492166923423 0.137471216162652 0.251701783039464 0.180529091555187
0.14843728993655 0.23430433271844 0.163611788434564 0.0559034875911497 0.053927884764947 0.227040615826187 0.116774600728163
0.195440019142765 0.150170965028971 0.16857597957799 0.0880770468438972 0.16278617114111 0.134159128533237 0.10079068973203
0.13286366865187 0.189479621865123 0.144834988076292 0.137117931188591 0.231401620883653 0.0387329824424626 0.125569186892007
0.239098698140173 0.138391250624186 0.066140960690151 0.0607884726139111 0.286228664545125 0.174768508615363 0.0345834447710907
0.143782618288912 0.0755898114487531 0.14714785160823 0.0335622285159172 0.394994914005393 0.10630931865473 0.0986132574780651
0.147651764730584 0.18224135217826 0.106661079142369 0.149807560981238 0.205542618413594 0.0598307598310983 0.148264864722855
0.000524368757853314 0.148182770959284 0.241306597672174 0.198625132517156 0.234622342763183 0.027935616606873 0.148803170723476
0.156066952225898 0.0870690151891272 0.112119196887392 0.0383700767601045 0.202028872837423 0.247252382179447 0.157093503920608
0.0120607425788497 0.314517767190785 0.0183606633008147 0.0483404723415092 0.0218277068205479 0.332010745624043 0.25288190214345
0.166004772849025 0.15702922144996 0.0819659733664839 0.183149480761975 0.045878597889235 0.288405205025319 0.0775667486580018
0.273891156923225 0.0890330313547358 0.00447436368070688 0.304879321422018 0.0437587397498511 0.0551767376431607 0.228786649226302
0.064381534725822 0.0308688567178902 0.137436543586852 0.11514241630909 0.308736561869732 0.332665285872405 0.0107688009182077
0.200042562765442 0.055395576883378 0.154177031795855 0.171882062269787 0.185355008541257 0.0486990517751392 0.184448705969142
0.175643540225459 0.110705841312195 0.289243199239198 0.035164537815083 0.0540765233460458 0.0564911571799901 0.27867520088203
0.15568883113553 0.159902135163351 0.213285479550914 0.208520745315654 0.0190169760427973 0.0983107863899822 0.145275046401772
0.0366039868637848 0.185420656465337 0.174411361200816 0.253091424792217 0.149267734077898 0.200160283404744 0.00104455319520257
0.189249514926419 0.181081679498442 0.089710794980333 0.0441275924932773 0.176794522620839 0.145109444989495 0.173926450491195
0.0319447481090842 0.0441072186856623 0.158645180830835 0.170721309778506 0.241482330442342 0.104257925751057 0.248841286402512
0.15080487738396 0.00344992639476794 0.214150982887835 0.0386748536730211 0.259506783953951 0.278454252210961 0.0549583234955041
0.19913344201569 0.0623197810449264 0.20119553828362 0.167821088869541 0.198970698562001 0.124344570177531 0.0462148810466916
0.210226023200855 0.0560538995284184 0.209506415816157 0.136703331028216 0.101583229124885 0.230213281510684 0.0557138197907852
0.178727352924968 0.00652031696500966 0.105547395377943 0.263183914660158 0.276759808420477 0.133436644057848 0.0358245675935965
0.105924465451286 0.181819940110461 0.030017385421791 0.128394889485992 0.206487319854699 0.161147634099046 0.186208365576727
0.121682940965893 0.152787261573528 0.104078355110401 0.19685282435923 0.183649755593857 0.0564278350872258 0.184521027309865
0.211891560305504 0.160259176554194 0.0072318766159182 0.242038660705774 0.0692718664753082 0.238142954256566 0.071163905086735
0.212523394662333 0.123429681233855 0.200225248480069 0.0830415365965595 0.116701145739128 0.204762841344736 0.0593161519433191
0.184611956251119 0.309815746187126 0.271429976001641 0.014443537944231 0.0445965223358427 0.170864216154846 0.0042380451251951
0.00170079514431003 0.19340268677482 0.289691578773442 0.1351630702329 0.00911694160183599 0.161176109313779 0.209748818158913
0.068513281895038 0.235079363996998 0.0548971384395016 0.225899706119164 0.18111778173611 0.0792367488145181 0.15525597899867
0.138375683654468 0.120732537275338 0.1172876766787 0.100037288074971 0.263041051706011 0.133769006816377 0.126756755794136
0.191772173670454 0.0282186371604607 0.0200254327480214 0.24248707516857 0.269673321398312 0.218923296525535 0.0289000633286466
0.188227998599348 0.131092171137463 0.224435029419483 0.106534865839247 0.0278055684876884 0.201297819893675 0.120606546623096
0.154655122240633 0.159260895283029 0.205466100618504 0.164863014998867 0.0330612688416281 0.1326012674989 0.15009233051844
0.224472923936822 0.0119673285971025 0.161857251432902 0.236416922760023 0.0996164354388918 0.197200378636121 0.0684687591981383
0.0110480567159149 0.170933236364836 0.094584918434118 0.178287925184364 0.136638054636944 0.077594588519481 0.330913220144342
0.275470674248023 0.259689557089902 0.0691375312713507 0.020242592060707 0.215666668992133 0.0620316781224529 0.0977612982154317
0.0877539978512575 0.141427612407956 0.158166170986092 0.084340498101872 0.275459288828924 0.222396801296116 0.030455630527782
0.0183207292247815 0.174537801879201 0.0340873413207394 0.221002932694042 0.196502943570642 0.137877812673489 0.217670438637106
0.129186295047703 0.114173153848955 0.160609401798954 0.131259329723802 0.172920252674891 0.219524671327864 0.0723268955778304
0.106303530415276 0.0451306059557297 0.201182513124202 0.0938500974489268 0.253068487505707 0.156403192769339 0.14406157278082
0.149735062915789 0.200392657909524 0.105782264640738 0.124285134607304 0.0327853036418146 0.220646242012308 0.166373334272522
0.153916594682599 0.163142856572661 0.117943632103358 0.105584366431875 0.206806645965445 0.164233997688191 0.0883719065558709
0.232717948854213 0.0125038581929179 0.0375660054973004 0.255743204447126 0.230215067967473 0.108066296310706 0.123187618730263
0.227858345799706 0.272074430394919 0.121929359734457 0.0240570602055203 0.0376614236792782 0.256502994817992 0.059916385368128
0.237951061235189 0.0682073311255544 0.180031862175002 0.0600269317112235 0.100085564290806 0.218234623774189 0.135462625688037
0.0408924928672966 0.240831620895436 0.0958811678994068 0.0256891396118235 0.23093319084172 0.167318433146184 0.198453954738133
0.0703294478389346 0.125081701059776 0.19072610552256 0.223093718737025 0.143820841249961 0.222103907605639 0.0248442779861034
0.176366574611688 0.16967215202773 0.207560797077784 0.114302217376101 0.0643597399499068 0.209445393794049 0.0582931251627411
0.22252397524291 0.0883764526496539 0.134910670139567 0.070930703907979 0.2059559693779 0.122921251988481 0.154380976693509
0.0755861880200176 0.239833719414279 0.125220933220159 0.0662302042132047 0.126159221741602 0.141264225741926 0.225705507648811
0.196319159964132 0.0361150090567106 0.244139888917607 0.0294667821357005 0.0671468583606383 0.18251152733088 0.244300774234332
0.11619933952421 0.0163152717675168 0.105531683992059 0.201625175925759 0.155067971464767 0.190343325317783 0.214917232007904
0.0368344242852293 0.166781466084713 0.269518651781873 0.0080477769202358 0.163698996964873 0.13671736613126 0.218401317831817
0.160730853964393 0.223137053040213 0.0377172545590325 0.159550516108967 0.11680943097268 0.249105859373265 0.0529490319814495
0.128608023925588 0.00215564898375875 0.240696994786912 0.165618183863617 0.181064247298645 0.259714502725222 0.0221423984162564
0.265067646834794 0.11845955651276 0.322415618426984 0.0455199797726083 0.136803100355293 0.0737854895138054 0.0379486085837552
0.176986652343073 0.173831435244343 0.135956856400857 0.12857336003821 0.0533110868459629 0.162849842808198 0.168490766319356
0.190652893258005 0.119884438203692 0.102978439680723 0.148312121962651 0.0744503065111974 0.187584090541404 0.176137709842327
0.162099293183474 0.025444792976869 0.0752272194624285 0.0861601401609381 0.163709339164336 0.306885027515233 0.180474187536721
0.287281655170966 0.144440827569108 0.246101662537805 0.16541661157847 0.133952262274599 0.0190663607159115 0.00374062015314123
0.116611468394812 0.0526173199713011 0.214681146437468 0.138656769792309 0.097965532543613 0.170826674042568 0.208641088817929
0.114427649012777 0.284910262294866 0.0869675799688571 0.0791439168602907 0.233574591321788 0.00186711495514797 0.199108885586272
0.165204801794064 0.237550982344656 0.0732709014273711 0.17741646639837 0.130522903518049 0.0138926612364366 0.202141283281053
0.0771198131858767 0.36010426572836 0.0640262139618781 0.127479692442181 0.0334575936789432 0.0705084547220825 0.267303966280678
0.208019010073733 0.0724586178676997 0.209816473354955 0.112530298346652 0.197384883802945 0.143203999676416 0.0565867168776003
0.11736868129867 0.035271352755062 0.0611941092983558 0.185339073407981 0.0914373326710776 0.202271226155774 0.30711822441308
0.0261799588346721 0.128600013533939 0.16869167769037 0.229224694351386 0.0998064691768565 0.221227353840775 0.126269832572001
0.0304652474802699 0.0546704094481768 0.207328798187186 0.00424888146767069 0.379070922419231 0.127224517596107 0.196991223401359
0.0962205097887011 0.0863943623332121 0.220286854128095 0.183161251597673 0.188459014256142 0.115477314971004 0.110000692925173
0.0957255362473147 0.157257270844938 0.0108437455191344 0.345158715816715 0.062910485977256 0.0271560182414441 0.300948227353198
0.102812179381417 0.139265424774587 0.231701613675241 0.160326681944454 0.0728739079020206 0.0550725554769957 0.237947636845284
0.316946881338754 0.152307356642469 0.17580210825709 0.174968303381275 0.145177065310165 0.0170550073166887 0.0177432777535587
0.170304226509551 0.0922862703442266 0.0403594611427129 0.194019982140123 0.10421988196513 0.195836226572177 0.20297395132608
0.299173964551323 0.243219359225614 0.246049799304056 0.0566254502175463 0.0850360885014894 0.0282174129438155 0.0416779252561563
0.190997619415031 0.237039105016981 0.262182709234723 0.0267564146095055 0.0945514027973789 0.183790766228146 0.00468198269823531
0.0384045007611064 0.301397611837739 0.267119138635261 0.0140933802473378 0.262424458934986 0.0373917139067382 0.0791691956768323
0.130528023456646 0.0898518075553997 0.211498622474416 0.144505596368374 0.00828609957234059 0.207499552854083 0.207830297718741
0.140481864942106 0.232580941013654 0.175831328656522 0.0964286746161655 0.0521832431924627 0.151925358868479 0.150568588710611
0.0345819312613068 0.0613921138838105 0.199072879612811 0.131324629693769 0.205304729354982 0.193611548027429 0.174712168165892
0.265401419419794 0.015037013597205 0.0586029070102134 0.190397804416948 0.182149862840113 0.131087337713881 0.157323655001846
0.105203704732996 0.149009923494381 0.0892533268486539 0.0653093546140483 0.132518161228422 0.312527753384663 0.146177775696835
0.0968007449234148 0.141155772946865 0.185343560928914 0.0196611188237893 0.178693974337534 0.155531494985451 0.222813333054031
0.202216125748648 0.189458109765976 0.290167396407298 0.0313019588472682 0.17864765638613 0.0153464409030329 0.0928623119416477
0.00513606363705567 0.238294650873973 0.36941785705569 0.15720452046162 0.159862242676409 0.00430601554043165 0.0657786497548221
0.141052949189048 0.17601289747091 0.155970347954673 0.00766872438751067 0.149399136883076 0.163242383717119 0.206653560397663
0.012274690503803 0.189224010825365 0.166859877371694 0.0142263759075193 0.246623597108548 0.179590251544584 0.191201196738486
