0.00115539019499996 0.277714028712048 0.247010460519339 0.219061649574299 0.255058470999315
0.170429675012854 0.00581976414972471 0.338941185607492 0.166256264998786 0.318553110231144
0.239315134003532 0.191205485479044 0.158056743064286 0.224159484620614 0.187263152832524
0.286219715055936 0.282696605242367 0.304582533795564 0.0785712257596276 0.0479299201465056
0.347939053701164 0.223159676864841 0.0392676491788503 0.200184544920708 0.189449075334436
0.146412848488751 0.357961702678381 0.0659059069372394 0.360738732058491 0.0689808098371373
0.203307661298879 0.101774224543792 0.318467983789794 0.243212213692785 0.13323791667475
0.216707664579372 0.000539090583015667 0.325994345863331 0.177311015707017 0.279447883267265
0.245510193216438 0.254396762373114 0.113253258567599 0.179693212934159 0.207146572908691
0.386349777178946 0.00676978273194166 0.420061199163746 0.0694352055522893 0.117384035373077
0.295090536657628 0.102772233348988 0.210738571731114 0.118893072157115 0.272505586105156
0.443566622075925 0.0541592454916121 0.170855338451697 0.325561468169144 0.00585732581162226
0.20792076716186 0.191808956145776 0.227005271234632 0.114121495524082 0.259143509933649
0.0840241155705523 0.140446702944106 0.320581377416734 0.305091123771815 0.149856680296793
0.446509269260168 0.234121384092688 0.211598600761451 0.107002796709926 0.000767949175766309
0.442735056170994 0.0854589288067822 0.063733716281323 0.0877538397879734 0.320318458952928
0.301752257306671 0.309124397188615 0.256463994648625 0.1134174137511 0.0192419371049883
0.42444552596483 0.127374079164164 0.267783629546833 0.00701378765029046 0.173382977673883
0.238343953054046 0.147974032438314 0.285618296783693 0.284011147722452 0.0440525700014954
0.204047733127287 0.179611828792096 0.207717415608918 0.222059503148101 0.186563519323598
0.143768129166334 0.206138919563191 0.25764359362373 0.159059444060804 0.233389913585941
0.143726345818621 0.0799482631294969 0.234503441078109 0.249069498466135 0.292752451507638
0.328995137558945 0.084031630275603 0.162021913416916 0.22594079164194 0.199010527106596
0.181832065055546 0.282665757159185 0.208768345782322 0.0354695817387923 0.291264250264155
0.162875947734873 0.308564448540739 0.284075665430878 0.0138334207611321 0.230650517532377
0.384213261310477 0.289333658392789 0.160540792956206 0.0818694990607346 0.0840427882797939
0.251834729976439 0.256217458530646 0.117981811030551 0.138899653202356 0.235066347260008
0.0888147181234136 0.121358591008953 0.179265421965099 0.511166549764045 0.099394719138489
0.272696793078183 0.238081973365315 0.0523413228514738 0.163175298389008 0.27370461231602
0.500561395576681 0.12833360660969 0.262290695385632 0.0443151061022212 0.0644991963257753
0.192498860161176 0.33448658463762 0.176321980305008 0.241224797374265 0.0554677775219315
0.100812844569766 0.145960695525325 0.146862868158452 0.248767661080034 0.357595930666423
0.19757722191409 0.265124815217412 0.082392347485204 0.237915881541866 0.216989733841429
0.0523461521500255 0.30704204667029 0.393924805860474 0.174184955089651 0.0725020402295592
0.30324061499551 0.122596861892117 0.207374597854896 0.190773837025779 0.176014088231699
0.275668972318771 0.330961579232674 0.123852201237547 0.105292536855134 0.164224710355874
0.062340856199911 0.309114080409859 0.296495872724209 0.00570026528790024 0.326348925378121
0.506336152535922 0.0715276382042309 0.0798018699484991 0.287639270896724 0.0546950684146236
0.232859739533342 0.184479745147684 0.244014240354093 0.112063699912856 0.226582575052026
0.200512716629439 0.0340556961820582 0.163225628580383 0.250657878385101 0.351548080223018
0.2938274197342 0.293310498079951 0.233115841746347 0.134586638710767 0.045159601728735
0.0551489246886836 0.290133667632967 0.146642714073239 0.243115047191687 0.264959646413423
0.12676071021597 0.233121768691775 0.00739560903094884 0.355626195802508 0.277095716258797
0.193639420410218 0.326269807859656 0.276774806533891 0.097433966171368 0.105881999024867
0.219586949791367 0.14578864604296 0.236573006372491 0.108844704306363 0.28920669348682
0.0334492078829933 0.281656879553336 0.284382158814613 0.134901903795782 0.265609849953275
0.192294523355499 0.0943880433806141 0.173764953638448 0.260662469670074 0.278890009955365
0.252114738898116 0.258373520178784 0.0835011084371799 0.129313386093348 0.276697246392573
0.0947873923530539 0.335502256691841 0.209561460868976 0.194404922170283 0.165743967915846
0.124592645583658 0.25826190203354 0.316463052671764 0.03320092585495 0.267481473856089
0.00386818655655963 0.217727310661339 0.387643816701009 0.102632110306119 0.288128575774973
0.19733566973385 0.239144623801573 0.0563046234832567 0.440625796061998 0.066589286919322
0.0474216337077506 0.304222135562918 0.161913158224944 0.253010220126882 0.233432852377505
0.257883530988255 0.312333359883785 0.323349522967292 0.0142903860606995 0.0921432000999682
0.217181872202519 0.14168042170008 0.126249907181005 0.507760097973487 0.00712770094291016
0.244678600924389 0.143890002851747 0.107781092268669 0.370983010251408 0.132667293703787
0.138683842280554 0.271668965934381 0.0899070529795535 0.208690760058244 0.291049378747267
0.0326093095485237 0.408886811161304 0.163302538404178 0.00404840347569023 0.391152937410304
0.0297271423681696 0.337090790628843 0.0287919662762393 0.295759188809127 0.308630911917621
0.223947291307942 0.00875477508245776 0.273557590703803 0.347603332901962 0.146137010003836
0.168163614741504 0.211030953673801 0.214172284551207 0.12577311090394 0.280860036129548
0.228337623602428 0.189603735711678 0.046111337372915 0.382946956765102 0.153000346547878
0.482203632551539 0.124500356834796 0.143749527564936 0.0805439538062515 0.169002529242478
0.294426266253383 0.545891668711724 0.0140396070785812 0.141429475500738 0.00421298245557282
0.160372299680208 0.280924887292265 0.0917410555524301 0.252554695346027 0.21440706212907
0.225755973503679 0.0708023526929554 0.263281506301166 0.182642003325328 0.257518164176871
0.229096729683291 0.163970309271565 0.385955286773465 0.0460001738279254 0.174977500443754
0.325392668242132 0.0776903356045867 0.319959408316588 0.000469716288876299 0.276487871547817
0.0720449137621344 0.00286961133213362 0.236848190502155 0.510683372377382 0.177553912026194
0.240414320615635 0.262306196335609 0.128615488721635 0.208741126300288 0.159922868026833
0.398381021000577 0.414840581920468 0.0358148344386362 0.133064655179426 0.0178989074608927
0.0827903427196048 0.238135283234808 0.29335281766697 0.153139880814777 0.232581675563841
0.150810350539636 0.0178825335655159 0.110577643740895 0.112255094316572 0.608474377837381
0.246543992129792 0.0419335131617223 0.438157534444601 0.012876652230019 0.260488308033866
0.162235783641041 0.200847088715743 0.146284746911157 0.236240843772645 0.254391536959414
0.172852183252543 0.260289129303233 0.120605947854701 0.148801397713196 0.297451341876328
0.277252667924763 0.110359016210114 0.168622363113418 0.255902265351522 0.187863687400182
0.0600252005861838 0.0773467173074296 0.170378800730204 0.45584531419963 0.236403967176553
0.248974733142712 0.26806431369429 0.197431259140294 0.0320358807197619 0.253493813302943
0.11740472344735 0.134102610504897 0.0486759875365088 0.35782520899472 0.341991469516525
0.220300973366525 0.017749772502954 0.331432586258724 0.197559076065978 0.232957591805819
0.191143663474286 0.165173923774737 0.156579957954865 0.336766351163966 0.150336103632146
0.114872186014286 0.265487047223279 0.231792746151005 0.152079746678506 0.235768273932924
0.0263345731416608 0.356371422399325 0.114126391866182 0.411893874629958 0.0912737379628741
0.0668231375971352 0.250076826653621 0.144488655004011 0.219112565147583 0.31949881559765
0.0568301945973856 0.0780351103881506 0.200352835197892 0.336284605284411 0.328497254532161
0.246676173551981 0.254878202010031 0.142889763875725 0.23322999067393 0.122325869888332
0.0322843452492943 0.316798388589685 0.261357396184473 0.306433083363401 0.0831267866131467
0.273654267667425 0.142436549212797 0.0983943995824958 0.0422174594881201 0.443297324049162
0.171920558720157 0.216507234967997 0.135009321488562 0.266718287156941 0.209844597666343
0.186430940818211 0.264653243415988 0.0166728698489175 0.298658306302347 0.233584639614537
0.14054641698617 0.192618761388324 0.263467829540875 0.263380690703271 0.13998630138136
0.415600722316053 0.0668705153409415 0.411582135228923 0.0922439935699204 0.0137026335441622
0.350667173891621 0.056654609690528 0.0234120746380487 0.150859220836484 0.418406920943319
0.198672605258172 0.0325899965377732 0.131731931873364 0.349187495518604 0.287817970812087
0.238035746893011 0.181975788071871 0.389608290375196 0.184603535239501 0.00577663942042164
0.19110664784578 0.0984668493428512 0.235647492608174 0.265653255990494 0.2091257542127
0.070069762823508 0.0603465109976262 0.326311198148945 0.348833902427976 0.194438625601945
0.21232691216629 0.302076300117665 0.0975757078985523 0.283193104275609 0.104827975541884
0.0215226257317876 0.245525115572447 0.321381259042373 0.214063895330197 0.197507104323195
0.170140024717752 0.0872820808321396 0.458043418540179 0.168772717145705 0.115761758764224
0.27038965184215 0.160715731609367 0.22927130612261 0.328830079948923 0.0107932304769498
0.155885202243135 0.0848930670478065 0.358183269835319 0.296142238766581 0.104896222107158
0.376053698148425 0.396255835443317 0.0623667122545257 0.0744814606742908 0.0908422934794414
0.199259669555355 0.189317580286528 0.19882127372194 0.284266848773967 0.12833462766221
0.301757482304229 0.301343517633969 0.107003196428992 0.241188772841842 0.0487070307909667
0.284429478164807 0.231128689457277 0.198422042899741 0.0063937138162785 0.279626075661896
0.336636731498252 0.180560242176486 0.268973310186107 0.208491255132281 0.00533846100687452
0.143219413153225 0.313561702793801 0.0890722669229161 0.277666496425769 0.176480120704289
0.20072738900249 0.0627517020352826 0.477604000009921 0.237557995675193 0.0213589132771135
0.00854046546898363 0.344973280882919 0.299430680365934 0.278026816094449 0.0690287571877143
0.0594105111728113 0.417082009436673 0.26996598655475 0.215515094463114 0.0380263983726521
0.262608846986574 0.135850460236967 0.344911374713071 0.160230234038095 0.0963990840252929
0.268312734921553 0.00582478415109355 0.264065263941673 0.243488531471518 0.218308685514163
0.249220065079474 0.363899367943221 0.0424521097752708 0.334490229679672 0.00993822752236168
0.23370468452938 0.34504634323746 0.0580581452572669 0.176833043062034 0.186357783913858
0.352199220134684 0.146811385745766 0.212443940649199 0.136752712373135 0.151792741097216
0.180721049979547 0.213446400966823 0.298441396572599 0.144447859328947 0.162943293152084
0.366541107465787 0.0167842753249086 0.272384358839424 0.12939665068983 0.21489360768005
0.297074516713129 0.272960269097198 0.0928605649063956 0.0986203975521716 0.238484251731105
0.265784671431907 0.179705392071981 0.26949481103929 0.00408557061041748 0.280929554846405
0.26242223065477 0.268735293734191 0.172434045298775 0.191164039320846 0.105244390991418
0.0391441608975019 0.0911835401643605 0.209276584107954 0.348497409829288 0.311898305000896
0.246626649480799 0.153937733330189 0.153005386828927 0.182317945735494 0.264112284624592
0.103341871873821 0.228721826571606 0.167249309262415 0.19970524375774 0.300981748534417
0.218039215780412 0.162890800335271 0.070234712192347 0.345667948564747 0.203167323127223
0.283367589660757 0.301391230120431 0.0621908639938484 0.227514685147623 0.125535631077341
0.122202465002374 0.259325714953635 0.295455693115385 0.124162012489567 0.198854114439039
0.332516651032561 0.208833762106941 0.00117404568154072 0.276898885459048 0.180576655719909
0.181591899290089 0.0977439717987944 0.283945668685506 0.170848312388766 0.265870147836845
0.0553486834450209 0.547984320282342 0.102413713857799 0.153507105175245 0.140746177239593
0.174961358041731 0.511196886642621 0.00840133942169717 0.281334528690401 0.02410588720355
0.285982021513346 0.332471620754456 0.306502354559975 0.0411861050534338 0.0338578981187892
0.0383719530742302 0.0370991037199533 0.157910994624468 0.39498533530423 0.371632613277118
0.152726181801317 0.165484193684205 0.254797424218515 0.201197749689502 0.22579445060646
0.21116368761507 0.208232598108816 0.21962200082326 0.101636014102297 0.259345699350557
0.131458249206572 0.163336265552382 0.394631761725025 0.263547121497747 0.0470266020182743
0.345862031279419 0.020689221591841 0.0722077438000552 0.196616848748815 0.36462415457987
0.0125864826360166 0.0237483388293932 0.396774164254621 0.389598565621683 0.177292448658286
0.0341040881715157 0.35390305479315 0.215263755234011 0.353145196054455 0.043583905746869
0.206008087532371 0.146450836557823 0.326302084237777 0.299509260965741 0.0217297307062878
0.00415298109178979 0.348213828212599 0.121286018050665 0.246261071294623 0.280086101350322
0.0812483533935645 0.318918885909709 0.214817019830993 0.0374321846764713 0.347583556189262
0.0162067536447804 0.177164249712578 0.0904609434860907 0.357103425813674 0.359064627342877
0.156714606296458 0.377663253790315 0.249033969363497 0.199371579998926 0.0172165905508045
0.10349732828645 0.218403288222675 0.268128000926992 0.145969635628242 0.264001746935641
0.266737157054924 0.0790872036641969 0.298395379652592 0.287709117014575 0.068071142613712
0.127011107765434 0.261661699524334 0.150498539167052 0.195668616970382 0.265160036572798
0.277475932585655 0.120668520540326 0.0299807308549386 0.349968181992815 0.221906634026266
0.294851859985309 0.0315320504462955 0.318927610586417 0.250843468603591 0.103845010378387
0.0875326726229095 0.273432691355799 0.44646935487675 0.149896224431816 0.0426690567127255
0.0826218261802691 0.317690476697036 0.195536754071933 0.178966306012256 0.225184637038506
0.246214868024769 0.18850375176716 0.147565596533633 0.160268741006178 0.257447042668259
0.205431605644557 0.218750299297877 0.266597980257748 0.273547731300954 0.0356723834988648
0.357513377479152 0.266641502053783 0.114037028114682 0.168966148032135 0.0928419443202479
0.391138694258807 0.108527417643456 0.0272307297541881 0.436118064743798 0.0369850935997511
0.203610692453032 0.328526211981758 0.227327997811301 0.0873326762527579 0.153202421501152
0.199004165463009 0.0755478668177441 0.0623020441653545 0.218062035182008 0.445083888371885
0.283561638254928 0.258035208114567 0.00868201615020342 0.135354544772538 0.314366592707764
0.208237382982904 0.0464296697706433 0.385230947738479 0.217505066307169 0.142596933200804
0.354294871820341 0.000959067988612906 0.185061457847516 0.390383885328813 0.0693007170147174
0.169092160990388 0.205708522916189 0.313847719373828 0.261123800256216 0.0502277964633797
0.0751476569626617 0.414557426812518 0.102675457461859 0.0928636698956217 0.31475578886734
0.23418615412854 0.278518906644021 0.201343676358668 0.157970780946223 0.127980481922549
0.0358424492385687 0.199160240776329 0.492883489141919 0.18800315364732 0.0841106671958635
0.288214306881432 0.241542532245591 0.282984468534056 0.00425826383213336 0.183000428506787
0.200686034501192 0.119220680637111 0.243573631425649 0.173580121857079 0.262939531578968
0.243862725848505 0.0274171849131172 0.34049825439526 0.202409950168084 0.185811884675033
0.237338894430417 0.322765289463469 0.22601620191462 0.163967164663846 0.0499124495276474
0.289127911209577 0.115972661450477 0.3239391999524 0.0531430019730857 0.217817225414461
0.187640616667862 0.347302742230292 0.226375784702088 0.189929011964105 0.0487518444356535
0.101815320146944 0.126052955500975 0.20752673137815 0.174376365841044 0.390228627132887
0.0423000895518219 0.0807519595227597 0.360233075625504 0.0655974445278743 0.451117430772041
0.276670621638533 0.377167726487065 0.0185675543757354 0.192998823357634 0.134595274141033
0.143099591858595 0.216717367187648 0.112190256827013 0.148359118596893 0.379633665529851
0.213537607281487 0.131910435186035 0.345353692429396 0.121461052441887 0.187737212661195
0.17210927785435 0.115251265559448 0.0503132862096442 0.41136900833837 0.250957162038188
0.261462019345488 0.245642870072928 0.0422530960282016 0.236170614504852 0.21447140004853
0.0520246620527705 0.211346037754612 0.165951725716612 0.155382486249884 0.415295088226122
0.352729237276696 0.0508184394446837 0.279779361297542 0.245740266902608 0.0709326950784709
0.295437206492582 0.254222640139711 0.152056379116045 0.204021558224492 0.0942622160271701
0.271493457602512 0.166450384763677 0.0726510396902092 0.295450772779691 0.193954345163911
0.239786506631567 0.308888221949583 0.0935396326990356 0.236722903662616 0.121062735057198
0.278928020817843 0.299096651520354 0.268340841797161 0.0146203329877844 0.139014152876858
0.0591442857136356 0.234339618351798 0.219405762987477 0.238012773356628 0.249097559590462
0.0283849914979847 0.687538437147864 0.0137093623592846 0.0223615041622697 0.248005704832597
0.0741733685834463 0.0487740240681304 0.173758243136246 0.327930331298158 0.375364032914019
0.0305314309258912 0.160524996180373 0.110446446360456 0.144732423538028 0.553764702995252
0.256019909058814 0.230836479851145 0.119718765435931 0.174239133095903 0.219185712558207
0.000366618223802439 0.244783395687834 0.436614638616323 0.125062637376206 0.193172710095834
0.0598886605920454 0.334817396096085 0.204891836152564 0.237516847481447 0.162885259677858
0.216689010309843 0.274855234773195 0.181779704922578 0.306190941091176 0.0204851089032087
0.101630931444127 0.342329729018627 0.120699368026416 0.0959604655234869 0.339379505987343
0.0665589065191505 0.248469820195206 0.221810512053632 0.233352581956725 0.229808179275287
0.295156900040255 0.17357732152124 0.106948143642192 0.127057906348961 0.297259728447351
0.0307981203834977 0.184503514029272 0.200641913424723 0.157761375969072 0.426295076193434
0.194053436295723 0.362668688929915 0.0668490040987793 0.0129068208326926 0.36352204984289
0.355463513344376 0.0758150480641737 0.285459110442407 0.0233745893625064 0.259887738786537
0.236461174996138 0.28136497405345 0.101464980346938 0.264456810187235 0.116252060416239
0.42451440707757 0.00614477817603571 0.00754208068645532 0.244205086062093 0.317593647997846
0.274515891360672 0.202779539320621 0.10316483924832 0.227129589836293 0.192410140234094
0.268937845100598 0.186852690298341 0.198193157598875 0.33078702306141 0.0152292839407769
0.352293027495484 0.0581822860670506 0.126215103342816 0.306353700164528 0.15695588293012
0.175252884146473 0.260341170171447 0.132107312323109 0.2449355551458 0.18736307821317
0.0282043951888939 0.279133411365716 0.291430462523768 0.18962187299894 0.211609857922681
0.0093362318219083 0.398823153918384 0.152929271347538 0.125648131753727 0.313263211158443
0.0724340964786319 0.290884773715073 0.0569872693658228 0.278724046710897 0.300969813729575
0.240339592885467 0.304969696285625 0.124219619929571 0.250699270874671 0.0797718200246673
0.45201272182691 0.00454878930110933 0.0897685418153844 0.347619074653788 0.106050872402809
0.236857009505569 0.0719334742108995 0.225546992567158 0.241212533006117 0.224449990710256
0.0451908135725745 0.132061022364114 0.266930124457411 0.259868764865131 0.295949274740769
0.135561299896442 0.128065649456495 0.266523302341999 0.24836366665538 0.221486081649684
0.38613323927976 0.074527223010164 0.140636524557726 0.223211740652145 0.175491272500205
0.359561083640807 0.0871178054157903 0.220046975442141 0.144191955921775 0.189082179579486
0.0891954595121958 0.56388897927129 0.0153251379976014 0.0906885823995671 0.240901840819345
0.0525145179896304 0.207619687907111 0.296231810738738 0.0800243968302653 0.363609586534255
0.346551470753503 0.332410359631581 0.11466291264718 0.154318995122643 0.0520562618450939
0.085790090381949 0.142508004175662 0.339085702797739 0.193692420513659 0.238923782130991
0.0329859933753606 0.564996045104985 0.00415286963320972 0.297621499225489 0.100243592660956
0.247953310803914 0.191104571239219 0.270584084933854 0.204568241477633 0.0857897915453793
0.282857105540783 0.0481454626516229 0.218389319554569 0.212705131379024 0.237902980874001
0.216681855006609 0.00318066444058278 0.246951493232512 0.264163788099277 0.269022199221019
0.0982204783480828 0.0252992625333125 0.122892820234757 0.625831939065085 0.127755499818763
0.251052801787644 0.283984771709334 0.190003854245162 0.068912260688724 0.206046311569135
0.175316078380189 0.0538326482640055 0.267113552770485 0.294189765741845 0.209547954843475
0.0279123063229301 0.208074175561437 0.509993710937954 0.156894574277388 0.0971252329002903
0.0142294659249847 0.118624620080618 0.380567813149197 0.105671360985525 0.380906739859676
0.0885986157086055 0.12438804094248 0.301257950883943 0.251044165286197 0.234711227178774
0.363528353110601 0.0260733102730918 0.440384894018201 0.151229131681437 0.0187843109166701
0.00959698152114916 0.112513901101967 0.590617452201376 0.0757714403882598 0.211500224787248
0.273241234339926 0.0671088529532148 0.162026166483665 0.148700939645511 0.348922806577683
0.128440775086098 0.145555125622647 0.372890895489681 0.124831439716571 0.228281764085002
0.338544658234686 0.18368096003601 0.259296812064085 0.0976886726559804 0.120788897009238
0.120147791252613 0.0709112026596656 0.214444865405599 0.313106880241265 0.281389260440857
0.149193717297352 0.307625011838999 0.235298541646702 0.0791321850333939 0.228750544183553
0.152567194427181 0.0791837432137053 0.279540842155793 0.252755358719752 0.235952861483569
0.203849048272861 0.348176034629842 0.258210658301793 0.157822978772336 0.0319412800231681
0.267139700489806 0.198660984329946 0.227167699972247 0.0927471487581571 0.214284466449844
0.239903124959122 0.435902167837817 0.109133886727464 0.143884164821722 0.0711766556538753
0.137625410430905 0.231505359135494 0.100212663367188 0.25358244356497 0.277074123501443
0.177976067188994 0.22376264381697 0.214236469130356 0.123222761600199 0.260802058263481
0.397666229568368 0.000897024577820217 0.124015875652162 0.124928205545763 0.352492664655886
0.196944515607254 0.391072651252889 0.274243014304008 0.0129640550957416 0.124775763740107
0.167538637349552 0.23445680284709 0.220720428229456 0.137933827958986 0.239350303614915
0.095495938471097 0.256593259507945 0.245728422631797 0.136311773015752 0.265870606373408
0.0823048694107342 0.0754410712562519 0.427869533374625 0.354756725442614 0.0596278005157752
0.332146357110864 0.322869345957561 0.0368502411967896 0.175759284864531 0.132374770870254
0.1954211067231 0.10536419612251 0.308215958079362 0.317407879885573 0.0735908591894546
0.0560920884245506 0.0167020636391831 0.410572279706566 0.38611560306431 0.130517965165391
0.263433636819907 0.243107569630346 0.0360345560469371 0.344446614957848 0.112977622544961
0.153560588357637 0.443285540288353 0.139768745255792 0.20475631153421 0.0586288145640087
0.145899396953228 0.0938301366627215 0.184089299159506 0.205729060518735 0.37045210670581
0.041241381090974 0.103258392129346 0.286870046990584 0.28311273856561 0.285517441223486
0.155490475146328 0.415433566057546 0.154470283773547 0.00382666755258299 0.270779007469996
0.237114057452855 0.195883451083205 0.201861433129759 0.29843072068904 0.0667103376451406
0.108262107310848 0.217149941149773 0.245830395028455 0.228865952426826 0.199891604084097
0.0298972944174471 0.118851723242795 0.408042281668953 0.341339473298282 0.101869227372523
0.140783442478269 0.391626738829269 0.176576317170725 0.0312016922747167 0.259811809247021
0.216194750468932 0.024333936446635 0.112234893435938 0.266265851096384 0.38097056855211
0.0698377394821041 0.0352841078396471 0.520375957066456 0.138624110156131 0.235878085455662
0.0844686058311716 0.314965070014119 0.233456464854173 0.340958617142192 0.0261512421583443
0.219877431081256 0.314069655550427 0.397140876208449 0.0386331922634178 0.0302788448964507
0.229035281301056 0.0975080981389734 0.371230538866517 0.0108588612980389 0.291367220395414
0.110524344489912 0.0559815586173819 0.150555657772519 0.351868450656011 0.331069988464176
0.0461254746987386 0.263745622583193 0.0738707823188534 0.392145227041051 0.224112893358164
0.188619072036262 0.158728138737482 0.280228512911254 0.243942468396322 0.12848180791868
0.319255976794448 0.251905898282721 0.27826955020175 0.057004443597134 0.0935641311239462
0.268802937890356 0.202333507310726 0.0818899713174154 0.253935165910755 0.193038417570748
0.274064284195512 0.123886721842986 0.279842892960411 0.0228475455019656 0.299358555499125
0.343071929186491 0.160897228969951 0.2450916379189 0.218296424537431 0.0326427793872273
0.0919138088295178 0.262474569461696 0.178073283028066 0.149958263027026 0.317580075653695
0.00547936363842844 0.354481493111433 0.378457822892395 0.138387019269271 0.123194301088472
0.102711954105305 0.176097278490072 0.225963491212361 0.270152549676102 0.225074726516159
0.0268064218704614 0.400268785022435 0.362824186959795 0.0790623165626664 0.131038289584643
0.201499613328691 0.179360396448894 0.173096665446748 0.265634677504887 0.18040864727078
0.244053646390311 0.224484126245817 0.250697446018279 0.129796061488411 0.150968719857181
0.154768253305992 0.238374087541894 0.048375904957403 0.315590245735315 0.242891508459396
0.0760262080309952 0.247731915589996 0.147243599216281 0.327707995923718 0.20129028123901
0.191505863004179 0.167380151434581 0.112875979219209 0.179534208025754 0.348703798316276
0.0942186798594162 0.225582196966524 0.26301263233836 0.167270665280884 0.249915825554816
0.214736617699456 0.0611938190833743 0.291119392498109 0.246266508948751 0.186683661770311
0.169843100846315 0.197221311921039 0.246085775861286 0.280699559581002 0.106150251790357
0.219738682983068 0.308755905320235 0.189512112934295 0.0546783305917216 0.227314968170679
0.249986415926519 0.253509534235351 0.147975850714171 0.308686091389697 0.0398421077342627
0.174363258663334 0.13628409382318 0.195850800788664 0.213557370522396 0.279944476202426
0.0564973013753633 0.361318790924254 0.138020131241851 0.14616458751124 0.297999188947292
0.217936252662207 0.264197931814743 0.0679894017674231 0.24010297269516 0.209773441060467
0.219112694800978 0.224562963697088 0.243215360856792 0.10579887034992 0.207310110295223
0.155513743598361 0.129226324879103 0.237530754746906 0.235747834050572 0.241981342725059
0.415876443739458 0.0365482203344158 0.026282965340926 0.404708484042083 0.116583886543117
0.0545896316904655 0.123411423982957 0.273679984850713 0.302568177624149 0.245750781851715
0.330802383117366 0.0592926862147762 0.223758089058491 0.255229762740366 0.130917078869
0.0812362907085595 0.128501117767576 0.300807791723981 0.219219610685885 0.270235189113998
0.223658384058002 0.100136544423182 0.0171187726533457 0.249659145358054 0.409427153507416
0.0958520170575928 0.187745991104563 0.286152973124475 0.197562777202284 0.232686241511086
0.224410161967108 0.199223697452293 0.13363798432276 0.287455473034743 0.155272683223095
0.0261330469968256 0.253448727933655 0.0790717923158831 0.178607040195252 0.462739392558385
0.225173146063825 0.213857656157653 0.140912547664935 0.162727406549595 0.257329243563992
0.432446394452903 0.0706673048573026 0.313998041946478 0.149737421555582 0.0331508371877337
0.222712790541649 0.134455064611207 0.199787741695311 0.217335087108026 0.225709316043808
0.22032827032861 0.282268688773771 0.153794633590489 0.244918527356067 0.0986898799510636
0.157393096711187 0.1086591688027 0.147155192697006 0.377426111802493 0.209366429986614
0.188161318502312 0.223063241979623 0.18701944178637 0.138717332663316 0.263038665068379
0.332301815876155 0.189730903287831 0.332188888211658 0.0971261868489717 0.0486522057753847
0.219540422690552 0.250076353557788 0.0885891741346549 0.28646987898179 0.155324170635216
0.239621384629819 0.261739124288881 0.165978646623967 0.138568436220353 0.19409240823698
0.279976452340246 0.00288174430415088 0.393075776606673 0.0859346297498628 0.238131396999067
0.240249948880835 0.192709240694473 0.0174878987839249 0.211182843983241 0.338370067657526
0.280977149390849 0.293597829101218 0.232983585542337 0.0232561503490208 0.169185285616575
0.0107297108542358 0.430373802581809 0.116591574832462 0.313045447048583 0.129259464682911
0.200776392982083 0.32939715810902 0.139337171263819 0.272051127497857 0.0584381501472207
0.0409948942945957 0.183907397265296 0.282152086409359 0.198100487404162 0.294845134626588
0.266351379559601 0.211034048555215 0.150897450602303 0.295169535872256 0.0765475854106249
0.103355971853393 0.225638983183631 0.240395072685856 0.24072502838454 0.189884943892581
0.182353893258139 0.319027597747593 0.1358557648926 0.0298855488807655 0.332877195220903
0.348009255962132 0.285433037404505 0.0541321706962829 0.284515495521362 0.0279100404157176
0.0682971125191795 0.334025072087979 0.125658593932327 0.280714598856013 0.191304622604501
0.094865065595972 0.243057221150075 0.362150361005034 0.290677176770647 0.00925017547827229
0.158613085157406 0.286315382470523 0.101952003256061 0.173454598143418 0.279664930972592
0.335990514704631 0.0413223135924861 0.300830478128709 0.0712586238758876 0.250598069698287
0.133179705408221 0.135227983622674 0.20391269535405 0.410559166592561 0.117120449022493
0.324698828389197 0.127518262758547 0.111354011945764 0.171212740220658 0.265216156685833
0.294327959602369 0.270479619511844 0.220829737773248 0.0140550562809236 0.200307626831615
0.284978904697084 0.192155829537421 0.276009208139487 0.237691452874777 0.00916460475123081
0.236394382569308 0.0990429190058859 0.0583558520690006 0.317350499208715 0.28885634714709
0.295740459162162 0.186983991412241 0.267189621766958 0.214499553342343 0.0355863743162956
0.292796741557343 0.04741401663943 0.348688167251537 0.206751940841664 0.104349133710026
0.331456979369305 0.317075478057155 0.254628388824402 0.0109766217796514 0.085862531969487
0.0727115691575798 0.0197295272806269 0.00316058656265424 0.595588267143257 0.308810049855882
0.219408283831371 0.204920127487754 0.167397589555583 0.107076424817824 0.301197574307469
0.200400576228493 0.1061574334992 0.220529824296243 0.219559252458904 0.25335291351716
0.262093706651126 0.239793743786902 0.140302402353067 0.264317677009883 0.0934924701990217
0.0149310436807754 0.280687414760634 0.244564855504296 0.252296074380118 0.207520611674176
0.0346039570216133 0.247386078923765 0.218594261665697 0.237924927643297 0.261490774745627
0.368571894686234 0.162804673061849 0.0847556621395143 0.382033875456443 0.00183389465596034
0.389336085885338 0.119805754292613 0.168498065090239 0.27143796405407 0.0509221306777393
0.230560528612589 0.28159474309427 0.127607732344073 0.16819287817537 0.192044117773698
0.420607719916649 0.239623157408223 0.140780898647163 0.00712904260548269 0.191859181422482
0.214220594565686 0.333176170652289 0.116803888628027 0.265305848811448 0.0704934973425502
0.300439964521382 0.266761221888281 0.0514282248094302 0.0852121561432276 0.29615843263768
0.0975758745521743 0.0154031418934484 0.306246486317794 0.406387375977628 0.174387121258955
0.250832000386272 0.129330194353954 0.132499537336761 0.323982486901999 0.163355781021014
0.227733759653088 0.132271081375994 0.254000082053509 0.0741656269610103 0.311829449956399
0.0702892157368512 0.151472402468777 0.236331444153601 0.190168308146351 0.35173862949442
0.129493353845388 0.0733463307057677 0.36400423161188 0.199154217244436 0.234001866592527
0.123669533269285 0.326691972768709 0.148021862526324 0.10895369773831 0.292662933697372
0.118619573290207 0.163753375474076 0.27903951954545 0.21709267446108 0.221494857229187
0.160048676516887 0.0449797593090933 0.332334923282124 0.1031365966584 0.359500044233496
0.366503131433819 0.243282113979878 0.0913323782887872 0.268836264159828 0.0300461121376873
0.155818646494943 0.110528293277265 0.269553253443001 0.185985773626512 0.278114033158278
0.352252857081197 0.210502035870651 0.16864428609108 0.0578833012611965 0.210717519695877
0.312827772088538 0.255440898621951 0.233460671040164 0.145486422491512 0.0527842357578354
0.219151774189797 0.139881905414295 0.350005173168507 0.241167616551704 0.0497935306756978
0.278051517439693 0.0868565816853357 0.209257714645464 0.208688224095944 0.217145962133563
0.133745100228793 0.0623302094061248 0.187758275946798 0.258813013775084 0.3573534006432
0.0228883408838606 0.127926386681925 0.376251609497867 0.168364043160499 0.304569619775849
0.121263087718803 0.253532264939714 0.152138846394426 0.280936530680768 0.19212927026629
0.149486680538901 0.215978820332451 0.17133797968683 0.188510285110329 0.274686234331489
0.133759213320434 0.365477476493457 0.124115190886 0.110361036561585 0.266287082738523
0.374576455424975 0.404744953139652 0.0779453893264724 0.0717602137484338 0.0709729883604663
0.191780416624254 0.472762858708294 0.207955821803729 0.0609648066963136 0.0665360961674096
0.246495301580141 0.326863985718546 0.0949116685018716 0.169159335643798 0.162569708555644
0.0109631643909494 0.109314764795565 0.198651612012285 0.306304365973739 0.374766092827462
0.308512474198815 0.0155804015815674 0.105849105833645 0.146413122311041 0.423644896074931
0.166189375361912 0.414553611661565 0.113884147824759 0.12719568928503 0.178177175866734
0.114784755392187 0.247986835016318 0.151899134377601 0.342696339716151 0.142632935497742
0.24896525562366 0.342787961267281 0.268180832388481 0.120001559336944 0.020064391383634
0.00941501873433849 0.269086483175011 0.170269462159564 0.228148772313547 0.323080263617539
0.156241395129386 0.266339513319164 0.0129663202962301 0.152670612527141 0.41178215872808
0.128316141784661 0.166660925474013 0.00786616559312057 0.346153869816875 0.35100289733133
0.114200925068681 0.115675638395829 0.278304013775933 0.187046104288461 0.304773318471096
0.175282261775376 0.271289460507942 0.185240158506524 0.137125604656657 0.231062514553501
0.0116862586705175 0.111480981888558 0.127380588061923 0.655661761534147 0.0937904098448546
0.229202730371314 0.3274523269693 0.13760528656446 0.0312033260662518 0.274536330028674
0.30368107798658 0.323591596640756 0.0570130453523726 0.0911032360624431 0.224611043957848
0.219306512557969 0.286350230596982 0.20313508740036 0.239808017811585 0.0514001516331042
0.107663819148334 0.114315886230228 0.244989956541486 0.324971820113356 0.208058517966596
0.0952434616837074 0.237959071616252 0.236574665209371 0.280173464107108 0.150049337383561
0.200968844912312 0.223078089173895 0.237703845240458 0.239139606347175 0.0991096143261594
0.247897651040846 0.155352340829033 0.249938119510921 0.155510649476628 0.191301239142571
0.0108899643487289 0.227533140159274 0.194027211510128 0.27602185785253 0.291527826129339
0.288966829861953 0.216470232973707 0.314495483462482 0.176938763699968 0.00312869000188994
0.0448926332614297 0.380107795134653 0.0253318840361849 0.359650034961189 0.190017652606543
0.221743648719182 0.123880156740099 0.427116222346674 0.0539173616006788 0.173342610593366
0.071764101184276 0.205620234882663 0.259903159984591 0.271575216215849 0.191137287732622
0.300642521981804 0.132275935148751 0.0932375319181286 0.0258044055509708 0.448039605400346
0.0354909911746029 0.244794875308754 0.358894197208935 0.0747950080912292 0.286024928216479
0.409949480252001 0.172062585724162 0.149546065097975 0.114944554144638 0.153497314781224
0.166200937517966 0.0278808765782017 0.042631654125409 0.348872860541887 0.414413671236536
0.0862735865823598 0.0970719687603868 0.106113847693078 0.509992817416103 0.200547779548072
0.197687597572609 0.0755155382312647 0.35341412689828 0.122445858143629 0.250936879154218
0.0911867444154661 0.0373197080947236 0.338238742657854 0.200424562897941 0.332830241934015
0.222972781432797 0.310980481237462 0.145679289188656 0.182343650417242 0.138023797723843
0.0330048053834525 0.139874105995775 0.402214912573913 0.41510608997009 0.00980008607677015
0.232736144052498 0.158160940296043 0.138075782966118 0.224439050191369 0.246588082493972
0.267862191816924 0.305794157869877 0.0117120504573511 0.12077954274996 0.293852057105889
0.215972205062019 0.303588481478557 0.292570882709896 0.141200736631175 0.0466676941183529
0.0123116448542529 0.010700302615858 0.451919988487726 0.0898928495047427 0.43517521453742
0.0429716322827451 0.270742214080468 0.127327804297547 0.0723053192032607 0.486653030135979
0.205138700824876 0.0789171579890073 0.370444159871368 0.108992230086431 0.236507751228318
0.22919400596316 0.149209585658123 0.0892572946773047 0.245139241942857 0.287199871758555
0.14212661826826 0.0927491624229 0.342050941965088 0.32399106349498 0.0990822138487717
0.097726616853901 0.105149985290852 0.3308427805255 0.17029782460255 0.295982792727196
0.392018732191659 0.1213699479429 0.295637459478102 0.0545433874995276 0.136430472887812
0.273215415496761 0.062128511066249 0.170409715806784 0.0858067362537928 0.408439621376413
0.108387555059202 0.002873957132225 0.40608183039095 0.139342059578594 0.343314597839028
0.116043788832465 0.139721160839877 0.3260529488027 0.298555438379 0.119626663145958
0.0761536325692906 0.504924979779497 0.333870786382968 0.0619257472162381 0.0231248540520068
0.267156582623992 0.148490705708804 0.335816497990773 0.20754082889898 0.0409953847774504
0.10596910444289 0.0961033585278269 0.058208957459892 0.223670740058336 0.516047839511055
0.0408870747252418 0.173115233401917 0.210516285811981 0.441661942031222 0.133819464029638
0.258728067222446 0.160666794112001 0.246804582669205 0.124360202296382 0.209440353699966
0.169642970966658 0.0760928847887553 0.290128826926739 0.188735924950948 0.2753993923669
0.00457764796310941 0.330686842630927 0.00648533197929472 0.400520620020445 0.257729557406224
0.235601545839336 0.264979955531525 0.220434882288288 0.146600754153792 0.132382862187059
0.269259754541598 0.254030660777548 0.0746912654102116 0.270299753354247 0.131718565916395
0.110923075362678 0.144414504662516 0.296805466119244 0.3022162838724 0.145640669983163
0.108242583153759 0.113522603451173 0.274340643572903 0.219638787879172 0.284255381942993
0.0164913308391067 0.325237495626489 0.269067444362468 0.27330046862559 0.115903260546346
0.328847641192449 0.226691927142514 0.147360701033837 0.235711839219432 0.0613878914117674
0.0308056684966458 0.273584044690447 0.257811153559509 0.28743048867865 0.150368644574749
0.0905150797510396 0.202044997116111 0.221725974291031 0.199711112926634 0.286002835915184
0.104582161102525 0.160845390025436 0.161105386701875 0.163435356731089 0.410031705439075
0.0497010599368461 0.349693478778088 0.200130000414427 0.178898554532964 0.221576906337675
0.179927515735117 0.309537118975658 0.300979691783143 0.0198109030468427 0.18974477045924
0.111105606960203 0.324938001318182 0.218632764043683 0.0671114128064846 0.278212214871448
0.096166993516037 0.330277534420565 0.0795359988559126 0.299421457473593 0.194598015733892
0.102839289142797 0.238090760740522 0.0368963237054539 0.383562595812532 0.238611030598696
0.364762862591468 0.132350470995183 0.254020319098234 0.130002722284361 0.118863625030754
0.164488002966457 0.293477208786178 0.0771638199613238 0.264536571201854 0.200334397084187
0.341089804486062 0.111315264310445 0.109475698941637 0.407271833642834 0.0308473986190215
0.164570147286714 0.310674829136783 0.245625694245355 0.22134374284553 0.0577855864856175
0.0514950753886017 0.182834033820781 0.399637855642985 0.119334195636943 0.246698839510689
0.261968601285719 0.4295330877564 0.116159930134353 0.0536843996398037 0.138653981183725
0.196590178567232 0.301240597113004 0.1736829226132 0.328228689481806 0.00025761222475815
0.4361811991918 0.176689207430222 0.0234008276393077 0.0593078697875602 0.30442089595111
0.296487871829038 0.190844842019647 0.15265037971421 0.225137651539969 0.134879254897136
0.162119133507908 0.216557458206551 0.0292881683679965 0.289955381482754 0.30207985843479
0.0898486828009385 0.236321207733036 0.2169920065624 0.135674128596853 0.321163974306772
0.223675081768779 0.213179293798329 0.235778470922636 0.26855477125182 0.0588123822584373
0.507864787913574 0.224085265166607 0.0713743959800547 0.0100069292835253 0.186668621656238
