0.433978748918946 0.16773967463582 0.0146641225753758 0.264432840023655 0.119184613846203
0.320823264326476 0.0254307029249404 0.334357587473776 0.168775011492641 0.150613433782168
0.276736144827683 0.0263820382780463 0.228718094841181 0.3003513903972 0.167812331655889
0.267229031604537 0.282280963879928 0.171003297801299 0.168129626187843 0.111357080526392
0.272521460638512 0.189401883105103 0.0675469276162046 0.418365645688824 0.0521640829513565
0.202737353418213 0.116182236590802 0.259065200544418 0.219339524416812 0.202675685029754
0.110981961743065 0.277190061503484 0.291429729908005 0.204797510402961 0.115600736442484
0.146189638099488 0.450177908313512 0.0122864727202965 0.11893236853547 0.272413612331233
0.22544888982003 0.0650961747381036 0.403915652795336 0.240639697605439 0.064899585041091
0.349823438489439 0.152948648433922 0.265994140863749 0.107543142016354 0.123690630196537
0.0779995430870859 0.357639844272875 0.100551399226771 0.348404209458115 0.115405003955153
0.0675561244946793 0.253261293406488 0.290582353308624 0.228815242862532 0.159784985927677
0.335293828025431 0.416119630737084 0.199257656223672 0.0303162235443226 0.0190126614694902
0.245204912322108 0.140094200200044 0.0578584484015644 0.391685477259199 0.165156961817085
0.364959159721524 0.0686167832657741 0.239079171301668 0.0634118666206069 0.263933019090427
0.113647995827623 0.434564365651099 0.202622304068496 0.207660710801036 0.0415046236517464
0.214976797747767 0.0139678201874552 0.257414422056487 0.21756587490764 0.296075085100651
0.153042677670279 0.0622510372641244 0.160102047761668 0.353157399246478 0.27144683805745
0.202388216369332 0.279848745647944 0.0778665472157833 0.131890082966827 0.308006407800114
0.19181339638134 0.0290895737855818 0.354127536665549 0.266792447932321 0.158177045235208
0.182931950293606 0.259927460534295 0.262531269993346 0.291698937143853 0.00291038203489937
0.202868930084852 0.275963265840997 0.0712078196965908 0.196955004588502 0.253004979789057
0.0476113361040571 0.146367041646535 0.355047079618519 0.385417418254023 0.0655571243768657
0.225766043056489 0.18499186367027 0.19312329571004 0.226847356080829 0.169271441482373
0.176740790269332 0.301913719632866 0.263138117776153 0.192501294465434 0.0657060778562152
0.291971498426558 0.0292010132313069 0.246697223662936 0.0777595630001954 0.354370701679004
0.164977968584463 0.109638750622638 0.273128059313363 0.00977130569101141 0.442483915788524
0.185756619984891 0.240365046315469 0.27779692354454 0.130659839082385 0.165421571072715
0.0935869543284889 0.125973849094591 0.270101628157649 0.280887579002607 0.229449989416664
0.450629635040735 0.156743428816437 0.325478577952788 0.00568806539691759 0.0614602927931232
0.0384575879320199 0.271231926314408 0.195478344656288 0.283675629172041 0.211156511925244
0.282093701017177 0.091941085677889 0.302240016466739 0.0998422094264763 0.223882987411719
0.186921524868421 0.194262427396834 0.154603080686986 0.224795305263161 0.239417661784597
0.0791855662940488 0.17866055588655 0.0763012900324536 0.302019756256175 0.363832831530773
0.256773822783211 0.309392517365751 0.233414066561501 0.0305376688963271 0.16988192439321
0.369890028404779 0.0748807937450684 0.0771680731358568 0.362843818712555 0.11521728600174
0.11112501436034 0.26627843230944 0.198467607583504 0.40901623167098 0.0151127140757365
0.0870131012674924 0.146442246429255 0.079634284766261 0.412847640104049 0.274062727432942
0.0251486099077775 0.346136872860867 0.290030739919359 0.00713452741439149 0.331549249897606
0.169440229203771 0.316866432879404 0.053534126260148 0.382503848506962 0.077655363149715
0.156139750886226 0.2068320213819 0.370023965431189 0.186544397831409 0.0804598644692766
0.118141353680148 0.191302096345052 0.0553801294174922 0.166801427506777 0.468374993050531
0.0263670308117842 0.309703561812818 0.316838464884309 0.107138406157368 0.23995253633372
0.285301162080045 0.0867579057033565 0.18480221083267 0.169703954955282 0.273434766428646
0.14098027411522 0.256050025168211 0.19073819078188 0.149653413999587 0.262578095935102
0.302904402356265 0.0324403459168542 0.250758493486575 0.222248062058309 0.191648696181998
0.147178719983568 0.13589452803024 0.129109286501549 0.240602503396955 0.347214962087688
0.267095138871176 0.442946454968708 0.0309631005854961 0.19610623191908 0.0628890736555397
0.178757596350793 0.204363887680983 0.255786699839461 0.231104749776361 0.129987066352402
0.0173784958692341 0.279006228564181 0.000396026118707697 0.285998604727968 0.417220644719909
0.298883489040377 0.318378414334935 0.0092764816583753 0.135802130512882 0.237659484453431
0.216530920854449 0.183229438494603 0.251197071732383 0.174179420772217 0.174863148146348
0.151725131118031 0.274760363204259 0.164202029110278 0.251949480571577 0.157362995995854
0.24253776139759 0.108588852704207 0.189719082506937 0.214698707748843 0.244455595642424
0.286339818171559 0.143276447505712 0.0416514455204377 0.230117916670018 0.298614372132273
0.0116869698651429 0.0997527912413347 0.202026072023029 0.372675695061424 0.31385847180907
0.301443388497207 0.0758731025038099 0.247928248265324 0.15555921094519 0.219196049788468
0.167946951062781 0.146950444855344 0.112205092422129 0.218476194742735 0.354421316917012
0.170036419769408 0.271327051712471 0.167159045247049 0.323069156138691 0.0684083271323811
0.263995074409875 0.313347725565597 0.0922749700892375 0.287097705797865 0.0432845241374253
0.0872857331279107 0.165485335521908 0.336756426144512 0.257461298523039 0.15301120668263
0.14637852045493 0.234605665255148 0.043229193385811 0.462983472119301 0.11280314878481
0.0254843917278659 0.326561426406422 0.39343802882826 0.0875415551073694 0.166974597930082
0.178802371382482 0.092825288478634 0.177541983360407 0.159792686570752 0.391037670207724
0.244160678149513 0.145830228046589 0.064110016364877 0.255872563078553 0.290026514360468
0.210944246020313 0.322150854774917 0.249375879956052 0.0140654796800613 0.203463539568657
0.3240059409629 0.0446369815743065 0.073454486497806 0.229723732666128 0.328178858298859
0.317544271974596 0.145226729521367 0.219038129571773 0.0576452924118577 0.260545576520405
0.21500475713064 0.196507669897409 0.211032080214359 0.168952213430509 0.208503279327083
0.376781241511456 0.156265253109264 0.041598166561049 0.371840560413585 0.0535147784046461
0.173530532292308 0.377773419847169 0.219687238136224 0.113851614352174 0.115157195372125
0.0502768353072618 0.454270983971069 0.255577466594389 0.166326554019592 0.0735481601076894
0.0437774423096646 0.051116395039048 0.60156766114997 0.241781727167711 0.0617567743336063
0.268064656064216 0.242887530609589 0.148391047552875 0.149608266281062 0.191048499492258
0.0600101602832825 0.292751432332736 0.249387939032054 0.0426615598578756 0.355188908494052
0.100077733816025 0.244926650343482 0.0632612247618486 0.187031808653738 0.404702582424906
0.226112974578554 0.0990521268892823 0.0603140635400934 0.230911471736245 0.383609363255825
0.129236670064126 0.2653191493272 0.159063988012775 0.215306174790957 0.231074017804941
0.157513483119517 0.0103981498985233 0.199343982534503 0.123531266843987 0.509213117603469
0.0564497458983072 0.162379786670771 0.414975714310103 0.291850060060318 0.0743446930605005
0.0263811983314866 0.333248496579861 0.157214974841376 0.417660357358967 0.0654949728883093
0.0657367113873188 0.0347809008988176 0.290220176058485 0.542033928442223 0.0672282832131554
0.0204903287685483 0.0666985825216527 0.280453627536187 0.351203228933098 0.281154232240514
0.188415376331488 0.0423322784039428 0.321881944115081 0.392349290134441 0.0550211110150472
0.278699002535827 0.286287316274528 0.133015435095898 0.0577751930278263 0.244223053065921
0.251460947316108 0.267778105628924 0.171431230378458 0.185330049650053 0.123999667026458
0.327537011645724 0.281738209551903 0.0654494661361278 0.163829882614183 0.161445430052062
0.212970321505232 0.1642492997744 0.236983775485186 0.175482456747519 0.210314146487662
0.297274278082198 0.410846510346375 0.103975245487687 0.119328516705449 0.0685754493782912
0.051183208233472 0.166166996688157 0.364552781511735 0.370213640784717 0.0478833727819191
0.284265022055783 0.00386070674940523 0.467645917668192 0.110444829372131 0.133783524154489
0.10505791547538 0.23995457523189 0.171335001632325 0.196080991448702 0.287571516211703
0.0507544981902806 0.341954115720888 0.0269367522748731 0.259348606559025 0.321006027254934
0.121841192372178 0.15228815289419 0.25264820621843 0.140308967487948 0.332913481027253
0.0916967914653381 0.227806655619725 0.208673196458811 0.281539198454923 0.190284158001204
0.0623390980264881 0.338780225765032 0.372645363760234 0.159257823272007 0.0669774891762382
0.144143619290085 0.315006425242663 0.0185749785255065 0.306455335815183 0.215819641126562
0.105739980402138 0.259187331709299 0.21210560265222 0.273875558260594 0.149091526975749
0.202284690536192 0.239709905743288 0.310673055633303 0.0130745904539615 0.234257757633256
0.255401440050445 0.137290589401107 0.102749159941952 0.345264512394504 0.159294298211991
0.196599254419304 0.260656991531617 0.205179069056102 0.284080295989246 0.0534843890037308
0.272732337012423 0.0152231635425573 0.0759847909159508 0.0516199286076738 0.584439779921395
0.407185639444882 0.131750612217971 0.0671847165788455 0.0264685722601874 0.367410459498113
0.0411522013680698 0.320539495528206 0.141659690446189 0.263577649929837 0.233070962727699
0.166057305527332 0.276320981281585 0.179915530004541 0.17308286411449 0.204623319072052
0.0914322763941619 0.342433447618596 0.149973247311467 0.277406657042869 0.138754371632906
0.0182857492473446 0.322735523525302 0.423256289020194 0.21325739702701 0.0224650411801496
0.0609900686465974 0.257289822028618 0.244912775000748 0.113506911297816 0.323300423026222
0.0974346069249763 0.390706566531215 0.217667919617644 0.00349606262845694 0.290694844297708
0.123606677146109 0.00909188477323438 0.455857721437704 0.29347361427431 0.117970102368642
0.14128298973602 0.309019319641899 0.370234982379165 0.0811015106799145 0.0983611975630012
0.102482405695422 0.327521425298201 0.0477561559587902 0.10338594889683 0.418854064150757
0.321412675624683 0.234337298886757 0.283198460307289 0.0406324562876898 0.120419108893582
0.179118865981771 0.12513449340016 0.199364232678592 0.256458691476584 0.239923716462893
0.407308941897937 0.0121635851478671 0.0837829356096149 0.115078448855405 0.381666088489176
0.39533963092613 0.048612128947442 0.169121143653449 0.377830668797697 0.00909642767528243
0.150256636173046 0.20681410769235 0.229324673807205 0.254962029141609 0.158642553185789
0.0599052572956739 0.0429472945112305 0.288823198620277 0.323634426944695 0.284689822628123
0.213838129913463 0.343208137388536 0.113438979592373 0.141032584170611 0.188482168935017
0.254569033546465 0.340908480891056 0.0623922978832891 0.008830312287215 0.333299875391975
0.130481841985665 0.206932044132656 0.0887845620753131 0.557902168463318 0.0158993833430476
0.313788933565259 0.227733896299525 0.213366751351102 0.158098711033769 0.0870117077503465
0.249041670900089 0.0200850051846601 0.294494907504468 0.183070395595067 0.253308020815717
0.291455870044041 0.202073939394081 0.120958235758962 0.0933474868697685 0.292164467933147
0.0349310858434736 0.0861300250155923 0.0544024147191469 0.393333308834443 0.431203165587345
0.237931611388706 0.131870995825467 0.217418484601008 0.267055570306665 0.145723337878153
0.175112987790793 0.120674021372782 0.266872527944647 0.155030124739924 0.282310338151855
0.410585013347613 0.211300889994221 0.185727823361329 0.0578190439390613 0.134567229357776
0.32275935953032 0.00808364057831805 0.176263558378757 0.157407075181384 0.335486366331221
0.264486815951417 0.218863743933376 0.246078950682849 0.195573143514766 0.0749973459175927
0.214881848914315 0.300521484571831 0.336111468136819 0.139476963799303 0.00900823457773149
0.137476222821021 0.207679698199059 0.361837813523612 0.27189356088425 0.0211127045720576
0.203988834836416 0.233213743024738 0.0799948721714232 0.258310574216382 0.224491975751041
0.324654539997356 0.113051011365667 0.383744507288119 0.114103709458601 0.0644462318902583
0.199812817505876 0.0323986944205427 0.224220922526885 0.30071512342489 0.242852442121807
0.208505601644792 0.017021154235729 0.305680308124797 0.402431687670363 0.0663612483243195
0.11024382280887 0.122450389992179 0.252179563404233 0.248670612142687 0.266455611652032
0.0872198895804946 0.235662168571684 0.448682303394025 0.191172996190276 0.0372626422635202
0.397631727887477 0.329794004537873 0.157882060517158 0.050467850578183 0.0642243564793093
0.303130056661978 0.206760048375844 0.00121389229172373 0.303358437794709 0.185537564875745
0.175436251013099 0.110667366507511 0.0955956356975663 0.474231390905937 0.144069355875886
0.00957666936592786 0.327337351404024 0.0658249731118885 0.423609519488519 0.173651486629641
0.0331570815508277 0.489041548018584 0.0893453720159608 0.208601747295068 0.17985425111956
0.127269931936992 0.230000261611556 0.235958156856406 0.193845468928925 0.212926180666121
0.153654385343592 0.178936550205927 0.149069741740912 0.242127558204819 0.27621176450475
0.170045358671862 0.207902779498643 0.235992680904171 0.219678935086652 0.166380245838672
0.0268867569440577 0.446857715884117 0.234146872741455 0.276920497713254 0.0151881567171171
0.29784565078314 0.106368943215528 0.287722079940364 0.114371214631553 0.193692111429415
0.0316716865264258 0.301036071913975 0.348046445793529 0.14225412880277 0.1769916669633
0.181554476391057 0.191479190509675 0.226429055814865 0.0859590737754431 0.314578203508961
0.0262945709786341 0.327465847458857 0.390067283077207 0.0975670069982318 0.15860529148707
0.290671142280684 0.251406288406883 0.16734255387187 0.202551159387962 0.0880288560526014
0.220565222478611 0.240465739833836 0.0163993995786926 0.290830130598654 0.231739507510207
0.34499280764752 0.202758572472005 0.103671344126681 0.0518901661168155 0.296687109636979
0.222690214991889 0.134688769168759 0.241971109067166 0.239288775550983 0.161361131221203
0.126377488181712 0.260030906064699 0.33049290391443 0.171398992427656 0.111699709411503
0.0134823050802491 0.157120447652826 0.236927240093008 0.214552299245711 0.377917707928206
0.280660382099766 0.314218150194449 0.0542684886918308 0.146205436618061 0.204647542395893
0.191344394959515 0.0679667659539705 0.295158269902797 0.350968146004448 0.0945624231792691
0.222100848186177 0.0378077098731889 0.272042927709382 0.220564178118669 0.247484336112584
0.303243535997493 0.396240136252301 0.0374306670224903 0.165611888513922 0.0974737722137949
0.0654991271202853 0.0126201485612492 0.49097897801466 0.186435272857175 0.244466473446631
0.308657751436964 0.126592158789068 0.175082959881477 0.28231090980825 0.107356220084241
0.22058099062801 0.307599013197079 0.276689767279778 0.00572609786327656 0.189404131031857
0.204172676160846 0.031014102292866 0.294893095465708 0.25966583771471 0.21025428836587
0.262826881778165 0.246662569057968 0.146714729291888 0.334730501013949 0.00906531885802962
0.437457692029562 0.194815829764955 0.171799279733658 0.191071301540622 0.00485589693120224
0.209856260919918 0.259840520743416 0.0783520944825682 0.263361070135119 0.188590053718979
0.312632946132823 0.25540223803269 0.0951283004632143 0.266644473020238 0.0701920423510352
0.424712938968197 0.106048320885266 0.214170614793335 0.0272958447135989 0.227772280639604
0.0815566131692771 0.169950125106629 0.201745743201962 0.281171418891284 0.265576099630848
0.410581196718331 0.0722553953871361 0.320417004530571 0.145266222861862 0.0514801805020996
0.291518647703297 0.0890459550250449 0.161153202450696 0.0644606427156774 0.393821552105285
0.300062432968865 0.392412448961629 0.238089467418489 0.0200979943240731 0.0493376563269439
0.134941576383471 0.133604754442534 0.0984246956430871 0.202438446329868 0.43059052720104
0.0653635167864623 0.428392901508469 0.083916754292347 0.396905176121631 0.0254216512910902
0.242280670319443 0.0990381454135519 0.322550367826918 0.182158801697327 0.153972014742761
0.278110477950204 0.00575027668598806 0.204965927469167 0.299856356110721 0.21131696178392
0.278478375262897 0.29741155570211 0.0330165245658859 0.290475607481593 0.100617936987515
0.130082343641043 0.314445667710595 0.179321019204178 0.228760983539568 0.147389985904616
0.228809767711549 0.180960359773269 0.160389797747089 0.334292580016576 0.0955474947515174
0.245299761307301 0.0788527816387188 0.249827354739898 0.215830460602264 0.210189641711819
0.159856568245768 0.111287209064325 0.312671763466823 0.19984600866706 0.216338450556024
0.343812815410894 0.120495520866894 0.364406020796981 0.12094319685614 0.0503424460690911
0.0858820556433882 0.110036548586847 0.122017607128536 0.357980460702219 0.324083327939011
0.249145269880158 0.0140720236542941 0.285300822000128 0.223979818125351 0.227502066340069
0.224541975060477 0.234194939372412 0.249022547400622 0.157795837344403 0.134444700822086
0.553589421497053 0.118881087114805 0.0266022811691044 0.191522295418576 0.109404914800461
0.0802791872156727 0.334377831638793 0.129516999274813 0.410045723338994 0.0457802585317273
0.156977758692171 0.300718654443047 0.123332159522055 0.108231349243601 0.310740078099126
0.0929063051958386 0.314853018733591 0.343106891399858 0.044779095276691 0.204354689394022
0.290752003163472 0.216838527330625 0.155687520102992 0.149465019465034 0.187256929937878
0.00513770330770192 0.277490301142518 0.355461302527261 0.270012546369235 0.0918981466532836
0.218000382941792 0.0458936155043205 0.263040845587531 0.280206346427219 0.192858809539137
0.0974077410440043 0.0545935896197303 0.329447812612003 0.39354999831845 0.125000858405812
0.225070695130517 0.152930754510881 0.0713957204821971 0.334560237585715 0.21604259229069
0.566381357826258 0.0583568039245545 0.0922272079630313 0.130715246778644 0.152319383507512
0.25556545947508 0.202642358329074 0.0244378259146445 0.317276281557446 0.200078074723756
0.1981052563883 0.199110214523406 0.221096688747352 0.184399398454436 0.197288441886506
0.0491907081970733 0.242003180127736 0.266322895350118 0.238677311867575 0.203805904457498
0.166904569374867 0.25635207977455 0.227838164315566 0.180395525291325 0.168509661243693
0.128194959456094 0.104184791523217 0.264175559745872 0.3220867172319 0.181357972042917
0.219112899486382 0.236322335136569 0.342830396000665 0.111128291513625 0.0906060778627604
0.318187113107537 0.0481386426014466 0.184937125351493 0.424333638993591 0.0244034799459324
0.196414728787581 0.132842480938048 0.17243238655611 0.0790122725663768 0.419298131151885
0.10124524234798 0.00548933339338486 0.317228867646928 0.0717178191172662 0.504318737494441
0.282358940556199 0.0785652341089586 0.296708490386532 0.274437050971532 0.0679302839767791
0.268247449038562 0.29338453743667 0.0519213248920294 0.162665596285531 0.223781092347208
0.230828121628222 0.0774120383525446 0.461961371222539 0.122516543805672 0.107281924991023
0.247006895015753 0.36262754107318 0.301450026630023 0.0484427968935839 0.0404727403874596
0.373332472102272 0.153773219432794 0.182950236573443 0.151431892028358 0.138512179863133
0.276589411285606 0.227008190085776 0.256141188008599 0.200223791937146 0.0400374186828721
0.0286065873069526 0.339236248780834 0.214144242565788 0.170118210642019 0.247894710704406
0.0189245153420919 0.418212231039981 0.169471787164214 0.315690964535482 0.0777005019182308
0.198516463955271 0.244355827331847 0.0634234535490935 0.262947480201976 0.230756774961813
0.0435778799329499 0.149566985972188 0.321970262827246 0.292970094544688 0.191914776722929
0.111730892714349 0.117237173581724 0.404243754259182 0.230551212626931 0.136236966817814
0.457298351859814 0.00877658950913972 0.00476340376043816 0.446161334413577 0.0830003204570313
0.237554914673721 0.296453543064532 0.0796706598052196 0.250295099825409 0.136025782631118
0.198376450564086 0.252874717746144 0.256634943065477 0.0830379509945455 0.209075937629747
0.167183626273595 0.11597624035287 0.150412237486041 0.29802111603319 0.268406779854304
0.11265548081634 0.316474062574411 0.0139832779118432 0.270945662131892 0.285941516565513
0.0825960320545472 0.35492025384488 0.314992951031414 0.0143078161882005 0.233182946880958
0.273984352230702 0.215641912043341 0.269260338799927 0.0112392022754158 0.229874194650614
0.171098538774215 0.263000256033354 0.148977586954015 0.234834014188512 0.182089604049903
0.102357322391328 0.229432406296177 0.0352334460304968 0.334729812148266 0.298247013133733
0.29317089246576 0.238975709140565 0.0231284737073639 0.301810447846599 0.142914476839712
0.037200943523062 0.172062645088046 0.249393808039887 0.286081842957238 0.255260760391767
0.268420663926658 0.0624978927098803 0.0405114786418076 0.391121338179105 0.237448626542549
0.182643836378559 0.252332072196023 0.212911005531329 0.236012057964713 0.116101027929376
0.265541503183743 0.191413392094194 0.129261109040626 0.240057693247778 0.173726302433659
0.118742428729397 0.452065321911508 0.121957092095583 0.133038255149502 0.17419690211401
0.282906337119692 0.022331534771565 0.179145096802488 0.209286010738588 0.306331020567667
0.00860026615228024 0.125137566084296 0.511053997370761 0.115753949007102 0.23945422138556
0.144028955302886 0.216435799926881 0.254009376163977 0.30799394862732 0.0775319199789366
0.0756016197861295 0.0441670462603641 0.123956936612018 0.389664571585391 0.366609825756097
0.250005481498646 0.319231827670306 0.0637554023617491 0.0532506558269526 0.313756632642347
0.134413256212569 0.203690230530509 0.209456904837851 0.263147427185376 0.189292181233695
0.0917226600096494 0.363715568428455 0.138654558558309 0.0950700678389814 0.310837145164605
0.202966748015944 0.413842683475446 0.0297809851820497 0.182004402414053 0.171405180912507
0.0374958528308561 0.301665761573082 0.105168175417935 0.0932206863128686 0.462449523865258
0.0729091893777938 0.0213212127507701 0.357370959858889 0.242401177448128 0.305997460564419
0.0862773717541851 0.140795953451388 0.0780584811754296 0.622509786539642 0.072358407079356
0.103200422304969 0.330804084268063 0.0743727264225749 0.392528358750881 0.0990944082535121
0.26830416225641 0.198299155872714 0.248056300088554 0.0288700849420855 0.256470296840237
0.225359523309643 0.245515270315319 0.121547017419407 0.262823009034203 0.144755179921427
0.0484210660141321 0.103275819945284 0.126870347540321 0.326487521945113 0.39494524455515
0.340827142839929 0.417778341567913 0.0863251027761591 0.0349641652830713 0.120105247532927
0.141988084897204 0.315543156461484 0.065829856649774 0.301896968181498 0.17474193381004
0.270276835615504 0.251847216355602 0.250023013876583 0.0892294067226449 0.138623527429665
0.300192665742959 0.108125816573498 0.0838895850467368 0.195431827524859 0.312360105111947
0.0909494667321862 0.132788496730103 0.136072827318535 0.300784513036054 0.339404696183122
0.22735915677918 0.0505825082741968 0.0887449854032071 0.04550000188031 0.587813347663106
0.374741671278237 0.210049528232022 0.25083134390705 0.0827267458805308 0.0816507107021601
0.103285110883755 0.267673243086346 0.259739393778395 0.238218834812558 0.131083417438947
0.392540805360148 0.0495445418167471 0.0875916727160789 0.364054250632932 0.106268729474094
0.0712320984785047 0.0538192715419919 0.0735546378944324 0.36750927645494 0.433884715630131
0.172740751937406 0.47832419960534 0.0503397908716049 0.163385548384756 0.135209709200894
0.240679460346193 0.295319369007264 0.0598106357711659 0.246654498956915 0.157536035918463
0.46746184505969 0.0150331141725731 0.0689519684883442 0.226274294677138 0.222278777602255
0.225391006277793 0.165816308741082 0.168256063836546 0.275639513927583 0.164897107216997
0.136541043650382 0.353706766969509 0.198161505334689 0.280261924928269 0.0313287591171513
0.201878174624259 0.371177333926095 0.0707613181474613 0.336461667605202 0.019721505696983
0.171310290003058 0.171436057661895 0.168896993989271 0.154844530157383 0.333512128188393
0.0584346289776093 0.0437061198564326 0.317549501122019 0.209951039739409 0.370358710304531
0.212043564303439 0.221167079067783 0.0244541734428129 0.296986818825581 0.245348364360384
0.0417671085630855 0.293360331346697 0.483716370736158 0.165458242893885 0.0156979464601749
0.20019218724808 0.205047439007394 0.026555418801305 0.290473587691252 0.277731367251969
0.136372433316578 0.130654792353701 0.317966741043453 0.221088748005524 0.193917285280745
0.0773553029813612 0.161071311127027 0.171674707017009 0.259272526525237 0.330626152349366
0.0723024817178021 0.236267696643921 0.451262999364594 0.211206654341245 0.028960167932437
0.17829529275914 0.1606915806482 0.290036169983556 0.259370500478833 0.11160645613027
0.421329434131317 0.29823900555278 0.165563680927753 0.0404474810424743 0.074420398345675
0.209682117798529 0.212854751557881 0.194956911319015 0.242666482727832 0.139839736596743
0.196871941407006 0.281452613891697 0.0581617786805528 0.426055478293352 0.0374581877273921
0.0566774916512058 0.361136485412881 0.357852886330206 0.0389720064429058 0.185361130162802
0.0686110076064935 0.250072128266418 0.185443310168789 0.222953117835293 0.272920436123006
0.333004373913755 0.205299672244983 0.259017509311395 0.0304988541519136 0.172179590377954
0.333158519815994 0.0130502238339189 0.312248263711163 0.107148806368416 0.234394186270508
0.0124379852863736 0.264967252450066 0.236775582089631 0.317974095900447 0.167845084273482
0.290344939277618 0.218070572162537 0.0338366947267287 0.290953404443339 0.166794389389777
0.262226032475429 0.114080048944592 0.216118499138794 0.261953041125395 0.145622378315789
0.287281370227485 0.0843319573772685 0.0882375108750377 0.0253702858059063 0.514778875714302
0.280844875610268 0.0313372418677422 0.304240734530666 0.17330907482007 0.210268073171254
0.383888347122773 0.0143208952651413 0.210590771674376 0.11503425663324 0.27616572930447
0.425268140165965 0.0959318554898359 0.185296892431909 0.2520829808858 0.0414201310264903
0.386295047380931 0.159675676116725 0.10353286949258 0.054843944542664 0.295652462467101
0.167256879035333 0.364462682107211 0.264707836237921 0.0262394622181372 0.177333140401398
0.0616342289351294 0.0799793433485593 0.163237782230115 0.188907760922471 0.506240884563726
0.322211391249332 0.0380292618959035 0.473894252921898 0.121381047265494 0.0444840466673728
0.103722757981711 0.160075892198969 0.209745693428342 0.0407679917793122 0.485687664611666
0.247829183886426 0.0437035248702289 0.269944549946531 0.335932769751746 0.102589971545068
0.294133464115739 0.24631146571146 0.110264680731737 0.116268625799439 0.233021763641626
0.0111342336843655 0.339003198372477 0.261879200740924 0.0628338985162112 0.325149468686022
0.194916963445458 0.0432660050810745 0.148156000978538 0.28430293775822 0.329358092736709
0.207764125256442 0.235172778789126 0.116645980734014 0.397015611637155 0.0434015035832638
0.282818252841941 0.0761623154557916 0.190818636871929 0.129537154939605 0.320663639890734
0.398683147880347 0.345091292551959 0.101313876353217 0.112075322008481 0.0428363612059953
0.097496328505535 0.358777018730121 0.349168954086309 0.0950138488997938 0.0995438497782414
0.306510851670374 0.261763965102695 0.0891810962610794 0.17650337167445 0.166040715291402
