0.214681143871988 0.047885425887285 0.209961810331803 0.152395259717331 0.203327308222757 0.171749051968836
0.22524985536881 0.210331501311205 0.214464251339165 0.0636810170799962 0.0378297111718143 0.24844366372901
0.257202279154986 0.203489086449117 0.157067939208263 0.136967326530593 0.0542873334089208 0.19098603524812
0.016641017749549 0.306023947090916 0.309447575636158 0.145998899256732 0.152925127985562 0.0689634322810833
0.163628611209502 0.108039483270997 0.22883117931027 0.171193862631595 0.182030627581974 0.146276235995662
0.0943052196027467 0.192395969416239 0.251709040769873 0.258906154959024 0.0480775894422749 0.154606025809843
0.161519667051223 0.0883772117091578 0.280775270411702 0.110610176458424 0.0690188344890615 0.289698839880431
0.238107537820561 0.235038742264538 0.285313033879626 0.168898195482393 0.0674493333616286 0.00519315719125341
0.0723647474168546 0.254475555707632 0.172481725181213 0.109033277165341 0.203638822425545 0.188005872103415
0.184540809537737 0.0745248061121768 0.319796574503857 0.152417102966744 0.124909174954718 0.143811531924767
0.0684735593873386 0.3402726970692 0.0919150012918208 0.150504504721577 0.309912860193077 0.0389213773369872
0.120471666612751 0.0772248439999878 0.0462604026321568 0.131255782706333 0.346626910881295 0.278160393167478
0.296812859648485 0.161006030452859 0.11572695964681 0.0468328578365976 0.268781200649474 0.110840091765774
0.0241760022535794 0.175597262947879 0.140692952205843 0.271453116630747 0.250116513925012 0.13796415203694
0.116186499526031 0.119839339369448 0.211618678412025 0.207671114144791 0.112026910694742 0.232657457852963
0.154847936576915 0.167099633121279 0.109934496940464 0.103611867469367 0.293597664185813 0.170908401706161
0.237599973333433 0.109237267701383 0.158742974991827 0.191595386920334 0.111114986880677 0.191709410172346
0.225847474813914 0.264791199052012 0.0804355713572106 0.183878493754189 0.125741679337538 0.119305581685136
0.0805782849622582 0.21585526421378 0.220333961414534 0.246964813026073 0.191641818014273 0.0446258583690812
0.177456273454615 0.109461056496248 0.253412753342402 0.179519380823393 0.219273239025927 0.0608772968574146
0.206633875759865 0.370390274849656 0.0568234498831151 0.0529486714149796 0.101786811197189 0.211416916895195
0.175695303097247 0.255757627738069 0.0193454437332908 0.068729561676162 0.221175259115679 0.259296804639552
0.318680290733843 0.444153391195864 0.0260668511299939 0.128189884871763 0.0265975344867116 0.0563120475818247
0.0790425249853423 0.0940959270827512 0.283260018163206 0.269600268743985 0.0711741089509817 0.202827152073734
0.247472956917868 0.269721329600009 0.290447056901145 0.0544448490262906 0.0796943703534089 0.0582194372012787
0.0665527202836339 0.194758758640243 0.120744835105081 0.126863378998208 0.308463331646283 0.182616975326551
0.262518631935497 0.162640460444557 0.149041209954119 0.0200415129709794 0.148990665343343 0.256767519351504
0.0975090134301488 0.235760778191572 0.201816857039812 0.0560509974930131 0.223721992590439 0.185140361255015
0.224349229849282 0.15678096541996 0.214770188206492 0.107787236519886 0.213182385045002 0.0831299949593783
0.080131295259238 0.265727030143408 0.0356510791551465 0.225079840286215 0.270806381717545 0.122604373438448
0.147572888860777 0.10127439793591 0.112246903730954 0.297057584516906 0.0842010326448352 0.257647192310618
0.0240133232288493 0.328923577573829 0.101114105094344 0.0504726032558333 0.334288070958795 0.161188319888349
0.0430730250133982 0.165386821996095 0.179413831763315 0.119063844163364 0.220353838641477 0.272708638422351
0.0526186094631727 0.181974515387413 0.157493295104344 0.24567051207712 0.121314862110652 0.240928205857299
0.267089430158028 0.0118445956937516 0.106798824916934 0.190697665806504 0.197732295917359 0.225837187507423
0.236050033967656 0.216000321311721 0.095321712184224 0.0864258252203482 0.0605889272306069 0.305613180085444
0.226867827495575 0.128647979439199 0.079968253003798 0.160922411431324 0.265660710949493 0.137932817680612
0.0769966784986975 0.142901365363228 0.289411210798991 0.00433580437736932 0.0915717897855991 0.394783151176115
0.0221011972286561 0.00926318527768399 0.295400131895765 0.242118802145926 0.291144430825055 0.139972252626914
0.190824267160831 0.190164307586532 0.0581237999033691 0.25517558551125 0.0441047388796483 0.261607300958369
0.146259510177533 0.202347191682089 0.0607793315263086 0.150357479023155 0.209381860354223 0.230874627236692
0.0153204779659979 0.216230562166841 0.2616171616597 0.235729281148317 0.117831646049597 0.153270871009547
0.135456918823994 0.164761376461827 0.17075417491682 0.180527726847198 0.231166371393725 0.117333431556437
0.180746775796867 0.128688045465864 0.149066032736602 0.32272113930557 0.209035874031256 0.00974213266384193
0.42797547044449 0.0838577028813667 0.208513944311451 0.255941850912027 0.0222482403982681 0.00146279105239748
0.143544921184814 0.180880558167788 0.162922841121542 0.282448519674522 0.0560220446436415 0.174181115207692
0.124595457229263 0.075901184110007 0.253635610269612 0.141273254938908 0.142113888958139 0.26248060449407
0.044275094126023 0.238467073513847 0.298900801571746 0.0359523773603279 0.0311575616227495 0.351247091805307
0.126552788777756 0.280510595185384 0.0862143951648939 0.171785179128574 0.0251339514189395 0.309803090324453
0.284548991766418 0.251817915260059 0.11176831921022 0.0689110328974767 0.122215364432123 0.160738376433703
0.145270080459378 0.238482613555393 0.23509783931488 0.223895112954753 0.0732121795370091 0.0840421741785876
0.120790175781899 0.182476372364434 0.154707329373773 0.177224589352401 0.247750087482055 0.117051445645439
0.162790842494876 0.141504459598996 0.126217966484661 0.229540726961183 0.168290989396371 0.171655015063913
0.250141956861826 0.109777849852006 0.237394264885853 0.230419100078641 0.0959063272224044 0.0763605010992703
0.164415716032532 0.110582049313946 0.135594785635349 0.241984285288559 0.144357674159055 0.203065489570559
0.193774047373877 0.110457545742231 0.0250327574095627 0.267184998631593 0.270328388791146 0.13322226205159
0.17587721043087 0.138786405360497 0.0855411177945789 0.136571575699355 0.0682691000018787 0.394954590712821
0.138258312993487 0.115270259725454 0.251568390369255 0.275906109027278 0.072942013298603 0.146054914585923
0.293229406847368 0.0270069745009573 0.207763355916109 0.265524467335671 0.109530930141115 0.0969448652587801
0.0233341831929596 0.279365781993907 0.188484843025752 0.246781336807345 0.0753171777270671 0.186716677252969
0.040915608016701 0.113489330370879 0.315766977604845 0.300453829800937 0.210645505411751 0.0187287487948875
0.224209316255959 0.186920551563638 0.0821446651551372 0.383459553454956 0.0883832981913707 0.0348826153789397
0.281689982015932 0.160068355940536 0.25164688137269 0.110662332164943 0.0340974062887996 0.1618350422171
0.207583772671115 0.0115117032593207 0.123701922761479 0.234813605016871 0.227464283764765 0.194924712526449
0.174461486933909 0.188567052037968 0.261241286930326 0.055916460615121 0.266136721086999 0.0536769923956763
0.0837972297230288 0.22745785749695 0.112328423981078 0.0292713034338967 0.281732234183186 0.26541295118186
0.00122736614986781 0.0165073360035964 0.226722351448827 0.0860986755877403 0.266978350628814 0.402465920181155
0.0665587725149176 0.0806688813185824 0.174989863382233 0.121090243930691 0.224748622450262 0.331943616403314
0.293777548228145 0.175082947045492 0.267058381630924 0.0624301936444606 0.0455761175493945 0.156074811901584
0.0460535538142236 0.254724942392167 0.238650165987536 0.217148287581921 0.117971978088608 0.125451072135545
0.0684969131916395 0.2077309227046 0.322925601618413 0.0558165755257743 0.142453814509137 0.202576172450435
0.331415748542644 0.0335781925980489 0.0633259185429233 0.187130018479664 0.246049876762975 0.138500245073745
0.211198750548217 0.248449937791472 0.0573063506704894 0.027662732014836 0.169330917088001 0.286051311886985
0.014063531596519 0.0850462058592681 0.258982644084544 0.138036557259975 0.241209048890463 0.262662012309232
0.267288963498065 0.364293019598026 0.0101218641000274 0.0619087980953616 0.265796699281968 0.0305906554265524
0.204732580938275 0.0204518745200352 0.259490349411829 0.0114251221277311 0.237967998075647 0.265932074926483
0.154165404865003 0.298196719863232 0.114717126505211 0.0634186585499733 0.0768749152101674 0.292627175006413
0.0309237723166408 0.140003829932786 0.311958645907604 0.26671831799567 0.000968859716078553 0.249426574131221
0.0957257125303323 0.292294393945093 0.0769963382338869 0.223038617346614 0.156016499186301 0.155928438757772
0.234395399879263 0.242913052743033 0.221007933539067 0.00629418259398865 0.260735866776135 0.0346535644685133
0.17413399573663 0.176774593237638 0.154083119707264 0.173064165410758 0.166848736254754 0.155095389652956
0.00733175028016985 0.208133096787818 0.167145630425612 0.188742487398449 0.181870325689361 0.24677670941859
0.26980520577015 0.159175242763684 0.209195811882214 0.0564343702560224 0.200511119774422 0.104878249553508
0.0150053381465309 0.22479805758724 0.052034475682781 0.307549936626966 0.254760020763149 0.145852171193334
0.30077413074709 0.318892773061849 0.0971841053883259 0.208375921982798 0.0236481387981657 0.0511249300217721
0.212827189832094 0.0434567855686625 0.238948554671274 0.23084551812146 0.266403393834755 0.00751855797175396
0.115992550048478 0.122874578249086 0.153762281150797 0.116134081998159 0.269170509273556 0.222065999279924
0.217201597095579 0.197884669211128 0.27078007873114 0.119856236173869 0.129447531992685 0.0648298867956004
0.155369244135898 0.200361805816342 0.150614601049547 0.218208216231709 0.212594152772329 0.0628519799941755
0.0298250418481382 0.309475408840054 0.269175433366257 0.167133080827531 0.211822126426475 0.0125689086915445
0.220508902954222 0.121928460028814 0.127986879243646 0.208804052078384 0.161766970730416 0.159004734964518
0.0617943414355626 0.202357573405143 0.200252174035877 0.160019766937909 0.0639726777821498 0.311603466403359
0.1825399519075 0.19313898026904 0.235951984997457 0.0401870751429739 0.243549209423735 0.104632798259295
0.150587873622632 0.281029664770572 0.141086061358382 0.000680720173450451 0.0603613459720144 0.366254334102949
0.201677884021788 0.123573928019846 0.229055789178434 0.0817113483775317 0.132787217339108 0.231193833063291
0.123924149071947 0.297330242918571 0.00410990851361388 0.139250879171067 0.105232781460894 0.330152038863907
0.186890329138647 0.213101111830667 0.162861439808371 0.0436118651716725 0.0472700514288109 0.346265202621832
0.376569054380191 0.16215199286529 0.0455326581227996 0.25802421504099 0.0566572253741661 0.101064854216564
0.160638482806631 0.173102393661738 0.142675265808103 0.067537417566323 0.127197206704458 0.328849233452747
0.193555072762414 0.263868167688728 0.0287544798541296 0.179587093523498 0.0779276657278218 0.256307520443409
0.146607854440674 0.0948299846872266 0.0550752113255763 0.16385943649079 0.291155726997926 0.248471786057807
0.130870985605528 0.248651855148985 0.188823999787514 0.115700699155248 0.116713322726414 0.19923913757631
0.0907340667024622 0.581845723296349 0.109910988232258 0.0827809451467844 0.0102708211028774 0.124457455519269
0.123093740304877 0.213176108310836 0.173025103593357 0.173145881819744 0.207833096561108 0.109726069410077
0.307328117389891 0.0455259361000462 0.303724624731817 0.0036129961420022 0.165372309455594 0.174436016180649
0.173353939928674 0.0219607544595766 0.0978059940454142 0.232661581087779 0.226419379906748 0.247798350571808
0.283735346322743 0.221553797292074 0.0069505033286857 0.0510202945319009 0.170651650268604 0.266088408255993
0.173184377956052 0.180109880342637 0.0924621024675643 0.232934669989462 0.219961597397179 0.101347371847105
0.145144260415838 0.318757053742499 0.123755952457947 0.26715278035717 0.0716210873356514 0.0735688656908954
0.142053038032743 0.119570862676409 0.0716306071500911 0.223334755708623 0.341858116620756 0.101552619811378
0.0270259516630431 0.151107451922198 0.178900169493452 0.112208869220539 0.437123645123255 0.0936339125775125
0.281710869801264 0.0474054263636544 0.283786920795299 0.0265874535733382 0.151571884250266 0.208937445216179
0.263819143029518 0.0451524313916482 0.253798112207436 0.146810758555887 0.246344393335308 0.0440751614802026
0.21963316951041 0.166078866880543 0.218012638582236 0.14003675878896 0.0510973777039586 0.205141188533892
0.157271931831568 0.26326419716025 0.0254716385644167 0.23974736138401 0.128087272278059 0.186157598781697
0.12776465034995 0.0629008375534067 0.444667788018776 0.0169308624112564 0.287539696594806 0.0601961650718055
0.088467917556653 0.196439887306464 0.246781778822089 0.055355749911728 0.224532459512123 0.188422206890943
0.0449867078635704 0.184321905883752 0.265979029235963 0.19930316918458 0.112969821955044 0.192439365877091
0.173258961234245 0.218839991658742 0.155198862005175 0.0772546635726968 0.223619733341844 0.151827788187298
0.323242109966633 0.0205639524717517 0.330147351139854 0.000150011286311876 0.0200590370615384 0.305837538073911
0.230039671458644 0.161793770893958 0.161530390851194 0.205089930316499 0.133513043540349 0.108033192939356
0.278853426573801 0.0394745675591411 0.055104719395964 0.337741282000187 0.2418116912051 0.0470143132658066
0.150803837827393 0.16735206966075 0.17213660150658 0.276994510176566 0.16637135325896 0.0663416275697505
0.108989893216744 0.194330751357595 0.0255446613723996 0.251921661688601 0.261977676991162 0.157235355373499
0.0612231595413375 0.162588700585216 0.0164921033686826 0.390344045602459 0.291617898201472 0.0777340927008329
0.251810651357865 0.00843637575049419 0.0418348680615169 0.345384539644796 0.171471533511768 0.18106203167356
0.208138010974444 0.325258726449237 0.128184971241956 0.053835605169448 0.065760435394587 0.218822250770328
0.202106478360405 0.138566994737041 0.14405872747558 0.125560040265458 0.103193810230621 0.286513948930895
0.0604087365519228 0.032716924030578 0.186209058547637 0.256334057244516 0.0123277323028417 0.452003491322505
0.225076601671502 0.100296578930095 0.102901231949747 0.301195647841991 0.0826281696156668 0.187901769990999
0.302451718063317 0.0655610585658549 0.18850874037953 0.14634558871462 0.23268382481769 0.0644490694589876
0.0550364220583282 0.10271134959504 0.13236980039713 0.0157464892412121 0.454653330908756 0.239482607799534
0.0481103121647423 0.160572937800994 0.310575148381291 0.218803110364981 0.151078595341505 0.110859895946487
0.194869546799317 0.218636289349012 0.169247692911253 0.258861718977663 0.113046038416393 0.0453387135463615
0.278356877816782 0.30315871186354 0.00584825282111818 0.234810605504703 0.117024604186753 0.0608009478071037
0.0890342709983134 0.0263001578675339 0.253045753172716 0.240676477049293 0.0932037440367272 0.297739596875416
0.033051740976927 0.18361539544195 0.125818488373041 0.260782160401045 0.214806629299126 0.181925585507911
0.313865106281834 0.366013461251251 0.0411358383925983 0.199956568860381 0.0215127732582751 0.0575162519556613
0.0802853391313089 0.224454473041127 0.205895478510708 0.14709169176319 0.190059793448881 0.152213224104785
0.0195987210285619 0.195372803577364 0.0312860964928564 0.426616380674298 0.192839631174556 0.134286367052364
0.139267208417338 0.305359461506654 0.118449623952685 0.209651878210923 0.0508088971470022 0.176462930765399
0.308669626716399 0.143994819705131 0.0710046263344248 0.291846979925726 0.0494287758957114 0.135055171422608
0.472540025609738 0.0621598352054318 0.177891773806099 0.168442171903201 0.0319958850605914 0.0869703084149379
0.170988302591618 0.269425901222532 0.337881216830746 0.102148890136071 0.0773011103185113 0.0422545789005225
0.265243897032859 0.133556013478882 0.235459556298162 0.0451225934132172 0.254459653122123 0.0661582866547561
0.148417384948387 0.0524364260622522 0.117999827861762 0.12864977194914 0.311567097317319 0.240929491861139
0.0477942554826698 0.269600150543387 0.307869228043401 0.0391444120652575 0.148787932621069 0.186804021244215
0.294025516337602 0.0451318520589575 0.0185979492416435 0.239509440675681 0.0992273379862788 0.303507903699837
0.27521655099247 0.118858404880614 0.276998424954186 0.236679214309642 0.0779909560614884 0.0142564488015999
0.0275704387107802 0.174461445331467 0.300583090409144 0.221948545174343 0.221452955360192 0.0539835250140739
0.0217985278223964 0.258542834925286 0.206855991031788 0.227766704212755 0.109162758460054 0.175873183547722
0.161970808721284 0.208752336680918 0.21708934296256 0.203426292773906 0.176082205959464 0.0326790129018672
0.290970600168927 0.0529648346969454 0.2125430076545 0.0937059957743192 0.0694133535001148 0.280402208205194
0.0355223549441733 0.27805736889142 0.345994900805094 0.0931400272267481 0.14849641293632 0.0987889351962441
0.0370981495824905 0.224568596074174 0.240096766573359 0.0843386789313058 0.280744388816774 0.133153420021896
0.384558601442898 0.0706514708010057 0.137634992529348 0.0448115595827414 0.188866926735352 0.173476448908654
0.150698544357253 0.118062461080005 0.183446959031685 0.03734945094254 0.347945510466132 0.162497074122384
0.13143977885874 0.0338912859918167 0.273275178172377 0.162471425123015 0.20857038631805 0.190351945536002
0.156332398939999 0.178518899442342 0.160227596987732 0.17288265761799 0.211482874693118 0.12055557231882
0.345752056786203 0.0789703583202113 0.180927387615531 0.242783571890945 0.0110922665068862 0.140474358880223
0.309601845287162 0.0631624078864548 0.293228291768701 0.0321917974807754 0.293630617026583 0.00818504055032454
0.253722871821607 0.0227521091364521 0.052012368641341 0.179432330775193 0.227777740311365 0.264302579314041
0.277049314019505 0.132609070206833 0.00203023859210173 0.295187370758356 0.0982621856867732 0.194861820736431
0.16966826029735 0.14358366495941 0.136929792196277 0.198766070123369 0.193300969542531 0.157751242881062
0.358041979330445 0.211682831540704 0.152253653092443 0.0262332684785202 0.15810114728597 0.0936871202719162
0.110963593873409 0.045615115744487 0.247021445924784 0.287889120448912 0.253414097107454 0.055096626900954
0.312093485694135 0.258812432581503 0.291069623651581 0.00185479434343253 0.113728106110171 0.0224415576191775
0.266754168317294 0.127142498181813 0.0126482486096814 0.29135723357005 0.0532357364069741 0.248862114914187
0.23323197812341 0.180249329213143 0.210442522808984 0.0239061182204378 0.0856994620243558 0.266470589609669
0.112267494468005 0.209530102423141 0.146102856863927 0.255352332867144 0.083619437000856 0.193127776376927
0.206023937804565 0.0977405023458497 0.216612011762622 0.175961480088884 0.115334699008346 0.188327368989733
0.0720287407364487 0.327114306335227 0.198122473413771 0.225738410861903 0.144841723027124 0.0321543456255267
0.232534750278284 0.150310750474473 0.21062122760247 0.190108291232537 0.108002975724038 0.108422004688198
0.215660137281866 0.122474647277924 0.232864248995028 0.0570958482919037 0.260777102016047 0.111128016137231
0.265613567608871 0.174581626776706 0.28004618770153 0.153496016326012 0.0558951180556794 0.0703674835312011
0.0469183060861756 0.177656049767979 0.0252806486567278 0.131482995125863 0.309784766777571 0.308877233585684
0.290774111058231 0.305699511572393 0.199150071571999 0.00829786733657764 0.123884395055988 0.0721940434048113
0.333931039227115 0.0899513180816853 0.0729534076190896 0.124273231876418 0.216556200404686 0.162334802791006
0.171079106036563 0.370177273811065 0.217454899359798 0.165043043403082 0.0177810402958663 0.0584646370936249
0.306854634075632 0.0683971843783637 0.349229798347047 0.00750879479703451 0.104453509455377 0.163556078946545
0.281552280209933 0.266365611783864 0.0623083462180132 0.0880139714486658 0.241897212820563 0.0598625775189623
0.233412728831201 0.0446440842930912 0.15381607292424 0.14227843174476 0.35115097466754 0.0746977075391667
0.00593978551896272 0.338459890754434 0.325152162942798 0.108276780328892 0.170551239747157 0.0516201407077566
1.06625696877515e-05 0.373839934542424 0.0554663666294707 0.000738256810651879 0.278459552893573 0.291485226554193
0.206348774090643 0.154088596022055 0.169140127394621 0.236987117198921 0.202314997279967 0.0311203880137933
0.107254754115528 0.0600268126275338 0.271989574415483 0.265103882956764 0.256315745037871 0.039309230846821
0.0244127965196482 0.102305413398047 0.13531148231339 0.268539263616517 0.133560926677861 0.335870117474537
0.214560394394686 0.193471562806048 0.195138591132929 0.243120558980056 0.117172464822228 0.0365364278640523
0.105405827833696 0.254013002618838 0.247415268255756 0.0489150236740011 0.327473008501223 0.0167778691164856
0.192680774015291 0.205496985702446 0.138738303668222 0.0641393525843653 0.179663050815286 0.21928153321439
0.279992436662677 0.0806335807942016 0.200632169030039 0.122623039710937 0.0403121341624487 0.275806639639696
0.0200952510584356 0.274979019684399 0.0225802160354215 0.406845925821345 0.268292998704901 0.00720658869549812
0.0564314052415661 0.193111000813103 0.250980641786647 0.239601011116923 0.0290518331206467 0.230824107921114
0.138678025787244 0.356865697483315 0.0846124905852868 0.131524734936822 0.111086381082195 0.177232670125138
0.132473996611792 0.0630038343744468 0.195243842700533 0.297886615715167 0.00091354964391215 0.310478160954149
0.0968512992892151 0.205718119617027 0.281268904739178 0.0894014443663333 0.137279254914597 0.189480977073649
0.239802152383984 0.00391106469717422 0.215249605910513 0.221721956346625 0.161635717387772 0.157679503273931
0.343200372524804 0.0945459362612223 0.0932744696108988 0.00329125938298927 0.335118650018528 0.130569312201558
0.219362350274093 0.0685378556032446 0.0381033038739023 0.200483641613643 0.217673038393012 0.255839810242105
0.041788431753643 0.188383655294957 0.129547940768517 0.218997451348299 0.194622868356858 0.226659652477727
0.0333872770832852 0.0606067612211351 0.208600446571466 0.0836752735481439 0.306429279326817 0.307300962249154
0.216250857756246 0.253527813634711 0.186960691587376 0.0938973204073958 0.0112587562813629 0.238104560332908
0.394950544444829 0.00222666183230022 0.000575754725732111 0.165757726755573 0.0715730257876582 0.364916286453907
0.211950520155828 0.164656636113173 0.162679011384844 0.0653960597364333 0.216897048515301 0.178420724094421
0.296669990972619 0.155240512372025 0.0177657068652112 0.110377547200687 0.313705170096638 0.10624107249282
0.0597942653971218 0.150068558643731 0.155900203158369 0.161993886850271 0.252041438047144 0.220201647903364
0.169546798869679 0.0616329495043444 0.065811675135509 0.32506400658419 0.227617469441554 0.150327100464723
0.132005339141349 0.275669228075965 0.0409562424939964 0.164857336389612 0.145629122390545 0.240882731508533
0.240472592037701 0.0866232388636153 0.188466185696409 0.244289206215439 0.147677523412183 0.0924712537746525
0.171984359716356 0.370250066500251 0.130670831928667 0.182721668675168 0.108357205438983 0.036015867740576
0.281024159522838 0.0933875973726516 0.216849846038015 0.0308808338139311 0.256121333738713 0.121736229513851
0.195575146401528 0.220650554229112 0.0227716125816898 0.226415193997662 0.185074791901427 0.149512700888582
0.101073253905373 0.278563209529095 0.322900363041611 0.131142761963753 0.165493440401085 0.000826971159082929
0.130888255629973 0.19804343518064 0.247577854622391 0.216719622465216 0.167644419548923 0.0391264125528563
0.168539024541661 0.0853527034122032 0.224100816858246 0.143573875777913 0.275548183712662 0.102885395697315
0.141102565836985 0.113804799171393 0.126471898163933 0.205334826621829 0.227576761729951 0.185709148475909
0.118879302215243 0.161813058711825 0.279407600546706 0.00164940460648846 0.181671917760941 0.256578716158796
0.00728537357934238 0.349870711091615 0.00264485154249585 0.355532896129333 0.123996599803261 0.160669567853953
0.14298400149841 0.243195689682377 0.129257912760522 0.229023211610017 0.158887208799543 0.0966519756491317
0.105978939800033 0.248301022456096 0.140750246516233 0.041076569026145 0.219599019607475 0.244294202594018
0.14790545737532 0.187195923410832 0.227470836955964 0.0348335181307161 0.236377038877756 0.166217225249412
0.103297425833531 0.179999175388067 0.222560466522856 0.0826586952996032 0.199755425517517 0.211728811438426
0.321908624398198 0.095185067867607 0.0687552438792752 0.148763248092972 0.0168730856408359 0.348514730121112
0.010981042215656 0.0373624763932629 0.329143702979269 0.134562428613347 0.180705195481676 0.307245154316789
0.350013947602687 0.161107196221228 0.341624379731581 0.0385534155833764 0.0334101889799406 0.075290871881187
0.169581775735387 0.304260275726823 0.247676006706906 0.144938013270594 0.116721290604973 0.0168226379553171
0.0103890080049057 0.147069340078785 0.303347646203467 0.123718539920043 0.300348351691134 0.115127114101665
0.126416673654063 0.192985386391497 0.152315758832782 0.056518732712442 0.103570789662124 0.368192658747092
0.17219403264448 0.0609769336673575 0.31362536273025 0.02740613241818 0.222673346525703 0.203124192014029
0.14890925603062 0.223088671369852 0.196420758231331 0.180626871858016 0.188699988016167 0.0622544544940132
0.219427985474161 0.289694500718301 0.134730397140574 0.0365139473869831 0.255829770739534 0.0638033985404458
0.198869537886559 0.0451393145706884 0.167081533964808 0.229356958767538 0.221290815065507 0.138261839744901
0.201389056202702 0.0251774697432748 0.245374461596905 0.0907491238574956 0.294673275609372 0.142636612990251
0.106556598429563 0.00605074336553621 0.226109458102012 0.352422816543112 0.189659135781576 0.119201247778201
0.243178579418639 0.223174896952274 0.179325086376031 0.15957528061981 0.123965088534227 0.0707810680990196
0.19882954995884 0.279016615589422 0.302675759036978 0.180989992520168 0.0212842369245206 0.017203845970071
0.153773776122115 0.181265152958998 0.229335150887542 0.21518775038246 0.0584375989974494 0.162000570651435
0.0939995122837547 0.315012565385862 0.0678190037694159 0.261692642370725 0.188823733165774 0.0726525430244689
0.0693089043236945 0.135541601532994 0.0714729102381467 0.135533236998953 0.238672621578407 0.349470725327805
0.0426297877920922 0.126849519714751 0.175762293453029 0.249248439640977 0.172807844400729 0.232702114998422
0.143077815211276 0.100063749838363 0.145782881713402 0.276532458599141 0.0501270211050104 0.284416073532808
0.275759953989612 0.120513262029558 0.0915976775784984 0.124768149730491 0.0393579258750353 0.348003030796806
0.0686421853785207 0.22610104679544 0.124735676145954 0.179936144179702 0.0816706244667178 0.318914323033665
0.0135833841903803 0.195003820393879 0.204451169788586 0.079833760659121 0.280265993900352 0.226861871067682
0.0472829815192279 0.148281637242395 0.300407166862249 0.148278286702313 0.000829387667537218 0.354920540006277
0.238857979392358 0.227621207594231 0.137378128934066 0.135746754840682 0.183121747528483 0.0772741817101806
0.191387772387493 0.0742465134172664 0.306650044493761 0.237931247924439 0.122669922360545 0.0671144994164947
0.30050621870645 0.00599771966920611 0.242249363980107 0.165282425186992 0.255308788131207 0.0306554843260369
0.198100608976802 0.202482644408788 0.201250668208797 0.21076327508633 0.0949796786936469 0.0924231246256369
0.342803888913808 0.260518627442702 0.260349676902211 0.0445482226217513 0.0380748989872857 0.053704685132242
0.234579374047399 0.265536459535725 0.100475524562367 0.30809116765441 0.0297269783276732 0.0615904958724264
0.181057814201484 0.156936873779434 0.195862411431053 0.0713209585115152 0.276125666381597 0.118696275694917
0.139107061516234 0.0693808184915633 0.0944911495960858 0.256509705599001 0.276021721828295 0.164489542968821
0.242931702778966 0.00852367150132694 0.310051097224944 0.122593568253228 0.0167107773188295 0.299189182922706
0.162885779206285 0.223299344279721 0.112620868066009 0.308808253447009 0.146905919265197 0.0454798357357781
0.315023151228602 0.124511587391283 0.191191389340434 0.108581672680925 0.118852287348481 0.141839912010275
0.111589471937715 0.280436254509489 0.219084450707635 0.0864516534873811 0.0533454026664991 0.249092766691281
0.244425294684301 0.292351662367166 0.0116804404761713 0.240991012099297 0.111461088076143 0.0990905022969223
0.089720219851832 0.0656739798227587 0.184262336553397 0.0121294209806845 0.265375074140734 0.382838968650594
0.299344762428553 0.079130075836368 0.156442818783207 0.0494614541518881 0.216257336682779 0.199363552117205
0.186459903178851 0.137467654825321 0.246021134703155 0.0660165814443486 0.198890584714648 0.165144141133677
0.156728765096424 0.242301672372187 0.226174845883148 0.292001026864959 0.0363682940646768 0.0464253957186053
0.184826205422248 0.125104777929071 0.22746427570566 0.235654185969455 0.183448112493856 0.0435024424797097
0.396279261111 0.183091731225035 0.131007181947241 0.108350607010593 0.0154130161654672 0.165858202540665
0.128453206408598 0.254964203095649 0.0415294003283956 0.00555488783507803 0.214899816077529 0.354598486254751
0.192135142609447 0.142342879405299 0.24858971822749 0.20207789838656 0.214327066246173 0.000527295125031422
0.120195578926002 0.0836418083328275 0.210212702251657 0.202090074412218 0.252296441246305 0.131563394830991
0.000412749815288602 0.250418296713724 0.188837003640641 0.205554325352142 0.210967864175726 0.143809760302479
0.415998817686517 0.217889193537592 0.15281665267666 0.0045744153268899 0.0500814802209017 0.158639440551439
0.229905921870418 0.212336537281142 0.0622482690176338 0.00255120068273633 0.248705529889533 0.244252541258537
0.122116269870146 0.158262566663924 0.256876067769265 0.00860531777119136 0.151645667761444 0.302494110164029
0.230935738306527 0.088282573174336 0.165017936389554 0.0786273042926751 0.23848149225533 0.198654955581578
0.186186832876989 0.146273167834282 0.0278245254895456 0.183453429591403 0.251823781793917 0.204438262413863
0.0424583297540223 0.136361945840891 0.188169310095981 0.206972287744972 0.105962472603446 0.320075653960688
0.304713683246406 0.141830923749526 0.0841334413187938 0.20171348894504 0.214191124184254 0.0534173385559803
0.105332237934611 0.133542389206041 0.0933078950383197 0.329176359980622 0.0286749589758566 0.30996615886455
0.274300748882884 0.0685543870135664 0.225525654623415 0.0221020687384264 0.131821068011041 0.277696072730668
0.270075615903163 0.0502520264522794 0.202774643099147 0.256904466710099 0.0504840631852492 0.169509184650062
0.0983120864614448 0.0376854856564185 0.298533737349219 0.20956455885014 0.123147447009267 0.23275668467351
0.320715255228725 0.192336282084221 0.0359737626541009 0.257201010109344 0.126249506765231 0.0675241831583783
0.272149631063627 0.170706410143437 0.28132302268803 0.173884470451706 0.0378005126586146 0.0641359529945845
0.0361936975482163 0.247408159144787 0.145938935694357 0.214187888796456 0.0408206602794814 0.315450658536703
0.0614797077769738 0.389064566437286 0.174878909463876 0.0481629712213643 0.260316413850049 0.0660974312504508
0.275552332024968 0.126999580736651 0.101852908151759 0.128224270889531 0.256898356667785 0.110472551529306
0.150876913363438 0.245868131578136 0.0330618911324742 0.168394637342433 0.136209220300916 0.265589206282604
0.25166822618365 0.164332473942372 0.170920806288198 0.0801185143078035 0.291871101952534 0.0410888773254429
0.109262967131867 0.316372902386675 0.0848425135937508 0.0268593226783127 0.163850689403822 0.298811604805572
0.222542444678972 0.0876207712170544 0.209315106240828 0.228686142849369 0.0306246008944974 0.221210934119279
0.0956222560285946 0.18073959792149 0.176024299347811 0.261900663916665 0.0678938963888231 0.217819286396616
0.109957803428874 0.0652952010531196 0.0686430331469245 0.181365151558418 0.308911811205765 0.265826999606899
0.0122545374275868 0.0504112629913706 0.113643446085006 0.13753855942171 0.368786244482073 0.317365949592253
0.0125600005591048 0.239162471522244 0.179191596344612 0.152855629233385 0.272761366601582 0.143468935739072
0.158836388189121 0.110860349821923 0.192196422689249 0.25179914644543 0.117597914639298 0.16870977821498
0.0348508561169177 0.166699739067761 0.315479783931217 0.0594442579184062 0.2942848944485 0.129240468517197
0.125358782078755 0.278721752186342 0.166394373448297 0.220186032226959 0.0775020761469154 0.131836983912732
0.0317367945258126 0.263236894903772 0.196341544346101 0.112259941712199 0.240417441082107 0.156007383430008
0.190108664665721 0.157114836098389 0.0776964081890422 0.255927780550235 0.0421007099471862 0.277051600549427
0.151659001745117 0.195277524391138 0.199822690978343 0.189489937770866 0.153173769151578 0.110577075962958
0.136511199012602 0.0411931405742445 0.258217766932852 0.165983491803158 0.282346717955489 0.115747683721654
0.0513150610951598 0.154921879356165 0.00942658058914852 0.25606546847381 0.289230996628143 0.239040013857574
0.218501537152394 0.0888715688109602 0.119247354591935 0.243841452557399 0.135285296803708 0.194252790083604
0.186697075464909 0.125819614984807 0.212567498052118 0.228170528623541 0.210175239061483 0.0365700438131418
0.121032973468599 0.350789057515523 0.130585324461635 0.106584543988002 0.0910898501009737 0.199918250465267
0.262719394589545 0.0780408634315036 0.255084205221729 0.0570606894129118 0.120387060941353 0.226707786402958
0.199988792893709 0.304694733201836 0.0958697534264293 0.0534403503093533 0.00113794016668404 0.344868430001988
0.230155325976807 0.215221742865754 0.0656277534880447 0.215877225852484 0.222097452729095 0.0510204990878148
0.0821310140321179 0.234328129522556 0.200746935518794 0.218772938466205 0.0361446539305868 0.227876328529741
0.235525479012395 0.154646401746038 0.0215681186873246 0.0414953696025767 0.492862244126677 0.0539023868249899
0.212737127675579 0.0373249068571379 0.0614215234158671 0.270650440854519 0.208578599944348 0.209287401252549
0.240189028970024 0.1191099222823 0.199530991221984 0.0934966869606138 0.26617827127131 0.0814950992937683
0.2394228869399 0.0200642170724622 0.170028922777931 0.228556002213553 0.18919334185783 0.152734629138323
0.257942091865691 0.0118592767759086 0.0672350378103409 0.277296929155442 0.313075070332924 0.0725915940596937
0.00232358675618424 0.0998607745351345 0.292256570323968 0.100476616769327 0.361895993437502 0.143186458177884
0.460367596266786 0.0462724220698507 0.0234532256735755 0.0170500852698824 0.374541932635779 0.0783147380841271
0.194058588235536 0.132853876698944 0.019980678256583 0.344984981207827 0.247342077878359 0.0607797977227513
0.306222618822982 0.0234195597487865 0.0676249930675361 0.246542262857151 0.275904976694357 0.080285588809187
0.21934036939966 0.0605633451827706 0.34943982520416 0.0846967822552141 0.175451443701886 0.110508234256309
0.191180295371531 0.058193832354588 0.0956591176389292 0.217403870458925 0.136226620974008 0.30133626320202
0.144212240292852 0.0397692823747551 0.204378970995676 0.230586024602095 0.185223526241095 0.195829955493527
0.162015260793971 0.140058558784943 0.155129661164837 0.180809140563534 0.206894655021319 0.155092723671395
0.30323172212061 0.122505936725615 0.103561223640523 0.03845354708887 0.331303256410097 0.100944314014285
0.258564969315601 0.013251864510988 0.210928112684067 0.084729456701823 0.185833768054922 0.246691828732599
0.37933630789255 0.148806274550409 0.186164877514724 0.0199751362340893 0.15266056184022 0.113056841968008
0.311967029286106 0.0897518858205058 0.23969718083229 0.00669844327530832 0.334910415626062 0.0169750451597282
0.154072513618117 0.0438499744590052 0.323899777174884 0.194661231842695 0.108887449365188 0.174629053540111
0.113020864995472 0.215612448016452 0.183038266540922 0.172663627237391 0.185709515974755 0.129955277235007
0.0132617727329317 0.149827362437596 0.0791133495620425 0.535144528754075 0.214148519793079 0.00850446672027547
0.221801237751103 0.299314931463053 0.161929929412713 0.0211395639935459 0.0990125751215491 0.196801762258037
0.153665876579863 0.0432122132674864 0.222258692795545 0.171299456509713 0.126709001031809 0.282854759815584
0.208666502858973 0.178297630805684 0.139013815438127 0.125884533252924 0.215382277503225 0.132755240141066
0.148467153408692 0.0766810778082115 0.329661310552945 0.17344848442469 0.179305812646507 0.0924361611589538
0.173962039687145 0.187544993301413 0.204654905179946 0.146008837354657 0.154027019529089 0.133802204947749
0.313022371849473 0.0338149660322331 0.224847316192757 0.0690120586478603 0.320960442838511 0.0383428444391643
0.340151702019055 0.112427168297606 0.0578424472095197 0.129037375222134 0.284689744594922 0.0758515626567636
0.0876782279966662 0.245835525167794 0.229495322279101 0.0989992754233459 0.142209993475124 0.195781655657968
0.121650274649533 0.224808552686003 0.216632079607535 0.255291694208697 0.101308958104134 0.0803084407440969
0.336749357096096 0.0966936404631077 0.17427964204236 0.138849179532878 0.0223357795849356 0.231092401280623
0.110401701710256 0.158083700249498 0.274146167338238 0.00332118088688985 0.0710603929071207 0.382986856907997
0.257975608116219 0.0821135755867206 0.0338962653810583 0.359752984025902 0.252508818528475 0.0137527483616262
0.133803057517063 0.517282664864304 0.0243989969750676 0.0693476609634393 0.158999114540322 0.0961685051398042
0.252548460240957 0.0502386845353943 0.0685773223071331 0.226599616974377 0.0614956995579826 0.340540216384156
0.153413711332366 0.199061188757652 0.209205683858936 0.0440789329951993 0.14608228886882 0.248158194187027
0.0966234330832303 0.119135142547439 0.23413825553606 0.188943017564662 0.070767065864928 0.29039308540368
0.373664973267777 0.158968058173242 0.337314380822902 0.0713100563394047 0.0103402319685407 0.0484022994281336
0.0848562704278269 0.206903957260611 0.168090403100685 0.253195432509156 0.191976827147621 0.0949771095541004
0.013225121535857 0.219155149953084 0.0651725990487096 0.465934865616926 0.105520905939035 0.130991357906389
0.319377759087138 0.29175936705598 0.0980681590642247 0.0556124651984838 0.165351876956862 0.0698303726373114
0.140240853486403 0.23390509486145 0.111607618622925 0.230094270815142 0.0293883148210867 0.254763847392994
0.12314172507074 0.248649959342656 0.247371715606178 0.268290997379649 0.0992454052253878 0.0133001973753891
0.158075425201719 0.259215198470559 0.177708925660873 0.201680088630604 0.0799439114054339 0.12337645063081
0.0673554470512579 0.173162540602444 0.134321041177799 0.104737665473651 0.272697182990712 0.247726122704136
0.236347230989565 0.229997781834053 0.117380864343713 0.0786753349091412 0.195858078614952 0.141740709308576
0.0183457396702811 0.125104596048124 0.0486663437635054 0.317626176821646 0.34950731268504 0.140749831011403
0.260187042491627 0.174274728513259 0.244872848316443 0.0581791216715098 0.0523542043864822 0.21013205462068
0.284524711943779 0.262866722221803 0.125839998949478 0.19254568308914 0.0448939100652371 0.0893289737305634
0.286088113776018 0.288250676390706 0.0961183117146109 0.269815379144666 0.0382613385008576 0.0214661804731422
0.123544947376581 0.0211484151265386 0.358817736777703 0.324645912983596 0.0592736051790354 0.112569382556546
0.122517563758556 0.219039363295518 0.153877451540297 0.19799294336042 0.101718950414626 0.204853727630583
0.255028350574098 0.04522228614159 0.107778219421491 0.0609648895106166 0.433344193635172 0.0976620607170325
0.143025793885315 0.198414229221741 0.00227889545413369 0.00562345857904202 0.296155170489471 0.354502452370297
0.0349992931511741 0.234615052422044 0.256101885472988 0.285564324776426 0.123251397475602 0.0654680467017672
0.0361886993909041 0.201950747707481 0.269770650829827 0.0281268840922548 0.261188315332786 0.202774702646747
0.100765380552165 0.167751094441277 0.0745941048237904 0.176408687664211 0.181030820053434 0.299449912465123
0.102181557830413 0.033612997443427 0.325129753157449 0.3202960045534 0.185687727616713 0.0330919593985987
0.233423309934807 0.0921976181897756 0.213661799154458 0.117292072604319 0.12581950898318 0.21760569113346
0.151018387238475 0.259401969087663 0.00953550920371508 0.173287941017016 0.250575398549339 0.156180794903791
