0.166344294672708 0.0211815691640484 0.327587721556461 0.256794266532382 0.2280921480744
0.114892838223844 0.416430449590758 0.293874609512236 0.0415263279298183 0.133275774743344
0.100469006443552 0.128421456424697 0.127852694302589 0.30373088293123 0.339525959897932
0.0758260652115872 0.11153286116019 0.0373337821752538 0.363420721387467 0.411886570065502
0.352365211844559 0.119408283243965 0.0432083606854353 0.0560483205901669 0.428969823635874
0.260638199620917 0.147349439340779 0.165003443788878 0.335134386345443 0.0918745309039829
0.352210994318415 0.0612140382809178 0.167517793389924 0.277547162889585 0.141510011121159
0.252033506988849 0.14020621445143 0.391393544983565 0.121165435157379 0.0952012984187761
0.143868386657758 0.177962358785253 0.108192875676487 0.268606975790908 0.301369403089594
0.1358269979057 0.360764087962559 0.256923919953008 0.0929949392374315 0.153490054941302
0.216013797946652 0.287248289728094 0.155976959658197 0.0148498072847642 0.325911145382292
0.113028630202861 0.268204688049842 0.162418762461393 0.27419255257703 0.182155366708875
0.19602781911001 0.107890001702992 0.53147822294592 0.0778648182725983 0.0867391379684794
0.170221093288021 0.181092313487244 0.231708413251827 0.265442781726409 0.151535398246498
0.256954526147592 0.0140750932412451 0.374640203549302 0.130992126033591 0.22333805102827
0.310421806401355 0.0913659393481532 0.350671013515617 0.100432126741199 0.147109113993676
0.384473068349333 0.382704923262345 0.105361956619144 0.0241390069575519 0.103321044811625
0.0942499875263151 0.437841922450807 0.0172999582591162 0.0339742588399815 0.41663387292378
0.174458143090119 0.302146433112202 0.127234361046085 0.115815862288698 0.280345200462896
0.175894299806735 0.269963622798668 0.172232890378165 0.317437694488332 0.0644714925280992
0.263654814079061 0.285095397087234 0.0985779186319602 0.260735561763476 0.0919363084382684
0.0933082159853101 0.207609433835432 0.205366822772692 0.300699935207025 0.193015592199541
0.315607412948141 0.267401950976728 0.266159379920115 0.0827862632800578 0.0680449928749585
0.188633270225586 0.344713937853575 0.155864651937733 0.0385352482062319 0.272252891776873
0.328186750461707 0.157062442078117 0.197808602031299 0.279343817832922 0.0375983875959553
0.151474461095035 0.206407400946122 0.17731045319418 0.208608700214791 0.256198984549873
0.210485389022458 0.324366747053187 0.267736386993437 0.0641808600996899 0.133230616831227
0.202336823318486 0.241760661598732 0.192003147766183 0.243245471214399 0.1206538961022
0.385335071692681 0.184915505689685 0.244265304556719 0.141453031382699 0.044031086678215
0.433453054334784 0.0350163449083196 0.168781418648013 0.215801436892807 0.146947745216076
0.323182552776168 0.105855933442471 0.149204572232012 0.325720027759956 0.0960369137893936
0.0564017289628823 0.229541539320412 0.208687668827399 0.266318489585307 0.239050573303999
0.164257045116347 0.240162359674953 0.140976681220305 0.191379320494206 0.263224593494189
0.231373439964529 0.335103189844982 0.135736949313884 0.136293219701636 0.161493201174969
0.227101688524675 0.29411127159225 0.197554770993056 0.129643915712622 0.151588353177397
0.221825487733695 0.116056165879973 0.24423932798913 0.257375045245744 0.160503973151459
0.221606823768709 0.197769990116009 0.161768626589514 0.231342725109536 0.187511834416232
0.500601079213393 0.0245879032569046 0.106463439973363 0.148948645955595 0.219398931600744
0.0714234957765907 0.189584581741981 0.377885331212156 0.291287792912661 0.0698187983566109
0.24814018082699 0.182638157769208 0.197149214112343 0.345809087707621 0.0262633595838381
0.0985537431132346 0.207960364577005 0.353888728613297 0.257469054963657 0.0821281087328057
0.18619817093863 0.431281402555443 0.115958461706994 0.0699785733990347 0.196583391399898
0.00110295416727554 0.0904898830595814 0.206168402319414 0.34430328464375 0.357935475809978
0.304710181196928 0.185889498374704 0.214869249619416 0.178820602237358 0.115710468571594
0.304093907653163 0.115250785029407 0.149934238693093 0.111908465692942 0.318812602931394
0.389073392492871 0.0464626718024317 0.0428423278095286 0.025066354616463 0.496555253278706
0.0948329337765787 0.355188461996613 0.136793293734362 0.146689951926569 0.266495358565877
0.195502796643542 0.258632886707606 0.254150935442365 0.139218258836843 0.152495122369645
0.0490290022046187 0.110815180741933 0.388376287105499 0.180106550473385 0.271672979474565
0.0466543937674149 0.367334529448654 0.143468235505787 0.269773824524673 0.172769016753471
0.106695657506752 0.222455182847738 0.392690526996692 0.0980532926929459 0.180105339955873
0.215255382906281 0.277977527834895 0.00619104132979664 0.369503369246089 0.131072678682939
0.397853020364271 0.106879539242423 0.175774130245308 0.0359538616385938 0.283539448509403
0.0191907969070518 0.36299018612648 0.115028448203696 0.287037923781994 0.215752644980778
0.0934722224612484 0.230169844352549 0.318485599264377 0.327787826390791 0.0300845075310352
0.122255390818526 0.230870871216577 0.0635052271120188 0.203168353913094 0.380200156939784
0.0241368862090981 0.231608136514705 0.282059398127461 0.257595652277831 0.204599926870905
0.224168354652055 0.208604010671606 0.011088620965295 0.237788586447917 0.318350427263127
0.231556845109719 0.188935315395106 0.201695042369444 0.256549882579558 0.121262914546174
0.247678146059357 0.214462537373952 0.174782932462122 0.129208101656236 0.233868282448333
0.221164054679195 0.305938530205011 0.1457632983297 0.0694139420674375 0.257720174718657
0.15615898188478 0.109204513548127 0.332613856893714 0.0587160181371655 0.343306629536213
0.419941653496561 0.0821975215935634 0.22462130719163 0.222112118598963 0.0511273991192828
0.357151610517065 0.244056943497342 0.151313369542323 0.00101330022033928 0.246464776222931
0.126029661320069 0.27258648993341 0.158406042482993 0.228680221074768 0.21429758518876
0.2391537335072 0.113211564765869 0.249625794241583 0.267574293858352 0.130434613626996
0.0524759279643283 0.0723305008693839 0.28887746632081 0.231970350631283 0.354345754214194
0.263164976581986 0.0157478708471097 0.257647217645615 0.250545173162549 0.21289476176274
0.313751894138643 0.380295995442454 0.207944072500081 0.0526273444270744 0.0453806934917479
0.214326142801705 0.09804956289958 0.133497607758244 0.232575928787128 0.321550757753343
0.414392130234163 0.434903530171477 0.00022160608606187 0.132781761527336 0.0177009719809628
0.124555156123696 0.174943205627602 0.230262538247206 0.248976965556826 0.22126213444467
0.426211125842654 0.14412275535425 0.1188277682454 0.0524151627257217 0.258423187831974
0.0473324919295435 0.0495672778386812 0.414082790875723 0.285728364998862 0.20328907435719
0.0870013536246068 0.000515341041230724 0.364274389319269 0.0316687461078323 0.516540169907061
0.0599085915769448 0.140913846535594 0.0828541498297483 0.336790580789874 0.379532831267839
0.0224790041715838 0.5549675944316 0.123379940098346 0.157480423554004 0.141693037744466
0.325216625997384 0.105244538275182 0.0990961550541058 0.0670060099319475 0.403436670741381
0.278322736042866 0.0622983211342338 0.218010897739955 0.186346005135303 0.255022039947641
0.215721472089826 0.13361239829442 0.222053541820927 0.219263351356576 0.209349236438252
0.190253384141816 0.276626813658817 0.243286265061146 0.277087930131687 0.0127456070065343
0.0808599861424553 0.287601770052083 0.214310364721399 0.143221785303383 0.27400609378068
0.0259074238940315 0.236788538119496 0.320787906954097 0.306189647889229 0.110326483143146
0.0807667469215642 0.183177079304368 0.206641293368897 0.380001679849359 0.149413200555813
0.315564590970289 0.262265045154795 0.195824557219117 0.0605867811936667 0.165759025462132
0.077907355366315 0.203500726798299 0.260129283947047 0.203459209107613 0.255003424780727
0.0380827564357744 0.244830556495659 0.0138142823145196 0.412182878540319 0.291089526213728
0.106044798526349 0.338821544024772 0.265847003513208 0.0270255037505481 0.262261150185122
0.155600881187326 0.307730860499833 0.268219397788934 0.0373716007914904 0.231077259732416
0.288817234355515 0.149310075786516 0.329724706534693 0.211087122339834 0.0210608609834426
0.196130622207712 0.139746565133102 0.0928004064035264 0.430624155789389 0.140698250466271
0.116902637419381 0.355959579094286 0.34754748329691 0.0772313444367575 0.102358955752665
0.163492893307954 0.082126934812151 0.516413109158214 0.135078765761818 0.102888296959863
0.000109941856343766 0.270735688137095 0.155210896578138 0.350217654734073 0.22372581869435
0.225832649543011 0.151801798298185 0.162263527621536 0.245542921562361 0.214559102974906
0.327099638329677 0.0619435005531734 0.319146695272088 0.0948800459465076 0.196930119898554
0.198926779444929 0.364995824057452 0.0398998498962938 0.0805362857789082 0.315641260822417
0.33651506497253 0.303705250711715 0.101415912126934 0.190353253565728 0.0680105186230924
0.0135972911576781 0.0799809405062518 0.460975115857453 0.386267225184791 0.0591794272938264
0.387786954387363 0.207079830041901 0.0234544137607032 0.0153957045803537 0.366283097229678
