0.0234766152748019 0.128665790176353 0.225406273322306 7.58808062776159e-05 0.0711261806135795 0.167198167718334 0.217560571627389 0.166490520460959
0.206140189651202 0.176332512343947 0.128590886497859 0.196911299867118 0.0714557892916071 0.0949191611478975 0.0150516471132538 0.110598514087117
0.0606066191745657 0.195937309798054 0.175287985582352 0.106677133891955 0.155558096282024 0.0790944854382312 0.00831932845921809 0.2185190413736
0.0679490171948835 0.101110165719347 0.168852998739032 0.10142819286065 0.155384209965226 0.105523578977247 0.244968120549163 0.0547837159944514
0.0212803235216053 0.164553558664727 0.158373727302018 0.0228077215523531 0.07661496169689 0.250708432945593 0.20971169811781 0.0959495761990045
0.154281948346034 0.096326447688919 0.117722333091483 0.146356194629972 0.0939910533177146 0.173668882718768 0.153893268930224 0.0637598712768862
0.158902538739217 0.167715988953415 0.160533813517479 0.129543255380389 0.0175126473577443 0.0768791633073447 0.132980280814517 0.155932311929894
0.22733237430315 0.0343956018960388 0.0620239365025915 0.140687557015731 0.0970167622989205 0.250497662768093 0.0412089415743695 0.146837163641105
0.142044565658866 0.101707285117491 0.0339833988025618 0.0317450161505891 0.196071180380236 0.178038123660424 0.204180904574349 0.112229525655483
0.0933498459041916 0.194968693003194 0.0359798521587171 0.242244167905191 0.191002515457256 0.0809266166569919 0.106339996095582 0.055188312818877
0.233028327140886 0.172226849760925 0.0789727722934065 0.113073522491022 0.222629507864298 0.0205088335176212 0.0428919628744239 0.116668224057417
0.269649147852631 0.0193405168599491 0.123938824279641 0.152541231204195 0.20438427466416 0.0127300876614574 0.210112221195374 0.00730369628259175
0.0970842314905518 0.102152584137311 0.178062365531381 0.116123560677096 0.139620864466388 0.199357621344794 0.106292217803966 0.0613065545485123
0.110806479236819 0.176474264254608 0.165568724434933 0.164736253877202 0.152017974110349 0.117813575572223 0.023898681802138 0.0886840467117286
0.0571446391121132 0.125428940222364 0.118721272284231 0.172827288981658 0.0709549328817818 0.242989558002081 0.0982745061991162 0.113658862316655
0.199922662561205 0.116091961739878 0.0765235855376713 0.20557012888966 0.0704444148305927 0.00773915007868942 0.190717281834708 0.132990814527596
0.176187315285318 0.17866363826298 0.201677632012227 0.185897574410763 0.0179910504758353 0.0492637904018723 0.00536097934050441 0.1849580198105
0.0681013702370193 0.100886670047533 0.135402089931338 0.154000331663473 0.139036833614275 0.141296943832986 0.109376960639674 0.151898800033703
0.0207403036632189 0.111569201596011 0.0991753269233389 0.225643131111539 0.059282289253468 0.00428078487388863 0.24012915998133 0.239179802597205
0.191506922560528 0.16450753015946 0.135863211112736 0.163798733342943 0.0235998112392119 0.0806856085234855 0.202318756783695 0.0377194262779402
0.178879816935047 0.0355099262522302 0.158509996069109 0.0213935668918297 0.0428191952624697 0.101636705159977 0.312195167086001 0.149055626343337
0.0548554161424154 0.183607075923291 0.125630537488484 0.177584799857333 0.1888633299869 0.0257242716229229 0.15412783458395 0.0896067343947032
0.203495203416408 0.188125298221823 0.170945019846244 0.00132602249605464 0.168751941128529 0.121572469900465 0.142886211125192 0.00289783386528495
0.038173836696722 0.0149861959430167 0.15806119410622 0.250326819569835 0.0475270783124602 0.259793598263823 0.116061039398253 0.115070237709671
0.0648258769376091 0.121001779607532 0.195605532441058 0.138596214712556 0.150051062816198 0.0622877654877487 0.0950667367633619 0.172565031233936
0.117433756935031 0.147763862657184 0.0321117984999123 0.204912874519211 0.184362901596353 0.194834324580636 0.00236312876533768 0.116217352446336
0.0500509074221395 0.156984848322426 0.0812179895221034 0.166527563299898 0.0776526297234196 0.104023579457084 0.188001863309405 0.175540618943525
0.0443087474493862 0.0314378862445713 0.0589920347190735 0.136301204895892 0.224001309532892 0.183250799803223 0.196553119014736 0.125154898340226
0.162655452467249 0.200761073169285 0.127654902717513 0.167922388337108 0.111378247991069 0.0392391108702562 0.129898607223958 0.0604902172235626
0.075287844358795 0.141145740616798 0.161204781951443 0.169927480792216 0.193661346750187 0.0828875155875938 0.0659164329202608 0.109968857022706
0.0176065963593726 0.203323474855582 0.112398942490154 0.113885095202199 0.125778161101027 0.0534261853523676 0.119217630226261 0.254363914413037
0.0452630468161953 0.0421005484280537 0.183060570953953 0.0413019012394337 0.0895212984092681 0.173841368536447 0.210713976839339 0.214197288777311
0.156279105897415 0.0122008652370739 0.128829065373484 0.191736687448366 0.169102625954674 0.173596539658925 0.0970936079099532 0.0711615025201093
0.153309576320263 0.148172103357294 0.173891900582025 0.0423640397575152 0.114465719393232 0.105016981709839 0.0250856067546558 0.237694072125176
0.0299268474472895 0.202572089769279 0.0618921336792623 0.0364957365737588 0.207157819747079 0.177668201091649 0.219848135417836 0.0644390362738454
0.0731528558141111 0.0517394953951231 0.220081303387205 0.119532277799948 0.0302676835533713 0.0266152298670877 0.129737510944162 0.348873643238991
0.0280413637141288 0.00429193989271511 0.110029751514541 0.167204458961995 0.0199204255894915 0.246411834131591 0.284222544514388 0.13987768168115
0.189750784567557 0.013044008342073 0.158159686621997 0.194463205824429 0.0493881747848959 0.0374124984858648 0.187867580159603 0.169914061213581
0.102882519457786 0.0467521930040402 0.0310113281369328 0.23632411178358 0.157226777520489 0.132158685343294 0.234908090545366 0.0587362942085129
0.0815146693430402 0.21424808722534 0.164096668570242 0.179834946762068 0.0467664872373997 0.0691200703470146 0.0344164634173628 0.210002607097533
0.0121106390501592 0.0929408877331126 0.022085115068906 0.154376287300505 0.157505606830744 0.284309173708799 0.0488852963217527 0.227786993986021
0.00498099946261087 0.0438006932042284 0.146780217881771 0.0229802926031572 0.252320937618906 0.144567349778099 0.18112123972574 0.203448269725487
0.166758180800456 0.132553751796686 0.0191781657183139 0.188022367111856 0.0316496582544385 0.0941109747924003 0.162562462027054 0.205164439498794
0.213520820661212 0.0524225299501667 0.0794625826378214 0.0544536067332902 0.156990421199378 0.214134734424828 0.177759722672846 0.0512555817204574
0.0341830623871446 0.121104676709211 0.120567377628314 0.0105761989059049 0.252421052737884 0.121997361357245 0.107274765876596 0.231875504397701
0.185410609678898 0.154819757894851 0.145846319614937 0.148858870570532 0.0144152786194551 0.11483050720426 0.0345894336268231 0.201229222790245
0.193846179360798 0.057860673429374 0.234223739514724 0.0411796497775112 0.152931470636425 0.188946851155229 0.0679356048281465 0.0630758312977924
0.196068568159322 0.220723700302995 0.0381905255193638 0.0243325739713009 0.0955800822576302 0.106927185452864 0.109798446380667 0.208378917955857
0.0861304738209378 0.122077295807079 0.09843402236083 0.148320452904639 0.131202292678173 0.17564451655069 0.162970409689209 0.075220536188442
0.0312315846096773 0.0549882539187281 0.111400772808342 0.101657974354182 0.0151802662334623 0.208936420718915 0.257994275195127 0.218610452161567
0.139890345142901 0.22131537342877 0.0864822523960855 0.163012663176539 0.174280649264487 0.0729315383388345 0.121705326139032 0.0203818521133516
0.340740087864273 0.240436164605784 0.120131218953734 0.00777699003594612 0.0636657552190532 0.0368478711712412 0.149745731992701 0.0406561801572675
0.12922826734316 0.212028797049709 0.157033490073964 0.219609354384084 0.0825431420676916 0.00580668100545642 0.0359196290554214 0.157830639020513
0.117736100697552 0.167989333074892 0.0301664562219022 0.221813049375536 0.213472729154059 0.110362256370329 0.125358631066552 0.0131014440391781
0.0166559081857827 0.0662466855081232 0.0893517588025139 0.18989308737186 0.0636896126502721 0.188954931765891 0.173295623630938 0.211912392084619
0.0994715606925386 0.074984554426086 0.123913773168233 0.158320136740583 0.0862742392529745 0.150206814349114 0.120148102037844 0.186680819332628
0.0345250526360171 0.151680729445615 0.148555169721867 0.285496650035133 0.00682816206215044 0.191605786207294 0.167403099878954 0.0139053500129699
0.079952428973556 0.0518711181399837 0.332287104135372 0.0824752760120201 0.0936164812733528 0.244618781161123 0.0523158659964061 0.0628629443081868
0.0255946257293997 0.298678643588284 0.024047867280812 0.105311838343105 0.224892494512077 0.0515766828948171 0.227162758121556 0.0427350895299492
0.138496800822908 0.178025729676683 0.167017125143456 0.0937910640756339 0.154904440011468 0.0673698129586278 0.0323248854941078 0.168070141817115
0.0913598290995218 0.111922170745457 0.0861822365539489 0.0226315239897892 0.177986010164459 0.210947297474858 0.107579534548349 0.191391397423617
0.0835554518595591 0.0383526438586421 0.142295739136979 0.156350382094726 0.249330758336006 0.17903825163164 0.0310012746701964 0.120075498412251
0.0598314070343745 0.17820877719734 0.117037225141243 0.130300033278039 0.0367185961362787 0.188221265556983 0.134514607649747 0.155168088005994
0.203561211424731 0.161501509647941 0.018667162304717 0.11305783156427 0.0160808932852339 0.163781883877511 0.0441743676575065 0.27917514023809
0.0507510310980635 0.0922792475109051 0.0688427019500284 0.236900864412581 0.183346001078505 0.16804557623258 0.0910457734443373 0.108788804273
0.0584016130549008 0.189115668816345 0.0511729593453703 0.129590469429465 0.1025153788145 0.185208692461842 0.229945589977189 0.0540496281003882
0.182089774003705 0.118017032328311 0.0572642984817953 0.227673410438364 0.0238714043718802 0.0614700558961701 0.0456473532024526 0.283966671277322
0.160080828605246 0.13306667924399 0.0665585545206578 0.168326875952289 0.166563190351844 0.0374737919844977 0.0714058601162452 0.19652421922523
0.111560616880091 0.0601097434710201 0.221578196402434 0.0882471426616973 0.276327144675142 0.0537728420868384 0.00660980092970348 0.181794512893074
0.194407445791029 0.105016714423441 0.0681837977838595 0.18436816977124 0.12828191922098 0.179465141128849 0.102856329607607 0.0374204822729958
0.0760809320625499 0.0873692791434308 0.104957995445315 0.0915169216892045 0.0664570195948008 0.186609785095292 0.150986179911067 0.23602188705834
0.136275186880067 0.0900278478531432 0.135956099048368 0.181147475549474 0.0253324834988739 0.181218787354754 0.187221329639532 0.0628207901757885
0.0285491790182135 0.159858738022409 0.01604538401734 0.0876597130556887 0.249560198249283 0.0506767120974095 0.268999925345207 0.138650150194449
0.0728229539816807 0.267987304286332 0.140369424383205 0.0190124256086114 0.153030034497518 0.164788381021365 0.102334292576002 0.0796551836452862
0.295686687057669 0.212822337508774 0.0322912724327287 0.135957424572818 0.132052974495774 0.0945485778543363 0.0871535222242612 0.00948720385363832
0.207978549545591 0.268337669944844 0.0869388703531256 0.0344537537858099 0.0493304532081385 0.0665370574152825 0.199224400052025 0.0871992456951837
0.0940570670956527 0.1857157625269 0.180646105729128 0.18353753329248 0.0805414809141688 0.179637391920408 0.0809622859431779 0.0149023725780853
0.10315199739762 0.162465265189173 0.133737883007897 0.164065392687006 0.10433181902928 0.0762414389730334 0.131774812894068 0.124231390821921
0.138103930832488 0.128184118009149 0.174484610555989 0.140463045560493 0.138777110207075 0.0942599753948272 0.183881297867209 0.00184591157276962
0.00200338623897927 0.00776243122818788 0.10538520697398 0.0939182698797135 0.209604336687654 0.241399777748838 0.144585102553774 0.195341488688873
0.23281455385217 0.245754196446439 0.00680321484091855 0.0295745000540897 0.179582312972999 0.165614121832123 0.0292915140870207 0.11056558591424
0.0915564264841213 0.0357445814602259 0.268332013330864 0.0891160891330864 0.247889946627175 0.102862217423862 0.158139497655353 0.00635922788531239
0.193201657559981 0.0721441008087485 0.150934462491864 0.0862586636547068 0.134987953926853 0.163422370890342 0.195179616712962 0.0038711739545426
0.16645555222659 0.226401156894096 0.0360169054706386 0.102593204661179 0.193958094578521 0.0637767080411299 0.0389187572713936 0.171879620856452
0.24438782606062 0.0572966916178899 0.0262710135809568 0.0336301615254464 0.082614842555655 0.231822646198426 0.169543845830676 0.15443297263033
0.0687819277169672 0.222200587939212 0.0244557828237761 0.12326528699186 0.18284069470177 0.22928186948443 0.0881010705746938 0.061072779767291
0.151203462808845 0.137102772892506 0.00668353268002817 0.0503234895239119 0.177483957270786 0.166413630933505 0.254666776564014 0.0561223773264048
0.104511100135801 0.196084081865754 0.16450664607059 0.0960729481403267 0.115132238301767 0.139465984492632 0.0618235573307292 0.122403443662401
0.136823550372621 0.0145793436958518 0.169774721452297 0.108064720052804 0.193837853377104 0.0596036794787838 0.172575243995227 0.14474088757531
0.126279489500345 0.168865382888807 0.0156487027098479 0.169793912040175 0.14815032147427 0.101241461799871 0.0145935869003547 0.255427142686329
0.07940849398281 0.108993360619519 0.198026086010892 0.0862479529556099 0.234112759960083 0.100368621242916 0.0809879042693372 0.111854820958833
0.00786167019515993 0.0559574857860487 0.0515648414616416 0.185642859644889 0.234700296785266 0.0276637974694742 0.205128738986054 0.231480309671466
0.0721508299107226 0.219032096048073 0.151427082017855 0.149630078756423 0.151095077876708 0.0390915074717581 0.132029124061039 0.0855442038574222
0.153536434002698 0.0863557908562131 0.128535039616948 0.24243793272773 0.209595234775207 0.0736365496666721 0.103110031009266 0.00279298734526518
0.0897863448110204 0.104143911657687 0.0838812285927264 0.320820899063384 0.0317288398493491 0.066088640438849 0.00934132872193789 0.294208806865046
0.194649478815585 0.0954581966703186 0.0912265871810367 0.116953194836171 0.187717685638785 0.0955687030451011 0.0800067839679109 0.138419369845091
0.107197543785945 0.159844636236212 0.209495893664026 0.199487082397025 0.0491274164344827 0.130681647759054 0.00988146740379717 0.134284312319458
9.71259300583418e-05 0.0641560547950733 0.065922839632533 0.110813259651028 0.11783463050452 0.156090188982874 0.255745794298699 0.229340106205215
0.0510418272933124 0.124759482879905 0.00595075804885473 0.154851666884094 0.0670458983729066 0.232176778743357 0.236794205419197 0.127379382358374
0.0410644409436153 0.119625988953882 0.207744139098112 0.182296771885356 0.0194704965475194 0.11499410394996 0.131894991267094 0.182909067354462
0.158669974335861 0.144357026380333 0.11548385026186 0.0617287774418137 0.163416022017901 0.16825797037486 0.0146098932617386 0.173476485925633
0.195036111367709 0.0889806707642791 0.0912304226745357 0.153466250946434 0.142503291040203 0.152287490230774 0.0763964895489109 0.100099273427154
0.153485775171463 0.0177760369706226 0.167108256933494 0.178659527610418 0.151763850696921 0.169728582448552 0.129482153782697 0.0319958163858325
0.0317452886922633 0.0453958959410846 0.188990032687374 0.0966367272989868 0.223604967520226 0.262154873766298 0.118158868607833 0.0333133454859338
0.319327802733816 0.0598827327121536 0.076147456868794 0.14445404574556 0.0597456066273537 0.0719374611462582 0.0930781543150384 0.175426739851027
0.0563839390507075 0.117533450802219 0.0832095237657011 0.187656175316189 0.167899614824319 0.201129908948571 0.159530619057128 0.026656768235165
0.254924479120022 0.0161639650409413 0.093875382601225 0.069807452658613 0.108552975930972 0.0739506436222836 0.130350524294809 0.252374576731134
0.0498906605752274 0.0919097209808228 0.0460547745545374 0.172321145190096 0.117822288953942 0.104066252156851 0.109122741727014 0.308812415861509
0.160153882084058 0.256034881493101 0.126145280599222 0.134218623357135 0.148843900887821 0.0526695264054495 0.0480801638425219 0.0738537413306907
0.303340900587113 0.0715454221427579 0.104273562524582 0.125549893729802 0.225586049785603 0.056466090563471 0.049053310131408 0.0641847705352629
0.0366288933853037 0.228833867502504 0.133438479286806 0.0943793296387483 0.167713010905321 0.0971482972861259 0.010218477517595 0.231639644477596
0.156644618024518 0.170425926287883 0.0197572816561916 0.133897593985908 0.13827028084557 0.203877955368096 0.140132847202008 0.0369934966298244
0.253250263058552 0.0407479542719434 0.0542551508302181 0.126676077151561 0.211361309870212 0.020546726219981 0.227837129284342 0.0653253893131904
0.187698272070253 0.222907257798582 0.105523475970562 0.0600154844444753 0.00987158718553426 0.0751634215712134 0.127559811484987 0.211260689474393
0.257822899725075 0.0712879226628803 0.120779375529164 0.160546965316236 0.140243789679886 0.0506089131631317 0.117600954610156 0.0811091793134714
0.201719456786614 0.0985324401718307 0.142351846713969 0.167728058790016 0.105267170298626 0.0446876825564441 0.0706589341031597 0.16905441057934
0.127692465959576 0.0807424572042566 0.154280452331854 0.00187506973842758 0.110507939060816 0.149772069322082 0.20365966745613 0.171469878926857
0.181302849179484 0.142257993267921 0.085180010592276 0.276639471106422 0.0543308239878247 0.0806804631583824 0.0983390471773078 0.081269341530382
0.106832471305921 0.110721069187671 0.179932971034168 0.143309137474285 0.115888886760413 0.0729823621901985 0.153991445364171 0.116341656683173
0.138722908482347 0.0504879652748155 0.276388708950877 0.306787768318652 0.0204643849094943 0.151254858943134 0.0434248773286775 0.0124685277920027
0.00416817274989994 0.0533729541344527 0.133468562399325 0.253786862638465 0.241130450752965 0.0877573662130378 0.102198623409827 0.124117007702027
0.1666627238412 0.191002625127632 0.111489031790989 0.132573763385215 0.0425682959514896 0.146289441405494 0.0135739504579127 0.195840168040068
0.17248199740466 0.205132969899683 0.130428226362745 0.0193185505767778 0.0538794624741967 0.0886597427611772 0.21426098248296 0.1158380680378
0.233444985547071 0.0396167087715542 0.0748678308841105 0.230141191755582 0.0631419042290148 0.103878396071447 0.196319279311116 0.0585897034301043
0.0364955791355825 0.225917110529547 0.148279247981066 0.210260244429221 0.112582725951916 0.0582112960595822 0.0642638256908455 0.14398997022224
0.0845202346674301 0.0669590491811821 0.235607460561107 0.15100406114089 0.227566086069521 0.017136689015878 0.158194337423565 0.0590120819404275
0.208233370895109 0.116622823753913 0.177931826824225 0.0393679236019826 0.0299795576644045 0.108089513738154 0.125070426951931 0.19470455657028
0.0125834498057696 0.121367755835917 0.212284333624366 0.189346892097184 0.00686973926717102 0.188561727071804 0.0949962050246259 0.173989897273163
0.0638662478975557 0.00421632159023907 0.21219277967737 0.064658811674716 0.268419913978799 0.254724929170283 0.121748918832149 0.0101720771788881
0.155166764441063 0.132781106054764 0.123061736699846 0.136590342963305 0.175072007780105 0.0398000578126126 0.0639814070986503 0.173546577149655
0.0755231470128796 0.13115633932348 0.0715123845213799 0.169719230460281 0.200128575731692 0.116378538546978 0.186520312202303 0.0490614722010067
0.124663500916292 0.129589752417424 0.129627134855777 0.194651121169386 0.0401502833740751 0.189298042021436 0.13067699300811 0.0613431722375003
0.156868332045006 0.0976571381815059 0.058743796602711 0.134787951278455 0.139004268455967 0.14400577675331 0.172978824673344 0.0959539120097007
0.221612523571475 0.176038913417785 0.19458337845647 0.0790424193879456 0.116311647108986 0.156398355545525 0.0388161273406059 0.0171966351712085
0.0344808025938882 0.214403028525553 0.185827972688402 0.201939631666679 0.128455613891813 0.192614935044636 0.0231470084878628 0.0191310071011664
0.132119289324881 0.0541766390956075 0.188547146134488 0.0820794716315469 0.136468785684012 0.147065077525499 0.0907863108762839 0.168757279727683
0.0641903347779953 0.0850180819737894 0.143515264672147 0.15665069102668 0.0425175724549383 0.0583423165025563 0.189204239558447 0.260561499033446
0.185158552634365 0.201541305649959 0.0906040656737703 0.10442054830029 0.0316731361638041 0.164279048218561 0.158725244544602 0.0635980988146496
0.0279680951734372 0.0684201085931954 0.156094885547716 0.163051755770108 0.108454548964703 0.144812652810897 0.194979106450632 0.136218846689312
0.0362417009081523 0.0932549422760277 0.0111729061763431 0.0926799624057251 0.201970195603158 0.142151119808303 0.225809497616328 0.196719675205962
0.168642954951694 0.125403988430482 0.151293480371369 0.122031831275546 0.159086424493508 0.143725531122767 0.0314083946558673 0.0984073946987662
0.0013422592862546 0.146875107847022 0.0552597686765785 0.0398484152424753 0.171801958574338 0.0421960663067332 0.19031716706568 0.352359257000919
0.172666196763811 0.221606321639336 0.11302518967872 0.113971073159671 0.00455606183550479 0.0523834454778762 0.219512812875151 0.10227889856993
0.163448771117938 0.00431679386474624 0.0819561797861544 0.139165111651097 0.0928649356320723 0.165463116582303 0.124430511373557 0.228354579992132
0.037217765625851 0.205943510564481 0.0430478273647473 0.138989604142969 0.280188317527635 0.0445882279732892 0.139042755094847 0.11098199170618
0.245425184039178 0.171848629034875 0.0468203994502416 0.0780846599197105 0.131472503818712 0.081392157909399 0.174791278115743 0.0701651877121402
0.0663841182147433 0.107364150744135 0.195958491990349 0.0467483647165145 0.0307312450299325 0.225181402815862 0.134099596162325 0.193532630326139
0.0805161500750152 0.0678392790108749 0.20177144541587 0.0741899534146321 0.18331238617905 0.144571402180678 0.108485059465812 0.139314324258068
0.150301975132148 0.0029333950437186 0.130340429003585 0.236691019334803 0.232472536354156 0.0954535505783642 0.107503987356635 0.0443031071965894
0.0736377218658641 0.171851976432386 0.205834271003815 0.0602536442867824 0.135733721628874 0.15387064083421 0.1209952440064 0.0778227799416688
0.176225136596334 0.179496636096079 0.0200670565183986 0.130491308239835 0.0993007519773003 0.187058618859725 0.0911492093327794 0.116211282379549
0.140108924996955 0.10864339507293 0.146242628904615 0.200988615418875 0.025837274206355 0.107870829305821 0.0739236293466548 0.196384702747794
0.146661625358487 0.0984268199320572 0.100019934188472 0.148516882174383 0.0205711932736345 0.215924948256312 0.111961336424188 0.157917260392466
0.232760287224573 0.110623520170138 0.0487857474588344 0.0126380222176549 0.0369068678411721 0.127726162751691 0.233519358698333 0.197040033637603
0.115439768602598 0.157612523404798 0.00366225674478247 0.306782120760628 0.103650839450216 0.0232609013707556 0.219005601413655 0.0705859882525667
0.144372319853368 0.227512538693687 0.180969001741431 0.226217491400299 0.0036477739194717 0.0225133898167416 0.113664052984918 0.0811034315900841
0.164106737693489 0.0754158403288052 0.0999450154325238 0.127169300098372 0.119476478351647 0.234871877080415 0.0716110114902782 0.10740373952447
0.211408400433313 0.183907716743821 0.224127910786085 0.0370946277953021 0.10607658342775 0.0413853664785192 0.122098875563275 0.0739005187719349
0.14066174852258 0.12672150042247 0.0967132464417896 0.0980095118281677 0.155849726968476 0.172926481479011 0.0829468621628002 0.126170922174705
0.0683644611735563 0.107994609251484 0.0851269843778438 0.131701008560377 0.157498173136366 0.165177083312737 0.0486060983274418 0.235531581860194
0.177275556761968 0.0931108972489517 0.138974954484822 0.0812588585461765 0.115020116523398 0.163013111501172 0.138423098552449 0.0929234063810636
0.0891159464330776 0.0667359601305315 0.232994797720147 0.0123895731935963 0.119351944823056 0.135064185236357 0.118192777960819 0.226154814502417
0.0736505265653584 0.146431543776546 0.0937225983912945 0.130647871207469 0.108947898763954 0.0203985719222196 0.194282620482421 0.231918368890738
0.0320122733130328 0.150700846254821 0.168430539397752 0.0198694162485364 0.198549351296522 0.0594420619996618 0.188483789510455 0.182511721979219
0.220181337576773 0.093206523468284 0.148167131498727 0.0878825049096581 0.208462521431874 0.03336859937214 0.139115777810615 0.0696156039319285
0.0880746119775694 0.00165899957526454 0.113482086767323 0.258281546493007 0.256271909542999 0.0434353183257245 0.215287793138116 0.0235077341799956
0.334417491925693 0.0231895741668896 0.158274324253989 0.0793621248725996 0.120183203948365 0.0278804893840787 0.087966612021873 0.168726179426512
0.0967595650051231 0.152381291788872 0.151125585814211 0.166504602935016 0.0865937773533547 0.184112061635999 0.0906027481959297 0.0719203672714945
0.188293168517014 0.0804364556940166 0.193645634030992 0.155495938974187 0.0284036388477657 0.1585294223745 0.167737854075434 0.0274578874860905
0.0816151947273586 0.119859862013665 0.172669730065141 0.0158260273537117 0.184397087028636 0.110124546795126 0.216435391973616 0.0990721600427452
0.191080105082434 0.202129909467461 0.0420011137150499 0.201828702717126 0.0531601948809843 0.0233607114342346 0.223605416314643 0.0628338463880665
0.172013608780221 0.0391139789907542 0.0211883861453022 0.14512003807375 0.195262018319365 0.143914498099419 0.0711195577043836 0.212267913886803
0.0322718721355995 0.18477227178524 0.178626012745688 0.190012973541044 0.112659533890285 0.0398974025323414 0.133032241848379 0.128727691521423
0.0150267528118865 0.104899768540654 0.226293205465417 0.257589237230835 0.0991875560524266 0.172594850929759 0.0501803733462133 0.0742282556228082
0.110907175516844 0.149798807038521 0.00308139962804255 0.0434384969944602 0.13023976132739 0.202101788305022 0.195553135091167 0.164879436098554
0.110380091235004 0.0803137099678057 0.041690314253165 0.0750519094993949 0.193043504416976 0.199745894827705 0.15228488011042 0.147489695689529
0.0767780774751057 0.19112828140513 0.19583373859332 0.152238202028391 0.017863574516821 0.16952057892031 0.170255612244296 0.0263819348166268
0.172962415155932 0.0300733356041602 0.160154760335321 0.124675533219841 0.128304178289161 0.0365900083281421 0.201981250217373 0.145258518850069
0.0912567187952768 0.198322475467392 0.0517172160587975 0.168473822675718 0.163011518555609 0.15738804960779 0.0443816775543059 0.12544852128511
0.19252587441039 0.0185138895821736 0.102615850050194 0.139887918270082 0.137876795066861 0.0700870408841393 0.185728771360128 0.152763860376032
0.155473921603039 0.109228381773769 0.121181698573568 0.129522909525454 0.214659014182566 0.106725841488822 0.113487941805592 0.0497202910471887
0.162217218525928 0.0495492363184073 0.236212247949673 0.261532100458947 0.106366379623965 0.018575253617767 0.15700732273591 0.00854024076940345
0.0544828270554639 0.0448975910251113 0.222289057505967 0.18496205029933 0.217732585042269 0.0511618096131866 0.221536105160185 0.00293797429848847
0.250750478894161 0.0249213776635062 0.0719753167033029 0.139129753310859 0.255147212741943 0.0177575494112644 0.158682079332142 0.0816362319428205
0.17031707878321 0.188429120721883 0.138408541203235 0.098295425689147 0.137830143823768 0.0602446274533059 0.00240997394933605 0.204065088376116
0.0174609055355438 0.185833650900395 0.147641224744725 0.0948306778688659 0.19469862079449 0.076427727337732 0.147268699344838 0.13583849347341
0.0887471476995758 0.106372545408551 0.273779795116632 0.237813603105465 0.154814505109625 0.0243012595605723 0.0718651855130035 0.0423059584865762
0.150242310862678 0.15198711596697 0.218416821698956 0.145296724543964 0.175016440722233 0.0682430482954374 0.00967086472141943 0.0811266731883424
0.18199951953565 0.0949594425147083 0.173103646886859 0.228517153328786 0.0551359513268285 0.0857143339247887 0.125876715350072 0.0546932371323071
0.187933274012154 0.144728234548955 0.0854674292891674 0.14009173061792 0.0558332109064255 0.202319779433535 0.0524271673233504 0.131199173868493
0.161682894070532 0.330512411239587 0.0826189936412576 0.181609696478937 0.225793810573483 0.0050640665811179 0.00119439551451256 0.0115237319005726
0.100487975505469 0.170591770124106 0.170957358426331 0.0417081489939659 0.182638077031256 0.072428080070005 0.168249019017865 0.0929395708310027
0.0946537721518608 0.150694884912449 0.200250366811316 0.0473612157694391 0.0445094827357559 0.20356731782833 0.0402164095502271 0.218746550240622
0.167994874869021 0.192969389107975 0.159309805483824 0.0361577136867616 0.19128488443961 0.0203841232108135 0.0284049505227356 0.20349425867926
0.0496403269456332 0.0447030692273409 0.117969224175785 0.258286299811275 0.0955126184189281 0.149070765285939 0.175028880094426 0.109788816040672
0.0999133974055859 0.0792300901883924 0.0303931445060811 0.20226754383088 0.116593474184641 0.0424963949637447 0.219597776786453 0.209508178134221
0.213493056153467 0.14239048476947 0.0367235215565712 0.132263195448203 0.122858334671002 0.0568646819617234 0.20104341507403 0.0943633103655342
0.179320803878872 0.11935762444515 0.139673896857664 0.155715070963026 0.160021327693605 0.133469101260708 0.008676306546815 0.103765868354159
0.0232219745655367 0.106009929727164 0.0102246955434362 0.204831363821616 0.0459753748027892 0.0076853440557087 0.349740168452617 0.252311149031132
0.156113296538816 0.0159059950912409 0.154671613404302 0.0727161145839793 0.104565457853499 0.204293942129846 0.166172508691082 0.125561071707235
0.0941893327744578 0.165198775961755 0.00248699066018961 0.0282653658293696 0.0853221373537773 0.34013066924887 0.209470571146801 0.074936157024779
0.119375078101953 0.109569010303015 0.151199587176266 0.225302876806328 0.195963171692873 0.131800550860444 0.0630912519960972 0.00369847306302376
0.0690675257346628 0.170436073417321 0.183049257835344 0.0851509040740965 0.201343978852032 0.0331390864513123 0.195027421636508 0.0627857519987228
0.0447208128011846 0.234320928099613 0.192839505730203 0.104287020038333 0.103900155698656 0.200977978180834 0.0688740890151563 0.05007951043602
0.118375921967017 0.100372086909704 0.0605490712875457 0.0624661757386479 0.219485405200573 0.132244592497438 0.160772594195226 0.145734152203848
0.091300102644759 0.0888740445245967 0.0307005664477395 0.0459029741770301 0.183797019647887 0.236291616897084 0.183414984280285 0.139718691380619
0.095784725707837 0.18272609763358 0.119904785726403 0.129501707843785 0.0957792370062421 0.189725063089506 0.130642466231142 0.0559359167615052
0.0837411389591676 0.107727633103158 0.139917653074801 0.0446236306145443 0.147900201524925 0.157185232031246 0.266626616509678 0.0522778941824802
0.115749794624728 0.20372730205409 0.0248111495790057 0.223160825456412 0.135632811159074 0.116089884029212 0.115131843947644 0.065696389149834
0.141105077689247 0.0602314388292143 0.139282793187478 0.163329089349377 0.169718452631069 0.148623274329204 0.135533001463307 0.0421768725211033
0.201447475595018 0.205159608383185 0.0640341629283693 0.071492311486698 0.138292634073024 0.0685569896368827 0.101701773417134 0.149315044479689
0.158279869148305 0.095577221074954 0.16081217179784 0.122792770697789 0.139898673481144 0.0630888308926411 0.139450932782473 0.120099530124854
0.0616055338601531 0.00522795770123106 0.0519787237465248 0.170594630181434 0.221293247664125 0.261900461816831 0.220402720692559 0.00699672433714304
0.0458197306280417 0.0422820316748153 0.216708356023607 0.110973341263714 0.150512509740156 0.111300379165651 0.172631205036712 0.149772446467303
0.163722627464692 0.0608191657063305 0.016912273590122 0.188894290837069 0.16145894843084 0.192297611504797 0.137392661521125 0.0785024209450244
0.0547271561983013 0.00141227347502013 0.203005687935383 0.0149807834179079 0.20687172691215 0.210290616689441 0.134412391856231 0.174299363515565
0.194876231570829 0.0673568408339586 0.064280470182371 0.0124827122066135 0.0654588551746888 0.137462735739906 0.22722449834743 0.230857655944203
0.169463017023902 0.242902645666385 0.0383511633282313 0.0322555496350604 0.0799367771438636 0.203175266269868 0.0668570527527139 0.167058528179976
0.0139587260937413 0.0247238206100219 0.257795581279638 0.302054263664164 0.145146560632209 0.0252642778253005 0.0940408200010375 0.137015949893888
0.154615648684427 0.169674320288487 0.142469647079064 0.146060988631987 0.0163974066411082 0.100750001425163 0.147111556394303 0.122920430855459
0.0263858921177324 0.0689078114364775 0.302407648956077 0.138894225445626 0.129843344595018 0.0358355834824193 0.226778911471682 0.0709465824949677
0.233579029313842 0.247704163603711 0.00394290172820179 0.0314556321029145 0.0457033620991321 0.0823332351973725 0.00923573071372531 0.3460459452411
0.0983673845917033 0.225655454638262 0.0588023647874665 0.116898745270133 0.112124897000043 0.1693095405217 0.177438674882777 0.0414029383079147
0.130232217269386 0.134090839495326 0.11986485481592 0.110323482470857 0.0230998024594473 0.190052479449773 0.124791885514333 0.167544438524958
0.117507998438138 0.137690747349584 0.207971779440359 0.0122827375462291 0.0949489991708413 0.0126606885238396 0.332962076052233 0.0839749734787764
0.0771086463052702 0.327385227433023 0.302979891904792 0.0573562105943538 0.0482639877121129 0.00518434396370919 0.0905174007109385 0.0912042913757999
0.0749483581300323 0.0472784367541809 0.236581013520555 0.0305675426935819 0.179699336471442 0.207946581926258 0.170977351545952 0.0520013789579971
0.049704001548707 0.108208169031244 0.221093536740368 0.106788802896998 0.139444133336286 0.0250359627699588 0.148735907268698 0.20098948640774
0.130359129165039 0.115951501438858 0.154018431515516 0.0941377872943346 0.154500009684656 0.137551200333609 0.0820468722783586 0.131435068289629
0.137776672060456 0.179405918652629 0.162670278328459 0.18292892380942 0.0801161056259078 0.0781977041227914 0.0907966609981637 0.0881077364021729
0.139083763952315 0.0022529110734275 0.151001964744767 0.174322810458262 0.171574902470951 0.15270113927944 0.0475735944839176 0.16148891353692
0.221275946332622 0.107488967236818 0.0364240719003137 0.112794160461497 0.216534981574314 0.082601530356112 0.0020428467210897 0.220837495417233
0.109458893593308 0.160108020832994 0.162181267156857 0.019896025160456 0.170313048788381 0.170280306540286 0.169656258037304 0.0381061798904138
0.182623692349353 0.120665097570892 0.128168835897454 0.186349285564428 0.176418924163514 0.131437511402429 0.00724491145456098 0.0670917415973693
0.0801282564333455 0.183768453585051 0.186583221574508 0.0823996972969767 0.0282025018794242 0.201306348725408 0.0600609828309078 0.17755053767438
0.216560024855461 0.103070493522541 0.187442025933878 0.196167197238028 0.0866770505552297 0.0808856297153303 0.0678440450059193 0.0613535331736122
0.00922525774637683 0.134795537235857 0.151162756038275 0.148944308831659 0.19811510374154 0.0016979143296057 0.144431471805981 0.211627650270705
0.0827827584953677 0.230436203167559 0.022822397278154 0.0225412266183104 0.218714367462779 0.0352833030076015 0.215199911709716 0.172219832260512
0.111552691633105 0.0548820484356851 0.201527390711014 0.038588882307447 0.0491710350448915 0.0510546218839698 0.168957294228188 0.3242660357557
0.174868440149835 0.040417708542956 0.0802648548658336 0.0133404608339211 0.240564695893043 0.156651212254609 0.0634689808245162 0.230423646635286
0.210327712746402 0.0606556484280488 0.0875672423490002 0.225028958887505 0.206396728165395 0.0306222031990451 0.16675401811708 0.0126474881075247
0.113714685976066 0.0550215487738763 0.0385962860669969 0.0929897550795398 0.0830816643812839 0.215423574515725 0.0920486300265197 0.309123855179992
0.0520080174269834 0.0850043061659907 0.224044952535292 0.187887503965779 0.206539590540449 0.0466080932269118 0.12124170142616 0.0766658347124338
0.0699793541460303 0.139807899046499 0.137851482220804 0.151882533509609 0.163933689760566 0.186709454660545 0.0751934954637082 0.0746420911922382
0.175664846780999 0.197219132094379 0.144706378537162 0.0469582008040137 0.156057924518133 0.0479693855548942 0.11807912155886 0.113345010151559
0.0629520737916176 0.156173939651287 0.0844145100768419 0.272099941828679 0.00533617902406741 0.0546848185115941 0.31953481059988 0.0448037265160332
0.155052440551215 0.117698292818085 0.0863714056357687 0.119007601333318 0.062796217017809 0.208286252581972 0.196683312058961 0.0541044780028731
0.153540937576698 0.147202067997873 0.199262917469496 0.108890938429689 0.0628442990049695 0.118492082216478 0.0572048967582894 0.152561860546508
0.0709974792813584 0.151914954458751 0.250714394195397 0.01303896032133 0.13751723873556 0.2907823736942 0.0372141284948402 0.0478204708185637
0.145724401871706 0.251175723430539 0.164021753619116 0.112991415977136 0.0293023552798774 0.233919801669657 0.0273127422937998 0.0355518058581684
0.105213689651541 0.0455839012170283 0.171335001939849 0.0616243295698006 0.148092022893191 0.0667506044883649 0.139350979235299 0.262049471004927
0.124672002297357 0.11779224799551 0.13225003236143 0.131801637867314 0.119613045081202 0.117899100883528 0.128868850073989 0.127103083439669
0.118607264093417 0.111113009723089 0.148478377562869 0.0634909174542131 0.17124476261675 0.111328542915818 0.141445028727441 0.134292096906403
0.194114374997071 0.178911121893823 0.104686987282943 0.209081528701895 0.0871465500300325 0.101532241627956 0.0251419185098986 0.0993852769563808
0.102246920988649 0.129656094285599 0.199916782602886 0.143117807072347 0.023423937334615 0.0721963231667427 0.168807760021743 0.160634374527419
0.148476515309673 0.183279385051666 0.0954120767264317 0.125800522974663 0.0834411681069307 0.210339497021553 0.023401701855518 0.129849132953565
0.021283975111107 0.107437051147632 0.0754930443628681 0.0241807669778758 0.0602678584060597 0.237409578380077 0.274415646504616 0.199512079109765
0.0320662559236558 0.058648941241632 0.0417160930171746 0.127391928795011 0.189810270153111 0.210377097277817 0.195535414249463 0.144453999342136
0.139340617440097 0.124324311639888 0.103856418883552 0.137252364155889 0.151690380981609 0.0980673472779167 0.0751878679433106 0.170280691677737
0.142665137093536 0.127239302548776 0.126728385894825 0.022145522009709 0.0937176719076776 0.236106701562102 0.137081630773291 0.114315648210083
0.00687699125260059 0.157764129676665 0.280662230668922 0.103519723083533 0.0607389402757561 0.0865520054442585 0.285668187120945 0.0182177924773196
0.121097364014515 0.162276635028053 0.169882891693913 0.224588043365901 0.0682729179158254 0.00579691045323203 0.0896800275449351 0.158405209983626
0.0637583677165115 0.201675083205014 0.0953562667078504 0.106843189102765 0.16239408307366 0.0759760121295306 0.0486371400051083 0.245359858059561
0.0750311558101956 0.176204715228692 0.236251368683516 0.258194166442489 0.105209768110259 0.0834242040411144 0.053649413103666 0.0120352085800687
0.166588999911579 0.132137585925005 0.0460090263788423 0.0620373620694018 0.062600105310838 0.182218546225179 0.151424067344043 0.196984306835113
0.189513316474396 0.121303923858653 0.24346448169594 0.148793844113126 0.0415761870537808 0.10833176766526 0.128857833992232 0.0181586451466103
0.143631358407999 0.127777791697166 0.0822134901696599 0.113377818014527 0.145990539281534 0.176354992330781 0.129001267433032 0.0816527426653002
0.0240655959768771 0.130029634549479 0.106490431711428 0.276182263454805 0.0892959174071238 0.0646564922219633 0.128492977213652 0.180786687464672
0.194013228356008 0.183827052015852 0.170311372319316 0.0291010227777822 0.0944652756993785 0.0919260692523192 0.09348645673127 0.142869522848074
0.127906422187 0.247292009274728 0.208856402747028 0.23934681287155 0.0473013232556345 0.00224089473985108 0.0119223408307906 0.115133794093418
0.205774274939618 0.10319008506204 0.169483218025038 0.0957737030387513 0.168288542111683 0.0758158214169862 0.136508140474985 0.045166214930899
0.0737056678453287 0.158523669327774 0.145089888151764 0.0310033059986392 0.142561271897975 0.209445828997923 0.217980618398036 0.0216897493825602
0.147217222204205 0.116889061204559 0.11156064166313 0.172700405190912 0.0605169430846067 0.105189797771539 0.135013535735456 0.150912393145592
