0.45939808444629 0.349338627617932 0.0648304697940364 0.126432818141742
0.293900777215979 0.345138129305514 0.219898788602279 0.141062304876228
0.166298143358191 0.643538659627132 0.0324552696831896 0.157707927331487
0.271951304891412 0.0283778005655952 0.249331383786763 0.45033951075623
0.25254526505244 0.423076754351727 0.169578336954584 0.154799643641249
0.282030268509309 0.430579540833611 0.216538554423789 0.0708516362332909
0.112727672729845 0.0555132224438415 0.368786385142419 0.462972719683894
0.199011108343923 0.0631377791869158 0.271718780233898 0.466132332235263
0.319130996530116 0.234140014911216 0.238184979759254 0.208544008799414
0.217544062032001 0.203521185084568 0.165885379248245 0.413049373635185
0.401947389666809 0.345081992952612 0.145310668277458 0.107659949103121
0.141096123136766 0.306392758991089 0.162854232513007 0.389656885359138
0.290025009602772 0.121019860151332 0.215664099058073 0.373291031187823
0.407760969909171 0.195019518655084 0.316500515255356 0.0807189961803892
0.297454039942196 0.00588506152157634 0.381047331091559 0.315613567444668
0.240992497085222 0.355002433317655 0.0945259281869043 0.309479141410219
0.172320975125914 0.384072376997123 0.257226981247827 0.186379666629136
0.14838166922961 0.31192627368713 0.219613916894765 0.320078140188496
0.0378669954331279 0.0192969052525098 0.356208411383025 0.586627687931337
0.249728144056989 0.547292666265461 0.071769261124036 0.131209928553514
0.255603475580724 0.203694898896295 0.291749455704589 0.248952169818392
0.0741952684140702 0.174116868510451 0.404320820765515 0.347367042309964
0.215795588076066 0.0392622850359523 0.58199428603045 0.162947840857531
0.344347627620906 0.325282757148162 0.0812198704624991 0.249149744768433
0.158089104148029 0.31212984068515 0.410645096126518 0.119135959040303
0.292531894448587 0.170979476980036 0.214832243209693 0.321656385361684
0.180922150003254 0.238886306788168 0.229929749647537 0.350261793561041
0.0943349045986937 0.434060550708744 0.283038859318406 0.188565685374156
0.313385125223137 0.20282067821575 0.238950105847249 0.244844090713864
0.0404641447821619 0.520330948630594 0.268058176449198 0.171146730138046
0.48066442017116 0.282187188064196 0.0806682948905432 0.156480096874101
0.0633290943083008 0.541784325678539 0.258882729924879 0.136003850088282
0.334833303622086 0.603204925746425 0.00826828719652807 0.0536934834349607
0.25668771258089 0.262846803970776 0.136732330955819 0.343733152492515
0.361303134823781 0.368324986164549 0.0253538716373061 0.245018007374363
0.361146280918731 0.345608509355882 0.245868746093675 0.0473764636317121
0.39917967894863 0.113471891788706 0.0827208671058927 0.404627562156771
0.303681057123653 0.0930815585783842 0.176902513420281 0.426334870877681
0.223551145165213 0.381362836124379 0.330666182830304 0.0644198358801043
0.175545075139661 0.284780236232607 0.327266797969907 0.212407890657825
0.485271022161927 0.039699611602036 0.424190293427718 0.0508390728083192
0.432155676189516 0.00050500178993807 0.285017136936575 0.282322185083971
0.337724006153997 0.107426755130775 0.223293110608555 0.331556128106673
0.255024557009979 0.327907819075951 0.179384329845553 0.237683294068517
0.00718198020947327 0.335748429399288 0.335568130872793 0.321501459518446
0.341075432580266 0.102305982744299 0.205156147956442 0.351462436718993
0.241701941972302 0.357447901064346 0.398599601420435 0.00225055554291741
0.2591177510079 0.279119603069163 0.261917217292331 0.199845428630607
0.355398492838556 0.024798260395992 0.381907986608336 0.237895260157116
0.757816986107552 0.123590329368717 0.00555973362279106 0.11303295090094
0.0349231126760756 0.0728296459027365 0.302737626459134 0.589509614962054
0.0995682504289656 0.028105109369619 0.375915861791625 0.49641077840979
0.378133592903578 0.0847758630689688 0.406014971820455 0.131075572206999
0.133260745633957 0.158912864179762 0.282516849530373 0.425309540655908
0.244479446762993 0.439277419394484 0.104343238794405 0.211899895048117
0.318146451719302 0.296354140215372 0.102593690596917 0.282905717468409
0.247644277302103 0.374078682033798 0.375363621659274 0.00291341900482496
0.122713372078256 0.318305623633977 0.157489969644855 0.401491034642912
0.391374800654408 0.042892754136375 0.539444799348417 0.0262876458607994
0.383391098492304 0.0531142886809592 0.16357554686417 0.399919065962567
0.330875261754611 0.0899273531608941 0.391184292540174 0.188013092544321
0.0530663201166481 0.126221825941168 0.408251629348305 0.412460224593879
0.495502331404116 0.183637250789567 0.0797632240954146 0.241097193710903
0.174548597496598 0.25564775088905 0.326771789846316 0.243031861768036
0.122013867425024 0.286634791691524 0.493304825860995 0.0980465150224578
0.234724475901255 0.339583535233331 0.236835811799078 0.188856177066336
0.279776508942802 0.2404782317948 0.23326413908567 0.246481120176728
0.279388235779417 0.217836318216821 0.409491617458324 0.0932838285454379
0.177674933291014 0.46150313715571 0.0938571333500068 0.266964796203269
0.221993070309837 0.26869360142229 0.192651341143819 0.316661987124054
0.433518840226553 0.144752801954095 0.200167694863199 0.221560662956153
0.243535596050943 0.189958838907207 0.531274316743499 0.0352312482983507
0.394368214996231 0.248048358394724 0.0519115964223675 0.305671830186678
0.0527978430782489 0.475307543261338 0.0981202823730295 0.373774331287384
0.267429411867741 0.2765914178825 0.176322258705186 0.279656911544572
0.194878824772611 0.0722249151465142 0.551610408846359 0.181285851234516
0.371656728798702 0.186347457926103 0.132018643086729 0.309977170188467
0.356638218865723 0.210963227925187 0.309574058013669 0.122824495195421
0.224181381894744 0.144064169912455 0.339076884849511 0.29267756334329
0.619221677232078 0.13397674342845 0.164853689752215 0.0819478895872568
0.265206734240513 0.195307675277449 0.323197865926177 0.216287724555861
0.366496797469131 0.217796436889556 0.0563780490740476 0.359328716567265
0.212523645398447 0.446979482857948 0.311539726668065 0.0289571450755407
0.0971792537552848 0.455353226051162 0.19852169744798 0.248945822745573
0.217884819310161 0.205034646022916 0.317163577488704 0.259916957178219
0.407070640828981 0.193164193088538 0.0364076230296664 0.363357543052815
0.0747556548692773 0.0203002750413038 0.523229781264684 0.381714288824735
0.451624762378921 0.215854514617594 0.134991605861022 0.197529117142464
0.284571870282036 0.0525398027228288 0.434774811228837 0.228113515766298
0.0972250689746156 0.0291974093547013 0.0231327662098016 0.850444755460881
0.121822317402124 0.397400864983393 0.178705584937233 0.302071232677251
0.109295944694631 0.290664258445062 0.300369514348263 0.299670282512044
0.103530128134845 0.233195916284256 0.325838232837468 0.337435722743431
0.121823284450961 0.328603968854405 0.201531182516312 0.348041564178321
0.221489367949633 0.314779211837016 0.178239303102044 0.285492117111307
0.320304180376432 0.32740692180091 0.187316255331979 0.164972642490679
0.254389092632998 0.265378712128822 0.229667752702459 0.250564442535721
0.267578015464185 0.0982245660090785 0.549143634715015 0.0850537838117214
0.302397356662444 0.338991842702912 0.249313212522966 0.109297588111679
0.0752184574287359 0.235525907218436 0.63138419791907 0.0578714374337588
0.159256504058997 0.376182479033413 0.387870286454619 0.0766907304529706
0.00106160912532473 0.248689866668954 0.174932951702752 0.57531557250297
0.21189213315297 0.129102302856832 0.644580928502289 0.0144246354879091
0.244206686575794 0.259312360180345 0.0671780908218422 0.429302862422019
0.287629735479423 0.28840907415483 0.284967293971071 0.138993896394675
0.132640984329121 0.400130625566285 0.383948142768915 0.0832802473356789
0.204993535901882 0.384089334795283 0.242436438133106 0.168480691169728
0.160823480056642 0.0433775343317827 0.279404690653889 0.516394294957686
0.380605259399743 0.0497806843824137 0.240886379726967 0.328727676490876
0.446356674480589 0.452769900070281 0.0631479941476518 0.0377254313014786
0.540694012141082 0.339206535313328 0.102276272876848 0.017823179668742
0.0805997375388585 0.507774789404422 0.0710477771644356 0.340577695892284
0.176734923785243 0.38838438353331 0.100196137742332 0.334684554939115
0.282998354466346 0.391781094372859 0.0622429763401951 0.262977574820599
0.187834275973896 0.333562297352795 0.319826834064126 0.158776592609183
0.403659634136208 0.54188432149093 0.025593539365819 0.0288625050070433
0.121353890939292 0.287073448197865 0.293323754990901 0.298248905871942
0.0512243823568457 0.21518920429605 0.381796652175226 0.351789761171878
0.00200349097904474 0.358747883091047 0.358511333769308 0.2807372921606
0.355061301861067 0.270644342572025 0.130861974855818 0.24343238071109
0.341470360906361 0.502628568295686 0.144080463722792 0.0118206070751617
0.46063437872753 0.24175842531844 0.030491298612093 0.267115897341938
0.349246295339082 0.251091726285679 0.19256408561742 0.207097892757819
0.31210682387886 0.227126805062051 0.194099888788094 0.266666482270994
0.505241237004831 0.305931076449502 0.140254114116921 0.0485735724287469
0.0762382766485636 0.0668901384787558 0.546234658729265 0.310636926143416
0.414837779615914 0.233467838230408 0.206733916751184 0.144960465402494
0.121672545684939 0.441581237691921 0.393648465629771 0.0430977509933679
0.277034105858142 0.0113375652510094 0.327762764182538 0.383865564708311
0.314828123704273 0.13478947169506 0.215425393310722 0.334957011289946
0.0185049765486461 0.0434711588172059 0.50360130421144 0.434422560422708
0.207450966666977 0.349364992008348 0.183494176885168 0.259689864439507
0.0762197197891854 0.338813682334041 0.346743582180378 0.238223015696396
0.482850872380395 0.0217141579543666 0.302054012859234 0.193380956806004
0.513315839801711 0.0320140993969363 0.24647987717411 0.208190183627243
0.274981308651166 0.315793343938892 0.121740122580138 0.287485224829804
0.354229239394585 0.382534491750553 0.150001491643788 0.113234777211074
0.159671151290461 0.065786902110088 0.745853481248611 0.0286884653508392
0.382172373901481 0.0998106708928847 0.36874492184309 0.149272033362544
0.237218621977734 0.20769294329213 0.213163281533244 0.341925153196892
0.352706883632419 0.360624214723295 0.128440245869572 0.158228655774714
0.330303085287506 0.100990970033615 0.352764240519886 0.215941704158993
0.2439370092069 0.200464803575925 0.429466694838251 0.126131492378924
0.374587543391778 0.0766936297054851 0.0574910279466174 0.491227798956119
0.430989321603654 0.167101319570452 0.106733223458158 0.295176135367735
0.351783841811894 0.238993311326927 0.216593555716112 0.192629291145067
0.2991773408578 0.0524981600987589 0.230415433118556 0.417909065924885
0.100565922930215 0.188798671377233 0.38679795623308 0.323837449459472
0.232296741116254 0.442455544788138 0.0835034366939994 0.241744277401609
0.126095254686761 0.00962226968335925 0.506315261843133 0.357967213786746
0.191154947471177 0.0770893129146368 0.339516723725047 0.392239015889139
0.156785687654556 0.378630031091413 0.226330043256883 0.238254237997148
0.31504667156509 0.258339406896352 0.0954587242367529 0.331155197301805
0.288644249278152 0.2699713938727 0.18819958547784 0.253184771371308
0.240237515470713 0.277018212256571 0.186965359350935 0.295778912921781
0.124486974538185 2.0968833811896e-05 0.394791797453396 0.480700259174607
0.114924505626543 0.222147241410531 0.254818680425167 0.408109572537759
0.264140913960228 0.498404503853314 0.0393083011029153 0.198146281083543
0.310285070999735 0.131426878276139 0.332954395749269 0.225333654974858
0.315254698086333 0.261656931930017 0.253281435412903 0.169806934570748
0.0451893880754875 0.364156154132754 0.166766247462272 0.423888210329487
0.411918451054941 0.0846186083828818 0.127045683891707 0.376417256670471
0.36173599213065 0.117103695591874 0.0843484542776503 0.436811857999826
0.206187340705285 0.152538984683536 0.310535190699093 0.330738483912086
0.355258818137817 0.275752285744051 0.35411133276326 0.0148775633548727
0.119924053909949 0.110021430695196 0.502583654551444 0.26747086084341
0.236260252501248 0.336799090827167 0.26794037160741 0.159000285064174
0.505385371295938 0.362722428709073 0.116981110378408 0.0149110896165813
0.19984426574137 0.233590557979911 0.113580854474979 0.45298432180374
0.147759149535108 0.18143010135658 0.147691852139346 0.523118896968967
0.244070788386169 0.193223785484995 0.473359460836373 0.0893459652924628
0.203754973385619 0.314683725781652 0.462976894052218 0.0185844067805115
0.228878322300022 0.207734446219855 0.343102541468022 0.220284690012101
0.176859022028366 0.425549502636182 0.34200311673893 0.0555883585965221
0.228548474622042 0.51644546348012 0.00113077637355786 0.25387528552428
0.191079921619441 0.114606967792929 0.259411260919814 0.434901849667816
0.695587400759819 0.00595013950502511 0.0292645477089651 0.269197912026191
0.259355432203606 0.302240556993996 0.198512892751118 0.23989111805128
0.021767646477803 0.340331048714169 0.294191463644113 0.343709841163915
0.340696915135715 0.185994483208336 0.089234447537783 0.384074154118167
0.302545363546758 0.113298771588131 0.30363182012266 0.280524044742452
0.262767540935117 0.275410540300854 0.384826875770657 0.0769950429933714
0.274979288312458 0.325420251832745 0.294363288820401 0.105237171034395
0.00614852126874976 0.136969836976883 0.734373534721761 0.122508107032607
0.437158750371806 0.397535455990083 0.0523108433156366 0.112994950322474
0.348562272978464 0.306905150613498 0.0229743166884162 0.321558259719621
0.352664388956861 0.366258567824294 0.277668186990622 0.00340885622822296
0.431068954835744 0.393479628823595 0.097965159904684 0.077486256435977
0.304953795797296 0.0945669477378515 0.55761595112413 0.0428633053407224
0.30220641737503 0.314514171183378 0.35003124514378 0.0332481662978118
0.163766347716583 0.366872818545892 0.20754884909105 0.261811984646476
0.657774049964768 0.119694470040342 0.096961692414193 0.125569787580696
0.314142833744146 0.389813739273893 0.20931229544969 0.0867311315322715
0.132123964271291 0.235752022264767 0.26525054314982 0.366873470314123
0.185455462344258 0.065922331515064 0.462424008426567 0.286198197714111
0.195428285158528 0.268314608430031 0.114395020790976 0.421862085620465
0.264262573136085 0.238239189319649 0.247699646107861 0.249798591436405
0.202066541296394 0.354769970837078 0.114991404128598 0.328172083737931
0.427459277036414 0.322080110291007 0.180673448570711 0.0697871641018677
0.0912907068554323 0.43484774519702 0.411165816209407 0.0626957317381408
0.461885851988313 0.0226216087545764 0.460124959948496 0.0553675793086143
0.158600971417811 0.294892042163081 0.150018359235446 0.396488627183662
0.393121807918436 0.355752831608863 0.187475390840399 0.0636499696323022
0.372995519316534 0.303950541646931 0.183564519890845 0.13948941914569
0.274398024773509 0.272236408773177 0.0118827712663767 0.441482795186937
0.383837888509149 0.201097328535995 0.292118563907395 0.12294621904746
0.309561238824978 0.210489429705514 0.11408310709922 0.365866224370288
0.181927591884016 0.516789890715094 0.256118958485963 0.0451635589149271
0.420074965649811 0.016129281429005 0.104173562208265 0.459622190712919
0.503694886904382 0.416688000046348 0.0144471597065364 0.0651699533427339
0.0963099393690665 0.408336265513651 0.0728375492785431 0.422516245838739
0.16596896508899 0.291778124124262 0.00629450555086961 0.535958405235878
0.0465404197512688 0.380323304944749 0.458482202538195 0.114654072765788
0.350567975447413 0.31707465955362 0.114418868307531 0.217938496691436
0.0145788518792384 0.442279238930576 0.130809763289084 0.412332145901101
0.251199929780301 0.254100645310653 0.251437062100878 0.243262362808167
0.261421362801731 0.264165781695655 0.202472404955874 0.271940450546739
0.363996915191276 0.307562911524882 0.030581247545629 0.297858925738212
0.0577792560012571 0.375495803238399 0.26672096339808 0.300003977362264
0.470757544235842 0.518443572231214 0.00520428608032829 0.00559459745261536
0.238210551298767 0.155688812870548 0.304185488226568 0.301915147604117
0.333243281820445 0.308017051006253 0.155804807975447 0.202934859197855
0.5849590611276 0.0768393693369749 0.2165012073073 0.121700362228124
0.0546923761949318 0.0111279710433521 0.497575648449997 0.436604004311719
0.171265078922596 0.378594928193943 0.25454901533962 0.195590977543841
0.311680599491082 0.0897717465498933 0.329889498998711 0.268658154960313
0.211592041759438 0.52238768606725 0.11836098140804 0.147659290765272
0.371647418934723 0.149726905013137 0.362130570611526 0.116495105440614
0.285740932746337 0.209528193416105 0.201257643055224 0.303473230782335
0.326937173958035 0.251045671677048 0.0408648349633454 0.381152319401572
0.272794242470488 0.356164301070327 0.237010904182621 0.134030552276564
0.361532312408976 0.328217933352047 0.199382644054562 0.110867110184415
0.289713999424444 0.350434474385608 0.295108259123076 0.0647432670668724
0.253937782491395 0.243206546393867 0.387830425083265 0.115025246031472
0.478801876623367 0.197101547923053 0.207724779892106 0.116371795561473
0.378266870358659 0.0999980283769075 0.19948349810271 0.322251603161723
0.297285462921196 0.188660572712399 0.226226093512698 0.287827870853707
0.394352003046388 0.0136910264963424 0.433658409856956 0.158298560600314
0.368240297507338 0.312413981031658 0.149350085504173 0.16999563595683
0.177705754711786 0.281548654576192 0.49406548785569 0.0466801028563326
0.0034517607633986 0.371921121968412 0.273867540424659 0.350759576843531
0.302707839190712 0.282771761317697 0.182137488344151 0.23238291114744
0.0475543704611363 0.330085290506059 0.430589179369598 0.191771159663207
0.168412056557714 0.136605310875217 0.59043935627017 0.104543276296899
0.284676047403957 0.545423567944518 0.100267964577078 0.0696324200744466
0.63614905907495 0.254207046594296 0.0385000632965103 0.071143831034244
0.302799647395244 0.134383886041766 0.239083857075798 0.323732609487191
0.0940748744874061 0.147429531323571 0.309624823157616 0.448870771031406
0.0933002322736327 0.746678591194364 0.0560351270931213 0.103986049438882
0.445675460555034 0.0927269327154711 0.317314543189499 0.144283063539996
0.236242312733695 0.230019862687711 0.26313045170742 0.270607372871173
0.184110096461253 0.22734007356129 0.317457655592635 0.271092174384822
0.319241282878717 0.0606374930794733 0.362549976810241 0.257571247231568
0.0853346661673951 0.330203727815672 0.250305902059802 0.334155703957131
0.318063845871979 0.199137605778471 0.0527978594858323 0.430000688863718
0.264304242414462 0.19962958001175 0.275572194615901 0.260493982957887
0.309022213878384 0.105138125378077 0.280336046184358 0.305503614559181
0.138345828153898 0.142145325011366 0.439520713699474 0.279988133135263
0.0984582071199692 0.534281500775541 0.0129118085053371 0.354348483599152
0.239745859146183 0.227565184770251 0.0164106790644092 0.516278277019157
0.100652799610136 0.619358156997058 0.0308615056857911 0.249127537707014
0.149737181056085 0.390240606931214 0.20260116142103 0.25742105059167
0.229639048141043 0.0995397591945599 0.291291058013299 0.379530134651098
0.115710115439726 0.376505416863307 0.498138505011592 0.00964596268537435
0.335346421174815 0.0880191771819379 0.205130696985505 0.371503704657742
0.351010135044465 0.201961527193135 0.290558217157955 0.156470120604444
0.096871923005939 0.454230918756862 0.395993843597479 0.0529033146397209
0.236146309939558 0.194999701040572 0.370675010273669 0.1981789787462
0.0400550252650819 0.447200185679306 0.483785065680964 0.0289597233746481
0.062925821025962 0.402288718104941 0.28198350253609 0.252801958333007
0.266444577332034 0.233253391754193 0.225681590579394 0.274620440334379
0.243511199614836 0.213340995582738 0.417965799430154 0.125182005372273
0.119560937051692 0.440909700941429 0.163909723191018 0.275619638815862
0.414622706668488 0.285133012208652 0.121729402307791 0.17851487881507
0.135520381694716 0.262658173744195 0.309099436916582 0.292722007644508
0.321833439098784 0.191988025473791 0.184620128321953 0.301558407105472
0.0764676019415081 0.535403373897639 0.0385497929995849 0.349579231161268
0.390361078372178 0.139381119741103 0.176858312461063 0.293399489425657
0.318408751804218 0.207388236788911 0.129849250142014 0.344353761264857
0.42091968906204 0.494562550727731 0.0598935801201312 0.0246241800900974
0.010116622341402 0.126022357003317 0.104032333762261 0.75982868689302
0.236851599685959 0.361322954879568 0.0980169543643737 0.303808491070099
0.0981549017545216 0.486996107279725 0.386288671327118 0.0285603196386362
0.0536254725746452 0.308262365333785 0.158907379621763 0.479204782469807
0.386365727446123 0.450044452281759 0.0434209917527529 0.120168828519366
0.543213136305988 0.116052662620103 0.00991494085587778 0.330819260218032
0.55767756756191 0.122594184847043 0.116959764895498 0.202768482695549
0.298259750817134 0.228852982570445 0.188557391843766 0.284329874768655
0.332216820798852 0.248965228262656 0.165206936320766 0.253611014617726
0.210483699233027 0.236526448252755 0.140286898204899 0.41270295430932
0.309038385208778 0.292374422737026 0.159335123847035 0.239252068207161
0.0593900097611436 0.134002685136902 0.397656941416997 0.408950363684957
0.226377223645723 0.177086292701735 0.391734796378272 0.20480168727427
0.415499748759428 0.0755144895521362 0.186686756445863 0.322299005242573
0.332176850293335 0.152945424972547 0.274772244617456 0.240105480116661
0.265612001175608 0.157039048781424 0.390735189976599 0.18661376006637
0.246098155679715 0.257089997377649 0.292974984903102 0.203836862039533
0.254780625683605 0.26305501310241 0.255635244393478 0.226529116820507
0.251612209916036 0.36578622769818 0.0709233646392296 0.311678197746554
0.206546316879549 0.261064025713977 0.319153735130351 0.213235922276123
0.287102165012214 0.270365911779252 0.394831381056708 0.047700542151827
0.162388580628355 0.255931599205604 0.465147645032293 0.116532175133749
0.125333450915917 0.249826989521626 0.538425054886078 0.0864145046763796
0.197442138727698 0.0766581277461029 0.284850548946408 0.441049184579791
0.25465467039944 0.121168286588738 0.158026331291244 0.466150711720578
0.0696112836716749 0.429709228536682 0.125261393651815 0.375418094139828
0.198040425655632 0.314306121044298 0.430742593945454 0.0569108593546153
0.0258759213549583 0.213221783532009 0.354518140085451 0.406384155027581
0.306933847594162 0.408413434424006 0.266897333241467 0.0177553847403652
0.344175457571906 0.216364810051914 0.0257992270104684 0.413660505365711
0.149092163843349 0.250549033971373 0.579063407069385 0.0212953951158929
0.0168224512001433 0.451958182321394 0.31129530882161 0.219924057656853
0.299266308592221 0.0671107192111313 0.0850668959136941 0.548556076282953
0.0434779598935526 0.48060096856249 0.307237364225681 0.168683707318276
0.279985289333485 0.108885835939912 0.468432092311912 0.142696782414691
0.278682256546195 0.328968736840603 0.128591771477018 0.263757235136184
0.25615517446529 0.0875817697271658 0.106184081159949 0.550078974647595
0.142607558744343 0.149315194709815 0.470203142993446 0.237874103552396
0.00883168849086791 0.384380300962108 0.137192068297653 0.469595942249371
0.341317399527246 0.232832037329469 0.282476806922223 0.143373756221061
0.328383694216515 0.0975902712855314 0.0506974240078765 0.523328610490077
0.351566963539972 0.153723374856421 0.131766983287339 0.362942678316268
0.298852758143343 0.200097254207022 0.345658951987302 0.155391035662334
0.280328153679953 0.012258546680231 0.243780575519341 0.463632724120475
0.30521310402666 0.567611162485653 0.0123844266127949 0.114791306874892
0.71510605476039 0.0702346856709572 0.00344018586100439 0.211219073707649
0.287976169787439 0.389481116511167 0.248952512833329 0.0735902008680651
0.315241205481968 0.242952959057842 0.186325854035532 0.255479981424658
0.229917197277027 0.370341818934333 0.171345505535018 0.228395478253622
0.292326802255418 0.0794571232726843 0.412661314353837 0.215554760118061
0.638012492332562 0.299904171011521 0.055408882542676 0.00667445411324084
0.361059333250308 0.160137025771081 0.278081484407033 0.200722156571578
0.272636896735596 0.233771465373476 0.232106357365036 0.261485280525892
0.300968773139503 0.150124464517299 0.218430959034404 0.330475803308793
0.0331571800319954 0.287155881712401 0.118441436878257 0.561245501377347
0.124056158752407 0.152988101773343 0.380481086751852 0.342474652722399
0.443596768462943 0.19562730041665 0.220386144630323 0.140389786490084
0.267448971264185 0.0963349304463673 0.196008683007395 0.440207415282053
0.251583728928388 0.144469069693121 0.303743361744121 0.30020383963437
0.149481022892785 0.192741686235486 0.325988025761975 0.331789265109754
0.184063949305021 0.254513974393564 0.157193576468355 0.404228499833061
0.447071725630229 0.16796450822569 0.214890972172666 0.170072793971415
0.42237702966508 0.361550323298152 0.0191785709397432 0.196894076097025
0.182147490719605 0.0720064277203027 0.440528885790742 0.305317195769351
0.0363097810897615 0.303537907005941 0.401293395418746 0.258858916485551
0.115814229819746 0.452695081544017 0.285622961644313 0.145867726991923
0.41695985823015 0.0977829128581749 0.0979024891880112 0.387354739723664
0.25596762562676 0.40965880602204 0.00699560297755878 0.327377965373641
0.158879604639265 0.286553809348197 0.264103557689885 0.290463028322652
0.0822094878933528 0.34267006942557 0.208256628347602 0.366863814333475
0.133498640321917 0.382289595296745 0.124846508513292 0.359365255868046
0.211763401369298 0.446668876592191 0.210457453350719 0.131110268687792
0.368562293775224 0.177373340905592 0.0490536174044677 0.405010747914716
0.191980107035102 0.111736159599793 0.499097999609166 0.197185733755939
0.286570711897926 0.200286670106857 0.194294304902773 0.318848313092444
0.339378594540306 0.419978243031101 0.00872586084850345 0.231917301580089
0.204354059472867 0.0669370877161023 0.501854092610985 0.226854760200046
0.210367108737308 0.0582683706507891 0.456096670896823 0.27526784971508
0.233646908879951 0.301936940087272 0.179604744483107 0.28481140654967
0.222763528572933 0.236873994204261 0.0328904885937624 0.507471988629044
0.215068832154929 0.263305329821248 0.316577092471518 0.205048745552305
0.399721910977313 0.163682036783832 0.135805379699133 0.300790672539723
0.0271618468043268 0.261802312918699 0.458584674061348 0.252451166215626
0.394284427553362 0.0619184271407332 0.111134152290996 0.432662993014908
0.292012042625659 0.453685495075489 0.242721939640427 0.0115805226584246
0.280201802884469 0.074414103750221 0.324325183060565 0.321058910304745
0.181813189289917 0.0750202805220497 0.460412509667233 0.2827540205208
0.180680468962393 0.330784487468656 0.388738669930248 0.0997963736387036
0.337036774548568 0.588335219989278 0.0358417151384681 0.038786290323686
0.226911036016269 0.227652625864933 0.303580982042045 0.241855356076753
0.290810521525816 0.104890083937082 0.30441549403243 0.299883900504673
0.313335285474066 0.206739491976808 0.247848088677653 0.232077133871473
0.177953873095799 0.165587385545547 0.300009598252647 0.356449143106008
0.082667156154336 0.0973975110872071 0.163794827832498 0.656140504925959
0.428757473056809 0.0672059586359916 0.218633156809224 0.285403411497975
0.235241283523338 0.32389652682865 0.12911801646929 0.311744173178722
0.214304137388505 0.402690043942351 0.031553985158553 0.351451833510592
0.509393546266644 0.323409250999435 0.0992335586251316 0.0679636441087887
0.0302996814686082 0.413174445315734 0.423045007559916 0.133480865655742
0.26562192962714 0.339933234870308 0.00033211130822016 0.394112724194332
0.010619152715926 0.0374172759811182 0.517108562804166 0.43485500849879
0.433887716904747 0.391521452819748 0.024622684043852 0.149968146231653
0.386960925239568 0.226331605789444 0.0596820782312846 0.327025390739704
0.0860955615397579 0.33212668143326 0.29022609137417 0.291551665652811
0.111862089039004 0.370796946486891 0.336927399856035 0.18041356461807
0.183581295831639 0.324467293148955 0.152458649477929 0.339492761541477
0.318863750680311 0.329040951975749 0.0370047101581532 0.315090587185787
0.225103676549692 0.235023593051235 0.223688752008005 0.316183978391068
0.169985649631604 0.376963466297152 0.342400556864835 0.11065032720641
0.279644921162624 0.303148257444295 0.141643521789885 0.275563299603196
0.465711483809212 0.384152560609826 0.0353243057397473 0.114811649841215
0.418932494413293 0.354586239820436 0.139880955743757 0.0866003100225138
0.261533915628376 0.0885169959112901 0.351543296737601 0.298405791722733
0.395022272253357 0.480042300894367 0.0588848668090177 0.0660505600432584
0.06541399176094 0.350914853012448 0.22997053536053 0.353700619866083
0.169510192317441 0.276941625037628 0.294877523982642 0.258670658662289
0.171076016595566 0.35974672911379 0.38525672206869 0.0839205322219542
0.330176251161141 0.319057263962592 0.0347498454251269 0.316016639451141
0.432650081345851 0.162530620379254 0.173799795858341 0.231019502416555
0.171962729285114 0.649261042556143 0.0379703475528608 0.140805880605882
0.100039439818164 0.327316045401454 0.3013666803158 0.271277834464582
0.402478696464371 0.259098098293036 0.07458557390554 0.263837631337053
0.334800873123614 0.0772913677107834 0.00519000491707523 0.582717754248528
0.25683704248124 0.109199435663102 0.5473182002254 0.0866453216302585
0.203663353458201 0.434329543631094 0.299496826533548 0.0625102763771573
0.345088439544129 0.310902226603174 0.2357166139044 0.108292719948297
0.268034034800135 0.254482854956987 0.188659687160876 0.288823423082001
0.268847632902012 0.0515172895433413 0.0857424574292727 0.593892620125374
0.448403300102043 0.0773402432583357 0.0437076225348186 0.430548834104803
0.276569974194174 0.132254802425706 0.250800811843043 0.340374411537077
0.172462610598919 0.132521823991986 0.351897430024288 0.343118135384807
0.344812647775224 0.307027799827034 0.0695754348369262 0.278584117560816
0.228475181793624 0.367231984564421 0.0572250377334015 0.347067795908553
0.350896820954215 0.0260599602029939 0.359257471901624 0.263785746941167
0.198406617981613 0.371340746153029 0.19711622798436 0.233136407880997
0.17224429449442 0.343311859562066 0.0942107108569862 0.390233135086527
0.0439388117856384 0.256766033816455 0.556152457334396 0.14314269706351
0.0739998248196386 0.452741155033506 0.287265935845577 0.185993084301278
0.314169309560228 0.195313475311218 0.314180828826923 0.176336386301631
0.352912245657666 0.468077374522379 0.145111170439347 0.0338992093806071
0.330673658001336 0.136913481656904 0.372085561528115 0.160327298813645
0.0440980375070327 0.307634933318902 0.455977648498177 0.192289380675888
0.258568129623467 0.275861624126999 0.234988382354074 0.230581863895459
0.759713100500555 0.106202258447774 0.11115598714468 0.022928653906991
0.310186472765304 0.203423240994013 0.12511463155996 0.361275654680722
0.611279414765004 0.0191930429221701 0.0506324504715505 0.318895091841275
0.213127337902765 0.168080837961496 0.361791093795615 0.257000730340125
0.122807431833827 0.175931836291714 0.517390156544368 0.183870575330092
0.318069382974292 0.548773907626261 0.130325224321972 0.00283148507747623
0.470341047901462 0.306406786029585 0.130995975751145 0.092256190317808
0.263229215977927 0.138388564839514 0.228031552386921 0.370350666795638
0.113209319838872 0.241579652699458 0.259475548559816 0.385735478901854
0.294334688624255 0.333200760265143 0.132143837324251 0.24032071378635
0.236035076213684 0.261118901507622 0.170382839210476 0.332463183068218
0.381177519962448 0.00269746559253568 0.415968931023908 0.200156083421109
0.37644221923035 0.228586305490867 0.22460921552752 0.170362259751264
0.206502193918183 0.125578864970881 0.359176552420471 0.308742388690465
0.567509910975959 0.0642772146961104 0.231921370865499 0.136291503462432
0.410164989456906 0.058152567748293 0.482169594791708 0.0495128480030935
0.170094730268614 0.326014834803513 0.352328751458073 0.151561683469799
0.130290507100888 0.375935640809481 0.393201441399302 0.100572410690329
0.068285323709523 0.305557014998852 0.308743225918826 0.317414435372799
0.328797021278231 0.316534065552086 0.0281852485182087 0.326483664651475
0.174132889916004 0.476954290360094 0.335495516825024 0.0134173028988778
0.274983499240836 0.229282394486453 0.20545041580876 0.290283690463951
0.323791940689877 0.308010182337459 0.32354650756024 0.0446513694124237
0.419134094011387 0.314772605341334 0.0169191730566014 0.249174127590677
0.384291246028588 0.329914207858235 0.108032171929661 0.177762374183516
0.352394027187095 0.162962015607412 0.346781824807752 0.137862132397741
0.0821047098475745 0.56090778533514 0.0099894648654987 0.346998039951787
0.0850216847299569 0.396208693348459 0.431820122154583 0.0869494997670006
0.0403036614088241 0.412971639169743 0.235775502996065 0.310949196425368
0.374818754861995 0.0331533804240505 0.357238471027719 0.234789393686236
0.376353210496187 0.0721834866117649 0.271862297118434 0.279601005773614
0.541090304369399 0.107482685485425 0.22144083573777 0.129986174407405
0.291485650381201 0.0612725837659608 0.264990032562845 0.382251733289993
0.311783571961758 0.0279351221341403 0.549949864481875 0.110331441422226
0.155397178937969 0.293389853714666 0.320979126810487 0.230233840536877
0.118536715105078 0.250106044548636 0.404880122960287 0.226477117385999
0.211829230720177 0.285222779426962 0.162503700102337 0.340444289750523
0.395772277247872 0.174855196187903 0.221088120218359 0.208284406345866
0.12656567174447 0.122466705029134 0.741413990990579 0.00955363223581736
0.171393587648561 0.245353148589947 0.208821218475353 0.374432045286139
0.261999757312255 0.325519447002306 0.207917217306913 0.204563578378527
0.331517021230364 0.291946575768174 0.219936054778187 0.156600348223275
0.320905433292467 0.42094099432004 0.0995784187152527 0.15857515367224
0.378378191889413 0.0710710419799553 0.412316378853168 0.138234387277464
0.548233630940163 0.0465152476429467 0.170206304617631 0.23504481679926
0.17836235054301 0.16734162633419 0.182029635888231 0.472266387234569
0.364103736898873 0.191188680406221 0.372676681585545 0.0720309011093611
0.244053607842757 0.0350988649392527 0.499373886970875 0.221473640247116
0.328175222313736 0.231018509832797 0.345082598497072 0.0957236693563946
0.147254152986836 0.224411274669252 0.360586697829073 0.267747874514839
0.361731085148672 0.390861357981962 0.155428294709079 0.0919792621602879
0.325328656892172 0.370575747962081 0.0519082806124025 0.252187314533345
0.249480596626764 0.207729512618098 0.0474422014043817 0.495347689350756
0.397895063306002 0.103949367142403 0.300529599146504 0.197625970405091
0.332572983759792 0.196359913541367 0.126018553329598 0.345048549369244
0.313240059415375 0.0754582451697756 0.288297052661844 0.323004642753006
0.177012395571402 0.0939243119747701 0.376801496085293 0.352261796368535
0.330560728841714 0.079084895921895 0.25125606879101 0.339098306445381
0.128819524702636 0.163522873665729 0.225710779516966 0.481946822114669
0.0641809489392156 0.0786948955883 0.332814025454957 0.524310130017527
0.239670713008841 0.264721043242421 0.233439676337762 0.262168567410976
0.201131269796906 0.346878553491232 0.0703516766328563 0.381638500079006
0.408978838155713 0.263869846726195 0.0182745896759376 0.308876725442154
0.151798653407461 0.276306072916305 0.259408411114871 0.312486862561363
0.0802701263201908 0.121656912621051 0.40816402294706 0.389908938111698
0.00340275080888456 0.490762141386695 0.102434974751245 0.403400133053176
0.335897605014255 0.276325256659337 0.31904293366648 0.0687342046599277
0.0295256799385428 0.500638121096571 0.145430114894368 0.324406084070518
0.0776789325225231 0.287218498796696 0.25202385012815 0.383078718552631
0.498754375605262 0.139638353017162 0.258960237131635 0.10264703424594
0.177662884577876 0.248693928044241 0.288321346488861 0.285321840889022
0.146634281909865 0.00532305309170794 0.357387090384403 0.490655574614025
0.43158650577234 0.231718902937449 0.25308923329465 0.0836053579955607
0.361424145455758 0.0436924882708628 0.14337373754677 0.451509628726609
0.227502838383511 0.360115357991024 0.382714345602472 0.0296674580229927
0.564023427540078 0.0319729738511284 0.0172000675308832 0.386803531077911
0.280992655088954 0.134032323021193 0.515825364988637 0.0691496569012164
