0.290535740952415 0.156964129331737 0.359695414869186 0.189820981684699 0.00298373316196319
0.0233807616724807 0.234614197844193 0.294556798126097 0.178505641963482 0.268942600393746
0.462645059037857 0.286559766702465 0.195285145483699 0.0070583167795947 0.0484517119963843
0.134843819379246 0.546505832855739 0.137959101935177 0.0540666723339542 0.126624573495884
0.276181163274846 0.264453817432209 0.230677382714072 0.0234486643848509 0.205238972194022
0.125689501166157 0.345285730775193 0.219237650737493 0.0165260641824719 0.293261053138685
0.226614314491436 0.099234062341171 0.291778548296912 0.102537189011906 0.279835885858576
0.111566477013355 0.0312827120164728 0.196842170478278 0.189865655732226 0.470442984759668
0.221047805104269 0.0631542612570214 0.28319834642631 0.295266049142552 0.137333538069847
0.0830155463062801 0.325000079327169 0.0701932413098032 0.204548977430784 0.317242155625965
0.158710079148906 0.268356716506787 0.238502834973261 0.224615536640416 0.109814832730631
0.172587271842069 0.101349156685975 0.147499501193888 0.186338529836475 0.392225540441594
0.220295711099966 0.0746790143276494 0.165368830675306 0.329453450568146 0.210202993328932
0.173216642940598 0.0470030334899671 0.0908159303006626 0.471836463292699 0.217127929976073
0.068917043693837 0.0280633049364361 0.547314950600255 0.0485400124993129 0.307164688270159
0.10476254320822 0.261795084694224 0.10922035979214 0.307100789835219 0.217121222470196
0.233309732270339 0.391003913428158 0.296577792666007 0.0479481732598022 0.0311603883756933
0.0298310946599173 0.312324016418974 0.117502839614252 0.218539977340809 0.321802071966049
0.245418266696821 0.156351663629925 0.256647601911254 0.307595744058099 0.0339867237039008
0.335604702751844 0.250345696951223 0.0618990293422499 0.0889011220629369 0.263249448891746
0.156454006616474 0.183717894567709 0.154086820380678 0.245781466257711 0.259959812177427
0.201326162258151 0.272414200793946 0.16117143505149 0.0195442908713307 0.345543911025082
0.163702332898604 0.28768857375999 0.00987471598320876 0.157940269098116 0.380794108260082
0.184820108977425 0.0301633581731075 0.087815394433349 0.412920622520272 0.284280515895847
0.248697085627636 0.202357899643134 0.120208573270012 0.226746671362827 0.201989770096391
0.364061290968963 0.204090073957553 0.032600866133278 0.158994501301268 0.240253267638938
0.172926170793444 0.273612516205835 0.0542447679767566 0.221597119432831 0.277619425591134
0.239199341239041 0.233789230916546 0.348803417414484 0.0467664762443575 0.131441534185572
0.231192720642512 0.163206952990661 0.247383994107831 0.0794870130825029 0.278729319176493
0.18099840346713 0.142778491374897 0.401562189578866 0.0239066464201842 0.250754269158923
0.234495583300424 0.00845546022936796 0.281425550971215 0.163310570509082 0.312312834989911
0.191999567674619 0.011262104237388 0.368970641118812 0.264257526048227 0.163510160920954
0.244854976800412 0.00647348141560485 0.121146050739512 0.137516467559357 0.490009023485114
0.292369256247033 0.113815048232349 0.112289031070367 0.357325327534105 0.124201336916147
0.00966527025401513 0.0971721715750385 0.389670544283963 0.288535112171933 0.21495690171505
0.253362255824397 0.288133472640223 0.121125735446413 0.0756903726402295 0.261688163448738
0.0545984008012092 0.147806178610161 0.294611622274784 0.264460443705639 0.238523354608207
0.301414579168326 0.278147665744011 0.0336032264345628 0.252119647327807 0.134714881325293
0.287738249927847 0.23038624665603 0.117749043733499 0.190147980295108 0.173978479387516
0.174685909378769 0.356386130080839 0.0379470574998236 0.122604051628876 0.308376851411693
0.378107236134177 0.213899694692588 0.0485352027919444 0.184750585305655 0.174707281075636
0.143734486371921 0.218280969455419 0.220570612239639 0.0340219188856374 0.383392013047383
0.0964326855346303 0.0320839883074326 0.357186372644889 0.211004921454062 0.303292032058986
0.110066714312251 0.302620404903485 0.333834332535451 0.18863216330893 0.0648463849398816
0.0325302184393607 0.243719962702834 0.345704203743061 0.0900572364179426 0.287988378696801
0.381580444789617 0.0622677673460325 0.216912965789203 0.299468605946853 0.0397702161282939
0.253578813474011 0.237097567946239 0.233515909945024 0.0596701505424643 0.216137558092262
0.221360430101823 0.0882703870286597 0.240352314233532 0.156692679740336 0.29332418889565
0.175186147214342 0.217121056031602 0.0590812760657364 0.293526838286646 0.255084682401673
0.272713747483286 0.0544072290850636 0.377250573599075 0.00893339600848858 0.286695053824086
0.280223941953544 0.17589997117014 0.320244522541633 0.0540455281059013 0.169586036228782
0.022666607177564 0.295205652446349 0.334544131732622 0.0202070343816237 0.327376574261841
0.275977273918438 0.123546405339584 0.0798658400486354 0.275074109600056 0.245536371093287
0.271760995778486 0.3350973294755 0.110513727253882 0.256783057599805 0.0258448898923261
0.189863498150567 0.180062015855465 0.251300046827568 0.155598965412031 0.223175473754368
0.175392813884686 0.337096280720984 0.262047814922093 0.217126864381186 0.00833622609105023
0.196713421859473 0.248209694075009 0.23687883693216 0.0184135589459263 0.299784488187432
0.00583070662308348 0.149106859834614 0.231261010979142 0.30895410875621 0.304847313806951
0.00472053791944313 0.399567383663635 0.460723894760638 0.0576605990833409 0.0773275845729434
0.279682778531465 0.293976462451937 0.153411563995729 0.0110607014879523 0.261868493532917
0.106280375567151 0.104206331728823 0.332985388304767 0.241147588102017 0.215380316297243
0.214458829998072 0.234537653395586 0.182960018317338 0.106832407527243 0.261211090761761
0.351711812596719 0.133868315614078 0.327449350831466 0.0176111760278784 0.169359344929858
0.157570638021079 0.238050241952449 0.247180608474287 0.120113773188284 0.237084738363902
0.203665461499385 0.237936437889836 0.0644270181815969 0.366833302784251 0.127137779644931
0.311420445733111 0.0653109727748124 0.304436870053633 0.130547246559344 0.188284464879099
0.399441399676553 0.253551083693174 0.0669782364869399 0.181783364195298 0.098245915948035
0.103794139134412 0.32919571804743 0.119855285528867 0.300105208864182 0.147049648425109
0.0579196338836335 0.424087480599658 0.124056309219056 0.138333819060558 0.255602757237095
0.0476019071514692 0.294687012174058 0.0147121592477558 0.455577454715901 0.187421466710816
0.230355323530098 0.183415796950812 0.222680073984862 0.318961356032047 0.0445874495021813
0.231890937622963 0.182964212767703 0.202940709665763 0.263757862931306 0.118446277012264
0.236131213015782 0.227082414774778 0.0120905870086884 0.201641474783002 0.32305431041775
0.144482266576835 0.295955960817825 0.0925680806921793 0.323807588508275 0.143186103404885
0.151769142541874 0.363641608590018 0.0887495012972279 0.27566449183345 0.12017525573743
0.271935432192152 0.308959249973454 0.310399360809599 0.0152989529766031 0.0934070040481922
0.112734880854265 0.307488566883497 0.395605061394925 0.0526825581607662 0.131488932706547
0.062109577862551 0.227801567007709 0.322769402018212 0.155037091576415 0.232282361535113
0.106762810921972 0.275052329421086 0.289153745394779 0.08872223722179 0.240308877040373
0.128867326554933 0.453374365661914 0.0653788633344777 0.176037392839306 0.176342051609369
0.656732153838787 0.0627449105886174 0.0566085526846607 0.000913950128682367 0.223000432759253
0.0189001603303362 0.0649314977621187 0.0797887595969914 0.303860122924731 0.532519459385822
0.279865954335945 0.260233174773169 0.195663744270356 0.152139216519754 0.112097910100776
0.154995333719942 0.0767779268134972 0.193930253490829 0.223441617401146 0.350854868574587
0.11585095769154 0.168080638622109 0.0495038040317652 0.254017920600777 0.412546679053809
0.196527556376039 0.204349727815006 0.108344263874824 0.231489075343128 0.259289376591002
0.267610614640877 0.343002399725511 0.0236038554383523 0.237680174619246 0.128102955576013
0.0179239814285156 0.265710933675351 0.032312185696797 0.258559161620402 0.425493737578935
0.301461051664252 0.227915817872434 0.38499428456881 0.0331852487506082 0.0524435971438966
0.369678118379594 0.167468746376982 0.274421108814476 0.0167792561255246 0.171652770303423
0.17272749735606 0.125966612296733 0.151458227408854 0.29561656468277 0.254231098255584
0.27807022159234 0.164566310175653 0.0792427794957825 0.171854812345564 0.30626587639066
0.0929056045495101 0.0117665737322988 0.114971974523641 0.576238642270897 0.204117204923653
0.410531714725536 0.285910772501914 0.0481810147743093 0.11197067931543 0.143405818682811
0.153669389550821 0.124757649609541 0.278977786285629 0.0888328423568607 0.353762332197148
0.111456581577994 0.0850242105038602 0.103500825829029 0.197318978701641 0.502699403387475
0.194638736876376 0.327132235315223 0.0422574031781919 0.398207629442422 0.037763995187787
0.047244456680102 0.277280807430374 0.232330791223833 0.405849796268725 0.0372941483969663
0.197974657402002 0.250438768219009 0.00915749729494873 0.272181436435412 0.270247640648627
0.215801646903729 0.143176152414904 0.18861647718602 0.150954297810733 0.301451425684614
0.315652390936453 0.139814200617652 0.0575616577290121 0.187587938588913 0.29938381212797
0.296886098741925 0.14904676398517 0.0156135830058851 0.318270193258308 0.220183361008712
0.218971682074193 0.223350196282596 0.158601721867022 0.194378266707004 0.204698133069184
0.31060486511079 0.0658918534446493 0.231686566479036 0.233263865871586 0.158552849093939
0.0404688271482121 0.255648042895232 0.262925378243436 0.0373741703447838 0.403583581368336
0.286854585718102 0.10510601605946 0.431867315848613 0.0693463586173169 0.106825723756508
0.271330281715249 0.145850488543368 0.320038210496425 0.032521209016038 0.23025981022892
0.261351956770408 0.191877086234637 0.0468026385464718 0.144360780688377 0.355607537760106
0.164903563089512 0.161332428200856 0.256928386074224 0.137440331810104 0.279395290825304
0.178427116473962 0.114856721652757 0.284449656987297 0.202270081171035 0.21999642371495
0.326981382309804 0.299006884497151 0.0378107044941616 0.326485128896698 0.00971589980218548
0.155177825552003 0.265889149001374 0.0548559342558574 0.241460484650736 0.282616606540029
0.142575395990943 0.260548521559281 0.259230860436364 0.274640564886519 0.0630046571268925
0.213551197232754 0.133535186800269 0.181222804429842 0.213848968629617 0.257841842907518
0.171145809039557 0.113895431129953 0.498061687027341 0.0551550421965488 0.161742030606601
0.244870551651053 0.291451026678611 0.268966375034008 0.157102011987359 0.0376100346489684
0.0894507015753338 0.207902610350274 0.346895743776062 0.123297848548747 0.232453095749583
0.183621925696506 0.387401494982487 0.0466309548153444 0.322448994656875 0.0598966298487877
0.102388883835643 0.307853941543266 0.287503865415234 0.0763231075101665 0.22593020169569
0.13328481307414 0.136578144250355 0.117054618930767 0.332301465019083 0.280780958725655
0.526760148601928 0.117999090349936 0.158370973077225 0.0829246999575132 0.113945088013398
0.0925748161806993 0.130728462104077 0.142257862774542 0.342031739717989 0.292407119222693
0.230831868199769 0.0680823258624342 0.320772431289979 0.0944643424682962 0.285849032179522
0.185554427482112 0.256328678126701 0.164911020981153 0.218980972294572 0.174224901115462
0.0827539727986559 0.259123713298774 0.201065541878273 0.231435389329306 0.225621382694991
0.0223602791736869 0.0992385880886855 0.307542353382481 0.269709547884186 0.301149231470961
0.32831212187528 0.133315770787383 0.236049341550299 0.125425619324025 0.176897146463012
0.334710624913072 0.192816783823358 0.085144853543067 0.110901063178409 0.276426674542095
0.436041283534993 0.0804200987915781 0.272624616475006 0.0977496178499227 0.1131643833485
0.238844923830034 0.271191450592503 0.214621218248486 0.265370634546156 0.00997177278282051
0.0473280570446803 0.147629161447654 0.461037490873549 0.0724773748975159 0.271527915736601
0.0947370079631406 0.436671000218292 0.14617923525122 0.274688069852679 0.0477246867146676
0.411959189766059 0.0918952985717372 0.109930672671898 0.210157036549169 0.176057802441137
0.330404533538405 0.160449024989102 0.0499456521360883 0.0378086066317052 0.421392182704699
0.0617766117265872 0.0770034777833156 0.092535767459243 0.382555887389523 0.386128255641331
0.249515589580133 0.25843124715767 0.162148302867617 0.0700153925322999 0.25988946786228
0.0533174492943157 0.0399917219834452 0.365935038994869 0.322848564681978 0.217907225045392
0.236260759696805 0.223717396253347 0.272888577377406 0.174576155410058 0.0925571112623836
0.0369733222244186 0.139134274219026 0.422593457723954 0.0998494056535354 0.301449540179066
0.143027150396231 0.162519406359263 0.227022183298858 0.200761677987466 0.266669581958182
0.190901298323146 0.283967831232413 0.255573146800253 0.0926201972165679 0.176937526427621
0.237875636640528 0.0817754778562461 0.163935596439137 0.319758905109625 0.196654383954464
0.212061922966937 0.0183818543508027 0.108868740611805 0.242826916107064 0.417860565963391
0.0627876353514128 0.246324484033813 0.422713739746592 0.15986757564153 0.108306565226653
0.265905247106345 0.0745772054056974 0.339836013733253 0.0498726398211867 0.269808893933518
0.00629265508078528 0.392403626993884 0.299399661372482 0.13914184510782 0.162762211445028
0.389859724363047 0.0288903981466968 0.237623899537252 0.0315210891313076 0.312104888821697
0.256403080285178 0.190015584782961 0.183479511351531 0.133718231740595 0.236383591839736
0.0165931446207575 0.332553516476702 0.299706114750219 0.19139881082971 0.159748413322612
0.0921863140177694 0.247481473146253 0.271424667497603 0.307670455844866 0.0812370894935092
0.130205805577764 0.356374816492853 0.33712756488475 0.17274479298676 0.00354702005787264
0.0848917794009827 0.293393286246968 0.179863631699307 0.00488561097482252 0.436965691677919
0.317134446093581 0.0987374109493715 0.107929780111825 0.210994277781476 0.265204085063746
0.26412022825293 0.128416110214093 0.193545825294868 0.317309638640811 0.0966081975972986
0.284848397798165 0.112783491873942 0.23679810629297 0.271612170724884 0.0939578333100393
0.0367858078561349 0.340416499807613 0.361524143841046 0.16173871318813 0.099534835307077
0.407316200544154 0.0595890767706723 0.426813946456291 0.065966600112469 0.0403141761164138
0.174681680631593 0.166117768321251 0.0354069541657762 0.373049625006051 0.250743971875329
0.195752140579462 0.221678426196277 0.299291228421522 0.0450965099397159 0.238181694863023
0.217834747576938 0.148328859533663 0.0347430941729712 0.331954543345212 0.267138755371215
0.172629197658298 0.240387830429031 0.118485229019182 0.177184499968341 0.291313242925147
0.166558104836269 0.237674505773022 0.259394887585289 0.250560216343734 0.0858122854616854
0.0362591913777748 0.32104608634196 0.16233014247012 0.265500959968887 0.214863619841259
0.181710444923499 0.0787640509540904 0.0598109829708148 0.36165208906905 0.318062432082546
0.2844435723363 0.0611967586571951 0.303640652759642 0.166899204198016 0.183819812048847
0.116945511937182 0.308373085302532 0.0959122149946364 0.0516051899799015 0.427163997785748
0.174546335751561 0.228553218129604 0.185811166191089 0.399686809661375 0.0114024702663703
0.19759759655753 0.0596287458627092 0.288843917784028 0.37008766374352 0.0838420760522127
0.0325715289307483 0.0366109655916573 0.531416992491185 0.0329273579196332 0.366473155066776
0.0941979484918468 0.0427008534157835 0.178130306241322 0.413500949901214 0.271469941949833
0.332834562804918 0.298512675013396 0.0144521128710339 0.123147596689792 0.231053052620861
0.00798373200717999 0.158222724922044 0.349564619956378 0.351091785200653 0.133137137913745
0.193409770481532 0.105945680558692 0.235601182802144 0.0717844696995142 0.393258896458117
0.253290205354444 0.231823816774306 0.0874611229778347 0.271649732869984 0.155775122023432
0.0297570076056765 0.240869979169334 0.183301664980536 0.174889668814946 0.371181679429507
0.169747974333348 0.254866713704189 0.088595545081561 0.14170010257947 0.345089664301433
0.165080668942514 0.14493596512525 0.0820759953879549 0.339110796224936 0.268796574319345
0.288361676976427 0.253244652924295 0.0230656355311211 0.198674445494914 0.236653589073244
0.157986010387482 0.260476100926839 0.283409196038446 0.183824595066381 0.114304097580851
0.329522649199371 0.0859107938664443 0.0524881957268372 0.447223513803664 0.0848548474036839
0.231018432009565 0.137099493097895 0.300778369841856 0.181608179528782 0.149495525521902
0.202421603983281 0.271745211561901 0.271885837491779 0.0983247355098062 0.155622611453232
0.0421482184997758 0.252204383327264 0.0919266111306615 0.235246117089851 0.378474669952448
0.354952344768108 0.217346705341121 0.272693876661754 0.119094591360506 0.035912481868511
0.143447784372123 0.183209749659862 0.226627208884551 0.349036557764474 0.0976786993189903
0.145932458224382 0.390663232857456 0.274893002782113 0.171457377662509 0.0170539284735395
0.26032190707401 0.0828804229299246 0.212668635459098 0.177694236586771 0.266434797950196
0.281172166933675 0.231289311309197 0.111895574012064 0.0579444769475043 0.317698470797559
0.27217287181662 0.0355015649478517 0.189519538936966 0.223561002615717 0.279245021682846
0.257890923604862 0.0884947324113784 0.279915905408843 0.197628443553541 0.176069995021376
0.244563048624577 0.261913446723201 0.213053998426595 0.096696775962335 0.183772730263293
0.28071460034352 0.0274868057480996 0.123474577246677 0.114323779433733 0.45400023722797
0.263179759489315 0.210933824476057 0.132356514990716 0.139012691528808 0.254517209515105
0.309316859003229 0.25297487634649 0.184120464257133 0.109688185521757 0.143899614871392
0.199064836510589 0.0835809891617473 0.159811442973834 0.241589162196111 0.315953569157719
0.0293659067462199 0.324736621873056 0.224445381737326 0.259103209865422 0.162348879777975
0.14830179899254 0.217395350515926 0.296104334766682 0.134649136497489 0.203549379227364
0.0895884937994932 0.211821843022407 0.348168591114739 0.158606025154451 0.191815046908909
0.144187165443624 0.0641332914982365 0.220558793531032 0.232395993819743 0.338724755707364
0.230920706314087 0.256404815302292 0.117140217793727 0.232559262370481 0.162974998219414
0.00935468846911326 0.300748545773179 0.140439356451539 0.145236816275786 0.404220593030383
0.214060714839697 0.160938433963774 0.0820714138110163 0.345884562031472 0.19704487535404
0.147955786928315 0.284688179388073 0.198167201703544 0.312476128262495 0.0567127037175744
0.107361587048216 0.134717523327356 0.28335072578064 0.211641202734149 0.262928961109639
0.268347265477893 0.184508918349072 0.281176196208494 0.129236358018147 0.136731261946396
0.274674939814155 0.156701201944349 0.225584275663042 0.268721367026514 0.0743182155519397
0.235972334530905 0.118371543710722 0.347193011702681 0.132820753727581 0.165642356328111
0.424746414724174 0.0133743895380041 0.334550644985291 0.141807220333476 0.085521330419054
0.12451664302841 0.286929517880576 0.015025366472557 0.257908721204005 0.315619751414452
0.210999833336256 0.250824569532025 0.0569668063817272 0.380442378753238 0.100766411996755
0.248472074439494 0.23539820326952 0.232848100562462 0.0380740558019814 0.245207565926542
0.151025205108563 0.542998006702007 0.0356088743485267 0.0515671028691413 0.218800810971762
0.222811565252332 0.146021679456073 0.20464061951068 0.299930440975401 0.126595694805514
0.219238563856362 0.156379213109799 0.220543297208925 0.185262083172025 0.218576842652889
0.0765638816954373 0.333630248091169 0.0644535708145617 0.306976204935776 0.218376094463056
0.286208991908928 0.240617114745755 0.256828493575619 0.163865376035078 0.0524800237346201
0.258975283842141 0.138189259804052 0.0305113581309901 0.397797691150649 0.174526407072169
0.255057887365315 0.244057079778873 0.0760817713810795 0.383092644418654 0.0417106170560786
0.365113095453888 0.013719318346631 0.220460150038782 0.190970260465989 0.20973717569471
0.038960243283647 0.238549423648485 0.314438208244908 0.106689328959108 0.301362795863852
0.139499057819405 0.28393303757439 0.181653585924357 0.0406063927803108 0.354307925901537
0.383724193439395 0.141287962374735 0.258366431350574 0.119047771730339 0.0975736411049569
0.30860940840939 0.180084069248898 0.1990072026387 0.128802783743368 0.183496535959644
0.143567118179779 0.318644617003052 0.135191621488124 0.271475537523589 0.131121105805456
0.322254339325092 0.0850862958946766 0.395069043786132 0.0192880359030523 0.178302285091047
0.113890864939184 0.328116559418293 0.26940042844733 0.211683684023624 0.0769084631715693
0.274095360980025 0.0647833564843486 0.288091332265345 0.227898900886917 0.145131049383365
0.0949771306263751 0.26309939777674 0.172984012076188 0.247887479000388 0.221051980520309
0.175035505832841 0.197360783870139 0.199349922557913 0.213965508857715 0.214288278881391
0.261534563079626 0.224415485406294 0.0236477619861193 0.198012860222463 0.292389329305497
0.232200978058464 0.639229365497924 0.0465702903816999 0.0556138691306086 0.0263854969313041
0.0208339711096341 0.335098162610706 0.151549112056658 0.324101767570722 0.16841698665228
0.267655580744822 0.0926339733785566 0.0791942634343595 0.326967321933284 0.233548860508978
0.222817542203528 0.178434520966111 0.229912718207102 0.253270409250794 0.115564809372465
0.287700208587645 0.204311562163416 0.251265882634342 0.251894315855424 0.00482803075917256
0.35397929951692 0.0873345193948024 0.383905871034114 0.128522884608396 0.0462574254457675
0.192104417587793 0.100296306586544 0.129647249906863 0.355576630907717 0.222375395011084
0.176764529415005 0.0847342564551141 0.190373079517901 0.275857723836315 0.272270410775666
0.222641342583552 0.221325301795419 0.228850550292017 0.159309918208936 0.167872887120076
0.0377321143666372 0.0261172779811099 0.269460802025585 0.386783710353791 0.279906095272877
0.278207215960906 0.163885012446495 0.0276706607428067 0.49616522665868 0.0340718841911117
0.31040263982747 0.142505470633472 0.0851738187645689 0.422589641301829 0.0393284294726611
0.0451334924892434 0.431380181612832 0.00436555730982718 0.46400692152808 0.0551138470600183
0.2896712998053 0.221553216877647 0.134870931577372 0.325483435428276 0.0284211163114056
0.322348416598204 0.0683287845762703 0.0600991010216204 0.213191694607888 0.336032003196018
0.256840160655223 0.341298749641078 0.000121252077226151 0.356615645628611 0.0451241919978619
0.30958051077945 0.0744041534912574 0.104991124515975 0.232687249720439 0.278336961492878
0.19675751756706 0.359909543193725 0.0709999665437217 0.145731847143534 0.226601125551959
0.308067073169227 0.175435197028021 0.0411773666585139 0.289217623423369 0.186102739720869
0.324479016209231 0.307808562516879 0.203017961602876 0.0966464954116135 0.068047964259401
0.160091287166176 0.126613335263763 0.209877443286186 0.280034704864752 0.223383229419123
0.248336720606089 0.113423944687639 0.137940245117555 0.307712767954971 0.192586321633747
0.155890628362979 0.172261375015226 0.254494115352237 0.260542750893586 0.156811130375971
0.271101329936555 0.321260695665577 0.0173895441837726 0.138737482604612 0.251510947609483
0.172253321585878 0.108855853281741 0.18938766360409 0.270635067447847 0.258868094080444
0.0835198910774682 0.230491053059752 0.0894928386476014 0.302691673790277 0.293804543424902
0.150092120206288 0.268181775472828 0.156652381527764 0.154138470156759 0.270935252636361
0.209127864773349 0.206206974818911 0.155313369844048 0.19627831917367 0.233073471390023
0.0830776145001786 0.220999434449393 0.273875781654827 0.173240789927547 0.248806379468053
0.347782359801392 0.140205806184343 0.184122584392448 0.226803994037532 0.101085255584285
0.290006021595841 0.178595390143672 0.235038143345407 0.142336820724074 0.154023624191005
0.178859591835546 0.230185103934341 0.219819044296082 0.166600082603084 0.204536177330948
0.0822676197612158 0.323567957849399 0.18659461556973 0.18547517724055 0.222094629579105
0.394361702249147 0.142040653184882 0.252900552579024 0.203992864770905 0.00670422721604172
0.147260319355184 0.241513977120365 0.105792753775019 0.356117805385687 0.149315144363745
0.300004296302539 0.270742574463107 0.0428338312657651 0.136914741950534 0.249504556018055
0.201345877448052 0.20243915740466 0.0967634912717645 0.342158991230626 0.157292482644898
0.148047797220616 0.196644476747654 0.392465778370539 0.18871244161922 0.0741295060419712
0.330130906493126 0.0901540174117344 0.131333431699782 0.31936904937509 0.129012595020267
0.089894502901477 0.20937277634003 0.32633229102262 0.139866415736704 0.234534013999169
0.26281743338401 0.317114215749156 0.042751720823858 0.119094926847242 0.258221703195733
0.0822103601181099 0.195519821607251 0.128275325991678 0.28480170273287 0.309192789550091
0.0449482904019613 0.273409196833753 0.40866988045687 0.162169412227891 0.110803220079525
0.154317888704687 0.24948631845153 0.292768649763751 0.120270306377904 0.183156836702128
0.207714715593121 0.295968814905116 0.301789598112345 0.0214318236638898 0.173095047725528
0.0901067788668344 0.249572142908235 0.281086271710181 0.294746356207236 0.0844884503075133
0.0630892226754766 0.519128338414427 0.153521213236492 0.16276670391255 0.101494521761055
0.0728097824547094 0.265408044961693 0.277774578205251 0.0447301333782622 0.339277461000084
0.235825166881478 0.130793224147385 0.243315321248357 0.132775024289953 0.257291263432827
0.189906950449007 0.31726844346835 0.0405091009263824 0.216748050682642 0.235567454473619
0.297001145722076 0.192343598769457 0.277765564449668 0.139501110826077 0.0933885802327223
0.0810619806519391 0.248664158239789 0.245715563039377 0.334078788846954 0.0904795092219408
0.175753059648834 0.200388334626189 0.235700278263623 0.184605147831914 0.203553179629441
0.367623901021396 0.2902161098551 0.0401044618923746 0.0572936957033676 0.244761831527761
0.190496913528671 0.0254854287926258 0.331856229283352 0.38528155816614 0.0668798702292113
0.294595887643958 0.140657970317661 0.102815747695917 0.323193708145819 0.138736686196644
0.117885541851748 0.382013727888563 0.165478933182462 0.317797006343845 0.0168247907333823
0.270893480771144 0.18074972269031 0.130914977860628 0.25731199287058 0.160129825807339
0.167454265918559 0.202329377852206 0.27001356761007 0.0819481236798623 0.278254664939303
0.216828269954619 0.379117435401768 0.246967610664737 0.0512913760192982 0.105795307959578
0.332138430446772 0.221046776110986 0.0513532367148866 0.0575903879735846 0.337871168753772
0.174180034831377 0.217921878687577 0.381375625042698 0.0325816841104005 0.193940777327947
0.0671767467100025 0.383373541923016 0.38594719764523 0.156834970641373 0.00666754308037902
0.294200729534134 0.262960342792323 0.0777520902370463 0.0406882959174813 0.324398541519016
0.11377371336334 0.101421912507194 0.142845058524176 0.329654843725679 0.312304471879611
0.285904660831352 0.121128543224349 0.147438293710575 0.223049800458529 0.222478701775196
0.0749454444441595 0.384060737568158 0.349463281905888 0.106293698365547 0.0852368377162473
0.0203786327377781 0.170586809293256 0.374778687462536 0.327897744691537 0.106358125814893
0.197798601595475 0.215617051368328 0.239688757154589 0.243636892622664 0.103258697258945
0.288038605862338 0.143399997071744 0.254838972662382 0.10145740037759 0.212265024025945
0.181871538292583 0.0546104908224386 0.343683475114716 0.160039286383786 0.259795209386476
0.232235089177332 0.0441136405167084 0.344859483309609 0.120446258893443 0.258345528102907
0.352888652114691 0.262589915841118 0.0841856225610042 0.0333927002987002 0.266943109184487
0.249018478131054 0.0766273063128296 0.175575380018238 0.300897798209618 0.197881037328261
0.226217522746268 0.251206247628377 0.0958660379232531 0.263387485743232 0.163322705958869
0.189508722772281 0.314804785004857 0.0883123693877036 0.106180967787197 0.301193155047961
0.308112809280057 0.191601779493094 0.301178606145212 0.0261072596265795 0.172999545455058
0.225170112002799 0.260181594541307 0.223836763283891 0.102921891937644 0.187889638234359
0.285745040483926 0.172112911277792 0.18299001729141 0.113285551576801 0.245866479370072
0.221577676998446 0.108576533237527 0.194377509845989 0.335598076585886 0.139870203332152
0.204465018965905 0.201647130023056 0.202400319030341 0.23186177412683 0.159625757853869
0.246555999068384 0.258156158174667 0.0102848110920342 0.220157014536232 0.264846017128683
0.363591306919532 0.105092260213891 0.061837927835194 0.280504222291217 0.188974282740166
0.294766823231711 0.0611112315917652 0.249235372585231 0.0631292363076682 0.331757336283624
0.37127833348835 0.165682449284039 0.0885064444344986 0.30732981166744 0.0672029611256716
0.070777822883566 0.202455146866534 0.187076848535455 0.251144882088246 0.288545299626199
0.0508828721658917 0.259871435250016 0.109513290495309 0.324903053883113 0.254829348205671
0.10202151147173 0.313647420114053 0.195315988283613 0.326518942964229 0.0624961371663741
0.0365225643911314 0.242942550495173 0.115364031438592 0.30332836577118 0.301842487903923
0.256337043265688 0.228641509071996 0.274729467668983 0.0630027492020839 0.177289230791249
0.25267152284372 0.24459315591678 0.0807879352880359 0.0349875611718056 0.386959824779659
0.239002812265965 0.225473757387139 0.144981896613974 0.0927823902087066 0.297759143524216
0.207770716100799 0.119618984540987 0.198680202673614 0.213253376774983 0.260676719909618
0.370515370674401 0.0474278223208198 0.405338100499391 0.128614967812645 0.0481037386927429
0.184611210397699 0.214746588310757 0.142507839011787 0.229255507591243 0.228878854688513
0.271927790694962 0.0712577511608704 0.113497979924634 0.202201157781065 0.341115320438468
0.290646282559102 0.189479256837198 0.156240742511664 0.134292335725204 0.229341382366832
0.123644985821029 0.0613200114963331 0.353185432110163 0.331527478854241 0.130322091718234
0.263039667144567 0.222877855572035 0.15743117532735 0.238923296451304 0.117728005504745
0.195965768819628 0.226345771117782 0.14803173451363 0.200660474246595 0.228996251302365
0.142347357425888 0.30365204373254 0.262591152060949 0.0119789139694291 0.279430532811194
0.0672624058269622 0.0873744818719873 0.483695842347941 0.0926164143576091 0.269050855595501
0.186729638027425 0.207029251351227 0.229921416071845 0.151594847034648 0.224724847514854
0.309723388139447 0.0677114651768384 0.051768213248135 0.345555217641053 0.225241715794527
0.276409324095735 0.17572754516675 0.26653176823807 0.023393625145518 0.257937737353928
0.376470778184711 0.101111435517626 0.0885370225281833 0.00460785543816189 0.429272908331317
0.183964403924758 0.0958595292584592 0.216986720604779 0.324765735610312 0.178423610601693
0.24531562626319 0.145047709237035 0.145337903341908 0.286389919802304 0.177908841355563
0.281789427849557 0.0558705883869379 0.180291820197222 0.215314166483204 0.266733997083078
0.358104140067688 0.201706189411346 0.221146691339341 0.0659789363764045 0.15306404280522
0.26860512746103 0.0903961956466712 0.151784774903431 0.203325315040852 0.285888586948016
0.0230997983271434 0.4322467766883 0.137543809876487 0.127136034459978 0.279973580648092
0.0166391470037809 0.379801079180263 0.153135238930601 0.248651803633113 0.201772731252242
0.118528348442444 0.559970800082438 0.0137670072698227 0.15650123010071 0.151232614104585
0.212871130839366 0.207513811230362 0.170045068392222 0.18320103649179 0.22636895304626
0.122569909938067 0.0979213805986159 0.265966961951153 0.297285430647121 0.216256316865043
0.296548002422041 0.125941552298459 0.0863167073106845 0.247250734207518 0.243943003761297
0.12292862111397 0.206936809951499 0.241546204089462 0.228279892765306 0.200308472079763
0.169381873422927 0.0287615542166392 0.113589396949938 0.400504227941855 0.287762947468642
0.185893967784728 0.0332792430042307 0.48469426926134 0.234360075936556 0.0617724440131452
0.14830087959212 0.337403123240476 0.0842224360448986 0.128326031282382 0.301747529840123
0.419485027862331 0.00361933013816072 0.138798839130682 0.301883880725187 0.136212922143639
0.22973377217273 0.267444389752699 0.0821902950494606 0.273184438911799 0.147447104113312
0.0880838926759859 0.19435967597708 0.280731086471202 0.240242317256878 0.196583027618854
0.211108159570988 0.190148182361302 0.0954757387923015 0.215264401458002 0.288003517817407
0.249124249202314 0.105076281144079 0.238985480949436 0.202041821773978 0.204772166930193
0.273800357931716 0.422088615689784 0.0104455055366426 0.273927531207491 0.0197379896343671
0.218937782824343 0.402354159673789 0.0122808954738397 0.304537062860271 0.0618900991677565
0.264164976263347 0.32799869989898 0.0109606736230043 0.0767907725915037 0.320084877623166
0.220433280981905 0.224429007078644 0.252484231438862 0.173946793385504 0.128706687115085
0.16321787916827 0.242852591558537 0.0860481024288541 0.187229861498539 0.3206515653458
0.0123533467431239 0.101060661309648 0.26151164854283 0.402319970343402 0.222754373060996
0.0669606999558553 0.289271729871599 0.215056959016203 0.200070570245594 0.228640040910748
0.230096348373852 0.210234653440847 0.190704067212733 0.164320925139751 0.204644005832817
0.0399728091792746 0.332891319215135 0.00447329466173314 0.282844874746411 0.339817702197446
0.2178156919535 0.197677632127925 0.174106794359199 0.171765811299094 0.238634070260282
0.0426250441758005 0.046604163323807 0.384980412696248 0.295842331595177 0.229948048208968
0.271270973636785 0.249166665415372 0.24074224394917 0.0971780750046544 0.141642041994018
0.117468909467775 0.334064401397763 0.253561480478262 0.0875145277200971 0.207390680936103
0.41079758031431 0.0841205085061266 0.44455491693214 0.0432571174056892 0.0172698768417343
0.236025426357929 0.0816186347439732 0.312598140917039 0.117779859880642 0.251977938100416
0.336097012916497 0.152228355227889 0.187162313791704 0.125830386151942 0.198681931911968
0.38396915806427 0.0475741816835868 0.113146588505944 0.245915763208144 0.209394308538055
0.379193554361965 0.20961451693248 0.128131678737276 0.198817916983859 0.0842423329844197
0.193873722818525 0.220006942584062 0.208434053849818 0.19959817677801 0.178087103969585
0.196090356407618 0.110814933895316 0.379131072946896 0.0224853687232964 0.291478268026872
0.0114544356703974 0.131687339783401 0.391561733721109 0.237543925852815 0.227752564972278
0.23784877749526 0.21838401900716 0.0607050720536325 0.329346989382357 0.153715142061591
0.13871046654046 0.1713004681114 0.263412462813697 0.247535256508343 0.179041346026099
0.309270198266553 0.210198503848074 0.070944943873076 0.139212833582766 0.27037352042953
0.152857113750458 0.199905991151094 0.222685825364494 0.270519025051443 0.15403204468251
0.218677925438277 0.281492115615134 0.0700219750479852 0.183648272097751 0.246159711800854
0.245083275736997 0.450468757499676 0.0638681089570543 0.0274714177365603 0.213108440069712
0.239482050055311 0.337175541687138 0.0927947896216059 0.137720262085706 0.192827356550238
0.305945404195902 0.0513603597484142 0.228701181873022 0.301197871751724 0.112795182430938
0.312000712328803 0.305819733916405 0.136154004445515 0.188013497112421 0.0580120521968558
0.310977328933404 0.0347039347130042 0.280516887729812 0.113599123875291 0.260202724748489
0.462399754640873 0.00250612857279967 0.0321017342706088 0.431421499346671 0.0715708831690474
0.255867623268047 0.193103485580748 0.0849634707013164 0.123490181577946 0.342575238871943
0.373260517966588 0.0395685332946088 0.398943811017765 0.120818101979435 0.0674090357416033
0.270103649152359 0.0307213014884659 0.0723919029326965 0.517532955741937 0.109250190684542
0.159024139536596 0.26520998072504 0.0842772876779486 0.104816535356337 0.386672056704078
0.111145759143605 0.258629179783917 0.179284962587816 0.250654301623864 0.200285796860798
0.177593559481656 0.210973567560595 0.132208332581393 0.327148150582452 0.152076389793905
0.40757842423654 0.0328767651984594 0.0143349024832811 0.236134072306386 0.309075835775333
0.113401019406906 0.278612469470114 0.173202542744703 0.236934269346918 0.197849699031359
0.0348753336956274 0.35656288995271 0.0905239995289571 0.17810356791583 0.339934208906876
0.246203332545729 0.199967770594191 0.123140431421515 0.283609669225074 0.147078796213491
0.32059408456939 0.0664885353293122 0.185960313042551 0.332024360216418 0.0949327068423291
0.00355245409425963 0.295347973175111 0.323976533344345 0.314139169533438 0.062983869852847
0.177238679534647 0.340917133615094 0.414101739730678 0.000386796982419466 0.0673556501371623
0.197067157465162 0.0400119622992357 0.023353298425423 0.45699211790921 0.28257546390097
0.245835063719403 0.1793069048081 0.263957263984556 0.162149436464547 0.148751331023394
0.240722520570586 0.228894423412454 0.0555168136502593 0.258861025135019 0.216005217231682
0.0943815693293327 0.302105388729974 0.219434648008797 0.318639816065658 0.0654385778662379
0.15524683864406 0.305353151163235 0.0331306760456353 0.232203340580881 0.274065993566189
0.0075525000539261 0.470626230665348 0.0197059943497875 0.125829610139302 0.376285664791636
0.194235329584456 0.285591458721099 0.163503045460225 0.179459043165034 0.177211123069187
0.333881605001363 0.00723061708700626 0.503510696447122 0.11650083171084 0.0388762497536683
0.188443939190598 0.38112371650461 0.114700590509061 0.142328837942954 0.173402915852777
0.174330924474434 0.295123846110546 0.0319256590234563 0.215648805739436 0.282970764652127
0.0236368252550266 0.161317867131862 0.263730940647252 0.265526007279101 0.285788359686759
0.251208521734123 0.151496001995855 0.197121071182533 0.329529362079589 0.0706450430078998
0.182466535395679 0.0891733754263642 0.334083070368179 0.0376407417079737 0.356636277101804
0.116093219862792 0.283637995944396 0.163726217328269 0.230556684765835 0.205985882098707
0.139501835305891 0.172496563925498 0.37671502259281 0.127641013938768 0.183645564237031
0.290801773247101 0.181153777008429 0.156782188962961 0.0722320062395526 0.299030254541957
0.470392324337756 0.0626324518540303 0.31168425370025 0.0761786895322829 0.0791122805756817
0.225655456098025 0.158647233261697 0.354929212543336 0.228323251579351 0.032444846517591
0.246711392790839 0.234607683226654 0.0987899857020728 0.144426378360026 0.275464559920408
0.288035520034226 0.0232839590429019 0.0703820296992228 0.350441732450779 0.267856758772871
0.246016443633371 0.268252420708848 0.144588524997163 0.27882334255177 0.0623192681088487
0.0497041415931714 0.364455892879265 0.134100066315847 0.364595565127154 0.0871443340845621
0.0698437576952711 0.271572871831179 0.233128868688453 0.219358501854256 0.206095999930841
0.255192003434375 0.0818589851144466 0.120879807887585 0.259813325410444 0.282255878153149
0.369409868143445 0.171565966015544 0.398445158742169 0.0127152266284914 0.0478637804703511
0.31904568103258 0.290693739693913 0.300600661014018 0.0597370122049758 0.029922906054514
0.25400582568076 0.268670483495832 0.00166006309283977 0.201103537537854 0.274560090192715
0.0112003176295555 0.373364544579109 0.0442806851804639 0.219317187594855 0.351837265016016
0.222694170713082 0.358526086443428 0.158240002017265 0.196995018293386 0.0635447225328392
0.152729049206937 0.277206566408871 0.0191913878370337 0.297100574910383 0.253772421636775
0.177439332418583 0.23543734343693 0.145361551014021 0.219692881628631 0.222068891501835
0.172379379846509 0.00028793611647517 0.311620834295657 0.259936449315811 0.255775400425547
0.0466983242122594 0.204008494556838 0.106724554628975 0.322037056284681 0.320531570317246
0.127177832330381 0.236252324263867 0.0577170847523533 0.262879178144817 0.315973580508582
0.226669531249938 0.310378850860414 0.25516595146948 0.0976323630737313 0.110153303346436
0.0454210288784464 0.417222497395046 0.353767542907326 0.132061495173826 0.0515274356453543
0.290486787775093 0.251379477033296 0.188376931637749 0.149252442512731 0.120504361041132
0.0820677046139129 0.0683954897566067 0.363984037230735 0.30854966231739 0.177003106081355
0.211111545337011 0.163069779178169 0.025125429220642 0.321291356650424 0.279401889613755
0.307189193171673 0.0190252167557135 0.214876945886793 0.146022515642118 0.312886128543703
