0.248090902961423 0.278446686419852 0.148476937746322 0.0371271162380833 0.270816714944227 0.0170416416900924
0.311707845244572 0.137325256649023 0.0715371798458228 0.0516486416182504 0.119240800150835 0.308540276491497
0.0961683456347312 0.219494715665388 0.0281823497064703 0.221514327988152 0.220826387420627 0.213813873584632
0.0316113322592352 0.0849110553111429 0.335600497406081 0.182346922477267 0.0865446870772696 0.278985505469004
0.0971075420650092 0.0839747269081859 0.300232724567925 0.197244620286073 0.0542282463326598 0.267212139840147
0.101722127219284 0.127563270466398 0.325693882055564 0.0609086118059763 0.0868162664472991 0.297295842005478
0.364887897979813 0.0971275863498399 0.0301519446598667 0.233268592946924 0.194623658987942 0.0799403190756136
0.151344655310489 0.353889652464848 0.014496601061796 0.0823377438065601 0.042719363991629 0.355211983364679
0.0823411344050708 0.0399515728466613 0.0334091314222811 0.457714290607677 0.218147043260852 0.168436827457457
0.132676680059498 0.0422579126194463 0.114166776811024 0.322720636397061 0.145538459653052 0.24263953445992
0.0104307655672099 0.266956964418361 0.13682755289462 0.0581755874716361 0.219408803762106 0.308200325886067
0.0396140879075412 0.25716660137295 0.198797646717048 0.264689229132105 0.0927204509224563 0.147011983947899
0.0820369775846577 0.202308482461882 0.174433991706089 0.363772395228646 0.00054808028988324 0.176900072728842
0.0948259862877065 0.102917726421291 0.247501834363226 0.241824888315627 0.19223875992967 0.12069080468248
0.268557004563304 0.125892446826978 0.0565076246340952 0.146001107616019 0.174586084709771 0.228455731649834
0.157175180945659 0.179510534895099 0.201870727675469 0.206196269603383 0.152275596812196 0.102971690068194
0.0987251581356354 0.121589037139097 0.294147886713386 0.166765470875832 0.0262968874800979 0.292475559655952
0.149829917198022 0.266298377076338 0.089617067066819 0.193923221968078 0.253302890943339 0.0470285257474043
0.217115061895873 0.249615710653958 0.150033965829221 0.104738491853021 0.264507976835435 0.0139887929324912
0.207366462184455 0.161461359668631 0.212893774121844 0.0740454235778574 0.121879048819746 0.222353931627467
0.0711555385678062 0.13159221039629 0.239629862909212 0.118356593411366 0.227081338711373 0.212184456003953
0.16053275066248 0.180286292239834 0.251025644338055 0.160416306268316 0.234359302692006 0.0133797037993095
0.00627890587946375 0.148439924654009 0.263035438199894 0.181152986164131 0.157873563384433 0.243219181718069
0.0694045556003385 0.289237088717779 0.179083330673469 0.160010909054899 0.0864271714956915 0.215836944457823
0.152068513335056 0.1872633415505 0.178359877615793 0.186568702911657 0.255257967896553 0.0404815966904407
0.037335205345021 0.0755906003267027 0.222479543253909 0.205897293162626 0.223639563759527 0.235057794152214
0.1688453361302 0.143342266940665 0.164906724151598 0.237485441401547 0.0573831286132146 0.228037102762776
0.224759993223085 0.235477059625867 0.0988802294528128 0.150722410692968 0.185388736348661 0.104771570656607
0.0262784778746942 0.19841341032274 0.242784553429323 0.198529754965198 0.165274679457232 0.168719123950813
0.206287099340249 0.239087896808778 0.156427975250625 0.0291719732348677 0.214255362253647 0.154769693111834
0.275810607635013 0.0591195700831308 0.248090030437647 0.0218493286806329 0.0916748490906567 0.30345561407292
0.16673144552151 0.172001771251127 0.208092088501236 0.126726644955555 0.132753800529282 0.19369424924129
0.164089126672665 0.195193749700172 0.265068369874749 0.066220813243141 0.00470554929050412 0.304722391218769
0.228912678670268 0.238277592865518 0.124284062697541 0.0945919534106409 0.123798867154872 0.19013484520116
0.034787515185504 0.256743482771345 0.113141173321956 0.21174261127562 0.156340918214201 0.227244299231375
0.0640238262382409 0.0420278183458172 0.244017122584786 0.300758595559447 0.0639385488623581 0.285234088409351
0.141947812593772 0.153282242822148 0.263305257715119 0.22622406708309 0.0347437101539695 0.180496909631902
0.257084490312217 0.094305514811095 0.172989668730694 0.213953491610521 0.0323139011333617 0.22935293340211
0.0579045201325391 0.0506081488790756 0.148525112698634 0.39452771665876 0.0792990358911826 0.269135465739809
0.22540776533315 0.154205097947274 0.161861021033857 0.0367893717220827 0.179097632006174 0.242639111957462
0.00824699802410341 0.0951821732959298 0.195210874509622 0.280357115562207 0.0637404209213494 0.357262417686788
0.174753028579446 0.0557876867621179 0.226473083666959 0.013974692129953 0.257815740610677 0.271195768250847
0.257617984838684 0.047152442483697 0.174726741739691 0.159913288343836 0.151822260638345 0.208767281955748
0.103643445865901 0.487329776676115 0.0855394315417621 0.265292214057088 0.053681760455579 0.00451337140355573
0.0606013299526679 0.100167424822346 0.0904851969139766 0.317721635500656 0.385903981186228 0.0451204316241255
0.106023580162694 0.297655813164062 0.0161994570346865 0.151679181438552 0.245780250459813 0.182661717740192
0.310830799564261 0.0349436452462762 0.106827944416938 0.18116882818494 0.0393646009914492 0.326864181596135
0.251148098951643 0.27537637224564 0.0401184019794415 0.0907573528562156 0.134000374852813 0.208599399114248
0.158337301001117 0.294114155502465 0.00991420113300627 0.200944226747455 0.314919988321586 0.0217701272943714
0.263108002705135 0.0355650527382563 0.349243863399066 0.205401542907686 0.00413080374401668 0.14255073450584
0.198716400233892 0.266138912320424 0.189926151529093 0.0735209575490037 0.0471189946174502 0.224578583750137
0.111598703435469 0.255406616311911 0.0984679221338658 0.221734130221989 0.25209339751218 0.0606992303845846
0.122070340198011 0.112990774664298 0.0200423255729082 0.195068856166635 0.267987225128127 0.281840478270021
0.239309101872845 0.124969488950889 0.244603667838409 0.231292177562091 0.0518782954209406 0.107947268354825
0.120514261696965 0.34934204443089 0.113723511264878 0.0573590644826078 0.119670255043232 0.239390863081427
0.144575789511623 0.273473383192636 0.355733689830615 0.0718151172372547 0.0155003409579611 0.138901679269911
0.183584894586608 0.131929930625142 0.0618368753576558 0.206531608990233 0.233395112814675 0.182721577625687
0.0511166411857795 0.0872690024317358 0.307251620641929 0.304033875291387 0.201443144058212 0.0488857163909569
0.348570831865528 0.172342903561347 0.142924810312338 0.154631484769123 0.165499808389702 0.0160301611019605
0.0744498627617485 0.106345913659917 0.215936508797419 0.0584493353727473 0.334969074026429 0.20984930538174
0.273844879722709 0.158462860892713 0.0264041610137506 0.280212831622937 0.00189229672351817 0.259182970024372
0.0367198983613255 0.243324911253395 0.122778415478138 0.0126792813118799 0.153682269573475 0.430815224021787
0.195499165187951 0.244576255158594 0.00973849709530492 0.278479410691905 0.0633527154825523 0.208353956383692
0.0435020864082496 0.291285078796425 0.239476104243668 0.00496954899927143 0.0722470403587955 0.34852014119359
0.148914243295354 0.0403076167777482 0.3097475244423 0.0929433496357615 0.163347485248141 0.244739780600695
0.258018274261645 0.247081849156086 0.0114489690491027 0.103224991002374 0.219920329332734 0.160305587198057
0.0810841082082549 0.105888814595644 0.202377846877836 0.416122849746783 0.177037223275359 0.0174891572961234
0.144066329181887 0.181467687115685 0.247066125412774 0.0826945101559775 0.153416932600284 0.191288415533393
0.000756092139573841 0.0810554289638825 0.149511395237357 0.388683306429803 0.0633664500457017 0.316627327183682
0.185512253179374 0.1905644478801 0.0826444626944414 0.209461425141024 0.185050094414691 0.14676731669037
0.185830233115214 0.121717119444266 0.172848840411235 0.226518479955678 0.000435115956201494 0.292650211117406
0.232744212323367 0.156975822322562 0.260537868157742 0.103243605173886 0.206157516424502 0.0403409755979411
0.0224316267592664 0.126553238140108 0.172874383083491 0.293321640637362 0.154382817209423 0.23043629417035
0.249497551620485 0.0400441548324332 0.286982548220649 0.189067988461665 0.0912646946621785 0.14314306220259
0.276526418710403 0.183137397347117 0.0918694094771203 0.131544063943236 0.286139510170803 0.0307832003513209
0.0981241282046646 0.0601084117609225 0.081596637411041 0.227870036964415 0.258496059009573 0.273804726649384
0.106605848804308 0.00530814432018675 0.1636309729378 0.339520966783695 0.377773781867924 0.0071602852860868
0.0644301277819536 0.0869724071513786 0.267876311361369 0.175777952329423 0.107873698387797 0.297069502988079
0.219165848985597 0.194097014877225 0.144727584350629 0.0429460971956524 0.20774477059677 0.191318683994127
0.00835207818992298 0.198613313582524 0.0538383821293023 0.0337429567322129 0.348094343201357 0.357358926164681
0.156899599305213 0.335358615011657 0.111539350622222 0.257904195892469 0.0526217264867044 0.0856765126817344
0.0730083187839859 0.165844703968824 0.250765389017753 0.0784527811113336 0.154835260128623 0.277093546989481
0.142029387075476 0.101928228964934 0.195883865404951 0.194795386984814 0.256285977559909 0.109077154009917
0.0204713673633132 0.240774969136588 0.319912645604705 0.153380294469137 0.140764511315452 0.124696212110805
0.0470021510662486 0.21749261705934 0.320163853631743 0.0515019322261335 0.0551589571866836 0.308680488829851
0.205341312794205 0.261477489788896 0.237278605605605 0.0149906580701252 0.0160870310718561 0.264824902669314
0.0566293498157225 0.376095384540115 0.278616923173267 0.15130477321893 0.113596399348745 0.023757169903221
0.0359530634350714 0.260307724301613 0.38239508349749 0.120469841089599 0.153035067448308 0.0478392202279183
0.216278432373279 0.200136218633025 0.108300909016542 0.103870403505861 0.0740134355822965 0.297400600888997
0.232518830076388 0.157766916164085 0.225866515848721 0.0228484726298181 0.258043820583713 0.102955444697274
0.0594905100701665 0.367677889898971 0.0489190876101772 0.202903989725599 0.208068207789809 0.112940314905276
0.278319746436674 0.154762479672436 0.110603042431226 0.190433079911583 0.193945327691138 0.0719363238569429
0.200549440939959 0.170552589027775 0.036608060044676 0.133418866946616 0.179302454836804 0.27956858820417
0.190300732817901 0.146751004807465 0.159490782276693 0.134465001613323 0.200426085395686 0.168566393088931
0.179673561288627 0.154995433491627 0.115801895155194 0.187703120157879 0.175418278383345 0.186407711523328
0.182131122276635 0.171673427827814 0.198241691689574 0.165188806158126 0.0813375926874955 0.201427359360355
0.14785498720153 0.0569234361911328 0.214759996489957 0.23573782281404 0.127384593693563 0.217339163609778
0.104243746294423 0.12989479253273 0.258242843061442 0.290914495964382 0.0596602176864456 0.157043904460578
0.119269216634365 0.056828029887134 0.235298723051801 0.231784808209609 0.23022526488767 0.126593957329421
0.241013230299995 0.0382205935452136 0.244370510204696 0.217347911382322 0.167946191081767 0.0911015634860066
0.256281550760399 0.200212289521066 0.0686514765336529 0.0532788833026006 0.240289530644629 0.181286269237653
0.314715140184635 0.0238950734203134 0.238287648404355 0.262735828608032 0.0550958049784859 0.105270504404179
0.0814563106280857 0.169226029780023 0.0901434916575264 0.18568455137415 0.294098316945345 0.17939129961487
0.166140628836346 0.154179037539282 0.207689016520479 0.207383954660256 0.103131782421665 0.161475580021972
0.0927020637404587 0.249309538688113 0.281401252495873 0.200781277097029 0.141359372836935 0.034446495141592
0.249609074487028 0.181953495737636 0.0584237049875165 0.200861510061444 0.0683215922488579 0.240830622477518
0.288341601315414 0.0635063562145294 0.168274784028017 0.121019386855191 0.0899647090142688 0.26889316257258
0.317998589511461 0.129679210204258 0.114555723192567 0.280373509162774 0.0684179268834905 0.0889750410454495
0.268082050490556 0.29436059827586 0.00245826813513165 0.29795204717003 0.0532149364925075 0.0839320994359149
0.160850093086816 0.0502328490105163 0.240118704071649 0.27987413794913 0.230441052557662 0.0384831633242282
0.267646288107943 0.241847784607335 0.0938982459834695 0.0421881062933206 0.247119700165987 0.107299874841944
0.23976453305128 0.145138137457782 0.230543746875087 0.109162342865429 0.23725799905792 0.0381332406925018
0.131328995319214 0.326955234144236 0.0618827671263529 0.298943285608654 0.0715611755889154 0.109328542212628
0.126377372079173 0.0681479322954093 0.276406031569687 0.158780754456747 0.29879261604265 0.0714952935563333
0.0668205366410543 0.116142462172939 0.355123391494819 0.129672623955888 0.219201775352907 0.113039210382392
0.12578583934714 0.152211434965257 0.067350466274148 0.29061668564238 0.0240867818406431 0.339948791930432
0.0550690281667803 0.0918512592289995 0.225365946826191 0.0259067863568503 0.372628187968966 0.229178791452213
0.0390618194356153 0.296182879216315 0.222279486039997 0.323268826956036 0.0925547967521457 0.0266521915998901
0.176251573822508 0.0915768111875518 0.407868668833121 0.0649196028167142 0.18670608354142 0.072677259798686
0.0688972747447744 0.1013709990919 0.203910865410519 0.183978766913277 0.235552629191672 0.206289464647857
0.101130049367632 0.166123458556318 0.281364258535827 0.236175709780322 0.07080217912197 0.144404344637931
0.0946641991228284 0.202778535120466 0.243153337387558 0.156895935108279 0.22628069483825 0.0762272984226189
0.277618942394041 0.0830066493166142 0.152070762012255 0.158963321670464 0.259125894081073 0.0692144305255536
0.207784060915246 0.0933848320774429 0.228948362484899 0.0802051868755398 0.227114027595708 0.162563530051165
0.282771562525564 0.000558331392318053 0.181763089875593 0.242484246844881 0.173879633355209 0.118543136006435
0.316829296272513 0.0235952634977074 0.0286849962286158 0.461615756653887 0.0438684721346646 0.125406215212612
0.125855120878656 0.175825053203714 0.0518238115752855 0.0914927112038725 0.414977796845807 0.140025506292665
0.331239423619291 0.270466537468104 0.140487155455271 0.0379130136372377 0.0990254885697774 0.120868381250319
0.197391513923132 0.165259542813012 0.0547427944931063 0.170968704235221 0.209591782208242 0.202045662327286
0.155299652206622 0.108442804409662 0.32207603587817 0.108403221041639 0.142941697564198 0.16283658889971
0.0838352253972542 0.211625459810493 0.0525787251413376 0.0823234467058302 0.29264020298949 0.276996939955595
0.205097245347385 0.146540210899752 0.427721323408985 0.165552173951193 0.0305620074152137 0.0245270389774705
0.20849262772388 0.129683626987587 0.18620377719158 0.203563254590336 0.19253216898393 0.0795245445226865
0.0847428493441295 0.0377393343815628 0.261774685387855 0.218422530301647 0.186945589432639 0.210375011152166
0.158531943501669 0.3057152811053 0.106580311762164 0.1919632442606 0.199513162421152 0.0376960569491143
0.0705437720330364 0.354681982174671 0.0423579807662473 0.126986994016699 0.0887609198256126 0.316668351183733
0.0217843855135584 0.0327473087038668 0.262889779641794 0.19172274713715 0.244179030587131 0.246676748416499
0.117817360708619 0.120257237584187 0.237255956120919 0.104600586800868 0.222159676249453 0.197909182535955
0.133380019332384 0.150879643766146 0.182972532743424 0.14752995329711 0.136609095681607 0.248628755179329
0.1685807205547 0.253860120600282 0.173188170390335 0.157108902215587 0.00732679377863977 0.239935292460456
0.0224370880332751 0.209610454341166 0.141281244533807 0.281047268835555 0.242900756254758 0.10272318800144
0.288775611062633 0.259108142317477 0.0826617615041533 0.0109141890286744 0.16074462785796 0.197795668229102
0.267889734161228 0.14714615437439 0.106784850742183 0.197071283518455 0.178589092985135 0.102518884218608
0.077253669216698 0.317366818774041 0.0154533642158904 0.0964991717250204 0.175228825249946 0.318198150818404
0.0343369701606012 0.155117897641539 0.189890183511568 0.0408681475818242 0.245515247535066 0.334271553569401
0.309610049918133 0.149953456203615 0.186701580568042 0.062464360416444 0.191368302381719 0.099902250512048
0.0266002665088732 0.20343193922191 0.250764001118356 0.107997143572449 0.239219084268133 0.17198756531028
0.19826839010481 0.0383525990314997 0.0514492071263735 0.246097839716012 0.271652505834356 0.19417945818695
0.260928716877799 0.196142801339381 0.0261870975240666 0.0464374179757944 0.19642718018947 0.273876786093489
0.212986107569047 0.017581135163934 0.192267474827356 0.264520831199134 0.157890191785666 0.154754259454863
0.0534441954061591 0.0362676359918607 0.0671187606800539 0.121415304469617 0.407279495617188 0.314474607835121
0.0626552218584065 0.0589204146147158 0.179343520833518 0.258869429390623 0.191957821413685 0.248253591889052
0.256432252163266 0.138949684750896 0.146053946288573 0.267426492452771 0.027996182323204 0.16314144202129
0.176125900225522 0.075757804807285 0.0925160770059317 0.166281126980138 0.258129962622852 0.231189128358271
0.0197222079777395 0.0790163216541468 0.287742490438804 0.150119325785029 0.335100404154984 0.128299249989297
0.0707420974759739 0.213715587895876 0.0210011483819946 0.245706906599432 0.383816407505018 0.0650178521417049
0.274219495929629 0.197078971859852 0.100022811583897 0.275259006652676 0.0333275935209956 0.120092120452951
0.225181200375123 0.0403715913863427 0.265525982602551 0.0355405429287176 0.15326651960903 0.280114163098236
0.213929053447653 0.389419180946258 0.0434790515817297 0.0892051377334558 0.0148096732142303 0.249157903076674
0.233084436918479 0.249855576224787 0.305286460209932 0.0457959608403079 0.155872344330504 0.0101052214759912
0.167941148024194 0.238326767519985 0.0989241762377902 0.082432484033732 0.234540350627964 0.177835073556334
0.170195437577972 0.0586154013465413 0.0860489279475017 0.348840536585327 0.258410506210235 0.077889190332423
0.0774894268579673 0.263391938648294 0.330323847130057 0.00856565935627059 0.277936997453551 0.04229213055386
0.254260719440933 0.0743717806039009 0.195658689569433 0.157232743080149 0.2377901642856 0.080685903019984
0.248644404785363 0.174672775669568 0.043845985490969 0.249298662131471 0.0534394775016899 0.230098694420939
0.175693725397082 0.377073928363182 0.301020940754924 0.0381545186335299 0.0117991851229318 0.0962577017283495
0.132658397187673 0.358935145805974 0.107611295810665 0.0894926221882087 0.139006674873458 0.172295864134022
0.206465514633525 0.231562271856794 0.456465893225398 0.00558895058815865 0.0234500285393375 0.0764673411567868
0.582075850974044 0.320624277788643 0.0601502495403046 0.0216113639585336 0.00198064492262251 0.0135576128158523
0.307217641644818 0.286642679018392 0.00176922965388737 0.0704580264101592 0.0560840607657695 0.277828362506975
0.147627273112961 0.119070762337942 0.0289685740019166 0.229351696882186 0.246378352155609 0.228603341509384
0.0309199873196741 0.0680657503717616 0.350626974016778 0.352288175796315 0.0328812271425849 0.165217885352886
0.131032096524767 0.129161974246595 0.215748984063571 0.127418767224352 0.227226473183772 0.169411704756943
0.284281317865394 0.0381674456933308 0.265821296324143 0.136472454160874 0.0557760019612508 0.219481483995008
0.181277644070472 0.0491033457830486 0.175923724724479 0.138718601732553 0.132404091997105 0.322572591692342
0.0589403276792537 0.0628967568493967 0.313548210080019 0.206127413079594 0.138499245348571 0.219988046963165
0.118755212413656 0.104138626646636 0.243942171111449 0.172145983625302 0.110082503687881 0.250935502515076
0.0751983084724799 0.18207691290163 0.20025087962498 0.152941377058631 0.234410981765863 0.155121540176416
0.292696617748855 0.135925121466871 0.22825190730516 0.10545638510888 0.0188106948127897 0.218859273557444
0.179862833788172 0.204115259665799 0.157683766300469 0.212284701870322 0.221141544475691 0.0249118938995478
0.135649765344457 0.205247068580856 0.138848040582017 0.283361570565267 0.160260028571736 0.0766335263556672
0.0351008745611116 0.236912855306591 0.196432728956568 0.163952994794348 0.134508648630667 0.233091897750714
0.222103790306143 0.10661012017298 0.199556867513804 0.198842115704492 0.180174174319386 0.0927129319831952
0.0766148181927566 0.258935943063642 0.0214948446382779 0.115188098770823 0.194839852359109 0.332926442975391
0.280639011431573 0.190140760165889 0.0484821852657988 0.0455482401771112 0.140335970230299 0.294853832729329
0.153073842454348 0.187759900077897 0.221477849698085 0.0266579037596233 0.171919993707821 0.239110510302226
0.124803671168167 0.00157729436709654 0.422617931297169 0.0799595133669323 0.143510389086117 0.227531200714518
0.232297888538463 0.232770172616856 0.243274530851656 0.232384063920705 0.0279456338958424 0.0313277101764782
0.205760534602958 0.199262632400375 0.109776735492725 0.209596718867014 0.106481556768119 0.169121821868809
0.170174063577838 0.127282948749443 0.200462227667031 0.226410345636918 0.0993359914108298 0.17633442295794
0.0763996177134929 0.307882855551887 0.0576466478156871 0.0706176432605234 0.326564235408624 0.160889000249785
0.165764973484711 0.095425746426081 0.120787292075055 0.273727822936191 0.171687929915067 0.172606235162895
0.225651497671491 0.298661902208984 0.249844390402889 0.0226829565175474 0.0172454275399776 0.185913825659111
0.166234196617683 0.293391025592286 0.210057417515923 0.0259333741856062 0.148394629178016 0.155989356910485
0.170024926746953 0.126290606064267 0.240657117370193 0.154335258206614 0.0950003069612113 0.213691784650763
0.16196412009361 0.304625702814646 0.0167032137984531 0.0404236669547565 0.109654954962043 0.366628341376491
0.20874206046371 0.228803813701527 0.10107026927967 0.166099352603374 0.209566135164173 0.085718368787545
0.00903279353131861 0.260776716366483 0.220583030939829 0.114173461471812 0.291384216034855 0.104049781655702
0.00124693957392782 0.243608975807961 0.141953187317334 0.138120653563694 0.23979873362495 0.235271510112134
0.150990692013851 0.00219611512838327 0.0129438507555643 0.194513230105508 0.264603377196435 0.374752734800258
0.190227723505658 0.0367905415805147 0.0362586956174429 0.209095593667558 0.20549578578791 0.322131659840917
0.021417789095827 0.146896789084702 0.236500225290515 0.290061602464342 0.115723006477094 0.189400587587519
0.166637134725869 0.386527806632503 0.226759875615257 0.097383250017029 0.118660859483979 0.00403107352536337
0.00287436436902815 0.111887078732303 0.304616512398539 0.203847583071122 0.219822913395491 0.156951548033516
0.11752141966997 0.267864063972378 0.0646126258551021 0.269613272698828 0.27396444442349 0.00642417338023151
0.184156528208846 0.120354153686507 0.249203242302966 0.111566327978361 0.217388420643734 0.117331327179586
0.125752755749108 0.213706077047892 0.133229713091611 0.0256223943166568 0.222713717751386 0.278975342043347
0.197898100802303 0.254889346413929 0.0637844701997237 0.166185552521179 0.143333251744014 0.173909278318852
0.0863263046752004 0.343793483103775 0.00396570778706986 0.077517718191071 0.203357152250292 0.285039633992591
0.000987383760977064 0.269835773352174 0.225652391169659 0.178399065724035 0.226511428544922 0.0986139574482321
0.249931376661803 0.149905699037069 0.246880633319543 0.0102201536117479 0.0716497816405143 0.271412355729322
0.215075615300331 0.13232729996401 0.227249035747927 0.192899381065783 0.0465877867374878 0.185860881184462
0.224761692502467 0.0586468079175327 0.274722673664034 0.181115841287091 0.0583959896667644 0.202356994962111
0.264684726353481 0.316245659221279 0.0880049869611786 0.272951503968555 0.0105014473020872 0.0476116761934194
0.271076804536814 0.207437748343755 0.146938358801166 0.148863811120039 0.0889210084726941 0.136762268725532
0.206862188065045 0.272258693678015 0.292066449874189 0.03356621725858 0.0747897401805529 0.120456710943618
0.165076387663925 0.21152608325241 0.0510431071304843 0.0610808162806176 0.356582898637871 0.154690707034692
0.264462447827354 0.152595989134204 0.0602914790672948 0.232500159235286 0.0328204620972434 0.257329462638619
0.21425808665658 0.0261406657567455 0.0130643284024224 0.3024312768113 0.121258962425617 0.322846679947335
0.0476417438231333 0.328888077057625 0.253983769043351 0.000937829471687041 0.00125157557537919 0.367297005028824
0.123895316863368 0.0680482826861602 0.238076870976725 0.29456175300296 0.0652947039200244 0.210123072550763
0.122468370548941 0.170720717011333 0.184061023497718 0.140024538072865 0.261548572292174 0.121176778576968
0.258543162143651 0.223679319390788 0.0784682626851651 0.0502799647222429 0.268396654868669 0.120632636189484
0.242694133942704 0.19461716104851 0.21343549492812 0.0640610040398282 0.0608845590367186 0.224307647004119
0.162474425151029 0.185925474456486 0.174493858691454 0.211076145738948 0.0873962285718511 0.178633867390232
0.108365078526029 0.134443101809086 0.234939976313386 0.0501448510747711 0.378238947042385 0.0938680452343425
0.462679889182027 0.0531251430913543 0.146057268411556 0.171615331879574 0.0976535289848555 0.0688688384506335
0.0286373895026631 0.351485600921873 0.301343111466481 0.0187066179323728 0.246112017325266 0.0537152628513443
0.205867649528659 0.163722133138962 0.06613065654649 0.214155978018313 0.185272709702381 0.164850873065195
0.0989744855570769 0.149567601721139 0.205653340042426 0.158250424052843 0.160727370380805 0.22682677824571
0.0193811461225539 0.261409862087754 0.254352085917086 0.11238080521565 0.327468398343097 0.025007702313859
0.254958116443826 0.0188347787454519 0.0270077640957276 0.260621070888464 0.254708171147902 0.183870098678628
0.0254669318418839 0.249086337082068 0.0460209514156869 0.242060778058533 0.203658436505547 0.233706565096281
0.234456930420747 0.147728499992763 0.107250627528797 0.135860345173686 0.20687562843313 0.167827968450877
0.185367447215398 0.130620332843781 0.132975540396128 0.209994297558391 0.21799600155516 0.123046380431143
0.0630415687699903 0.308149538823592 0.317474779938042 0.113165908394117 0.140786605487909 0.0573815985863505
0.189285906784781 0.115388935771374 0.0374995834918674 0.218001939440416 0.21416077154577 0.225662862965791
0.333875543773423 0.00154762970493042 0.102805594895637 0.157771733288085 0.197579997573232 0.206419500764693
0.17398304592308 0.0442269529294282 0.220606018189464 0.156547866952624 0.186861330796282 0.217774785209123
0.0459513901133059 0.092696764065189 0.320278962935759 0.337566129594871 0.155702263373693 0.0478044899171814
0.233192579043781 0.102233243542022 0.183262953012995 0.0350658683151076 0.207173051561098 0.239072304524997
0.114779263003285 0.0271568942991546 0.243307013028015 0.156924484296822 0.222234010689527 0.235598334683197
0.0842989215850637 0.205808509195711 0.0858084668339026 0.28322782588875 0.0895441019961672 0.251312174500405
0.275802933340931 0.242055996489902 0.146874622328448 0.174500067078075 0.0731350250443572 0.087631355718286
0.141125061056892 0.00329084521879536 0.222543134139652 0.278374177876199 0.280488784392995 0.0741779973154668
0.209334440257531 0.204315617777895 0.13403582131274 0.16771243503424 0.172839036915583 0.111762648702009
0.464921507285336 0.197188387682252 0.174725655385556 0.0465516152005044 0.0513570839446993 0.0652557505016525
0.182006098427694 0.0625776433854246 0.240727004503679 0.0711848165676185 0.227947568257446 0.215556868858138
0.119283800748345 0.106023648265563 0.250985205956445 0.075727511129682 0.203616084135577 0.244363749764387
0.0451139040097526 0.117096123284897 0.265269915473638 0.257556149063793 0.202861480596321 0.112102427571598
0.193421661398101 0.169159720020612 0.0544524233013184 0.265256188591557 0.0380562860883756 0.279653720600037
0.14375291916858 0.101571353673393 0.399924425905538 0.143558742626741 0.177468369629042 0.0337241889967052
0.160735862088305 0.205870795001108 0.243362091579687 0.0314026517274453 0.0743996756731618 0.284228923930293
0.130478827386898 0.134368265867332 0.104820168472884 0.145996247052185 0.234238647134084 0.250097844086617
0.256088417950371 0.323561893455982 0.0194510725515494 0.191406460582577 0.175693551420921 0.0337986040385988
0.137553959570698 0.283742710453567 0.0235482186999806 0.312062684456085 0.239357559389209 0.00373486743045965
0.0591082931667364 0.394200356133825 0.132089135058272 0.27286144511466 0.0977981553093202 0.0439426152171859
0.100082462964184 0.157612166416771 0.306927283680631 0.399096955673333 0.0153385574422057 0.0209425738228759
0.00170877184450179 0.182443325513563 0.193764260357596 0.137100512323074 0.32186659013523 0.163116539826035
0.0519173722190887 0.125119384616912 0.333727975112346 0.135906803908604 0.228739797388976 0.124588666754073
0.089425968877397 0.260558037286853 0.226589419980433 0.244810558007922 0.10331875463824 0.0752972612091547
0.331501818043375 0.219100252802752 0.025462301432666 0.166167532945665 0.251954904234436 0.00581319054110596
0.0586994372823273 0.331969801763758 0.195799470314499 0.0861581943080173 0.272470448874482 0.0549026474569155
0.0645776907996573 0.179004805244814 0.101952177972977 0.242865134969199 0.227544137997667 0.184056053015686
0.00782997442269817 0.303866676158969 0.113214625869761 0.13144229263145 0.268349482809432 0.17529694810769
0.0110862881373276 0.194995598063759 0.196627552291785 0.274100948286955 0.0511140075730757 0.272075605647098
0.13447658588046 0.134517240656124 0.140396932003466 0.21819375245584 0.156020233898758 0.216395255105352
0.194455542336597 0.0271638489465816 0.243586074424645 0.161931191446117 0.200931483562369 0.171931859283691
0.0641130899313985 0.0756061581299931 0.424566658088949 0.266639829886199 0.141896387960113 0.0271778760033474
0.179477844219813 0.117951054063725 0.152266808186757 0.226163562710553 0.0313498388377539 0.292790891981397
0.176351053686199 0.175024720451877 0.239336303825293 0.0235406263712838 0.267050127744417 0.118697167920931
0.11470857738497 0.282321019710819 0.0289183633500632 0.00459060957161055 0.181490536221839 0.387970893760699
0.0272467766290756 0.217493453917068 0.0923996172676368 0.364166060559545 0.0247158785806105 0.273978213046064
0.24539630272336 0.14041134130549 0.0995482236645581 0.108162695416365 0.0654735067750164 0.341007930115211
0.0479170567304961 0.24340560558268 0.263076279809501 0.0501078536485372 0.0713499962538974 0.324143207974888
0.113290958947921 0.142872262655201 0.231179135324656 0.286864601736585 0.190640292762629 0.0351527485730076
0.145289805952658 0.184602427475056 0.177509709259627 0.182440181931384 0.173066560923455 0.13709131445782
0.166131913233966 0.0867919129797439 0.211805544135369 0.216899881847914 0.136764938601555 0.181605809201452
0.10136062685308 0.149444509179992 0.19601161564941 0.218864205947055 0.111847578898502 0.222471463471961
0.0526511215033968 0.123364217955697 0.266407173768994 0.201465250891757 0.128001553146325 0.228110682733831
0.247001275532652 0.15892479061453 0.176127648335157 0.193134414861198 0.201515652914818 0.0232962177416445
0.0435136292338743 0.00821159529118901 0.44528324610897 0.112063713501801 0.369269711429661 0.0216581044345048
0.201657301335575 0.0587054272133037 0.0417268676836578 0.215913099022092 0.16244121733879 0.319556087406582
0.214859338542822 0.194751592490463 0.0862545222211183 0.24132742277212 0.195628932248259 0.0671781917252184
0.203438222121015 0.0569432506258089 0.246572211390983 0.243859598210326 0.190021701420588 0.0591650162312796
0.211761428159187 0.247742285176594 0.140500514356482 0.100469295637881 0.101494744650943 0.198031732018913
0.223478479712716 0.0737031242734258 0.296258684967411 0.232140539475472 0.120370320775989 0.0540488507949864
0.0867635368865732 0.292987739463639 0.133889818822403 0.188002158406229 0.0915865111025817 0.206770235318574
0.141330414405358 0.12105081079466 0.211406646940419 0.320016504423677 0.0577296787398359 0.14846594469605
0.0760138199376352 0.126677490687701 0.00954834488793623 0.10244112556707 0.319883263235067 0.36543595568459
0.112443620042913 0.318090149963771 0.115652103379734 0.0301969865749844 0.261546456487593 0.162070683551005
0.214866994295421 0.0977349821548249 0.237183136175599 0.0161045789527178 0.234793352588012 0.199316955833426
0.0769391796559898 0.271011385116484 0.118132382639589 0.171920506663835 0.167245526763499 0.194751019160602
0.23874704217907 0.0210680188212585 0.174505223774012 0.00413658277624261 0.268459556492483 0.293083575956934
0.114257352091389 0.0197979619881106 0.278946676039414 0.208054983438843 0.264526385752162 0.114416640690081
0.224750524884236 0.0817695311602723 0.124792775454499 0.0100674171688998 0.229974105609453 0.32864564572264
0.318734104329782 0.0525056671435857 0.00439364231252982 0.36292147365527 0.254671027733092 0.00677408482574024
0.249676465978332 0.292140217051982 0.0492594319574443 0.311550030100554 0.0954968241087276 0.00187703080295959
0.174232785794265 0.0912987063283731 0.160771585963006 0.228717794350304 0.147482664090899 0.197496463473154
0.293005410962309 0.284426005457001 0.0514626449576204 0.235591009606093 0.118299861303212 0.0172150677137651
0.0574919808077589 0.233575158655237 0.159312047796461 0.169996295249548 0.186711282601085 0.19291323488991
0.0970573882418897 0.371476135427508 0.177091938757598 0.264574388753948 0.0278009329168641 0.0619992159021924
0.0702840595060499 0.204886586080706 0.0581056113269165 0.212383367969988 0.243377123811488 0.210963251304852
0.181453382348452 0.226177531030472 0.0846788803677063 0.184657232971594 0.0926893205825637 0.230343652699212
0.254824296158444 0.122683625665132 0.148796707246513 0.166361855003594 0.181879356834584 0.125454159091734
0.23908302747525 0.284773671799263 0.00623208110492706 0.0484507621032794 0.0770757831708227 0.344384674346458
0.33234737301554 0.111502259614787 0.0470766788187599 0.138567451705915 0.247831372693163 0.122674864151835
0.118098375063784 0.231022303012633 0.177340850082517 0.0783393095353065 0.16692741206253 0.228271750243229
0.434515566666191 0.0324621427963382 0.0299253876592187 0.126504674014679 0.294598144012303 0.0819940848512699
0.216664677589967 0.137617722117456 0.0627419165578006 0.219846465767947 0.131115068045862 0.232014149920967
0.00927180960319418 0.253058692949608 0.159292831473547 0.211697645056763 0.0816541158681119 0.285024905048776
0.222713043632481 0.131944082233262 0.208723160539829 0.0241904822669104 0.216486751374124 0.195942479953395
0.213253360850438 0.0961202431977797 0.0347673118181122 0.213038222096465 0.215078099042481 0.227742762994724
0.129217989167167 0.218420546246437 0.216888168542096 0.0214321834689267 0.255666039996436 0.158375072578937
0.243455215442052 0.0544544166587903 0.0341020239693233 0.0435958674906237 0.322504876552351 0.30188759988686
0.240594985971197 0.104061443567533 0.131127308193278 0.0611028775151122 0.16410306881877 0.299010315934109
0.249465061260225 0.0360286273746626 0.154366294168223 0.146703682079508 0.157251565155748 0.256184769961634
0.279117183009608 0.0556254432652456 0.0376519599385477 0.330444673400639 0.189344233330735 0.107816507055225
0.0508729434211722 0.192220862588555 0.240451704236836 0.150746925978509 0.133870119727857 0.231837444047071
0.225909231867707 0.162219672203862 0.0425278063987461 0.219072180868191 0.142995959556084 0.207275149105409
0.0708709945995042 0.272051385491423 0.0594146449626505 0.115309688881585 0.332024174997183 0.150329111067654
0.0590846159557007 0.185562258344952 0.0516241580828564 0.388632455419316 0.284683157822815 0.0304133543743599
0.129411326695529 0.0888489184106607 0.251102145584074 0.19827161882618 0.197686743495739 0.134679246987818
0.0845059837784403 0.138966913310126 0.273620550747098 0.127084576254376 0.279342406190133 0.0964795697198266
0.164095297649361 0.250351229132384 0.176290087328014 0.0620370310443662 0.152105604319745 0.19512075052613
0.290301423274357 0.257438872338663 0.272104886967435 0.113597354594765 0.0611215311393254 0.00543593168545474
0.117362327392641 0.0458298376383489 0.323079778526478 0.32138871059088 0.068889050539348 0.123450295312304
0.202701473318606 0.149117386913329 0.186384116836262 0.0781680652554592 0.148474855665663 0.235154102010681
0.172384671795013 0.321713368705315 0.0992676440248561 0.0279178302278176 0.194046594753566 0.184669890493433
0.0246088731601993 0.29560294261733 0.194798427247555 0.24627011395909 0.0986561171545401 0.140063525861285
0.131234958522213 0.372714515744888 0.0949540497635123 0.0649616557155453 0.116518611054843 0.219616209198998
0.159617749105887 0.18548744797328 0.304686810009529 0.0760516519404226 0.129663523080086 0.144492817890795
0.229496436781069 0.0331972880984881 0.228082087269903 0.0890184729255945 0.147261869798944 0.272943845126002
0.196614354655971 0.188616992147171 0.0231706726325103 0.233851994321631 0.186770796429016 0.170975189813699
0.175560315999453 0.242946385681563 0.205505024160007 0.0605564503880923 0.102472836770921 0.212958986999964
0.215726875746923 0.237176777024839 0.105135228884273 0.13268992711731 0.1181135650839 0.191157626142756
0.149413089228382 0.172111608038445 0.000132192646686282 0.306217217245124 0.250110708561457 0.122015184279905
0.225268939893286 0.152973990247098 0.271705560909474 0.137452797260358 0.212176522925942 0.00042218876384175
0.161180491960802 0.210678663184953 0.218927364412949 0.111070280631016 0.140918029240962 0.157225170569318
0.191533304054339 0.147474558289624 0.291232344770959 0.0438355168897436 0.0635498175013302 0.262374458494004
0.111135380130632 0.239153332232834 0.181552674777278 0.0451261645022052 0.255466975303935 0.167565473053115
0.277643209652654 0.126877152026533 0.209905120592222 0.0781808797972585 0.0706990081595217 0.23669462977181
0.0539331183435573 0.153412586326922 0.196090206355499 0.307014119945346 0.276634432134278 0.0129155368943975
0.266600994610619 0.200604547957181 0.113383465978956 0.0758317148739814 0.0486989576392453 0.294880318940017
0.237178767835548 0.228183864686719 0.105356181786685 0.104394788177085 0.230595379681495 0.0942910178324679
0.136895514868867 0.186477537255838 0.230568657929926 0.0462638431452096 0.288828955319146 0.110965491481012
0.127193103522532 0.249512202104877 0.0854296392062708 0.192652063998932 0.0928693947974529 0.252343596369936
0.161091873930926 0.114856607686475 0.178316852818911 0.110447098465569 0.339240078286887 0.096047488811231
0.298995825441888 0.0363631832620306 0.218376999051731 0.237475425850486 0.194674975139936 0.0141135912539285
0.348353639090679 0.143405926628104 0.408734199078485 0.0200706095365687 0.05747255469952 0.0219630709666439
0.140221265920196 0.214270474871584 0.145873754210492 0.178702189639989 0.213982572029505 0.106949743328235
0.307306970909263 0.209672240973811 0.102337139172633 0.0428960438183011 0.0375333528597454 0.300254252266247
0.294143245826052 0.0366984085798518 0.249136466309017 0.0813516346814689 0.19184335639166 0.14682688821195
0.0632265002005347 0.234332498804126 0.222584654335193 0.222076847266331 0.140301779691055 0.11747771970276
0.144643969704694 0.118149622598177 0.0876456329935067 0.295881718465893 0.347958689427276 0.00572036681045255
0.183256138216114 0.111633198229809 0.109500159295491 0.221513716069137 0.294757388502969 0.0793393996864794
0.237736907432221 0.125009085558677 0.21511340056379 0.161781955347415 0.102837477148653 0.157521173949245
0.086896641563323 0.218834754090896 0.224918190372375 0.230483020949358 0.00475093596650538 0.234116457057544
0.0241255959217436 0.0930505577711257 0.490704937056729 0.117013293114737 0.0145161035837695 0.260589512551896
0.133208388614093 0.250688996912436 0.331225063503183 0.172647163707258 0.101571274870542 0.010659112392488
0.19811169671106 0.103343709998386 0.176221569891929 0.114998185419275 0.202789116044961 0.204535721934388
0.0578499404118431 0.315344591753086 0.151394956181482 0.0980296122343741 0.294221651090502 0.0831592483287129
0.248583256399251 0.119451572966132 0.292116254748451 0.182788931645984 0.129054306538122 0.0280056777020597
0.00276156354023236 0.156020935130496 0.264112700946341 0.0518681972331141 0.221823636642707 0.303412966507111
0.0645267358489558 0.165395856331609 0.0698868515358649 0.146543792834306 0.223615143873477 0.330031619575787
0.15889857639786 0.202181955460716 0.0742952160849315 0.258774350125464 0.150285551128045 0.155564350802983
