0.0023429652893183 0.185389089214247 0.0488448932840075 0.154700596619023 0.116400405464258 0.273215974550884 0.219106075578262
0.0644074622725897 0.0620884144799632 0.265455927007703 0.0747995207950126 0.112376776409736 0.123282492141793 0.297589406893202
0.0503199151657305 0.135543418224525 0.135942808042111 0.072522528116396 0.212745265444996 0.180138739855616 0.212787325150626
0.122165268333422 0.0319152055844215 0.145548781028078 0.110491562440286 0.205205575372628 0.192793697600847 0.191879909640318
0.172762136707133 0.216759383719573 0.0604572858417638 0.0549046175614896 0.127307889775357 0.15950034983724 0.208308336557444
0.11360922093974 0.195931481905647 0.292870104601561 0.0180708978811123 0.174525313329433 0.0633121809276995 0.141680800414808
0.0949044878946522 0.230858769526394 0.196515033386093 0.0109863349323188 0.219796376179028 0.091646627385099 0.155292370696415
0.159872086420664 0.235802599744751 0.0783388361655535 0.179328872147213 0.331810870276463 0.0110339221649193 0.00381281308043606
0.10017180561032 0.176588722051157 0.185352579577557 0.0963574403332101 0.0407077918067352 0.206267950569758 0.194553710051264
0.0710166971702295 0.26433622081083 0.126714850175892 0.113894209757395 0.232059152499721 0.0626592823828255 0.129319587203107
0.118112981443912 0.201607929098501 0.144245825511703 0.0333118491559892 0.196303954707421 0.152500401328416 0.153917058754058
0.100434760616741 0.239281761947986 0.176501424088219 0.120742341192794 0.271318953469508 0.0521621654588782 0.0395585932258737
0.10395304659735 0.0826882417584371 0.253585528113602 0.215391537032905 0.169215720392787 0.127742637444758 0.0474232886601603
0.197804993020829 0.139713236544427 0.282913556838948 0.0582036358817181 0.292314666023967 0.0236079957677638 0.0054419159223467
0.105898537932144 0.262157337661925 0.253176765896327 0.252827299473094 0.0219897189236149 0.0446248813128537 0.0593254588000404
0.112466340846755 0.0785894686756594 0.157942032063889 0.210308767925946 0.0718384800635662 0.259768846238339 0.109086064185845
0.0832345050249843 0.0348627374043561 0.175036339130576 0.158708729999305 0.219234831671704 0.221169683869716 0.107753172899359
0.114577451849935 0.123369923993429 0.198581299649736 0.140342556074258 0.206575755395195 0.151076392102688 0.065476620934758
0.269971600973974 0.306344677544904 0.0484013843132211 0.0318893276517323 0.151973637528805 0.0153595952819906 0.176059776705373
0.16178281257236 0.2621064127264 0.0667174978487029 0.18845094359869 0.182803161420592 0.00402165768326656 0.134117514149988
0.248066101607831 0.0979943135201643 0.159723291056974 0.246482257315293 0.0267332202758628 0.0923754410708152 0.128625375153059
0.170263907471539 0.191884477201316 0.182875888068974 0.0188861948950083 0.19523429013782 0.0799785271434026 0.16087671508194
0.076370356745462 0.0696230166073901 0.232609940236197 0.149266925406599 0.172142276187004 0.140495730340913 0.159491754476435
0.287118141877142 0.187935541344429 0.0404221410243044 0.0515457040756008 0.252792218657473 0.0912225764305359 0.0889636765905148
0.160966996349031 0.110385713138903 0.0323448099770624 0.196764652500321 0.248692591374274 0.0134332995682265 0.237411937092182
0.135792248630541 0.117437757017989 0.0131529579076878 0.21347775839459 0.195296116835735 0.215010962399203 0.109832198814253
0.095190357353282 0.185159930184964 0.201055138036705 0.122079432060907 0.12499193552823 0.151943264859252 0.119579941976659
0.0820869851346738 0.19042213970986 0.111665568325726 0.0759692076828196 0.198772229725218 0.0590907338777648 0.281993135543938
0.301010861640386 0.154779177597838 0.0173868002306636 0.108370023756724 0.0430395481851671 0.179122701433978 0.196290887155243
0.139043591760267 0.089000951587444 0.0116470279804937 0.0876260797603065 0.250885606992794 0.224632827050947 0.197163914867748
0.286954015462459 0.0270230757071795 0.249005774201339 0.156762158160646 0.163664594364171 0.0661380646664136 0.0504523174377929
0.279463481452707 0.0343097917861344 0.0176436442758 0.145659542114835 0.160730955296684 0.22009251359196 0.14210007148188
0.243945896853083 0.0649036068312778 0.146649921215509 0.165776374658419 0.119956825053161 0.0947861308945262 0.163981244494023
0.170012231265318 0.0491969494940543 0.158145258734422 0.200088764392084 0.202911752300905 0.134502523081351 0.0851425207318672
0.221492449366403 0.156999856649843 0.202324652821037 0.0784784909146065 0.167363735958183 0.128020307550616 0.0453205067393119
0.107017273704348 0.200821203197932 0.123707552841472 0.0384948693040432 0.109535735071243 0.209673700394364 0.210749665486597
0.0614028834812278 0.0688057241050888 0.23856385696541 0.271040354063091 0.199096171777683 0.0416400930691141 0.119450916538386
0.163618072696842 0.117256678336901 0.199721664542979 0.0567400016874085 0.198848616913653 0.168906579090477 0.0949083867317397
0.149436717255534 0.0813197893715767 0.0462980558155988 0.263865773882646 0.156777331708685 0.204137795389898 0.098164536576061
0.266883190607631 0.106321614942831 0.221233209554618 0.0901054107218011 0.242151443140308 0.0532819637872153 0.0200231672455961
0.146353085411707 0.129344259122784 0.172126157788035 0.156647267897303 0.125393761717084 0.0729533235236755 0.197182144539412
0.285266930542681 0.238508804783744 0.0522794217192633 0.0956184330967896 0.0718682395161437 0.203862109996093 0.0525960603452847
0.349666614406787 0.00609773189419982 0.240056872630744 0.0078259884553373 0.233912826759916 0.00524028588351936 0.157199679969497
0.13681188315834 0.0280437874171791 0.0849363425166201 0.167481455271591 0.204005095760397 0.19337605560546 0.185345380270413
0.147101440069507 0.228653830436806 0.139338714773942 0.0646291609403652 0.342597365672183 0.0663376844701626 0.0113418036370345
0.153556067899578 0.193267403392699 0.132572066162345 0.161771334643207 0.107147242843612 0.0705888789940469 0.181097006064512
0.109325877502424 0.162639661948891 0.162032179317754 0.156465207650155 0.0582989174339725 0.202117743645471 0.149120412501332
0.050380393727967 0.287373135246576 0.131660762647883 0.0128171881096983 0.225784180896883 0.0823635745162631 0.209620764854729
0.0183408591264365 0.185306778240062 0.114851054428846 0.109763286113347 0.0857778122841557 0.167232739788584 0.318727470018569
0.155601689293889 0.110874061625729 0.0846913139083491 0.325626287766884 0.0261448107350452 0.0401817593286899 0.256880077341413
0.112026715768426 0.185537050082455 0.149586573698197 0.125389052461856 0.151626833182172 0.095997690050629 0.179836084756264
0.276906403773235 0.0598080926077966 0.0671131299095016 0.101702221285251 0.135410521104409 0.196184941358956 0.16287468996085
0.0808781660266966 0.0016712579312196 0.191796544114639 0.266563350969836 0.206701871339263 0.0291687125346347 0.223220097083711
0.229944958789911 0.201780959246094 0.114561424752018 0.0489680067652827 0.223788227403759 0.122940163719314 0.0580162593236218
0.157027521949468 0.157411988024538 0.00360705309885074 0.0940966004280545 0.318370365740038 0.0219650219932741 0.247521448765777
0.0879065620171872 0.0900325333891698 0.181983279367497 0.186982753759336 0.175354917374222 0.0941049730741609 0.183634981018428
0.0808082239565402 0.234510548552922 0.197304710891424 0.0887648091603716 0.0297358304757469 0.22396432537251 0.144911551590485
0.0902657479698039 0.366536790941488 0.108254922739143 0.12394948812269 0.0999924715061725 0.0514384422662406 0.159562136454463
0.0654528600719152 0.227960074878855 0.186763396456656 0.120654128522278 0.0702438643805318 0.0234439446154709 0.305481731074293
0.257755952765644 0.112558101682081 0.00928203565942347 0.312549086297177 0.138576338769206 0.0239289502190447 0.145349534607424
0.105216162272267 0.232119871696328 0.118901743118583 0.0895931628415484 0.0174504871708685 0.0916903564992059 0.345028216401199
0.174036656968575 0.172183050957344 0.157751495556049 0.0715860484996948 0.189698098017251 0.146865531213467 0.0878791187876196
0.102235657784884 0.230787215032802 0.0948998449500558 0.0142142934889703 0.0240985457746272 0.339374911611168 0.194389531357493
0.18809735486213 0.119863622653634 0.135799158661139 0.0463792284582182 0.151416234016826 0.192098462672902 0.16634593867515
0.135792652373914 0.22518462945395 0.0672754921666535 0.0838226048910227 0.100099934123204 0.17233863100517 0.215486055986086
0.0393040021668727 0.138137037895028 0.241439036760797 0.0825602688294758 0.100679928638528 0.0873708747886473 0.310508850920652
0.142132419770712 0.214050566699693 0.112588000143329 0.131137648401277 0.12327942898152 0.171413995733749 0.10539794026972
0.109354923834067 0.146220151956367 0.234622937650507 0.0698082081455126 0.192168033454876 0.0788135097801443 0.169012235178525
0.171906807732735 0.118958028666628 0.0386124924841846 0.172102450434371 0.196600828016733 0.160860973254494 0.140958419410854
0.144507752879189 0.24437834667236 0.152984608446262 0.15821971023401 0.0280724738992285 0.247175398585053 0.0246617092838974
0.113021236760585 0.170513709730243 0.0740123181917804 0.165293675418752 0.188722043615469 0.138092389468595 0.150344626814576
0.0522923913857983 0.0840390744641099 0.301671313599643 0.156530582607087 0.152580504850439 0.19151226803213 0.0613738650607924
0.0199399297929121 0.291879614204222 0.0707165888920356 0.210305733146706 0.062779897587986 0.0606444212281127 0.283733815148026
0.0666974290525441 0.307860409637901 0.138410555785538 0.0932874252838552 0.0787631510726409 0.0291458689877758 0.285835160179745
0.0110003713700973 0.0585763833107763 0.0211115642546217 0.370094728643832 0.0189129273405729 0.221316298538375 0.298987726541724
0.0572082041934118 0.210868084808499 0.00633026754017896 0.133070218361002 0.186255045802758 0.233954688544045 0.172313490750106
0.0976700503955807 0.200531601212794 0.0156323435531776 0.062514878462867 0.238529983904294 0.257621797591588 0.127499344879699
0.23338870078146 0.268851522133415 0.083773582286017 0.0626030318364061 0.0127104463325781 0.0614524107738932 0.277220305856231
0.159491046615246 0.115561981260766 0.0789142069657578 0.137588889222013 0.265855683809538 0.231888938707472 0.0106992534192062
0.0945384343962262 0.161462906097575 0.0151925263317755 0.15900457980003 0.228608608512324 0.241388070691161 0.0998048741709091
0.16229205983392 0.0405317074518662 0.0388074467706424 0.26705044913415 0.10386621332845 0.317663294361355 0.0697888291196162
0.155997545877386 0.165777676907813 0.164265902639611 0.252651185398747 0.0874315681369388 0.112244938898443 0.0616311821410606
0.122202959666827 0.127687868039607 0.0959934218714048 0.148452168573784 0.118483088660931 0.188555554958855 0.198624938228591
0.179542661297575 0.152029980472219 0.0445644932022788 0.000340190707500345 0.0694438746003584 0.276003422333861 0.278075377386208
0.123776960658366 0.104703835289274 0.281799650465929 0.148022339012181 0.0715070503489131 0.153230356986235 0.116959807239103
0.186855030346331 0.198186586960426 0.0932446152865755 0.0253557013034945 0.406312061746642 0.0815633964428587 0.00848260791367205
0.103133520257247 0.220084400843278 0.140957486335935 0.21181661338751 0.178755963700627 0.0899596974041902 0.055292318071213
0.179111077819283 0.0324906475529998 0.171193053864185 0.0500599079869739 0.214490196412358 0.224632740340148 0.128022376024053
0.116448947784141 0.170224868021933 0.0815885154861499 0.180980293554247 0.188493961383567 0.0980240627124282 0.164239351057533
0.081758754554705 0.0853458390968174 0.334723255069934 0.209000256460921 0.00832602267227099 0.002539648577584 0.278306223567768
0.227854979654161 0.153864030557304 0.137623216907569 0.0639801235789482 0.30555838643949 0.0223070293755624 0.0888122334869657
0.0892421283989904 0.215307114982584 0.0862403170373673 0.204883603006758 0.247752891473909 0.0526614208368577 0.103912524263533
0.174655468250943 0.288977785002514 0.0365020806079852 0.239589771385392 0.0285760260998494 0.222892671524281 0.00880619712903566
0.117830416917478 0.141458584714435 0.119206362939493 0.0901801252552736 0.217433317556621 0.232359617708313 0.0815315749083864
0.239380164170021 0.0383289524845637 0.130481884527349 0.0131052667722045 0.145530372749484 0.253052779278957 0.180120580017421
0.228107403022295 0.142731571148206 0.00872358352539299 0.315067943444881 0.15601789117493 0.133243643658047 0.0161079640262475
0.162571479517489 0.157606991823883 0.0129676222159303 0.192940599272764 0.189399084125555 0.19161521459065 0.0928990084537284
0.015026346087057 0.0315027412300757 0.246255976482574 0.170877268774316 0.217101603061951 0.0881880175247325 0.231048046839294
0.0231004853015147 0.124741610288327 0.0582398355523194 0.177668700404183 0.176907017180462 0.186134269230683 0.253208082042512
0.191064113211835 0.0807651473478459 0.179933723097826 0.189662694012628 0.00890179368482542 0.179759008783796 0.169913519861244
0.126810970601784 0.0164758883715155 0.0973698404688526 0.239181939540723 0.218802540990623 0.101337481560856 0.200021338465647
0.0348307173751543 0.0144376653405369 0.270359669983078 0.202203733273075 0.259626671447482 0.128235046856511 0.0903064957241622
0.239534880998509 0.238468638715211 0.0701574339058081 0.00973991552931503 0.11863357295541 0.135297608141493 0.188167949754254
0.12370455274048 0.188578002063333 0.194162685481491 0.114069516944462 0.00391801511036914 0.0699656411712546 0.30560158648861
0.154929642369778 0.155025924666532 0.205457155542814 0.140019295314216 0.192961535300185 0.111941742256438 0.0396647045500354
0.0747645597795691 0.250196666836143 0.121016760138188 0.160519660402345 0.143403152475003 0.0191671070270106 0.230932093341741
0.109319807947157 0.212509631577591 0.0105002230995984 0.197079492548257 0.225864057668997 0.0591086858987833 0.185618101259616
0.135542588316251 0.044413727140797 0.249584976075664 0.199287918540298 0.0337862395987579 0.271511915248787 0.0658726350794442
0.267396687198706 0.0769197960559348 0.0744431941710299 0.223971953707304 0.118398777323108 0.109114930031349 0.129754661512567
0.175101905533991 0.162849477516223 0.0277492090049287 0.323693903017539 0.0328945010580104 0.212975674202769 0.064735329666538
0.160789671380281 0.286166131628678 0.262812406438999 0.117201798080473 0.12648525465592 0.00141896898540278 0.0451257688302451
0.194457401428659 0.045297529516622 0.093486312250859 0.152801166049229 0.211454569580587 0.233398796339656 0.0691042248343884
0.124153524273918 0.245216364130404 0.0130553763909887 0.144699894931832 0.291871788720598 0.0721084578001165 0.108894593752142
0.241109727723551 0.0381582116568196 0.103996760386541 0.125895075814121 0.158080130072883 0.236959522656751 0.0958005716893333
0.148083485690086 0.0555863051777267 0.207441839192773 0.126024031434212 0.128112721686268 0.196391742336547 0.138359874482389
0.213557832344553 0.0987805326642879 0.245360870070597 0.0881717233240626 0.167454232587266 0.0809293488960619 0.105745460113171
0.199989198800396 0.245135700649283 0.0157740618750121 0.163285557194043 0.193445232762214 0.173533818318841 0.00883643040021085
0.159626474798001 0.226655331132332 0.0525122867402949 0.0466826265012155 0.0989549430384564 0.185181949001174 0.230386388788526
0.149407164904435 0.103830750344249 0.187192755619095 0.107762604422146 0.222497513694079 0.110527461037518 0.118781749978478
0.25629892844841 0.177127572715826 0.248986324725582 0.128634983838735 0.0162767676225786 0.101169202271316 0.0715062203775528
0.167257906618477 0.0610682539442761 0.248230231309797 0.140373913570755 0.131077871003784 0.12271257107078 0.129279252482132
0.157957350109591 0.199345393556494 0.0259098753662288 0.185503752817401 0.17449867037344 0.139266145413203 0.117518812363642
0.133375574534188 0.211073675316477 0.105175076119604 0.153774660884564 0.109313266297388 0.031795498150419 0.25549224869736
0.190484494699385 0.166098787417942 0.161717059567946 0.0631300190026751 0.132243293641364 0.196044689078307 0.0902816565923809
0.0161416793536145 0.175969147498496 0.151119535299495 0.107539993391219 0.122971653172454 0.217815042840788 0.208442948443934
0.149703641159399 0.228865539171457 0.121869284124062 0.00462149897967596 0.154781092068348 0.220308416124858 0.1198505283722
0.131289531344084 0.101699727331061 0.0778043076130887 0.305598492188782 0.101479350052919 0.105457806575205 0.17667078489486
0.24576472368387 0.121251666160313 0.225360364062393 0.241614462303869 0.0402890055917738 0.0289518105448215 0.0967679676529595
0.242441628390228 0.2267257700379 0.0903509080973074 0.108950408246233 0.00182943513034693 0.0797668348366043 0.249935015261381
0.206238846423127 0.216141121487113 0.0216769380766491 0.128580126861645 0.048396944060667 0.116446761072214 0.262519262018585
0.0804014544834214 0.000627360597822395 0.277412572553195 0.100946079961016 0.0819141871376515 0.268646835514629 0.190051509752265
0.0994433716674253 0.078472003809915 0.180480078221285 0.0794046764885619 0.216057750394705 0.0201575073187717 0.325984612099336
0.0279414716810806 0.122919584936955 0.354675428440105 0.179586675585604 0.105700324533817 0.0374617731988107 0.171714741623628
0.191002729493656 0.230213199176809 0.1185970632336 0.102062096002178 0.0288846833014147 0.0607783245372598 0.268461904255083
0.0984451219738593 0.107680837081405 0.211899437358002 0.176923054593142 0.159872019374945 0.128534497300767 0.11664503231788
0.170744707224763 0.0851206407400937 0.0465916212940658 0.0954952838713026 0.286955018643512 0.248660020314527 0.0664327079117364
0.188828315379583 0.154070904555215 0.223997277855093 0.0896964517742607 0.0017141212032058 0.156893389990257 0.184799539242386
0.11728321063421 0.209904291422423 0.0934027446273248 0.170143021720453 0.114658838909324 0.122533902295007 0.172073990391258
0.0854906047902565 0.107179743535861 0.0800771698863402 0.238369918570541 0.0737774596643145 0.1836583933639 0.231446710188787
0.0873006198942466 0.251753739889289 0.0404568814639893 0.21206342725896 0.259374453467877 0.0113799221958275 0.137670955829811
0.191210561698298 0.308095028035469 0.104070504513045 0.0365784976356866 0.019678531089086 0.088257808717223 0.252109068311192
0.105348135542075 0.166463630924703 0.166214685067136 0.173109562526598 0.147555620164269 0.146838487611336 0.0944698781638842
0.0473160013832307 0.16094685410204 0.184799461057033 0.0373235493841042 0.242868892966485 0.238098133732836 0.0886471073742708
0.157570167310148 0.112137579818664 0.215450050367416 0.0516431732778571 0.114346424379797 0.152089746973834 0.196762857872284
0.118318152043549 0.214309759711847 0.0356647640830359 0.17226958552783 0.220856603832766 0.0233357771991653 0.215245357601807
0.214614055007798 0.129206729436628 0.237483377852531 0.111039268022001 0.0328372172899636 0.150669105438014 0.124150246953064
0.135775975528509 0.31388672911345 0.0387154052677786 0.159228005940269 0.13569568386965 0.0984365097009842 0.118261690579358
0.23601789414692 0.0427496502247017 0.144423171216129 0.0829153205250602 0.148679667934546 0.157703370571665 0.187510925380979
0.0127641021509006 0.112173479230782 0.0860224056859165 0.199122970886206 0.099297351878123 0.193469003716181 0.29715068645189
0.152230095724812 0.205854071244086 0.0262736608816467 0.0686990272860638 0.166289592939981 0.179923035600987 0.200730516322423
0.0901985672430272 0.307007273011349 0.253246723471423 0.159031594669262 0.0271258011655091 0.14214219216885 0.0212478482705788
0.140904441809873 0.250032854694837 0.0568145740751056 0.117255580945659 0.139758422954531 0.228066786417308 0.0671673391026862
0.137678255057466 0.0378334664059311 0.105721017003657 0.256007950068524 0.34435937726331 0.071571383898935 0.0468285503021762
0.25292143973811 0.141700464130559 0.0307275073050233 0.0803473015431623 0.262640417462252 0.0260376253888617 0.205625244432031
0.238139472933381 0.0298892521090559 0.0752722410454093 0.158513759299531 0.104482232369382 0.0975326591059498 0.296170383137291
0.0934448968615788 0.225073057393707 0.190954010770306 0.134902206618721 0.21907247221751 0.0569825039717331 0.0795708521664444
0.20106117627662 0.125209210589686 0.210443757864911 0.0582361052285261 0.268534795889745 0.111552588775302 0.02496236537521
0.112379234082543 0.242829827621387 0.0526664868989431 0.176558811540313 0.242262203303162 0.0695811624386049 0.103722274115047
0.169535192703989 0.0821536354889858 0.247774124052698 0.0511240410506096 0.0875555011577345 0.260812950139037 0.101044555406946
0.167331275944576 0.0285696708956034 0.0647460467112119 0.204037108594876 0.216111160971806 0.0669276614355957 0.252277075446331
0.15501456839203 0.1172302954793 0.0446959636074421 0.151649808003263 0.20070309553076 0.0309644463130095 0.299741822674195
0.185969156122527 0.13893420757697 0.224580450409863 0.118534183107845 0.0896580424862251 0.023804708098987 0.218519252197583
0.264479309834065 0.248375844582887 0.0487395566922517 0.0469028732696348 0.0789321144539425 0.20428458902076 0.10828571214646
0.112787812873665 0.0352998699583421 0.3070041714701 0.175912691034644 0.113616539610087 0.123906489397104 0.131472425656058
0.108961799201405 0.236683777647596 0.0625960441722658 0.269509278778998 0.223266742792484 0.0887184241050289 0.0102639333022232
0.142377464927248 0.0635516800716921 0.200316296072057 0.101654039508832 0.176573549457007 0.11354030084028 0.201986669122884
0.0118472979316756 0.0716621350719585 0.254716843462912 0.190705967680544 0.164153389249194 0.256044248840349 0.0508701177633662
0.259122235527235 0.113428870233527 0.0426052844609916 0.178853136803594 0.116127838142448 0.157406499942201 0.132456134890004
0.105219569353573 0.131791257747379 0.0621282963229789 0.061570505224795 0.199392177031742 0.213325175296811 0.226573019022721
0.0820185960712658 0.160112597246753 0.198105573774109 0.171534117340973 0.0947961610415921 0.196568491190641 0.0968644633346648
0.288526366473881 0.227081012691752 0.0607169916080395 0.0252149421498243 0.0384838524329585 0.0979863615471321 0.261990473096413
0.167145010230956 0.140386480794024 0.212566210302782 0.226215676014143 0.0197106235151829 0.13847026600535 0.0955057331375627
0.23300784168762 0.217121730273552 0.2049670248697 0.0752639456980904 0.00661890861850093 0.193385061334954 0.0696354875175834
0.156429994848669 0.054902798431301 0.160001529198193 0.141852337095661 0.226270092622267 0.2010426258716 0.0595006219323092
0.125201224315056 0.402238311458896 0.00999322060635185 0.0567196140961607 0.198770786372862 0.15249768660007 0.0545791565506028
0.105218019501277 0.227376727445449 0.150243462057999 0.230744856701592 0.0350312498573021 0.150471771709424 0.100913912726957
0.194281430600485 0.254081205400903 0.0423730909294802 0.193046226813421 0.138119189277922 0.170869871309102 0.00722898566868628
0.0608822400445012 0.082922770340383 0.307748010248268 0.0489415990599482 0.190862415753963 0.240890868120168 0.0677520964327681
0.117381676155729 0.111676573913185 0.17101120006112 0.102249917495268 0.170434328356973 0.174800792449986 0.152445511567739
0.12358709883497 0.102590144243954 0.0919877575742104 0.189836281638431 0.0538533446137198 0.252213581274084 0.185931791820631
0.0591729790770712 0.019012093564549 0.0623520487459857 0.413426404894955 0.00143733900273157 0.261161786917124 0.183437347797584
0.106022893261821 0.126347305245333 0.0425639925716396 0.0282847364336311 0.267051474209166 0.244200962286785 0.185528635991625
0.256734291078067 0.0136616923701085 0.0207374552836772 0.131236252410953 0.266658423748885 0.285247469276795 0.0257244158315138
0.198558037809465 0.0790583784784766 0.139128388588932 0.165069051353942 0.102713819317103 0.224614544000089 0.0908577804519924
0.26807544765552 0.214735045179238 0.14410778652538 0.017264661728228 0.0679229874689422 0.202142905667246 0.0857511657754451
0.181137946698899 0.195490850977592 0.179267621503006 0.0225462361459876 0.0892130910021807 0.180145907132927 0.152198346539408
0.205097372990805 0.0949048273578684 0.216431528871566 0.0809489069010912 0.147794678952234 0.0453087935485892 0.209513891377846
0.197507999127008 0.0904644125746139 0.213524471839165 0.0494964099206794 0.17710760169124 0.219018592242526 0.0528805126047679
0.207953364478574 0.103167578325997 0.0154431527420961 0.12483477491747 0.103480065009354 0.237353925044632 0.207767139481877
0.0190860982046815 0.189586180486699 0.252024154665016 0.14943721250919 0.279492330650868 0.0101250954520995 0.100248928031446
0.123839517069791 0.209520565375004 0.000181426629503344 0.217293782490267 0.0120034753833996 0.126885180501419 0.310276052550616
0.0713419385321358 0.112023985338793 0.221405808508022 0.217963128400462 0.157780192216511 0.206411593177796 0.0130733538262799
0.114004369526979 0.197537125157742 0.0528977387168598 0.184666393879965 0.0393294851544943 0.180590504895629 0.230974382668331
0.216318058544723 0.0622110100052699 0.129886230236656 0.04221043206405 0.235643588129266 0.0967508148260958 0.21697986619394
0.159178809596089 0.0916617461137988 0.234910997888573 0.0978547999046211 0.100388054604186 0.2328243472759 0.083181244616832
0.128737849502275 0.200118592183008 0.160469059571265 0.0485493249633037 0.257136193759101 0.111663382170348 0.093325597850701
0.124174046166011 0.187034422312366 0.0920280804137376 0.171924294018205 0.0236173122383022 0.266429241269506 0.134792603581871
0.27521048628377 0.104094099839063 0.320635435861612 0.0819541492942544 0.0537676069607179 0.039846252569332 0.124491969191251
0.189707793507412 0.223673683254286 0.0429410559527561 0.11538170788874 0.0318443466091934 0.346336363631794 0.050115049155818
0.0695073889194822 0.0380877275219647 0.280119445334537 0.0227917623043183 0.244538435191431 0.195866080100411 0.149089160627856
0.181838398567809 0.101747048214926 0.00318798104956172 0.245596105213176 0.089985540892024 0.217884425173235 0.159760500889268
0.108943592630819 0.204132204507962 0.203634563509979 0.143088308100508 0.204503318405787 0.0209931333608818 0.114704879484062
0.121353353181345 0.025293370373288 0.292636092007318 0.272419293905783 0.159605469406248 0.0476781740558053 0.0810142470702113
0.055779672386647 0.162965489836613 0.106050441755647 0.23780700753401 0.0241866509797375 0.21970277021627 0.193507967291076
0.16025475692 0.200674454480936 0.0418530128359066 0.117608222488567 0.189745053165059 0.253931545241361 0.0359329548681687
0.1340492785839 0.144502709633957 0.14704442335132 0.11850205285757 0.232993682094595 0.203445734723983 0.0194621187546751
0.154647974423747 0.24584570455413 0.0755377423565347 0.286144545725696 0.0211101954340475 0.131143636991827 0.0855702005140178
0.0989026193907607 0.292911379115403 0.227787255462262 0.12659592326946 0.014676785514342 0.208858593380591 0.0302674438671812
0.0320784143165975 0.0146962386189786 0.0098705518691094 0.253781187643917 0.323724994366306 0.0544444190251002 0.311404194159991
0.179233021154535 0.164387424796631 0.139359775047274 0.0233917827055257 0.170002635250921 0.162852482218219 0.160772878826895
0.216472320075857 0.195895708315355 0.0999955254888629 0.137592827492774 0.145693307621313 0.176772281425826 0.0275780295800128
0.17382084978538 0.148057784322897 0.0566650162074715 0.192490743347721 0.183642437420201 0.0221856661246935 0.223137502791636
0.064389989502569 0.0362392116488147 0.291578801139171 0.0928040208911595 0.204580906891367 0.0351347962017494 0.275272273725169
0.224448551277648 0.101283061868205 0.273680811400472 0.217182621672772 0.0943406885838808 0.0500621594225059 0.0390021057745156
0.173723491977264 0.158255611961495 0.164496606193526 0.0494244572868871 0.216045556754064 0.0560195796873326 0.182034696139432
0.320888567136427 0.0213469773231476 0.140496872866671 0.12749552741397 0.101470972992806 0.181230331992074 0.107070750274904
0.185073447033997 0.227724297222543 0.0176996454302887 0.0728485223768933 0.25217911253049 0.0262439521077328 0.218231023298055
0.0952058801620312 0.20593406702603 0.149680930252828 0.0496344108009131 0.334597174953556 0.163791797776046 0.00115573902859577
0.177252212990794 0.0835978148501417 0.177487545772398 0.191828947966222 0.0424632271742302 0.165633418942683 0.161736832303531
0.202829621468457 0.197585042886061 0.0698096112238805 0.159392982993167 0.0256542911211355 0.202229559954529 0.14249889035277
0.0808661292855801 0.182611657721812 0.236680964578854 0.0360918843874809 0.0247352124545101 0.170932076748683 0.268082074823079
0.213822232137027 0.183625572956355 0.177550014392629 0.128166008757905 0.159054708898044 0.0785974361470469 0.0591840267109928
0.292497237836483 0.115164899651012 0.118133039077854 0.1818459551404 0.0312668891413602 0.216446798572961 0.0446451805799303
0.0162211934490834 0.186848587537584 0.0374507301853584 0.123732939608657 0.290071032789991 0.05633717902961 0.289338337399716
0.0960052454618468 0.159071228662371 0.0878380048056787 0.0779923252491243 0.200880095684638 0.144968184457775 0.233244915678567
0.17593291668272 0.157414107845884 0.0896675121914661 0.154075735336845 0.157563494068034 0.201145368983909 0.0642008648911415
0.159689589373313 0.00717707297349059 0.0557246319041412 0.139085654452659 0.0113033384043347 0.359374854932983 0.267644857959078
0.134602442846101 0.260633898860423 0.0104630643846591 0.0698936514342053 0.257529517290156 0.125275852923049 0.141601572261407
0.177927759161999 0.0934677389733375 0.103168793431112 0.12730474157284 0.158635827378614 0.171402064230502 0.168093075251596
0.197278099378114 0.0609404543220058 0.0777849921817521 0.122108261909955 0.23531230087785 0.193835146776886 0.112740744553436
0.117101876268998 0.142597363275576 0.1627288207811 0.136744547338676 0.143357848784638 0.09309698472483 0.204372558826183
0.209809963377967 0.165666216334466 0.0333271761868064 0.0693726437730206 0.260912186350227 0.25540384581001 0.00550796816750184
0.0962512503780026 0.219318118562337 0.056737209041988 0.121641109297796 0.111540585382294 0.221872056251627 0.172639671085955
0.137355498827327 0.0978662451273994 0.17742315244783 0.217699961867526 0.14930867665613 0.158725960736062 0.0616205043377255
0.208843418564727 0.273394312728408 0.105347302822713 0.108205077376122 0.203281003234338 0.0244509320910936 0.0764779531825986
0.261278335278198 0.140259503663756 0.0456166516703197 0.215542656362017 0.268527019502737 0.0606421736136711 0.00813365990930215
0.14757888519062 0.23337029639236 0.270893732405989 0.0369290583014479 0.0420540317568975 0.18864728094081 0.0805267150118749
0.142949856857457 0.145526342303841 0.309650732429187 0.0192530303614742 0.176374194896067 0.155141038352006 0.0511048047999668
0.188607354671157 0.175293784566796 0.12395014941929 0.155936360843362 0.0306224543245803 0.134667414291339 0.190922481883475
0.221637465886998 0.0665091260001211 0.223624042650645 0.176645658991839 0.222455640511315 0.0283989771393435 0.0607290888197396
0.113351561923075 0.237591666026137 0.24017563433147 0.176630535124955 0.0108556200408241 0.0385395914527672 0.182855391100773
0.173671598305238 0.23633955028275 0.215847766158954 0.188364194875923 0.0486660859044478 0.0406795754027549 0.0964312290699314
0.0730943776061153 0.0169452241482736 0.350039076088565 0.174154701981529 0.0599279267752173 0.14126638467602 0.184572308724279
0.051447742704826 0.111676634941036 0.272797206773066 0.159449309474089 0.118234882477908 0.270643852014697 0.0157503716143786
0.0868720418503225 0.232813008509415 0.0781571900528209 0.1363722557642 0.243726806738202 0.17787452381348 0.0441841732715592
0.167296514502725 0.223773276852398 0.0804308263170524 0.161730273423409 0.15763761947659 0.144922872223472 0.0642086172043534
0.056567359737008 0.27798890505978 0.0767370676301394 0.203399398884323 0.256422581175396 0.0205171156640023 0.108367571849351
0.1318833008599 0.111309278929414 0.194639746885828 0.109743282442391 0.169289482027897 0.187840661114128 0.0952942477404402
0.0303590078053939 0.181805886361698 0.183483069142683 0.135518509053927 0.264187654536623 0.0631800500726676 0.141465823027008
0.16943242430327 0.107310142064641 0.175364328448139 0.0737327801043958 0.139045762331352 0.227632663742236 0.107481899005966
0.0013105848456719 0.267986816017899 0.183833584667304 0.0698934568810435 0.193971229986826 0.0148091826896065 0.268195144911649
0.0239593188620543 0.195759814027769 0.269805674913611 0.0230438814712776 0.164402578113527 0.223974501793023 0.0990542308187379
0.188980197269777 0.161620019196686 0.0921986828832357 0.225385884119361 0.0143977435983029 0.187854768692976 0.129562704239662
0.0266757813216813 0.174126629099198 0.13186280248665 0.0457088975158514 0.349834343867379 0.0765362260594623 0.195255319649778
0.0709527433519875 0.0168822036287323 0.295454431619582 0.0774049362543535 0.298609873809363 0.189894776559586 0.0508010347763958
0.176880673473003 0.178076323588968 0.00679147565955207 0.125950640830195 0.19945066156902 0.219806585106439 0.0930436397728235
0.186424862421147 0.151995583161615 0.143425280848438 0.02909748070582 0.229281564569182 0.0412733572229062 0.218501871070891
0.20947555263299 0.00394612207408287 0.0391679579168807 0.336411639746535 0.0283055536231727 0.205874889307002 0.176818284699336
0.0933508063245303 0.111906057541748 0.240953422482469 0.12500971391723 0.121239340000274 0.283072238250784 0.0244684214829646
0.175552972937204 0.205640664254909 0.249174592467775 0.00973651335791964 0.00497132929536596 0.18404827694665 0.170875650740177
0.118461409693695 0.221059163732875 0.163187439038152 0.222531731786033 0.199727880778199 0.0189698382319916 0.0560625367390541
0.150028974072523 0.240623827026819 0.152375229841203 0.0288922589815919 0.00039033034309627 0.211654427399849 0.216034952334918
0.0409136494585434 0.294067526191427 0.0170323499921553 0.298921756312706 0.0187875260363227 0.196460865087005 0.133816326921841
0.154509435939 0.151188157307728 0.212864931272679 0.0286274300709792 0.0780080622213252 0.158586317304903 0.216215665883386
0.218685175207115 0.229343307475513 0.0640205213302813 0.169368496633784 0.0189105206640628 0.134984358838012 0.164687619851231
0.218520751883385 0.163624655518395 0.118881469653904 0.0828816559287708 0.200495504257823 0.0332212412299693 0.182374721527753
0.308476730030728 0.0686293992892144 0.150172042343512 0.074270329294923 0.198767520377291 0.149778584645025 0.0499053940193076
0.090390909420398 0.227048593236309 0.102712196006954 0.218066302353488 0.0531599186070087 0.123264482595206 0.185357597780635
0.124604416439444 0.183719974360801 0.0500533446057246 0.160538906559894 0.133498050952684 0.185176004300806 0.162409302780647
0.242771001409458 0.0421914047299128 0.278716605006172 0.00725002006675413 0.235519550683898 0.00388338833831994 0.189668029765484
0.165619858606203 0.205071310609752 0.00107679187758888 0.208052075193481 0.145058090000635 0.2054678272952 0.0696540464171398
0.0192028126354933 0.224313058033639 0.219706918877246 0.131250299135751 0.216540256188347 0.120270978278466 0.0687156768510568
0.111534214099736 0.278614629864767 0.222787598602896 0.124350432032501 0.119278629267206 0.0355134428983793 0.107921053234515
0.0672260397657511 0.138995060694243 0.162831004945097 0.207082357999189 0.26992096433576 0.104935313078859 0.0490092591811003
0.0115457535341103 0.181186557844755 0.244757157372974 0.115107823984108 0.207381068265325 0.178989103397877 0.0610325356008509
0.127562964679862 0.140626613832058 0.139889740467484 0.167935086385608 0.12351573245067 0.150516665933535 0.149953196250783
0.187488265209504 0.182724432646275 0.0654579235844972 0.159881677032791 0.1042903874091 0.184961712180209 0.115195601937623
0.226825227188028 0.0391405170282074 0.215526374277298 0.0851191228837371 0.120879162096511 0.264548919462335 0.0479606770638844
0.206955244927671 0.123475024041247 0.0807792004025562 0.274169680772155 0.18824227484384 0.0698838108633687 0.0564947641491621
0.180479586279767 0.180149605952486 0.112007280669646 0.226503846505599 0.0370104126374517 0.169920333094534 0.0939289348605166
0.082689353072837 0.00304782678259743 0.0242447669673005 0.213329704640008 0.375626590977281 0.223109181668354 0.077952575891622
0.0640921311132922 0.218401224190097 0.247735416027818 0.25305719980191 0.0692891492531873 0.0846047598534769 0.0628201197602191
0.232795903665185 0.0404595984747017 0.126361895930738 0.140169024928668 0.0741083084602037 0.259880751017115 0.12622451752339
0.364722107876346 0.243093443010857 0.0326010234452753 0.00553375779263767 0.256199931828754 0.0776471668377734 0.0202025692083572
0.139297078346191 0.128178762526497 0.205103643857855 0.0554618950187127 0.164700904797868 0.115496753620166 0.19176096183271
0.0681295652750678 0.222583701191112 0.182200245733634 0.145340737520216 0.071813305686249 0.232749695732161 0.0771827488615607
0.171839585979945 0.130204538280582 0.0283038715123468 0.199709043318719 0.196658928375698 0.135227291538565 0.138056740994143
0.101512227674997 0.156595967589873 0.208449285799191 0.184611238695381 0.189014745927764 0.131236923031591 0.0285796112812033
0.0206654627698124 0.181824051017686 0.261425689765691 0.0947198760943054 0.128440766363554 0.301521143053197 0.0114030109357544
0.299507635678049 0.22815206210113 0.0159509417057112 0.0125880686229974 0.275340757377542 0.157448124463115 0.0110124100514561
0.0863536110208479 0.11582952577518 0.101425955035865 0.284345012662783 0.180582035847981 0.0296652400562604 0.201798619601083
0.017988987448729 0.126768514691706 0.0427402709508934 0.393523592984635 0.0697594812027641 0.163805011462505 0.185414141258768
0.0780172622941726 0.213898975627889 0.0640541995518332 0.033839704733001 0.221751435226724 0.151738771867903 0.236699650698477
0.00501975561577002 0.0961814902638238 0.28352279215792 0.160598220058008 0.093306236446499 0.197192798023392 0.164178707434587
0.0622014281607916 0.0159089437414207 0.319585538530122 0.0655126119391148 0.171293423806607 0.21220890218418 0.153289151637764
0.0635181443441777 0.198255436535867 0.160260161835889 0.0277547832162027 0.179134440096083 0.201752015691944 0.169325018279837
0.0350939652474209 0.216437835900143 0.151887359751292 0.206736584891707 0.078697759045478 0.110595511696587 0.200550983467373
0.0684446643813689 0.27634277281894 0.212016051486702 0.149663483769863 0.0808094488361703 0.0480673519919824 0.164656226714973
0.0755199894297181 0.255493791174516 0.133024022615631 0.109113340299444 0.145082217546765 0.117787528504196 0.16397911042973
0.182878128010177 0.1750336556529 0.171232133524457 0.193609039342682 0.0283132563480183 0.0897593997056445 0.159174387416121
0.159718262387847 0.260316939755896 0.220063796603139 0.00205395311765973 0.1084702191746 0.204164629731922 0.0452121992289362
0.112411538829435 0.30170441831279 0.215538887055884 0.093120629542711 0.116439358827207 0.13152816732475 0.029257000107223
0.103030798944374 0.207063915647644 0.187140037670888 0.157941746314667 0.0269475531542097 0.159033068274633 0.158842879993585
0.146971944249581 0.107308908611398 0.0763738629159224 0.171470363106622 0.157327046376593 0.18657875633519 0.153969118404694
0.0218102464284089 0.0544865957318012 0.0622194808831186 0.171246112460344 0.227247161942709 0.23799197003564 0.224998432517979
0.0809962545699965 0.18754928318278 0.158410558896977 0.131073209508702 0.1522709453945 0.031608198683824 0.258091549763221
0.000918726631121168 0.0347536582036554 0.120136145924688 0.188186071724837 0.271940428545179 0.161837671826973 0.222227297143546
0.100511995450108 0.249273599659368 0.207992672075616 0.0101307923257449 0.228869613626149 0.0105615152956737 0.192659811567341
0.225440541417316 0.124052147224402 0.0816898969528111 0.207117930993319 0.13772053273801 0.133967136899163 0.0900118137749781
0.152124314092242 0.143789060011961 0.0549037452899163 0.192982348363659 0.164460584722556 0.157122675775952 0.134617271743714
0.202782152890504 0.157276889460864 0.127572166640341 0.154208399682862 0.154203077266976 0.0943035957941294 0.109653718264324
0.0919262254779452 0.0929164699031163 0.112435741323293 0.0258083407065845 0.238076135409676 0.235809493643203 0.203027593536181
0.0689824452992698 0.00282383369561187 0.124976339436577 0.284728247085268 0.0772707198069086 0.252946808246477 0.188271606429888
