0.23276395668959 0.126010653029762 0.000474383397172679 0.020874401885982 0.236703113512341 0.225709387195951 0.00173982250101101 0.15572428178819
0.0893634315899571 0.164343237207431 0.000906376554989512 0.164703862858055 0.114731812467568 0.268394911953617 0.155270264557063 0.0422861028113196
0.227790172461744 0.0445943490961216 0.048682430341151 0.192650264650821 0.146910171736703 0.034664691724646 0.0995397451470837 0.205168174841729
0.190103823086073 0.108788310370635 0.146962386081566 0.145025109276956 0.0128932794647634 0.141083360370116 0.0439360575052439 0.211207673844647
0.0954844657518869 0.113927317162026 0.0287723558131952 0.0598123823005473 0.224601151139674 0.089344467493471 0.209310822929047 0.178747037410152
0.0354293169159548 0.0828415732792501 0.0746319475336073 0.0859657560379987 0.123900749158703 0.130856482019356 0.200756550061998 0.265617624993132
0.137772980148508 0.256020625305306 0.035111618377973 0.151900187382331 0.0185132426107467 0.0563307695637114 0.221519019648121 0.122831556963304
0.0885380748697422 0.0457848864711488 0.281325148498638 0.188027363193538 0.240082897401087 0.057768810484972 0.0691706996779447 0.029302119402929
0.172844981404711 0.131846380373639 0.0954620425711134 0.215870238104577 0.121188649538325 0.191075494602069 0.0261402774449385 0.0455719359606269
0.0869752986000209 0.122094156751147 0.148884451253714 0.0116087754178461 0.289176743134976 0.0635049549286333 0.0638455396923907 0.213910080221271
0.176329409382584 0.0762574685795651 0.155981635787158 0.0477081425570221 0.1902670279755 0.143969984408123 0.176917988803192 0.0325683425068573
0.091661613847167 0.068033112819276 0.199053552532623 0.222630663573605 0.228058502172579 0.00681050438184299 0.133926435152264 0.0498256155206421
0.16474976442112 0.00491370962799693 0.111180650897194 0.197769930695748 0.1073156864053 0.177305573473889 0.195940261007257 0.0408244234714952
0.0145116550637072 0.139893228659639 0.186659551450684 0.161374841731048 0.167051788400984 0.142518471219023 0.100458271851467 0.0875321916234479
0.138523389020689 0.227571890906793 0.0809336101012161 0.273937618663332 0.0137463699140145 0.0676839433124955 0.128544493437771 0.0690586846436894
0.110348289141469 0.212807898448112 0.00474371795553728 0.246009928297148 0.158546316129793 0.109335414265318 0.091069963374248 0.0671384723883746
0.109664176000012 0.0764926748721025 0.0325971872688127 0.184669568927186 0.191764287997676 0.100035615090274 0.126124857181433 0.178651632662505
0.124039726433343 0.106010795045796 0.0436870818704305 0.192734683439514 0.152268753784514 0.136671417103247 0.195897161825195 0.0486903804979607
0.0107059838410327 0.134516332288849 0.193723940929111 0.0985027208420932 0.0834413622799753 0.107397673470565 0.177164843518062 0.194547142830312
0.0564945115678862 0.123761793284464 0.0840686005136598 0.339927829238638 0.0102384702383225 0.250078142090835 0.0380261112019863 0.0974045418642079
0.16494267801171 0.0742422518002347 0.127572130917998 0.156710593646408 0.179292289084966 0.122952522675507 0.0405563701239628 0.133731163739213
0.205437511559885 0.100768415964885 0.0792629633166403 0.165834253393297 0.0590516242190192 0.183991678110176 0.134326906641296 0.0713266467948014
0.0691800978723511 0.069230250231896 0.048353540276184 0.257638805615728 0.213559123301557 0.0923211742542556 0.188920737806091 0.0607962706419364
0.18984882258996 0.180100828816449 0.160676132000241 0.0818256843999082 0.162077471076961 0.0305730902284546 0.173082479292193 0.0218154915958329
0.0900117133491784 0.177481026354079 0.150381806400335 0.182382807605398 0.116488142546914 0.142044733122041 0.0517045354473542 0.0895052351746989
0.156527868326128 0.0192911288464171 0.171757031849166 0.169962431616966 0.174955263342472 0.0767272825938245 0.14469312609953 0.0860858673254959
0.358432613666903 0.127363093042073 0.105023098051219 0.0565416240135165 0.146909185750449 0.025101406447062 0.0606627254953821 0.119966253533395
0.125047729567362 0.112283823449171 0.157872161435753 0.148836125683704 0.110798113161918 0.14495667505353 0.10696675647009 0.0932386151784727
0.0811091987362575 0.198165811575085 0.137840772944545 0.0166516701487486 0.219243022646623 0.00560602269572254 0.013829227146592 0.327554274106427
0.215136887437694 0.027530457960677 0.116051535573544 0.117945967754698 0.167903941355089 0.130336983764133 0.127324621946697 0.0977696042074683
0.213638338008199 0.0396392403971026 0.065095238377014 0.195977553230156 0.0526371327297781 0.109180347853921 0.145864806614065 0.177967342789764
0.245738902973763 0.0153841573620005 0.0268208377590859 0.158548001845922 0.208746519282031 0.037867332960011 0.131097501161829 0.175796746655358
0.0668495248676504 0.141865742814454 0.19001276447524 0.196424605893624 0.118406279390842 0.0795693263155352 0.130254189784114 0.0766175664585404
0.220919966817601 0.168816775892988 0.0697717409238974 0.0461113293749072 0.208072817356911 0.0993619542031774 0.0724805179326267 0.114464897497892
0.146513099008499 0.16547959685081 0.015750852572953 0.0166152909957416 0.245456849573811 0.0823528202550649 0.173198656887348 0.154632833855773
0.0767925001554819 0.167257829252584 0.035804453723843 0.0689117294130719 0.203521758678046 0.110914565745994 0.216471259909203 0.120325903121777
0.0887651784626015 0.113478494948579 0.193941519812823 0.14619196196077 0.146517613259996 0.129887854962837 0.140316841425405 0.04090053516699
0.28909175987266 0.0328527049040673 0.242479927981373 0.0196884629019317 0.0104335726843141 0.19139529000102 0.141883497605181 0.0721747840494524
0.187548587063817 0.0251026887542547 0.0862652332199141 0.107523663949723 0.151581338053977 0.25129847234705 0.0164723381498787 0.174207678461386
0.144395297241596 0.253142938062198 0.0245451413591167 0.198483853983555 0.124231075273341 0.0445783510607727 0.155899125170682 0.0547242178487394
0.172707055360425 0.193772498852809 0.1702672929928 0.0792496619537727 0.0788381770466889 0.204516086864754 0.0884370624455526 0.0122121644831982
0.13297090349504 0.0318985106061562 0.21211609402811 0.07221220326346 0.272781390052467 0.164176774131201 0.0503056517325005 0.0635384726910642
0.0100190390156 0.072160624864358 0.318758639787414 0.00681144015704374 0.258061719247965 0.0580331431112097 0.230666016736058 0.0454893770803505
0.210200030471328 0.18408956369338 0.0765176542019111 0.00461538982319623 0.117953755974818 0.0237770449166131 0.178718870852224 0.204127690066531
0.00788727195846771 0.130097767554405 0.213882343103695 0.0419960590968045 0.182647968269367 0.0723763360522797 0.169668959861512 0.181443294103469
0.125464301632135 0.0519715012029515 0.222042429258327 0.0240006600667926 0.249192658963507 0.0214155963113384 0.164957561866101 0.140955290698847
0.102404719021551 0.0277517090919513 0.00852716758582758 0.170800886450988 0.186310155686461 0.181427548025046 0.162582845067584 0.160194969070592
0.20089149744068 0.0863037809196775 0.189281042572765 0.0240984385281515 0.103393607588653 0.0603213130598049 0.205908156205395 0.129802163684874
0.110204246847948 0.112382078796907 0.218785324115525 0.186444851563965 0.0056523322764655 0.216955758567841 0.110933045119715 0.0386423627116324
0.155344800290828 0.0470102940279575 0.163216408945767 0.11539202413986 0.0770947506349508 0.17597438741825 0.0703945873851613 0.195572747157226
0.160415001194515 0.169863737423548 0.111552833311913 0.175060865516154 0.102066589981511 0.10006058981988 0.010992911701966 0.169987471050515
0.138570349062668 0.0562269181904054 0.0188282171617467 0.148424546360031 0.188398411158909 0.150382893926298 0.105020206924864 0.194148457215078
0.179638672463212 0.186471396864575 0.0442351156086027 0.189917210863608 0.025678826855252 0.0850691324243237 0.14267971066439 0.146309934256037
0.047394898580401 0.225691404790309 0.200451094710676 0.1243234660028 0.102936705081586 0.0691164037065633 0.101550937722553 0.12853508940511
0.10305053843772 0.165148918665895 0.0185719538987435 0.186520951054544 0.139959540080931 0.127316833869405 0.177551626728209 0.0818796372645525
0.195106781751949 0.0380482598363087 0.221973540085055 0.208003249806952 0.104637364695433 0.0588403333918239 0.104983085178542 0.0684073852539358
0.288547241127551 0.0358414305470865 0.215128951710002 0.0477944992197906 0.203566357341057 0.0232686939262718 0.109070029702715 0.0767827964255259
0.00106140400737866 0.149045242470432 0.0960710777949835 0.0537556089778558 0.18900651065307 0.14450590447212 0.212260345513167 0.154293906110993
0.00763842721278401 0.121755687557972 0.140108952702437 0.13653945304987 0.134965239339289 0.0539956340481258 0.209443596849117 0.195553009240406
0.0521303573279779 0.144345953871305 0.146477212565241 0.0936105001127166 0.112299703844135 0.205283428631061 0.0277704811728124 0.218082362474751
0.121972187532191 0.173574655583757 0.0352215622814661 0.0857237347333525 0.10805736443178 0.117560396834708 0.084788493130204 0.273101605472541
0.116099173032737 0.0802239323749963 0.164532035753783 0.155606752071855 0.154219504073697 0.0135002421238984 0.145549234697143 0.170269125871891
0.0287945063124129 0.110741491050615 0.26836468526034 0.05007943318685 0.0584425923114834 0.100536586376328 0.169076843931035 0.213963861570935
0.125039164015666 0.0338233480919742 0.0276980101875288 0.192113664237807 0.241075020014321 0.0942261350400017 0.204156924380174 0.0818677340325279
0.140693699230799 0.0794889569355287 0.163787000773224 0.101647586562844 0.035399858775308 0.161799692958139 0.18873268203503 0.128450522729127
0.100225589098496 0.364267249421053 0.0437847507314359 0.116728690266554 0.00349831651484689 0.13312155028792 0.148748207936838 0.0896256457428549
0.158990932783286 0.122664988265853 0.0292724027217202 0.0963599798498734 0.201967701763615 0.0129875166817308 0.264709022078296 0.113047455855626
0.0900262633935321 0.198037718585979 0.275954292742568 0.0148690764551908 0.199123690621349 0.0620168379075783 0.0645236517090857 0.0954484685847179
0.0902926427610282 0.178141186991311 0.0482253045499819 0.0553299840641296 0.231912410610421 0.0193400400553239 0.206892012381084 0.16986641858672
0.143564787525315 0.264023212784061 0.0990147453305288 0.135680458947966 0.0629079475453505 0.166191461304344 0.0689699040693629 0.0596474824930715
0.0951086263025326 0.166635339420388 0.190304403600516 0.131925139075981 0.109390368052778 0.0642969772689478 0.0945161948072865 0.147822951471569
0.0679982023895842 0.142384783760393 0.147722654243001 0.174188894972872 0.132317871867524 0.108124804510054 0.0768913498565343 0.150371438400037
0.141422020566529 0.0929459827633996 0.183266385766738 0.094984556394345 0.0199407347233245 0.143704262404849 0.0922022100422724 0.231533847338543
0.101970984880412 0.0302965637467203 0.209212167562578 0.122495623219517 0.180901916818697 0.170241015388629 0.0596213605088565 0.12526036787459
0.152383043916318 0.0459138486306594 0.168694411077988 0.0255169478395269 0.124837470158046 0.0725606034042219 0.212307169439363 0.197786505533877
0.203592760296766 0.0476019313471727 0.0917325106713938 0.216694881562664 0.0797667647292863 0.183150901297118 0.0554151496211215 0.122045100474478
0.2208949477457 0.116302178088837 0.199379676583049 0.0660897654515313 0.0740821624099394 0.136339038568076 0.166137422026853 0.0207748091260154
0.0404103449281719 0.186787221011298 0.150631774323814 0.161192929045279 0.0364883034681859 0.0263494490373621 0.218406020598865 0.179733957587024
0.0578768734098965 0.151787978001076 0.0839659096432645 0.145600045052214 0.0942149849904127 0.200438181252478 0.0906109148786303 0.175505112772028
0.151478573552444 0.274642637459233 0.225932551736107 0.0488557842632932 0.0266243723702832 0.0559317124631684 0.149813681977186 0.0667206861782851
0.17693721814833 0.194466625379281 0.0611811550898449 0.16835432698006 0.129830224962136 0.0212248791536603 0.169109496902248 0.0788960733844408
0.077276301669001 0.0791426713166416 0.193017053272756 0.147786263877088 0.211537309721681 0.141949584435395 0.10885557147001 0.0404352442374286
0.0644255287378767 0.301861781592579 0.0532507434494997 0.16167255708929 0.0232035089668137 0.264443282048376 0.110127965597291 0.0210146325182743
0.212107596730963 0.200896120171966 0.0304726882910491 0.0891983974218827 0.0579341064322958 0.181000483058569 0.219417486266031 0.00897312162724379
0.151102879288502 0.156114419752246 0.0751674695806304 0.176081094080983 0.153750083689554 0.0356544165722861 0.0894601758672492 0.162669461168549
0.123819379759678 0.170150029970193 0.0461518630443433 0.0247954209286829 0.145142830456398 0.120838974121343 0.138740598992918 0.230360902726444
0.0587105257181655 0.0927128311111879 0.200055885682487 0.0703380938878384 0.0546235872546064 0.062726423217616 0.253035711948441 0.207796941179658
0.00945798682170962 0.134760719931748 0.212219778120506 0.0866684991499788 0.20359402299528 0.162111572236238 0.0157908878433752 0.175396532901165
0.00936437191576004 0.242389325466799 0.24458148677086 0.0382252587774862 0.0374729791837522 0.0503252708131373 0.195824546909151 0.181816760163055
0.12831448910355 0.188672433945224 0.0717181054659051 0.0927623973954043 0.136589808611547 0.0776758502047675 0.158196739892784 0.146070175380818
0.0862386187113559 0.0750129361358036 0.168630570215796 0.284868340492419 0.0679122107895053 0.177498689238164 0.0916808333285416 0.0481578010884146
0.0840336553067688 0.0659210394901728 0.186863605429411 0.0561444187432538 0.209023441282837 0.0405669301415298 0.208723045467542 0.148723864138485
0.154651712599037 0.136755748691654 0.191929802193311 0.163502994049827 0.0366017145302521 0.123137496124264 0.06050214614553 0.132918385666125
0.150385174626539 0.0812726429428585 0.172754783854102 0.163199043882794 0.174326091524681 0.00844795499626887 0.143619747205778 0.105994560966978
0.0837171405361228 0.0809984411802586 0.0731824364195641 0.246885108958725 0.0692770329340616 0.225851658191794 0.100599137521642 0.119489044257832
0.127431243434809 0.0739263187074176 0.150665956253722 0.170742663111668 0.101603902610914 0.151655274779488 0.158867318490998 0.0651073226109843
0.0371276595227206 0.331780131565246 0.00476477301610739 0.102813139679373 0.173847865617026 0.111141769413346 0.193256767078763 0.0452678941074178
0.000106839132292514 0.169315740875583 0.134964771261301 0.168341120266122 0.147755032829884 0.177204137164021 0.169837638054575 0.032474720416222
0.0803615221057057 0.172325092262781 0.144681199883327 0.0289033921756189 0.141527112103505 0.18524076449264 0.0816217722669276 0.165339144709495
0.221387578674263 0.101224718477793 0.245419718401989 0.164208620276218 0.179841828190586 0.0231402322897745 0.0215271841061207 0.0432501195832551
0.141880038574015 0.206391738692233 0.172519600223211 0.037065374440018 0.118267733808367 0.0809977659550441 0.0827732992776059 0.160104449029506
0.0837130544884452 0.0731977058428732 0.10684297428797 0.185955632304204 0.201280395792686 0.154831149883343 0.0646900765704613 0.129489010830017
0.0606860509544379 0.229295240065617 0.145547294875511 0.0351622895262269 0.135464468942652 0.10434782868621 0.22655455258449 0.062942274364855
0.157391445289992 0.0344178152005242 0.0817500797756632 0.11815445141984 0.202908752882372 0.172836942243911 0.0999507232368808 0.132589789950817
0.194649743708398 0.264235723443403 0.150244301797173 0.172246126332475 0.0434625658822271 0.00315024255650676 0.0884282096138291 0.0835830866659888
0.174377602136317 0.119658892472758 0.0948004707626012 0.210541503475379 0.0080260613799655 0.274388986461296 0.0890518463364865 0.0291546369751978
0.160328040919638 0.224226649951689 0.0959394208037154 0.0405287901045457 0.182270128358469 0.17872278199804 0.0442610968659246 0.0737230909979776
0.182527598531796 0.0817142568319972 0.132760506745894 0.234429529270372 0.122108896559303 0.233341196925411 0.00521089270982945 0.00790712242539843
0.0396049533428807 0.264738318837278 0.229228646440224 0.0134940581111319 0.090717190871654 0.106854141117085 0.0452904308583757 0.210072260421371
0.0893999687454063 0.159763615215499 0.083317384312899 0.119913304629396 0.147087845833224 0.144781409952297 0.137269572506693 0.118466898804585
0.0584530187519209 0.250801755087666 0.160221769526727 0.0195595724666938 0.141155440527941 0.008826334008623 0.164714740006078 0.19626736962435
0.11903730394563 0.000250368000988071 0.106413524301674 0.199953855585007 0.058628145705029 0.226846688072324 0.141089649155103 0.147780465234246
0.159875729574975 0.0653192404745327 0.0153055667117258 0.238737985580635 0.139579579615875 0.0583139757604756 0.146025214073363 0.176842708208418
0.230248457282217 0.0985733073457666 0.0956817531760853 0.185658566659512 0.0052768958756781 0.218989649881681 0.00261953077801038 0.162951839001049
0.206531497085096 0.0234834292870521 0.151662146639192 0.130878135898914 0.0872268610665436 0.0719209846501614 0.0365135666072787 0.291783378765762
0.162382394103107 0.0218888692188671 0.0485426896539689 0.0266137283047791 0.263184745668838 0.092894277083818 0.154487475895322 0.230005820071301
0.0963992833456816 0.0319229824426369 0.138054320317677 0.198743117362521 0.134479469893337 0.0523711475911432 0.146331705774379 0.201697973272625
0.228742702890227 0.117212907997648 0.0809551438731975 0.0740533994530554 0.0136361227312468 0.0633101118214618 0.22497639758241 0.197113213650753
0.284783877103243 0.0925378130847298 0.0493793916982133 0.217929905898778 0.0339073182170228 0.0257051169275463 0.243693276312295 0.0520633007581709
0.0424662906244154 0.195501113876912 0.232600379514057 0.237146608427686 0.00472640173323544 0.00789488992663216 0.140005374239168 0.139658941657895
0.18095480023506 0.0871466826221771 0.221107531748933 0.139857960714967 0.0717147847473629 0.00836075650542006 0.174468403088263 0.116389080337817
0.202888069741749 0.193566264511478 0.103478865692146 0.139444845024551 0.0576330839317776 0.108202785274349 0.0355327629646392 0.159253322859311
0.176320236364431 0.0260401157826572 0.0420483672872024 0.214671905920442 0.203180987268789 0.225322177122135 0.00844690555411561 0.103969304700229
0.111294154486249 0.364037005685431 0.109997232182793 0.090781536392638 0.154432858206663 0.0478742104524508 0.0656209331310154 0.0559620694627603
0.0899225658658045 0.229772179710437 0.0922667485975005 0.101391606416915 0.0966141619178252 0.0579547851295863 0.193035161518696 0.139042790843235
0.0568702431394878 0.0142018292901693 0.0409554513361362 0.185701523510555 0.115693050172503 0.0844452312671924 0.340277466022106 0.16185520526185
0.251921374353953 0.00386354077160038 0.161830229035167 0.0241387183384401 0.0781090439427836 0.134144574550518 0.308535686306927 0.0374568327006115
0.0529181222770674 0.131851651395565 0.211593610386123 0.00105612866390763 0.141794913736446 0.187907683541431 0.128504429586775 0.144373460412685
0.138319116065644 0.305340930365504 0.00192837912981909 0.190015307527729 0.193484261780752 0.0121249059176044 0.0877169848148718 0.0710701143980749
0.170478584614718 0.143607341275267 0.139633632944339 0.113226366908022 0.0295171166225927 0.192726889178885 0.0234564845873492 0.187353583868828
0.0330752273736814 0.14274547717001 0.216435758926907 0.198437012557138 0.233999010822716 0.0856586287841555 0.0279500792535928 0.0616988051117998
0.201379693978699 0.060079652880359 0.214558698465353 0.110584006916467 0.0322874792434022 0.234273475769382 0.0680280241676565 0.0788089685786804
0.0670749199940941 0.176188348577508 0.0896377915838489 0.0532007166701779 0.129353035131109 0.138174308502244 0.157682087062437 0.188688792478582
0.116740422949463 0.151904642826209 0.0731833254531472 0.174181318637035 0.15513321146668 0.0777858786435669 0.168191259447207 0.0828799405766923
0.0252225999625217 0.186682509385959 0.150266892679668 0.227699464026724 0.0745721681817535 0.202306576881456 0.129997398849764 0.00325239003215498
0.122934275043095 0.263750323313424 0.117409694190407 0.0216469872996624 0.0466626349155903 0.00601594228331842 0.201860003856988 0.219720139097515
0.173736292400612 0.129849701494528 0.100714023010319 0.143143547621118 0.0511044884644611 0.136233334996743 0.157744735119683 0.107473876892536
0.0945855590685575 0.102652501955257 0.0971795341939466 0.147905567653973 0.125262509494759 0.169371631542454 0.094239740196015 0.168802955895038
0.126172747208969 0.0617347451835427 0.161559764780673 0.0579822351910417 0.123864449117824 0.177975513646818 0.151009968931819 0.139700575939312
0.0374677567135411 0.261493791459947 0.0157444292563532 0.0734626611889464 0.154682474621023 0.123039382229709 0.15147366218779 0.182635842342689
0.0272337627281566 0.121457757897391 0.000873014532260317 0.184203577039633 0.210014241266533 0.166773031127929 0.232876363436212 0.0565682519718852
0.104079022984111 0.216048029729968 0.102572089388441 0.0297188026336916 0.164746508205597 0.236663351950767 0.078942825086118 0.0672293700213065
0.184849231813841 0.0370111115501269 0.107876547726491 0.243831955891386 0.119795026971314 0.0140806263828023 0.14269539475438 0.149860104909658
0.157157796068252 0.0601075193077926 0.1811263972035 0.2008387982108 0.197695498705169 0.0187173928478774 0.136936127637794 0.0474204700188163
0.241711917563556 0.027279033694846 0.115604301765961 0.195810645917347 0.0830674560507088 0.121732396583647 0.15329988807672 0.061494360347215
0.084361910286178 0.0848460944737014 0.0706672134631537 0.0204424415110449 0.239774378428826 0.215143440386573 0.0755618931264532 0.20920262832407
0.0401130937235659 0.056671438559911 0.233204599777338 0.121430756398552 0.3118353948555 0.154951652542624 0.0629025355517455 0.0188905285907637
0.19191455263732 0.147866853224974 0.0810409421691079 0.189219779163486 0.0118611187778069 0.163692802337155 0.0194285963894604 0.194975355300689
0.168490876770056 0.0798943196262688 0.21731147731014 0.160084109016165 0.178664668327721 0.059973110554643 0.00411925452650853 0.131462183868498
0.00731174317910306 0.0993360524340124 0.126125712476196 0.191135617843202 0.228588367287822 0.101901170630141 0.0386567803686447 0.20694455578088
0.0024961892992924 0.101238330546907 0.191102094581119 0.226082580854963 0.114386878114723 0.233567943976854 0.0800515595410486 0.0510744230850928
0.00847620433916196 0.147719639952726 0.0361732191584696 0.113445322821161 0.160891885647227 0.101815636354174 0.186934852291596 0.244543239435484
0.080984443142162 0.226034501384121 0.0664018458866443 0.166376468688908 0.125967136028509 0.141896451042217 0.0507083420970616 0.141630811730378
0.17947331116957 0.204579312646955 0.0655281081866872 0.118436129467616 0.0310436687276562 0.0738441572495587 0.095573011073376 0.23152230147858
0.031232373700237 0.202002909844461 0.192073278948041 0.222923115248642 0.00285284854165763 0.0173257238061734 0.152014396168496 0.179575353742292
0.162220252106629 0.141046592033204 0.0155394129110692 0.16535474836869 0.170383634961802 0.0609392230222007 0.152682762446832 0.131833374149572
0.0535252649887595 0.190134034709057 0.112547035572188 0.231296744892608 0.108389480061995 0.0342513058194984 0.151313726204027 0.118542407751868
0.00263214090962897 0.0677313053097388 0.0146354273913012 0.241468959666462 0.209630079865448 0.188982497406451 0.0545833288552053 0.220336260595765
0.192129306360206 0.125274269933812 0.125818456857822 0.0974030201334979 0.134599228304677 0.0233115335608146 0.203024160916806 0.098440023932364
0.0103964878488005 0.138660735731529 0.143737336772319 0.256350079037144 0.0409172289257366 0.22387226922274 0.0561211252920028 0.129944737169728
0.244697710789048 0.164919785043622 0.0682755828767024 0.130837115323548 0.0996635658758796 0.020283873331343 0.229502399645015 0.041819967114843
0.187883511376835 0.0834784725548429 0.1306189708517 0.00217137562689512 0.154857774540377 0.154606437016377 0.175841238215417 0.110542219817555
0.193611284015533 0.151146481195473 0.231967533889589 0.15259753431188 0.16292069039879 0.0565275511694866 0.034820375585553 0.0164085494336955
0.0342144687224491 0.234924727157786 0.160851220980496 0.0885127008700499 0.136900510895622 0.104763992715223 0.0295787902514429 0.210253588406932
0.191628685329982 0.0191494334395355 0.238939027714484 0.139574688485279 0.0592820935149379 0.0312305095668893 0.110462384897357 0.209733177051536
0.207104710102137 0.196290955242139 0.000405538975092464 0.101779720024804 0.122560243143186 0.021154537959472 0.181141340202405 0.169562954350764
0.304654463412632 0.0592808415843646 0.0122997361549814 0.285914000027286 0.0244701638246088 0.0557946370583061 0.00435477736645132 0.25323138057137
0.111042331825726 0.209499530068881 0.261868408216928 0.00377104040355631 0.258343088965402 0.11566747262653 0.00748623207483429 0.0323218958181428
0.0638792550148249 0.199483359188657 0.0137514199851232 0.175891819591231 0.0115305025278022 0.225444542784883 0.104439047260427 0.205580053647052
0.0562535289178118 0.103132473591218 0.227622800203513 0.310062866526668 0.0305516085565541 0.150501522026194 0.10168246126804 0.0201927389100006
0.036705782397674 0.146991471821213 0.221536664281691 0.0304117845134941 0.245179456251792 0.123147795595409 0.106618840926814 0.0894082042119142
0.119408177261828 0.046447827206209 0.205818000234482 0.170280166321532 0.0206275414293208 0.0284232253552615 0.189474882436767 0.2195201797546
0.12563283615582 0.0625499921761518 0.0533025956056902 0.164396677456179 0.0157000999568434 0.083311570866192 0.212534347946672 0.282571879836452
0.236167288606184 0.0152946600021347 0.0229714994600858 0.162867421893034 0.288533689208132 0.0156849578361801 0.0492324986432006 0.209247984351049
0.148966184310578 0.105290082181724 0.212290109500696 0.132963835460328 0.117948164661914 0.0746614004578426 0.0903626162000405 0.117517607226877
0.193685879755451 0.0781040224870232 0.0538682301086341 0.13862013232813 0.209248837810653 0.127238715558644 0.111436155617824 0.0877980263336406
0.0144579528729626 0.200404781606599 0.168879250310837 0.172675418977708 0.152251580558706 0.0415313101722416 0.200739654784091 0.049060050716855
0.0909243321508913 0.0330595239473227 0.248836408901633 0.0536225843823929 0.0639878482764214 0.26770025880906 0.119925219412685 0.121943824119594
0.195493487311156 0.0344110056542879 0.248635978662724 0.102834726405284 0.0848730840903766 0.106300910123638 0.121194286078066 0.106256521674467
0.187890721013513 0.218771576360726 0.192870404599707 0.117574400623318 0.0293672216038789 0.193348241983402 0.01186862426148 0.0483088095539756
0.136519971575867 0.193524588578523 0.0291287449392826 0.100496648013933 0.212753411311687 0.0498321655906727 0.0473267054842039 0.230417764505831
0.107819169790807 0.162000517729967 0.121620900996571 0.189391384958162 0.141892332551772 0.115878161673664 0.0575782365723308 0.103819295726727
0.185147257287178 0.195401277317272 0.220201645703826 0.0612934423548729 0.0221834908175825 0.109277562313864 0.0236662923368971 0.182829031868508
0.0124645751762894 0.155532483722596 0.237436231047534 0.0910279546453962 0.0611536095341467 0.155008112062276 0.256480578624053 0.0308964551877076
0.230774025149102 0.219627552362435 0.0864125494466817 0.0946438652609565 0.17519301982783 0.118210174778897 0.0158983960498206 0.0592404171242767
0.273291905623926 0.0369987273016504 0.0245234327831632 0.0980721236211864 0.252435222428862 0.128736868586285 0.157855060572105 0.0280866590828216
0.127279104298972 0.163302107269848 0.0303107846971866 0.105932631229364 0.125368321576443 0.13523992867565 0.265250871759379 0.047316250493158
0.085417302668526 0.0788802412292193 0.0447508433153851 0.191961983411442 0.219788656486521 0.127718464517425 0.170613246538662 0.0808692618328191
0.152609356416469 0.119992439468655 0.205815158578397 0.100350856823724 0.0987289394646687 0.19611970562068 0.0842127975236703 0.0421707461037348
0.146158245994339 0.132941575407801 0.15816157187988 0.137012778641613 0.10518550737544 0.0756510748595157 0.117347230512468 0.127542015328943
0.00298837434377967 0.0523449324754984 0.195849185300308 0.100421184410373 0.227873003472419 0.133371875238844 0.161708015240878 0.125443429517901
0.19772587516772 0.136958798406657 0.0801552562050901 0.0307490764211242 0.125173715332282 0.18968884179255 0.069760838683772 0.169787597990805
0.190466896691037 0.0242123689603503 0.114609305991885 0.0903607758395174 0.174291213195015 0.165522666027765 0.050175545215733 0.190361228078698
0.0876443189530711 0.174462897669832 0.220892310217009 0.0584026327504398 0.0214198269845411 0.133570694613547 0.210231495111412 0.0933758237001477
0.120173747169115 0.0713923535700741 0.116052381868546 0.11927164738129 0.160424916319885 0.178460236466941 0.130611705831212 0.103613011392937
0.105550676018073 0.194679627298044 0.312897203287186 0.183519950256717 0.050157955378118 0.0730882251484181 0.0390290760364018 0.0410772865770417
0.05055685233659 0.0194536296525207 0.102150677460766 0.276744367317528 0.267826248296378 0.0947539712220878 0.153923145688397 0.0345911080257324
0.104111823020633 0.0401607520339504 0.0128730319049986 0.142273818966823 0.114941837545753 0.234576714748752 0.107974667171596 0.243087354607494
0.161975943869935 0.231998026686136 0.18786326594298 0.130944400267468 0.121201345597647 0.0383817547023413 0.0794211052219632 0.04821415771153
0.00746859889503692 0.0171782492620961 0.171565319747091 0.152652553513812 0.27986083349952 0.126981396562073 0.0894130218593707 0.154880026661001
0.144428999784267 0.127577693352146 0.151939775887407 0.0599225982093704 0.141380052606942 0.145506382282111 0.151898810799723 0.0773456870780354
0.0711518003506399 0.0964391550541561 0.0688202512743938 0.115808463104286 0.211217141741102 0.111198709780775 0.184566026294803 0.140798452399844
0.0257887120864666 0.223241797793823 0.136672698037549 0.0574131736402911 0.167880628271231 0.229440415576163 0.0980339638210107 0.0615286107734655
0.135926225927903 0.195841482909622 0.20653128223861 0.064271968627203 0.0551116558126737 0.245386473634129 0.0878134028951204 0.00911750795473946
0.16852134802711 0.1008988824324 0.117947526781469 0.110578080808913 0.180419970174895 0.105475465356501 0.135953007285368 0.0802057191333438
0.0438605906374937 0.143798891152622 0.100253618857175 0.155123918377718 0.260388464329957 0.0565459422630919 0.225301971373228 0.0147266030087133
0.0949936440938745 0.0863141351316555 0.193463307212523 0.138889658889212 0.124463090497874 0.162519015782717 0.109206969381078 0.0901501790110666
0.0795432608311978 0.0266074647453359 0.14210997072321 0.0336041814339664 0.223382492451805 0.199594314993373 0.158304452589415 0.136853862231696
0.0232819583348796 0.195708036622749 0.0418676090848379 0.184128708715397 0.109605037706694 0.136892253464608 0.204380025751101 0.104136370319734
0.0817412160577309 0.0191908697196092 0.179328459589443 0.0406722116260589 0.196632842137414 0.137640585580017 0.145866482785553 0.198927332504174
0.192693086469931 0.140018742894696 0.12233357885428 0.188681482879216 0.00836600211962036 0.139762285571985 0.122677918098372 0.0854669031119001
0.315592832562086 0.248553250029513 0.119695281657983 0.0462836542151096 0.0204608435336088 0.164813688741503 0.0506040252992864 0.0339964239609094
0.127606696523183 0.177821005306146 0.095682436183732 0.0664582054051991 0.150107612456276 0.267118408858279 0.0672135082464987 0.0479921270206869
0.208943977582646 0.240050346575139 0.0614464814649252 0.10810400583181 0.0990550604478817 0.0769136034542659 0.0533887757485637 0.152097748894769
0.113630219547415 0.151452537203059 0.113227664115749 0.0197714999086987 0.154800476115975 0.179561955096301 0.123501681378403 0.144053966634399
0.136269904267845 0.161104588659758 0.192391015128501 0.186469191963855 0.0953998305284215 0.0608719411102089 0.110390669511572 0.0571028588298394
0.0128128093425902 0.207556517075858 0.265988685310131 0.0867309626026127 0.137966752811062 0.0125439981398275 0.191023152171847 0.0853771225460721
0.213257115080768 0.129467602530665 0.0628217550565841 0.270579517243161 0.0478372175314936 0.041903542574132 0.0675024220595452 0.166630827923651
0.372193564510845 0.0930928671690053 0.000203769031730133 0.0206014177809342 0.00667360855557781 0.00846712386072072 0.241815932063268 0.256951717027919
0.0909025898077317 0.211318787610496 0.208149178892654 0.120658540428826 0.110683398451941 0.163169488970749 0.0455647834656712 0.0495532323719307
0.188082606349955 0.16209936613156 0.0527883093610047 0.12491312930925 0.12806097957061 0.0402889854966239 0.164765753761161 0.139000870019836
0.174207943716896 0.1585332885821 0.15088312744913 0.174123661883139 0.12891284567568 0.0965115470644315 0.111515793141062 0.00531179248756142
0.132625297868428 0.0954630051729679 0.186843966466375 0.110525187984079 0.203545925454625 0.0973190662949197 0.0471471300374891 0.126530420721117
0.117500346435502 0.104072485286402 0.0643393142454528 0.133607685661493 0.150935301227507 0.138734164534045 0.125827835131055 0.164982867478545
0.066885200152893 0.225852063240377 0.0393411309707533 0.166194535335387 0.104103133904288 0.0840620444971395 0.211045985300074 0.102515906599089
0.0781761304040014 0.0516257752141446 0.13383680913326 0.0597215894153026 0.136036070744147 0.122273587647743 0.217344290273931 0.200985747167471
0.165431022684847 0.16023297573144 0.137900215162978 0.131067793992873 0.00816331553819231 0.0184872888297725 0.161132260634519 0.217585127425379
0.180927849925766 0.150315492645531 0.0808509567783319 0.207052530318486 0.115186173787709 0.0732543038351974 0.0231563761456636 0.169256316563315
0.153291635227248 0.0422280003293516 0.248346430260297 0.19689529185817 0.0245968334088509 0.0275700756421509 0.0978081802269971 0.209263553046935
0.044498936936196 0.0358690993784637 0.24037256804454 0.127717792666725 0.140296626798292 0.0999034834442813 0.165801096240123 0.145540396491379
0.158998383178611 0.139332619202147 0.125164221839765 0.149198634013946 0.166966378307199 0.0742305074922817 0.166217220827038 0.0198920351390124
0.0194691174784985 0.196182393121794 0.196717880825273 0.0175889830690615 0.0562992394314669 0.186562465679824 0.113510363408301 0.213669556985782
0.0822144557668776 0.152392888169219 0.074118883777173 0.236771136431965 0.234284146984608 0.175379747645468 0.00591531473720726 0.0389234264874814
0.203336854696505 0.0323625156147754 0.173117531644293 0.0720998496989623 0.11406371475545 0.228792548444082 0.0992695684150123 0.076957416730919
0.142511429366485 0.155074908901024 0.155117938311184 0.138310179801852 0.099694305427387 0.0987329490774397 0.0419778815072415 0.168580407607387
0.123087881507368 0.010675312899084 0.179927512503862 0.205410901625366 0.0312640204155337 0.25383334629763 0.0719036402000404 0.123897384551116
0.17576970504007 0.0303380393134375 0.166768842414203 0.0730111369528674 0.144377047920218 0.152347788474278 0.183283337257789 0.0741041026271384
0.0868084813034937 0.0817412407274927 0.0537968678965222 0.308609396523396 0.10669968436627 0.0726356269313633 0.0884726892740764 0.201236012977386
0.0525759682014473 0.130922856917183 0.12594103933473 0.207776854110855 0.134978324081065 0.108558610383415 0.0774432622367228 0.161803084734582
0.0761542045105252 0.0541505211791717 0.0447877002438828 0.277154691752545 0.279002525953998 0.0289113756881895 0.205618971452783 0.0342200092189048
0.104910220956558 0.0487188671183087 0.138265465103695 0.19230125582589 0.189797474300235 0.107404271437325 0.0617163517427608 0.156886093515228
0.0727840411944411 0.188983827359242 0.118154395553023 0.128455563422143 0.131378816443171 0.0884598647371552 0.160401029539069 0.111382461751755
0.224223118533409 0.00584287617695266 0.410554591572864 0.0277323735498566 0.158252811041846 0.132212723669936 0.00818930454035567 0.0329922009147804
0.190384696916829 0.0314602295438991 0.192947377388319 0.143059084068503 0.0760110885559479 0.127497304777511 0.17692157032403 0.0617186484249621
0.217355510766475 0.184519919184319 0.0583536170597778 0.140681000329674 0.0876650186101679 0.13154491843115 0.0794506030521998 0.100429412566237
0.010377809805672 0.279439872518643 0.230922727691315 0.106017690454693 0.00212777583511121 0.168094870530536 0.109941342288137 0.0930779108758932
0.197946730114564 0.095169315106536 0.202430643567077 0.0436201734052208 0.0657566274249263 0.197368807814495 0.1166338794417 0.0810738231254815
0.0121553944583175 0.0973230686469691 0.197598301529695 0.0623787369553573 0.0649959985171418 0.38477272416075 0.159667460312395 0.0211083154193741
0.148437728983685 0.186257917972126 0.14565320440721 0.180639440763143 0.0902575277006579 0.100288778815595 0.0643288599619096 0.0841365413956741
0.198810813845181 0.121502836793037 0.164646696700211 0.122492736182032 0.147740314642174 0.173950635162844 0.0307842813972488 0.0400716852772727
0.0932390614099121 0.0785854388070456 0.173527066520587 0.0996627938901485 0.141405295781765 0.177214699278363 0.0870246209070265 0.149341023405153
0.126702252204491 0.22943903937288 0.19983260798154 0.219095508155956 0.024356233464187 0.0896041704355828 0.0102851766851061 0.100685011700257
0.0219864160069363 0.226130658799247 0.134022237207624 0.130447310782239 0.0934638812278968 0.148576515334405 0.0947644692613461 0.150608511380306
0.0959039491604774 0.037779647437839 0.121955126352579 0.214113582541611 0.140508325912697 0.12490305238584 0.0969182368113023 0.167918079397654
0.10551703640761 0.0272085158824727 0.236108194410917 0.0813420590914982 0.125816652672476 0.0733288049133815 0.0899972829150983 0.260681453706546
0.0392697399553396 0.265264010856665 0.0723248661043892 0.130325274568613 0.155688588421769 0.137973637677337 0.105449752089452 0.0937041303264354
0.236084474554759 0.0114332731627284 0.0587839314158935 0.116388097252665 0.231214845798658 0.104183801725896 0.195737595178307 0.0461739809110941
0.18988770129302 0.143624694935737 0.0441636394621068 0.0103249634576449 0.204059687412342 0.171914017919706 0.202088002796135 0.0339372927233079
0.211322567065802 0.216360813425304 0.0262665849762683 0.147362693605331 0.214464336187339 0.00356553229021616 0.12838444196523 0.0522730304845099
0.138203977724413 0.071193103053537 0.135380921240046 0.113704998704665 0.121875119116161 0.263411306892222 0.0457026959973014 0.110527877271653
0.0701325862189367 0.240764728222626 0.166049595752738 0.115666961574523 0.000873554385069919 0.0333570473072632 0.155850887694059 0.217304638844784
0.225704372768459 0.179898163342783 0.210223406523614 0.0231639902469165 0.0222287823942812 0.0678758923724005 0.197604646577584 0.0733007457739625
0.135262791378693 0.11478574014467 0.185773908577685 0.0934430232942995 0.184810664300327 0.0529591671695766 0.0500580461054241 0.182906659029325
0.208298950594754 0.00674381471094537 0.0916683414762012 0.10582488166179 0.189782021754673 0.110620428372279 0.20282172515482 0.0842398362745381
0.038745452909342 0.126095317270485 0.148323916348772 0.143671614533543 0.194724146058044 0.21433255590577 0.0568225625759145 0.0772844343981302
0.246606905360688 0.044909264854804 0.0954149520097254 0.0606745324164819 0.212611947392068 0.1212605065976 0.099539341487249 0.118982549881385
0.163586752903608 0.0534079202452699 0.112184224277503 0.20462319642668 0.149298491243756 0.0590780244505963 0.0346005074217392 0.223220883030848
0.158505502787036 0.134113951971939 0.201023387008707 0.0580503429377763 0.0924954132651389 0.0383947556712148 0.12878539530093 0.188631251057259
0.131085543618595 0.225558264188432 0.133334584795334 0.154645715270597 0.0433901823368126 0.109794750696073 0.0435767092139758 0.15861424988018
0.133495792383809 0.182625974355738 0.0813179698517897 0.0109976191108302 0.167970101520345 0.140118362127127 0.13920406281854 0.144270117831822
0.108862221328476 0.111536298504528 0.138340982212591 0.179368379102499 0.151821293993133 0.107350428998063 0.0954373507743581 0.107283045086353
0.0934486996097414 0.19892921637231 0.0700980847893751 0.0688149852292215 0.0700821525954775 0.101551199092555 0.18755865460252 0.209517007708799
0.136812008681168 0.0499355671517004 0.287935605618209 0.0609023412517211 0.0424607632661443 0.204207527594245 0.163236142764229 0.0545100436725831
