0.0890890206719109 0.122596355608712 0.173968699582747 0.295253520314111 0.00391173344798328 0.163368667346081 0.151812003028455
0.29839907135114 0.0685493064708608 0.0828182811718613 0.0631939325467085 0.274322821581566 0.131866457761357 0.0808501291165069
0.279717136905352 0.166777015991181 0.0626093626739142 0.0872382930382541 0.0196166177082719 0.285362410577846 0.0986791631051795
0.123448925710242 0.0214111070982535 0.223871870689606 0.187366145025869 0.132973959127349 0.158462417366913 0.152465574981766
0.190349805206452 0.191322364597099 0.205952041553491 0.13679689661151 0.16497070576044 0.00754770855558901 0.103060477715419
0.167869538648365 0.14397901360371 0.0771333592918363 0.198591722572169 0.0536362946857941 0.251015666264525 0.107774404933601
0.0212612891960534 0.259687197949764 0.117850738732964 0.0702957978330675 0.0845122043124256 0.229962345178834 0.216430426796892
0.258196060348825 0.104729174504873 0.0132948102233554 0.247035555715905 0.129442537697299 0.246518713149841 0.000783148359901083
0.183153871831676 0.0379593069238449 0.208230923313328 0.213822615836009 0.0249211502261944 0.232883050350787 0.0990290815181611
0.0966360850511778 0.201533829362097 0.120770093534366 0.224896267054655 0.0302759101856404 0.114239950061515 0.211647864750549
0.246005126586528 0.30468792440963 0.0426648393444331 0.0402976055161041 0.219041457305198 0.0273334162017026 0.119969630636405
0.0986143648779122 0.324345716666651 0.030850872356377 0.0444174075927835 0.0585669875794799 0.273570238791088 0.169634412135709
0.215824217357359 0.134464363612561 0.213850807588036 0.21159236615997 0.0463921117134904 0.00241590498334574 0.175460228585238
0.088103607700293 0.148161910226292 0.057360549560833 0.175247654283258 0.0976172256428091 0.274170774331993 0.159338278254522
0.00555817417871434 0.250849584124138 0.346173626541095 0.0361699173752168 0.023976695443662 0.127078444857195 0.210193557479979
0.0529344723316933 0.111364324095471 0.231625403174171 0.0165039319393987 0.208537858694569 0.219031706502274 0.160002303262422
0.103257568631135 0.191838372678093 0.0145858255779655 0.0496400370890057 0.157091080078712 0.249846740593372 0.233740375351717
0.2434343116835 0.220556987910984 0.0565282350452149 0.217999591465498 0.0266391786078209 0.0470284975916241 0.187813197695358
0.275038517279196 0.101228975179941 0.0831979117616211 0.127789142796437 0.232348083109874 0.0553925702423669 0.125004799630565
0.0628429433894592 0.268452530375696 0.0151062018083981 0.00674378465242005 0.169926004087159 0.246208793980145 0.230719741706722
0.171720333520675 0.167203191089185 0.222021714030868 0.0997199120432298 0.0755422471667928 0.188835677324387 0.0749569248248625
0.083471975299455 0.322391666292295 0.142560208457664 0.116050043386642 0.311028027218668 0.0238448376509036 0.000653241694371545
0.0205576485866357 0.0149621887425671 0.231265385506193 0.0836957986958319 0.28980329946803 0.0863014619160852 0.273414217084657
0.213073840140246 0.212034173086401 0.121025399402812 0.099034350795706 0.165492379665646 0.0379322553678814 0.151407601541306
0.121332052418474 0.168882181458623 0.138902931746074 0.131271710012893 0.181645575367586 0.117237691697465 0.140727857298885
0.0900746069947726 0.119594389708922 0.160267557756379 0.276527081660463 0.162315614699285 0.15087831444858 0.0403424347315984
0.105053210151917 0.0420269368551473 0.222306707815258 0.204399899774462 0.116178909607203 0.0473990443968304 0.262635291399181
0.118817075899712 0.151850994819919 0.112279636409822 0.176837738487311 0.185783297397133 0.172549054931049 0.0818822020550534
0.143609184784351 0.229139426856973 0.272037993413919 0.229847754996513 0.0269495355468092 0.0415337114295198 0.0568823929719153
0.110925145026388 0.143700820172053 0.13072434728937 0.130630958797746 0.205201532452001 0.190388617823577 0.088428578438866
0.156392358301094 0.052533122029741 0.0838566790091632 0.0664271565739342 0.272636153392577 0.135106678810444 0.233047851883045
0.157009326443922 0.109961487295171 0.287196898840314 0.332886867887284 0.021772510795994 0.0334120559556266 0.0577608527816874
0.056701749874123 0.263100206212811 0.103799363021897 0.0892101781690688 0.0945074839096029 0.249560931052045 0.143120087760452
0.231997002645421 0.223448502442295 0.0918763549342449 0.219264520306745 0.0733587394626162 0.0829277406660185 0.0771271395426602
0.0172536859811281 0.297757905966283 0.284438598415084 0.00820803351817812 0.0358491817734242 0.0753180425741828 0.28117455177172
0.0813151696046434 0.199897368761807 0.231502081069211 0.0495579352614352 0.0588523884000742 0.0759973367424666 0.302877720160363
0.0909107225915424 0.243200900034604 0.185407045424532 0.233039579001189 0.105171700575056 0.0517051756665753 0.0905648767065008
0.149330558411521 0.0875042622007562 0.056727279645231 0.137457223416503 0.208656693402886 0.246656721345718 0.113667261577385
0.0668216082165401 0.192384576816226 0.129466787300078 0.0880493429307912 0.172610895218055 0.158510392728767 0.192156396789543
0.138138447057802 0.195099321151762 0.0404242325889665 0.142142107525074 0.17357404968037 0.192229233441419 0.118392608554606
0.172982084865492 0.236453557441362 0.147049389483821 0.116495317637354 0.116651390741695 0.102989273261256 0.10737898656902
0.0543372118619563 0.0181345943117985 0.188700138081734 0.264124555409033 0.154718561035543 0.260555238604685 0.0594297006952504
0.168267599697731 0.151934500391587 0.12437847439463 0.251787160296406 0.11385802962881 0.0337936275146296 0.155980608076207
0.0747562984171304 0.214914914842198 0.0925728141846226 0.261533907246295 0.0703307056486852 0.0925213679242854 0.193369991736784
0.208137098892591 0.225239912140115 0.185130631874077 0.189398701669558 0.020874288333129 0.101221767257803 0.0699975998327279
0.035049582855791 0.201320361113785 0.128267092768909 0.145447649111767 0.156098175702417 0.185835177210101 0.14798196123723
0.20390298584259 0.0157664930305715 0.13692506902948 0.310329816485882 0.0332081445165576 0.245381953589537 0.054485537505382
0.145342931414714 0.225338586279707 0.225145508198935 0.150390911881022 0.0188303617148487 0.1687771510289 0.0661745494818738
0.206646305797732 0.0244288489093554 0.165982981256393 0.186177274986447 0.124994272390382 0.102254276178777 0.189516040480914
0.17635112480808 0.037722720663712 0.265882174483814 0.105155313364741 0.205786318540904 0.0930908496631412 0.116011498475607
0.138800093375199 0.168907249118508 0.0787842857423353 0.225177317222612 0.226581465777636 0.0855363427229227 0.0762132460407859
0.0147501083490764 0.0259582246222516 0.270930092203546 0.233288663665737 0.16426239332012 0.0935846010267229 0.197225916812546
0.0828353345639957 0.105961533666659 0.236846749059543 0.0955227210466945 0.0989335213572581 0.256091598794517 0.123808541511333
0.0191456974826008 0.0560907785368245 0.227938419505867 0.17499645826112 0.0285790997144323 0.240228959451735 0.25302058704742
0.194536822625285 0.0913163270504253 0.268489537697905 0.0438764310226203 0.0448866424569801 0.0798551531918296 0.277039085954954
0.147625717477495 0.204931351336666 0.219536881365258 0.160626692001213 0.00814159456945758 0.189003018212473 0.0701347450374374
0.118640661038782 0.103627488548279 0.00867274926164998 0.00351381939940457 0.224706159132386 0.280702675816313 0.260136446803186
0.0961279731412669 0.101297285837555 0.163910781668273 0.129474174549289 0.228763737470603 0.246075462612097 0.034350584720915
0.169195398781035 0.106265875451312 0.236895984644175 0.195750462566475 0.0563350461075148 0.11271941000459 0.122837822444897
0.0136403144513798 0.206608438940751 0.177218207173372 0.230279974176196 0.120199706480539 0.0349842449844712 0.217069113793291
0.132295650361328 0.300023047836856 0.323217497508742 0.0832666578473129 0.03391706763841 0.0510772795656926 0.0762027992416587
0.15649446165126 0.100204973143345 0.213958950340098 0.140648022438231 0.224671492690871 0.0884938008479767 0.0755282988882188
0.151191649918783 0.0841969036676035 0.264647910907274 0.15033732787891 0.155081750848191 0.172298297770825 0.0222461590084135
0.0115727405386304 0.283538621927809 0.188390334213085 0.0637825331030076 0.322851132757176 0.0182242314923371 0.111640405967955
0.154482454475627 0.156006491886916 0.0712898973839991 0.105463330986874 0.0863758912478344 0.141888222011703 0.284493712007047
0.104035782509553 0.268605180259323 0.049878196236451 0.0854267936090827 0.198810249582857 0.0610613679562089 0.232182429846524
0.165603368315933 0.0282468162760147 0.201182574498058 0.0954123451878665 0.144762806788434 0.047887382241521 0.316904706692173
0.17017512829922 0.0804661268328061 0.172089692869691 0.121722107583863 0.144699909129611 0.170464363714477 0.140382671570332
0.045375164980743 0.0823031242285766 0.0560570576996736 0.192777012299792 0.297427096265265 0.0235835398527229 0.302477004673227
0.14111898139933 0.235872399624261 0.0476572476502919 0.171617004889318 0.155295443514485 0.115731401319349 0.132707521602965
0.152806367866243 0.106457653271439 0.256567943419459 0.0378138968280902 0.060400549580328 0.240608538824359 0.145345050210082
0.139644252019461 0.0151378605919562 0.137252727812794 0.222102670245437 0.213229828200578 0.191860201145939 0.0807724599838345
0.280007007659382 0.203028201977084 0.077861362235557 0.0418234497200952 0.195277702598388 0.16177907593665 0.0402231998728437
0.0422507992930215 0.348753541962684 0.179122795502815 0.0117116802341654 0.216696636698893 0.185918166076464 0.0155463802319568
0.350286137673428 0.193519252214604 0.0636772217635388 0.147265657024354 0.204244435180326 0.011113218874697 0.029894077269053
0.239126426402118 0.0636518187932051 0.00735681487847013 0.187825046153691 0.395467241648001 0.07790327537821 0.0286693767463049
0.144864100295458 0.179079162105438 0.0374673730960947 0.250110904106778 0.119757882290407 0.0448552469650472 0.223865331140777
0.292891172236647 0.0108885846106544 0.237402818097644 0.244483965946706 0.0403507070723 0.116263276768715 0.0577194752673344
0.0797476888758971 0.0704136883550915 0.226327036656826 0.226150091994312 0.00276484126249957 0.150752463996884 0.24384418885849
0.228578968208479 0.00598072951287624 0.221411613787811 0.209690056093967 0.0437626165007485 0.120548435050557 0.170027580845561
0.0798062626394859 0.20297201934965 0.124209143786095 0.0527506921927193 0.211263910190284 0.243920832029924 0.0850771398118413
0.0584968400370007 0.228862357756422 0.16743847162358 0.175485882703286 0.16626437733403 0.150398134835261 0.0530539357104204
0.13883787478678 0.198995465129654 0.306215429576385 0.140995952925112 0.0960777444852254 0.0894314179769164 0.0294461151199262
0.067321623245414 0.0298214890666243 0.318104873721857 0.378176492881371 0.0875168983768609 0.0888473772504402 0.0302112454574323
0.0351710851096238 0.196266334430765 0.211161901542116 0.210499135294499 0.135253568192893 0.00445586423118164 0.207192111198923
0.194751723577992 0.19723222816259 0.198220973566037 0.138020214071333 0.127141354590041 0.118263247391203 0.0263702586408047
0.268967378687945 0.39581763053937 0.135709539582725 0.00666775283193516 0.000805762269612257 0.177135421805111 0.0148965142833009
0.186035760432821 0.0323287867989321 0.190109473005147 0.322603929392976 0.0459561555563826 0.056919604837797 0.166046289975945
0.202359744827671 0.0578772764955484 0.215878691827136 0.088021332072479 0.0676068160054993 0.0773779373335767 0.290878201438089
0.0717212247302698 0.00434374477217538 0.146553861464515 0.0993423569780006 0.223291469301669 0.143513666531859 0.311233676221511
0.0844014098058719 0.16060203255522 0.163499879910706 0.158712329768172 0.100381455073861 0.137228429113131 0.195174463773039
0.221344175134266 0.0909692062148167 0.084730071869132 0.206048246989056 0.204684624904025 0.162049668201639 0.0301740066870657
0.013454970241212 0.10139617962609 0.237254940793266 0.179546869051692 0.188972219107419 0.0405668945318553 0.238807926648465
0.205611098252919 0.0747045690468358 0.100377239586861 0.178468310237885 0.0971592237825 0.199616330603958 0.14406322848904
0.0223686937194795 0.145899295406223 0.128244278945136 0.173842252720292 0.131302752362852 0.221955834939271 0.176386891906747
0.0499575926619278 0.0055472943306104 0.201485684942695 0.291531803925845 0.0322652776366465 0.105115090900742 0.314097255601533
0.31578243175622 0.0906043496998722 0.152212793097879 0.137442084517039 0.00371692713967 0.170539326271179 0.12970208751814
0.0960591966371041 0.290887771169939 0.250886676470237 0.0438339442883862 0.0704375441815622 0.0917511630273 0.156143704225472
0.160056750793553 0.15393008539534 0.214522663510807 0.0618772924136455 0.107438500250101 0.163562220164435 0.138612487472118
0.186385691901044 0.109920295148212 0.0453069274729336 0.14125085251704 0.252058322862888 0.25953258833992 0.00554532175796231
0.200945550441334 0.0279666321069428 0.112233145700939 0.067559108826448 0.205580838963114 0.196633554023461 0.189081169937761
0.0807907806454333 0.131384729426613 0.073364117590565 0.0806357382381398 0.362024407505243 0.0696365828700058 0.202163643724
0.164309906472333 0.0658182750451992 0.122747975289355 0.212295167270507 0.165219346526799 0.222386610891085 0.0472227185047221
0.0329401018851776 0.20860593038277 0.0747914294051913 0.273006152243309 0.239685825288656 0.0843600877148452 0.0866104730800515
0.202318686177482 0.0111596100040112 0.071412900317521 0.181033600899773 0.0644222441457426 0.221624655788493 0.248028302666978
0.0218123893497228 0.190091847108457 0.152306143183138 0.189931058087168 0.112977869862484 0.178488001023795 0.154392691385235
0.1783182265526 0.00841671429464461 0.192712095387456 0.265586406648826 0.245510326930087 0.0199971266635006 0.0894591035228864
0.156025577775456 0.0827156730490495 0.196241677395316 0.119621891169029 0.19001798013448 0.212220292194881 0.0431569082817886
0.0541219694406364 0.0319015423256598 0.170404158407532 0.230282531400392 0.073447198863101 0.20741772373092 0.232424875831757
0.165582339725143 0.269950975712282 0.181419028663035 0.0250814742626879 0.271958569660076 0.0134715781162008 0.0725360338605757
0.223347029586965 0.283294889371518 0.125822301208893 0.297134911587009 0.0505768061332956 0.0086316387357453 0.0111924233765747
0.139028203169153 0.0675155112714104 0.123540657238945 0.291923059165877 0.0524280890866204 0.0549290101209006 0.270635469947094
0.0492555340249455 0.109429205906713 0.226969040603966 0.14832536922132 0.193424784369577 0.107981877564112 0.164614188309366
0.169461916071319 0.220064985697038 0.135573223083158 0.0755375375880488 0.191619964834437 0.147272198017513 0.0604701747084858
0.21675608487633 0.207329599230895 0.0919981973501518 0.167767988982953 0.0688276903954021 0.00835771342895993 0.238962725735309
0.312369248521688 0.0604484586303389 0.0451422024162245 0.329536715756593 0.0923566017876535 0.0232593359645911 0.136887436922911
0.0699679589901887 0.350976971670409 0.16442720111518 0.349854680462065 0.00383061025778353 0.0305472898459702 0.0303952876584037
0.137691376681778 0.143051749418774 0.109489782912567 0.162638589983913 0.094187586434583 0.171191318366457 0.181749596201928
0.246029128457179 0.0937163265788174 0.00785880773426816 0.157764203109641 0.208726808886737 0.0649184558704594 0.220986269362898
0.11370372784983 0.124254324538943 0.18783234492974 0.160699213782801 0.184099759094686 0.211779343436033 0.017631286367966
0.21014590833485 0.0896686694213665 0.0300592328452761 0.150243114749809 0.236765738285886 0.215367668798993 0.0677496675638192
0.166870461774121 0.140797287616553 0.142185695496981 0.16302957654852 0.107533308221833 0.168231301261462 0.111352369080531
0.256732890712146 0.0157188351394008 0.0420669117654761 0.245300065722079 0.0056286162715402 0.380595942576953 0.0539567378124044
0.00714565028021196 0.258010681906945 0.250034062147768 0.144354594012128 0.202633400240311 0.126978034609027 0.0108435768036093
0.112779042849987 0.0927063120465747 0.152888737623724 0.213869334442268 0.182290026115396 0.176350044663507 0.0691165022585429
0.150555116054237 0.0922682451054533 0.166610469261307 0.104455933155665 0.185807583759 0.151130143349399 0.149172509314938
0.228054781985961 0.183657489913995 0.0874041584022997 0.209877741109959 0.236498520811143 0.039064960683242 0.0154423470934005
0.168254166704544 0.215756759516211 0.0726306490673241 0.124510694652121 0.0609285191835893 0.141716625801659 0.216202585074552
0.234105701812948 0.083629311572167 0.0653666956081481 0.238588169125249 0.117705564128088 0.189597162428119 0.0710073953252803
0.208997355183049 0.220841152388744 0.0364732277747962 0.0305723481076896 0.285680631341181 0.123828682269488 0.0936066029350511
0.185132938141163 0.027484773416076 0.124893571325284 0.123974161456156 0.275133301902847 0.0452203663926992 0.218160887365774
0.229823861770292 0.0469856893266089 0.004917360354778 0.209520902058782 0.2238737215401 0.103703149003104 0.181175315946335
0.219559401373551 0.217918029484419 0.00540648584751423 0.0400277549857882 0.216703950020002 0.192828998616707 0.107555379672019
0.157865909009824 0.190684593715726 0.248966741633676 0.0524290929080891 0.00801533216115515 0.330758255011341 0.0112800755601888
0.216864410273036 0.130051679707757 0.187429747850698 0.0150760436626078 0.204510408433424 0.0351370078074104 0.210930702265066
0.0492453542948541 0.0439261023501859 0.169988136140953 0.231526340963702 0.285638573809001 0.0800672896954534 0.13960820274585
0.268083856266063 0.186457066963109 0.123785123114891 0.000376455445063626 0.0821154203963805 0.204438183411083 0.134743894403411
0.118609833512093 0.240277983844275 0.0295586097262758 0.171813623547645 0.029095898073819 0.114049761861685 0.296594289434206
0.178829369995184 0.118407481641975 0.168931411023454 0.262659113754507 0.154102911177022 0.104307208856438 0.0127625035514199
0.0952146495530939 0.373035537562131 0.083057496072858 0.0177027883996684 0.253137158012031 0.0100603224458742 0.167792047954343
0.0455813991743933 0.256464018622789 0.187557000543391 0.0848164053391319 0.148597950535531 0.257039672055991 0.0199435537287721
0.118488036206155 0.0918342121721292 0.194586467156295 0.206250348000067 0.0649333147681953 0.146816716114086 0.177090905583072
0.117582684226615 0.127510264643144 0.178708879026212 0.218728948969649 0.129583522134563 0.00961958141705627 0.21826611958276
0.0565582610249804 0.178713303649019 0.0631807993328367 0.259440233736817 0.104751212714861 0.0914849973023031 0.245871192239182
0.190989898130531 0.0228557618648833 0.133530789573499 0.00343653708499931 0.179576004903899 0.168463160427064 0.301147848015124
0.000795390495461221 0.282162542778977 0.0307012678439294 0.376277384867083 0.056488850380487 0.0137586810792642 0.239815882554799
0.286304127051518 0.0621446969570378 0.0903336056104504 0.184040734153792 0.185169504116412 0.189748815061305 0.00225851704948394
0.161600607858727 0.1996226729072 0.181273377276585 0.121887172248685 0.228064912469057 0.0694481596477545 0.0381030975919914
0.000961553307403919 0.0481714289611571 0.256421668311273 0.270959526541347 0.194591362292754 0.200464414804875 0.0284300457811904
0.112303031782073 0.161006921597884 0.180249548844135 0.114060651508385 0.120723290417891 0.178718328676854 0.132938227172778
0.0263473128098841 0.116504614921359 0.238127424950855 0.1702935019428 0.312710856981574 0.0654931899024921 0.0705230984910358
0.13691268013207 0.163899782833229 0.119047141134762 0.136324558613925 0.176261373737804 0.135192117053569 0.132362346494641
0.0560947847549982 0.0919044451645281 0.0955704509674136 0.17880312946608 0.228746226397401 0.212247424458695 0.136633538790884
0.175954211229458 0.201987312499074 0.0295899614227524 0.0820789335761695 0.210615667097789 0.130660541520835 0.169113372653922
0.161611246129874 0.141317575721186 0.135629334808338 0.132930271272895 0.184404503395868 0.049870772398953 0.194236296272887
0.0993201040480447 0.0929498371118163 0.170559950568767 0.194071459008634 0.0567049488555742 0.219504694798652 0.166889005608511
0.226613991111644 0.00191321398453773 0.0977674073557061 0.134344645046209 0.220895573313956 0.082159228068308 0.236305941119639
0.149848386798887 0.23551968353964 0.257537190636682 0.0180918582805373 0.0222967995596709 0.0572050851090083 0.259500996075574
0.307920147130579 0.117756413339269 0.245486999481964 0.103526092721098 0.0165611500401018 0.00962877466210781 0.199120422624881
0.133667914688432 0.203125233857604 0.108105119908019 0.0610679201464017 0.0195054021106829 0.310873230964587 0.163655178324273
0.246374443250294 0.0614794219792344 0.22206047193203 0.137244426513492 0.0771914020979491 0.0467176495439691 0.20893218468303
0.0718143331324762 0.180427710073828 0.100774418434772 0.266133274962679 0.278736609718096 0.084914671795933 0.0171989818822159
0.0383553273930929 0.149055078062534 0.10018564039718 0.197027041046876 0.168230540004408 0.166359483455209 0.180786889640701
0.156703267927392 0.110231080001416 0.203469977002779 0.0814153424383229 0.0777068781251763 0.204446196514676 0.166027257990238
0.162991772245637 0.229484762182476 0.135190064958267 0.191602786960713 0.00123568826614601 0.18559968860101 0.0938952367857518
0.0867442943326418 0.000932622279818691 0.239095614688073 0.177826989562081 0.0928422211014592 0.244309028408491 0.158249229627436
0.045855323909087 0.0664312974763308 0.0340028591998277 0.235012984801293 0.24484048073278 0.176830031339998 0.197027022540683
0.117552839355218 0.281463670653108 0.132810343727166 0.23304001262518 0.0198459928052749 0.087052069813748 0.128235071020305
0.04456937983216 0.269779912042947 0.214619018293272 0.0570923258371487 0.0979410003603017 0.092662691821593 0.223335671812578
0.190185576232952 0.041689192687209 0.303296507117672 0.22818818822765 0.20886270195072 0.0221625093047094 0.00561532447908813
0.101067496426616 0.221112926266485 0.0839682131100324 0.0362325449916916 0.158205270349317 0.223206670330327 0.176206878525531
0.114786638943994 0.0491359269587515 0.264759678646261 0.0754441375191869 0.187941492114279 0.226984366319385 0.0809477594981423
0.232343064131254 0.0549340761523081 0.116962085492765 0.239405101949462 0.204859088085863 0.118690419331713 0.032806164856635
0.143710092656632 0.221398837436984 0.290274861647332 0.213952993757014 0.00725925546195376 0.0698609472789855 0.0535430117610991
0.363352223772104 0.11419325769104 0.0256736568332574 0.0382883841304535 0.342087969392475 0.0741919149741892 0.0422125932064813
0.304880814738748 0.171194817495727 0.12468248833141 0.33063754395681 0.0242183213272108 0.0441864114167797 0.000199602733313726
0.183265015779641 0.173056253179935 0.0398267785163674 0.0173461766306367 0.247299290938124 0.134760543296276 0.20444594165902
0.184114559057552 0.209262994079099 0.0390337144136148 0.097193207181285 0.149216130569502 0.130600568035382 0.190578826663566
0.277442372218161 0.0120142955109516 0.0828357002814954 0.0754178926292324 0.259628870658985 0.160542831319847 0.132118037381328
0.0774682968013315 0.039979300568599 0.0171435555477604 0.204315185524432 0.339185713936688 0.130823852352843 0.191084095268347
0.142767736987005 0.210678574648144 0.195761990273121 0.0544247814601126 0.153662430313444 0.192745648365397 0.0499588379527759
0.227939157473397 0.0995503089847649 0.109180105851325 0.259386099158895 0.0169516978986273 0.137508463905751 0.14948416672724
0.190995102752776 0.189658374374483 0.0546684022892028 0.193226970301238 0.0738682362185929 0.136849787568482 0.160733126495224
0.159958626693452 0.19880833880731 0.0022434560699439 0.103372911564138 0.218937178623995 0.144047852249523 0.172631635991639
0.183184815059947 0.110486624938801 0.111882786045773 0.200151669154427 0.108022660503178 0.27492122516828 0.0113502191295934
0.0129641546381639 0.157618604540021 0.261066675608949 0.199975668855549 0.0855455876014603 0.0961766431204431 0.186652665635413
0.224915329209616 0.291806768752879 0.137202617951285 0.110907866362565 0.0857711662396243 0.0615919150018329 0.0878043364821982
0.173868973143317 0.1709879799315 0.247929309782152 0.155059164309429 0.0207105421207795 0.188352036427713 0.0430919942851084
0.10196128888876 0.125155228937076 0.0240396610026829 0.149614253936401 0.0924193928449276 0.281044886246412 0.225765288143741
0.0253645800974215 0.00205752504211575 0.280308172848201 0.346481197954838 0.0371054402117834 0.113613809996013 0.195069273849628
0.254182508542927 0.135908012455655 0.148204603471563 0.0956875209961823 0.0637354347955076 0.256048599561212 0.0462333201769537
0.16347708862744 0.119920953227588 0.132257695777115 0.169099622178725 0.052555874591546 0.183443814157953 0.179244951439634
0.00098803971286403 0.291182480609206 0.30426523700374 0.00713024117014405 0.0622105737981013 0.225819932796262 0.108403494909683
0.0398716913985893 0.0666874308569304 0.246665038037649 0.191614894157162 0.229347764730285 0.0338149213904398 0.191998259428945
0.0716932546145201 0.0249487361552809 0.242427728238894 0.217843160164302 0.17659787836879 0.187906183449142 0.0785830590090707
0.198130366528377 0.0122298125019822 0.101130332486581 0.227253148466805 0.165266472453424 0.152391942942112 0.143597924620719
0.13512416260045 0.22128626588216 0.15314938305836 0.240487626703095 0.163863740358522 0.075560537378789 0.0105282840186239
0.219063853156741 0.0862327115330138 0.0919539911942484 0.151339346443786 0.22551374747845 0.193407911372694 0.0324884388210665
0.203241985674393 0.175186495005731 0.0321001244428767 0.267616905204174 0.237479168487568 0.0292840081289809 0.0550913130562761
0.177389168037691 0.0805547643703304 0.47397764831542 0.0381167038624319 0.103296125966685 0.0503840083526554 0.0762815810947856
0.180727571858585 0.120568152867298 0.0577605320221306 0.0335931734408024 0.291656415017114 0.223661960962427 0.0920321938316424
0.180193485894866 0.126609048946783 0.196010020194527 0.0769726276835243 0.253112237179169 0.0314868548026184 0.135615725298512
0.237583401190296 0.0520515738632561 0.161680441126843 0.237041161990037 0.0743668934571389 0.220860707169174 0.0164158212032552
0.171424109536937 0.207932147647328 0.145273160760982 0.0397381014785419 0.11492561595209 0.193953330010869 0.126753534613253
0.218049281981864 0.0458201822685744 0.232433481584666 0.141451987263619 0.198223172598514 0.15002036695772 0.0140015273450428
0.297892138679262 0.123231881622525 0.0603951214953604 0.27522984421115 0.101727737143798 0.112359575817493 0.0291637010304119
0.0565404710407472 0.0380495891354252 0.211975193011326 0.305544929986576 0.164218110995314 0.164551280701069 0.0591204251295426
0.174325113010993 0.17230927763455 0.0793994586389158 0.179105863872114 0.186748131157687 0.195534921069248 0.0125772346164936
0.0641178733655382 0.0215964181256507 0.0943019822130839 0.0151813438057852 0.240371990958644 0.202789541083458 0.36164085044784
0.149748977869925 0.148909030331262 0.0656787061235704 0.175184920401715 0.174775206421242 0.126636237399089 0.159066921453195
0.312893401048005 0.00166619936291492 0.290646162307382 0.329494401631104 0.0455328750370502 0.00422685119862845 0.0155401094149159
0.127742207865686 0.225431259744738 0.193400618906406 0.245372028033893 0.101661291352501 0.0430634076214899 0.0633291864752864
0.0231324827860884 0.244264817131866 0.14184840168932 0.185077461510093 0.199788547752548 0.0991791665061469 0.106709122623937
0.199672711895166 0.271505776487971 0.000735827577754764 0.0152999604158874 0.261480076528392 0.138547810536394 0.112757836558435
0.145638626495232 0.19418743184735 0.169528527468389 0.141788690004001 0.187063534626867 0.0187378853854778 0.143055304172683
0.200550439205042 0.202235094279807 0.117950289454761 0.148953085894644 0.128185014045678 0.0307915456158951 0.171334531504172
0.0807306357279236 0.145891684540781 0.273484430562853 0.125388895770213 0.0430954833496763 0.134656066404445 0.196752803644108
0.226687741762078 0.127233780245097 0.167843569606107 0.173127912992675 0.0484290716526329 0.157212702876485 0.0994652208649234
0.112144546165966 0.12277707459574 0.28451517788943 0.0328749092098252 0.0269047825298871 0.167864856801815 0.252918652807337
0.0365617943545928 0.175365533342588 0.174469357802308 0.0895256766040254 0.215373898079174 0.216869772292715 0.0918339675245966
0.0444241355827432 0.0416746185275182 0.180983176839485 0.0461770090739842 0.221209038213411 0.306481451038299 0.15905057072456
0.334737690480328 0.0488253618305063 0.181525232080888 0.0744133452693944 0.143948276732789 0.0590577657375718 0.157492327868523
0.218305050655151 0.109813007307325 0.0415403794862576 0.0266102551855099 0.103436975429643 0.244349250179942 0.255945081756172
0.0584345847978629 0.130984170185498 0.272911875868558 0.28846243204956 0.037360849325411 0.184025795836728 0.0278202919363834
0.101301118152945 0.289901704302633 0.190177072291225 0.191831362247882 0.197397822840279 0.00684805290777031 0.0225428672572656
0.248056599703488 0.191779775586649 0.021071173321143 0.221888585976253 0.0782374935803351 0.225219576622465 0.0137467952096663
0.108118468098324 0.0653259139911557 0.293021404709064 0.189125309498176 0.0255146209326117 0.0236414467977308 0.295252835972938
0.0292938112358029 0.0978308220893997 0.181810306505254 0.231926375495047 0.226038019937448 0.197401076726055 0.0356995880109934
0.100302794706124 0.0588133086830219 0.198882651423286 0.208305908580536 0.206174035858164 0.0431504128099422 0.184370887938926
0.0727529956936847 0.191081402831242 0.118827401214085 0.338799095050892 0.00466733412075352 0.260550257766842 0.0133215133225006
0.0226109616962453 0.151713061096719 0.0887019886230708 0.0353770231428055 0.286847334177326 0.25421066290067 0.160538968363163
0.106296813925453 0.212677100294489 0.164073605997735 0.213078357203325 0.145402700481128 0.133453446023234 0.0250179760746355
0.28625863764853 0.279336833160576 0.0286882590811314 0.0760523896261758 0.131713569144387 0.184178954443009 0.0137713568961901
0.0152759346518461 0.209001296959128 0.161301093436015 0.0419255052250576 0.24146927744455 0.184640781203717 0.146386111079686
0.0821433567199098 0.0977449164169334 0.0418556101104128 0.263294067604215 0.210194900477865 0.182616962191889 0.122150186478774
0.413072388111224 0.0499441086956762 0.0902426710489396 0.0904509076329176 0.0527272626414616 0.269212920735951 0.0343497411338298
0.139136391084116 0.283952678055747 0.175419819177043 0.0106321133987755 0.14244817075681 0.0155038924027193 0.232906935124789
0.121443094008466 0.122825048549849 0.201129685234462 0.146702821516791 0.137255917802261 0.146522328157812 0.124121104730359
0.225952951206661 0.0820062048825757 0.168766186063056 0.0403071144408496 0.197645057900957 0.190357034600404 0.0949654509054979
0.239168752589897 0.0169038008702641 0.182618370398054 0.261844313908736 0.0279931761361458 0.165548812685971 0.105922773410933
0.00724447209238211 0.18538587496288 0.0332010225797989 0.0643591964768554 0.144066757701968 0.238696718316246 0.32704595786987
0.177433989306991 0.0489183719197783 0.183529867102738 0.214930573182874 0.153430344489257 0.150817270629995 0.070939583368367
0.0848485140752752 0.0648591483979463 0.123564148770379 0.265081553265776 0.192051673678953 0.205983931910147 0.0636110299015249
0.0408472691656207 0.20511916512707 0.146263533820416 0.164777950961031 0.232774154680568 0.160990271154666 0.0492276550906279
0.0502156899444396 0.168939325119138 0.246114630584704 0.221634919800154 0.0728023114685301 0.139031442390866 0.101261680692169
0.213122269480198 0.151575032351077 0.184341825081611 0.0699861307709192 0.132089565600895 0.162928395621513 0.0859567810937855
0.250287990618534 0.243391163608786 0.0732831936691807 0.0652232178874192 0.158961788887038 0.158595687990125 0.0502569573389159
0.207140081629493 0.199307371469523 0.156957593157776 0.218575040529746 0.163980857049646 0.0432717336323446 0.0107673225314717
0.178273481006736 0.18187585516342 0.0872236046610534 0.167781685072686 0.101999540769908 0.0603094278130394 0.222536405513158
0.0287844316954488 0.117447105442378 0.108462342794617 0.213523366185337 0.128974987132063 0.375229877251763 0.0275778894983934
0.0509112778293207 0.199526305028085 0.188130624741332 0.119939372904095 0.161449977854203 0.21838300283856 0.0616594388044035
0.0565044453396297 0.0759347409209973 0.14028451060035 0.166807312633347 0.178388093930618 0.183245829560266 0.198835067014792
0.0271509032580817 0.269929044175393 0.180998535651273 0.113066216985978 0.169480334268813 0.0772346430614434 0.162140322599018
0.280093902939728 0.0237811570089998 0.137807800756024 0.119940438679298 0.211427732306415 0.103259168636824 0.123689799672712
0.0793510810631466 0.163671383404808 0.237086185466906 0.0779329389405698 0.225800257210303 0.0622681110482353 0.153890042866031
0.115086145061217 0.258410752823947 0.0751042037647164 0.26061530318042 0.0715998911838462 0.0508329850096365 0.168350718976216
0.0143402447467161 0.00594483670003427 0.280489554303707 0.218191923829271 0.173997942330857 0.227510789851104 0.0795247082383102
0.215978004777259 0.252236614336225 0.187639031830394 0.0867710010505774 0.0946347047740525 0.0359416368112521 0.12679900642024
0.166042701102037 0.231289204891471 0.00697265340730808 0.100171129937931 0.238316015805266 0.169828212674052 0.0873800821819346
0.133095594491183 0.147763509502786 0.173577258125638 0.0752582875558891 0.149177898076061 0.123507058367772 0.197620393880671
0.0275494235218576 0.0482320651723595 0.128587750175494 0.211597697108992 0.178310391606206 0.208094946771177 0.197627725643914
0.0532310540372963 0.046321490714327 0.235989139494976 0.189107499635317 0.073663137129737 0.147452580777108 0.254235098211238
0.398105335446659 0.277420783529733 0.0645651724480064 0.0850797796777571 0.0841385525938823 0.0828133460666118 0.00787703023735115
0.172783438926873 0.140601074265591 0.0111520374969493 0.211586270851906 0.220072006239986 0.160350174857239 0.083454997361456
0.0309082182700305 0.00451404301784729 0.0685225536916478 0.393366019806883 0.0275413264390689 0.0619993017789382 0.413148536995585
0.173776927370422 0.0180232739110992 0.0276294529060483 0.143583924833917 0.307511274686004 0.164817691236921 0.164657455055589
0.260349313561007 0.248416931870351 0.035495138796278 0.198005317211428 0.0557338872099001 0.0389182311606559 0.16308118019038
0.0879605357227927 0.165012065367801 0.148529576428456 0.169759153801431 0.0659562683590463 0.157451044972 0.205331355348473
0.217661917781156 0.201265916064524 0.152623783405689 0.0314104958655301 0.0507135644687135 0.118835655940859 0.227488666473528
0.111490395176543 0.0437744283520446 0.028419332815951 0.00934197910170786 0.110246773807685 0.35376873986827 0.342958350877798
0.173186125741457 0.186885856057917 0.0872747534583315 0.0393814933681138 0.0752954890616397 0.186171777822059 0.251804504490482
0.185082806810918 0.195190729723 0.303747880954174 0.150158535453744 0.0629092039975138 0.0733156282497776 0.0295952148108739
0.104574994534753 0.172547508751948 0.100836345964313 0.00887366520723794 0.268337942674254 0.172997893552263 0.17183164931523
0.0946805870178404 0.183375476002782 0.225572719227663 0.149160834942382 0.173158345426655 0.0488331252187622 0.125218912163914
0.236281647840374 0.00973595078534555 0.0282549333380524 0.0508657438054236 0.108957786087873 0.29101748734546 0.274886450797471
0.106939417903157 0.228785863211444 0.227623979749468 0.0538532827966742 0.128001682983514 0.211899173774386 0.0428965995813561
0.229126047908811 0.029619641767219 0.160140475710152 0.205371606151212 0.154427911625517 0.107131666504955 0.114182650332135
0.104678662473541 0.183805123920063 0.0470688555432905 0.284617904944868 0.00282506078965266 0.178134670107621 0.198869722220964
0.22271587173398 0.101030820474645 0.182085484045029 0.228344446986914 0.16563465674783 0.0495949957379355 0.0505937242736664
0.10148548709893 0.00780527198388539 0.237775813664861 0.177878547780768 0.167725473952034 0.191208537445951 0.11612086807357
0.312779877741656 0.197555219135416 0.277130722312002 0.0133640054817898 0.070001203677242 0.117437148676186 0.0117318229757079
0.210010270905184 0.0708551310522112 0.196265893920052 0.225041378306334 0.00759346817785806 0.244390380462555 0.0458434771758053
0.0406238904800731 0.19707099924013 0.130323401102022 0.215152681623602 0.269438214125799 0.0276900177830533 0.11970079564532
0.0866835426508181 0.1564537929533 0.0509694712113411 0.0684187737003898 0.207201823601752 0.226406351477644 0.203866244404755
0.173766481813089 0.147098063340099 0.27617679414288 0.171609590730902 0.0413974048813637 0.114532989109333 0.0754186759823323
0.094935900201417 0.208091552797329 0.18412724754083 0.141665530605469 0.21143303354757 0.112486945517229 0.0472597897901565
0.0881900852690098 0.0898404763472094 0.295894858291035 0.00813965946965935 0.176869149043671 0.129700330651086 0.211365440928329
0.0229928973163531 0.134343716419005 0.194145552788188 0.203947519927985 0.193029696611734 0.097105669805205 0.15443494713153
0.10343952070369 0.101166647306242 0.208737418088281 0.0975646919348111 0.316544779471296 0.167224360064869 0.00532258243081128
0.152915984737509 0.0933428211622802 0.0824470939862098 0.222109911316101 0.0966847596421597 0.126687127977012 0.225812301178728
0.216529776654284 0.132961682866727 0.141408072377392 0.0855150660394795 0.150157880635456 0.0220197436510959 0.251407777775566
0.151005002550538 0.267786666264745 0.00311013746515972 0.241094511493026 0.00738935313713418 0.136759728051403 0.192854601037993
0.236927349697247 0.155590728458794 0.134255252469666 0.236505008993051 0.0410148005732604 0.102170969427538 0.0935358903804431
0.129671630064774 0.174172095144857 0.182892211759138 0.0706334070449583 0.192412501439832 0.20523969529845 0.0449784592479912
0.235775075943331 0.164133302732361 0.129953785907392 0.0317874744511766 0.0279743520622129 0.203435513402776 0.20694049550075
0.172030550658644 0.00986151296337576 0.213417555094061 0.145704122210936 0.121692828499966 0.269846133290512 0.0674472972825051
0.0677346101502032 0.125830122923113 0.181357737097982 0.223789686262114 0.165817016867031 0.131230086197083 0.104240740502472
0.0532086184121791 0.178682871560738 0.171730411253976 0.129612537711277 0.0491656032449917 0.227295387364449 0.190304570452388
0.204698037947048 0.222759007709285 0.0700470475463267 0.206199411195585 0.0817179369752022 0.083323029127685 0.131255529498869
0.00764963815972782 0.0548853785813867 0.225201959034648 0.27750870436617 0.23897297760451 0.177216909212579 0.0185644330409789
0.153498485489813 0.0937814308942872 0.13268879907325 0.158062015648105 0.203216176807229 0.0991241662656772 0.159628925821639
0.0742237848021716 0.0346433759363213 0.0604239818315761 0.149771611958237 0.257960472110466 0.259149279202358 0.163827494158869
0.0898952148481895 0.164142809872234 0.0128211797557356 0.175298821071109 0.25078491898725 0.080843144324348 0.226213911141134
0.240703924097334 0.17406276069346 0.0964285400451206 0.101911654426557 0.210342735429177 0.0208087716101172 0.155741613698234
0.061714342593349 0.128831152240496 0.219847571158864 0.121403570555711 0.233941076305541 0.104470826234146 0.129791460911893
0.187102265992654 0.146994586809021 0.144237670106977 0.204706941688137 0.0050538816386685 0.147336403761056 0.164568250003487
0.0697621170746811 0.240526147586534 0.149771485478385 0.242516228433719 0.0175593429651444 0.195203135869433 0.0846615425921041
0.1980316455894 0.187592659990343 0.106520347376587 0.203800421085546 0.201281390685847 0.0686673789646639 0.0341061563076129
0.155181277529899 0.169411810472095 0.199519318873297 0.183596965093168 0.129938583198802 0.134526370816154 0.0278256740165839
0.229210347705421 0.0856305573866691 0.123888796439444 0.158262725440624 0.23293068375178 0.0297510151834468 0.140325874092615
0.127011400830736 0.142774063200247 0.142206022849333 0.0744502165190223 0.00480632212822999 0.263592892677877 0.245159081794554
0.0874887955411097 0.09512086720539 0.178325315183939 0.120983679264111 0.182855294751207 0.142075184084667 0.193150863969577
