0.141417561649053 0.284525409654545 0.0939362303746911 0.163705694925357 0.0572356436348831 0.0694975642624952 0.189681895498976
0.0134936721185556 0.0946063772833225 0.0716288823709137 0.296969047848067 0.325952148123038 0.148459510388936 0.0488903618671672
0.0720973640783291 0.24839927727862 0.0665165166159572 0.22630752527049 0.00622317499286396 0.158656544802374 0.221799596961366
0.259570300634696 0.0260035680988604 0.0948390771470697 0.0354099916621399 0.268342392702374 0.108507538090771 0.207327131664089
0.12645664753952 0.0369980984442744 0.136779750739131 0.0509211886807316 0.22654068988752 0.220008758223235 0.202294866485589
0.155755381939193 0.214533214232173 0.190857237006035 0.123264492753119 0.0846205977641266 0.149190916210883 0.081778160094469
0.23563579027157 0.0992398455745974 0.0783556778046835 0.157970328010949 0.153278555586877 0.251803234891171 0.0237165678601522
0.0368268447762901 0.0835692214280273 0.275252940869229 0.121652497813898 0.207400105032091 0.13524487508629 0.140053514994175
0.164310753783876 0.20344383716509 0.100404162375257 0.191497586662257 0.0192634802427365 0.104237283696995 0.216842896073788
0.0718451235193198 0.14584197647447 0.125596775295962 0.155645518388946 0.163903781443624 0.139698437458951 0.197468387418725
0.0377180939215286 0.15286612570892 0.0470231185752512 0.0750734131871433 0.199504454805659 0.231696674429588 0.256118119371911
0.173648907612696 0.218962970012931 0.189784517883273 0.0185858957178702 0.00214508011144942 0.135572452830183 0.261300175831597
0.234812116638711 0.247443866821651 0.242516856154727 0.0557946482452844 0.0115623546229999 0.103110752179255 0.104759405337372
0.222794078385683 0.154392418315546 0.20149062736416 0.184849099483128 0.0543882984460186 0.0300547769008305 0.152030701104634
0.0698534020164404 0.237619411307272 0.0567903621037091 0.212216185305206 0.18469351802331 0.0843974133513455 0.154429707892717
0.251110263461292 0.14212397308601 0.291038821154756 0.0118518933497546 0.00156155088293967 0.263977815720629 0.0383356823446183
0.113284191580955 0.111057967560399 0.104852832762029 0.194864695585663 0.235444604517142 0.202149276876024 0.0383464311177878
0.0755335607005078 0.240153200630572 0.0947560737031371 0.29298392004943 0.0578397407842518 0.0202564542953725 0.218477049836729
0.115418747169556 0.160592964470719 0.0176144335006757 0.282826587495106 0.0963245702365269 0.324454609918736 0.00276808720868075
0.100567658979612 0.215251905162078 0.165795002518611 0.0950874255111138 0.187579291250754 0.181495944197262 0.0542227723805696
0.0751378133195187 0.260190479024515 0.117939177810772 0.21486985432105 0.101298167055145 0.0279790201445855 0.202585488324413
0.0281094338081919 0.0851505814922022 0.197459732175247 0.129845192620736 0.12720041975198 0.139632878456577 0.292601761695066
0.131756464828693 0.457136524581057 0.0533971562276825 0.175243314002492 0.0144354677322492 0.0446745180877942 0.123356554540031
0.0646804834879651 0.224046024821057 0.206088300581426 0.121827735966426 0.186044455839671 0.0865266597769677 0.110786339526486
0.237298201305297 0.12142950320492 0.170850146164517 0.13460973603522 0.0201733517623581 0.104825810507613 0.210813251020076
0.204837692984006 0.0444516891703902 0.044109356665716 0.0280897572633827 0.167341371705901 0.216170340565414 0.294999791645191
0.01772862444251 0.000899986217222386 0.427590514857289 0.169389746774821 0.00155544418988956 0.331547195928989 0.0512884875892796
0.269150837591652 0.0562775487653004 0.133152503663566 0.142339191147872 0.104308513143917 0.154035526565518 0.140735879122176
0.0461174435504159 0.0097073189697289 0.294163755606171 0.187727353556737 0.0704976027042014 0.308263590792204 0.0835229348205419
0.299910779866267 0.115539050603895 0.261873932505209 0.0064322060953322 0.0697025283343237 0.17323047165387 0.0733110309411028
0.215616934509671 0.167203779971423 0.154650673490821 0.134882135267359 0.107724564386921 0.0823641451710079 0.137557767202797
0.155113322880216 0.0385353486373894 0.179252917889006 0.201203324170692 0.0125222038808485 0.191611315170747 0.221761567371101
0.194631733811456 0.159566695208915 0.172428167374634 0.177842447957861 0.0931367605550051 0.193253715160264 0.00914047993186438
0.166505293385875 0.247613540427566 0.0584635657785288 0.0624550794375777 0.316217783323286 0.146309101045239 0.00243563660192774
0.216744968667711 0.0593201799236831 0.128393982782292 0.233571027475516 0.140268095002478 0.12484087142226 0.096860874726061
0.133614945100331 0.249058999410735 0.13345205710362 0.209190301055209 0.122623337741433 0.0177384691599699 0.134321890428702
0.264385117125911 0.0243925658405433 0.0673402462825547 0.146447693278572 0.167496125817819 0.297674808914518 0.0322634427400818
0.191265119243586 0.137903447518699 0.271484260449193 0.00774767393677099 0.0065909376633522 0.306892916135895 0.0781156450525035
0.185682321084585 0.150311386819456 0.0600188165015618 0.224417169709749 0.103459934672102 0.0608677870108328 0.215242584201714
0.403049871435259 0.161244351585006 0.0622157479355804 0.108640320167563 0.00628799238746965 0.128390351574269 0.130171364914852
0.267618830585445 0.0119939037137188 0.292141706006715 0.0212949323238249 0.00248492234345792 0.183925479028403 0.220540225998435
0.0254500009648862 0.19764052777669 0.184776665535466 0.187182596332726 0.107525766807937 0.0836737893103185 0.213750653271976
0.158527105583224 0.0363731141024648 0.174551968528359 0.133229916944194 0.12724617604147 0.250761332501559 0.119310386298729
0.0424528886691143 0.000614806963244455 0.0228060336389879 0.32600748254793 0.015602497500897 0.299837724542809 0.292678566137017
0.201721238882705 0.0635566990609264 0.177265222095887 0.258891506166656 0.186498225160448 0.0252565887144946 0.0868105199188836
0.130381881658482 0.0949316563510483 0.217700886763495 0.267408125031253 0.0888349941340709 0.00564279126776184 0.195099664793888
0.0194390799699979 0.151999833479838 0.223024343131253 0.0705688531801007 0.261803559371982 0.0965561528559536 0.176608178010876
0.190369445311669 0.0227550744448026 0.107953239925561 0.227282763555326 0.19022486328384 0.0709966275437168 0.190417985935084
0.0255005121564148 0.12514600073336 0.213157878224977 0.203828172191336 0.223112965821196 0.129732134387616 0.0795223364851001
0.177541540064994 0.151556067557422 0.205013186501571 0.10611074969787 0.122485601587198 0.15231543696539 0.0849774176255556
0.0766818399442549 0.0761626429938486 0.0492444489095597 0.177375067903536 0.272887752602004 0.316331585740582 0.0313166619062153
0.225165740604363 0.146058440831763 0.0601241113230589 0.109162313137787 0.202498979975276 0.229029418713101 0.0279609954146511
0.187226255888797 0.0683172498231309 0.175655426244338 0.265050457064496 0.070576057961836 0.15154439921049 0.0816301538069124
0.0920921030348378 0.138036826902392 0.173280941328184 0.149905744378633 0.108382008240696 0.160479575921799 0.177822800193458
0.0978767532495158 0.194877183809522 0.127750196424502 0.103669957695663 0.0828886277684806 0.218885176287191 0.174052104765126
0.0857785299196811 0.218923894529906 0.0245251175291215 0.0421289287411957 0.300375743295061 0.0683215315154301 0.259946254469605
0.173639389439414 0.168416889166557 0.156593433909716 0.0601354744552205 0.193605859158198 0.175550773126922 0.0720581807439719
0.283496192426802 0.213572196930004 0.0924709875266451 0.0732539444564816 0.168436413716861 0.0954640311533252 0.0733062337898803
0.201836115087923 0.0415778397283515 0.0436521854351435 0.0835366458417306 0.207245759072236 0.192715408260761 0.229436046573854
0.199433517076314 0.0704520001621615 0.0914735834399728 0.264555291313935 0.131321672646187 0.101859641900964 0.140904293460466
0.0816735367773055 0.242797738669713 0.206699941616974 0.0464652583176278 0.194859179547754 0.0312994731852982 0.196204871885327
0.0890543435949532 0.0512046152065001 0.164781856834053 0.271800176698477 0.185570862176524 0.0233372125136078 0.214250932975885
0.149720992689114 0.145689395672622 0.313025736427401 0.155813474014269 0.00512577504686397 0.0890506176247516 0.141574008524979
0.193476189375204 0.0125091038433225 0.190338146481002 0.201482236221396 0.150870724088455 0.0852727528465619 0.166050847144058
0.0398319105417637 0.0887755275697091 0.121233759859843 0.394941147830277 0.106114562427247 0.142111045291922 0.106992046479238
0.182476960245669 0.106363489294682 0.131964113968514 0.170652936346303 0.135235537505805 0.103687354906593 0.169619607732434
0.144017364707656 0.178935240522932 0.236497668510499 0.275524318631778 0.0460846611131563 0.0268027695544376 0.0921379769595398
0.134579706784527 0.203146984105277 0.0713524349884974 0.0781554117981608 0.169249541387064 0.14903303617336 0.194482884763113
0.205686628446498 0.203558204549385 0.159881455863802 0.115982428193647 0.194935172339193 0.0615918683445818 0.0583642422628936
0.0237511162402144 0.0494759669912154 0.151531115200617 0.272778655785681 0.264567035061239 0.0352982664113029 0.202597844309731
0.0595434794802895 0.247195061921262 0.0258162102393812 0.161294258662983 0.238074146495479 0.111500895250174 0.156575947950431
0.117211118606638 0.16700814500612 0.0551000881708806 0.289550655014258 0.0555284927305032 0.273128819317812 0.0424726811537879
0.127044237387731 0.215714810332211 0.146653683533924 0.18768733459421 0.122661263315679 0.129001744342169 0.0712369264940751
0.00742318092931351 0.194367121447916 0.185589081350256 0.123161773775245 0.199020043926427 0.0717427631548344 0.218696035416009
0.217021196574936 0.0623472084597319 0.208762749661054 0.0772332575462553 0.0368602114160153 0.208080353623548 0.18969502271846
0.114648833734053 0.186447696211131 0.137253428666692 0.113103721615204 0.19693124557523 0.154126386195836 0.0974886880018543
0.0742595825154551 0.201231054856808 0.177765077501154 0.16428504115404 0.128095111505189 0.0424172240483657 0.211946908418989
0.101414677720928 0.120809816589635 0.192399234783506 0.262336335687255 0.24579153949626 0.0770957238699337 0.00015267185248182
0.171121346512713 0.0695562903950617 0.248020285945638 0.209011451707894 0.179406701123161 0.0832719384902546 0.039611985825278
0.00746530493914865 0.00715137268249971 0.433276774464107 0.128430604015575 0.117467179331522 0.298612633605703 0.00759613096144424
0.198865445782496 0.156964234126224 0.164200397894172 0.220087194338706 0.130407448818275 0.0333470597784731 0.0961282192616546
0.107703113088396 0.204267418817552 0.263467234134336 0.0504970723746318 0.0318126700377949 0.0872332100227495 0.255019281524541
0.0398055112136557 0.00164601314104177 0.334867134094028 0.114300284454751 0.172447520947967 0.185938896778469 0.150994639370089
0.0187798421941241 0.146941833096658 0.0613113788671138 0.293224930476146 0.0984342294754438 0.290629304303201 0.0906784815873141
0.121950511322707 0.187486993162618 0.169372671362809 0.0869198469005403 0.0725001978829749 0.243026238215492 0.118743541152858
0.157107459488791 0.159030352024334 0.239382138044503 0.110618811999567 0.0955832698214227 0.237532590255243 0.000745378366141051
0.253393323790656 0.165287199462349 0.0174159542384422 0.0198090867452175 0.148296990736003 0.175605949461757 0.220191495565575
0.170158213235116 0.108607403141031 0.168752787584311 0.177754931647389 0.158907753040895 0.0345771114411238 0.181241799910135
0.116388449038364 0.0862641264502984 0.133854810000377 0.232763174882726 0.18308277821652 0.109084282953336 0.138562378458378
0.260860107622269 0.0869263707775943 0.078489032478536 0.151384109209688 0.228606052924861 0.0313259882871378 0.162408338699913
0.209881420123323 0.0722789857254022 0.107137943723454 0.209498002541285 0.192936006375481 0.181337764928524 0.0269298765825303
0.13791139468987 0.164467728072166 0.188782785557647 0.16743155999147 0.0505456948098249 0.101864979858907 0.188995857020115
0.132398059313238 0.225352036698575 0.291797228494608 0.094122592203357 0.149527421627462 0.0175064252386267 0.089296236424133
0.173535458183979 0.129129132862515 0.187888137639234 0.127312552234729 0.00363982453310315 0.202376955659704 0.176117938886736
0.0502157516525555 0.0169142771199293 0.274224523021234 0.306896169475541 0.00626377588396582 0.300316798146971 0.0451687046998037
0.242324479113569 0.137235956449596 0.0752589745485771 0.191440469461163 0.213693769169129 0.0109461003264514 0.129100250931515
0.225919578353868 0.20417210310217 0.0213607446098466 0.01930994608502 0.154505555083827 0.222381393950811 0.152350678814457
0.19801328046462 0.012543860974288 0.0233746271216901 0.0829909630846725 0.263889155863133 0.28186428074887 0.137323831742726
0.0342789116928822 0.13702197737853 0.0139263049347432 0.20354378466223 0.212967557771806 0.116724285655582 0.281537177904227
0.0713474377077474 0.259161632572463 0.154450259649695 0.0212768467541713 0.225434081810595 0.0188307847069889 0.249498956798339
0.0528031770092902 0.234312346232382 0.0898751548649834 0.126094261600608 0.237439068329249 0.0719377302192892 0.187538261744198
0.289207760740326 0.0436450001940443 0.224168653167824 0.153037505450332 0.082830465564626 0.0506602480362113 0.156450366846636
0.0359899211386875 0.0733862462713351 0.199147183520429 0.0994061884876877 0.364406338364949 0.0317253847492557 0.195938737467656
0.187115918782888 0.100029463710616 0.0310554846074752 0.0143676407307711 0.316267159076473 0.204084552651183 0.147079780440594
0.100796433586242 0.19730275051287 0.112159319592506 0.0908041475313436 0.0829168997768097 0.310743901012325 0.105276547987904
0.117248705560798 0.172386049957614 0.0332722462656195 0.172395005693896 0.195047273787972 0.173294376270802 0.136356342463299
0.158038795804283 0.136704349118659 0.112844730863659 0.157449943659682 0.214177961061002 0.0463351444034097 0.174449075089306
0.159065947662591 0.142656697836177 0.147559102353331 0.155971192948832 0.0511151182031112 0.224951355162703 0.118680585833255
0.194257242044395 0.138198949034453 0.0749179343223585 0.191497339027887 0.0117388117385742 0.185784648297443 0.203605075534889
0.0384686749121906 0.172832544731534 0.14748713049663 0.262898687601799 0.169771134043825 0.110184469751204 0.0983573584628177
0.1763704911767 0.185467851298079 0.192651705948742 0.0481977205274863 0.145348647667151 0.0935003782271015 0.158463205154739
0.308666692415809 0.148340930989875 0.0337175495924166 0.256165314413843 0.15002719185587 0.0717235901015976 0.0313587306305881
0.00270506622103475 0.0765838476498641 0.059380139707832 0.360793994658143 0.0225779030006391 0.26720176314639 0.210757285616097
0.18082545450593 0.186242982547051 0.0245584379512245 0.197169365016109 0.307228362004242 0.0905462212813101 0.0134291766941343
0.16372165979729 0.128166329198189 0.0817509722525399 0.0598127581919454 0.131746624907407 0.216843188042302 0.217958467610326
0.188349941460645 0.0676285576560588 0.12650110878359 0.224077562633714 0.133464139721115 0.197853350399064 0.0621253393458138
0.0430387846433433 0.175943203881783 0.225957778881503 0.163348114956481 0.198625509303489 0.0687017211395815 0.124384887193819
0.21778246039784 0.239520966799704 0.148117286390161 0.164360916737665 0.0507093653113784 0.0726955316796102 0.106813472683641
0.0945822820005807 0.17514521621645 0.249593811866624 0.00510494112608439 0.258496093597844 0.0314697605336089 0.185607894658808
0.0641819271244954 0.157184253611735 0.244145928690678 0.159790073880997 0.218116161341512 0.0307538977696945 0.125827757580889
0.0822273191035312 0.209433466306677 0.0357423928565226 0.204929329924431 0.0949973972687329 0.227140903518177 0.145529191021929
0.236966964772828 0.187567649504782 0.00446847275425263 0.164526270396367 0.0866702429095458 0.204267046635348 0.115533353026876
0.22958308742372 0.255214406498186 0.123687699273039 0.0823299437503744 0.125664798800268 0.131075084401562 0.0524449798528509
0.0125797236922746 0.221650992321388 0.187118444212131 0.162357366763089 0.204270929278247 0.141460229560159 0.0705623141727114
0.187969456818741 0.169692298742009 0.119065718081378 0.175265433599328 0.199333565491372 0.117342081883799 0.0313314453833726
0.149685121865046 0.0635828465285534 0.252964156027753 0.104657245076428 0.127708247415025 0.0609002720304343 0.240502111056762
0.106564014844959 0.0910161897552512 0.309125755641246 0.313958080809147 0.0297592576983723 0.0655646498275727 0.0840120514234516
0.0807028850937684 0.101533678782395 0.172524369152047 0.184324222132256 0.206069524135317 0.0770469335333779 0.177798387170839
0.112732997793014 0.0920704100269455 0.181844347537357 0.10611126631587 0.169863874268896 0.219432542050146 0.117944562007771
0.0888350520620766 0.133737449858162 0.0626362560344423 0.14635759444516 0.164261660854686 0.312642976463229 0.0915290102822448
0.0899446742168385 0.193534093450866 0.215942915642954 0.0756835081652152 0.169386506443286 0.0918963313834818 0.163611970697359
0.218188083624651 0.0734989653884632 0.0412018289447317 0.136883417052348 0.142194981115105 0.134005667469973 0.254027056404727
0.11288175998914 0.0243004115499606 0.276910848280659 0.188785623818286 0.114413095923355 0.143727913265605 0.138980347172993
0.263953851358027 0.0199773243569631 0.0136686775600855 0.211842549649018 0.184026814083139 0.170205035373443 0.136325747619325
0.0300540634973675 0.35595818019114 0.112986328609566 0.216227164127733 0.0231347631630549 0.0681162211799702 0.193523279231169
0.182779919663556 0.0895494576593173 0.232145524001687 0.187025947837665 0.112671285583441 0.0721223753755985 0.123705489878735
0.227661424481276 0.340152842433022 0.00278361028957645 0.0702704146850296 0.182370452632825 0.0403242691046089 0.136436986373663
0.0903156431728812 0.205714582924333 0.15363449168502 0.118314664567718 0.19338157388754 0.0175444194697045 0.221094624292803
0.065312900317745 0.172767068583408 0.157141424121544 0.230357561302157 0.230622465586793 0.0325389139272723 0.111259666161081
0.0766866161741908 0.0507739460858671 0.182186419661989 0.147464779980068 0.147435887941755 0.256031783847848 0.139420566308281
0.0395171658378363 0.0758299322944912 0.155542804767201 0.342216676540401 0.295316830643242 0.0248312201948216 0.0667453697220071
0.11728624570211 0.154991810313025 0.284431222611836 0.0889796842903532 0.0830369655491489 0.203147940933679 0.0681261305998468
0.0664024334799914 0.292394819280077 0.0918543924044154 0.136681266173306 0.217977079552078 0.0339965908081818 0.160693418301951
0.16841236930779 0.203224999251197 0.0263862925471924 0.182482420540512 0.0615437050983257 0.214246756045853 0.143703457209129
0.145801654761636 0.13728816577714 0.116567978854437 0.0934153835557492 0.0815931260276416 0.237810930419392 0.187522760604003
0.232187328264705 0.205144739715666 0.0179195230061423 0.0929072005766635 0.203281060846121 0.134397797117116 0.114162350473586
0.213817444107537 0.0453989837526569 0.148386569291726 0.162708438724439 0.097350459705993 0.129927452228659 0.202410652188989
0.10028402255622 0.195256692303094 0.146805030357667 0.143266178022915 0.112135274725526 0.218855139333461 0.0833976627011173
0.146852931382061 0.233607451767257 0.00582878534290801 0.131142957162919 0.131825593853266 0.174134521487703 0.176607759003887
0.0794906966980733 0.13251237733286 0.0124945856750649 0.0576921404991711 0.277869254348582 0.304343691515114 0.135597253931134
0.167190760851509 0.0433835770460708 0.170500298335985 0.166169091476282 0.212345144149295 0.153133653475491 0.0872774746653667
0.125051167290384 0.0390438676696813 0.191908776724495 0.177733141525047 0.10899713637842 0.190564500941727 0.166701409470247
0.0774661665419874 0.112525621782598 0.254628677395067 0.215752907907087 0.0937587233525447 0.130456415064443 0.115411487956273
0.0522805396721375 0.254131377041035 0.179247919171208 0.076306587467917 0.202481587905884 0.0759573278960684 0.159594660845751
0.373368963969139 0.0505542401834785 0.208920597749501 0.00233613185952226 0.166857306416408 0.146852242126167 0.0511105176957841
0.0786230577143791 0.141202660920724 0.206236608305386 0.29602903740522 0.00479715267323852 0.267574194836791 0.0055372881442611
0.0644365335992654 0.244897716717322 0.170833578753089 0.181567578593041 0.0698640490536104 0.11635203190596 0.152048511377712
0.0436350767665351 0.227844256429108 0.00716641825489646 0.172685587680027 0.195591655457894 0.127482904930565 0.225594100480975
0.0780147152944309 0.233110658951071 0.0324610212260869 0.230867389979375 0.0822372161794616 0.212539877297399 0.130769121072175
0.0712256996801089 0.0553410633811946 0.165293915210392 0.314500336139503 0.0533389123992913 0.212760226354605 0.127539846834905
0.276823997589631 0.225881234602251 0.0818012396824567 0.164651613111275 0.146024402092331 0.0955610128524348 0.00925650006962097
0.0480382215569232 0.26151708833836 0.249751339460246 0.114992652679546 0.137833799915707 0.110922949172003 0.0769439488772156
0.176788694303942 0.0211852986897751 0.234265573371959 0.113362567647927 0.0258331130633617 0.192862715568812 0.235702037354223
0.192817166119502 0.0113600276579003 0.0456506811578781 0.0162991341528942 0.16981354690862 0.185082352333755 0.378977091669451
0.192808125919004 0.188367711353688 0.19043882453813 0.1281491167994 0.175751753783841 0.0558804410664123 0.0686040265395251
0.0146625174342014 0.202204075619774 0.253870884940932 0.163253184062206 0.190082614983911 0.0941421251868307 0.0817845977721448
0.237638646452329 0.0974279989593179 0.11221625832233 0.104595593859904 0.00420111750783515 0.198009816348413 0.245910568549871
0.133865697128215 0.101129696649304 0.272562627068656 0.0264635005401453 0.201916240502782 0.0980424514067144 0.166019786704184
0.558938202921526 0.00664801049428981 0.0466272567783417 0.00946091169021118 0.262022776709704 0.109633616341655 0.00666922506427186
0.110951407107505 0.156178079789626 0.137421391439584 0.0488894049964134 0.236608940777596 0.152210837934133 0.157739937955143
0.246957645829408 0.151791759342918 0.162913977266278 0.0960269230405811 0.259678843800792 0.0328457286767747 0.0497851220432473
0.401314846314401 0.00756983258929542 0.0802334689872397 0.0826972650134555 0.155397057074664 0.183680436053019 0.0891070939679261
0.208129685195611 0.059557165324569 0.0885094525154664 0.214052859886591 0.186206588777317 0.0919309310428248 0.151613317257621
0.047695299846605 0.165079687796603 0.183955804318613 0.149580291343114 0.183017291330808 0.200703093763413 0.069968531600843
0.226468325808818 0.00102357625080653 0.191279990096707 0.177793653176636 0.242208405639063 0.114680183332366 0.046545865695603
0.261484241906728 0.065235324565207 0.157321626031752 0.241967145783895 0.0785925500137746 0.0532624676982395 0.142136644000404
0.113272067169812 0.00236561816850719 0.0783213936723563 0.153057722429152 0.114148749204702 0.255385017882828 0.283449431472642
0.295056405159157 0.138249785199154 0.00103782135161976 0.149694539931622 0.0987649659684275 0.0464274777296097 0.27076900466041
0.0763853588337498 0.210719359952801 0.0941024972389286 0.126276418486169 0.164502118363681 0.111761211443867 0.216253035680804
0.0793276594446633 0.244820086020618 0.0719300417084205 0.00263771728605285 0.236086170629768 0.158313337215233 0.206884987695244
0.0354849802099413 0.2440817309832 0.0316490310594527 0.197885351576189 0.0290357509077059 0.332318036791629 0.129545118471881
0.107730096686326 0.158451605655184 0.272935871714136 0.101790642264651 0.119020505185467 0.192536818631413 0.0475344598628224
0.178746508208499 0.138359605892253 0.0686194944270942 0.166655879558813 0.201062148965994 0.0920205609334865 0.154535802013861
0.00861256700499975 0.316821456164722 0.114492800474275 0.168061619019154 0.0692833439696246 0.037520356478703 0.285207856888522
0.0766288128286076 0.00231410870223791 0.0972737545061555 0.263769717186509 0.172182016990775 0.14973902937263 0.238092560413086
0.125384980169503 0.177434959040301 0.0610130137663741 0.2118682076234 0.0673722782371493 0.283189613655433 0.0737369475078396
0.12739935222446 0.155787765755864 0.153090050224868 0.053393752762357 0.168331133462277 0.111837350373261 0.230160595196913
0.0914671407016691 0.200133992525256 0.0480260728339879 0.124087000699581 0.28207324029279 0.200937420226008 0.0532751327207082
0.00290772869328552 0.185964344324439 0.199305206821021 0.172337708019241 0.124797644285676 0.148541439954688 0.16614592790165
0.167995040805806 0.225380069015162 0.0226180652055865 0.0928497332569683 0.102695027383114 0.169061711569894 0.219400352763469
0.0908988955084351 0.278027555170238 0.0174277376137928 0.214096050876868 0.0531872735273855 0.179833894050257 0.166528593253024
0.0895644617666996 0.17378696048401 0.199969726950515 0.0418796971337496 0.161659260521038 0.221246230200314 0.111893662943674
0.232551694859416 0.0815542960984134 0.272581315491128 0.125565792231936 0.0325871736988656 0.215320318971359 0.0398394086488825
0.125169173150001 0.0582019448977557 0.0618412206505443 0.159382314744804 0.23296103935475 0.147703806338486 0.214740500863659
0.20666077628105 0.0695441776885686 0.0852093016899783 0.0966523916945087 0.261403720107177 0.198626538166617 0.0819030943721006
0.211199390324627 0.125699695034447 0.126446095781467 0.0645054160063837 0.285992217300293 0.120021800007429 0.0661353855453535
0.172349166886671 0.0422010692779966 0.0457671740862121 0.153653067818475 0.000268411336964367 0.334393846041239 0.251367264552442
0.251584909909421 0.0525615209197706 0.207670184186785 0.0244810012083188 0.0280059096306419 0.0956086740775818 0.340087800067481
0.158302720645231 0.173299829224965 0.191700874383469 0.114437289008221 0.0435235287728808 0.186049006245278 0.132686751719955
0.154220327801542 0.0742840696728829 0.100928833008167 0.202888726163832 0.0879358027926963 0.1171364838915 0.26260575666938
0.061524495559154 0.204789994663072 0.16006375522381 0.252890243100583 0.0609238484051258 0.254227381130661 0.00558028191759396
0.203672310512618 0.0745477281884559 0.216345679068647 0.0725631182576157 0.123866187157504 0.221015204635855 0.0879897721793045
0.0497505634752409 0.195915829209172 0.136640532609108 0.183446720967095 0.195011217230575 0.143924894557311 0.0953102419514982
0.102113588088712 0.0393651849414351 0.143706963029466 0.287061417562095 0.107982093856186 0.0986469159241423 0.221123836597965
0.216484085679159 0.128900989685152 0.0296636927489821 0.168174755665921 0.184981209944383 0.163101352495593 0.10869391378081
0.102670745460456 0.132478936610022 0.14495505950788 0.113585962965396 0.208108230818136 0.0721738141008618 0.226027250537247
0.112429415071192 0.169590102089649 0.303177959061167 0.0486012732025478 0.0393660048888868 0.0950063295503017 0.231828916136256
0.262674461436628 0.124181491712726 0.0699429148539065 0.273437350534332 0.110218526758522 0.015555898743775 0.14398935596011
0.224082423199784 0.0251411105745536 0.240467840767313 0.227175098383463 0.0593680134988921 0.0812151432310231 0.142550370344971
0.0123544715967142 0.0487741388892271 0.251992695864892 0.152181786108247 0.0727185918159776 0.28995016609766 0.172028149627282
0.0985577244158665 0.185539221000449 0.172330650160871 0.190107633075622 0.0311016118981212 0.0923635042677225 0.229999655181348
0.154344902108244 0.260108015304501 0.0340752646997606 0.257065610779572 0.069141535625144 0.0351782023388502 0.190086469143927
0.0834897606074235 0.120766047444195 0.158068008182187 0.195491331290567 0.166062554645338 0.22984103264752 0.0462812651827686
0.271892772713792 0.0514882655427582 0.272150205076483 0.0332800575286136 0.124397905622915 0.155053597505608 0.0917371960098296
0.214664157048991 0.0980112023392547 0.219656760869258 0.0445125948233226 0.252513038181713 0.0233883309575136 0.147253915779947
0.163513188381661 0.175155271785504 0.108982970482586 0.127751573493524 0.165941872661071 0.144326403883761 0.114328719311894
0.246081412872097 0.00133509074838041 0.297825622476434 0.12998980467377 0.0638238538916003 0.00406878057796387 0.256875434759754
0.15117141970594 0.216600848248672 0.0130114242595647 0.1587737035113 0.116874771071292 0.180824954633644 0.162742878569586
0.163063167615584 0.256112716546015 0.0715589306986028 0.0937033106098991 0.103780243351025 0.24582443624916 0.0659571949297139
0.211103567630846 0.170427907765374 0.177445848451428 0.0435767540849712 0.0804771401142163 0.159798989354247 0.157169792598918
0.0512127085659766 0.248866873286851 0.0354920485531933 0.185150002068313 0.0529900313689975 0.245395934728527 0.180892401428141
0.215312692320392 0.227664383828068 0.0939687677466133 0.0947953992947478 0.0704069321593439 0.188890079362925 0.108961745287909
0.0153720240497576 0.131614488508926 0.180504448549186 0.00360142627201852 0.111421091466431 0.19865178709043 0.35883473406325
0.0615029272676715 0.0641830070558006 0.191101555995757 0.174548640784113 0.210437795008688 0.0764109344112371 0.221815139476733
0.138771386274552 0.0361333535494495 0.137573911444696 0.253768392974154 0.113147888495326 0.250654202877725 0.0699508643840977
0.0376728067194389 0.0320417692933502 0.208850315237887 0.195400437475207 0.242518280106561 0.0425264684885229 0.240989922679033
0.167724301511412 0.0404090631199861 0.206291332377394 0.0503402044644742 0.0809288279553024 0.234475311226664 0.219830959344768
0.0629654197233525 0.166434700333713 0.244158103563763 0.0873679872214029 0.144073206727818 0.229645672376547 0.0653549100534047
0.245354353989742 0.149057768871786 0.202443819960535 0.0864368267760892 0.0979428954360582 0.216545552708709 0.00221878225708022
0.292433710602945 0.128455268977835 0.0467220732936589 0.195759285196871 0.044475074883026 0.00483488845700555 0.287319698588659
0.0483153430525501 0.011744250414007 0.198396724469623 0.213438858992167 0.184996869734666 0.256187714932648 0.0869202384043382
0.0519326055589796 0.00638989106854006 0.159422515494113 0.241617833923213 0.217201335890752 0.0989136107401907 0.224522207324212
0.064532836728228 0.1906971221777 0.0883015319176653 0.228285868002617 0.151904371550378 0.24456874374674 0.0317095258766713
0.135625912172081 0.187299265675821 0.164684185067956 0.0483227124682068 0.152555393647691 0.180492212085256 0.131020318882988
0.0429943140637826 0.177560431093526 0.0979292788291835 0.167366049000823 0.201334088891264 0.187330730174804 0.125485107946618
0.213185074556855 0.126729191758259 0.0924247700165516 0.152591960500415 0.122576191170344 0.0103294778254996 0.282163334172075
0.21092039642795 0.230910883148896 0.110079221373892 0.169926906598985 0.150715627712262 0.0320523874986772 0.095394577239337
0.162035059009267 0.169228512042704 0.182697398307266 0.111593427679751 0.141186270412988 0.112958568548187 0.120300763999838
0.0601262458082997 0.170211895184978 0.178644001969051 0.000321752085715717 0.0559014886893743 0.350195809327799 0.184598806934781
0.187434978441353 0.0235251901872493 0.201417577209943 0.0638527489091125 0.129511561552169 0.159727399340325 0.234530544359848
0.0480614713546998 0.110488281510651 0.105263952883987 0.229581808600015 0.203307375585746 0.0467273400745573 0.256569769990344
0.193872285800668 0.0871013373449217 0.221224209041484 0.0159668386822924 0.205655818891528 0.17224281660419 0.103936693634916
0.0924373903257849 0.0873747177035408 0.198589243395025 0.276752092952452 0.0677597532220146 0.0940771818627907 0.183009620538392
0.22744512534337 0.151406898233326 0.0983679714952111 0.13868700736974 0.203408950430981 0.0822931357884723 0.0983909113388995
0.190178308457212 0.209231755651329 0.159062572729078 0.100114683177978 0.138198969580092 0.0100718016087738 0.193141908795537
0.173001870630728 0.267951810327656 0.0101604519065872 0.126605956206401 0.243364323888928 0.114956129411214 0.0639594576284845
0.25222710915043 0.0507317755426565 0.139234824347566 0.0942430207949292 0.0628594897268909 0.161211440385562 0.239492340051965
0.0736110978429897 0.155620592816558 0.217624406695962 0.0438240372181747 0.0762412451423077 0.198664573538785 0.234414046745223
0.186426761229543 0.0406105881561182 0.155778999715669 0.218541282894519 0.184984687468306 0.0642452873390274 0.149412393196817
0.15795030843057 0.265348616635046 0.0620592525362019 0.124380180364753 0.232893546438951 0.141435732067749 0.0159323635267296
0.231695766712439 0.0956941598789642 0.185520148235798 0.191853607247579 0.227556702650461 0.0449789372675772 0.0227006780071819
0.0561802985911123 0.212034933364967 0.00772481478535689 0.194658105875379 0.39588945141816 0.0152193102389716 0.118293085726053
0.183947297157981 0.124094455077518 0.062909745177415 0.194570210033058 0.193658701908885 0.206377477459238 0.034442113185905
0.225369548496663 0.0644020740419073 0.246833292955712 0.117872182219904 0.018118484306218 0.28076993003221 0.0466344879473849
0.225929151085202 0.206982755818602 0.271000067821505 0.00444455011111345 0.0174901723643787 0.240147487772833 0.0340058150263657
0.222923043515964 0.0220908902414749 0.356929305305766 0.138072228915119 0.0275567886886498 0.150438813405865 0.0819889299271617
0.0736797760761273 0.237164760541057 0.247857615047962 0.144319783414086 0.129060740645523 0.0823536594024557 0.0855636648727885
0.197448752420432 0.211187368443632 0.015155159909401 0.0957237787646145 0.13195398346989 0.220802219531731 0.127728737460299
0.0796860318309897 0.210142363901866 0.169268654231671 0.161662147011243 0.0594243930781128 0.0948432156860916 0.224973194260026
0.111161612287493 0.158676248799576 0.0034939199827456 0.206118478449945 0.288035655379041 0.0586818242614767 0.173832260839723
0.1887097824243 0.119055125122048 0.0824468801016987 0.306302237893977 0.219012814054978 0.0297968408230528 0.0546763195799454
0.260555143661055 0.187550646488686 0.0949920818463174 0.0267656610605037 0.17551750654904 0.0645767198898481 0.190042240504551
0.0447926293814867 0.243429106390576 0.244232881943848 0.124240278644957 0.130330341940201 0.157585348987952 0.0553894127109792
0.239155896688266 0.140502371990542 0.184873488179345 0.051910457260229 0.230465830996366 0.0371145323132966 0.115977422571956
0.0883098840778898 0.0657433221484197 0.153518678503988 0.191481602833024 0.120699987507811 0.232044601576813 0.148201923352054
0.175156287606906 0.00160474636390308 0.249275416412956 0.224606542158184 0.193484779447585 0.0426945273570672 0.113177700653398
0.155026782316161 0.188557107893338 0.231803020495369 0.085141895763906 0.119694096029729 0.21114491874777 0.00863217875372774
0.188416032002421 0.206135535569266 0.135273082353487 0.041675359762343 0.033489897181986 0.196782151468408 0.19822794166209
0.255976292352708 0.0290074532827484 0.165815407869366 0.00674037053259181 0.102757340123127 0.258026402068962 0.181676733770498
0.197750678176978 0.180811998481949 0.0702020834714977 0.067210225493677 0.156726744708141 0.0996651546191408 0.227633115048616
0.2771452470903 0.153572326036581 0.117935075144888 0.222601217914794 0.167735583088017 0.0297007557824439 0.0313097949429765
0.0594397771212599 0.0903078538689346 0.230112715055729 0.261167466192364 0.143750351882619 0.0230883681859529 0.192133467693141
0.205468186628006 0.238396945966751 0.0481944421273528 0.281568653051499 0.129612982067454 0.0901031248287842 0.00665566533015305
0.345265664423854 0.09538389953508 0.031242140485389 0.186715714695947 0.0378882743968671 0.261867109769741 0.0416371966931226
0.0454021217972956 0.0670204283677251 0.0994925440185081 0.220963824368007 0.159818233879105 0.16489588184142 0.242406965727939
0.242277580057406 0.0517848781490594 0.0746705270389911 0.198924556323062 0.0253074617493193 0.246408635050277 0.160626361631885
0.079704895500656 0.242107001180238 0.00931689016847906 0.200240512034504 0.0854462991481494 0.248656287045716 0.134528114922258
0.203113139994636 0.24744148286477 0.00900651951522447 0.126400616798883 0.0411273505978561 0.190088393031092 0.182822497197538
0.0226782783288403 0.17707444319909 0.257653638986841 0.0276734330236767 0.225641986117079 0.247627682687982 0.0416505376564913
0.283779120940625 0.0830373225605495 0.00569412329908528 0.265861305574445 0.0745442832293362 0.262805448562064 0.0242783958338954
0.0789144234384085 0.219764929175862 0.032853164719596 0.210884439266062 0.0633331050874241 0.103294054085885 0.290955884226762
0.0596841615598667 0.244864202588502 0.071644400854786 0.0928485393239415 0.0200682952421083 0.226955709266445 0.28393469116435
0.0455095155378934 0.204095935586639 0.0542415844087347 0.237593234636068 0.0234882243041076 0.125980393375278 0.309091112151278
0.236085938319708 0.187198874986691 0.228842732308667 0.10397227156276 0.039826177531861 0.131404593763999 0.0726694115263132
0.210193371011363 0.128165773078447 0.149037848149944 0.214424138313929 0.212805307104595 0.0172519009884577 0.0681216613532648
0.0223240431323028 0.110469111983083 0.0100146830219561 0.187355716898236 0.221378028070797 0.210584480197817 0.237873936695808
0.248602373697246 0.138791062846255 0.0554784036495769 0.234168584198429 0.0752208076445477 0.166132165182455 0.0816066027814901
0.112229606531739 0.0109214995611281 0.236481612330847 0.115191972290478 0.187423546291095 0.209262560421384 0.128489202573329
0.102598573072539 0.00236881988371322 0.196853936796139 0.181659682290492 0.165334887427272 0.129305154483227 0.221878946046618
0.241442000762283 0.0587819671204988 0.0875582362389398 0.110029131511394 0.194236929435414 0.179420032037867 0.128531702893603
0.142357563149925 0.405558846539507 0.212647614016666 0.000668643309394979 0.142042149329585 0.00940121646412703 0.087323967190795
0.235448874383802 0.0304149898167002 0.27523117326918 0.0889624128615903 0.0400585339083897 0.117731068534885 0.212152947225453
0.0688450284047673 0.234881540365279 0.0400403480338274 0.123317731563474 0.0727727135490992 0.259946284316654 0.200196353766899
0.194820972531314 0.126829108316143 0.0335482285463149 0.138133908363233 0.245281725811456 0.0965321393451883 0.16485391708635
0.189744879820118 0.118114232812427 0.245042367343546 0.212137846655293 0.0606728046279586 0.0481120683450952 0.126175800395563
0.111543940638517 0.0935982653521058 0.180925956745751 0.227410282264334 0.163687524829398 0.0716264960783904 0.151207534091505
0.0247687662202753 0.0905981900918506 0.122437953828492 0.345293648198519 0.0471249276594096 0.351203141358705 0.0185733726427479
0.0621536874561705 0.263235844994859 0.0172558140682399 0.213746288530361 0.101794994699846 0.168343534072874 0.173469836177649
0.387713722800778 0.118228611149475 0.133307523466615 0.0532925060239282 0.134473857388411 0.0808851231848609 0.0920986559859327
0.168957501370095 0.143899425618248 0.0821296618225901 0.164974703544938 0.155409304414422 0.127068419582465 0.157560983647242
0.238844096438401 0.0805057002454564 0.245917072278191 0.141943780260489 0.0598892420344546 0.037789673196022 0.195110435546986
0.200217560908507 0.114998851504626 0.109225371754483 0.136826372303703 0.170997512488767 0.0937854166773942 0.17394891436252
0.284901676990935 0.115552857792227 0.344381727434357 0.0859124607420761 0.0752723998166174 0.0855656505748365 0.00841322664894983
0.354662130718873 0.288302987466573 0.017724463790745 0.146608870730888 0.0655320448838002 0.0950642177609303 0.0321052846481905
0.164113746646614 0.25310161181226 0.0202350743711263 0.254646429835118 0.056063081473304 0.0720131856944748 0.179826870167103
0.0192400827718177 0.222365683825 0.0130660029716775 0.118458862158573 0.22741179443213 0.182315369242709 0.217142204598093
0.121116774989597 0.18329199965797 0.049834528798424 0.0696534487972776 0.239119354492763 0.20265760683851 0.134326286425458
0.0951094715053492 0.161116418825296 0.129228928603938 0.197771483419386 0.141616872275018 0.202408957095674 0.0727478682753389
0.15441967264862 0.0730791772107758 0.0766032234313241 0.286337212470158 0.207550991286793 0.116675641355856 0.0853340815964732
0.206170594476352 0.197851193869393 0.215186570050868 0.127408664264621 0.00518024988462823 0.138615265185188 0.109587462268949
0.0539722875144044 0.246250575545526 0.200486109755443 0.068062421217951 0.263942835807031 0.0339646442282223 0.133321125931422
0.0832971685626378 0.137999944141487 0.222959927668202 0.0192800816107604 0.151125112279393 0.131466234205787 0.253871531531732
