0.197109417305054 0.0989350172025596 0.248124023247223 0.171483295127035 0.183333816957245 0.00768814967439574 0.0933262804864884
0.172277710597307 0.242422199476935 0.132356686502801 0.0723005376646454 0.0455209736820118 0.11280083428719 0.222321057789111
0.0618788638827699 0.0194123976761754 0.311163963162344 0.162754111557695 0.00770915371967268 0.295302469683001 0.141779040318342
0.308622357314408 0.0907610295204928 0.147846794058768 0.0290820943551119 0.155689875176446 0.249419279440295 0.0185785701344785
0.127935384822141 0.157652537646076 0.0969592764387778 0.089937115579197 0.13509973487547 0.289486816817361 0.102929133820977
0.037803775571264 0.218936443645412 0.215550229596678 0.264473041900148 0.048272816481134 0.0960018403174586 0.118961852487905
0.0674765313453943 0.178537840931504 0.0988790705532231 0.181757964233889 0.187281062284249 0.211081868895329 0.074985661756411
0.17812470419292 0.149270188092049 0.138020832258456 0.0942000758839339 0.156432624632667 0.132750344338085 0.151201230601889
0.0377919062160136 0.15052774839256 0.203321723588873 0.231357080081363 0.0623281624162262 0.132352373629258 0.182321005675706
0.0172085122936151 0.315265685107884 0.0424807817042337 0.115381286655385 0.0327546825635847 0.216975306556043 0.259933745119254
0.0235923569828946 0.190761993000381 0.227340970811959 0.184431724711593 0.0731555344311363 0.0610367932379401 0.239680626824097
0.205840505234477 0.213625990120934 0.198187602606228 0.112751577984569 0.018545271716448 0.0365052128146705 0.214543839522674
0.192122745194783 0.0380948861333419 0.123386509616486 0.18955039922441 0.0155707567431311 0.162842572119239 0.278432130968609
0.0467391767144293 0.148736549395943 0.00363758362274025 0.234219716082424 0.138612369885032 0.266208950535238 0.161845653764193
0.14737677055689 0.170196152606341 0.0327265489760429 0.0336004942311279 0.383132521825378 0.199330044339553 0.0336374674646671
0.283095319551954 0.213988709657516 0.149224961640272 0.0896309924997472 0.161840542614972 0.0879882191767832 0.0142312548587559
0.0815863413611198 0.168048341951006 0.132868806119466 0.266175388712812 0.0955246690817948 0.0946719101756342 0.161124542598167
0.082172568734157 0.196403354746857 0.139145149130444 0.00938264410326841 0.108775830456932 0.207380432953235 0.256740019875108
0.085113709899192 0.201052786954919 0.194388099759897 0.29949080576703 0.0494161596511937 0.156927778882288 0.0136106590854801
0.0871129922489152 0.139341020843669 0.236507630155558 0.117786695007802 0.0497049847453174 0.16578683892597 0.203759838072768
0.00610036328971155 0.0905036705776337 0.0937540878734744 0.282295656004967 0.249060373922305 0.197972690133604 0.0803131581983045
0.0790221644895836 0.0169281103008361 0.325250698849816 0.209337866415106 0.159998425413841 0.0720583942842947 0.137404340246522
0.188841289312687 0.0853166981561564 0.0363251257764686 0.0010079483674403 0.250784024021731 0.241007800541498 0.196717113824019
0.00744631667136371 0.368968815935589 0.118849309419294 0.175871924079037 0.203517307362366 0.118299888826812 0.00704643770553815
0.172139452620229 0.198906482564633 0.0601410459124475 0.168683481378078 0.0935339050400604 0.199154988334521 0.107440644150031
0.0100856217143827 0.39802891276386 0.308297361166828 0.0462027256572153 0.00214883177767306 0.123460479824003 0.111776067096038
0.167016367676596 0.212168453795807 0.259264897776585 0.240519725153206 0.00256761843817215 0.0380829073473844 0.0803800298122489
0.0804141252772117 0.118203551973629 0.214909414183739 0.101322962273577 0.152001358405043 0.222021369165411 0.111127218721389
0.160556516957699 0.188959416613148 0.197682384522535 0.00381989941222927 0.161957043942985 0.217277252867956 0.069747485683447
0.279890796764235 0.284169495419301 0.102685684515212 0.0172005352537285 0.184668225831631 0.0164608833540271 0.114924378861864
0.00867751211206072 0.307707083323676 0.0678600577195506 0.101899536856387 0.0896604202875161 0.0979478222318189 0.32624756746899
0.115392313070304 0.0907791920287588 0.17726013523539 0.0649140818411106 0.0198824780769653 0.264451352436212 0.267320447311259
0.173836226324261 0.0339371824885818 0.239129516890732 0.0873672759209525 0.131932237427151 0.201914427248952 0.131883133699369
0.131616626717561 0.104766615834079 0.21830172677293 0.136290920142029 0.225360349190283 0.112537284387355 0.0711264769557628
0.103761286110641 0.173401877050997 0.0782763000398892 0.189152429089223 0.168882659392537 0.0856710209651551 0.200854427351557
0.0927980441077361 0.205744925659534 0.161495720948094 0.102447791895605 0.178523430480507 0.0377252663265001 0.221264820582024
0.17539391282672 0.241804973904779 0.000719603461268928 0.211016324410292 0.00938005426393563 0.150156174067774 0.211528957065231
0.277637777356917 0.176414079411487 0.171296265781543 0.0725224330318782 0.106558538490259 0.00835527082082782 0.187215635107088
0.0569039426412792 0.326732679035958 0.215749231313648 0.152700092549509 0.109233013516908 0.082027892774776 0.0566531481679215
0.242925426535566 0.110722792430023 0.0077921461121563 0.354509945903387 0.0106906635569321 0.135017757819879 0.138341267642057
0.144774135004069 0.188623084746944 0.221973154443658 0.0762179835432957 0.007443605263041 0.0937540629721453 0.267213974026846
0.179013781652743 0.0850089138326049 0.236975164339731 0.0585683811434226 0.280515611344861 0.120520789472796 0.0393973582138414
0.221190215266442 0.27669763548942 0.00903576853942833 0.00350177076846885 0.111929178736864 0.0680603726953639 0.309585058504013
0.0257994204726242 0.0356849666607793 0.224354042975564 0.0613932807783899 0.0490317669365928 0.361567510487475 0.242169011688574
0.0619026965787881 0.325937953883427 0.145541889897586 0.0608769807456748 0.187986469584349 0.125454268949562 0.0922997403606138
0.0496235027035414 0.036433388955953 0.129390010378296 0.275079991265454 0.143712715395477 0.0905590884250979 0.275201302876181
0.0671005528619487 0.127786609169096 0.329650482512379 0.198146795551369 0.0467203513876347 0.0197841574952869 0.210811051022285
0.225689578929753 0.104625981395308 0.179208322075731 0.203839900941623 0.0702627595479841 0.0702763476220632 0.146097109487536
0.143750510206224 0.296592026997253 0.116944001131836 0.0179071013574945 0.0236278926697349 0.338361446146399 0.0628170214910572
0.16674456644995 0.181061525907465 0.00514062480089085 0.22020055094841 0.0959593637518369 0.188146544737135 0.142746823404311
0.159999365681829 0.151507618931641 0.113778534930214 0.160091618516057 0.176930661978644 0.0626757898711153 0.175016410090499
0.240757906140506 0.0632777236204294 0.0628193316713427 0.0594363265650274 0.191247084292279 0.155010235106824 0.227451392603592
0.272845552325109 0.14684321437616 0.0167591679330751 0.0984909101551343 0.0995557877992976 0.103836399223313 0.261668968187911
0.171433878418769 0.0506518520385146 0.144328662506871 0.0714550361438944 0.0672267804898811 0.304476713007567 0.190427077394503
0.141404990714833 0.0510817442127037 0.181088801700395 0.198413972383346 0.172648796838241 0.039240728007405 0.216120966143077
0.123825179906206 0.0299364161970905 0.107052034874732 0.156501510377733 0.137881708504798 0.130528174763737 0.314274975375703
0.175650717149338 0.129453006732006 0.113247776843762 0.143928757120087 0.143207279211419 0.103697295974036 0.190815166969352
0.193425905743264 0.0250918715726402 0.0773550461401204 0.221862012457671 0.172638141089728 0.157797412255336 0.15182961074124
0.128735993268693 0.290322556313378 0.0716213777410907 0.211194902504383 0.0541493054869308 0.0169767171543346 0.22699914753119
0.0996389448359146 0.19496735654893 0.154556728110856 0.294886850009432 0.0363216247447623 0.0518009799903735 0.167827515759731
0.171559701441031 0.00584961632299979 0.0520659937025028 0.372150702200241 0.288243777785506 0.0790212065445247 0.0311090020031945
0.0817816732111868 0.12566569519233 0.00707735410702257 0.0976677016258253 0.312824126789516 0.0606911602626193 0.3142922888115
0.197320912486611 0.0784742831871007 0.120626471825021 0.151526690943798 0.0664214872473081 0.190456799352541 0.195173354957621
0.117520752743497 0.111433256638076 0.212088136391008 0.0484240955127441 0.199468007177905 0.134386481695249 0.176679269841522
0.175626068032767 0.115019582758769 0.166979330813319 0.159086122167655 0.0441097184828077 0.152219055971097 0.186960121773585
0.119036976377012 0.200478041493837 0.121467079396628 0.174237601029842 0.14622835776679 0.222045481074183 0.0165064628617082
0.127542277051806 0.140890745958426 0.26054752997657 0.120630055215831 0.141864012800484 0.0903419148147323 0.11818346418215
0.0989101429299934 0.1045632906253 0.367626747251741 0.14833493058965 0.114768230474795 0.11307296646411 0.0527236916644121
0.215981952279849 0.112466569166322 0.107836667857912 0.000925081912221133 0.102417436904481 0.234532356596714 0.225839935282502
0.144876297616683 0.0375187504617954 0.173911466110758 0.184105247971419 0.214087565701384 0.235001104357343 0.0104995677806173
0.0653901378482189 0.0908556918503936 0.0163592515012635 0.266830803676114 0.0634120841259505 0.47039636115247 0.0267556698455902
0.0114838005235545 0.246880403673785 0.0954708140589872 0.139952983018719 0.150588030497145 0.175060681236433 0.180563286991377
0.272397681399911 0.0264549172543943 0.214981635831616 0.0596174264979753 0.184727279506464 0.172947714427648 0.0688733450819922
0.270328898736245 0.186542999922733 0.269832400858965 0.056559456429629 0.00339220310670518 0.16558592161551 0.0477581193302131
0.137236337390813 0.0575305722528408 0.180831945167811 0.233422254110862 0.0769320239710862 0.178944940532392 0.135101926574195
0.00366288402294801 0.230423949330969 0.0220481169307584 0.113804315057014 0.177624709222754 0.275617656897757 0.176818368537799
0.276164844523934 0.257152998769382 0.0573158862474356 0.13564464081273 0.0456727189579829 0.147454842528754 0.0805940681597819
0.136395218125456 0.0906292905536975 0.0931097407222793 0.20355913422374 0.228037010475513 0.184094730771766 0.0641748751275477
0.0684962322283765 0.187320170382879 0.160262383798459 0.138518554565151 0.151629699142409 0.179535116812151 0.114237843070574
0.143467232984391 0.0907261760433605 0.166931614556418 0.130253314308828 0.140805439447335 0.13993074402841 0.187885478631257
0.148996793548165 0.245838369505136 0.148941787692698 0.1705071836245 0.0369938630204209 0.00584899669268449 0.242873005916394
0.168629193579756 0.204836194308935 0.222870757692104 0.0551052539625026 0.0300931340410728 0.1865002501426 0.13196521627303
0.159908236441815 0.269799841727519 0.0634958667678307 0.136977733378173 0.214562757122087 0.136203703135386 0.01905186142719
0.194621622247571 0.0917498115443115 0.180547337477892 0.210311939333557 0.0621087608401416 0.187699555707032 0.0729609728494948
0.159152220446658 0.106105441270225 0.160070775491228 0.120267496526597 0.128570551426018 0.104495014529986 0.221338500309289
0.218278837467645 0.210591417380357 0.0656268735605295 0.254451979138041 0.0475685552626203 0.176841771466806 0.0266405657240011
0.155627300944525 0.198028334677616 0.090599950052036 0.147872360873087 0.0298988582414614 0.287955390698863 0.0900178045124116
0.305461516057976 0.0629835200021052 0.158613228708812 0.227476986827131 0.10359106055261 0.0169276152852951 0.12494607256607
0.0206478579404584 0.305291628360314 0.260780390294208 0.0972571302679279 0.0490962436915451 0.0627058661061763 0.20422088333937
0.231026259699516 0.22314382902413 0.0481287993490908 0.0931204087572013 0.0942635030270964 0.155585427742383 0.154731772400583
0.0866539999362523 0.185914576375306 0.135427595512833 0.132836752196653 0.178542419684293 0.195588210656636 0.0850364456380272
0.0728996887286563 0.0286855806075983 0.301964524150937 0.00514948216918214 0.219002919169797 0.224042016265214 0.148255788908615
0.187468694316061 0.028702414364252 0.17069572552317 0.120525403304318 0.0266951391805408 0.175115528862675 0.290797094448982
0.170328144149788 0.216682646196395 0.0803775496681297 0.148710250043538 0.0948930252325604 0.0497109691149658 0.239297415594623
0.0638128652420746 0.0292935130221985 0.021154379554821 0.181070921193785 0.230711431859822 0.234242527471495 0.239714361655804
0.135296339031351 0.18626992234853 0.104623930065833 0.22713886625596 0.138868727746857 0.171729130954137 0.036073083597331
0.0285764511721316 0.236589624847269 0.0859699769553886 0.133718058614294 0.0388873328561261 0.245094843365278 0.231163712189513
0.130113487098586 0.179497904338922 0.0697754953463178 0.00815775644558879 0.257640608183651 0.16098701204989 0.193827736537044
0.0485717740791494 0.15655349542884 0.131034375640793 0.0741923356980001 0.250017209740216 0.257178571134696 0.0824522382783054
0.117979031941015 0.239237429833201 0.0404432975278684 0.0749413064640908 0.0997705811115821 0.186798964878353 0.24082938824389
0.0188431326002773 0.0796172722102074 0.0315936944864279 0.290445350097471 0.0706957424385095 0.451791712330571 0.0570130958365363
0.189856654787525 0.216217053586099 0.112898127114829 0.14674394413523 0.0948863467110893 0.0460552056571371 0.19334266800809
0.0967671207417358 0.0134507862043005 0.254227554727337 0.0512627210381751 0.271885995097562 0.276534345097693 0.0358714770931961
0.0107225204714838 0.225705427498528 0.216125687639953 0.222305979352774 0.155416175773721 0.0655013638582296 0.10422284540531
0.0276991849182184 0.180692277350183 0.0401392811960972 0.148594020856317 0.197591534539804 0.212053733220166 0.193229967919214
0.0595223109239008 0.17423772566176 0.169495811827962 0.184704491281109 0.167817690810355 0.039793059546357 0.204428909948557
0.213663216422802 0.0258318386556174 0.140457108069338 0.145518718724293 0.230171255982278 0.0150899695278854 0.229267892617787
0.102165478103781 0.269089205398316 0.147276571441219 0.165675246418114 0.119198936534534 0.152763647404523 0.0438309146995125
0.147626611323428 0.105020260790949 0.184237294029617 0.158147300524841 0.219006474253311 0.13533483670193 0.0506272223759228
0.0584022646072643 0.203870868235504 0.206452046177414 0.28730835034991 0.14293010778912 0.0373611093301869 0.0636752535106008
0.193191840202853 0.0430212268659514 0.0952663299217753 0.122927760677965 0.156601906629795 0.194218462322396 0.194772473379265
0.244790194634255 0.23535759370101 0.0644054243425201 0.056937896330753 0.111722325895876 0.0569351771513436 0.229851387944242
0.139150791108149 0.0193406690660938 0.180059766234911 0.209133330738198 0.242009423818755 0.0666002835653649 0.143705735468529
0.110315335371824 0.216543991164089 0.23375069049043 0.0428934954256356 0.0773471174692127 0.10472895048676 0.214420419592049
0.142209962767532 0.135864170866855 0.018801261423928 0.263920726206595 0.273141118074269 0.158604755861042 0.00745800479977793
0.170405090374895 0.125634044397938 0.17650505358865 0.176423472600351 0.116717979136131 0.148313781985017 0.0860005779170188
0.0652322876077304 0.168349700335614 0.00442388544862329 0.181954642089756 0.204505270528089 0.176873446662891 0.198660767327296
0.1827813094844 0.0578376679895741 0.185214367932845 0.172808435151097 0.161138764381514 0.131523732611054 0.108695722449516
0.168066671539651 0.146250139986012 0.0780313862152725 0.180047221484444 0.116743102761624 0.11818735462657 0.192674123386427
0.10910776794634 0.0458482040266659 0.27766112984602 0.284647636170475 0.183454200451175 0.0494398592152907 0.0498412023440331
0.254388274151238 0.0293898471957015 0.174384934477751 0.178214586506401 0.0681727440889529 0.242250804132107 0.0531988094478478
0.204115203677756 0.247297827593628 0.0360328497881857 0.241526280091394 0.0909730616483824 0.0821459010837307 0.0979088761169231
0.204184758747976 0.00851350756263667 0.224982734451841 0.202391097492043 0.214783174118935 0.0391140923959919 0.106030635230578
0.155449855970658 0.00584962222373151 0.0631787392450927 0.300210653053414 0.0766474500843678 0.132383892099618 0.266279787323118
0.0353360810277196 0.17390901664748 0.147057690445337 0.228815031982104 0.0959227173867104 0.155339955077129 0.16361950743352
0.156141955995542 0.252141225571929 0.137632783812529 0.142677120766653 0.228712362399107 0.0718559810925728 0.0108385703616683
0.101452963481746 0.144082775870232 0.175509785908771 0.191086154372632 0.0771718277684041 0.214701654875449 0.0959948377227653
0.208089866195834 0.00821319964287976 0.193906768558465 0.110971907201244 0.229234744698616 0.138756789505262 0.110826724197699
0.194865247571545 0.188783656616302 0.222027126246968 0.0438551349223486 0.067682778209694 0.142004621118634 0.140781435314509
0.238433038655519 0.156379961961467 0.175124956395763 0.219619306079977 0.0837145957774763 0.0109620786789439 0.115766062450854
0.250311819194307 0.214857685369737 0.153945197403765 0.0230379651133489 0.0343131642464026 0.137613858557417 0.185920310115023
0.0285575138731743 0.201231658639923 0.1775681283279 0.309790313773207 0.0314403783221804 0.00482731824064899 0.246584688822967
0.361106207812297 0.0965230115808769 0.0203912387347842 0.16067029989908 0.0563633148754299 0.244089907427261 0.0608560196702708
0.157148336232625 0.138118831306326 0.126720118001599 0.068281783325954 0.124753656761357 0.0597486787861003 0.325228595586039
0.186804845601071 0.0394131520600836 0.299899065257593 0.0357328101301858 0.231879551516597 0.138412955934557 0.0678576194999121
0.0687632622455221 0.119918436322099 0.165111394934237 0.133242289384195 0.246083961562451 0.0521151799937365 0.214765475557758
0.0566415603067002 0.0429960374972298 0.297187158650407 0.293915907485736 0.0261556996334916 0.0367255939446041 0.246378042481831
0.0646780980987495 0.0400132282433663 0.228561544928977 0.316889278346301 0.0632001593616016 0.0180085012691837 0.268649189751821
0.104503155269005 0.10451224330254 0.21430915078282 0.152424434328064 0.1069522050217 0.145030745479424 0.172268065816447
0.209943377633018 0.128465724511918 0.226894053772568 0.000887074474597689 0.161858792847235 0.035885732740351 0.236065244020312
0.291215331521909 0.135929320435854 0.0137746550997986 0.0932277118437803 0.195291423772404 0.110851472757832 0.159710084568422
0.148109362855418 0.094692200836239 0.163723177710042 0.157024487859543 0.139933074023918 0.170705902746227 0.125811793968614
0.17482001549941 0.00413613577183433 0.0460151650083863 0.276431130815373 0.239675704959504 0.164247161432944 0.0946746865125486
0.238932050845907 0.0638101935187095 0.357463116195113 0.219653479056889 0.0719138547601141 0.0248554566268951 0.023371848996373
0.00505102151639539 0.25340164919758 0.00604199778998663 0.21602903598374 0.0499170274037722 0.243706431809403 0.225852836299122
0.00778358382158517 0.15539357180919 0.136258735765803 0.288152137515782 0.233931880092955 0.0431334109128459 0.135346680081839
0.0170614433334411 0.0283878954069628 0.149745443493548 0.173987919229009 0.3201361902748 0.132589723780146 0.178091384482094
0.221909851806737 0.0254066173798184 0.0563793117914982 0.100858972847147 0.21563916265126 0.163546362351787 0.216259721171753
0.174647934127545 0.204085295710673 0.210268515142165 0.154844686673595 0.116346035961997 0.00884639668793285 0.130961135696092
0.185129896403175 0.0835913133536335 0.126118239024578 0.141221307282322 0.102757136800716 0.17025390270261 0.190928204432966
0.0514626709874446 0.00199948987387658 0.153855864424349 0.141010441855362 0.0900830993151143 0.371995947252479 0.189592486291374
0.252917792888722 0.10839565836402 0.240144428414355 0.216727327679525 0.104273628914112 0.0621632399340827 0.0153779238051836
0.176563278951503 0.00918498799078584 0.250302380631215 0.0172482015169785 0.322681103124049 0.0566537540570972 0.167366293728371
0.0650531911168066 0.241328087638325 0.140760343090484 0.0415264679856117 0.218531492780864 0.185874728708679 0.106925688679229
0.0352279700639898 0.0928897011766988 0.0847049428020415 0.148415842520364 0.165123730437316 0.169721430144763 0.303916382854827
0.12259838700691 0.185033992361281 0.211575667717743 0.00448854855658935 0.228035330723963 0.102912166640493 0.145355906993021
0.00896195165736088 0.137575475715685 0.111714007841498 0.0789739649236869 0.350345646796912 0.297319092772895 0.0151098602919619
0.278867882008117 0.0341999991951172 0.0503605066946049 0.0222588906644833 0.152725937244482 0.16965627666904 0.291930507524155
0.24908710410312 0.201203468735077 0.243654882492825 0.0883725688026164 0.00819868315632334 0.0358903846970357 0.173592908013002
0.187562832618264 0.0523435859294148 0.137028669440304 0.128570502547615 0.179716943484571 0.19814968372327 0.116627782256561
0.120084946690672 0.23605974587427 0.0369745463195912 0.0851816145393543 0.181957653556262 0.104649022962461 0.235092470057389
0.113188422921191 0.127843527236703 0.154634828947082 0.0276247615694698 0.293041408132868 0.0627966841177242 0.220870367074962
0.105982726860248 0.167474329393898 0.113114994677543 0.0668203680589518 0.204952618730393 0.221224638093277 0.120430324185688
0.0448260297731128 0.137839545141945 0.228234092710549 0.134430693902779 0.138354896802603 0.218105899621627 0.0982088420473857
0.00883489709475707 0.042216523322762 0.166882134194666 0.300978115033487 0.0431659262186622 0.30388461404558 0.134037790090087
0.143600835945554 0.208244008928441 0.0970476722898547 0.201705819346414 0.0417209417343663 0.0684600717963582 0.239220649959012
0.17051522139445 0.0592147210436989 0.119727710233886 0.18889056758446 0.210724969133534 0.222390967283276 0.0285358433266959
0.180830165070752 0.202727106349429 0.234602858913035 0.202484895725008 0.025789937321719 0.0989905726612591 0.0545744639587976
0.249129730045462 0.270568127400333 0.125333709676473 0.0686197743618406 0.13409037300887 0.07811941382509 0.0741388716819317
0.130262462303097 0.0695949499530602 0.212011519647595 0.10837565558981 0.170539589430702 0.152168873829996 0.15704694924574
0.0714642135169506 0.21526939478347 0.192144472648332 0.171147144139429 0.116945296896884 0.078769454019605 0.15426002399533
0.0414323554646447 0.110803398094891 0.0675987725653494 0.299106579821867 0.297410843931674 0.0123566612338557 0.171291388887717
0.115280850952206 0.078021301719084 0.124992098166619 0.0753652129684553 0.194406315655508 0.240667703271515 0.171266517266612
0.228594881212841 0.00081557231628851 0.157265329602353 0.232815554982935 0.0990973430683589 0.0681592243436564 0.213252094473566
0.0992276318197838 0.168914998935847 0.175138752004466 0.0445953953017283 0.141695517570489 0.161332656171367 0.209095048196319
0.0342984438837059 0.335491411342657 0.12803846268159 0.172630380928207 0.046937189645065 0.016959354484573 0.265644757034202
0.0290911123242697 0.277768496360152 0.111581791235444 0.205238284647507 0.0685103270891465 0.0800042598577515 0.227805728485729
0.192996290405828 0.136823704250947 0.205315813927157 0.188698784254531 0.151133736668387 0.0491928613558109 0.0758388091373383
0.168034759482938 0.0548658636805885 0.285347215883303 0.115224591424425 0.0876954747369275 0.0795807739335329 0.209251320858285
0.217403629428405 0.0499989287243244 0.406341706539761 0.0198667732571736 0.0945423140351515 0.209433912585938 0.00241273542924622
0.0691324031175367 0.301458694717793 0.125430869732548 0.0696717844012128 0.0742782043946779 0.0970951364004708 0.262932907235761
0.06888641076325 0.194189375837021 0.208125055706654 0.133934905102038 0.0355170499969821 0.219976973002436 0.139370229591619
0.184682819205821 0.121305614520943 0.0384905443394926 0.256509638257539 0.0678594197245929 0.109882897980605 0.221269065971006
0.267139481807004 0.0530995310359129 0.0606207645895557 0.0609208907578348 0.272008172545428 0.0561884307039926 0.230022728560272
0.017868136943288 0.157831099390243 0.223040625567265 0.243991574991251 0.0989572462353051 0.149128461858805 0.109182855013843
0.140649190683386 0.177180482526535 0.190913687542616 0.0877028458504305 0.199368026024009 0.00916218136043636 0.195023586012586
0.284711645529842 0.120980447089273 0.0304641273991417 0.17219342227433 0.112847953548236 0.0881354896826639 0.190666914476515
0.0966141917920802 0.0867962635461315 0.268581839718791 0.164265152055971 0.142897748058849 0.0419465696431617 0.198898235185016
0.137802044181452 0.174919521191475 0.0472942088156862 0.164809670633845 0.0998788467394295 0.0971257530715333 0.278169955366579
0.119461825598016 0.231748059631956 0.177247420155345 0.0223887700609285 0.12027402315763 0.170708347681043 0.158171553715081
0.00298282660547197 0.125027090984147 0.15753279394739 0.167926991502755 0.11022974248473 0.063496923101067 0.372803631374439
0.0451455925369879 0.132206993942453 0.144188195607379 0.163802250956897 0.191889261751821 0.135037534357931 0.18773017084653
0.129498822883896 0.292806424195223 0.0941213861189058 0.111610131147778 0.145974895385614 0.0555851569213131 0.170403183347269
0.0150857433188136 0.184696310900956 0.181073538275993 0.130661354840198 0.156474244771789 0.130942236436875 0.201066571455376
0.150997964968622 0.161549784411685 0.220866144636045 0.10808711040344 0.18366690640614 0.0733002832953583 0.101531805878709
0.152681957645878 0.0986352160438434 0.136023610276604 0.102129269559504 0.224297458641838 0.219509207279411 0.0667232805529207
0.0411431887365256 0.234125967394575 0.0142628792990727 0.309328229552653 0.0414648183627028 0.0398634183417223 0.319811498312749
0.233156291211826 0.188413234083635 0.0771191132813301 0.104140031490053 0.144256948521702 0.0804189536839856 0.172495427727469
0.0651063057836897 0.390043282895784 0.0622931007027146 0.0986937437365168 0.227180312686397 0.0367184442017727 0.119964809993125
0.061628684414404 0.227673678925107 0.0571500170806181 0.197380640214253 0.0285410066628575 0.20501192813258 0.22261404457018
0.101501189081433 0.0414024911970012 0.109886109138304 0.202470151426387 0.244251991350416 0.247186912715475 0.053301155090983
0.0721177461361682 0.0790769127370349 0.239344662874021 0.0573161958510492 0.323561621732224 0.00664653831552498 0.221936322353978
0.107768879032179 0.207959444869613 0.0865386616757082 0.235683624147886 0.187226230791837 0.137905876678862 0.0369172828039145
0.00159307995984519 0.175663984103144 0.215543408413067 0.12743747908632 0.205722326178754 0.0539247394182589 0.220114982840611
0.103845370298873 0.11370644272375 0.146970613183536 0.0938652179019936 0.143978200353222 0.220710793730809 0.176923361807816
0.136083955864192 0.180737319551657 0.125692060115726 0.116993181652667 0.149252151215774 0.206472289309372 0.084769042290611
0.0111684296187391 0.449036877271359 0.104828069175132 0.222265344337244 0.00354663446570469 0.176059833568026 0.0330948115637952
0.301674057874979 0.189573257373595 0.102194128699426 0.0390382883355038 0.240180444387486 0.0789358806267951 0.0484039427022159
0.184201486464493 0.130206438278626 0.20094157102618 0.114852762163621 0.0866820215002881 0.141508946351125 0.141606774215667
0.0330183209075535 0.292862773668193 0.206234685760776 0.0526165545703568 0.0429804330944518 0.0301590970187349 0.342128134979933
0.264940596248106 0.217560490254339 0.124494695601961 0.0123085746266018 0.0581223821364141 0.151106203672952 0.171467057459626
0.0336294516684667 0.256664208368285 0.24829885599207 0.118800960397824 0.164308049230215 0.0851450123860727 0.0931534619570672
0.217501349565563 0.139554118790937 0.163915908876793 0.0454651939306754 0.13956100767121 0.194511933500029 0.0994904876647928
0.0218158541458839 0.0999703177040741 0.0350509890906459 0.42585288102109 0.034763598885358 0.354425883118931 0.0281204760340161
0.150466081159776 0.0154855288418073 0.113332246877174 0.0578709669920691 0.230074468731166 0.226115064549606 0.206655642848401
0.0825368215864687 0.169742981943463 0.0235364477065265 0.127579066128128 0.21589466156889 0.170078862451167 0.210631158615357
0.0451805981096454 0.00981620167239841 0.415659414731169 0.0238811103716217 0.202597195421436 0.0650703031803045 0.237795176513425
0.139069085688501 0.134115906598882 0.117332837043582 0.108560184417089 0.169520551367008 0.165499998417866 0.165901436467073
0.022869340230816 0.279839036272452 0.0709743433394502 0.0767955917519581 0.0758711805923392 0.195376424163867 0.278274083649118
0.25429992866346 0.102904275166239 0.052275430776804 0.217519380570635 0.310437724946048 0.048391291685759 0.014171968191056
0.27891749631259 0.283416401505235 0.0773673245243755 0.00593063848524073 0.00192650045275398 0.318163325981418 0.0342783127383869
0.160494693753862 0.0673720785011419 0.353305044327917 0.157501308445624 0.16903154150596 0.0842155629316571 0.00807977053383829
0.238984913560717 0.0859016286574113 0.118271634275367 0.188754905063963 0.0448836369213773 0.139277861188422 0.183925420332742
0.180030502237448 0.0819388711476362 0.168999924633242 0.221761660192125 0.136857923124993 0.126322231932215 0.0840888867323404
0.19405835756212 0.170350588414237 0.00499781733337155 0.111475247752597 0.220613349278852 0.0658443924163704 0.232660247242451
0.10833976360341 0.208269959701027 0.190677298873259 0.0141171285988781 0.175032440286034 0.215178581210062 0.0883848277273307
0.107132941904261 0.00944149267598614 0.194149322188751 0.239140311453483 0.202181446861508 0.168871057201641 0.0790834277143701
0.19770143700816 0.286906252089799 0.338809268103592 0.0590775994287973 0.0339300836926442 0.0557155747514422 0.0278597849255645
0.0109076951437999 0.302260704992947 0.285862427456865 0.031856239587585 0.00339655747539114 0.304948996649944 0.0607673786934683
0.191580445520027 0.187425661106493 0.0425054085995423 0.171675765777324 0.114547683519708 0.156973953198582 0.135291082278324
0.16722061378509 0.0573102249425071 0.18436505464293 0.147755831977458 0.157801773742405 0.16235017570854 0.123196325201071
0.0534012531633477 0.203627032026087 0.122982174852613 0.182847134518709 0.180274870668875 0.165159476069068 0.0917080587013007
0.177305776903546 0.206762907623042 0.0821101514292211 0.183183700858158 0.0817712405207623 0.142044141143402 0.126822081521869
0.263450134910426 0.169362564306911 0.0647511490644184 0.161443533987986 0.194033975935228 0.0512238996722802 0.0957347421227503
0.148049876381809 0.00348103445638943 0.156989595468388 0.229307013764166 0.165216337060092 0.164567417065998 0.132388725803158
0.200651467935045 0.0608505313698825 0.25113178303255 0.08538933181061 0.154347257661296 0.209907937357291 0.0377216908333252
0.0474989384151765 0.0832239362582769 0.104357925041183 0.134682976424246 0.238196288535791 0.164066253348807 0.227973681976519
0.251326205804194 0.172914887159595 0.0609781654782177 0.0825863194388328 0.220083586996307 0.103435972243278 0.108674862879574
0.261072195859913 0.0464577085393559 0.0639622675417898 0.0608161081390876 0.260668340803242 0.171872310214816 0.135151068901796
0.0979136067537351 0.283530493581401 0.0643517478762269 0.237853050005443 0.0636094900422182 0.0920224902582313 0.160719121482745
0.0918439043221636 0.157156075339993 0.0592384621985081 0.247352390093119 0.041178577671473 0.167010618348248 0.236219972026495
0.172788171164539 0.264028851197063 0.0843747951547722 0.063963800733573 0.171884041548528 0.187001452739607 0.0559588874619172
0.291841266650751 0.14632053816346 0.126650009620987 0.0560260869523839 0.00502242894655695 0.013281050565377 0.360858619100484
0.00313870651361918 0.404729777516662 0.0736712513928615 0.241749356340471 0.151037358248339 0.124076226783311 0.00159732320473653
0.119247909238427 0.117396133566757 0.208943292614251 0.207895437191131 0.200875702687663 0.0583177932675402 0.0873237314342305
0.102214401474262 0.23601054512282 0.208642605411172 0.12887698213942 0.143513801163488 0.0705304531182305 0.110211211570607
0.213462231253722 0.222141194838501 0.0563510055939708 0.191866291591866 0.164769370990178 0.0203226496091466 0.131087256122615
0.0648707478205249 0.0237388855218532 0.182171825458949 0.0566734123305684 0.100866387231455 0.274859938769361 0.296818802867288
0.150591278120133 0.0623366554669877 0.174692811804843 0.09232659758052 0.188044037511269 0.179610217984822 0.152398401531425
0.0129510728488021 0.300643153952827 0.159722286841636 0.0329030628270671 0.267684326318266 0.157033729902801 0.0690623673086012
0.124809441294318 0.154701987702627 0.2908287244588 0.13700011180789 0.149795280863152 0.101830849051669 0.041033604821544
0.0318805605051512 0.202614136237821 0.0237967700097795 0.233019854796784 0.0591098801152182 0.258251871266021 0.191326927069225
0.050181791743912 0.27522324313428 0.284982946368026 0.0934270781813758 0.203076931725802 0.000203076623353104 0.0929049322232513
0.194557606310701 0.128268786120953 0.0253689138068607 0.00238785412384712 0.0381807590626984 0.404508619371205 0.206727461203735
0.132234613313907 0.0181877329388739 0.048702394521536 0.276242676727281 0.288051831293039 0.232869152088296 0.0037115991170677
0.241963492050949 0.0811825706180276 0.0867196809655385 0.135693847647413 0.0698658497640058 0.299855348689548 0.0847192102645186
0.236095885752766 0.131733946990395 0.00518867067181472 0.154062038725127 0.212852797488964 0.031119587375372 0.228947072995562
0.252110701654716 0.185342118094283 0.206110160485451 0.108485131113153 0.0669734273022456 0.047772117026419 0.133206344323731
0.208648748355833 0.353479060653987 0.0872498635704884 0.176398824268872 0.0566074085668548 0.0373526736254667 0.080263420958498
0.18314401896412 0.187406032898884 0.0780978686460893 0.0559679892890098 0.173595850235495 0.101887921164991 0.219900318801412
0.211861333091818 0.119535229533238 0.079582011144113 0.115055122943706 0.139969675862284 0.216691440534677 0.117305186890164
0.214067517686049 0.126095799518929 0.0207201621459509 0.163589002067041 0.215468949946822 0.0273144260327003 0.232744142602507
0.190364653068786 0.132851664281985 0.201104994294345 0.104706487085781 0.184783680741377 0.167966078929216 0.0182224415985103
0.105781191051835 0.10893917991026 0.234217567538034 0.216141613593472 0.265089846937137 0.0160234148092063 0.0538071861600557
0.109372784584108 0.218900007154102 0.260074316067608 0.119069945499217 0.0216467210900299 0.104909231351516 0.166026994253418
0.0300443616843884 0.0671363199869066 0.124588726229835 0.115015261465237 0.243236622954972 0.275444803639897 0.144533904038764
0.215343748492298 0.227163109925278 0.099937847034789 0.0340915588418489 0.12223417430948 0.168983944112645 0.132245617283661
0.0151729427639505 0.142246994162402 0.290577556661117 0.185363917282397 0.0967321414782097 0.137492583051101 0.132413864600823
0.0902005130005578 0.269841948148754 0.0511725356103793 0.263456295393894 0.0996858789215259 0.169780472659971 0.0558623562649178
0.109102508803372 0.100790437454036 0.115143874068396 0.109778348329655 0.16033607996925 0.22098966110721 0.183859090268081
0.224489804482632 0.194714675049315 0.0825619043406594 0.125286505603407 0.174739311725214 0.039939316997082 0.158268481801691
0.0125207063810574 0.145684258700418 0.122105875951641 0.0573542054289144 0.180087547472297 0.228715943990108 0.253531462075564
0.104925666356261 0.146909120904997 0.316764654982346 0.0920875533708039 0.14428314076262 0.043892143877593 0.151137719745379
0.0312662028066995 0.156281954509223 0.168396673677342 0.155334312238424 0.196819411366673 0.0705735075101635 0.221327937891475
0.210830406033812 0.0197997427161449 0.191782324212077 0.0184910287894039 0.182283103907735 0.122572531197267 0.25424086314356
0.141268851844778 0.221143925948078 0.0946992517388497 0.112740504189758 0.136362432075527 0.12037413133528 0.173410902867729
0.212487695372957 0.222563324989326 0.185852815351774 0.199157265924873 0.0357232264965633 0.0231794210359898 0.121036250828517
0.434248910068691 0.0942581563081053 0.0712817774769784 0.237802026558095 0.0568205309803086 0.0140362448197889 0.0915523537880321
0.109105501783602 0.0712168584465777 0.113760254924354 0.158614915363842 0.257546532734528 0.14932552007034 0.140430416676756
0.0435808766001176 0.02394304491721 0.190021734716675 0.25602207902891 0.192713510662288 0.134594946610105 0.159123807464694
0.159238462803001 0.00412729708270561 0.221738593797279 0.216170230936331 0.11066230787278 0.123660882615827 0.164402224892076
0.129047970001527 0.144164905899901 0.213059761508559 0.171069925993921 0.112599850821792 0.125991619882757 0.104065965891543
0.139974875745003 0.248810578308315 0.220591940925158 0.15278385516897 0.174075542146827 0.0293019538564843 0.0344612538492434
0.155757011092551 0.13145025464268 0.096938250031755 0.171561234961089 0.101713430579911 0.209822933235871 0.132756885456143
0.0161227956551137 0.0570615968328172 0.137248319756299 0.214269272346347 0.185568185091965 0.183230603023875 0.206499227293583
0.217087119141969 0.0399245347937841 0.0262748805814735 0.216804860115616 0.241766227849385 0.147573194687969 0.110569182829803
0.16602735275655 0.265524345612912 0.0307198965519843 0.0440590896284743 0.213915512257303 0.101692956375185 0.178060846817592
0.0977858834576426 0.0556078245944316 0.188139428809473 0.313173421610901 0.0232014358083137 0.185609792456794 0.136482213262444
0.0507522625473446 0.193042005292043 0.254370521823645 0.150470468072454 0.0223673614437181 0.126202506889461 0.202794873931334
0.120470680878258 0.103641053474045 0.177962008274073 0.112574942343175 0.0160682379692659 0.239727546463367 0.229555530597816
0.0652776706516348 0.170234661967322 0.143339177363653 0.0106847743816479 0.297119737800444 0.0438444087149149 0.269499569120383
0.203795644723366 0.194825983821911 0.0767857444265647 0.134548215453146 0.246726627755201 0.0872163693695794 0.056101414450231
0.0961779409937993 0.228476581738395 0.175703821553413 0.173692724812437 0.0222349165097585 0.100609868469649 0.203104145922549
0.032600659478346 0.182486758681955 0.413379988468344 0.128219297779253 0.197866477082627 0.0262657461762357 0.0191810723332388
0.168405088457579 0.238263712370701 0.00564566703069163 0.288005558097955 0.0340569013377385 0.147542344543828 0.118080728161507
0.0286275994699645 0.197964700736012 0.149945301714226 0.152186755714892 0.249791316509318 0.0537606993838481 0.167723626471739
0.00324544226784308 0.270679652416793 0.0234863462603021 0.145107632383141 0.109348690861028 0.200089321840905 0.248042913969987
0.0374391599690492 0.0492004698349803 0.20827563352424 0.109424341859206 0.217901001619384 0.0918191740318227 0.285940219161317
0.123265273231961 0.0979094003934408 0.0522397557359513 0.24245583355077 0.16685040208731 0.1804647895423 0.136814545458267
0.164581243559342 0.0941354265873485 0.217206582235715 0.213093356117196 0.212960683572589 0.0304623406961383 0.0675603672316714
