0.244374215359697 0.297146830848333 0.300153139751206 0.0826388224544408 0.0681527614414711 0.00753423014485269
0.223682555690536 0.160933804302625 0.257020439353338 0.188258846558647 0.118635752916065 0.0514686011787884
0.216866244840175 0.0860949886823357 0.108661453799211 0.260065786113214 0.297391498414879 0.0309200281501857
0.282428778829426 0.244031963755174 0.0276692533170336 0.247004434078311 0.190756534081151 0.00810903593890511
0.0927052210196453 0.28956633472423 0.00761992030843991 0.323459298462392 0.22703857966398 0.0596106458213121
0.0226445073829626 0.310513306296801 0.261430679330867 0.124772654851361 0.214255784227243 0.066383067910766
0.160882150813377 0.253199223588226 0.112590844448478 0.195397266564276 0.0856341101356669 0.192296404449975
0.197379037655596 0.152818401363623 0.0187479945555448 0.0900126684119196 0.297412595511759 0.243629302501557
0.186561217128624 0.00357177008970096 0.214393645059623 0.120339660103281 0.208792141987189 0.266341565631582
0.0594297096299734 0.208071259918928 0.0355237361732105 0.294300864994821 0.0912369204407692 0.311437508842298
0.131827634047052 0.058645138927783 0.142161781401758 0.108006882485577 0.444076891911573 0.115281671226257
0.0184413522779032 0.0296521995499255 0.332180201920275 0.214278548870658 0.124965148510554 0.280482548870684
0.113419440583682 0.183206184325605 0.266105880075666 0.246394459816006 0.0718363586497145 0.119037676549327
0.1653081179281 0.218314214095368 0.207651172809707 0.0590479541702544 0.272023314698418 0.0776552262981537
0.194188814893948 0.144139373793662 0.0567883764539555 0.108159988054182 0.220275853056361 0.276447593747891
0.177695595517448 0.122829683650854 0.191342572846954 0.281143177699001 0.207690529921415 0.0192984403643281
0.20391407817367 0.0849921432956352 0.250979335536664 0.184801861414048 0.0476748723548953 0.227637709225088
0.0157698388146974 0.301914096108972 0.170242644654255 0.248283177757635 0.136984687527444 0.126805555136997
0.0576370828440298 0.26007906182547 0.232457644608981 0.26002936479724 0.142753314397685 0.0470435315265941
0.323234535058421 0.281180761232262 0.10604342599326 0.0726866982870328 0.188594673655717 0.0282599057733069
0.0864023974859475 0.11824848609623 0.286324874891638 0.131133505597723 0.301166178869472 0.0767245570589903
0.313284115911353 0.0603005190893903 0.109105461441571 0.118684407646937 0.202553149880023 0.196072346030726
0.209239043170975 0.213506244555698 0.115946624931925 0.170993826613589 0.0599944442889239 0.230319816438889
0.414376960033459 0.0673903135073782 0.0631541156531584 0.23332034568128 0.00941721974778177 0.212341045376943
0.156613315967969 0.221569629505152 0.263264271211395 0.118945124939844 0.0322704378417841 0.207337220533856
0.112099844982665 0.147145402652112 0.180585185387556 0.237177335596072 0.0118910247638854 0.31110120661771
0.205420927645444 0.0332580557672696 0.280897901184209 0.241920089789557 0.118914817628125 0.119588207985395
0.134871506581164 0.0977264644595403 0.173652212528281 0.0670514371260484 0.106555370290082 0.420143009014885
0.236997448408056 0.160203252192757 0.194635949689541 0.0495301739311013 0.220156649532534 0.138476526246011
0.0127791817700371 0.251842957116658 0.051593502008905 0.162498823235785 0.235465138852735 0.28582039701588
0.266690775230163 0.227849784834419 0.0979099520076514 0.0916920779996263 0.163584592434912 0.152272817493229
0.14841333976151 0.0355047021709016 0.217871984779729 0.155620192543667 0.275884797232704 0.166704983511488
0.142678316881036 0.356034332394992 0.095589587286661 0.134790713554259 0.220128445126566 0.0507786047564862
0.289933633991855 0.0463507033385535 0.107462169911812 0.363548954064502 0.136271622185859 0.0564329165074189
0.138998893689614 0.206342447458995 0.142125950157249 0.34523822519624 0.0898420073737953 0.0774524761241073
0.218935343771752 0.18759559595706 0.00516254025183833 0.221883852451612 0.170737005609472 0.195685661958265
0.192735727276461 0.0322789736999544 0.298569698007025 0.158244650058929 0.162314157048019 0.155856793909612
0.16071239051404 0.271114384414675 0.0746585444294917 0.128636755039331 0.249540263496235 0.115337662106227
0.240688941943212 0.170300271592379 0.186528939492932 0.0383011242508543 0.261534723781627 0.102645998938996
0.155745914258358 0.217298757912416 0.354876136725637 0.114389048789254 0.0823739724944932 0.0753161698198411
0.142864096257213 0.0958374930371068 0.135213980438695 0.269875745966015 0.102076508907728 0.254132175393242
0.101030923943285 0.0845418113511137 0.100642186348242 0.289365313520288 0.171073819853072 0.253345944984
0.18961362712289 0.0907374663662018 0.164031547586856 0.36763366976212 0.0714393629898969 0.116544326172036
0.284973204938054 0.264864144680906 0.316338913991006 0.128678120724723 0.00286285424622708 0.00228276141908428
0.131838837946264 0.026030574960745 0.162952046919666 0.319306188976173 0.179463407010586 0.180408944186566
0.256631079088818 0.0362499823197638 0.269882619280097 0.169682323723637 0.188349454167679 0.0792045414200055
0.345658981100351 0.216456551832419 0.145505529782731 0.0571009289452236 0.0978490989481103 0.137428909391166
0.245971330483058 0.139706953371853 0.056178356401237 0.22573317699119 0.253905937852321 0.0785042449003416
0.256345563718164 0.180118523200539 0.132913527613348 0.0566657120640624 0.311700824265163 0.0622558491387244
0.178203583715144 0.0640864756152855 0.235967472543525 0.089002701693345 0.217683272394994 0.215056494037707
0.120213405566856 0.242029507966957 0.14019443133946 0.233036781964799 0.0235192282814055 0.241006644880522
0.218339663493431 0.216688917484059 0.127020626615873 0.22219161962182 0.0703890763839947 0.145370096400822
0.0725789892758821 0.297441349897045 0.134911737662465 0.0763880821074912 0.224179436731942 0.194500404325174
0.261833730380673 0.0563036465024 0.0759890351066545 0.160481489929028 0.213959628884565 0.231432469196679
0.041854412645734 0.0486469313735728 0.400438466162224 0.171263226232955 0.0225082770423265 0.315288686543188
0.110087473579084 0.212839980068957 0.244067649623809 0.0120562644306094 0.137686008921012 0.28326262337653
0.0839458346856963 0.27509399730865 0.169986836950191 0.211823764261738 0.145634348571417 0.113515218222307
0.172900334307583 0.157117041984471 0.148771828295363 0.208010986619773 0.135810351164239 0.177389457628571
0.196664416659161 0.0881848999460639 0.185202931388884 0.398955824350556 0.129566630788717 0.00142529686661872
0.0759810730688283 0.211846009925059 0.314666324969614 0.12849748196536 0.240689796335277 0.0283193137358621
0.0214092423753408 0.249056869609071 0.258220077329053 0.0898843485303587 0.232224717353533 0.149204744802644
0.0540472208105042 0.145972219856483 0.445296402074074 0.023041735185405 0.18418210777543 0.147460314298104
0.185033137251482 0.152945152290144 0.240482950803963 0.261969153389743 0.0416137254011122 0.117955880863556
0.196865552735994 0.225012363785269 0.165583870460807 0.0388007237160416 0.311758432573773 0.0619790567281162
0.123449276186852 0.0451232214027638 0.14323163079699 0.234854819816579 0.219235835690412 0.234105216106403
0.0274417854054172 0.176991084340108 0.1206957455766 0.149521060686312 0.225365483707921 0.299984840283642
0.137435110192079 0.313601830388274 0.253631616132936 0.0273909056626549 0.18053148671345 0.0874090509106064
0.189641665891326 0.154634269932273 0.311278856025597 0.0583743560794667 0.0699172660319744 0.216153586039362
0.134858823886438 0.0580879519611033 0.224303936083995 0.267070691235632 0.186958017646839 0.128720579185993
0.160912471871855 0.277801637252529 0.186263886394974 0.0219440724136577 0.261470110500696 0.0916078215662875
0.0615336413221126 0.274924331330857 0.00424757837825795 0.275384119416861 0.0892936641572669 0.294616665394645
0.0718048952403298 0.0270447651608534 0.0660279747765657 0.0912077742949153 0.501579282234514 0.242335308292822
0.173704235631868 0.156180537777091 0.0602031257425382 0.20322386634856 0.207051799650388 0.199636434849554
0.249467704331609 0.187732073287177 0.0766591704164765 0.133396014080017 0.180245776968113 0.172499260916606
0.182746198413172 0.0583365015715428 0.255286191783881 0.0492616378341103 0.304085738267721 0.150283732129574
0.302968114844985 0.0514951178971785 0.317941580558516 0.0577886884137931 0.198678405197896 0.0711280930876311
0.234162298183838 0.0745857513196666 0.179821256468352 0.136094141694293 0.171803851568191 0.203532700765659
0.262281662104296 0.130849658901144 0.164979774604023 0.0738103640906708 0.192055113136453 0.176023427163414
0.201249496095628 0.238862276841384 0.193376065755571 0.0840887844316011 0.19435642357026 0.0880669533055561
0.0639578187761202 0.263366075344998 0.247997722073732 0.234074536651524 0.0141183012953083 0.176485545858318
0.228290337153286 0.21893752078407 0.14575079370085 0.0266444264987339 0.177051093265556 0.203325828597503
0.214073797031213 0.0609293903022943 0.0223122229065535 0.207970640553118 0.277740403041566 0.216973546165256
0.261649615298546 0.234406285062353 0.156975004169639 0.261950060885776 0.0235088835024395 0.0615101510812472
0.0762693836587752 0.392595330129195 0.118862075078115 0.232012491542115 0.177086221407461 0.00317449818433829
0.142712980831592 0.204154565513399 0.175535459214659 0.14684069253289 0.168678611826431 0.162077690081029
0.151794994925433 0.221178350877319 0.129727984595378 0.0702215299965787 0.0545087886565281 0.372568350948763
0.220269147227405 0.104729240841167 0.215427433173665 0.150080320866596 0.294100750692715 0.0153931071984525
0.244937813061982 0.225380348902714 0.146039207463345 0.0198068430173695 0.240745047561898 0.123090739992691
0.134931424204012 0.0381922254006664 0.269629630371356 0.153836638993918 0.0946282623704588 0.308781818659589
0.0386887178647039 0.142666263086087 0.26359006114416 0.307972717345627 0.14502376464912 0.102058475910301
0.0882650081451737 0.119794523988564 0.252930558176426 0.0435021442031211 0.22522110830673 0.270286657179985
0.159956384917222 0.116637576004278 0.244382558075331 0.208676437124526 0.176703606531391 0.0936434373472515
0.0289601145807624 0.392934783844148 0.0277619577817225 0.388106791027981 0.139796285491059 0.0224400672743263
0.0818036531007072 0.318052144564618 0.263738476722022 0.00472835225208284 0.117007330610147 0.214670042750423
0.189522141564164 0.0807750313699238 0.0176332201669859 0.315142383446897 0.202328229482709 0.19459899396932
0.202522594995195 0.206425523963513 0.132662134025608 0.0292438908496253 0.151961291976413 0.277184564189645
0.0789880183238355 0.251989239488437 0.160198625007968 0.0905652469465581 0.311321153221809 0.106937717011392
0.29798197519685 0.151195513262141 0.0113770571237314 0.360129233466313 0.072076422628385 0.107239798322579
0.0221197351944782 0.234311168147365 0.214343806662621 0.112091993196507 0.166212728647441 0.250920568151587
0.134463859359308 0.293857871215918 0.106801712545669 0.148878077607747 0.149094275671694 0.166904203599664
0.193203229651166 0.184944742840256 0.0930397223409664 0.181218148425607 0.252218807847882 0.095375348894122
0.213969435271586 0.102481833092862 0.255100897067197 0.185849704238449 0.179384100261066 0.0632140300688409
0.0204438708197141 0.375589889937952 0.107024114273069 0.133825959586996 0.361665263199678 0.00145090218259199
0.0206832354360372 0.115313500877562 0.330486219448621 0.21444080607486 0.16022786395508 0.15884837420784
0.000323964128075414 0.255101135862301 0.0692909017787618 0.113574868357884 0.297144205610419 0.264564924262559
0.193357358118192 0.111376540598948 0.159143932008894 0.13730271857377 0.211867696054819 0.186951754645376
0.148253999890872 0.228382376715408 0.228306326895429 0.00741667137114675 0.201611495675081 0.186029129452063
0.192834230736367 0.200065993983126 0.232090923998363 0.221938595827329 0.0567431123047055 0.0963271431501103
0.101073707204838 0.217247912517852 0.242234376273118 0.186285554603792 0.150548902206985 0.102609547193414
0.00900956551458978 0.402234099477633 0.0757452556304365 0.254004007195864 0.064946378390719 0.194060693790759
0.00773439907715761 0.173349901114866 0.235856434130762 0.277863021419614 0.279630874063592 0.0255653701940071
0.032964554566959 0.0225907195205155 0.160901215553049 0.251661693349422 0.398780519606996 0.133101297403059
0.275823533843165 0.101935973305616 0.139709343851562 0.22186681886547 0.124005164375579 0.136659165758607
0.244257378348333 0.181388850975271 0.245392594371182 0.190220944751129 0.00398511571490607 0.134755115839178
0.0988282485091678 0.278605458862916 0.163937469680846 0.286939524007044 0.0442294603636156 0.127459838576411
0.0482438633561721 0.376658593109439 0.205196363191439 0.151345401639341 0.211106726618151 0.00744905208545802
0.237383983766111 0.104050478872795 0.074690068203497 0.251810201236786 0.285341240894711 0.0467240270260998
0.278152728194486 0.27952702245911 0.0497325493807862 0.0888070205586955 0.158898464120545 0.144882215286377
0.308579193695694 0.0728484306051344 0.299001353007843 0.249025146145881 0.0413466760290884 0.029199200516359
0.221347748412706 0.137708313589597 0.0129875102711086 0.147846493617443 0.269292713993323 0.210817220115822
0.111520474725914 0.232534292550236 0.000608198957306341 0.257534415149378 0.321656307962505 0.0761463106546606
0.160981628149648 0.139243702049239 0.220010700378006 0.18175788302168 0.280322106760408 0.0176839796410194
0.164929839653927 0.155429696270609 0.309975137936903 0.206286855170005 0.129737224211582 0.0336412467569738
0.116907109736036 0.426990284122136 0.0397084665254458 0.159249106135245 0.120478048450526 0.136666985030612
0.21440352522774 0.131963434725043 0.345547974336298 0.00912355356396409 0.0427510426154237 0.256210469531531
0.0414124296231036 0.228236902430997 0.0451473699353347 0.168631958041806 0.244079043560393 0.272492296408366
0.345003816340118 0.028623640739427 0.190851564922014 0.362640317921631 0.0620475198991552 0.0108331401776547
0.0822416190226763 0.00541940171879634 0.126650703089419 0.131166460207283 0.318870723102087 0.335651092859738
0.117140360418834 0.0483562210805836 0.0119733482212481 0.336916724331058 0.371676418837329 0.113936927110947
0.247732843534477 0.148267244720038 0.0297403245054189 0.18218289049859 0.162044613130108 0.230032083611369
0.264068279053656 0.192449740325058 0.236208122167343 0.0781676795777383 0.104306188616485 0.12479999025972
0.176157027795615 0.05521237947139 0.238566216639085 0.0527644447961128 0.215736962206557 0.26156296909124
0.21831591427411 0.237594214697322 0.100018664234216 0.154453173359814 0.251570869798916 0.0380471636356218
0.320436520983583 0.303367577129648 0.0145828270510704 0.195996682376888 0.0660497473583865 0.099566645100425
0.0219974200783013 0.20451043454044 0.237746603339478 0.21480101115597 0.238320760628417 0.0826237702573931
0.0205847327749049 0.354188179272999 0.0396192638965239 0.200484043623999 0.0853805542937978 0.299743226137776
0.357474882023395 0.0465568443607198 0.333039695259047 0.136073369302313 0.0625929875789654 0.0642622214755601
0.0401811778854495 0.063835352953813 0.291454013336766 0.223585764834711 0.156602634564749 0.224341056424511
0.0435502049023622 0.173113465647137 0.234782957148397 0.259633219803508 0.196115188768275 0.0928049637303214
0.253345680509952 0.0352645022101557 0.248568976414591 0.197406218443671 0.140792253696532 0.1246223687251
0.102884399939653 0.345475743184243 0.13667364785245 0.0861046021897357 0.260835429860337 0.0680261769735814
0.157428598942485 0.22203885819615 0.0758641669770584 0.240766463235997 0.243940722674273 0.0599611899740361
0.183907579712014 0.214322321835277 0.195656265295073 0.04247525857613 0.154874742239629 0.208763832341877
0.130748526887543 0.0649216257181594 0.22329347956636 0.234303183129777 0.239020829261268 0.107712355436893
0.0639629631667577 0.237938933447512 0.0484799440967081 0.286764990686939 0.24021838392391 0.122634784678173
0.155324506518131 0.294447214014577 0.236985271257559 0.0906889241444078 0.149765936912063 0.0727881471532627
0.213638771934414 0.00751534034918638 0.142473987667659 0.0598026353371629 0.288351667892212 0.288217596819366
0.251115428897505 0.0868253568295761 0.074905405540524 0.231620377998572 0.25509495243405 0.100438478299774
0.0781966854255847 0.119392748541144 0.193215302485645 0.203917101962139 0.133773676450802 0.271504485134685
0.051887063117941 0.216590312910188 0.296760104387301 0.129381574583201 0.129689861966077 0.175691083035293
0.263501366907709 0.175305386200725 0.154332682399564 0.0235624661412685 0.296581087920951 0.0867170104297819
0.165433694365984 0.131970160043645 0.252947035045542 0.224266178746263 0.162018479616588 0.0633644521819771
0.273017537427417 0.0924503387993896 0.126741214191087 0.165343263496341 0.189553828949849 0.152893817135915
0.333418209610159 0.15661384547903 0.000981303403463056 0.153362109799767 0.332179336385512 0.023445195322069
0.215965614741298 0.0629873781644344 0.244608826614655 0.0536620312568722 0.241183275323524 0.181592873899217
0.209250192829333 0.0175216748074108 0.0125274300060472 0.395477051449705 0.108746024808845 0.256477626098659
0.131232349072601 0.216888522435314 0.0620272135967906 0.0232602661055828 0.288581267031128 0.278010381758583
0.194195149275701 0.219490866444593 0.0700585404355994 0.188805627436322 0.188585549207447 0.138864267200338
0.0820416974119564 0.197805716967431 0.0927354824129778 0.210162785219357 0.202141437566461 0.215112880421817
0.0728899217634189 0.226085046564251 0.114897491737904 0.25127070358031 0.313490908165818 0.0213659281882974
0.290875949618207 0.235533792077457 0.144685881128963 0.248698864236348 0.0188912126017994 0.0613143003372244
0.235902725966016 0.0194123924525859 0.304787395285243 0.0344484285944652 0.145216445879992 0.260232611821698
0.00221309441187354 0.185908029663512 0.315306200371471 0.145432417695652 0.10974812153884 0.241392136318651
0.217883190371631 0.223637679712775 0.176184416497519 0.175304255520996 0.0553780717733279 0.151612386123751
0.100402433166203 0.0764713764103434 0.206277029578211 0.0804394540879056 0.235054565488984 0.301355141268354
0.189613222350676 0.16860591964639 0.162178873816842 0.187213866043653 0.108362177678514 0.184025940463925
0.110947808297234 0.0463076388386973 0.0989580828641109 0.265621519662722 0.146502058957825 0.331662891379411
0.0990885702028557 0.115511307950955 0.00515718491980132 0.272751970846389 0.22849300560637 0.278997960473629
0.0950182127776971 0.0864365967774854 0.368814767042638 0.201931917995994 0.190138487440432 0.0576600179657529
0.209918961301177 0.0291490519898001 0.325137925050785 0.0204326573807815 0.3103919082822 0.104969495995256
0.073676201502101 0.138261601884461 0.0102016553274895 0.132027541904526 0.494121876417248 0.151711122964175
0.12789256968061 0.132919432837426 0.255641626122907 0.222096297932411 0.0203913949024716 0.241058678524174
0.0409923758213673 0.0329132776668542 0.396955114287273 0.0917118262778679 0.0403336038753611 0.397093802071277
0.0831492322325115 0.20041382019727 0.244178859995084 0.0217536221110578 0.228595831388002 0.221908634076075
0.204591850689735 0.283716573476919 0.0922178399481521 0.097885380752317 0.00329701575138237 0.318291339381495
0.127170675626732 0.209229759908687 0.0513497367019184 0.270557435659577 0.120302765172792 0.221389626930293
0.0200306666125252 0.349686860803372 0.22644163275251 0.151898825758613 0.244798726693363 0.00714328737961667
0.122593213927305 0.321172314086533 0.0507017070366381 0.309436731270164 0.181590543167241 0.0145054905121185
0.448649964531072 0.00102129011928417 0.0659761684383812 0.238099023424165 0.245241274668203 0.00101227881889407
0.131490654838573 0.072564696218622 0.317900151787439 0.114365032234659 0.105673448240809 0.258006016679898
0.168125007280709 0.151105021865478 0.324785788038925 0.0292772220509177 0.283822512447917 0.0428844483160538
0.0959106527380734 0.116897000483878 0.253239493679014 0.157784488100386 0.300606558514429 0.0755618064842186
0.0257252242282261 0.15701765157253 0.303571114499153 0.274127730528733 0.0559547817994236 0.183603497371935
0.115046113058858 0.17043868391224 0.123229061711678 0.202566483996315 0.0536410091524944 0.335078648168414
0.247021044366831 0.181284681311776 0.226821334918978 0.186719622064176 0.0392566801724079 0.118896637165831
0.232373813829088 0.124867330500312 0.0825065597880789 0.233720189368594 0.242714570079001 0.0838175364349255
0.0201989302837557 0.314974543869496 0.206165412507844 0.0973365612423138 0.279110626174403 0.0822139259221875
0.0686049320498996 0.186069699423593 0.011255507675084 0.00864599817425204 0.366598671386286 0.358825191290885
0.168541905799927 0.153686418920793 0.154123969963381 0.25026090667351 0.244068817021882 0.0293179816205082
0.381153287890253 0.0436529160413821 0.153300653466696 0.404703288338935 0.00790599645877823 0.00928385780395544
0.299190058147292 0.323389657817248 0.0417339064427696 0.0945857731427807 0.0454064250596801 0.19569417939023
0.229278906636073 0.195012960000068 0.132090438660602 0.253501854834415 0.0660871092590299 0.124028730609813
0.112693562892388 0.205578959260781 0.083365798708077 0.219506091331709 0.122709168439079 0.256146419367965
0.245326487228656 0.201907418045793 0.150091492098054 0.00478840847672559 0.00296139198122014 0.394924802169551
0.217746853478992 0.140142909941008 0.0499689108783654 0.165385027622697 0.17118055809016 0.255575739988778
0.278581740408581 0.178989065451114 0.192792505858202 0.212560246575887 0.132007015927903 0.00506942577831322
0.270960207378465 0.0971634923639515 0.192365872084431 0.317351415341058 0.0871288290046977 0.0350301838273967
0.292890535048462 0.0115089044532026 0.1615696707822 0.147629574200271 0.120426805997959 0.265974509517905
0.268121399503358 0.187243898209322 0.23688083167644 0.0185900512274894 0.207449836645767 0.0817139827376236
0.171369905961246 0.249318403741574 0.226885376246167 0.00403123551488015 0.150612071434829 0.197783007101303
0.319668108547835 0.157754227891341 0.206032616388067 0.114831178391608 0.118465894961795 0.0832479738193537
0.0988646755624456 0.217110504830956 0.150208456471502 0.174112150940454 0.180709174423424 0.178995037771218
0.0247613528135768 0.14088178876281 0.0661154482604154 0.0944567846046729 0.344114768417231 0.329669857141293
0.236271891711395 0.197197651817656 0.170515164938307 0.00226500473752842 0.2400572584652 0.153693028329913
0.0689468758174266 0.0671919598594253 0.1267034397969 0.248614296460276 0.223905092904748 0.264638335161224
0.199210801285046 0.198338684383342 0.168162153448704 0.196606540951465 0.171005324697483 0.0666764952339605
0.100899871230623 0.213140986252168 0.147963080209701 0.236777181860272 0.201730592444479 0.0994882880027567
0.214032282615111 0.245708192103118 0.23673441017771 0.108006286137607 0.158190851414609 0.0373279775518449
0.236611634708724 0.00795030329701747 0.255983071066933 0.235021294694005 0.0858249153788585 0.178608780854462
0.0109697406288356 0.112658404410847 0.166721100459926 0.245184781175658 0.274449722968992 0.190016250355741
0.225305969576336 0.211823133192073 0.136549483332235 0.0934706797665562 0.148635080162125 0.184215653970675
0.0740871323866032 0.183130842460143 0.246265529696722 0.195856237907606 0.222342049309069 0.0783182082398577
0.137214570270423 0.338056394258667 0.231214169465205 0.0326537323807763 0.139153068123518 0.121708065501411
0.231073713270909 0.183062334371906 0.194096180473673 0.188245735695923 0.162707286253137 0.0408147499344521
0.106924724395285 0.0120439846888684 0.126816118765023 0.233472460253403 0.287895543427046 0.232847168470374
0.0539078303329758 0.0710120532298251 0.305661123584032 0.321869410758461 0.219632064534985 0.0279175175597219
0.0486588494182748 0.114951805280042 0.405418775441997 0.0184935209753575 0.189496189959882 0.222980858924447
0.225387747105291 0.113648184042047 0.115839163016838 0.0473099182951238 0.24422595191964 0.253589035621061
0.201169060471841 0.170550528185786 0.0389957724420494 0.102289761466583 0.0850163311919415 0.401978546241799
0.152768629466015 0.058364097216667 0.155821123761435 0.250892040813511 0.170784543676893 0.21136956506548
0.212232977159177 0.178490527297913 0.0832445223215978 0.226908617594857 0.0715296318830605 0.227593723743395
0.0932457226301896 0.223511623839231 0.184787988240193 0.165297873915909 0.143118888293556 0.190037903080922
0.262646804890172 0.194423509941856 0.188873384189667 0.10787322356107 0.148092707832535 0.0980903695846999
0.19400965482395 0.230395193612281 0.254441717866239 0.0419171273482565 0.0686325383014597 0.210603768047814
0.229987447418553 0.0999994832332573 0.169065016802869 0.282702944455645 0.102282575501048 0.115962532588628
0.330728426430293 0.253587104361004 0.0541992277841032 0.00808546342796542 0.0258026644772138 0.327597113519421
0.315343960509056 0.125771276857826 0.239489776347835 0.0318785712820001 0.0587161550138274 0.228800259989456
0.219322516428698 0.317922815729741 0.0364857343773883 0.126377502042915 0.287154207557936 0.0127372238633213
0.0587979122208232 0.0722691917484232 0.027581933094267 0.296424815751382 0.389428442940562 0.155497704244543
0.010377336725137 0.261627445242901 0.136376891929998 0.22992174703925 0.199304601353766 0.162391977708948
0.256348656445331 0.117435834419303 0.065774097263909 0.285528886611632 0.14407449266727 0.130838032592556
0.138593860860571 0.203171923030777 0.369707004991359 0.0109381531995103 0.185193215917842 0.0923958419999406
0.129337229150427 0.267124771484263 0.120604978021512 0.149023768000615 0.0928612922844195 0.241047961058763
0.25058591492975 0.0741539046985612 0.180250980227532 0.247903872774153 0.178690000464324 0.0684153269056791
0.170563140167694 0.219882289719529 0.124250672106848 0.109393993357302 0.279627325025527 0.0962825796230991
0.295713233535701 0.278446885395226 0.0047072210699028 0.0624642911687908 0.347735399095677 0.0109329697347021
0.0754938537374007 0.0159034310060777 0.194320003552851 0.338632798017867 0.12803998348837 0.247609930197433
0.2971682147682 0.163852937006764 0.137251340603374 0.071768845751772 0.294438175264524 0.0355204866053661
0.297855459882995 0.139679047835664 0.00465610366673087 0.422633463697064 0.00736683861864189 0.127809086298905
0.286296303162434 0.312006459418967 0.0304702473983854 0.0379843216848062 0.122021667534503 0.211221000800905
0.296115332250807 0.180932585570092 0.132783062728705 0.146227146880166 0.0267892757166787 0.217152596853551
0.00996101539174057 0.180610484571456 0.21404160230374 0.25849918778254 0.122253673201141 0.214634036749382
0.308699901902209 0.225384132377077 0.10305336280441 0.136363378351351 0.144711727819193 0.0817874967457606
0.327417205154231 0.137606516960501 0.214414294782529 0.125825841030092 0.0412881520788864 0.15344798999376
0.295935682014577 0.168815360540918 0.255449193125198 0.0737227387005562 0.0923576314214483 0.113719394197302
0.139378274926994 0.344883932715643 0.0358646532601223 0.137915140250599 0.0235557561599861 0.318402242686655
0.168132674465135 0.26507345559849 0.172511966760393 0.199289442267331 0.17299738701321 0.0219950738954407
0.000901640577820637 0.0346099092446954 0.0641978914024136 0.398154201479978 0.159250748207926 0.342885609087166
0.138617018706366 0.024207603469553 0.251782869041218 0.0980905928588114 0.309412672769305 0.177889243154746
0.128921133328488 0.160915889880969 0.18202386455808 0.0870935834341163 0.192859645233474 0.248185883564873
0.149784487611404 0.17026726168974 0.278492607385898 0.255890534435337 0.108828267494456 0.0367368413831657
0.179694403734335 0.193495176007111 0.0514759986693879 0.190337012327952 0.189030825715345 0.195966583545869
0.0408365908889919 0.0468067533503051 0.268826892241819 0.213882318446352 0.313577724628734 0.116069720443798
0.262718030078961 0.0628052725283181 0.108692595535345 0.182552862858369 0.251704285112047 0.131526953886959
0.249503403590401 0.118373711544868 0.167812108968654 0.420350304327217 0.0292240356535768 0.0147364359152826
0.126354847569793 0.0195017723128978 0.21516752461824 0.265787777048016 0.139122836680992 0.234065241770062
0.142401936262026 0.166747397530083 0.144652730967795 0.183290267191579 0.182050200631955 0.180857467416562
0.203992277962074 0.153821446004075 0.235615327493396 0.0939038784220714 0.14488712605999 0.167779944058393
0.133459509101241 0.293587370736635 0.184575953123418 0.0466608370159382 0.155959483850771 0.185756846171997
0.272124756096779 0.264507206030923 0.190637638933301 0.177243987844492 0.0507213665334339 0.0447650445610721
0.353040240995617 0.0946945697633814 0.173826755176784 0.0497034832026614 0.254825650891661 0.0739092999698952
0.074966173952776 0.190819703198261 0.225661500609281 0.138051587683324 0.170183474264614 0.200317560291744
0.226662361541241 0.250604159414944 0.116646479013644 0.0137762052780512 0.29535285461477 0.0969579401373496
0.241627006597905 0.147651166447925 0.0131517480539554 0.221736502455574 0.237725163494217 0.138108412950423
0.40876656261798 0.0457366789841828 0.057846105985833 0.224440920057618 0.139108409687236 0.12410132266715
0.101794798851871 0.243602711400427 0.132337110977244 0.144704656632231 0.177822862021494 0.199737860116733
0.271804489432084 0.227062609769274 0.225779851387313 0.0549568823739548 0.157740696709308 0.062655470328066
0.23139870051955 0.373355009574307 0.277404304826568 0.06036538138457 0.0273118202355601 0.0301647834594447
0.142254870499653 0.0595177659305861 0.316188421988155 0.156206164440485 0.31389283661524 0.0119399405258808
0.159237153335329 0.160519051393628 0.290952376640736 0.339466942624706 0.0170555228549032 0.032768953150697
0.204036338981124 0.235103857223879 0.258247588394742 0.102597156920325 0.0454453082391472 0.154569750240782
0.263811785798866 0.384637035312986 0.158698361095446 0.0394981150016206 0.103395907904065 0.0499587948870161
0.0023501527700312 0.252141090791623 0.0841330802170349 0.292852415773826 0.0878398851666518 0.280683375280833
0.33197326013644 0.122118696436055 0.107933720916301 0.176403551673867 0.0264010135683747 0.235169757268962
0.213710005587 0.252996132253793 0.0202633654354925 0.092054415551551 0.201078113741118 0.219897967431046
0.167920799078755 0.264785818203618 0.163177685839756 0.196796458757081 0.0095189426626131 0.197800295458177
0.10991726789823 0.245553125550882 0.215580605622539 0.108146660334165 0.198236880306897 0.122565460287286
0.203869407921865 0.0431598800443701 0.124975219954816 0.233666617618965 0.280218047433326 0.114110827026658
0.0927478209113262 0.115377531901717 0.145654081675379 0.292097104841187 0.286397369884245 0.067726090786146
0.0260585096274377 0.292942978266743 0.242257761719031 0.0081302672264471 0.274140611562104 0.156469871598238
0.211370171310712 0.116230695610141 0.0920192317363637 0.252405479951304 0.130102581862096 0.197871839529384
0.181353865403343 0.171891028284892 0.170077187472777 0.197093210743738 0.0860585309210262 0.193526177174223
0.291134838527533 0.270558598237001 0.0309542153863344 0.00732027502525216 0.191278364207718 0.208753708616162
0.159369564161565 0.394249306575061 0.106397461405424 0.0317151211573877 0.083393211879649 0.224875334820914
0.183150647131341 0.22640778260404 0.256111598972632 0.0453417998482694 0.0914135333278887 0.197574638115829
0.206967722028766 0.103349605343475 0.209333172785451 0.192935060452537 0.175452198891833 0.111962240497938
0.185772422532521 0.104755026090007 0.185751139084241 0.318068017830392 0.182275236625758 0.0233781578370811
0.205379709933995 0.215950465830782 0.0632158024051258 0.0243207382871265 0.192223076558175 0.298910206984795
0.371113243052968 0.058573956646512 0.318630008213796 0.194166583806128 0.0136774354872248 0.0438387727933711
0.097555906089134 0.247169878536962 0.335417749192152 0.124631392222226 0.0302254795123562 0.164999594447169
0.0102501482517126 0.120078455727934 0.213494160382084 0.295154443198292 0.0353981322234955 0.325624660216482
0.130616488600738 0.1949468335148 0.0650910525437441 0.287221892410611 0.0239349064606994 0.298188826469408
0.203383231058676 0.313783828865516 0.237656954872647 0.126075048788656 0.00934129994333398 0.109759636471171
0.293183887903872 0.148111479874584 0.0541940783145552 0.326505524365473 0.0443384366592308 0.133666592882286
0.169986613534698 0.0781310962945979 0.206029711151468 0.222769467339563 0.171174975119152 0.151908136560521
0.232852918917211 0.235426829450089 0.203360371641071 0.14466881270984 0.153432532288236 0.0302585349935531
0.134050155017936 0.138328307580828 0.157918027761007 0.189474432370146 0.148953972595444 0.231275104674639
0.156169621026193 0.131157366640676 0.225548437534368 0.209266403716 0.0843937806349122 0.193464390447851
0.213302155766411 0.230479569250542 0.225176060814081 0.0058696049238274 0.0469357647149394 0.278236844530199
0.193975465159499 0.260462077438979 0.0752751354818327 0.260375010491199 0.103810721002318 0.106101590426174
0.00900506331794815 0.339643405614385 0.0197393493900668 0.171523388460463 0.180618724575567 0.27947006864157
0.270457318607052 0.287081447875656 0.0586970137558198 0.294673963634864 0.0742859616301884 0.0148042944964195
0.128329311952484 0.223245139833998 0.203255982966588 0.325174455048204 0.0379166139838721 0.0820784962148536
0.149668475078876 0.0492503210291388 0.257726144025402 0.20895039614352 0.0433434998137331 0.29106116390933
0.178898924075276 0.214081431878532 0.116788658757179 0.0771912314130006 0.0719273829176249 0.341112370958387
0.262523420115493 0.00686996632960385 0.091436311076309 0.0877036308530916 0.249757476473098 0.301709195152404
0.369452290944006 0.301679232735464 0.00613387606488376 0.0707990938396441 0.205251123709881 0.0466843827061211
0.142116715446938 0.0975887228668326 0.229426246050014 0.186159148543209 0.184878462645306 0.159830704447701
0.204376477690145 0.251308423346491 0.115120478854986 0.00511853148147079 0.208270033911398 0.21580605471551
0.173429163018369 0.168504968744242 0.199220366275355 0.18704527353444 0.181627921676271 0.0901723067513228
0.00629590034122983 0.0387526655517766 0.237282460540845 0.294904962571522 0.142868753781138 0.279895257213489
0.2211001138824 0.0870631787378989 0.315323233599881 0.176247251283002 0.182328108264714 0.0179381142321044
0.0525969193529863 0.269481336122023 0.00370231628190464 0.27141540333266 0.297618732533922 0.105185292376504
0.169905087677511 0.114578113573488 0.114432521279056 0.430328057065555 0.143913058258084 0.0268431621463072
0.222758403624068 0.241551980205923 0.188675290529134 0.0523278938797675 0.247223865208967 0.0474625665521405
0.237101168045306 0.276330527499387 0.0658038339834423 0.0825200246105702 0.189503569156792 0.148740876704502
0.192275905905262 0.0443182404027094 0.226765771391451 0.222293485930563 0.169142316414469 0.145204279955546
0.0769348664258531 0.303440822575797 0.174591886264136 0.0611701493378406 0.245582796432838 0.138279478963536
0.242253437696908 0.129002022944225 0.190415389390476 0.102081846561087 0.113369821742106 0.222877481665197
0.201725740620706 0.23261672011332 0.115583180356745 0.173672189645869 0.124549972752512 0.151852196510848
0.0790083316527368 0.275841270999815 0.112110307804016 0.20776491547197 0.167426556273304 0.157848617798158
0.215169191513658 0.171092672147308 0.224965797753863 0.216723742390362 0.0299678304320572 0.142080765762752
0.0148814463727921 0.290124332067235 0.3097175997231 0.149886911537439 0.188208614440399 0.047181095859035
0.0768583724790014 0.310559233374942 0.318213140107422 0.0082028567228222 0.118003489383072 0.16816290793274
0.146987026903384 0.219256356042425 0.116221457369786 0.280462993656399 0.19825346055956 0.038818705468446
0.224132457040112 0.00828872111085995 0.252918285613855 0.24586702793908 0.101877104198966 0.166916404097126
0.0222748071439375 0.302156244572731 0.0761879084502888 0.161646817575767 0.2900213434117 0.147712878845576
0.321915152273095 0.0934670525315237 0.035330000519594 0.20448033643082 0.0212176538854388 0.323589804359528
0.208506442434783 0.215483102477578 0.150254944921142 0.0756219808143377 0.175499892603316 0.174633636748843
0.337966093042459 0.028927492680445 0.0808751200834889 0.0356901342104364 0.302963799772549 0.213577360210621
0.256385584077183 0.412310268449219 0.107580621177077 0.0424196065924034 0.133770758342266 0.047533161361853
0.293901213326226 0.0887716143639304 0.0942244037126087 0.234015056846044 0.276811001590436 0.0122767101607552
0.163473916768164 0.150915690922256 0.0873960411917544 0.215841356994283 0.303364922842844 0.0790080712806993
0.240156742313642 0.131359595121282 0.0668686197476054 0.176304792676853 0.112286267413321 0.273023982727297
0.128853746044867 0.088857061856476 0.311591055204669 0.0199486910481697 0.131903593345377 0.31884585250044
0.228168564989655 0.346238875094316 0.00233836224488409 0.0743743360886508 0.159604586305218 0.189275275277276
0.167028333651641 0.135121676439273 0.186133599307638 0.176878548385378 0.135676577493719 0.19916126472235
0.178457580752226 0.0478660267997512 0.274446558439578 0.0207921538493035 0.255633687405905 0.222803992753236
0.212947301229546 0.0616193752626953 0.247618287289448 0.223127702889009 0.158429880810099 0.0962574525192022
0.18173616828646 0.17220258569438 0.185936661608199 0.123184497972054 0.156119201226854 0.180820885212054
0.245375831864498 0.133613365554016 0.036710012433259 0.267232462758048 0.165553584795813 0.151514742594366
0.162429250913879 0.216316077044005 0.136296647378301 0.0444343297995698 0.218107460563026 0.222416234301218
0.097794252875591 0.0769243921865403 0.105755834842775 0.336484304449893 0.326034430612842 0.0570067850323591
0.261473177521699 0.0933107241491684 0.147535331051747 0.263268958761742 0.143177335671851 0.0912344728437934
0.160723178840031 0.172593210230795 0.16962739247982 0.159647230814954 0.170801237300916 0.166607750333484
0.0774409917002348 0.216771613071177 0.358408729738542 0.0388261772279649 0.225460165928587 0.0830923223334938
0.00731914121764187 0.198124224502787 0.364059552092864 0.308630785403332 0.0965504404276025 0.025315856355772
0.179739785321671 0.122730492958422 0.184557825760691 0.295060211907906 0.130227551473568 0.0876841325777425
0.23406718357313 0.298023488530816 0.185046096586428 0.000184452448457341 0.0462906636589951 0.236388115202174
0.355921878323331 0.299655272148545 0.058525438769417 0.0960077022200863 0.151878154290932 0.0380115542476881
0.160156808934815 0.159381170435855 0.117835254837134 0.0835502345580925 0.241259737615431 0.237816793618672
0.196815220202557 0.128865763670112 0.0108501308850915 0.249687551431596 0.148094948642039 0.265686385168605
0.218643169684324 0.190471528669158 0.0279448242771213 0.22017471024978 0.145588152476224 0.197177614643392
0.108060278219244 0.147859807211598 0.336001092519664 0.164471050694734 0.217231668658774 0.0263761026959856
0.201048134840382 0.347684377115538 0.232919307258048 0.165360812653699 0.0302131635331655 0.0227742045991682
0.0673071714811889 0.235455992166344 0.154037611459047 0.0417725059466933 0.348366751847788 0.153059967098939
0.0544993482747944 0.25648857472529 0.263403375842604 0.0463806043282668 0.303355539486902 0.0758725573421428
0.312524354176716 0.225577304679956 0.113373981430112 0.156254278015217 0.05086207156433 0.141408010133669
0.201375217581915 0.149379708878745 0.12884633222949 0.251285701259181 0.2110205565966 0.0580924834540684
0.0403106440648485 0.303889109939634 0.313731627707818 0.118039055473375 0.212652098591557 0.0113774642227671
0.218633623325824 0.135870991312045 0.0238324305759856 0.221988608487552 0.251412063243999 0.148262283054594
0.0492448612906924 0.260024764472381 0.0211714717534144 0.327101900610948 0.313989142605236 0.0284678592673278
0.152020457382801 0.251801818235555 0.0051714472736584 0.172158376598697 0.197072510637202 0.221775389872087
0.285585818841565 0.027980629077159 0.0237475948366568 0.301349429245047 0.293514515217246 0.0678220127823262
0.0733463169043778 0.176458134072948 0.0874688966970896 0.268674001354319 0.172716871203261 0.221335779768005
0.440705139069656 0.0112220632114119 0.106977948357265 0.0999184396496254 0.18321844347077 0.157957966241272
