0.0711395926940496 0.181945290409175 0.105183541430222 0.1258151954687 0.194609145461661 0.131136189810563 0.190171044725628
0.0937029982320517 0.24010821527806 0.148392819082989 0.0838696429630068 0.0365202412062064 0.245349846429033 0.152056236808653
0.191192605018304 0.215990027445239 0.0724550006104148 0.205527963147086 0.119466960143231 0.0376473690136095 0.157720074622116
0.195865293376325 0.181529338636049 0.177636557590501 0.00804325886549621 0.080224626221452 0.141649221096478 0.215051704213698
0.114860203381457 0.317435201371173 0.0231137759303441 0.0979498336835779 0.208592992172564 0.141964574214856 0.0960834192460284
0.206422829197764 0.22329582225063 0.140426829606492 0.204785838132306 0.0182667160255 0.0492158431147848 0.157586121672523
0.263602109074738 0.092603580823351 0.205480517004641 0.1782871920291 0.113751096267156 0.0839558708555858 0.0623196339454272
0.0869810755014391 0.204498581955456 0.070500665990425 0.220298488265928 0.223764360738204 0.186649972801596 0.00730685474695183
0.156217965422533 0.0535964524907455 0.175898996698715 0.162288986823188 0.17321419174609 0.0612863914456032 0.217497015373126
0.000724569511374372 0.138918780741781 0.0792427269812638 0.224662742016353 0.166106349159497 0.165119291646064 0.225225539943667
0.0864543754426917 0.0338213724742644 0.32315795008551 0.0429590488414017 0.102864054836153 0.198179835483553 0.212563362836426
0.143920856006095 0.19896141636859 0.134222266955196 0.172339198716877 0.171849858643022 0.169213117251885 0.0094932860583354
0.124697921473874 0.115034776218782 0.0607039072473116 0.194201785094185 0.212855808363327 0.0608396329525689 0.23166616864995
0.0495393516884664 0.143847512570674 0.114653871833395 0.188245008294656 0.185324135604778 0.0825972296977295 0.235792890310302
0.220084538533165 0.20446539802179 0.0923110824976736 0.180760720795589 0.168938213385764 0.0706900343154633 0.0627500124505561
0.00272643959428332 0.139033898237541 0.0627987232354641 0.323682820367853 0.246760396705268 0.0353066447782511 0.189691077081339
0.172483879894362 0.00828188389307869 0.18569011878031 0.20779486164249 0.204633380650744 0.167873045970861 0.0532428291681554
0.111090069556516 0.210131817608736 0.0928209027918649 0.0126464241247362 0.0696026248633626 0.346862146385354 0.15684601466943
0.0656489898088134 0.230990604542741 0.107848323364098 0.0900732960748492 0.0722564690176947 0.192959360178374 0.24022295701343
0.00151661020772685 0.195917587408611 0.0541179751491149 0.0174235209629704 0.276369398086284 0.134278888302526 0.320376019882766
0.155408389583546 0.272146140589828 0.0322135996374113 0.201029348693122 0.0840666491955903 0.157384228260284 0.0977516440402187
0.149606081751921 0.242470909154916 0.163227436920554 0.154357821260686 0.0925300308770347 0.180507350310001 0.0173003697248874
0.159557937528216 0.200460082683787 0.0474257074491766 0.167263619446937 0.195226494037538 0.023527877888925 0.20653828096542
0.0870701675784891 0.14783740427632 0.289774593178044 0.204320289916125 0.234897449944461 0.0215927449453578 0.0145073501612032
0.201015641467023 0.149460034915622 0.176117553793569 0.119951741943519 0.122070618942221 0.0214877254529474 0.209896683485098
0.124507555675616 0.0279262069253503 0.198425039571379 0.25814575275636 0.298778177604985 0.0537025725895594 0.0385146948767492
0.195111177146502 0.0928645450770648 0.213145256463688 0.145680355058069 0.0861467349086501 0.125668246641594 0.141383684704432
0.0385747431100659 0.148659635978903 0.190248022921294 0.199247307436164 0.151084090172135 0.191867100002137 0.080319100379301
0.112740578532084 0.220006828961423 0.109670473580016 0.147020132750158 0.113464232190781 0.218942774284792 0.0781549797007453
0.123926073874483 0.00280183610452583 0.221690084514941 0.224854545114617 0.177397943391358 0.0863060113994907 0.163023505600585
0.0296165203893923 0.0352762577258545 0.217314728307359 0.231033841060076 0.11175263061628 0.142608710902114 0.232397310998924
0.0787336587368354 0.119708008533053 0.0125753465710164 0.0494722737655394 0.235393762446018 0.235853893830037 0.268263056117501
0.140381537062703 0.324559175709315 0.243349033934762 0.0493385154905575 0.0967158307958073 0.0830395891148008 0.0626163178920552
0.210765813782296 0.137836048341625 0.164608314980152 0.0255848132930004 0.206870775882244 0.224608581474551 0.029725652246132
0.104633297726115 0.131559857641273 0.127530229161612 0.00280747065436109 0.207591222593212 0.0503890387719669 0.375488883451461
0.163153509082497 0.0185783851294463 0.210815764487434 0.102973911876112 0.16212935657424 0.184053458656146 0.158295614194125
0.22487351012077 0.296482502535354 0.0085966481808341 0.13162370437367 0.00956523068021457 0.213540302928476 0.115318101180683
0.101640063521557 0.163175545352174 0.0728526212378311 0.15178015140119 0.0749446743603907 0.22835802161377 0.207248922513087
0.230438435935486 0.100863596666672 0.231485723850313 0.242240996423691 0.0995284231582259 0.0871041370403321 0.00833868692528012
0.180536311856104 0.0161217243757982 0.147180720161315 0.27892515487274 0.219868629960419 0.00163191375916958 0.155735545014455
0.110387484535855 0.200564954687855 0.0333014939084083 0.145856932298157 0.175579335014757 0.111319480609775 0.222990318945194
0.145186391668992 0.119148630059932 0.224916215667574 0.0470165518171534 0.209150194678904 0.124006089477718 0.130575926629727
0.171964572479874 0.0264472958596593 0.0789867658293461 0.102303470817743 0.243171838795082 0.203990383032639 0.173135673185657
0.0452496806149848 0.166303095664286 0.18034261628652 0.202813887083656 0.125823273751768 0.181929777742619 0.0975376688561665
0.0706022369197471 0.187185877291357 0.164725267925445 0.142783093803494 0.214005036414414 0.213053345084679 0.00764514256086455
0.138362404161586 0.188527720947157 0.241715443839965 0.118651393590995 0.0133752250599996 0.0440075097196334 0.255360302680664
0.343980963374096 0.0847160417665252 0.183455021817771 0.21008405135159 0.0903750218374448 0.0150574531054017 0.0723314467471713
0.343234783951108 0.186885095114614 0.0314978849462261 0.0499443066552178 0.191542391687335 0.0737704398569293 0.12312509778857
0.148168264431941 0.226760262645773 0.226372673416433 0.0280844081298171 0.227411261479712 0.0362517714964611 0.106951358399863
0.153959867726722 0.115724390872957 0.0568786154558951 0.0227703634377932 0.31369098616824 0.119854186763379 0.217121589575014
0.230401839735289 0.0620329634955009 0.118759738167908 0.245487815619875 0.00438682722704443 0.318424848277018 0.0205059674773647
0.0687915085348426 0.131720827209147 0.232271089352924 0.07031070043401 0.152033842554619 0.0660846354078476 0.278787396506609
0.237464117691864 0.120486271766943 0.108362590555044 0.0620984310740613 0.238874354965369 0.119433760869111 0.113280473077608
0.0892285977063624 0.229048047513776 0.138215815312621 0.131185970832842 0.14538025873693 0.0803393753783942 0.186601934519074
0.152505504977851 0.169768267474198 0.197205189265246 0.152023558369773 0.0923892346054494 0.132997727369907 0.103110517937576
0.145611476092641 0.137512767024567 0.215225002182836 0.197438258957144 0.201373607723283 0.0459855226482829 0.0568533653712463
0.0461031256278429 0.171834069638975 0.0857211899673186 0.084597530978578 0.240825426371919 0.189665577752197 0.181253079663169
0.0843383562088943 0.226613811576596 0.115499350284152 0.0638774094585692 0.162575534992655 0.134759582317069 0.212335955162065
0.129557142288507 0.0483472936956151 0.196982002955328 0.0945795175096641 0.0916863760480821 0.279898003876395 0.158949663626409
0.0140600075631761 0.0345031396499511 0.114580353555642 0.357875403724968 0.262875133881138 0.174796379111127 0.041309582513999
0.245820938130192 0.0410971909504637 0.2289808741442 0.194392025208661 0.0365655610129751 0.203739955297258 0.0494034552562503
0.0245953935410838 0.203253351646092 0.15635752113568 0.226609598713033 0.145791179343753 0.116705206101528 0.126687749518831
0.0295431893153548 0.410302878839521 0.262764834020355 0.0169142488517863 0.0608768209423888 0.0824007620103491 0.137197266020245
0.112737090675192 0.178812400392393 0.177071352329014 0.157536739036753 0.0064124896267418 0.15537951595611 0.212050411983796
0.240340421999293 0.215537244258117 0.0580093639081979 0.102629815230015 0.0239126061387526 0.229564431947129 0.130006116518495
0.244443920412323 0.123346103815573 0.0390792530866233 0.306610192752792 0.0615293683301524 0.151945090441057 0.0730460711614798
0.0183564008995301 0.175133865448839 0.193350070590769 0.188294454434143 0.118809311927832 0.152641902616667 0.153413994082219
0.176967987133506 0.0991917615921469 0.137523603855693 0.1984385307696 0.0807691344398147 0.207668876622162 0.0994401055870766
0.133970978295207 0.207612306676293 0.0753569279639857 0.126684674483729 0.181815697232728 0.0873623435255439 0.187197071822512
0.0891438655732208 0.000791759184777349 0.107566220637965 0.130468281853505 0.347808603175344 0.0264651567145205 0.297756112860668
0.180203814274813 0.191551730460914 0.0512494995216207 0.0285307237535461 0.231219304585556 0.229587275322669 0.0876576520808814
0.107591108400915 0.0135350276476775 0.146860563530859 0.149685036498537 0.290645813366349 0.289710322844069 0.00197212771159315
0.139106007680823 0.161129298278454 0.123856370086391 0.138301591433958 0.164051799743043 0.114265596028287 0.159289336749045
0.224518917036637 0.0219964957953007 0.114579890766783 0.249006474771816 0.14745138737044 0.0903478915412632 0.15209894271776
0.154960088315462 0.184643021289871 0.0837871190352134 0.170869135308326 0.0595737425882875 0.0592756479528427 0.286891245509998
0.149912141862103 0.043216907557097 0.029558142478285 0.225611680076681 0.163191404079462 0.233086491224514 0.155423232721858
0.113142979125516 0.0567095861548492 0.268493427737584 0.266124652680166 0.0164837561987937 0.123329225333861 0.15571637276923
0.134424411334599 0.0187290251836301 0.23115853371675 0.210517707242799 0.141628634644161 0.0639223721905265 0.199619315687535
0.133986222460856 0.202371932579628 0.0454514379478946 0.233098709711946 0.0122029254561909 0.200051374857621 0.172837396985863
0.0636046991027797 0.135719136238005 0.0843489536602929 0.262896752387978 0.254583621945232 0.176404514918086 0.0224423217476268
0.243032344059222 0.0605763690805998 0.25586024949275 0.195475978615244 0.0832609778398468 0.101133474219673 0.0606606066926641
0.0972825692074148 0.157901977389112 0.121372929740952 0.224403638637334 0.0267928345358106 0.206386745630828 0.165859304858548
0.0903793120597165 0.0927607279773865 0.268479792481386 0.0406985703933891 0.211171065668446 0.204625730191477 0.0918848012281988
0.0318636057800161 0.161786156036572 0.145805294176041 0.0202028800080712 0.0138526778511676 0.287078073942869 0.339411312205264
0.222287331079267 0.147282606926681 0.0816253588854674 0.209127354975082 0.0371767525667685 0.224069977447511 0.0784306181192233
0.198305779849448 0.0450239310445937 0.112692800370728 0.229692717542076 0.151781683132268 0.243730505964766 0.0187725820961199
0.08773279857137 0.18455060131379 0.0235375555476621 0.138676869010205 0.225554887478011 0.246569288668062 0.0933779994109008
0.125804603989744 0.210963071677971 0.149792804883932 0.0168580034759323 0.163481838536405 0.122471438397031 0.210628239038984
0.214464246806242 0.0230885029508567 0.0836817588671461 0.170795412201011 0.129931861878184 0.064876004906606 0.313162212389954
0.114575540686977 0.248421368133493 0.256585479358045 0.161530326776994 0.0183352519344142 0.103200758141387 0.0973512749686901
0.199371753776918 0.00343278320144542 0.162543847561463 0.225610914202086 0.163804122288287 0.0904715540900733 0.154765024879727
0.0412698693002403 0.274511479369048 0.0526423810636971 0.231670148339054 0.0965622461863502 0.125319514501357 0.178024361240254
0.12476420137165 0.264669652192543 0.332747989695128 0.0743131648289783 0.11550011909799 0.00695033797695666 0.081054534836754
0.0293456970735784 0.0667184350982874 0.0513637605352375 0.032909371051142 0.284440100611729 0.202901577057266 0.332321058572759
0.08311357326616 0.221587950997263 0.0220393025391398 0.183987512685286 0.116991514694909 0.183639986383844 0.188640159433397
0.0878861767913846 0.163318610468256 0.235910584460554 0.212609207089157 0.0455704263442703 0.252005563759635 0.00269943108674283
0.19754684050706 0.158604274283829 0.1251658201364 0.185667991673636 0.214620279930116 0.027112233778106 0.0912825596908525
0.00691319649422286 0.239520859863577 0.217288857607367 0.0503338875489988 0.302911901594016 0.0311499640926375 0.15188133279918
0.102357574084758 0.093566185586742 0.287890925588014 0.0254178791313528 0.181272106360108 0.0462823011945067 0.263213028054519
0.0566815917261227 0.0294046655042176 0.0495553222283516 0.25014645319351 0.208547027137287 0.106622453854937 0.299042486355575
0.200538387343868 0.0442132154444846 0.241807197899603 0.251848043470313 0.118251584029438 0.0287478759228025 0.11459369588949
0.0121559597239056 0.00259926547466976 0.128735592735356 0.472648852139846 0.0149969706683476 0.12709049190854 0.241772867349335
0.189208775729745 0.179521693900078 0.0159439176481329 0.271254693609771 0.133690828260136 0.120442147110039 0.0899379437420989
0.136374401208515 0.215454747191616 0.0343479801117631 0.140046665407039 0.148097684340557 0.185436559114643 0.140241962625866
0.247967356272542 0.199497315150658 0.0753355711541696 0.276982333472382 0.0611845486273607 0.0778720888377802 0.0611607864851078
0.196459421289341 0.185586173378701 0.177397816038653 0.006066324109322 0.24499516048586 0.122024345151791 0.0674707595463311
0.196711804941983 0.193115642260275 0.0565486387895933 0.25353178710794 0.0845366260541502 0.0873329946003965 0.128222506245662
0.220737095156666 0.0691060696351452 0.149541285005921 0.214671088363848 0.183923715106873 0.0711864265040182 0.0908343202275277
0.270807121578793 0.166765312421595 0.0563957426133595 0.0642396973212184 0.200241748665584 0.0529066150556971 0.188643762343753
0.214984414242348 0.161244201005205 0.0679814431280636 0.0926360756269287 0.275712728060289 0.16278238561264 0.024658752324525
0.0160630178692681 0.173323854397657 0.100834647120834 0.28806495695101 0.124708400439378 0.251122095011616 0.045883028210236
0.19573064133449 0.0730302524824208 0.170798316433152 0.0163191740511501 0.13239872574351 0.183730894510576 0.227991995444701
0.167105393090784 0.00781370015097875 0.0437658675825281 0.0260316379513766 0.26355981980817 0.290062692708657 0.201660888707505
0.167344310157842 0.122853065915079 0.196041461785538 0.169301862985629 0.186207946627635 0.010454128549646 0.147797223978632
0.13337003696492 0.22696458729366 0.0188810677977826 0.119543759163249 0.120398241898178 0.218645151970561 0.16219715491165
0.263215339741847 0.020238232857463 0.232929707007752 0.167094968145665 0.0217691535106098 0.0176243803525751 0.277128218384088
0.149386238947081 0.0917930439599523 0.222462169426536 0.215856158784202 0.102389851708108 0.00216071998244551 0.215951817191675
0.11445795563812 0.0574924971477144 0.177212340673152 0.0661609675111031 0.152379763647785 0.189234712348994 0.243061763033132
0.077891270196249 0.194557442118094 0.0639185514868145 0.0912918181519024 0.132279443206348 0.239788030649706 0.200273444190886
0.221461889820316 0.20938485755583 0.0384527502367991 0.215172788065753 0.055702448867194 0.228473979256703 0.0313512861974046
0.130338203881487 0.0819439141665275 0.0177786673967573 0.220755157875452 0.0850449593606273 0.195407090113866 0.268732007205283
0.197427622864348 0.200229814776021 0.220956490638985 0.19295154957298 0.0824953519211289 0.0141404138066481 0.0917987564198883
0.250717866363368 0.154540260948495 0.23100236274049 0.0577789893180856 0.133188732704117 0.151564337732499 0.0212074501929438
0.239833735537843 0.228269473674773 0.0968858211613362 0.281309229736398 0.0941175477076576 0.019388820194306 0.0401953719876861
0.260650470833694 0.313589513791759 0.046067250731268 0.146815832576371 0.108849039626386 0.01386771951842 0.110160172922103
0.0666572417070727 0.0914403648027035 0.0305738018722294 0.128649867589573 0.145082147405707 0.285136082185725 0.25246049443699
0.115508674002941 0.145687599163385 0.224384742387826 0.122217982431309 0.200484191436642 0.165719222537021 0.0259975880408747
0.125838919103423 0.148575422133153 0.171290005657542 0.00118553036108164 0.175191693656653 0.14605759070991 0.231860838378238
0.0801900486620742 0.196926546016969 0.0276473036384504 0.249612779301809 0.177390013287314 0.162548475140727 0.105684833952656
0.0624993774251657 0.173972185044695 0.0150206229069783 0.233528425151118 0.223076267220011 0.155758918024851 0.13614420422718
0.225546045420754 0.219343854905994 0.161281590744913 0.221816646343335 0.0948984356454884 0.0572936271315705 0.0198197998079455
0.20400887657776 0.258826556102993 0.049222597714356 0.121169831768585 0.0628248005792759 0.232187847633029 0.0717594896240012
0.111622119809167 0.118455350324961 0.252795375762305 0.169141616759878 0.0793991774353838 0.219499787904539 0.0490865720037672
0.0572653124539565 0.143485927425589 0.149955738497974 0.187556111559221 0.2371875190753 0.208241719075681 0.0163076719122769
0.0515176674410346 0.166548927321063 0.283574578919005 0.176601936742284 0.0878109694317443 0.0917030241955763 0.142242895949293
0.165726665366415 0.297129597739512 0.0196643244782051 0.267483319652707 0.11177975447104 0.128986702380012 0.00922963591211047
0.256866249997281 0.0077056503022418 0.106188441984009 0.192315363162982 0.211251847002287 0.152204820180518 0.0734676273706819
0.175139634969512 0.180254661635876 0.13950860722672 0.156158677417968 0.168866936014139 0.17584588210514 0.00422560063064489
0.195516537220428 0.183562855730639 0.114726743205193 0.128228994409121 0.11266904681845 0.122812790034928 0.142483032581241
0.248672085910866 0.0543105612826299 0.188096203713179 0.277747676031372 0.0357154324151152 0.00311178886016714 0.192346251786671
0.0460944066021241 0.054434981838987 0.16476110253232 0.20565645095717 0.173049730739251 0.193010680659715 0.162992646670434
0.173509636086071 0.156739142143146 0.142583799115283 0.093409188635204 0.0499278604987678 0.224206474600556 0.159623898920973
0.0782408005610208 0.115488488028396 0.132160861260631 0.0882282016347544 0.215961307236151 0.183523215717257 0.186397125561789
0.121538645384254 0.0368690080671266 0.218077750362932 0.0525930204228468 0.230869494106145 0.0611043447308958 0.278947736925799
0.00961371305101316 0.250749182445452 0.294542199199745 0.104090328854269 0.177811431134923 0.068321591729052 0.094871553585545
0.00200320582791703 0.0982963198390522 0.0928384362411595 0.242884801250435 0.255224036982958 0.143006570320029 0.165746629538449
0.0109958668644219 0.246199343510742 0.360222989039061 0.0807548875863118 0.019812041136707 0.0968073911044908 0.185207480758265
0.0774502051364225 0.0958854191795036 0.115899676249484 0.125458647129166 0.260970044817324 0.0545016390713005 0.2698343684168
0.255134884614882 0.153633683153998 0.243037137019439 0.0163069281119088 0.133571246239816 0.01881912779942 0.179496993060536
0.0170278706720612 0.00474812585175885 0.145676736608251 0.154721314919382 0.223907681922456 0.220558060070738 0.233360209955353
0.16505383910517 0.0137080702403217 0.19473847022568 0.295706582407759 0.282074065400895 0.0149913127525837 0.03372765986759
0.297198771687082 0.0788093333159496 0.174609796218509 0.188594856467412 0.0258931082594036 0.228582563980954 0.00631157007068966
0.133886593256604 0.198966850676968 0.0901308132831448 0.1886822228466 0.0281667505455597 0.151762988456814 0.208403780934309
0.181377170378425 0.186960485639734 0.0877080765954571 0.167176367954913 0.00108479182835221 0.17452750944477 0.201165598158348
0.215433864632486 0.0913413954128278 0.108378700603209 0.0459309675933096 0.228284003910606 0.206233140890283 0.104397926957278
0.188170849175465 0.172537722913832 0.0795987158845382 0.0794200678696861 0.0678679378432526 0.202827569600075 0.209577136713151
0.132616963216106 0.133140262827051 0.170018764386742 0.135201365836345 0.107514502783865 0.146454257380936 0.175053883568956
0.224667492472866 0.0173873388577015 0.0410142004862229 0.274676471390303 0.166976246787052 0.16705685417607 0.108221395829785
0.162951855277114 0.259399093621628 0.0988484798300626 0.140175803872088 0.200247441278611 0.00518387887665658 0.13319344724384
0.312909523088577 0.0504173970919653 0.253764417625275 0.0709697791217734 0.087499794608809 0.0969352751418891 0.127503813321711
0.121218029125244 0.114673674746936 0.195905031411329 0.137443548129079 0.151260952417882 0.189664944842667 0.0898338193268636
0.171062380331933 0.189497062008259 0.112666832662781 0.122557850963002 0.13086621667527 0.17643597922682 0.0969136781319359
0.17428383026369 0.0771524253404448 0.252387960361656 0.0286706892772354 0.239943424260436 0.0518193921594783 0.175742278337059
0.183706797421029 0.257629134667961 0.251502279018698 0.102313940250345 0.0139372705513243 0.0511687052272744 0.139741872863368
0.217625063465623 0.226977616748002 0.0327183865488201 0.0692698594574871 0.135052595005799 0.230113247813501 0.0882432309607682
0.0122624224079974 0.213317734761454 0.115431923029929 0.164729302114982 0.141974207974965 0.212027101830837 0.140257307879836
0.0556176675427181 0.258934444369791 0.309179824250304 0.20037832401089 0.112783307978443 0.0394432373340429 0.0236631945138113
0.0152467375584862 0.108102178420849 0.294705975575231 0.104130892988595 0.348927184213343 0.0424455533393388 0.086441477904156
0.155494093477756 0.320755826345153 0.0826704268583303 0.218416700729229 0.0068419652413335 0.200159583906085 0.0156614034421132
0.177385554674129 0.145079745189425 0.154775168219046 0.181767722543296 0.138830345104183 0.157108251206156 0.0450532130637654
0.251915747584927 0.280626711835246 0.00677935892640767 0.0937883125829833 0.0810850215179322 0.109267047038279 0.176537800514225
0.0159126726528253 0.204293801642916 0.165585926801147 0.18840891188055 0.188488554847974 0.194698736197671 0.0426113959769161
0.233482337640112 0.0369089498504743 0.184948936402942 0.256839897048119 0.00954739389399729 0.177422670251228 0.100849814913127
0.0788070069455015 0.0138825874496455 0.235832099760856 0.213803770180548 0.143428888467169 0.0965384667086225 0.217707180487657
0.0691886800321403 0.160776305269514 0.217909394888277 0.0990734707060935 0.332064375820206 0.0987491166892625 0.0222386565945071
0.116903552436145 0.0281806529025855 0.262416847456458 0.253479171734491 0.0832120627003369 0.12481585742747 0.130991855342514
0.222896222559258 0.146649692475339 0.165537377532401 0.0664663076351437 0.0894573531266189 0.111612267005581 0.197380779665659
0.197808243076787 0.247675637571868 0.194215104441529 0.0963293890058255 0.0370351343627431 0.0952662129896511 0.131670278551596
0.224960684969315 0.0709048915739148 0.159251619924316 0.204323701908114 0.220638037666633 0.104738753814658 0.0151823101430494
0.152410700504091 0.112971744852546 0.0967423653449231 0.170013700753797 0.158435780794211 0.126161881862715 0.183263825887716
0.144016374826826 0.193648514984089 0.200003532907221 0.143799525553414 0.0573367372219016 0.187235838169027 0.0739594763375213
0.0820012124884868 0.129253516790853 0.119217723835694 0.189594484208045 0.111214717995774 0.112437610278792 0.256280734402355
0.0998211532062323 0.0030054897536239 0.224838982528146 0.275211343720993 0.136406297998559 0.161474622291784 0.0992421105006626
0.126541453239345 0.211297412686291 0.123252443501428 0.118512360366467 0.15643260975447 0.0978250319352549 0.166138688516744
0.211341681772693 0.156674959909771 0.147119370132285 0.129342602282395 0.0914882282701059 0.250315361831951 0.0137177958007993
0.0851417923013826 0.129968720540575 0.208764090962602 0.0402773904516752 0.190718045623153 0.071652694001659 0.273477266118954
0.148152082295351 0.100880118537423 0.0799011260341909 0.198652242250351 0.220323160935118 0.0991225711072358 0.15296869884033
0.27291078862598 0.0948831714918415 0.141976043792284 0.281825495717239 0.117598472887511 0.026200125224497 0.0646059022606478
0.0196789135889033 0.128479744791207 0.145922177563748 0.0543594967393135 0.280033920787468 0.105046932955556 0.266478813573805
0.177311433103848 0.117833571097874 0.0910940319143257 0.172380360954104 0.099523651674169 0.199850311334944 0.142006639920735
0.0857382541137401 0.146714139584427 0.0799629544613261 0.0329771475262643 0.108220431405513 0.223862484813737 0.322524588094992
0.154536244322179 0.176615690418646 0.203114340041874 0.165511226386947 0.110905692304816 0.0434336032927838 0.145883203232755
0.0557774495497652 0.12885482026715 0.200160100501894 0.222517677170967 0.181396538623654 0.136502685064359 0.0747907288222115
0.200974774194996 0.0700646064756561 0.0850025465733401 0.227259969599871 0.193751219772193 0.130513490747166 0.092433392636778
0.50049330679687 0.149867430671266 0.0839250258100037 0.0156015816292418 0.144323470716844 0.0106532282289854 0.0951359561467896
0.163852510253639 0.29636240211523 0.0347058595162968 0.175663637512455 0.281606509768044 0.00879591963361658 0.0390131612007192
0.0513857639377738 0.198730582808613 0.218587738361184 0.12430959069733 0.0201280266736115 0.286930988544932 0.0999273089765552
0.256741482939146 0.192564705683908 0.0819841462414436 0.089483344500171 0.120465689273413 0.123737538495029 0.13502309286689
0.205464472920079 0.21046799171426 0.144662607564481 0.241095590802929 0.0327784096417462 0.00413064163365605 0.161400285722848
0.0352524088903373 0.221303873072125 0.211338079695324 0.0469600377263824 0.160274434774635 0.151349924036131 0.173521241805065
0.0735252761059117 0.377555478340643 0.211462751313046 0.0640665263356265 0.0278883635643063 0.0601121628720568 0.18538944146841
0.19860137910342 0.224580868494404 0.0495772535492408 0.267065221626454 0.0533729206007624 0.201836178801211 0.00496617782450681
0.00058873280375027 0.0719750791986892 0.186824902988272 0.172945410456374 0.268849941653579 0.119308270976926 0.17950766192241
0.143943382114728 0.112345172977177 0.157165061999014 0.137220126621305 0.0631705515767698 0.190314704716457 0.195840999994549
0.219044383706102 0.324286287194137 0.178403079595132 0.0153865476467284 0.148138632423086 0.00405695538179242 0.110684114053022
0.00339944855870609 0.00429624312396972 0.265805276969355 0.181541206495512 0.158525372126733 0.188663473154012 0.197768979571712
0.0535652740093233 0.0197300869879053 0.409955571620129 0.0746218205140077 0.269169445075774 0.0296893272759825 0.143268474516878
0.0978497145981316 0.220058984607395 0.0110758189670042 0.228940731178576 0.134502802613187 0.270383870283576 0.0371880777521316
0.299061193400801 0.0088159889508467 0.227901041206722 0.248611846982168 0.0323023528065201 0.148646810979989 0.0346607656729526
0.251259752650042 0.0962795207322429 0.0211363432735266 0.17751138650681 0.0548055677533131 0.200356367120345 0.198651061963721
0.117107378898004 0.073220587439558 0.138435409308475 0.184252683214391 0.183939914930713 0.159484098949003 0.143559927259857
0.197820892196089 0.0961202452969223 0.117617503988326 0.261081513011048 0.0507817553422489 0.0445357946524939 0.232042295512871
0.065699394449016 0.218338340819098 0.199430216454134 0.13098786844646 0.0900315868598553 0.133931816198457 0.16158077677298
0.0921275171774583 0.240060717460672 0.16620401524511 0.149786024480528 0.00807766394651313 0.108798177382772 0.234945884306947
0.103222367541802 0.152557997772347 0.231464093721674 0.081738167667835 0.099553779385324 0.198326750709175 0.133136843201842
0.073143493029389 0.27135722757442 0.0355765170525481 0.197579248415157 0.242752063871951 0.0784121856996384 0.101179264356897
0.136361042865092 0.171931589482909 0.0973378184480045 0.237287780317336 0.0368026111419216 0.251295397059453 0.0689837606852843
0.0688847902915014 0.156578829200693 0.150972509633 0.210775575305534 0.0737853831314995 0.208466043310069 0.130536869127704
0.182753981777675 0.0274041146674241 0.198359091426392 0.0212679509197349 0.161708041741223 0.21096020684609 0.197546612621461
0.226397646587835 0.0609598604067727 0.156409072855594 0.211092386749706 0.0390488583971463 0.182595263402649 0.123496911600298
0.00807399247192908 0.1848665812878 0.196266464236282 0.187132356360543 0.0239958677357912 0.259579361600441 0.140085376307214
0.184209424313219 0.17011680963865 0.29539569244085 0.030986156231392 0.0240321557078481 0.137802413344348 0.157457348323694
0.178706940755409 0.184523750422638 0.121801857613864 0.23461309813258 0.0641390975252913 0.187136887499299 0.0290783680509179
0.0233072277826543 0.190787063536025 0.193818173590398 0.180947955501169 0.0793412030101448 0.155201885105033 0.176596491474576
0.0495027608835209 0.289104310208024 0.00739163910323765 0.258794479338331 0.235215099884827 0.12164893155166 0.0383427790303983
0.0221095548147044 0.106755859456379 0.182389334815171 0.205468018482857 0.244834841255689 0.137952248679047 0.100490142496152
0.0245163872658053 0.116686075881152 0.140806687809678 0.185698564074312 0.000277113577358544 0.245048493114657 0.286966678277037
0.0914365819211486 0.0923409229135225 0.145353436736979 0.138249018687518 0.20156900089546 0.165348913747677 0.165702125097695
0.146504367180433 0.154956502517906 0.170675573762113 0.0684027425687895 0.124255549277066 0.303127178141385 0.0320780865523079
0.06103322704955 0.00408606289715574 0.290992901975793 0.249362931485786 0.0664192555403369 0.148424724885321 0.179680896166057
0.304759076657587 0.0782434127698356 0.196211751923401 0.242161372566307 0.00637841836206666 0.0131575327751341 0.159088434945668
0.137155999233282 0.187048608921453 0.0699108848447647 0.23837692953931 0.0939739268006788 0.053524339296475 0.220009311364036
0.225598282409668 0.102087606680189 0.0911644630519435 0.166571889163846 0.128221408299848 0.0987337107882058 0.187622639606299
0.162451325430402 0.10196309438443 0.107603663657443 0.213858118803212 0.0927598635807456 0.268571929172086 0.0527920049716811
0.186350354841306 0.152020888386889 0.152723249480353 0.216735928267427 0.143651783124039 0.0519098244320313 0.0966079714679554
0.0328680863830068 0.276542023779711 0.247496341338087 0.122062327031524 0.0149836971081461 0.154136622147771 0.151910902211754
0.177628247297644 0.0783365344670468 0.140585622833426 0.235285841119936 0.126079850334944 0.0196511218983683 0.222432782048635
0.0464657639698448 0.100199478158229 0.269093987738888 0.0644277166093225 0.000829941736815522 0.309707442134444 0.209275669652455
0.166666197345727 0.0685269038765828 0.0134261683756683 0.107063971379231 0.240177653939006 0.227593124656678 0.176545980427107
0.131053855898183 0.21452545662003 0.163656167090607 0.026399092061321 0.153584688802896 0.100858682502925 0.209922057024038
0.245386849396036 0.221902971886826 0.0458945640318734 0.0202250424900734 0.205272559627572 0.208416044713083 0.0529019678545366
0.122397859806278 0.178146040515547 0.121326476545099 0.0882777485474663 0.0842109901882659 0.192799769962005 0.212841114435339
0.0740515464408199 0.173722217048913 0.0577188696230073 0.220285201560367 0.169097323411505 0.159109774674507 0.14601506724088
0.268764507691933 0.173202553832644 0.0451972660567939 0.136227801591377 0.0978744788887256 0.113665670997977 0.16506772094055
0.135356386768899 0.16919753011551 0.30513914819281 0.137975864267071 0.0997359241042948 0.120506876385475 0.0320882701659395
0.173306398428007 0.0750406955520149 0.0322916216443312 0.0929865200631435 0.177543501117657 0.297746162761058 0.151085100433789
0.163998322491594 0.143372895754361 0.265655709973323 0.255895334970858 0.0182652282526173 0.123222542869631 0.0295899656876156
0.104153411179174 0.252121136172593 0.0475956385272211 0.0182360443958058 0.019407975483569 0.535238219271035 0.0232475749706019
0.0243840200040475 0.0908642575160208 0.150616244219734 0.214582702116253 0.127107585501186 0.185106390264863 0.207338800377896
0.0616200019732979 0.172892229058251 0.207464849227031 0.165636782691807 0.0601973242641402 0.121778866844494 0.210409945940979
0.160960539574952 0.152285059216744 0.171140048148757 0.151071055539939 0.0837265100392456 0.0942386684036694 0.186578119076693
0.0431029976137272 0.219866038934958 0.186388557633792 0.221012598788977 0.21838473919706 0.043030635790815 0.0682144320406706
0.111249979505791 0.152721954282826 0.147065791856228 0.0670701369836256 0.263972112632627 0.186259028687435 0.0716609960514663
0.208238712421945 0.0595600677492587 0.0767848977848814 0.219155569464307 0.217881638199355 0.165619163495469 0.0527599508847831
0.0926015619935337 0.144700836986809 0.263097026969642 0.268422523896816 0.0803635172139727 0.134698745768781 0.0161157871704456
0.243825998811353 0.0789151168825377 0.200550997445594 0.0661887961704041 0.144216279037718 0.129517070997989 0.136785740654403
0.121929959310401 0.0884695986934662 0.212520485185831 0.0678939192345149 0.204824804943879 0.193032679338656 0.111328553293253
0.248540936179056 0.198157315729076 0.0108968761339324 0.139081784446634 0.0720401869975338 0.264418365701988 0.0668645348117803
0.15612551918863 0.137230869020711 0.136904526735306 0.0668738712242456 0.216736066061428 0.187704136754619 0.0984250110150604
0.000691219298896071 0.198228911916883 0.0303163083629639 0.0155535951132194 0.396983680506202 0.269424135171335 0.0888021496305002
0.212164653050627 0.100826113853598 0.254154814730223 0.240992332226119 0.0606326707469871 0.126609790182268 0.00461962521017668
0.000103438770888177 0.2090382311739 0.235987123581016 0.231272143639344 0.185930640546629 0.079566475527511 0.0581019467607121
0.163056942525406 0.0893305720271351 0.18414709234094 0.23508362852879 0.111450759745184 0.176920766731448 0.0400102381010968
0.122695710845453 0.187666846947888 0.0760284054191068 0.0421734655816879 0.207215064629155 0.207636916358847 0.156583590217863
0.290991757119543 0.00160533417205849 0.0039117029225217 0.203297659060962 0.0211705216224201 0.204409879371914 0.27461314573058
0.00979660636662511 0.125494310936178 0.0308310659790782 0.24361297611743 0.266312364529915 0.137568072955844 0.186384603114929
0.142135795760109 0.155514230156198 0.135406500786195 0.0434184735398914 0.0880721209708654 0.22308733787704 0.212365540909701
0.197797783435475 0.196301529997388 0.146275155627541 0.183395000954824 0.0226600945100454 0.0936641121117429 0.159906323362983
0.16321416044105 0.0936150934404527 0.3096512551346 0.09886987561646 0.100976762843215 0.212408974268793 0.0212638782554289
0.0359426207138701 0.204467796912602 0.0622953143426619 0.263456133835708 0.226377282006276 0.119025505036131 0.0884353471527512
0.154277459735145 0.140408213082179 0.147858661127324 0.15267856798524 0.160480563909842 0.110036911218596 0.134259622941674
0.264680339914557 0.0984942535957013 0.212281601971831 0.0336160547849917 0.144996013444193 0.181942940252959 0.0639887960357674
0.157933556479739 0.230352921631548 0.0835049796055907 0.161653604651047 0.169863986092259 0.0216028547080158 0.175088096831801
0.278818478207775 0.136896828857649 0.21919649933381 0.0793515172965785 0.0976462358622381 0.0963712892088767 0.0917191512330726
0.154404409732969 0.0955951420459034 0.0994796721922429 0.119671441307833 0.236605725765873 0.135997462543951 0.158246146411228
0.2295996000676 0.080138351449498 0.1077868626413 0.185455424303633 0.227847643115032 0.137717573763191 0.0314545446597447
0.204617365998519 0.170315615683284 0.135763191425908 0.0811818984065886 0.221911500119262 0.0425484228768444 0.143662005489593
0.208801880540608 0.19083283691203 0.00482463481461985 0.121106927488635 0.223671904509626 0.0995263435312554 0.151235472203226
0.0467164772437574 0.192452938898994 0.162532658752863 0.16940896651925 0.0531388659290748 0.183845303754271 0.191904788901789
0.126528392923182 0.177752562465406 0.0225276365215624 0.0580722339511875 0.212785264768881 0.353212224930231 0.0491216844395509
0.252685795044201 0.0981388313336555 0.0608112958725338 0.302241478418173 0.14545115793759 0.0254130645359182 0.115258376857929
0.016344061002234 0.0916188109158325 0.230971716680342 0.0593562225025818 0.21781739178607 0.0633739271781148 0.320517869934825
0.164792585382696 0.11787648886034 0.18919470594039 0.186278515411341 0.0422687851953255 0.120719311201903 0.178869608008005
0.00399090804860816 0.167993823610927 0.199798302242026 0.137109183809399 0.0501160925164805 0.194087185736619 0.24690450403594
0.0265468723391251 0.233011438043835 0.0256973821630073 0.213898709233085 0.0505666739195481 0.248895904068187 0.201383020233213
0.173381842287348 0.193801539401284 0.15859328329437 0.108117832980428 0.152104899262251 0.160422040557482 0.0535785622168369
0.0558526396143 0.295212785155855 0.225072996838952 0.0432435995282271 0.225380937416263 0.112096447743965 0.0431405937024388
0.0558179883135665 0.137937704084931 0.184084631760788 0.271890195081841 0.12492223139289 0.127103441479612 0.0982438078863715
0.0610936566168153 0.256193028941597 0.232172074645309 0.13291823830995 0.0342169889748042 0.0679559875337835 0.215450024977741
0.0778655156185873 0.121479188419945 0.0685505729483274 0.137099739345449 0.319619422205325 0.175817965950661 0.0995675955117042
0.199422526607018 0.0562355729899283 0.141916750962881 0.014812692980004 0.254246515465047 0.0461793056355945 0.287186635359527
0.171102551286469 0.0698233476958979 0.185066728594551 0.158535717538855 0.116214797510542 0.171167906478079 0.128088950895605
0.222321595524442 0.0886075536359838 0.133938546052621 0.200704541102731 0.0595564039292501 0.170886293343986 0.123985066410986
0.156461509170197 0.0748704010918645 0.336655198576757 0.121798212669201 0.18271068830196 0.0165802093135403 0.11092378087648
0.181856066756457 0.17164414722852 0.0891260781189575 0.00945791982785778 0.264715568452398 0.235439919286553 0.0477603003292569
0.136872748205557 0.0829289360050176 0.171166876499477 0.118185563429354 0.209180248897444 0.143456339561888 0.138209287401262
0.285813177480165 0.186346246561393 0.079028216064528 0.0049133257999648 0.0919557357125315 0.215337834523425 0.136605463857992
0.0319836805329275 0.0021548306280079 0.0588998016245526 0.235196429287131 0.0601598432789836 0.251652150505812 0.359953264142585
0.152783438518458 0.0441984786098791 0.138942878294829 0.156448118046582 0.189850594487419 0.116557273330713 0.201219218712119
0.315808817419563 0.0598758454487995 0.060525315382543 0.343424887845143 0.16137946911242 0.0494956384772842 0.0094900263142473
0.0249527472017093 0.0519679395161424 0.101266283810621 0.0961283532638701 0.0555964412733777 0.358642421239192 0.311445813695087
0.220906523857852 0.0345852965597628 0.0449353344656878 0.149883982088755 0.113611665025807 0.239424354970504 0.196652843031632
0.283030736230116 0.0781581907556954 0.159214767251264 0.127644315954432 0.0189784556485563 0.0524400415887042 0.280533492571233
0.0316161482460055 0.166317550388669 0.086946112176818 0.15771883208359 0.20128660409572 0.105032261264266 0.251082491744931
0.222027731302587 0.0603352427280322 0.0569576277886438 0.263763762881242 0.00303536842596337 0.205500273329613 0.188379993543919
0.121517437069938 0.0487026451680469 0.0278656719128196 0.117446861475686 0.288179118269864 0.280518754031465 0.115769512072181
0.296011912219165 0.184982883982303 0.112022805577882 0.0927103872654436 0.144016003977203 0.129484513178256 0.0407714937997477
0.00629864892494679 0.239994694993909 0.0817009491790693 0.132099760276877 0.249825681311001 0.206271105294459 0.0838091600197389
0.177899771353292 0.283463908208351 0.167054499397819 0.0723776525467634 0.0508708596718677 0.153176006005377 0.0951573028165297
0.0576620240938172 0.145880476407226 0.183472412729789 0.171759700931922 0.124597215551377 0.189067821998679 0.127560348287189
0.18026210193822 0.227939849086307 0.158028778579878 0.0732122374275327 0.102734730456033 0.168650837678652 0.0891714648333768
0.272920295322663 0.10797265379475 0.0697090074258319 0.0486762310788674 0.218483609094553 0.264651704929271 0.017586498354064
0.200198197975407 0.0842288947610015 0.118488625008082 0.180956429701208 0.187186906003402 0.0521941475825176 0.176746798968382
