0.0391841866333505 0.155450348453081 0.123778440019531 0.137986586453628 0.138382555996361 0.114548729058238 0.176582507836254 0.114086645549556
0.231238156971596 0.0186470841846942 0.106784813302225 0.298218357398874 0.0232566250744959 0.0698962669230725 0.142130877515231 0.109827818629811
0.156894670215167 0.0561746265385275 0.0745720568741292 0.0599052374511741 0.19186224941713 0.187684294113424 0.108221341528642 0.164685523861806
0.135623196745232 0.057339780715613 0.21449248751653 0.16170379343565 0.17651329837584 0.107239537803007 0.139115282486735 0.00797262292139274
0.163828406227039 0.00288445588088719 0.159277721643144 0.207710094087371 0.179755341866256 0.113859001760645 0.0678357830471766 0.104849195487481
0.0766835802508716 0.057393292198261 0.209810874984944 0.0790608898226721 0.0807937850869661 0.15660411380112 0.171893715572651 0.167759748282514
0.159413543658254 0.136657917266698 0.0195206679283534 0.230357145776807 0.195829855094885 0.0344508739612715 0.00657032610458174 0.217199670209149
0.218637862872636 0.216468299277945 0.0739451995153165 0.152629311478726 0.174462603732693 0.00571366418664276 0.13106711805778 0.0270759408782608
0.170081018001378 0.0917086616641249 0.000728639893011681 0.0278821116737106 0.211549589336504 0.127963160764744 0.264486893503947 0.105599925162579
0.0262714537653844 0.0277510923750928 0.0701992689615367 0.178196022009893 0.125996237583625 0.252283356435556 0.0242399283010877 0.295062640567825
0.1152374380369 0.167619657317342 0.222131072990901 0.122378607550216 0.206437144812082 0.010289229974329 0.0652335652029843 0.0906732841152464
0.0328825000039311 0.159894340051854 0.207684296848928 0.139207008317335 0.215557488243069 0.0204050227371814 0.106405666088663 0.117963677709038
0.134771642556322 0.137997762739825 0.279128818718361 0.0556017971062405 0.0917413331250742 0.249232328163639 0.0116159685361866 0.0399103490543514
0.026226096617546 0.0624461866732283 0.00149301715743039 0.272265632455076 0.204109995009965 0.0604129654467133 0.107274561274266 0.265771545365776
0.243610339295094 0.0240409167496534 0.0754355832307353 0.0956520882891162 0.280677191766977 0.0768470676941551 0.0400878291447276 0.163648983829542
0.107138176193157 0.166140754959079 0.181738688421665 0.188196955310814 0.0893728924037128 0.177457764183208 0.0368549350946984 0.0530998334336647
0.152665305665914 0.0804654037114633 0.156506701852103 0.138634687842686 0.12654135195534 0.155417070469099 0.0224104625804694 0.167359015922924
0.0510885606027295 0.0986211806235484 0.135559419709133 0.197772575255317 0.0189549709098778 0.177212817653596 0.0711376267286306 0.249652848517168
0.222117776447339 0.0171348632882033 0.0804717225388626 0.208064697971844 0.152527296182705 0.171322335148865 0.0143081140379162 0.134053194384265
0.109625828957036 0.138335576299634 0.100016169019589 0.20689816966559 0.243914873634153 0.0898655228534237 0.0992766109474158 0.0120672486231578
0.0621137818202818 0.101713662275197 0.100456814427845 0.137832412987672 0.112859455257237 0.153201762593263 0.114553972666258 0.217268137972246
0.120049667950759 0.178748640459107 0.180770720425576 0.0939214831396924 0.0724465463952961 0.175645307459003 0.163831942194074 0.0145856919764928
0.0734222805168568 0.167191669957046 0.198969822306852 0.115893120562423 0.101928376529085 0.0522949368668779 0.119591581383993 0.170708211876866
0.00259143123505827 0.138008092349956 0.260949624184785 0.2707589867887 0.0326637411986551 0.163731199831371 0.0876686221036095 0.0436283023078655
0.107647996401912 0.0188101587461868 0.060112109397389 0.0824664435141823 0.380310144730799 0.139429274919372 0.134819974838292 0.0764038974518658
0.17169356836035 0.137336120161155 0.072788103651244 0.0190390714267711 0.171247317692514 0.198336876317559 0.155455074228232 0.0741038681621747
0.229695916299333 0.0276075120655699 0.0559717261756552 0.201553032308927 0.0570136558810179 0.211469577234413 0.208145799401228 0.0085427806338563
0.208392316211234 0.0610006326809901 0.0303939235881814 0.0600865363492981 0.0869529357761293 0.253322847973668 0.0915119113176977 0.208338896102802
0.207387296855537 0.0394622620794663 0.0444990923468553 0.190620591869023 0.208219862586329 0.00741088313201482 0.137167725051484 0.16523228607929
0.153513486835894 0.174119004733603 0.147840942454224 0.0589204764045172 0.0774552984043485 0.0815998208591347 0.160026465919511 0.146524504388768
0.0210283650599353 0.253653901138126 0.263852442912964 0.0832425777950961 0.0913786386893174 0.148152698354449 0.0417543561035733 0.0969370199465394
0.0618405438839143 0.222940220760822 0.0214673630240638 0.0588518639610591 0.310948457638974 0.0950124756190771 0.223775446957126 0.0051636281549633
0.200266439875637 0.0123679370291899 0.102027085510065 0.207662574297659 0.177177138448583 0.106679139766404 0.075451333613267 0.118368351459195
0.197583859912403 0.14710531571097 0.204263029512902 0.164881088333758 0.158846672386274 0.0800802844966964 0.046052912762667 0.00118683688432936
0.139642522148851 0.0429348001395496 0.0127204023687211 0.113917751670134 0.210685361504444 0.146804201918998 0.138321526859891 0.194973433389412
0.114915688861127 0.217997338787229 0.0762426441491297 0.0659823586036919 0.200429570563402 0.113398547952813 0.0857154914277936 0.125318359654814
0.112965106906049 0.147344888580859 0.0360885049004232 0.172073277597422 0.0421228845501276 0.127666230467105 0.167563601393725 0.194175505604289
0.208929735835031 0.167884228003556 0.0837329378055883 0.0797204851129018 0.279972209559699 0.132246418993792 0.0262890633417102 0.0212249213477213
0.207300830126204 0.0407649717124075 0.227899538843478 0.167908806687421 0.180689752464618 0.0703806271341066 0.0426877202225404 0.0623677528092246
0.0491746855865478 0.152232625165358 0.113994279906414 0.0950995143663741 0.196625932012004 0.0280288778753171 0.12582137222636 0.239022712861626
0.195149393525148 0.130010185870915 0.0311394103456943 0.152578851800231 0.180968154379998 0.0946379937221891 0.0052871386458764 0.210228871709948
0.182626310825908 0.0214850385588112 0.134440487063656 0.0341645861436671 0.281496325091401 0.107435281340753 0.0940031462502693 0.144348824725535
0.0977505535322488 0.0553607476067007 0.0715681659609284 0.264930435732311 0.239449096546626 0.155736625789743 0.0488417513794196 0.0663626234520229
0.261710476585932 0.0106745342798677 0.0222115442435323 0.11468392176585 0.0854477450085694 0.25049346895476 0.247467146548234 0.00731116261325467
0.132939829379325 0.121893290410469 0.178440727127462 0.179424585024605 0.0377861687330669 0.103536273989543 0.136440426382498 0.109538698953032
0.102395186861388 0.0685083029724814 0.152120123542281 0.231682946109774 0.0987215296742169 0.115463634851616 0.0431319716393244 0.187976304348918
0.106747323019219 0.110552037658851 0.199647215598813 0.159894368257295 0.179844167095052 0.155122291637638 0.0122985917190106 0.0758940050141199
0.139281122628297 0.164523725408062 0.0236532391342222 0.0672052714602804 0.0645512964346155 0.218263340775992 0.189438563486619 0.133083440671912
0.00649183307214203 0.00193868774756061 0.301282592165223 0.0721427852848031 0.390462603806605 0.169779115502525 0.00163006588566656 0.0562723165354747
0.0630505124009317 0.0946923462762958 0.150100246450179 0.0950572229221067 0.216081523236344 0.053903458661226 0.189326695115492 0.137787994937425
0.0590985416214215 0.176283198304947 0.0813432903955768 0.258167194245613 0.0997845623131781 0.0319498870369888 0.00722365750242535 0.28614966857985
0.031063277719534 0.10974013809173 0.211071739338366 0.124825553210492 0.239148220787145 0.10209125153363 0.180538142751519 0.00152167656758499
0.186870390033159 0.24508280031353 0.0297861623170607 0.0686781909495298 0.104409793391149 0.129475074695142 0.110290140229413 0.125407448071016
0.0757616266759693 0.188345478593936 0.0791724975378418 0.0743532306009342 0.139854135550773 0.105987738347368 0.142240031506601 0.194285261186577
0.127638589738862 0.0874372089675421 0.00540606724402033 0.167389541209352 0.202327167351081 0.198878754465759 0.0325712439092708 0.178351427114113
0.0992969740211859 0.189286736644553 0.0098644763542971 0.100297812571833 0.143373674118295 0.176970195135834 0.180020301956529 0.100889829197474
0.135399844445424 0.154061346823342 0.222035006911588 0.0572463220394405 0.164812949821446 0.0295188066324797 0.169103405485825 0.0678223178404533
0.174390757016184 0.226632870641933 0.0988972131612307 0.030317478228633 0.0686560687215991 0.118736342676827 0.16712147561456 0.115247793939034
0.11519917464517 0.0494045849829539 0.209143669934479 0.00403616946424006 0.110952438647833 0.185777534077128 0.12840629347151 0.197080134776685
0.0661192546394545 0.112430963223485 0.0161917554045165 0.145678589785301 0.146590938306655 0.132179335316808 0.180056400517727 0.200752762806053
0.03521210091614 0.0213122439699782 0.217965828524933 0.212197278222453 0.053984839524753 0.164182010090846 0.142772605256794 0.152373093494102
0.00548610131708486 0.175341030232987 0.141675521725241 0.0941115879441445 0.236747324266808 0.0731783249026329 0.0568331553928376 0.216626954218263
0.183575295694267 0.0222295475907384 0.117923019956635 0.0503941351059143 0.17772741358599 0.146235512853357 0.118878125470744 0.183036949742353
0.0698375047675128 0.0621207509087693 0.203590318377415 0.115367575503322 0.223896474848522 0.0968050699886178 0.16403118579316 0.0643511198126817
0.105220512210301 0.0365077637098364 0.20052830563645 0.155895005971246 0.0300825800210012 0.0845117030578219 0.173846156030355 0.213407973362989
0.1702093052148 0.024131214019985 0.057523703775235 0.235971981053963 0.182259193124489 0.0957308945012805 0.105888511571208 0.12828519673904
0.064390895576814 0.0577644286231312 0.12473318523377 0.134843567447801 0.142646589080633 0.0969342243694311 0.137030719035209 0.24165639063321
0.0132017781712567 0.113823713581945 0.156495104940822 0.180247803892545 0.133474605305758 0.115999491116128 0.180561333991236 0.106196169000308
0.150509129867227 0.0926559424063103 0.0844093181674459 0.13212321431269 0.136828064172333 0.147126672772322 0.104105375886894 0.152242282414778
0.30130352240264 0.115902184833449 0.00775247656522056 0.0599326057892141 0.0851511698640706 0.183636838520361 0.0511751168973206 0.195146085127723
0.0275069272963026 0.1529909708748 0.183709229173192 0.207512166819391 0.0751505955314281 0.0693323204118912 0.247396444793843 0.0364013450991517
0.270240090668481 0.0241850906491276 0.220822066990302 0.126149280093112 0.0410362613309857 0.186891258337953 0.0659105438325007 0.0647654080975386
0.250741154263941 0.0750444755553472 0.194566610374309 0.0203811204661679 0.00819951882965273 0.0999188473430027 0.230277225289815 0.120871047877765
0.190824706130098 0.104863599478124 0.0815758011065893 0.0266488013503777 0.243115691797264 0.148054085799165 0.0947949877870368 0.110122326551345
0.178033921600527 0.220553736402669 0.21335739262897 0.0845949422008258 0.0217912708996175 0.0243297774879824 0.0358832644933763 0.221455694286031
0.160247283377936 0.0879303316415394 0.291205912971773 0.219316499231086 0.105973231540893 0.0202428431203957 0.0174747102341384 0.0976091878822385
0.163758730645208 0.112483488371358 0.0999116732456692 0.123361429635043 0.0835156092175137 0.108842356230872 0.140990209962017 0.167136502692319
0.132161899819214 0.128731353986616 0.127139444397072 0.109935629328551 0.0671897810256959 0.148455056480683 0.189633165476025 0.0967536694861443
0.0776923821370428 0.12943506559968 0.0633545908299774 0.109384786131018 0.187500700823677 0.021479878554068 0.212711666554873 0.198440929369664
0.113811816495017 0.0310743911088002 0.0458304075054087 0.189901151425035 0.21503128990999 0.03862006633044 0.24134359996268 0.124387277262629
0.00960973254484407 0.205270452563803 0.151370513138559 0.174065945500407 0.100545089633844 0.172526191258721 0.032621377718463 0.153990697641359
0.113320448729385 0.150028309852796 0.159699876656954 0.198887880444801 0.120802624856817 0.0352249783565077 0.14023965212109 0.0817962289816487
0.217517461399144 0.0102698773304204 0.0662593691404218 0.0402935274799038 0.135634292603555 0.200063117893093 0.181977905717511 0.147984448435951
0.124086375205626 0.172616267819788 0.173088622712132 0.113587223535357 0.159736431081079 0.0311123380298529 0.183088323944089 0.0426844176720763
0.00649405714161367 0.184491879989573 0.116286112766176 0.133251348254814 0.164987738738712 0.191780640051678 0.035243069737724 0.167465153319711
0.238045808314089 0.0135514231719978 0.195028323027368 0.044935071415845 0.158991748344334 0.204307620362269 0.0590550993004559 0.0860849060636416
0.221879360088982 0.0590965981274081 0.18548709395742 0.0657328855460244 0.121804466279808 0.0801325073653472 0.21679998809776 0.0490671005372501
0.0928358095479035 0.162749088509358 0.173731830822402 0.0125605404766821 0.216282865456802 0.0874160119367458 0.152036349179396 0.10238750407071
0.190143939144887 0.18464179127007 0.118637724634068 0.129335987944075 0.133376436763445 0.168557523113036 0.0530050334340415 0.0223015636963783
0.111138212936533 0.193483908332647 0.23435520511933 0.187529796055371 0.0112276262947242 0.0841625645903833 0.0116849023410847 0.166417784329927
0.0334982768704567 0.0774151272679334 0.0862206953365369 0.113190419855129 0.0157353575554262 0.254898541390141 0.153747119043284 0.265294462681093
0.183044071623635 0.100072666001553 0.0912800450298037 0.0109702330734079 0.11076925518478 0.0474698198464459 0.195020491910455 0.261373417329919
0.205175839021252 0.105816001459327 0.124857256790996 0.220595612977809 0.0283876336410714 0.149286615089918 0.023048966432765 0.142832074586862
0.233451254409087 0.0957406037168661 0.112126365779322 0.0483134624357122 0.0462438982757947 0.211234074072444 0.0322067116107142 0.220683629700059
0.0206556054995317 0.323725055883764 0.0198178104737574 0.0390305682303782 0.136244114639169 0.134280494664916 0.0204742126898979 0.305772137918586
0.196061400159027 0.0181349578229772 0.214527616892738 0.0453935883071361 0.18665486559543 0.101020927566244 0.19469268434851 0.0435139593079377
0.19915639866733 0.134196517247967 0.11293222454097 0.0573196020303092 0.155852592839112 0.127764277968337 0.0511927206112894 0.161585666094687
0.172493922301909 0.0677562575192126 0.243469983503524 0.031990216763594 0.164259511004096 0.0342290083831897 0.129041520774873 0.156759579749602
0.136556060095882 0.167391650007288 0.153523267100894 0.0322646851488918 0.0917091650289257 0.176211049400968 0.143538760545729 0.0988053626714217
0.0709333494767319 0.131920899732507 0.15488961587529 0.083459656805146 0.193034719800639 0.229372230998341 0.0280015697429677 0.108387957568376
0.163220869056806 0.0556567067727143 0.252949932156218 0.101846445186936 0.125418621833382 0.00186961587014006 0.0869780979325497 0.212059711191253
0.142390750937608 0.0147918173955007 0.157893974648905 0.190627393850533 0.0738975281420881 0.109294104645821 0.158945014771467 0.152159415608077
0.0536058892326649 0.196236445116098 0.120839440523701 0.0945369586965499 0.142899968648013 0.124567949914829 0.114309428024636 0.153003919843508
0.0268062305172678 0.224481179449318 0.160975050879544 0.188242760477952 0.117496571854435 0.0733222129066094 0.181506564180671 0.0271694297342033
0.209368008159042 0.0337725692785643 0.0932907255701102 0.083523853178388 0.175079940572186 0.11196804783831 0.0863532048602729 0.206643650543127
0.189623356675023 0.200623371866999 0.0563131693500599 0.106510296361951 0.115849853882631 0.191865866459119 0.055297859298283 0.083916226105934
0.0815583877334413 0.0057071201867076 0.172347265883986 0.097033438019002 0.159593772917753 0.170549289488889 0.201343302504162 0.111867423266059
0.04966154995545 0.084596422586258 0.19316811676679 0.123591573966395 0.128137912802328 0.0964515549134745 0.202216564828442 0.122176304180863
0.182190392206956 0.24634772030639 0.0625510830110914 0.132922827157429 0.0554238050123465 0.0369309381932486 0.134040787809918 0.14959244630262
0.0642541838687905 0.151088465411235 0.0432244285645761 0.0856629122815555 0.145643365902137 0.170110562047602 0.169213029679277 0.170803052244828
0.0585583744335434 0.255345084570778 0.125033111760539 0.107643869031881 0.117472766755627 0.169011756516109 0.0590476648717589 0.107887372059763
0.13430487609628 0.185294533369408 0.0201786315333983 0.0494750816963462 0.181091983432872 0.201184371258954 0.115846296686782 0.112624225925958
0.279708445614863 0.0578455055556503 0.135290732129922 0.0869633423826358 0.0282790124898714 0.0230722576747469 0.239276409495665 0.149564294656645
0.18049348249276 0.264325735837796 0.00583538590419101 0.0989828852166473 0.148983880903923 0.0360547093483814 0.206129101840089 0.0591948184562117
0.200871804280411 0.00448167865059434 0.169747615889552 0.233223526907017 0.00874550084592122 0.124871221491413 0.141553884013938 0.116504767921154
0.0565500326432201 0.148150684016494 0.223264015312801 0.161577274588243 0.118724946034659 0.08803859918541 0.0596150019698651 0.144079446249308
0.00289395422919726 0.0333248306282535 0.240561826529821 0.292827821599038 0.0492132512796934 0.0638129657382751 0.0719612928041293 0.245404057191592
0.189332260506642 0.0877224284632432 0.168754393763978 0.135396473390997 0.0768335964113293 0.0596670156110532 0.0705824817389356 0.211711350113822
0.0321996978834136 0.143788349520278 0.169368495679118 0.0871753408250562 0.0490520423482546 0.224170868158879 0.0894899572735269 0.204755248311473
0.0562299688713837 0.0151030433605578 0.164886181589353 0.160579548732297 0.114010814862807 0.135838010257574 0.166887858861745 0.186464573464282
0.130780950554868 0.0632895389695851 0.0463103692832062 0.0545063175748955 0.0981212627902972 0.245523897229097 0.137348780499267 0.224118883098784
0.0384664424374424 0.00852061999605072 0.224046987124602 0.251395287268086 0.0701888444350901 0.168827334005743 0.228580601709257 0.00997388302372814
0.0652983610156832 0.187940984724241 0.150881867985403 0.112317605634446 0.187542102353226 0.0479376417020402 0.18049728581225 0.0675841507727105
0.0178120874195167 0.048371446890169 0.186147287835608 0.171784499725766 0.0118102221197033 0.264963996686166 0.109705001644594 0.189405457678476
0.145098147164665 0.091047568088997 0.148023260308986 0.175064536756667 0.136520144126733 0.0763981218171555 0.123848523007982 0.103999698728815
0.182412193614824 0.160115242537482 0.113250694463197 0.0756369281102203 0.208044073317954 0.0713270095264445 0.146748211091803 0.0424656473380746
0.0558664615116157 0.165779308986725 0.0802257512354583 0.243309337487145 0.112453563513746 0.0329239099413874 0.179094099999896 0.130347567324027
0.138709833326407 0.00948487236913347 0.180004314248288 0.226122891543086 0.215615139722713 0.105338927820856 0.0613533995192625 0.0633706214502532
0.114785235895948 0.17144940610093 0.179024323429103 0.117250931226802 0.0833311459170362 0.101913619799225 0.130081875737576 0.102163461893381
0.213055697635632 0.102937499946803 0.203553701124152 0.154715256369001 0.059248312942612 0.0308014200151901 0.192771672053986 0.0429164399126234
0.206899843085519 0.0779667470784269 0.26666718594657 0.17210565670757 0.0181249984487702 0.0436433794428821 0.0319392654716993 0.182652923818562
0.19089229789649 0.134088032915807 0.053125318328802 0.0239703891093109 0.108802378999871 0.121465632506964 0.208136112023743 0.159519838219011
0.0122796229718102 0.0614814967838604 0.220563443751585 0.168887677221736 0.026089051303995 0.185007974572882 0.259926932796851 0.0657638005972807
0.109927433448529 0.173869924672341 0.0289635251212079 0.126809443812531 0.151772281843945 0.104216730392669 0.102612752820441 0.201827907888336
0.113919164913241 0.0303178326161496 0.235270145827281 0.159316579668456 0.052110917200549 0.0439492742345294 0.104483328556431 0.260632756983363
0.136932767153129 0.166284376127885 0.171576613329188 0.0261780825802576 0.0895866064004916 0.169195050177269 0.0894270477465374 0.150819456485243
0.220953425039919 0.11500659562175 0.206298681838077 0.036312853678427 0.111575000461824 0.165724039379783 0.0642902829625367 0.0798391210176834
0.169574607294815 0.0357409099438382 0.226988589706674 0.010454609275937 0.131941655178489 0.181960185671677 0.233677693762015 0.00966174916655524
0.200652874046852 0.0319913856407002 0.014458690863952 0.0800742706527572 0.0659960967335424 0.227854279388789 0.21089396026868 0.168078442404727
0.240615573201031 0.0981051944296135 0.202559487582943 0.101495585680017 0.0641968857973877 0.159844412925984 0.126721641341007 0.00646121904201595
0.0467143710215526 0.145238989791884 0.0118556349523737 0.0780421600700606 0.246606733361697 0.1118113112673 0.172256252859162 0.18747454667597
0.0261708515856728 0.173742646124329 0.0672455852963877 0.246637942090647 0.025075709158374 0.262239353502503 0.132432537746612 0.0664553744954744
0.12707637349611 0.0787362187013587 0.19009472609414 0.11629887169106 0.15053020038978 0.183537166081005 0.0742750558550734 0.0794513876914728
0.0255934125700748 0.200720410079487 0.165288920781617 0.0547143164339497 0.151517680313399 0.00709068297645872 0.203248189703248 0.191826387141765
0.138869858631531 0.121789185565108 0.0682031675369524 0.128697924685546 0.15483945523424 0.119229312619554 0.100272744595442 0.168098351131627
0.128146272982782 0.128428632005418 0.127148197062048 0.102654294790401 0.0754257882590958 0.132689630447013 0.111634320383187 0.193872864070055
0.0670079912026948 0.228779100727827 0.0537188060266398 0.0215850042978361 0.228019344302355 0.16996227980774 0.125632008919016 0.10529546471589
0.126413032836457 0.104289568318237 0.146036436556917 0.0880315706945956 0.0255463567435774 0.17307060697727 0.145009859390965 0.191602568481982
0.037466421164665 0.0425934323905401 0.128890353073051 0.153555431439556 0.154577188685309 0.176077175547921 0.154157260111732 0.152682737587227
0.316589982709853 0.00685306741902791 0.0590033922487608 0.268787213264557 0.0257483218012976 0.031363500751864 0.239640737681641 0.0520137841229988
0.148050788483276 0.141902333464502 0.157081374924766 0.138638779485797 0.0145081928169201 0.0867649466369399 0.200339554175055 0.112714030012743
0.2521439478173 0.174663137231458 0.222926431693951 0.0387932903448006 0.000425370842050668 0.0265263769845126 0.0622922560760612 0.222229189009866
0.193163702928339 0.250652639890269 0.122813224890933 0.0620987415442461 0.0290503063717542 0.0311073442826678 0.0952269439879223 0.215887096103868
0.12259055597584 0.116644852899424 0.191584080080044 0.134190248134765 0.153504301122153 0.101225957574998 0.0875967080485254 0.0926632961642508
0.127211685951742 0.203908849977347 0.0213445172140721 0.13116270814776 0.100679499237627 0.0708123337028278 0.140788039511396 0.204092366257228
0.200791466359339 0.0390101290500746 0.0916659801395388 0.134579965355033 0.00129557676948253 0.18448260070974 0.144532628399034 0.203641653217758
0.161771583184027 0.0105756168290994 0.265325451530201 0.236884203637132 0.15358345037193 0.040074786685617 0.130278663819524 0.00150624394247018
0.209802842982521 0.064812960830138 0.251685529688211 0.0139524948451034 0.178598778973885 0.135527922349868 0.0131014198847328 0.132518050445541
0.139127630271169 0.106480810752821 0.156410149307009 0.173218991837795 0.065283167730167 0.0996376271928575 0.10749011306116 0.152351509847022
0.0203815486587578 0.121161064888912 0.127591056249228 0.0207115146532375 0.199933093534443 0.225344169248559 0.0841608326264873 0.200716720140376
0.126582291225723 0.12997407322262 0.173758082245987 0.0389308608696986 0.213479202321523 0.146379475217165 0.0532510892803353 0.117644925616947
0.0227780550535544 0.120469735487915 0.262218061433287 0.0423947633639862 0.0592776015094618 0.142573540805132 0.283345198135915 0.0669430442107492
0.182906759043819 0.215737348129488 0.0321744871336927 0.212311964485388 0.101814297496665 0.0510470057626639 0.0918375632299438 0.11217057471834
0.155444556946503 0.00241296797117589 0.219134071552416 0.217390921757031 0.0465875307847202 0.114193262929312 0.231344624263628 0.013492063795214
0.122769152628046 0.222213021756326 0.184632544751369 0.187284106139625 0.0204914846940713 0.0414784315604906 0.144349459860951 0.0767817986091205
0.128812631775902 0.104095825383 0.122850416697455 0.0868266156570554 0.0948549156544947 0.159890988446488 0.135292678894435 0.16737592749117
0.0895556423812724 0.0178381031522966 0.191122204258847 0.176043585379979 0.244948579753243 0.228630494990967 0.0502349999559635 0.00162639012743126
0.115608111229951 0.189303335023213 0.172126655773639 0.130731742542487 0.114936623991113 0.0737883988595415 0.0155466108865428 0.187958521693512
0.259817471879699 0.0345378941757554 0.0136802048044811 0.194605538897184 0.138113315698846 0.0217683406160788 0.29436822193051 0.043109011997446
0.0988338724734933 0.153486719861864 0.197004178052056 0.0225738887814583 0.170932947123351 0.119004931309549 0.0884269929672616 0.149736469430967
0.0641221338891843 0.172164417803049 0.205381078916323 0.1589195443459 0.0800897134582401 0.0121044692546035 0.11601802861653 0.191200613716169
0.237483930295925 0.146772671988314 0.0812288869162383 0.0321391341199215 0.0359859415364334 0.228884632539772 0.0623150759555147 0.175189726647882
0.0443434867012409 0.0529599505283138 0.0889807321534943 0.118103462369935 0.153412745722976 0.0682331719338214 0.201185131512754 0.272781319077465
0.119603822599458 0.207726096782147 0.0973014289633014 0.208524796383093 0.167251021775201 0.0732931266588462 0.095870538365497 0.0304291684724574
0.129651404057379 0.193002568615073 0.147551671182244 0.105902048639409 0.0744395021943603 0.0555381532820987 0.14287631999004 0.151038332039397
0.0758591506305296 0.204348807014291 0.0885722663545604 0.0132871451806232 0.19191849747341 0.10741170377508 0.209988482214828 0.108613947356677
0.0167366802492385 0.0147549658503666 0.145239641716233 0.262666815546264 0.19823625809872 0.0430913124478639 0.0668188109754364 0.252455515115878
0.175129001601296 0.165654538849194 0.055259823597254 0.203038721971892 0.125567078401059 0.0500169202593733 0.165258974756472 0.06007494056346
0.104144593290746 0.200477103426767 0.0465387914693734 0.159555679934259 0.174002464523491 0.145860064901333 0.162660776952834 0.00676052550119769
0.0572147053544395 0.141680410738138 0.147146091403517 0.0528902501571313 0.273798629357565 0.237686331416762 0.0598695064049852 0.029714075167462
0.115137888815609 0.13213990826066 0.0510324212358993 0.14471974178417 0.140809759654861 0.175669325234439 0.0854221614476625 0.155068793566698
0.0419698018354707 0.203625386955272 0.175628078169353 0.0551127784813936 0.221251101132506 0.0721580266873961 0.0744321428225799 0.155822683916029
0.105453237737237 0.171729291731178 0.0481352132028259 0.136511906283858 0.145852309073217 0.123959824977292 0.0958052834934219 0.17255293350097
0.112056266451079 0.153387324507802 0.14880133193744 0.0952873852075639 0.120996332901186 0.111773707103323 0.122554105912519 0.135143545979087
0.0740080008289417 0.115665535965132 0.0616380498968688 0.182658413850528 0.136105124030904 0.198691437372986 0.157513914183999 0.0737195238706418
0.0966041879484798 0.199312409876823 0.0303779122878412 0.019276592607022 0.222211766846632 0.221188270557962 0.057896045809928 0.153132814065311
0.0815419371239446 0.105084768721383 0.207815826700242 0.0338910398872301 0.100708261353404 0.20948077737675 0.216945214104256 0.04453217473279
0.213246357609341 0.129239741372214 0.34045433306719 0.00586024528092455 0.0194008591128545 0.100345526541529 0.0961897215655806 0.0952632154503657
0.062167037194701 0.0891629756981412 0.242637914949333 0.23566314561098 0.0697755217986725 0.146293343112691 0.139411634438594 0.0148884271968874
0.154304615632682 0.10258558878457 0.1291775242337 0.0880932989370069 0.206843656421213 0.0341687186838052 0.134739234353624 0.150087362953399
0.104289335655117 0.0751257637091742 0.164176379762546 0.195245158720741 0.122037675996901 0.195538190292518 0.114086021705884 0.0295014741571185
0.0777251569507035 0.0465769064585929 0.147701596153486 0.131960663016999 0.0259487622856435 0.21028453869171 0.191146951483618 0.168655424959247
0.118331907455884 0.192028837673161 0.0731083159956095 0.00450622388147424 0.155798118521046 0.0640263194176091 0.211360119779305 0.180840157275911
0.00496650645003597 0.180586012385947 0.117553257312571 0.180457101120943 0.231585573494346 0.104198910675991 0.119508868395091 0.0611437701650748
0.055617197861522 0.162616927860127 0.0923016827198666 0.144488708565196 0.181305629102062 0.0824114356795062 0.19702046247238 0.0842379557393407
0.18929890030431 0.168093333008179 0.0799821392540374 0.0915712849610502 0.103539322544015 0.0462391259808227 0.150536984076599 0.170738909870987
0.00387135941567233 0.175254861973331 0.000130292613948633 0.360512375257265 0.0345693850446312 0.0647009351655562 0.201605217326513 0.159355573203083
0.0501537100942078 0.140868487675124 0.242096236753811 0.14864193362361 0.213278424505064 0.0340867044713991 0.0883985684231818 0.0824759344536016
0.00739116334718741 0.13312959116608 0.0492257354763452 0.00590940025095234 0.212812082004746 0.202151635837153 0.218941684767476 0.17043870715006
0.131042443879868 0.108771164803884 0.212982571929815 0.226692362064197 0.0467719770298505 0.149804089627292 0.0912838068837004 0.0326515837813935
