0.0933033348963847 0.15685592686402 0.409526171959188 0.0920030753915322 0.248311490888876
0.27309659514706 0.0916382439669547 0.111627277700938 0.266522808993297 0.25711507419175
0.0579619858550578 0.296367217764845 0.279562018145467 0.227881126588136 0.138227651646494
0.318482836972532 0.253720095568984 0.156843154474978 0.270655212558946 0.000298700424560708
0.315801288622662 0.214197292463651 0.229555066153139 0.167505949016236 0.0729404037443114
0.262432907599412 0.0316714642354975 0.253352693005689 0.383161690035469 0.0693812451239326
0.326934851997874 0.204836564841849 0.184989096151665 0.0724779826708029 0.210761504337808
0.492507317171618 0.0198840132555349 0.00436886524114143 0.159656613930374 0.323583190401332
0.49263906876811 0.0824366431071706 0.0365664172926957 0.278509963253882 0.109847907578141
0.0012257184082481 0.372984955385743 0.145313685367342 0.269701962242412 0.210773678596255
0.00777737744923902 0.0104238085661647 0.0321876759225509 0.520691871835003 0.428919266227043
0.0500084041113589 0.32908645852461 0.355325694268939 0.215053776572518 0.0505256665225743
0.52500806908023 0.0847162977763379 0.330115236866591 0.0516078264352464 0.0085525698415947
0.450561640803029 0.0666697286203098 0.0272675793375207 0.110635063553345 0.344865987685795
0.180964219645177 0.274778268004935 0.0604351593926787 0.314416590080716 0.169405762876493
0.17688601205231 0.185455584247374 0.0354298294667487 0.291913892845544 0.310314681388023
0.197210721153722 0.201108204411618 0.00122936681284936 0.337105605135372 0.263346102486438
0.0937957754122672 0.360463395259682 0.0797260506431824 0.170377853560418 0.295636925124451
0.206748001613318 0.222378714401407 0.205117065987799 0.122707274599262 0.243048943398214
0.0681192218876262 0.146458935080133 0.275363480511282 0.099087212849283 0.410971149671676
0.413998813915365 0.0177281296759004 0.197371619901091 0.300303182287098 0.0705982542205457
0.289598068780887 0.166147556711921 0.106724601175594 0.182751343184912 0.254778430146685
0.0275849271250302 0.149235075732227 0.315886508087248 0.204036964075076 0.303256524980419
0.0567120066711452 0.334352748868962 0.459175631379241 0.12708513550927 0.0226744775713821
0.292371157309552 0.120608946496591 0.117098289517765 0.199984709081018 0.269936897595074
0.280324472836903 0.0512291485537466 0.234200758796894 0.159751659900944 0.274493959911512
0.520261864799379 0.238683065457146 0.0819460396945716 0.00987570787392324 0.149233322174981
0.0905244392162764 0.153709157871886 0.315734865713774 0.277910419523633 0.16212111767443
0.23556292681893 0.165939314610756 0.273933502414211 0.0144001865742074 0.310164069581895
0.0117250760080133 0.0901061490814189 0.110204400786837 0.312349779421254 0.475614594702477
0.221090445585027 0.40729227882736 0.0638200420499378 0.260376635603169 0.0474205979345054
0.250556986834694 0.0545183024153052 0.228653496159723 0.183353917739947 0.282917296850332
0.313990555950044 0.407301320250027 0.137492440762676 0.124099938840681 0.0171157441965721
0.307025151040877 0.307098554296398 0.174764774152494 0.190704671077789 0.0204068494324429
0.447850423023353 0.0614243412013771 0.236992597978556 0.198112588982739 0.0556200488139749
0.230934516787528 0.137106420311145 0.291130177552183 0.0497393361703903 0.291089549178753
0.225643561352492 0.0365503786770048 0.198953495957611 0.246691173617348 0.292161390395544
0.230849823913153 0.135566052251993 0.216605491529416 0.0940307033752349 0.322947928930203
0.156955463174862 0.36505831712002 0.084068730908479 0.151239067503266 0.242678421293373
0.301398743066652 0.278633291944057 0.00621543149529311 0.268703087982324 0.145049445511675
0.082713018141686 0.173590616143554 0.337688514704242 0.363055556690415 0.0429522943201033
0.23777418925331 0.16141237185644 0.044377345358392 0.261419162784196 0.295016930747662
0.254315706681232 0.0301367086154873 0.295170729522284 0.113216447729174 0.307160407451822
0.164724178921043 0.119210774470004 0.308350143520642 0.126016812323637 0.281698090764675
0.0648072107949374 0.341693678432786 0.31173602150519 0.100278339371959 0.181484749895127
0.317131751422455 0.304176301261076 0.020485361470621 0.208321605606686 0.149884980239163
0.375585285730527 0.0546022507825504 0.138117592260482 0.0580740085631025 0.373620862663339
0.0349763877925343 0.203363366952885 0.22911505988185 0.392801230453641 0.139743954919089
0.140788206076772 0.264755567110034 0.267461692674413 0.251022112958201 0.0759724211805796
0.0984894017991988 0.438208665967235 0.311943613912306 0.0451963035443359 0.106162014776925
0.110267151290905 0.0766556872175329 0.411659722876534 0.0406020699404374 0.36081536867459
0.263218696986276 0.233087347047749 0.188694545031909 0.176028067196114 0.138971343737952
0.143928690805912 0.0252659721349217 0.209370357933369 0.511194455577184 0.110240523548613
0.0150768755363714 0.329295100806385 0.246294816264485 0.233636135951885 0.175697071440873
0.296397870991642 0.021552512445981 0.0628236248810565 0.225033373014599 0.394192618666722
0.196227863997254 0.00911863086248265 0.354222470854431 0.133905426404636 0.306525607881196
0.29501199252979 0.10580053820854 0.151869702011941 0.100636651474676 0.346681115775053
0.0577926433004618 0.433834187891977 0.366339193347771 0.0404971784871754 0.101536796972615
0.199211358518735 0.286296712832866 0.2217497972132 0.261729600570798 0.0310125308644011
0.313116482868201 0.0242123498489586 0.0469165957326773 0.323087742371525 0.292666829178639
0.240389192727112 0.22621102143167 0.0878993591801253 0.195990417008183 0.24951000965291
0.17221298394259 0.119720847189141 0.213417925914398 0.204340244017294 0.290307998936576
0.0393091460988491 0.0322345102135999 0.298001707690451 0.32255675047987 0.30789788551723
0.00358242946925009 0.0471557156235041 0.252397009501506 0.346733308695108 0.350131536710632
0.335697232429233 0.0168352979036244 0.292154680956157 0.00373516609390153 0.351577622617084
0.128867194530405 0.230247098980763 0.195364057204206 0.403551188710812 0.0419704605738142
0.0270117846627729 0.259729330944634 0.321407051928032 0.384311788485313 0.00754004397924812
0.341588084572748 0.290258134375451 0.139031530937687 0.011745019632979 0.217377230481135
0.131588836771403 0.293359245890227 0.0396365751386411 0.266289347114361 0.269125995085368
0.353142143737259 0.176255844676164 0.149015634704942 0.0285219793644443 0.29306439751719
0.0269588551668388 0.215317501452754 0.0954286498206657 0.32061844865409 0.341676544905652
0.0784616782738674 0.316901790877982 0.244915642051992 0.302702699482494 0.0570181893136655
0.056993266860101 0.231087918810725 0.399013723211181 0.241566226131212 0.0713388649867808
0.402493799577073 0.0692579763356044 0.153794002487001 0.337289079362937 0.0371651422373842
0.202096476197772 0.135070874245879 0.347742017478093 0.0420089932509337 0.273081638827322
0.267490976577771 0.128760416027927 0.115913321685441 0.1888591529304 0.298976132778462
0.264336120920906 0.249026819422969 0.28861071741131 0.0491431114092173 0.148883230835598
0.183802063467812 0.0799593339956799 0.372203128745657 0.0044743423235299 0.359561131467321
0.174967021210391 0.297782390119671 0.088790035799327 0.172513562341408 0.265946990529202
0.149314991229329 0.140722867553563 0.360848529648906 0.14081406219502 0.208299549373182
0.161663626671891 0.175851433708778 0.159962187866146 0.29894872986431 0.203574021888875
0.141012461775788 0.273056545953205 0.226664828442537 0.117877115102667 0.241389048725803
0.371049020013852 0.120052545161732 0.21086691793907 0.0981839693428719 0.199847547542474
0.26590772198671 0.263064195792852 0.225138147538671 0.238947718024331 0.00694221665743637
0.0775231302539659 0.288937457448812 0.141397966880021 0.180200996063027 0.311940449354174
0.412031661065112 0.0181569637346742 0.0924071856668265 0.0680766673623224 0.409327522171065
0.0987732797309493 0.145348590251692 0.0599835968762063 0.304793887748761 0.391100645392391
0.0953166528282984 0.299374776547818 0.012717550768546 0.319976758431446 0.272614261423892
0.264408293124274 0.217302848743455 0.213669419363341 0.237914491393733 0.0667049473751977
0.151818950109425 0.000863714794985588 0.224462164573297 0.29276368318125 0.330091487341042
0.255262158247134 0.0561945933446581 0.272012132776062 0.183710563761667 0.232820551870478
0.0739703343043248 0.3287765173536 0.191119242950142 0.0368305825559297 0.369303322836003
0.0403383429174118 0.241927637331975 0.350892913259409 0.17127052685657 0.195570579634634
0.239149650616624 0.242038423947545 0.0726064194157967 0.212476642133839 0.233728863886196
0.33689780040693 0.354892712758357 0.147365292951284 0.110360835799311 0.0504833580841178
0.13840041662487 0.0168866007360016 0.286064062681437 0.236443145417583 0.322205774540109
0.014292556816202 0.00657645102131867 0.193485812890971 0.213654163538852 0.571991015732656
0.239739345550529 0.228536829078574 0.0553223634826331 0.188558009738461 0.287843452149803
0.207143998450446 0.0282087255093104 0.26874118181099 0.255721741625156 0.240184352604098
0.0695439154075619 0.0393108237605936 0.327388774314206 0.398657997229151 0.165098489288487
