0.462318000280412 0.141839399355832 0.194842775322473 0.200999825041283
0.563171212097095 0.0433111190705096 0.177594927082067 0.215922741750328
0.214740490956128 0.0402976471065184 0.22434622748782 0.520615634449533
0.268002063199778 0.240862198640344 0.0672470617837552 0.423888676376122
0.217113735673287 0.253332887204514 0.209384030010724 0.320169347111475
0.0238222684942023 0.319778531410854 0.419481365059478 0.236917835035466
0.189202487532391 0.344996616223718 0.215589198344853 0.250211697899039
0.319353366165051 0.00571591508426803 0.478948394415615 0.195982324335066
0.423620577749816 0.422991399571416 0.147943882421761 0.00544414025700764
0.217572200513559 0.0639408087860927 0.198862191679735 0.519624799020613
0.301097318346248 0.351325484371426 0.127410022929545 0.220167174352782
0.303894809264558 0.228945971377727 0.192853153944624 0.274306065413091
0.330936149712093 0.35643295225864 0.178050522079622 0.134580375949645
0.0691888330533134 0.388559346937658 0.329498526732214 0.212753293276814
0.135204010162896 0.375561555783583 0.180427181671732 0.308807252381788
0.353597343489492 0.124445515902605 0.307321853010643 0.21463528759726
0.369629143271016 0.305099837439544 0.0287483723619451 0.296522646927494
0.369937209685963 0.365780759685516 0.00627354936213663 0.258008481266384
0.35703379327984 0.197340715460579 0.341710240966854 0.103915250292727
0.350168004581366 0.330258883270237 0.0585509398503598 0.261022172298037
0.461531453814194 0.121197890219908 0.367012670314007 0.0502579856518916
0.306771215107602 0.0283672354826653 0.511747401797211 0.153114147612522
0.284971333744783 0.248350407307689 0.241038960180056 0.225639298767473
0.0279308237655427 0.509399591576552 0.123133812132526 0.339535772525379
0.0106000875916745 0.360122529935051 0.219571526533215 0.409705855940059
0.0236027934534463 0.276975341241811 0.336052908706773 0.36336895659797
0.487680277972098 0.107781129542196 0.261383026217135 0.143155566268571
0.275871871617502 0.28684730983763 0.0491692606398743 0.388111557904994
0.320889222092316 0.00187216690118836 0.598001627462264 0.0792369835442321
0.204774666878522 0.120787839997815 0.499148869629543 0.175288623494119
0.174770080760447 0.18964906840535 0.162271717093177 0.473309133741027
0.203647273438213 0.0895258253283151 0.396562546168802 0.31026435506467
0.429761697778818 0.449401581741411 0.0891945420069629 0.0316421784728087
0.0762581411391595 0.325110247540066 0.277212665617407 0.321418945703367
0.195616840358789 0.335264735892545 0.355953594956928 0.113164828791738
0.0786302734043736 0.504268065363469 0.212565804075637 0.20453585715652
0.0837958819210092 0.527896302567551 0.0572814892711385 0.331026326240302
0.303250895860658 0.29956770242125 0.329267701447994 0.0679137002700982
0.154300037927617 0.195724075065111 0.441358569578951 0.20861731742832
0.163365038392218 0.296988787334861 0.248518021066068 0.291128153206852
0.0610385509565245 0.49034981098698 0.332623331903397 0.115988306153099
0.365770124106039 0.283503968917684 0.223201463390062 0.127524443586215
0.333042000813677 0.0919010300588146 0.306787623159946 0.268269345967563
0.0562851749098554 0.298399347187789 0.288753907261153 0.356561570641203
0.499962552167376 0.456668313133173 0.0407389047887882 0.00263022991066264
0.137988575442269 0.108784570562274 0.214365707592371 0.538861146403087
0.667694161006091 0.15393230657433 0.168292941622425 0.0100805907971538
0.389754381812859 0.401656799924931 0.0141777087221521 0.194411109540058
0.373108042121479 0.250420310407556 0.22327452046082 0.153197127010145
0.069499037175188 0.217005588138834 0.310678700126575 0.402816674559403
0.239647719047885 0.242739796630229 0.190859103710978 0.326753380610909
0.107511921881575 0.442182197449598 0.343886662099795 0.106419218569032
0.536587747431509 0.0665936231845897 0.312114319508794 0.084704309875107
0.420199256382389 0.405958046033235 0.0844590506659201 0.0893836469184558
0.150817280897577 0.354670681296455 0.283505987259768 0.211006050546199
0.580041600589168 0.194373670156773 0.0461789383808446 0.179405790873214
0.200791147236394 0.0833339520535111 0.363072520899168 0.352802379810927
0.261296490488524 0.252902518317373 0.198045546110604 0.2877554450835
0.386019840495626 0.353410577856023 0.131933841860063 0.128635739788288
0.167371461633482 0.122047106967282 0.271899341191288 0.438682090207947
0.0909983766840931 0.093025190621939 0.342890396243946 0.473086036450022
0.0734520972479168 0.280223407883342 0.229513359809102 0.41681113505964
0.283203561226933 0.321734258287056 0.224531036260797 0.170531144225214
0.0504287211652006 0.013142463812011 0.767989144164835 0.168439670857954
0.0843900592436642 0.376710231426026 0.487570785577803 0.0513289237525063
0.335179905709987 0.264159181517627 0.307946378323478 0.0927145344489077
0.0844911082850138 0.127102668090964 0.190921837032335 0.597484386591687
0.0140165750465507 0.401753943261304 0.140300615288052 0.443928866404093
0.242858584798526 0.183376962867442 0.191093368015088 0.382671084318944
0.283054124543068 0.387799979597183 0.208755039264283 0.120390856595466
0.0769476151146419 0.385611285077363 0.238063130364213 0.299377969443782
0.281915952772555 0.34009310122579 0.0535258587739654 0.324465087227689
0.360436075063751 0.295025519440287 0.176347163452155 0.168191242043807
0.0151241278016711 0.507646191678667 0.289728822882464 0.187500857637197
0.200080855559053 0.551058413202072 0.0433710346635534 0.205489696575321
0.282700921112307 0.416742108426398 0.246382232499889 0.0541747379614066
0.196013853813425 0.390405900387652 0.0880198854911102 0.325560360307813
0.164931558633202 0.36832632399124 0.219429592961074 0.247312524414484
0.364293979285275 0.277752173488846 0.288034386130772 0.0699194610951069
0.0869437351260172 0.348433852094618 0.219470571176185 0.34515184160318
0.269081626084079 0.278087669667166 0.0193642043697062 0.433466499879049
0.270551962491155 0.303227863350787 0.283751965438485 0.142468208719572
0.215160244282894 0.18118584014063 0.415998709001361 0.187655206575115
0.34509491530253 0.124206423388371 0.199554856807834 0.331143804501266
0.205001193378774 0.337919216935381 0.325738163468497 0.131341426217348
0.419432924052364 0.111750887334676 0.149064246629224 0.319751941983737
0.106663115068011 0.358081283273857 0.380778536239719 0.154477065418413
0.352612138129298 0.00586859442526797 0.221931471411784 0.41958779603365
0.298603500086523 0.294807870016468 0.294385587122692 0.112203042774317
0.314424846970265 0.366442132761572 0.141214088575402 0.177918931692761
0.503870072401001 0.400275367545537 0.0474738789184248 0.0483806811350373
0.172975402355325 0.349780905058318 0.154535218045564 0.322708474540793
0.315951685742273 0.279298921907837 0.126099982655574 0.278649409694316
0.161746530334052 0.272891548820098 0.296274451151985 0.269087469693864
0.384153096095394 0.306691310704695 0.269457928994665 0.0396976642052457
0.429248216526829 0.155279437448769 0.341879846950813 0.0735924990735884
0.380301274942472 0.005591064071546 0.170940023660767 0.443167637325216
0.407445323912196 0.00230368808356608 0.331718454920588 0.25853253308365
0.213642918810538 0.334124596756222 0.206095402794418 0.246137081638822
0.271107550967566 0.261324973384326 0.339445162900449 0.12812231274766
0.185942016236847 0.205251257461919 0.351985152497108 0.256821573804126
0.217748514714962 0.307395148234329 0.0916412978321528 0.383215039218556
0.235757166292348 0.393882020964302 0.344686924299494 0.0256738884438561
0.211666440837683 0.102081278139789 0.370659316351424 0.315592964671104
0.205984407587749 0.274996921955002 0.30106551513556 0.217953155321689
0.348419179296867 0.194054591499068 0.36829390042032 0.0892323287837455
0.120964839793486 0.235295204227774 0.260092359888279 0.383647596090461
0.101807558506326 0.428842536063735 0.0704893264865145 0.398860578943424
0.327648959771161 0.284550320787264 0.289479275640098 0.0983214438014764
0.0414319970389568 0.00776351502673862 0.451977208811627 0.498827279122678
0.373391798636848 0.098758196731646 0.336613575318806 0.191236429312699
0.139349390510813 0.43385004723149 0.380326710142297 0.0464738521153996
0.210169027976379 0.527634594411537 0.173803382169866 0.0883929954422174
0.0269337685264403 0.568385747423139 0.22044794232776 0.184232541722661
0.0735144789851424 0.242424008747721 0.437177895695346 0.246883616571791
0.237200875426107 0.265267554805364 0.347609351502033 0.149922218266496
0.408716750258369 0.459114645206953 0.0799865002920145 0.052182104242663
0.0990664067015717 0.17580573937372 0.379049191595695 0.346078662329013
0.302220337721846 0.260194143095018 0.0626920695414682 0.374893449641667
0.316298690589526 0.239384205797271 0.382312779698947 0.0620043239142557
0.458784257846112 0.206760179759854 0.322775944691719 0.0116796177023152
0.0325971479708624 0.149346929238452 0.346739854751789 0.471316068038897
0.437239826576135 0.0842373540600177 0.334490426783854 0.144032392579993
0.324817164447294 0.307449119880254 0.288435643825463 0.0792980718469892
0.213386152095151 0.306143172137939 0.357359641529566 0.123111034237344
0.123716185486418 0.388891870499567 0.468710684565535 0.0186812594484811
0.081216528205354 0.362367173242189 0.0257320679076208 0.530684230644836
0.297128452017365 0.339509428650737 0.347528938406567 0.0158331809253306
0.285533176426542 0.322403971845895 0.245747948145901 0.146314903581662
0.242648767427985 0.244278487107773 0.28012141017925 0.232951335284992
0.187637854983365 0.0784816366809699 0.240652415422587 0.493228092913078
0.40447597014554 0.24824506440449 0.177853803803881 0.169425161646088
0.711707714115345 0.149434451241534 0.117263378874238 0.0215944557688828
0.120571006041862 0.275081216344488 0.411683279293671 0.192664498319979
0.458226954411788 0.309687164387766 0.195880994919393 0.0362048862810528
0.185129426047829 0.135757624768366 0.394567738884166 0.284545210299639
0.518425821782018 0.252171232109104 0.080551991526851 0.148850954582027
0.0263013890514921 0.205923366253036 0.411410280481478 0.356364964213995
0.0565258705241813 0.381724993752822 0.152543047936572 0.409206087786425
0.153121783704158 0.559616977655421 0.143645008916609 0.143616229723812
0.30876184998555 0.208166529151301 0.120735088574456 0.362336532288692
0.307370111145248 0.435999825935092 0.108795635739097 0.147834427180563
0.311095355229366 0.313841718370849 0.0490106478852431 0.326052278514542
0.547846238325533 0.106783950366131 0.282766682851179 0.0626031284571568
0.367339940467203 0.283180655055059 0.222071322063216 0.127408082414522
0.202301281720689 0.271016932941141 0.221020864353283 0.305660920984887
0.271740680075814 0.10606016536845 0.408216327469791 0.213982827085945
0.333562980596744 0.229616133316139 0.16865192136985 0.268168964717267
0.38876932360224 0.288308675364004 0.0769516450248887 0.245970356008867
0.0505843763880907 0.363030308370859 0.210859163231195 0.375526152009855
0.147757290475233 0.395497412169937 0.209230336913764 0.247514960441067
0.210506060929053 0.357639418203906 0.329874546135102 0.101979974731939
0.00867585898265199 0.382209454130285 0.212099883058339 0.397014803828724
0.541508205512672 0.0168145010543258 0.0113319545904301 0.430345338842572
0.0703708429461687 0.495963645001485 0.191213212095838 0.242452299956508
0.194840847115641 0.186982499613396 0.316963646288225 0.301213006982738
0.35739046929315 0.142482267444225 0.208909858132358 0.291217405130267
0.415035198975649 0.421877035564172 0.0132091041129331 0.149878661347247
0.208451275812016 0.245643337998504 0.328545536766611 0.217359849422868
0.0612496583496006 0.357308667888091 0.250317035146765 0.331124638615544
0.427471619689464 0.331191770820488 0.0285787945515557 0.212757814938492
0.00788796205382348 0.347967348211249 0.159354832350779 0.484789857384149
0.464405110830585 0.0459485270544137 0.413581367042827 0.0760649950721742
0.290868494514336 0.363856063541786 0.00930861403014464 0.335966827913734
0.409914430239502 0.250388308038489 0.241998691619463 0.0976985701025462
0.327828255596169 0.258528899905699 0.0916785041831618 0.32196434031497
0.481354707301148 0.328931221474203 0.132161550837625 0.0575525203870247
0.04956091195101 0.299534933862309 0.28726511507092 0.363639039115761
0.0213900004550076 0.518688002984735 0.346756356968448 0.11316563959181
0.368790606702906 0.133427085238074 0.146256962125841 0.351525345933179
0.232983021013251 0.0631931571770061 0.264484555876086 0.439339265933658
0.0100994789291812 0.300702957759749 0.364307794000657 0.324889769310413
0.043853167793368 0.391990317043483 0.154079219572482 0.410077295590668
0.0315891110317775 0.39369639387597 0.511594248245853 0.0631202468463991
0.328409655716646 0.0664130792813961 0.204396035686037 0.400781229315921
0.367790475558431 0.179928289865443 0.0986321322415439 0.353649102334582
0.271920868307193 0.0157986586598715 0.105432834125103 0.606847638907832
0.135767719520593 0.322582514597405 0.316265095893892 0.225384669988111
0.00630147060835563 0.336015801800789 0.231312577851118 0.426370149739737
0.0505135501075657 0.401439055889022 0.0889710362750601 0.459076357728352
0.122837401345788 0.361060534070786 0.358474898511828 0.157627166071598
0.402460080473311 0.27920794664197 0.0348713526493323 0.283460620235387
0.0634325062325631 0.39130017519712 0.193471799837087 0.35179551873323
0.3968350018702 0.115464190446822 0.380888180875097 0.106812626807881
0.19493316139888 0.322542026172101 0.31339651324606 0.169128299182958
0.316038876654088 0.231327102654004 0.386479385146435 0.0661546355454733
0.322126903702564 0.235362065780325 0.358710628160457 0.083800402356654
0.313044264252322 0.209075795471176 0.174721962250109 0.303157978026392
0.222188803573947 0.311521251438982 0.146669922927514 0.319620022059557
0.40450508267391 0.178047543948046 0.00425847263326654 0.413188900744777
0.0704699695715916 0.465809296631152 0.0630533004393855 0.400667433357871
0.290880610010936 0.232534634186364 0.405430575784013 0.0711541800186873
0.410804134161348 0.229926456258659 0.291498365154792 0.0677710444252007
0.351875407559555 0.28989018699352 0.0585830870475093 0.299651318399416
0.289556191159038 0.336963632061663 0.272768612607094 0.100711564172206
0.263416693053655 0.231379015983667 0.263589073674597 0.241615217288081
0.296327142973392 0.397083156098966 0.208953934978212 0.0976357659494304
0.0855000685690893 0.685466604449821 0.00460079328164772 0.224432533699442
0.328146000954402 0.304968315614811 0.218572467980799 0.148313215449989
0.122173094301957 0.44306278902061 0.213941428250278 0.220822688427154
0.266981076397586 0.169315209213879 0.273669456039641 0.290034258348894
0.0063143330148886 0.309520368857549 0.379020260637321 0.305145037490241
0.319532057253887 0.176613809512276 0.351526290925058 0.152327842308779
0.10084630722372 0.334059529466985 0.088211410155251 0.476882753154044
0.452019594404929 0.190473262281723 0.0175367641074938 0.339970379205854
0.394142732363817 0.239916424051185 0.352505018829202 0.0134358247557963
0.25187179385783 0.262604913339451 0.178935020959444 0.306588271843275
0.681576169708983 0.0803608021897345 0.00873448567807034 0.229328542423212
0.392228603427301 0.163240888983326 0.12275894562282 0.321771561966552
0.139405919949669 0.339002895364712 0.476802180581487 0.0447890041041319
0.320117956229922 0.185758320219523 0.363630289209565 0.130493434340989
0.0455454955775313 0.209450624874808 0.232707922184145 0.512295957363516
0.0253948506310907 0.515802464385178 0.371329502300371 0.0874731826833608
0.186654431801382 0.276470526142777 0.244955877775152 0.291919164280689
0.165781442673229 0.282083431845505 0.369374610615289 0.182760514865977
0.317151345529048 0.344099993285578 0.109262218561362 0.229486442624012
0.459775942619176 0.220633528008364 0.318205158520912 0.00138537085154883
0.409184386563088 0.296999077877372 0.18511756587252 0.10869896968702
0.29200058451787 0.236497464833992 0.221547583426377 0.249954367221761
0.273892700690861 0.372225257047581 0.238885191051391 0.114996851210167
0.118245762591728 0.398167771648147 0.422417871784154 0.0611685939759706
0.259994618483484 0.0402329210647954 0.349652045848762 0.350120414602959
0.198176479311641 0.526483190893906 0.0960469533809482 0.179293376413505
0.239062160953626 0.348600967279748 0.133064639365851 0.279272232400776
0.189142122287412 0.331171713184723 0.341392611356106 0.138293553171759
0.340196972478193 0.0574224508909983 0.318186075083006 0.284194501547803
0.311813978326303 0.41026603934484 0.276244417433452 0.00167556489540466
0.355294946110839 0.392902598744254 0.042863825128 0.208938630016907
0.0151698415783408 0.438398286676405 0.40006207137987 0.146369800365385
0.344890030997507 0.220596658771059 0.0783992582165587 0.356114052014875
0.156798684331224 0.394657188540285 0.433926355568133 0.0146177715603577
0.100721930014383 0.433926898452754 0.0690682666065408 0.396282904926323
0.174818283821052 0.4625536294505 0.165589724890103 0.197038361838344
0.352444666986368 0.234158382069499 0.141290155299672 0.272106795644461
0.114870398330925 0.303826773670599 0.47243092369117 0.108871904307306
0.411405084525228 0.241759510655397 0.2397934656057 0.107041939213675
0.158235611894156 0.523266046379044 0.261583345740193 0.0569149959866068
0.223767804757196 0.083723531623948 0.629492018722924 0.0630166448959325
0.429796260741277 0.205241463261635 0.0525605982703932 0.312401677726695
0.474349368440156 0.249932134294264 0.0455319444060134 0.230186552859567
0.37066654920638 0.292121994097749 0.335846594724175 0.00136486197169596
0.362833704925232 0.0427703323923259 0.25322194124074 0.341174021441703
0.0490676497207034 0.438743469858947 0.403593036619284 0.108595843801065
0.32478778613722 0.122881268157367 0.392756070892151 0.159574874813262
0.165914017413106 0.179676472987618 0.199228710851796 0.455180798747481
0.332570710074121 0.15279569765361 0.174225570750409 0.34040802152186
0.32992509603079 0.260152581544112 0.111492442787706 0.298429879637393
0.340498724644377 0.328051298476895 0.0478696898355819 0.283580287043146
0.0234674535778551 0.365574110677899 0.280876769203089 0.330081666541157
0.0965368309924207 0.147972006596951 0.180753453304549 0.574737709106079
0.242626473386669 0.406268630999989 0.196540932393626 0.154563963219716
0.0650811924152745 0.404014021092371 0.460039131671299 0.0708656548210558
0.203583468492038 0.349403181703049 0.334571322481351 0.112442027323562
0.170528598353545 0.137593572136983 0.314210788229903 0.377667041279569
0.147872865200714 0.395437276759397 0.30356859867727 0.153121259362618
0.239474830577957 0.342081366296427 0.312138598076241 0.106305205049375
0.164170002064515 0.259586824980303 0.286056962378481 0.290186210576701
0.336450160642671 0.277333635844351 0.0823145070733629 0.303901696439615
0.322572254358488 0.268363915253419 0.143160779317835 0.265903051070258
0.149499618511954 0.162272542107766 0.321661082385574 0.366566756994706
0.118215424637711 0.303269528205924 0.277403807261708 0.301111239894657
0.627275753530264 0.00166270006173691 0.213256951123333 0.157804595284666
0.20686548297265 0.256068369387595 0.153640210837221 0.383425936802534
0.0814594600566799 0.359009265876847 0.223803021971047 0.335728252095426
0.39055404477225 0.423575321558533 0.0816857841664366 0.10418484950278
0.336795467096544 0.0295545231693418 0.411773875946076 0.221876133788038
0.516341464639467 0.209639972704528 0.186525933607866 0.0874926290481386
0.285720053234469 0.262215208112906 0.104270477327814 0.347794261324811
0.103393160921639 0.410016197738856 0.359059619891455 0.127531021448049
0.31498726493887 0.28799558966768 0.0751843277356549 0.321832817657795
0.405132616510757 0.44017205957999 0.146780865888605 0.00791445802064835
0.29041568309827 0.508095365777345 0.0683540735669105 0.133134877557474
0.0626101900378795 0.389181097037285 0.075907044618171 0.472301668306664
0.282438603999346 0.440456706112459 0.0178128212516996 0.259291868636496
0.347174354144961 0.194127840529092 0.320091674783222 0.138606130542726
0.34456571294826 0.311603507200456 0.145550907297259 0.198279872554026
0.397852045382003 0.0615757985000394 0.257997558159966 0.282574597957992
0.222797257290023 0.352083792599432 0.155032703508073 0.270086246602472
0.0813806711246344 0.257647236562409 0.26115409505554 0.399817997257416
0.330192981488557 0.236505127876053 0.138453236926588 0.294848653708801
0.164454110397348 0.0560790397023934 0.230241648630935 0.549225201269323
0.293166683842752 0.192186679316719 0.254070762455757 0.260575874384773
0.199826673537163 0.211720656018693 0.292076281231202 0.296376389212943
0.396218590659445 0.375899527281111 0.175470167520061 0.0524117145393828
0.252543207376076 0.241538999134202 0.182524790154628 0.323393003335094
0.350469686236251 0.369172856278502 0.205794395460066 0.0745630620251812
0.148715574255135 0.120658841005232 0.335617031268389 0.395008553471243
0.0904920124548262 0.285444921197946 0.25085839927387 0.373204667073359
0.148533870354666 0.118021982904873 0.431601006964855 0.301843139775607
0.385742347618171 0.0262342300962278 0.0376329310820529 0.550390491203548
0.00968284547705177 0.131061773480867 0.12106860282781 0.738186778214272
0.179283309487045 0.23413565676955 0.279139123727337 0.307441910016068
0.0881196474284661 0.328105094849043 0.323144011424318 0.260631246298172
0.306137194597243 0.0556220758487743 0.0772547484170772 0.560985981136905
0.360027254983266 0.329573889933947 0.0512104625591741 0.259188392523612
0.272938186175328 0.381533397363528 0.0774230868311653 0.268105329629979
0.190148718095741 0.079827780658102 0.174859475336727 0.555164025909429
0.188063112776288 0.202358890192812 0.181825360238391 0.427752636792509
0.292075382962052 0.312859687451522 0.296833224799042 0.0982317047873843
0.181894947760776 0.312444108259855 0.421827982331402 0.0838329616479664
0.141427776507874 0.317469305885062 0.284181650872706 0.256921266734358
0.3501582879608 0.0626515623687365 0.242649930629573 0.34454021904089
0.303926613777246 0.316658424024105 0.214948765205305 0.164466196993343
0.410430544444919 0.441784686114514 0.145920668173291 0.00186410126727631
0.0611033811859416 0.20243861530136 0.615653419322982 0.120804584189716
0.246654362128401 0.0624737593364232 0.419457411427272 0.271414467107904
0.0323386005603398 0.14536024178951 0.40970924267387 0.412591914976281
0.0931744460076802 0.0505935582046213 0.453364901062869 0.402867094724829
0.252844721918233 0.0640101318128583 0.634330142275583 0.048815003993325
0.137094379962314 0.610298610856893 0.115436640690792 0.137170368490001
0.348550194766579 0.166913338273022 0.417078705424793 0.0674577615356056
0.258031838753141 0.227733659372299 0.257903637704888 0.256330864169672
0.274697493286473 0.405630240906175 0.135744373769867 0.183927892037486
0.329030060275619 0.254212797710727 0.401266771209924 0.0154903708037303
0.473384382906531 0.307863257753476 0.0594014121745792 0.159350947165414
0.184155217020865 0.325882654197795 0.240433459392191 0.24952866938915
0.183891870905382 0.285478872046998 0.27138422750745 0.25924502954017
0.315157322003047 0.155659591531591 0.293559350234706 0.235623736230656
0.116770871389129 0.358652266340542 0.0404514929973275 0.484125369273002
0.275795490137984 0.166990212534284 0.308061288837962 0.24915300848977
0.240616501840734 0.390763952629928 0.257360807127208 0.111258738402129
0.32426924453209 0.0454079324809542 0.401937055418293 0.228385767568663
0.368798140675714 0.412591181758257 0.196763115433731 0.0218475621322988
0.044112050292498 0.358412714647543 0.132656208123887 0.464819026936072
0.226770532917722 0.32830276915361 0.431728198202042 0.0131984997266258
0.423168252487639 0.24831769316222 0.26608838392466 0.0624256704254817
0.0641518187563371 0.178869983370129 0.494587645237229 0.262390552636305
0.032644212078865 0.29981331775127 0.346448747537939 0.321093722631925
0.0301380742465452 0.342565721579309 0.167950482871557 0.459345721302588
0.298272519779292 0.0814695698376568 0.112913425979689 0.507344484403362
0.0498013012302468 0.491273944529753 0.283449274807478 0.175475479432522
0.0638077558916757 0.492345942814792 0.414151811425188 0.029694489868345
0.150796928463344 0.33640173004842 0.423586253257971 0.089215088230265
0.222201087843782 0.23094775391414 0.335922330164182 0.210928828077896
0.249220072520037 0.208601798871873 0.281918236548244 0.260259892059846
0.018771507328176 0.159117630669548 0.420606725091795 0.401504136910481
0.0191350456115246 0.138819006395948 0.418415558471627 0.423630389520901
0.303567744895634 0.321414856088454 0.324910735445185 0.0501066635707266
0.00732224949841342 0.442466362195493 0.0625897762117493 0.487621612094344
0.221065681717513 0.217488446683298 0.407728894456065 0.153716977143125
0.209072306086526 0.0693733758432723 0.510282710778401 0.2112716072918
0.0270654495289276 0.389499529170374 0.27891138178818 0.304523639512518
0.40383447971832 0.177772221527312 0.0397449351992158 0.378648363555152
0.154878727029218 0.0538393160115634 0.32225755230775 0.469024404651469
0.215674699475335 0.0989853391507743 0.409365392503591 0.2759745688703
0.00508092890601776 0.338100827677714 0.641981344108892 0.0148368993073766
0.354405924150632 0.0141022255271739 0.294338458708147 0.337153391614046
0.22694192594907 0.244850606385444 0.296524258405263 0.231683209260224
0.122864865315911 0.210706339578488 0.304307097386282 0.362121697719319
0.332665012424793 0.278791536345683 0.324524973392236 0.0640184778372879
0.257048000446065 0.301120361791682 0.237695282637917 0.204136355124336
0.131120660799848 0.295980364854589 0.267804780014572 0.305094194330991
0.277543612768448 0.317282428740086 0.238490426160868 0.166683532330598
0.157426370842538 0.109123811226201 0.435258968877888 0.298190849053373
0.182268868480394 0.012750561634386 0.405466718257353 0.399513851627867
0.311210017683128 0.357892910676091 0.159369965068728 0.171527106572053
0.0241689454351803 0.232074830568499 0.541844278448032 0.201911945548289
0.321221046815009 0.267608080602051 0.355149595905719 0.0560212766772199
0.285934330064124 0.0206078344411628 0.298596302850809 0.394861532643904
0.425723034651109 0.478002861275221 0.0554324690991555 0.0408416349745147
0.122255907471199 0.433977671577122 0.42379007236489 0.0199763485867889
0.238601679262445 0.477911369913707 0.0146447962490535 0.268842154574794
0.152454375934315 0.617954192288641 0.0436626555677971 0.185928776209247
0.0699467414296806 0.470172682858579 0.0530509180080015 0.406829657703739
0.195390851872593 0.299371777376812 0.172326172808154 0.332911197942441
0.158033061472403 0.0864539781510986 0.589763495826446 0.165749464550053
0.261261863891815 0.153205820951443 0.275485108616194 0.310047206540549
0.0772268217107034 0.411213325317341 0.153660715774317 0.357899137197639
0.177174885719176 0.493020505115909 0.273707565955312 0.0560970432096029
0.206990392285763 0.571414538304688 0.0918776487481837 0.129717420661365
0.792485626319007 0.0433501225388325 0.0865880663421022 0.0775761848000584
0.111903686315769 0.0340203930591679 0.513258465285058 0.340817455340005
0.245253988698783 0.226162725447662 0.25314734653256 0.275435939320994
0.231888185629186 0.398016054381099 0.214029007388962 0.156066752600753
0.389199188935891 0.319348265600463 0.0542576480823121 0.237194897381334
0.281740746787399 0.270659038853379 0.21817846574572 0.229421748613502
0.0101787914489924 0.574111926598468 0.0942708904389589 0.32143839151358
0.227526502121274 0.180255033986504 0.392328386861268 0.199890077030954
0.0818334010016017 0.233517442470981 0.371266130144523 0.313383026382894
0.446617755315371 0.144713007783645 0.245695933763342 0.162973303137641
0.125370280249201 0.415751979848975 0.370602280317683 0.0882754595841412
0.230772863333679 0.0630578003803766 0.443937304228841 0.262232032057104
0.160961863845769 0.245962657911226 0.47921923856446 0.113856239678545
0.0979922537323998 0.0485038236957503 0.441341559124139 0.412162363447711
0.375489302225323 0.209302236455502 0.339210768353646 0.0759976929655288
0.232889288176551 0.178065336565559 0.036265359445285 0.552780015812604
0.0094417392494595 0.637295400935842 0.208454770711591 0.144808089103107
0.419636758362727 0.420825771275097 0.108335603352132 0.0512018670100447
0.337009272106291 0.219244452602654 0.163092385822582 0.280653889468473
0.232395501816188 0.222707125082444 0.388686698131344 0.156210674970024
0.325701883933047 0.299606652600853 0.172368378910135 0.202323084555965
0.220732000046511 0.00188055921288771 0.286579992208745 0.490807448531856
0.151194724923377 0.430558746123574 0.0871693820767084 0.331077146876341
0.0780342034272205 0.28362216784346 0.511281544807435 0.127062083921884
0.0230192139855634 0.004775212068615 0.52529842706744 0.446907146878382
0.188230900305014 0.35920800681312 0.0969995883708376 0.355561504511029
0.0885305355275892 0.510902128312524 0.115866489623962 0.284700846535925
0.207657849831655 0.177348401273587 0.30102284808664 0.313970900808118
0.0519725553683918 0.0246849345946568 0.349058978881027 0.574283531155925
0.597244232466414 0.0599407489231202 0.184353848898447 0.158461169712018
0.423416780663632 0.208174061511142 0.178188593124738 0.190220564700488
0.458632611002828 0.0610758824247465 0.0231767556788471 0.457114750893578
0.342442099532671 0.103132456018619 0.144977869731704 0.409447574717006
0.384535599778487 0.0672712663208784 0.168547940619171 0.379645193281464
0.171274955400229 0.32009845591799 0.216263593388876 0.292362995292905
0.380759238893214 0.31019543397344 0.0573174733073089 0.251727853826038
0.370856744891384 0.181316402689438 0.12383207108868 0.323994781330498
0.371044899653063 0.101168991797716 0.211694078047004 0.316092030502217
0.320248237022281 0.602547995032623 0.0681441474715425 0.00905962047355401
0.227283984250387 0.220065716549256 0.463617490397941 0.0890328088024164
0.271256676038979 0.441259135859298 0.0261556466393374 0.261328541462385
0.118876153872948 0.206661617989647 0.38765242023484 0.286809807902565
0.383007439994318 0.317436067353218 0.226985451071725 0.0725710415807384
0.0899136152622722 0.137877442056677 0.446740725875262 0.325468216805789
0.167904590369177 0.379842377627953 0.169511369480073 0.282741662522798
0.0626598453089517 0.349932422269988 0.271340584417445 0.316067148003615
0.386133931749821 0.098194047644077 0.391664851815309 0.124007168790793
0.221984561780044 0.270784935965515 0.263324900245991 0.24390560200845
0.00538213541568266 0.474529185595143 0.439331159210796 0.0807575197783779
0.18946009218787 0.185764771941173 0.368364912771163 0.256410223099793
0.260290291777311 0.104282549402754 0.468191845745071 0.167235313074863
0.289197301050426 0.0157396997244811 0.590220286914823 0.10484271231027
0.24051952525946 0.308909180308156 0.143259454899409 0.307311839532975
0.239536352066652 0.284164142706111 0.249539702010176 0.226759803217061
0.324844261101576 0.289958424073441 0.322413194396913 0.0627841204280706
0.32423638424482 0.348734005377454 0.310050714545531 0.0169788958321951
0.126177164256932 0.185488678640623 0.429246775408187 0.259087381694259
0.45988675611294 0.45733158014148 0.0442998386278374 0.0384818251177424
0.131262220909141 0.271367526755815 0.454156481795015 0.143213770540029
0.275028394246281 0.177013576334011 0.124361641758897 0.423596387660811
0.00437436769970193 0.134123846605589 0.501847721335713 0.359654064358996
0.283984554273604 0.119413515468274 0.44013276017523 0.156469170082892
0.185152580857133 0.574603868653053 0.0943911778290471 0.145852372660766
0.274471010872247 0.286954962472142 0.224388600507238 0.214185426148374
0.331055273626988 0.183799318974683 0.200284429686693 0.284860977711636
0.0809996086915775 0.766296108910535 0.0452959845426497 0.107408297855237
0.102117711283246 0.377044167172545 0.26420917480066 0.256628946743549
0.285394799020849 0.214914855655685 0.442115874278478 0.0575744710449876
0.0714327182719766 0.46285841632622 0.138980698212752 0.326728167189052
0.249938690253761 0.311157299222873 0.00732372456991486 0.431580285953451
0.484718237543993 0.181189393539124 0.157625069257255 0.176467299659628
0.33030005066061 0.285731179361831 0.286762101854983 0.0972066681225754
0.229494076384486 0.464367090804768 0.0851313905728837 0.221007442237863
0.232237340122827 0.221695310325251 0.274397186330497 0.271670163221425
0.224087088402623 0.30661231978166 0.160432744481712 0.308867847334005
0.102488983374001 0.113452708570939 0.230272837236332 0.553785470818728
0.19132670874775 0.157578314984044 0.383829683512093 0.267265292756113
0.0582685414156851 0.0754366633947682 0.542183276204588 0.324111518984958
0.198369553228837 0.25312270056903 0.193614134268154 0.354893611933979
0.317840710725254 0.19449074716493 0.350400075008534 0.137268467101282
0.369407786842495 0.281861886296284 0.108839987414869 0.239890339446352
0.259833511949992 0.238103966420386 0.311051422481113 0.19101109914851
0.190288157547538 0.187659875321751 0.357652762453496 0.264399204677215
0.0338047529113263 0.0220492256970262 0.746321722443141 0.197824298948506
0.274182689951974 0.0633283385391672 0.338860062512039 0.323628908996821
0.161944081352348 0.325145310262676 0.269371774519639 0.243538833865337
0.0321810005304983 0.00637696018339287 0.662422347092894 0.299019692193215
0.278600022816244 0.324817686800662 0.0659497891238096 0.330632501259285
0.169744287843751 0.0227258785074488 0.367217953665409 0.440311879983392
0.095402645191238 0.105216711829419 0.278484913997587 0.520895728981756
0.194644673967171 0.200904023473815 0.217953763185441 0.386497539373572
0.435223501211719 0.10850954977713 0.121968563899038 0.334298385112113
0.174910340526844 0.126032762233824 0.368839868870826 0.330217028368506
0.275084260082485 0.218951962917958 0.369830734428266 0.136133042571291
0.358545968935857 0.264564538502505 0.303545167037996 0.0733443255236421
0.421531665950102 0.27095923246757 0.0762581613074543 0.231250940274873
0.0498925091388504 0.364492532637382 0.323290255113082 0.262324703110685
0.333967334560325 0.22062379314525 0.0896992599201963 0.355709612374229
0.409294549618247 0.137673957829677 0.203099271912784 0.249932220639293
0.209027383106811 0.0832680070885029 0.439153930765483 0.268550679039203
0.0401524360470245 0.295021549624018 0.123616762265962 0.541209252062995
0.330851513613747 0.373192067466607 0.0743039697800209 0.221652449139625
0.0250252466787236 0.245078618901806 0.291313640720668 0.438582493698803
0.361210984853661 0.0557691226479826 0.287119989583543 0.295899902914813
0.283435680051417 0.117559393905332 0.338458212377944 0.260546713665307
0.215386499951015 0.300261694464777 0.365087284384431 0.119264521199776
0.3376746476292 0.140375098098421 0.505643117754712 0.0163071365176666
0.275727805828174 0.209647571630802 0.0990041229195824 0.415620499621442
0.331018342563142 0.0131360382158909 0.395099619409025 0.260745999811942
0.243546250339969 0.301781033308685 0.250979041717889 0.203693674633457
0.474387355881528 0.321618295249929 0.134941262611602 0.0690530862569411
0.343647789658199 0.168043501836761 0.0617048791934318 0.426603829311609
0.310594194469009 0.302608824683555 0.241712244860268 0.145084735987167
0.192078796324909 0.32392732366073 0.21661921339353 0.267374666620831
0.0562959274498204 0.00490220179061127 0.487126526814708 0.45167534394486
0.504389231414755 0.00942868291684175 0.399807354846067 0.086374730822336
0.445944519589223 0.260723766823311 0.282581509379754 0.0107502042077117
0.305484397309303 0.293439887203184 0.236828565514917 0.164247149972597
0.542916390317044 0.017046264351239 0.0242565762565901 0.415780769075128
0.44392748286436 0.0640437902365187 0.210760559491032 0.281268167408089
0.243201933845676 0.471774295829507 0.0212498734113516 0.263773896913466
0.20049965070198 0.193876102150146 0.304680344044287 0.300943903103587
0.296923522104869 0.218035329133614 0.364076878547465 0.120964270214051
0.028134853452189 0.0148461374381577 0.0465397927132367 0.910479216396417
0.0924539122930257 0.241693928508397 0.589510447623459 0.0763417115751187
0.02653677117639 0.126381700148047 0.512126277230581 0.334955251444982
0.229137370769577 0.166240225895123 0.547993963894562 0.0566284394407383
0.132791546594613 0.220420583999571 0.381559311738585 0.265228557667231
0.131833160192862 0.215874155117248 0.455389365089222 0.196903319600668
0.0618389758724777 0.345334169684539 0.25295792367901 0.339868930763974
0.194934579827681 0.200906465861778 0.387089149614239 0.217069804696302
0.252737121432128 0.0681371383500244 0.338011196283793 0.341114543934054
0.0514455818073759 0.245623732851751 0.406750383230202 0.296180302110671
0.332575268360447 0.0665886873376254 0.211018489400809 0.389817554901119
0.398063642908595 0.0388204014850008 0.204514463348137 0.358601492258267
0.403173001553003 0.265985984232437 0.152996675125626 0.177844339088934
0.0241892587218608 0.553663576705717 0.366331389622557 0.0558157749498651
0.303540613421294 0.355106832667253 0.156786536489963 0.18456601742149
0.12693568598205 0.418324037745712 0.369262689945424 0.0854775863268141
0.394579321218212 0.234068475696559 0.0492397845815653 0.322112418503664
0.518022734021379 0.226741486998547 0.253958584340519 0.00127719463955475
0.358360542022173 0.179938747825278 0.284911213179011 0.176789496973538
0.438802490381664 0.281757033345288 0.193666672814944 0.0857738034581039
0.10919104178171 0.034268720349636 0.456780029847195 0.39976020802146
0.218742976705405 0.415223137759827 0.31965532657485 0.0463785589599177
0.325172789136669 0.394459975082834 0.00349372934599569 0.276873506434502
0.311929320945183 0.284679439973618 0.280998974648105 0.122392264433093
0.560721116811937 0.0141405761633322 0.19717518489873 0.227963122126001
0.27682839057764 0.111707646663624 0.0486395787069955 0.56282438405174
0.192934187561618 0.199341668701101 0.499922422168057 0.107801721569224
0.257135566352831 0.18736183043438 0.424751836820289 0.130750766392499
0.194531504209529 0.273979400376245 0.16172510296166 0.369763992452566
0.235832509485965 0.213075305008323 0.273166080570719 0.277926104934993
0.338427252263135 0.1253314288596 0.0698528661742645 0.466388452703001
0.207709013201254 0.453706306481402 0.0894951655925589 0.249089514724785
0.148208675300287 0.0355076587539423 0.348893544954359 0.467390120991412
0.120692588101978 0.389003349238829 0.256010955099114 0.234293107560078
0.362714484446809 0.258144234124708 0.285548870006314 0.0935924114221692
0.181159191000592 0.195206191504344 0.289037302003847 0.334597315491216
0.146085998497063 0.541320908945669 0.148067291548818 0.164525801008449
0.0500217230394534 0.301569242971251 0.359869810419118 0.288539223570178
0.80350869571697 0.115274204021814 0.00923628044378989 0.0719808198174254
0.221572433385934 0.646381435662766 0.00589886119612745 0.126147269755173
0.265445907490544 0.0782902213955987 0.419539734277081 0.236724136836776
0.257188759282388 0.149355872587757 0.537570624305225 0.0558847438246298
0.231337031564239 0.129744745578296 0.329350290055697 0.309567932801767
0.327227560438107 0.30782288403907 0.0777741819709682 0.287175373551855
0.159317993700374 0.276455875507689 0.176836477062997 0.387389653728939
0.247878681123713 0.16757555934943 0.162721637043605 0.421824122483252
0.27854999612403 0.20942482080016 0.283604446638852 0.228420736436958
0.43311666617378 0.0752605020670531 0.0854392730815338 0.406183558677634
0.452871779820284 0.0880354680192795 0.366411673954742 0.092681078205695
0.176263386480493 0.433967125473957 0.156103179377582 0.233666308667968
0.241772638044679 0.384764535980247 0.160553962612263 0.212908863362811
0.37759799777712 0.241436003540063 0.123106381962869 0.257859616719948
0.230550230262597 0.103426930939833 0.369492420701755 0.296530418095815
0.475823725651695 0.18869865340105 0.277664230566686 0.0578133903805693
0.0574489325477865 0.264283523754767 0.37988856074985 0.298378982947596
0.490866834612409 0.428131479106969 0.0201618735475525 0.0608398127330696
0.341241246990646 0.110299323860489 0.0812629708456963 0.467196458303169
0.311963651778557 0.0458899481368934 0.396274649932018 0.245871750152533
0.320512230953256 0.236522903366806 0.180633594461402 0.262331271218536
