0.123773657987713 0.0618334308343666 0.0497710798259663 0.156981898604323 0.0329807824292499 0.143831996407069 0.208418483254522 0.22240867065679
0.17824725430904 0.0539143806359498 0.120501196856595 0.0540762877961869 0.109982752297404 0.179881052072529 0.199494313945985 0.103902762086309
0.209543228762115 0.041293773647869 0.13521901250886 0.0400230467039722 0.207935616477209 0.135062330050508 0.0380524753715755 0.192870516477891
0.0826326056833956 0.074960786574405 0.162453759358822 0.115589268744126 0.183486848261321 0.129287936318863 0.113059311917679 0.138529483141387
0.185079185163173 0.188233314777087 0.130905687101516 0.0605700986180292 0.111057074011216 0.137600338201752 0.00359653501019794 0.182957767117029
0.0673107802588467 0.0595843679933311 0.0878197214888711 0.212570971425176 0.0819952543404186 0.13216748083461 0.251076485869222 0.107474937789526
0.0159780691409485 0.195386640105416 0.103414389702089 0.223699252877135 0.0535953758269597 0.162193970599743 0.0579349908377713 0.187797310909938
0.199728947828822 0.03435714153426 0.0270244033077526 0.110506139315673 0.168968573814213 0.128475248137885 0.237842047285637 0.0930974987757569
0.0308036881005838 0.175355189511051 0.0732487109443767 0.277967958727283 0.0832649162879512 0.0826815985538926 0.169379154153084 0.107298783721778
0.0440019125177715 0.180840869220421 0.176570474723849 0.0775520667651146 0.0190803429128588 0.0918835562623351 0.238809993543797 0.171260784053853
0.142161162991342 0.0355186351983283 0.10308011069643 0.0982169362764468 0.20466895204459 0.136840718794736 0.178273973505275 0.101239510492852
0.123090541031422 0.0249465410549985 0.147994651743861 0.0493323197314742 0.116711388937092 0.107715793506954 0.169979918395512 0.260228845598685
0.191062056613032 0.203699093392074 0.0850894636687197 0.125260940986365 0.0198549890626718 0.0328243979694763 0.185397775218497 0.156811283089164
0.173598044600774 0.129778534540431 0.0712328506376968 0.117587271151727 0.12409286161446 0.161211830300697 0.221790198885942 0.000708408268271785
0.194789198687007 0.075675685128876 0.0726033572563361 0.120025234657941 0.212317132212276 0.18063251641098 0.142672675858825 0.0012841997877588
0.333699167016415 0.0711042652348202 0.163937289834783 0.00375109336378959 0.052190076286056 0.0328601513207678 0.292736645597815 0.0497213113455534
0.12135165647393 0.0958618328517143 0.0990371464379072 0.161262555423584 0.206820181798367 0.0690255830334398 0.120323312865321 0.126317731115737
0.224756226456954 0.0609189430730633 0.222359434769895 0.168241948482886 0.0624329465628903 0.0222942155718219 0.13247393935329 0.106522345729199
0.162700598354123 0.0441867266663243 0.241705950310171 0.0280116366103562 0.00528906953598313 0.13555256913413 0.136402946186328 0.246150503202584
0.064946206880074 0.105064345643285 0.00157868384039795 0.0233592547008844 0.311322513107298 0.240570205249501 0.0501596555886304 0.20299913498993
0.192424217571568 0.0124074744449579 0.15937787858128 0.258244769777045 0.0538306829656463 0.0169624203460982 0.133406534753646 0.173346021559759
0.103534785420485 0.12807805524351 0.00535309853373896 0.158910501644868 0.180272301370916 0.00470319263683147 0.197205173000985 0.221942892148665
0.0484996525914816 0.148980976774819 0.146804314103967 0.0332822446707813 0.218943682177899 0.08503160713907 0.147140487412307 0.171317035129675
0.153565712506585 0.00207009915432028 0.0380110122388114 0.229755985579459 0.199099382518724 0.11263259059503 0.206607634094505 0.0582575833125658
0.0132851109380064 0.206433045583255 0.0772478960530731 0.101704184216381 0.219731652170751 0.0618654550412334 0.201014332491806 0.118718323505494
0.159653623630192 0.049060933918052 0.019798517569187 0.194357851887537 0.200181533805136 0.0232447952673021 0.109661898343774 0.244040845578821
0.177199034899238 0.123758999302468 0.13523186121305 0.0669101207187816 0.161229392411585 0.0784637278593768 0.135784749182759 0.121422114412741
0.187816748598591 0.153936867004851 0.0828336225749442 0.1010681584141 0.0363738665046766 0.07145110643601 0.165301691660225 0.201217938806602
0.141959561743604 0.121576214385581 0.0744505686989259 0.021228331602242 0.111649883313085 0.136010808292746 0.186891020817257 0.206233611146558
0.205809609435401 0.0655577795034833 0.0402184462063906 0.0808629965619227 0.0466080786523188 0.170469519702965 0.120588397474009 0.26988517246351
0.233739500283775 0.0132106553086303 0.0658776967386052 0.342448994685821 0.044830460308613 0.00466604370411608 0.0428910544920562 0.252335594478382
0.192598461548629 0.233889119545265 0.131854454082657 0.106249042804116 0.0230599640535194 0.101189363869219 0.127578287947143 0.0835813061494516
0.215457404050976 0.0734728532593068 0.116886938839138 0.0373161292458278 0.150178643353908 0.174558256038536 0.220918859206813 0.0112109160054936
0.179863564171055 0.0966978100471975 0.102619803950708 0.17023141545901 0.154218460878733 0.0662987495878102 0.0290279515285822 0.201042244376904
0.153429972030019 0.0936050647621819 0.198536673223073 0.0655097934153987 0.129120800188827 0.0734638515648549 0.102614906991131 0.183718937824515
0.000875667721509189 0.0088776263987705 0.110889394551555 0.330097727958717 0.0859342404620607 0.00922831583635154 0.215087347714779 0.239009679356257
0.148547061525017 0.132508790426314 0.133247094508276 0.215533598120869 0.0851409159156636 0.0246425015031357 0.0135035665112097 0.246876471489515
0.0400910124777896 0.0593064214524158 0.240409024819909 0.21798027406111 0.250911863497275 0.0706525387541967 0.115770096325705 0.00487876861159957
0.0892998238143563 0.239075408629051 0.154425080963419 0.0759215039798194 0.0116348382401925 0.200864700352368 0.202481871076865 0.026296772943929
0.122663083135227 0.1333525501683 0.112973924301781 0.0767598853090656 0.156741507480921 0.00553835819133448 0.202353321497244 0.189617369916127
0.0628894946807587 0.108119291274555 0.148094968473738 0.184704306682172 0.0694066717173108 0.0195923965039145 0.162310069933039 0.244882800734513
0.183682004677295 0.169321239144191 0.171937965466669 0.0784195162621031 0.164866350165018 0.151169874937709 0.0762138457552431 0.00438920359177166
0.0904742627413812 0.170064147768626 0.0902350684210685 0.154662153225609 0.129815773104211 0.178192373292728 0.0817361757401352 0.104820045706242
0.184562213016677 0.0341530753703475 0.109455784195854 0.16804201400105 0.0429751814647476 0.204580407478784 0.171424481042539 0.0848068434300013
0.129659757597458 0.327544900672314 0.16816414678872 0.109526925628314 0.061119078640099 0.0790370624306765 0.0561611037907794 0.0687870244516396
0.126930034570341 0.0415806042707889 0.0884451812208018 0.207792647797896 0.264198477958863 0.0312215431291959 0.13385478188285 0.105976729169263
0.13090760963655 0.00368905032434709 0.072500915245316 0.199659619405485 0.145258045369925 0.136644811905074 0.166138557428025 0.145201390685278
0.0802004881964204 0.140334882398978 0.132230877200965 0.117657493418767 0.213318954098452 0.0591101560810277 0.194740861581937 0.062406287023453
0.0907877314562868 0.154252446740427 0.058548515955156 0.15000555652379 0.228131942742259 0.0573059926442913 0.125081583970483 0.135886229967307
0.160919322777069 0.105996058705439 0.0835517521966794 0.0726219702227349 0.160543253393117 0.259134514667918 0.0930859089971806 0.0641472190398633
0.184261227795098 0.167310293415014 0.0727482095589887 0.174165678277076 0.218221000524376 0.0778657723320551 0.0402687374406119 0.0651590806567794
0.119755013088541 0.194542068044358 0.0276019144755683 0.176658136603766 0.224298885737679 0.0997900193741849 0.0414684520437606 0.115885510632142
0.191442718992221 0.0102802518120337 0.14591835144177 0.0780216304810564 0.122623697358344 0.0745471845983068 0.233194138992951 0.143972026323318
0.0770115715564598 0.0387703471860151 0.0713332379219209 0.233718000208733 0.14456283685948 0.0850033024080286 0.119818304114008 0.229782399745355
0.0644660124222993 0.0984377407466616 0.193940287316772 0.00998934059380822 0.121322185284392 0.238627599371278 0.0495277516072823 0.223689082657506
0.187704576457273 0.0264528306382964 0.152325217544446 0.122180047800811 0.200936234421325 0.0377257840239821 0.155531797909651 0.117143511204216
0.172272439608198 0.122323886070989 0.131484618068321 0.162395992622881 0.0829173094903546 0.207799022618955 0.0627136491269379 0.0580930823933632
0.151313269230722 0.0867684076881905 0.110836032239818 0.217420880110122 0.170901934654443 0.0158175448130346 0.0547992560934167 0.192142675170253
0.094331431401325 0.124242810287593 0.0687852953737117 0.102598899428226 0.0703228951505537 0.0833964223792732 0.221232827188076 0.235089418791242
0.064753847141509 0.30061347045908 0.0648393157357943 0.19252784798118 0.0866030519046039 0.00303091531645351 0.163422459073183 0.124209092388196
0.171761603632439 0.223282100809866 0.144277979259691 0.202132929241906 0.067087914997114 0.00387776200446361 0.141312517217438 0.046267192837081
0.0235310674739442 0.306433103625511 0.193378548337262 0.122513870069163 0.188781613940515 0.0342214572568556 0.0998880028446748 0.0312523364520745
0.313614094480445 0.130927591135877 0.0541483112630723 0.188192434738776 0.00865884352192348 0.282498297878774 0.00185987090955617 0.0201005560715753
0.302565298674448 0.0256557031845925 0.197711112429755 0.0391023972481409 0.289801553020339 0.103456249308619 0.0271115650215312 0.0145961211125745
0.00589920632036674 0.0658011757761381 0.134946388825675 0.234818278734024 0.251571285547339 0.212684282476536 0.0389123987519309 0.0553669835679898
0.146892503753267 0.112104966001131 0.14243517527835 0.190825598412808 0.13668744114714 0.03157417276105 0.177049241800875 0.0624309008453805
0.146989314651412 0.184840661536122 0.0509236937465236 0.175495613024167 0.174590497125226 0.0486994060766933 0.124556755024772 0.0939040588150833
0.0721452783327903 0.00513022214635698 0.202393058707477 0.219940526274054 0.184243602334642 0.205641430673884 0.0836632224542871 0.0268426590765081
0.150717577207443 0.222327942675481 0.0823302553627367 0.091107259307789 0.189347395628311 0.0766549923184263 0.09404617741032 0.0934684000894932
0.132047954656591 0.0260137264417884 0.156912453191089 0.156461784180477 0.169485296558777 0.0620854856759513 0.111662181200679 0.185331118094647
0.166264943778644 0.121749859217798 0.0329133384735252 0.231018406008098 0.0253179619330529 0.151458737915623 0.149943751334208 0.121333001339051
0.135378947104513 0.0303043243530369 0.0924474522245825 0.186496541736257 0.0582597232652967 0.216987307761443 0.214496620741139 0.065629082813732
0.178499016633425 0.0256822240193089 0.137331556698649 0.0431831644262767 0.0367319730161077 0.148112105193225 0.32545791210154 0.105002047911468
0.040449941090529 0.138603711002988 0.143781741680288 0.169745597767505 0.112935558314807 0.138550973249803 0.05132526275193 0.20460721414215
0.0202504112873938 0.139815334705377 0.210142874259823 0.0154328008319311 0.137974221123366 0.218434928587477 0.0239211427488648 0.234028286455768
0.115846148106595 0.0936707328142813 0.158405078722421 0.147864154638147 0.119796656052106 0.194520882547453 0.0300410554461564 0.13985529167284
0.078157072755346 0.0570365194439687 0.0642452426764172 0.228499782758327 0.247487549032724 0.118484859021995 0.0451895747978233 0.160899399513399
0.0621384199910335 0.0387490908661804 0.157684254219127 0.0571651822702661 0.169593261196822 0.209965563911942 0.104046365242125 0.200657862302504
0.16032413814671 0.0875676906722025 0.0882584525695567 0.164653747417007 0.00633529578840048 0.0921227393656261 0.242853422458439 0.157884513582058
0.148838920325311 0.165625615550683 0.211930353163439 0.08496948916695 0.196581692731473 0.101546269200224 0.00114624509651075 0.0893614147654089
0.0176102975004702 0.221106186475349 0.140901481472537 0.064297673601429 0.201447262888699 0.103539275924652 0.151243077839007 0.0998547442978567
0.0913587456299339 0.253503794858303 0.202684734704121 0.0283808568111129 0.00876434123471721 0.13470474344751 0.139039477946753 0.141563305367549
0.11398273246671 0.0451506944163569 0.207074670542294 0.209108135855931 0.0877317458530878 0.00774376756792417 0.118242338621602 0.210965914676094
0.102302565689262 0.156274900139212 0.164327403259452 0.117258444697541 0.022987793924723 0.170101841638948 0.202739225255561 0.0640078253953008
0.118090412097494 0.183581070395801 0.202297131435361 0.127535834764348 0.0827335587635018 0.0929643498072197 0.0254819187498472 0.167315723986428
0.148339328023728 0.0704385846788913 0.0156978526286022 0.154174371657531 0.126478089973122 0.140810034894854 0.144205984252592 0.199855753890679
0.157878902513906 0.096986342900059 0.18043551124726 0.0864992621429327 0.0395359031366197 0.0871727638280015 0.174918283958757 0.176573030272464
0.196726661632391 0.0302153324794101 0.040976218716283 0.016212456267398 0.146618120646092 0.203181385351337 0.235905697422438 0.130164127484652
0.0602068818652883 0.059969358122758 0.098903690948878 0.184242105148198 0.18307201599351 0.142364113256636 0.104920788561402 0.166321046103331
0.0273855004344136 0.155356264025031 0.182549897047871 0.161544647642771 0.0480940452779736 0.220526721478326 0.0388181919481153 0.165724732145499
0.160206803619173 0.0234365117054022 0.107545559019021 0.190163464712747 0.213150769649962 0.0212556212189958 0.056497139853051 0.227744130221649
0.285322794282393 0.023781048003785 0.101769597569128 0.187905413280177 0.0314881138484792 0.180687511331129 0.114348259512719 0.0746972621721898
0.157752080123701 0.0848324513683459 0.0720536617741017 0.161019475838134 0.0924794154339754 0.216571958266638 0.210566416352582 0.00472454084252142
0.281248218763783 0.107927221168513 0.115214123861043 0.0789059670448051 0.025194409119719 0.0661146181266539 0.194763707772417 0.130631734143065
0.153268133540764 0.23636169184017 0.000705418417961105 0.0349005503178246 0.223326728757565 0.0556785628228792 0.064897239260593 0.230861675042243
0.231835064680498 0.0374286958022379 0.0527919751447549 0.0694156105956452 0.171261827756523 0.0977924609954479 0.188546181424705 0.150928183600187
0.10688832245375 0.135441427172913 0.0598986709780825 0.129224115550893 0.126070965034459 0.160845826840621 0.13603179012292 0.145598881846362
0.258190962492289 0.191618836784815 0.142409611939136 0.0106985564781388 0.0699867306128261 0.067114529290507 0.167054740311972 0.0929260320903159
0.0316671536711025 0.180390270692502 0.0105045037087358 0.223403653116911 0.0470324417249705 0.0351193987980299 0.202125164907424 0.269757413380324
0.0894975114359488 0.0904546866584333 0.0706704919761575 0.00500022351683892 0.128599331063741 0.21512967421518 0.155275539003489 0.245372542130212
