0.298001857094923 0.362876417502153 0.0376001742094958 0.263994662409462 0.037526888783965
0.492065705404631 0.261455871742026 0.122462499987861 0.0630892174929762 0.0609267053725055
0.0974911738227721 0.204339244209463 0.151581804600034 0.305212744307459 0.241375033060272
0.285265627292305 0.11526629196103 0.272647717937873 0.251316481628305 0.0755038811804865
0.376111467218777 0.0377354527507737 0.137279106111149 0.298217530759052 0.150656443160249
0.0168058969671247 0.366165748140107 0.354528730218293 0.246334398109101 0.0161652265653747
0.117401396826211 0.0136639395470041 0.255006491091511 0.385308215433189 0.228619957102085
0.107863484951832 0.291286361638104 0.289547815586754 0.0970125832018195 0.21428975462149
0.153976293769045 0.181687718400161 0.121209542621238 0.325170113235808 0.217956331973748
0.277301892697118 0.251066710838895 0.0761624177437358 0.0676214578556352 0.327847520864616
0.023245927723047 0.311705444525662 0.292731760695627 0.303344033196137 0.0689728338595266
0.025077754691933 0.4675860118827 0.201313105445462 0.22316074380352 0.0828623841763854
0.265566219164793 0.140781633780642 0.074301163950068 0.288130031005572 0.231220952098925
0.331929478236725 0.190574026688795 0.18701037612182 0.0948826658144911 0.195603453138169
0.157760368310698 0.206148860230629 0.169543636231057 0.0784207794320721 0.388126355795543
0.328140851047679 0.199221691732781 0.327712167849914 0.0352950115591906 0.109630277810435
0.280629539744537 0.300644195271887 0.26910268887333 0.0583055157577415 0.0913180603525036
0.252426075266805 0.182089632119884 0.0402371365847956 0.31669646013801 0.208550695890505
0.148335715750616 0.385652340975296 0.0176142703395912 0.155318077640224 0.293079595294272
0.371029713563287 0.165964936710027 0.121010021396322 0.206138045424761 0.135857282905602
0.176780341143109 0.203053270972323 0.231284950099096 0.187749657201008 0.201131780584464
0.222207725094464 0.288947986476834 0.111270610281716 0.239242153972153 0.138331524174834
0.277892800247671 0.266562477309105 0.30523798760696 0.110526157423562 0.0397805774127022
0.366298503162719 0.352252909879144 0.0508953564643151 0.144401261039744 0.0861519694540772
0.197744044026096 0.215571913463552 0.228573529506769 0.15634546737388 0.201765045629703
0.230408857744053 0.246029797121436 0.1363302204816 0.164192479070736 0.223038645582175
0.0234480393813074 0.2550573765693 0.0696184609044277 0.348400382759533 0.303475740385432
0.172127254916194 0.21229807449891 0.224938663517144 0.193355397901671 0.197280609166081
0.190688841336057 0.201395509421275 0.142815444019037 0.261336418912509 0.203763786311122
0.184294764373643 0.0671470778925695 0.0187161014426797 0.338694164891488 0.39114789139962
0.0312019668901919 0.162274104087527 0.244239966952377 0.40411455084998 0.158169411219924
0.168834385487956 0.259394699668805 0.37157873715783 0.082112301442199 0.118079876243211
0.478112563152993 0.290521067347214 0.0976737133964403 0.0541976369118687 0.0794950191914839
0.176993296424557 0.126990772399118 0.0992340426816605 0.296406596310816 0.300375292183849
0.254836635077601 0.291511515335651 0.0906463009133185 0.344758963975985 0.018246584697445
0.225979609845037 0.278248491217736 0.304000808151103 0.0989035383699613 0.0928675524161617
0.355157470051389 0.056597024842657 0.288867825426811 0.028161308229616 0.271216371449527
0.311494766515631 0.0214502672775467 0.341090917085253 0.191477729449591 0.134486319671978
0.140116632971971 0.186794166101461 0.201344432448708 0.216991494234844 0.254753274243017
0.146202618978571 0.23881527921841 0.218860315910984 0.242724832116694 0.15339695377534
0.426978723254247 0.0769892988642527 0.201801701629202 0.171424151942139 0.122806124310159
0.225701928909604 0.137888258005011 0.2285228704026 0.152350517834198 0.255536424848587
0.166601649962679 0.158965176075151 0.223314240187974 0.303431464750009 0.147687469024187
0.237988950930864 0.0766172874800925 0.24833594872671 0.274664608036936 0.162393204825399
0.202045625380674 0.185038773753663 0.258375396587623 0.181050000927268 0.173490203350773
0.294420003969301 0.00295605587600216 0.390516354083201 0.264216282643323 0.0478913034281727
0.165199128039642 0.256299159006494 0.23091476157661 0.0357909029925025 0.311796048384751
0.355715757075326 0.00798785236188892 0.285433514172285 0.0419996789919568 0.308863197398543
0.143192286824419 0.208553817037475 0.303665680176047 0.162926913213246 0.181661302748814
0.202563853290786 0.432249799887833 0.0240211035221708 0.00747011546578535 0.333695127833425
0.242018050168345 0.0316403308058829 0.222248500589366 0.302229129665758 0.201863988770647
0.254600597945101 0.137918547554701 0.160776521342354 0.300136847807203 0.146567485350639
0.266882612660238 0.193070315103357 0.0914958166166178 0.252877325173738 0.195673930446048
0.189739303166398 0.119390263630111 0.127519134761587 0.3342995502534 0.229051748188504
0.0335440956673718 0.255548723836477 0.127797258443835 0.281266461020359 0.301843461031958
0.139382611585492 0.0369116915646714 0.195153657245363 0.152729696298366 0.475822343306107
0.228647283450977 0.199745543660057 0.211566067260988 0.232602565910832 0.127438539717147
0.0462999164235994 0.0225475820795172 0.206733227831796 0.347937400480071 0.376481873185016
0.358590158627859 0.32314460507579 0.173197155102646 0.129878128909027 0.0151899522846785
0.268909968246725 0.132435443183495 0.150790352978612 0.260860188160329 0.187004047430839
0.304027724605592 0.0247337026874711 0.179766158984553 0.399708621414404 0.0917637923079793
0.336472009088296 0.21160939044963 0.315341971111391 0.110649813931516 0.0259268154191671
0.215999439613217 0.51749358943981 0.106152619409971 0.0352110981693378 0.125143253367664
0.0695478588895526 0.406698411884755 0.0881067900399236 0.106541699924934 0.329105239260835
0.0930509883730197 0.154746917214014 0.137567680240123 0.0953009763549763 0.519333437817867
0.140415148484906 0.299400455086698 0.260548265618168 0.0807030370663776 0.218933093743851
0.100277213514465 0.267531692046268 0.300040882643911 0.144242858682708 0.187907353112648
0.0682755493064195 0.310967704296901 0.194200665294033 0.153698880252539 0.272857200850108
0.198415929249997 0.357476176922383 0.178475317672608 0.15363198245251 0.112000593702502
0.294456897467763 0.228823792754212 0.168388246377963 0.29792948538225 0.0104015780178128
0.0958715047761546 0.370152078911908 0.367772445074471 0.064615185404442 0.101588785833024
0.285571331440916 0.255601292946474 0.169029989108155 0.0956309105327667 0.194166475971689
0.415528419024631 0.437105630814738 0.0352354671640943 0.0686337060404169 0.0434967769561201
0.125433919129152 0.273844435338642 0.176494669598785 0.195919451128579 0.228307524804842
0.289611001451464 0.411135806950298 0.159873033103874 0.102720416407653 0.0366597420867117
0.0930413304898975 0.110141111618712 0.423464588050579 0.279471586004632 0.0938813838361798
0.360592232978954 0.133530648917823 0.21003729053513 0.270891960243358 0.0249478673247349
0.185365310428302 0.263555029794513 0.0194875902956095 0.232327954374794 0.299264115106781
0.177814307639694 0.357543679515637 0.0314338470697314 0.196793377420171 0.236414788354766
0.258819094678143 0.240568933553074 0.184565558548398 0.192655018964756 0.12339139425563
0.233398141427984 0.0634501243114933 0.23542654251331 0.199954270983961 0.267770920763252
0.135246544861464 0.175520979152342 0.240597370702922 0.284134633028348 0.164500472254924
0.342279145911872 0.160099112937407 0.29477976496898 0.0218510274130344 0.180990948768707
0.319711506307097 0.207738185332984 0.338233185655851 0.108526775586714 0.0257903471173546
0.199446452452401 0.187106094868637 0.0665288485156375 0.438081865265752 0.108836738897571
0.24461020643689 0.0223898952917423 0.357347150912006 0.085523445846222 0.29012930151314
0.0469854999145938 0.366212323848528 0.286025296311229 0.280372466578022 0.020404413347628
0.229314390765366 0.0622340337810924 0.064846589514496 0.301506446981372 0.342098538957674
0.262737224907043 0.209533603786844 0.0343456596648386 0.131573742453125 0.361809769188149
0.244477489171575 0.123912180631064 0.250606827135641 0.260240789768738 0.120762713292981
0.144414821606423 0.026101565416996 0.142973291557968 0.445465269567853 0.24104505185076
0.169555012269746 0.235429061325077 0.103779023569369 0.381103842430297 0.110133060405511
0.11964038578054 0.116323903871633 0.373305922726092 0.127407359850251 0.263322427771485
0.298895806841222 0.325647039625052 0.131466616932921 0.0519649298487114 0.192025606752093
0.184032860519188 0.0323524004335974 0.290615334098644 0.246823940165196 0.246175464783375
0.207944893062589 0.467619158211881 0.0547390256660973 0.268565314985718 0.00113160807371409
0.00345986754158 0.287712655817852 0.137157485608409 0.374299268881279 0.19737072215088
0.319703294580635 0.100657479823064 0.328689952093596 0.00699260752464756 0.243956665978058
0.179791723536969 0.303543652023576 0.06450716881572 0.14491570504622 0.307241750577515
0.10086710402931 0.0820958859033329 0.379085079003927 0.181058006242467 0.256893924820963
0.0724021238148235 0.439587972075795 0.0445933100799555 0.0634889082983717 0.379927685731055
0.00965139423184914 0.257777714017353 0.13901957099273 0.434156120187692 0.159395200570377
0.0382447332666593 0.197990711038574 0.0584579170090378 0.36082413079735 0.344482507888379
0.218936023704236 0.1880909687578 0.311076639760916 0.214013477443319 0.0678828903337293
0.130438062901148 0.203910199581677 0.261432582343966 0.341213353964559 0.0630058012086496
0.119788033323992 0.10502320943529 0.527176960980214 0.00259448570176104 0.245417310558744
0.256672028586028 0.307315345600311 0.305893036619909 0.025172992719426 0.104946596474326
0.125665700658318 0.21633011033917 0.493953192537288 0.0807316407295455 0.0833193557356786
0.118028455456383 0.438987949603702 0.191271217631677 0.200778627408303 0.0509337498999344
0.0725446791994369 0.098050136958234 0.15856197417909 0.0486482239521518 0.622194985711087
0.00731657061384341 0.261736936972016 0.325552042754272 0.244440485666281 0.160953963993587
0.371038346255972 0.302007450229388 0.18886589756749 0.026807642860548 0.111280663086601
0.254208898050366 0.11704767928516 0.157336711845674 0.249899556226057 0.221507154592743
0.0817010667974112 0.308024545265375 0.343638106577383 0.0350381559212142 0.231598125438617
0.279103896918773 0.242292806159097 0.277060313310486 0.0488754369277321 0.152667546683912
0.290412375567378 0.35622148857353 0.215668515268014 0.0153427266712878 0.12235489391979
0.106811469315508 0.0785419126346617 0.286325605155048 0.43647638324507 0.0918446296497128
0.243409419812519 0.145427783714366 0.257397191942469 0.312005172555849 0.0417604319747967
0.298143865678534 0.439614009154011 0.196987204554104 0.0574288958275044 0.00782602478584713
0.0446983592109743 0.178268303353744 0.283513625011427 0.165375348646469 0.328144363777386
0.235618785148801 0.183688689906377 0.501885799757029 0.021448719089574 0.0573580060982193
0.309410397806097 0.285270858461947 0.133179396491873 0.0598982922273381 0.212241055012745
0.145715471196282 0.169799636007442 0.00344291460138658 0.344552435814888 0.336489542380001
0.240833260098678 0.243863678810433 0.0348157605821834 0.214120173290673 0.266367127218032
0.199279498774418 0.387707723097273 0.0326038227580908 0.236746695519904 0.143662259850314
0.245794611127151 0.166532301934068 0.362047871560804 0.197937244390295 0.0276879709876824
0.245576774546352 0.161937127328668 0.359647086792413 0.218547212300867 0.0142917990316998
0.256047671676671 0.163518156225552 0.0165891716263469 0.294441086442651 0.269403914028779
0.335261155893561 0.037727041379571 0.270055394420982 0.0114400144295756 0.34551639387631
0.277624904807689 0.261804241265542 0.325412002924823 0.104109704437118 0.0310491465648277
0.255959557156784 0.18033207660972 0.139698139475733 0.0461146744308788 0.377895552326884
0.0669062260386847 0.277065659056699 0.123861474530135 0.190870775074736 0.341295865299745
0.30691977710878 0.185920252316564 0.278195901581241 0.168912053438402 0.0600520155550141
0.227678519643726 0.219234729771373 0.0984932072359725 0.315154498051053 0.139439045297876
0.0862526894926553 0.170556075638184 0.308222769206186 0.310400507554316 0.124567958108659
0.0820995723133237 0.169298743560246 0.268285446959587 0.24100552438233 0.239310712784513
0.281737193284901 0.0712679519277382 0.230270152601987 0.219186858869953 0.197537843315421
0.189977187914041 0.0601421554187192 0.285378129373328 0.190559665741272 0.27394286155264
0.286844095776944 0.0948629392568415 0.202638900950953 0.166830608770472 0.248823455244789
0.0638410545792035 0.0513942617056222 0.249334933567845 0.376883844438598 0.258545905708732
0.443769539955696 0.0539172726314137 0.348027529625979 0.0250532620631508 0.12923239572376
0.261528546153474 0.255700459248636 0.300140635101838 0.0186352273909294 0.163995132105123
0.347131677995672 0.272964182189307 0.153777586079273 0.0654686751591072 0.160657878576641
0.23812306021708 0.221902482663942 0.0757318097082713 0.0856350966121465 0.37860755079856
0.0323379776669551 0.330043668632831 0.344116838308479 0.0870159157291697 0.206485599662565
0.0468756031263529 0.387575118893864 0.194649416227989 0.100793184804734 0.27010667694706
0.288735965133388 0.212435074313248 0.0720090832969776 0.192983724178237 0.233836153078149
0.231013335360314 0.267510959373936 0.148819583691255 0.2585563826802 0.094099738894295
0.37756175508865 0.0897061006814888 0.120213123925775 0.0856266265412607 0.326892393762826
0.227949628787531 0.275944213195557 0.251017463566425 0.11087855012532 0.134210144325168
0.353448224416758 0.0231215152066717 0.359923524856274 0.241584460769334 0.0219222747509615
0.1025265421061 0.251687371589278 0.204853294967503 0.0346770977421539 0.406255693594965
0.117708273499781 0.341744656693761 0.141550756066146 0.20394278607625 0.195053527664063
0.170320645928088 0.263925266986579 0.136683543044614 0.222836059319876 0.206234484720843
0.363112916238613 0.195645986127105 0.209240511852127 0.0855928142687171 0.146407771513439
0.311175136942642 0.224009741952096 0.170376445922323 0.0967202509460098 0.197718424236929
0.14961891036179 0.150981567591788 0.179899437029728 0.113630393037828 0.405869691978866
0.158462552744519 0.0366251690690458 0.188268495090691 0.233028876840673 0.383614906255071
0.098461060987376 0.215606482499078 0.221023370628026 0.116778300675271 0.34813078521025
0.240611024338512 0.151334682285813 0.359373672739339 0.244958444953935 0.0037221756824004
0.174275796553044 0.283566173470329 0.312535310775442 0.131120844478319 0.0985018747228661
0.0832037770831026 0.329063852247462 0.0382702311502079 0.274603085108667 0.274859054410561
0.17475907981303 0.0957332917404803 0.197667717069764 0.343847881105184 0.187992030271541
0.411117193043763 0.150875007890827 0.180062791422577 0.100879129455841 0.157065878186992
0.376040167585942 0.0482138263680325 0.184043585220777 0.178249376739498 0.21345304408575
0.210881470374057 0.141666349636802 0.405568080498402 0.229139183054695 0.0127449164360431
0.033068523809045 0.3276335934891 0.318447593506027 0.116779134609967 0.204071154585861
0.187165114653206 0.221327350796367 0.230607032212186 0.28656687184116 0.0743336304970807
0.231485197503787 0.0831742485628843 0.257103386071288 0.260240090594281 0.167997077267759
0.155228249055173 0.0325356646693324 0.237758590111064 0.367242408670628 0.207235087493803
0.325091379673935 0.00359665568517012 0.174141785689562 0.23666062723882 0.260509551712514
0.0537691050816406 0.303243007322323 0.308819166580635 0.0301989865875607 0.303969734427841
0.242975432355307 0.120001373617437 0.241991497672886 0.137333046301386 0.257698650052984
0.0950691510860661 0.141195000921537 0.289762267435277 0.262928231812871 0.211045348744248
0.141616190457956 0.3706802646107 0.163240185167817 0.0633664174969524 0.261096942266574
0.234592706045222 0.332367928971608 0.124571998657509 0.253584672631554 0.0548826936941073
0.107792807888594 0.348576708048528 0.0531744476136038 0.108495891086617 0.381960145362657
0.112250362017672 0.229729951319505 0.145156644291047 0.196893783536277 0.3159692588355
0.241994306401711 0.120199078602008 0.115277110109738 0.23612038545942 0.286409119427123
0.15441052208531 0.128755823376919 0.329652146846765 0.180494488535823 0.206687019155183
0.213477837593836 0.247464771945902 0.28439845643756 0.117199145561311 0.137459788461392
0.0709040216557954 2.77499400192356e-05 0.423170392180913 0.149743641476747 0.356154194746525
0.219186132452348 0.107075142790915 0.178056359164986 0.0974812708750049 0.398201094716747
0.0832601985451228 0.179397691460695 0.217982494168456 0.283663502377696 0.235696113448031
0.357677580781539 0.00723500563228461 0.344071698489186 0.197430373021219 0.0935853420757713
0.270547813809722 0.0716034996876253 0.0160943193961693 0.370378839916227 0.271375527190256
0.204081856576893 0.171848760369865 0.232874287612792 0.219713873813091 0.17148122162736
0.199232186831185 0.229740439039792 0.18428025512854 0.207188581144073 0.17955853785641
0.41539830125154 0.112608302088299 0.0253585047240137 0.143744401794203 0.302890490141944
0.0536055666321311 0.409547956814553 0.0700627191567835 0.39033283506783 0.0764509223287025
0.183983349375797 0.0742106123383401 0.297525736059419 0.258475221475887 0.185805080750557
0.270536429421883 0.0889468194955387 0.192285285863357 0.321303455866454 0.126928009352767
0.087400853056951 0.105283726937194 0.252418742056627 0.284911432639907 0.26998524530932
0.242975811238608 0.0339465369281656 0.171691482605589 0.340373120503689 0.211013048723948
0.161287242922568 0.0495519956299058 0.616171809633117 0.0693179061442408 0.103671045670168
0.114908488512034 0.209540887607128 0.266930107727046 0.146838844756847 0.261781671396944
0.17632109704104 0.299220401827344 0.0379776918234226 0.0134685217641956 0.473012287543998
0.0993111589645711 0.330575660675444 0.219608531261242 0.289241585635291 0.0612630634634515
0.165669415571744 0.166688360780385 0.449564823592217 0.18138173048869 0.0366956695669635
0.0119273483961004 0.281300026007966 0.155279421498053 0.446313820944081 0.1051793831538
0.344337648401545 0.0529096611639797 0.373401326966197 0.137636358519172 0.0917150049491068
0.289214724770479 0.187728910546031 0.00300146887734887 0.0804756255513256 0.439579270254816
0.127243476846698 0.182880585383432 0.151491703879274 0.286890719720055 0.251493514170542
0.122708243088885 0.256932274078444 0.132147509512175 0.289780232958884 0.198431740361612
0.146046249735392 0.0148310465935493 0.448223273723509 0.238791572731336 0.152107857216214
0.162841556586021 0.197873996720074 0.0768115918496125 0.293212290810342 0.269260564033949
0.177668285514709 0.0956861202243533 0.273848167174958 0.287123396330351 0.165674030755628
0.0704281450512629 0.282030698712632 0.0355059205913757 0.27525703165918 0.336778203985549
0.292976264388015 0.0907723231795685 0.130304244264791 0.293378549901013 0.192568618266612
0.0989996683061143 0.0938637866425996 0.368320720814695 0.0548004670403991 0.384015357196192
0.289642827014825 0.260325621689173 0.00323903047117168 0.0845393066057822 0.362253214219049
0.297293301832556 0.047117275841241 0.160659878627562 0.0886555844633521 0.406273959235289
0.0691336456760619 0.13796345675748 0.0721790936286967 0.399702465723159 0.321021338214602
0.399619030899088 0.271781234074614 0.0466374247968966 0.0437972680177252 0.238165042211676
0.236340336403589 0.122953748686891 0.0747048779006793 0.257371195848996 0.308629841159844
0.387503272537244 0.144604411132699 0.226374260840104 0.131657609626576 0.109860445863377
0.0852375662233051 0.24301039919312 0.201135449943895 0.365951961703529 0.104664622936151
0.292124296852683 0.313955320101285 0.0177383977525999 0.274006217058992 0.10217576823444
0.269153700479307 0.265373857990614 0.0776855723021379 0.178288489319662 0.209498379908279
0.0821750950091779 0.213851402767355 0.218095580027542 0.245278320126766 0.240599602069159
0.152372857353348 0.341321284987125 0.177530000318968 0.0360186857763323 0.292757171564226
0.109818582041867 0.0230013324969332 0.267638066791638 0.358187796656664 0.241354222012898
0.16823386471153 0.353884188732319 0.0700451367981598 0.364970617718852 0.0428661920391385
0.247126868995067 0.0610116552648673 0.281299074896366 0.184134948494422 0.226427452349278
0.367548235967148 0.231736613599139 0.0476676106571826 0.0636291452878493 0.289418394488682
0.0525448105235396 0.521010852037972 0.350573194953463 0.00312608409198551 0.0727450583930401
0.178439579188705 0.293349440965861 0.197610429301974 0.161877784179531 0.16872276636393
0.12112879254104 0.183399616548798 0.0455499033279354 0.215303545164774 0.434618142417453
0.0335112575643061 0.358005615031756 0.404311172290584 0.0560658922238625 0.148106062889491
0.35042766246013 0.0818258154829479 0.393396912635974 0.106623607274604 0.0677260021463431
0.132828250087123 0.36381881849503 0.137667190696725 0.133098458389661 0.232587282331462
0.105693719760062 0.146428508875197 0.2330099704164 0.33221457415745 0.18265322679089
0.0569971877813743 0.218367668756577 0.0169149453451743 0.407594206313237 0.300125991803637
0.0808779629848224 0.386479571076858 0.169791844934399 0.12376546181227 0.23908515919165
0.079027596990716 0.165735617385887 0.206650408720624 0.432015192622232 0.116571184280541
0.108114405785387 0.292792214482226 0.0524591353290446 0.274778965290565 0.271855279112777
0.323377125941449 0.0217362675013617 0.0595999108093635 0.298243581280798 0.297043114467028
0.215072633174422 0.237977701669217 0.154803223100112 0.00987228106993605 0.382274160986313
0.216101750803962 0.237772150092396 0.0986370787821013 0.0943195111284033 0.353169509193136
0.237986857717877 0.168516394458415 0.288191193904996 0.157264292712447 0.148041261206265
0.194273860208503 0.170103424542481 0.293341521105759 0.208687731567991 0.133593462575266
0.12058657261046 0.197274180921237 0.293945033065189 0.343988870022973 0.0442053433801404
0.155077212953548 0.217629953242657 0.200592809041704 0.147609129049101 0.279090895712991
0.225069552652352 0.26507048876898 0.147731950644522 0.0610411241094436 0.301086883824702
0.0283604741045404 0.480970491084231 0.0199802750015812 0.268803948385911 0.201884811423737
0.218719201156798 0.243453518412885 0.254928974142906 0.135893599455649 0.147004706831762
0.26032491151625 0.160093832272599 0.153244145666979 0.204606193316109 0.221730917228062
0.174681227462997 0.336374501704349 0.0199393628290779 0.366162674190485 0.102842233813091
0.396183986862063 0.16114562592846 0.1090856990519 0.0791820965724103 0.254402591585166
0.128125655169641 0.0676224706939023 0.111938495866247 0.39950528437853 0.29280809389168
0.226849344068898 0.144604822936725 0.0309561327980775 0.227953370403835 0.369636329792465
0.088854490589198 0.152972869731695 0.146279306661003 0.291780680136617 0.320112652881488
0.279663327728508 0.18506642401879 0.3683623979084 0.0135121401113994 0.153395710232902
0.187363660868734 0.220946596406802 0.250003766096102 0.267614443925407 0.0740715327029551
0.159132283703546 0.108765863164885 0.283253203661896 0.247844848013093 0.20100380145658
0.200199012732477 0.195941883884424 0.123568615039033 0.216947756761039 0.263342731583027
0.271209525258426 0.256763819546982 0.0922107480269839 0.101530699884339 0.278285207283269
0.273092994154361 0.0674737805569772 0.273403083853519 0.300807470919567 0.085222670515576
0.25607818321898 0.229369519261696 0.146004201843655 0.155940397651682 0.212607698023987
0.399715612254671 0.406414188728678 0.046631420208167 0.0742687828093778 0.0729699959991065
0.203499709775798 0.25866049919015 0.173356598177265 0.058382483835774 0.306100709021012
0.196043752777686 0.127635748311123 0.346066595398996 0.273734236033479 0.0565196674787155
0.0932697691682301 0.205532221296913 0.246377116625311 0.209538557774255 0.245282335135291
0.242535744619012 0.267747508284597 0.0476904477289709 0.239111614927611 0.202914684439809
0.316871691707946 0.258880777105249 0.131648115413846 0.0869812473131311 0.205618168459828
0.272247260198755 0.250700902420181 0.0298731171207896 0.211510362031447 0.235668358228828
0.275609137738081 0.00103270698141053 0.00505412332318914 0.0228594757206843 0.695444556236635
0.0845436157390025 0.319776311815447 0.278854643600352 0.145896770642457 0.170928658202742
0.284713810250825 0.0198750581110944 0.184390832914997 0.17443930187892 0.336580996844163
0.0592181450881164 0.29010398132283 0.21391976449582 0.303346605195044 0.13341150389819
0.291488564205886 0.00549423911019344 0.142555676468295 0.345911542510768 0.214549977704858
0.0475478966151149 0.486403207213366 0.0284860607896381 0.327719257287507 0.109843578094374
0.296033995945786 0.243807863922168 0.0463281029398021 0.348229964463029 0.0656000727292149
0.0111369091724588 0.234618767492712 0.254436680112047 0.261559917913177 0.238247725309606
0.285617733456174 0.266231801537861 0.213365638834123 0.0354629397522651 0.199321886419577
0.0898621355123565 0.540108873384297 0.0922718317355809 0.171813719162412 0.105943440205353
0.230187625666299 0.319096768716186 0.127014013937531 0.0614984102372443 0.26220318144274
0.637893082129018 0.00726219726762879 0.160760142542374 0.0171899483346669 0.176894629726312
0.0414312673856501 0.353485574543758 0.180237573898554 0.139604378527651 0.285241205644387
0.0199026923926922 0.233987548997874 0.399920841245152 0.286238225047251 0.0599506923170301
0.336403694337128 0.0161902801128636 0.205150082078782 0.345271352449445 0.0969845910217818
0.0726087050926284 0.144611972582601 0.227548035099846 0.279920183216233 0.275311104008692
0.0841837713159938 0.264070657406298 0.113994851896814 0.207110953418316 0.330639765962577
0.13322037301176 0.253063237292277 0.197441993514727 0.218259232033213 0.198015164148023
0.251076203441483 0.25235168871674 0.268716140219666 0.0446089471539817 0.18324702046813
0.102586929956262 0.267048317650434 0.0458708255525534 0.188632031778808 0.395861895061943
0.143863923828583 0.242339006460244 0.199209362050426 0.214716401387186 0.199871306273561
0.0289371546007352 0.395055486969544 0.352839431747692 0.220778838552007 0.00238908813002237
0.0249468054765037 0.182259549042363 0.365211244820922 0.0477574203687457 0.379824980291466
0.0633762313571989 0.200737470511809 0.363931528510293 0.112600824879448 0.259353944741251
0.285336823741802 0.214644445508894 0.187560700606118 0.123975139406901 0.188482890736285
0.0510303039977422 0.259559069633202 0.390919951667126 0.15090026698462 0.147590407717309
0.241962345469843 0.192411964056277 0.102783672483804 0.290022605557678 0.172819412432397
0.206603825713517 0.0774277003868257 0.26550179020897 0.272877552662467 0.17758913102822
0.0608452636273834 0.188795600779551 0.278752431043043 0.0318062958997067 0.439800408650316
0.0338350678652918 0.329936121221712 0.164653430328661 0.4199942997797 0.051581080804635
0.220882419085662 0.0292353696647347 0.178574311503163 0.401904585167744 0.169403314578697
0.347872280423207 0.0416702398712271 0.139803198725723 0.158704549155002 0.31194973182484
0.232475952004257 0.150750852068303 0.0927868651408929 0.267968000643147 0.256018330143401
0.15348432376374 0.0591446127525317 0.315406306003251 0.144271208129346 0.327693549351132
0.20260999657308 0.245265479663137 0.224253771632463 0.321309359807908 0.00656139232341112
0.20346883450111 0.170326108775477 0.239690444722912 0.299208805220664 0.0873058067798375
0.311620652592383 0.27665558014186 0.0843494831761423 0.172666173750907 0.154708110338708
0.00481790990679665 0.0226885628604161 0.571733105016284 0.0699988088446676 0.330761613371836
0.360514046074622 0.103419364830393 0.238313504177516 0.287482897206462 0.0102701877110085
0.254187367001561 0.0939302226990191 0.206833893012099 0.253489570041451 0.19155894724587
0.0226049667737003 0.29821844575385 0.304329761907241 0.369054157464398 0.00579266810081026
0.167729522526521 0.21303418705619 0.406254475576791 0.0935093707988021 0.119472444041696
0.167439739937607 0.186377616910102 0.253077114782955 0.152150413995986 0.24095511437335
0.218430427256089 0.174577530805647 0.218926293572235 0.187757265860397 0.200308482505632
0.0679476580400719 0.0159342893902358 0.413892845958519 0.355701787107999 0.146523419503174
0.074138372526896 0.0848100091719694 0.775219868914129 0.0569686323083519 0.00886311707865389
0.271247767506475 0.196819124058628 0.13784008427985 0.223231716345296 0.170861307809751
0.353363409917619 0.00783430997472931 0.171678538085257 0.0256864492110979 0.441437292811297
0.235822545883423 0.0230521316187355 0.191216589452049 0.282635529894366 0.267273203151426
0.110007534406583 0.0467938231219088 0.349888118343911 0.408698032694485 0.0846124914331125
0.183655664662639 0.276797175748291 0.215659663232663 0.27060100723884 0.0532864891175668
0.300328904896419 0.272533483352848 0.0956192427167241 0.254474488360284 0.0770438806737249
0.274906134251286 0.0941581409963869 0.242647830483616 0.180256168224278 0.208031726044434
0.258148938057138 0.16564017021849 0.0226827585288562 0.408355330899343 0.145172802296173
0.205010394871917 0.343907161630216 0.0841731415069026 0.101142485963274 0.265766816027691
0.233412641975064 0.176005975680037 0.199308573881545 0.0856103251251425 0.305662483338213
0.151629039966669 0.148427343233104 0.294583424944784 0.196003940739939 0.209356251115503
0.299356748547616 0.0404142689897664 0.29872949457679 0.202729118154304 0.158770369731523
0.233162834187557 0.148336497541461 0.0791796301587297 0.287926777723 0.251394260389252
0.182207026146518 0.0547991203489104 0.313688462148264 0.149266610268235 0.300038781088073
0.102220657313144 0.212647239918747 0.252949659677868 0.166902588695985 0.265279854394255
0.254307424420411 0.106215933255656 0.390646255653431 0.0205715720143207 0.228258814656181
0.149409930043267 0.296624272533203 0.210360275220829 0.233537594275692 0.110067927927008
0.0836645021582561 0.331692970361317 0.305772631527405 0.0849224232063421 0.19394747274668
0.147609524008718 0.00770503502821883 0.203647410693751 0.422148761422215 0.218889268847098
0.471284023874231 0.0337370909698885 6.9272473026604e-05 0.384195434847938 0.110714177834916
0.0526418443210875 0.10428669549123 0.310899032629752 0.243456178633729 0.288716248924202
0.301307350776209 0.181620488093821 0.146990654183644 0.318281182844332 0.0518003241019947
0.0454971052140293 0.320163674107048 0.273515057151939 0.354777256383888 0.00604690714309597
0.147160643536286 0.250627028104391 0.17287190071951 0.255013308271545 0.174327119368268
0.273343308438885 0.375302860015087 0.105589766403352 0.174097297819374 0.0716667673233014
0.183786615893785 0.253630349524489 0.139189602534062 0.263543436327158 0.159849995720506
0.19899341003073 0.0978258418365937 0.351954341235769 0.0621996986699447 0.289026708226963
0.147680902561313 0.447993662258308 0.116994475921684 0.135461632192967 0.151869327065728
0.299809335538354 0.0251878830475201 0.204314234845947 0.199961074772982 0.270727471795197
0.25046755814397 0.118766514635946 0.218114814456257 0.000459444442184069 0.412191668321643
0.309649216005759 0.259640863913007 0.190938362595959 0.105332603231899 0.134438954253376
0.120440256328082 0.270750268863465 0.263150055864424 0.101194297683096 0.244465121260934
0.0938474697355866 0.191588043606355 0.259688801575259 0.215038010362432 0.239837674720368
0.415097534999042 0.388773173748914 0.0582758285930358 0.0941295833346029 0.0437238793244049
0.0483472101348031 0.126844193776314 0.246324492223034 0.0648077371786945 0.513676366687154
0.238624986383032 0.184088482388764 0.241324271616227 0.31267226819764 0.0232899914143363
0.160391616873562 0.0289932196454419 0.342516002351389 0.154884773007635 0.313214388121972
0.100461678981677 0.0842558708265233 0.241626857933083 0.551477766876385 0.0221778253823322
0.189310742227135 0.285084769146304 0.251247445462606 0.249286309324947 0.0250707338390079
0.0843454183419081 0.0360063978062111 0.304104055172951 0.302454105464506 0.273090023214423
0.264086181218514 0.31184391533214 0.0489647574529657 0.114721856380772 0.260383289615608
0.268949687363737 0.274941782495079 0.134355680540056 0.287729483686266 0.0340233659148626
0.189522768782393 0.296302155227087 0.123584103068156 0.350471983199849 0.0401189897225153
0.0101864946381071 0.361494961512319 0.202275076976424 0.207652974165473 0.218390492707678
0.295924160910373 0.169372319087354 0.166082663789627 0.199001399301364 0.169619456911282
0.0199868170555428 0.252961759206586 0.114067745138696 0.326632095826758 0.286351582772417
0.0546740819273576 0.291384344391866 0.274528353219241 0.283705885023896 0.0957073354376394
0.217450305814452 0.0746638818653018 0.291473979346379 0.139863305741517 0.276548527232351
0.233188752601752 0.20498810476123 0.267226334112759 0.0704162727721496 0.224180535752109
0.0134501054994458 0.0524192396212884 0.182852360631957 0.334028649457199 0.417249644790109
0.190650827262561 0.128575990462354 0.148000181874433 0.320105485830784 0.212667514569868
0.00607580956006342 0.234187916376846 0.329107892034278 0.118761103251069 0.311867278777743
0.355911495456201 0.0853937074451293 0.109616046403519 0.0611552793998871 0.387923471295264
0.206578112493911 0.0483605817078781 0.312172794220089 0.236854410838756 0.196034100739366
0.386878941543185 0.333676768205948 0.0662580728614455 0.152176892630507 0.0610093247589148
0.186529041139721 0.0233487128197595 0.217986793592946 0.298301180677768 0.273834271769806
0.29726007993318 0.300336092325032 0.0914347891388865 0.264938343983284 0.0460306946196179
0.316765722124956 0.155974872369109 0.244673228818151 0.0811188519632732 0.201467324724511
0.302229043525619 0.261458800574739 0.214057653864383 0.0489144946501906 0.173340007385068
0.141929659750613 0.105112641311428 0.329844806251434 0.0762366944274841 0.346876198259041
0.176578497363109 0.186588120372966 0.178583422804591 0.238064398640647 0.220185560818687
0.257737858870827 0.0860043680555068 0.154820139360549 0.282212921096064 0.219224712617053
0.277572177706528 0.228662492846406 0.139614536737349 0.332631604244268 0.0215191884654497
0.299589215583377 0.00168903717456899 0.116210266236852 0.177960878648295 0.404550602356907
0.212172550013589 0.0495129344230022 0.231718783601997 0.158539202894549 0.348056529066862
0.119520930202044 0.0768252384680521 0.181259615706275 0.447002543467777 0.175391672155852
0.0654529575866794 0.140273275230035 0.303828897140046 0.255724432980632 0.234720437062607
0.282750516444627 0.397584264719121 0.095992322580435 0.0101596341805238 0.213513262075294
0.197765601424902 0.216802061125349 0.27807711079538 0.186906287485527 0.120448939168841
0.344626080353151 0.319031841996922 0.01067503660324 0.0512159310021845 0.274451110044503
0.205633141474605 0.277528706859046 0.256346983736892 0.232276021933513 0.0282151459959434
0.413388522365127 0.00158146621880934 0.318802562020794 0.14848947015645 0.117737979238819
0.250897238338808 0.154250115682243 0.152565550320021 0.26080934164539 0.181477754013537
0.159645757926957 0.089228977272274 0.10240499233512 0.318767394220355 0.329952878245293
0.517454203900567 0.071705423130811 0.047059598590616 0.319071810733456 0.0447089636445501
0.389965374625093 0.132860367431991 0.166093025771948 0.256473608688808 0.0546076234821612
0.234510963684635 0.00354908418316998 0.355449560369031 0.137718703341301 0.268771688421863
0.240384897123107 0.303570749928709 0.0717217308556809 0.332585065455184 0.0517375566373193
0.299352292269678 0.0568314313587037 0.0589795106530792 0.370931717585032 0.213905048133507
0.252763392072392 0.264930371839568 0.176254222173535 0.0787339071487815 0.227318106765723
0.187081809138219 0.0418910921796618 0.245918527983022 0.387693532183901 0.137415038515196
0.0470391338431928 0.47448616746894 0.00436067622216457 0.0241191990597437 0.449994823405959
0.250521291128364 0.112468739942843 0.158047347037035 0.303596584365181 0.175366037526578
0.213348478866578 0.0378297085202731 0.110196117068854 0.315788160282651 0.322837535261643
0.0701197383472968 0.0498829775121307 0.0332737038032081 0.43887650185345 0.407847078483914
0.0684356566314351 0.0490254723906248 0.239625295084745 0.262672512429201 0.380241063463994
0.124070316415311 0.0624496488527226 0.469106651908394 0.265355833400071 0.0790175494235019
0.0774657446290707 0.188900391051411 0.2169353429572 0.275238060544277 0.241460460818042
0.358606881247649 0.00271256587239382 0.074504347830805 0.271320094798175 0.292856110250977
0.355200559545119 0.0527369226660629 0.12456299375706 0.226832773716141 0.240666750315617
0.186664369797085 0.286531078126035 0.201199922692142 0.276942437638241 0.0486621917464981
0.125025092765473 0.380454079463557 0.182983681711894 0.293647923367299 0.0178892226917785
0.25681328386819 0.225681490316786 0.186150592023861 0.230645903586225 0.100708730204938
0.309471832005655 0.215957422121087 0.375867886118853 0.0931235544883569 0.00557930526604759
0.361775306054956 0.0963159249245824 0.401455288431366 0.0883797602936224 0.0520737202954728
0.342367430921196 0.312792734899884 0.154099908898467 0.0346896621037302 0.156050263176723
0.160034467770479 0.345502104239229 0.100711060650308 0.274656958937586 0.119095408402399
0.344333875731455 0.255559017415813 0.245751236637382 0.0852369875404597 0.0691188826748892
0.061065901170489 0.111128418513786 0.489429518142924 0.0171530837916806 0.32122307838112
0.0974280568818045 0.374850070615307 0.271088041111526 0.177598919001851 0.0790349123895121
0.368895028330946 0.247369314078783 0.267336797301443 0.0827914798207769 0.0336073804680515
0.0558259027939503 0.0561181099456892 0.34881024352355 0.4137815984738 0.12546414526301
0.12298547216029 0.579749303730838 0.0256133258725691 0.0209451077441304 0.250706790492172
0.316729400262405 0.158452070046407 0.219971115685813 0.0653159575884527 0.239531456416922
0.0793952474181367 0.20453564285243 0.246286887765815 0.156382940658768 0.31339928130485
0.290714009800093 0.0565667230757719 0.0631525696021841 0.269614325062046 0.319952372459905
0.433837339529395 0.12122134467101 0.0351783501631688 0.390723483222127 0.0190394824142999
0.0907194848421334 0.202567725419226 0.298084548445439 0.196927854338832 0.21170038695437
0.185291668708589 0.0598519787170655 0.259193142241164 0.109553822574314 0.386109387758867
0.173793383415107 0.136920386661865 0.437094068367329 0.214887105407754 0.0373050561479443
0.056584340714941 0.172299211592511 0.0896932170762663 0.585466823545779 0.0959564070705029
0.304288032236853 0.0563545360163016 0.260181634895581 0.152229877825002 0.226945919026262
0.20729639396068 0.0304309722042921 0.19927609173008 0.278491747850416 0.284504794254532
0.3628050943792 0.131074060893379 0.333810759221374 0.13647860036233 0.0358314851437166
0.18058696939333 0.220693949284948 0.167711455112433 0.0256915253826043 0.405316100826686
0.350304452620688 0.398096696249955 0.0507286608336819 0.164408175909863 0.0364620143858126
0.336449123980063 0.322663256147093 0.301291372731683 0.0323145199891437 0.00728172715201731
0.250107468683054 0.176086192095076 0.238158861272646 0.149815454388112 0.185832023561112
0.300607053920399 0.195675652858138 0.216535671397364 0.060528298258782 0.226653323565318
0.147371630916549 0.0988216272958421 0.234309788753539 0.295715931556269 0.223781021477801
0.0110161514676429 0.209766604874956 0.211190095316096 0.482796906580723 0.0852302417605825
0.19670591613546 0.248022583178112 0.292114971369055 0.124792131645819 0.138364397671554
0.014540515363029 0.218219062484534 0.125135920817761 0.147049552823021 0.495054948511656
0.158987856978486 0.179359572703694 0.172980029018465 0.202520356852752 0.286152184446602
0.318812770387336 0.153265572761188 0.326282281005321 0.0818117980846851 0.119827577761471
0.229612253043159 0.157017406312312 0.20040109545283 0.165060708849142 0.247908536342557
0.0749002872260876 0.207578892552918 0.128156503395514 0.253913643164724 0.335450673660755
0.286196964010635 0.0432148716849244 0.111436644339346 0.262188216908686 0.296963303056409
