0.401876508914861 0.198728075751866 0.0366737298752763 0.362721685457997
0.412403124615886 0.244767332429489 0.147259825362207 0.195569717592417
0.1649400021342 0.220929993013155 0.347501446138197 0.266628558714448
0.304877725162358 0.147429264824894 0.527207901927753 0.0204851080849944
0.174585024780814 0.302051107044231 0.467238152861187 0.0561257153137676
0.2030534635042 0.207122426113533 0.371017122024238 0.218806988358029
0.383307055417937 0.0488261236792277 0.0229493938355811 0.544917427067255
0.172838537626072 0.0124819844402637 0.374913630308948 0.439765847624715
0.26534378612679 0.00476094510593616 0.31314059593717 0.416754672830104
0.0195354281604408 0.673392221103347 0.184908008909394 0.122164341826818
0.28785305196985 0.130015392870838 0.251649587612982 0.330481967546331
0.427041312592775 0.203860527093228 0.217768425762761 0.151329734551236
0.250859514671834 0.356973324864179 0.27491434808044 0.117252812383546
0.171138020224296 0.317386481685678 0.448721743190952 0.0627537548990739
0.206542672709453 0.183672921238459 0.312271601450194 0.297512804601894
0.169945317782287 0.299558001972101 0.348026710738681 0.182469969506931
0.00900977895333767 0.264986935700409 0.51412408717629 0.211879198169964
0.448887525890325 0.039298061390255 0.452733358347521 0.0590810543718999
0.43729597092748 0.345376961145915 0.160553690990674 0.0567733769359305
0.242065940710378 0.190529506219893 0.269223322990108 0.298181230079621
0.231230161314946 0.630544254300351 0.125499306100036 0.0127262782846665
0.102030160570772 0.165014443543409 0.369962350815957 0.362993045069862
0.0023450277767901 0.361952164099533 0.270725135665416 0.364977672458261
0.198813476279612 0.272126647077865 0.265145847347318 0.263914029295206
0.368724494339498 0.133807217371842 0.329561869248811 0.167906419039849
0.379883236850114 0.368501480685979 0.0999199310276395 0.151695351436267
0.457949219111018 0.174155942859817 0.317346651924962 0.0505481861042028
0.237867466664989 0.0203771173363831 0.359901428198681 0.381853987799947
0.372306787826939 0.178113095478825 0.200765763256594 0.248814353437642
0.211502467839653 0.289015959557942 0.206788141787957 0.292693430814448
0.314524153446594 0.240896780714365 0.382110699050463 0.062468366788577
0.260068436985761 0.228522685569605 0.251068623530537 0.260340253914097
0.312320089477007 0.262661973621126 0.138845188408202 0.286172748493665
0.264275472034455 0.259064118643055 0.354772864015074 0.121887545307416
0.237468184658112 0.190970791571205 0.278462028338377 0.293098995432306
0.280882479760549 0.327004303725535 0.0820465746251848 0.310066641888731
0.258309622184658 0.249426534657753 0.112937551410792 0.379326291746797
0.117283837143912 0.439424089495794 0.28583737298392 0.157454700376373
0.0566054150525943 0.0545108796983808 0.35223088314601 0.536652822103014
0.287443042928219 0.205764130863651 0.298555435580065 0.208237390628065
0.326198325175477 0.0631160468804794 0.284403185439245 0.326282442504799
0.0413552286883643 0.561995454880785 0.0778697600913649 0.318779556339486
0.191592367039998 0.186205035281734 0.387980036478947 0.234222561199321
0.450483791467384 0.160862880992066 0.247591548521951 0.141061779018599
0.334483268073814 0.0415891946328315 0.389912048938922 0.234015488354433
0.340696153410104 0.048852447630051 0.343186580828231 0.267264818131614
0.123628431075432 0.29979491109836 0.302285692912337 0.274290964913871
0.209796221654623 0.267260741318047 0.269841838948217 0.253101198079114
0.000114139867310643 0.404692983376913 0.197381853236174 0.397811023519603
0.252602218489727 0.404679278918073 0.027625838419478 0.315092664172722
0.12407053483581 0.0892911910941356 0.414934869876338 0.371703404193717
0.0978089491455471 0.415800875267006 0.099910070840238 0.386480104747209
0.233489054505014 0.113326061599312 0.415543173432414 0.237641710463261
0.121249199716945 0.328068244231483 0.232468829454936 0.318213726596636
0.35005531843833 0.215830637128952 0.0693439625677478 0.364770081864971
0.263068676517511 0.208818544913756 0.272564167446734 0.255548611121999
0.401675810295129 0.185820345593063 0.132879996956305 0.279623847155503
0.388749162190153 0.277735778977171 0.228698137148973 0.104816921683703
0.00512101522641263 0.157451196814805 0.413947156232644 0.423480631726138
0.234772582154529 0.176906790661388 0.347640083212108 0.240680543971975
0.219353947291314 0.337042004198338 0.208493534204221 0.235110514306128
0.285328752319339 0.242252323564937 0.211681566940209 0.260737357175514
0.171280712844353 0.330561349431706 0.205931731107397 0.292226206616544
0.353440436876589 0.158033040522206 0.319481011324021 0.169045511277183
0.0211934160034414 0.325787963943288 0.312258863133262 0.340759756920008
0.173966305339023 0.253320195966916 0.251458942174071 0.32125455651999
0.383682953726955 0.0856297721489503 0.25023565357092 0.280451620553175
0.0885028027528799 0.386209880900694 0.183091919606368 0.342195396740058
0.378668676155601 0.272228895662596 0.187815063259563 0.161287364922241
0.0241910011879488 0.39134389519461 0.58372587347145 0.000739230145991159
0.32509556786809 0.105412901561264 0.247322132814673 0.322169397755973
0.0638282008527454 0.82896371465658 0.0393434979625567 0.0678645865281179
0.363157759412059 0.392947270264522 0.0623844473903816 0.181510522933038
0.191364246315259 0.320401012611981 0.273038439272926 0.215196301799834
0.38361722585328 0.203065809499973 0.0542165722075787 0.359100392439168
0.228513263764616 0.275654697277301 0.262631163088546 0.233200875869537
0.236155435117581 0.549241674818368 0.195760521263944 0.0188423688001066
0.345045239177372 0.220306522778151 0.200226896583428 0.234421341461049
0.066952804122474 0.0395250772857118 0.652970145181885 0.24055197340993
0.0304844796778978 0.206286893557888 0.398943228336544 0.36428539842767
0.041241060234003 0.380855493934341 0.273519947968952 0.304383497862704
0.18497102904481 0.309980194137921 0.303353823920831 0.201694952896438
0.0283644322339977 0.0833208516702484 0.337316237383002 0.550998478712752
0.33255178890538 0.32210082743728 0.122625713767034 0.222721669890306
0.0586383307393874 0.0365582039047032 0.301473271533633 0.603330193822277
0.214202160842549 0.197210426162626 0.38611529701597 0.202472115978855
0.430243318018121 0.170301428676062 0.061695845251129 0.337759408054688
0.27555772455722 0.265338302442368 0.20381983484571 0.255284138154703
0.17290873138558 0.0934497673919957 0.597560266113542 0.136081235108883
0.00168741966003813 0.411816519173704 0.35494018464586 0.231555876520398
0.37281733680422 0.276165384698645 0.0544417370148874 0.296575541482248
0.19896078947395 0.284916480454346 0.277110652925683 0.239012077146021
0.21851905413525 0.451298993405982 0.155969303590475 0.174212648868294
0.0416362496991312 0.333668006900426 0.126944563107541 0.497751180292903
0.297497014038368 0.152274150019962 0.341982463387921 0.208246372553749
0.45413333796194 0.356358452459682 0.101362574928021 0.0881456346503566
0.330693400689701 0.00528810806752255 0.454465909720232 0.209552581522544
0.35099820571825 0.107711096096425 0.258721088671393 0.282569609513932
0.152289867201021 0.457431029644326 0.21710313048469 0.173175972669963
0.15943314504555 0.180772454076429 0.281925047366043 0.377869353511978
0.161676510236586 0.551367808962135 0.035861456634027 0.251094224167253
0.281640149080337 0.326062908891609 0.13917314336107 0.253123798666984
0.0731278521416708 0.369891954320147 0.056907254967866 0.500072938570316
0.0979601337650863 0.389117935400925 0.0988428777219407 0.414079053112048
0.424828704852674 0.164510191114123 0.359053489410454 0.05160761462275
0.145713609936111 0.426334664349014 0.263465488869472 0.164486236845404
0.319749939185983 0.000101379149498766 0.30639256572464 0.373756115939879
0.332042104030611 0.16370820682233 0.357287193246729 0.14696249590033
0.118980161197157 0.113732737907641 0.405774041997552 0.361513058897651
0.250816030447837 0.32469587317201 0.335093402318811 0.0893946940613416
0.231468680038854 0.256291153983124 0.157529853129162 0.35471031284886
0.178856832183688 0.340135726981541 0.273920463671137 0.207086977163633
0.38496221644846 0.396368525392503 0.146152887899714 0.0725163702593231
0.350209348295306 0.22925304379811 0.220535564203771 0.200002043702813
0.204087248233979 0.313803225581964 0.171232379760921 0.310877146423136
0.0617576505752899 0.0224596380755094 0.476976404295617 0.438806307053584
0.298525328285724 0.338785675328349 0.182366424554973 0.180322571830955
0.31692067956663 0.0847522687896591 0.22533576025263 0.372991291391081
0.103628559398381 0.195704788484273 0.341177872701918 0.359488779415428
0.625803259637496 0.134699962975339 0.110181810339319 0.129314967047846
0.243409452793983 0.335210241611477 0.123849384117371 0.297530921477168
0.0632270164562778 0.0962459004922699 0.500510520129415 0.340016562922038
0.409027195591141 0.23355851174466 0.279654953373548 0.0777593392906509
0.24542437301069 0.265927744586247 0.253137765933036 0.235510116470027
0.266919617393757 0.335894619566092 0.230378294641906 0.166807468398245
0.300985907402371 0.392126360419408 0.0478657934089368 0.259021938769284
0.241472411756719 0.218022249273688 0.353699476674344 0.186805862295249
0.208463078920404 0.213863386739714 0.301176646798972 0.276496887540909
0.036434642845838 0.110227594216563 0.441002251254071 0.412335511683528
0.359527217041413 0.188323375338657 0.327045839561769 0.125103568058161
0.243095590896209 0.478388494217841 0.0372724008054333 0.241243514080517
0.45078812442823 0.302452722446376 0.176284099031102 0.0704750540942918
0.344439044506795 0.0918644177790732 0.198602607010763 0.365093930703369
0.419298706633412 0.0707000608878135 0.345534541293292 0.164466691185482
0.094460842083385 0.261125798416209 0.290202167432356 0.35421119206805
0.0827886659794796 0.175785432158938 0.204836236704493 0.53658966515709
0.371447713424656 0.252503955947092 0.0905320841792258 0.285516246449027
0.600098424653925 0.159326171499233 0.0913329800665993 0.149242423780243
0.186325702400126 0.400940956801886 0.340126555879081 0.0726067849189069
0.511790254382148 0.214176173557041 0.236877349273286 0.0371562227875253
0.00897001590549029 0.320900580927533 0.28072532146079 0.389404081706186
0.210904816461978 0.107428174663878 0.348154665022458 0.333512343851686
0.178222194903308 0.200235116151988 0.323073512260361 0.298469176684342
0.295955350578749 0.111557813858366 0.281023820917417 0.311463014645468
0.351851833949648 0.20756800565517 0.107691229795932 0.33288893059925
0.0628619252369847 0.353135712423858 0.24133912657341 0.342663235765748
0.242483494950127 0.372962349974685 0.348682258649879 0.0358718964253097
0.141707872083522 0.278638460031361 0.155083559786625 0.424570108098492
0.303375780207066 0.247566654989415 0.212187060467216 0.236870504336304
0.125684230961446 0.495445327106807 0.08348349873823 0.295386943193517
0.194923142973497 0.35436744478754 0.353837775056099 0.0968716371828647
0.41081247753665 0.0283133689116804 0.413173269111226 0.147700884440444
0.330090856300695 0.282014394171223 0.147020839814717 0.240873909713365
0.244487396026459 0.268166886369433 0.0248835953550543 0.462462122249053
0.471073106152619 0.103541568281377 0.295814903881196 0.129570421684808
0.162804992441807 0.349756177195731 0.293653810599857 0.193785019762605
0.262407017384039 0.170226801917433 0.21708514792357 0.350281032774958
0.0352164528602251 0.18612241473983 0.603362821913086 0.175298310486859
0.332343252969142 0.1742796169946 0.266154776409921 0.227222353626337
0.0132332021004488 0.132905462856324 0.360431796048623 0.493429538994605
0.30759434299414 0.316465589871582 0.0926500017688692 0.283290065365409
0.207414870190215 0.305998255582619 0.326296899534323 0.160289974692843
0.283009639485435 0.054743711339324 0.387740845530428 0.274505803644813
0.247916528594019 0.184891331262578 0.402275335276185 0.164916804867218
0.227614796718267 0.123908255823043 0.0710712930172735 0.577405654441416
0.187361669232646 0.34959086283326 0.220069586703059 0.242977881231035
0.0771426631104027 0.0993684700855539 0.615979800689214 0.207509066114829
0.183121989262464 0.175489539381671 0.466413765315678 0.174974706040187
0.594022819088765 0.0111030855288421 0.0242783022987454 0.370595793083648
0.171998350774036 0.270346899934086 0.303752729183489 0.253902020108389
0.286748533304634 0.254343407479256 0.284417098168949 0.174490961047161
0.121321306753887 0.35916946755988 0.265983793507502 0.253525432178731
0.117460003792331 0.23918190247085 0.257860327391993 0.385497766344826
0.300412560333714 0.167510262124579 0.300822096592922 0.231255080948785
0.217491970841068 0.381921897710824 0.372713004357286 0.0278731270908225
0.413334366578596 0.0498643206983193 0.279526963219845 0.25727434950324
0.0815131296617848 0.521743734929464 0.115652664774789 0.281090470633962
0.590577324952792 0.0126344842551103 0.0189004227874569 0.37788776800464
0.309225145289292 0.311060679805277 0.0324819173676956 0.347232257537735
0.652836605512745 0.0316974913091361 0.132581096141215 0.182884807036903
0.0234003575929516 0.455585848614588 0.439408029875516 0.0816057639169441
0.116187723259561 0.430108148028807 0.0925375832659486 0.361166545445683
0.214938986514791 0.341915148404023 0.35165733681727 0.0914885282639157
0.0151810977412722 0.54360384123516 0.142809630338607 0.29840543068496
0.295397618439305 0.314263149001598 0.156312704837731 0.234026527721366
0.105131261416978 0.382480913182993 0.0765478149823039 0.435840010417725
0.152632924168216 0.381597163032224 0.271875626781434 0.193894286018126
0.27747858091301 0.131278188404841 0.276165520968329 0.31507770971382
0.309960539548503 0.0389890466679518 0.436262715357509 0.214787698426036
0.193080911786511 0.17895487997792 0.0269927956946431 0.600971412540925
0.417751344073392 0.179211805487325 0.0567633109192868 0.346273539519996
0.0792816214187289 0.325057062859102 0.251392519455638 0.344268796266531
0.110490112890361 0.265571937094513 0.133470224398022 0.490467725617104
0.238895607480797 0.180056572935592 0.34067175161526 0.240376067968351
0.267121191508443 0.384729450535141 0.31670048505951 0.0314488728969055
0.438153176135025 0.306652995564428 0.00849927402123611 0.24669455427931
0.351592318051366 0.278659864091916 0.0355762725893522 0.334171545267366
0.255728919511049 0.216869383566672 0.197655917422414 0.329745779499865
0.0541817374306137 0.19481130429642 0.558100144999676 0.19290681327329
0.297640659280034 0.246169220057576 0.336349388792866 0.119840731869523
0.210869275030292 0.343905831609848 0.1277335219476 0.31749137141226
0.0451108393149819 0.696981448277932 0.113050162268501 0.144857550138585
0.00205536317234683 0.143490111706425 0.400293125291762 0.454161399829467
0.349192328318098 0.092236569613406 0.150276438611072 0.408294663457424
0.272780988262586 0.176855121836795 0.287871709085044 0.262492180815576
0.180506616799332 0.427901014825598 0.277481318946793 0.114111049428277
0.220645633918768 0.285730431775561 0.27058679657851 0.223037137727161
0.337859590002537 0.230708578684965 0.273539064259509 0.157892767052989
0.297504117331548 0.22904787686523 0.0735106395528985 0.399937366250324
0.377665401350894 0.189639122161803 0.0715403998913287 0.361155076595974
0.150346342589709 0.19529526359508 0.366411292498983 0.287947101316228
0.0311495028175832 0.444705135943779 0.256123002293469 0.268022358945169
0.144822283486778 0.263246134137484 0.385457487031584 0.206474095344155
0.0042604253580187 0.0481034895996848 0.517392503403419 0.430243581638877
0.0580643031456769 0.458961958573653 0.00838524378485392 0.474588494495816
0.0179482732395488 0.566034991341864 0.152933389383768 0.263083346034819
0.0649067185554704 0.347731474336383 0.348483625766526 0.238878181341621
0.0819912863565604 0.362748069971592 0.222814761854272 0.332445881817576
0.272653686864036 0.251388241191365 0.23938428201568 0.236573789928918
0.120679708696201 0.236746308485981 0.331013317445503 0.311560665372315
0.113757830148778 0.388107909935729 0.437097205919628 0.0610370539958661
0.1076853488768 0.46965993616223 0.120509233748103 0.302145481212866
0.146702798989862 0.669138500758716 0.0260432734982319 0.15811542675319
0.368523395462416 0.414505735702641 0.0245599327960667 0.192410936038876
0.00477905344830406 0.256927485820884 0.350910905876419 0.387382554854393
0.398110660008887 0.092288680962429 0.245724371770441 0.263876287258243
0.0325743522277379 0.307928020819142 0.270053600523785 0.389444026429335
0.340653809820401 0.0858191854648741 0.26340121817303 0.310125786541694
0.458133184108318 0.0351349858249251 0.504214254195738 0.00251757587101827
0.492512568622229 0.0308968218135538 0.0536894059074181 0.4229012036568
0.434593223058725 0.183705251417389 0.293692849858568 0.0880086756653182
0.495366271766963 0.190202382929165 0.0856496076473972 0.228781737656475
0.362859450847195 0.00544335761775396 0.55907306072831 0.0726241308067413
0.18660644170526 0.194206905593613 0.351255509793835 0.267931142907292
0.225123937761954 0.434156483756893 0.331807554212123 0.00891202426903048
0.297304651650061 0.0340673777537395 0.426095533302568 0.242532437293631
0.158857380838726 0.261469261985322 0.237696499833718 0.341976857342235
0.218692804419464 0.116155248032596 0.321116105000825 0.344035842547115
0.169685448945283 0.23761798370332 0.327706060455158 0.264990506896239
0.437205526055061 0.00179898221407476 0.19088315537562 0.370112336355244
0.273310412265547 0.190137037789075 0.224915088991159 0.31163746095422
0.266960095052867 0.0863613598353562 0.408925244214524 0.237753300897253
0.221704328773436 0.170968084412536 0.512709415522279 0.0946181712917489
0.379765879003725 0.175963004696724 0.00461977750357622 0.439651338795975
0.0396142748992224 0.0267410527524314 0.521543851426171 0.412100820922176
0.0663046393492789 0.403830330561658 0.113532551052127 0.416332479036936
0.0152104310655651 0.336468675053333 0.355475696975003 0.2928451969061
0.391055032593067 0.00586903211992363 0.339805692182949 0.26327024310406
0.377607188533106 0.311687899212959 0.271215535948166 0.0394893763057691
0.374265714670112 0.459440744574786 0.0839901399681234 0.0823034007869789
0.348765514574221 0.143165100404022 0.184279172745486 0.323790212276271
0.14577894414723 0.334590007440494 0.220761857380755 0.298869191031521
0.381267453902963 0.188306717163459 0.176368180455715 0.254057648477863
0.414221225292912 0.187340185842066 0.2036746827157 0.194763906149322
0.428735450160257 0.200534311687936 0.0875081113936482 0.283222126758159
0.131968020797397 0.307270426800086 0.262333974793231 0.298427577609286
0.11566125530723 0.243600543970926 0.461342731347723 0.179395469374121
0.23258410075394 0.238176091289452 0.216998507564879 0.312241300391729
0.0293692100705714 0.339855528559721 0.204732716550405 0.426042544819303
0.543538474571313 0.0486811733830289 0.103583247265039 0.304197104780619
0.265350715218587 0.280488266634388 0.325510473184955 0.128650544962071
0.0424169094342128 0.450141398207334 0.279125132361021 0.228316559997433
0.240847902900151 0.268295878029764 0.272593923474457 0.218262295595628
0.208725500836926 0.314522727616285 0.200918880583396 0.275832890963394
0.280097101558439 0.176454589455181 0.0982386688320541 0.445209640154325
0.306302257191922 0.0411418871006862 0.357980926797866 0.294574928909525
0.0402745437540865 0.272541679100554 0.341640569719985 0.345543207425375
0.357880265251895 0.153875921105747 0.219718396276566 0.268525417365792
0.248549798377401 0.382392040302735 0.313616931261305 0.0554412300585595
0.222964101034962 0.221265580676275 0.34597179692426 0.209798521364502
0.371928862893791 0.0381127928190033 0.137645935736135 0.452312408551071
0.278705653771246 0.11874895890927 0.11393851923999 0.488606868079494
0.0275722652593159 0.387435683732849 0.193826713811723 0.391165337196112
0.35724079705178 0.173343894607349 0.187392723561719 0.282022584779152
0.210893068219459 0.00955019372658224 0.369551397294291 0.410005340759667
0.155421680029198 0.162226409272425 0.206125492366167 0.47622641833221
0.136105020061027 0.171741340745524 0.210808050196767 0.481345588996683
0.12756768934559 0.493862173972745 0.112016439514013 0.266553697167651
0.196237879430252 0.404602436424557 0.348660537816719 0.0504991463284724
0.148795942733665 0.406292515978748 0.120945976806873 0.323965564480713
0.266104698668723 0.017517966922974 0.376292135297664 0.340085199110639
0.309471171573881 0.179330694578961 0.437001199165195 0.0741969346819628
0.243350599191412 0.471825883211294 0.203667819027777 0.081155698569517
0.154736329954203 0.174449861263439 0.279833727044908 0.39098008173745
0.252802266892264 0.193478583145485 0.31725115308856 0.23646799687369
0.339128007642208 0.381216278311874 0.0868202921684125 0.192835421877506
0.33105882913011 0.359417361813785 0.0072911587533091 0.302232650302796
0.0721741663188233 0.271395332620955 0.0252929243703381 0.631137576689884
0.0794877158505786 0.427284787900016 0.292864103337779 0.200363392911626
0.473105062552382 0.122817663695203 0.254481710188661 0.149595563563755
0.268881807536268 0.227142017818318 0.28496383309131 0.219012341554104
0.186332244687844 0.319411569174951 0.351952414880895 0.14230377125631
0.359980947068497 0.240119913468006 0.176829451386094 0.223069688077404
0.390687537127334 0.138341505701021 0.438141945754222 0.0328290114174233
0.169404313124215 0.334005229607559 0.342137175617142 0.154453281651083
0.269166440658515 0.236770699128997 0.201355562579234 0.292707297633254
0.296216671399304 0.225668501994385 0.30674770519717 0.171367121409141
0.297054180072656 0.269175256263922 0.216268041188566 0.217502522474856
0.231316635167215 0.262909041578273 0.345791444983743 0.159982878270769
0.216130969880034 0.220947432369939 0.243942487344729 0.318979110405298
0.388231944561378 0.280208171037736 0.164639410047155 0.166920474353731
0.0921060868428655 0.161840503577462 0.200572563149719 0.545480846429953
0.0625562433332 0.277974083219248 0.466338895772721 0.193130777674832
0.338274125623969 0.0880022538267864 0.25179157066459 0.321932049884654
0.119556257747803 0.547099655589126 0.0188259626149619 0.314518124048109
0.399202185700754 0.265430174878216 0.25474208223922 0.0806255571818104
0.157300837083782 0.258696286308066 0.296831598824205 0.287171277783947
0.124294644035806 0.434589824995886 0.164275810820165 0.276839720148143
0.409254414776725 0.287986658771378 0.176364249368935 0.126394677082962
0.348877023807777 0.190209904198666 0.0721895052303086 0.388723566763248
0.151613896181089 0.168538396692752 0.646886450615992 0.0329612565101674
0.490554077471501 0.244510754513926 0.0731005392183973 0.191834628796176
0.334444069335016 0.42155775732374 0.100388859038686 0.143609314302559
0.128255965894098 0.162373395484709 0.338877017211993 0.3704936214092
0.313909757355211 0.234554284725132 0.213455543440055 0.238080414479602
0.230683351903236 0.353459717146562 0.230792355769201 0.185064575181002
0.0756132082806143 0.489505034312619 0.0447454305585309 0.390136326848236
0.232540426100722 0.312754357573467 0.297255612214116 0.157449604111695
0.462338446596954 0.349224869711491 0.185440709014319 0.00299597467723633
0.29224561737764 0.191254650341419 0.299325678356753 0.217174053924189
0.339981282728201 0.175719409654505 0.386429012425376 0.0978702951919181
0.136743275851035 0.724664997006235 0.0628508641361645 0.0757408630065661
0.299256341855847 0.404743718632142 0.0533607856782481 0.242639153833763
0.0384913001772713 0.453111808539089 0.467954714369833 0.0404421769138063
0.0814830372117855 0.268240608427136 0.176052628620252 0.474223725740827
0.24439420418123 0.526347994306735 0.0663032961887571 0.162954505323278
0.341719851130261 0.350639513417726 0.242853292294935 0.0647873431570785
0.278304047276177 0.248111497385676 0.0600253122689839 0.413559143069163
0.314622558484416 0.0938987260867797 0.258785817814364 0.33269289761444
0.287598817900024 0.167589515535699 0.338321918996977 0.2064897475673
0.365037928921012 0.493745401826862 0.048335688981379 0.0928809802707476
0.29945371457722 0.262655483314238 0.435776337292675 0.00211446481586748
0.37635360942501 0.185175636822953 0.126722776511674 0.311747977240362
0.118013993997256 0.0159761296724258 0.838611897023335 0.0273979793069829
0.324403926466071 0.127140524083379 0.331255009407362 0.217200540043188
0.458059487019966 0.231530691194708 0.222411641355194 0.0879981804301325
0.49034801399988 0.358709619813537 0.137405037434877 0.0135373287517054
0.39232444978705 0.375593846800081 0.207086095568622 0.0249956078442473
0.350982431213522 0.0842442692229727 0.325480375841193 0.239292923722312
0.432327352137267 0.121506210159893 0.42005935818918 0.0261070795136604
0.327825029685139 0.244808766494425 0.345860574348358 0.081505629472078
0.37705962810196 0.0692478096971989 0.173095764499709 0.380596797701133
0.0167620855251257 0.257416846990047 0.369803342652242 0.356017724832585
0.239594363890084 0.0271931983912905 0.266039220113935 0.467173217604691
0.34449467275669 0.295184463815319 0.0438014811486983 0.316519382279293
0.395218715231021 0.121297098104974 0.438943659733769 0.0445405269302358
0.313226269026658 0.26783204529309 0.0759972616623542 0.342944424017898
0.0438180986601368 0.457368603792693 0.0354774639572328 0.463335833589937
0.301909121139413 0.211988405342205 0.0645955540668028 0.421506919451579
0.274667249704314 0.106002756424319 0.31060985873391 0.308720135137456
0.147733334488013 0.163866178700834 0.329186137442253 0.359214349368899
0.114571833969196 0.353143276910112 0.375136604002631 0.157148285118061
0.447857189612969 0.405428484170248 0.0461986585967538 0.100515667620029
0.128182654342236 0.0426969930298714 0.246204662632056 0.582915689995837
0.281205243842572 0.195634403991981 0.406592420211675 0.116567931953773
0.299320445145238 0.377716485791525 0.154630477121536 0.168332591941701
0.190774936395022 0.386590630320174 0.0997750287520996 0.322859404532704
0.045167423498793 0.557181141848377 0.351993508334592 0.045657926318238
0.209934231690486 0.260240162236221 0.400001913080252 0.129823692993041
0.422202767302395 0.514961276982562 0.053686989126079 0.00914896658896424
0.202195321274217 0.0483714513127406 0.259045823470603 0.49038740394244
0.728604947150148 0.0390015921590854 0.199427806039892 0.032965654650874
0.00807643998297391 0.23566247839529 0.399919895050552 0.356341186571184
0.388071272012138 0.194046733195817 0.324885688849264 0.0929963059427808
0.313927644094738 0.325886648971391 0.047727893404631 0.312457813529239
0.466553615899884 0.125703428323174 0.151069651026983 0.256673304749959
0.0236475350874445 0.374607524426609 0.384409210362461 0.217335730123486
0.352840828289367 0.339484220153029 0.130142646624255 0.177532304933349
0.373272646256801 0.411957457214211 0.176026163602771 0.0387437329262171
0.492719275127062 0.212911907964626 0.276890129045732 0.0174786878625804
0.553995308333037 0.0716559883191745 0.0834357508052025 0.290912952542586
0.0853251484548099 0.289697182904473 0.0283648856509206 0.596612782989797
0.338350138327321 0.120019544735259 0.203016685082726 0.338613631854693
0.206529714518281 0.521627505322622 0.211105901300372 0.0607368788587249
0.0688242573423764 0.515601163938495 0.194005076861588 0.221569501857541
0.284063059475867 0.228597152638054 0.174805009955405 0.312534777930675
0.240323363373746 0.324327991318058 0.228011304023033 0.207337341285163
0.0949003968765933 0.459837830997572 0.275156644839126 0.170105127286708
0.180000610811191 0.336764266233582 0.186445135421582 0.296789987533645
0.309078093841107 0.271517515240696 0.241468704052323 0.177935686865874
0.449722078953367 0.0736282734823482 0.42490076372762 0.0517488838366642
0.344338852832163 0.124326487985594 0.39165235006059 0.139682309121653
0.201138151947241 0.38646288821664 0.321225874335775 0.0911730855003441
0.0835312209864793 0.0270130379244064 0.585555142418979 0.303900598670136
0.686044737256866 0.243123898229271 0.0415741123372307 0.029257252176633
0.460040018164226 0.0849115376924662 0.2716028577511 0.183445586392208
0.284008757040215 0.0118671061274837 0.404225396703606 0.299898740128695
0.268819367194118 0.0288169790968688 0.375666437684742 0.326697216024271
0.408281994755789 0.428820429753771 0.0889260213497963 0.073971554140643
0.261464092881387 0.140183896116455 0.306608534351168 0.291743476650989
0.0245966501579524 0.465078513439269 0.451074692602507 0.0592501438002718
0.314978115174838 0.293125130154258 0.304086583976826 0.0878101706940768
0.416897798227701 0.333659039341565 0.130227242941693 0.119215919489042
0.319984060949733 0.213151881096304 0.386382819099811 0.0804812388541515
0.112122693827201 0.335217843204425 0.0493572646001333 0.503302198368241
0.0647648300711584 0.700220775587123 0.0667583360730801 0.168256058268638
0.131932619872335 0.0734183883193514 0.298813644200146 0.495835347608167
0.347338722535958 0.26794916573283 0.09870255874743 0.286009552983782
0.339178805437547 0.25876519187146 0.0869035011164521 0.315152501574541
0.0559026785140594 0.0127619741587861 0.582956992863814 0.348378354463341
