0.282514722984308 0.220125771834118 0.0865159924066453 0.2203247148606 0.190518797914329
0.0309119659942247 0.0342849547724549 0.131986834066391 0.392968264796261 0.409847980370668
0.35512767888613 0.25598654586133 0.00495758370945196 0.201079968050484 0.182848223492604
0.0504541653419981 0.270921983636094 0.317474053454785 0.274800539209443 0.0863492583576808
0.238577599260544 0.287964033334707 0.0535116980637474 0.320754306487311 0.0991923628536908
0.37220054774584 0.112989208000862 0.182482789590666 0.0922265089236625 0.240100945738969
0.295683342578478 0.287711946220472 0.0988544335190708 0.0207997932976403 0.296950484384339
0.232690499277146 0.164918525697094 0.214092106711688 0.24053949132898 0.147759376985092
0.0429058116224886 0.174935294240289 0.383884916454061 0.00698600215381354 0.391287975529348
0.0770358224862526 0.345286270097976 0.251243667475566 0.0190767065842049 0.307357533356
0.249457360435871 0.317662069376589 0.0683804282043274 0.353493296847097 0.0110068451361161
0.144849908985611 0.193914926249099 0.245228432653404 0.178311975762081 0.237694756349805
0.117954800751261 0.180425093279394 0.208404492436413 0.140036829426399 0.353178784106533
0.167200881065141 0.228056479928375 0.298828721203916 0.0917713600395764 0.214142557762992
0.0579050180007076 0.251422759911481 0.0453164059523639 0.190107580379983 0.455248235755464
0.231015373653928 0.0504153578593753 0.27693398859639 0.266072296950093 0.175562982940214
0.112389747614695 0.257220074854959 0.258505647602049 0.228223431249356 0.143661098678941
0.339386070513356 0.221328877890301 0.0566335312708875 0.280834582017363 0.101816938308092
0.0174645313176312 0.52460453083204 0.0356271664188838 0.0284598766621939 0.393843894769251
0.18906442227885 0.119549834836452 0.176554261018227 0.102200126534398 0.412631355332073
0.125866936350114 0.244175181902685 0.136847897715786 0.23942590098336 0.253684083048056
0.0433214446872 0.0985588190075188 0.198468264397584 0.488478540421856 0.171172931485842
0.366017084461486 0.305785542407653 0.0378958919449137 0.283580134490481 0.00672134669546643
0.273872464176152 0.274664082680343 0.137410526437446 0.218536032670089 0.0955168940359707
0.0302411755821993 0.333081794614699 0.0828669954268609 0.268645444050974 0.285164590325267
0.020856708779407 0.39352761214778 0.437895551621971 0.00822442186194671 0.139495705588895
0.00105464484561459 0.243987890976601 0.362790393646167 0.0950194479434393 0.297147622588179
0.325398308793486 0.0560730097089521 0.17497229617893 0.284647955512373 0.158908429806259
0.337578811343164 0.0752194899781844 0.257311737223259 0.316438124767773 0.0134518366876201
0.262844643018614 0.102384571111306 0.355550291033637 0.0133531055413936 0.265867389295049
0.157532721924462 0.0404748113443725 0.181847929710086 0.330348989974561 0.289795547046519
0.154071816576163 0.0877917438515875 0.408234583383961 0.342223242029177 0.00767861415911217
0.191729188040104 0.186917775349769 0.246763448022028 0.117515828319345 0.257073760268754
0.170893568061819 0.164791188074219 0.0688690896285251 0.0757793071378819 0.519666847097555
0.292139914686182 0.0672404085565888 0.205698404262027 0.25764231661245 0.177278955882753
0.113380566761681 0.13991283478412 0.341588042108394 0.399722130794166 0.00539642555163944
0.19346346822805 0.141772068414594 0.222344824060733 0.210819916262809 0.231599723033815
0.27810086071848 0.443697306106925 0.262227350126311 0.00795403091741682 0.00802045213086759
0.132544887742343 0.362955728804224 0.170792686835038 0.278874067721162 0.0548326288972332
0.0326289109893149 0.301179187071938 0.303934492187033 0.121381699903272 0.240875709848442
0.189188034658932 0.32463018617981 0.0652848008767996 0.0184490655209198 0.402447912763539
0.330994205062902 0.0431568435305798 0.256909490428777 0.0115497821760899 0.357389678801651
0.283471226590694 0.292439750319095 0.226023462580219 0.0570280549300651 0.141037505579927
0.282782718300719 0.205189664443596 0.254185459898121 0.162009505466209 0.095832651891355
0.137167571790962 0.339985732606529 0.124289807904025 0.217862607886885 0.1806942798116
0.0509027291248824 0.343618734501262 0.149870655125931 0.193311157214112 0.262296724033812
0.28966468653839 0.250696954160908 0.0551684540571398 0.198418694331008 0.206051210912554
0.0379031111100561 0.402506957428948 0.210111920876007 0.0890661465931844 0.260411863991804
0.127371961969497 0.395175861786412 0.192898901804387 0.0505831928582135 0.233970081581491
0.162932355700593 0.0464646625005754 0.25237855376812 0.0365559164296676 0.501668511601044
0.254632039342701 0.0158288660835474 0.349739744924389 0.305873580648066 0.0739257690012956
0.154052022156647 0.083251870158456 0.298156009489224 0.309920449641486 0.154619648554187
0.247248206408444 0.341682464062179 0.2298799650686 0.142810026425951 0.0383793380348262
0.105673255833463 0.107174067248298 0.305454119693715 0.122352933459254 0.359345623765269
0.169589743615622 0.310390562395285 0.432579160107563 0.0175249401575243 0.0699155937240059
0.141937463917268 0.285476982481521 0.143820068185424 0.277614231396213 0.151151254019574
0.259163120481332 0.184766834118402 0.34331225421312 0.177422866496911 0.0353349246902351
0.0532965194643909 0.312214455343625 0.248783611721316 0.0399592394166199 0.345746174054048
0.159114588036949 0.219456984438332 0.182711344405984 0.231612710829528 0.207104372289207
0.256489457337606 0.150760343661923 0.299672768707538 0.265372208551465 0.0277052217414687
0.182520921426709 0.302760867786479 0.0948247121430434 0.130455334698406 0.289438163945362
0.291269154755614 0.157747018679769 0.163945631289235 0.11615401001498 0.270884185260402
0.113408202943403 0.358547732575325 0.232310579294299 0.258968990825814 0.0367644943611584
0.194719791193933 0.200232991565306 0.221020913508758 0.020811532404036 0.363214771327967
0.135744069749784 0.180884382263052 0.390629520233097 0.0384338833429553 0.254308144411112
0.27133005369254 0.0992949252556292 0.357554198217578 0.0661313734100443 0.205689449424209
0.131106064185969 0.115426122400695 0.153783254922275 0.265315344009973 0.334369214481088
0.126174353547021 0.297457720182055 0.209534243412574 0.236802591415697 0.130031091442653
0.291800348664161 0.0639668052204765 0.33016100731833 0.292590166650039 0.0214816721469943
0.221625279306245 0.286880793988731 0.198386292724692 0.224385707280428 0.0687219266999049
0.110896753474537 0.131253719904828 0.197613132285605 0.215750023379877 0.344486370955153
0.276102446902233 0.00237945135458429 0.222738664225894 0.296803699388738 0.20197573812855
0.17573720155084 0.272130836298139 0.308448756010216 0.216829208874074 0.026853997266731
0.0496477429590617 0.299190094042123 0.130596598377003 0.242183314447349 0.278382250174464
0.316471719679918 0.162381031039974 0.207926768723425 0.0516934272377915 0.26152705331889
0.248245794371203 0.113210136836935 0.313310726131779 0.314751162154714 0.0104821805053682
0.360039968778567 0.318850193105118 0.185363683279979 0.0648714157230421 0.0708747391132943
0.134865688591249 0.208576073427312 0.343708016966517 0.26972096331724 0.0431292576976822
0.0791602411170484 0.210675650151357 0.387387530943642 0.0865033863414787 0.236273191446474
0.231323936431486 0.210844846066326 0.186644382804301 0.111894054854466 0.259292779843422
0.113079052816435 0.11467514884901 0.12612677524408 0.372904098093222 0.273214924997254
0.372371130095913 0.0529687603514287 0.118529588796115 0.409956381163563 0.0461741395929805
0.101015255579687 0.325295365657909 0.288336099957734 0.160126986044372 0.125226292760298
0.249601143920851 0.210840332972798 0.0712202198015353 0.228665327478862 0.239672975825953
0.281851664449029 0.192213310230149 0.248190178248747 0.092468654892514 0.185276192179561
0.146642882249407 0.181179213359039 0.517044376471751 0.135160222825588 0.0199733050942139
0.119931445493527 0.375895427706879 0.266285261212295 0.2217229197889 0.016164945798399
0.283136447599081 0.0744934151846895 0.310137100162103 0.191480033474406 0.140753003579721
0.212364513911668 0.0074464332442808 0.315035795257807 0.2246509075999 0.240502349986344
0.242128085580579 0.162726807242979 0.25194194770032 0.323969754303615 0.0192334051725063
0.0466308576222735 0.130431340905928 0.212430404457613 0.28204619425203 0.328461202762155
0.314088611387335 0.112615240598294 0.299242573803851 0.163314529554329 0.110739044656191
0.0711929767023799 0.153129385063971 0.417618748749825 0.0847682952788682 0.273290594204956
0.35109460569459 0.211762286390202 0.0273925277035134 0.386947065079211 0.0228035151324833
0.0554317183964477 0.208769363561638 0.0291513536575541 0.335626589601204 0.371020974783156
0.0714948830528876 0.268026426386377 0.131519015811367 0.0663672089186935 0.462592465830674
0.420179628233236 0.142408835648583 0.266178056717801 0.0744642888157745 0.0967691905846064
0.303623511843732 0.156971134463037 0.203125579417124 0.05659608000437 0.279683694271737
0.116451100901758 0.13828529393059 0.27007964837335 0.450421021526071 0.0247629352682314
0.324206209486295 0.0933703904562763 0.170068031277024 0.371191419074119 0.0411639497062852
0.0690677885523602 0.209484933242022 0.354177169679381 0.0836600559999754 0.28361005252626
0.332913513917676 0.117528254441138 0.210444503381059 0.29156512578014 0.0475486024799858
0.0589640448750528 0.0104040342697822 0.188910957837291 0.364762093238994 0.37695886977888
0.0249692525809423 0.158482511581249 0.356955712354242 0.39418978979313 0.0654027336904366
0.139524382882511 0.20335122432409 0.0643867678624282 0.38434779327642 0.208389831654551
0.331740324892011 0.395934453622248 0.0723715045947333 0.0560698934430626 0.143883823447945
0.058767456936631 0.244677297323011 0.219722938353967 0.244710192053271 0.232122115333119
0.0905687831190046 0.14381454857357 0.234327144737992 0.408608796813689 0.122680726755745
0.299701733938063 0.194266064147371 0.135481246217465 0.100123763697255 0.270427191999846
0.337696669837651 0.247296004437558 0.160709757939277 0.0113254810993656 0.242972086686149
0.177055943897655 0.13356701713526 0.154134783521279 0.320523864989301 0.214718390456506
0.189450382814828 0.152439918255975 0.187954021083954 0.408085989914373 0.0620696879308706
0.322711654405197 0.151620250169706 0.204870199766236 0.262377586902085 0.0584203087567757
0.272277611695916 0.198406562005371 0.263434706120094 0.242747407072238 0.0231337131063804
0.0130599257961019 0.312834852963755 0.0515783935228822 0.573973776061491 0.0485530516557701
0.191590572244168 0.419020910760448 0.23289466714978 0.00518233699232129 0.151311512853282
0.299874209149538 0.0973035334124548 0.0236140733311957 0.264043789045096 0.315164395061715
0.124786167501318 0.171704191453788 0.239459673869807 0.15441628516248 0.309633682012607
0.646294701078502 0.00281267975506752 0.171335480146314 0.0381672302632449 0.141389908756872
0.141212627527983 0.175368244254324 0.0508359720671621 0.237297738478645 0.395285417671886
0.116402601931692 0.27915246471558 0.158252940618699 0.313978041761211 0.132213950972817
0.178196446232068 0.254021373203925 0.20899157733551 0.120219453670858 0.238571149557639
0.122696086035671 0.328247990031536 0.173721386348532 0.167434554064862 0.2078999835194
0.10297072995021 0.137344140588956 0.3167088634296 0.160266231483228 0.282710034548006
0.110139549924159 0.154746373676672 0.155431008075994 0.0401841988072551 0.53949886951592
0.113948086016332 0.325966491708431 0.114389484264908 0.161329062400993 0.284366875609336
0.221088087389478 0.119007888673089 0.238936367861585 0.213669285761594 0.207298370314254
0.0520542039960911 0.401584263006815 0.136129010827644 0.194537259673546 0.215695262495905
0.0175596976097728 0.348821935466325 0.389934542162569 0.158871280376839 0.0848125443844941
0.261750897424776 0.0170941697638594 0.189845541543999 0.238850593155097 0.292458798112268
0.0254532298237447 0.63770226517335 0.0174816361461118 0.0363412249683573 0.283021643888436
0.0567286897572781 0.183291175460346 0.207854806074714 0.326836176216512 0.22528915249115
0.415880982173632 0.126387183946913 0.202209595970249 0.0064695646333516 0.249052673275855
0.247277383823782 0.133875478786532 0.104746544894344 0.406482579800792 0.10761801269455
0.122381701599995 0.0817604688521663 0.0991134905665789 0.261028527115534 0.435715811865726
0.0746043656967477 0.170491356804925 0.317853886879714 0.267844199735737 0.169206190882876
0.120735990339778 0.147296725617519 0.0716954706420427 0.404653687236621 0.25561812616404
0.286665347168163 0.369305663953644 0.181427567614391 0.153658839157336 0.00894258210646552
0.247309356239459 0.452599566640088 0.269535648665586 0.0179505217903508 0.0126049066645164
0.372373408002034 0.0728621615564678 0.0128835751883043 0.336975387324806 0.204905467928388
0.0871251979417733 0.134178698465445 0.3736227107691 0.0232986488874513 0.381774743936231
0.268601155793549 0.179789835167811 0.107541964224597 0.138029191345616 0.306037853468427
0.00270682589300677 0.0627139437949187 0.307397464242944 0.290765469513443 0.336416296555688
0.211725537968915 0.075676733685294 0.208285211043302 0.428624727707201 0.0756877895952877
0.22196979774244 0.0324691756959587 0.266697337670946 0.252020863930639 0.226842824960016
0.224960272439452 0.312656354057196 0.132035807271064 0.106638615053269 0.22370895117902
0.0344265753424885 0.311320538527348 0.211504650957018 0.435691393891057 0.00705684128208877
0.0212417989230823 0.0933091967688623 0.286646760437758 0.150868419189701 0.447933824680596
0.140276605547862 0.0484975281930921 0.199385238518693 0.235847665003887 0.375992962736466
0.309155196924588 0.0186522062236272 0.299476055281543 0.179339199485376 0.193377342084866
0.305523489010154 0.231563316933861 0.0101682417327052 0.147721604794518 0.305023347528761
0.192028632418311 0.0555919524763572 0.158177846847262 0.294280846141837 0.299920722116232
0.368263099310176 0.128453711907062 0.110008299941051 0.269136365993451 0.12413852284826
0.34748278945067 0.0651777488220583 0.15798065566155 0.0825730342131055 0.346785771852616
0.108943893512053 0.111542017171139 0.384460418037907 0.00634849657157416 0.388705174707327
0.0246264347993 0.0228586269916366 0.352929287101398 0.192039733435381 0.407545917672284
0.0184516538632661 0.0342356791111191 0.455649823110499 0.0732919890625095 0.418370854852606
0.439044748338899 0.0635652814561019 0.0368276158393261 0.0881235658267138 0.372438788538959
0.283815077226501 0.212737306195654 0.321026719104663 0.109973707904933 0.0724471895682494
0.206857959494021 0.0142625488179269 0.21332870157185 0.264436664975109 0.301114125141094
0.278133941514794 0.166315733491531 0.0748457070939068 0.227694751490764 0.253009866409004
0.0884968522217005 0.269575677547881 0.190765019804907 0.202458362079201 0.24870408834631
0.412463777972235 0.113616486805055 0.109561506647154 0.0220189239355129 0.342339304640043
0.317584858614544 0.152573200067472 0.162080779099226 0.342265183287257 0.025495978931502
0.231430764400124 0.0804456215089985 0.195509366023341 0.29219035797978 0.200423890087756
0.384514273779223 0.396774063900308 0.0525743579505361 0.0895679916914797 0.0765693126784539
0.0447489232463991 0.630902080136183 0.159737955684047 0.0467892190953994 0.117821821837971
0.245349182036108 0.0277674225911441 0.230175844967019 0.256692344601381 0.240015205804348
0.00203729200284029 0.265899692515214 0.175365378738463 0.262524435876082 0.294173200867401
0.427446854244128 0.23003923019036 0.0233252103552241 0.0394899947020368 0.279698710508252
0.0380142216873824 0.245480090206842 0.043891753559129 0.319278132171098 0.353335802375549
0.167320959521546 0.224216250669378 0.24747498664226 0.220233007195339 0.140754795971476
0.0854504674113819 0.102963342781412 0.261523915443826 0.275450561543584 0.274611712819796
0.160045811240537 0.268993616257143 0.360255626318709 0.143343664879002 0.0673612813046088
0.267947070968652 0.0192851361817867 0.107580321011263 0.241230121655491 0.363957350182808
0.136823478213124 0.140150716611868 0.224531358712182 0.158956827649346 0.33953761881348
0.163536816248774 0.193806958309388 0.197791668828883 0.239417903041035 0.20544665357192
0.378848665583511 0.267499901658309 0.0323037393803016 0.184838303963751 0.136509389414127
0.226930496680188 0.0870910810438005 0.316893898689511 0.288508540473442 0.0805759831130587
0.00674160917115418 0.352442042737865 0.282989514733772 0.218121635486871 0.139705197870338
0.162622416503541 0.0882863464610976 0.0589342857295356 0.371741439101532 0.318415512204293
0.409138369842482 0.411779135388674 0.00918367522946871 0.0341270155575486 0.135771803981827
0.171810161664214 0.239261766586142 0.150527429794659 0.252511211823736 0.18588943013125
0.127347175148028 0.0816428916259119 0.332315161160627 0.278317866292167 0.180376905773266
0.210283516163619 0.222960531607256 0.165183510569647 0.237406603083056 0.164165838576421
0.251435992008802 0.100347094575372 0.243479683947681 0.129948608459605 0.274788621008539
0.318442859584394 0.229372883973182 0.267144702720322 0.130311643605568 0.0547279101165345
0.228685588248217 0.213488150374585 0.141363549779901 0.181694196661209 0.234768514936087
0.0521030569283312 0.282665313115175 0.358686989621257 0.22319081479712 0.0833538255381167
0.299876090722015 0.192738166992241 0.306857230537734 0.0817579835604178 0.118770528187593
0.120058149434732 0.364528302611403 0.241148985550535 0.22846616991296 0.0457983924903704
0.190898485540076 0.186017786619757 0.342634033749943 0.0126521798836021 0.267797514206622
0.166415044000774 0.231241401748062 0.215101817016811 0.173149821272084 0.21409191596227
0.0420629933901051 0.441610895582397 0.164094889099531 0.154267172797893 0.197964049130074
0.165454734547424 0.12713358200297 0.194529606526573 0.243275129091614 0.269606947831418
0.306703169078034 0.147648583823673 0.217404549153782 0.0299945674436556 0.298249130500856
0.106532794609547 0.24737319735039 0.298733069457841 0.0168157717627504 0.330545166819472
0.266128210400327 0.214633374616889 0.177771756016278 0.324697554818195 0.016769104148311
0.0589895217809114 0.222332194221355 0.237152651532826 0.314153769084377 0.167371863380531
0.387467428316552 0.152117459505267 0.347965676539542 0.0958237533833007 0.0166256822553388
0.256411606879547 0.0606273328321356 0.112681146844733 0.259272015975436 0.311007897468148
0.00407693118486083 0.357278841207268 0.37386834343756 0.147170220136478 0.117605664033834
0.0639896437101233 0.401576529336383 0.084147404980483 0.395553253260161 0.05473316871285
0.327150897609934 0.516630106024129 0.0423815593723181 0.0225911967781408 0.0912462402154778
0.303823263489943 0.171558943725349 0.286895884170461 0.196635495026198 0.0410864135880488
0.316384964995861 0.230853607207514 0.285828563854306 0.0315958799739061 0.135336983968412
0.138956315100319 0.184490971716104 0.220868435685733 0.331261262847609 0.124423014650236
0.00671047744772514 0.389034984925302 0.145917087678368 0.287835185904081 0.170502264044524
0.380181664313609 0.156910156185426 0.0822935952925341 0.105275746135628 0.275338838072803
0.341645831347128 0.200382598838201 0.218987873237371 0.0635162469756785 0.17546744960162
0.327136990760885 0.229128982145757 0.235209548537484 0.0972013007340363 0.111323177821838
0.137420311462184 0.174235632715551 0.271401494096216 0.138517747045727 0.278424814680322
0.276324129805571 0.0242493164722391 0.231903703679258 0.224145947567346 0.243376902475586
0.0918601361049008 0.240527354436654 0.278847496654869 0.258512936342963 0.130252076460613
0.246901074634812 0.042403559552608 0.191065290504248 0.226803145699972 0.292826929608361
0.30307991638045 0.32686035985122 0.197977717149024 0.0196517469488769 0.15243025967043
0.0623504593951471 0.225515648180789 0.360076616698874 0.0887486344358043 0.263308641289386
0.152844927308354 0.186691146372251 0.243042241830752 0.206485866591099 0.210935817897545
0.076656553944902 0.0381244047245339 0.373117680611369 0.276739131393118 0.235362229326077
0.205237783132124 0.0629554083912125 0.111064550627864 0.218101958528545 0.402640299320255
0.0342976996307715 0.294922953856174 0.183700994920368 0.33854925874682 0.148529092845867
0.234233680608621 0.31831154768728 0.292819354979793 0.00378793785306283 0.150847478871242
0.10318632321423 0.36767999593876 0.306511830745594 0.0346976287649208 0.187924221336495
0.0496719929396812 0.182379623497 0.383246370134847 0.1302021016112 0.254499911817272
0.300895193644485 0.183833247799021 0.0405650617691157 0.296860267361367 0.177846229426012
0.18032720722551 0.216989084846292 0.28964597911171 0.0322109446070894 0.280826784209399
0.251184060307174 0.205515983737566 0.0298256577709423 0.205942639847769 0.307531658336549
0.208425978561586 0.26314080253544 0.10944337364638 0.211510955093143 0.20747889016345
0.155903144744874 0.303873580342109 0.173361542009817 0.18518327066761 0.18167846223559
0.128171704160872 0.312574172278543 0.0577068109836991 0.158606502826435 0.342940809750451
0.295208572015971 0.107378025154204 0.110072223422475 0.184555611176582 0.302785568230768
0.249548579529562 0.366738269459845 0.109947112714231 0.147549317756356 0.126216720540006
0.178076527432653 0.205225175110967 0.287446074377938 0.145510967410154 0.183741255668288
0.271563936211543 0.0503925378000546 0.0158019929196167 0.375592577422876 0.28664895564591
0.0610246430633849 0.360325310544722 0.29749379539482 0.020135889244531 0.261020361752542
0.234276409533232 0.123330428184918 0.0218275434923444 0.237578110893114 0.382987507896392
0.032707260009116 0.254773209635941 0.347576956752134 0.00381325741327369 0.361129316189536
0.0923343960692141 0.214855328797679 0.2657627476272 0.227511713166235 0.199535814339672
0.00643891136673324 0.0961383479756612 0.200621676650601 0.337262979413409 0.359538084593595
0.419704741581944 0.197701014304617 0.0139541787089001 0.30313189529316 0.0655081701113779
0.142632408677405 0.229413815349116 0.139064069099624 0.183115456975061 0.305774249898794
0.246644413613172 0.226311324392042 0.202331408536131 0.259000400598273 0.0657124528603818
0.434226561753966 0.159774931426984 0.363147090412676 0.00267037225934903 0.0401810441470255
0.0628217185306072 0.403237380018784 0.17836991063052 0.0848609301460348 0.270710060674055
0.267846350474491 0.209056820349667 0.087025509374746 0.245076872462389 0.190994447338707
0.148123295928607 0.0625245042951503 0.109181646994494 0.247434154808843 0.432736397972906
0.219550974190826 0.124262682284902 0.395949177810713 0.00290602997363002 0.257331135739928
0.276521967981898 0.124523677551707 0.243713806760358 0.172819765852138 0.182420781853899
0.335391015789696 0.33184870259687 0.011088135318412 0.109091517085768 0.212580629209254
0.238082279098574 0.236508929536185 0.204736898664012 0.303710736573119 0.0169611561281096
0.422793775984599 0.209661733472805 0.218186283791231 0.0280880274460142 0.121270179305351
0.132837255592928 0.242282205455839 0.234683064835927 0.063885239869041 0.326312234246265
0.0386724917595341 0.438074291428831 0.122533128258664 0.21410146752958 0.186618621023391
0.258862148832565 0.163127993774168 0.274892935355711 0.16933221484979 0.133784707187766
0.373030604398392 0.122391443264945 0.30319236339982 0.0941972863610213 0.107188302575822
0.140640456513391 0.0715836752999393 0.136699360600764 0.633867464497118 0.0172090430887884
0.0667943525485387 0.0600619829136489 0.250622233301005 0.342474873357762 0.280046557879045
0.34360387319869 0.310046247043323 0.25932587739705 0.0685203694264056 0.0185036329345315
0.00804144476782949 0.294265424451822 0.235456998399131 0.267020577885848 0.195215554495369
0.234946454891763 0.283257006670149 0.235159250056406 0.153979235569657 0.0926580528120247
0.299799981078427 0.353341237318689 0.0929083348393504 0.200697008852608 0.0532534379109259
0.274168537612977 0.311922468434893 0.136048176398462 0.262850118593728 0.0150106989599402
0.0851685666100409 0.395109231618352 0.0907499454791538 0.298216366893396 0.130755889399058
0.258478885963003 0.141492761212957 0.115836658261351 0.386337728185249 0.0978539663774401
0.275715404683571 0.236269653557776 0.0678736611420323 0.220791215826975 0.199350064789646
0.0399681593094531 0.146958446884761 0.247666361721544 0.440060110719924 0.125346921364318
0.224913881808413 0.0487033363504623 0.270577015059879 0.292215480969238 0.163590285812008
0.218473955399117 0.36574844263057 0.316386245103636 0.0134045955854339 0.085986761281243
0.20678705796515 0.264117632087216 0.303542293605704 0.177060032194741 0.0484929841471894
0.364437398152133 0.320879896851646 0.162689715767322 0.112731041853912 0.0392619473749866
0.0986470504093285 0.310711112505876 0.124756611530856 0.156570331318403 0.309314894235536
0.272750833712072 0.175726945049324 0.197810845774626 0.152443008712453 0.201268366751525
0.276031299703683 0.206599484642884 0.211532842730213 5.03188625711874e-05 0.305786054060649
0.297278210485787 0.119631863867376 0.135207656224769 0.153663425708053 0.294218843714017
0.427027242169065 0.161376595868298 0.125283369290568 0.0567124820598783 0.229600310612192
0.18066316177881 0.274451283009926 0.175173711860569 0.112901693488981 0.256810149861714
0.0524322207537775 0.259562133017833 0.228272706662045 0.187234834566846 0.272498104999498
0.154936509352504 0.222872817012916 0.271161621857145 0.266220685339544 0.0848083664378912
0.203221684066705 0.30277423910635 0.19080612928783 0.141521703168655 0.16167624437046
0.278545949470115 0.264388133533834 0.03686949270852 0.158561262297806 0.261635161989725
0.274712045768862 0.362351908633686 0.0756172150267221 0.0494426040290231 0.237876226541707
0.0348523936477655 0.211476593643204 0.352956266700977 0.191678981332073 0.20903576467598
0.113938712691984 0.346621773295783 0.0360969718161072 0.496791610157388 0.00655093203873835
0.124506017654954 0.231822735367999 0.152293367352373 0.196352767861719 0.295025111762956
0.246821534240897 0.307634363453085 0.165233063060438 0.27609958722485 0.00421145202072965
0.389286688212032 0.0531477935929393 0.0356335324040249 0.46247970395377 0.0594522818372341
0.281136055083281 0.297977437326305 0.185868247124506 0.0456102762013071 0.189407984264602
0.297475732847984 0.214397590744795 0.182094648565433 0.278759223668667 0.0272728041731206
0.0644588352616881 0.270707305419608 0.27938466520679 0.109149744906718 0.276299449205196
0.44614776674342 0.0426491339476577 0.37355961471101 0.0544280761238994 0.0832154084740134
0.159074504270048 0.174278102788421 0.290613965264714 0.323346053739177 0.0526873739376403
0.00178458050791613 0.245652315843263 0.151053108657417 0.190404374936565 0.411105620054838
0.204080884157408 0.00820770025951844 0.00264900874518354 0.357218119910904 0.427844286926986
0.207441305723352 0.120717221626222 0.405010109615854 0.260645502673571 0.00618586036100069
0.341940152440598 0.298375675599754 0.162154819764433 0.139686887527732 0.057842464667482
0.200368208351132 0.182726754560573 0.112312515342533 0.3868948687332 0.117697653012562
0.19274248344272 0.187155550927221 0.0815536736432903 0.273232139798148 0.265316152188621
0.0153532013281964 0.333219521490558 0.202746757637527 0.319989995769138 0.128690523774581
0.261318301015727 0.182349936451239 0.25258894745269 0.1621050549744 0.141637760105944
0.19431205416061 0.13837303177746 0.220620173420622 0.411165339254471 0.0355294013868372
0.0276493299348487 0.228741396432541 0.335626604712708 0.0503790372323122 0.35760363168759
0.144842267812541 0.231802495149056 0.150272837937829 0.101179399557774 0.371902999542799
0.0789771117173436 0.253518872354201 0.250118906444112 0.172694131314175 0.244690978170169
0.0351410682308276 0.429660137519625 0.152669053776783 0.268670488858387 0.113859251614378
0.237498893689363 0.033279009006163 0.209473965126078 0.193875682908337 0.325872449270059
0.180210574285397 0.225949639433495 0.317999969054404 0.0793661213031201 0.196473695923584
0.271895342357737 0.137842124157589 0.212466595094149 0.0960667680596011 0.281729170330924
0.257541862012025 0.24034761075421 0.0515090690098732 0.284243204988743 0.166358253235148
0.218701893754728 0.225310130426492 0.21531344377617 0.216895918940211 0.123778613102399
0.242020592529423 0.299306917463656 0.0961064156770789 0.258928338308939 0.103637736020903
0.293873032965881 0.0562056286987505 0.172649649328573 0.242030033400838 0.235241655605958
0.11375381592587 0.17253997706451 0.387287323623835 0.220303903513983 0.106114979871801
0.251515260595607 0.159427643594214 0.25371799480576 0.204921653888515 0.130417447115904
0.160497494285864 0.238132396378359 0.217441507204178 0.24282144389513 0.141107158236468
0.02319007045711 0.0117838744789549 0.419668844268206 0.457344827739993 0.088012383055736
0.171132048816621 0.220923449988993 0.119474804605219 0.266057752549195 0.222411944039972
0.28522529912912 0.163986854831769 0.164042298117435 0.249463927044521 0.137281620877156
0.00586489872005282 0.0338756444198218 0.298000342951409 0.273926090405665 0.388333023503051
0.401506741845909 0.0904471720850091 0.081073854539076 0.0451727888963206 0.381799442633685
0.0688782240969881 0.110262179448726 0.310192794676738 0.28578694640146 0.224879855376088
0.292116764361324 0.31127035637363 0.281117772790251 0.0207104091250769 0.094784697349718
0.22676802191703 0.176860358438539 0.241710570050356 0.150254438926453 0.204406610667622
0.0556325079045043 0.117042736351887 0.423542556681619 0.0297554110902305 0.37402678797176
0.100407453787117 0.179465374673159 0.223087823966697 0.397385390029354 0.0996539575436725
0.0375690123956726 0.333548247654605 0.0638505404134909 0.335807415676751 0.22922478385948
0.0891208610998449 0.179465582980628 0.141444006612225 0.473315554128245 0.116653995179057
0.172085044619741 0.316932770234227 0.106594385550068 0.112763107430986 0.291624692164978
0.250290968370399 0.105923450386468 0.14423388814368 0.2855403116137 0.214011381485752
0.166476376254468 0.166480077108324 0.114743481754604 0.318116184118105 0.234183880764499
0.187195831747267 0.278151462766042 0.0844622652599665 0.169069491184018 0.281120949042707
0.0847032438735186 0.274358410327205 0.251432241707431 0.223798523704252 0.165707580387593
0.077486885643128 0.276402534521485 0.209990566412586 0.217578739647932 0.218541273774869
0.288907926189296 0.329965774796855 0.00823455463141841 0.303214442951345 0.0696773014310861
0.359597948427776 0.178740847005133 0.0777979544075698 0.263857716373938 0.120005533785582
0.224967979637148 0.316697817183782 0.119834817223427 0.314975957150204 0.0235234288054397
0.323849471264244 0.161197250823185 0.0868862187866412 0.167086541581192 0.260980517544738
0.032479771878445 0.308270675867679 0.185306900588115 0.287400478108028 0.186542173557733
0.0021226455130189 0.221456780811892 0.207978524067154 0.287196631139795 0.28124541846814
0.247044664111785 0.110569179079399 0.247646991105654 0.287927111223714 0.106812054479448
0.313030609600542 0.180975178372751 0.172731367317137 0.0836235141925684 0.249639330517002
0.0863533067411135 0.183932211085944 0.00465122950564212 0.326823792816548 0.398239459850753
0.341024322749509 0.188585330057597 0.140901490942022 0.184668416726982 0.14482043952389
0.146901760140525 0.224853974093786 0.206503348425048 0.064995550291601 0.356745367049041
0.237720077155561 0.355168781952435 0.315105475938686 0.0713908827887069 0.0206147821646117
0.266924118038113 0.299415748084232 0.124864954151785 0.269112833899096 0.0396823458267739
0.0662878295910506 0.2784719840739 0.184541770406244 0.15088387010107 0.319814545827735
0.230625717425755 0.130673525110984 0.22925931482351 0.263386618603081 0.14605482403667
0.167288626108361 0.2783797199302 0.0446257345969177 0.264002647461291 0.24570327190323
0.236932782889466 0.152267305032908 0.0636502835062555 0.33181264674807 0.2153369818233
0.24414503992451 0.0620787597192614 0.249591785205461 0.215367252281482 0.228817162869285
0.337231843086159 0.160695182671238 0.0998620737438353 0.141173347487678 0.26103755301109
0.294773891563072 0.341332766564209 0.316169726629351 0.0055490922782667 0.0421745229651017
0.140007983486885 0.315632383649766 0.0550063453836237 0.00986308090147456 0.479490206578251
0.00760916481676945 0.143955509474124 0.430349850367109 0.117177027992505 0.300908447349492
0.0836662125998741 0.391189639656265 0.194617871311084 0.301107944784792 0.0294183316479852
0.164252596585095 0.0252092290269791 0.305434870874865 0.178711096538807 0.326392206974255
0.0528380730899837 0.221605225892929 0.265681974315893 0.236543076530938 0.223331650170256
0.154383659922999 0.0890442879352774 0.393980456159996 0.010696548834469 0.351895047147259
0.255343468802662 0.248924647766273 0.228407808401502 0.161528824630015 0.105795250399549
0.251224650594366 0.00882041052744402 0.169908160958783 0.255238635107633 0.314808142811773
0.147845810554569 0.0900240938633016 0.306794424668709 0.223732546426986 0.231603124486434
0.0400663644895382 0.0915772461878364 0.141513443868818 0.316246460898433 0.410596484555374
0.0554910369277908 0.258878606374751 0.100238582836654 0.0459435049241547 0.53944826893665
0.254186569533993 0.00955106304565251 0.17403733805485 0.293496679853358 0.268728349512147
0.230263207428223 0.290097535582475 0.272904304119105 0.0754175118583671 0.13131744101183
0.0925159915756171 0.243958647922313 0.251318877700625 0.304088791950418 0.108117690851026
0.0495583091444754 0.146235995565884 0.318251586798366 0.0882075613505641 0.397746547140711
0.187969204976676 0.198544116025977 0.192841732679956 0.196164313696101 0.224480632621291
0.445518700802994 0.00278078248064413 0.0253490120244481 0.418252369816424 0.10809913487549
0.15073041799694 0.272708930166772 0.205045981084444 0.133455413985347 0.238059256766498
0.301425517085623 0.369214674581781 0.19150942955643 0.0216389863334681 0.116211392442697
0.304441643191898 0.212192450259997 0.0257385831900146 0.15449005940946 0.303137263948631
0.158349476712824 0.218889118139767 0.0951245404905471 0.321461234055045 0.206175630601817
0.286058875261925 0.165966681885017 0.130073074049911 0.33941797705263 0.0784833917505174
0.0179767857342078 0.0798725095614563 0.244139444970579 0.404487341616586 0.25352391811717
0.275472694014855 0.0478323645403874 0.169281672168896 0.358674535998811 0.14873873327705
0.294516245156941 0.192735961845535 0.152497289975366 0.0283272071004273 0.331923295921731
0.404550616115446 0.12857626184623 0.0750999132022314 0.110351468326673 0.281421740509419
0.110566086786009 0.351713285645099 0.111394323245089 0.0957612945272281 0.330565009796575
0.217931642097777 0.157397232606449 0.201891737039462 0.251474108371975 0.171305279884337
0.0271273276552021 0.156623595969343 0.553274352242323 0.240769262641884 0.0222054614912468
0.0038470863655355 0.178889654685614 0.0171299365477495 0.416753058476971 0.38338026392413
0.338870552160787 0.111153286405995 0.107250266746372 0.0633249271793398 0.379400967507506
0.00949714982374612 0.304335314850638 0.160123970310991 0.29265002644909 0.233393538565534
0.20747797405872 0.216718905618834 0.244440822091073 0.1740769163273 0.157285381904073
0.21087229592093 0.252402370726353 0.199562422430203 0.148912300783572 0.188250610138943
0.314624441638802 0.184614731003103 0.0774490170933307 0.116105159286208 0.307206650978556
0.10903101198921 0.0995703556825019 0.295693963849253 0.270461775620615 0.22524289285842
0.138082966188982 0.0844487530704744 0.376232844953672 0.00444290123282074 0.396792534554051
0.232054697372313 0.154184083727999 0.253784606789312 0.225884958700854 0.134091653409521
0.221434298407828 0.291263473540485 0.288533786352031 0.0874153835102299 0.111353058189426
0.0095979922385373 0.253916240416332 0.208554436040394 0.256411432392329 0.271519898912408
0.148158667049752 0.243994641975797 0.0548793373364786 0.336740346352036 0.216227007285937
0.00862232546597542 0.396241592670161 0.333440833294541 0.163594181503211 0.0981010670661116
0.00403601825049771 0.179164935456571 0.164616496970158 0.202032636944429 0.450149912378344
0.276443253895483 0.1855863262585 0.165850949028452 0.0805204434783239 0.291599027339242
0.0972912237190134 0.323814885267233 0.158922448701094 0.305671517653025 0.114299924659635
0.22254928639903 0.0680972732524252 0.22029931900578 0.135474417449321 0.353579703893443
0.0284486007621306 0.225947562226281 0.153979286499355 0.308612257318676 0.283012293193557
0.127384791358971 0.0908651361602955 0.125078964653692 0.224019626620106 0.432651481206935
0.00709691290026426 0.181919868022858 0.339825774396625 0.141055080729445 0.330102363950808
0.0964287067839261 0.125373709918715 0.293533099773747 0.1808140131873 0.303850470336312
0.0836919950394332 0.211488583946608 0.247258693577599 0.187327384634803 0.270233342801557
0.435680020626754 0.21070936644139 0.118173320948888 0.0494565799024705 0.185980712080498
0.180963836762759 0.198922380139984 0.176043197165652 0.0573665108429522 0.386704075088653
0.0119890690420469 0.197590678680535 0.222229295977215 0.340196647006373 0.22799430929383
0.268728033380417 0.133898532861342 0.0376471676382424 0.230275255054949 0.329451011065049
0.0688258612636505 0.282530327814531 0.278039162219671 0.271708633470423 0.0988960152317244
0.141297834660337 0.236486772850633 0.328723439424585 0.050879925387831 0.242612027676614
0.190185795618325 0.25254439170506 0.157674366822927 0.169234670836823 0.230360775016865
0.40778053240974 0.0398829470872662 0.0171355523942173 0.473521123036456 0.0616798450723209
0.341026632860404 0.0969478814009419 0.231011764172239 0.176558606211533 0.154455115354882
0.119727528977332 0.440118351164492 0.204597217180521 0.124998005802106 0.110558896875549
0.527771772426156 0.0904514988882666 0.141447590684192 0.108066022535068 0.132263115466316
0.0539706645907265 0.183641462016879 0.3754832456968 0.360620506872388 0.0262841208232063
0.0819821751103331 0.266348558813021 0.34706833267884 0.226664729672167 0.077936203725639
0.072627151422227 0.408731181433288 0.0598943684045189 0.00736216439356904 0.451385134346397
0.107734096569466 0.0987524495015566 0.256572445426778 0.19429901090027 0.34264199760193
0.126334923194507 0.0356872716423972 0.299825118419604 0.236788617088285 0.301364069655207
0.312776880966935 0.248467004882747 0.000135351993446829 0.39974060173563 0.0388801604212411
0.362628479363152 0.225582625277763 0.184111450169331 0.166935840485729 0.0607416047040245
0.169972547874107 0.221699158916329 0.163483504529247 0.164804068791473 0.280040719888844
0.400238840595294 0.189524317755339 0.0839588179342296 0.0262957489168015 0.299982274798335
0.296918322421289 0.385614384525273 0.17112519272316 0.0229328690557156 0.123409231274562
0.119543955773692 0.141013916500034 0.246065825641151 0.219603685106607 0.273772616978516
0.210629904758292 0.244574035524405 0.17217745505844 0.148556676873745 0.224061927785118
0.22057142390124 0.165355115207876 0.12774920376647 0.236165358068691 0.250158899055723
0.098001355772713 0.242708639426262 0.276421888483037 0.241295792538545 0.141572323779443
0.0117120320820857 0.333364638273326 0.265887036363746 0.14868136295545 0.240354930325392
0.0837653522564529 0.175048468169521 0.118007644509443 0.258367373320864 0.364811161743719
0.316922405913515 0.163632694249997 0.149931049805114 0.0598863871559955 0.309627462875378
0.0565765108342717 0.258461945165615 0.47158182821324 0.201973069302155 0.011406646484718
0.166021273494445 0.365501768747685 0.22326144050742 0.244988565270163 0.000226951980286275
0.240964423011304 0.0111122415250715 0.3383334815873 0.153444534411451 0.256145319464874
0.143024338006243 0.347607158484507 0.0777042285495179 0.288579243825091 0.143085031134641
0.107476252745999 0.261771916955292 0.0935945327058732 0.199579018090505 0.337578279502331
0.100032801079384 0.121010738751806 0.294827881327554 0.165806251390617 0.31832232745064
0.16860502042351 0.19784547868745 0.271597044762182 0.0219622589951673 0.339990197131691
0.250398737112563 0.191888422511624 0.240976779766253 0.12460944291174 0.19212661769782
0.23219518441804 0.329077997533887 0.00172707214758406 0.347920144816723 0.0890796010837652
0.169563171663647 0.0166359070276656 0.159087914569584 0.358191354829257 0.296521651909846
