0.20446072989063 0.124792729199571 0.0582514797232557 0.142268470383081 0.0707042661297602 0.314038744808424 0.0854835798652779
0.238209260737352 0.0527371646912242 0.276395177224376 0.146505067826887 0.0592639601894588 0.158896365085985 0.0679930042447174
0.225327318163128 0.111760800434287 0.155082776518031 0.0416462145042664 0.184060581653525 0.176642821155524 0.105479487571239
0.167185041162109 0.104336641480926 0.213367924231114 0.168137714389047 0.131082899964763 0.0992550074819424 0.116634771290099
0.0936860157653683 0.1978174937378 0.245136549703036 0.105621368110177 0.0545905109598916 0.0895726139588445 0.213575447764882
0.162520626313972 0.148805001583079 0.0547549320676143 0.200226660664984 0.0263104106706683 0.174767147145428 0.232615221554254
0.252757880316938 0.0459244481631642 0.106390497992477 0.0964066486129255 0.229781267629107 0.108181550231731 0.160557707053657
0.197653275672315 0.203234868197148 0.126308968044086 0.0127211420312873 0.19969839344462 0.0945697669299548 0.165813585680588
0.072113143341421 0.258626791485926 0.00113780867824907 0.202644207492673 0.139949897160438 0.0781312912410073 0.247396860600285
0.0385653422387643 0.0535948203180789 0.226240117877382 0.247701267325625 0.245026777526941 0.00813674887672052 0.180734925836489
0.0997016883722625 0.188026833541847 0.180494585978868 0.100057298360423 0.13873064797616 0.170977340661241 0.122011605109199
0.148554865616047 0.153030712842448 0.0892598094292379 0.24407599709405 0.222673545082959 0.0199332495942911 0.122471820340967
0.254801089784454 0.103691160470949 0.0671578919371411 0.289595932463312 0.0465870962695512 0.134955199130588 0.103211629944005
0.283300908748749 0.222642162132547 0.185272682923355 0.217007441628605 0.00807549710713132 0.0767579945544913 0.00694331290512229
0.0464885138906649 0.0453163084718089 0.0680008731167554 0.137725071754706 0.0392989411984152 0.33346107890211 0.329709212665539
0.0433695730086201 0.216431687923322 0.139169555802759 0.173316116880677 0.105970032662833 0.215646415260444 0.106096618461345
0.192867673801829 0.0742040226311387 0.299846418927204 0.109491878503532 0.199010608056211 0.0886966623162272 0.0358827357638588
0.0380270884100418 0.186727558013658 0.00114669242731352 0.227446440419195 0.259347459502357 0.270625678548995 0.0166790826784404
0.14253159788928 0.222673528910556 0.209337882393288 0.0715969193062174 0.12418265840757 0.111929104663102 0.117748308429988
0.333527806258646 0.157406184990176 0.0484257887475851 0.254154934887523 0.132725773391823 0.00288985235130864 0.070869659372939
0.232359340743621 0.0397728538751264 0.219712541173444 0.140220568241175 0.00734248749647202 0.298056871153125 0.062535337317036
0.188713464066897 0.203951239581832 0.22768077913461 0.073141146557548 0.119888404659916 0.0108787535113445 0.175746212487853
0.0954309928671323 0.12488169856641 0.243675109899766 0.0393901712370163 0.126897804756966 0.17134592130376 0.198378301368949
0.0849367861239806 0.132044467071736 0.341089062617221 0.0679398886069847 0.0594819858875346 0.129336946514897 0.185170863177645
0.206846522485027 0.106580602649789 0.0727029208987982 0.215395963969899 0.0820577319183161 0.130204958309718 0.186211299768453
0.0855788637028521 0.154482906518719 0.220786096978513 0.189746968168582 0.212446851307856 0.0732140583063926 0.0637442550170854
0.265723970397179 0.0192661157542842 0.2591547925665 0.160374449685613 0.166095099629059 0.0726057682455555 0.0567798037218095
0.411506731079836 0.0136847569887097 0.13442853307561 0.184970013436448 0.169978938607647 0.0818185577551802 0.00361246905656956
0.086040949731101 0.195154822359174 0.125406965363684 0.0668892453694364 0.228805732292178 0.0150026322993803 0.282699652585046
0.11026597765299 0.118738305735965 0.266465858663234 0.0474090852038604 0.18009214480648 0.0199019929065355 0.257126635030935
0.244034163767289 0.225355687040366 0.0310953440900507 0.0228122551755276 0.106066169851512 0.237258781592334 0.133377598482921
0.087606080980114 0.166608530473034 0.165329015805614 0.165706358105796 0.0746061184883492 0.17748026139393 0.162663634753163
0.26925640431135 0.0888539919128311 0.0836402288684815 0.0735839930198255 0.106448493448455 0.234055744113095 0.144161144325962
0.204975990262667 0.176991190748052 0.149663644066776 0.0217087583705689 0.178272277802162 0.0541632498950037 0.214224888854771
0.00967399050265248 0.196334891863258 0.136111988956045 0.274248977324697 0.0837704914681825 0.222198216884541 0.0776614430006235
0.0607031660230111 0.274960250315777 0.28652741860312 0.242098471872716 0.0461387444376068 0.0445566147787068 0.0450153339690615
0.0179219948522497 0.241900283054688 0.178648768713625 0.230749878644385 0.0185641407189084 0.151569973701207 0.160644960314937
0.128888088764873 0.280062516570672 0.0120260059817057 0.0908582107832804 0.182915410178739 0.112778684673231 0.1924710830475
0.247188168419521 0.206904502874842 0.0116691229557593 0.0656354110132231 0.0661423725679149 0.250880102604085 0.151580319564655
0.155150639021197 0.216106510733718 0.0350116029469806 0.234945537579921 0.0763000185525038 0.209463935976788 0.0730217551888914
0.142042055768365 0.22797957396974 0.0748315979409965 0.137051195210858 0.0839499618616563 0.222254036974974 0.11189157827341
0.0929142780546268 0.0622469174085293 0.219042991804974 0.261058773997648 0.178443214724747 0.0179044288214461 0.168389395188028
0.0689872764560393 0.131210683713152 0.132422155775237 0.311080506133888 0.121786998560699 0.00911046038830524 0.22540191897268
0.275068499847399 0.0466447551095426 0.304267012196964 0.246152813504868 0.00878577561375893 0.0579867534714861 0.0610943902559814
0.0779945025434619 0.177685932598609 0.317080601906062 0.00721985803667285 0.196265103275587 0.10614501245186 0.117608989187747
0.156722991739361 0.142883725555778 0.0253261198901112 0.250208814518655 0.0683032944424628 0.0909804239891999 0.265574629864432
0.119567620858692 0.0840486094312403 0.179409071051796 0.113499894161818 0.227132077609832 0.09131648492148 0.185026241965141
0.0701128029780106 0.213369295345798 0.204865985522046 0.0835928524823943 0.0395021472547064 0.202774419730754 0.185782496686291
0.194436834201165 0.0588474005097427 0.254307247820479 0.129841379649616 0.147962958583787 0.0635568630676724 0.151047316167537
0.0138110749154772 0.0972859039151149 0.176960792204126 0.257013514787598 0.08177261195891 0.179965048861832 0.193191053356943
0.00105214759768766 0.215034844027444 0.200838825789373 0.0698894602064994 0.153301009458019 0.19896794248623 0.160915770434747
0.285715795755388 0.00686025869407543 0.108985340598415 0.164758819649505 0.118772540472792 0.273093543225966 0.0418137016038584
0.029743844740732 0.140477519986062 0.304230576523725 0.182934493572442 0.076646490511108 0.0377193121659503 0.22824776249998
0.0935356249400611 0.153346088532077 0.0125682469621021 0.215418229721138 0.0953414441876637 0.239306509065942 0.190483856591015
0.0518463486086988 0.246567207306536 0.130028359707712 0.0649587269159421 0.101179687533329 0.257733240224404 0.147686429703378
0.134758669513658 0.229393822893119 0.237901727515346 0.13516029961065 0.0252838474616532 0.0672751096345648 0.170226523371009
0.300442754286427 0.163429898251633 0.00176982698260725 0.0402143549612913 0.0621779330605817 0.311961092275201 0.120004140182259
0.242193374464253 0.191445926966471 0.1004380440656 0.178672374559576 0.0667729920765955 0.212762976018917 0.00771431184858774
0.24998249738154 0.0532292504852867 0.199751655173701 0.0927534858178816 0.0562717293776598 0.156292212158074 0.191719169605857
0.0888509515304104 0.0953842089690585 0.21522868316217 0.257680693349435 0.0728796790432314 0.0760333184720441 0.19394246547365
0.100638917747933 0.18156008436306 0.0574792496524343 0.282148102793116 0.0349229594984811 0.171889182012049 0.171361503932926
0.199244397170056 0.120688461941129 0.149073270769585 0.194592804990403 0.239981715653405 0.0520023769559851 0.044416972519437
0.28801558892084 0.108671067172516 0.0383756447246547 0.0248178550010805 0.399472113814394 0.0606794535035694 0.0799682768629451
0.105569530153513 0.215337220844393 0.0379564713966454 0.0846054764469506 0.206447634107566 0.151782790389088 0.198300876661844
0.0750061490088307 0.00940677827325531 0.250849683035192 0.0316052045969851 0.243128471880892 0.198354292376636 0.191649420828209
0.292193772448943 0.190296912148412 0.146005452833375 0.0775096642510475 0.163372563910886 0.0621021684373896 0.0685194659699475
0.0369727226611434 0.221991357175203 0.162607018758624 0.304951790675078 0.0345824695718666 0.22111693992477 0.0177777012333149
0.186425028411657 0.185302723776911 0.206536865916059 0.00159459414041104 0.0294312523684111 0.271181005573243 0.119528529813307
0.0141141892849554 0.199201709449244 0.142251451060027 0.0691496166499729 0.0789780916646267 0.134767620924547 0.361537320966628
0.200565578278743 0.176803950225599 0.163464862906047 0.034777559390757 0.110373408235623 0.161440526523062 0.15257411444017
0.171730133072539 0.181699764254841 0.133807469372174 0.12152260884097 0.241109209337517 0.054645050667993 0.0954857644539658
0.250030547243017 0.140312035092905 0.125191676808312 0.195826132813293 0.011240368018951 0.221459100499129 0.0559401395243918
0.0859455113742435 0.1711269023813 0.184997614983658 0.175008234071492 0.0566354410352166 0.160972461087524 0.165313835066566
0.115621002980284 0.138020478168928 0.1901770094063 0.258810838534156 0.11823702568164 0.171421954046539 0.0077116911821542
0.245682064752184 0.145184864030992 0.00374389241699604 0.202303153448453 0.138714132512006 0.0502190687177749 0.214152824121594
0.172535543793211 0.133554232213264 0.142643606500462 0.240133569813521 0.236501761190074 0.0565265580553397 0.0181047284341275
0.122044696167678 0.185562257062327 0.120160842876087 0.184591253680538 0.0193592092165629 0.277386499371325 0.0908952416254828
0.0039118706560072 0.224715001536735 0.0485625291326825 0.212225271216005 0.292654142401936 0.121757712628953 0.0961734724276825
0.135604094266361 0.0720612309213153 0.175771181797477 0.245930526221369 0.180173486827393 0.0432913473492592 0.147168132616826
0.0833411128456357 0.0770480191196325 0.0236050998190517 0.0465406429423741 0.303337870897707 0.221404555413323 0.244722698962276
0.0725868576419332 0.00620704847782038 0.191692744297711 0.15505783967249 0.152827142207378 0.0798144605778159 0.341813907124853
0.0401507212946161 0.159828873890309 0.13412118328784 0.143297527701644 0.39041943704229 0.0984428558092945 0.0337394009740071
0.219344345168197 0.0809881419807281 0.00957948574932859 0.0815595076877152 0.16409230951919 0.22344314607825 0.220993063816591
0.138617814713843 0.0929994026278941 0.142228828553006 0.0950327632155827 0.114670196957348 0.202472807739755 0.213978186192571
0.0956639768404524 0.0881253931719915 0.222980917850771 0.123398093419692 0.162200785571217 0.157855343323879 0.149775489821997
0.115207097963844 0.0682569497269366 0.155491673868021 0.117070228882112 0.22329654175725 0.0383001401557676 0.282377367646067
0.350005633260939 0.142982435361789 0.084398309645151 0.30849851965093 0.0733071914780737 0.0105958620998802 0.030212048503238
0.152474154464776 0.0854482082843993 0.170073338881847 0.04946133837433 0.179253205671392 0.0986137933476914 0.264675960975564
0.151592420992947 0.182710153860325 0.0838742485298397 0.169110590708013 0.0837472729304099 0.216699366537515 0.112265946440949
0.197286272418722 0.0863685464330149 0.146613443882075 0.0297149753547199 0.128651942408885 0.19259211652927 0.218772702973313
0.194007080262167 0.073343548833846 0.00353607321928426 0.0993400344177653 0.272886866996728 0.22794999545262 0.128936400817589
0.114286801198555 0.029745903875496 0.249302519316053 0.121734681186924 0.113616216936078 0.258278029638477 0.113035847848418
0.167143693941021 0.0935839987628305 0.244739167840462 0.107874697743544 0.128670049747235 0.164779046074071 0.0932093458908372
0.164930102215717 0.19444846259964 0.215262810436817 0.00751572540469143 0.00385852898517851 0.259552387119897 0.154431983238058
0.0782415236941137 0.0939503027897754 0.27139862810436 0.16345906160059 0.0372565441883864 0.260905207913463 0.0947887317093113
0.171792613002714 0.225547010421466 0.154837429015402 0.232068262136691 0.0750912596985189 0.0287805841803417 0.111882841544866
0.194525637156339 0.0750847143764639 0.253252120418777 0.0525189100092804 0.196425626290235 0.0124548119623816 0.215738179786524
0.11409751539991 0.166737486973054 0.0591936217747123 0.128180693283912 0.248532515494556 0.248005246952633 0.0352529201212236
0.122391725107828 0.0273268928766457 0.109644274226615 0.352837396794173 0.067841845604558 0.0646243366719271 0.255333528718253
0.11527291172428 0.155087063131025 0.296159151630517 0.210080080150651 0.0798310202350354 0.13583280047971 0.00773697264878132
