0.318941097759872 0.156534040116041 0.297188402388483 0.0887146146798951 0.138621845055709
0.085731932630457 0.388359940864244 3.10476581037372e-05 0.123854225967073 0.402022852880123
0.147178343902464 0.20768780050502 0.175258480691277 0.172541148506223 0.297334226395016
0.195912914139654 0.292675535482139 0.0443483040082282 0.261565764663779 0.2054974817062
0.0976193580024632 0.218599877435833 0.285789759464453 0.126653401814767 0.271337603282484
0.336017787572243 0.0390037145337507 0.411408693549312 0.162096032081545 0.0514737722631499
0.114236327614457 0.377554469461354 0.3645408516033 0.102418820174129 0.04124953114676
0.0196003945857674 0.0145139577341738 0.301300030053878 0.326123120356734 0.338462497269446
0.0526303786494621 0.242231763037375 0.246039091227124 0.266266782881379 0.19283198420466
0.113289598456585 0.270168840326698 0.102676656262323 0.330071933286771 0.183792971667623
0.282144011823093 0.219932116582797 0.170428936495787 0.229205063497006 0.0982898716013172
0.11342410605313 0.213012858179623 0.56386944261015 0.0384383832168179 0.0712552099402788
0.308935948693944 0.200367637183936 0.0760292025675533 0.0359636622492066 0.378703549305361
0.176662706603263 0.247095672886015 0.256872879938811 0.261718631004526 0.0576501095673849
0.098448531521424 0.394471633087359 0.423621650432857 0.0687565440166094 0.0147016409417507
0.265799332459619 0.121272391197147 0.261811623266753 0.160755568050962 0.19036108502552
0.160532123867133 0.300807152402095 0.0970894971382186 0.19239762222615 0.249173604366402
0.24280255072778 0.339407768070175 0.349017662411077 0.00444386733162181 0.0643281514593459
0.164930497496137 0.294326254315615 0.379308595372933 0.156321601498707 0.0051130513166084
0.049100551505781 0.0156721072723301 0.167681250936349 0.404251880685309 0.363294209600231
0.0951635242751218 0.3668248137123 0.0966492484930995 0.0851003304767297 0.356262083042749
0.318845228614596 0.153301003429351 0.0771952688597347 0.301333638585894 0.149324860510423
0.270550939694057 0.227110928105846 0.272316237557594 0.00231794218052582 0.227703952461977
0.258540259649136 0.340059416293352 0.171606599029052 0.179694543216536 0.0500991818119237
0.114561090162037 0.123524025903068 0.115977247155652 0.498706046922692 0.147231589856551
0.233528539542034 0.100572658448474 0.383832041458008 0.0130661956507311 0.269000564900753
0.0230467674422659 0.268717841625316 0.142538221333706 0.254605505589504 0.311091664009208
0.177396499649391 0.0500102843069125 0.00610198991349623 0.407347794683208 0.359143431446992
0.0463413183734004 0.271944242394798 0.378944945929938 0.12775904275636 0.175010450545504
0.161771531846969 0.388631980811452 0.282030782837349 0.0719585897986698 0.0956071147055597
0.0398872136235265 0.176691762180164 0.209673798839981 0.237644310207748 0.33610291514858
0.234483560699562 0.014024693063833 0.288240839984291 0.320697978872786 0.142552927379528
0.215916616356667 0.247491128217276 0.212434836116375 0.111339105826994 0.212818313482687
0.269483957929935 0.164096129214334 0.314915515658723 0.0726322321027633 0.178872165094244
0.332177794678326 0.16498280181455 0.0958664643483119 0.0917331559508341 0.315239783207977
0.39960241716318 0.417670194581168 0.0601363167315656 0.00963962594571359 0.112951445578373
0.396302521716917 0.125792209433149 0.136446341074474 0.341368249230098 9.06785453623111e-05
0.323654249280466 0.015950309344504 0.332210034916154 0.215440354844907 0.112745051613969
0.152597151082374 0.194497458967701 0.070877524278236 0.341692672260726 0.240335193410962
0.00202081453164002 0.449925253520911 0.19045190765089 0.312434281036454 0.0451677432601051
0.22900661231487 0.00478104685666292 0.258381993900032 0.156520866514443 0.351309480413993
0.0951195369510668 0.175387412343292 0.377610454435892 0.0544632215991244 0.297419374670625
0.235544391727241 0.307792992785982 0.0846765457128461 0.0581488088671885 0.313837260906742
0.170474192736437 0.102376012704065 0.194746715872257 0.158589046653013 0.373814032034227
0.0349449826686573 0.123009776996115 0.192443903648081 0.396305529812909 0.253295806874239
0.194452959389679 0.134582506962455 0.173586750298454 0.147085305983381 0.35029247736603
0.175830098167275 0.142407204455426 0.185782278563594 0.234544409466802 0.261436009346902
0.276223852927099 0.0543636760265659 0.263424303393225 0.199981857702449 0.206006309950661
0.25444854359772 0.212107718025347 0.0304633163691799 0.149663332783758 0.353317089223995
0.243164406603719 0.162183101078248 0.275167485435968 0.240452402857695 0.0790326040243699
0.42082986420571 0.00102474999100207 0.361383672283989 0.0371454907717902 0.179616222747509
0.115026397620029 0.369628113785691 0.170515769707292 0.0225940617333202 0.322235657153667
0.0396692533735426 0.144378590343268 0.189915807567322 0.320967643709304 0.305068705006564
0.126755470135929 0.0818250763922029 0.332596918217866 0.182675079605127 0.276147455648875
0.21953168853326 0.283529274424259 0.0459837724116158 0.18216783740147 0.268787427229396
0.248354861448549 0.249597011247705 0.111777255166402 0.0870821925599189 0.303188679577425
0.157236481573917 0.245281006452126 0.240284174448206 0.0452971177805336 0.311901219745217
0.108123781350874 0.309929738653316 0.169989611068763 0.337368293592128 0.074588575334919
0.31911868753754 0.2312165728213 0.025792386159583 0.146533248219846 0.277339105261731
0.047847951678106 0.0331033841466709 0.372774601749555 0.391812551620592 0.154461510805077
0.473040396855412 0.20128098848818 0.0434264383988696 0.233607497142355 0.0486446791151829
0.302395451503904 0.152735732989766 0.140640263763446 0.39988111175838 0.00434743998450376
0.205725952365047 0.172962279421707 0.179960049555372 0.178435716673549 0.262916001984326
0.0509737184783216 0.255434647879427 0.348027936147955 0.0636754783038522 0.281888219190444
0.105925313091712 0.182531896407149 0.313573432932345 0.239829049485503 0.15814030808329
0.161361274858774 0.249407235663254 0.191043367645534 0.120007961433877 0.278180160398561
0.448538045233544 0.00153910240231039 0.291023305059885 0.242647642825555 0.0162519044787051
0.269130155922557 0.189668706374196 0.225109266164442 0.172735703050114 0.143356168488691
0.359189750750506 0.165752929073271 0.0191462905435552 0.12670373419622 0.329207295436447
0.313785813899735 0.335593087361386 0.0318771133358335 0.125332134031204 0.193411851371842
0.336889846122614 0.0475463320165184 0.196100631742907 0.105315364223113 0.314147825894848
0.220518449944716 0.115602913878162 0.335571444916894 0.0561212819265074 0.27218590933372
0.0423918510113452 0.088662608045532 0.459154874386599 0.342866862420295 0.0669238041362293
0.220420578230063 0.29006043118216 0.31812435972789 0.0143992013221978 0.156995429537689
0.200444070704577 0.101470743914154 0.245753477778916 0.173669558760663 0.278662148841691
0.244871439092815 0.283876387491058 0.120907593389834 0.0957531419962404 0.254591438030053
0.148003918340444 0.197271729920865 0.0446747133771193 0.311225009510528 0.298824628851044
0.186719520037383 0.192064085715428 0.184626297402847 0.221470476978351 0.215119619865991
0.142142150411903 0.304176621641161 0.0750019458494821 0.0876156092239445 0.39106367287351
0.352771051533987 0.119092626696865 0.00222918453352036 0.504791182788387 0.0211159544472411
0.118709134158658 0.166478951930925 0.361974971954015 0.159970290383345 0.192866651573057
0.208089344189096 0.182462802651767 0.151354510388754 0.146564960984094 0.311528381786289
0.176642366872259 0.197048759485418 0.120162495597875 0.428709605164182 0.0774367728802667
0.0241308727176694 0.273353916754409 0.120343545826495 0.394354167186092 0.187817497515335
0.0356187370276321 0.0315146835923697 0.237611741644084 0.080380211885339 0.614874625850576
0.272072614814601 0.254381110675652 0.0881358492430197 0.0703316842730999 0.315078740993627
0.302074492413738 0.0591246586923992 0.249864141258801 0.171984125164628 0.216952582470434
0.0533987633727794 0.00563101866210615 0.316144226032594 0.312053037724627 0.312772954207894
0.153650293598311 0.121270994531436 0.191711937390301 0.301642538383764 0.231724236096188
0.224081124677986 0.0574926735770234 0.374089971062774 0.213317548148796 0.131018682533421
0.236566036734842 0.218955625799637 0.120170079917465 0.300496033403366 0.123812224144689
0.0493082225361175 0.0532685329578068 0.294233189673574 0.309598921230165 0.293591133602336
0.157290945718863 0.156417938672982 0.251392664067114 0.147773376784686 0.287125074756355
0.195788847717766 0.240354188611645 0.0337249657286228 0.249193569270128 0.280938428671838
0.119473571034639 0.277795314842031 0.270209259098737 0.229806734706142 0.102715120318452
0.00899498717243114 0.277108209936372 0.443587292979699 0.156858673245916 0.113450836665582
0.188832139216609 0.239852718648595 0.171726195653526 0.0895910739337788 0.30999787254749
0.115130564137058 0.173885571751802 0.303282589864184 0.158167745312914 0.249533528934042
0.098847033390452 0.236567968547783 0.275051563373655 0.0308546110261721 0.358678823661939
0.151903285562683 0.25806332340915 0.232195281116889 0.013474574604407 0.34436353530687
0.342558861127161 0.138266725955497 0.205341031387609 0.1646970476471 0.149136333882634
0.425888899737477 0.0568436933381285 0.283188258750865 0.112973882084618 0.121105266088913
0.0131665492268082 0.164933992161786 0.00325337075257589 0.439096144369391 0.379549943489439
0.144562900808404 0.0657360552122404 0.20020429190696 0.241610935776736 0.34788581629566
0.406127705631103 0.191922609614345 0.253471770875231 0.00339199424057006 0.145085919638751
0.118508697824375 0.0852248622241404 0.257112921578968 0.135734516223023 0.403419002149493
0.370398819965489 0.178448595461229 0.0445466749534214 0.0903823971203444 0.316223512499516
0.0779590538844503 0.276199901151147 0.15687824661332 0.21523986171152 0.273722936639563
0.195866347228456 0.0982316287364451 0.150053181822709 0.389480854574836 0.166367987637554
0.348553247532536 0.202247098981408 0.0240210902065097 0.407592430246498 0.0175861330330478
0.248889381829388 0.265172106051539 0.122256341538145 0.358527852407308 0.00515431817362054
0.264167905870915 0.0830287806015419 0.167439940577801 0.366152792686662 0.11921058026308
0.186868413512421 0.0966510610388673 0.287518953932195 0.326556423645036 0.102405147871481
0.311857689786638 0.0959647652988598 0.222329538801819 0.0984520466059096 0.271395959506774
0.228161600269939 0.225697179116166 0.150830226190807 0.17085280329716 0.224458191125927
0.291077839011077 0.0537106501632968 0.297713358690948 0.254246874905565 0.103251277229113
0.318696496278386 0.266835991837421 0.24783277356202 0.11674513379315 0.049889604529023
0.173144358643235 0.0821481962110407 0.241235533176251 0.395716567756183 0.10775534421329
0.396521719213687 0.11704070638369 0.11990378723505 0.275087989641068 0.0914457975265064
0.341375666895739 0.277002734497896 0.136283613740052 0.0023454792604526 0.24299250560586
0.276860224239928 0.3259271885773 0.00973816974137512 0.0110495225397722 0.376424894901625
0.299663714539685 0.195811677994438 0.229790033751761 0.139501950691765 0.135232623022351
0.501416966194993 0.129397958391804 0.148702938928492 0.0248252968903573 0.195656839594353
0.264688725682514 0.0570199577313188 0.295359140109846 0.186892551539291 0.19603962493703
0.131761519013057 0.0312708551727726 0.286750214599597 0.239003941007743 0.31121347020683
0.0562452547577668 0.289156798568484 0.321461554816816 0.132140797133995 0.200995594722938
0.339862666269198 0.0100994658412207 0.160286111948401 0.135195814798993 0.354555941142188
0.0830004687595952 0.148886209244411 0.311573650058144 0.208472967563352 0.248066704374498
0.0561448676231196 0.267864152433217 0.212288226404975 0.254402931325416 0.209299822213272
0.278533057845726 0.315942899562089 0.310817954899284 0.0446834467904064 0.0500226409024948
0.205069891343326 0.236243476070303 0.281079423667195 0.0194482676561194 0.258158941263057
0.119976768365456 0.273531031155994 0.228506432323401 0.239586683690976 0.138399084464173
0.0138761437707858 0.338677450989741 0.281053120907513 0.249170528508054 0.117222755823906
0.388324596204439 0.211797232615215 0.21787978582514 0.122724654739656 0.0592737306155494
0.159723923130165 0.114577119287671 0.135161410176022 0.365465380350552 0.22507216705559
0.0231166601335139 0.27783139078212 0.160668352997834 0.218035794093584 0.320347801992949
0.295219921183977 0.160520663551764 0.252734663739262 0.214887349700345 0.0766374018246527
0.214156466573283 0.162761204128274 0.186242064735021 0.192591026368147 0.244249238195275
0.299168997049101 0.227441010089612 0.0176755337224887 0.193756695585587 0.261957763553212
0.060020726229224 0.259761679823275 0.259696232981996 0.234146945375434 0.186374415590071
0.367404695387687 0.0280900494523533 0.306100245196981 0.0819797738538349 0.216425236109144
0.213777332247745 0.277545075967417 0.332970696185973 0.092907172414309 0.0827997231845558
0.0448655750129326 0.375639816439885 0.370525329217525 0.157304208914885 0.051665070414772
0.389101624878714 0.0160269400261946 0.291264156561061 0.0928472290583348 0.210760049475695
0.145341717748127 0.139678273145844 0.333358868310646 0.150237694836179 0.231383445959204
0.141622300956888 0.258779289711149 0.195954734333796 0.227395406366288 0.176248268631878
0.438646284623941 0.0710381274717126 0.0524578278075963 0.415398290557676 0.0224594695390741
0.231310727707092 0.214295163459836 0.100868815488831 0.229231827030406 0.224293466313834
0.00689201914122169 0.308818444826524 0.203435397897766 0.44949526887346 0.0313588692610286
0.220442787485091 0.208347159134824 0.256365360006738 0.0937095743597003 0.221135119013647
0.117536608188038 0.216074935386865 0.284179067510336 0.184986137616345 0.197223251298416
0.218191758959999 0.396486016818501 0.104745635707471 0.0745835255137846 0.205993063000245
0.170328460494913 0.117995466853181 0.280234779104328 0.0794593219894206 0.351981971558158
0.127391651217312 0.230326705502083 0.24009582626628 0.24477992057025 0.157405896444075
0.216649294044906 0.196797560982209 0.16634113048044 0.164948477884511 0.255263536607934
0.258599868515053 0.354888540925306 0.0960229432687217 0.26846616043255 0.0220224868583688
0.162310434642468 0.202726540651958 0.0425703997186679 0.376190372106246 0.216202252880661
0.233516544243365 0.34667010272303 0.350800283387414 0.0154015352361752 0.0536115344100147
0.312972147658989 0.0141827781110929 0.0134612951967941 0.357352339432787 0.302031439600337
0.258825608256175 0.311125839364319 0.135639904719185 0.0927229792741165 0.201685668386205
0.204107692150349 0.230015784320168 0.108721041342521 0.239151657178849 0.218003825008114
0.177951633725829 0.137570814118664 0.149954142866549 0.257807269448309 0.276716139840648
0.219385561188475 0.224669615566442 0.0132578130756426 0.263387813084612 0.279299197084827
0.254140489520414 0.0484049491829467 0.380621296759788 0.148232527534289 0.168600737002563
0.197844276846305 0.178801286050458 0.257112784163932 0.0883000934278511 0.277941559511454
0.156760690419256 0.284121554726517 0.190548776226406 0.107870626191609 0.260698352436211
0.0167309104887274 0.169578768530015 0.652443260305559 0.126318038789134 0.0349290218865643
0.275836498730237 0.291570953336678 0.175347081637656 0.0859340572485514 0.171311409046878
0.271355714038744 0.138485455766327 0.27810303465001 0.23764181571864 0.0744139798262781
0.361477850127923 0.0496693403160846 0.344257684283091 0.142882882518604 0.101712242754298
0.270218889981885 0.180875866194344 0.148558139137971 0.279412409861929 0.12093469482387
0.184364350516459 0.210226838911482 0.132808890731962 0.123670742783528 0.34892917705657
0.475515060582968 0.377052788674314 0.022959457940056 0.0487874657129353 0.0756852270897258
0.170578272545519 0.298245905594799 0.408355544921543 0.118357508321513 0.00446276861662606
0.322422476462336 0.124696440542071 0.109958209574056 0.281194996649078 0.161727876772459
0.003261434107643 0.111009998675863 0.219077555595261 0.338067456712154 0.32858355490908
0.182993076775692 0.292138633679059 0.29537627190058 0.0785445373104207 0.150947480334249
0.263634358680128 0.172506580730482 0.139192860773723 0.384455629838478 0.0402105699771883
0.120793400070083 0.478682792923246 0.201261746480748 0.157467700834946 0.041794359690978
0.325683478141678 0.203453359644973 0.109775529489231 0.0463783275996461 0.314709305124472
0.0811654404469321 0.257591832640693 0.0730590680198933 0.264053634635279 0.324130024257202
0.0701517771367763 0.335470833485273 0.0217263345220354 0.395121328422055 0.17752972643386
0.331538987807839 0.0306365338832012 0.165380478505625 0.144390858485664 0.328053141317671
0.403216855768369 0.288097630285328 0.0166460396495083 0.284591925387989 0.00744754890880506
0.15573234133691 0.144395558860429 0.315665884489228 0.085055946161156 0.299150269152278
0.365373268509814 0.384626303301989 0.194969432233376 0.0492010392493978 0.00582995670542326
0.24344735739018 0.0129939732176767 0.231078341091311 0.219167580034292 0.293312748266541
0.312285689119763 0.225009687546652 0.0127584246583212 0.173320954220586 0.276625244454679
0.381411063050798 0.0735149891219194 0.12346190289045 0.319090812519241 0.102521232417592
0.30453280379624 0.107423904020382 0.206226619502872 0.206183269743802 0.175633402936705
0.0152458939585815 0.256451567585948 0.2630833426858 0.264847618214853 0.200371577554817
0.109031571499447 0.0407797347925903 0.327704190510833 0.134658026195926 0.387826477001204
0.186271025397786 0.209994130606426 0.22182885201999 0.162039953984821 0.219866037990977
0.368438344106278 0.0642768036310831 0.0460096633035297 0.465990371460734 0.0552848174983753
0.101327543647013 0.291146427114446 0.162454008873118 0.147768357570587 0.297303662794836
0.151399384133973 0.125569560734256 0.208184496582718 0.220090091590579 0.294756466958474
0.33888748271113 0.0344027119368858 0.0348029841410961 0.315656664674549 0.276250156536339
0.140428226727601 0.275089512765572 0.428236184289745 0.0917637033376705 0.0644823728794113
0.0961058617930542 0.262654193654426 0.275613516111452 0.313752978206416 0.0518734502346526
0.395422570244198 0.213736658231912 0.299058073435601 0.0761245516874235 0.0156581464008657
0.194441949274852 0.128825873503401 0.240310292551052 0.199637708642853 0.236784176027842
0.142655342205795 0.156162976819903 0.163411787158288 0.217269342807366 0.320500551008648
0.324909055677084 0.35226431092126 0.0952839763063284 0.163762957597105 0.0637796994982226
0.245230813052591 0.201342907602827 0.177123966403504 0.20603555983757 0.170266753103507
0.306204027125864 0.323032264091943 0.078298348873095 0.0292597555982684 0.26320560431083
0.281909311819785 0.258020126290138 0.311180930493936 0.0629912905597288 0.085898340836412
0.087989692457568 0.097248614501706 0.158228776854666 0.307729908174343 0.348803008011717
0.182495757007103 0.342707521325593 0.111196087214903 0.297307895994796 0.0662927384576047
0.185837815175489 0.154625255076281 0.293498302055113 0.110377336809241 0.255661290883877
0.223153168563592 0.103309434524994 0.147425950724945 0.274680733846349 0.25143071234012
0.289890624187337 0.0660445986880752 0.38600620951269 0.0206609730097875 0.237397594602111
0.436528449585732 0.0857199803027405 0.362575089599569 0.0324543479693737 0.0827221325425847
0.101140815998204 0.283613840672682 0.0793467733599912 0.127419776715202 0.40847879325392
0.232080936651624 0.348948288188255 0.197029259285017 0.0411555052627251 0.180786010612379
0.23714736792184 0.11549854854564 0.318840634544568 0.162086643181265 0.166426805806687
0.126217390942944 0.487552339107459 0.219068593867833 0.121119947494207 0.0460417285875582
0.328964895796158 0.0154998455437801 0.193874151954246 0.364928367633335 0.0967327390724814
0.275759034436035 0.0648757761150756 0.274058765359298 0.223913371033822 0.161393053055768
0.241292482683685 0.256971789274534 0.323457993916569 0.123277385827397 0.0550003482978159
0.295931960124672 0.0360867010584193 0.281849212576721 0.193052127798978 0.19307999844121
0.16818844329122 0.156514222088698 0.138592480330137 0.25653472460567 0.280170129684275
0.094421633302587 0.156276012246431 0.215009331626469 0.266758784044105 0.267534238780408
0.0877912553992904 0.329611079165005 0.177049966304702 0.309930835618181 0.0956168635128209
0.268265649819352 0.223445007685846 0.367519407159966 0.00909902336923767 0.131670911965598
0.162133784875548 0.106850099018131 0.197736721028894 0.311041421094485 0.222237973982942
0.0219571852447506 0.00950868994694542 0.299232021525201 0.329561904725542 0.339740198557561
0.216651101385468 0.249581682032577 0.134376979355264 0.059538959400966 0.339851277825725
0.23446646150394 0.418417878100489 0.310341116665444 0.00578173847120695 0.0309928052589194
0.335875144945078 0.0577970691495076 0.348480113919666 0.136826567658513 0.121021104327236
0.139848264672423 0.296706757106079 0.0853712164574833 0.312884785150563 0.165188976613452
0.0475208625274224 0.310919088247749 0.193037413157774 0.113707195531918 0.334815440535137
0.210765301866599 0.226654365162073 0.163240895121085 0.256771799705994 0.142567638144248
0.214902447630677 0.270578052602655 0.235037452456402 0.218425432519658 0.0610566147906077
0.323110451973252 0.497065771152785 0.0513382114267141 0.0946732457559681 0.0338123196912805
0.304157353393163 0.065867689563922 0.298220795414006 0.204794882895866 0.126959278733044
0.159624001079928 0.292937731974668 0.196438370600758 0.287124215848253 0.0638756804963927
0.253804584131084 0.143507083499839 0.220268882232067 0.196080766225481 0.186338683911529
0.190247023933361 0.0727316980160739 0.228184385696777 0.172669720398945 0.336167171954843
0.0380558247029398 0.163541038552927 0.228240611744598 0.271353294185619 0.298809230813917
0.284300952316179 0.288697341427202 0.03652756684305 0.212251108441486 0.178223030972083
0.114283002136706 0.26073953059074 0.234384743355501 0.159832124237892 0.230760599679162
0.222219458224733 0.235580019242094 0.123124889479829 0.175301130273458 0.243774502779886
0.0689986355381558 0.4068024381421 0.370798425326239 0.10684710162296 0.0465533993705453
0.118974435096831 0.273590873318599 0.240829377967738 0.117839170654012 0.248766142962821
0.182328816028399 0.322951256826613 0.00341103060522131 0.266122644876536 0.22518625166323
0.210169740332269 0.32911520951866 0.201129612258595 0.206538780861324 0.0530466570291522
0.0418153893707973 0.30909940747079 0.122193760910663 0.284436236059927 0.242455206187823
0.108718411751876 0.261746100285065 0.193144945831588 0.218830877186255 0.217559664945216
0.287450020261486 0.21530253412693 0.120183873223425 0.131883678402983 0.245179893985176
0.033944409957016 0.235648693732644 0.220135290763949 0.155052168612502 0.355219436933889
0.223194363705015 0.121751223381517 0.232179445681343 0.216494516061967 0.206380451170158
0.135871956567129 0.174550885711699 0.199720318023227 0.388228361231005 0.10162847846694
0.430102638870263 0.105698319625833 0.00852367173026235 0.0131036738738838 0.442571695899758
0.338020077738076 0.0700821757429574 0.0424955295310199 0.342872297187989 0.206529919799957
0.330207083088208 0.0150585663456839 0.327128089579976 0.216662572308537 0.110943688677595
0.266588242199391 0.0633008134186706 0.324034788559689 0.15285980889765 0.193216346924598
0.32258230714613 0.0134329486912788 0.188841000929816 0.28232148938244 0.192822253850335
0.183627946186619 0.399709354535131 0.0505537630803338 0.237398322104919 0.128710614092997
0.192051760760914 0.172188969576183 0.289104627555195 0.330563586708628 0.0160910553990808
0.36963456491814 0.212217421748344 0.216301762077218 0.159917345886673 0.041928905369625
0.22631372602676 0.429675051236377 0.0858671894861602 0.20230462977429 0.0558394034764126
0.0664771497394749 0.385597253480381 0.227654772289308 0.0647484078175787 0.255522416673257
0.282671536850976 0.303425842141009 0.0605325014781147 0.29722069989243 0.0561494196374708
0.299861832041563 0.210780971588332 0.177234299740257 0.237561491709102 0.0745614049207458
0.315091895735309 0.251077869727923 0.254314120533604 0.107088956221321 0.0724271577818439
0.40335966071573 0.12448328893102 0.152170011096207 0.157711049418196 0.162275989838846
0.284346594004597 0.151093296307243 0.0915511954932033 0.181574209393121 0.291434704801836
0.195654267447938 0.00361042202174382 0.16111682499019 0.45632898679163 0.183289498748498
0.299292848192999 0.0253730393927918 0.162566557331599 0.241317194829755 0.271450360252854
0.375896134595596 0.232353151363973 0.149290628372105 0.0649816234144385 0.177478462253888
0.209193657604912 0.303816340439566 0.267101340121125 0.112954496321251 0.106934165513147
0.255068650881515 0.028592937967488 0.216602301646134 0.298096205778652 0.201639903726211
0.18612201840794 0.194672877712888 0.0664727499633021 0.325312098010227 0.227420255905642
0.0913979301446717 0.467629894503721 0.237250910172563 0.119517627315581 0.0842036378634632
0.390263560163545 0.0525960453302949 0.15136794894386 0.373060060125994 0.032712385436306
0.202979193325717 0.26225113221649 0.205898262845314 0.180928630015406 0.147942781597074
0.31000513979493 0.200243597958479 0.0983665443836305 0.192213764607375 0.199170953255586
0.277922580284309 0.104915375105885 0.131291221310515 0.303407712000625 0.182463111298666
0.24047337285197 0.270998290379735 0.222847952083931 0.0388425098020768 0.226837874882287
0.116585324145036 0.346493573389403 0.109755511050111 0.325542690714481 0.10162290070097
0.0737211529974887 0.369159484806137 0.277637445610641 0.178561329511702 0.100920587074031
0.249887133238205 0.100081645145494 0.117806110433778 0.30618535733105 0.226039753851473
0.101482067913079 0.0193458583682997 0.416459612646761 0.374776421472577 0.0879360395992831
0.345621030600309 0.252885426202906 0.312778766870341 0.0458832260093195 0.0428315503171249
0.132474601433669 0.268386872325543 0.118255449105354 0.314717051162393 0.166166025973041
0.268626018171261 0.0413163941445974 0.364051052452147 0.224227839519344 0.101778695712649
0.0176670246395299 0.351144497862271 0.157733279497983 0.264201356002909 0.209253841997307
0.229090781767923 0.0420861576479686 0.450470875109612 0.247497397790719 0.0308547876837775
0.337272942929478 0.113549090002563 0.254893937769537 0.0737488186122295 0.220535210686193
0.275083533826124 0.302154057870958 0.163516334594909 0.207707383878617 0.0515386898293921
0.164991833966844 0.0908333681007056 0.191994174832925 0.288309849751157 0.263870773348368
0.122210537071607 0.111736695591766 0.187067384410242 0.321720998357634 0.257264384568751
0.302781873098601 0.3150524686967 0.305775359914943 0.0308684452800687 0.0455218530096869
0.162401087019613 0.228475103744783 0.309440438284562 0.212576044639633 0.0871073263114091
0.307041685630181 0.0903900666651516 0.00511271338271348 0.36653886466534 0.230916669656614
0.119359673073589 0.224170248347649 0.0193172090496015 0.451172456120613 0.185980413408547
0.0854432982327328 0.179851556893655 0.324728481272375 0.31525094485477 0.0947257187464672
0.147518001624532 0.190833943931287 0.149370142868054 0.250168101666718 0.262109809909409
0.184579119239666 0.0531124383849786 0.187741917773787 0.339690756191451 0.234875768410117
0.270426189290602 0.343187011653858 0.0252923003121862 0.336083420231534 0.0250110785118205
0.17901090002937 0.130999232752653 0.248256498441868 0.248531595099384 0.193201773676725
0.286410165885217 0.202056907279186 0.241554300723684 0.234658492000703 0.0353201341112094
0.232883963381749 0.0178315806973143 0.173213258440608 0.533183358258535 0.0428878392217938
0.271619238183197 0.103164017525065 0.0264850887305019 0.329620845879197 0.269110809682039
0.464593548769168 0.0910252942272098 0.137966012187849 0.0474618692495468 0.258953275566226
0.164078897272057 0.205885849875644 0.130792905137103 0.267137320385866 0.23210502732933
0.265137259924835 0.290636576415438 0.135278505949989 0.278465467964411 0.0304821897453278
0.182668208926308 0.092819402467519 0.00622829718774206 0.343072253600284 0.375211837818147
0.302136289736118 0.0173680659090233 0.214693249209719 0.189950641025351 0.27585175411979
0.321508149544473 0.150122659316942 0.277171254142939 0.182649408791305 0.0685485282043402
0.233434140975712 0.372555937258918 0.164827288363214 0.202988474620753 0.0261941587814022
0.195280314725236 0.0678039622829364 0.271752526479685 0.250711516054737 0.214451680457406
0.260400711265585 0.100778357984553 0.282293509842812 0.258208281591387 0.0983191393156629
0.00966904603039765 0.169510220547986 0.220543459988779 0.318640878102022 0.281636395330815
0.14604441860689 0.323795901589954 0.229993185781447 0.132317307774526 0.167849186247183
0.379357338956847 0.189399304450753 0.00452297382754726 0.332840240941663 0.0938801418231894
0.275433795874575 0.247291506689409 0.211207282377285 0.039032994356778 0.227034420701953
0.428132781966766 0.138269622049135 0.141094552548213 0.221354641953745 0.0711484014821405
0.219296618012168 0.318857173159089 0.253220909631384 0.14351536130538 0.0651099378919794
0.019886416258283 0.30013332407295 0.1463001674398 0.180301835706376 0.353378256522591
0.348829876849121 0.0835713815709761 0.33750559028127 0.0588781312698131 0.17121502002882
0.0289744899121114 0.266272370957766 0.293288725811122 0.259220973281274 0.152243440037726
0.295117433001892 0.154435240612431 0.199015491270723 0.145847713333389 0.205584121781565
0.378353718104297 0.166166805371414 0.141759379342707 0.307903783134291 0.0058163140472915
0.169446590092338 0.0989599920891917 0.366573098833723 0.298838287317154 0.0661820316675939
0.168407723675054 0.213521588811107 0.0544042212803285 0.115541334850573 0.448125131382937
0.206329857073213 0.227944212202494 0.203372017138807 0.142923840731536 0.21943007285395
0.254956104220914 0.144732660315181 0.293211640223416 0.0777317012831472 0.229367893957342
0.114903997069508 0.435053501479837 0.0385456834058735 0.249237502292569 0.162259315752212
0.4292617491102 0.056432241350862 0.167815012067634 0.321912614949504 0.0245783825217998
0.0480568906707167 0.245788837558213 0.166541879067355 0.401017334202015 0.138595058501701
0.259492607095246 0.0221047100111402 0.207705820961511 0.296157310708425 0.214539551223678
0.304514260118806 0.182609748159707 0.366977368576965 0.012949657534352 0.13294896561017
0.127701178974016 0.189320862693915 0.177501541959255 0.239769335972333 0.265707080400481
0.0950373904831534 0.335427967774628 0.339113140355761 0.176695500651012 0.0537260007354456
0.236884652424963 0.0229819427149936 0.215698106565794 0.216620247844305 0.307815050449944
0.332406195324247 0.299556764687301 0.267361301072761 0.0846392008151458 0.0160365381005451
0.220182191562619 0.0978210559261362 0.257166965149993 0.259102400436809 0.165727386924443
0.0870573384781604 0.276062938155207 0.101353461865473 0.352562210135031 0.182964051366128
0.139016126520048 0.280151164273399 0.0194791583463113 0.241196192007449 0.320157358852792
0.106700316016022 0.0418233949258928 0.0893360263867532 0.177188950766926 0.584951311904407
0.277375330463033 0.314406901982295 0.284601876162807 0.0903167503768516 0.0332991410150133
0.419470011535145 0.240416687651104 0.153578535988838 0.0221909596258372 0.164343805199076
0.213662508629102 0.244979765548975 0.0550498417383914 0.297287361310885 0.189020522772646
0.117254764380468 0.164014379588897 0.103353835956985 0.135812725266305 0.479564294807345
0.131039259146465 0.0693631190790197 0.193202063497964 0.268130037191175 0.338265521085376
0.194376816821653 0.206976498970807 0.164517117787918 0.187607708488567 0.246521857931055
0.314958293868979 0.000328609207384312 0.30477400675288 0.201719839513674 0.178219250657083
0.159896432416686 0.2452886037792 0.340661898977816 0.185215030967017 0.0689380338592816
0.309053033527875 0.0169446096271559 0.294126738585152 0.0351745798858711 0.344701038373946
0.197959092326905 0.49623819403615 0.155985195794756 0.0177859893362603 0.13203152850593
0.360826642019368 0.385511963382431 0.217004718193662 0.0303391113582201 0.00631756504631878
0.236726794128023 0.298566003605992 0.168084593226972 0.228518973287042 0.0681036357519716
0.26944061098592 0.100615316797131 0.216836942266728 0.118897998351838 0.294209131598382
0.102441163853977 0.274685913162451 0.164524146809764 0.190349927910528 0.26799884826328
0.321694302815329 0.110283628305405 0.321237354472343 0.0444357385006078 0.202348975906316
0.11536327246993 0.125753633061208 0.342057274556313 0.0814977927941239 0.335328027118425
0.111384735027886 0.270886008040321 0.0899172694645208 0.256194957339839 0.271617030127433
0.160266909288995 0.201577450469874 0.213223634843327 0.214303613195656 0.210628392202148
0.163992358485097 0.19120991960876 0.200170121501135 0.228662541259969 0.215965059145039
0.184621113781868 0.0232886167310488 0.142054023329338 0.123713827578915 0.52632241857883
0.0596982192597435 0.261136631831313 0.239028987787902 0.149046622384054 0.291089538736988
0.452488807981706 0.235509116754582 0.137711425916035 0.166103615872785 0.00818703347489156
0.235177648214899 0.0469999491642825 0.295846531204396 0.126828061080138 0.295147810336284
0.215691609361949 0.211865267889941 0.104583217772344 0.358331103658308 0.109528801317458
0.0277928647771667 0.218476180728816 0.260933404498502 0.304552372243731 0.188245177751784
0.267181476508918 0.206189893875462 0.195041786641834 0.163502453439044 0.168084389534742
0.00935376854543658 0.291143807750668 0.340382727470691 0.190970592945485 0.16814910328772
0.300000472452637 0.01791211306192 0.410548306282562 0.137377293565406 0.134161814637476
0.0294006689885389 0.115215522080715 0.25734833301643 0.238255669425987 0.359779806488328
0.0767854357501028 0.22539036941994 0.254921801741199 0.214998947549459 0.227903445539299
0.390160510143976 0.109581089157594 0.094486513856337 0.291885867835195 0.113886019006898
0.169757029460914 0.329732862120948 0.0808192728889074 0.058195685799842 0.361495149729389
0.136315719135463 0.266152370010111 0.242431574987339 0.125349995648297 0.22975034021879
0.435394403073698 0.0244387805737651 0.0386472726861506 0.136156223194252 0.365363320472133
0.207428591229773 0.167908638465357 0.300469622158029 0.184186445440135 0.140006702706706
0.203094287340689 0.186282919928683 0.0625442869166504 0.0972243733937216 0.450854132420255
0.293145462617277 0.309690605711115 0.138800576967584 0.116315919037379 0.142047435666645
0.0976353715998792 0.238177482216152 0.371602975388387 0.228071956757338 0.0645122140382439
0.120740008869883 0.245587122981422 0.2664087467488 0.215028527528109 0.152235593871786
0.105957514550967 0.28119054204147 0.0414084181337828 0.328692544368446 0.242750980905334
0.346978451316252 0.283792323713888 0.026326679914358 0.336625603663513 0.00627694139198872
0.18932074167351 0.139852331379355 0.249596538884716 0.186388722471293 0.234841665591126
0.316486635712877 0.0361559652678491 0.212369442446047 0.28256506154366 0.152422895029566
0.189442833331285 0.241013591413388 0.163634958505418 0.192169126473096 0.213739490276814
0.00930548550991702 0.436954533513909 0.105298959662081 0.208089397834782 0.24035162347931
0.147904238616122 0.042045739429943 0.176080073344662 0.248440281428989 0.385529667180284
0.272789648549955 0.309968668517549 0.0232676669119408 0.269570728683085 0.124403287337471
0.236819188286626 0.13424176864026 0.334670813061736 0.28263894809966 0.0116292819117186
0.137672007116571 0.282448516180022 0.1729279942405 0.186067782075352 0.220883700387555
0.0583591756713017 0.345886973874795 0.155833983234734 0.278020703356186 0.161899163862984
0.188961809302852 0.0288021851749977 0.340884020971777 0.0362318804286958 0.405120104121678
0.109679036905028 0.33549369615899 0.0698215834765718 0.353108306363163 0.131897377096246
0.293646997485134 0.17244088327651 0.194554286336348 0.0707453193347955 0.268612513567212
0.200328055750875 0.224995099082063 0.182669425216709 0.193074167100193 0.19893325285016
0.115364805283947 0.00221759186036874 0.132276721458469 0.672987225066471 0.0771536563307445
0.128319939946555 0.275060624561954 0.255901127285212 0.238299800734846 0.102418507471433
0.145897934919056 0.0920430387160644 0.327297825007689 0.359937797038191 0.0748234043189999
0.0243248850600431 0.156773213302879 0.195829913614578 0.402945759544125 0.220126228478375
0.141145027230901 0.278773545897658 0.0792790656829367 0.202609757996477 0.298192603192027
