0.271532700074603 0.269438352802895 0.0631666526627439 0.188396058882711 0.207466235577047
0.304756268106409 0.110154613897494 0.154805282450671 0.300318382876037 0.129965452669389
0.141637792972957 0.0885973429506168 0.150716708512004 0.316890708079932 0.30215744748449
0.200587785733553 0.160142327819129 0.3118990951032 0.133960644863949 0.19341014648017
0.290631062120787 0.374398510537518 0.232843543272308 0.0325395765747672 0.0695873074946196
0.338276733958753 0.0148089258984208 0.154905488015148 0.268172875734405 0.223835976393274
0.0192917645033938 0.0876893719648628 0.0649339836036786 0.32321686006789 0.504868019860175
0.454031194251339 0.257064618794401 0.0255850893911397 0.0853327371976351 0.177986360365485
0.337875206246118 0.2660103366346 0.0564592485285071 0.248969764389966 0.0906854442008098
0.00156262523575254 0.059571502683266 0.345643571359444 0.487470912608484 0.105751388113053
0.41748195987901 0.108629722110376 0.0688048149717091 0.0968983875641094 0.308185115474795
0.211819019755028 0.437498330907986 0.182205705878005 0.167200037792611 0.00127690566636912
0.325889218175186 0.0463732197473446 0.12065150101413 0.285708171325607 0.221377889737732
0.025095549597983 0.276518443681991 0.330865690760317 0.235511419812824 0.132008896146885
0.100726904097571 0.29483134387193 0.206097359375156 0.230298802363594 0.168045590291748
0.210397813502895 0.158264557325577 0.260650308550841 0.235168004408896 0.135519316211791
0.0650736358054651 0.410398559439314 0.0200087505978545 0.192770819294531 0.311748234862836
0.38798357366998 0.0561914485654033 0.385094319590732 0.142523774441463 0.0282068837324212
0.173477103008217 0.201626057482942 0.377780540386641 0.189616316991238 0.0574999821309621
0.139494687777336 0.218100799345406 0.317428730166748 0.24550761957301 0.079468163137501
0.220601513328974 0.218725476816654 0.153221905337653 0.270949953597415 0.136501150919304
0.0852791617987546 0.257008714733039 0.244108971278408 0.235448695777304 0.178154456412494
0.226465952311422 0.210605599234847 0.346873425955243 0.00107737088812468 0.214977651610364
0.294854951218327 0.064309709017723 0.138136287667832 0.234658984074751 0.268040068021367
0.306599132522415 0.310357099301835 0.123441219260476 0.091578220061242 0.168024328854033
0.233450351795324 0.0537161589245774 0.436306993083224 0.236754354690733 0.0397721415061414
0.118433308906758 0.271731221631949 0.0690015013576865 0.251010083317279 0.289823884786327
0.205720506577201 0.285759366792798 0.0690568899600146 0.181063685101174 0.258399551568813
0.427605898491477 0.183121805564193 0.0492898395535158 0.329637227653504 0.0103452287373103
0.294087947483433 0.0354999418344266 0.268467688797085 0.121407618756382 0.280536803128673
0.0411449120899529 0.2325713262389 0.164197669826237 0.295791489746549 0.266294602098361
0.166059465542516 0.0630174112643088 0.316721855815842 0.381740837329887 0.0724604300474472
0.369617842338889 0.16795170069226 0.0812763297861396 0.261296750501343 0.119857376681368
0.0996947558188517 0.242639090440127 0.245827533679564 0.19957338753982 0.212265232521636
0.275782521356994 0.236019859093745 0.0874417987891244 0.264832564096547 0.13592325666359
0.110144147793999 0.154092658901063 0.258317972349291 0.307343075214179 0.170102145741468
0.317503303590026 0.100509207757015 0.520562832599763 0.0600375744935707 0.00138708155962521
0.348380226458776 0.171175577838482 0.0350729482288328 0.172848723672375 0.272522523801533
0.0921379426726488 0.281591041063143 0.33181348887062 0.186950965530601 0.107506561862987
0.151252842000896 0.268898347999635 0.222618076862003 0.221650590542593 0.135580142594873
0.179520828789124 0.16274437649638 0.331344703603361 0.128112026663747 0.198278064447387
0.0912278047059187 0.353375074984876 0.221986273160195 0.303997289412816 0.0294135577361939
0.350637413921705 0.0820872782147616 0.133101381005528 0.26493599373761 0.169237933120396
0.228891392023152 0.186508765945763 0.0860122079877389 0.257391350451579 0.241196283591767
0.245144780781763 0.141160802294311 0.245400873422881 0.171345651503399 0.196947891997646
0.163982749020201 0.218986021235828 0.18585173140499 0.0200448361630085 0.411134662175971
0.0762246317418542 0.244398497856934 0.228056988407905 0.20835995911297 0.242959922880337
0.178799023394922 0.0301653283693705 0.296177890313625 0.158839635749144 0.336018122172938
0.143039684605709 0.204647827898642 0.224700672953551 0.216973833929634 0.210637980612463
0.321443124085015 0.173206433412195 0.147472588831876 0.275649995570009 0.0822278581009035
0.0231519824585583 0.122734008931446 0.297854270873626 0.268133757640077 0.288125980096293
0.293580626086866 0.188777384307634 0.312865145157889 0.158865462830397 0.0459113816172145
0.282517483095331 0.0842460795530989 0.304730754277775 0.282353673931329 0.0461520091424653
0.130663314423947 0.540602271078409 0.0257155990487085 0.108464945917624 0.194553869531311
0.0278059166669258 0.193252825755279 0.17700635428542 0.3411485358961 0.260786367396276
0.0892366295311355 0.122751558369563 0.416073336199622 0.27415983336898 0.0977786425306994
0.221493299947632 0.202558394677658 0.502108391643775 0.0541586772803259 0.0196812364506089
0.304129900847714 0.335059745947021 0.238528973446892 0.0327290127510518 0.0895523670073216
0.239214594587813 0.157657106901054 0.107783180749938 0.216943289085913 0.278401828675283
0.324878052511529 0.368604114486228 0.127078513187533 0.130151547917045 0.0492877718976642
0.327643418401257 0.202090545398285 0.351529020750563 0.104200358156483 0.0145366572934113
0.123009566668273 0.362678979731935 0.0646499036399606 0.34082535120621 0.108836198753621
0.0861671611754842 0.268515514397757 0.183240675006837 0.184002430401654 0.278074219018268
0.0218588473029009 0.235144262812896 0.125075287695834 0.307894046223213 0.310027555965156
0.0675111562336808 0.259137375960641 0.241843870860457 0.24478534843805 0.186722248507171
0.278330186525879 0.400262274228601 0.0923228475019826 0.0864223499678254 0.142662341775712
0.134584091807796 0.436888544094384 0.174095989025204 0.132173755880846 0.122257619191771
0.316966727553849 0.318713556953319 0.116467442326308 0.0849074111451423 0.162944862021382
0.197568042993137 0.154029948608872 0.278680298819773 0.232908333473013 0.136813376105205
0.0199797758075637 0.219449982596555 0.213538371541284 0.400022993973675 0.147008876080922
0.108894844668503 0.0468642243350059 0.173820558200306 0.391026437506589 0.279393935289596
0.0607325562362861 0.0506064208734813 0.559519776089649 0.308979350540595 0.0201618962599887
0.125179442236029 0.186965568056287 0.243450506481798 0.263908074570899 0.180496408654988
0.410495505381582 0.0902232706897449 0.150548750561695 0.094267632199146 0.254464841167833
0.195369259147514 0.262088112595478 0.138957462441646 0.254608278984567 0.148976886830796
0.203757222985313 0.139806450571824 0.0977989750286202 0.177226293374259 0.381411058039983
0.295385941335413 0.20890861812897 0.0639876753571793 0.0970285167731927 0.334689248405246
0.341637460265527 0.313364587601616 0.146795488479083 0.0827873420898686 0.115415121563906
0.252332265631802 0.0936338438279796 0.249646528484991 0.107772802298491 0.296614559756736
0.179899492391502 0.252280921566417 0.0230410205713854 0.310660345498925 0.234118219971771
0.203566820512639 0.11191499594556 0.256399615987412 0.215822945098516 0.212295622455874
0.31129145597854 0.0959702670306872 0.190113419272673 0.219210449735393 0.183414407982707
0.277634063634247 0.216855897476047 0.235127365260532 0.0336191645425354 0.236763509086639
0.225983324069231 0.203495510578277 0.207246053390001 0.277336798319421 0.0859383136430693
0.0399956664513508 0.030688852990465 0.303239296690698 0.370516961731167 0.255559222136319
0.122247456944837 0.177580813543158 0.271173635013369 0.273848565708613 0.155149528790022
0.209662014758221 0.0107540647833821 0.319700311372983 0.27920031228237 0.180683296803043
0.00587188937095801 0.11457146417027 0.194989750328393 0.295325625330426 0.389241270799953
0.152908249275498 0.197334126871905 0.280064610985377 0.011219245819891 0.358473767047328
0.187002158545089 0.031746263269339 0.22433223622333 0.250994200356987 0.305925141605255
0.266110561636057 0.283671109186273 0.148936306487556 0.0724598790056641 0.22882214368445
0.14507651663666 0.277793102542219 0.0598440565543375 0.285374449627654 0.231911874639129
0.252983177476778 0.182741740388166 0.171732904483562 0.147213212165188 0.245328965486305
0.0265576350707146 0.119920520916167 0.367447152681029 0.11693392028144 0.369140771050651
0.0477475391096386 0.209026951569835 0.305449565686669 0.2614190760661 0.176356867567757
0.231998791872941 0.0926570217642435 0.151930856911071 0.275292467327233 0.248120862124512
0.415161579242373 0.0275840308080961 0.0608615666492622 0.0269847431423831 0.469408080157885
0.163477122918261 0.243573840922322 0.267250795150169 0.189753700721116 0.135944540288132
0.289690418347475 0.278328978730723 0.119479172917708 0.222600602757734 0.0899008272463605
0.138472097336298 0.241065528088077 0.182941619448317 0.132974357282847 0.304546397844462
0.129934557398569 0.116844058889007 0.202164205834998 0.287953682104593 0.263103495772832
0.168691086284196 0.128083688128743 0.104050888643815 0.0947529622365884 0.504421374706658
0.416271586242244 0.264129856200074 0.060385975679028 0.139609155837845 0.119603426040809
0.287542801928637 0.0470333574960466 0.333363245127428 0.178057534215406 0.154003061232483
0.339548562727809 0.110500449621133 0.239147218653462 0.210384275880503 0.100419493117093
0.0814110023288289 0.188541508497994 0.404200893594752 0.0747409192474725 0.251105676330952
0.308294378292946 0.169355483770488 0.0317421149646279 0.197770430692902 0.292837592279036
0.258021293819176 0.387873264983284 0.00365241981747055 0.036394490237987 0.314058531142082
0.13977125819567 0.188389017846962 0.0835523405118076 0.561956637114082 0.0263307463314787
0.105334004345434 0.333296776164797 0.113897494451273 0.350237839520116 0.0972338855183787
0.253440083861681 0.100049799708498 0.09724744714949 0.231735732100303 0.317526937180027
0.291230179044382 0.243498594105426 0.15870895101317 0.0942253082590723 0.21233696757795
0.150061105137829 0.251888377982946 0.238178617004625 0.111646805862153 0.248225094012447
0.0839451306799762 0.33401891610821 0.279295691961916 0.136426999782241 0.166313261467657
0.278572331592616 0.339031230376898 0.119271207041053 0.114255738197983 0.148869492791451
0.174799196020047 0.317502469892248 0.1833131750298 0.255140433623827 0.0692447254340779
0.243455621228742 0.183937972266358 0.0239869886574043 0.274767903821432 0.273851514026064
0.171291524928714 0.199590705386611 0.356703634042223 0.113158653866634 0.159255481775818
0.00809409722884164 0.248189807323441 0.13605318714186 0.371903467154497 0.235759441151361
0.260373670934047 0.338974199226652 0.26737456831617 0.132102969413633 0.00117459210949678
0.288889683005943 0.316838216739434 0.117342112002475 0.060765394336143 0.216164593916005
0.185230910955277 0.149145940820835 0.113744016749163 0.420567160576048 0.131311970898677
0.340850559736791 0.0746399646864773 0.0838342372682157 0.180769269776216 0.3199059685323
0.0354323974359645 0.0361563750048657 0.272974669864551 0.275755778419029 0.37968077927559
0.150650513571325 0.171166872598176 0.316397363625448 0.331477081199759 0.0303081690052933
0.261946864689822 0.174933240111057 0.198079018191594 0.224526327870308 0.140514549137219
0.192011787113077 0.284526736740291 0.239513050449808 0.185491255113152 0.0984571705836726
0.572116286266255 0.080564639780424 0.0832976763021101 0.132588954606688 0.131432443044524
0.0125881296569541 0.397107662362486 0.198319343333312 0.220880319032614 0.171104545614634
0.280643499481953 0.0974643665628364 0.261106440799613 0.199514569266077 0.161271123889521
0.226837650742116 0.244805799636564 0.129342192564104 0.176278412562814 0.222735944494402
0.294332346287953 0.160061453530034 0.042259265004111 0.22312826435064 0.280218670827261
0.078338268309756 0.0148337407736354 0.361354864394642 0.147595929789448 0.397877196732518
0.248626611866555 0.268294802354678 0.125460407229494 0.288688059799392 0.0689301187498814
0.0191842155687396 0.307040823974368 0.223113662889081 0.283089924304348 0.167571373263464
0.302539568456839 0.446392534784024 0.155202424315129 0.0863194238543197 0.00954604858968852
0.239754255732552 0.14115521057466 0.303783366910127 0.2056762482841 0.109630918498561
0.163192517010807 0.195113253339047 0.271243017921225 0.122408570245465 0.248042641483456
0.082912137659282 0.292935627408013 0.254596046610639 0.208107748532062 0.161448439790004
0.0918272007353288 0.254361642200833 0.119119174289282 0.251333560579935 0.283358422194622
0.35673775462267 0.245995480106676 0.170307540380706 0.0331536252091105 0.193805599680838
0.130017375962525 0.315730077704844 0.384645798486608 0.0281665510917029 0.14144019675432
0.382347097316089 0.17252728684014 0.206351301525624 0.0759960560192403 0.162778258298906
0.250396955016555 0.25206735994496 0.166853863852492 0.226361902581335 0.104319918604659
0.291520029111258 0.00578308607681624 0.177204201561786 0.260026463126974 0.265466220123166
0.112586646958171 0.236731054634809 0.223055417439107 0.288309591804251 0.139317289163662
0.22812968666703 0.1616292070901 0.26354659916893 0.252896834186017 0.0937976728879216
0.382188934967554 0.0495551004235892 0.110678920774331 0.0105951279048705 0.446981915929655
0.336505431880389 0.049211218711798 0.46150207927129 0.0747912116177014 0.0779900585188216
0.00491035931324509 0.407073101209089 0.244172326108647 0.330590750875119 0.0132534624939003
0.0362574875995735 0.196078081005543 0.0315465989619468 0.349643685958942 0.386474146473995
0.31795853613239 0.178247719555377 0.259481707324555 0.115595720239564 0.128716316748114
0.108646698126094 0.504644110155066 0.0254576755564407 0.0366616506114907 0.324589865550908
0.135055891237716 0.38187528270232 0.246716824615235 0.11180748757661 0.124544513868119
0.0638215002123633 0.106547794283606 0.224603327273057 0.242039363347758 0.362988014883215
0.234695914151194 0.283661498788696 0.333628961519904 0.0568686897836857 0.0911449357565199
0.310328007144987 0.220635588809988 0.0292688019020206 0.0750590227592393 0.364708579383765
0.0773344434584605 0.189769123671292 0.512109917245433 0.209448047356099 0.0113384682687156
0.177551045299321 0.301846573866182 0.365815238076174 0.0680662131984483 0.0867209295598752
0.296592232060083 0.1255392398242 0.094981867261688 0.223812273757873 0.259074387096156
0.294456893783263 0.207784645309231 0.202426101946998 0.294517555653919 0.000814803306589015
0.251647257970482 0.369263987788448 0.0816534728021486 0.155800804529921 0.141634476909
0.104163696792049 0.0495215585316304 0.266940989207631 0.286880218579523 0.292493536889167
0.180478096105934 0.219110213094341 0.243240766438028 0.205625481265678 0.151545443096019
0.360197881795727 0.00429643390165475 0.116489800235687 0.31477528942921 0.204240594637722
0.222956529873282 0.0962481463559305 0.273885688316325 0.14736485725002 0.259544778204443
0.0396641617951625 0.394427785009465 0.0983159731150184 0.0848133016057916 0.382778778474563
0.0761711304093342 0.204454948136824 0.322682074486127 0.0776799407290405 0.319011906238675
0.23779975909571 0.218030834605756 0.134334749052727 0.308812431034078 0.101022226211729
0.369551392909948 0.0825225240224231 0.0353715803792493 0.271893915001011 0.240660587687369
0.0684024335451143 0.394683329150947 0.154529704982761 0.300721123329336 0.0816634089918424
0.173005573458183 0.137602275011202 0.289446255685628 0.212171756652838 0.187774139192148
0.17750177794599 0.432657066202614 0.0346634278303611 0.285560271049604 0.0696174569714309
0.0756316285071211 0.22979377362008 0.237892687241023 0.224503236183293 0.232178674448483
0.0873796443494318 0.27535814439194 0.34366703196818 0.143332190575934 0.150262988714513
0.0669534906263833 0.0852288929813967 0.269789111392233 0.301491273629419 0.276537231370568
0.177694816415767 0.180005848128985 0.249375337976493 0.319639301137797 0.0732846963409576
0.137079350910852 0.227782827810084 0.146530772973312 0.307307129456849 0.181299918848903
0.25899268881854 0.267590750545311 0.033164729513783 0.247081130515699 0.193170700606667
0.221995501890123 0.295756524297632 0.299007838803839 0.109147030151483 0.0740931048569234
0.356213088520142 0.321411790047945 0.250755538729834 0.0233614054118623 0.0482581772902174
0.272272738969686 0.141624864169211 0.0986225702971236 0.295719408718842 0.191760417845137
0.419172965576775 0.0804745826530686 0.163959035515444 0.0156849035700339 0.320708512684679
0.0579210052107583 0.369571724874262 0.152757188988776 0.267776571865414 0.15197350906079
0.015979998833963 0.103573380770046 0.29188909655249 0.277597947239884 0.310959576603617
0.202563449027018 0.267780375238325 0.165161085346014 0.111880789526958 0.252614300861685
0.226679703114053 0.0880373215651624 0.232566985791924 0.269084311512264 0.183631678016596
0.303223620368353 0.298671512075751 0.0550188803961225 0.249388994485368 0.0936969926744053
0.224069513660383 0.261839117445777 0.0632036791140582 0.152403775043533 0.298483914736249
0.00614030894705096 0.0934009805945019 0.650806981844612 0.024095747606868 0.225555981006967
0.127133124448243 0.219893191003774 0.211097823108506 0.282711546022415 0.159164315417063
0.254151641481897 0.27362714219817 0.203609005048682 0.156396418404429 0.112215792866822
0.150701886351744 0.111460229784587 0.173189432471927 0.267744968736652 0.29690348265509
0.175944472988882 0.341273195483306 0.0962619491355166 0.325743108143804 0.0607772742484917
0.31097166233749 0.0388908393885786 0.169356481807011 0.318548056701468 0.162232959765453
0.212890323073995 0.20763646655827 0.400489754254852 0.106978269253215 0.0720051868596677
0.338625097677514 0.130371772802006 0.160178469298001 0.117163875595106 0.253660784627373
0.36813706461796 0.245337108254144 0.210390458825945 0.143919722878218 0.0322156454237313
0.143647837478495 0.0533699794488705 0.292626847263837 0.254669315460133 0.255686020348665
0.285931659762212 0.260001516475145 0.149891243028149 0.200698515796044 0.10347706493845
0.230554596361407 0.0388480290974688 0.217168729678038 0.376910206104068 0.136518438759018
0.281279605237893 0.249166388305293 0.0897027505787535 0.0173228216657859 0.362528434212274
0.276369729137394 0.218830555256712 0.0608706931098137 0.111783939036108 0.332145083459972
0.184899003072097 0.215127936914082 0.223247547933504 0.0100912032240946 0.366634308856222
0.233717482363546 0.251226378918716 0.0637294612901831 0.357084835976943 0.094241841450611
0.0410332977762261 0.018763752759385 0.48512074667036 0.181696428996855 0.273385773797174
0.00973009766400811 0.25382091151797 0.428005808126086 0.207585132519024 0.100858050172912
0.364880588661827 0.314303956788504 0.0803774458457824 0.0849560676576739 0.155481941046213
0.274140440814529 0.0573198015964741 0.194248797614788 0.0985802211912322 0.375710738782977
0.178928502636897 0.301267404620624 0.180666931803357 0.11569677998845 0.223440380950672
0.169428678052719 0.0243948946619645 0.371142055200488 0.434713234188571 0.000321137896257754
0.0085063746271023 0.0814632685797053 0.284940299813256 0.349623079441413 0.275466977538523
0.216859892712172 0.290788926102507 0.18895030584068 0.241822661049662 0.0615782142949787
0.0513234474222472 0.33191648706274 0.316512840315548 0.0986256857947932 0.201621539404672
0.256929059290137 0.147036446885659 0.180615976066147 0.255302374703074 0.160116143054983
0.0404314433040108 0.155834990561312 0.371231097440131 0.28422782503141 0.148274643663136
0.213557483915941 0.0320034114563551 0.104907177630624 0.438265318459114 0.211266608537966
0.0403009300173107 0.0589689514703307 0.341952930973014 0.289534174527979 0.269243013011366
0.107870723929412 0.207497697120518 0.24968577754866 0.253104701933846 0.181841099467565
0.293403581757311 0.129880699855725 0.251327540001257 0.0721703455367886 0.253217832848918
0.323951751567746 0.200287348851525 0.399443283362443 0.00403001748253638 0.07228759873575
0.526941119063454 0.0522583889478197 0.0909131815768976 0.00694255509373427 0.322944755318094
0.168595994763304 0.210592748136544 0.269418538643672 0.191801686881565 0.159591031574915
0.37530712825198 0.278950994853456 0.101116366150271 0.176369783065867 0.0682557276784256
0.0411094193010301 0.305505077096324 0.28801731706684 0.317888630829162 0.0474795557066436
0.437892517696952 0.128945255631862 0.222583636620505 0.0844891336087285 0.126089456441952
0.0535568373710804 0.308299325258248 0.390361237764004 0.0321787884828059 0.215603811123861
0.215984889746407 0.118381473863438 0.280912026646692 0.147583971820745 0.237137637922718
0.214672726789354 0.183818135674488 0.0978381162197156 0.237858715335878 0.265812305980564
0.250223959252498 0.336272264885399 0.072814592386365 0.248553185267564 0.0921359982081753
0.0556515325318606 0.128334512959074 0.257503203485031 0.30961924885364 0.248891502170394
0.0704265221832467 0.24532254125298 0.250539368424052 0.362091584193852 0.0716199839458696
0.0142814245932986 0.316035419921256 0.3172533896903 0.174756664494114 0.177673101301032
0.358215541663129 0.0786130818085989 0.0935090250701176 0.0687259393549716 0.400936412103182
0.213903557928624 0.297205916220089 0.303475385183751 0.176405621571048 0.00900951909648738
0.0793785072741569 0.125021083973864 0.316461190264952 0.196873445812069 0.282265772674959
0.185936677235228 0.168247079013851 0.361892318775795 0.0403159206556062 0.243608004319519
0.111742898477357 0.350404201177889 0.0170448877733604 0.373135451991779 0.147672560579615
0.0863353831481281 0.159116300358709 0.332154749982272 0.13158236194287 0.290811204568021
0.250329273667058 0.108102482630067 0.122837336435041 0.323397928031786 0.195332979236049
0.22083204595978 0.19900879204084 0.019109012877973 0.232514399497386 0.328535749624021
0.0320545774165954 0.178444566023803 0.283073155157343 0.292348635481236 0.214079065921023
0.0574521886044049 0.190155729319983 0.171494529410599 0.209147418121251 0.371750134543763
0.271963522863199 0.282935321174621 0.207778091927285 0.221511314126827 0.0158117499080685
0.200187039281068 0.0687578663863763 0.331047473147653 0.273880859245325 0.126126761939578
0.451916212201402 0.017751958217932 0.230246983229738 0.171485027476237 0.128599818874691
0.279288887289851 0.164907719804422 0.272156759429801 0.218498248882462 0.0651483845934635
0.218143781261194 0.304752019966701 0.0295599615763159 0.36891782339701 0.0786264137987791
0.308535693895628 0.0756184583654712 0.0540734942393664 0.219436439418595 0.342335914080939
0.154976872948114 0.33202715305386 0.136035444165126 0.00340979492685976 0.37355073490604
0.0048810419252676 0.316661877428844 0.264286732253636 0.267962188807364 0.146208159584888
0.197882936760622 0.269237621948462 0.0606275112002675 0.0227309413917777 0.449520988698871
0.376127921017614 0.0714094034457562 0.204435552857833 0.324612236061341 0.0234148866174559
0.205110333203129 0.00845831073078672 0.31930068976689 0.302497474873629 0.164633191425566
0.225190465386155 0.29758738880861 0.138818594910299 0.151353059552522 0.187050491342413
0.356094751471345 0.00324401626073137 0.0718981681827204 0.0762611121697944 0.492501951915409
0.222469982616415 0.259253708660717 0.397385479094737 0.101283264423297 0.0196075652048342
0.232951464079701 0.0114379979080783 0.305471349814528 0.164498309541608 0.285640878656085
0.14548409534584 0.43244200220954 0.0942509772356279 0.171322355250731 0.156500569958262
0.0644807202963684 0.0695575759934817 0.365906061762566 0.384736743746082 0.115318898201501
0.116867844851299 0.0704551226893163 0.387550810074034 0.0941417298657898 0.330984492519561
0.216792091368079 0.155912488254634 0.174390847446611 0.228380938870536 0.22452363406014
0.0821955898678343 0.437316855835857 0.36712749597958 0.0542856411766041 0.0590744171401242
0.0683485029706507 0.227320262199471 0.155581708231537 0.374787876155048 0.173961650443293
0.126734796804987 0.0269243173071992 0.0336332910108369 0.466097710490615 0.346609884386362
0.297813806057591 0.290987182889351 0.0965096940542016 0.305382521659307 0.00930679533954895
0.0790897838681559 0.156797691062794 0.0529333189573751 0.42472884082053 0.286450365291145
0.377120417657621 0.239291845261493 0.138688144092326 0.028302982993237 0.216596609995324
0.303287206192696 0.0118015608981541 0.000148727394850264 0.324785234308264 0.359977271206036
0.413927507056748 0.226439628661424 0.124492483698345 0.0922556877862387 0.142884692797245
0.17379954471903 0.0987941405478112 0.112743177226226 0.298516900829585 0.316146236677348
0.138899661492573 0.430797675952881 0.168257298912654 0.044939355995181 0.21710600764671
0.268924107065726 0.294441013115893 0.247408270582273 0.182661136925018 0.00656547231109056
0.0263013838635708 0.00633314089325131 0.289498960672317 0.322313205225188 0.355553309345673
0.438087938192911 0.116835965292576 0.111308937436013 0.00818446266921691 0.325582696409283
0.218361907137045 0.198942237760577 0.125863600391634 0.00622297445422286 0.450609280256521
0.402824101543643 0.350050971717031 0.0013129234648386 0.0563071836901975 0.18950481958429
0.251958165009777 0.305810954147024 0.295480549824654 0.0137719004044984 0.132978430614047
0.200575760972412 0.176649414006599 0.173269345879555 0.212721197141172 0.236784282000262
0.14099785839744 0.0501567228537997 0.3004683817294 0.248531625646362 0.259845411372999
0.349045956900723 0.140474908570849 0.0280050888662235 0.229730504933693 0.252743540728512
0.245397880503617 0.10315513941029 0.31946626852589 0.0473818196597287 0.284598891900474
0.102379804725352 0.132763763681532 0.414022022071893 0.313814229843252 0.0370201796779709
0.282883836478675 0.437366610573414 0.142307647976412 0.0351570840086425 0.102284820962857
0.27657651952635 0.138178213653733 0.345016155072747 0.061010656154728 0.179218455592442
0.162396192721989 0.12362648241926 0.00148941879330693 0.344140811798297 0.368347094267148
0.205119951823491 0.167924411644644 0.100817234155322 0.410517104148814 0.115621298227729
0.323137345852596 0.0918931344116396 0.176939873871493 0.246588905792293 0.161440740071978
0.381846173998288 0.146016922153304 0.0431128124422494 0.322601096701577 0.106422994704582
0.301716372832262 0.320209015528562 0.234620600127176 0.000738420917605466 0.142715590594394
0.415359851160513 0.19333358767029 0.120560159965994 0.133564024383949 0.137182376819253
0.0457458604842474 0.161591960880287 0.162508646406658 0.370085223565887 0.26006830866292
0.130340481994156 0.266967658267905 0.11788249935545 0.243807080910538 0.24100227947195
0.217796950058441 0.0684428052089722 0.19803327865361 0.299837954388021 0.215889011690956
0.173040200729003 0.104211467128401 0.333938597713363 0.383664724442018 0.00514500998721434
0.0669979895699475 0.283683601457863 0.211423517584211 0.257190396060022 0.180704495327957
0.104373826727897 0.226504191557586 0.024737414576963 0.410737270021315 0.23364729711624
0.113962448988164 0.266177457720604 0.131060545477453 0.182118980638957 0.306680567174822
0.158217178494591 0.212442053237832 0.180434212773619 0.0477818133176484 0.40112474217631
0.476676188216155 0.0640018023252623 0.194028014523665 0.0428286103582895 0.222465384576629
