0.0420242992473542 0.304966913029699 0.0493939341860159 0.255345975281629 0.348268878255302
0.0236174852088105 0.178793143261495 0.224787190670747 0.192825130569189 0.379977050289759
0.222719618977895 0.0873566376295829 0.217835465819429 0.261034812424394 0.211053465148699
0.18174449987563 0.338335861245789 0.205949011390764 0.0651423918457503 0.208828235642067
0.0699555526660694 0.35615054558275 0.380462820364492 0.0514868845875159 0.141944196799172
0.0451220702869442 0.319146800174156 0.31596056169913 0.0625463144788692 0.2572242533609
0.195246305960558 0.220222753555571 0.234886851490814 0.098948236431068 0.250695852561989
0.00709637865780484 0.189737726561959 0.0505016858222636 0.330617888631359 0.422046320326613
0.176265131963166 0.209109170331925 0.302925110780646 0.298185243392319 0.0135153435319433
0.318194705097139 0.209298599609689 0.293452692102671 0.140421127022402 0.0386328761680988
0.0481782752524955 0.110801178203714 0.38120381585379 0.415210263810306 0.0446064668796944
0.259267147377718 0.257745631601344 0.23418696150242 0.164816125509472 0.0839841340090458
0.259555734931267 0.0628554066816485 0.254069583172004 0.152019308565406 0.271499966649674
0.45413322948858 0.25267543200759 0.191582680653564 0.00331461224709772 0.0982940456031679
0.130626950673292 0.303068889452853 0.138402543051056 0.280554545369232 0.147347071453566
0.350252606052788 0.357521822424395 0.0988567926747475 0.0672723608363655 0.126096418011704
0.103627291925124 0.274873824811766 0.204467188707094 0.128960378599678 0.288071315956337
0.244307236175053 0.223518870162745 0.0667875618218423 0.37362631960999 0.0917600122303693
0.324697144258536 0.34367783301501 0.177582729615921 0.105371279465814 0.0486710136447186
0.380239859603472 0.00394040720543062 0.248566963612465 0.329239188021551 0.0380135815570818
0.336825704482373 0.335776083647834 0.0430773358240347 0.230432080913331 0.0538887951324278
0.192007016561247 0.266268678852462 0.147414079768871 0.112074497943916 0.282235726873504
0.201015967659277 0.310267870423179 0.28423157475595 0.170544625458312 0.0339399617032828
0.00909673053170799 0.272999653452311 0.141636265428276 0.403539640579148 0.172727710008557
0.130435486153226 0.25474996665049 0.163930974237379 0.209349494346723 0.241534078612182
0.463493557204738 0.274515387196557 0.115216485015273 0.114367766370281 0.0324068042131498
0.0672631505816909 0.138781760236474 0.253963011108488 0.226717865124288 0.313274212949059
0.198620396807527 0.239746054857656 0.16998304629603 0.0589422299521234 0.332708272086663
0.0844990673402491 0.335315291655146 0.118140149736061 0.323416623680658 0.138628867587886
0.249782699302946 0.146334746443766 0.159507020804331 0.305118203522104 0.139257329926854
0.0439565563830795 0.293317010608519 0.133860170868431 0.290276408481813 0.238589853658157
0.241372091759771 0.243726117593021 0.317540136078862 0.0027842512263875 0.194577403341959
0.0818589372676502 0.138616995953745 0.291364889664453 0.219182728355613 0.268976448758538
0.394425120011535 0.238522235534089 0.0247998384124497 0.11795802455249 0.224294781489437
0.0651143751530135 0.195042148714477 0.196040694530182 0.339987997931265 0.203814783671062
0.0666603865774535 0.394188472347333 0.0392787721512743 0.38029362277399 0.11957874614995
0.23889642520472 0.195894761943704 0.275347206056962 0.188643409529473 0.101218197265141
0.304440051377969 0.228594888385773 0.273176029291477 0.158604456125578 0.0351845748192026
0.258172320052663 0.136525151008295 0.189020382815434 0.211960491052641 0.204321655070968
0.336972393578363 0.042020707116745 0.13978302320196 0.236630416908424 0.244593459194507
0.0404581088311948 0.0111156169048746 0.144109698616821 0.447236356914996 0.357080218732113
0.0927927005659079 0.388099345082758 0.244155377820194 0.151842433325519 0.123110143205621
0.164352978264637 0.34286241107021 0.0528078314759569 0.207728385911946 0.23224839327725
0.27116598323084 0.257215470327431 0.139238384396528 0.0922488372824082 0.240131324762793
0.126628980424882 0.301681979158626 0.126292688463699 0.149445568420865 0.295950783531927
0.258573565342255 0.0829881522577366 0.259328170241979 0.102275519564801 0.296834592593229
0.514490356658552 0.0309302781306942 0.109587608773273 0.0772395135950048 0.267752242842477
0.0858624700622524 0.369233448936896 0.333114045161334 0.0909600224728631 0.120830013366655
0.0573710858109696 0.0199532338194611 0.388838506877287 0.297740724396193 0.236096449096089
0.267662359212592 0.154980407788015 0.141616140812188 0.250039320936632 0.185701771250573
0.209222922478089 0.19015698424046 0.265417233398854 0.102767839308527 0.232435020574069
0.293561340380487 0.0340315055466376 0.223226066583856 0.32826097755671 0.120920109932309
0.122449946217756 0.285161670915671 0.0855034472892326 0.0932922321060656 0.413592703471275
0.360101425865121 0.18177075593352 0.119075579958413 0.0417555532928558 0.29729668495009
0.431201074463228 0.0322645784902078 0.245208811849387 0.177437583045816 0.113887952151361
0.126639131078079 0.310466662672261 0.313435367570721 0.144593721140697 0.104865117538241
0.219010259537666 0.133496352442872 0.212250838524193 0.162029111967131 0.273213437528138
0.0682603181742818 0.264880065238265 0.234439660640072 0.12265372164906 0.30976623429832
0.153712239409304 0.228572431968848 0.348129787706476 0.182431786116244 0.0871537547991272
0.225807721555851 0.00623591060292013 0.360845030601079 0.169201954565513 0.237909382674637
0.415368867446483 0.0390417253352302 0.348123017544937 0.0484185196933221 0.149047869980028
0.167181682209379 0.396080939955661 0.10683891745214 0.162427183376744 0.167471277006075
0.012837558549374 0.289956023068245 0.225543850017831 0.436795708525536 0.0348668598390147
0.282115602037783 0.226405949869805 0.0225531029904461 0.403547511692174 0.065377833409791
0.213942158112662 0.185715990421524 0.194595051842499 0.305277882069853 0.100468917553462
0.0659215958769793 0.0299227323249318 0.270805276244556 0.174540923456587 0.458809472096945
0.00297062902202396 0.00732237393141085 0.150156988296843 0.178596201738867 0.660953807010855
0.433404894437723 0.288974686244555 0.241828076716244 0.0262329842064033 0.00955935839507505
0.279826816515481 0.147380418328603 0.25979183696068 0.239704856517621 0.0732960716776141
0.225254837047686 0.0909407918989731 0.280326266818495 0.154168534151186 0.24930957008366
0.361153513029063 0.0149824881057919 0.0576177105738682 0.468886825159003 0.0973594631322744
0.146543042527397 0.0323876994601252 0.431821541781861 0.210711035001219 0.178536681229398
0.159770515512762 0.188413156827403 0.222361351841179 0.177662137947342 0.251792837871314
0.0881234456714812 0.31129193279436 0.35342275678108 0.102199173097555 0.144962691655524
0.436692360871354 0.0346711697235734 0.18575513361623 0.0603300761267948 0.282551259662047
0.159518313386298 0.234034757580741 0.367232124726831 0.236163678216017 0.00305112609011338
0.286331006119146 0.219831844481833 0.191172110436366 0.139091216767441 0.163573822195213
0.352474254810576 0.0842058208019343 0.181469337122813 0.224298098547202 0.157552488717475
0.452995872813733 0.197565558769631 0.272872869836289 0.0526265022454524 0.0239391963348948
0.340522076475574 0.0159130083730318 0.27091426066297 0.0939052196793299 0.278745434809094
0.300477367630935 0.145441063806487 0.333003824413291 0.157520877209169 0.0635568669401181
0.379977602728124 0.0732585591490227 0.0216088867997478 0.312111459786224 0.213043491536882
0.168967394993713 0.26467432499789 0.277227303411822 0.142442180693415 0.14668879590316
0.270623845092206 0.190693020853636 0.208799281727812 0.0951969230912961 0.23468692923505
0.252146603546623 0.244586816778697 0.121497899501172 0.228451158180811 0.153317521992697
0.147955337352172 0.268399981227868 0.406794146925956 0.123906345671507 0.0529441888224967
0.345153696642389 0.0111664260647743 0.290121297632507 0.264238741141995 0.0893198385183343
0.48052938800523 0.0720121032245366 0.141751513248862 0.0344876149228857 0.271219380598486
0.135476779003758 0.283782892111645 0.292132160286021 0.054478846467156 0.234129322131421
0.0716910314826038 0.20386876936884 0.237313194800095 0.290002405790937 0.197124598557524
0.126405248489607 0.0923213477031175 0.197249689606644 0.33023957303526 0.253784141165372
0.172829809257044 0.261820731673653 0.0084691131692194 0.280261854980244 0.27661849091984
0.148528306649912 0.138697315328473 0.272264584972856 0.380591885242669 0.0599179078060908
0.344837982549387 0.180170403334246 0.180742796391843 0.101123530046717 0.193125287677808
0.135918105580902 0.254997843317903 0.198401354045209 0.222674847945888 0.188007849110098
0.125857068840773 0.149513793699499 0.117980598049719 0.428376762360292 0.178271777049717
0.32656835771877 0.0490054466491995 0.064895657432399 0.156050432932369 0.403480105267263
0.201806838556016 0.249378697560204 0.059567332674886 0.419111443801618 0.0701356874072755
0.202705542675506 0.168897542858241 0.118301506067984 0.274500848823797 0.235594559574472
0.232655199855085 0.234455584421854 0.25222143338119 0.0467252321829451 0.233942550158925
0.0151123169379485 0.180619934071946 0.313738678175334 0.482623824548609 0.00790524626616309
0.223742622096419 0.0765247928047427 0.287383874623192 0.2121415512266 0.200207159249046
0.0869655084879663 0.0801989411565716 0.0716384056894715 0.223185719062082 0.538011425603909
0.272340037236668 0.218058792491857 0.0733073248643486 0.123595172909551 0.312698672497576
0.132411436684716 0.226644156320547 0.254156702143752 0.244665394253714 0.14212231059727
0.204364149852669 0.334588438521998 0.0271391739732924 0.358487850772998 0.0754203868790429
0.316774360718678 0.0902018550125043 0.315140017657073 0.0526897943659306 0.225193972245814
0.38947147548362 0.0565948163695846 0.253452287584544 0.0275672802759327 0.272914140286318
0.182106670044976 0.0365259812498689 0.334289494770914 0.246960402398204 0.200117451536036
0.244219753027063 0.102726587606817 0.121032304549305 0.428983504080825 0.10303785073599
0.00974984156384591 0.0929791799645024 0.0375231437274433 0.642515582825555 0.217232251918654
0.000782085539088966 0.331262391764273 0.192131115529765 0.309643921743036 0.166180485423837
0.267721962403257 0.237994711353721 0.123724956921021 0.173267534429846 0.197290834892155
0.320773694222692 0.124758744724369 0.185278962032545 0.30947817408645 0.0597104249339433
0.288303960055007 0.335841799630999 0.146826975671178 0.15446323680632 0.0745640278364957
0.0632688465790937 0.265937926361705 0.0590074870261936 0.402489371257813 0.209296368775195
0.127083253254537 0.29320082645315 0.289307194925044 0.262864126263865 0.0275445991034049
0.0521309687689489 0.0498756612980922 0.355302518271705 0.315363307122747 0.227327544538507
0.227346714767915 0.158487800846086 0.241422910793096 0.315599511105852 0.0571430624870515
0.226973277774684 0.157842734445227 0.230859861410901 0.0929192782367151 0.291404848132473
0.2654661338517 0.00500388829197603 0.30276350410107 0.0532454252670973 0.373521048488157
0.309576948719689 0.22288310674456 0.0327949758102363 0.194117993492009 0.240626975233506
0.165690075503521 0.304360374102159 0.072691816954918 0.240313726365645 0.216944007073757
0.222839129404481 0.256599627477521 0.227494493492444 0.00568385348804333 0.287382896137512
0.235542535218144 0.320684064766674 0.0238499424324435 0.376183581744047 0.0437398758386919
0.133990306189576 0.221436287548926 0.0800170928429197 0.203989678379552 0.360566635039026
0.0230881556635515 0.0129726932452812 0.487718821894044 0.395969860239223 0.0802504689578995
0.280496990138326 0.270528898273605 0.26162543899755 0.0199859494502871 0.167362723140232
0.311543492214285 0.05802856960428 0.188654545752505 0.252813154838349 0.18896023759058
0.217142255202803 0.240114308203189 0.205164323865663 0.0754931686773929 0.262085944050953
0.235371749610418 0.039608490623827 0.242005969503864 0.356437637187122 0.126576153074769
0.323310867582865 0.186280307840865 0.288340794512475 0.113542132679665 0.0885258973841298
0.167617405293158 0.215503227138654 0.124755000202365 0.259209038132615 0.232915329233208
0.158580254097891 0.11247480885673 0.167253960071615 0.304946275874834 0.256744701098929
0.170588103225383 0.218793464246632 0.239882084060797 0.132246250781435 0.238490097685753
0.342712427562225 0.2427420138455 0.0351082545655765 0.0436516841704494 0.335785619856249
0.202597513352968 0.0204616059436773 0.122927249217258 0.325640291417869 0.328373340068227
0.0456496095021986 0.089248014331425 0.568681035310026 0.0691158599856477 0.227305480870702
0.177578976741301 0.274711459540212 0.262548701539892 0.215660108580258 0.0695007535983379
0.215309101832635 0.223931019422665 0.310913380088259 0.190340700456578 0.059505798199864
0.330357863501036 0.174585235096458 0.0163981079462459 0.140309796263965 0.338348997192296
0.172221123751827 0.245314358363297 0.0946131865351832 0.237626122755122 0.250225208594571
0.225767365899547 0.0721514788090426 0.147085150800646 0.333070115296285 0.22192588919448
0.415112328402688 0.145344222126203 0.0654663760630543 0.176188923860591 0.197888149547463
0.23504520312553 0.188218156031695 0.0311440211173526 0.273525291678214 0.27206732804721
0.177028617788992 0.177213270032652 0.165614258982677 0.242564995145291 0.237578858050387
0.18180497078926 0.3626404203416 0.159428286524338 0.213724928714872 0.0824013936299292
0.382109575241585 0.0606907024748059 0.07246651709018 0.265557812829364 0.219175392364065
0.193852605022827 0.0251231424229969 0.216837068879059 0.299933195857164 0.264253987817953
0.233693370500214 0.121028444506464 0.041777621484342 0.308773490957406 0.294727072551574
0.318439860629758 0.291905087680705 0.231528357161876 0.129824420620204 0.0283022739074574
0.147342858419081 0.268232869217441 0.226101737214013 0.280831965456632 0.0774905696928329
0.354803456098531 0.0584462847255908 0.342125552300004 0.0225135206834961 0.222111186192378
0.283652030743077 0.246196366251648 0.00861623455076265 0.129817477071237 0.331717891383275
0.214124118964831 0.171512102420499 0.13519994422247 0.184319450331086 0.294844384061114
0.204129676695946 0.144908296431496 0.286382972364694 0.04939054431567 0.315188510192194
0.302267153481349 0.0834035817915846 0.298199744112532 0.201241152269207 0.114888368345328
0.176330945010485 0.242992825936116 0.252444085503607 0.256097882774235 0.0721342607755567
0.202887709286287 0.206270680457398 0.187832069048546 0.290085254895613 0.112924286312156
0.342205752609679 0.174909385056067 0.157337166365627 0.120280662768147 0.205267033200479
0.188497114053097 0.174614196551273 0.224019342215092 0.142580255205799 0.270289091974739
0.250339036599098 0.276114767176825 0.241912528569965 0.131546281347208 0.100087386306904
0.126987488780966 0.141354070317253 0.28573707902362 0.273416305511377 0.172505056366785
0.283081800246374 0.0707844376467375 0.0432486258205799 0.348017307576945 0.254867828709363
0.105885862554388 0.220900197508459 0.371735988443243 0.26707165979827 0.0344062916956388
0.267694034939539 0.156860388860673 0.0917364182244202 0.301272698321155 0.182436459654212
0.111944122673546 0.169654799858579 0.329988374487507 0.26318352707216 0.125229175908208
0.13403803550856 0.18759415797547 0.166871054863727 0.432556384301348 0.0789403673508959
0.368894899586492 0.394783762886029 0.0624636183913123 0.084888946532846 0.0889687726033213
0.330994968846627 0.267410427884243 0.288352223028422 0.0582460540665586 0.0549963261741494
0.38453394052916 0.181675365770343 0.166897116907927 0.219179282177019 0.0477142946155513
0.169640426471975 0.24000531153078 0.232937814620323 0.195230352837207 0.162186094539715
0.0593954429229681 0.264125441914547 0.330896583370081 0.0598339679489667 0.285748563843438
0.439008329293926 0.0658432784177978 0.0384617870833779 0.0609916490058865 0.395694956199011
0.256861117342885 0.274240299961525 0.0227032985009834 0.181203618866094 0.264991665328512
0.372972962761401 0.0211031044794218 0.166211798956935 0.335464560821501 0.104247572980741
0.292436810207381 0.25860541085041 0.186746823504775 0.0132083831691638 0.24900257226827
0.162610583219934 0.0330613302337508 0.347186499884018 0.427595214901354 0.0295463717609433
0.0457926198795367 0.063553573864291 0.104628585711952 0.469681517991808 0.316343702552412
0.0123572968308143 0.1619649323981 0.377483081317463 0.289869393793128 0.158325295660495
0.311112715591724 0.0730283541239951 0.0583752724410038 0.297687824113684 0.259795833729593
0.0536632076536495 0.309092142974853 0.528140945882167 0.00714526408210378 0.101958439407227
0.235364061196211 0.30330762719444 0.188518022466181 0.00490308349001735 0.267907205653151
0.197469771211095 0.220983193132463 0.334736772525031 0.0427876008667285 0.204022662264682
0.360260918395931 0.302063612262388 0.000151489238565892 0.144498246168516 0.193025733934599
0.0183776895557554 0.00268517104692603 0.408757021859568 0.427553232908486 0.142626884629264
5.30652056119303e-05 0.46428382743919 0.24228838513472 0.19156178483856 0.101812937381917
0.259192892938858 0.210643504875136 0.238304700956975 0.267472759244353 0.0243861419846783
0.266203618489966 0.178814652812911 0.018507640998573 0.362338174643018 0.174135913055531
0.242879192455286 0.195105740155461 0.264339974279006 0.207495966071193 0.090179127039054
0.332976527534042 0.220289527704394 0.0487508093983166 0.113946179286023 0.284036956077224
0.391912442544811 0.114926706048256 0.117254282515332 0.0875557509961854 0.288350817895415
0.230163900688472 0.0779913048666838 0.267846502796825 0.37719840095275 0.0467998906952694
0.306667182198935 0.249767531347637 0.119431972528244 0.189908240267645 0.134225073657539
0.0389299796892565 0.25336260455942 0.163222909672867 0.21102712157374 0.333457384504716
0.00536806022376235 0.123607837269779 0.436108188914246 0.0459637777681984 0.388952135824013
0.0115391474120005 0.303207037069374 0.148067257319703 0.22654774268805 0.310638815510872
0.10461419340787 0.158542208300058 0.225120817595255 0.437056657140575 0.0746661235562421
0.122960413755224 0.299112171490842 0.287297080627934 0.283205569877818 0.00742476424818176
0.192572103043868 0.430089274185068 0.34498650862047 0.0321932187520333 0.000158895398561239
0.179936880939392 0.153686156438015 0.337412548923647 0.100011731296461 0.228952682402485
0.384163558460957 0.167068427086109 0.12396316298397 0.142525326825039 0.182279524643925
0.278570499978716 0.113113774247973 0.133318443325466 0.262326845250242 0.212670437197602
0.0170385962183759 0.238491382388173 0.635366232618003 0.0715032871732092 0.0376005016022391
0.14860032926046 0.305556558528126 0.0630704853460973 0.154347329357077 0.328425297508239
0.204270355689816 0.0197912765456475 0.255014380532317 0.422641241202043 0.0982827460301762
0.24244255877211 0.0130381205047667 0.352311018476095 0.159069759998245 0.233138542248782
0.091503714537733 0.541697976931716 0.0191976692129117 0.117054102893902 0.230546536423738
0.22534149397546 0.192844966598732 0.180879092871698 0.260054054604082 0.140880391950029
0.257029009770172 0.238530593991155 0.225698751168689 0.202206470149519 0.0765351749204659
0.0597671358780677 0.288404706670089 0.23716304923637 0.0759371231813735 0.3387279850341
0.212957642385617 0.257654001065966 0.204488304864259 0.173760333823376 0.151139717860782
0.035821710732212 0.228602245847154 0.282863348548329 0.201493316077027 0.251219378795278
0.282270315640455 0.127412172463381 0.265928007907223 0.0360485552059951 0.288340948782946
0.140374940183018 0.170735524732028 0.0821392462699534 0.17667066856485 0.430079620250151
0.298707947465102 0.219704044270071 0.0775471046872914 0.296642723596371 0.107398179981164
0.192849020091631 0.0452942376736928 0.241850618011346 0.28029726874787 0.23970885547546
0.355666678386489 0.409675599194526 0.13813211946068 0.0765457854401075 0.0199798175181974
0.219213014798252 0.270499080904929 0.156853572422882 0.240855893606715 0.112578438267222
0.319383674643789 0.0465792975643097 0.209846525246747 0.0107667810840846 0.413423721461069
0.228728862367355 0.138580683094201 0.228982054050586 0.167251964047054 0.236456436440803
0.191865142979934 0.252241200498963 0.113530219585747 0.16168492683623 0.280678510099126
0.375657195340908 0.027222750916613 0.119615545571114 0.372104793891092 0.105399714280273
0.418803641516644 0.0469257455457325 0.117076701022685 0.0922647721950649 0.324929139719873
0.164186803846097 0.00967053030856821 0.368485926234907 0.157250485520979 0.300406254089449
0.00992478473126485 0.00366892394321731 0.131536445279871 0.453813271958509 0.401056574087138
0.0677402377062434 0.140305147121498 0.404056212828918 0.276454201479247 0.111444200864093
0.0357241340343413 0.189742363128554 0.321865246618402 0.16235506853841 0.290313187680292
0.0657174601595329 0.191369011448672 0.431198630906442 0.249486701954795 0.062228195530559
0.128020485742815 0.219461964584595 0.23358494156064 0.0576536308207969 0.361278977291153
0.255707526667008 0.0853975242873199 0.40894711910075 0.233360241535117 0.0165875884098051
0.0530301429004367 0.270776144815717 0.246646698202094 0.311195917519052 0.1183510965627
0.46125385109042 0.234189378931018 0.0837063997043122 0.0143157654556211 0.206534604818628
0.0701004805846561 0.0343650104642355 0.149689368707124 0.328702792260975 0.41714234798301
0.134764098009313 0.299009611901132 0.0249707226450393 0.334012772377217 0.207242795067299
0.0586002253754012 0.29321132705167 0.369107037819237 0.0558899892061544 0.223191420547538
0.29125609082672 0.206390405772355 0.203669205045292 0.220778463366692 0.0779058349889401
0.137850166233924 0.181826359638799 0.33614732655916 0.0102128215595192 0.333963326008597
0.123292112272701 0.204499130427619 0.244374641793613 0.199303005982795 0.228531109523272
0.334652423622175 0.132923932417374 0.0157310820247042 0.423947864572901 0.0927446973628458
0.226664602039063 0.255037228779391 0.207940697160326 0.111499616769717 0.198857855251503
0.0774843892787299 0.13666908323036 0.228201203676387 0.240304557177511 0.317340766637012
0.267374977085713 0.0575711160318813 0.18598954351337 0.107042810455282 0.382021552913753
0.447385803950388 0.30988937318093 0.132740155266889 0.068898127106014 0.0410865404957785
0.200499730543143 0.277980598592451 0.0915517774037411 0.113018700808039 0.316949192652626
0.273077735443893 0.0794647202652865 0.0510923002977328 0.269978027390586 0.326387216602502
0.30295339762871 0.165057779937942 0.124581182836019 0.193876802490868 0.213530837106461
0.234997175469297 0.324752812620962 0.0739021056867052 0.250466973155185 0.115880933067851
0.266082095862909 0.0681673333368789 0.30618167179034 0.171790004290163 0.18777889471971
0.372673467716188 0.151027120619203 0.139952693387788 0.308889818362085 0.0274568999147363
0.037755421491529 0.356006221774115 0.139556165651278 0.449028894916115 0.0176532961669632
0.247570300603054 0.195172550165974 0.18677959416474 0.0274861352295993 0.342991419836631
0.0849327118829204 0.287958236012839 0.111172837739952 0.307819552447011 0.208116661917277
0.103914737815943 0.376031423208608 0.165530017338868 0.169683641771366 0.184840179865214
0.045512389187193 0.27766809922566 0.246072998183966 0.193420328750182 0.237326184652999
0.321442529442525 0.348507513763372 0.113947421052995 0.158640443083662 0.0574620926574456
0.20692447395635 0.255327380644605 0.048206359942626 0.215552050002699 0.27398973545372
0.200572198992105 0.224956039340203 0.285947490493432 0.101388164461041 0.187136106713218
0.353133496668453 0.176631893426667 0.0174364220746634 0.442895003905083 0.00990318392513366
0.267633995661498 0.329027467372522 0.219405615210108 0.0969194461659641 0.0870134755899069
0.230797998725643 0.384710687547555 0.222516449006236 0.11551428908883 0.0464605756317363
0.273635893397695 0.116634032189738 0.17596055534956 0.279677755838784 0.154091763224224
0.000750348527142139 0.275858053940248 0.23404257031997 0.295807917832728 0.193541109379911
0.194224661755704 0.169457189874317 0.0429237575385743 0.321001386819478 0.272393004011927
0.144722474109555 0.094905413634575 0.125245856499366 0.258692907541583 0.376433348214922
0.352718331725208 0.100572292090739 0.0787043713997285 0.42354067708202 0.0444643277023044
0.216989009311053 0.288226560160974 0.156588546679668 0.265975401205491 0.072220482642815
0.227526699213794 0.255925419174246 0.161462774492218 0.269090652756841 0.0859944543629005
0.369582603742181 0.189076415134801 0.336816732360185 0.0509670218115288 0.0535572269513044
0.0629787248833017 0.00510966294996344 0.327865348127174 0.585553376513447 0.0184928875261148
0.346948491442059 0.180331119362177 0.0176505535506308 0.101580349113572 0.353489486531562
0.285971900936862 0.120046681221358 0.0501142179691046 0.496131019415816 0.0477361804568585
0.228074696548626 0.187462810385804 0.148478540191482 0.193767132775008 0.24221682009908
0.126661936576333 0.243790321207635 0.299583960853183 0.24087114169365 0.0890926396691994
0.390501161187174 0.206445015703476 0.0675129096786917 0.0710900636394826 0.264450849791176
0.332252769555762 0.311031933062151 0.298786823269663 0.00628989960680721 0.0516385745056157
0.142795438639426 0.424896602778929 0.302174836054306 0.109276384528925 0.0208567379984146
0.264250050672027 0.109979879421359 0.0939172732975269 0.245285053776586 0.286567742832501
0.129656454862287 0.241574453013095 0.0314430237654277 0.3233297649364 0.273996303422789
0.0163407432970936 0.307268816275892 0.427574861381169 0.172326710156149 0.0764888688896959
0.094447588002675 0.239645304497168 0.179016731348443 0.0632451497899929 0.423645226361721
0.238564261788065 0.257119669470374 0.156977708578056 0.258717080708555 0.088621279454949
0.260659011342983 0.0628349926546955 0.293004871496247 0.0929526119006285 0.290548512605446
0.133812770097117 0.361741474110136 0.29521369361449 0.0563375196472807 0.152894542530977
0.200902447518995 0.440783837595943 0.135903105906621 0.19631498207471 0.026095626903731
0.329251271752978 0.0770057659884735 0.311293055749811 0.160120730974407 0.122329175534329
0.147359277340287 0.39407675278649 0.225857214216796 0.0248225082070366 0.20788424744939
0.147461592358264 0.124079540898846 0.3030792537582 0.290593221908801 0.134786391075888
0.140455215247874 0.271059471194639 0.348546956751131 0.234974354923802 0.00496400188255477
0.337576239096243 0.243006224051948 0.261829326468867 0.111174282630831 0.0464139277521106
0.0406552603475981 0.212469677264266 0.24494335279792 0.211782424353211 0.290149285237004
0.0919153470650283 0.270956414213568 0.385479146868553 0.133154370095439 0.118494721757412
0.249549076541988 0.168368286125343 0.196124782422966 0.161655221275701 0.224302633634001
0.178993025628262 0.0817157007130535 0.140531319934539 0.244749583241385 0.354010370482761
0.182586381059017 0.278980629773995 0.116629785611953 0.196488720041587 0.225314483513447
0.118128535887305 0.21586728344498 0.350276733515749 0.126739044904235 0.188988402247732
0.0571648210578016 0.0408739597930432 0.341230728817447 0.337689663935929 0.223040826395779
0.26048748323785 0.212388904329911 0.206671553503759 0.162723416352395 0.157728642576085
0.313934815647613 0.125915632080941 0.204182893219394 0.192367762487547 0.163598896564505
0.319318865310788 0.219405045077619 0.107834215606721 0.328561410297048 0.0248804637078237
0.209957646180106 0.266381270799288 0.070661831494063 0.269280296197725 0.183718955328817
0.220044950511028 0.224926544258342 0.24309747293917 0.233567556224582 0.0783634760668779
0.0543912938745997 0.084137698870026 0.0649341378802379 0.695439906736093 0.101096962639044
0.0653018359355588 0.197480941990191 0.396225144516311 0.225406694256939 0.115585383301001
0.018390729757594 0.108820518685054 0.360128472173737 0.289591862747254 0.223068416636361
0.0675406866649981 0.156530055505194 0.421697849701827 0.128850125261704 0.225381282866277
0.109989503698212 0.422724381077909 0.0878092929573577 0.0851734686845871 0.294303353581934
0.0922162593813286 0.21837895165711 0.35405442477777 0.121437185234698 0.213913178949093
0.269909272229583 0.238097791794171 0.0109082016916491 0.26062063997736 0.220464094307237
0.00801616209947728 0.223731802242592 0.501661761582423 0.0859285379460201 0.180661736129487
0.0225483467636385 0.136020538159214 0.282519339662438 0.178976225961962 0.379935549452747
0.126594031471027 0.112104312448096 0.237842896980326 0.158528902634099 0.364929856466452
0.315393278869532 0.334963963869075 0.111034181519293 0.201598151653517 0.0370104240885843
0.191869897120245 0.0932115262701661 0.10913367915228 0.301159694425297 0.304625203032011
0.0388999299332847 0.215575184702699 0.342774279840681 0.260652314910176 0.14209829061316
0.227479262284279 0.132824050081514 0.228522129286168 0.198947811633157 0.212226746714882
0.0536805964359821 0.351912959310958 0.0950134978792137 0.290304473657829 0.209088472716017
0.335626112084307 0.0967188714757108 0.259663461468705 0.0967517520671144 0.211239802904163
0.00983985708989525 0.332495004679957 0.299291821773338 0.257823268730906 0.100550047725903
0.272959984399314 0.162018689059752 0.229824144650449 0.28913904969831 0.0460581321921752
0.0338482565236304 0.378608033658342 0.475386040968065 0.0634711981131771 0.0486864707367852
0.344419570140694 0.230846298793508 0.409104138932153 0.00136706881813455 0.0142629233155106
0.140685986853982 0.356223667594597 0.156308554225124 0.268610707552727 0.0781710837735702
0.110721370428914 0.0956457094839996 0.139731121604426 0.411166013772 0.24273578471066
0.12102642858978 0.170746882350921 0.339410435232654 0.199873965120285 0.16894228870636
0.228886758476081 0.22986376677248 0.205932894257662 0.312325802894974 0.0229907775988032
0.295688309226463 0.207607864724999 0.11921447168642 0.185760635254348 0.191728719107769
0.435196465999316 0.296915201417608 0.0294230456796797 0.173337286482852 0.0651280004205448
0.207894013390502 0.32395902990345 0.211674744643357 0.167487250021607 0.0889849620410835
0.212195586262608 0.101923782150126 0.139532892841817 0.317356867166162 0.228990871579286
0.215865444797503 0.108658029022438 0.274480164185602 0.235931141407518 0.165065220586939
0.17613146766914 0.0453893333459067 0.252887050570509 0.291502938084784 0.23408921032966
0.0221695292258922 0.27921088999835 0.0687275773470284 0.342174909716322 0.287717093712408
0.153601314106709 0.120633229989062 0.341965444231934 0.0965786103603292 0.287221401311965
0.179867457573715 0.023393652438954 0.38037921358405 0.163009995138567 0.253349681264714
0.150864051371074 0.0895229922484593 0.120969771046682 0.23064191445879 0.408001270874995
0.0632821219316701 0.463098302353886 0.0596105028160384 0.0803017592035739 0.333707313694832
0.208725740965438 0.135221882003893 0.25558709752403 0.219482684674887 0.180982594831751
0.0128934950936269 0.382607920447998 0.0312042006499102 0.189442894983101 0.383851488825363
0.173214790303451 0.281103034677367 0.292223834119097 0.235654535919878 0.0178038049802078
0.356726042236132 0.513621616856884 0.0096492818539469 0.0426898690650275 0.0773131899880094
0.231192751660623 0.129731936339287 0.216333312222409 0.189699425950098 0.233042573827583
0.478633819822323 0.144881534407053 0.092773041965201 0.231866805389616 0.0518447984158076
0.0739735334466465 0.310459606654283 0.316371042429367 0.0404956730763744 0.258700144393328
0.139208633479356 0.339054150198647 0.225606384307163 0.0335883959656843 0.262542436049149
0.230102156710317 0.0511084213956609 0.5579301158264 0.0817295636525779 0.0791297424150439
0.0681865310292215 0.377786679401927 0.427956193547564 0.0147510467336294 0.111319549287659
0.181837158430876 0.109759983678944 0.200683921006197 0.231072851115657 0.276646085768326
0.329223809939341 0.278057378380318 0.168753631690637 0.0530753463518472 0.170889833637857
0.109656798922082 0.112339239836343 0.152894626594965 0.318309081506259 0.30680025314035
0.195824633887613 0.269631856205482 0.279762834689596 0.070303999777761 0.184476675439547
0.138031200454222 0.30129980262565 0.166507394683324 0.212913128622592 0.181248473614212
0.0117779286123121 0.240951318210805 0.272472613526639 0.216634419850675 0.258163719799569
0.0355142814839609 0.398194619342714 0.349236930384023 0.147133075885357 0.0699210929039455
0.356254687850151 0.0476320599304673 0.31881659530307 0.180823897901234 0.0964727590150782
0.252115352377768 0.172530493337098 0.331624628679299 0.125592806179235 0.1181367194266
0.214347147813798 0.337389829615608 0.317377496369993 0.0965941773843626 0.0342913488162382
0.285581494394343 0.154034492728635 0.187899898128755 0.116768878885977 0.25571523586229
0.118337947289494 0.33695210143912 0.208785203011242 0.226052412758329 0.109872335501815
0.267896457589687 0.194615734965772 0.23767179999302 0.145094975959415 0.154721031492105
0.236202005815908 0.10213558173563 0.381218247620055 0.0795362614304534 0.200907903397954
0.214908263008477 0.171020131056918 0.254276672193806 0.110709487343946 0.249085446396853
0.218781656360434 0.0153293256468097 0.231328814474581 0.256280908808372 0.278279294709804
0.328583635368187 0.0705343276816699 0.0624348748634055 0.222737351123656 0.315709810963081
0.111926852229108 0.218397294404245 0.359508355974535 0.104357864630669 0.205809632761442
0.288562312821784 0.278900382106382 0.120856222831607 0.233331715459598 0.0783493667806287
0.224059626237325 0.286836352220227 0.0300249037256164 0.0559827146194453 0.403096403197387
0.188621657489466 0.142468479071124 0.261308404832337 0.136279821384133 0.271321637222941
0.15405464655934 0.283381640785505 0.336813200238547 0.107081953666077 0.118668558750531
0.279593627580318 0.0194482479824338 0.348037103703614 0.107086040160641 0.245834980572992
0.107959614532852 0.035991406140533 0.383391887149728 0.386184151662775 0.0864729405141124
0.323920195924978 0.0493920277672896 0.147785922210618 0.143176666293532 0.335725187803582
0.165057934824488 0.250855236534509 0.23514100611794 0.195874775084425 0.153071047438638
0.0793902297226994 0.154617214442421 0.131806831703102 0.541361176041503 0.0928245480902749
0.28373190336231 0.165796231652338 0.103926967810726 0.290225885982192 0.156319011192435
0.459660779343211 0.0878608367386292 0.0471112009277289 0.222786200986923 0.182580982003508
0.237640532073207 0.0439329831578497 0.361663850057234 0.0239035282851684 0.332859106426541
0.268235116736361 0.330246606946316 0.141251949367211 0.00576549863466576 0.254500828315446
0.256630895358666 0.0646395077780782 0.262856116334946 0.353389176311871 0.0624843042164389
0.356289456199532 0.178441132793036 0.0828756582071621 0.288407538555529 0.0939862142447407
0.272767396732643 0.249737641053708 0.0105002035507312 0.0687496949925765 0.398245063670342
0.2188722620434 0.0980406571995817 0.224103738141613 0.211101040957735 0.24788230165767
0.237441388104312 0.362459569178339 0.0687433508605319 0.198934091998903 0.132421599857915
0.063086785767881 0.182251073778462 0.309616608370071 0.180144059384301 0.264901472699285
0.349068467692418 0.0287623380414233 0.182862173390783 0.341543567240109 0.0977634536352667
0.0236584427902018 0.294360188815169 0.105219220665659 0.157144687362336 0.419617460366634
0.191095034288806 0.0172477497195605 0.196350304345778 0.285008645074731 0.310298266571125
0.118494957368616 0.23504634899733 0.232613625453333 0.230954821348975 0.182890246831747
0.249016859146612 0.0179247903267683 0.292950973767416 0.295735161374867 0.144372215384337
0.349895237138127 0.040091081250303 0.119079943981711 0.0722206730192435 0.418713064610615
0.250912752740385 0.0940106671442971 0.240639566454777 0.40949639247882 0.00494062118172126
0.270013331670106 0.20492340608911 0.106612100372546 0.148555559996833 0.269895601871406
0.121991401870999 0.0388983359594185 0.297854767132436 0.218879647681858 0.322375847355287
0.137549262814521 0.239828874522547 0.127396475321004 0.190590354494405 0.304635032847523
0.114137274432876 0.174806538215734 0.245610136186165 0.149918854969744 0.31552719619548
0.228571237178393 0.175378818142503 0.106898473842271 0.106087241445085 0.383064229391748
0.239208557975515 0.352631045656024 0.084225163221556 0.0199503822003464 0.303984850946559
0.178428261392852 0.0738694508237103 0.163416578142474 0.257744577395048 0.326541132245916
0.247986525849097 0.275308026186153 0.264530647645037 0.072999320572165 0.139175479747549
0.0360178382916928 0.251876246546508 0.180143828142664 0.297451573171787 0.234510513847348
0.242988367809563 0.0853341690455071 0.0883036598095633 0.20432557500883 0.379048228326537
0.197282467304487 0.268717807856965 0.0647666371630292 0.28242478758555 0.186808300089968
0.110033531697661 0.21811173814557 0.171279497754516 0.238382822716096 0.262192409686157
0.21260547809561 0.223263411241857 0.0941518613713471 0.155216979760388 0.314762269530798
0.195721576548541 0.308492109243019 0.110405371922048 0.0499562704231111 0.335424671863281
0.213651162129234 0.151450261288867 0.505388727402581 0.0231927889886031 0.106317060190714
0.256514850674194 0.086730336878808 0.290712595654463 0.0236225713060295 0.342419645486506
0.106144338699627 0.271013393273836 0.194891284091768 0.17746046114167 0.2504905227931
0.27754500989966 0.338905377091815 0.155172022270179 0.139732070505746 0.0886455202326001
0.261895684607965 0.0188974758407313 0.203655272005557 0.209340604533436 0.306210963012312
0.234271974823992 0.173924315666622 0.080102736121329 0.364523534443099 0.147177438944958
0.170220445944513 0.26887131569641 0.0745426037692308 0.312798468244751 0.173567166345095
0.0105861719772205 0.0717948465334783 0.441019016943111 0.434587906700891 0.0420120578452993
0.0521428768468101 0.0891761540098723 0.404492416193867 0.399242984441314 0.0549455685081367
0.111025948305226 0.202568597046326 0.288893377053259 0.0134432725601863 0.384068805035003
0.145826123335496 0.305160239792097 0.208989197835399 0.307982517769376 0.0320419212676325
0.247424973485574 0.0903648069054648 0.133995507474967 0.279880333174631 0.248334378959363
0.253683506392194 0.282130655926567 0.00996407901440788 0.211340878680211 0.24288087998662
0.156209391064153 0.158811145917096 0.147534138573233 0.289459400210197 0.247985924235321
0.312115282248989 0.342488478245427 0.0838113710528824 0.160217891207982 0.10136697724472
0.105261239772445 0.19357616864996 0.0345556846973166 0.261809897777104 0.404797009103174
0.00109543801888111 0.0380583338165697 0.317606851987923 0.316832670174723 0.326406706001904
0.331127832018988 0.225877203748806 0.0768751475959056 0.318796757228766 0.0473230594075337
0.0757177886985136 0.137113748912803 0.216082242090257 0.339901685368209 0.231184534930218
0.412007491115865 0.285515696925201 0.137711945873852 0.106516824673344 0.0582480414117391
0.198098776755659 0.129788031625648 0.197104108645273 0.221096700987257 0.253912381986163
0.0498554842726717 0.250237785627658 0.267277452407098 0.231621900890525 0.201007376802047
0.219596861599693 0.224521682951323 0.215322179478057 0.251180930292376 0.0893783456785514
0.194207233625961 0.221093991702868 0.279945745907299 0.12187382910155 0.182879199662322
0.277799414636145 0.293999402922361 0.239827276953928 0.155301131049617 0.0330727744379478
0.0380564080936673 0.221331621752713 0.0387927081641554 0.122626935259911 0.579192326729553
0.224092020038899 0.0743817799067948 0.156666934411179 0.271412212723439 0.273447052919688
0.19638131113657 0.105946099003834 0.206397640693178 0.326860386008709 0.164414563157709
0.153495864081991 0.416556038854991 0.0705638769775866 0.339741037083703 0.0196431830017285
0.530242569763974 0.0365290657360212 0.160283605897166 0.116001703670419 0.156943054932419
0.186930797558163 0.240402543680465 0.00934620767468618 0.287292351861859 0.276028099224827
0.242713327259425 0.162975408015423 0.301347561441653 0.176565743932235 0.116397959351263
0.108413777780824 0.16268253903518 0.0244592950280004 0.21513656147258 0.489307826683416
0.100934347303574 0.0515934122471042 0.314602388761648 0.238052741523293 0.29481711016438
0.226608235824004 0.0963118233954782 0.272558462052792 0.274531563165769 0.129989915561956
0.0400958153604683 0.0836724351769031 0.678635009347095 0.0210481832942586 0.176548556821276
