0.228429844847657 0.120392773606018 0.171857121485526 0.191565561348033 0.0322272746257656 0.15201721162827 0.10351021245873
0.192001876230406 0.120369651704046 0.18030053378301 0.0331808244357454 0.0918116601586226 0.186426934786383 0.195908518901788
0.16723438045935 0.0917997128535656 0.243116107905336 0.0234428912348268 0.217441465709248 0.194378800706392 0.0625866411312821
0.0974797057346497 0.0468341070663082 0.0981505988373526 0.321074048798549 0.159955025717036 0.0867403369517203 0.189766176894384
0.059663020234457 0.153673440905342 0.0378768530388246 0.176341950674736 0.195905810150138 0.111508498878967 0.265030426117535
0.103322124599171 0.196292542709644 0.194264222003254 0.113661345693785 0.090405345374858 0.161619553294599 0.140434866324688
0.0572192090602958 0.250205601933491 0.0352750005984314 0.231103468284879 0.202313451244302 0.102383874076319 0.121499394802281
0.204459122982689 0.19990856458269 0.0667278815760065 0.214595287908272 0.162826568162305 0.0438526797719614 0.107629895016076
0.0622209729964195 0.0672141744708207 0.219775255156233 0.19488017476445 0.074438586822189 0.11153085519379 0.269939980596097
0.150495152102447 0.0475553898808152 0.267532957451741 0.0878251308378665 0.124739529039944 0.047938014807615 0.273913825879571
0.0323489148114589 0.00532725438941455 0.237444702000283 0.140279648488489 0.105100107850297 0.318288484857923 0.161210887602134
0.206383153659068 0.152717307990821 0.0848309679544276 0.207754626523329 0.163094060555708 0.181232191052035 0.00398769226461013
0.00967201620596482 0.226931939725021 0.0714013423197754 0.129837111584202 0.282823359610269 0.22729271514292 0.0520415154118466
0.182445658020067 0.0283377179401303 0.1294281897204 0.224260561975384 0.078175250702266 0.214250102044155 0.143102519597598
0.247404470673064 0.260276953550385 0.0314343406246741 0.172488174620881 0.0199989206747338 0.133008024527304 0.135389115328958
0.110369702693453 0.198424937772398 0.170579249424915 0.164866730617782 0.058675495181638 0.0663809625256497 0.230702921784165
0.057091735267089 0.181219340375342 0.174654852785556 0.175504015778174 0.207387178157917 0.090758700897774 0.113384176738148
0.19298134865729 0.132175401447428 0.0937509910509202 0.126232003300246 0.104763722366973 0.189557677670794 0.160538855506348
0.181591511384001 0.221604301268957 0.101265215367234 0.145204864654719 0.134360298125779 0.156046874948519 0.0599269342507906
0.00405206313157813 0.195416769568352 0.0624490843691023 0.265412417157377 0.053670360764879 0.228796672180018 0.190202632828693
0.178139731892281 0.259545426891921 0.0457809931166783 0.0919918870624757 0.214895480000219 0.194370772577623 0.0152757084588024
0.00594395089955413 0.179928089823862 0.170178507365974 0.0611487545922852 0.0105351093036264 0.218905892687754 0.353359695326945
0.17791208432178 0.249371669229782 0.101529347911318 0.23350128253754 0.0565417528884281 0.10190079732655 0.0792430657846013
0.286413549807222 0.175709562644494 0.0490109809786706 0.0176402257581374 0.0646655058889956 0.142000624757977 0.264559550164503
0.0731871183740608 0.154718434389882 0.1819619902886 0.202172694744712 0.100567665103828 0.138523865252249 0.148868231846668
0.264789958490688 0.100233661797773 0.0535910192152037 0.0898748753190585 0.0114254632051047 0.114110172788674 0.365974849183498
0.116946346386618 0.0973255352075499 0.0985731701067241 0.300115915276475 0.0386863712423811 0.200107516713994 0.148245145066258
0.298817335956802 0.0688758484377389 0.0855751106711424 0.0407907293691512 0.258812873610078 0.167394030752446 0.079734071202641
0.17592387261219 0.158017358835025 0.164252009958568 0.10576454482717 0.124504438906726 0.183794555627592 0.0877432192327296
0.0116401178074144 0.117775324300761 0.152469872876127 0.166271963248899 0.155617091187585 0.215436974987835 0.180788655591379
0.277765929538226 0.215847950359531 0.0111111724350888 0.107994383268229 0.271468486199484 0.0508699496601832 0.0649421285392575
0.064442816258559 0.159442490939144 0.145826550960088 0.313360687193357 0.0110205933194236 0.196546101172267 0.109360760157161
0.187477379254465 0.177647394904439 0.0417055576893246 0.208346695785904 0.153727507312386 0.0808195462546523 0.15027591879883
0.0735638656669633 0.113644916975875 0.187707372216178 0.246855112919554 0.0145149069732541 0.143563559834027 0.220150265414149
0.239279239666784 0.0993002874501517 0.0252833551773 0.250529853412716 0.180170031448496 0.179555692905488 0.025881539939064
0.00392317683710654 0.205098592796834 0.206886475446898 0.21744935641341 0.142848178406123 0.106197251549956 0.117596968549671
0.0912717658890743 0.132922540263041 0.159458562012062 0.249739664045308 0.220210523680547 0.0449070231078961 0.101489921002071
0.252323094800191 0.213915125630968 0.0460173614090203 0.156964902410704 0.195426431155562 0.076800128226232 0.0585529563673233
0.281849716101523 0.214228284891261 0.0659451445873041 0.215388316330709 0.0652363808576364 0.0381028400068521 0.119249317224715
0.12123646469316 0.243814789899028 0.0975979936444997 0.108653307635444 0.0100066995854631 0.190175399851683 0.228515344690722
0.356953585225755 0.365956791476163 0.0715755336958643 0.00930849783225099 0.000266318906308526 0.00843352677401366 0.187505746089644
0.204073973840929 0.0589800080699669 0.0783988239959924 0.0368315271495801 0.315890060720431 0.243404965957091 0.0624206402660087
0.257880753020781 0.09486687773927 0.232332240789686 0.215815992475425 0.111005991079095 0.00244603870187761 0.0856521061938657
0.263414486282332 0.162585931048137 0.0147159977266319 0.110017144659458 0.11546667570265 0.131675635565046 0.202124129015746
0.134310946114677 0.163855421668099 0.0231802349871889 0.127614377094616 0.0512209870964167 0.169873892341887 0.329944140697116
0.17600350124853 0.326901144361071 0.0184013420780808 0.0426627357304204 0.147541248715083 0.0708027074589336 0.217687320407881
0.136635468256433 0.0194080951760918 0.243584441857324 0.224575479820129 0.139380252544076 0.228078855255532 0.00833740709041436
0.333944594652601 0.00441606863723673 0.0300555257277859 0.0538005174723731 0.111774715144721 0.0941371012243182 0.371871477140964
0.0898298194685563 0.0763431007560751 0.241115394911313 0.0735362989945365 0.0231803993937749 0.172973663838097 0.323021322637647
0.113007337267177 0.263746761516219 0.0660476135356354 0.217491838000308 0.32375574647743 0.0142293868083461 0.00172131639488507
0.266595232370204 0.224910432874427 0.126078450050996 0.0879012625824934 0.0394830721219645 0.110529034549023 0.144502515450893
0.197429682945173 0.0746317726338429 0.291222059014956 0.207491633156941 0.15353305444056 0.0391506903782919 0.0365411074302352
0.0502333440870875 0.00337134235732848 0.297037981350143 0.167188434687819 0.104064374336505 0.285632409336459 0.0924721138446572
0.15903256245653 0.0567457478026466 0.19764976056627 0.180070197749626 0.178222276227319 0.18574551746629 0.0425339377313189
0.0802256635191915 0.0388879953607855 0.178642079102644 0.274320310800202 0.270646232841746 0.106367935932115 0.0509097824433158
0.153948087871092 0.0459637684793732 0.126596709613802 0.147007620471497 0.176365778335576 0.133422165288228 0.216695869940431
0.171250956106882 0.285086195079027 0.113754483019107 0.145917135203825 0.206481833813533 0.0205487171274165 0.0569606796502096
0.182053812338756 0.095734378170165 0.0899315992567578 0.238921987456907 0.112478234837197 0.177613846414645 0.103266141525572
0.127431418421594 0.253262222144933 0.111011210026568 0.101555268582198 0.118000783527341 0.0879273434579526 0.200811753839412
0.221553315068527 0.205859868074181 0.276343631526754 0.0555154791011744 0.117240182971784 0.0694773587871753 0.0540101644704043
0.157084881850201 0.216296001730448 0.0515782193785007 0.22884802008766 0.22571801859332 0.0619216389904143 0.0585532193694562
0.0910363243265644 0.173634499449435 0.0958741593030916 0.0232567399789908 0.308592034414143 0.259364183655334 0.0482420588724417
0.298983959118703 0.292853374975438 0.0648805263035173 0.04466927159065 0.029581080591864 0.0690071473153262 0.200024640104502
0.259711731549716 0.264629331028157 0.285384053743915 0.0598064679230328 0.0648739015375446 0.0157972670719052 0.0497972471457294
0.202974675451204 0.147764728684194 0.163658523187971 0.105354946678804 0.251695944514896 0.00193965200395774 0.126611529478973
0.210400241068514 0.224016178673192 0.0174775166902882 0.012654524742127 0.245728719748865 0.0759959258895529 0.213726893187461
0.0117027142179081 0.0732014470432739 0.250512435686462 0.278968910595393 0.0145308179437917 0.241726526306904 0.129357148206267
0.0643828865924004 0.204005497711893 0.191483601494717 0.0860506157618099 0.00907999003751128 0.231366039744068 0.2136313686576
0.135499577751272 0.107153134040706 0.148902039476538 0.0975013770584074 0.256590824744231 0.162953323061748 0.091399723867098
0.0493709246234912 0.0793720298609756 0.233068658537843 0.210272094039281 0.0943521675288314 0.113803669771375 0.219760455638203
0.09986900967024 0.225879186776463 0.132952544112991 0.199037561708771 0.0236497038987485 0.179978707721854 0.138633286110933
0.104424353880768 0.126823974428424 0.00394896321969978 0.200064835618259 0.181384711074551 0.150344452934213 0.233008708844085
0.174266128103765 0.0577883438573066 0.256306585357201 0.00425002366019905 0.245128844673414 0.198312699925993 0.063947374422121
0.258476983147983 0.0633361839195348 0.106441562640722 0.144471761241098 0.0350721108193261 0.173389446191376 0.218811952039959
0.325700365750404 0.248729037563911 0.0844309683944064 0.0792986395105779 0.0738113209117164 0.0604084578549151 0.127621210014069
0.114265946215324 0.184699151666503 0.10394649141803 0.144193390598954 0.166823751785376 0.0996161940179361 0.186455074297877
0.223816456245727 0.0546802337236275 0.0205997390370019 0.295517471073647 0.112915086696172 0.243301650399161 0.049169362824663
0.245459627734934 0.238502157413978 0.09001565916222 0.105890567194907 0.0585982823462992 0.118199735642449 0.143333970505213
0.0301480376646865 0.214884354021349 0.0922142525160764 0.213838866311947 0.248921116220976 0.196021483010019 0.00397189025494599
0.146178643079206 0.0359597545358366 0.192110208244927 0.0237755032989463 0.22283041761171 0.286983782411117 0.0921616908182569
0.200833945985518 0.163917230121113 0.141620722074014 0.175860030950569 0.127887091372409 0.117864878679715 0.0720161008166615
0.259512500826825 0.233873381410836 0.161489842581934 0.0160871989089405 0.0369439617369059 0.244779569353323 0.047313545181236
0.0379292892097887 0.0267747634030722 0.12180312143579 0.24419593644384 0.313152656260699 0.171175506847931 0.0849687263988793
0.200801286743126 0.147171105160486 0.149458061801084 0.0261100344584955 0.244770303349133 0.0109767472106882 0.220712461276988
0.0661338512164821 0.224679500873839 0.186834581303013 0.194889793524156 0.174514666915907 0.00257734226215828 0.150370263904443
0.0906663805461973 0.276072250339088 0.12669445522624 0.0997110453128478 0.0939428709920972 0.0638042480767122 0.249108749506817
0.119075989631412 0.145184925329558 0.0406641348819585 0.160259438737305 0.21796043596894 0.177660093511543 0.139194981939284
0.211272811996158 0.25600692654235 0.237570483488519 0.154855123472262 0.0378713065811589 0.00713212372682503 0.0952912241927263
0.219017693049932 0.161716512322528 0.0348396361624202 0.270770252770095 0.0298701055017215 0.0657035381499918 0.218082262043312
0.0127474786839979 0.0182397168224079 0.0886062124916142 0.264277734361713 0.273871031749748 0.294448050605296 0.0478097752852229
0.238321693287333 0.160605423278673 0.204640703670398 0.0554389503472586 0.0341168361238769 0.132707776044929 0.17416861724753
0.227722840636573 0.141609619827385 0.135222533066714 0.0845629244284342 0.174103380726088 0.0549156177116399 0.181863083603166
0.372579115485341 0.343835711474209 0.0774057029706733 0.116436552260152 0.0330630375272323 0.0323465761302873 0.0243333041521047
0.197187421184213 0.142151456265573 0.170877945947427 0.0251811999966923 0.238579238286088 0.187129847553046 0.0388928907669612
0.145611759787082 0.126940703745523 0.119104004847187 0.187322718279413 0.0339234316848183 0.174476301350381 0.212621080305596
0.288790213566722 0.247436368799534 0.0614611490820476 0.0129163402289361 0.220233648362906 0.0106504688558598 0.158511811103995
0.12613724695594 0.0526699402190891 0.117326700332999 0.0859156260016976 0.219935821859093 0.143714793537567 0.254299871093614
0.0777166555741921 0.201650971516047 0.0827970156805937 0.305636757589188 0.208279347560461 0.120841637814161 0.00307761426535681
0.163107253605962 0.00736289595766096 0.356094463141242 0.0073811288602814 0.227446263040027 0.112427525811892 0.126180469582933
0.0382228841796714 0.183155644743474 0.138042736711512 0.00164827412029683 0.257971051855602 0.248490113923926 0.132469294465517
0.340683370216578 0.0716743315432391 0.093945802448081 0.0701145380936459 0.327287276163946 0.00814162254993006 0.08815305898458
0.238886727469258 0.0765765101327649 0.209702007322319 0.310098964196788 0.0735072709907059 0.0313405090866447 0.0598880108015192
0.29856461126521 0.139878022491812 0.0504014160197881 0.189652709498233 0.228004441768983 0.0173650216333902 0.0761337773225834
0.191833830813018 0.0683622341183912 0.141415946774417 0.140954019830977 0.158553826403883 0.185154628369866 0.11372551368945
0.0794152686701621 0.281205198288299 0.239801160087339 0.00207483386084063 0.189814277291864 0.118367816427001 0.0893214453744944
0.194986691354112 0.217839230844284 0.187808076891727 0.0190171741533567 0.0925094984588319 0.134091972831908 0.15374735546578
0.0201679233540416 0.129976522018274 0.369512550395333 0.246682994505449 0.0561733135679781 0.0564500327868342 0.12103666337209
0.187284360580905 0.156471446133186 0.0438128577535678 0.089340147431642 0.165589621421618 0.139119290398641 0.21838227628044
0.0273547472084812 0.133664507056057 0.167185496364664 0.121263271718935 0.2268926567325 0.138436576000516 0.185202744918848
0.0188363428825839 0.0947105822868318 0.171097511871398 0.269788026165631 0.253390465615837 0.140035280777787 0.0521417903999315
0.107113041513845 0.00672464474087565 0.257010698263037 0.209158364407735 0.116864191140094 0.0874697019554338 0.21565935797898
0.322739298795154 0.297533594144818 0.0164277408765452 0.108676172643698 0.0306484330727462 0.0118800602144895 0.212094700252549
0.298825353672957 0.195961984605992 0.0677817578198958 0.169691304645115 0.107207450007706 0.0986445286732652 0.0618876205750702
0.13734974318242 0.19008102239855 0.180715867979517 0.167724507078829 0.0700637033271012 0.1463880496007 0.107677106432883
0.125477031611129 0.0484138313847881 0.270782916316064 0.0120526567372144 0.182528186199781 0.151357177717844 0.209388200033178
0.090376085108984 0.142160705900662 0.0984747364721826 0.0807569504797389 0.192263523306139 0.195074642640593 0.200893356091701
0.0854862714882042 0.11705446000698 0.047213737080649 0.129642963439084 0.169857028343293 0.16775412670897 0.28299141293282
0.102298563344574 0.228910513621754 0.126897448647643 0.223044887418062 0.00688512916092345 0.217007909772086 0.0949555480349581
0.143776196916529 0.0134062894535828 0.301907972827818 0.0561973020941343 0.0897097001227731 0.229922165187656 0.165080373397508
0.119203810190986 0.18487148991178 0.0241451976661407 0.210243114096314 0.00657409288603296 0.244267727521327 0.210694567727419
0.14740146888083 0.164889170701201 0.0063673648376174 0.208683152440735 0.0519866501069191 0.198381276106913 0.222290916925785
0.0554490451405152 0.141302082371275 0.18673066275822 0.238858785616267 0.109522153353591 0.137658970055273 0.130478300704859
0.204924937913536 0.282262987627289 0.241081574224487 0.111779578622235 0.0297436308808657 0.0660380587672586 0.0641692319643298
0.117072886010997 0.230908361910524 0.196557252642459 0.149559016085549 0.0740639423003665 0.208698376885197 0.0231401641649068
0.114832963357055 0.0625788659060762 0.247434762209814 0.240511432078414 0.20276725182093 0.0670693811968696 0.0648053434308413
0.083415024894165 0.300632399528278 0.0378530863248174 0.234118931491336 0.122710387540205 0.1451788901254 0.0760912800957987
0.0978068927289186 0.279762993502336 0.174798328304846 0.134987337493033 0.251079481094004 0.0440022281289137 0.0175627387479478
0.0487931938413896 0.0940778741950297 0.223972663409071 0.189282341986773 0.253446926411598 0.0600364570545494 0.130390543101589
0.118145928332819 0.0275498376305168 0.272497778449459 0.0249373710048406 0.151013509992838 0.210626386241591 0.195229188347936
0.0037096256628929 0.334000525070429 0.219002753022932 0.108877277171104 0.139178856419515 0.00352651124771081 0.191704451405416
0.153068565650211 0.105643078151362 0.0312800425657685 0.220209059617006 0.234911420300876 0.170763262511143 0.0841245712036331
0.0663769927893356 0.17184351231761 0.433343673769323 0.00495365550114907 0.0666279759486006 0.167485193021274 0.0893689966527086
0.181621321363511 0.203275866508316 0.169520280032256 0.130848284445531 0.144068077274528 0.0394238616746731 0.131242308701185
0.000575806306601393 0.231279601189439 0.215581948746093 0.12472107599018 0.0470167748701944 0.152988442576216 0.227836350321277
0.183135612278125 0.200779523030048 0.177657309857242 0.167186812452205 0.0814410262368529 0.115757826329247 0.0740418898162799
0.260100512075161 0.00762065485928729 0.232950878484975 0.0851255499334515 0.178813847262293 0.165448363183582 0.0699401942012513
0.137079529788589 0.0513521417417917 0.143609032854566 0.138579862238121 0.108490557979095 0.247280055329029 0.173608820068808
0.181609271790572 0.158031530213689 0.0254067247937081 0.148737188015897 0.0631067629281349 0.199207132414633 0.223901389843365
0.032733102870936 0.223743394959577 0.284704773173084 0.0386088521830082 0.284744596382747 0.107833720162896 0.027631560267751
0.043959078407771 0.21690244423578 0.122321133490191 0.162566366990876 0.294325479065323 0.138854328540769 0.0210711692692905
0.0722245898222916 0.198169705672189 0.230468163156335 0.216070420779523 0.125133309356943 0.0618314557673274 0.0961023554453911
0.116652162119598 0.00192121862727423 0.0598332695306495 0.250635239834206 0.202391270584447 0.174107007126073 0.194459832177752
0.241202744412967 0.0365929350267546 0.204712021246335 0.0165350613757854 0.260838736425623 0.181372812685053 0.0587456888274835
0.0332194560731305 0.227031896375603 0.133711311057737 0.191833381610591 0.177800494601015 0.113519423185543 0.122884037096381
0.232578334271708 0.146930221940129 0.174708818823168 0.101400284795525 0.126258998508589 0.134872959628034 0.0832503820328474
0.101279628975171 0.263634385638849 0.116664443683385 0.0417935874042155 0.0979493298646646 0.181883488393014 0.1967951360407
0.125968678360213 0.059573836432348 0.103723283685441 0.213416611642159 0.15004230387134 0.134846912844899 0.2124283731636
0.160931043231175 0.0206502758797779 0.198123912559198 0.121540218704844 0.0975970235866839 0.227101761407685 0.174055764630637
0.079020129237253 0.215682471355553 0.214399302997008 0.098224356114188 0.268594966767702 0.0644944203898102 0.059584353138486
0.0695195870093545 0.0743200061263135 0.141130637401466 0.139596973580837 0.220173049251759 0.154345140467239 0.200914606163031
0.0386877493545934 0.0137021468544569 0.244908501039906 0.16898560974789 0.164647104057775 0.215146075996554 0.153922812948825
0.249001480416981 0.143348656637036 0.147566755586947 0.00845824423607596 0.156983141598747 0.235771925953012 0.0588697955712005
0.0847423287478424 0.343420137827043 0.239437448710364 0.156231127685635 0.0483796119801004 0.0832386175484637 0.0445507275005515
0.170964811723095 0.133938931535656 0.148065000465192 0.0417702910348745 0.117393967968716 0.194452943377744 0.193414053894723
0.213799763374709 0.308110134592026 0.233481775625094 0.0834606528060651 0.0128777112608487 0.0334930311702504 0.114776931171007
0.00116601045263184 0.163445628139613 0.153248823190015 0.186787222245947 0.184301485093692 0.215912078037782 0.0951387528403194
0.0132160001539635 0.294368610038901 0.121133905062627 0.0497459139289589 0.00379320265868488 0.229956940163419 0.287785427993446
0.104072066577986 0.170287120289312 0.185705884867205 0.215199178049318 0.00726097036586724 0.156755471800669 0.160719308049643
0.130556374168473 0.0936508278014475 0.255422154921722 0.17476360585165 0.00245746874725474 0.207399140981231 0.135750427528222
0.14816085105953 0.0461864195612389 0.193269592352554 0.252891111962842 0.205839119142968 0.0254491579748201 0.128203747946047
0.158105555099377 0.0834560877926401 0.127357138304322 0.0219753044454554 0.31129555450139 0.109165944088501 0.188644415768314
0.16747884408713 0.198675331780652 0.114569293535155 0.314061639644779 0.076344648612395 0.0147040307890645 0.114166211550824
0.0482147613940612 0.112062882148329 0.3049156981886 0.0133897104672607 0.277736413524943 0.203073821403231 0.040606712873575
0.160829266014586 0.0234239012360781 0.0613586872222692 0.182031084348868 0.116761382171687 0.247546325506652 0.208049353499859
0.110565947936034 0.142579692854103 0.116649695979718 0.255223096545023 0.0475145638094244 0.224766615923029 0.102700386952669
0.18650569951322 0.346512719038951 0.273230167253193 0.056165592743198 0.0557097521707518 0.0278416453401517 0.0540344239405344
0.0578715909202557 0.340841115449733 0.00013572992465042 0.164449081215471 0.308322766584892 0.0680804088003364 0.060299307104661
0.166035611759757 0.0910017544226081 0.2314772755109 0.173764928906956 0.0828756600940234 0.209018236025058 0.0458265332806968
0.140023228633426 0.229772489799182 0.229290620972074 0.144658561006327 0.116724005908468 0.118979886278434 0.0205512074020892
0.115390986254393 0.210138692921824 0.203248308841584 0.0550764782479124 0.209161468378224 0.0689926119502764 0.137991453405786
0.22388619268456 0.084082308948085 0.275785471534909 0.169716185290793 0.0163136349978601 0.0179551999165436 0.212261006627249
0.19504194588083 0.0825321013538102 0.0766703997568148 0.228978825758135 0.126949025788838 0.18090180758961 0.108925893871962
0.161376581323823 0.192051385570587 0.110560194172573 0.174492475334341 0.0661056702016574 0.154125154531597 0.141288538865421
0.0491270985891892 0.129009495077234 0.0822814808080251 0.212392420837906 0.0480437285649622 0.24713581739683 0.232009958725854
0.179812462686919 0.0760277169656791 0.152671362648533 0.0985345526448682 0.30052473804963 0.184990896137844 0.00743827086652665
0.151086786919369 0.120872344030693 0.17273152764025 0.150003381757738 0.164709045250128 0.21429919685342 0.026297717548402
0.156720208216687 0.170897678201196 0.233141885655671 0.186849616375385 0.00973547036445084 0.150605093934616 0.0920500472519945
0.258498843115871 0.067576358166053 0.215332627035268 0.0461827707333378 0.205323924112396 0.00490443401595875 0.202181042821115
0.119916039779545 0.108525270757448 0.0355508214550491 0.108894986866729 0.311686072228473 0.124853009287549 0.190573799625206
0.223031576849729 0.211557542502387 0.0758906897401982 0.0508795685063725 0.215996313042211 0.143997176877855 0.0786471324812479
0.0647311562358603 0.204925777770101 0.0290439150825739 0.150540060202633 0.136518449296536 0.173889823605616 0.240350817806679
0.234091047774066 0.160173707282433 0.140180862721334 0.106353444426783 0.0886928532735873 0.106518316083061 0.163989768438736
0.157317760771252 0.110688290266524 0.119703633698723 0.170873143158305 0.184898393275517 0.110605190609914 0.145913588219764
0.138461251785872 0.0750788876146455 0.13254182382371 0.202309565620284 0.152238720753387 0.149182338288268 0.150187412113833
0.0154385525881574 0.239005081791666 0.118138666031445 0.175509374710179 0.102871109614342 0.184037333731338 0.164999881532872
0.0600558245852434 0.250333336988577 0.186583618313287 0.181271051211833 0.160527341860208 0.030846251456716 0.130382575584135
0.0969977425452525 0.10111976495936 0.193734208394737 0.156253166169143 0.174924876704034 0.0931004140159515 0.183869827211522
0.19285909496183 0.168542250551635 0.192008648795848 0.0922929957124936 0.157048222175681 0.0299628526818116 0.167285935120701
0.152223244879167 0.165350807787063 0.195071457093097 0.204532861450024 0.0594986119622783 0.103431669785064 0.119891347043306
0.0572220440359689 0.0619548150754621 0.237975322202541 0.151037454344456 0.157896818874067 0.212752281075644 0.121161264391861
0.107697102940471 0.0853271842890204 0.017767136734826 0.270071356996031 0.0741123926872864 0.183237409619736 0.261787416732629
0.125592313163851 0.0974913129308944 0.247925702165252 0.227355518717323 0.121206403785997 0.0089045754057889 0.171524173830894
0.0927522792928955 0.23994221500911 0.163850807123019 0.255972699589992 0.150102343543188 0.0731986288413525 0.0241810266004432
0.129619416692916 0.143927033482509 0.00676916086121371 0.133986606458184 0.260002573107981 0.230962455725125 0.0947327536720694
0.175095239586857 0.0859614130204688 0.0444169926032058 0.239344320846948 0.0937354684647012 0.00976308843341851 0.351683477044401
0.50878332278359 0.170020016711513 0.059802935448685 0.00207454276864998 0.0157971943950398 0.0505495248349083 0.192972463057614
0.121166515443744 0.201619081035015 0.200107492819747 0.144290912541776 0.221538172422191 0.0827712264187596 0.0285065993187662
0.0644503249199023 0.255819593415687 0.332980311652132 0.051077308625007 0.139780325514078 0.112434736589923 0.0434573992832708
0.0289073599029654 0.206577374175244 0.114384344899744 0.210009564749488 0.101848951358047 0.175196453770138 0.163075951144373
0.230788941541511 0.0670899599435335 0.264347763469065 0.165822377421444 0.0381166226467512 0.067786704910629 0.166047630067066
0.0471589734810773 0.0699038057799194 0.113687255106 0.312459225139521 0.0680538254173229 0.214450080477273 0.174286834598886
0.0544184130591734 0.193812496529378 0.0191997577687166 0.233276178770526 0.341148890688858 0.110997350522064 0.0471469126612832
0.239113508864082 0.128898533153801 0.0548345613396269 0.162833051895469 0.202191683668788 0.129384516734013 0.0827441443442209
0.19658198903559 0.0504589423637779 0.113559940571107 0.112792150464162 0.193162524884881 0.287364887813888 0.0460795648665938
0.121883120578547 0.141388047507154 0.216574591652238 0.178168428467073 0.0959823371273682 0.0718839670449807 0.174119507622639
0.126537402451075 0.039676432826136 0.220152445997435 0.15684662835334 0.114485014788421 0.188590690896702 0.153711384686891
0.0798041979473983 0.0215958768654104 0.0348448642316591 0.29288255194997 0.2703586085134 0.0919655370108939 0.208548363481269
0.253314087034736 0.0333996725065899 0.0839301241616405 0.137042231469603 0.254639525470504 0.0984632567993006 0.139211102557626
0.163005286328333 0.163584541040009 0.189513131931683 0.220508101364665 0.050613081785451 0.108272500842746 0.104503356707112
0.020465786131459 0.192031033895091 0.0456008971450484 0.245411278327141 0.242914381168433 0.0349849926247046 0.218591630708123
0.168814581725754 0.275712748012291 0.0944750887874442 0.0793484790455727 0.162961661950371 0.153062158089598 0.065625282388968
0.186676122688712 0.0506517430034398 0.138478605263844 0.113296285619177 0.172487102360066 0.176002286150085 0.162407854914678
0.252454544833544 0.22267733389257 0.0788115528745002 0.0733319284839579 0.0106957309270339 0.113912124122529 0.248116784865865
0.167804171523637 0.018715045343775 0.203995248691433 0.181640574473371 0.0492080157692088 0.200593741620131 0.178043202578444
0.099200922636704 0.239195642238175 0.13490481541627 0.0605196155411689 0.20594776163525 0.200757264046416 0.0594739784860174
0.137722994035698 0.264287643053755 0.0486784127706496 0.00934568113773772 0.238337901503688 0.194627969723222 0.10699939777525
0.224036245926726 0.206112790172492 0.166737214133102 0.206763319737554 0.0287972644742665 0.148212269113667 0.0193408964421922
0.206042975944063 0.0480164263250671 0.0447410974903675 0.189536284722108 0.157537889823049 0.207070311741421 0.147055013953925
0.141038300409347 0.0716875960927606 0.117097047998016 0.0657083536656237 0.282820241083356 0.115713319208281 0.205935141542616
0.178999173457242 0.0107194447205315 0.254561942188274 0.238282762377726 0.0443430039401892 0.176365893265177 0.0967277800508606
0.224824618799228 0.0661199361659051 0.0193338673844367 0.144339988432015 0.246550003885868 0.141558402829131 0.157273182503415
0.0126380497558345 0.226955994188748 0.324728081128104 0.0349448480535346 0.209492619372538 0.0847762615877478 0.106464145913493
0.189421527742674 0.0293318756852744 0.181335731922372 0.193713931649248 0.105150520237307 0.0754132202441237 0.225633192519001
0.0438793031786024 0.0928508283603375 0.219787621355911 0.196939071555637 0.120929364753339 0.172323139944474 0.153290670851699
0.0432784509387747 0.0598327472615121 0.122656621072677 0.113281249974603 0.203727258659778 0.233719787584273 0.223503884508383
0.212322899479275 0.0191779546299966 0.27206131977152 0.0116208148733255 0.00309993911552687 0.240529828548265 0.241187243582091
0.0643193321758362 0.173638878336119 0.25221590813348 0.253613206850361 0.123545776803501 0.115359887259694 0.0173070104410083
0.00289364971619261 0.122481806228903 0.210923436910666 0.244659249446458 0.212331436052246 0.091510241254521 0.115200180391013
0.103653395358471 0.175190114119041 0.102756618094834 0.0279540880386967 0.207350872973104 0.174689736601766 0.208405174814088
0.166019750858333 0.171385936014009 0.00703846712397824 0.203488902873933 0.194738669315994 0.168481025654157 0.0888472481595951
0.246158010554691 0.122673290809829 0.219472235341341 0.0781288207105926 0.000922370731890266 0.325927508622631 0.00671776322902503
0.0448788800037956 0.0400701211026784 0.131956679626255 0.0340304643953889 0.245885006693701 0.176418490106578 0.326760358071604
0.222621856881013 0.153637305022413 0.148996333642427 0.20527427421736 0.0813294333877175 0.0651481819266536 0.122992614922415
0.165534893740384 0.295706258861894 0.0620027800308389 0.0562855455900192 0.026421418582539 0.306575558636301 0.0874735445580245
0.186537407257487 0.0859114242553148 0.271421226500866 0.143235893175259 0.273575157011111 0.0258863261453074 0.0134325656546542
0.0317557028325165 0.0245935070071483 0.172655498244316 0.228281903574829 0.281568552304107 0.241032681015529 0.0201121550215551
0.246164196350567 0.103517504987955 0.0742116633989482 0.0409538713735223 0.186057869115508 0.100685588537266 0.248409306236234
0.0337533780127533 0.20234861948056 0.138541389869917 0.210520668107032 0.096947744002254 0.213703187036966 0.104185013490517
0.0759629809811691 0.175434709517279 0.230019017055898 0.211272981221285 0.0661369866022954 0.141526104268452 0.0996472203536222
0.0985655299799324 0.107361375031758 0.0709084947846744 0.224774626729588 0.240230120812352 0.1471262106933 0.111033641968396
0.228780481043195 0.0146478985187137 0.170601245582108 0.0612181268511995 0.181198587134677 0.157437851472239 0.186115809397867
0.127678151412166 0.10724971604299 0.0606673757129622 0.0997988911050532 0.317198423733008 0.0843066471511966 0.203100794842624
0.022210607934462 0.140327962423412 0.13659307520158 0.184963696450301 0.130583958939903 0.242355167324956 0.142965531725386
0.213457536878492 0.148444297268693 0.0441635919387508 0.197171369875465 0.0835837917656758 0.135299571158374 0.17787984111455
0.0805158674303135 0.289717973354394 0.159037050172597 0.0803666696424685 0.121880102002392 0.218767644000534 0.0497146933973006
0.129846060277376 0.0342559429683078 0.148308478984787 0.0318438907004196 0.101871870793211 0.225376517097235 0.328497239178663
0.188239065577985 0.0771099514773988 0.133445866716578 0.182661242205336 0.143052099199449 0.048521841994569 0.226969932828685
0.238943823827675 0.00583259061778064 0.254334857672156 0.144494872814032 0.0167706968277296 0.110573530402501 0.229049627838126
0.196809832594398 0.14426387109441 0.214959466083761 0.174511669379589 0.0872839170674603 0.0966912983236009 0.0854799454567811
0.135625051096859 0.0616681503038442 0.301240001867135 0.19845509764024 0.0927306745932549 0.091470172544305 0.118810851954362
0.177001445929366 0.094675153139699 0.0544601045304686 0.177234777255088 0.0980878240957224 0.191027948182758 0.207512746866898
0.145102100010664 0.157325211662541 0.103060746968311 0.120784762522657 0.0931968010926376 0.1949584064622 0.185571971280989
0.181699271482527 0.174502736840983 0.0224612735042328 0.0545636184911875 0.318643054947281 0.179825376835994 0.0683046678977953
0.133603964935839 0.0508636195807958 0.155643299223611 0.152988408281258 0.226541459686208 0.0277971689298049 0.252562079362484
0.425279257836451 0.0696581019354963 0.0127599192725934 0.0530053995793762 0.295694463631349 0.0523761302093326 0.0912267275354019
0.0971725404214382 0.205612258068607 0.200685048018472 0.271086406693757 0.061065090448445 0.157118097480879 0.00726055886840118
0.203109538086565 0.252113690358977 0.125656745373508 0.217758189704927 0.0348188426931053 0.158932259689545 0.00761073409337258
0.176568769935576 0.16211821569807 0.0305568930564754 0.131883168901765 0.106393886090215 0.199857632964823 0.192621433353074
0.0545883590783741 0.247235942699972 0.0737170217575833 0.284174614103513 0.00599187808963362 0.207970343862806 0.126321840408118
0.204262422192598 0.149483731004077 0.139112503751152 0.0882718689243111 0.201848454271071 0.0532992045996556 0.163721815257135
0.13402878860754 0.217192414894654 0.103805214359988 0.117835607191188 0.109046240333309 0.170967333676427 0.147124400936894
0.0500263277553421 0.240583172430769 0.243933612695898 0.0818307821976464 0.123827730662204 0.19092085764273 0.0688775166154114
0.132760491876888 0.12445095622757 0.223699868402661 0.203990021672268 0.217426280711185 0.0961801227043092 0.00149225840511916
0.20965530218333 0.104593134774413 0.0928447215144311 0.126074576813185 0.220517782153445 0.169683911992988 0.0766305705682084
0.214821525774618 0.218285701525692 0.0362486772029416 0.0130107997763889 0.143841828954142 0.333631214847761 0.0401602519184563
0.232721166687427 0.0157511519912715 0.0364043872319979 0.109461892026248 0.199416133482467 0.214290280574593 0.191954988005995
0.196105985014204 0.071655816538515 0.177586067960343 0.130835462809169 0.101722935472896 0.129081677255912 0.19301205494896
0.0767388999373179 0.143639218065716 0.254544809468463 0.19972073099724 0.0641827704879285 0.0661556144108513 0.195017956632483
0.0135515086570619 0.162974783416068 0.0584678303359209 0.366168137825157 0.198614415120112 0.133948508046959 0.0662748165987211
0.193929513359457 0.0938853050087368 0.085374014646464 0.0285206883358548 0.174043023002645 0.222002515135577 0.202244940511266
0.0759414138925163 0.0960850182107612 0.214549565245809 0.192250248340263 0.0518992336214083 0.195913179043636 0.173361341645607
0.0743294464531429 0.2477374906044 0.252087199805279 0.24418545013271 0.0855956571707142 0.0117233079635648 0.0843414478701887
0.0954264945337701 0.216579418712773 0.0875864005388047 0.0547890088896286 0.310388651568039 0.0606092023281145 0.174620823428871
0.327663997925093 0.0445370080064681 0.00587701057871354 0.178415046899325 0.0977726867642159 0.227564435338166 0.118169814488018
0.012491447678629 0.0499512403157518 0.161372332062534 0.245144449181286 0.227242503723783 0.0115242062881945 0.292273820749821
0.221448700776088 0.217732428677246 0.0208181219052868 0.0639666333940066 0.205654176720753 0.120331560213688 0.150048378312932
0.0188185745786029 0.141429401043893 0.131262938501537 0.0904177082167083 0.204218756480046 0.225187269559896 0.188665351619317
0.165107012788187 0.101924057726528 0.169259278656831 0.205531313917983 0.180928211422926 0.0188693689511016 0.158380756536443
0.187021385935013 0.00689392887973688 0.143128849787638 0.198440163685354 0.242322629041249 0.103457665282342 0.118735377388666
0.241723712320475 0.0549541963947387 0.225016987195222 0.0479529539457506 0.271145700988899 0.102844829677246 0.056361619477669
0.319621911228049 0.0173290750701436 0.31191795652162 0.12367878043014 0.131749383770472 0.0396284342651985 0.0560744587143768
0.235245451622041 0.169558915605201 0.0712707416386551 0.0380629300597691 0.107726408877809 0.158359378082969 0.219776174113554
0.231520766027238 0.223262649239758 0.132409075706768 0.140714525414878 0.0924980783039774 0.074978654132203 0.104616251175178
0.17059765519725 0.145114696527362 0.166766837953453 0.202211294358161 0.243569701542075 0.0393237466607752 0.0324160677609239
0.267715790448455 0.132203099315332 0.107315314812556 0.239928299165305 0.160609003404421 0.044258566490078 0.0479699263638525
0.239264005340166 0.130044293440436 0.178275848912937 0.0536685171499763 0.0981376600629586 0.0929529050853363 0.207656770008189
0.0584649938047742 0.00853348701882138 0.257435865446392 0.0114236557022349 0.262149975596411 0.196493698522038 0.205498323909328
0.210988161213293 0.0944442777507905 0.0652788965687122 0.175934981020328 0.140945711136325 0.219317900757296 0.0930900715532557
0.0895432761734805 0.0413976256323886 0.222367813305917 0.115218399450989 0.232607969006776 0.124694670577454 0.174170245852994
0.173734129063301 0.140442927569808 0.174933294990431 0.184419363979102 0.0698656331504581 0.11177396381469 0.144830687432209
0.0126646772839235 0.296473275007687 0.273009283272679 0.101291660871588 0.179622438209893 0.0461069394904142 0.090831725863815
0.363608425086091 0.041613167659778 0.00060117390257797 0.0619518115694788 0.221528063579311 0.294473598753906 0.0162237594488568
0.08493344028197 0.122591646003677 0.144306838600974 0.114263304097157 0.106077053833923 0.255238210675888 0.172589506506411
0.125636342450366 0.0326811544776101 0.100570291380078 0.153692963143322 0.215837568219851 0.216526935256961 0.15505474507181
0.171081723523122 0.364187343598721 0.00610573625578116 0.157613480751941 0.124913092307942 0.0911711161953141 0.0849275073671776
0.216514423904981 0.0471075936469603 0.0634755456449339 0.109447175443692 0.0902122005144907 0.113275188286714 0.359967872558227
0.27546214956612 0.0870307837689731 0.0815942130246233 0.0593029859563609 0.115419661181828 0.219992013226365 0.16119819327573
0.197359168167821 0.022803901947849 0.193320746409613 0.145334555576272 0.0713010637540332 0.104467954239964 0.265412609904448
0.0195489985558848 0.303365403433277 0.0196899652319165 0.154659988247623 0.00913822415440496 0.375055864568407 0.118541555808487
0.104238503745499 0.0672026936192344 0.144628619006592 0.155769918967147 0.154916240229257 0.205194815607532 0.168049208824738
0.200240634773925 0.0432575278654469 0.0829129321660691 0.208791110831306 0.107179183949125 0.139250636271081 0.218367974143048
0.0329549385460901 0.0143810089457209 0.327553394794061 0.157110539336662 0.241872192863816 0.196436632280039 0.029691293233611
0.209356503106464 0.102816378691137 0.159374266644323 0.0634468422797541 0.225894715181197 0.154576373762476 0.0845349203346477
0.160447973206957 0.250823382229462 0.0304232111437845 0.19390318383736 0.00695672218023518 0.155748846492633 0.201696680909568
0.36403377271706 0.05063012345431 0.167359273725274 0.0133329348661665 0.254720808963911 0.0700782791199243 0.0798448071533545
0.190989746136515 0.271131592608525 0.119194499382978 0.174651735590888 0.000426029907147287 0.178851456260494 0.064754940113453
0.0927042910899697 0.198546097825548 0.0647344309405653 0.0496852580124959 0.230044529789536 0.293388740548621 0.0708966517932643
0.150815422928939 0.233683853571426 0.0213549830594344 0.0361901344517384 0.167813384800838 0.234658875582137 0.155483345605487
0.269720099546345 0.0469196805601392 0.0876277546660615 0.00176369947855603 0.253010040228858 0.26096895968918 0.0799897658308603
0.16817277367223 0.0763302895470611 0.187850990248946 0.202195898265761 0.170904820994211 0.114214722475397 0.0803305047963932
0.255989807842786 0.100719670002025 0.120744462259984 0.0139134614615666 0.247475878964004 0.049724352882109 0.211432366587527
0.0144959806500071 0.228733907640315 0.11254972823519 0.209243046795472 0.2540267384948 0.0661410028004293 0.114809595383786
