0.155781168966743 0.0860706604731506 0.00394460973112573 0.182435788332262 0.17606346933594 0.0492862420803279 0.0226568909234778 0.139245925643896 0.184515244513077
0.12763277433944 0.181819396798033 0.155336807204591 0.0334335069119339 0.0608002372208504 0.175903950391302 0.175821736347546 0.00104540074305938 0.0882061900432435
0.089324742749206 0.0351037304319056 0.156883806046772 0.0457500727867591 0.162374717572167 0.154369471500699 0.0931268315357598 0.10487662566357 0.158190001713162
0.0494154909162167 0.0729315748210911 0.0106345068304396 0.190954336083057 0.239923570825748 0.103055384119335 0.108208248941524 0.184705118310651 0.0401717691519377
0.192109596079629 0.17799937052405 0.0426090148060196 0.120111364784614 0.0643946715572366 0.0733437964199644 0.187042537325673 0.0330320473445558 0.109357601158257
0.00929047665946845 0.183684484800196 0.173174452830693 0.00463715522577421 0.084509729500747 0.173892407871555 0.165140498922363 0.0968817119499918 0.108789082239212
0.0468783514870917 0.153405134091422 0.139893516793538 0.114255328692013 0.0274230193381611 0.154478139207399 0.176218250516457 0.150830505763554 0.0366177541103641
0.0713946008666284 0.155085862952171 0.114864984639947 0.126505313682534 0.0791420610599655 0.175734498402948 0.0611257252638672 0.0984873540706995 0.117659599061239
0.100240812774503 0.12157240504222 0.023041933320046 0.0974261539013017 0.0877756776457883 0.128312588544655 0.0951260370368977 0.172319449796422 0.174184941938166
0.0822516295576919 0.146868063964235 0.0307545809409922 0.024254753445848 0.151854226615461 0.155461701332718 0.122227298334181 0.159266749759964 0.127060996048908
0.104724809943434 0.116792006441617 0.165715775902708 0.108902669743053 0.123953159270272 0.172219297084657 0.109486371624121 0.043394291152143 0.0548116188379939
0.0557255226520404 0.0175695900435674 0.0724316774668348 0.140941234083034 0.129775380360442 0.256846065420092 0.0762532953178768 0.241502074296404 0.00895516035970821
0.177140855755629 0.133853851112602 0.0804036423523022 0.177465490352259 0.0191970249676886 0.123034206686867 0.117066962252057 0.0874526111943247 0.0843853553262702
0.175728193368917 0.153451110573514 0.215110063137903 0.14239670972259 0.112576186816873 0.0629385003214848 0.003122314263339 0.086006989095304 0.0486699327000761
0.0361116387317715 0.120997606875381 0.0762955803677469 0.0942027121927986 0.0302515669249588 0.222864963582877 0.195866604231369 0.195723513228141 0.0276858138649573
0.0555260689177293 0.181868324897007 0.148231677369833 0.00316023625024952 0.115649101058309 0.0988040975957544 0.212755007714378 0.0485813859529391 0.135424100243801
0.114496417091231 0.0915729906100826 0.0510841262659639 0.212647950802362 0.0603626887871284 0.165457398665889 0.167621090482898 0.0357245704853658 0.101032766809079
0.107834276217352 0.0171010767544002 0.0626222172571597 0.106628657288337 0.231230325659302 0.0609516728930354 0.0783381782673973 0.226371602666654 0.108921992996363
0.164483992491063 0.0562622390294563 0.109856502373544 0.0809040385192571 0.123667679112839 0.136376840683868 0.213068362198739 0.0414630040761138 0.0739173415151207
0.148431005498648 0.0977872100975905 0.194618836570883 0.0968430351055778 0.0576491875616695 0.0633870996242428 0.00687916094472301 0.200660563547626 0.133743901049039
0.0917781559251813 0.00484874199634335 0.120095651490812 0.159313900479316 0.134374236639044 0.150897825857368 0.153479052429731 0.123795690853509 0.0614167443286959
0.170523071585164 0.108725612162812 0.227464686578261 0.096054492376527 0.101745134464364 0.0151989451218447 0.199713595470725 0.0225293925750004 0.058045069665302
0.193581386507767 0.0994692466643295 0.0328077885168336 0.138609793979103 0.0244543684141055 0.0245293083215654 0.229735367040405 0.24086516151688 0.015947579039011
0.0687426998124319 0.0620705372958033 0.224806298107693 0.0215304594719666 0.112073445420627 0.139036369844765 0.0634297218914155 0.133215844908508 0.17509462324679
0.0553006747206464 0.192173095692719 0.146795835572886 0.0312271028786283 0.171538494430576 0.152480138949694 0.0414326523309803 0.14871714108239 0.0603348643414804
0.197619886591011 0.0858103307137469 0.011473962343322 0.0443689728314332 0.200425823407549 0.108146771185635 0.22043101633628 0.0603486611281709 0.0713745754628518
0.00991306804307302 0.156619644722215 0.0729518216277981 0.0893195165008122 0.0714853657333973 0.0512718413848751 0.213686593767139 0.185347566103737 0.149404582116953
0.0970996990274932 0.0766833353465596 0.245342154330351 0.0631375032255019 0.048648479553745 0.114652442711576 0.0578763497429341 0.189941430461165 0.106618605600675
0.0210475890230877 0.164244608556711 0.19429847802389 0.110861860521649 0.106124494282264 0.130358931964772 0.0389102870974036 0.18447183503445 0.0496819154957728
0.12979685359034 0.163896373572331 0.0348238472758606 0.123985646164395 0.10405909720133 0.182351766165083 0.16216907785528 0.0338948628816086 0.0650224752937728
0.111257746607091 0.0968745231452601 0.0495450251514511 0.189313245343086 0.246966615120575 0.232820232121572 0.0311961399727167 0.0346711310592711 0.00735534147897663
0.19104102724169 0.0290204941186586 0.154956670279337 0.0493615354469652 0.130959341735241 0.151306837596429 0.177344422819137 0.00163253725966869 0.114377133502874
0.144839602656095 0.0994401294831052 0.0861651575711198 0.0807753470522384 0.161014533183525 0.180197635603506 0.0555703747481519 0.106908752227585 0.0850884674746734
0.0548673466216686 0.0484311694748205 0.155043045837331 0.118425249670013 0.171416445719477 0.0992248839598548 0.109572935773802 0.127539663637077 0.115479259305956
0.176971392714783 0.158789390773129 0.0752004646349145 0.0587947199993277 0.165670460880824 0.0434229357099356 0.0504589411604095 0.210907828276068 0.0597838658506087
0.0321726612449 0.0693948870136464 0.0579988403012801 0.0445465972255292 0.172081881881781 0.0529907009596806 0.122926757787347 0.280955524282781 0.166932149303055
0.0338908032619044 0.109409637453289 0.0686433021672194 0.347830111983815 0.0474043419577781 0.0311399912964427 0.0580417050695909 0.0765340555428581 0.227106051267103
0.0076147893962543 0.112710789578444 0.219204250984611 0.171729442210979 0.203385150512515 0.0923650106094871 0.0652288704109167 0.0524778768532491 0.0752838194435443
0.0478938728465107 0.101618689445396 0.12204650521061 0.0449252315011852 0.113620017615885 0.0329949357074853 0.189470407466342 0.194746915510183 0.152683424696403
0.0724352523983911 0.168032835086483 0.0775627480572605 0.11790126563538 0.081592858116712 0.145330638045769 0.103376656309851 0.107090309827656 0.126677436522497
0.0315510201361204 0.109929457550763 0.0730704842462771 0.135728106654611 0.176743779203921 0.125403452222586 0.119899429852445 0.193043762263764 0.0346305078695131
0.170388699119427 0.0717424936149152 0.0581775650614417 0.244535083022385 0.13929152008364 0.0367260061579271 0.0929328265652177 0.113264088876051 0.0729417174989947
0.063864688471888 0.12066686679922 0.0125351097374348 0.0573778975499059 0.186777009767862 0.133758032395104 0.104781663973229 0.0461515693764582 0.274087161928899
0.0795812463709764 0.0250985625041649 0.169793344812315 0.0200141143971071 0.129313078083838 0.108548336608814 0.203860086618791 0.141712608415217 0.122078622188777
0.0572905108713585 0.0144452911067663 0.278388638478359 0.153566337585916 0.0521969476490356 0.06553856930089 0.013160075771387 0.17907977801263 0.186333851223658
0.169215345319323 0.0680159150113879 0.189721596371586 0.108798612305563 0.0751382996724267 0.0126438108430263 0.181236062752712 0.102172132804345 0.0930582249196302
0.199334368694647 0.152413074706982 0.155672167426567 0.023894303552179 0.0946766218179579 0.175688962002496 0.0056689440096703 0.0246824332063044 0.167969124583196
0.210675219187687 0.0283466926937854 0.0702863521307133 0.191680065011669 0.0184598879502919 0.0798959630647656 0.154169322724839 0.204157654864407 0.0423288423718417
0.0555344520686372 0.0377918858327424 0.164262907211864 0.118384296737736 0.113092561603695 0.199082198477943 0.135024474066606 0.0866999502747378 0.0901272737260392
0.0926661918323886 0.238566712892539 0.0333548162777359 0.127579269455214 0.145813440384828 0.137168469097628 0.0724285501616378 0.0897799862688654 0.0626425636291642
0.177482599530399 0.0109398366410845 0.128975667477298 0.137222487205053 0.0548147734003596 0.0960871577156457 0.17107933288497 0.145325469932587 0.0780726752126028
0.0599342886363501 0.0477645070592389 0.20998391455375 0.187933000238177 0.0515297036891564 0.186900594073572 0.162603554769372 0.0900349572364 0.00331547974398311
0.107349008080691 0.0946827012249909 0.110138964996075 0.0976309729568543 0.137284055041951 0.170601883289571 0.0333051783099609 0.052880193678263 0.196127042421643
0.0800675164151223 0.0918840599425647 0.203082084052346 0.00256197495700977 0.127438364539778 0.203552506711297 0.00446739631267734 0.124979991370014 0.161966105699192
0.107905461462191 0.0980008863768121 0.0962526668705058 0.161528037918056 0.179200413022299 0.00487538678842233 0.119773032371221 0.202737069340765 0.029727045849728
0.149405517117908 0.0284302710768056 0.121134335272178 0.0245456202818588 0.0737486079673482 0.0974035283580915 0.195732870848919 0.106939714096372 0.202659534980519
0.0448630856669277 0.0873045990191992 0.048669002109123 0.0970648042497992 0.0837218839966191 0.14627603975008 0.214526124457434 0.125636042211626 0.151938418539191
0.0461196609180521 0.0321179640750385 0.110752769244293 0.0888627508915914 0.179370784523426 0.123454134858923 0.00627927540647335 0.185814027695863 0.22722863238634
0.0561024703514686 0.171995280172581 0.154097532736318 0.023404362398879 0.166881175219375 0.100027655578719 0.0982117334323138 0.0775479764247663 0.151731813685579
0.105838544205537 0.177304672818149 0.0296599758121064 0.101197902176731 0.00509599023168565 0.126337847834266 0.118761188502349 0.155562001263822 0.180241877155355
0.00972841826733542 0.10774214952583 0.0362268012693121 0.251633333415419 0.0843348793481397 0.070277157185465 0.18620556642147 0.0710380094874377 0.18281368507959
0.0135472390289732 0.203422811875691 0.113297658396675 0.184931189197001 0.0136381795404396 0.286297868117542 0.0280552575447123 0.0785884186985221 0.0782213776004438
0.210466231045475 0.0894663317572648 0.0037764127386601 0.0153182935285961 0.151908067611442 0.110357470253495 0.186374203594917 0.0649644101944133 0.167368579275737
0.127840820045686 0.157872461911821 0.125963778895316 0.0540272892865526 0.163253694154759 0.160333911502548 0.0149609900333172 0.0696869995364079 0.126060054633593
0.0701441668305094 0.0478347652584166 0.0841860534653777 0.0129621825624197 0.167613350387601 0.142805005134146 0.190322894970416 0.125584386135742 0.158547195255371
0.181989844395165 0.00929062792835727 0.12584163874577 0.166472903265234 0.158532849727495 0.127646227243591 0.0435721351412128 0.0340866551483431 0.152567118404831
0.113018674660721 0.0537375519638229 0.0931667913216763 0.139290628609391 0.143984770351907 0.125688692587948 0.0761060842841848 0.237184308753783 0.0178224974665655
0.0340189578948771 0.181943770780459 0.0585278744276722 0.149385640651867 0.100806145740391 0.0308168811333592 0.0760800032359487 0.205353572121009 0.163067154014416
0.108740102739238 0.0602090413203601 0.0255312590352864 0.0997114080219053 0.0275629840036669 0.178183183591196 0.130947508471316 0.183077724935449 0.186036787881582
0.130928178036441 0.119663076525502 0.0742353285444383 0.112183999212948 0.0461001702908566 0.188798951375876 0.0044774596626763 0.163648098760831 0.159964737590431
0.0351855342968576 0.183739902386236 0.0797439683004602 0.191391526711619 0.0959178109853622 0.13524048252222 0.0781749300556323 0.192620597764801 0.00798524697681105
0.0604505219643246 0.185254663636907 0.162129958769698 0.000782914872109278 0.274532527134865 0.0136180541744629 0.0368022836286141 0.0879964991056556 0.178432576713363
0.165372983510203 0.10233860183539 0.0104191589678914 0.0473598895411905 0.173933833064334 0.12607720642566 0.115335213156807 0.134237393927837 0.124925719570687
0.174491477941858 0.130205206351456 0.0443901261516121 0.0289565837428994 0.173643338325272 0.0648106573731663 0.170424331705454 0.0953647569268982 0.117713521481383
0.0602292860061671 0.0530306357842072 0.0161632559758708 0.224095130543155 0.0373517883993713 0.168820218444259 0.0102516932163369 0.230453090400441 0.199604901230192
0.0809001708586168 0.084894594262881 0.0540093169867299 0.251262452954164 0.159302953032594 0.125853393990694 0.157263600671319 0.00606475240338596 0.0804487648396159
0.0716040971751779 0.148756058702828 0.0771065824193398 0.0275179239547169 0.155935651555116 0.179077592596875 0.174021663040107 0.1066390113889 0.0593414191669391
0.0151588601655022 0.170916999534591 0.219574084029978 0.134763468207999 0.00981589874933163 0.0660197051573062 0.0886402417298128 0.0882032119558992 0.206907530469579
0.203043251067297 0.0852530864934473 0.184476602219426 0.178593085746541 0.0978577718123518 0.00217923505963146 0.09301866674563 0.149178772584385 0.00639952827129026
0.121311036629838 0.10313714067052 0.219553939894681 0.0343810475969486 0.0692619893220932 0.243845636103019 0.0845410922939816 0.074866054478192 0.0491020630107264
0.0224879675778352 0.0576390123514481 0.212221981422864 0.0369869123148729 0.0341166656297274 0.159683667530439 0.16946346280774 0.201124481369861 0.106275848995213
0.00932773194313443 0.155497586098245 0.0031163695393763 0.0728392374814732 0.0358313190037345 0.152212093891727 0.16484898861571 0.206839069516419 0.199487603910181
0.090898244688727 0.238240788606915 0.0548788351575152 0.142464040047564 0.0318518215561543 0.191404717769228 0.0430959694005698 0.0314405522226829 0.175725030550644
0.0296097571718323 0.0576577969925651 0.24360403042885 0.150096316646379 0.170325419326457 0.0645448702829497 0.0774968708914701 0.12930006300432 0.0773648752551765
0.0426704187398739 0.173754266788518 0.140262173448944 0.185477267198689 0.0373150433977363 0.121076915617309 0.0417261722995012 0.0405532726375472 0.21716446987188
0.00698822056560454 0.20168749624145 0.0213054647599183 0.155798896629423 0.206434262170451 0.300938717528455 0.0306195599481706 0.0277573716083326 0.0484700105481949
0.108006047585366 0.175419624977101 0.0362525948028597 0.105197030271791 0.059417972179796 0.132198760482933 0.106845425922665 0.151649694392798 0.12501284938469
0.118694667788834 0.0949121475585551 0.153151877515263 0.084368888657197 0.225447572837759 0.00982221970756898 0.00116213246132384 0.196228884954906 0.116211608518594
0.177176049339009 0.0188145014037303 0.148371968773434 0.0137334792649145 0.143135017823265 0.0899913014623892 0.103841792073073 0.184065925914578 0.120869963945607
0.118283522745236 0.038253077615242 0.0688808457140212 0.120466856791572 0.123438975526761 0.227756961187263 0.137207617129456 0.141465994642065 0.0242461486483837
0.0647570004344586 0.204002648375682 0.0844963779311656 0.0145702513956745 0.00889307770207503 0.103829867973224 0.184298962466943 0.180252624526143 0.154899189194634
0.0731087071208402 0.0266364777427704 0.108665931293572 0.13722949679391 0.175287045935367 0.0674141348841149 0.164383639282913 0.129947086058913 0.1173274808876
0.140727407606584 0.122483153003761 0.106954668438918 0.0799468799856589 0.0705240698511744 0.159740843533927 0.137095482710374 0.127566971231196 0.0549605236384069
0.152547580567323 0.00761938884640305 0.145153836634762 0.125953504347081 0.166138116038335 0.0387372840587781 0.133699184563855 0.0804388411795109 0.149712263763951
0.166688819583275 0.00495965144073337 0.210598396596581 0.123885169611169 0.212840637466358 0.119034943486757 0.0624649456489358 0.0369646892003885 0.0625627469658032
0.212188582370722 0.0148227824262528 0.178467964495152 0.130538161428699 0.122969557398686 0.0310832943037911 0.160910107893715 0.0971438279724818 0.0518757217105002
0.0301403274824663 0.168777787288056 0.0752327861420697 0.0928171174276003 0.129233329582229 0.113522633131703 0.132303915819191 0.136721062221786 0.121251040904898
0.196281820388965 0.0340158039662874 0.237586438007755 0.11753265904491 0.036057013698851 0.0476782620835241 0.224691879601616 0.00742006272834825 0.0987360604797427
0.156768939763275 0.0365662442444468 0.0325581867416654 0.203406836158286 0.0995296893967582 0.0311883625322332 0.211074996701072 0.0367728788084203 0.192133865653843
0.0365343944343695 0.145745178621967 0.158450552791134 0.0726163337089481 0.0571646008471937 0.185755380609249 0.0065210037874734 0.181056722039745 0.156155833159921
0.222879683101762 0.0104130683757567 0.0438364576299012 0.165436974950941 0.18462134572025 0.124724045626535 0.0351464866568763 0.192424516206901 0.0205174217310765
0.102708599652127 0.15775468936626 0.110961871160019 0.19913562088517 0.183756580546412 0.0477165296268079 0.0344404344377782 0.134372860082987 0.0291528142424386
0.0563355216631892 0.144727237417051 0.114449502756738 0.16596968668413 0.0116458795274112 0.0897097889172507 0.150316197257847 0.167146146220064 0.0997000395563179
0.152312991767705 0.0505913033301706 0.0643146647802695 0.209081407621947 0.0167627567839589 0.126204942604255 0.1355313478734 0.192889214364993 0.0523113708733011
0.102401822865138 0.105700589492647 0.136880587317709 0.251843990365157 0.0787758590720195 0.0968551447659158 0.00298028672661936 0.0943679730405694 0.130193746354225
0.0279314412241094 0.138625839558127 0.149557536868135 0.156657079415335 0.0497320261186215 0.156368493570769 0.101345224855111 0.135121029167313 0.0846613292224798
0.176240308189704 0.0662672464979901 0.166204046776306 0.211156630551331 0.176097295465014 0.0528021676740735 0.0176906817351017 0.119013095169076 0.0145285279414045
0.0344773704900668 0.193758424231858 0.194988204536533 0.0130941945254568 0.119301136921043 0.150900034706509 0.0505955097295485 0.0638942681184018 0.178990856740583
0.131690695382853 0.0103320531419747 0.170019977240796 0.129503044471064 0.134397893350321 0.0854169790957311 0.0617784275847861 0.134373186354714 0.14248774337776
0.0247156138618223 0.00166268520714079 0.0248235225703258 0.138922507154959 0.223856220503783 0.152272004512068 0.0140648609661176 0.17546930937167 0.244213275852114
0.0321886696208913 0.0359886626167485 0.0147352947496633 0.130902254649767 0.00996902246025027 0.262633618959955 0.045574567715572 0.235991372270458 0.232016536956695
0.14589376363388 0.146988773283305 0.123186343583555 0.0522323013293218 0.0810547766608656 0.135691457231558 0.130309379123781 0.146235590736808 0.0384076144169244
0.178864725149998 0.0922632934016854 0.132098860656331 0.0186236078748586 0.142092197672644 0.125604209226589 0.133683195629064 0.0545783087650307 0.122191601623797
0.172036258727325 0.149240161435816 0.0490813991292458 0.121940340615556 0.197188907091455 0.0362693664440655 0.153894522309411 0.0705018897110514 0.0498471545360744
0.0549027311400927 0.17576679030339 0.144962050428023 0.0839252431102815 0.100928107073194 0.159619238814879 0.169602415143332 0.023179708653783 0.0871137153330244
0.0310775183513078 0.0728838739289902 0.255874397878094 0.127127407711675 0.0659826525397053 0.153954625153781 0.051354093677343 0.234475423939266 0.00727000681983834
0.0880579066937793 0.0203461051565582 0.123000962211436 0.152891416484041 0.117712936195107 0.0387474443846146 0.103476527160714 0.139978428625183 0.215788273088567
0.129584701187913 0.128514699393722 0.12181235645903 0.0274153019908098 0.141277801706301 0.0275485745698717 0.102309336463527 0.181444683273935 0.140092544954891
0.177779667531249 0.0200686925362722 0.227093210130457 0.0731522093508176 0.0271392975358352 0.20460561544318 0.191131348260263 0.000413926346863738 0.0786160328650629
0.129118971069783 0.255040588967642 0.0128549715624329 0.0260131226129391 0.166543781579303 0.0670893662737934 0.0877966667373429 0.0842148883722939 0.17132764282447
0.0922792219776998 0.131199506600734 0.200221418449149 0.0758260242625497 0.211068878602643 0.0822513286643835 0.078619764972791 0.0388360935891389 0.0896977628809104
0.0248185172599914 0.00327905656497423 0.157051854622213 0.129718966734337 0.173658517091294 0.200829923505157 0.186161706556214 0.0324224592031618 0.092058998462658
0.222824907277026 0.0528400096652741 0.0914384617406716 0.0938810288556299 0.0172483135233152 0.125621620534616 0.0845154244672179 0.107182209423752 0.204448024512497
0.102343976836677 0.197924878928859 0.00647995812102356 0.12284365369408 0.0893196768949457 0.0680546705781408 0.0863053562627637 0.212114664580715 0.114613164102795
0.0567479105582182 0.044568149247289 0.014578439041384 0.0640793014997627 0.10406327430884 0.155054787714988 0.122276550023859 0.142544066752584 0.296087520853075
0.210441801076536 0.0265648029168059 0.12422551897303 0.168955263385546 0.0194952255120967 0.128879405416121 0.0693705022250197 0.100171856917082 0.151895623577763
0.0488629659108306 0.197799582598536 0.204778565780685 0.116503725141022 0.00350280993589459 0.0618602812618573 0.0217745315381991 0.150692747784988 0.194224790047988
0.174011102629933 0.162422282542271 0.0136604309654372 0.142911419105433 0.0674627153304104 0.150550708568514 0.143115953577839 0.119041526427025 0.0268238608531372
0.0269657385847441 0.000687821412283971 0.255269633323619 0.197756647516092 0.140427618901325 0.0852793492024028 0.0587841576139419 0.0920675233995614 0.14276151004603
0.145491781790081 0.0830845424576861 0.139848241270447 0.176743887348515 0.145523535354196 0.0560093352693311 0.03731832472553 0.174547086315773 0.0414332654684404
0.100256334070981 0.0867153697558674 0.18163083739128 0.122579713223978 0.167753983328727 0.186069493082129 0.0484410344352279 0.0687309781248311 0.0378222565869787
0.103838888452737 0.159087335299628 0.069701219481349 0.00655408473723956 0.214591450315623 0.215977364480775 0.0661291347569292 0.150752081075479 0.0133684414002411
0.0178932410695881 0.106258312225201 0.0467458840416741 0.172101500883649 0.0745827012175446 0.0318854311736246 0.0932781097749419 0.287428322425931 0.169826497187846
0.0336358718981847 0.178885447391944 0.0497452358598556 0.0590293499842672 0.0453261929428513 0.241403065646822 0.0957547125760618 0.116324539456426 0.179895584243587
0.0270116912653316 0.0496723765694104 0.263772598166388 0.20671283061957 0.146237251149861 0.00635443620553546 0.16232294246179 0.00688661713060841 0.131029256431505
0.156024302581416 0.173156608240199 0.0320722549265726 0.0351750440171222 0.171765166028232 0.11182957833223 0.0644021203345666 0.167133921707449 0.0884410038322122
0.116011601087188 0.237057084326125 0.107238911522039 0.0505855073528717 0.00111161663905992 0.0484070992698982 0.329526479879583 0.0256075565215284 0.0844541434017073
0.0739816330242632 0.0956346210976792 0.0962977926951113 0.00639515352970609 0.170853314794155 0.1709863138315 0.030563305987957 0.267587508343298 0.087700356696329
0.151042929212704 0.0500255969744046 0.141937635540087 0.0953721147761915 0.153360773281693 0.00151957849778264 0.16467376992681 0.161791513400282 0.0802760883900437
0.197829952601737 0.125840277872359 0.0919130801054664 0.0882595056197841 0.237737008915347 0.0280555169317486 0.115736173763057 0.0686348301212967 0.0459936540692039
0.0991211323934098 0.149843635387589 0.0728942190554233 0.152001038426493 0.140417036942823 0.206484890189037 0.0338745519562283 0.116767877137671 0.0285956185113258
0.144322046074291 0.199971804846613 0.0684277541761448 0.130882249557552 0.0712559223289855 0.162098882438666 0.025019324626026 0.0247584106073874 0.173263605344335
0.132635863393422 0.11984063998585 0.0579164978091793 0.127189753287067 0.168158151010003 0.127403537343254 0.0507030693640379 0.171538252616828 0.044614235190359
0.153437283623655 0.0479271583028613 0.164619287483126 0.134205915894386 0.0497486233785492 0.0594836763141452 0.147547923803367 0.119729919312833 0.123300211887078
0.105473419718203 0.0832957550339475 0.128800210962585 0.12692147259503 0.0752201278004308 0.00959810865742862 0.136989623575252 0.165704080948526 0.167997200708598
0.142038568199618 0.0735265624704472 0.171909605518298 0.195210384349152 0.0943090691795947 0.0712992024173322 0.125279937150858 0.0257853207152861 0.100641349999414
0.0261383970105325 0.118917672449116 0.137017899541183 0.219410703091708 0.180122293262406 0.122790270048898 0.0252824691790089 0.0118017424037066 0.158518553013442
0.127822979948706 0.0232219333127637 0.126655088833258 0.164843572598433 0.15449738585682 0.166412118313363 0.0631499323899756 0.134137515356795 0.0392594733898851
0.0941083087743552 0.118849540194013 0.0798241258697141 0.109841058431833 0.123384684763576 0.0465134923151483 0.10053209668005 0.169270951173372 0.157675741797938
0.052827037312147 0.123703517971248 0.0390059385529791 0.153196915219787 0.0840949658284897 0.11313245506173 0.167551458397865 0.159146816955361 0.107340894700393
0.204034367873051 0.185370819717274 0.00434067611628476 0.120938609067368 0.0294205844121983 0.0667156079121403 0.173309841792398 0.134891744363483 0.0809777487458016
0.0229212959941166 0.185860370580833 0.146950678860519 0.0623717938384575 0.0126685498607495 0.202158004808759 0.0742806305054104 0.137532754735665 0.15525592081549
0.016393810833152 0.0949308430565055 0.120031255948006 0.228418363551341 0.159741750853918 0.0408978560026978 0.142188013557452 0.159455751637888 0.0379423545590392
0.194448290680552 0.0529222205728614 0.207347526374931 0.117216617467651 0.233369332331242 0.00332993902493098 0.0188763094043866 0.0523428430255669 0.120146921117878
0.11072682217917 0.13828712264888 0.033040841186282 0.0964992508518676 0.12748881545059 0.0471221195671704 0.197246222548446 0.0912012936942162 0.158387511873378
0.0406777947597054 0.050335515696546 0.156948704510858 0.0848699827907334 0.237487644636848 0.0455363196183701 0.232897790855445 0.106432400196949 0.0448138469345448
0.0830462727793358 0.0961403919112051 0.0438181188880863 0.198276157228898 0.051723632013939 0.237652612869261 0.0862900985414375 0.072525833153118 0.13052688261472
0.0509157741709037 0.152969354850384 0.159310047038752 0.0105556562375847 0.0284762969629466 0.0724410713764674 0.170909035727944 0.199074134895326 0.155348628739691
0.179991343651872 0.0785872658944888 0.122383315480897 0.188972702550629 0.13473735084148 0.0101622308609416 0.057008941465923 0.170826341157253 0.0573305080965147
0.0143944468901916 0.0946458748849973 0.219148055732017 0.0491867219638193 0.213374357558151 0.0289200149248074 0.133296418125296 0.0448746123606968 0.202159497560024
0.184251196814528 0.0633503780065237 0.107954713040736 0.085208502405867 0.173005055341387 0.117918822568413 0.181208679235909 0.0234955104914691 0.0636071420951665
0.181715814381167 0.125823182536764 0.139294799107153 0.0396096922941421 0.00282191350928854 0.207500496026509 0.00751819397279652 0.114160657961935 0.181555250210244
0.176397179098472 0.0807921010947345 0.138339944974513 0.0893724498255645 0.0826036740990516 0.045739109386787 0.165362930235842 0.130920472713401 0.0904721385716346
0.180860728065656 0.168000001774044 0.13475189021966 0.0886275029600667 0.0402234255256247 0.0927107388866443 0.169396627012751 0.0131412512607376 0.112287834294816
0.0214671909349479 0.00832575276597717 0.170082424935145 0.0673965678450848 0.117064670695197 0.146336306895457 0.213267035736955 0.149665313092255 0.106394737098981
0.110826324535789 0.167715814410043 0.164810937180239 0.0195157064045914 0.0638455604141831 0.160959283974217 0.1202811615753 0.169910433595867 0.0221347779097703
0.0987548260328148 0.0900828117859321 0.155004132104169 0.188198932203668 0.150210143396523 0.0197531490023175 0.172807707829684 0.0335805763038358 0.0916077213410559
0.0509874509286172 0.0638837300684264 0.165090902156678 0.119654602073816 0.124233152332044 0.109671385162293 0.174533665435978 0.126874526174379 0.0650705856677689
0.0735884704593262 0.18271156787195 0.112695533875622 0.0902587945251495 0.063355301117065 0.0514263108234074 0.136164684795149 0.179968673532344 0.109830662999986
0.134930321812782 0.106163034582224 0.0378460281818771 0.181640275481712 0.153066183896952 0.0566003980244906 0.169594561582772 0.106693962358801 0.0534652340783891
0.147344868215575 0.0615119961652745 0.187447952608695 0.0805520404623509 0.0476614854483551 0.21103985957447 0.054139720572118 0.0958081916890468 0.114493885264115
0.250940946075207 0.170041624465349 0.00519653985276842 0.0782019760359396 0.220840717220536 0.103554753764428 0.0228373726930808 0.13507206660942 0.0133140032832713
0.113211763778591 0.12956988026831 0.192512131080046 0.164727363185178 0.0488679570781627 0.0525889546560145 0.140629049850375 0.0764007411440314 0.0814921589592914
0.123334176192934 0.060069385427953 0.110917825288646 0.14005431010541 0.1470657501092 0.134093356845145 0.00178053238844215 0.139357969174202 0.143326694468067
0.0462875231650298 0.112050023351978 0.13772382248924 0.154868843142555 0.0458755647324701 0.171897434810345 0.0364748132571094 0.210207167509991 0.0846148075412827
0.231094013536697 0.0504842698022643 0.0641035444462797 0.074068997313163 0.115242700995444 0.073645182649621 0.132078479340066 0.0440292330752438 0.215253578841222
0.0898149245157405 0.0955364344866695 0.16316461987821 0.105003283398116 0.0747055617295871 0.142167780221021 0.11276625010598 0.18385368181025 0.0329874638544263
0.044856754657392 0.167561987203145 0.161933631656317 0.000929479352432099 0.104797389477066 0.1687503568273 0.174434736337067 0.0194148925855579 0.157320771903722
0.164862587128357 0.0967336785245973 0.16341915909779 0.14518444823281 0.0883074529664339 0.0671312548479468 0.154367277303635 0.061781185926342 0.0582129559720885
0.228775750373522 0.0683753076114884 0.173369588288718 0.0970266159140929 0.163093557445626 0.127724458279523 0.0277570439312894 0.0828344919819495 0.0310431861737905
0.162354390316549 0.0105868264239925 0.0253608056933918 0.263223256042207 0.125501127118437 0.0177672009290428 0.0534787317276998 0.20142483184902 0.14030282989966
0.0466986301323135 0.079604254047229 0.173907181710851 0.104483211181379 0.0348102320740756 0.11656834779973 0.219290255984655 0.166909332017641 0.057728555052126
0.161045617782599 0.0960126235000715 0.10098521220256 0.158266712589063 0.00104477207947866 0.0800259890918676 0.131626421949965 0.223602054403057 0.0473905964013392
0.164488946660764 0.101576616898104 0.144905034739115 0.111211732574406 0.153014671477949 0.0574336743685899 0.0733183916192948 0.088273534221807 0.105777397439972
0.145795261310116 0.151048268714293 0.00596928232563743 0.165221367056291 0.105231559064446 0.172598889910855 0.0735158573590677 0.177695077944388 0.00292443631490509
0.252626345468672 0.106988548792429 0.0634828848181478 0.129639273678758 0.0107592926819999 0.0189899543421839 0.119859408473814 0.180253677272742 0.117400614471255
0.21147976196396 0.020004468100654 0.14889792199168 0.00858325643387749 0.115652168598329 0.218151718650923 0.116532354569107 0.104904192126925 0.0557941575645436
0.116879890956625 0.181002402467716 0.0179301148024933 0.0465861756794136 0.170894104164549 0.185021416497172 0.0807450199477169 0.0681784492868591 0.132762426197455
0.105649124822681 0.147021659187192 0.149058723305998 0.0763894835188821 0.146402289484548 0.0860627184048568 0.0625732192485117 0.109723956059047 0.117118825968283
0.0209259217970876 0.129624121030981 0.0557057855217436 0.05295151845106 0.20874092966348 0.144927323274047 0.193826357779452 0.0143928177846817 0.178905224697466
0.0298574501093438 0.107795520330718 0.125890860359883 0.151615669899991 0.157666215763345 0.162225602485914 0.0590683851872641 0.13808212696186 0.0677981689016804
0.168767481750385 0.173481943137482 0.127462993873736 0.152410951765696 0.00445606119523211 0.079456067248937 0.105920228423554 0.00471801358273627 0.183326259022242
0.0146678445029271 0.0441540619645324 0.188927453909216 0.112023337108722 0.182539856690687 0.190180992262993 0.051063413409819 0.0401116916325402 0.176331348518562
0.205338612802606 0.284096842044021 0.129429365309277 0.0373954589005479 0.0943487987735 0.0637501044405912 0.0706060243462183 0.113366340735467 0.00166845264777084
0.160836459565949 0.120588069367028 0.204513811312303 0.141406991894413 0.0778876450567733 0.163583028475326 0.0679570779596001 0.0360341316433191 0.0271927847252892
0.237960199572357 0.150552203470062 0.128517031927452 0.0833308922088771 0.0609558927792406 0.00984025783729835 0.191633678765973 0.0623746933749303 0.0748351500638102
0.171922220783446 0.109783487149938 0.0553973001035733 0.00431644708862962 0.132880876149038 0.0747224726347794 0.177185185525663 0.186427621189645 0.0873643893752877
0.172848863639379 0.144544512686653 0.0602102784166158 0.134673250881107 0.121779262248975 0.0778418164400026 0.0890844920913211 0.00664723964822516 0.192370283947721
0.0524046242734918 0.216134355194146 0.0588861206309621 0.0999519842992961 0.204169706232383 0.183622880412836 0.0768668413589584 0.0632403897430901 0.0447230978548366
0.188620311679011 0.204638613062149 0.191217683186116 0.076837674150198 0.108391836041284 0.0562694247787025 0.0142289166417376 0.0908513915847297 0.0689441488760733
0.185932601759528 0.0126914285599563 0.133805527992675 0.140554678997114 0.218172971599114 0.0289533029922808 0.129191431586816 0.108658085986049 0.0420399705264676
0.163305825810295 0.0021290340706345 0.115326805230167 0.208995958893461 0.106223106439244 0.14316349538938 0.154313398168947 0.0465980926860868 0.0599442833117845
0.169179283012611 0.0260098512957052 0.177966458029763 0.0588307360667577 0.177672581393712 0.155228315399396 0.00760813972829825 0.129435716713778 0.0980689183599792
0.131573878301938 0.176241567484749 0.130382060856384 0.0890066180361592 0.0930767513940275 0.0730607806862138 0.103784238423375 0.109851854132709 0.0930222506844442
0.00278411861024295 0.126665995316711 0.0263617668344601 0.0162908702730063 0.323031863385339 0.0271948625295571 0.112185708990861 0.229364967314142 0.136119846745681
0.0291390281403757 0.0787899662394874 0.0709427525653297 0.246443797627049 0.0362458790913702 0.0379188665222859 0.152960059895869 0.137446691802762 0.210112958115471
0.0163282129787874 0.189097666438985 0.253622583341036 0.195479182408005 0.0638629751111583 0.100683094366065 0.115136957950612 0.0553183812991305 0.0104709461062211
0.170841773987804 0.092960952260393 0.0546560443454971 0.155062227084372 0.0459902757325598 0.188383838580924 0.0696384537664131 0.143907039439515 0.0785593948025222
0.0938330875210952 0.0266714024000403 0.158779030847692 0.0949306939715169 0.116435414257772 0.0849735462522572 0.136772131813174 0.129291270955077 0.158313421981374
0.0496993456622726 0.136521503806617 0.195425843024662 0.194360589311772 0.0770353923139612 0.0402962504271791 0.109588698256069 0.168149345688617 0.0289230315088507
0.129414475574671 0.0245768312760534 0.0684553089125294 0.258145981055495 0.0396356619463299 0.14838295668587 0.0713677358957257 0.208982264458748 0.0510387841945779
0.172737001703906 0.0363511555792986 0.0215614250491903 0.198183934989463 0.0438792798078476 0.148510062339006 0.140331275485377 0.0573519976021963 0.181093867443715
0.00348004717914396 0.104733943207021 0.0643960167273043 0.209114752240882 0.0114920156018306 0.214827566565953 0.0533273676571956 0.00785863414269305 0.330769656677977
0.0311235449719465 0.0178339640380202 0.235555953470189 0.0598748610365505 0.0975200755711095 0.208510366312783 0.260608448441599 0.0340033928609027 0.0549693932969
0.116335763421921 0.0162741711296569 0.277828673678176 0.11060878090704 0.0990384668056018 0.0653895571256465 0.136543940767539 0.0906641047876852 0.0873165413767342
0.00755606708999241 0.199403279624288 0.198968128054064 0.0607745412870197 0.146454832282528 0.0367035158094963 0.0697956349503319 0.161777753241171 0.118566247661108
0.10024705751987 0.089937544748868 0.169000170498152 0.190242484310531 0.0832833597980384 0.114410923914094 0.0228588412195324 0.0465611362185386 0.183458481772375
0.224934234678772 0.0971239442762669 0.127773205956183 0.150599051998145 7.63331680105958e-05 0.218552484561164 0.008334046037759 0.0896511909437339 0.0829555083799652
0.152805264090936 0.133592936964506 0.135783160134443 0.0527699950872031 0.182128081978869 0.0934130382106118 0.031812490889755 0.0943859738275599 0.123309058816116
0.162872266346883 0.238582185668915 0.0161228156809158 0.155461204267765 0.229722709380187 0.0216893179917673 0.0180379758064949 0.00844615499959736 0.149065369857475
0.16026422827296 0.22392456736322 0.00311232104719917 0.0144074627830746 0.178452416863663 0.166608170686539 0.0580928289195087 0.177120829488142 0.0180171745756934
0.21385294777565 0.203895039788961 0.114828484467582 0.0371418080322036 0.202156647191969 0.0291839379376003 0.037887451587848 0.0078829797881067 0.153170703430079
0.0568607972381713 0.210785587919667 0.0775386849025634 0.00568423924995698 0.130184711075228 0.190401162625448 0.0635468405067258 0.124328078382124 0.140669898100116
0.11522477955191 0.145522502884397 0.137530130906924 0.128290183414473 0.0223785767456834 0.199264130461759 0.0611000428852981 0.190538943893507 0.000150709256048895
0.118554038625236 0.163891473476416 0.164765333391363 0.0667288208309147 0.104968665392228 0.117240964100476 0.0143526418842384 0.0866565597793113 0.162841502519816
0.152084925355007 0.0236405227043381 0.034000073249311 0.0104584737660599 0.146138673780034 0.182562205299417 0.0368222781858955 0.18874373651961 0.225549111140326
0.0416627029250095 0.220139481744825 0.177483214542769 0.0250736090250623 0.0793923554485881 0.105547056567735 0.0740749056884128 0.182697778068214 0.093928895989384
0.0251615112385946 0.127432933859869 0.106688571959598 0.111235661877573 0.124200848565182 0.0234322642925374 0.171479828602749 0.227931887998558 0.0824364916053382
0.122024755717469 0.0731359804660959 0.125309160508975 0.0855654095713207 0.24338474237966 0.00583776598478146 0.0940453136638201 0.0774890592010818 0.173207812506796
0.09929369589039 0.17710527745027 0.013445351950309 0.103570305282033 0.223946070887067 0.0603083901743037 0.108955081713176 0.10140422192486 0.111971604727591
0.109763024844536 0.011202477347574 0.131774188451891 0.100241727139143 0.161225264573057 0.144763549874987 0.179440766394033 0.133869024366404 0.0277199770083747
0.106856961988639 0.138120800871506 0.0505733543557014 0.133360276422969 0.164550130464948 0.164543764828587 0.0990983025136853 0.0933480931508064 0.0495483154031574
0.00775009476306579 0.11719978739496 0.245342787359924 0.0287360661941318 0.0478613558970581 0.245416314765333 0.113772866794519 0.0287143916610207 0.165206335169988
0.0986069122559395 0.128462592372779 0.173570863075835 0.0222179185241952 0.0808138723085241 0.184615951063545 0.0792496331841297 0.143729175621997 0.0887330815930556
0.0366749174614842 0.12210532156027 0.123455258798278 0.155119778281661 0.106318382172687 0.0538850331392451 0.0398157599451721 0.251737856093139 0.110887692548063
0.120386138934004 0.152204635089977 0.148090956732357 0.103627480383837 0.18535598967651 0.117063556250683 0.0943735318690258 0.0572207531052028 0.0216769579584037
0.0722472160444651 0.130802192118279 0.00841449465026505 0.232981010888404 0.183426056278103 0.141461372005691 0.0862249360850505 0.0525708378340783 0.0918718840956636
0.15931676221712 0.0314846375949177 0.267316653025241 0.062082911487359 0.0338339750759393 0.137129775077436 0.230321464309769 0.0633202536998113 0.0151935675124069
0.161118654284587 0.093107900052453 0.037563804980657 0.0734298913284861 0.110093141609055 0.199450553400933 0.224179861658622 0.0793959275291381 0.0216602651560686
0.0653547349749185 0.141649598545504 0.0961209161099914 0.104759348833443 0.0183049374308748 0.172305117821999 0.181773118822654 0.140237385438765 0.0794948420218494
0.134397649656966 0.064567340607459 0.117617020774046 0.143544528032589 0.109980458876692 0.00517166662487175 0.135909099068458 0.134806493631912 0.154005742727005
