0.0199865983570567 0.0902528047799152 0.0956692837312425 0.10563490088972 0.215585981806845 0.127975563528289 0.0966465616008169 0.0409629173394649 0.0613925952887448 0.145892792677905
0.0920375639134163 0.0609775667729521 0.108646423883642 0.200311470505265 0.00392134019391667 0.10343022860071 0.201991938437685 0.127427413043158 0.0291764000454479 0.0720796546038084
0.0954936582475484 0.137628980159465 0.0249873438328227 0.159153274081683 0.134463376417018 0.0853845461756318 0.0829397743768026 0.119468375920353 0.0958640095524586 0.064616661236217
0.128143361894282 0.0391097267116063 0.024346200653252 0.150380243498701 0.12960917134199 0.132113546423479 0.115382230685673 0.18856050454465 0.0178326388818034 0.0745223753645624
0.143697603286355 0.0664920493262786 0.10187833866807 0.147011611812951 0.00656646263990307 0.140218244138867 0.0796785098160558 0.0842866022467356 0.119505662499629 0.110664915565154
0.138207618428864 0.150260519802341 0.123409395005795 0.0498138701383084 0.0209582852874004 0.0309060060812786 0.157533558579067 0.124043871458637 0.139279693006592 0.0655871822117167
0.0508500421257112 0.106322102963789 0.215866392834319 0.0748508069092069 0.137204998364507 0.021107948138766 0.232251324881765 0.100155453347475 0.0210639332133959 0.0403269972210655
0.214344480195912 0.00930332599352491 0.253760777806027 0.0872943719610623 0.0399510870126471 0.0495890473334743 0.0378996973917022 0.10052665990242 0.102017834974353 0.105312717428878
0.122139820205257 0.102169631174253 0.0181715390094825 0.0932481743646454 0.157877226032636 0.037478035557291 0.10985385178686 0.162578800306992 0.091070192677299 0.105412728885283
0.168376343105943 0.132176433722672 0.144381288226051 0.0855798492505096 0.0101779965465989 0.12174659089083 0.0338356784151972 0.131015524302572 0.14255627931955 0.0301540162200762
0.0606239779094437 0.070180742820968 0.220380143999991 0.107230468067809 0.203305564968949 0.00354322717840502 0.0257489880833035 0.0662160585612195 0.20734705769488 0.0354237707150315
0.0582706286447382 0.0925844007937889 0.16732152222128 0.103090499099534 0.0596592402300773 0.12401439422685 0.0640334349567738 0.0416380364140632 0.183401169430477 0.105986673982416
0.0401841194548575 0.00372369128845736 0.0780542630269137 0.141428434925782 0.153446839982633 0.150620560992729 0.0507091838573098 0.0989851377204712 0.0981098383452458 0.1847379304056
0.0272955890376167 0.228064359402697 0.166296177218074 0.103579406541509 0.00453683533139095 0.0275076729742093 0.183410088992348 0.168803252214073 0.0902761750928952 0.000230443195186255
0.0984055822999193 0.106604851540816 0.157989479563947 0.036789836473947 0.105472784024309 0.117421091286442 0.116334437714272 0.128937777811353 0.0758602449229022 0.0561839143620911
0.140482730054094 0.122363538755484 0.0405809870701044 0.072611673211468 0.0321879836190805 0.0821006549754372 0.148374110119386 0.130704365300695 0.151797955164283 0.0787960017299677
0.0657153937438119 0.170835860088334 0.0455451567167882 0.12921496512149 0.0805100942747096 0.223209486041856 0.0308693013669507 0.0682483219043695 0.11185006668414 0.0740013540575492
0.163866398706494 0.285181914065776 0.0668618584196369 0.00480491172461813 0.0834871659681314 0.0525479602748417 0.102029356469711 0.0420919256412328 0.00756981271570921 0.191558696013848
0.0746415308888525 0.0851270494429504 0.21875862279932 0.0387670054777294 0.00605632342327829 0.000228484337441993 0.0553437214146927 0.158314314322369 0.150433611260649 0.212329336632716
0.132716773759382 0.0156534854995085 0.0423876407820613 0.0337092246739449 0.173313723592991 0.156440197934732 0.214506326495034 0.0457338475317038 0.0763052787733871 0.109233500957254
0.0330782869989863 0.0133505647380386 0.126267077562529 0.228492253333573 0.0219312176455757 0.0169594980077559 0.12417078454755 0.228989732192666 0.102855103271813 0.103905481701513
0.138002196967906 0.104102486954157 0.0241877986047597 0.157899000321062 0.149629727442174 0.0865993009374564 0.0801074464942083 0.074113743870929 0.138745904541563 0.0466123938657844
0.100623296794117 0.0317594823598365 0.0415026202318821 0.077898237410581 0.177162127626756 0.0879535371281249 0.0836714460432532 0.138356747029462 0.156927329221475 0.104145176154512
0.0888822692395538 0.153917929508236 0.211345884850506 0.0232964372044224 0.0848928038194623 0.0629436620637481 0.00407648549962943 0.148326588941804 0.0196897815006814 0.202628157371957
0.218714800416843 0.132875157725925 0.0935309864666438 0.0811824584784001 0.10614894959747 0.115061048051459 0.0250852934766505 0.027350229491005 0.182655316226015 0.0173957600695889
0.0218697575012346 0.211816936732881 0.0644052135479402 0.168820360214507 0.0280989536309431 0.162886340803274 0.0164892637927308 0.0100651617712025 0.12223733267088 0.193310679334407
0.03412531974363 0.0175751443950607 0.0962464852057711 0.0850788517187972 0.130085755255434 0.162899057497924 0.00759103623251439 0.0905405966534992 0.100735263931374 0.275122489365995
0.0142286739857933 0.0155402515432923 0.0691817387561159 0.143817975738578 0.0604339114874607 0.180449734638282 0.215291694587298 0.12025441071628 0.155958522731376 0.0248430858155247
0.166004014460991 0.0786819122605215 0.148039627231176 0.235586892563781 0.00792429723745389 0.0896033534026603 0.0145848576575564 0.02282673233688 0.0573591343934503 0.17938917845553
0.13762253035011 0.171181143517988 0.0613257315522694 0.113010351982801 0.150672810866767 0.0548557483955779 0.0328189546223832 0.054350500993668 0.125152615299531 0.0990096124189025
0.154952166605748 0.00573503363148927 0.114221512154462 0.0479670606858993 0.0734206460643007 0.0138683123142506 0.172902986418542 0.106092417937683 0.197558757375456 0.113281106812168
0.128090528508543 0.0445728171815054 0.139283636747433 0.156495511696166 0.0212312962039048 0.0459372633989002 0.137177488397385 0.0618799057873745 0.0946172495412313 0.170714302537558
0.119546910307934 0.0169372614064511 0.173277696793277 0.0581837176129315 0.0472690636257039 0.0502249496753257 0.156137962714407 0.164436388665457 0.16403294111504 0.0499531080834721
0.164311562613754 0.17770952833095 0.0324567836049376 0.0762637475090963 0.0232806955543639 0.160605373518022 0.0222314844312936 0.0449393003395036 0.183530561279621 0.114670962818458
0.103348451310675 0.0632402267967151 0.161846420881094 0.0258465777473458 0.149420547230341 0.0932957935554534 0.0842723287682846 0.102691515040535 0.0901421700724207 0.125895968597135
0.0617372658093501 0.0293423454251802 0.212517291655743 0.174750471805622 0.25561192598446 0.143671995957681 0.0221477428528338 0.0906382078395423 0.00782448357777186 0.00175826909181544
0.166756279902302 0.148245101596689 0.0390013833605276 0.125376670424834 0.0287357857432113 0.0268706122742839 0.0861371938433643 0.0945839778178273 0.108208352444667 0.176084642592294
0.159617125733912 0.0807767977760563 0.189057026205268 0.188091432457036 0.022172565539028 0.172914849613134 0.00903524038991897 0.0450358275417906 0.0239569062101276 0.10934222853373
0.117601278013258 0.0135714610294875 0.185796337466318 0.129326601017257 0.141423538003561 0.0105003841062422 0.0455418289658528 0.134863494678796 0.0788294538182993 0.142545622900927
0.164100448088357 0.196161215750147 0.0350512539370075 0.0876498689422333 0.00719693880481361 0.161348900600683 0.0524413332581696 0.0714454635129762 0.0875977753857523 0.137006801719861
0.0538778520013134 0.0927848677020395 0.140037614790137 0.13610533595343 0.148803778976707 0.0396856240281678 0.0645987881499812 0.0736036894207178 0.132261577795213 0.118240871182294
0.0134609050450291 0.0529942670615767 0.181447213230313 0.160672280312286 0.155328679321576 0.10222447271095 0.129818337684684 0.0918219298007033 0.0323420407253662 0.0798898741075157
0.128642515071483 0.0200775009355709 0.0760500367225065 0.193593834064959 0.0340548460289731 0.0633826631374172 0.0141310516423477 0.194584579039191 0.197274800421461 0.0782081729360909
0.0621424266793405 0.0692020791885976 0.0646094639627355 0.0399138740176684 0.147678993875144 0.183727539305109 0.158191694299258 0.151247706097457 0.071649325830137 0.0516368967445528
0.0882477011586631 0.180367143055389 0.144770581164377 0.0184540439585665 0.171650449205468 0.0205868488849349 0.112491315666512 0.166357191436861 0.0970609244343734 1.38010348555927e-05
0.0615764333677277 0.196630367179286 0.104829959282586 0.113170332798331 0.0387043830238154 0.0298178322628517 0.0278688021693918 0.07366018345622 0.217183682416021 0.136558024043769
0.178428068791786 0.0616452870872577 0.0772390265406964 0.0512339608110419 0.0499983905814238 0.189477219161835 0.00453863508276869 0.0416352173383984 0.19711957808156 0.148684616523232
0.0863099108021528 0.0351174456881575 0.213099556230819 0.0107563524395434 0.0453978524631038 0.0773347553770059 0.131407923617093 0.0235109797000042 0.232030983390152 0.145034240291969
0.111702410370185 0.0213369895665008 0.14585053365937 0.109035087767327 0.165044809730863 0.0572048613919244 0.0992170580584638 0.0566697985256923 0.0810363530021219 0.152902097927551
0.124098463296333 0.12768387516869 0.155101897215808 0.071717558889966 0.160487642370763 0.00878624303856175 0.152276747236622 0.0164919326309472 0.0460645607247397 0.13729107942757
0.151331695709488 0.0542499822802526 0.00151490850589199 0.0270630506879818 0.0564118859084971 0.0693447035845415 0.242373908333245 0.0306480264193253 0.234564735187729 0.132497103383048
0.0374397200011901 0.0537463722503011 0.0956875519441702 0.0249242254440009 0.178467278825437 0.0965803574041831 0.0322442177592904 0.194622188361283 0.147779246370792 0.138508841639352
0.0976970599912245 0.137838422069916 0.101592318062674 0.191666135892888 0.0632443923486844 0.0163854683561466 0.108771499680769 0.0367310193161498 0.109559052660702 0.136514631620846
0.119721422633267 0.0925074754965442 0.0460716603239625 0.0274183228964163 0.262446732954024 0.0348282803807383 0.0747977278494452 0.136673469353628 0.0448565507615116 0.160678357350464
0.0355293034896776 0.207945745710684 0.18334370722166 0.176708848282567 0.111744268798947 0.0392007892033015 0.0180973754703905 0.121850217706771 0.0309257551321207 0.074653988983881
0.13253664838854 0.148598195338979 0.0273697127053164 0.141881786170474 0.201182616255735 0.0289452800594762 0.147763929668368 0.144220867487088 0.0153281535762829 0.0121728103497407
0.104125067022058 0.144743954031909 0.0532388204015045 0.193967274335219 0.0356492824985474 0.021060004949062 0.0652629831670118 0.184495719210742 0.0560822967868801 0.141374597597067
0.126230107368814 0.0714128551399996 0.00839259610533792 0.145987801677016 0.147570250215187 0.0367879265909417 0.122572476604722 0.160562888813109 0.115579901114614 0.0649031963702593
0.12678834464052 0.00397492975588554 0.0969476235673257 0.181631259210824 0.11415366134832 0.081327593359708 0.148696576197939 0.160715291305794 0.0192370496721749 0.0665276709415086
0.109079223722424 0.126732892414272 0.152646464662422 0.0301667093673437 0.156390169069737 0.0507764414662032 0.0705260347421037 0.0976201661990544 0.0729232474650965 0.133138650891343
0.143006195142818 0.0309148816527324 0.0384651344598299 0.135082479313367 0.127088169079532 0.0983786824673612 0.118117615227185 0.0391121931469229 0.137897306607007 0.131937342903244
0.0767202279616117 0.0886524061272183 0.231280671178479 0.0306908010090766 0.219979054024471 0.0408170220729131 0.0763999555040059 0.0122507666843865 0.154898840952557 0.068310254485281
0.0751231876471699 0.0741105479868095 0.0587185695076359 0.063981262145489 0.133018094125188 0.0797651869300234 0.0982523046713921 0.162660645364561 0.163004582196114 0.0913656194256163
0.156881657364143 0.119021133239129 0.113971374459493 0.0980809891411684 0.0621244229499664 0.0106276437199538 0.109578033107929 0.0837646108944281 0.143590461525625 0.102359673598165
0.0376218127445193 0.151901259618836 0.107565639743554 0.126520109221565 0.141893867020421 0.0306441538200303 0.0536306121873604 0.116892614269926 0.144722031112132 0.0886079002616554
0.00884490437338079 0.170713900270495 0.127797697994181 0.0631458540398528 0.151073356928546 0.165637620113602 0.00826082266548259 0.0972012175942435 0.0269171856506291 0.180407440369587
0.109477927761816 0.0314917414323903 0.095388043406963 0.127254172223067 0.0692984600935576 0.0725467071796681 0.0428457931991967 0.104520703628483 0.168416184053465 0.178760267021393
0.0670893917334435 0.247866645572432 0.238494552229164 0.0173741600313581 0.127333265683629 0.0178363973553049 0.0149537849120412 0.00948475261808969 0.204992928421978 0.0545741214425593
0.181840418802496 0.00264693523011161 0.213692689688953 0.203182849088593 0.0734659488356594 0.0933088379360374 0.0606115029788444 0.0804438568455353 0.00621128352671807 0.0845956770670523
0.158593346460372 0.127638196596903 0.11502072072203 0.0730282080027389 0.18052623103751 0.0288427185676221 0.153437629143999 0.03121591445978 0.0714378672742309 0.0602591677348149
0.109175425205386 0.0958860752822137 0.0449137549410554 0.131373391462873 0.00359753462062111 0.139501266057661 0.110622501322325 0.106943756367121 0.120006825761605 0.137979468979137
0.111087935895254 0.136829088589019 0.0300721297680355 0.138838659700379 0.0235410753186067 0.130085312220771 0.156143164314067 0.0410707512952769 0.109008912745411 0.12332297015318
0.213910293150642 0.0674156809726056 0.0132535510860115 0.0403075810587674 0.0846524642946026 0.170638599074283 0.13775948646894 0.111011309318069 0.0365691678346491 0.124481866741429
0.129261587378211 0.0760800408934557 0.168457131365489 0.0231965664027801 0.173852800897749 0.0643683038767302 0.129910790829111 0.119654146012981 0.0667174817230232 0.0485011506204701
0.0451586296032639 0.193002857003598 0.0804909245870592 0.185701364258879 0.059731834154281 0.0626364909871548 0.0304288788651538 0.0534879334551209 0.113003422242931 0.176357664842558
0.170773801660528 0.100869445648155 0.0407354824099362 0.04388874853456 0.0601837400632707 0.139158719093027 0.157485551019959 0.0572365854188997 0.168182257711019 0.0614856684406453
0.0301258376556872 0.176159294250559 0.0322101200488807 0.0262035917822522 0.00873921232287801 0.15307359214334 0.167531303280628 0.143257072247918 0.173129137002498 0.0895708392653595
0.110585922540596 0.133672332094492 0.135055485191432 0.0479037245192351 0.0337767734213136 0.154711764910825 0.0730277251110212 0.12821806331793 0.128293554090215 0.0547546548029401
0.00634284303884192 0.149989588392005 0.0657673083723198 0.196106711826444 0.0845525939921121 0.168983256848141 0.1621676500469 0.00218295938297653 0.156554461687397 0.00735262641286329
0.0921980539863382 0.15007816233488 0.00227196412475019 0.131104033220637 0.125830838788949 0.0765833664731759 0.0137250570142852 0.162676157582656 0.150070820234752 0.0954615462395768
0.0722301342627761 0.0863479945415431 0.0633797437939852 0.0504908910586779 0.210613838240663 0.172844314288361 0.0456230195880387 0.0347577134844244 0.0920703146521398 0.17164203608939
0.131629261429482 0.110930431442523 0.0458146362057579 0.15556180291829 0.0781256886181985 0.0625359893200568 0.146859053038056 0.0596986936122981 0.14900125052453 0.0598431928908065
0.138412739392664 0.157083144373701 0.0880457794256905 0.0680893369316177 0.0382704662466943 0.112449375346161 0.11572895709319 0.148696712274036 0.0821718898471164 0.0510515990691279
0.00118730446724614 0.0558779870171125 0.0174983594235339 0.238985877283937 0.192836085345765 0.146591772445092 0.0783082315358687 0.188342330962886 0.00434803698655276 0.0760240145320061
0.100564984902021 0.159324649774868 0.121348149716264 0.0167629644988646 0.102732716258658 0.0802547567454963 0.0734123402723894 0.130292543419162 0.0750004679607808 0.140306426451495
0.0529225556410831 0.0382876175505805 0.140611435877578 0.068960318053039 0.126066619397536 0.139841450982009 0.167593938394831 0.122429487402449 0.0974941288746085 0.0457924478262862
0.188827400068551 0.164067191460637 0.210658298049983 0.0104590882291187 0.00145225010330306 0.0323664469185089 0.0690629357531864 0.175577961218275 0.107020323369005 0.0405081048294311
0.133603282618348 0.145025355398638 0.051992379141767 0.121541568841496 0.147589793767248 0.103608030398305 0.0534714724383409 0.0144916356997938 0.0827843347790817 0.145892146916982
0.145673172219546 0.0427387830678803 0.171165100107274 0.0799912228008129 0.0352544467244213 0.0196001560732458 0.171528706088977 0.172401693422489 0.0982272650535641 0.0634194544417888
0.0572101540437182 0.0401709665660182 0.176976404256168 0.141729536460837 0.168383972829111 0.15022094141027 0.076679977809384 0.0773376418271068 0.0461586764850607 0.0651317283123256
0.125777852329486 0.0753624595155844 0.139080372631779 0.000814654260398241 0.105511324977121 0.122547339453295 0.0766974266774965 0.076194435778013 0.103712240103062 0.174301894273765
0.125460893430181 0.155395026006499 0.0272227834714586 0.0396333782184572 0.155700451787132 0.155569349459547 0.171404596020201 0.0923353765230862 0.0147326770159255 0.0625454680675125
0.0457774389354841 0.177822843392396 0.189982292026377 0.0398875437423302 0.150602599538639 0.197918512204279 0.0913806304258628 0.0234614745204548 0.0108991628743294 0.072267502339848
0.17073663024953 0.140625807599226 0.0595354284722662 0.101991476765325 0.150470539937668 0.0269585134291888 0.0309425399709276 0.11362209492072 0.116177703669914 0.0889392649852342
0.22107673325087 0.127296686425354 0.176187145872958 0.122600902711085 0.0598851502028573 0.0199423681182736 0.174858750561983 0.00264982826587192 0.0568297015582193 0.0386727330325279
0.130918962118045 0.0897475832332228 0.154155211651912 0.128308297970231 0.0881675861747328 0.122339014936929 0.104471977249629 0.170877420652268 0.00889624609202079 0.00211769992100963
0.0266096227559024 0.00959554108923402 0.18243579531739 0.189497292033959 0.117504048052214 0.0625650116876105 0.171463421100944 0.0539181791416064 0.057558491926237 0.128852596894902
0.182130812566162 0.0940207204609898 0.0196270330315196 0.0744673958867066 0.0568342040420367 0.168343954539161 0.189404035116936 0.0673170331633886 0.01783573329868 0.13001907789442
0.107601234675127 0.125372792275131 0.0602278582715309 0.102869617522046 0.0901191921156628 0.0914994583488777 0.0696464936144269 0.0916115482437028 0.123136398804549 0.137915406128947
0.118698065166088 0.186213102450103 0.0581644843078075 0.0447273022851571 0.07915451488614 0.00197728632048195 0.0990340722283494 0.125849941831803 0.15002908601312 0.13615214451095
0.048029399343019 0.108451899115141 0.168363005099415 0.121054808799895 0.0537414280061078 0.104443958862947 0.00427188103294431 0.13049752120487 0.166295540422942 0.0948505581127198
0.0553894657827246 0.216140546794741 0.0154976642196473 0.0705204454887155 0.0530836768730961 0.137478171605685 0.153483357392778 0.228323270719629 0.0349219108803276 0.0351614902426569
0.00993204376903392 0.0783477986394014 0.198351190030728 0.090937927623393 0.200208277720577 0.202644647398928 0.00992378073616211 0.113795457403808 0.067708910987461 0.0281499656905074
0.109376601799775 0.00541293532366157 0.110021152326973 0.0858066776684374 0.126314057581873 0.109062796136601 0.132174993815378 0.129563082234828 0.0796100431170462 0.112657659995427
0.0166895508109533 0.0117502145892119 0.207216586496055 0.0250786438158528 0.0207213991181671 0.0839997561526871 0.180986417293746 0.188422993981744 0.0990490675716949 0.166085370169888
0.0626451373130561 0.153924458596461 0.14334026355693 0.135240697282652 0.129947900104619 0.00898102358460427 0.0693999023507099 0.0313773629898333 0.145233349538453 0.119909904682681
0.0598630333896557 0.207629141743461 0.224352239986555 0.0463817670213258 0.207589088028855 0.0496898670701332 0.0463886641688427 0.0823125602875774 0.0334230624529061 0.0423705758506887
0.104796515239445 0.0516428656249015 0.0307253207534355 0.151002741671361 0.00492907017550796 0.107453194097425 0.204112954711757 0.0580150126509757 0.21895671722329 0.0683656078519006
0.153603880970085 0.0774570135672506 0.062032431524523 0.103086921579616 0.0779934427342218 0.0199884153765554 0.119702859032613 0.152457266750844 0.122491629705662 0.111186138758629
0.142739148482037 0.00918204078948096 0.129793119591253 0.0119726136525724 0.132263570905378 0.140445567444698 0.0867698701830618 0.105882418956907 0.10900750507019 0.131944144924422
0.0554701523317815 0.141265759602228 0.224839915940062 0.22204931833939 0.00241176424525845 0.0942140017432517 0.0105381172901947 0.116408292077133 0.12197931747168 0.010823360959022
0.172225828464584 0.038301996252403 0.170116411856299 0.121579450203268 0.0114940162419557 0.0686259841592338 0.0493631251291074 0.0777778224588206 0.1076817197909 0.182833645443428
0.0991444729669621 0.0326129832927398 0.150794711493269 0.169800522176679 0.00951773789750696 0.169925384330103 0.0576184976054269 0.0767689121068565 0.1083155011093 0.125501277021157
0.150836808983584 0.162179541358471 0.111035124655545 0.0788097822241724 0.000918714419743465 0.0127349125111985 0.14221063725225 0.129151052078816 0.0320406171451904 0.180082809371028
0.177791011811921 0.0165231918337223 0.0872431514644142 0.180454682388032 0.0574543277315424 0.0486590743947903 0.0140123297044635 0.0742431192320159 0.1430058267812 0.200613284657899
0.115990318494334 0.092411005292096 0.17023036738941 0.115410273656583 0.1509931368902 0.072785871008219 0.0457597650847623 0.0750281685985746 0.0629874625371182 0.0984036310487024
0.185346032728615 0.0323779470610969 0.0820921833943702 0.0891155041068488 0.0746414934058884 0.157973789629947 0.08757268164444 0.109040790391663 0.0739915597651483 0.107848017871982
0.0214197243185375 0.0448287117393233 0.015535555475684 0.00578324659097696 0.161839251604018 0.215584458223174 0.19635544950658 0.0897937895449443 0.154853966175763 0.0940058468210002
0.0455938529336032 0.113519748255881 0.087419543442736 0.123030473939356 0.124345538068139 0.0370308724735327 0.102291272888659 0.155904675210212 0.115439414611314 0.0954246081765668
0.137128804341862 0.0273741112513093 0.110941517606829 0.0836546036838148 0.0282307796151732 0.13754146032054 0.181746072390584 0.137862949516169 0.043444489243803 0.112075212029916
0.0118269745534963 0.150130182401411 0.179783160943122 0.0821601393636509 0.0733916222788716 0.0376987173431335 0.174012713567161 0.0166305038228185 0.171579507217762 0.102786478508573
0.0366708077153891 0.105154361274294 0.0065437917885203 0.0964889152127663 0.0314211846142095 0.139212731013218 0.242544238780708 0.157678346638406 0.0210332891338936 0.163252333828595
0.0386171387270381 0.0187197667074601 0.107753936579243 0.0337184024405598 0.100627382599726 0.1965460917519 0.073977004375285 0.112995446165789 0.188205711601616 0.128839119051383
0.170826404370724 0.0869076854822336 0.0644384430559682 0.150550553444346 0.101299393383893 0.00866086135457942 0.183685920055894 0.0321226167248004 0.0713885625408231 0.130119559586739
0.0642358043082261 0.138733543831965 0.141497512508404 0.130796810713428 0.0398861895342559 0.0642785949915496 0.119323090622674 0.0965059268728234 0.10522694475503 0.0995155818616453
0.123216595308024 0.148890985699899 0.148551059778639 0.0558759940523304 0.100746684577313 0.10565629283886 0.0462806263118693 0.105154147395579 0.140124239892974 0.0255033741445128
0.0020526635886252 0.156424466523411 0.0794629211870324 0.0477634066719527 0.143270180232013 0.0350203075180266 0.0761885059413176 0.161150308613756 0.13312486221244 0.165542377511426
0.00936027033361064 0.0831018523431768 0.188240470094729 0.0091618022896403 0.183435529076175 0.184211755440104 0.111897815858179 0.0497166900811136 0.0609694586437867 0.119904355839485
0.00449373950012497 0.168233036505492 0.0771638677964802 0.159010122023648 0.156280927784964 0.104532758293688 0.157506186752004 0.00344713022166467 0.146293307292388 0.0230389238295465
0.015307806696995 0.00416826083851709 0.103990845359513 0.123980848739598 0.133246065176174 0.190253721350683 0.135837442044573 0.00791649132388632 0.181823611004918 0.103474907465143
0.000736752876215574 0.154278338461128 0.179135442201144 0.0648994699540532 0.0650426115236241 0.182793730669476 0.109115843874569 0.0523922321212764 0.185149441815788 0.00645613650272609
0.105082838660798 0.124720439141305 0.123058649183369 0.0963747244932313 0.0721344150049014 0.0869951314653072 0.109923896018951 0.0960053872971939 0.0254947131641496 0.160209805570793
0.133056870960711 0.140493154627878 0.16731167907936 0.0406180369302703 0.0688027335981766 0.132286566427758 0.167816714196102 0.0229735088120079 0.0844488176721711 0.042191917695566
0.159049730008031 0.120260954164214 0.0972724736433552 0.118490412321273 0.0124622855699622 0.0376876731304825 0.114800357798533 0.132260338484706 0.172501984731469 0.0352137901479738
0.0957878509275275 0.118209395136954 0.130772800781538 0.0769689270827533 0.1009600162567 0.111916437886637 0.102295259078292 0.0133295502203688 0.139164986231311 0.110594776397919
0.0915442717345056 0.130860922130244 0.0471388491508382 0.123244699145825 0.138942396241352 0.107739254776458 0.0940875116124907 0.00992390625970822 0.102303593080408 0.154214595868171
0.072979151925083 0.0646689891892052 0.209886646759836 0.0635444272773147 0.138855025267719 0.0899702124969048 0.0891464521353462 0.0341301862503091 0.0537259269631675 0.183092981735115
0.024291570617497 0.10844655305655 0.130702796692521 0.163160679660807 0.122931581452857 0.156881312439011 0.145975202388424 0.0814231719379515 0.0255009158652932 0.0406862158890865
0.119028071095652 0.0900040200768654 0.141984555632631 0.0773998186348354 0.136004718711639 0.0941628159114859 0.160134873430797 0.0685414303600748 0.011196175049094 0.101543521096924
0.198557085635934 0.113580503381375 0.0300949684931346 0.190176756558761 0.0397575146659254 0.0855375961119205 0.0164477318759349 0.133769278419625 0.0961016207020617 0.0959769441553276
0.00646915408611569 0.00858040075444801 0.156372780482652 0.0254382860075442 0.0974460045770042 0.159326655491661 0.165173623782553 0.228221519839183 0.0564737404299885 0.0964978345488494
0.174783793374891 0.0858042806993009 0.130606890643301 0.0142568854887297 0.0222614993830284 0.0567372443046317 0.0479363542519299 0.159555652261883 0.182574177062175 0.125483222530129
0.0857273944768164 0.103927044727154 0.103670129313322 0.136930568476928 0.141128215189301 0.155565128312402 0.127765734058425 0.106471673182647 0.0260023346969805 0.0128117775660234
0.0653567022942506 0.127829417424515 0.117929816989007 0.105687316246527 0.126436566289956 0.0832188979556931 0.130591305016292 0.0828729982872184 0.12261438640623 0.0374625930903099
0.117218785080071 0.064349401996116 0.0270731733004124 0.159682296344553 0.0407501873279566 0.158492550640079 0.167842831773007 0.112388651314934 0.103265121839715 0.0489370003831556
0.0151640807590684 0.089197813172281 0.062754765120501 0.00551419805326269 0.0833190976275459 0.154407537480825 0.0633167607408358 0.18949255998366 0.164791354497467 0.172041832564553
0.0359794387580182 0.125498946345775 0.110177957988198 0.188957738209704 0.0428717522225528 0.0950805798230566 0.0624868833184642 0.176884116432811 0.0100769651847951 0.151985621716625
0.0625768269795042 0.0908746124478119 0.167944907779921 0.088487510007374 0.132749556731728 0.123444321367516 0.0356432558921329 0.085102395651612 0.157489719648161 0.0556868934942394
0.0335055230513911 0.157187351593159 0.114506998609075 0.157317763104411 0.0857160621290054 0.0682613166743997 0.0185823829032583 0.000668689674010831 0.0842373297712525 0.280016582490037
0.143705783529205 0.154827675512844 0.0301804291977988 0.161650567435367 0.132558955907167 0.136369265259023 0.00368335991237127 0.127548936954374 0.0640328925591039 0.0454421337327464
0.161743912863619 0.174244927249189 0.00223741281646504 0.00828952666112408 0.0881330265703266 0.00900697376631701 0.0752751146016292 0.229087733029916 0.156089055113944 0.0958923173274689
0.00904608492488896 0.184152468487265 0.104170249152456 0.0706679143457079 0.109819397313084 0.139903142633689 0.189635373870772 0.059029382276643 0.0240192339596861 0.109556753035809
0.223836597021018 0.138410809490489 0.0133221312323238 0.081528718191669 0.0273955617104811 0.102267677656418 0.0902111008375736 0.0449811053770608 0.169490080870057 0.10855621761291
0.0945238269985991 0.118148408662074 0.0420555663852583 0.00218356840350484 0.24764379099431 0.183512156386767 0.150200741284447 0.019556448247845 0.0577678013540397 0.0844076912831543
0.0482428999348006 0.150292238413708 0.0133315636114063 0.0936704991674252 0.103320554215414 0.120317722013606 0.140640764270091 0.0926536436525592 0.0654177901091431 0.172112324611846
0.0463699890842022 0.0805227700026863 0.117108863572624 0.0294618454958711 0.0921986516758478 0.0114140138118381 0.201290077490114 0.110707658960422 0.166748375281268 0.144177754625127
0.223953744793857 0.0781535939249294 0.069974776902293 0.0762290322565436 0.145643106281556 0.0137732914452511 0.241123226245746 0.124778474451926 0.0239707922866111 0.0023999614112865
0.0359882373453653 0.0294670519463222 0.121573837908654 0.0754733468826323 0.17394439022145 0.0435350550470739 0.0233395879255386 0.0953832710347994 0.199680678397416 0.201614543290748
0.14070037534264 0.109736084271859 0.0954832612549281 0.0970154593412741 0.124006142845369 0.112433485126915 0.0526259771955949 0.0611263237719383 0.130870075755252 0.0760028150942308
0.0936140947146387 0.0928848833794608 0.0164790583379196 0.0459042232389362 0.0649610668588271 0.102076180510798 0.0564357055598028 0.153727171421164 0.147725919970003 0.226191696008449
0.140714369897678 0.0212399905354702 0.132438957531074 0.105897047709909 0.0284647939132215 0.115082467163805 0.137946906718961 0.0643735640015731 0.139849952035481 0.113991950492829
0.15800851654564 0.00257926614890213 0.024751455689973 0.0500480580156842 0.125410202277576 0.13676285644207 0.159034911806531 0.116521466098068 0.128769811426836 0.098113455548719
0.12164081657978 0.0742361395841023 0.0779283077786356 0.0702802251339713 0.189010346376267 0.168201761019754 0.0545818475440205 0.152469557454918 0.0807571998339739 0.0108937986945783
0.0898333520012088 0.104522026963904 0.109725286721462 0.0349913704787947 0.0422624789279111 0.151393956332691 0.186010475042499 0.0253103963832523 0.156039525185216 0.0999111319630616
0.0714894559068529 0.0599135326683826 0.235279430695626 0.00695438420116109 0.239952226809676 0.0815176587573787 0.0180765899665825 0.108394113566532 0.12491836950998 0.0535042379178287
0.156006522766828 0.147072172914212 0.0234951224091341 0.164934025116487 0.0714927650022042 0.0955674738704888 0.0185221707409196 0.153858922660121 0.0549606475263746 0.114090176993231
0.143944456167986 0.0441595250342806 0.106217187366627 0.0599241916560327 0.137877103796492 0.048505860378604 0.111703659471562 0.0943479371258499 0.126175116751606 0.12714496225096
0.0215227968460996 0.069087984757402 0.0639702653816897 0.155900091578939 0.0160157746670001 0.170422512744495 0.112757991963986 0.0768445178266787 0.171807256258442 0.141670807975267
0.196191509881265 0.143606634970805 0.0909988990583946 0.186785797562248 0.192965302233243 0.0242812898921938 0.0108249013963429 0.081343502891777 0.00920928412726077 0.0637928779864694
0.0574853845375984 0.124761730030744 0.0343561176035139 0.180429765445101 0.0840702038646952 0.208002430991098 0.236323291360421 0.0489156824682368 0.00267477090079687 0.0229806227977947
0.0584023344112391 0.1231108703879 0.12239853560454 0.191054604947198 0.0792145075707109 0.0797726167312933 0.0663447654243213 0.0788309052289967 0.100776528525654 0.100094331168146
0.201437068835061 0.0708072746228824 0.0707130328942519 0.141603711936354 0.0159485872839252 0.145202168755961 0.0482008599511787 0.165091402463168 0.0346909014986171 0.1063049917586
0.0618634165944011 0.0340325225530604 0.0219744870124783 0.16148653279492 0.178830765081495 0.121509598219982 0.147960423562997 0.0427357680056971 0.154079457514004 0.0755270286609656
0.0428340621091026 0.128319820202719 0.104581827121517 0.130922956155328 0.128004765150279 0.130090552258101 0.0204714764833157 0.111115274711872 0.122012878057066 0.0816463877507002
0.114560783550591 0.0482780724820665 0.0610457941680206 0.153930452158908 0.0428028259388936 0.167691857067472 0.10268153296549 0.203045334274449 0.00109903951737737 0.104864307876732
0.14914165269239 0.0814870338689437 0.139240691903579 0.11110218395377 0.037299061775602 0.107629352321044 0.0197250727777426 0.156193810271974 0.153765045583854 0.0444160948511017
0.0466073641436317 0.108209633617224 0.124579726749799 0.122633762712464 0.162199796203083 0.161120362488634 0.0495574417404072 0.0406001860958178 0.0490387516450441 0.135452974603896
0.022121122781531 0.117839625445395 0.199864645369523 0.00148744088450753 0.155525232640052 0.200355015485269 0.013147035423005 0.0880834431733673 0.141814984815664 0.059761453981685
0.161283929940483 0.0521143298385248 0.182998550817757 0.0465456664504454 0.204918978417242 0.0918465541226889 0.113798049893037 0.0789696884770106 0.0461554236368094 0.0213688284060016
0.142543782861135 0.0425454401489547 0.0129800346675266 0.177115874825867 0.179836033667152 0.125249889524322 0.0421803917315701 0.0179148519130705 0.0888316541167021 0.1708020465437
0.155207329795095 0.125797524321232 0.08040145145923 0.127402426121499 0.0646061084110154 0.0856176194131881 0.0399263730378173 0.104742532417238 0.0949526451560157 0.121345989867669
0.0397565870665344 0.209779439560357 0.0632614763451362 0.00310648092841232 0.115028718824535 0.174855370148951 0.0371367277656242 0.145261344273619 0.182411367042725 0.0294024880441046
0.0520642191929169 0.185760468339557 0.141422725390385 0.0219582123642718 0.0652814005361742 0.00768141096088656 0.134964817939988 0.0477179050877305 0.159451090952998 0.183697749235093
0.0498940999456931 0.157486612026602 0.0272821507807714 0.0674492449138109 0.157632497937071 0.112554532136005 0.142217172323833 0.0860200291547341 0.142006169677949 0.0574574911035304
0.171764121981341 0.0695242989865529 0.11778496771284 0.146472027915438 0.0510822142800856 0.10744952140882 0.110577646069691 0.0935453312145004 0.108762512990774 0.0230373574399576
0.0121530125244975 0.109734849807394 0.0126137237923814 0.0245453682556684 0.154067829688964 0.207331673749486 0.136082693880962 0.0687474102178256 0.104892245037159 0.169831193045661
0.0271829491274121 0.0833037167055801 0.200514171034886 0.121662990588633 0.100397785649156 0.0572793758746408 0.156959897843109 0.0399359037527182 0.125173837843667 0.0875893715801979
0.0343219918750005 0.135063869500384 0.0663981619777082 0.133494158104676 0.130262529755798 0.025192481769655 0.0493444956885781 0.00955941936370718 0.234528378902705 0.181834513061787
0.230169675174469 0.0543725701888731 0.0115155678447859 0.00749578474105832 0.242307848070288 0.00188749915852602 0.0502438763872959 0.219927804636816 0.149519935237976 0.032559438559911
0.100242276552729 0.0155567393538985 0.124706421276345 0.159221062935496 0.0495523548369786 0.152656671877483 0.0829518955054241 0.141043772339354 0.155993454700411 0.0180753506218808
0.118238517359979 0.0864328431685231 0.0898900500263472 0.0320890423299351 0.126566427603011 0.082804213008333 0.119925263897948 0.127078665016797 0.165974525622463 0.0510004519666637
0.0277054006174378 0.147648130798669 0.0521602282151767 0.0177228234134712 0.212385798614524 0.12384744606034 0.159535617327367 0.106302612625633 0.0164542707708 0.136237671556582
0.222408945488221 0.0256332260915174 0.0250625563093917 0.0622991521622211 0.127535901053899 0.097652490508944 0.157889006296738 0.0918079801321596 0.0851317026288073 0.1045790393281
0.0635640102146238 0.0151172074692304 0.0384651030720688 0.0139878730281146 0.221125663371345 0.0496497468565481 0.0221611194158146 0.178311718131112 0.224054743579573 0.173562814861569
0.161221185519185 0.167121776914734 0.0829047505148882 0.0919516589845644 0.0536570743788058 0.00364561494849218 0.0951602668874704 0.114842780795913 0.205357053711568 0.0241378373443782
0.068543298327035 0.135428900697029 0.149527303941994 0.125982048236953 0.196865178476664 0.0196598522913688 0.0589126732471717 0.0616316015911949 0.0713087736502507 0.112140369540338
0.118356201873035 0.0435412737295939 0.157311248108036 0.0652225092472073 0.00871944661100086 0.155010761345851 0.0171724452652192 0.15218575025428 0.0932637138981939 0.189216649667582
0.20066640417709 0.0475514505904329 0.0782120626011332 0.142553945407567 0.0773621844565339 0.0196539614602221 0.0566028883187495 0.0855677861579137 0.137686335741475 0.154142981088882
0.180640363273373 0.0433181981772344 0.0939034405217079 0.176497387558643 0.114998933105054 0.0845963381432544 0.0661283052977795 0.0188173567971684 0.158702795632996 0.0623968814927887
0.0069294123161956 0.092198043561363 0.120218544678131 0.0338417516692634 0.220127676700905 0.149258028461465 0.0906032032596093 0.180093900621245 0.0612906458921039 0.0454387928397186
0.101134706562223 0.0698847248745179 0.121346719045053 0.114491826395324 0.0785624747963031 0.132908357769467 0.0944510712421481 0.0541643715574376 0.114017968649709 0.119037779107816
0.104301596413655 0.137604710880588 0.107753544458559 0.142698417562684 0.0227740184205787 0.0230435318804737 0.218707050194776 0.161262523568737 0.0721331593288384 0.00972144729111052
0.108447549108033 0.104093599032773 0.0483091317682393 0.126053412819493 0.0506867589337005 0.150818065847178 0.0350947783686517 0.0512025019219597 0.170405935030615 0.154888267169357
0.149901070667339 0.0917238481537751 0.132231649638403 0.027796617356546 0.0804996404470546 0.0849985471490792 0.0947139923225474 0.105073353028813 0.0673345898357392 0.165726691400703
0.135279081818204 0.0990158834368884 0.092141746305308 0.107933267990701 0.113009863431456 0.05067829668774 0.0792154002294271 0.0932801482579687 0.132447670437805 0.0969986414045017
0.0639345215331433 0.0277421667769804 0.164209951943887 0.141934009275891 0.157979469876697 0.174550376796143 0.000191665455068575 0.12481905502916 0.053755010166739 0.0908837731462915
0.0928882717559463 0.171409936551866 0.163155093275274 0.0207864938487622 0.0599015501796104 0.16190231986649 0.057034718428304 0.107723922739279 0.137049541547416 0.0281481518070524
0.110571746382292 0.1285444686721 0.108777315853034 0.00827555229290083 0.131639775861875 0.150087006580002 0.123007448387752 0.0205512685280614 0.0894203938098323 0.129125023632151
0.0348535167290578 0.110707174066924 0.132939186756473 0.146755730274722 0.0146572162219946 0.101358382372408 0.173531688041673 0.0849251087220102 0.106214727695919 0.0940572691188189
0.148270803493727 0.0845520847761868 0.146547947202602 0.101867399203024 0.0569924261961822 0.0355661638397459 0.102030730696388 0.0611831175189436 0.151877832106114 0.111111494967085
0.0688206303978386 0.158607682312777 0.0455079014369669 0.0121723079106604 0.171256190787936 0.175091077475583 0.0464683257798873 0.0305911973328378 0.151366949639427 0.140117736926085
0.0887629113613538 0.0658359156066015 0.0371700420687646 0.0700533121124827 0.0691906478662659 0.0386996958266456 0.184742844348198 0.087540995304682 0.176941099249819 0.181062536255187
0.11305962380038 0.0721720329508369 0.159335656110586 0.10655636566976 0.161103130967496 0.00919653895546731 0.146152136363602 0.085689132475921 0.00540049152352426 0.141334891182426
0.13950221153972 0.0539955129730117 0.0289118273515286 0.002411214396539 0.138796085172064 0.0614135888089961 0.191825942300636 0.138205888857835 0.0981609248333547 0.146776803766315
0.1630339720171 0.0972080251526011 0.0572919528967478 0.0726872358729701 0.133457163917658 0.0657306575414484 0.026536211315926 0.140518294792241 0.160827410977838 0.0827090755154692
0.0718413186956298 0.0559517221097253 0.149527966416504 0.166720571535625 0.144839727777902 0.0419706590213593 0.0777261171322172 0.144666426261094 0.0891619696283596 0.0575935214215833
