0.194212729026785 0.00374996605258138 0.291172660524317 0.298397978993199 0.212466665403117
0.131483294299733 0.263489157181221 0.11598194093081 0.204506984249177 0.284538623339058
0.0756035177589944 0.250210104189574 0.185174266136364 0.374789888146649 0.114222223768419
0.230440691804011 0.304370628902314 0.148548968640114 0.292325871875501 0.0243138387780592
0.25347357476988 0.296937011359484 0.0930088510806391 0.187871064043071 0.168709498746926
0.275035309821198 0.018535158923093 0.280174914625206 0.192351516533723 0.233903100096779
0.132734089105152 0.172300723290206 0.0269792936161598 0.363062748312855 0.304923145675628
0.230118022358119 0.189198660068848 0.23206899043692 0.20336210404897 0.145252223087144
0.0793612480606561 0.160190918005703 0.292894709971035 0.233923098233132 0.233630025729474
0.115526988759625 0.300826260195899 0.126386273483963 0.0843240242696705 0.372936453290843
0.020846586266342 0.272152193580428 0.171363420269133 0.260628965656301 0.275008834227796
0.276736494494079 0.243521038112324 0.122329537827517 0.184442551762243 0.172970377803838
0.254074377961677 0.21149414181156 0.274454744484758 0.114880827818758 0.145095907923247
0.292213887096364 0.186489051496252 0.293400836534572 0.193613244700214 0.0342829801725974
0.138825426560074 0.198493487450579 0.00138699543723489 0.328083217745731 0.333210872806382
0.542682290686293 0.16779785986474 0.104075323594785 0.0800398961818022 0.10540462967238
0.58531589434494 0.0116099376544748 0.101871060113168 0.0667024180202386 0.234500689867179
0.336576163202234 0.022194166847517 0.0846128577372975 0.322789362807668 0.233827449405284
0.203881787134492 0.230539126824052 0.285611011958427 0.214826768550978 0.0651413055320507
0.266799232432709 0.248642601943173 0.0840454581539317 0.195814035523043 0.204698671947144
0.238755870664149 0.0430519104854872 0.278143763362177 0.211108579925678 0.228939875562509
0.27290814404135 0.14022593226303 0.106215317406847 0.155695095568005 0.324955510720767
0.106737484917899 0.0506466850916825 0.25852545514367 0.322778919402552 0.261311455444197
0.113429804705703 0.216109118693727 0.162917710307993 0.247978244619292 0.259565121673285
0.0541722659239136 0.279154525105707 0.209099231884382 0.194218506446656 0.263355470639341
0.375021837994063 0.206122802120013 0.153466752112254 0.120516769123247 0.144871838650422
0.305457640807587 0.243015469037536 0.100756441756455 0.260585523133859 0.0901849252645621
0.238109505360762 0.397322162651281 0.272212029586618 0.0559302667837524 0.036426035617586
0.104050193983292 0.136532730646761 0.270697931267396 0.237076893230157 0.251642250872393
0.260002966025159 0.160571606658645 0.234559083495572 0.0674464885433852 0.277419855277238
0.282508779832456 0.292357224787269 0.248649942669644 0.138936030737821 0.0375480219728096
0.131010285805063 0.336230171785992 0.00936599862887997 0.42278768712651 0.100605856653555
0.0980551938393402 0.0762734635378624 0.357076553721402 0.339632027555083 0.128962761346312
0.202760094246706 0.305435217306334 0.0934016686165012 0.0820452627784476 0.316357757052011
0.270813797994896 0.103314573339856 0.292284370168809 0.0520528841974818 0.281534374298957
0.133144506334476 0.293688262248357 0.252195430213001 0.309836042988228 0.0111357582159382
0.0528586409855701 0.319982842031922 0.253585177491899 0.135389502939583 0.238183836551026
0.212245431427139 0.333706043423558 0.244742166076938 0.102650505178919 0.106655853893445
0.281411016494041 0.336703737132115 0.134891382613104 0.120348967927796 0.126644895832944
0.207727045231042 0.00364701926536222 0.082899748885323 0.273032491217853 0.43269369540042
0.262611099962038 0.217264561809853 0.243193735107566 0.2349241307895 0.0420064723310431
0.0621534657470763 0.269845641879364 0.261430801515788 0.30706372429156 0.0995063665662116
0.153042712097932 0.307253011708642 0.0676407124898577 0.209132479584501 0.262931084119068
0.141883734442979 0.24369989587026 0.273819596551017 0.148718415106167 0.191878358029577
0.299301172111566 0.0936964357046618 0.324094206049776 0.135968536359228 0.146939649774768
0.0404401441099044 0.242707017242021 0.214706691591419 0.360177997468264 0.141968149588392
0.392138813543876 0.140222786323285 0.161887369165098 0.223306047817403 0.0824449831503385
0.0797650839659725 0.235340157883646 0.239416862707727 0.222262312540098 0.223215582902557
0.267348020404485 0.182052590946646 0.0355603521623106 0.358914452842559 0.156124583644
0.363984127860408 0.0660388003464581 0.257097815086132 0.147315976807361 0.165563279899641
0.161416497012106 0.205663328548844 0.303160281790285 0.264954674983966 0.0648052176647984
0.0193326301981462 0.309550701623871 0.312271702334549 0.0127669027066819 0.346078063136752
0.164794913479714 0.324374350081901 0.101244733248902 0.300408358199008 0.109177644990474
0.323994181599306 0.265274261458276 0.19770934965331 0.0786040932966431 0.134418113992465
0.442839851945127 0.0395699777426495 0.465202886506486 0.0470554613263477 0.00533182247938998
0.314470197964312 0.315059524249236 0.340084354322728 0.0176188876558031 0.0127670358079199
0.437082628462574 0.21771999915935 0.147570838393428 0.0985863590783142 0.0990401749063343
0.232953520953162 0.106264143890283 0.21729738656563 0.347735115652879 0.0957498329380467
0.271702213774849 0.259231154729646 0.0684968731640824 0.191962336479717 0.208607421851706
0.330458088885298 0.0583485695495415 0.113631775242065 0.162597688925403 0.334963877397693
0.0662212983378602 0.225852177254161 0.299695403017758 0.17075176646686 0.237479354923361
0.0440789951360399 0.203474263937328 0.32122131734187 0.0821218414617974 0.349103582122965
0.434705389071608 0.342554848803325 0.0674958667015226 0.115725859733044 0.0395180356904998
0.142078601896834 0.0402992957728668 0.264666639989629 0.253301604436501 0.299653857904169
0.0345008346383244 0.188795069730337 0.36213333537093 0.0247003669156004 0.389870393344808
0.232019642738932 0.00326547995734089 0.328313624243071 0.0680907747181254 0.368310478342531
0.0353600450638863 0.181027333099854 0.189132803482138 0.327121340397149 0.267358477956973
0.162844112738184 0.117644796859977 0.164508261187202 0.197593429762088 0.357409399452549
0.0641075969125675 0.245499961455018 0.194104560696139 0.242664896311804 0.253622984624471
0.279994847559147 0.278804423185767 0.228115626087835 0.0508082294613996 0.162276873705851
0.388514539348874 0.0585272173846369 0.152711098091428 0.0373757117898063 0.362871433385255
0.25986561034849 0.0870986872551323 0.184717656495816 0.341930587015226 0.126387458885336
0.28020967403149 0.265867697122867 0.211265549723224 0.106839986940418 0.135817092182001
0.1809195579009 0.249948176672279 0.229138530488611 0.0118037132814708 0.328190021656739
0.255171296262953 0.143822100873424 0.191151337311815 0.216325777950314 0.193529487601494
0.332917856105978 0.427647639929513 0.00370898080144615 0.0291985017044437 0.206527021458619
0.23555028422891 0.184181129165856 0.246934454001696 0.181192996134425 0.152141136469114
0.175201622645854 0.322491989463337 0.204579938684285 0.0309784552369489 0.266747993969575
0.27908423675692 0.335882603399283 0.0178373339022913 0.199634245353535 0.16756158058797
0.123187921890823 0.260322854156047 0.264949516490578 0.0559740531159291 0.295565654346624
0.266927213203135 0.277785141615565 0.0456470445026887 0.0746882583270021 0.334952342351609
0.276879531568806 0.279488026390081 0.164703824355994 0.255282415954323 0.0236462017307956
0.21882117077967 0.215980291038705 0.104772323829345 0.23073044087998 0.229695773472299
0.239181598451575 0.233337765534136 0.20923611049169 0.189066827734227 0.129177697788372
0.0665908711982472 0.278512431373122 0.277134130764623 0.181818774693856 0.195943791970152
0.0121454763923309 0.604874513913017 0.0898619329766147 0.113573525404946 0.179544551313092
0.256500070191225 0.209890296932217 0.100530394514951 0.244118550712662 0.188960687648944
0.330654680704772 0.169627973422712 0.0381847534354448 0.407381384023737 0.0541512084133348
0.375847502783549 0.0304683749447259 0.0900657630442016 0.216151119833033 0.28746723939449
0.131297542069094 0.271064916240224 0.219578033951551 0.340631565474202 0.0374279422649292
0.258907375128329 0.124994995935016 0.164636378729859 0.174854704426866 0.27660654577993
0.263078658068798 0.328811428015142 0.217455516064415 0.108578189071662 0.082076208779983
0.318245840355651 0.00799474335676957 0.22372975274988 0.22259806117635 0.22743160236135
0.108324412781613 0.365738512761152 0.14545857119229 0.316223843326178 0.0642546599387664
0.0321551661252615 0.384840502278513 0.221175113828695 0.240434305688214 0.121394912079317
0.16040221135318 0.286172639512964 0.154373430972145 0.108207746636696 0.290843971525016
0.304429978633407 0.364767686931203 0.303114201466555 0.000691044820770166 0.026997088148065
0.0281003168283607 0.273109650967862 0.153197789483751 0.12936359830072 0.416228644419306
0.303975988835414 0.00820569951054018 0.0404940979058138 0.204062863199023 0.443261350549209
0.0347286157322501 0.0373376004447431 0.142017066803225 0.37253709184212 0.413379625177662
0.284280913268527 0.190225820483922 0.173244076288243 0.324229966129009 0.0280192238302988
0.192199016077467 0.195765379848038 0.234361952016547 0.167922127449066 0.209751524608881
0.160977130913644 0.179934335142414 0.180577398777487 0.28370906275229 0.194802072414165
0.0457710020204448 0.279149134190621 0.185258191831362 0.303531114634481 0.186290557323092
0.224202828153664 0.273452322877957 0.128321827646449 0.077373030117924 0.296649991204006
0.225079637855315 0.156098916020251 0.180376813077809 0.231930526505618 0.206514106541006
0.17465878791226 0.135505980210255 0.200242722088763 0.246556230701287 0.243036279087435
0.181853930919731 0.0682161221147872 0.235557878554779 0.258560667322195 0.255811401088507
0.332217834343777 0.194964769682774 0.134723325757585 0.14113402640116 0.196960043814705
0.0225707240762404 0.186174087274413 0.115666220465776 0.247957398431281 0.427631569752289
0.274186073965677 0.286724411133994 0.00658428986102037 0.106941905026288 0.32556332001302
0.294765452792991 0.0105750033507007 0.207422562982123 0.204471944055904 0.282765036818281
0.384772848919929 0.0598184094658758 0.079280150068416 0.127399668886983 0.348728922658797
0.00919187668898188 0.0176013505392986 0.308658670472695 0.194843147615123 0.469704954683901
0.00136840689661756 0.114415524475659 0.4922529448754 0.0288248778703962 0.363138245881927
0.197878532470992 0.215387762116075 0.0947837212055181 0.228528017196088 0.263421967011326
0.224308396364719 0.0919504594993153 0.24150603696432 0.126269979549375 0.315965127622271
0.11913285980556 0.223731794536625 0.198046390237881 0.379854020856227 0.0792349345637078
0.471416983127542 0.354588813418095 0.0743233585765863 0.0852728845067015 0.0143979603710751
0.0656979925518453 0.129448787220683 0.475964040035951 0.291271656867978 0.0376175233235429
0.234340731707252 0.158006366285576 0.324827853632365 0.0801841102570728 0.202640938117735
0.0352641375430803 0.354613360296496 0.306191864207061 0.0135860762540483 0.290344561699314
0.248658728820413 0.220149126843031 0.271097029147064 0.101748014596072 0.158347100593421
0.104064500353641 0.0520209730302871 0.379263169397066 0.0777648682389088 0.386886488980097
0.269770020803033 0.172196371273478 0.0700118588192998 0.244457037997518 0.243564711106672
0.019978390979683 0.306875810193742 0.105697500563057 0.203457965531188 0.363990332732331
0.119277041777316 0.210733473413762 0.110037776295189 0.378130808645002 0.181820899868731
0.00650966726047052 0.396168686083754 0.0926993293724228 0.128402107110136 0.376220210173216
0.242203646816393 0.204271418771332 0.167623180925312 0.233914821234887 0.151986932252075
0.0945081667421572 0.185163957030991 0.2567254383493 0.257134095563345 0.206468342314207
0.21072188472061 0.23556435792142 0.108416331813827 0.156413668603658 0.288883756940484
0.114087039401418 0.117057751448841 0.238114706587364 0.261488163132105 0.269252339430272
0.0793259492013003 0.219569429983341 0.434047766606666 0.234010743025014 0.0330461111836786
0.0934416349818773 0.459821868809324 0.0176176879442233 0.316497622848976 0.112621185415599
0.307376129809776 0.0378330649767241 0.0627006424349789 0.302941724931296 0.289148437847224
0.354344737741009 0.362760229118154 0.0726510945578682 0.190508812458327 0.019735126124642
0.218046910563833 0.128643941042987 0.164452612856082 0.419356253423951 0.0695002821131472
0.419970956730199 0.197268166476578 0.0168143223321894 0.178937527768265 0.187009026692769
0.324985007335545 0.159806532397989 0.0838138040143574 0.0507924518712516 0.380602204380857
0.20486396707151 0.309983660719715 0.037477525701772 0.0155152424139837 0.43215960409302
0.276824822914456 0.140929565564556 0.146717542448556 0.419974510269653 0.0155535588027788
0.153823072274909 0.0306239527986717 0.312166741886375 0.161848685878758 0.341537547161287
0.00658142357309181 0.403960466061253 0.108377907795244 0.21686883507907 0.264211367491341
0.151026861252841 0.146718842592909 0.330290937107728 0.0853864904701846 0.286576868576338
0.355364693371917 0.127512096194381 0.165649501847821 0.272837203079225 0.0786365055066551
0.211946767609563 0.230868922057778 0.178838588266072 0.147190255593682 0.231155466472904
0.1986523587099 0.147168315630915 0.162737890682766 0.24587592644155 0.245565508534869
0.388197271302238 0.220114576557269 0.221641597618569 0.0849104171121304 0.0851361374097933
0.301749795712969 0.177109248271967 0.276144254554817 0.0753804999955531 0.169616201464694
0.271987654191565 0.181884360624649 0.0604746508719703 0.250143029934506 0.235510304377309
0.066650821001466 0.242916751590561 0.368426650840688 0.291413550872462 0.0305922256948229
0.187580911390593 0.215005307555662 0.209202244300255 0.150584463612227 0.237627073141262
0.350652616229297 0.0611349774115917 0.21976490694845 0.0804656814887249 0.287981817921937
0.0956289484489869 0.272511691161001 0.213909064655884 0.217302547132053 0.200647748602075
0.310537739156514 0.222202590624117 0.211245017989328 0.0537972769340151 0.202217375296026
0.212057733564659 0.0928174153458676 0.130005339391366 0.194952069331636 0.370167442366471
0.281326428030467 0.297020203585997 0.054553111244655 0.189291621076926 0.177808636061954
0.205974677109297 0.0537957186893989 0.234765436332926 0.473872564711593 0.0315916031567858
0.0729507951098045 0.360568288651605 0.211532335662894 0.190872849236688 0.164075731339009
0.00698314020464593 0.352922592379463 0.0852688542040258 0.157409455832064 0.397415957379801
0.121178441954601 0.127644560704512 0.26440609609955 0.266187351057205 0.220583550184132
0.165029025322183 0.211152013144242 0.272966151838161 0.333344684975344 0.0175081247200699
0.206113886966555 0.119552865978705 0.295469702181826 0.065988751684911 0.312874793188002
0.0524740373798573 0.184682447092033 0.287502168330804 0.185274767591716 0.29006657960559
0.298863113881605 0.279108375635664 0.245010147533143 0.130800396764675 0.0462179661849128
0.349669529061098 0.000833216856916072 0.129608699786031 0.399688109854993 0.120200444440962
0.303051577490089 0.0744643480386823 0.309873788146668 0.0764813694284186 0.236128916896142
0.23765355703517 0.382530969081101 0.276085381628346 0.0700247514442451 0.033705340811138
0.0695200625300278 0.0251642357036615 0.232400487174095 0.319034349759662 0.353880864832554
0.131019994752181 0.111607936972793 0.273815341052634 0.186908185907401 0.296648541314991
0.324354749852821 0.208057386057351 0.123780290341971 0.0405410369731578 0.303266536774699
0.120465716832318 0.129200556208957 0.215591093363637 0.294565108408216 0.240177525186873
0.241515078388155 0.29435232149522 0.290688149480929 0.151876566729485 0.0215678839062113
0.0738166710879993 0.33336433718606 0.0357360101131878 0.238056586151939 0.319026395460814
0.0745723095595154 0.172745275200648 0.0883965568078007 0.228419863893275 0.435865994538761
0.282697318818786 0.00035006313734353 0.339966381579388 0.136808798299487 0.240177438164995
0.214481837686177 0.0503100482923099 0.372608062055951 0.252294482872858 0.110305569092704
0.164804834463446 0.291513216824531 0.25544051233218 0.103274298854489 0.184967137525354
0.207678851072895 0.203097673945745 0.222396280791951 0.243740381560573 0.123086812628837
0.140956923123113 0.10950802608959 0.0817858290601053 0.368822849874041 0.298926371853151
0.264222318810553 0.0520848909189015 0.327065817916849 0.134507919464441 0.222119052889256
0.0756633124700484 0.272681556270919 0.264087943740946 0.246857347358558 0.140709840159529
0.0168792439510463 0.219354134081619 0.204523989300079 0.213653983218634 0.345588649448621
0.028050363274486 0.256874815035598 0.124951142481354 0.491385851462404 0.0987378277461584
0.365377714710566 0.0135554016650115 0.271874749405034 0.115053596858993 0.234138537360395
0.125700148971556 0.232908994846489 0.25124355755186 0.159913750570009 0.230233548060085
0.201767960564901 0.119474243696816 0.313676064984866 0.05049512380378 0.314586606949637
0.162840621826928 0.0923770883731184 0.134497384106503 0.223602164578059 0.386682741115393
0.104799710051525 0.170564687265567 0.284979147402332 0.301315562241939 0.138340893038637
0.130648118831814 0.189757527889495 0.100639085256972 0.187395291599128 0.391559976422591
0.0589900541875983 0.269080690964126 0.323178389445772 0.173487272920346 0.175263592482158
0.278915256334829 0.31191683680824 0.0945080736435612 0.208595069896035 0.106064763317334
0.303166188820405 0.0540661811997915 0.26775024724791 0.196619591579436 0.178397791152458
0.242288328394764 0.319308618525527 0.0710560336125044 0.141150603830821 0.226196415636383
0.181301920805077 0.117718839084844 0.337216350695653 0.272167824735465 0.0915950646789604
0.0300964544474099 0.223976313944238 0.364835150288162 0.286940054022003 0.0941520272981867
0.0589434102120382 0.174571192779152 0.187531973282148 0.288066523778272 0.290886899948389
0.0474655532344666 0.2086089577375 0.255458782090956 0.282264812932674 0.206201894004402
0.23838238872338 0.0181366818750193 0.270688256028708 0.280071551753918 0.192721121618975
0.495858531193333 0.0346304575799085 0.112276364086072 0.0561433088010756 0.301091338339611
0.324492631990532 0.121588399065466 0.215851305872236 0.271524120099773 0.0665435429719946
0.137086461911155 0.350269830237813 0.145695138485779 0.145829870087066 0.221118699278187
0.00286960611368915 0.230024032816093 0.220379438721509 0.324502971789408 0.222223950559301
0.0913385498277271 0.287543725222768 0.115782503093952 0.246743420536869 0.258591801318685
0.46188863750817 0.261884560965697 0.148614482606133 0.021767330472143 0.105844988447857
0.333959807761085 0.120702651120829 0.0159720755136064 0.159499021814213 0.369866443790267
0.323705003571139 0.226403908988278 0.0941837085917924 0.243566680192914 0.112140698655877
0.140426177892075 0.166959754849906 0.23545651146808 0.23882070749955 0.218336848290389
0.0438373536197059 0.0153416694323542 0.103859548284425 0.446422774637118 0.390538654026397
0.253875092007577 0.383998666086807 0.140283695026215 0.114963144099747 0.106879402779654
0.123377158992185 0.212177924906099 0.254210901076323 0.105611696499759 0.304622318525634
0.00309823698731244 0.344712257357726 0.236147618316797 0.196655479129446 0.219386408208719
0.391239649890047 0.243352964091348 0.0869397217630632 0.15725846813162 0.121209196123922
0.206562649502143 0.0180396693555242 0.298559581171572 0.277566071076377 0.199272028894385
0.233901264038481 0.210473408717577 0.187501876619999 0.146370114814866 0.221753335809076
0.135433654736345 0.304212425887224 0.269663402266992 0.237923542356274 0.0527669747531651
0.293786162076401 0.283972530821989 0.205767594476828 0.0881830443754151 0.128290668249367
0.146339854360045 0.16593564590164 0.241932428659961 0.247389439555306 0.198402631523048
0.205443852463774 0.197667221299219 0.201336000723636 0.202532045863985 0.193020879649387
0.257198543146889 0.20786903006938 0.13442282813681 0.325578821378712 0.0749307772682084
0.395344805106609 0.0418016727724706 0.0412029159999182 0.193847082302874 0.327803523818128
0.00123837486092165 0.00682060973982492 0.414683340251288 0.233976218518517 0.343281456629448
0.19720986025025 0.276816546266708 0.0448635786131719 0.214286827223165 0.266823187646705
0.0972326432204643 0.255810328380999 0.0146935080136273 0.24446213863878 0.38780138174613
0.0325408272951899 0.256446141708304 0.0343290138621486 0.146612986812737 0.530071030321621
0.168285658302096 0.249791167090267 0.11125502649986 0.113446682201705 0.357221465906073
0.127363793808342 0.0416625142371814 0.00432718131412237 0.436686396286829 0.389960114353526
0.2761056634504 0.367451100075714 0.159538609201182 0.110390142534103 0.0865144847386006
0.278336354408014 0.0880111950556629 0.269461405286578 0.210350004042843 0.153841041206902
0.105901467446073 0.253413133267759 0.112642216849317 0.263307477643318 0.264735704793535
0.213123259955357 0.173387018198789 0.237772945389128 0.205993928984055 0.169722847472671
0.351135722304399 0.175800149124683 0.328440928171004 0.0211050911796932 0.123518109220221
0.0691071895401493 0.0759263461510364 0.230506183165502 0.343265500868464 0.281194780274848
0.0970249704223057 0.192376672435293 0.26641610118585 0.247635772808926 0.196546483147625
0.274140011399334 0.183912797227151 0.11635044414632 0.259804241494797 0.165792505732398
0.209720020980084 0.295715907460776 0.102686270955221 0.0329500299915067 0.358927770612413
0.22421574047669 0.118306579662436 0.309111901978251 0.0462409176448835 0.30212486023774
0.185976789194709 0.291748225417927 0.225699013018334 0.114323547452401 0.182252424916629
0.312616713317092 0.0243525756083535 0.24820794119045 0.0377581629523359 0.377064606931768
0.156732634278257 0.0432406485654188 0.210738274208168 0.295849845627821 0.293438597320335
0.0575508486439807 0.153462285978494 0.329121349117454 0.362553391547702 0.0973121247123684
0.103283194765547 0.127412652373653 0.112895781900701 0.375653265964479 0.28075510499562
0.195381589347315 0.272391169067804 0.28800636673093 0.0394063964376892 0.204814478416262
0.113017581242609 0.341659624047715 0.175221515313905 0.243630786533727 0.126470492862044
0.296597073579918 0.0776974918955171 0.235282128461549 0.0990839992213778 0.291339306841639
0.31188157840333 0.362929340921915 0.179037842016625 0.0426806949799813 0.103470543678149
0.233348622807283 0.125310924628966 0.339387687309687 0.281730068993181 0.0202226962608833
0.028735895429961 0.603803696252884 0.342508478636387 0.0119471149042734 0.0130048147764948
0.122803471654005 0.158714384377384 0.22005066113504 0.192794669674787 0.305636813158785
0.201189717423831 0.24527347315461 0.118206885646094 0.304298579278441 0.131031344497023
0.181498934454814 0.245520978580558 0.18098705936128 0.101577116569108 0.290415911034239
0.259095736777686 0.0241629842913099 0.0232819629949469 0.331870888435902 0.361588427500156
0.305540550100059 0.00679936734386122 0.213443462903357 0.147274147053948 0.326942472598774
0.26348808192345 0.430739286011203 0.166922654068977 0.116280529973958 0.0225694480224128
0.396209251936928 0.404529130330958 0.0512112817196701 0.0689813107064742 0.0790690253059699
0.258389315874283 0.0746072846550904 0.299117303120191 0.239230266065617 0.128655830284819
0.246519627147392 0.247345538316512 0.0972385887550498 0.230624702663596 0.17827154311745
0.015337643179818 0.289516379372776 0.306025985681976 0.158197447054076 0.230922544711354
0.277795860084764 0.257807636650229 0.037291263853876 0.165273378265113 0.261831861146018
0.271568971943464 0.169154123781678 0.273227028948649 0.192277277090123 0.0937725982360861
0.297055457446291 0.00551409738467764 0.0755776028073108 0.236228933664098 0.385623908697622
0.16505679192524 0.232803554055073 0.224879217293475 0.184760755624205 0.192499681102007
0.00311361744108203 0.0781082656046556 0.0702548628698327 0.429697325388274 0.418825928696156
0.146573271173467 0.0226520493364145 0.327068799106525 0.290982034781185 0.212723845602408
0.38623780236552 0.350566600459001 0.069791302695495 0.0460953684641894 0.147308926015794
0.222022783126856 0.169787068308879 0.200749126069706 0.322868388705282 0.0845726337892774
0.225655533786853 0.155525752201967 0.26526167529925 0.00623332010326675 0.347323718608663
0.131143215327442 0.34475487486724 0.388463184862555 0.0177216848794823 0.11791704006328
0.116349817643816 0.101651791987185 0.000556845610866858 0.392356219087563 0.389085325670569
0.190005299043553 0.160453626131965 0.335178826747347 0.114691485077204 0.199670762999932
0.142711141420696 0.123748005346377 0.278499612858757 0.295073259399041 0.159967980975128
0.172330091297229 0.224205961616577 0.0967013734514539 0.191663796760945 0.315098776873795
0.168127219011798 0.307970641273669 0.0972416486037272 0.205940790441027 0.220719700669779
0.248682771349518 0.137420530955293 0.14124271254439 0.340170892579798 0.132483092571001
0.321876857061335 0.0270763854149047 0.38233894176785 0.0270650671390986 0.241642748616812
0.235645672754132 0.210243083588249 0.225809479455615 0.296832413023328 0.0314693511786763
0.271802142747019 0.0915476296814059 0.251570152383059 0.106040495252409 0.279039579936107
0.0596481685515308 0.215796618273704 0.0309535845280835 0.389087621066621 0.30451400758006
0.240375269875349 0.161426460037986 0.185841726571616 0.375101650049735 0.0372548934653131
0.172980906483231 0.231209871846408 0.0918378397535127 0.0777508801837325 0.426220501733116
0.190505908845663 0.34046131572525 0.00943455574498891 0.160401798972828 0.29919642071127
0.444373230445943 0.100862573759662 0.0397241613521275 0.042278717838367 0.3727613166039
0.108699428582487 0.219508059056968 0.327911802504414 0.0116887382373984 0.332191971618733
0.232459281189544 0.173834187325831 0.230421970686972 0.161247313837669 0.202037246959984
0.00533753453875447 0.0669873746103859 0.281757910918031 0.322997034360755 0.322920145572074
0.106090128742155 0.393671686778227 0.0337971893325463 0.162545138048471 0.303895857098601
0.258485300218723 0.42240541492338 0.212130939905927 0.0699508440045865 0.0370275009473843
0.355692121381613 0.0617529679824208 0.223488501086416 0.022810864547271 0.336255545002279
0.236240428223678 0.000514261714941801 0.324907480526972 0.383759541464847 0.0545782880695619
0.168786169591561 0.176672587077837 0.3023643875777 0.0618889666619176 0.290287889090984
0.330339210075296 0.0650157238683195 0.167777922478582 0.176948682031427 0.259918461546376
0.0633837347542367 0.260324257371331 0.223434334208452 0.386398967325759 0.0664587063402217
0.0559868340317521 0.00572089800533661 0.502347935308212 0.0506857923016849 0.385258540353015
0.274584699680081 0.107600885311028 0.192839150052365 0.259147754356637 0.165827510599889
0.229482940563396 0.285377459101907 0.218520256681037 0.139432875286354 0.127186468367306
0.248377383852031 0.228144427669526 0.158658490867051 0.213905919839868 0.150913777771524
0.227672813255455 0.192682881638144 0.0544877902123306 0.334178057506341 0.190978457387729
0.325593938176602 0.254434889031591 0.106180445679402 0.233837255370608 0.0799534717417958
0.303496208882286 0.374728021720983 0.286247185371865 0.0092094823778648 0.0263191016470021
0.111284731242083 0.35109489040535 0.397220009241608 0.0539852568511107 0.0864151122598472
0.271118169501314 0.0979942413072255 0.240067702572962 0.0323017301287905 0.358518156489708
0.264427792398998 0.137613063695929 0.0923519577883671 0.223792698384341 0.281814487732365
0.356155932634576 0.0223927750209686 0.148413122309319 0.249010344078046 0.224027825957091
0.171733626954782 0.676509511536585 0.121120821548973 0.0155808099409078 0.0150552300187522
0.0650374335408478 0.223442117887185 0.0621775549591293 0.317652095150749 0.331690798462089
0.16154255866874 0.296927855450729 0.0892979342492757 0.28343660415944 0.168795047471816
0.233020559945916 0.311207392302408 0.154426194498041 0.188350722055992 0.112995131197643
0.309157209241166 0.21559403384043 0.140063732106641 0.0211081745445016 0.314076850267261
0.0418169406335314 0.186295076029586 0.122760240423364 0.263279622517371 0.385848120396147
0.332044145805026 0.0333006770793461 0.128708841827968 0.0419852848410884 0.463961050446572
0.0469394469293971 0.378122193881169 0.00698581554242884 0.341859757216469 0.226092786430536
0.408347933092951 0.0320037072532394 0.0146609816685134 0.346969382509062 0.198017995476234
0.0736398363501382 0.327015975705078 0.232971419977408 0.328765076975797 0.0376076909915792
0.2682294144236 0.131707051818861 0.0198867964339238 0.331798774547962 0.248377962775653
0.10272730610414 0.200398595822215 0.338631407580366 0.209238135419779 0.149004555073499
0.164206322287737 0.053158647978766 0.226979012149682 0.194992418136853 0.360663599446961
0.31209237916676 0.0519013284774097 0.225332803923935 0.393359777332475 0.0173137110994204
0.148199518651137 0.305966651389286 0.222013611686804 0.288260254846883 0.0355599634258899
0.144577208765497 0.240949740906941 0.0944377830830101 0.274758204798259 0.245277062446292
0.154209785755746 0.277403648520762 0.199883081962692 0.136419680097677 0.232083803663124
0.0801640273373779 0.552725678550332 0.276378107251967 0.0276575868408398 0.0630746000194832
0.271449755855839 0.160462022089427 0.10197120488989 0.210686904789189 0.255430112375654
0.104680161956158 0.0708646647545428 0.469524354559351 0.146648568654453 0.208282250075495
0.0553313071413723 0.392410635473889 0.164172768050596 0.0866844523317168 0.301400837002427
0.106017688728182 0.255861264704891 0.244849261853635 0.199796005871786 0.193475778841507
0.253481551171253 0.127825559384798 0.284432665879748 0.0931426088853794 0.241117614678821
0.00153497548521787 0.236619347720756 0.370826678841745 0.172198581539122 0.218820416413159
0.468510553274028 0.280035431815484 0.115584292819467 0.00131889323104569 0.134550828859975
0.14645392406519 0.0486284923632702 0.210928902281836 0.207613675277672 0.386375006012031
0.17130863690934 0.036691982117094 0.0134284333978673 0.501118942804206 0.277452004771493
0.11544634184737 0.0457138489902376 0.348909297983286 0.353759343416724 0.136171167762383
0.423777747974551 0.0914707202205323 0.11548095244072 0.237978458670353 0.131292120693844
0.246386200862465 0.245470482139234 0.107505469685872 0.279820411028286 0.120817436284142
0.253477938644515 0.0724388513855362 0.0151255647650915 0.527009434095333 0.131948211109524
0.189289584995529 0.355571584200099 0.0435173552546823 0.0418232403838872 0.369798235165803
0.255442562100748 0.287223105272053 0.140224893443411 0.275443469239949 0.0416659699438382
0.0796136725995225 0.436698806928897 0.0995693832673435 0.259850786480864 0.124267350723373
0.123389158068201 0.0760749666660806 0.241299941500203 0.285720539266566 0.27351539449895
0.0744229530171243 0.256792622193696 0.249690607357806 0.071444344151532 0.347649473279842
0.187549525740751 0.328437364181822 0.0599489369287845 0.358392822441239 0.065671350707404
0.369403272887983 0.0562251522719064 0.264077765600921 0.115089546339571 0.195204262899619
0.446401391545699 0.237022528440661 0.0180860281051297 0.0309739444501227 0.267516107458388
0.181199619309943 0.143286473644493 0.260159295382838 0.0335753836021416 0.381779228060584
0.229941317920373 0.0527408498655102 0.183453823181149 0.264612210736703 0.269251798296265
0.305856976011105 0.083605725015221 0.00852771628149305 0.250553345523149 0.351456237169032
0.215128233130064 0.141571615546817 0.373179205297871 0.0775552173721702 0.192565728653077
0.0841392150756905 0.0161523195617529 0.362697424001653 0.15307264131305 0.383938400047854
0.171787205580022 0.0960066806846406 0.307931646130326 0.0366799253050303 0.387594542299981
0.0804493388247069 0.115562159796774 0.137004487245099 0.270804702102058 0.396179312031363
0.181752534810025 0.286066888693498 0.230205682484431 0.0494747505788844 0.252500143433161
0.144656210299205 0.365636015336647 0.00419445780767775 0.187932820649275 0.297580495907195
0.270817680837225 0.198932288927656 0.0748698894362443 0.235476145338784 0.21990399546009
0.0405133495811166 0.0179482711027505 0.441733568845433 0.313565077466643 0.186239733004056
0.235768851806842 0.123914655420301 0.110926012144607 0.224057936301628 0.305332544326622
0.258066936058206 0.066558811449917 0.101481966485021 0.340465088422493 0.233427197584363
0.532784766612915 0.0867495234738862 0.191911852693159 0.0459124064868329 0.142641450733208
0.30672887947231 0.242062581154405 0.308670479184759 0.057254911069776 0.0852831491187498
0.226452728738739 0.109543965076231 0.0701903923591821 0.342868842037265 0.250944071788582
0.289747737010393 0.125697211918317 0.0998490439600604 0.303648443645024 0.181057563466205
0.076658428497578 0.311468151966351 0.0970866689906359 0.442406069888899 0.072380680656536
0.0886897765808188 0.282505125394166 0.113312473282156 0.38121209547497 0.13428052926789
0.093310444237033 0.0996228799736977 0.489062779280003 0.0517215736907322 0.266282322818534
0.0744658144462476 0.344376296641169 0.248098109967044 0.291721173810513 0.0413386051350268
0.117278261650205 0.397755852168222 0.0435404578131598 0.0782734317000035 0.36315199666841
0.105982569886183 0.286032149408262 0.0794647336157494 0.249564014637307 0.278956532452499
0.237057456181696 0.174415060341855 0.276375716799116 0.237038891481742 0.0751128751955905
0.194542833891175 0.289700302713612 0.208969940970272 0.0914522526009646 0.215334669823977
0.374604290939661 0.217449129839531 0.227341077580118 0.16549588958699 0.0151096120537001
0.275326298813049 0.0433079041867628 0.187376154999671 0.262226118562645 0.231763523437872
0.173408749695271 0.279912280260752 0.209975741281047 0.121367943354523 0.215335285408407
0.152384904356183 0.187865244824349 0.17231738564082 0.271065134358287 0.216367330820361
0.0530387016330061 0.401342812734939 0.410361097645708 0.0871195898752542 0.0481377981110927
0.244786259420915 0.141938158964396 0.145981251947679 0.177394289001378 0.289900040665632
0.132763455787838 0.437085104182028 0.0247234422767182 0.0289405793869845 0.376487418366431
0.131944413395306 0.445181294308498 0.258247098206947 0.0773244763321094 0.0873027177571393
0.169694017861111 0.284853116333868 0.0010575393777604 0.209794415929147 0.334600910498114
0.19698720424576 0.181745188872675 0.212446289052355 0.169672183775644 0.239149134053566
0.359039054170759 0.15978657235115 0.04958480398342 0.114692745623793 0.316896823870878
0.255611731858261 0.25787441421736 0.185219301278293 0.208190785071861 0.0931037675742241
0.186153425273386 0.0606523898786384 0.231537020400048 0.283166136847272 0.238491027600656
0.244098755092921 0.0884129543567665 0.0544578246178587 0.360090582478331 0.252939883454122
0.319239200895099 0.301629394811039 0.226940998085125 0.0781084051485139 0.0740820010602224
0.333191233724833 0.342354399202385 0.103634994826095 0.0979245102227778 0.122894862023909
0.0546811310075306 0.0692889439788231 0.228758602828512 0.365987188412758 0.281284133772377
0.284701262768564 0.181185590400872 0.312079759391057 0.103325498517571 0.118707888921936
0.275607942290789 0.343326611338395 0.04809598024263 0.12461064367497 0.208358822453216
0.108578214518645 0.265850598357657 0.07458683415622 0.337981349207573 0.213003003759904
0.311865793538951 0.203197320649695 0.0141451290973295 0.0631887844630874 0.407602972250937
0.167759524926869 0.0221603905641478 0.257688924769556 0.243031586780761 0.309359572958666
0.156766108296999 0.0448628195406255 0.230851288234931 0.0891471666267011 0.478372617300743
0.371034409428545 0.251395588545633 0.224711079547016 0.148922020595621 0.00393690188318587
0.0952286691073274 0.315506891192029 0.148413638659328 0.17933286299611 0.261517938045206
0.233551665389397 0.186624077653805 0.158851317293752 0.196450578784748 0.224522360878298
0.0669452006644551 0.0391818927660013 0.321218451039633 0.267705589587654 0.304948865942256
0.103809531801638 0.166924667803956 0.191607573743452 0.181078014391295 0.356580212259659
0.273909643710792 0.214134640939792 0.201714719273293 0.0696494599854902 0.240591536090633
0.0198442263665213 0.197583116622317 0.325765754055871 0.155779292990291 0.301027609965
0.0856978014511267 0.315500999469323 0.0806369204708577 0.413971379924497 0.104192898684196
0.0558527707527725 0.219554240501543 0.242879350953203 0.21207964737098 0.269633990421502
0.234444959733251 0.102945496958676 0.244603735166622 0.131010156077988 0.286995652063464
0.100320325332658 0.277593782443291 0.243914083635311 0.123530633378894 0.254641175209846
0.311301830842462 0.0924947632757327 0.101739731285107 0.0831197658648311 0.411343908731867
0.293038393560196 0.0770473711169092 0.228402061524288 0.287938924074543 0.113573249724064
0.234638220502905 0.299340699672436 0.199150025535531 0.171755390329409 0.0951156639597189
0.174820624016997 0.159744404540474 0.262801842226736 0.188388663475959 0.214244465739834
0.139287047167943 0.290898044651919 0.0642960852550155 0.0285468236767317 0.47697199924839
0.0944432670323438 0.319741613000779 0.111099564131631 0.162100144581037 0.312615411254209
0.228486366160707 0.0060907159291906 0.14623803469403 0.310675355215512 0.30850952800056
0.203186989226226 0.147097967605246 0.312059369091463 0.227032118045929 0.110623556031136
0.267686254626122 0.155043706639122 0.246921388036637 0.0921346462273854 0.238214004470734
0.406450181199448 0.326674300626652 0.0098106918745044 0.122069766926221 0.134995059373175
0.210689465234353 0.115514214418474 0.31414786286795 0.0508396181336807 0.308808839345542
0.0865190746136954 0.195049354128489 0.286351807432994 0.20700738165483 0.225072382169992
0.218255837341479 0.309921468931087 0.10567615167284 0.0303929312913838 0.335753610763211
0.237983563845459 0.25560484060973 0.295398914794934 0.0658378262450393 0.145174854504838
0.0161651499374579 0.0861666664440963 0.485753487832315 0.232199882969757 0.179714812816373
0.160412519714694 0.04126401042865 0.381634663321129 0.135859764863936 0.280829041671592
0.0542952278580215 0.484548605119964 0.0738735793390252 0.215894969572904 0.171387618110085
0.172805101183511 0.29097596937542 0.0549401916556565 0.0869242222630766 0.394354515522336
0.107541263391281 0.443904976591763 0.201518423125364 0.18649317041415 0.0605421664774421
0.205554936975307 0.277443860993942 0.206142305669727 0.184344987211034 0.12651390914999
0.245419825447072 0.0784202311876642 0.247223962198636 0.212996749488584 0.215939231678044
0.185755466597769 0.266281660928784 0.206251127828806 0.0876940049613619 0.254017739683279
0.143477731846485 0.0879821265797451 0.191592280790242 0.0427479553781621 0.534199905405366
0.0559011695003026 0.174769086537536 0.292515044749487 0.327924757892205 0.148889941320469
0.18035811107718 0.104746117562584 0.242280100429427 0.32982976248873 0.14278590844208
0.183912316104699 0.083195983180242 0.132286687723433 0.223056024567147 0.377548988424479
0.327066130345901 0.153877198804232 0.113084557179697 0.354736237926688 0.0512358757434818
0.209831209848491 0.193535141341035 0.154602060290976 0.316234141498803 0.125797447020696
0.0239841417211413 0.210026930473954 0.0400484361330689 0.21039379031142 0.515546701360415
0.213606185732743 0.195187080309615 0.142815297560016 0.222649469883181 0.225741966514445
0.19976526836246 0.0220563532793533 0.317795384752829 0.288227015314663 0.172155978290694
0.189816768927029 0.0767791192225658 0.244975360598899 0.24628844369167 0.242140307559836
0.186026757381515 0.198018271910276 0.299864925942539 0.21202172102204 0.10406832374363
0.299872371054918 0.0683856431750366 0.268308955148251 0.191876502531162 0.171556528090632
0.233120148796687 0.254540521607219 0.220108720561019 0.049645574260235 0.24258503477484
0.39606821912019 0.552579502248154 0.0248090266861974 0.00684499165558107 0.0196982602898768
0.0392959845764901 0.225426654539337 0.207996552061469 0.300149570576746 0.227131238245958
0.0653008581545089 0.0841080012823595 0.076412459662181 0.258662936373686 0.515515744527265
0.0319690167465033 0.316427067079946 0.0852921248940453 0.110701874943288 0.455609916336218
