0.0487591944820103 0.227398704587427 0.443970076483703 0.27987202444686
0.0888778537486456 0.184894097998946 0.36655658514383 0.359671463108579
0.240606176224262 0.346973680465914 0.176211522483122 0.236208620826703
0.0997378870292743 0.0476436682901841 0.655935763290411 0.196682681390131
0.0738136875160404 0.268564466032463 0.31937036469793 0.338251481753567
0.184436069670639 0.261238712055749 0.304853265767791 0.249471952505822
0.4752279315734 0.285799511880525 0.170471632759648 0.0685009237864264
0.175143921044605 0.0253245936804803 0.492749494708144 0.30678199056677
0.278383435215465 0.293331328299744 0.142586949370891 0.2856982871139
0.450074135164542 0.163722860391087 0.213130802897422 0.173072201546949
0.379017076024299 0.25230479438724 0.200136348641723 0.168541780946739
0.110063653369501 0.244249095659377 0.361358905749603 0.284328345221518
0.319451526037034 0.317753987777947 0.131459720983205 0.231334765201813
0.150509400446553 0.279943777234887 0.174296507292197 0.395250315026363
0.211385631603511 0.277906532623296 0.234345144669651 0.276362691103542
0.34463615478655 0.350226544757404 0.240876413355299 0.0642608871007473
0.101774856695528 0.595757269405296 0.0852043586757961 0.21726351522338
0.254733908114791 0.262714358034764 0.28734469789112 0.195207035959325
0.147427937644006 0.239946460490402 0.144319159162232 0.46830644270336
0.131750606235286 0.353586148300535 0.317560365214288 0.197102880249891
0.272743575276223 0.161559512789035 0.289778257821025 0.275918654113718
0.101681032279751 0.210264785023877 0.26317435156485 0.424879831131522
0.438337111393658 0.150290873655069 0.271243087851391 0.140128927099883
0.46429503725186 0.342106027647532 0.165770292494428 0.0278286426061801
0.312785690582327 0.59395171310937 0.0589006079161037 0.0343619883921995
0.159457578743157 0.336374419857609 0.408984814396754 0.0951831870024794
0.305442169247392 0.30852883173445 0.323341244216266 0.0626877548018932
0.206346626675835 0.155348652704977 0.406049126112892 0.232255594506296
0.298493712068147 0.307657206116779 0.291925280321363 0.101923801493711
0.453923479820028 0.0348757503186523 0.436167385182034 0.0750333846792857
0.0205264532835156 0.504534907114649 0.189406329960787 0.285532309641048
0.319338384076782 0.262542750780947 0.237077309219705 0.181041555922566
0.294070511714663 0.475883964248612 0.0488165561782355 0.18122896785849
0.316395226215441 0.151215135982981 0.213958059116296 0.318431578685282
0.0341228810103095 0.0684444539206773 0.481650605430272 0.415782059638741
0.352919658540979 0.0616350888888665 0.348874307248819 0.236570945321336
0.697262730902647 0.0242537420688704 0.129072419809017 0.149411107219465
0.124711137942798 0.306695149024491 0.484490572524295 0.084103140508417
0.382006592980427 0.18976120372498 0.421227580759337 0.00700462253525593
0.247856658446395 0.348679737804494 0.0875743684661677 0.315889235282943
0.252821274081742 0.249309442273424 0.249798466864863 0.24807081677997
0.47482797863124 0.141308800385869 0.333522080201059 0.0503411407818315
0.144880175000826 0.414533513878739 0.273391536067057 0.167194775053378
0.122379696238788 0.0357521292572211 0.374475142996807 0.467393031507184
0.278162688185505 0.383451821900619 0.189727515430154 0.148657974483722
0.062664313524001 0.317504776385201 0.492269973511108 0.12756093657969
0.20633804099716 0.340538615959593 0.275029810246192 0.178093532797054
0.0254091236482789 0.151791840011962 0.180201213863171 0.642597822476589
0.281497533123457 0.166773112977047 0.16623411162958 0.385495242269915
0.177873284773543 0.299067072647713 0.364928683633373 0.158130958945371
0.581951159930259 0.0809804550310056 0.204604282913648 0.132464102125087
0.11636628479986 0.261209373641238 0.291617868468552 0.330806473090349
0.196892047294865 0.280478909812297 0.11041905226908 0.412209990623758
0.10344141805813 0.382227162723196 0.369356163432492 0.144975255786181
0.282088558507791 0.175724635338727 0.155429338018455 0.386757468135027
0.302533313681419 0.154070319042116 0.300785409582158 0.242610957694307
0.158804286195281 0.302190280310509 0.216034762243338 0.322970671250872
0.346518091098014 0.298554451710696 0.126757401535072 0.228170055656219
0.298496542789726 0.279602006190235 0.274396768789693 0.147504682230346
0.110673587026697 0.275305514179504 0.168443200452839 0.44557769834096
0.309162401274406 0.244658954119275 0.30068710033968 0.145491544266638
0.0198771087411586 0.233757128293092 0.36817697555971 0.37818878740604
0.464657904798428 0.039094359579129 0.0466714116524323 0.449576323970011
0.522239563426854 0.419858181648285 0.00841764352446659 0.0494846114003946
0.240649347299876 0.346461663230451 0.0469357704318127 0.365953219037861
0.318882212021188 0.271629958013046 0.238856258412156 0.17063157155361
0.3029490187831 0.0551763711804335 0.144601336459998 0.497273273576469
0.27906819183597 0.0518625109501679 0.331610372207758 0.337458925006104
0.348785777035405 0.380944418014091 0.131365937695544 0.138903867254961
0.640079718669643 0.0813798901069119 0.226946422209401 0.0515939690140435
0.527317177970632 0.185144318397405 0.0398465035057341 0.247692000126229
0.191144490863962 0.12760355647952 0.361063053636476 0.320188899020042
0.164251762172761 0.297043703051727 0.0736717751047955 0.465032759670716
0.204569924629762 0.285231756819043 0.129612634749329 0.380585683801867
0.0843680751567713 0.360666341916138 0.116714550614606 0.438251032312484
0.0310876430059123 0.556463511936649 0.210757269592516 0.201691575464923
0.296170416362216 0.10953260429836 0.284613869361797 0.309683109977627
0.283960996344107 0.240004050054244 0.314519496080371 0.161515457521278
0.301622775215629 0.149674966923222 0.241329855161138 0.307372402700011
0.253687092647306 0.18827866611959 0.28163204770583 0.276402193527274
0.329667047650616 0.272050079838511 0.22225651600131 0.176026356509563
0.302730252478408 0.255221992364717 0.278110773185687 0.163936981971189
0.281706774863676 0.0921000099856445 0.342923715105125 0.283269500045555
0.365716883821057 0.138181657243867 0.068691212642604 0.427410246292473
0.358997331486005 0.127383453279687 0.174767528471889 0.338851686762419
0.0908231359452631 0.385509749828235 0.0940968881529201 0.429570226073582
0.29603297299567 0.190705090814255 0.210226534335343 0.303035401854732
0.236168445036637 0.175550612943325 0.3780020532246 0.210278888795438
0.352694667767459 0.0188133409868239 0.2427676478218 0.385724343423917
0.261039308849043 0.35617402936016 0.11656032838167 0.266226333409127
0.095209615667309 0.351302223741438 0.297307770617538 0.256180389973715
0.17014232459886 0.343151143082216 0.262895689309364 0.22381084300956
0.169223775943182 0.271727772203836 0.309770244328403 0.249278207524578
0.268163325434408 0.2806891392008 0.132764189136574 0.318383346228218
0.290593331084657 0.191653666892527 0.26610725213393 0.251645749888886
0.302408322181897 0.390178080042508 0.0970546554772179 0.210358942298378
0.197366350051012 0.0818858546832325 0.373776757024886 0.346971038240869
0.23847338134891 0.129548566808441 0.474027269042097 0.157950782800552
0.258026395133083 0.0800543778430319 0.317597780546388 0.344321446477497
0.103244126550633 0.294084638806012 0.331994178273187 0.270677056370167
0.225857153144522 0.190420668918575 0.113034328376869 0.470687849560034
0.0363721340937055 0.212661771865934 0.51521432447917 0.235751769561191
0.0989684022350472 0.287867283922006 0.58104331975421 0.0321209940887366
0.395343548908019 0.0750415545811599 0.0440974951134371 0.485517401397384
0.0680397093201765 0.341238265576466 0.484776313923715 0.105945711179643
0.179731699960426 0.103747771877801 0.287533725292742 0.428986802869031
0.134058139326323 0.4193350752028 0.321080139246146 0.125526646224731
0.537109674491279 0.164203195090927 0.163631970503383 0.135055159914411
0.235913107933109 0.252246544768555 0.303095453923678 0.208744893374658
0.121966426506057 0.380451863799238 0.478523054962235 0.0190586547324712
0.409723109099429 0.217193840037434 0.0205511937709251 0.352531857092212
0.0321376855664135 0.254429592044679 0.352929336560734 0.360503385828174
0.0790750964945753 0.567772070905182 0.139276311164836 0.213876521435406
0.236572431015528 0.340601733856283 0.0815510272667004 0.341274807861489
0.333578105954522 0.203591177115537 0.420656668669132 0.0421740482608099
0.317453316532774 0.298163068075464 0.339893432514159 0.0444901828776021
0.355195460545264 0.329215738721368 0.171552624041641 0.144036176691727
0.185106853145695 0.282879207381243 0.0881522139479733 0.443861725525088
0.389307598337586 0.191046029336852 0.10337752706079 0.316268845264772
0.512600727186777 0.18557961776516 0.227058459805728 0.0747611952423352
0.465707087220939 0.367938382665813 0.118164983131731 0.048189546981518
0.363444318631114 0.0411053654137166 0.232269949739729 0.36318036621544
0.231589169654764 0.108228992433383 0.0101265962172319 0.650055241694621
0.332936498989068 0.328889041173758 0.0733770797292962 0.264797380107878
0.307349110856575 0.422190321355972 0.0237857346017466 0.246674833185707
0.007119695370749 0.306997595419366 0.436385801066231 0.249496908143653
0.0327723970750547 0.246249719315764 0.360002880243634 0.360975003365548
0.324308954872945 0.0721422227921132 0.456420675178097 0.147128147156845
0.216463116371217 0.188840906658748 0.311165245373063 0.283530731596972
0.337950541079133 0.404669960739389 0.225540070246902 0.0318394279345756
0.0354669926888096 0.164758337087426 0.559540253019961 0.240234417203804
0.290660747119084 0.334194265866808 0.150729957783747 0.224415029230361
0.0527292788353062 0.0914850298635909 0.521284728214676 0.334500963086427
0.485017376802392 0.364374309571241 0.120164654475554 0.0304436591508133
0.32633524507296 0.227172661953698 0.075885374770602 0.37060671820274
0.435439873094287 0.409189529473307 0.0930113523139896 0.0623592451184168
0.191077103072545 0.273493244834063 0.347274980326379 0.188154671767013
0.0538009765306119 0.376723098578715 0.303768510783746 0.265707414106927
0.691098616182562 0.0150871005197624 0.282478387332645 0.0113358959650302
0.336136611884678 0.00763412936308942 0.0510204387916881 0.605208819960545
0.11307267298617 0.390788913839016 0.307249042037741 0.188889371137073
0.0688111627989339 0.321800360998859 0.334796716639209 0.274591759562998
0.397172488598067 0.232420418390007 0.21560668366868 0.154800409343246
0.156907718252883 0.340841872377914 0.159944432306881 0.342305977062323
0.0412734123519949 0.0790527242994012 0.443069070427835 0.436604792920769
0.0966672720659585 0.422624818290059 0.255619681891218 0.225088227752764
0.100672473437237 0.01908099235997 0.272659241050251 0.607587293152542
0.355596953930487 0.127818775305956 0.313937084455539 0.202647186308018
0.00208164647874616 0.589802810161292 0.112911100166518 0.295204443193443
0.264365433432918 0.383005080597998 0.045837512253259 0.306791973715826
0.412100388284975 0.391495955388263 0.167014114934528 0.0293895413922339
0.505992607142428 0.1382991854675 0.248112203304657 0.107596004085415
0.246118724792997 0.24499495432278 0.503384312882859 0.00550200800136425
0.106034377880175 0.293851600082552 0.11813729343305 0.481976728604222
0.435465981859211 0.0125030072030086 0.132525200797733 0.419505810140048
0.0245950401219075 0.442762075669768 0.222926272959345 0.30971661124898
0.298308468912633 0.254357277502111 0.170281881681633 0.277052371903623
0.428528413973502 0.204263830351857 0.197782585079601 0.169425170595039
0.109403963488537 0.200000400551345 0.350974130064438 0.33962150589568
0.219703122661067 0.397463878064428 0.10779354828304 0.275039450991464
0.243430398565285 0.465136723308004 0.0828987705273913 0.208534107599319
0.217262504840844 0.354611304760023 0.335988789638178 0.092137400760955
0.235189047445643 0.277999859842457 0.202219862972148 0.284591229739752
0.0997716682530223 0.303829418954682 0.257093390668799 0.339305522123497
0.148837387363746 0.336560922140543 0.0427185978052646 0.471883092690446
0.328061187596418 0.158604225647272 0.373627242148569 0.139707344607741
0.238934436582649 0.240865730025155 0.283527184055346 0.23667264933685
0.133126982836305 0.316686550697447 0.328665817291003 0.221520649175245
0.45930525326173 0.340632630751036 0.0450806516643343 0.154981464322899
0.267440568345616 0.305840596951206 0.0310125718910288 0.395706262812149
0.237804478526325 0.320371369144815 0.0808226754430225 0.361001476885837
0.364226203418841 0.223888406935544 0.130316621572323 0.281568768073292
0.441712498023997 0.0839714658541805 0.262289505222052 0.212026530899771
0.421726078488658 0.284575452268905 0.0947932906265179 0.19890517861592
0.422982528090382 0.0599804323176989 0.274813620510608 0.242223419081311
0.222287399805645 0.163481438020979 0.601836568271298 0.0123945939020775
0.258467811504467 0.162677823865239 0.0656218807028718 0.513232483927423
0.0758248887923553 0.209196833602599 0.281129802242277 0.433848475362769
0.342849971322246 0.0961875679479544 0.24014202402363 0.32082043670617
0.273154517163437 0.153954485142826 0.329454477779186 0.243436519914552
0.065401712394566 0.533174135849717 0.196583223142772 0.204840928612946
0.236376154733808 0.259455648102894 0.305422646681369 0.19874555048193
0.332107109896161 0.330193196791766 0.136316171342921 0.201383521969152
0.280961007293452 0.415124787821824 0.0875463939398487 0.216367810944875
0.0508779628531347 0.274974618830003 0.395345972191214 0.278801446125649
0.468475329334305 0.14207822125111 0.0345044046913391 0.354942044723246
0.399394559159686 0.265608427918015 0.0672926814205367 0.267704331501762
0.0632300048793225 0.385962116578343 0.0906747190859482 0.460133159456386
0.120773943970555 0.374841072311221 0.119024795671395 0.385360188046829
0.35409108761124 0.36193288315663 0.162095108556647 0.121880920675483
0.00805660486556857 0.403814616996828 0.117360765974702 0.470768012162902
0.0623161700083461 0.0413162516889806 0.441171507877914 0.455196070424759
0.414938791406409 0.181890051103968 0.330578835596789 0.0725923218928336
0.355336265762519 0.242983595012052 0.262529761813719 0.13915037741171
0.0149325992023048 0.450384221588743 0.0850566980555938 0.449626481153359
0.0239448831232733 0.600274448914724 0.237505181518683 0.13827548644332
0.296335342425038 0.196332531040836 0.141167009746509 0.366165116787617
0.0563515997068408 0.383836093572816 0.258800882619095 0.301011424101249
0.0523329531612708 0.305224870490356 0.341678184696822 0.300763991651552
0.726625991856583 0.0570669801096718 0.0474651707618272 0.168841857271918
0.332745584158386 0.344552996946807 0.124509851446351 0.198191567448457
0.242451111652356 0.0372762124640338 0.346744557672001 0.373528118211609
0.288045360847377 0.337222557802626 0.317438992359349 0.0572930889906478
0.398755360321869 0.0925206760182724 0.303094330476757 0.205629633183101
0.174339842211891 0.0667161782655146 0.261985758425755 0.496958221096839
0.146371688224287 0.258865228635462 0.291915014942922 0.302848068197328
0.222793704049534 0.268612012762878 0.263657699834466 0.244936583353122
0.252608444592418 0.319427294730398 0.0480948325100207 0.379869428167163
0.198974958402469 0.31295821556046 0.0906893463248515 0.397377479712219
0.217990883008618 0.247381183149307 0.265132599887718 0.269495333954357
0.273087671471461 0.0339191010792691 0.449248714651686 0.243744512797584
0.50797293276542 0.289555702124856 0.190359085778066 0.0121122793316586
0.173085836490326 0.242056362159655 0.330197734111427 0.254660067238592
0.34695924676006 0.0800130733453123 0.0229838080663897 0.550043871828238
0.23743626362025 0.255224264241795 0.273965398011915 0.233374074126041
0.302795034510955 0.28332530860026 0.207153623132021 0.206726033756765
0.377788386700849 0.041970994075611 0.461956396384903 0.118284222838637
0.362609314466611 0.288540816657308 0.258224693932214 0.0906251749438674
0.347829477896125 0.256140244668422 0.232090270769226 0.163940006666227
0.278295544687511 0.34641503835806 0.0977598225978306 0.277529594356599
0.359632141580036 0.210384236389131 0.338791674744892 0.0911919472859412
0.151445456777931 0.517440261453125 0.320399302762463 0.0107149790064818
0.336637572898959 0.0410530264071583 0.494877271193779 0.127432129500103
0.0270948226289341 0.317007703244838 0.201418809318812 0.454478664807416
0.253887606124879 0.210939919415828 0.189098371497987 0.346074102961306
0.394667075341363 0.297486827798072 0.185342542175487 0.122503554685078
0.199401508113194 0.208476316343309 0.402715829438547 0.18940634610495
0.198863862182281 0.186915439574186 0.351944730702907 0.262275967540626
0.1773255461667 0.0656167094538399 0.295781608141333 0.461276136238128
0.0318589218076155 0.048157242765212 0.637711851742516 0.282271983684657
0.193717202847521 0.00940956538940178 0.409654240383188 0.38721899137989
0.222447049868443 0.375709142470225 0.284327946598797 0.117515861062534
0.310064360101078 0.300630500717474 0.18048028954535 0.208824849636098
0.100817183799291 0.379736845524313 0.222729819630635 0.296716151045761
0.257390314265949 0.0500848925093633 0.37658470350922 0.315940089715467
0.199674979398004 0.0932952657943756 0.346653933218678 0.360375821588942
0.0049752090086788 0.356328444962693 0.306448410473672 0.332247935554956
0.664239512305858 0.124822827593048 0.194628540831719 0.0163091192693748
0.177829296521284 0.148602941547962 0.307757380395358 0.365810381535396
0.330436452123825 0.272803540237598 0.162198607820242 0.234561399818334
0.373478284357989 0.140276801072515 0.401436617735139 0.0848082968343563
0.0349216452227252 0.300034470321142 0.153810504157036 0.511233380299096
0.400915600099143 0.381138877668073 0.164347075934655 0.0535984462981291
0.360398058870369 0.115600736271994 0.139242519963356 0.38475868489428
0.0132509499313694 0.642739153968569 0.270030271838134 0.0739796242619277
0.248020314607672 0.299064901044567 0.201194019537918 0.251720764809843
0.259807434470409 0.269679144681738 0.0474589570777787 0.423054463770074
0.569310620178436 0.0626726268829941 0.339770644407615 0.028246108530955
0.520176167181689 0.272081078593851 0.199695425573285 0.00804732865117466
0.117541321064187 0.440355542386263 0.0963969286997819 0.345706207849768
0.0382982948271286 0.302284458874633 0.356058165572527 0.303359080725711
0.274818352787129 0.300192045090779 0.208606864856424 0.216382737265668
0.291448392001131 0.0795523598373635 0.309181221728158 0.319818026433348
0.25439318646123 0.354005910499624 0.0370515302496841 0.354549372789462
0.230570966877332 0.25930085723064 0.398802068325412 0.111326107566616
0.295567470808723 0.554457685723972 0.0850570473389447 0.0649177961283604
0.309553091254838 0.239562368180862 0.309355352884916 0.141529187679384
0.377096084918084 0.114576601385898 0.348729379461404 0.159597934234614
0.189377927982846 0.200175130445454 0.176130782514121 0.434316159057579
0.207063191201672 0.128893103237368 0.428645605896234 0.235398099664726
0.31658265560488 0.255066429744432 0.0705963516546111 0.357754562996076
0.237268147735126 0.224031024971729 0.282773690112297 0.255927137180847
0.455551875721019 0.0247563834466877 0.338190361947422 0.181501378884871
0.405454111959726 0.306478808173893 0.0814206386087377 0.206646441257644
0.175661145364984 0.178852838936526 0.543743777125883 0.101742238572607
0.382209644546267 0.0596088707982035 0.42775270527117 0.13042877938436
0.279466740822985 0.585317163386334 0.0425642155762489 0.0926518802144322
0.314926018681877 0.251307871224527 0.179283201449383 0.254482908644214
0.23499874279175 0.264616182543449 0.0302643220780388 0.470120752586763
0.354472088084989 0.236375289409791 0.15551022254782 0.2536423999574
0.10666497295054 0.450420850870388 0.386061638928814 0.0568525372502571
0.217724431571568 0.200102127119188 0.25684289002501 0.325330551284233
0.224019466988165 0.388345873402506 0.138764261658995 0.248870397950334
0.419605060442037 0.422825346624389 0.131546013364232 0.0260235795693416
0.1793383572404 0.238061985949803 0.293135102801028 0.289464554008769
0.053410265527526 0.113804783513507 0.268460954541323 0.564323996417645
0.0922415613454116 0.299724202541958 0.382690018751268 0.225344217361363
0.100332699409228 0.55932810789304 0.285045864352369 0.0552933283453635
0.0412069717316423 0.274245632658671 0.119905278645201 0.564642116964486
0.272748187183632 0.243073691596867 0.104857710548712 0.379320410670789
0.0898656077188541 0.48827434116511 0.322128992807628 0.0997310583084072
0.129838125055574 0.0315190815941809 0.181114448871269 0.657528344478977
0.16968044327856 0.158048406976588 0.298845675523368 0.373425474221484
0.16786526238358 0.322700547476015 0.356420038066826 0.15301415207358
0.389003340163031 0.128277715626432 0.369089058429691 0.113629885780846
0.356823022877417 0.329661733023819 0.197423812145686 0.116091431953078
0.22532673873046 0.292261869642703 0.0795023181636425 0.402909073463194
0.213748528023222 0.172584450813157 0.339287991948989 0.274379029214632
0.313444870135732 0.323502288385826 0.265458069715349 0.097594771763093
0.263106837732223 0.318786621358679 0.199072819834035 0.219033721075063
0.246751522617492 0.0150410840285598 0.37422961975123 0.363977773602718
0.210164688268055 0.301418992164538 0.169321885943001 0.319094433624406
0.259013925759315 0.190042350181558 0.0838805997968248 0.467063124262303
0.0614040583841225 0.309693914928312 0.257199516580434 0.371702510107132
0.0683018815958978 0.442368339105681 0.157930143509736 0.331399635788686
0.140636002073327 0.0734585395131725 0.378645821740703 0.407259636672797
0.222302516624306 0.413999670225276 0.217386538192574 0.146311274957844
0.39130824239543 0.0748715992571736 0.178852998368721 0.354967159978676
0.397267124532896 0.219800720476919 0.353949877432647 0.0289822775575379
0.387982337572687 0.365898873264065 0.191051885362952 0.0550669038002962
