0.305920270382011 0.267160690203449 0.0405113806372744 0.0802480480656508 0.0345271660718009 0.271632444639814
0.254210819600099 0.288623713570158 0.131934349286132 0.0558339744321126 0.245944952795665 0.023452190315834
0.117688341302975 0.0583231794855828 0.246700918705431 0.0488368286686033 0.279284845904474 0.249165885932933
0.194092143338852 0.0519117248700459 0.128323866271381 0.153488770192847 0.271850619276542 0.200332876050332
0.077472873448229 0.0637203352723579 0.179875350927847 0.333667768210568 0.225964841447515 0.119298830693483
0.0805953338309781 0.0929397998297534 0.123084723792155 0.216175065023188 0.00402569312714012 0.483179384396786
0.171759470879843 0.175833520159476 0.228973012533634 0.185443879705145 0.212169309360563 0.0258208073613391
0.17388750940941 0.175156538460684 0.125704643227576 0.208211126989016 0.0789403051901775 0.238099876723137
0.250720561331645 0.10446061279387 0.19714321294026 0.0302496244300537 0.32115693135304 0.0962690571511305
0.165290891709786 0.144514543074421 0.134684311284266 0.26298704350282 0.0786230707583009 0.213900139670407
0.100432397542568 0.288434500871961 0.133553897407747 0.292177756258982 0.0736543096491087 0.111747138269634
0.194094039772777 0.120430434351513 0.110881307692178 0.0805140800258013 0.214425570246564 0.279654567911167
0.276385258287371 0.0281069796576869 0.199443527378314 0.10870095707352 0.155317051680603 0.232046225922506
0.0702968004196176 0.130517377663707 0.231791447036455 0.138613638715828 0.220290565454025 0.208490170710367
0.239219373606137 0.236800288244399 0.0242623126883047 0.1072638276322 0.277014439060743 0.115439758768217
0.131093526013351 0.229165124870464 0.118101239595294 0.238946518916081 0.163918788845882 0.118774801758927
0.176337130617437 0.100436935217001 0.212219940885177 0.27061835946049 0.132694816839964 0.107692816979931
0.118987378579037 0.151716495692516 0.0607258292226185 0.127066197642146 0.257129685348192 0.284374413515491
0.217263846154668 0.290373951282012 0.0526374225629812 0.0302176826198378 0.0855827379982099 0.323924359382292
0.181818397420767 0.207084993381911 0.172189532608817 0.0601996654230651 0.360599168766724 0.0181082423987154
0.250601045318561 0.335658317535774 0.0368796468375695 0.0089149903112435 0.124737183103172 0.243208816893679
0.0127841570688132 0.238875543546584 0.15862384643525 0.0203912002213261 0.250471616149758 0.318853636578269
0.242752013446543 0.120774060048622 0.156612381336253 0.268267840690169 0.0845400805987759 0.127053623879637
0.0719452329135688 0.301322239701637 0.0315282855299477 0.267036682290447 0.0160900834840267 0.312077476080373
0.330695780529785 0.192091805342659 0.0233673660458036 0.080591962699996 0.33387150206494 0.0393815833168168
0.0637757692680752 0.207901063014452 0.070019007183995 0.251976233963737 0.186789492656918 0.219538433912823
0.232039729657166 0.185203392065734 0.0869708238635452 0.225262058412121 0.140960238880374 0.129563757121061
0.0592220057014642 0.339820996449215 0.29021595799508 0.0560362634690502 0.121485762014838 0.133219014370352
0.151656076716001 0.127670685275092 0.297257225555823 0.0228888276607395 0.202566034947415 0.197961149844929
0.0697145982290542 0.0101443237386778 0.325255244429439 0.334087330163828 0.172437554459559 0.0883609489794421
0.0800125604269415 0.114367703856091 0.296785360014874 0.137859036411408 0.229930443967406 0.141044895323279
0.130737946880193 0.105894217843042 0.168660661908074 0.22533990524393 0.218211831846722 0.151155436278039
0.155199116731375 0.183623171116325 0.142854278695693 0.237719672271446 0.141435363305136 0.139168397880027
0.0251059130268415 0.114062145529455 0.241852237863389 0.238644207358767 0.21079604425044 0.169539451971107
0.0940205406401654 0.462251710568572 0.0734344970652417 0.0595851285264918 0.310595609455623 0.000112513743905596
0.0742940532681841 0.00161896329596093 0.407222866971899 0.355478235293535 0.0501174592872843 0.111268421883137
0.100430099041853 0.284557099049035 0.155218933598697 0.0654387178258162 0.337285881483276 0.0570692690013225
0.151211302198611 0.297189304036004 0.0171828206503284 0.185044163026765 0.0664407123561568 0.282931697732135
0.308184803020383 0.10686851818833 0.114337750838426 0.198869218591619 0.0439641778976583 0.227775531463585
0.241463881780758 0.174160023709742 0.242768166951828 0.115896423142917 0.137525913942181 0.0881855904725749
0.38145009079104 0.0878808023693986 0.0202943746717998 0.325005801438346 0.0916212750409867 0.0937476556884296
0.153195527103085 0.072770146760018 0.000992255306611274 0.0573019173177488 0.568844720310906 0.146895433201631
0.189270840986857 0.0047255621478066 0.192646051067423 0.301975341160014 0.196417707513989 0.11496449712391
0.145967504465061 0.121014752298236 0.0312683472686546 0.254311766098174 0.289898308942362 0.157539320927513
0.480341928593354 0.233003296642339 0.220720802179672 0.0222564453504703 0.00994505754208756 0.0337324696920775
0.233040947403639 0.235514122137085 0.123626210197708 0.0525913214792783 0.0822599642401134 0.272967434542176
0.143252316261432 0.1096935172302 0.0456678104655212 0.251037979474563 0.196880609188162 0.253467767380122
0.0391797744932483 0.287177472361092 0.0702844190673929 0.0304011749247525 0.29046664979004 0.282490509363474
0.29113885588524 0.15566634112528 0.132632450379493 0.0627471575724425 0.23157034796636 0.126244847071184
0.243513216756825 0.236308390086774 0.0151781339448281 0.0494551041840759 0.212193296301415 0.243351858726082
0.260610754469327 0.133171468378508 0.207577469787975 0.121883360775171 0.264792966666741 0.0119639799222769
0.130019002747707 0.0967062641142417 0.29295752082724 0.193304935384986 0.124647365899989 0.162364911025835
0.0117537482064355 0.0538951743422674 0.134964461091068 0.358211977449276 0.0595798890100965 0.381594749900856
0.250100970359031 0.004553177075821 0.0943988452290756 0.24914204545883 0.24364002979155 0.158164932085692
0.23966925184452 0.405100122890401 0.165625563118818 0.00853345859829393 0.16939407449778 0.0116775290501879
0.041389469024764 0.196732750649974 0.433878656568399 0.286646192230332 0.0395784970000417 0.00177443452648923
0.349438381518251 0.179821542297108 0.0781813498339779 0.0186547848063703 0.350260725455334 0.0236432160889584
0.218926854186016 0.231155543589598 0.108201415888461 0.233558408812129 0.147745034745446 0.0604127427783505
0.191691761135924 0.143699353031628 0.0272248577809355 0.165904476963379 0.366258165680029 0.105221385408105
0.114702238149061 0.188224144266261 0.0750377566477757 0.0534278709280887 0.347289718294354 0.221318271714459
0.240233279039033 0.166348735642505 0.132179546061848 0.330352776621931 0.031440314069538 0.0994453485651447
0.111688941532651 0.400219269768817 0.288633921587261 0.0498823083948254 0.115782434067746 0.0337931246486993
0.335040274131974 0.0582784777581028 0.17574009996877 0.0678342655894913 0.336945298286368 0.0261615842652936
0.0201590164458338 0.158966254309946 0.149715773579215 0.330374080453969 0.21253949241482 0.128245382796216
0.0802285784553909 0.226845043229974 0.348082901514418 0.124142184765856 0.137369187209475 0.0833321048248852
0.0868021406781364 0.159492380277024 0.246914579661853 0.209764281418029 0.146524062407919 0.150502555557039
0.170513004491639 0.193274056386472 0.199137757356248 0.284331989943045 0.147151137941228 0.0055920538813673
0.0437277511076442 0.152198513919332 0.209070500870073 0.196084673763122 0.177062771068863 0.221855789270966
0.0440846205356665 0.261836905684659 0.247722940690032 0.141511136009947 0.2129481847315 0.0918962123481953
0.159887638420416 0.203085369817602 0.05299341167795 0.310268986575324 0.221065432344254 0.0526991611644551
0.373042835883685 0.0932950148529324 0.057929487989992 0.108869417770507 0.0270920796820949 0.339771163820789
0.270789722592558 0.0117177045029819 0.31480787425469 0.0649406264933256 0.335646603678195 0.00209746847824926
0.290492281984452 0.227221186620643 0.0713537141689595 0.0468682157732152 0.157088168125429 0.2069764333273
0.0529795449099773 0.239259586119655 0.135378023415211 0.21063290601928 0.167472416951858 0.194277522584019
0.378227439620101 0.281797316575835 0.0609949023853837 0.240809505911019 0.0032177003485052 0.034953135159157
0.246712729030296 0.0662992456248497 0.0777847087128343 0.219557539691504 0.174716893157019 0.214928883783498
0.169908780827804 0.255487284497264 0.245548895665327 0.0471770943831433 0.106323418541396 0.175554526085066
0.278669219499575 0.18645786799638 0.0898962703298268 0.275180953598992 0.00722879144809261 0.162566897127134
0.0580313633028042 0.0312793461280634 0.358741625980274 0.0314935527616859 0.180237151672563 0.34021696015461
0.23690087300442 0.218479292224199 0.18074750620609 0.194985639351973 0.101926544499676 0.0669601447136423
0.219626004664359 0.118015300961205 0.16521309919817 0.247135148247149 0.24195951620996 0.00805093071915689
0.231153478230158 0.0847148999112526 0.0894421472510685 0.201963282580435 0.354177103009341 0.0385490890177455
0.230966649682939 0.124602517015805 0.259246753877633 0.107230943075218 0.0294554844858722 0.248497651862533
0.315649822140513 0.0320235270787153 0.227420370736163 0.0732227756076657 0.104107672177528 0.247575832259415
0.088843722417874 0.154977948437367 0.225363889104114 0.104361404368351 0.184805251825858 0.241647783846435
0.0304826334424775 0.293657162493435 0.000426557521106996 0.259096408560745 0.0754032647393475 0.340933973242888
0.0175856757541129 0.0724071788987145 0.0392947424667693 0.14667293074575 0.392135303899479 0.331904168235174
0.147415134002113 0.213092156195745 0.303162649310046 0.080987303805848 0.0182209764153995 0.237121780270848
0.217394700140417 0.187708338632981 0.196451960169809 0.251459871915877 0.129332026008905 0.0176531031320112
0.244183966165127 0.0632680367414184 0.248637755534822 0.133330624869257 0.212449722896379 0.0981298937929967
0.200683475704027 0.107257448159957 0.0673035712760696 0.267922657723297 0.146376384821357 0.210456462315293
0.115838257317525 0.206831354149356 0.137399467813659 0.208629877230278 0.245222734285722 0.086078309203461
0.164859621790359 0.137784550995915 0.101887070804402 0.160071054465044 0.108234505780512 0.327163196163767
0.0944642433999951 0.25398257562683 0.184071752319157 0.0402820152999665 0.216718357763367 0.210481055590686
0.157579454880466 0.132250068667595 0.394411930313401 0.127396090968968 0.0634117453532368 0.124950709816333
0.230133388648662 0.0939628710223235 0.0802635388042423 0.30278478534944 0.246619640409075 0.0462357757662565
0.022085566720256 0.255589452635794 0.196434689306262 0.216019140647545 0.20027761659469 0.109593534095453
0.134055129222397 0.281007295701226 0.205556453550987 0.19047815108641 0.0111324834168424 0.177770487022138
0.235841369318866 0.192874531721282 0.177942389648313 0.214752981833811 0.0474290032703831 0.131159724207344
0.206819548489885 0.255588671788333 0.103989525828038 0.234514092862167 0.0690459695377178 0.130042191493859
0.188884113104225 0.199057491990025 0.0279627416001785 0.149222996977273 0.0249916754380444 0.409880980890254
0.188073309567451 0.123973863251755 0.00879739874867617 0.0611306682680038 0.315235433456173 0.302789326707941
0.0442565990157643 0.0958752713265031 0.185599469033838 0.141783206608013 0.211169532034657 0.321315921981225
0.0964996287466159 0.238557872028019 0.248175873802633 0.271830213577569 0.0966155997729217 0.0483208120722406
0.330070392621232 0.227134657571474 0.0299257537489237 0.0309267510084669 0.0440698315375247 0.337872613512379
0.306997515463246 0.186462769179236 0.0626740300766825 0.0393238366287672 0.258158470194125 0.146383378457943
0.214950298980002 0.215589163706764 0.321884690625273 0.0363884079149629 0.175015033929384 0.0361724048436145
0.147705869150283 0.0702961832341253 0.0117378082071761 0.0677351864119582 0.404529521694321 0.297995431302136
0.221382550722482 0.0936264656307733 0.214414382592497 0.0900392700135478 0.298580659973585 0.0819566710671152
0.199096604578718 0.015763086537756 0.277808487444982 0.00465472936069498 0.347815742881957 0.154861349195891
0.0630734430254868 0.15421091420004 0.0265819608741391 0.225486572520186 0.215734491835358 0.31491261754479
0.0891026127947969 0.121121840772893 0.395190207038155 0.00102928046818197 0.20241032047858 0.191145738447392
0.0923500223888817 0.299698384449283 0.18894687671454 0.0274946600011454 0.121571130998468 0.269938925447681
0.0543504453071755 0.318278321320686 0.0831123320587542 0.333897888571123 0.200495050943053 0.0098659617992078
0.0265343599526908 0.221258109176739 0.0507866065467587 0.179233674477255 0.304473440895976 0.21771380895058
0.0348583127649616 0.276888424048335 0.000238962656578153 0.237000282274291 0.0322598666042243 0.41875415165161
0.15768849917283 0.212047199469368 0.206755269414319 0.27315317054512 0.122456828378473 0.0278990330198896
0.209189284972714 0.150735025544273 0.157763070347673 0.14375258697027 0.137601761599805 0.200958270565264
0.215151967678855 0.200255969485251 0.239645487384052 0.13416252591136 0.0725422777995956 0.138241771740887
0.208467213011966 0.0606601362788472 0.26956835588845 0.0950665364609037 0.117420303363045 0.248817454996789
0.0135360724897026 0.0967793467983671 0.248036082991476 0.288280244728321 0.27027792377349 0.0830903292186431
0.0147051458331697 0.0918559303710025 0.134949143650518 0.0435902430878453 0.339841268810029 0.375058268247436
0.0445824051423967 0.177873066236487 0.255774039738552 0.169545922550257 0.0823270023541543 0.269897563978153
0.153017276040905 0.276745471628823 0.346092590702831 0.0557608945786989 0.161131522993834 0.00725224405490843
0.0221843061849411 0.240514518366459 0.197580427177095 0.179772808715243 0.110537084773782 0.249410854782479
0.180072506170103 0.201802651569491 0.121336790808865 0.0831482766073283 0.165534248557772 0.24810552628644
0.132816857636621 0.101992730186328 0.206701538122812 0.299705240951005 0.232039016777055 0.0267446163261783
0.196640673193992 0.229841526026432 0.179768529609328 0.227075673739626 0.0767637334994393 0.0899098639311831
0.221192600522481 0.308618757211202 0.217229649712712 0.0824921019941182 0.125277010737673 0.0451898798218141
0.104766642010906 0.0346954204833798 0.274176993683445 0.15308268358621 0.257067104040417 0.176211156195642
0.316197539265326 0.22783794804559 0.219650499430755 0.212781555426085 0.0211303446905771 0.00240211314166681
0.219192339154637 0.132357160153651 0.0325446946161234 0.0410452810555768 0.341590635629896 0.233269889390116
0.0808582210146134 0.421091340689642 0.288724200565968 0.125268458933058 0.0688467443578685 0.0152110344388499
0.285816926306035 0.128089337477596 0.162414952584844 0.156474148403569 0.257774154692076 0.00943048053588038
0.309806616465373 0.0740031758933288 0.0479976131934159 0.163783800218333 0.288019680680789 0.11638911354876
0.240088411849535 0.0290988107653083 0.109988212193165 0.13663765600098 0.334179677239545 0.150007231951467
0.191397061428169 0.110493308469029 0.133696985509375 0.148910110830812 0.154595843967785 0.26090668979483
0.0806067218191973 0.078808875842596 0.187872299903925 0.252771898448441 0.189903052419441 0.2100371515664
0.254024890294763 0.236877185960025 0.183733306891286 0.0810168904677165 0.212021120515574 0.0323266058706352
0.41571433469629 0.187633779108616 0.121582283634413 0.219885551273826 0.050532746121799 0.00465130516505585
0.246745930987522 0.222727821922966 0.176319083981826 0.0408942019565811 0.250591716357403 0.062721244793702
0.121860673813361 0.186710679575384 0.159689553976423 0.223192220976666 0.15123489942022 0.157311972237946
0.0914927133598825 0.285737819203937 0.0490351283252196 0.264162058306303 0.208931536448204 0.100640744356453
0.254806794171866 0.19436394183932 0.0214385483633271 0.203865867883506 0.301726010417331 0.0237988373246499
0.136393211610371 0.0776026173263539 0.228212583358701 0.177097802811412 0.0162116753197266 0.364482109573436
0.217673338892412 0.182286947597309 0.16708199773612 0.137770523993079 0.240932677527997 0.054254514253083
0.00641581691775166 0.233097987178545 0.246849796650541 0.249464054347492 0.121145135053474 0.143027209852196
0.141619439605042 0.120358689638174 0.180584516029895 0.21344080422894 0.127013865897949 0.216982684600001
0.237271894598648 0.170407212733761 0.0278085474550122 0.26672126300735 0.247958073277644 0.0498330089275841
0.218621940634576 0.145095538095735 0.041088837751177 0.219389927217515 0.160160840956117 0.21564291534488
0.0965752230394187 0.14007264908139 0.195784969073186 0.148484818955556 0.299946289414148 0.119136050436301
0.218575862378463 0.170667315018015 0.139508372680085 0.19660756728234 0.123909222758757 0.15073165988234
0.109517564772707 0.216474170394667 0.0967970414870572 0.327329753251821 0.0390242655225917 0.210857204571155
0.223879033858073 0.252174245795694 0.267937839935984 0.140362997030229 0.0301789314078704 0.0854669519721489
0.110427211930914 0.043073345540102 0.184603906342621 0.103533475490594 0.267660741619996 0.290701319075773
0.0428486394901902 0.25533399229985 0.313965935248628 0.335265886543579 0.00337344414150924 0.049212102276244
0.151296192244778 0.204650256991297 0.105516434511592 0.0746766894595529 0.354245519191464 0.109614907601316
0.168580304892169 0.182785166556501 0.163095371807933 0.115077372471887 0.198382381761767 0.172079402509744
0.0560843512466458 0.0661458986575321 0.32629399158624 0.160692735888888 0.207235601995882 0.183547420624811
0.0265064478162336 0.0783889214632446 0.153396260289415 0.306961117688353 0.220468351105609 0.214278901637145
0.000457795298763218 0.182162224591855 0.245024380580795 0.0347536556958082 0.188493428664432 0.349108515168346
0.196912790875846 0.112389463138677 0.0189264649151006 0.153746509551697 0.221445914068184 0.296578857450496
0.122401743591498 0.284693760386398 0.106162018828802 0.00625208337715621 0.293776049926132 0.186714343890013
0.350603510840895 0.0695391589467581 0.0293719353348726 0.147414934131697 0.296612764511917 0.106457696233861
0.127544122164311 0.205635085445779 0.213895903953561 0.133206025187569 0.0995615747514454 0.220157288497333
0.219213605781994 0.274305264660637 0.370287883759339 0.0178083552654033 0.064159440220641 0.0542254503119859
0.218026615991421 0.293773806880865 0.148863261471991 0.0495787651272832 0.068175884013053 0.221581666515387
0.267636439944018 0.139125618867032 0.0749536957151219 0.0691078440648083 0.431967981873769 0.0172084195352511
0.153430092450371 0.290688199359528 0.0985122470777671 0.0976853507964367 0.22298795768554 0.136696152630357
0.0347737065309902 0.197455864280727 0.0153039516583302 0.272638180974226 0.171285640340016 0.308542656215711
0.23043096798208 0.0420947682390196 0.236504569987515 0.12977232492881 0.241564788508542 0.119632580354034
0.103905813245983 0.116600503446497 0.221339834931584 0.164428640048337 0.143192796529548 0.250532411798051
0.128795745653239 0.223474627672984 0.377245780143122 0.0823794761888866 0.174253558599009 0.013850811742758
0.314542814018225 0.11209344972337 0.118015077195237 0.228786613898998 0.206331399301239 0.0202306458629317
0.0650316453413192 0.199261782928985 0.158510461097079 0.228724615995183 0.0247126003258127 0.32375889431162
0.0330247399164865 0.239638837941781 0.23351366122058 0.151664568230044 0.0504820344124036 0.291676158278704
0.197587635255678 0.0891219314564605 0.243694087783619 0.168098576184335 0.112189091655799 0.189308677664109
0.111523561570215 0.191658050104793 0.0855463526440385 0.239622778362426 0.157936212255138 0.213713045063389
0.0807933450887461 0.222113907592158 0.0364187450970469 0.256154370950439 0.20288147440216 0.201638156869451
0.0795508782632259 0.171905042170208 0.0760460838959455 0.026345850991115 0.339822896869017 0.306329247810489
0.234784755412554 0.218038060483784 0.058861208993969 0.0619546193532689 0.201240898203153 0.225120457553271
0.0845223547699099 0.318723129740928 0.197223781603857 0.164581421491976 0.205563269688604 0.0293860427047252
0.353039151000586 0.0828909828481961 0.095044178340485 0.160154014778931 0.0534794822043553 0.255392190827446
0.28688957965078 0.157724965605251 0.137373232889464 0.0182546362177873 0.184305404066902 0.215452181569815
0.306698448004449 0.0222997768910277 0.349414470097832 0.0700287928301422 0.0812590179601081 0.170299494216442
0.0129756359770881 0.136570380803051 0.20235530340869 0.272455412516144 0.132496881826978 0.243146385468049
0.100504406514482 0.257351323820418 0.100442667518561 0.180944522801884 0.205714650116296 0.155042429228358
0.259349971662504 0.136759377698141 0.11987465991317 0.20858310014906 0.271285593940011 0.00414729663711377
0.306297650042802 0.250950593465384 0.0447533203338588 0.0434467794032204 0.141751009381665 0.21280064737307
0.149896364287283 0.130345110810193 0.0497155303840157 0.252127101140255 0.191566509567991 0.226349383810262
0.0214869405292305 0.0548338486246331 0.0971345216818047 0.25767608226274 0.342685690693339 0.226182916208252
0.0262454319149348 0.275756923391037 0.00939706117905665 0.395650377175635 0.0383381371866093 0.254612069152727
0.00832184708071951 0.0958979478860049 0.152355296780855 0.214503183804867 0.239897333438443 0.289024391009109
0.20516662441149 0.0692562047182291 0.0471848167830099 0.204467479177285 0.23159915088099 0.242325724028996
0.270213995826324 0.214412575022278 0.167258719803682 0.107866956639865 0.236079836415365 0.00416791629248564
0.162949881539077 0.161912270364434 0.101142146448653 0.190170418431619 0.162073567567934 0.221751715648282
0.188239517570663 0.0627489740096085 0.25839756923317 0.220409355495798 0.154103153625347 0.116101430065413
0.196966704979369 0.00695365971888698 0.213581965712087 0.0978314257945763 0.24203703981961 0.24262920397547
0.230285536331259 0.0608737082043472 0.126528968205081 0.22999316719372 0.164298639621603 0.18801998044399
0.21394175835298 0.0572415265350955 0.0928713915121429 0.11543889335109 0.279732490945986 0.240773939302706
0.219758394545555 0.0546376171888263 0.173791352350515 0.253203547897588 0.159745136048964 0.138863951968552
0.0548175625094344 0.16700151787712 0.101959619487743 0.132812371416581 0.32126763919441 0.222141289514711
0.233423256764415 0.00757189755499165 0.22847909014698 0.149384775606099 0.230623754448795 0.15051722547872
0.1149040949237 0.129982892544914 0.176127884233231 0.198472251916097 0.12884020010622 0.251672676275838
0.210133462471942 0.108799796270299 0.0695838717952684 0.247637259794235 0.225356267942319 0.138489341725936
0.00490919720422262 0.191660172057693 0.0245103690301632 0.364289153893351 0.39107219226644 0.0235589155481298
0.275072919234329 0.271629303778305 0.144916185439728 0.0472451520810431 0.05072248662585 0.210413952840745
0.161143966601237 0.221544227972654 0.312571282436339 0.239558449579626 0.0547126459185482 0.010469427491595
0.128837671042861 0.0185139301319858 0.395854117099224 0.0367210992967539 0.320426438207658 0.0996467442215166
0.129814065368718 0.143450456948575 0.0933780355482395 0.246130579365005 0.238896074969377 0.148330787800086
0.145537939778839 0.192443056150028 0.098638571580145 0.207235974886005 0.13430701365486 0.221837443950122
0.186951503198868 0.0845341212665067 0.110805616561934 0.224034906511572 0.165366712960365 0.228307139500753
0.286346036248049 0.323566683466741 0.0448832070656326 0.00119791421844479 0.26368589658039 0.0803202624207433
0.0373493327474183 0.108338552470073 0.188554655748971 0.218515588290904 0.194623675505571 0.252618195237063
0.235909434166858 0.0795502007231968 0.00966258466733125 0.27586858339776 0.080974784515728 0.318034412529126
0.332714912974753 0.0293685677378992 0.0229442355006986 0.268455707098901 0.097200165303638 0.24931641138411
0.0915769365392555 0.106446977845036 0.0724765669011034 0.196484637975161 0.280496355731511 0.252518525007934
0.129009632687319 0.183163421142971 0.179851642426693 0.173642841740717 0.0506339539695982 0.283698508032701
0.161361504929728 0.237416450890641 0.117612734258545 0.205431182473403 0.0313400932625898 0.246838034185093
0.211761346977447 0.197760323623364 0.164908218522066 0.0221047431800523 0.306155178090736 0.0973101896063343
0.0217528882515022 0.236264041909877 0.0479466585119354 0.267947945093523 0.202801088996322 0.22328737723684
0.0960932951120076 0.119181822497604 0.121906065015504 0.0734558148174319 0.129837992793139 0.459525009764314
0.222639465430461 0.125703619632564 0.0320946306882311 0.122443326236854 0.185966115299848 0.311152842712042
0.133602418175292 0.179994452291409 0.164470609323262 0.195561237397549 0.0349306702100952 0.291440612602392
0.0807573557559611 0.198715956193326 0.246164969499411 0.134228199706918 0.164731402978632 0.175402115865752
0.209587510865106 0.294608131110951 0.173303785838365 0.005149361579692 0.19096919219443 0.126382018411456
0.245357883719928 0.159663880415404 0.174916227386969 0.0956504348728695 0.137185605045341 0.187225968559487
0.125378642253707 0.155570601879679 0.354964595243176 0.262962058345459 0.0301051028663011 0.0710189994116788
0.128527170356237 0.274225905715301 0.234946263086704 0.0779761029138797 0.263661954674655 0.0206626032532232
0.327742318488749 0.221038436880307 0.0835672704299104 0.228264449642263 0.0231005474172277 0.116286977141543
0.0282211761454007 0.0861883705651068 0.092363724633688 0.262263194241915 0.23178137839722 0.29918215601667
0.0785184471362359 0.0208705455910671 0.228926876865701 0.263977799841488 0.134517532042424 0.273188798523084
0.200084122700409 0.240979027827138 0.0272631284146541 0.221815051348276 0.0842912328206473 0.225567436888876
0.0448210606110351 0.18732647011074 0.0240076056418896 0.149577234460691 0.374305229261165 0.219962399914479
0.216989677333393 0.25401796262704 0.0129420037503774 0.118192530931736 0.156347183195217 0.241510642162236
0.295506991318829 0.142029901351096 0.237251674999792 0.231517325443009 0.0396869391874342 0.0540071676998395
0.0133510026708775 0.175756479971771 0.338917787530966 0.141855895788482 0.028759631984999 0.301359202052904
0.080285491074555 0.235143640572934 0.227620728141499 0.138568236266694 0.269888285633533 0.048493618310785
0.0285077650469897 0.194440364178948 0.229604651129674 0.197718667733375 0.0476752563687601 0.302053295542252
0.0600273971987625 0.245315489646799 0.19828718317254 0.155375213305762 0.034833767295059 0.306160949381077
0.209588388323555 0.183721637406958 0.155761656438255 0.12675326184577 0.162508296264636 0.161666759720826
0.00342243653230274 0.263964512184888 0.0195518073138873 0.258214134777396 0.283253915022536 0.171593194168989
0.0598196487229003 0.311055122493502 0.0848147136438906 0.0771489980122907 0.265990441764405 0.201171075363012
0.00240165289352437 0.0138440407197463 0.230435062366856 0.488383829758559 0.22003451900147 0.0449008952598444
0.338335774908143 0.286967671678177 0.218844465696649 0.105729926421803 0.032541036880884 0.0175811244143441
0.205058991588525 0.146122183550357 0.185059273609013 0.1530770989091 0.258126870517694 0.052555581825311
0.175442647983765 0.220910702508505 0.0816410942857197 0.203364274079205 0.171440744809881 0.147200536332924
0.229811789162842 0.0748486500050325 0.293279184296483 0.0442198718503949 0.225046000034063 0.132794504651185
0.0782582833131643 0.140761647351931 0.120023154831186 0.325553823864122 0.257240588910872 0.0781625017287249
0.122189834540745 0.0561692880205778 0.186534966163608 0.0870082718100916 0.2679476320665 0.280150007398478
0.246050468448692 0.0986861255554539 0.286510669827951 0.275779241846961 0.0216105609125373 0.0713629334084047
0.294952761509766 0.0939694916520722 0.149692360501424 0.0912794439847653 0.0045074787719297 0.365598463580043
0.224381476577624 0.17741151929851 0.033309758812115 0.22778913196729 0.312798141788817 0.0243099715556447
0.147743753215747 0.0667204214904978 0.349123353923681 0.0856955497040598 0.01542889577994 0.335288025886074
0.127679079226917 0.064195480664874 0.2573114842559 0.0618543524646965 0.236453384361446 0.252506219026166
0.0599593810185544 0.218627275801004 0.0488324427599112 0.220530702159947 0.236174269184736 0.215875929075847
0.0384298762089072 0.146171024866658 0.149855198028259 0.47638912400264 0.121562372729109 0.0675924041644271
0.269239243049964 0.26533926829002 0.0332613865620444 0.306283410830512 0.0772044664670549 0.0486722248004042
0.146019392762133 0.219437892888415 0.177905812058669 0.170018842283599 0.165303103572434 0.12131495643475
0.0755278412919595 0.274381226692075 0.229748765542168 0.124008268771151 0.144257891559325 0.152076006143322
0.369569332145998 0.0971961691241867 0.24373122333055 0.0891933836096288 0.0590458514283599 0.141264040361276
0.206649677376898 0.231687766064392 0.00412971373757092 0.0429198976950279 0.211945162311706 0.302667782814406
0.102210314768306 0.0117973296342841 0.389511766854899 0.0444466806371903 0.0482043970271289 0.403829511078192
0.042861968074335 0.0364853180896664 0.135740716472187 0.286632784699158 0.241665549009625 0.256613663655028
0.027765993595883 0.209790564143937 0.131411290922412 0.258678716954918 0.0525003813726262 0.319853053010224
0.232960510283889 0.149017370848898 0.205653484504143 0.197598045564494 0.191253474198795 0.0235171145997809
0.399291156594194 0.0129402940311448 0.415364338243976 0.119435116286893 0.00210173949913887 0.0508673553446536
0.27624023884879 0.190451492576313 0.342041095004933 0.0336119706544769 0.032756883809058 0.124898319106429
0.272454167835736 0.141587995903714 0.261266233804042 0.117109886146189 0.180733309345501 0.0268484069648174
0.148390658449733 0.162944682157024 0.111047041722053 0.207886488694123 0.166092382155744 0.203638746821323
0.200102584089707 0.0734962416036407 0.158023389651918 0.235112132451439 0.138021124194038 0.195244528009257
0.271547937444873 0.0935062266810696 0.267421565335403 0.0817788874124929 0.175325503116935 0.110419880009227
0.00127303201253702 0.266913108797912 0.0422148488727517 0.254804726866613 0.24295352400732 0.191840759442867
0.150688406705124 0.0290348665370653 0.369090016147825 0.174081763621377 0.0348057705441408 0.242299176444468
0.131374977732815 0.178300778515815 0.353899561179841 0.109232173871594 0.0305597046123316 0.196632804087603
0.0780875414008662 0.273253558058756 0.0735012604816285 0.109738886124804 0.337996412455355 0.12742234147859
0.186461792714033 0.201858632290446 0.133250064064316 0.0131478159945044 0.222306194491189 0.242975500445512
0.0864249055097479 0.0303541402364184 0.321598859375414 0.0882093025858462 0.350252628319113 0.12316016397346
0.302761059034632 0.34575218054492 0.124335853587489 0.0157227103517443 0.0922780485830674 0.119150147898147
0.208668413056565 0.113389696979702 0.0104810538503146 0.505235753354095 0.137588728703796 0.0246363540555278
0.216868419629574 0.262179084196534 0.157830583619536 0.128559060948766 0.161772266095166 0.072790585510424
0.263526586406329 0.141564790074519 0.0269822597481037 0.289538775048049 0.0275447054277903 0.25084288329521
0.230569009442384 0.012820387105461 0.126756464544444 0.129805963260945 0.28425723742104 0.215790938225725
0.156580453480253 0.246334130284016 0.0598069933170161 0.22877391424823 0.164747131772027 0.143757376898458
0.384735459868272 0.10567996385481 0.0395378909304303 0.0951857192058285 0.333984607903305 0.0408763582373545
0.25337201986941 0.151133619763409 0.0381777618242793 0.0568193264944055 0.298395922015609 0.202101350032886
0.202094885745457 0.135760081741976 0.153978427745475 0.206490108355571 0.16892296583612 0.132753530575401
0.28962820964393 0.296288267509445 0.182085069805511 0.0716340326391186 0.0922687816965054 0.0680956387054896
0.118212956364477 0.108076491651885 0.249418021289418 0.102842833826527 0.26046333851389 0.160986358353804
0.0292942199666415 0.157756949924818 0.209192033853129 0.192609078976849 0.185090928073487 0.226056789205076
0.210707458031519 0.152539116183719 0.258310040061591 0.0847409046426943 0.146742676924111 0.146959804156366
0.0696916533410284 0.0863292622624972 0.292739599381857 0.127410748694961 0.204288146201917 0.219540590117739
0.346303816567308 0.129669245135663 0.0274395591169214 0.0162397657363028 0.310925956125586 0.169421657318219
0.149179522162952 0.240907420797507 0.0112469217969571 0.280667725657558 0.180946258593395 0.13705215099163
0.0454274847600008 0.23143371438482 0.146547296148125 0.0780663851887646 0.270806678895138 0.227718440623152
0.70589024693291 0.0363934466625933 0.0689098606716099 0.0732608144234051 0.0410365693293508 0.0745090619801307
0.220662868017367 0.0334941695139656 0.199710652213364 0.177469000827098 0.180841827819186 0.187821481609021
0.00596702707850134 0.112370070038008 0.291896334550789 0.188450769237247 0.176113791515502 0.225202007579952
0.0319892604286766 0.219694449846598 0.250147491481515 0.239203636723025 0.0707527003258543 0.188212461194332
0.152442464112802 0.348000747629728 0.0634407128426191 0.0537810243464464 0.170893340165516 0.211441710902888
