0.103697319419677 0.0243455088650036 0.159166925632623 0.166451249381074 0.0648653776861715 0.161875958362693 0.166790442532301 0.152807218120457
0.111229747764168 0.115967301044926 0.182929075953984 0.0698935352536606 0.0644068550882348 0.181458375433588 0.117182483306996 0.156932626154442
0.0146816255369735 0.21835128791522 0.151887385271802 0.162952440564017 0.0286816300270438 0.0323488539425367 0.148186588327454 0.242910188414953
0.0743953942840989 0.155331548748021 0.0155405412230656 0.0575018051384237 0.0167332015052728 0.229378804424365 0.220529315946488 0.230589388730266
0.14787142380666 0.0882626625844348 0.188054585027492 0.195505552086105 0.0894924414718959 0.0367940695152014 0.0534145213127368 0.200604744195474
0.141787985956831 0.136172888075806 0.231800662976095 0.131761920196304 0.0193399484426047 0.156346102683769 0.080931261871228 0.101859229797362
0.142685135564114 0.208820365136387 0.0996600245618438 0.145536870106932 0.071466330345864 0.131052719921228 0.167822006350693 0.0329565480129383
0.136550814844525 0.0626007327457933 0.178652499700899 0.204190633961282 0.12153477318888 0.0949885498285597 0.00505116383617241 0.196430831893889
0.0902832367502367 0.16395651787541 0.137622292349949 0.0842632841479558 0.233926494209485 0.208920626695686 0.0301537011871891 0.0508738467840883
0.175701026183936 0.0769386952577325 0.170243448703525 0.08474941885125 0.180737961389797 0.203734631160131 0.00298482346243177 0.104909994991197
0.139960878634491 0.143390740907228 0.148062405126984 0.143350115687421 0.112323794221534 0.0983683086430039 0.0785019573387537 0.136041799440584
0.191138510120109 0.223012476155193 0.109576951511554 0.235072026026968 0.161248946640438 0.0307152718901414 0.0153873531147359 0.0338484645408612
0.117904795224393 0.274969320928032 0.178740445537057 0.00229475365393292 0.0106597625007167 0.257818529653247 0.0206940823623823 0.136918310140239
0.0387829439690379 0.0957841213544856 0.128994372159337 0.212061166428431 0.0151457627278427 0.291119341600684 0.0341744896475016 0.18393780211268
0.080914556940567 0.164487431835074 0.168992937634761 0.16980006205472 0.038405319583974 0.144789938044304 0.0706429058868581 0.161966848019741
0.0680227577434055 0.00673806730099269 0.383820673530588 0.0252057142011613 0.131193144531648 0.144978001391921 0.106556870123363 0.13348477117692
0.0516367291824082 0.0280005318809105 0.231688827620625 0.295430654796659 0.0168756871988289 0.0665191603158888 0.164919596858271 0.144928812146408
0.284809867108411 0.0375632244632088 0.0242606040950158 0.0853749771371722 0.305626551139348 0.106117646048271 0.0427618108191647 0.113485319189408
0.0562129976826678 0.21195322542192 0.162719476022338 0.212686628711114 0.0353617828082477 0.157543409622651 0.113665500868892 0.0498569788621687
0.0623972653758988 0.0465274997482431 0.205970500039772 0.222785096952899 0.172116234706174 0.243987793680516 0.00534568596723237 0.0408699235292647
0.157029393960719 0.0636236689530205 0.0676118779941314 0.147851173082884 0.198478433270389 0.0518662004253476 0.21414524931975 0.0993940029937585
0.187359020596537 0.145277132165043 0.0946146776075099 0.0409292517835986 0.15856028706582 0.118639374816294 0.132710585007195 0.121909670958002
0.0248476794718703 0.0399862671808084 0.119370029532377 0.135415014049902 0.172089267582106 0.150016460540046 0.169040163776125 0.189235117866765
0.113909490761997 0.0462327292623553 0.0775997451452576 0.198677821570455 0.20533784160039 0.0620179474467209 0.14086813100337 0.155356293209453
0.0175766484106257 0.214023333024846 0.0727591613954716 0.177614561704656 0.202827966806374 0.0445730026875557 0.0129167293634261 0.257708596607045
0.150655067227904 0.0276405164826716 0.208043924198763 0.100837820878026 0.126370764027024 0.166730471324235 0.149445400483216 0.0702760353781601
0.175461349473837 0.14278820015399 0.0743477574686346 0.104194757348502 0.0475398165319239 0.150950103865714 0.185885474837099 0.1188325403203
0.00935457070843547 0.14110340841428 0.260562261224377 0.144080226207827 0.0619652406906328 0.0117180779465974 0.34517084313845 0.0260453716694015
0.107126383144094 0.0955716923129313 0.0330484192221173 0.00101132376036823 0.23809309349584 0.221967164356871 0.0756869745352938 0.227494949172484
0.243737968344102 0.0145939688141162 0.139237287851451 0.00140140252196378 0.268032992854484 0.0709458314018342 0.0245061954837224 0.237544352728327
0.245068037316826 0.171923397804422 0.0686880959847439 0.174869405286642 0.135037786222119 0.0707794608180492 0.0384946730635776 0.0951391435036194
0.126510172073134 0.12852442120977 0.253522056004045 0.0566362828632771 0.025663418008894 0.272170956397822 0.124816063151986 0.0121566302910714
0.273845474898305 0.235696243929161 0.104695123214771 0.0218860824961142 0.0932410686514893 0.0172738636749885 0.210001102103966 0.0433610410312053
0.147372596035523 0.169996791768531 0.156907404281452 0.112666518748707 0.164222039978373 0.166330979016994 0.00966022507892124 0.0728434450914991
0.014017444856137 0.218950278565524 0.167818363671205 0.120873493472628 0.139669482350981 0.207115245426009 0.0558284971859405 0.0757271944715768
0.223922922908387 0.0821519224569107 0.0582676613878397 0.256040484458571 0.0502980313302407 0.189358872486795 0.102214541748354 0.0377455632229022
0.0825936319781904 0.120117453240581 0.211935480630566 0.0890376573084436 0.208659817521826 0.104195772002864 0.0280079560938886 0.15545223122364
0.151132540032672 0.170289749306194 0.0557742239632224 0.107158405881029 0.122960875373408 0.21889526221318 0.0235014480927922 0.150287495137502
0.242803582329852 0.0804165152353194 0.0527996803560418 0.119233360166522 0.0779624838112247 0.316536446810819 0.0898302118301759 0.0204177194600449
0.116063900479841 0.207278915006391 0.224002181509434 0.173509574364912 0.0347062078372945 0.148435319282257 0.0644361903376542 0.0315677111822159
0.150198283512213 0.130158367371018 0.148098668461142 0.22551998641892 0.0584279069349569 0.0752765940373886 0.159588430308866 0.0527317629554951
0.168575736278927 0.184734557884268 0.109823051081695 0.162424416175492 0.0742676164639949 0.0614888337773507 0.131355149253957 0.107330639084316
0.176770702363246 0.0528228228349334 0.200931961849841 0.169132178174764 0.0613323502531424 0.0622240948046824 0.145391869868483 0.131394019850908
0.0833190145681118 0.128895121037354 0.157315281619831 0.142049363984729 0.130213331800415 0.168034530466436 0.00338933932266678 0.186784017200456
0.224382309528839 0.0829863895452449 0.375164079748732 0.0737300998022844 0.128955022903956 0.04110019122603 0.0437974427797232 0.0298844644651912
0.182723732574509 0.0221067505167508 0.105130842613352 0.147940685983916 0.133730502669877 0.205763643940185 0.121636164998899 0.0809676767025098
0.0830490098358876 0.0130248676680492 0.181818910916738 0.223626286253258 0.105248761549065 0.108911381907162 0.149352482101964 0.134968299767876
0.0032546979327959 0.223584293116961 0.201771933698079 0.134609942814931 0.0445195634751852 0.0164696990138817 0.23006281026051 0.145727059687657
0.0900963866514867 0.00208052477503165 0.0787334399232861 0.109768064482859 0.118587366906138 0.0965148316537357 0.248285573892698 0.255933811714765
0.0406826035064964 0.0680808799783745 0.192056320705888 0.1781285437432 0.144657675730247 0.067075608795794 0.19489385761613 0.11442450992387
0.134314873179087 0.0142493172072514 0.204618221877929 0.0809712469856588 0.165494025626914 0.0257092188402158 0.136401154651109 0.238241941631834
0.176083808351231 0.0532495332586022 0.179477896968893 0.0833356557247686 0.170643256231761 0.124838706513319 0.0432561533050763 0.169114989646348
0.112061229349383 0.276721352966623 0.00471033131817886 0.162266116927258 0.193646571283502 0.11547052108202 0.0526127084895092 0.0825111685835266
0.0491824465402497 0.194935616852261 0.151209523872669 0.122236590843552 0.109282201333566 0.13037867562913 0.143309108347595 0.0994658365809773
0.0645619583608333 0.132730588389612 0.0326072389753731 0.0138588121071628 0.219837860970719 0.116522900481088 0.0973121068934296 0.322568533821783
0.108160983690392 0.0975916846588577 0.0693211546154372 0.177529253615912 0.0849933527441622 0.123316422481313 0.188561119108519 0.150526029085408
0.137031011922251 0.0906328663036579 0.136949775514562 0.0265887271591574 0.217466366646224 0.151164291115321 0.0899236453540165 0.15024331598481
0.0307802741873802 0.175415242487503 0.230604541676426 0.118487487662 0.111767938836307 0.194379304104405 0.0517742673178406 0.086790943728138
0.0964571551696975 0.138639337627453 0.106696113154974 0.0451400110133049 0.069117865225301 0.200152640225874 0.0623023637032262 0.28149451388017
0.125002505558311 0.0433525111087443 0.222041620949423 0.10171738583591 0.119125881545526 0.213244250011566 0.033470673043341 0.142045171947179
0.0767644528581467 0.217142027862536 0.150553345222669 0.0944068278935019 0.040535693219487 0.143337482485215 0.0938776746575451 0.183382495800899
0.0353192828175472 0.140253858571383 0.0962012141008907 0.0520048567950453 0.131279684056943 0.174012857263827 0.169728784177789 0.201199462216576
0.138775467302469 0.129062308723244 0.0564362639111273 0.137191740800956 0.161207835671735 0.163556852939284 0.164297906480285 0.0494716241708983
0.126137203549755 0.151116789147169 0.243994715112873 0.0297120713025204 0.172796391397032 0.172798559840492 0.00205095459581848 0.101393315054341
0.128693671165023 0.0841273576577035 0.0225681333807523 0.119909536051742 0.204641191008958 0.119759904628501 0.0642172735263375 0.256082932580982
0.127458689901139 0.0295059109451794 0.161637137293415 0.0097873459033777 0.169169085716287 0.253712688403071 0.0341800150276569 0.214549126809875
0.183843611660483 0.186048159633786 0.0745637062655877 0.0136301912224371 0.117189504260464 0.117268543103459 0.11021225803065 0.197244025823133
0.131050079879197 0.132615498198269 0.175181613459974 0.0167924652798762 0.0541193930042955 0.0943293292288943 0.24048525433129 0.155426366618204
0.188974361194267 0.162577632009114 0.00836459618887087 0.164919243599755 0.055040765300232 0.171617321069258 0.10650600646994 0.142000074168563
0.0345846374137641 0.172447446560939 0.124791559613052 0.0786451797361763 0.216093245582657 0.0323966816383952 0.116071706402602 0.224969543052415
0.064723767634074 0.19068936344521 0.0806621917454665 0.1654863385308 0.0437610357947079 0.0617502325292625 0.186094346098682 0.206832724221796
0.0715121168541478 0.105268303084346 0.0851903423638374 0.225195290753128 0.197203405434116 0.0230936016979372 0.234372697132516 0.0581642426799714
0.202367130253789 0.0727424331407647 0.126412545157277 0.106616246068149 0.22940115920081 0.0643953695234333 0.158769515399775 0.0392956012560018
0.220356673653958 0.0341943885478185 0.115276399238737 0.0647788699641548 0.122932797696692 0.013186428228291 0.220338568989661 0.208935873680689
0.0298128427170591 0.0104908028576508 0.118768013126367 0.240810962874147 0.0479200339601023 0.181749806523233 0.156434247534619 0.214013290406822
0.274023116435884 0.0301489964365609 0.239985864832122 0.0373997529021146 0.0648726399098009 0.210366418352621 0.0970405855421055 0.046162625588791
0.173748337463013 0.196533327868562 0.0211104288200976 0.0481670083316123 0.0604030267840653 0.105376106728002 0.21548721536925 0.179174548635397
0.0754001697765976 0.165712573863942 0.195914561485886 0.182614361720258 0.0471627007886857 0.192907152427457 0.0916829286513811 0.048605551285793
0.0335110918957405 0.172470640334737 0.0191530531528751 0.128818270579094 0.219517507508964 0.196075116534135 0.151676849984831 0.0787774700096233
0.182589725851595 0.181983875420114 0.102198463876248 0.0368794191478725 0.0515002784143949 0.0989048790775718 0.137120143211703 0.2088232150005
0.0991089664256038 0.0677199659954115 0.164994831229224 0.194282589742015 0.205565335324514 0.000360290840653345 0.13840055878452 0.129567461658058
0.212997211731781 0.15025014050527 0.0916925441487262 0.103719128655794 0.068300476978324 0.218665945598697 0.0030858510484449 0.151288701332962
0.148591481130994 0.0208234192310551 0.152076864443509 0.10448391002666 0.0930661423426008 0.162556816771767 0.152959729451739 0.165441636601675
0.190843923215005 0.150712778830189 0.027712209998354 0.0651388295205651 0.233855100321779 0.227968759603441 0.0504530835553538 0.0533153149553135
0.180205956294625 0.0303884774982628 0.120704756661961 0.092309080670727 0.331447167742157 0.0426385460787908 0.0280347496649584 0.174271265388518
0.129225191209796 0.205092662016454 0.0081858423275165 0.0615337639749379 0.0696519476756742 0.0746733879189724 0.225344588362792 0.226292616513858
0.00201425788747135 0.0889305768976506 0.14075168114979 0.185479239489775 0.243884720732273 0.17594521728316 0.156298997257273 0.00669530930260772
0.155090811988854 0.0344126379167034 0.158644520223597 0.187697338815601 0.24540239371706 0.0690893170137881 0.00668914605700553 0.142973834267391
0.115806842052454 0.188367718097372 0.0847217571396594 0.19612879972747 0.0631981535079233 0.249057145308583 0.100155502998171 0.00256408116836835
0.213300986532914 0.0855073475214518 0.141595418886833 0.103783984463861 0.117923944686453 0.0713636927161454 0.104968037348918 0.161556587843423
0.15270870821946 0.182255678227771 0.0198736316881665 0.227593037271541 0.100671835038918 0.253748741649253 0.0332063587057028 0.0299420091991877
0.155942545903955 0.110540184107401 0.0351091276058033 0.126443802544124 0.11198454328421 0.188792885508156 0.105244607360305 0.165942303686046
0.177818842131016 0.200805893052424 0.0014168884124463 0.0232573368986502 0.190752490551841 0.207817277956839 0.18430782105472 0.0138234499420636
0.0710850515741208 0.128715946818566 0.152900554205781 0.210394309229903 0.0141832262513507 0.039643727699459 0.172330968796996 0.210746215423823
0.142142609922297 0.0371008915779171 0.120830716288796 0.136001218476535 0.211792898422444 0.166019134667236 0.150640286965866 0.0354722436789091
0.173597970840755 0.188510981678945 0.191032807123841 0.0541511146947639 0.110951736652073 0.203986172562387 0.0482487772600337 0.0295204391872012
0.210784284770683 0.104810464334665 0.0125887989602347 0.0567106558598779 0.0886931012240759 0.127637417996984 0.212603022282286 0.186172254571193
0.0856558428518606 0.182292361105991 0.0345018315355804 0.174226824780932 0.0826863356729743 0.10059406138426 0.17111103166852 0.168931710999883
0.0768835210371362 0.0656213394111617 0.06652574376113 0.237601886128934 0.191306193774539 0.0550454248230507 0.0381720692734752 0.268843821790573
0.0877153840017519 0.0803559077388106 0.0750334949027251 0.265953110727009 0.215353335645527 0.105547073393838 0.0422651957631687 0.127776497827169
0.108927029096935 0.190242608753639 0.0376568738324913 0.0442622707147807 0.027743598553435 0.237900345200113 0.115323035832593 0.237944238016013
0.122726569632023 0.198378851992639 0.120110655636878 0.186801332423928 0.142570569932117 0.0731615384855597 0.0130048619969104 0.143245619899945
0.199827319742967 0.047550153076191 0.148969709632279 0.00328804400260791 0.202311348714042 0.146979786687682 0.154197402767633 0.0968762353765981
0.123422050588628 0.106344682791105 0.0373337911018675 0.0991264500080552 0.225620550290221 0.151808299791055 0.100844350626648 0.155499824802421
0.0271997748027676 0.270046085579691 0.187167570771404 0.0258667956239901 0.158088319948651 0.0673803642793239 0.0731937468360419 0.19105734215813
0.0416721099040951 0.107467750313841 0.0724060405493347 0.0851901102373562 0.0404851747262011 0.276383332915034 0.098061419346732 0.278334062007406
0.172645844098429 0.070479953250894 0.0218465804265523 0.289607323040579 0.0140877601842369 0.103367351067936 0.280584529841614 0.0473806580897585
0.164282324674215 0.0859362940808372 0.120094968241289 0.106620100194471 0.115932478011629 0.147725532794033 0.182785856323912 0.0766224456796135
0.107326080018139 0.241123102918742 0.159381109976594 0.0455309239672905 0.209509333116206 0.0765464290318899 0.0876762200554924 0.0729068009156459
0.168891009554903 0.1106981071611 0.279575250165357 0.187771437026139 0.0641375528259455 0.142208281404964 0.0117775545771359 0.0349408072844558
0.162678193463549 0.18100065864077 0.0265984143491387 0.20462971456183 0.0070877467567889 0.225334193903462 0.0476551361990716 0.14501594212539
0.206215591455127 0.154920672776251 0.132906862954073 0.0504987141289902 0.161740474888059 0.0761837888302796 0.205763693423956 0.0117702015432643
0.0535411452853305 0.120604084042681 0.116142028904268 0.241370439685352 0.185804493097435 0.239572854921857 0.00624812907777538 0.0367168249853008
0.0757044972804539 0.0764124342934637 0.17488819517084 0.140762543480508 0.146293706584312 0.12375736562318 0.0625054262090355 0.199675831358206
0.159700124007112 0.15167911746052 0.151228730038139 0.146556532432434 0.208578961295462 0.00204591495727913 0.167047200749328 0.0131634190597264
0.126921495904001 0.0204238995523665 0.100928253610964 0.0793112992486602 0.222122634934299 0.235770780705767 0.0939037831595396 0.120617852884403
0.109313685705331 0.178802043303679 0.16752893122883 0.222552795468854 0.151124326272328 0.0167865352777127 0.0664582198898273 0.0874334628534388
0.122502671493177 0.186188627256977 0.11568347269307 0.165025938220689 0.0237847506711472 0.0798049532248126 0.138342432115885 0.168667154324243
0.161656618513254 0.199977953471982 0.0343176112324746 0.0633619806015945 0.0711336262791796 0.149066871386978 0.115782144965348 0.20470319354919
0.136688163980208 0.0377746133467599 0.230429036199126 0.142638192827502 0.0113350613520226 0.0594523248535845 0.246172545274546 0.13551006216625
0.194316193498182 0.0395618790977168 0.149895526280426 0.0816866127881909 0.167537307578993 0.314227062313041 0.0281971308933461 0.0245782875501047
0.0529582424287222 0.0844552043786621 0.249418268594559 0.255330090657055 0.218804776584958 0.0469260264932961 0.0639052432071479 0.0282021476555994
0.165687560383296 0.0709597057153797 0.150228362214066 0.181746192171741 0.191127244558879 0.0320398630304956 0.151745269677631 0.0564658022485133
0.156327176137543 0.0807874346118911 0.244870791258803 0.0729965183358057 0.0458460847631784 0.0583015576010811 0.199490287397543 0.141380149894155
0.139049628605704 0.162807790536635 0.0273670288907394 0.0822702435031952 0.102671735873322 0.172836546406776 0.0935758409258822 0.219421185257747
0.191440960870528 0.146709635767722 0.107604921680254 0.0986010597637548 0.0827869704015117 0.0866032990798184 0.0933459363725778 0.192907216063833
0.262596263575748 0.0713376028860446 0.0869685429264249 0.198806239352468 0.0994240648688289 0.0332947551039061 0.118372569872315 0.129199961414264
0.00337908339256296 0.248720857509005 0.127903867508036 0.156807512764615 0.0509780587458889 0.190470593158569 0.0601964823850475 0.161543544536276
0.038875860192799 0.222952010575174 0.069101011886918 0.0895367627557237 0.100195394409874 0.0548053962706504 0.192735504956403 0.231798058952458
0.13539157521172 0.116115834194339 0.113840040965084 0.122116354910746 0.126919023826595 0.0501176789967762 0.188118257402659 0.147381234492081
0.0235335112513655 0.0857330989961589 0.151600297439582 0.138667856099766 0.279736329999426 0.145617205523351 0.0408882636645299 0.134223437025821
0.229890344248694 0.0209685148053135 0.0235387605855645 0.205555886220127 0.0751090182093722 0.155421570730491 0.222680974971895 0.0668349302285431
0.15681570287456 0.212109686957591 0.0678886125633811 0.0221528082184256 0.182883130123326 0.127342616648734 0.0836794902463615 0.14712795236762
0.00967303902833676 0.0409879730210354 0.204259528446053 0.141230176066902 0.028912118078703 0.217064349106738 0.353013402968124 0.00485941328410771
0.269152104922977 0.0783212794961043 0.177767616921006 0.0612506173326752 0.0821800426963762 0.0337041085197836 0.266573961214152 0.0310502688969262
0.115382378487747 0.183086062589871 0.132214941650574 0.133430779536581 0.0499297047148608 0.161332959601223 0.218714939856493 0.00590823356264972
0.174087355073261 0.013373034366731 0.167150450099982 0.128395993788501 0.172765115515893 0.0159266143631557 0.164049841194949 0.164251595597527
0.0794517445315916 0.0821089421121068 0.0865573967219451 0.0978632535460652 0.173849510016774 0.323396716687962 0.0121519844612811 0.144620451922275
0.187793778663181 0.119112763044428 0.0485764222134803 0.0866248492777326 0.203635775963307 0.196529428912639 0.0638349548189991 0.0938920271062329
0.0856624629342521 0.207870821287394 0.117880571217719 0.0227386136780743 0.140128407373349 0.177747729745645 0.196280166575944 0.051691227187623
0.184426522342636 0.0563968506110981 0.193421536417607 0.156364755745053 0.176800711196651 0.0518529299033766 0.161441814192014 0.0192948795915643
0.237890799854427 0.0293850404060364 0.0841804134239008 0.201868366868074 0.175614742468835 0.101015068939484 0.034651615206344 0.135393952832899
0.0680278006759635 0.152798747158404 0.157440719140754 0.139072490104139 0.140132785811979 0.0677428693860046 0.113699391123556 0.1610851965992
0.136625457801396 0.207999589461256 0.126196916212206 0.176431184381786 0.0940461419954319 0.0132950317977323 0.0777131951875174 0.167692483162675
0.252955737958997 0.185989333930217 0.0606117307450624 0.022294263779157 0.0309626178719086 0.160183042538429 0.0835789181008484 0.203424355075381
0.238092642708491 0.206238182504433 0.166677082535735 0.0476160362873564 0.0270379564496562 0.0337081733852891 0.200619285503524 0.0800106406255155
0.199756207402168 0.216287717911204 0.0861589688852166 0.0341595247339519 0.212255391662158 0.0658242880048717 0.119397751047027 0.0661601503534026
0.214045821109448 0.223325850760561 0.0316691661431919 0.125438586341719 0.0248893686820528 0.00661093109620421 0.17742247483835 0.196597801028473
0.114286402715633 0.0268797360238649 0.144630525507255 0.118262731550267 0.154489612326115 0.208771471080493 0.0347554799127991 0.197924040883573
0.126247256544323 0.125627616853816 0.144093390513581 0.161775505108366 0.0607905803088411 0.0634309751888507 0.0901545649574813 0.22788011052474
0.083439723658126 0.0723647319297427 0.182258363569711 0.158527930756301 0.17884248767055 0.109483071096986 0.0106898095369301 0.204393881781652
0.148850610734729 0.127816877997367 0.0105151472432101 0.164322643849578 0.115454312048817 0.192113091815094 0.0636212756707024 0.177306040640503
0.133947023342638 0.082620044182702 0.171458154246417 0.167278361934541 0.0754219099992826 0.181382478908494 0.00411569038381979 0.183776337002107
0.0855567395669429 0.0647496477739135 0.129804105035126 0.198257802817821 0.108660980695547 0.185736887118883 0.0222925280598046 0.204941308931961
0.0324401705521535 0.14708886247062 0.159360962498141 0.0952602156541648 0.187247905849745 0.100734949784937 0.0197146881156547 0.258152245074584
0.173671261140439 0.156499295418309 0.0962974891919713 0.143323666603142 0.223878667450868 0.0998079138530842 0.0924471683660939 0.014074537976093
0.154346461640797 0.169614139642441 0.135318724231249 0.111013794798103 0.102614606132089 0.0986169670222553 0.192959717577746 0.0355155889553193
0.0131465366719458 0.259932367466725 0.0829393983867842 0.233896519234386 0.156478753715814 0.0139816825237251 0.146531782031994 0.093092959968625
0.244109527664092 0.084015954975179 0.0899486056609952 0.253098798820364 0.00450704924405609 0.0489334610269445 0.140869212241218 0.13451739036715
0.169105187726802 0.145668761749051 0.212071638099764 0.0943434716631841 0.0237737809097035 0.164227377303064 0.0324328313531569 0.158376951195275
0.0182679345999018 0.191979611981819 0.131329265964715 0.0642887902184682 0.0969955825020284 0.0736635966248675 0.105178228217169 0.318296989891031
0.0064602044185464 0.0762438022524475 0.168601389214864 0.185946251140659 0.0828755475571855 0.106076358516562 0.172723964737562 0.201072482162173
0.0180926081276435 0.181404860037565 0.000681028849710308 0.271807132543285 0.0427948222759148 0.054616085558413 0.0310236379791442 0.399579824628324
0.0992046101170573 0.202112255946722 0.140985946723621 0.015845160566812 0.125550233819064 0.104008062661284 0.196741604853291 0.115552125312149
0.263737994033577 0.0386754953473845 0.235316108088846 0.0554205434519696 0.0593744096253997 0.160087913181398 0.0984160807649454 0.08897145550648
0.158913650591506 0.18032075525495 0.13077901964556 0.155925665394361 0.0894170543125916 0.127192877840478 0.0698198427105234 0.0876311342500296
0.00618800420195292 0.135933587799927 0.131402507502995 0.132137346232088 0.0706410809692504 0.121018865543538 0.271974200197258 0.130704407552991
0.05449427576124 0.110817609866469 0.161363469118241 0.0130535657484886 0.178639921897843 0.111674409779549 0.149568067013702 0.220388680814468
0.243582859750189 0.0323357240748592 0.155182207660196 0.0751625687849344 0.0934210130784484 0.26638939656932 0.0456654081142974 0.0882608219677555
0.011645680455699 0.0395937809447917 0.154438488847972 0.167470113942993 0.197187836215049 0.108734748540953 0.220046143664424 0.100883207388119
0.251088193407909 0.00249930572416292 0.0390224357205221 0.204235166781289 0.120122487447005 0.270787723886844 0.0897505026863471 0.022494184345921
0.0247478320765259 0.24733018163444 0.00570314578363357 0.227092309076794 0.0684661592477199 0.20811195889821 0.0227618051674504 0.195786608115225
0.0640191490288888 0.0619645778277608 0.22569146048133 0.196281373497102 0.0908175157232985 0.0490319226697597 0.161923995456159 0.150270005315702
0.184907545108145 0.149802984015267 0.104724720164011 0.079213339301345 0.142584228190388 0.126496990427303 0.0832392101460463 0.129030982647496
0.230542365354263 0.00550632644525335 0.206971422940298 0.097618686161801 0.0914552241594519 0.144588496321317 0.138400832669368 0.0849166459482476
0.152739427487491 0.18453449919286 0.136157292869017 0.0933096430892593 0.164878205655552 0.0543821294068835 0.0711055480564084 0.14289325424253
0.263851714635538 0.0717291795919452 0.110557474160545 0.13172019875405 0.0509188523728394 0.0864337821214269 0.185376435390375 0.0994123629732809
0.199645644126745 0.0781564433471962 0.114006491269276 0.0580922733511769 0.139028211529237 0.234297991830267 0.0538857133275601 0.122887231218542
0.171259821806561 0.063891032804871 0.0680721958829 0.0718737550460773 0.0786754847070145 0.0837113569314449 0.227586912756931 0.2349294400642
0.0688784948559386 0.12329137083732 0.0749939117891617 0.116382852220315 0.0741137143585033 0.261087794735659 0.0128480221787315 0.268403839024371
0.192277933817739 0.0929071805910886 0.114781597879832 0.0761781743192586 0.156614551937353 0.0946714356854605 0.0948074677292244 0.177761658040044
0.0342736214337407 0.00149073571154102 0.32420698272674 0.165859744046206 0.198989254311039 0.0431394399230368 0.10681285586925 0.125227365978447
0.253114959379605 0.0217551894847074 0.0309822381541615 0.243672977147437 0.167945908955363 0.0911904387881412 0.151436287778791 0.039902000311794
0.178707843517243 0.0273909311406162 0.266261059079883 0.142686196114771 0.0783379748226276 0.210611140952451 0.0742815895536998 0.0217232648187092
0.101320471881596 0.188400600714446 0.0655952211449356 0.0758865876979692 0.181700705436878 0.126066831875918 0.13649143945734 0.124538141790918
0.257712383537502 0.0944540802456578 0.0403683682580476 0.0631120647378348 0.190604415392982 0.125451713093304 0.0723334654147542 0.155963509319918
0.170009676323486 0.125819882428751 0.255649065339039 0.0920764995993653 0.0048577248754492 0.130604526503118 0.160087254509735 0.0608953704210561
0.12747837639887 0.133268168754693 0.0133343922061354 0.121992561876414 0.171116461038919 0.136640374926387 0.15378013501265 0.142389529785932
0.18195229288392 0.171815437436838 0.02335492505099 0.185967441938799 0.142037348055708 0.165018110253589 0.0314095078913374 0.0984449364888184
0.120422389734275 0.249808536360487 0.136427054799355 0.0324957082492746 0.190993087791471 0.252033818579458 0.0167656402465176 0.00105376423916157
0.10702277193011 0.178051421639712 0.204637099575226 0.00514571433127871 0.120051667067683 0.0636246849729623 0.0995869935389854 0.221879646944042
0.15890200961088 0.144793064850573 0.108954629725613 0.111815900489637 0.159954452556536 0.162062531792509 0.143377452598317 0.0101399583759349
0.246694908877081 0.254550770156547 0.159340532903933 0.171315877928377 0.0324687976445258 0.036632409488617 0.0149039609824035 0.0840927420185155
0.0979133857852428 0.11733525073652 0.132779968811835 0.105374531070717 0.0040280819647221 0.140592962301328 0.215780357794182 0.186195461535454
0.143602772765716 0.172704623863045 0.0628859440805936 0.168547550046936 0.0209657771281357 0.0439500831961753 0.232193504244554 0.155149744674844
0.140784095859281 0.0186640487338609 0.100017470315275 0.162063458602071 0.0880295509234885 0.176675470452426 0.162406785630057 0.15135911948354
0.14670473372987 0.21105477308454 0.110389842066145 0.21764498526374 0.157716056853968 0.0477006532080273 0.0599388363311284 0.0488501194625807
0.059835698219275 0.172491499333758 0.0739043838725022 0.0219538299551402 0.0654482809025448 0.228340406271468 0.204225308814671 0.173800592630642
0.0262394899941858 0.0175618971981716 0.235903695432486 0.102085541801261 0.0510071315636085 0.190693980289271 0.234598595872392 0.141909667848624
0.0652533759629414 0.155840657660739 0.1198123142162 0.203998927668033 0.0324118065544794 0.0770043526841438 0.175530157563065 0.170148407690397
0.0120987491613196 0.027714868321044 0.29589044133411 0.018089910791021 0.209288376026419 0.266991902909041 0.155842168560499 0.0140835828965461
0.0460118534477586 0.117934695577224 0.115600694495495 0.192817497060935 0.0883486963066109 0.18100143540745 0.153782825120238 0.104502302584289
0.0371018448064819 0.089076821914563 0.223326776661244 0.233596777766334 0.0461267393896566 0.216563556717231 0.123133382110551 0.0310741006339391
0.197003443630875 0.201305858804393 0.169864019316291 0.146441164676154 0.153019095220192 0.04104591075539 0.0834944480596981 0.0078260595370063
0.183539078598657 0.304975048073157 0.0610478657596509 0.0917522397881649 0.115998030669327 0.0559297346077982 0.0574640917431871 0.129293910760058
0.123939147587141 0.0998571577451145 0.201333627446978 0.019381556827657 0.0409570012759105 0.17249405957068 0.214057460413211 0.127979989133308
0.0458571548238371 0.0943966635568102 0.223076937766104 0.103668149256809 0.142400657838542 0.171420255927947 0.0629473263950709 0.15623285443488
0.031786304633706 0.057583982101038 0.111360432855698 0.222558052734421 0.224401987450886 0.122541538673623 0.0858105506149309 0.143957150935697
0.166899962014202 0.276883716024456 0.0608047559479873 0.13067253966998 0.0296782200471504 0.0673988964578303 0.0212236345455097 0.246438275292884
0.0805605571199254 0.0828076021279777 0.177515807756841 0.0596031156398491 0.155224619458936 0.169274157417485 0.175345294999671 0.0996688454793145
0.149189206890511 0.218535401809175 0.00400729117080289 0.15929159436684 0.156981966033063 0.0302127396843449 0.183938483323725 0.0978433167215391
0.169349363401995 0.0889093086971832 0.161723724502451 0.170137544418803 0.0788849409303578 0.0518639113351491 0.185725906555632 0.0934053001584282
0.0848817012871427 0.207053475763452 0.085151566176678 0.0411019602437509 0.207913004710699 0.0969443719682102 0.113799440920122 0.163154478929945
0.0478501087059292 0.0362967101803048 0.0850679047386391 0.012841310418993 0.060302821912984 0.363943508927047 0.181936320703389 0.211761314412713
0.246569136982753 0.0527205041897496 0.166659309052852 0.176721870945721 0.177354134573904 0.110793625487768 0.0565330979245614 0.0126483208426916
0.102109551974419 0.277757058903316 0.123617058023357 0.17638444632714 0.10261582198629 0.0249132856184087 0.0721008030310898 0.120501974135981
0.0728813640961482 0.149249030918182 0.146916765677263 0.156082596692408 0.177768698694106 0.0217834589747134 0.138083091716576 0.137234993230604
0.148942308193393 0.0541157594610261 0.142966479458543 0.124633668576918 0.0157030169357165 0.175416915995725 0.161943811899888 0.176278039478791
0.148488813810082 0.118678413801056 0.0564862961564174 0.119796456526898 0.183331588127583 0.118780034959831 0.110453243473897 0.143985153144235
0.276739903188955 0.0734116703642125 0.123265872999439 0.00123104518787535 0.265650929650597 0.119380560395875 0.124793934174786 0.0155260840382604
0.184052157723403 0.12031206184525 0.02083303343815 0.273627714365027 0.0864547574633398 0.241933340480516 0.0632144913465615 0.00957244333775336
0.229882482956456 0.242414388569528 0.0734477160617258 0.0528970879740451 0.112391818334069 0.204483197161664 0.0506735967432871 0.0338097121992259
0.0419312639787856 0.25142282715645 0.0203811657007604 0.033243606481477 0.0645190995534494 0.330972300850887 0.109487675204921 0.148042061073271
0.0648891676235106 0.229933203433993 0.184432141180232 0.0347635428567834 0.22883127438189 0.178145507512554 0.0457808695344477 0.033224293476589
0.323584101238545 0.00489302189745632 0.140245183552783 0.168443043554912 0.0930811435783177 0.184061357509797 0.0798589903753806 0.00583315829280906
0.216374934546483 0.187828445990576 0.144280387625977 0.0504229881155875 0.0565548397782007 0.0903077789242488 0.083141509549979 0.171089115468949
0.11664540729052 0.176792009319085 0.177210310935228 0.0572056614799672 0.137107301363345 0.201937813238808 0.0421592467778019 0.0909422495952441
0.152762714243209 0.102491276901462 0.136932195688936 0.0795535382216686 0.16385469053273 0.203057879171821 0.000571582663988273 0.160776122576185
0.220979841543919 0.145543524906847 0.0468991561018734 0.0404165944749304 0.224753961315115 0.177566065086308 0.0974016388530692 0.0464392177179392
0.0685395620742736 0.205309473392299 0.0525585850508217 0.161051711297288 0.0496319036942897 0.138691267653395 0.168182510025627 0.156034986812006
0.106935587053538 0.116727836017114 0.184340979438423 0.00733949702825211 0.178076205110249 0.0182944777877223 0.109399784513451 0.278885633051251
0.194885808450915 0.124711466044469 0.154146022969966 0.182147126006728 0.111499281787776 0.0627774046769589 0.053691240508532 0.116141649554657
0.0213296486919522 0.113192118535761 0.252170549947337 0.121825008955071 0.220412662039518 0.0926967391003924 0.138207245090895 0.0401660276390739
0.0124045919704967 0.0735772727602641 0.198395938634258 0.105782740901639 0.201592642157413 0.216512633908877 0.0200091879792904 0.171724991687761
0.222008646668112 0.0637715722721599 0.127792797190621 0.041926004100914 0.0630087704180701 0.19535923522675 0.21643580315909 0.0696971709642836
0.284766197106921 0.0604491674258033 0.154469160600665 0.0766797111900375 0.00255561800831814 0.253797051964156 0.0166699872020001 0.150613106502099
0.0872283996156436 0.164608955699011 0.166337627119064 0.137859448632249 0.109733928938234 0.179175761933098 0.119950851019621 0.0351050270430798
0.0191555691220629 0.192213960286377 0.0894842743670751 0.00764639173885867 0.0772077431234064 0.212483875009341 0.204120661876776 0.197687524476103
0.0292639440859125 0.00427276343077887 0.0787654053831147 0.19713031695879 0.274431110482635 0.219941367262416 0.168943612141809 0.027251480254544
0.0342540945711554 0.033542659193372 0.0519120373963572 0.0845808578602024 0.243858218075037 0.211678273848624 0.0973699174845852 0.242803941570666
0.271845685940532 0.285390069210949 0.00110300460934898 0.185077592248284 0.0315863184311087 0.141836480625424 0.0528095119635383 0.0303513369708142
0.104101595624495 0.215008296260979 0.206297728212193 0.239199480281386 0.017831452220959 0.0738425387047705 0.10480086218733 0.0389180465078866
0.100769003619142 0.0343800178081257 0.136989877330091 0.170599536529865 0.142573777483551 0.144413746282393 0.126221693182464 0.144052347764369
0.147313063668648 0.163995943794362 0.0751068591988053 0.159993784046966 0.0245910807217874 0.166953325102734 0.067164824422094 0.194881119044604
0.0117576932628807 0.0382112792121156 0.0911335785753197 0.198003686183717 0.217919304808724 0.22314502908353 0.0854578207272199 0.134371608146494
0.191817202336574 0.205858487957846 0.130456320779809 0.0479375673409197 0.135084697251053 0.0875707968184297 0.0356245109620266 0.165650416553343
0.0673942407453925 0.0440727629919871 0.146454821120579 0.176981921738387 0.0393838136918196 0.123266450720767 0.233163608661912 0.169282380329156
0.132563885069501 0.143592703032446 0.164134884959656 0.131568640560753 0.0591121284624962 0.156318217798216 0.108275439423302 0.10443410069363
0.0505350573245878 0.105331496942718 0.106417221623947 0.148938757553186 0.12163251704503 0.241029382137519 0.218026861321013 0.00808870605199919
0.0405907629299486 0.175296433953554 0.137313320728913 0.144786389143667 0.057641578122515 0.169713409853141 0.179350658142029 0.0953074471262315
0.0609950248903454 0.289108006205209 0.10608208247403 0.0670340431810689 0.0287225969777186 0.211824776286279 0.0187050318861186 0.217528438099231
0.139485541340764 0.0818086592354213 0.091887814466878 0.098294276956125 0.0315323664717931 0.205992361664444 0.214669991823685 0.136328988040891
0.158572255232948 0.0954278331660043 0.156984959483681 0.0966306638986683 0.170381813932635 0.0681558445663119 0.174809640664774 0.0790369890549769
0.242078549051927 0.0777316183184737 0.00177588008937995 0.174016791418062 0.241911948362547 0.147553460805019 0.0418183966674678 0.073113355287123
0.180610989454956 0.122620153356411 0.117089433880039 0.0384387012823773 0.080479397305387 0.106939014914713 0.119545441316275 0.234276868489842
0.363725484547975 0.0869141873948576 0.121287311103838 0.0431721598817425 0.278676407538674 0.0125478443127447 0.00836758538376561 0.0853090198364025
0.115087224170846 0.13277085561452 0.142999419534473 0.159320627168011 0.16988593503859 0.106851997609388 0.0190080097002942 0.154075931163877
0.0866090575531049 0.0396293054057631 0.018272956855736 0.164466287383687 0.210980504795078 0.161569078720887 0.22213222995396 0.0963405793317849
0.101665158348384 0.144432863599786 0.0857200841272633 0.151750145724773 0.00594288843573545 0.184525685626934 0.183332950348639 0.142630223788485
0.106049040551431 0.119738547506874 0.0927040302620145 0.215369354371158 0.0455985715862182 0.181142904245449 0.182658818792138 0.0567387326847176
0.0648987616630162 0.0688693572840155 0.0461859076199424 0.1891063186992 0.0844972291427346 0.124160516293988 0.199092682614922 0.223189226682181
0.106004346926994 0.0812265701051501 0.149358668454647 0.0548338035397778 0.197251812432446 0.218007704896401 0.110344867402359 0.0829722262422244
0.0553139661938058 0.181977262678131 0.174191870405163 0.196473991618558 0.180779496214798 0.0567238850263494 0.0552218258600327 0.0993177020031622
0.0737114799684298 0.1901165967639 0.0895014674228519 0.173013643918825 0.00567067374069567 0.179995435327925 0.18598185272664 0.102008850130733
0.152268022907892 0.00833543379878656 0.0211197336700202 0.129457087351647 0.1661931649813 0.213993360502257 0.0752385629014913 0.233394633886607
0.203685745532456 0.0530818698741143 0.188768354039228 0.130735686163607 0.0686958665530267 0.0239219255336619 0.143501837207098 0.187608715096808
0.12605166093907 0.132602092573135 0.136694475621704 0.16105461599954 0.0664435972448303 0.171230916339435 0.0866563690589875 0.119266272223298
0.117638935093669 0.156874824675556 0.14541583190918 0.16243892785365 0.167527402903541 0.00135723390397778 0.188414332460728 0.0603325111996972
0.0339053718070545 0.201569088504149 0.042701931703132 0.192684184249862 0.226049032633863 0.144246383753554 0.137207468467472 0.0216365388809135
0.216804846076965 0.138624616549596 0.0600940034363852 0.202632592753832 0.0489644446568061 0.000542426072908728 0.0892467490145306 0.243090321438976
0.104206862936052 0.0133400592309231 0.19313439228822 0.186580912818008 0.153080676204484 0.129583969570004 0.128651524808245 0.0914216021440638
0.169022241905702 0.106955096057969 0.170818836006026 0.00998253085684687 0.122820589677279 0.0977682002352823 0.137392696633538 0.185239808627357
