0.133681322436151 0.0642112419059932 0.0679371113545252 0.241229595313953 0.162036030078367 0.330904698911011
0.236887677957046 0.190507031967127 0.168307624869862 0.0216209311098342 0.123543060060587 0.259133674035543
0.228462341874025 0.0812753486052123 0.248969453156323 0.200761220028786 0.0726446086178737 0.167887027717779
0.304667591143166 0.152848637871963 0.0106098835402514 0.150215446181839 0.246016712780624 0.135641728482156
0.0845934243414549 0.0338579303609132 0.142013387842636 0.265704446468648 0.397039702832817 0.0767911081535312
0.210412149120849 0.0603628435362141 0.131199522987819 0.118507233853703 0.219822980967414 0.259695269534001
0.259238872862667 0.211389865244828 0.164781505006289 0.0828792360660932 0.111937880619994 0.169772640200129
0.209820744685609 0.0609966999249174 0.25150582783914 0.182221999951329 0.0768705599575792 0.218584167641425
0.119344113396442 0.0974856889000914 0.285461777827906 0.103710383785477 0.223322257609747 0.170675778480337
0.146818436503278 0.233589737628604 0.318585175766928 0.0296244111151962 0.144173354045292 0.127208884940701
0.21842043123971 0.200813166396906 0.219180337208733 0.0209493116119268 0.137703610886141 0.202933142656584
0.242155423051693 0.183230856782878 0.139873522090568 0.207607028093828 0.0609443896312019 0.16618878034983
0.0451375359128068 0.376874166521032 0.0624695515794001 0.00370584073527118 0.224365285615931 0.287447619635559
0.0541263627492015 0.0333987221681296 0.281155591991313 0.280593373465329 0.163290118213324 0.187435831412704
0.185384346619658 0.230806051949655 0.280379825545222 0.0650862851575813 0.0231082461047118 0.215235244623171
0.170769601509535 0.215097641549887 0.0690709960504182 0.138743158359055 0.203394700367848 0.202923902163257
0.222609475262001 0.107502512674426 0.0929113200557241 0.181948538632424 0.165305841865613 0.229722311509811
0.242431099522162 0.211344795261288 0.00403475695807756 0.189236583215817 0.125737394450146 0.22721537059251
0.229978755797252 0.265426053666632 0.038635031065962 0.116748144668661 0.0139635741662063 0.335248440635287
0.141566848610603 0.236751094983398 0.136902683180032 0.0806936572392857 0.157585276606769 0.246500439379913
0.344943241806112 0.284631840467287 0.0409230896922793 0.0402527413117806 0.162825519710809 0.126423567011732
0.144213347008279 0.351770350300287 0.148821601726436 0.0772565801680104 0.0133006936595082 0.264637427137479
0.22301884366113 0.102521955232306 0.244296928632054 0.203666963970197 0.215590759320694 0.0109045491836196
0.176963467223924 0.0854373210154015 0.330169350076627 0.319356575188408 0.0108972142930537 0.0771760722025859
0.175525131807234 0.264640245780041 0.110362606396924 0.0501834149729653 0.199976206041255 0.199312395001581
0.171978720819661 0.148952779901073 0.205680198145539 0.0533447748332742 0.21532812740924 0.204715398891212
0.331764366543862 0.0772326694840442 0.0984586156154291 0.0473801258042457 0.227188523180496 0.217975699371922
0.134774090084485 0.109593906328757 0.214836280428989 0.185301257201915 0.14944333292394 0.206051133031915
0.0973794247124353 0.386193944360917 0.0600318867850046 0.110940645260528 0.144616098310215 0.2008380005709
0.221741023829267 0.0339585924992925 0.134114398166734 0.205595461605635 0.176696682220383 0.227893841678687
0.138363776182536 0.196993032787707 0.139501211175386 0.137896044407529 0.187959855209045 0.199286080237797
0.138648638810482 0.185776172477268 0.127744602471398 0.207710898935329 0.174514086465269 0.165605600840254
0.0128813111994192 0.187770429920967 0.232771302498795 0.223999473105528 0.158636060851773 0.183941422423518
0.279161636970631 0.0190829546716002 0.147579988200986 0.170658492522379 0.242254628711922 0.141262298922481
0.0960027185292027 0.107367612618293 0.270063886698889 0.162263898893067 0.152974509899319 0.21132737336123
0.374991535106438 0.127188078550018 0.205798099745209 0.0241473206301158 0.117609972958425 0.150264993009794
0.149750113385033 0.157124945569696 0.189237933050697 0.18252807243383 0.264323395726867 0.0570355398338776
0.202366010246437 0.165881025325533 0.0115419420095163 0.234509370323929 0.0670846236299453 0.31861702846464
0.320942364531015 0.0856229119957308 0.113535394030242 0.0114899009208273 0.326403635426526 0.142005793095658
0.162951656024634 0.26000946801169 0.0505173730456983 0.240113060617287 0.101956158980787 0.184452283319904
0.38526754258975 0.0229222553409789 0.201678037458202 0.0529318543860664 0.106691763096295 0.230508547128708
0.21604375564562 0.232213185649142 0.124656825188842 0.258238434135845 0.0722127993914757 0.0966349999890751
0.206827329416489 0.0412097117726209 0.257600393883634 0.0846362271483752 0.346908538055874 0.0628177997230069
0.249106096580383 0.104283238287519 0.194898323284632 0.23979468616972 0.0155247516390543 0.196392904038691
0.210454064980423 0.26343474106332 0.0151569590866248 0.187352092068736 0.108374466972022 0.215227675828874
0.140980801132259 0.120459795968862 0.33875039032167 0.278351359283638 0.0677239155748242 0.0537337377187477
0.187657474228983 0.222384215035691 0.22072173077331 0.133432883680208 0.127643365031032 0.108160331250776
0.198505580138393 0.456921995611163 0.118908924964037 0.114509892731885 0.0579678889610631 0.0531857175934586
0.124649683586731 0.140408366544287 0.00591476098869733 0.335686930648676 0.155454090501942 0.237886167729666
0.120524361522875 0.16548082793317 0.226191670762367 0.237777800973951 0.165535421292345 0.0844899175152915
0.26058125375133 0.128325848159778 0.0604226537666349 0.150467895051341 0.24839962049263 0.151802728778287
0.229884331690201 0.249067146754334 0.247647204194118 0.127663383051915 0.138345798269356 0.00739213604007596
0.266185048695637 0.248614764665124 0.159045331687742 0.228258609836979 0.0386274362492518 0.0592688088652664
0.161709285242393 0.215626178945963 0.191513151086036 0.166014424976819 0.163712604922712 0.101424354826077
0.169348056023382 0.202295208444817 0.293382492720226 0.101131533064191 0.115549749619988 0.118292960127395
0.397829407136714 0.0492924099400345 0.0288715936010256 0.151663236085329 0.329708562193675 0.0426347910432218
0.157501046071999 0.144587108582387 0.161814840932038 0.259616780342385 0.138009215596007 0.138471008475184
0.145005353116581 0.186780106093654 0.269001793778945 0.151938735065352 0.171142724722835 0.0761312872226326
0.299673376678044 0.167030128765454 0.00190073369182124 0.179854782199609 0.194216549487595 0.157324429177477
0.250754873673932 0.225540159853068 0.149840462082371 0.137152887494602 0.180447108122929 0.056264508773098
0.00257436123639836 0.1064848810785 0.252284447550396 0.190658100314767 0.344502683267763 0.103495526552176
0.167597462832508 0.223377616256982 0.194449373028362 0.177701001761284 0.0411721330484736 0.19570241307239
0.415802768481975 0.0373352358983434 0.161611848605542 0.147556266854533 0.213916980332314 0.0237768998272925
0.325345419747661 0.115411909588555 0.106039679470931 0.0502249544507603 0.337080375903853 0.0658976608382401
0.189142176630029 0.210346260457456 0.210937349971661 0.118900284332365 0.0881030075993214 0.182570921009169
0.219062737431155 0.129666868984188 0.035176707975362 0.0616214945281248 0.0321750240732013 0.522297167007969
0.137258001623049 0.197946707036789 0.157690208012885 0.18968097777698 0.191535380111471 0.125888725438826
0.428003134654614 0.0124408607138275 0.248247588211136 0.034009339855811 0.136600933078155 0.140698143486456
0.12075583938471 0.267900320346019 0.121163192139092 0.268627662718115 0.0210504616931757 0.200502523718887
0.268792267153387 0.0246739629969068 0.181599267746628 0.24829909428057 0.0744681900711394 0.202167217751368
0.122586126566144 0.094528150037552 0.0585873299721276 0.210876561675839 0.253421418586439 0.260000413161899
0.0651226921172929 0.223078985075817 0.00114068196462204 0.179372143152567 0.331455219259477 0.199830278430224
0.341283367659513 0.131734759191856 0.083664788535805 0.0340307961264611 0.34247361216703 0.0668126763193345
0.0611652406500992 0.214476721527993 0.204919962465292 0.188893327426677 0.179230602103766 0.151314145826173
0.195217315576132 0.00369526877661357 0.272891644247729 0.217140780556469 0.0374161650478142 0.273638825795242
0.222159994553776 0.25693482496694 0.117240048377777 0.0529241364789728 0.0806701608723221 0.270070834750211
0.247459108018694 0.149519708026524 0.220974754647983 0.274026372485025 0.0781057624422446 0.0299142943795295
0.0313797050569876 0.22027130364675 0.146434004333891 0.0759554249927321 0.287063414520001 0.238896147449638
0.00579929284104113 0.171226815566568 0.259052028886987 0.201061449226752 0.202595363301909 0.160265050176743
0.00150147179370952 0.289695118319738 0.148176768762785 0.206979881055322 0.343019258322044 0.0106275017464013
0.0360767886768485 0.25432097945367 0.150177028581485 0.0386175811866211 0.202734129812638 0.318073492288738
0.298476291273726 0.120628625096713 0.0935494891687883 0.108859568244898 0.0764290404214286 0.302056985794446
0.00812268890957584 0.41138806166428 0.0755520264281375 0.0494605033200825 0.392220318291052 0.063256401386872
0.351436575623279 0.0135687133319487 0.0554809898810724 0.212998235888989 0.101549709534276 0.264965775740435
0.132473450321579 0.178233388876167 0.2179847351477 0.136818633853079 0.147743703694843 0.186746088106631
0.222374491735697 0.177620968843118 0.138413037610907 0.36468734522562 0.0213712044124972 0.0755329521721611
0.151664282816626 0.206487910803575 0.235350609338652 0.0447788888353954 0.0797889967316617 0.28192931147409
0.0047462019378938 0.527996083335325 0.0121338923986159 0.34558950773797 0.0116151954061451 0.0979191191840501
0.173710161519558 0.115711853259045 0.223128331625341 0.0541026831957221 0.30734984218347 0.125997128216865
0.237352654171863 0.225605747183122 0.194786974160296 0.0859212788326119 0.00418193404383286 0.252151411608274
0.242898153488475 0.228839982290481 0.174831882508103 0.0666105466588851 0.108662542800546 0.17815689225351
0.126458714451464 0.103932779464461 0.182812952210835 0.186892701245039 0.243878713618596 0.156024139009606
0.267723441710636 0.225938194652121 0.00393917781289438 0.190116952839091 0.222985946683372 0.0892962863018856
0.0248894042660732 0.0907322147013109 0.0301496379696034 0.36769914758843 0.37576877373146 0.110760821743123
0.185100902357312 0.0470273824588103 0.250281129569082 0.264974144092888 0.0483195546701778 0.20429688685173
0.222043905755838 0.449609609015717 0.156347563313291 0.117048495953408 0.0442794489513769 0.0106709770103696
0.227495451040621 0.15555718856232 0.152246978308391 0.305021979414429 0.0363725050906926 0.123305897583545
0.214839249252939 0.0403119082984519 0.0704034720801434 0.160286626183378 0.229668631452702 0.284490112732386
0.259824529369098 0.159818331690701 0.178171765957519 0.053621102883816 0.216256450904648 0.132307819194218
0.217379453348668 0.25726497678262 0.0250908992732651 0.0756296343709102 0.243403029862809 0.181232006361727
0.0991143984208014 0.193710684003785 0.218261228958394 0.157630414890217 0.168896113966886 0.162387159759916
0.290762657000148 0.0429656676095016 0.184763629786629 0.0332221125889131 0.32755582865448 0.120730104360329
0.124244787394486 0.0348718042497496 0.188067657265568 0.309982881170234 0.0210225315755507 0.321810338344411
0.0831083853436465 0.220473720215595 0.0323409998820633 0.193276868598363 0.165964842747445 0.304835183212888
0.142442828463201 0.260114723159993 0.0314008901959183 0.205193637366246 0.141692465659917 0.219155455154725
0.195709939583368 0.0202613158821357 0.0330777709008453 0.0666294839561493 0.321440523894318 0.362880965783184
0.223515645881717 0.0486122273320964 0.0944685957136608 0.0514006599559304 0.239512500855961 0.342490370260635
0.281889664000682 0.280023892256006 0.293554287593046 0.0704703254029013 0.0673254817449236 0.00673634900244042
0.165995471492327 0.102593870539618 0.111751864404731 0.283293852133969 0.0530389959501631 0.283325945479191
0.117883048194199 0.247471135594071 0.143726131525146 0.0217591066528341 0.193959359401824 0.275201218631927
0.140038203858916 0.00340943363041327 0.252161880295143 0.201901765425366 0.225252176765956 0.177236540024206
0.101202601268625 0.200553610933893 0.129790645193394 0.201133687601675 0.196005060283739 0.171314394718675
0.000760015378210145 0.0199669533335455 0.388210970599268 0.262094188343091 0.0546806594422786 0.274287212903607
0.0913509165079493 0.181451652198165 0.221498926491417 0.0579166622264574 0.237560043771696 0.210221798804315
0.299661307651357 0.295404108060724 0.199461886329078 0.095390403131645 0.0754865695020165 0.0345957253251801
0.20808769839361 0.263703074932464 0.208946140094489 0.116938613904875 0.0363165931008622 0.1660078795737
0.189364556702081 0.304881675171819 0.0240026453024841 0.249887455392443 0.0239487654348454 0.207914901996328
0.110407007842675 0.103805096771778 0.281897759616185 0.0581691510162493 0.209632636087203 0.23608834866591
0.0470362200000749 0.147492997560997 0.22092399566143 0.0434508387052768 0.251923503942386 0.289172444129835
0.151503954044642 0.323832569879025 0.0620977537791947 0.161687442063077 0.122419138731434 0.178459141502627
0.270210987199827 0.0437235752252223 0.0940569958302209 0.298482782065409 0.269476714922827 0.0240489447564942
0.397952614064295 0.101825202713016 0.153133539675665 0.0895312270134948 0.136168345877083 0.121389070656447
0.213844537567186 0.059745709348046 0.0777816910301318 0.237680439865833 0.269038456792778 0.141909165396026
0.185151240885144 0.11560766080627 0.151459245059639 0.259888549559313 0.141664455304318 0.146228848385317
0.101159726374609 0.31012854248775 0.207243356724248 0.142291276606951 0.0758710543170404 0.163306043489403
0.192577563466042 0.0949378160175087 0.163084745290555 0.298798446798784 0.164001934378447 0.0865994940486627
0.07373826008158 0.218763143720616 0.0386477072260584 0.275765231953438 0.120879501145335 0.272206155872972
0.254157919666195 0.0658881738514721 0.153341106708205 0.0292276979640847 0.267893765640599 0.229491336169445
0.330368084852729 0.091524486455278 0.428448894722676 0.0562609745457666 0.0464986244030532 0.0468989350204973
0.212278011684602 0.234910612262519 0.137605914700193 0.191619587258661 0.102725777141716 0.12086009695231
0.168831879656285 0.234183342328927 0.0131047643112237 0.263253423151832 0.100373307481369 0.220253283070363
0.113087932119353 0.38731381839482 0.0243767321216928 0.100090180173436 0.0610153702399357 0.314115966950762
0.0570891522745007 0.064196210551535 0.160495802549185 0.238047626137687 0.262543063095893 0.217628145391199
0.10922201918413 0.293202883534214 0.12149706502078 0.0104283246861527 0.0946445383403711 0.371005169234352
0.214473213887242 0.0666679790328157 0.133118559524981 0.37612429850672 0.209007393799895 0.000608555248345859
0.269766085915901 0.101140547346037 0.0191250663361155 0.284429744679504 0.0925840411931806 0.232954514529262
0.376531920889502 0.021271017706323 0.0203237042972572 0.381778496993851 0.155861062391328 0.0442337977217386
0.0919012867836968 0.151909677121247 0.117683030956436 0.293067588137236 0.345343573992318 9.48430090665426e-05
0.0256169770338298 0.0760970385040018 0.30213894666836 0.157674942973339 0.168918635505342 0.269553459315127
0.0745308657663727 0.238262216314485 0.0968446798459937 0.190970334380761 0.322177935643286 0.0772139680491011
0.186088328123116 0.296514498150358 0.0712696944290575 0.0925492405897185 0.0864017022644787 0.267176536443271
0.0558145853034549 0.2578283250226 0.267811275305425 0.0431071843712158 0.364646832223813 0.0107917977734914
0.242328552426859 0.25135471288975 0.00357403372306943 0.186239267476302 0.250564296023562 0.0659391374604571
0.286015682207482 0.177647992626055 0.192215517419706 0.0433987458609388 0.130220615089126 0.170501446796693
0.205288432719076 0.231185048863008 0.117417161962365 0.0866718050385883 0.311752926959379 0.0476846244575844
0.0737131856392997 0.292847317017076 0.0927256026479786 0.225130335813376 0.0695322088047943 0.246051350077475
0.146374826521476 0.15184427185968 0.161225883979968 0.179838997511092 0.25845496320686 0.102261056920925
0.199157783211056 0.238648141863629 0.00876355550310668 0.2178485265824 0.259555546617911 0.0760264462218961
0.0751450337416012 0.327423320592032 0.0252381356805389 0.17485522173385 0.0689333349900645 0.328404953261913
0.244554057811173 0.15356132986961 0.165421771217306 0.0363007099158053 0.234717064223276 0.16544506696283
0.0617746223816772 0.0326003317755353 0.286255363653785 0.231939046805292 0.0521046224134603 0.33532601297025
0.162353030665443 0.130244564438641 0.267674877327859 0.175968139403621 0.15392980966537 0.109829578499066
0.111044015079349 0.316309008322278 0.107288012839619 0.126469754987998 0.28327158764036 0.0556176211303961
0.0696384451028168 0.172513458860713 0.289219584773908 0.221852300611615 0.185910541992973 0.0608656686579737
0.243162550495628 0.00148444892680657 0.00859262024309949 0.454629601198645 0.117517740130117 0.174613039005704
0.144489250272742 0.210756439048309 0.115790217808327 0.237248886623419 0.086425858079436 0.205289348167767
0.125023286570059 0.0145798058555848 0.102921158262567 0.132929391332668 0.322181098154988 0.302365259824133
0.144373326875459 0.134743254035145 0.167956004205272 0.21568575717485 0.223519366331509 0.113722291377764
0.012676643995918 0.258378086435547 0.348866129089894 0.022804335963703 0.332645943148867 0.0246288613660702
0.0153923065314004 0.122967414806899 0.248859961552325 0.171201170184185 0.239143338082176 0.202435808843015
0.0638271760795498 0.149449550538335 0.169854762721871 0.199458218011799 0.254835623831371 0.162574668817074
0.139069842793275 0.2622012871725 0.199641804176961 0.163473619902713 0.00513747664430022 0.230475969310251
0.195281472955971 0.165884942077931 0.175292708943336 0.0456698651068188 0.154585455007614 0.263285555908329
0.374984402141487 0.284811706440882 0.198210782904638 0.00200272238962812 0.0379153479333243 0.10207503819004
0.0128664747670077 0.135766172563416 0.0827105566798407 0.255288263870689 0.250298362593202 0.263070169525845
0.0519994760638794 0.0970012020972906 0.0662512038836691 0.225984853486121 0.336323462590423 0.222439801878618
0.140267860036671 0.199694589085818 0.17206694194123 0.136052302829433 0.160480970242221 0.191437335864627
0.315288045852957 0.0179730039904453 0.136697893832288 0.246533104528662 0.280048402025618 0.00345954977002902
0.283765208925829 0.0436403029905073 0.199275314939422 0.0759862134965416 0.297550860557161 0.0997820990905391
0.113454772332233 0.196605326798593 0.10730003945251 0.357791299577092 0.0903655928047757 0.134482969034797
0.210548942016931 0.218886806238414 0.146367549909822 0.162781506717432 0.188423935595569 0.0729912595218306
0.190729656426326 0.040095811397006 0.252520305406147 0.264333816344198 0.236825059848411 0.0154953505779117
0.0534993801536212 0.217867234510933 0.0534311469315866 0.169546502215494 0.138558265375537 0.367097470812829
0.172686178852534 0.0363502716130236 0.249499906561281 0.213328318557922 0.103253717394517 0.224881607020722
0.228256103367669 0.0997337772136099 0.251482594857877 0.265613522433756 0.125143615318253 0.0297703868088352
0.087069526712099 0.0837124916652424 0.300434776590935 0.106866190409053 0.207648961129952 0.214268053492719
0.0750644085230674 0.235186032542248 0.181889492223376 0.180791217377599 0.274283867873852 0.0527849814598581
0.0941639701182715 0.209153900949692 0.119254596170724 0.260977708462813 0.239327972375943 0.0771218519225571
0.174655901425305 0.194891098771523 0.0790737696619722 0.186980214908094 0.136482845388868 0.227916169844238
0.224820319288552 0.232054883040255 0.0150712584423593 0.186014624506942 0.222446039907283 0.119592874814609
0.232132489199323 0.0513127633227086 0.294243045520138 0.20461091864036 0.201716688773278 0.0159840945441918
0.291088172297351 0.0376675581571736 0.164694207021707 0.202987897152323 0.0985843735405499 0.204977791830896
0.250661751437054 0.0500347272173372 0.227574872575056 0.234391085024755 0.038176664485044 0.199160899260753
0.104616675799315 0.17788815405458 0.194714159706296 0.118480597138185 0.20426046418671 0.200039949114914
0.0529794262508787 0.212869950886453 0.250113130901845 0.0127435856816042 0.24609354958705 0.22520035669217
0.181856915993829 0.218225703459535 0.15489099256365 0.203034217378773 0.236279995280882 0.00571217532333119
0.141981592456224 0.181276948957484 0.0268974831627643 0.213949058386671 0.279348255265199 0.156546661771657
0.0596738669254866 0.231426947890153 0.150302822436742 0.166727086118721 0.16822391634475 0.223645360284147
0.0946083433838303 0.182915475579159 0.0857769938998749 0.228782300082369 0.227027675369953 0.180889211684814
0.368582162351831 0.0207820700664074 0.21046275653013 0.156083820734689 0.047185975612449 0.196903214704494
0.140031787830192 0.0933206126149862 0.266350274480498 0.156663860322806 0.240401668305217 0.1032317964463
0.145702583938262 0.170601373745832 0.133241296683583 0.286534325588519 0.247463769347872 0.0164566506959329
0.14568480363456 0.197070344654787 0.0907217508090396 0.205431373627054 0.166235936859119 0.19485579041544
0.143121172028629 0.257097539607253 0.250847693471316 0.126787085543453 0.0200176094571907 0.202128899892159
0.182648766102246 0.509244863496195 0.120057736915212 0.108569577113136 0.0784713314481113 0.00100772492510031
0.196471897049119 0.0293279323777808 0.124285939689608 0.202347558603192 0.191269404110491 0.256297268169809
0.231660327494327 0.140194716806837 0.0349653412511725 0.222885205723896 0.166983126981698 0.203311281742068
0.13994403573804 0.056224451911483 0.071759456213987 0.271089176611691 0.30095855095204 0.16002432857276
0.195179718448041 0.220317600060518 0.200700968405027 0.106013358788331 0.0516054810264944 0.22618287327159
0.256090061449792 0.173367058450881 0.120061899122447 0.0763690050525577 0.265993007330008 0.108118968594314
0.234503354559179 0.192478722478354 0.296646958529981 0.0788610371503177 0.148459977512569 0.0490499497695991
0.199457674649087 0.0992797824537537 0.00974667686035029 0.245045803523043 0.191591699778128 0.254878362735638
0.236296051088023 0.371493989468192 0.0638200647261546 0.0938013084737892 0.153158351693004 0.0814302345508374
0.0610450189003925 0.151817649509339 0.0582081918742108 0.112689078980422 0.29701959307478 0.319220467660856
0.00218721915559078 0.0160257729592271 0.206663031451537 0.26499446727893 0.290705877165467 0.219423631989248
0.0567744728027261 0.3285516090182 0.0342898896325162 0.264817536252096 0.296590856372738 0.0189756359217232
0.214722797312109 0.100635723992044 0.0159204574617319 0.223211702711546 0.236126176325586 0.209383142196983
0.243911757131774 0.116060476283965 0.270323797993271 0.110314560538609 0.108720265563685 0.150669142488695
0.0708283418879662 0.353477892142039 0.334386484521823 0.149564849922536 0.0176983874554059 0.0740440440702299
0.322418430535943 0.283706402191752 0.120292824886226 0.0135236086120128 0.212067691388295 0.0479910423857706
0.143106721214284 0.257355843305863 0.0600071890257454 0.245889802425536 0.230946426805965 0.062694017222607
0.113841829733725 0.241971706093848 0.208861294379909 0.0424352008735763 0.182177032709726 0.210712936209215
0.184299946843354 0.198913545676095 0.231570136781465 0.0426999167620498 0.198260395909475 0.14425605802756
0.244653053491624 0.182305745298219 0.226387611598513 0.0809153202394705 0.194133714408795 0.0716045549633791
0.0836221168141256 0.363981403458174 0.0933915338397569 0.228037616659479 0.221640411078362 0.00932691815010168
0.215224427747998 0.232826037430557 0.235386169322848 0.161288568745856 0.130916302339763 0.0243584944129764
0.208647794271767 0.0357179851940486 0.216140997681521 0.162220246452091 0.203363478055878 0.173909498344695
0.201075586524995 0.0718644866810025 0.268592844898477 0.273595170157253 0.0815190420480853 0.103352869690187
0.321842065661616 0.00844693549290668 0.031001187429895 0.0415111529392875 0.290480585846642 0.306718072629652
0.259192334917994 0.219596396016231 0.0961162408591772 0.216051844557631 0.156456997682415 0.0525861859665516
0.251584204385193 0.0348223421801437 0.00603764920892816 0.10194827655736 0.345707963702225 0.25989956396615
0.0739926882573814 0.0578075661184471 0.265345627844866 0.211178299037756 0.366627674298172 0.0250481444433773
0.103167581642258 0.242330232457899 0.254883582200745 0.166076401226364 0.169242845265969 0.0642993572067653
0.0386447758777653 0.128368297097256 0.173428570860269 0.283937470576645 0.251441457246951 0.124179428341112
0.219961411002021 0.165828551205342 0.21206843129282 0.198751534495359 0.159559069738513 0.0438310022659452
0.0807942124924418 0.251753089442869 0.251769075130834 0.0754924201535955 0.151940395359738 0.188250807420522
0.156579815395676 0.133123741233936 0.137266742840039 0.158447826683977 0.0456839762623871 0.368897897583984
0.219293933033862 0.113340771385642 0.211374422328452 0.204843151083852 0.20825311750425 0.0428946046639426
0.151328871787082 0.18152303985678 0.173911150224753 0.188457009111087 0.141052066413958 0.16372786260634
0.23848358568824 0.0873569787977685 0.195103244736216 0.085196347302336 0.183236333611343 0.210623509864097
0.0172524535341949 0.248909380250143 0.297574157655301 0.0805580224382989 0.226607195362506 0.129098790759556
0.306135710886745 0.216177779600808 0.00124217214372888 0.113892456572755 0.140119827646698 0.222432053149265
0.0348122875848643 0.235621845837216 0.292080538300869 0.111628406818534 0.26368946216421 0.0621674592943075
0.124265941819828 0.305102782271078 0.0279688959369668 0.259542768231732 0.0510621328860256 0.23205747885437
0.0492915159000591 0.169871543114092 0.330054665108196 0.161389605802109 0.264613740287434 0.0247789297881111
0.173846903140014 0.231988324621722 0.235910846680535 0.158523800436879 0.192000026025249 0.00773009909560178
0.192258320310351 0.176591984653139 0.144977964490003 0.179599662523589 0.129656816138697 0.176915251884221
0.0955295771014635 0.294640971005862 0.320358415925807 0.0394740685830034 0.0969830170915354 0.153013950292329
0.120702705537925 0.235554400028857 0.259357043963177 0.000793896195718203 0.282602793274539 0.100989160999784
0.0858427176954346 0.237445152560468 0.207039240141109 0.0648778421893866 0.180293942239355 0.224501105174248
0.310280597829207 0.263484388455462 0.0122419108300518 0.275162255649197 0.0806794717669005 0.0581513754691814
0.187286580671631 0.0593236292396126 0.253835454973502 0.184583227336128 0.218852861114386 0.09611824666474
0.0798372549236643 0.216796750506037 0.11173369769811 0.201833321219318 0.133288169926201 0.25651080572667
0.0118316979710867 0.00206636972607405 0.578344222866424 0.00596489685391944 0.26810662390995 0.133686188672545
0.416808896821313 0.423829113898052 0.00700895314674823 0.0175713704228854 0.132101855681621 0.00267981002938008
0.00211118227883315 0.205832759817906 0.306619478912305 0.227352926491498 0.114550539060815 0.143533113438642
0.0556607310670798 0.00104000781157354 0.0192249146496405 0.295602876875422 0.244581858258552 0.383889611337732
0.215979933173986 0.117420928939441 0.253306780319928 0.0991766114855085 0.0699308468790345 0.244184899202102
0.111280857509325 0.182472443252914 0.195198512796074 0.114102614712079 0.178906683431889 0.218038888297719
0.197181650047015 0.107201447405183 0.157644632225907 0.0596518528076038 0.263720857604376 0.214599559909915
0.156340932601517 0.117263282042232 0.23578926586875 0.221134462548214 0.213627984141557 0.0558440727977302
0.0467319146666722 0.187585578331926 0.248861375644838 0.166437296454904 0.21713971065935 0.133244124242308
0.0861312284738188 0.219529848996172 0.3266767202316 0.109463260701014 0.197123501041149 0.0610754405562467
0.244552550925632 0.110000778824237 0.13884700506482 0.075945845499513 0.275653736196857 0.155000083488942
0.202808697478138 0.152006577189196 0.183403322167304 0.134308171176748 0.21628247360984 0.111190758378774
0.212530033446986 0.151172546337949 0.0519377123928117 0.155494326846386 0.343075504654497 0.0857898763213702
0.173193217097791 0.300358510443202 0.103816915282621 0.395033856149506 0.00210381900021413 0.0254936820266645
0.231670833411747 0.184384252288218 0.0927078351942789 0.00415406057240334 0.236569561616018 0.250513456917334
0.00395837244244598 0.216230428307649 0.262985457836543 0.184656841455208 0.259696393437352 0.0724725065208022
0.273288759928937 0.041887552308768 0.056585277137895 0.206794854717199 0.0637667198438962 0.357676836063305
0.24017593720321 0.242003308187951 0.245317461941878 0.0382827915771239 0.0399409274707873 0.19427957361905
0.156881482033093 0.197995427745675 0.143955328688861 0.217708636119555 0.0879875063240219 0.195471619088795
0.0130592045505375 0.305561450794542 0.20880733271253 0.286837026226893 0.0484377027201735 0.137297282995324
0.0514673819113195 0.130381920903948 0.163533101378678 0.321875183242118 0.249037300828475 0.0837051117354616
0.0518251719283713 0.114304400455551 0.20605757823057 0.282350828551418 0.16213102255636 0.18333099827773
0.269019686342497 0.162686837758705 0.14586898257564 0.115980113229942 0.116176008928594 0.190268371164621
0.161631167612068 0.299860036126247 0.276151945898742 0.013877954352859 0.0360828646057197 0.212396031404364
0.29321588563481 0.0530213791848719 0.057442655909374 0.129309281521811 0.329837206548872 0.137173591200262
0.27846542978011 0.031443247440614 0.0216203345253648 0.432970593325916 0.0897340263114852 0.14576636861651
0.139663113359219 0.225294399979968 0.295493863196985 0.247959389210867 0.0127270435197202 0.0788621907332412
0.0138110511435668 0.203391940844624 0.0755999296009608 0.280308028453322 0.239612357368401 0.187276692589125
0.0249578561489456 0.102866867445628 0.334650013351638 0.156752606588006 0.0536616895734275 0.327110966892356
0.121244552302132 0.00765155100949813 0.306949986945485 0.207579330451106 0.0987636409357288 0.25781093835605
0.209313091433563 0.0506410907817777 0.23397193380537 0.00216909516869159 0.222291597246773 0.281613191563824
0.0668473650657423 0.00256809758850977 0.25255448263578 0.302066480005502 0.105572265803855 0.270391308900611
0.28609163138322 0.246006477539909 0.261363574179488 0.100275880325443 0.0369124333491671 0.069350003222772
0.149102521047904 0.276329437721909 0.141361530236266 0.00644705256085199 0.0888099982082545 0.337949460224815
0.0164336393950973 0.214951451310917 0.269546782573982 0.128435558083338 0.18207802030763 0.188554548329036
0.157054448017713 0.237799666203774 0.189789932775606 0.182597559352721 0.138200789814385 0.0945576038358011
0.228146506030682 0.121143644038954 0.0839247000183961 0.15470616317328 0.198692557424772 0.213386429313915
0.205741804019101 0.124546077105764 0.277174465767866 0.0182753032919759 0.209384732858186 0.164877616957107
0.200856272614001 0.281801837368209 0.0577402104363415 0.180445629898815 0.268506063915779 0.0106499857668542
0.092431684356819 0.244349757659326 0.247033329612191 0.109138146896927 0.175317213364651 0.131729868110085
0.304330697553534 0.11439669586907 0.0813839159209846 0.0824240667493845 0.338944731382441 0.0785198925245863
0.205188497706623 0.154377042623555 0.253049857853135 0.294453252516455 0.0167259615876075 0.0762053877126233
0.107955200099356 0.206410214483134 0.1127168567207 0.160943980949686 0.237853047415289 0.174120700331834
0.0804311918800948 0.318505487594645 0.183280583106619 0.199380086195763 0.131045072406618 0.08735757881626
0.0678229313265068 0.130893500606043 0.177468803670627 0.116104794582882 0.210660687620681 0.297049282193259
0.0851122710091035 0.307697834714548 0.0271826002390791 0.0823148779296896 0.34467415665644 0.15301825945114
0.211298580958807 0.181445894362359 0.0528065577194567 0.169998921986351 0.216902826516781 0.167547218456245
0.353130915146212 0.0309684012639924 0.241455559111922 0.256110665282095 0.0342525017296306 0.0840819574661483
0.219509452983034 0.0760118219825016 0.240891782496362 0.228562043789671 0.114131026993463 0.120893871754968
0.0406431716083533 0.210872154225869 0.0044488074909847 0.470227163897707 0.144487942775243 0.129320760001843
0.153189510899273 0.072445433103419 0.203458176131889 0.0130406486259595 0.404280425134736 0.153585806104724
0.232487182790314 0.0425475823031076 0.130487110781913 0.200094016346817 0.383290806018172 0.0110933017596758
0.190546482348541 0.201989865472979 0.131377856236048 0.202532207449714 0.15789407190144 0.115659516591279
0.187708154715251 0.241936687603637 0.20631334544544 0.0752680974849197 0.129157897739232 0.15961581701152
0.174183868187186 0.273080660076652 0.0669264248901417 0.0328033820131401 0.284202308872849 0.168803355960032
0.0986197655563332 0.325167057810338 0.00336969574882964 0.22707611815485 0.234540989777571 0.111226372952078
0.0971512114756746 0.00708525072921212 0.276235101037063 0.183384190160175 0.407019631953964 0.0291246146439117
0.115140076199648 0.136587716746381 0.275294494686411 0.177963759118866 0.253200644362402 0.0418133088862919
0.0193633213485931 0.206541835519038 0.249999455318536 0.304230967466542 0.082712285868423 0.137152134478868
0.357170700100715 0.319007090860444 0.137595227103268 0.0976065416928084 0.0709975596044077 0.0176228806383573
0.222126227847956 0.164247475812365 0.0949421317703391 0.251301627995289 0.198053706674626 0.0693288298994253
0.0212358461462724 0.116916258001184 0.238310715638498 0.292910318313608 0.207123272150018 0.123503589750419
0.283161983156588 0.0424821800680682 0.0682474802384976 0.251076252695489 0.089132257951112 0.265899845890245
0.0649939834748059 0.0274401124028748 0.268397196886922 0.195652205226622 0.214794895840702 0.228721606168073
0.256860195245223 0.0982960416620613 0.226524880136111 0.186350340203287 0.123820752699383 0.108147790053936
0.21078212480079 0.139508597002385 0.0684783075740136 0.178795297652002 0.250390755590956 0.152044917379853
0.273870110632929 0.0777174094302123 0.0651239606309126 0.123840290115185 0.24739252222031 0.212055706970451
0.104669739446333 0.250061206293325 0.0887564768638221 0.27214690550528 0.00520150448269768 0.279164167408543
0.164835898409611 0.021808425040929 0.073115051462485 0.378134245355232 0.0943727888339665 0.267733590897776
0.032794764878613 0.518504555383947 0.0998061212322616 0.0322844791873171 0.126692052272655 0.189918027045207
0.0514068099413826 0.212014856203796 0.255818504941753 0.249193881024409 0.169382264858695 0.0621836830299643
0.0634022798572179 0.162950281600182 0.358627038705483 0.0368503099613255 0.0528570210159247 0.325313068859867
0.200389682424414 0.240659386111302 0.137756154415924 0.174688578395333 0.172175599519476 0.0743305991335517
0.0460205315446235 0.334712963413131 0.152612046288757 0.244658150161076 0.147058695766245 0.0749376128261673
0.190772957333223 0.0176094295768312 0.136490789769805 0.242288635237659 0.237949771930413 0.17488841615207
0.124847167916562 0.136916044416734 0.185438766810234 0.0662037157391181 0.229680818555563 0.256913486561789
0.177591386471056 0.0816137658318647 0.28797465044614 0.0928088930928727 0.257790297816956 0.102221006341111
0.204409701965041 0.185529500721263 0.104351729016868 0.146156656201176 0.0810058189223123 0.27854659317334
0.231248066692573 0.0236315313864007 0.174770860692915 0.268898577033162 0.154379748693736 0.147071215501214
0.213520536983907 0.0502241324722473 0.337195926843539 0.0169235810414625 0.361803174891825 0.0203326477670191
0.205036639089371 0.217834479801024 0.0286479026747711 0.243766561416267 0.205201031920203 0.0995133850983644
0.0485296955030859 0.362527047805891 0.0722782847818015 0.29705537277062 0.20258040272127 0.0170291964173316
0.220323618835817 0.163365182701526 0.230721210559407 0.0288320652399435 0.113922380182286 0.242835542481021
0.141845998370948 0.161631230551125 0.147136998901929 0.141443661501933 0.189593594946098 0.218348515727967
0.006332664555187 0.214765281561328 0.202574952985245 0.226062167264662 0.132553030925529 0.217711902708048
0.0457688029796424 0.0712119871836519 0.194005971753502 0.236754707116707 0.386240497289081 0.0660180336774155
0.383838960010906 0.137140025176549 0.210958263578096 0.0536467213488259 0.206701201260016 0.00771482862560609
0.0594860216953885 0.15533292397175 0.186962170374048 0.22367341786483 0.253633412346076 0.120912053747908
0.0783531732413972 0.218386417673093 0.252347585238378 0.256573472048523 0.154295723548867 0.0400436282497424
0.28144217857366 0.220455255933677 0.0749803612906957 0.0821476065792117 0.158537548662749 0.182437048960006
0.264208758482627 0.192505872493172 0.294335933459723 0.0836486022010919 0.124632049587876 0.0406687837755097
0.113605163815239 0.0768889174354375 0.169249381491542 0.225977577754738 0.245194770402769 0.169084189100275
0.0565972518266818 0.278130916808857 0.19203621973575 0.0375559821982875 0.122663705797549 0.313015923632874
0.0565378678756368 0.260766254125509 0.218367615181447 0.269305519549757 0.0474113330026778 0.147611410264972
0.0194926433916657 0.232086076767518 0.187024381406884 0.153203351556963 0.179404013006686 0.228789533870283
0.0220455685800798 0.310796442904048 0.263799797076848 0.133748251890799 0.232959684670873 0.036650254877353
0.226741036020763 0.241002558542739 0.0794351895190977 0.107418248853778 0.143570524496967 0.201832442566656
0.307063040852656 0.0207745269913365 0.329884995833507 0.156264495583379 0.138993201177837 0.0470197395612847
0.0804689206076129 0.309253444669395 0.245657250943825 0.0926833093599995 0.0272670414201755 0.244670032998992
0.248295384608499 0.178107607521 0.211026317016614 0.20811781670945 0.137817866290042 0.0166350078543962
0.0404379905970652 0.423606316703949 0.146340269832938 0.192754552990087 0.187087264805632 0.00977360507032915
0.143243584277035 0.250551344519233 0.178370562641185 0.040545009883386 0.107377977836211 0.27991152084295
0.384629581971768 0.034150416172162 0.11397744518048 0.196229184570081 0.191338658671895 0.0796747134336136
0.152920748275999 0.166356307117884 0.0201615752383603 0.217427399081385 0.326550575406329 0.116583394880042
0.145962985138314 0.146026132348397 0.191427569856668 0.065110974219702 0.177082302055989 0.27439003638093
0.0702260695045499 0.200997166603668 0.23769011508557 0.0909037001569962 0.169276807092653 0.230906141556563
0.201497834219926 0.0930234437302414 0.166685817553138 0.199655304622982 0.128597733975235 0.210539865898477
0.131140303565701 0.223173384580608 0.091243362557625 0.223672539934011 0.131351210424113 0.199419198937942
0.227594896254148 0.0330490115964097 0.293695994843956 0.154747219199532 0.0678754769229447 0.22303740118301
0.150685916985437 0.100517276731866 0.176690172443074 0.119685359116037 0.450117475419288 0.00230379930429765
0.0178761783460124 0.115064330695622 0.306054219735047 0.163046428373282 0.31494120700291 0.0830176358471256
0.223064182416828 0.0299398631897111 0.0482452496209741 0.405867610228889 0.0610297593907897 0.231853335152808
0.18775196108069 0.190811913540517 0.0844090458499481 0.175676329926641 0.213307379182831 0.148043370419373
0.160255349412601 0.228413402756312 0.171306206215415 0.0731892103189319 0.158614317495503 0.208221513801236
0.150825564412589 0.062977426122571 0.167041321667329 0.214302004837863 0.298198288117278 0.10665539484237
0.200590045113989 0.143578945871787 0.186484809990045 0.0751408182614663 0.255967340815655 0.138238039947057
0.167422781877468 0.246940227512015 0.281585671167285 0.034002710732139 0.171632404789412 0.0984162039216808
0.262355623577385 0.306286885534717 0.168006584716449 0.0772545693576062 0.0616343512534568 0.124461985560386
0.330672940731833 0.179351053728942 0.245210790533512 0.0547235119326222 0.13645914163541 0.0535825614376799
0.113173609959831 0.226432280717559 0.175725695469322 0.151281893076989 0.191670114891538 0.141716405884762
0.21909625657651 0.00332928281878296 0.106852054984652 0.28497211579855 0.0795710039441447 0.30617928587736
0.0276898204756923 0.292968388347254 0.220612913146543 0.280392419732437 0.0213755862510605 0.156960872047013
0.0522111771860826 0.327157529141549 0.287649618690024 0.0193995699027253 0.253178447854029 0.0604036572255894
