0.329488730666053 0.172010499312177 0.0863708547653542 0.0403946735896933 0.355215577276303 0.0165196643904192
0.0196567322749324 0.299548756285418 0.231775899296831 0.221495803127067 0.16549252632695 0.0620302826888016
0.134437816179291 0.151910295166558 0.128836032041529 0.12713825691998 0.197737316247721 0.259940283444921
0.101776613104884 0.197696317581607 0.151634636447982 0.156447481572777 0.180294043405125 0.212150907887625
0.238302878691896 0.236475669411242 0.285047431150446 0.0581680616487909 0.145185730990082 0.0368202281075441
0.200004198793352 0.174958104013513 0.204344028862585 0.0262640787738054 0.184594742729761 0.209834846826984
0.218047429397308 0.0287367212430187 0.183729143163341 0.169737692708736 0.147057152822808 0.252691860664789
0.0527294567526419 0.18675729141137 0.089214543092134 0.133649332144742 0.217254999036604 0.320394377562507
0.19755608185387 0.0480190811662336 0.158970888443268 0.219849153852559 0.241675862870234 0.133928931813836
0.0804605224107215 0.115842119768933 0.267413225266581 0.0618806783187157 0.330287713510651 0.144115740724398
0.187776687812377 0.169337714557287 0.263904741171466 0.188819778223674 0.0969282545856118 0.0932328236495829
0.0763599311595122 0.22396248995034 0.156916699791565 0.11576542831805 0.214504699584015 0.212490751196517
0.00103750045907298 0.149186727359382 0.389282624887149 0.160395122622387 0.118990158929904 0.181107865742105
0.328938786400929 0.0243942966583224 0.140779993058977 0.0885159064094225 0.122162614026092 0.295208403446258
0.0858968400876739 0.221872980323436 0.176775384929146 0.137154031969617 0.242211633746714 0.136089128943414
0.108416835723457 0.158259599898705 0.25889877683657 0.220195796153557 0.14196880853429 0.11226018285342
0.356350752189073 0.0185095643327902 0.117966659431316 0.161733060794718 0.316456737004353 0.0289832262477488
0.172040639392139 0.175136506823083 0.230189496421468 0.110546332886357 0.131356451761181 0.180730572715771
0.0383971595258917 0.223107292053138 0.245599619005658 0.223551519142006 0.159583013900858 0.109761396372447
0.159655785519001 0.397405743940323 0.260603439620601 0.026047536515354 0.109182022313325 0.0471054720913968
0.0141907509644861 0.155122968090172 0.327763129656039 0.287948130118935 0.0804436073214272 0.134531413848941
0.305659585992683 0.239983210136269 0.0847704460027652 0.08843867752718 0.117229279081376 0.163918801259727
0.130741277490439 0.20173373654187 0.176778544109162 0.159842934160549 0.206738745132571 0.124164762565409
0.0977261106917384 0.295523453702896 0.215444082120765 0.138007111743057 0.11114840078415 0.142150840957394
0.13789694410079 0.0803538919935131 0.308969518780806 0.0388867345976431 0.207398862677611 0.226494047849637
0.147826119911841 0.121266115515265 0.0365084692753043 0.383191446913776 0.0982917436476907 0.212916104736124
0.210373054925853 0.0595706791787792 0.151004472531821 0.203936059753784 0.302955724223461 0.0721600093863018
0.0148785775761168 0.288365483835384 0.089317139477488 0.362324697104384 0.142804551578578 0.102309550428049
0.164494776647116 0.0705370562695403 0.219020827004722 0.0477251751800766 0.355235656307892 0.142986508590653
0.0807082811758121 0.0449366215839215 0.184340462935902 0.208850193686801 0.225246396411665 0.255918044205899
0.171224167244357 0.0406523021318426 0.227291350112862 0.132046682032664 0.204111866815425 0.224673631662849
0.194165823465942 0.164703186550461 0.0869922400238589 0.227776474281895 0.242361905267672 0.0840003704101709
0.177343282894902 0.233406230295205 0.125668290906634 0.0941795576268704 0.133171356915731 0.236231281360657
0.0748285362400508 0.0116031902203827 0.130788299083337 0.282657262389449 0.20407479394737 0.296047918119411
0.0758180785021227 0.229686652110173 0.234906527828409 0.0218445382304032 0.198525132346759 0.239219070982134
0.139548432588003 0.19557431136867 0.235740607465737 0.0734516199647082 0.189057600750397 0.166627427862485
0.127149206607778 0.340126602557399 0.104475187702965 0.0479820806325411 0.220498529055814 0.159768393443503
0.259176125779874 0.0566430373877311 0.101978044456945 0.219310652673376 0.206665794497193 0.15622634520488
0.164607859476372 0.0382108363791495 0.287732214512477 0.282008186082264 0.0263396884650411 0.201101215084697
0.081676772461459 0.108177713719535 0.416201923109517 0.0365301929309209 0.126165358485897 0.23124803929267
0.127228619468022 0.105765935180634 0.26700559685442 0.144436770263498 0.0990793642571671 0.256483713976259
0.195178966980139 0.15081202421904 0.232363791247027 0.179803149236881 0.0154203236496895 0.226421744667224
0.235710216112603 0.125120486578115 0.0588675884386563 0.163633707656002 0.176349110069189 0.240318891145434
0.062510341324264 0.275096567083932 0.263988124818346 0.143911722036373 0.111166329143308 0.143326915593777
0.14001926107426 0.171197252708962 0.220361835748655 0.194919344967943 0.23801461151806 0.0354876939821202
0.0313535441586048 0.1730659898162 0.0744794253377606 0.342638960574057 0.243405056045786 0.135057024067592
0.0185294438589022 0.174160218061343 0.245589397260167 0.304505007164503 0.229801513361329 0.0274144202937558
0.0608807139292724 0.0827582842043949 0.36276865264809 0.341925624229453 0.0307511861630264 0.120915538825763
0.0277669662177505 0.225367297152982 0.0841492011256428 0.233895277709221 0.0850761477600596 0.343745110034345
0.045815426516902 0.171996720023528 0.29620114550813 0.203829426682235 0.1502969319719 0.131860349297305
0.00830568417241844 0.105134188259602 0.236755586107527 0.0372128090701304 0.551665715599481 0.0609260167908414
0.0463889957262218 0.0539166457460873 0.20140863880084 0.345569281214279 0.229856498601331 0.122859939911241
0.191701792168991 0.337653499993013 0.360746848077421 0.0387974286907005 0.0653602011382334 0.00574022993164079
0.182543466970445 0.145277282140219 0.135510423002971 0.0258582309939667 0.284732123523149 0.22607847336925
0.267265091607309 0.294790893523338 0.116586470280757 0.0847542928585033 0.0346629807168517 0.20194027101324
0.172588933450498 0.00979573977986482 0.0432183769062508 0.240205550605311 0.25441685427538 0.279774544982696
0.06742585341213 0.103521873652504 0.223277786853579 0.181063746714241 0.177312029689241 0.247398709678304
0.152660833283171 0.0291391285879297 0.241276986595812 0.0928663384139123 0.290032493725078 0.194024219394097
0.211836284571978 0.0605131500919233 0.292326263265657 0.213771363847541 0.0762658530688656 0.145287085154035
0.0921229513224731 0.0462078256028434 0.297300136264069 0.0361851329162863 0.258680781150758 0.26950317274357
0.243778996010334 0.13792877316096 0.298556354625787 0.0256953395067035 0.272994751831631 0.0210457848645847
0.136647175598594 0.255021493376212 0.0443597031199278 0.0506974520361784 0.267587128206897 0.245687047662192
0.105956936256891 0.217048782867586 0.105114373627085 0.158334398458281 0.195852949325376 0.217692559464781
0.12631331953707 0.526295867515605 0.217591524989179 0.0322605147420587 0.0890130322525039 0.00852574096358429
0.135966630533118 0.217533548726566 0.212014515557748 0.134774877690053 0.0423825533413196 0.257327874151195
0.106019904537642 0.193934590769403 0.0078385462618611 0.243657453200254 0.163388660217718 0.285160845013122
0.244619292030741 0.114817430538971 0.0301593858511525 0.0905264486765651 0.214985359697859 0.304892083204711
0.0862558387015278 0.157206682426034 0.230032691309812 0.254677626340126 0.182295129626138 0.0895320315963617
0.240631359379759 0.233894957422729 0.256444595629294 0.00215867506694589 0.205276504926206 0.0615939075750653
0.247391495787813 0.0733216194096172 0.140585361709552 0.176881398026248 0.276437720335221 0.0853824047315486
0.00899190262819418 0.12810286707689 0.110082068582983 0.159644853674482 0.266456075704019 0.326722232333432
0.195002085380483 0.322970718782527 0.086874760360854 0.213779236159108 0.0595628060559059 0.121810393261123
0.222840391473676 0.129653310127329 0.184310956532595 0.0147889836436667 0.226835068279346 0.221571289943388
0.0167816888834213 0.206607718841593 0.210598838645776 0.277543045538451 0.092494358217403 0.195974349873356
0.137843209784868 0.122345998182705 0.278762479069482 0.149027891598127 0.0142351202007369 0.29778530116408
0.0201713385062002 0.180249609933894 0.215241761619626 0.149023870603189 0.128136062808704 0.307177356528386
0.136060681439948 0.0132978022475161 0.198752569807213 0.259843124869461 0.195995019983835 0.196050801652027
0.0318611474046044 0.134060001229638 0.410479657205759 0.161928807736584 0.0252729422159796 0.236397444207435
0.107734097306355 0.248959167729411 0.306267637993134 0.0646554601088134 0.0663064359403977 0.206077200921889
0.0359952809072041 0.364455644101589 0.133051619911027 0.209367493348916 0.0741151804204577 0.183014781310806
0.0332508595684274 0.44279436195403 0.20663239811007 0.0666770223310933 0.116347488897576 0.134297869138804
0.168309976084697 0.18296379114566 0.249669551305578 0.281372988564905 0.0846831160786238 0.0330005768205369
0.106781105003145 0.303320129521424 0.0954350177745658 0.274487468126497 0.186913008054038 0.0330632715203304
0.0984933890505422 0.115540104316713 0.333692863984285 0.0968448722735284 0.319586556940562 0.0358422134343694
0.0498492611174701 0.00383920135472729 0.219011894309334 0.261892419277031 0.249732305645088 0.215674918296351
0.0845575535514625 0.18462065832878 0.221214965928503 0.0391484073770244 0.24037124843266 0.230087166381571
0.166430331098413 0.0108688752987057 0.305506437692952 0.190266515126038 0.251684615406458 0.0752432253774332
0.267154514603793 0.237096669514513 0.00463445344377593 0.149563365208362 0.230636199401448 0.110914797828108
0.0137652303474022 0.0450962136586665 0.128662127124494 0.109021828174006 0.371219621227988 0.332234979467444
0.171787417870832 0.0659725445386195 0.187174853659764 0.309253670731887 0.199666517652227 0.0661449955466698
0.00381070943768897 0.0517087955289809 0.427339650077333 0.351287330071799 0.00535652265218624 0.160496992232013
0.105822648222494 0.132495562239606 0.19090889492493 0.186029326385344 0.219245593540941 0.165497974686685
0.0146534670200733 0.108318663901685 0.0907621291417853 0.243416764240322 0.293049885841301 0.249799089854834
0.193777240613791 0.186978523378358 0.265840689124506 0.104788388762552 0.0704369857411732 0.17817817237962
0.0671919722377815 0.2078234438228 0.208264854829058 0.138088528672809 0.176163462034513 0.202467738403039
0.12096120837509 0.188668390305956 0.196965559394365 0.164300389798277 0.159257111452841 0.169847340673471
0.07184949003009 0.242306052361048 0.0163426702948596 0.342920460416164 0.117764097095277 0.208817229802562
0.287776178524632 0.00330335509417457 0.0773599601459277 0.184599300189956 0.195928912071437 0.251032293973873
0.0749987370091054 0.330293188038068 0.0571345968352694 0.22039414697039 0.048995038107251 0.268184293039916
0.0873557233781265 0.0724961898967407 0.090417382035313 0.207224133727497 0.307180475912382 0.235326095049941
0.0555775601815083 0.288673301115263 0.120851506372311 0.187520784522581 0.181122390721308 0.16625445708703
0.131688869428501 0.216546666460725 0.154318860222098 3.1659143917192e-05 0.265742937824567 0.231671006920192
0.0830164504091908 0.241165069222117 0.183340403240325 0.248557573420674 0.135183935160789 0.108736568546904
0.039142633312251 0.0360873337106935 0.251008851392155 0.264234347915518 0.217025022205556 0.192501811463827
0.341249798085751 0.0163990813602677 0.360743733842445 0.0367377612704785 0.172042413319329 0.0728272121217284
0.0509824510112809 0.19766834702768 0.203918108901876 0.164632474587623 0.173848156058283 0.208950462413257
0.274641025995593 0.312338153723459 0.0208917590883687 0.140295772040925 0.119980986929966 0.131852302221689
0.187818345169296 0.035764828315243 0.105209474261548 0.151919295382702 0.236949215003721 0.28233884186749
0.227923699460081 0.174205796261597 0.0353232201573048 0.221865942615713 0.179124820280181 0.161556521225123
0.318087226117353 0.263489497022714 0.01333739405962 0.0823465537393729 0.217329885665303 0.105409443395637
0.0124407975428893 0.140751980604322 0.203845993566623 0.253823036633413 0.219281992745385 0.169856198907368
0.0227051127739864 0.156395050254267 0.225450299245209 0.238972943702789 0.225388207279701 0.131088386744047
0.0183770872545591 0.159669602257594 0.205498107177109 0.243181035018657 0.169510773352182 0.2037633949399
0.128308583891345 0.0267370419815576 0.199987448973799 0.259708408332793 0.219236673819793 0.166021843000712
0.280527998154243 0.0567501509298949 0.0943239488488675 0.306343088562194 0.225129280090471 0.0369255334143292
0.218492854565888 0.170355496001388 0.176599050174031 0.019619561085745 0.195610710180687 0.219322327992261
0.196649477759264 0.0975721660470051 0.220390274396468 0.24797061290909 0.220024595459732 0.0173928734284406
0.145978897001801 0.192299358655872 0.0280041085838476 0.143254541432165 0.0792459811778442 0.41121711314847
0.217064561435469 0.261920104432367 0.133922952858755 0.151195505864544 0.186334092529276 0.0495627828795903
0.29469353206573 0.183538550821109 0.0981738885918534 0.0644788175180385 0.156722624960361 0.202392586042907
0.21208552537304 0.198002494178093 0.145715409258241 0.201884809922241 0.082359788882054 0.159951972386331
0.0171237551640098 0.179432014836027 0.15761283011261 0.139817743700654 0.267136178324229 0.238877477862471
0.278717229224002 0.0928872325605016 0.182014977451223 0.0589374998855209 0.111567569083516 0.275875491795236
0.326027862155307 0.311464268253949 0.209889921947236 0.0719912978946353 0.0714673262893247 0.00915932345954729
0.301830680332102 0.269487155243082 0.136594428545147 0.0091927107382151 0.08337940744595 0.199515617695504
0.0962664332795185 0.103299400642909 0.376159875926303 0.202501718983286 0.0260274008289211 0.195745170339062
0.0605439690097646 0.240245506299187 0.212835480242739 0.0603553605183872 0.151353951240994 0.274665732688928
0.224613948904158 0.0112696336684152 0.360308888923401 0.0386013738743027 0.32428585367166 0.040920300958063
0.221388552044647 0.20160746430764 0.0336887080352296 0.271042728052495 0.139074165032165 0.133198382527823
0.0644194423616883 0.119357065932244 0.134375344769046 0.34886827290457 0.296458700973559 0.0365211730588927
0.1912368033555 0.00747070734099102 0.254000737342804 0.304159389189518 0.100901088802857 0.14223127396833
0.129494649249315 0.0353892620409573 0.284924543434608 0.0857126959536553 0.440525598748567 0.0239532505728975
0.126595022388809 0.271246509457528 0.0705712268971158 0.120299292443408 0.300047394341525 0.111240554471614
0.371591478009455 0.139397382143881 0.208492276753833 0.143850113582773 0.0242925380504087 0.112376211459649
0.299417347667548 0.21428289372732 0.226154002952358 0.0451016594139606 0.168207519258704 0.0468365769801089
0.277265819330541 0.0247826988600888 0.230811537608688 0.22319850797894 0.0551659780786679 0.188775458143074
0.21461635300493 0.18402691293506 0.0936474525130059 0.0759995613960369 0.137640407003634 0.294069313147332
0.0792223834449429 0.274090036904213 0.101807884862048 0.158744824232237 0.0807007954424155 0.305434075114144
0.299627096128486 0.0238122991340758 0.123610737266702 0.202473682717623 0.188287039821994 0.162189144931119
0.239784070978774 0.090704755431354 0.24652578430981 0.0782154605447389 0.0737986835344015 0.270971245200921
0.0404984749631029 0.230231973085911 0.137358131858385 0.236015837334138 0.122861154963356 0.233034427795106
0.193202679063254 0.228817697386406 0.213366321410204 0.141602713598292 0.123162917995438 0.0998476705464062
0.28026699931322 0.143978208041005 0.282389789381244 0.122495957645806 0.062061088311337 0.108807957307389
0.233253658899518 0.102247925544605 0.0883471878852879 0.161262731682785 0.141564530924602 0.273323965063202
0.253556818084156 0.225265596984389 0.141541620345409 0.00964271728727076 0.0895794971051667 0.280413750193609
0.30144191674094 0.103631017318209 0.213503484482577 0.264264434835416 0.0105532090204919 0.106605937602366
0.0521248849149043 0.0770604522822229 0.0868941469872162 0.000187596919126158 0.665408036029464 0.118324882867067
0.0814301849062018 0.119481065635062 0.116133758158092 0.132645421955983 0.384449718179001 0.16585985116566
0.144092143271854 0.172985230320135 0.158100208019995 0.186078457503907 0.217136635969913 0.121607324914195
0.261186982083471 0.0467969127007059 0.277186559717293 0.0731485994603683 0.306612188794417 0.0350687572437454
0.111397237333618 0.21982732502572 0.0925972821851109 0.186034707342846 0.238611619840957 0.151531828271748
0.0909748168205858 0.263669702421253 0.22984220875296 0.0541616149768072 0.128971790018648 0.232379867009746
0.179121288660617 0.0759612072866313 0.206003177806996 0.194803757930079 0.107536724735778 0.236573843579899
0.114305309455833 0.119780298797704 0.268804598114306 0.207226032189229 0.248741960424278 0.0411418010186497
0.0902672758003734 0.168090934475483 0.264291872343773 0.141122493761324 0.0665223953449249 0.269705028274121
0.241181131835774 0.263920067399742 0.104056416071544 0.142562225413651 0.0749529561581599 0.17332720312113
0.261186821824886 0.160601465176496 0.0133918889919365 0.195275550976249 0.239166460270088 0.130377812760344
0.171371213868933 0.0138409465496866 0.353480909587641 0.120830535209788 0.138639658276414 0.201836736507538
0.0719243248865695 0.14552991277265 0.320160265697933 0.154125231893666 0.295007400848348 0.0132528639008341
0.0383692181238311 0.199745663771063 0.212002512269502 0.363096985862809 0.113236535226737 0.073549084746058
0.214073805606356 0.186687526070927 0.0320150933859924 0.125218280886484 0.202713719335539 0.239291574714701
0.0734036733602328 0.0463718239663772 0.196354705872637 0.122623968843042 0.275723602407132 0.285522225550579
0.022076295613112 0.264717038357816 0.128121100293566 0.178046896651276 0.231444807335814 0.175593861748416
0.175983548803001 0.244939423798602 0.0466112678653551 0.137326757438859 0.108667250108927 0.286471751985256
0.157606626531313 0.150095986072697 0.191870023210322 0.0774072078933272 0.231174126764168 0.191846029528173
0.00476322204358125 0.23290402364745 0.0702601678423932 0.412312075654312 0.163185700748344 0.116574810063919
0.163675283688076 0.00951620250537772 0.113829670120509 0.143731993923802 0.314939084902141 0.254307764860093
0.274577985140664 0.143174662947337 0.145002541794614 0.193896297487323 0.143100575307512 0.10024793732255
0.349929354350412 0.0846243372585639 0.370004900368156 0.0343547801175551 0.097463001626466 0.0636236262788468
0.261619925791827 0.118067670500134 0.109807855893826 0.0970475502913266 0.179525501071167 0.23393149645172
0.219711810014809 0.20545195141802 0.012907133265305 0.259902411652429 0.184767760866182 0.117258932783256
0.129563753012332 0.0528977227443033 0.159283281540809 0.0882300870213701 0.489571119389536 0.0804540362916484
0.198952779452888 0.12186263980078 0.156340159995088 0.0688316109000462 0.143804071293808 0.310208738557389
0.22722999873843 0.0228182907618828 0.161372918380241 0.0921064608196965 0.194830080171009 0.30164225112874
0.286889549782049 0.292898102996211 0.153437726624072 0.152540005368266 0.0901763948566616 0.0240582203727403
0.152780622049277 0.285033556859071 0.0917099377776813 0.162967715072874 0.103059781599591 0.204448386641506
0.272214121761253 0.0536618349120101 0.218557119322244 0.155382327509795 0.210706100003615 0.0894784964910824
0.234705129833718 0.207048622529365 0.217540608594237 0.137219244247711 0.0502094169878091 0.15327697780716
0.0688613960234477 0.197950726754345 0.289225414151557 0.276827309393768 0.0996005830906885 0.0675345705861933
0.201162443320566 0.194728996627632 0.0748803094599028 0.198750376217284 0.152879464426793 0.177598409947823
0.394961425404832 0.00318687758656762 0.00333682752995137 0.372688329934267 0.114030865936757 0.111795673607625
0.151489546942863 0.282446777406369 0.0911226699135013 0.123566727130488 0.296673871555212 0.0547004070515676
0.00477140966505458 0.236136574940486 0.306292530504851 0.253779085221545 0.0460720732269469 0.152948326441116
0.00516004345624912 0.166073338133863 0.0882665054622385 0.235608960539474 0.212652357562424 0.292238794845752
0.211247981591989 0.140627791792534 0.0167234766884156 0.237250825966343 0.156613904257106 0.237536019703613
0.239272155822852 0.358618253924931 0.112922337631768 0.221356574390481 0.0151082905214071 0.05272238770856
0.206389171599605 0.242947533228262 0.256143113074687 0.0287613822246194 0.00980432023622837 0.255954479636599
0.106961943322745 0.0470351919501559 0.13698257820422 0.328475912595913 0.108683831360573 0.271860542566393
0.0628920696249286 0.0817632284452205 0.226640194420782 0.215418236693009 0.0564320588315828 0.356854211984477
0.228217863617021 0.244266876196317 0.0900471363595728 0.109078632652721 0.0270758630792555 0.301313628095112
0.131134440786474 0.149743766014786 0.052910404922092 0.248274708693716 0.193142103464398 0.224794576118534
0.223613808154452 0.246104850766616 0.123256727741847 0.0604804135118373 0.318838210690431 0.0277059891348178
0.170570340667069 0.105134629269481 0.153583895558745 0.223009536010528 0.131240099447645 0.216461499046532
0.0961535286445355 0.31504841795639 0.300957768078603 0.0775893198243989 0.0213721075650941 0.188878857930978
0.127170695423349 0.411978435394311 0.057618950539708 0.112671938428253 0.0448955209339722 0.245664459280407
0.179015214392187 0.122347217874276 0.236782921909684 0.217352806508689 0.130059591027489 0.114442248287675
0.156804683383708 0.0823556408075679 0.167285947097951 0.203440867696806 0.184402735388438 0.205710125625529
0.127900858841894 0.285960991522165 0.0944395880376063 0.145583815623928 0.064785690120971 0.281329055853436
0.12498763625522 0.191636099065193 0.182855737529949 0.162017070265822 0.226530266002409 0.111973190881406
0.0349910752475295 0.181246248726362 0.143402807383734 0.302543404531034 0.193990036930743 0.143826427180597
0.162611724546957 0.0666579115936334 0.163258300636748 0.079010281282197 0.214823828179691 0.313637953760774
0.337220664840511 0.0576024378007603 0.101819905982448 0.190260548378318 0.0476601625895958 0.265436280408367
0.165099705187006 0.00140681493108889 0.249504985415564 0.119428047150511 0.258335274410664 0.206225172905166
0.109037279590234 0.00022799092545615 0.402316939996263 0.137237659123042 0.315439083700418 0.0357410466645868
0.189941630675083 0.245471877409607 0.100617106152833 0.12144717211534 0.00453282078470383 0.337989392862433
0.196928919959485 0.198575895611956 0.0380234549895926 0.312998039961108 0.191062838091152 0.0624108513867062
0.154867577328982 0.295647346855597 0.303113412936672 0.0317353770851885 0.212623883216748 0.00201240257681182
0.158795859548592 0.19374521284162 0.201269522426176 0.210035389364674 0.187293352347908 0.0488606634710299
0.118835184839959 0.347052434405741 0.210896989154475 0.169198242426208 0.0205212909583746 0.133495858215243
0.107975982910525 0.260981701012584 0.165334211806049 0.299391038733962 0.160211109872165 0.00610595566471621
0.0236543093340394 0.189810159476307 0.252385550030691 0.0806457459672603 0.237860145695161 0.215644089496541
0.00217663141263464 0.0191108279917331 0.369080407732666 0.112969180834003 0.252106436948238 0.244556515080725
0.0682358211059689 0.148599870763343 0.382959884180474 0.0325494724451481 0.294319873001613 0.0733350785034525
0.224734534945852 0.0153024972906549 0.266371946568224 0.178360142760672 0.0611568867822968 0.2540739916523
0.279380856215564 0.0872863318428583 0.125191034743451 0.301792479842374 0.167424796535529 0.0389245008202224
0.151077096408071 0.111404816689464 0.204582141373087 0.171356638815735 0.134242472260661 0.227336834452981
0.220664972774784 0.119283846323089 0.238084093492706 0.21551896636808 0.0779200059164449 0.128528115124896
0.0746699139448296 0.0308747786031465 0.166250502785356 0.34760419195438 0.104302771522074 0.276297841190214
0.0416519071507956 0.0248139586783774 0.203336424315546 0.202892529120437 0.239624675033374 0.287680505701469
0.344982763530563 0.187390064482407 0.0306583186514686 0.0317984395490274 0.126179157986896 0.278991255799638
0.0409851032520726 0.0916352578128923 0.332407909184496 0.0626688809503499 0.26686558911348 0.205437259686709
0.18080909336095 0.230949172624845 0.129010995579998 0.145309634055633 0.147097840429798 0.166823263948777
0.0086287399390724 0.0219735882263892 0.514542163090999 0.33476249597363 0.0177521680822235 0.102340844687686
0.150402617152288 0.127998413580976 0.271907957800897 0.0145449548947398 0.25031889749208 0.18482715907902
0.304081216972961 0.29448448289786 0.0420528066273207 0.027056234564659 0.261110398484463 0.0712148604527359
0.210260847093071 0.402644650364676 0.210020287555782 0.0250725380949231 0.0657181706371388 0.0862835062544101
0.0465906975274061 0.0111557401523894 0.24886262760432 0.183833878890148 0.312995155289479 0.196561900536257
0.239042552025127 0.216597591984343 0.123201611533352 0.0734069419780287 0.232637374720188 0.115113927758961
0.0248199186681562 0.243293888386812 0.0200215388984805 0.257819668547526 0.166060294090445 0.28798469140858
0.129279619183959 0.106199612187702 0.0777730765639271 0.301417848175482 0.0810006109912267 0.304329232897703
0.156133812020347 0.237266010596116 0.136299593164705 0.159752127789733 0.109919316901995 0.200629139527104
0.0299118423984334 0.318018273357774 0.115938166053511 0.220864777783941 0.282977978106172 0.0322889623001684
0.235653023744456 0.211449548917105 0.0997646615543971 0.0884626528921471 0.17730533193619 0.187364780955704
0.255058156856988 0.128587124173208 0.0792604493375174 0.00922893020595751 0.256127721755325 0.271737617671004
0.0917518154784005 0.14765168091768 0.0862232216200566 0.177549544065073 0.184261856630071 0.31256188128872
0.166631465319402 0.141643336297261 0.285367760784802 0.136079478292234 0.139888864655213 0.130389094651088
0.472480427872057 0.246092744996408 0.0277835136539605 0.0132770897988957 0.0964492069895206 0.143917016689159
0.00215802405098772 0.0368180217203917 0.331678146977469 0.255587293291881 0.287306082995626 0.0864524309636459
0.0488709283108228 0.347630748708007 0.148018405355527 0.147118662962743 0.0236619757081413 0.284699278954758
0.342861738359894 0.057253839124038 0.359631690651968 0.0109542146716802 0.14356174101741 0.0857367761750104
0.221795985196666 0.222815529073293 0.0446181360590691 0.223175452793194 0.224521063853919 0.0630738330238588
0.254304430545533 0.0570569600368728 0.130938340499083 0.29682349626516 0.119510641349015 0.141366131304335
0.10256244367616 0.140674397926938 0.192862419001608 0.121795473597867 0.196685911256572 0.245419354540856
0.0857211476728455 0.288753321142569 0.175464890060946 0.077985006170813 0.0699598475338063 0.302115787419019
0.15723495625078 0.159569575709923 0.292835473790617 0.198862478594595 0.0975983323706359 0.0938991832834483
0.200550577103691 0.209346406015033 0.182427325934153 0.274428629080044 0.0109344923611408 0.122312569505938
0.189966500914036 0.156575800980728 0.0064760566719378 0.182223035575494 0.231982950027056 0.232775655830749
0.00987914813855471 0.103486975401491 0.141351029932756 0.356784010424354 0.237491390148265 0.151007445954578
0.151239526141474 0.0360977203034831 0.197077494354984 0.167222565704258 0.220500131915808 0.227862561579993
0.100256512210855 0.257207049528813 0.217282490955386 0.277969389713926 0.14195934514338 0.00532521244764102
0.14690551686765 0.292334679570202 0.113197026177511 0.185676056736034 0.0854768343218087 0.176409886326794
0.1888524055598 0.173509244419591 0.0772893789405164 0.188344862075935 0.161467032168582 0.210537076835576
0.154674241842708 0.189063222710392 0.27887267898049 0.0668955262119277 0.100339569382759 0.210154760871723
0.288709202916695 0.0427185980290046 0.213640038592122 0.283856064619845 0.158564272721678 0.0125118231206553
0.0895515206190765 0.196407862031785 0.189798953946527 0.199993057499929 0.252193691286954 0.072054914615729
0.0738093176922026 0.21105491160675 0.245524724646345 0.197303732741335 0.0445766361052698 0.227730677208097
0.295116878615301 0.021763559117346 0.147056491172069 0.161434499811689 0.211770480235299 0.162858091048296
0.0132182364264392 0.323717170621407 0.173214332191706 0.0333759576525725 0.0961440544385726 0.360330248669303
0.192433855397353 0.155165171418186 0.212402538240728 0.205158329332686 0.187370040400638 0.0474700652104101
0.312644636263589 0.0116591191483693 0.00335193990024142 0.319772605992563 0.0588942610428194 0.293677437652419
0.0326716474595172 0.227107857042551 0.15705264597363 0.234730742751803 0.252874692684991 0.0955624140875066
0.211002720464488 0.210355952124943 0.189997102134585 0.120642390610674 0.0446002212077041 0.223401613457605
0.300015627495494 0.141629755887011 0.0426549451225667 0.190888089937059 0.0872167066024215 0.237594874955448
0.182243908392233 0.205121274837277 0.253709724562254 0.0681082934353487 0.021213554394342 0.269603244378546
0.184850614381826 0.164982103923967 0.0678677356465165 0.151112558224561 0.145447460728525 0.285739527094604
0.379824695632463 0.0890332931629253 0.0260105220016278 0.348166247818379 0.00624666372414867 0.150718577660456
0.187937916619875 0.056864907397016 0.235618777721536 0.204263470975974 0.115783181771997 0.199531745513602
0.196064589640764 0.283754061656074 0.318463930820429 0.103799383750364 0.0406978714219016 0.0572201627104669
0.142903920927486 0.190124008373528 0.24371653012855 0.229048318599504 0.17142329948005 0.0227839224908836
0.0581229874790031 0.0209507703191326 0.14589321240377 0.295262211362262 0.255301599931939 0.224469218503893
0.210280518708921 0.104048028722479 0.115702617302569 0.175290937858783 0.215598596483897 0.179079300923352
0.207817843955531 0.108387921995597 0.166568738786574 0.189934740956588 0.28602279693496 0.0412679573707502
0.161337533319138 0.0411723438897668 0.0385408567747057 0.23280345191962 0.249592217426465 0.276553596670304
0.131544391414643 0.224932210582566 0.0756423126654612 0.170754704180132 0.346472923291276 0.0506534578659217
0.268439043261947 0.116796835806473 0.0538322630482311 0.168975699199727 0.0121515592109688 0.379804599472654
0.0228684502804395 0.098316468832745 0.252104961576653 0.0852557350089362 0.199438622584302 0.342015761716924
0.0570657887674353 0.216728123559458 0.0634604800220138 0.242059325442346 0.245024958950611 0.175661323258135
0.260294682308507 0.285366687576746 0.0800652666787697 0.171147101008917 0.192959630877809 0.0101666315492523
0.294615333016458 0.117023607763753 0.0660818347863968 0.232166278259755 0.056632965564614 0.233479980609023
0.022706347804032 0.187273128895411 0.241819922836147 0.177719153614224 0.124542284903229 0.245939161946957
0.336646026069147 0.139987233001419 0.165960369779531 0.153381013299035 0.185731014621848 0.0182943432290201
0.0909683682955684 0.16959768714396 0.173857002060784 0.0341303004426017 0.316316753583775 0.215129888473311
0.116357737171129 0.206053245273577 0.207753463214981 0.0444912795861236 0.188741026171402 0.236603248582786
0.310125984782931 0.037655754020228 0.0111229253477712 0.319305177961814 0.240290605600498 0.0814995522867573
0.287371056375758 0.0123989775519518 0.0422672499443514 0.104100171355949 0.315855090272415 0.238007454499575
0.257288038694905 0.203510826635316 0.0349333068869121 0.0463227187718225 0.22058993441319 0.237355174597855
0.107352141582594 0.0423335060658467 0.376233885905017 0.121555950230606 0.166151646147028 0.186372870068908
0.100798120306115 0.164482136300163 0.146340810771279 0.22090770591342 0.0337218157646043 0.333749410944419
0.0338631518791773 0.278423815438523 0.0744033291172403 0.188691892423584 0.342841779572161 0.0817760315693145
0.270392484766793 0.106762311977838 0.0891170184603717 0.205895546664271 0.117433799906253 0.210398838224474
0.250359297996545 0.329697351582761 0.100348421095001 0.120453503140104 0.165854125528969 0.0332873006566205
0.213648895517687 0.262958724001722 0.131452011961407 0.274543716454391 0.0161083176006406 0.101288334464152
0.234246719622592 0.179172555775915 0.171735935092744 0.190229267606747 0.00732111546254325 0.217294406439458
0.217721787145756 0.0770424990224686 0.155291760782398 0.152207755216911 0.123498747370607 0.27423745046186
0.185049149350974 0.135038879921011 0.103895795209294 0.249165023430848 0.227824674642418 0.0990264774454561
0.384537755277052 0.0846860567000567 0.00499514012785245 0.136893838658992 0.328643496324265 0.0602437129117811
0.262941718877637 0.0625087357257277 0.116294886351595 0.110758623983902 0.0328550504055918 0.414640984655547
0.0137681620862384 0.151555946034755 0.28038085381152 0.304311065387365 0.0723652866084313 0.17761868607169
0.222015392599354 0.0548778327073358 0.35067873826141 0.0082229242635452 0.205427574073556 0.158777538094799
0.0757521150798027 0.010806112462367 0.273130690261352 0.250330481282729 0.100529960294599 0.289450640619151
