0.0911707699274246 0.300238560509569 0.0755341289654174 0.0310297448151038 0.133839190106658 0.309993004584895 0.0576925015279145 0.000502099563017731
0.0557717042668311 0.129837346409225 0.125196403505673 0.0408941962703071 0.183848306045451 0.160848292723675 0.0758066457065646 0.227797105072273
0.0309729886921791 0.0462766060830986 0.0897791186206786 0.0656903041412482 0.278180282501761 0.199641801984278 0.272497607923706 0.0169612900530502
0.136118553896783 0.156217106459157 0.0721802334893541 0.181149644801658 0.19554682552259 0.16906621262511 0.0699460770735558 0.0197753461317925
0.0841808744481593 0.0944281070690248 0.131525485372787 0.214412850207889 0.151632687699011 0.237022390581842 0.0267434658334813 0.0600541387878051
0.183363227239092 0.151897078341484 0.0429888333298452 0.180715004044863 0.132318937483651 0.164734547574208 0.123330078022181 0.020652293964676
0.171334404306217 0.0897811293549372 0.196403089370093 0.048266026639799 0.119961723454837 0.114883810136836 0.11515111485505 0.14421870188223
0.14464237679133 0.126866272557598 0.176153762076994 0.171444791893794 0.140475708786276 0.0616343134322967 0.0111190539623625 0.167663720499349
0.133565025005671 0.161660682063447 0.138552437962536 0.0875459128167628 0.208526990278708 0.0784277472403781 0.0613474515538546 0.130373753078642
0.106923974429352 0.122877888599779 0.101171153674318 0.0763323375373283 0.107892411706051 0.184578340462643 0.105001476015876 0.195222417574654
0.197141878092141 0.23685956295927 0.061463960416568 0.0851430904887659 0.108679395256837 0.149195960928364 0.047890673005853 0.113625478852202
0.104824438830592 0.208596213191486 0.0825861272953424 0.0652634112932851 0.105537404139848 0.133615273921283 0.187801951015627 0.111775180312537
0.202314764841901 0.291123904698517 0.0756820067748359 0.102108338508738 0.0286705743190771 0.00218554587894495 0.135323992509365 0.162590872468622
0.0844709154545701 0.304507696023405 0.00238271923808709 0.186590882308807 0.0717760915819985 0.123676425619188 0.142147469588367 0.0844478001855773
0.0999155210069192 0.104130059788385 0.189514086403366 0.112650377487399 0.154399993587321 0.0804746849764924 0.0603239742914048 0.198591302458713
0.064504995459292 3.57536201394729e-05 0.276930559218841 0.0270126024384115 0.0924950778265977 0.0413632277915751 0.187896387618097 0.309761396027046
0.183719195168556 0.124528351345519 0.120707128521494 0.10164896649664 0.0362393995525714 0.193047409154037 0.073917042889417 0.166192506871764
0.142720282231045 0.0415642665232233 0.0828479205885177 0.170313284096147 0.085676640599595 0.114597208711447 0.170300504502503 0.191979892747521
0.146843219486463 0.0846536219147623 0.166691699704824 0.0154579278874298 0.190113440307964 0.203816323856279 0.00900834243026674 0.183415424412011
0.0661182869860653 0.356926701801916 0.232951526791459 0.0476357491278799 0.0157727248592154 0.0511084474883848 0.0207980540664399 0.20868850887864
0.030035206751322 0.240367976628506 0.207516299832289 0.08442268121529 0.101252356847235 0.159674811724507 0.0389382396216598 0.137792427379191
0.194106722518625 0.109014575108688 0.00761559168929269 0.217611004667544 0.159636329041323 0.159650119148597 0.116895233883264 0.035470423942666
0.0231970096277797 0.0300715792837445 0.040291324682184 0.30303065784272 0.117554917643634 0.202729995582202 0.128647928155779 0.154476587181957
0.199058501899853 0.117522165623047 0.0895291510096912 0.160425038531882 0.0722689330021022 0.190096037085384 0.0738244716312139 0.0972757012168267
0.135866833436815 0.0904543099404416 0.168614515530091 0.259187011956148 0.0260239107189229 0.030084218434069 0.145281612496508 0.144487587487005
0.0837100286974489 0.144244255641527 0.16806341881309 0.188261056382734 0.0972964978722603 0.16857954473736 0.0173247307342233 0.132520467121356
0.103465122314482 0.140800960469374 0.151412842399921 0.260712881714976 0.111002832494515 0.0166443136396098 0.163307551587827 0.0526534953792947
0.188768181713158 0.178980626303215 0.0978079512294649 0.143304386396593 0.168378845988359 0.0729256332128061 0.0190020239956053 0.130832351160799
0.0382971340834119 0.169022093026915 0.164684946249669 0.124038046108411 0.141741168765154 0.205750946450213 0.132415027349956 0.0240506379662702
0.127629913731101 0.151407700526297 0.131235974497291 0.205424750702213 0.10921839075559 0.190161501784333 0.00761659709231205 0.0773051709108632
0.158772830180709 0.0586648333351574 0.143493842436395 0.0870577949595697 0.0593403548182874 0.125300460559296 0.211491243415812 0.155878640294773
0.131749104701501 0.102513111535053 0.137946644194048 0.117040306866359 0.146638043247728 0.127187833585764 0.0922875291473632 0.144637426722185
0.266045429708339 0.204907523630212 0.117039554583051 0.0770741711786828 0.101044840244382 0.0902582257647341 0.0993562753529383 0.0442739795376609
0.0244779461114813 0.0773613751085361 0.0632182492768823 0.224835417751743 0.0270033589562887 0.189940198931903 0.255273138137668 0.137890315725497
0.0984179241363331 0.105731951339433 0.117387379217461 0.0317703340604948 0.215541070534009 0.0604861677405651 0.0457497810083247 0.32491539196338
0.0375073487885287 0.204872569933595 0.117331015008064 0.0852138145164087 0.0205639300176671 0.122390417812041 0.199540117249274 0.212580786674422
0.00454656979817271 0.301347658810959 0.20586794034121 0.165736721647817 0.004650039457345 0.0194473950151715 0.14070881646515 0.157694858464175
0.0225116264156168 0.254002570167248 0.120756223047003 0.0936764395117888 0.0478790548547668 0.141445398060057 0.236545518422452 0.0831831695210678
0.143165485224522 0.111737675072913 0.0954545300473248 0.0935822282959817 0.161012709976618 0.153869800710265 0.11956372710282 0.121613843569554
0.0738658404206754 0.235138692782437 0.0983773813057184 0.202011413853387 0.0200163371871896 0.148760285232812 0.220037853454426 0.00179219576335488
0.0965127733522353 0.198842888931566 0.156866540110268 0.0791294901946473 0.118798627173312 0.0891469174048549 0.0124283988283651 0.248274364004752
0.134495228343644 0.149092936561066 0.0140328921775166 0.118022656345633 0.15682781173133 0.16111492047583 0.197201854126453 0.0692117002385287
0.132532679883277 0.158182090567069 0.228657229348696 0.0355211650235809 0.188709432027645 0.0215695884168619 0.0904641766337831 0.144363638099087
0.0781616077850096 0.1249004541223 0.0871053380896088 0.16169779019166 0.141420637774337 0.117866975524511 0.129549635967505 0.159297560545068
0.186965096349473 0.144788312360845 0.163318690191778 0.14482375203573 0.116390291910946 0.0770256061757643 0.135650668017133 0.0310375829583308
0.0900422923409774 0.15539649734325 0.128996983608423 0.080335614530766 0.0716658461325789 0.151844522182759 0.154967909987089 0.166750333874158
0.24452611042247 0.169442585163948 0.068071036470763 0.0612751462410075 0.146446544010607 0.216382418910176 0.0395267987604386 0.0543293600205899
0.0540649891065573 0.0175131379514303 0.247033352659273 0.0737692122698484 0.150927364483614 0.0874135359483227 0.256145449558016 0.113132958022937
0.135598282958046 0.0933428044277459 0.192713320803591 0.198200324011412 0.149788998942741 0.107234994456362 0.0104934965265372 0.112627777873565
0.111365153793716 0.0361867135489854 0.34140613619439 0.093955978129069 0.177525980876584 0.0871435471650167 0.0624707161805929 0.089945774111645
0.177798760885791 0.0217442592010587 0.0440167053874061 0.231340151473419 0.164452152322641 0.0395759657454507 0.17429202903486 0.146779975949373
0.131490436821292 0.160368384214706 0.139703974295438 0.153609948529376 0.0517119955471565 0.161050868690299 0.094446964230437 0.107617427671296
0.151918954486673 0.214279076178216 0.142193961864344 0.0570976345782225 0.219737044486465 0.133685759040675 0.0253206545968353 0.0557669147685688
0.0559958017046466 0.150747696329729 0.0829092452042977 0.245019164788181 0.0447449314195405 0.107200882234606 0.214724515205811 0.0986577631131886
0.0764937932892761 0.0246524898987286 0.15245448891046 0.0386617284942105 0.111584745188074 0.179247128735586 0.223494600231045 0.19341102525262
0.0330941235055483 0.138059392737706 0.216711654013488 0.225621838255705 0.12387776063456 0.0341383607392426 0.194138277123143 0.0343585929906079
0.0779276822613249 0.133129398101673 0.0569522812947544 0.186841391396423 0.167712763472459 0.227755472124265 0.0536520631953784 0.0960289481537215
0.158832213957474 0.178088099120091 0.102843644375973 0.0697809770332916 0.0109033928048066 0.173871010248212 0.204615732352806 0.101064930107347
0.152581091186245 0.0155074176523776 0.289859121718092 0.243237178200362 0.0909061958877163 0.0163432183440006 0.0933331212931722 0.0982326557180338
0.0672391300052933 0.280395206463896 0.142367547070132 0.0752267137408115 0.0363765110225363 0.0692934141544683 0.0766317221427239 0.252469755400139
0.118087828977555 0.1540973852975 0.0772186033812378 0.0481296706194095 0.189100030273353 0.154745429478303 0.176934520178304 0.081686531794338
0.172416631248455 0.0696737424081637 0.0760198844790032 0.169551635936269 0.109645310843635 0.072270240823506 0.15348870005277 0.176933854208198
0.163209036024922 0.131560297239912 0.079995729424208 0.0906421093562213 0.080119692277414 0.1391542133532 0.1504742511094 0.164844671214723
0.198789543705537 0.0441856767845412 0.200734513474359 0.271073051351877 0.00304431172362485 0.0698398376762207 0.167424816278074 0.0449082490057664
0.17412153757826 0.132577882669667 0.0226845105722888 0.154604945711285 0.112125022873902 0.0931871268001841 0.116873157796298 0.193825815998114
0.00233228669700531 0.129310031378465 0.305025940589362 0.176572871473362 0.133041136613162 0.137213024261887 0.0442335963274633 0.0722711126592933
0.197948897686866 0.195967274314759 0.168722390357407 0.12708558978171 0.0138319731665727 0.090701309154664 0.104575737811286 0.101166827726735
0.142781073132496 0.166229431109266 0.160556501158967 0.132476789639047 0.0847672061107077 0.190338180144163 0.0382616413382029 0.0845891773671507
0.0614294398668186 0.22858967486043 0.0400638519390752 0.233815208594152 0.176218191400807 0.0941332907017268 0.0551071429705954 0.110643199666396
0.175630962576593 0.212700790942255 0.112638751792574 0.0587427960982138 0.178710648885083 0.0391614568055807 0.190746579658746 0.0316680132409554
0.112928713870588 0.12355074618639 0.0647099059038347 0.0706117370472148 0.247047774236077 0.157619953635354 0.0159820191090741 0.207549150011468
0.0377317288459158 0.0182362045802816 0.283226893567076 0.0795873527750228 0.225097287504815 0.164260948669056 0.0282185712680281 0.163641012789805
0.0183584763118201 0.292607035984127 0.109317470087282 0.0156102896340938 0.160165395012597 0.042247886287068 0.080606761852664 0.281086684830348
0.224492610398011 0.0217628906721541 0.157996107624701 0.0521424544333847 0.120503138999998 0.154224529848537 0.176587230402468 0.092291037620746
0.0744757014529086 0.128079937736586 0.113334872408453 0.139333693920085 0.128830482767595 0.0924204715513735 0.16279013617145 0.160734703991549
0.0241670666473352 0.150073920368438 0.215895960089414 0.136472565844748 0.0692260808533843 0.158804302915839 0.22219103761351 0.0231690656673319
0.0924548532775969 0.093944055464907 0.172518262718997 0.10589849333404 0.248273238059194 0.0507531628884007 0.0241597427900434 0.211998191466821
0.129808254523373 0.207740126034697 0.159785023918987 0.219894325760675 0.00381260728772076 0.0539311020254976 0.0336422679682094 0.19138629248084
0.163055267746214 0.192616346022656 0.175819890535857 0.0720197061837372 0.00392945965004581 0.0813378579517895 0.188484421470771 0.12273705043893
0.196652561071384 0.261609882136593 0.113690251397058 0.123029150760231 0.0383298137430351 0.085843494081718 0.124870701299163 0.0559741455108172
0.0780592327665554 0.132257160522721 0.187535029692748 0.192008475209635 0.189596408308379 0.121215203837648 0.0652922470975116 0.0340362425648016
0.223140366336469 0.019647170956117 0.0279735152059367 0.23869699866761 0.217434442607793 0.071662415892451 0.0577901529610495 0.143654937372574
0.184204792192391 0.270855097312236 0.133340187451374 0.0264001478715228 0.118765830001466 0.0997636075819664 0.0805296293069959 0.0861407082820486
0.15698441413485 0.130386969980646 0.140787615602101 0.124460305286217 0.106858103988837 0.131206799468685 0.0522855903071294 0.157030201231534
0.00891115544354856 0.00727823893364795 0.248179789353343 0.185012125631853 0.131265337196562 0.0198683231987433 0.245006170944517 0.154478859297785
0.161395404579493 0.166374983556463 0.206951097831839 0.135253376489127 0.146691965083039 0.0982100234279675 0.00650095535431943 0.0786221936777513
0.178896145227468 0.0985305895201539 0.0648142929492673 0.157931846299018 0.0912716857846236 0.0770300590191384 0.191329226334188 0.140196154866142
0.0926699300241872 0.15164222586958 0.166992937224198 0.154692190237824 0.0759723865856378 0.139018576933144 0.166214888078917 0.052796865046512
0.208934846590037 0.229124933487102 0.119003649016071 0.0735427196812661 0.0248970861188146 0.161744652705357 0.0853371976973101 0.0974149147040433
0.173997909313712 0.0359147682099863 0.096863791053413 0.0323791355732993 0.152136710905388 0.124347784835676 0.208402006570531 0.175957893537994
0.098571476101431 0.118022979608908 0.136919327735163 0.118685659857628 0.167828705478047 0.0756254706022894 0.149745482671949 0.134600897944584
0.0204604059248274 0.135045822231342 0.0720227133391783 0.242574891601709 0.0686356778387729 0.156976785051119 0.103551902085835 0.200731801927217
0.12900338960479 0.0466332268723148 0.159259268094376 0.119957541539844 0.160319687161527 0.137550307631939 0.18097207270494 0.0663045063902697
0.111083567349371 0.019937606768236 0.174797342612689 0.126330193955403 0.167401857993928 0.108822524712802 0.152707614403372 0.138919292204198
0.10167325900734 0.0692682659068199 0.0548659376437097 0.0698503070653911 0.137038920389523 0.215437083062737 0.25411446637746 0.0977517605470195
0.19205646528295 0.0721194733905746 0.146103937120075 0.0900878392303538 0.0846678591800585 0.18913484611497 0.158710274447774 0.0671193052332444
0.158455707995827 0.264614099468692 0.0184390577884036 0.00506616701821087 0.136540579851188 0.112670494188177 0.254307140014749 0.0499067536747527
0.140282409562787 0.283781273538542 0.0364400358030119 0.0931197479907264 0.0334455762859152 0.0429726686621138 0.166320082847024 0.20363820530988
0.0103119483389552 0.105319999104325 0.0586142747417595 0.349899847457604 0.0564078328205967 0.322409254777038 0.0659322724261364 0.0311045703335845
0.119251629257842 0.0409696773891942 0.18799932125968 0.209740661707407 0.178919213662365 0.117295322302178 0.114822609168439 0.0310015652528946
0.0281583968727741 0.0233412220412039 0.0672898984917459 0.0740044223680249 0.177290807253765 0.194990682309437 0.18145383146182 0.253470739201229
0.102655381752 0.211986038487054 0.208209501470085 0.0773519815903441 0.0380596383759872 0.156457756252604 0.111761239705202 0.0935184623667233
0.00870695203314019 0.176828110721324 0.131744208409937 0.17204785198354 0.147541657998307 0.119652677055971 0.141308444772274 0.102170097025508
0.0983354218751553 0.0147306404784819 0.0668280725241403 0.0800446797131874 0.287154198137681 0.0852473212380794 0.0506271053269869 0.317032560706288
0.0993412429567735 0.0776663908592789 0.103128758219905 0.146088014286902 0.140129902307499 0.175552694200312 0.174545183227592 0.0835478139417386
0.113019989292392 0.183177433331182 0.188140795598849 0.0346743330247658 0.0532817045517799 0.149887004904848 0.203328290082106 0.0744904492140772
0.143689534336951 0.22517142224824 0.0946358701361691 0.023740007059526 0.0343084775206242 0.184598422656829 0.181831812473202 0.112024453568459
0.122473897736748 0.183805960036368 0.180124978684737 0.248334382976576 0.189185508357438 0.0010805810351249 0.0307798571447827 0.0442148340282257
0.0396687794799355 0.0892595621331829 0.0930881253629722 0.215010842976931 0.0324247109766342 0.21111609772392 0.155229304817994 0.16420257652843
0.0375152776476493 0.19810247292539 0.09301557206158 0.143093277541573 0.0867122608633965 0.225543748716315 0.200479945404686 0.0155374448394102
0.138722168420817 0.0712814869801316 0.126250500772719 0.00969230323756908 0.0355701546578846 0.216602518606297 0.269266222166513 0.13261464515807
0.161632350786808 0.219685948780354 0.0882438760317045 0.103539746961365 0.153963841818964 0.0443544329022301 0.0924365355700675 0.136143267148508
0.0424443607074444 0.160424429369812 0.236258497897659 0.000535904177973418 0.109386743615507 0.151147011239547 0.219298356210036 0.0805046967820215
0.114179323764573 0.0840584313695173 0.211413424467426 0.160122034790047 0.152909376073616 0.0405321244783143 0.025053516988051 0.211731768068456
0.30230621792144 0.164544404703087 0.0969300487839155 0.0703896300231862 0.0163021931419233 0.115776530753438 0.0553956142797834 0.178355360393227
0.188958170227371 0.0707840430068424 0.0588206213763858 0.197851077528733 0.2658554713103 0.0318464501283928 0.0825363829871168 0.103347783434859
0.121714506555786 0.147739098450587 0.0334497237103818 0.12549735290105 0.133277740001407 0.124819332740669 0.154562814575743 0.158939431064377
0.185741395942497 0.0281546725874706 0.122706218216988 0.00416814611766803 0.1046330037727 0.187509554939254 0.221739810183584 0.145347198239838
0.0918579680432794 0.16890804109132 0.0747925724164273 0.265146592664251 0.0255092345572497 0.218099604280748 0.0677196817805402 0.087966305166184
0.0703866997969093 0.178096910563349 0.182999216371185 0.0438721509745278 0.148593200445597 0.125032304973903 0.0944412775431135 0.156578239331415
0.158946020059828 0.0310124925275042 0.148816115656264 0.208746352618201 0.110924864432401 0.0868297396610886 0.123099145893909 0.131625269150804
0.080967034862167 0.190831755406541 0.148690468342418 0.0478389831438524 0.104077857498904 0.127655036498937 0.13244437008854 0.167494494158641
0.0353239276363617 0.199956010839035 0.103361254081596 0.106122094101725 0.186076172057442 0.146897658896888 0.139843866239273 0.0824190161476798
0.0849653203849315 0.119810651277558 0.185329831899499 0.131248945827067 0.196578942011737 0.109671364907089 0.0663623112093974 0.106032632482721
0.138740191240364 0.154540945233636 0.196766282810181 0.102982852699444 0.0832294667931808 0.175759204816531 0.109943830565313 0.0380372258413511
0.200220718755228 0.130423421281313 0.0826082170106506 0.192430204741168 0.157834920078576 0.165606444041535 0.0103985567612575 0.0604775173302738
0.218859813393886 0.0528292055674085 0.211758112731088 0.111600541943679 0.00801548593231338 0.0551300409359821 0.295105135407229 0.0467016640884145
0.0758828255577754 0.1061615389638 0.202127447525379 0.0824837569439361 0.169771586551376 0.156480811469341 0.145875909600569 0.0612161233878228
0.182632173257015 0.0993177327512027 0.175233014631866 0.139367572737328 0.104564578266307 0.165638246952187 0.0369227183421969 0.0963239630618975
0.150469354788585 0.142812335577542 0.159636334381733 0.0602467998852313 0.199657484535665 0.017619588582441 0.240694182224085 0.0288639200247185
0.0639389736459492 0.237841903518099 0.279166380719515 0.132497215034906 0.101049148155743 0.032189933131256 0.105984331965898 0.0473321138286334
0.260394504135287 0.103369708681546 0.199401594078936 0.00527219754807243 0.186424814834079 0.00701056785577596 0.166857301597074 0.0712693112692294
0.198601598501319 0.0559626714439484 0.0965118660293784 0.0195884549806325 0.113482827300325 0.190042398795369 0.132906742969761 0.192903439979266
0.239709045859787 0.10284024081797 0.0823929262756701 0.158415096021251 0.128262203771691 0.130447229217474 0.0622590828551928 0.0956741751809636
0.0221954215997716 0.111729581704006 0.143255768902466 0.0630879710779138 0.223871408242715 0.134021696419493 0.0866223522977524 0.215215799755882
0.196282151603825 0.0315144988821301 0.0340326284395819 0.222882649905535 0.075741993680104 0.123898944469063 0.225510122574218 0.0901370104455424
0.0557834067894678 0.219982793979076 0.128226954782757 0.00364974594163859 0.193406307755037 0.053704248714744 0.184551685717414 0.160694856319866
0.0967871620480823 0.0578118563339511 0.21763254565543 0.150721854962868 0.134545980269609 0.108802162491137 0.218727760189106 0.0149706780498166
0.0995930627109571 0.241760386400145 0.279278467401736 0.259750799657851 0.0052328299267899 0.10368703321222 0.00150276575312584 0.00919465493717466
0.0281881310975091 0.0418629909585036 0.0330373783825776 0.253960069756948 0.0299756452939337 0.181777875899786 0.209703879420521 0.221494029190221
0.0336736256658518 0.0255915509503715 0.146127824999218 0.238813169917341 0.105325615614735 0.371245099209217 0.0325340840288276 0.0466890296144376
0.0580352711980135 0.0356569090629104 0.0609051816362775 0.200781379162465 0.253960997505501 0.203730503389489 0.0594444483168738 0.12748530972847
0.304055747323572 0.270727790766932 0.00187482190924284 0.121925571755162 0.0216048951103156 0.135674906306066 0.125954614283956 0.0181816525447533
0.0190270371101178 0.17965407050754 0.11296348316325 0.191981043097469 0.155920413025957 0.00853696529620265 0.153982450569188 0.177934537230276
0.216369142140096 0.115415585956977 0.163693466556177 0.0260704000701266 0.00361239178252684 0.315541767243261 0.0575142048568049 0.101783041394032
0.244378533502598 0.0222037004297608 0.0195837357609985 0.181626205434883 0.113390955542439 0.0143457018081075 0.149091530545969 0.255379636975243
0.223889070592774 0.0936950060438055 0.043898101122975 0.0957870583512788 0.110621437154472 0.185766062560131 0.207672469875048 0.0386707942995153
0.186956530571539 0.205290819029881 0.0833385498815205 0.167640025400344 0.157876597902503 0.0108023830434508 0.0463948569571665 0.141700237213595
0.126816000968486 0.201027083518073 0.0309169620783623 0.113596163429945 0.0218113926369365 0.177636144241792 0.18283846221371 0.145357790912695
0.221451088907409 0.153456658579216 0.0205829978816746 0.144897312339225 0.0693575586431198 0.280982645472218 0.0486393754593477 0.0606323627177896
0.244543296484171 0.0380443846330064 0.226349320165913 0.0283896790758098 0.16947119796731 0.0316399192469953 0.181106227357396 0.0804559750693997
0.0788641708827672 0.132181859041952 0.132508753227107 0.222003212013854 0.230737584909754 0.0320273958820763 0.00868456865821953 0.162992455384271
0.205217633455691 0.0583947081038421 0.171273586966292 0.191278146664792 0.0731980283710757 0.0655127615811887 0.0462521683681286 0.18887296648899
0.132095493394294 0.193186029092841 0.0297593675266406 0.152677338294784 0.168536637152224 0.124990949290936 0.196804235067254 0.00194995018102617
0.0494491060815956 0.12417423634954 0.182818063154932 0.0378532546879546 0.0288759066270494 0.193044908750071 0.136536246370376 0.247248277978482
0.1771522901954 0.0969647682360932 0.0225038161989492 0.109921440821351 0.161879858753911 0.160637535393147 0.11919234876598 0.151747941635169
0.109249603578161 0.228805769018243 0.0733774180936642 0.0143205596340825 0.0332399583334446 0.145043764834364 0.191318013794724 0.204644912713317
0.0659593995388234 0.0826430391889355 0.182045388861962 0.136355920089395 0.160306402945192 0.157721186076663 0.0747917298989089 0.14017693340012
0.187452580432241 0.0645992485410131 0.323386797395826 0.282221335050097 0.0199723153881044 0.076955505161204 0.0155585430891747 0.0298536749423389
0.0311489910203098 0.124911794959124 0.329503894481257 0.0803668439334533 0.0202440132592433 0.0180503446745117 0.292692767432099 0.103081350240001
0.174435399036767 0.132977162484333 0.123322804908364 0.142271788376151 0.101524243517914 0.153511366663487 0.0111454380285185 0.160811796984465
0.164849432199429 0.15574613345534 0.179037535545852 0.0177047106756916 0.031748633724605 0.171705347870292 0.194317828048956 0.0848903784798342
0.197625904661292 0.00410284380442444 0.112075445303634 0.150476056520382 0.146780707839742 0.13703395671235 0.0495231804200054 0.20238190473817
0.0999739713035864 0.14779109451853 0.038589084816123 0.0393363135291281 0.182359826487244 0.0473757089953347 0.176730716891136 0.267843283458918
0.121738916035052 0.19233117933943 0.130231694338335 0.168283900506905 0.160587386851934 0.0922287747708281 0.0908175780865119 0.0437805700710043
0.096082366565745 0.170433286418064 0.0694895774533971 0.159291790665776 0.201616228917341 0.0453538759169462 0.0453090358148848 0.212423838247846
0.0839368047291783 0.200731564867453 0.0843960875385522 0.113455207005406 0.243796694217904 0.0835977018909596 0.129347954683801 0.060737985066746
0.240650706642697 0.180525012485644 0.124852348793678 0.057755616884208 0.0768571329369644 0.178200905922709 0.00913910026446685 0.132019176069631
0.184166601054494 0.169058468783814 0.193873216214976 0.0273280756625998 0.085675640876996 0.0674585119033021 0.158087528098759 0.114351957405059
0.040621119718916 0.137496894801672 0.175828654243826 0.252160923091553 0.0929532761523924 0.142724335478874 0.0136356656599258 0.144579130852841
0.172824711304046 0.234158290747846 0.00646890355882489 0.207601851208729 0.0752723858881084 0.00438778813339612 0.10212378458843 0.197162284570619
0.0838676494398921 0.0791869816356782 0.10798290275902 0.13868572636713 0.167862465019164 0.0796635431963569 0.172188412515738 0.170562319067021
0.219509128145938 0.112422155907634 0.199443077251333 0.0576911485150239 0.0532351248185119 0.0967409111662334 0.108772908744584 0.152185545450742
0.150904561644924 0.0660441007286088 0.18098453271468 0.0869399906883779 0.143016641424111 0.0585259803695823 0.120328503691133 0.193255688738583
0.0877004772631593 0.166774867499232 0.196979121520463 0.142297140864937 0.0468939662357877 0.17651614485921 0.0770804201335632 0.105757861623648
0.383854513576172 0.0420146049312985 0.359132436076019 0.0608764808805714 0.0372974356311406 0.0540209808081267 0.0408475364077868 0.0219560116888858
0.0119549442953661 0.293056983353534 0.152069772762857 0.0587695769325541 0.324690831490531 0.0003133000098701 0.130689104577844 0.0284554865774442
0.124971533031593 0.100503500768791 0.139177267009794 0.267851432253434 0.00896208679398487 0.0777547518728588 0.255873836089934 0.0249055921796095
0.200677052551649 0.0308094657404524 0.103182667938464 0.101805426133507 0.184186773966588 0.0878141037846153 0.181095916973354 0.110428592911371
0.0555147437309308 0.279992656991823 0.100624924609426 0.0184820589949014 0.157249176954905 0.0493244779350354 0.195345904951137 0.143466055831841
0.253748148486733 0.204566927962589 0.00685280527467292 0.0415226673862275 0.137952929947893 0.063043141392456 0.0330818849404999 0.259231494608929
0.163393822988591 0.179362431785871 0.156572093438403 0.10873500046616 0.110494194242382 0.0598062181538613 0.141436565350486 0.0801996735742457
0.0855676679566699 0.146428805319158 0.111529477852423 0.0660958112731397 0.0624943235241208 0.215711798723182 0.121078294293418 0.191093821057888
0.160026245093042 0.248957236102656 0.2363864906568 0.032798312350355 0.121787125272742 0.0258289924757942 0.148286929879832 0.0259286681687783
0.0477764654535495 0.0232474412339501 0.116023453558813 0.139940821725857 0.178466875022962 0.219541585150485 0.173048724469796 0.101954633384587
0.124105421897461 0.0977466478266547 0.168330999590076 0.179015738888434 0.00106456804571792 0.0960294196519968 0.119323014862254 0.214384189237405
0.212168175311073 0.121791983749273 0.164320580479071 0.238316100670195 0.000143997399689175 0.0704503196819125 0.156763769747609 0.0360450729611778
0.195014859733579 0.163867206826037 0.0915098607916234 0.124540964442541 0.133625862555569 0.0307882326602417 0.0787497246238073 0.181903288366601
0.118100484860144 0.138671744136573 0.145425519847587 0.0618880921411243 0.153200398513684 0.106876776555959 0.114862051761013 0.160974932183915
0.153627496597474 0.165698463146058 0.169145282394524 0.23286122664249 0.109380824871949 0.0370982138429985 0.12445273964029 0.00773575286421706
0.0463695876580794 0.132061959931516 0.111471810036427 0.127549753330092 0.0253182152886268 0.215387308754603 0.101756540239558 0.240084824761097
0.110287169108699 0.0148403198773735 0.126484265144035 0.0135372224324933 0.116573585768602 0.067809527296157 0.296895745994564 0.253572164378077
0.180632117906651 0.159092749277897 0.1326995215597 0.153040759591547 0.00122549594528392 0.11694572006622 0.0857479826289905 0.17061565302371
0.00994346318552946 0.190832180014069 0.0781162580526565 0.195627194417072 0.0951373398869315 0.203027540218011 0.151694735048122 0.0756212891776076
0.200170241238162 0.0838503231772108 0.161903947370186 0.0906936279667647 0.00836847766314078 0.134224257308964 0.0567748536606935 0.264014271614878
0.0707504309894298 0.192363239268715 0.215403428982507 0.0394750005416231 0.238532758798688 0.0819289630510765 0.0304502782656975 0.131095900102263
0.166746387642219 0.227552126645431 0.164959031002478 0.000406775159294332 0.110685737705017 0.20761393212392 0.0330160492416973 0.0890199604799436
0.264113489139446 0.137341498692027 0.247606689323618 0.0654948594908937 0.0225600195674091 0.0924574339435331 0.0323130139631259 0.138112995879947
0.034975180887051 0.130578633756474 0.173344237078343 0.148517549797057 0.0434577959046443 0.208248381800278 0.0857481916582851 0.175130029117868
0.00578556101853785 0.171613230075462 0.143781582785529 0.180578761076744 0.0282389455496696 0.082817739062769 0.26511187752174 0.122072302909549
0.192883469452587 0.0308649912064807 0.141412807773713 0.0994961886322784 0.125168202843583 0.096005050680349 0.121770952385291 0.192398337025718
0.176554824608734 0.141700689436468 0.211531046004212 0.194888336023932 0.111012134257167 0.00107001042872001 0.0533047923809035 0.109938166859863
0.18055691674164 0.124501779926013 0.025300370209775 0.11478976272489 0.199347088854562 0.194639380702233 0.0505145995547413 0.110350101286146
0.182042351147334 0.139205879272492 0.269175089599692 0.0434743809270939 0.00533661580983234 0.0557855820264617 0.0991859036995597 0.205794197517534
0.142469286852222 0.173976522315655 0.11571046362773 0.118527583079393 0.0156176906666913 0.216556092287573 0.16198567875512 0.0551566824156159
0.229572200008818 0.0633845065427207 0.00654547592713478 0.1046001360632 0.153622447011782 0.0921594232038221 0.216230520773312 0.13388529046921
0.145526383768321 0.17735725074405 0.0347218506167599 0.0380643364638392 0.184525313873448 0.178805391642812 0.158476785940367 0.0825226869504034
0.231809834187646 0.113940205677686 0.14863204863195 0.00261955041577161 0.0863878129385792 0.134965533021239 0.19574856659651 0.0858964485306189
0.142017872541873 0.153468999518313 0.128647939990258 0.148126385525877 0.12646363555471 0.116134220229431 0.133180560653049 0.0519603859864889
0.0742455090544356 0.0100988135145527 0.195452025472075 0.287812642004428 0.166776082283076 0.00461134916321519 0.184265619172407 0.0767379593358115
0.0515334329346023 0.128030213068518 0.285763159527787 0.208034191607688 0.102235250718223 0.0950416742658554 0.0743401811494663 0.0550218967278596
0.11223382748876 0.244147325587671 0.140187738267202 0.0111909333141952 0.0629458754745538 0.220812570913127 0.158880336849483 0.0496013921050077
0.0745452046608248 0.275872473627165 0.173929558564376 0.211676140102717 0.0544803803531595 0.0716729445198487 0.119019092270631 0.0188042059012777
0.0257157101819867 0.179340349851378 0.241174614347533 0.0489662385519501 0.192357159344916 0.0277125276621157 0.134650050240498 0.150083349819623
0.211802017191644 0.151213248890284 0.1646250816308 0.166047711563277 0.0749768565643197 0.0560878640927707 0.0528745343808088 0.122372685686096
0.111920173194055 0.0892812813858429 0.129615673964195 0.234987214418376 0.195927777236757 0.0129760989024739 0.173187404602142 0.0521043762961574
0.0896932786913784 0.214283111892147 0.133084834706805 0.0134903627170629 0.104760735848227 0.195973158243659 0.0763378002448061 0.172376717655915
0.155530525032591 0.16942470155309 0.0647447493903009 0.203332641141922 0.121457516366027 0.139346739468664 0.135780917332757 0.0103822097146471
0.204102440158264 0.199943213316566 0.0870197942388908 0.0405367509748956 0.0902928075148014 0.110106857061176 0.0690719277359348 0.198926208999471
0.0478957874979031 0.0481392498721271 0.177463819945667 0.0522747472579582 0.104751103749614 0.189334651733613 0.214270722764 0.165869917179117
0.191394246262255 0.119079419828889 0.153922229824457 0.106286472064835 0.0145366470912252 0.0404452782730467 0.189909652050141 0.184426054605151
0.203999479809252 0.0498534160492665 0.183108533187519 0.00912769282643641 0.0273451525354341 0.294379869997492 0.162045216599616 0.0701406389949849
0.0361361027681166 0.209405184108186 0.143193895154769 0.185044017827917 0.12657614237499 0.19270803136045 0.0818029740795008 0.0251336523260699
0.169515826802002 0.131969882370419 0.171237461595852 0.165090655879588 0.0556738075351333 0.0959734237626221 0.075563792991664 0.134975149062719
0.167353248477457 0.158771230902668 0.0327648083389963 0.0443818334806377 0.111159228079183 0.146342129963272 0.13700289524761 0.202224625510176
0.217883350853243 0.175445263532606 0.144279020116101 0.0486641624542238 0.0772878408917389 0.0766828623882925 0.15597889105068 0.103778608713115
0.245021153420339 0.103613704614196 0.404613969555222 0.0491478167946063 0.0769341977205356 0.0317181119536684 0.0410486163091563 0.0479024296322769
0.105626654736047 0.1398531519991 0.0441765563617719 0.192072476590041 0.0769516704077031 0.192243135516518 0.116787738885284 0.132288615503535
0.278197655586536 0.178496257343128 0.0264215818989231 0.0709747823819391 0.14022085178952 0.0711084528434112 0.0353335258105123 0.19924689234603
0.102792312645663 0.0849718418669418 0.0128620982397129 0.170348326026773 0.190520719297782 0.168061629903287 0.132698850048976 0.137744221970863
0.172645237071282 0.115208961018992 0.107294438064731 0.178535803190311 0.0490551386042019 0.136875377400973 0.173049502286167 0.0673355423633418
0.116444578967717 0.0987263789183206 0.0516488918908468 0.193902376974997 0.115576636607923 0.172718641347723 0.161606480344217 0.0893760149482558
0.0599095018976454 0.15398966465154 0.0511945241678142 0.151592819478808 0.169420546380347 0.144529652742807 0.0980420516698295 0.171321239011208
0.223819350869932 0.164532586850568 0.161682654361887 0.0619201717275875 0.0303145094674253 0.170775122226731 0.00454610723085151 0.182409497265017
0.227529010308599 0.188078394790033 0.016497770050407 0.0738028497414226 0.0884152102778757 0.213888739150298 0.127998250740187 0.0637897749411774
0.219863091059274 0.0294703095297608 0.0374625805456845 0.193757194584025 0.200193498734305 0.177629424787064 0.00797460238257008 0.133649298377317
0.0574366149439911 0.187144788067898 0.0700191093875371 0.137516849064625 0.0506020662813796 0.164260260797092 0.200713150221962 0.132307161235516
0.0605178728658816 0.195969221166147 0.213231874688801 0.197077931484563 0.127110350717729 0.118431683050569 0.00377279570739808 0.0838882703189109
0.217066495424783 0.241384766295467 0.165483182451464 0.0207502586241966 0.0131428775637911 0.0443752124516916 0.26628650295808 0.0315107042305275
0.117801852699944 0.165978245584252 0.0786119046771133 0.165499404850632 0.0475106353715797 0.00219865671496405 0.198518747249593 0.223880552851922
0.112576137517305 0.0194171010199049 0.20385027073007 0.162619433054908 0.0281381344892022 0.209451394667049 0.114563521966676 0.149384006554884
0.239123053956145 0.0374801805632568 0.0306053898515431 0.193578180665552 0.150138778239687 0.219616692654615 0.0357201229190229 0.093737601150178
0.102283681522677 0.243118586767421 0.117464859303287 0.130327156608533 0.17310485443075 0.044868757868185 0.0264545176751568 0.16237758582399
0.0388282468686678 0.249832514974814 0.0376126023730222 0.204536111380381 0.258051542268728 0.0085753701130388 0.0155199394131187 0.18704367260823
0.196417108858755 0.210075662717004 0.00555581387508499 0.194892144612675 0.181398153402197 0.0384866410154963 0.046341201284042 0.126833274234746
0.0902256975083971 0.026472353876726 0.224720597673338 0.0552352528776059 0.0599173836764059 0.175942247098114 0.154290159693384 0.213196307596029
0.0728237343306476 0.186317327828803 0.0354021472227817 0.0431916902997647 0.104676873088498 0.168590664601494 0.223086057719251 0.165911504908761
0.140061546014452 0.257512748484757 0.0363871718409458 0.0420842246222159 0.126628604057767 0.214885761642351 0.13661766648503 0.0458222768524809
0.290899036518939 0.111004631718319 0.170334641177764 0.154927329278213 0.00214639904180469 0.0332150745472664 0.0621587643148643 0.175314123402829
0.0946269585475983 0.117963775062555 0.165946678576104 0.087605898271963 0.174624197229863 0.0432265374649508 0.167620112503031 0.148385842343934
0.173854950059697 0.0519149314908491 0.0151612169681983 0.177776388164287 0.0550715049400323 0.230268586544997 0.151850039043481 0.144102382788459
0.106757718211634 0.16126021790575 0.0743126774949944 0.12126266830531 0.110654258974196 0.186469586727407 0.127657862457614 0.111625009923095
0.129957363170509 0.143717676938195 0.0654583523134413 0.122642885274026 0.247222204063391 0.00812810606900175 0.0900120354156423 0.192861376755794
0.255740746577124 0.11370132905542 0.116059775022098 0.137739399102734 0.141698118367267 0.0546420068130866 0.122173191215774 0.0582454338464952
0.12076939309366 0.145269374744676 0.0348765123021923 0.0895402407084985 0.0501059191111351 0.0156635119599194 0.275734151273122 0.268040896806796
0.114073974581687 0.196145058899411 0.0821877485027696 0.185037910858793 0.156335418753037 0.0886977295560329 0.0637751437196533 0.113747015128617
0.169961478602457 0.171797975501041 0.0643111589363978 0.113198533769445 0.227532438715952 0.000504887429371512 0.042632403133371 0.210061123911964
0.0892759237374619 0.202314596960597 0.0574272227512245 0.229546247937658 0.0764544033854826 0.10054794099957 0.107253318073479 0.137180346154527
0.145851842013713 0.170653142902566 0.0949070050801992 0.0317595886436023 0.243067557284187 0.0643165714468092 0.114668133068726 0.134776159560197
0.245547159937696 0.160613975343907 0.148556390471154 0.0902035414626364 0.133776622095916 0.00407892202095884 0.174368182332069 0.0428552063356622
0.0600002162432157 0.142674222667092 0.0831861254248289 0.176295891563674 0.180302806594015 0.148979229402166 0.153646982801032 0.0549145253039759
0.173970421236323 0.164095660634503 0.157945245792237 0.0386577796221095 0.177891288665085 0.161758229900987 0.0187840781553784 0.106897295993378
0.195472806608998 0.0199435563506939 0.15165251052552 0.202356598518789 0.190688971563887 0.120297626249981 0.066123676861507 0.0534642533206248
0.112655007824962 0.15487377706313 0.12452144283566 0.122968835054078 0.172281583980848 0.17547123959478 0.00524854637089134 0.131979567275651
0.111161227861857 0.236493578948196 0.0803152251267927 0.175288569232416 0.274453869000168 0.00937991796637233 0.0437372144314056 0.069170397432792
0.0983680700238615 0.161195077268784 0.147689661460366 0.158850878481202 0.143485553006107 0.00806737666666873 0.199182901263164 0.083160481829848
0.0119710224672462 0.168906707872494 0.10037617046649 0.173327677621537 0.175404620956493 0.215683371303828 0.0210009570978732 0.133329472214038
0.164336316090982 0.114374455521834 0.152629241541048 0.0888680177559269 0.133188872776852 0.0414616771837777 0.136554118563485 0.168587300566094
0.00182701043564372 0.280293128088364 0.116909645681976 0.0296290699334094 0.0448866988926611 0.253685075649382 0.0368449857486104 0.235924385569953
0.157357532757069 0.200681452859518 0.0387530332263454 0.0788349732394344 0.190135710190224 0.151598198458295 0.00305563818471209 0.179583461084403
0.0717470406031482 0.125931793746125 0.0902841766295556 0.212543262588013 0.0618029925048435 0.163346444983719 0.168219344715142 0.106124944229453
0.129426580454926 0.033371298266434 0.165877592428597 0.193057489997668 0.155133706213154 0.0581377725735678 0.0950764055144855 0.169919154551167
0.154773879120283 0.0365081466767501 0.100553465305372 0.00291524149378609 0.245271504925054 0.261525659399804 0.0746401095922186 0.123811993486732
