0.0935396639495821 0.0947813437265806 0.127297749791394 0.156522223029251 0.00222876614557213 0.132589567179525 0.125101281678404 0.0963955110885394 0.171543893411151
0.0367199294433652 0.0365810192432183 0.163229705520328 0.0951354586262905 0.082401671154655 0.146864634590874 0.164143335849226 0.158410410637865 0.116513834934178
0.127890363940591 0.125220611447681 0.109362167997157 0.150586656768696 0.0616400979218095 0.131115946480703 0.163061532041802 0.0627686091559024 0.0683540142456586
0.0575193910554609 0.147744580825891 0.0469111710730808 0.184639452634952 0.0363026456954594 0.124265622948428 0.144493067567343 0.211840905161243 0.0462831630381419
0.139271358000681 0.0393207346436201 0.0907064289817995 0.156297974317453 0.037834099895292 0.118095693930922 0.0837221712815949 0.169344313544904 0.165407225403733
0.153423408110229 0.177742584367747 0.179326601682249 0.117477268887962 0.00728010791270238 0.105282770500261 0.00681815517132424 0.0778709510148383 0.174778152352686
0.150877848437656 0.142262197393961 0.0249270223234592 0.0947496505069876 0.2098844254814 0.0140493068573717 0.0114069755267503 0.156372641413818 0.195469932058595
0.134815173325341 0.0771627423441236 0.0599492831087133 0.106145097803734 0.125888170354835 0.183890516357139 0.171408381682196 0.0106353792383652 0.130105255785553
0.0616388332307367 0.1647556906592 0.165706287613273 0.0143461976141266 0.151923342260237 0.129283006464655 0.174945089759085 0.13268454182239 0.0047170105762969
0.0362688633525659 0.158208287103097 0.00295571310406526 0.117395912764917 0.0940604904650526 0.116066214505919 0.182916751682578 0.151708202595729 0.140419564426076
0.12647843799452 0.181066316058901 0.02449428691251 0.223357603449479 0.0839885253436091 0.152543688607924 0.11628548151553 0.0883043111230042 0.0034813489945225
0.110257462940193 0.030484110972853 0.177700207496105 0.130071528472711 0.111444143731676 0.173405596404421 0.13026418800803 0.0433021178424845 0.0930706441315278
0.0265733750011355 0.136704268760074 0.0841723499237241 0.125973964174466 0.146878525535816 0.184401395932847 0.0707374728568525 0.0667742909625231 0.15778435685256
0.044107545883949 0.0688389175607675 0.133783744962849 0.146197962777597 0.160430417220382 0.116984097840038 0.126075699772118 0.113759042043483 0.0898225719388158
0.193070798744311 0.049639925818912 0.163828296290725 0.0387356326306723 0.185074278723111 0.17052307640716 0.0369618502410444 0.0223724437747293 0.139793697369334
0.033130332581497 0.035176843877035 0.0817376210050156 0.190412010120655 0.0845894204113642 0.287520188027503 0.1213607291981 0.151942451057333 0.0141304037214967
0.136517958604154 0.16493211176332 0.0542463604713533 0.0413437840000744 0.0378536759161168 0.179112350235578 0.124438497468126 0.0812019678625049 0.180353293678772
0.225745230859314 0.0816663429282014 0.0935622048689497 0.00846948368709264 0.150663025316411 0.304558105444723 0.00222929613725088 0.0577798815143504 0.0753264292437069
0.0794545729302721 0.133615193808094 0.193860806727887 0.181372725867758 0.0551850618420202 0.0438064110153549 0.134363816511908 0.116557440249521 0.0617839710471846
0.14201487001016 0.107765794423301 0.102117772661735 0.110310035885535 0.119618191142927 0.137668005230883 0.103233432600367 0.0560893205928048 0.121182577452286
0.034626446371836 0.181767852514161 0.202502737441928 0.111347066430107 0.000177069174080916 0.0580836356616199 0.120386269493376 0.219575181706631 0.0715337412062598
0.192253052426252 0.160690325149961 0.15380138362287 0.19356428230961 0.0449811772639101 0.0451551481550195 0.0377582085034093 0.15497280114833 0.0168236214206382
0.0042638111874899 0.0947958271684528 0.0522299853144706 0.179335721117767 0.153651255316974 0.0979691339599397 0.0864979203166037 0.102662266211554 0.228594079406749
0.244265878794355 0.0615222533033772 0.204629427860715 0.11263386050463 0.00623529293078703 0.0239072826970669 0.186400483797158 0.0360496652518858 0.124355854860025
0.176521659162793 0.147184522823829 0.0378553593866588 0.0601456329756006 0.0633505557271095 0.146298854610601 0.142226493801027 0.102676857312021 0.123740064200359
0.20699808501254 0.144039931758027 0.112422504167892 0.0781564416736131 0.0361749370048967 0.0481015776960479 0.0639156759403318 0.162431387418306 0.147759459328346
0.193583320146226 0.0203545894041168 0.0976767469078062 0.194519814093548 0.174454843499947 0.0297383085729972 0.130012001901996 0.0763802621137191 0.0832801133596426
0.139790213579618 0.0897269135774256 0.105955846283456 0.170090861757089 0.0362270933764728 0.0194989772512785 0.135413707106793 0.0775045666402913 0.225791820427576
0.0371703638944578 0.166621629156211 0.0282507910172452 0.0157716294163835 0.174134129212769 0.286997132620415 0.0839254900304572 0.0163094892030261 0.190819345449035
0.0328011751301543 0.0767340429925312 0.123920764331439 0.0624877085086485 0.146245950855372 0.0632969833448035 0.212953625707555 0.0855888497396298 0.195970899389866
0.125320076793049 0.0322610306805641 0.152866663960026 0.0247210511634908 0.129545871695608 0.168521626190473 0.185179737387473 0.127809076912547 0.0537748652167677
0.0334265155117851 0.168413996746787 0.0502388526327876 0.0707143010909092 0.0756539639351719 0.410083192962091 0.0479198498251586 0.107157551638918 0.0363917756563905
0.00706182450029555 0.0350206818502297 0.146037790707694 0.198677989116476 0.0963991578727927 0.0193821218558294 0.204080026892766 0.0948496141912651 0.198490793012651
0.157578976408169 0.155733155162212 0.0879100387335249 0.126079671700051 0.146448579345412 0.000632405262477974 0.0752311219390124 0.143732844112422 0.106653207336719
0.0921522298807299 0.0523454471159078 0.143192269849309 0.0594036925243066 0.175738061315554 0.0929152378158635 0.32767002606768 0.00483839330753765 0.0517446421231114
0.0103728141842718 0.1481604413917 0.215464599148424 0.0334015894486976 0.0945486643947095 0.0668883393396238 0.0554821760080396 0.208808776967634 0.166872599116899
0.337971437483756 0.0524883305614808 0.0527793781415651 0.108400508761326 0.0286582851851512 0.0155151364103326 0.109052259408815 0.138938309042157 0.156196355005416
0.110262798980917 0.0816504828764448 0.148507043631298 0.111902176691716 0.0625186557549682 0.158320409299902 0.164393376354537 0.0357072219131351 0.126737834497081
0.167541278901964 0.172438445625626 0.133943824182402 0.0867789095484256 0.0688768197073428 0.0143457941881954 0.120973123941746 0.0991735133678499 0.135928290536448
0.188638007832813 0.172079984252317 0.010116781971326 0.0295800104443769 0.176325761120109 0.022247959927736 0.100475463405295 0.187667556611302 0.112868474434724
0.2199155881893 0.00686306089794148 0.0100285591200255 0.111640945813555 0.111879276787336 0.0453488502553133 0.207361276234387 0.253174974950661 0.0337874677514798
0.153303821183867 0.165154865420493 0.124894630716171 0.169867521518257 0.0586967024380172 0.128584750437961 0.0198510414713536 0.172897560431341 0.0067491063825405
0.0748305824500088 0.156489823205602 0.164314645746658 0.0479659005234913 0.131766369612731 0.161182041866588 0.120774866386587 0.110659435435614 0.0320163347727194
0.0081499180159762 0.0907305346597814 0.0887624581158501 0.0600986729885397 0.118818188460254 0.308842454552046 0.0106033696000709 0.157748675957305 0.156245727650176
0.158111901600575 0.0659659313573459 0.139953585910876 0.0279919179862726 0.114588855790661 0.155529498072939 0.0588168974194555 0.141134069243608 0.137907342618266
0.167127644278318 0.0670841092999116 0.209773536801732 0.0436572542570156 0.0198755585484363 0.237765757171822 0.043028868809411 0.182761993121808 0.028925277711546
0.0655633826066038 0.0742379743000274 0.0814507530081505 0.0326988745690191 0.186801017100177 0.103378726614443 0.162770307653048 0.160574785855846 0.132524178292686
0.223828923562496 0.143344371377712 0.0819793511862062 0.0796228097249707 0.0621927120840869 0.130569632794023 0.00197082022623182 0.171686954570893 0.10480442447338
0.133427060042408 0.117756667219866 0.189146139937852 0.0204837200201272 0.0208802514020917 0.186333148421648 0.0440538145130788 0.166431145715509 0.121488052727418
0.23130900511336 0.0591500706589021 0.097524902444902 0.17029519192495 0.175034228875443 0.131634842616363 0.039778372608045 0.019088186263577 0.0761851994944574
0.169062416813972 0.107480437942668 0.0725079813286533 0.125198277064066 0.165265994597688 0.0398068380138607 0.0878370366158823 0.120460271555572 0.112380746067637
0.10131799877259 0.124508722983619 0.0865338226574899 0.118257480134228 0.136176081618737 0.106809689402175 0.0975299010156855 0.110900579608078 0.117965723807398
0.00370967705775468 0.0533578223079409 0.181164055312204 0.0673012778418166 0.167247143127597 0.111428096507165 0.150571414741504 0.140703767317472 0.124516745786545
0.127168637204835 0.188032807119277 0.151757868836838 0.110560158201804 0.102169270250696 0.0247827155512183 0.0520813763432156 0.127378183561418 0.116068982930698
0.0893176445557524 0.0844054200479369 0.165675892599679 0.168287275109007 0.132605038885819 0.22616182117297 0.0066863421178181 0.0692385532691604 0.0576220122418568
0.187931161632123 0.0970621231680751 0.0727914256427214 0.0931864372758077 0.113966170718573 0.12062932978893 0.163332209730786 0.122608672283412 0.0284924697595718
0.147028182732897 0.171823461350139 0.0780228398159625 0.0674584769316217 0.174597941173333 0.0426513360163942 0.202631664609638 0.102662798294471 0.013123299075544
0.106563763528535 0.0745596302513821 0.084711548237477 0.00532838869444935 0.0984909350683257 0.195647778290427 0.162951417716472 0.100141212586238 0.171605325626693
0.0153741136521929 0.241214038679211 0.134822425656737 0.183970323777045 0.0375859497735746 0.062551541191249 0.035886124501804 0.0857349164371933 0.202860566330995
0.131274396659012 0.156438867083866 0.0952863030437441 0.179111830669684 0.0529584077931772 0.090526990583576 0.186508883277996 0.0814221300267152 0.0264721908622293
0.150839935744 0.0157383659012522 0.183403280881216 0.163385242290928 0.104247464491951 0.125412056822116 0.110745256008718 0.0294113232231448 0.116817074636674
0.11228042497284 0.241086260937982 0.178407519610869 0.039826574048018 0.0855977900923396 0.107875853599833 0.0507233225376058 0.106175513071646 0.0780267411288668
0.0986807796279071 0.103421072889808 0.0966128919661002 0.194295543075186 0.18552564128618 0.185941894968471 0.0425470546586675 0.0615110210891173 0.0314641004385626
0.121941414933773 0.0114411588699876 0.181658263480828 0.1399200330297 0.169232433599074 0.118130286552904 0.139857927540337 0.115747538565527 0.00207094342786952
0.0613021458051646 0.188201602936252 0.013016491817298 0.143684790679742 0.013242102304218 0.137253450669601 0.199172201871114 0.121987220175146 0.122139993741464
0.217901270490697 0.175810820895401 0.00100597152339282 0.18239626278543 0.0839815504424393 0.0214008773863759 0.0797541504429024 0.163304091177391 0.0744450048559697
0.172058167458062 0.117478382704606 0.049788569363611 0.105463688544965 0.108414951724203 0.134307183503453 0.061505948912397 0.129274186534381 0.12170892125432
0.0503862033209525 0.154869210885005 0.196052577131758 0.0513626791530713 0.184166731786332 0.0914122974015135 0.161464900140877 0.0772625261236077 0.0330228740568832
0.0994341265505762 0.16430898020135 0.141293177575788 0.109295925815591 0.165323221791695 0.0722626741454155 0.133533236777193 0.0251811499214121 0.0893675072209798
0.0539186354030183 0.154402548337026 0.082030859689203 0.181981510092976 0.240188957387426 0.0608419640889167 0.116120375944034 0.092078475798134 0.0184366732592663
0.209130455829123 0.0502453747534929 0.0180019801104019 0.176265855939135 0.233339680013899 0.168110538932649 0.00117744449513934 0.0691741984022825 0.0745544715238778
0.130558939259052 0.141089058130424 0.0998254684182866 0.110711696396186 0.149996962233338 0.018256786626021 0.0871979619961401 0.14964493597658 0.112718190963972
0.13084447213276 0.14894299746103 0.00411889405829861 0.12728816680921 0.0652585667941732 0.138995023891317 0.213104224088358 0.128630889340473 0.0428167654243796
0.00947462526641694 0.184530745214927 0.0723231270714979 0.212476112131799 0.0984733176327091 0.180834899434429 0.034775182015985 0.128282987796301 0.0788290034359341
0.210271773108468 0.0324659433978745 0.0781202958929325 0.174329065845679 0.148322595505478 0.0995259076025584 0.0479666627417942 0.119962439807437 0.0890353160977785
0.146820002655874 0.159724526786971 0.0934957533832385 0.0558371479816059 0.0886635023215173 0.107312046828989 0.122475878793145 0.116236024899849 0.10943511634881
0.0582230146344226 0.112254301095709 0.222474424837895 0.0145814525502505 0.212766548734305 0.0452643039604861 0.0261267745920429 0.266485758879289 0.0418234207156003
0.0577054707623942 0.140177548035554 0.157655015075209 0.0971254451380429 0.048624099670661 0.0951428908711693 0.153884493786237 0.104659382981796 0.145025653678936
0.183733009445279 0.00934728378871262 0.102562202847167 0.137815158578283 0.0495032098686524 0.0100028214774612 0.203687189037692 0.139552241509567 0.163796883447184
0.16556457355498 0.0186100261064305 0.113369606412522 0.140609162054732 0.0664791893916259 0.169504001799336 0.0551563222586272 0.107465469351147 0.1632416490706
0.127866476809852 0.00735954946763945 0.118795829638132 0.154616188132051 0.174799122577499 0.0919189638019494 0.0959142503481393 0.112094872487562 0.116634746737175
0.05091190332376 0.061871284359675 0.0862730964997337 0.129129870644142 0.0935531616097285 0.121481178236357 0.129542459809962 0.155190654129589 0.172046391387053
0.183552306444268 0.0812942081538475 0.159143453952928 0.183439018432934 0.125180696691814 0.101495093165943 0.00124998579037952 0.0178818905342947 0.146763346833591
0.146411142869463 0.100026709353229 0.0888494134165066 0.116905690188855 0.0965712960856052 0.117133507035199 0.00299406419483606 0.179983719118365 0.151124457737941
0.0729592866997415 0.00234091038435103 0.261416517421491 0.0838780443182646 0.210570586388191 0.0185190565396932 0.133433736075594 0.0852583063602988 0.131623555812376
0.145365192543924 0.129686259739662 0.152119108374208 0.167683243830017 0.0118684967426732 0.0118293746220149 0.0981074430256598 0.131861583550609 0.151479297571232
0.18570018173349 0.138537990482031 0.0776345500178235 0.18415018215476 0.106979651072153 0.0196988827101325 0.104898320349113 0.12737355204544 0.0550266894350579
0.0166341215918229 0.229426383338765 0.25208147138229 0.173017607096493 0.132091169079852 0.12043387148679 0.0422277359908211 0.0117237385968055 0.0223639014363611
0.181648908060906 0.188703174252269 0.0977633455224716 0.0322695947916442 0.0975697523231113 0.082346230955123 0.0450938309578804 0.110637799798653 0.163967363337942
0.148040622780336 0.0399227621617634 0.132790023271836 0.0797160336993259 0.207227689317256 0.125104175819931 0.0612433270056687 0.145584237661443 0.0603711282824394
0.111441714234567 0.0940940263247842 0.141848734365846 0.132616460335439 0.201322520766902 0.0346781157810672 0.134276269085085 0.0257572207873107 0.123964938318998
0.173800634708266 0.060681986134488 0.060457519488188 0.106278720259441 0.0642126064478071 0.143474291217005 0.140242662444332 0.0817955358144598 0.169056043486013
0.0518043916146491 0.0843890958353856 0.101262200079078 0.149104127666956 0.0409039331526116 0.182208998635842 0.119802718583065 0.122116748668848 0.148407785763565
0.0262481062825354 0.180062533467346 0.0262538220720221 0.198489357020406 0.113184356167893 0.146667732602423 0.17396756721133 0.0693832052755855 0.0657433199004602
0.0859764378358091 0.104260040381546 0.117895507898033 0.0296542259392484 0.156725352323758 0.186313999429177 0.17720088909656 0.0923939512735694 0.0495795958222994
0.0395368629463195 0.0710926861558086 0.0445309403306915 0.237279958602398 0.238786184663029 0.124226819258303 0.0304767878282548 0.165629568493515 0.0484401917216809
0.101855958298617 0.0904272418793262 0.0155407191262183 0.121207206732344 0.14422464891299 0.176826626889253 0.111460803540366 0.146609912038848 0.0918468825820364
0.00229028032269531 0.0269537358695812 0.012534969598617 0.046237458479856 0.193798864416305 0.201779382758392 0.213947406333806 0.291769597708685 0.0106883045120614
0.180736014279758 0.15249704066872 0.159273502747187 0.0499573785490258 0.15427730919779 0.113894617398501 0.106466125834681 0.0733679042354518 0.00953010708888543
0.101468910464109 0.0202411254376872 0.0716403471851179 0.0360703053331156 0.14430606726928 0.0720782267554947 0.222340791606834 0.152758435807716 0.179095790140646
