0.196085694933273 0.264940495777166 0.25413320086491 0.284840608424651
0.103262783868496 0.147008511095593 0.334839013336254 0.414889691699657
0.0603417434488276 0.168123096775096 0.423347944828172 0.348187214947904
0.315269824628401 0.320385167608585 0.303074739657034 0.0612702681059799
0.00946218344752311 0.11945257206176 0.70554769144946 0.165537553041256
0.16659845755698 0.217975394611981 0.313478348262328 0.301947799568711
0.385672548320772 0.175316654310737 0.371490517838702 0.067520279529789
0.151025479553961 0.32122917633015 0.282325016992369 0.245420327123521
0.202080403338959 0.17479270707374 0.295640226856485 0.327486662730816
0.251227996359742 0.450799751911277 0.140680929851523 0.157291321877458
0.383508590458835 0.229754151755335 0.0144310531341246 0.372306204651705
0.29127063544165 0.0507476706951748 0.249579582383893 0.408402111479282
0.319423407262267 0.148555427800004 0.209589103815569 0.322432061122161
0.424125994990598 0.203133470796504 0.278886315638886 0.0938542185740125
0.178594928941708 0.238415438292265 0.342696144730486 0.240293488035541
0.0440009134096042 0.344658335290022 0.179653015165768 0.431687736134605
0.359147390196123 0.14043801683816 0.468337745770277 0.0320768471954404
0.447109903557953 0.0662218330985898 0.272187563199683 0.214480700143774
0.335303947910388 0.22969945906255 0.263020593570383 0.171975999456679
0.510320917167173 0.224230350152619 0.0245475117213688 0.24090122095884
0.306973506891834 0.244149346098676 0.0390906434194037 0.409786503590086
0.33282822710094 0.152165026089489 0.240394463361887 0.274612283447683
0.0434312510165387 0.363352324852452 0.192790050169332 0.400426373961677
0.416022940075021 0.19588718254473 0.385898783835411 0.00219109354483868
0.167735016858598 0.275829696407109 0.298355799476114 0.258079487258179
0.112830837898137 0.0430330926763068 0.471869339269283 0.372266730156272
0.236903124000879 0.174559553358968 0.278432642573801 0.310104680066353
0.109273719525745 0.314835199680791 0.358285406968543 0.217605673824921
0.401112500038462 0.106450867884952 0.338437227151265 0.153999404925321
0.102825936894329 0.345457162578292 0.211289630053661 0.340427270473718
0.195795418509053 0.349148966337083 0.180318951131262 0.274736664022602
0.368901263987316 0.141972795790813 0.239380769544282 0.24974517067759
0.113838172710542 0.191276110798844 0.223036470156108 0.471849246334506
0.292331384303952 0.197237072039283 0.205360116111516 0.305071427545249
0.115374469830223 0.305719799653154 0.263990828600035 0.314914901916589
0.337342336938261 0.222438719110708 0.208292808623955 0.231926135327076
0.0942701855874851 0.379356212324749 0.425265860534179 0.101107741553587
0.38635119825818 0.269428806073229 0.273501299338154 0.0707186963304375
0.35804013895463 0.254462271608759 0.340689461627103 0.0468081278095077
0.0842037887458089 0.19441549586651 0.0208339636258883 0.700546751761792
0.228440000127262 0.279084772081108 0.041712244740782 0.450762983050848
0.371211009202577 0.458220533985374 0.0670009811775319 0.103567475634517
0.170667695334969 0.231803620591574 0.349614053483131 0.247914630590326
0.257366698361972 0.35520038473232 0.154510884419125 0.232922032486583
0.176312358193588 0.164468759158496 0.41168815247437 0.247530730173545
0.287231758141967 0.177846208069069 0.290903788868099 0.244018244920866
0.366601713184493 0.288173373548766 0.00438611663578934 0.340838796630951
0.334461556443285 0.151338084203102 0.276162627792377 0.238037731561237
0.0718567810447202 0.340683127484882 0.321223084593363 0.266237006877036
0.101938900961618 0.187783913746656 0.481686805932788 0.228590379358938
0.659187491209592 0.0456706182048908 0.196478926249606 0.0986629643359107
0.327151415110607 0.253659974229714 0.243082575307058 0.176106035352621
0.261759960108794 0.351319867827507 0.307850743233017 0.0790694288306821
0.302227405806671 0.392599401228413 0.0573199341776373 0.247853258787279
0.0635503844067295 0.271823113088656 0.234035258723784 0.430591243780831
0.242191740154766 0.0473556208884735 0.282807619305881 0.427645019650879
0.453063604219394 0.153605399736393 0.32531641836526 0.0680145776789529
0.273754292354988 0.0610377703050244 0.299674902775875 0.365533034564113
0.215023923964056 0.27042532978703 0.260719955720911 0.253830790528003
0.672253227587434 0.0489704292927244 0.0310102889324202 0.247766054187422
0.347871237492324 0.0180609902859066 0.300539023667032 0.333528748554737
0.386787063207775 0.275081454901871 0.117096521859432 0.221034960030922
0.53780496838845 0.175260821615669 0.270646002235259 0.0162882077606216
0.229064030957314 0.393860476716197 0.123115182828913 0.253960309497577
0.119688701855871 0.136728569618137 0.365544884409999 0.378037844115992
0.428908626761849 0.359585439588845 0.106386566253152 0.105119367396154
0.382050586752103 0.142724167506856 0.225971094547502 0.249254151193539
0.393830640869974 0.10005962681747 0.347809387340389 0.158300344972166
0.397907854828751 0.350615505037452 0.200222760731928 0.0512538794018686
0.441430466322182 0.0856399106886548 0.366183324409268 0.106746298579895
0.48504267973752 0.227512665155229 0.0432465655077111 0.244198089599539
0.263190163113181 0.222267842650282 0.0953472465282224 0.419194747708315
0.188024017957057 0.38928194505548 0.0139655388916664 0.408728498095796
0.438476853831606 0.470181874138784 0.0366972646896391 0.0546440073399708
0.149021524363171 0.248023032953819 0.355657856471678 0.247297586211332
0.44502616580421 0.0880894598847175 0.0895253924195285 0.377358981891544
0.29072017237762 0.263091626958439 0.313251625695535 0.132936574968406
0.0704957269937009 0.318528343473755 0.13549901051707 0.475476919015475
0.338730163075919 0.0675711936420495 0.549869000893422 0.0438296423886089
0.272146112261304 0.299962819244831 0.0813236004140099 0.346567468079855
0.286817732147152 0.27863608074571 0.359590272916388 0.0749559141907506
0.242327970046472 0.183161494262302 0.264180145171002 0.310330390520224
0.164346732647695 0.0280012130526551 0.476259878975178 0.331392175324472
0.34995023548365 0.319666028235323 0.124832972161247 0.20555076411978
0.312092872828473 0.106922146740938 0.0283139156939555 0.552671064736633
0.108911888930489 0.174500797322369 0.313399068296854 0.403188245450289
0.10665570059562 0.347987730958803 0.434388689173435 0.110967879272142
0.176152946123801 0.270092480988767 0.376034487433029 0.177720085454403
0.0401861773700413 0.47722415967691 0.103740969087756 0.378848693865292
0.295795329467629 0.135345256872779 0.258829611302805 0.310029802356788
0.196968426150469 0.0852537823055269 0.375782985661682 0.341994805882322
0.239825078027944 0.153204126461669 0.56881504684226 0.0381557486681274
0.128108981534444 0.317355768154832 0.317871604711937 0.236663645598787
0.312702936140314 0.295909523488655 0.0103746102548158 0.381012930116216
0.280283535360676 0.317338162331019 0.0497759877007017 0.352602314607604
0.109681858719372 0.133921732886865 0.0874207452666932 0.66897566312707
0.28578095694809 0.136471789286015 0.278911252419592 0.298836001346303
0.314993739856233 0.283707944432355 0.242463121022956 0.158835194688456
0.370278355180571 0.115342334526597 0.192023429375014 0.322355880917818
0.306059194196126 0.189751206397262 0.249418448443814 0.254771150962797
0.185330028489844 0.0187175879261614 0.335034449026668 0.460917934557326
0.373381970990654 0.0944715150355759 0.0145599191152285 0.517586594858541
0.143140220879044 0.429572522587132 0.300930580106416 0.126356676427408
0.304623671084786 0.272123646335294 0.331972289335892 0.0912803932440276
0.335639903924199 0.260639990664392 0.258271879630853 0.145448225780556
0.189333008785646 0.147320561529065 0.415322228371506 0.248024201313783
0.273391266023267 0.0177743822601752 0.642117158556239 0.0667171931603191
0.501912529120712 0.0752731281635314 0.113186760983385 0.309627581732372
0.360991799684003 0.224735767240937 0.10375619417427 0.31051623890079
0.246227659894606 0.533976561469924 0.186523011866037 0.0332727667694333
0.177081587028308 0.263176608443682 0.367351291948482 0.192390512579528
0.163338870193455 0.343104681482128 0.305804491347519 0.187751956976898
0.278828491078654 0.00495182992478402 0.336778231549292 0.37944144744727
0.105477387554445 0.437166001737425 0.096907255672174 0.360449355035956
0.458167095963895 0.273615436096557 0.20632806177354 0.0618894061660083
0.150392394010032 0.37671768248926 0.345094881724995 0.127795041775712
0.321790879843754 0.348335333332673 0.0690889900506084 0.260784796772965
0.279968718189786 0.428701976530804 0.278011017370918 0.0133182879084925
0.0375252656134759 0.35624755459902 0.297417912419345 0.308809267368159
0.312292946530495 0.104185760601895 0.306055715669806 0.277465577197804
0.0441236235881184 0.0635869430688056 0.729865485108679 0.162423948234397
0.307403318597104 0.221007630793158 0.231179264805146 0.240409785804592
0.262574705785868 0.0606534016277641 0.42609540343382 0.250676489152548
0.260919919643498 0.117027512406853 0.260139585141018 0.361912982808631
0.338261228703391 0.162761760655845 0.292304474366432 0.206672536274332
0.182895424955186 0.447130676233481 0.227458944116028 0.142514954695306
0.340165462370051 0.223166865214097 0.192748631264202 0.24391904115165
0.108678150003321 0.374555215154543 0.405389208816135 0.111377426026
0.129392217609785 0.305295331165522 0.328006042350862 0.23730640887383
0.270020656968379 0.302621167105804 0.420554561235498 0.00680361469031975
0.000595139482605319 0.395856850283163 0.169064891093028 0.434483119141204
0.258440146156946 0.220987065318796 0.240759007605535 0.279813780918723
0.444692927814919 0.393148182088908 0.00811924583127401 0.154039644264898
0.502895644209703 0.06474901342977 0.253911160291226 0.178444182069301
0.158806899178603 0.328574249159403 0.188383880653487 0.324234971008507
0.26470801684457 0.36322330615432 0.269124708646908 0.102943968354203
0.437947982236371 0.292659680813738 0.184029738964359 0.0853625979855314
0.342826627505345 0.31860915959941 0.225040204608599 0.113524008286646
0.218652834926959 0.391956848771653 0.00746305381819321 0.381927262483195
0.257726312276468 0.165248461445301 0.222165073179611 0.35486015309862
0.37510361104675 0.356292978468603 0.234657848780599 0.0339455617040473
0.0730971972634671 0.381525113812526 0.451954004384765 0.0934236845392419
0.267091285375868 0.34206200538842 0.0554474405650544 0.335399268670657
0.127953778086596 0.0172498973392432 0.508496825699129 0.346299498875032
0.112703599543537 0.563193119942335 0.139248843294638 0.18485443721949
0.30125622703794 0.382048959426305 0.134450769995516 0.182244043540239
0.330667109089236 0.313801658807215 0.0625017823101588 0.29302944979339
0.00248849949571657 0.33572012441577 0.318076794562104 0.343714581526409
0.122349558089269 0.271352397967264 0.335449510136511 0.270848533806956
0.213531752175147 0.149342955404466 0.324582371360161 0.312542921060226
0.285000603006682 0.328804389947761 0.190834221040996 0.195360786004561
0.331089186521857 0.0818401879664998 0.277502671438468 0.309567954073175
0.363602046873678 0.406378775821754 0.157259868928161 0.0727593083764073
0.230799153112236 0.33019926131653 0.0833511005093198 0.355650485061914
0.138642173016361 0.352159437003609 0.145057223722453 0.364141166257577
0.175538958264198 0.362406143109649 0.0442663998197815 0.417788498806371
0.143129314577838 0.318114600107204 0.133446131090284 0.405309954224675
0.0918037309976952 0.30429888821442 0.273675903975481 0.330221476812404
0.0771278177719189 0.551552129897046 0.119097382104825 0.25222267022621
0.250254097191924 0.261936274884812 0.196618185989833 0.29119144193343
0.13333915172343 0.501991666698758 0.168788005924706 0.195881175653106
0.259455010733139 0.0114667857201522 0.652139272266882 0.0769389312798269
0.442957711422784 0.304459383567136 0.209750491219632 0.0428324137904485
0.322911356691855 0.125147936204362 0.365596219582457 0.186344487521326
0.174308883535124 0.336521352844389 0.38398336610608 0.105186397514407
0.47522301298695 0.0292721777089151 0.189515045731609 0.305989763572526
0.120212482576941 0.502322582342945 0.24227286519643 0.135192069883684
0.708055555097436 0.108476099447042 0.129784120346477 0.0536842251090449
0.355302665818343 0.27237319738877 0.339764603075203 0.0325595337176844
0.147212647347988 0.44270355249797 0.242000113547471 0.168083686606571
0.305499151580329 0.15445769662775 0.128578480012002 0.411464671779918
0.305880912055008 0.313271130252543 0.367500740603918 0.0133472170885309
0.282918340204176 0.3383777958098 0.170614808008149 0.208089055977875
0.36314310524608 0.21475434821269 0.313272646642193 0.108829899899037
0.0270995574749988 0.115794042487728 0.304765772771085 0.552340627266189
0.275771954430053 0.411733619910121 0.160231812782578 0.152262612877248
0.287091270781187 0.245954282499825 0.172151145032011 0.294803301686977
0.0468366190551512 0.195059301596726 0.38601434188994 0.372089737458183
0.57652516501833 0.211201387410973 0.0396956956991266 0.172577751871571
0.200949893356106 0.179704774873874 0.240152658264068 0.379192673505952
0.319586244703571 0.276207695799631 0.19213250332801 0.212073556168788
0.268582213177423 0.307316383787854 0.179029506969309 0.245071896065414
0.254421649172142 0.286596077760115 0.322665752936125 0.136316520131618
0.373776166319366 0.352889544237185 0.0454981738538378 0.227836115589611
0.15451986651159 0.0393417131362169 0.713618504704687 0.0925199156475068
0.102973940992131 0.419399716563666 0.222052227386714 0.255574115057489
0.21254376927901 0.298009705431875 0.172632737526553 0.316813787762562
0.554272171916913 0.206290868795948 0.221374155546651 0.0180628037404885
0.285785495077662 0.308178488651835 0.16073656547722 0.245299450793283
0.22417276545342 0.118497436417762 0.568978630197958 0.08835116793086
0.283889359553304 0.0428078061051618 0.51271179607913 0.160591038262404
0.196352095744926 0.071273116939732 0.0550007722616375 0.677374015053704
0.0388437338806878 0.152818557066117 0.567473696325015 0.240864012728181
0.386186055833522 0.25693563919003 0.327220619188036 0.0296576857884123
0.143761058998914 0.0994566660582697 0.280167733649504 0.476614541293313
0.202111164720816 0.246582692336446 0.511830724424715 0.0394754185180239
0.336762145549807 0.220713676223928 0.312571297415646 0.129952880810619
0.413892753699869 0.0591901149912174 0.266716458212541 0.260200673096372
0.315194690772552 0.184282083757117 0.289479675895693 0.211043549574638
0.157789344816467 0.313066885981615 0.262620324581091 0.266523444620826
