0.377961454484713 0.086950354214855 0.170611108379487 0.364477082920946
0.331719518464449 0.0822071690526426 0.126075236131362 0.459998076351546
0.0635014467361323 0.323794638690318 0.308449479018183 0.304254435555367
0.408570189827732 0.215231198661727 0.308017485151389 0.068181126359152
0.285468401872161 0.35806718850015 0.342655556633533 0.013808852994156
0.304287593112177 0.297777860964197 0.292628499126531 0.105306046797095
0.31478509048748 0.607742331597063 0.0362116999620943 0.0412608779533634
0.242284184581037 0.31110011249367 0.290464338540691 0.156151364384603
0.431685233545153 0.345769512410687 0.21618843737387 0.00635681667029085
0.0171349201365929 0.478432219845391 0.0467849462417268 0.457647913776289
0.370816127279394 0.206433231886407 0.322129162096469 0.10062147873773
0.218821754148612 0.314564520193814 0.0596683415286596 0.406945384128914
0.0880993591066146 0.4032406949895 0.360144234208818 0.148515711695067
0.339583311432955 0.423043636651833 0.0375398741136512 0.199833177801561
0.155933353376015 0.25703240276411 0.131552081385633 0.455482162474242
0.118610265135503 0.223198694768896 0.430207477940011 0.227983562155589
0.128802761163222 0.577465489058075 0.187788894928769 0.105942854849935
0.320228724745337 0.0489183852017069 0.370220919941907 0.26063197011105
0.0661409542316006 0.418643265042846 0.0993626035362341 0.415853177189319
0.227989954655857 0.233576808351537 0.166471992284294 0.371961244708311
0.225000871320593 0.18290211693292 0.333623303406266 0.258473708340221
0.118780379467538 0.602135550993329 0.242517560865358 0.0365665086737751
0.0421871406371651 0.370486333708534 0.326289656466265 0.261036869188037
0.0500396218927707 0.42965878051482 0.238645936050422 0.281655661541988
0.246737447119732 0.188444646114611 0.352673783660671 0.212144123104986
0.00775852044307746 0.320314915370211 0.384858637673841 0.28706792651287
0.352231352177038 0.291952695145951 0.0307309648652674 0.325084987811744
0.376430402889023 0.299862522198682 0.192207572309432 0.131499502602862
0.534026576928126 0.174041177449977 0.0748975783114194 0.217034667310477
0.368458755860728 0.359377396893136 0.0850425599567329 0.187121287289403
0.140591531758259 0.387262209920937 0.376036630431274 0.09610962788953
0.0788372499652345 0.0230222724718136 0.309829559565391 0.588310917997561
0.351989843358995 0.318094499113385 0.176860864189367 0.153054793338254
0.224300507825986 0.222299073937328 0.1548073994643 0.398593018772386
0.247149125481641 0.304714357660876 0.314626551802571 0.133509965054911
0.249035086097173 0.184513449270707 0.225834713549957 0.340616751082164
0.0432653392739029 0.417838970483373 0.466740361684129 0.0721553285585954
0.0330140779257623 0.0672782468675906 0.353136439049452 0.546571236157195
0.334811472299765 0.238020669359089 0.220817816927537 0.206350041413609
0.377274761035965 0.106956634938648 0.386452990568699 0.129315613456688
0.406099260734403 0.331910324465788 0.101789320820203 0.160201093979606
0.0416939273254014 0.431387341217413 0.321530945008366 0.20538778644882
0.193734950762453 0.250414181601489 0.307370544379647 0.248480323256411
0.29459992620692 0.175559922568366 0.264459175901607 0.265380975323107
0.345584170760535 0.00844805240363599 0.0640015997004189 0.58196617713541
0.467847165739195 0.14001872637205 0.242858125230912 0.149275982657843
0.19888073555225 0.331373339685512 0.155000412973467 0.314745511788771
0.420324632982809 0.259672930647295 0.067653406326539 0.252349030043357
0.519379553438104 0.0594709190918814 0.284911841806443 0.136237685663571
0.500917872866412 0.166678833756101 0.291365669793289 0.0410376235841985
0.447439848866661 0.298395956117321 0.202992083147929 0.0511721118680885
0.180272131113376 0.134332952087245 0.269288303169314 0.416106613630065
0.215307190541939 0.0191312205265249 0.24800511389678 0.517556475034756
0.552427939781236 0.00479877206573371 0.149402135686023 0.293371152467007
0.304131171016788 0.203398252853164 0.327305023498875 0.165165552631173
0.493561598831907 0.122785306560781 0.0650597990514583 0.318593295555853
0.347798347972769 0.284716547114254 0.201950029821759 0.165535075091217
0.120285583915983 0.17489442818519 0.488621407516851 0.216198580381976
0.399888918889234 0.153649975511344 0.316468852994849 0.129992252604573
0.24278902938493 0.0751906783714038 0.446317684768585 0.235702607475081
0.364298804737284 0.400862121756898 0.204333659450921 0.0305054140548967
0.0982491889894826 0.490561781843768 0.30157801348874 0.109611015678009
0.157361839925159 0.0527390473648426 0.269312606055726 0.520586506654273
0.110911091462762 0.313618224225805 0.184242169786506 0.391228514524927
0.282296919695592 0.458572786083755 0.249666488922644 0.00946380529800958
0.190754872386165 0.15035915425462 0.258970489354795 0.399915484004421
0.23711116799599 0.421249925115665 0.0642486359993871 0.277390270888958
0.278495148531696 0.256419925634968 0.0278307587752924 0.437254167058043
0.178635682584588 0.326099384318129 0.225870320970605 0.269394612126678
0.365757804133963 0.335303164280506 0.225563650591504 0.0733753809940269
0.152834810478296 0.31926307935003 0.434208715548144 0.0936933946235297
0.265618924742659 0.296061600605566 0.0796107893218864 0.358708685329889
0.264328450426339 0.221121678691896 0.303015473989783 0.211534396891982
0.285773337845432 0.313701466664097 0.309127598718774 0.0913975967716961
0.0840303836025112 0.296410822661732 0.0907567323771152 0.528802061358642
0.299896099555276 0.218393822018968 0.186223225073512 0.295486853352244
0.395220529728318 0.268490743374169 0.255778384797988 0.0805103420995251
0.275953130699871 0.208451384823052 0.16818580984161 0.347409674635468
0.0977687082263882 0.179918198527046 0.435164285787912 0.287148807458654
0.359065687792016 0.283093705731034 0.313730324004146 0.0441102824728046
0.49832250086297 0.0912411174439115 0.237074419550414 0.173361962142704
0.431161834991533 0.0608985903586567 0.377094244127896 0.130845330521914
0.389066410663299 0.185013851496483 0.360830934533724 0.0650888033064943
0.430901975467281 0.0653141334747317 0.439953161885939 0.0638307291720476
0.327757995859395 0.198843208464289 0.058773427859625 0.414625367816691
0.22257552304631 0.313273384898448 0.0508907199646236 0.413260372090618
0.329064576067891 0.169552500008909 0.331535762470792 0.169847161452408
0.0330279632952561 0.71459148391663 0.185685836302362 0.0666947164857517
0.361389898188325 0.119481449526743 0.478073062085565 0.0410555901993671
0.46448973326767 0.0804041931982905 0.359523396149584 0.0955826773844548
0.155501893199314 0.346423434384138 0.399299974357362 0.0987746980591866
0.299173531169957 0.210116563068789 0.214023084024325 0.27668682173693
0.274414251554901 0.384451377274223 0.264400029428995 0.076734341741882
0.2042613735311 0.328796034858476 0.142293939728951 0.324648651881473
0.187900217688456 0.16037924471566 0.293778080323197 0.357942457272687
0.282869183104722 0.370636534852896 0.281748890230377 0.0647453918120045
0.147272008721673 0.462211097830368 0.390000101958584 0.00051679148937558
0.289951104372407 0.28519632912189 0.177322045981018 0.247530520524685
0.138879586523142 0.0922219790854805 0.233485265615396 0.535413168775982
0.118554513898548 0.502499095492519 0.328252152150327 0.0506942384586061
0.268311970591785 0.288282889653805 0.248257396130419 0.195147743623991
0.0918945422873227 0.333638894887273 0.510371724642613 0.0640948381827906
0.473139698972187 0.430296757121471 0.0524964603663763 0.0440670835399654
0.334448883478047 0.161599809140517 0.463057753295318 0.0408935540861183
0.293611961352724 0.188622421189182 0.355072182497899 0.162693434960195
0.178323749195746 0.303965725808452 0.314890524416821 0.202820000578981
0.427348106114842 0.136570044920189 0.012620009908094 0.423461839056875
0.136392417956711 0.391273012718645 0.309469284586222 0.162865284738422
0.0158524222215852 0.138797440259241 0.333092617405297 0.512257520113877
0.0701843470850917 0.270800712068666 0.347077287819309 0.311937653026933
0.285813309176897 0.181787612071336 0.355291533408526 0.177107545343241
0.162325657641167 0.351381011734683 0.165241500128932 0.321051830495218
0.0466120870947479 0.333927435771168 0.16422323079543 0.455237246338655
0.0939360856020764 0.16414652949215 0.285382305177405 0.456535079728369
0.428339869424179 0.140900917509374 0.0264482841090064 0.404310928957441
0.167532814647045 0.0181635093382672 0.795387087728538 0.0189165882861494
0.22415115424363 0.0799220009426234 0.380958871983568 0.314967972830179
0.0260551166593012 0.345612110996946 0.287443799982312 0.34088897236144
0.442110033583043 0.30080253057282 0.250150778805268 0.00693665703886939
0.11409899840972 0.169691643021334 0.440214415349417 0.275994943219529
0.35950751211321 0.289109964773792 0.229425708559205 0.121956814553792
0.0668282608662874 0.180931519616414 0.432912304724317 0.319327914792981
0.169370547014978 0.309190476885852 0.300204986388971 0.221233989710199
0.555533393271835 0.178564905701372 0.177853403273137 0.0880482977536563
0.466069348632579 0.0594189547146114 0.268244432868734 0.206267263784076
0.496371794900642 0.0287722339276116 0.400258078434761 0.0745978927369859
0.0672734431985841 0.379737663700717 0.0368538358865749 0.516135057214124
0.260508841231409 0.39745561840261 0.031865800104269 0.310169740261712
0.469607253572097 0.463005421235427 0.0502633137422746 0.0171240114502006
0.330358607780609 0.391216172064973 0.077322821643462 0.201102398510956
0.387735705000463 0.444956934973173 0.0436478273698602 0.123659532656504
0.139766973686239 0.22933058055971 0.206762697253858 0.424139748500193
0.236610738272099 0.304060024868686 0.264776399692907 0.194552837166308
0.142501477969765 0.383095782127914 0.123056066688988 0.351346673213333
0.12323957708348 0.331663329522419 0.351120778599108 0.193976314794993
0.342610419225602 0.435556129703633 0.168548967531742 0.0532844835390232
0.288624603511252 0.298253557432992 0.16674725580148 0.246374583254276
0.174058295368506 0.207455595207233 0.430267995250681 0.18821811417358
0.287085983290156 0.0543497378481826 0.578468782374624 0.080095496487038
0.430278445240917 0.374126717312924 0.139017633913439 0.0565772035327211
0.115476157481777 0.270003306452256 0.250895767344694 0.363624768721273
0.274004878447596 0.299855779352215 0.163843865308716 0.262295476891473
0.0579607772750517 0.472502997363097 0.298370714507474 0.171165510854377
0.192974682516079 0.275878036190453 0.21840452842736 0.312742752866108
0.177707280802181 0.0228508518634481 0.208476793667791 0.59096507366658
0.335336565002961 0.355493878443734 0.137956337508056 0.171213219045249
0.581381616382252 0.241865551949799 0.125329848976024 0.0514229826919246
0.499878646071825 0.0453366627353987 0.391830920565551 0.062953770627225
0.196528603685995 0.23878715791087 0.212897676855467 0.351786561547668
0.108705683808311 0.0551599395409669 0.316806513396847 0.519327863253875
0.317439543337208 0.207430491373484 0.157665544622724 0.317464420666583
0.215809965933663 0.262323311396299 0.218720396778266 0.303146325891772
0.246716406673636 0.272002540107902 0.198950512720334 0.282330540498129
0.534302870911635 0.309299881151255 0.144782571198977 0.011614676738133
0.455457761657108 0.362723780791494 0.0261506896072145 0.155667767944184
0.34386980961201 0.18405158844665 0.363026415117703 0.109052186823637
0.287713036175003 0.448530370036539 0.13218476494151 0.131571828846948
0.216589967425916 0.285077886217784 0.25683087635102 0.24150127000528
0.383382881449086 0.0963330498648026 0.379511778165037 0.140772290521074
0.12017776873122 0.419086174116181 0.113695319558988 0.34704073759361
0.443824430031818 0.262965974659057 0.15249268387862 0.140716911430504
0.154100278188483 0.458984856703609 0.249161440697781 0.137753424410126
0.250547977843377 0.284997632532534 0.143433065416835 0.321021324207253
0.298897517223447 0.223287294120064 0.182513127831274 0.295302060825215
0.42257160944254 0.288218041443937 0.218433061722039 0.0707772873914835
0.294423954789394 0.365555007389127 0.279060140804435 0.0609608970170442
0.296217696625878 0.288306971784479 0.177660145660937 0.237815185928706
0.309268981799409 0.105915515072659 0.253558776107829 0.331256727020103
0.347376129311442 0.309958750221903 0.326047752318165 0.0166173681484892
0.248952740796519 0.216498020794919 0.159962300499989 0.374586937908573
0.169542512515761 0.101467731029895 0.140716020620934 0.58827373583341
0.000847546179754503 0.31611486621097 0.244157710806265 0.43887987680301
0.310980054127914 0.206769550464041 0.216474026726477 0.265776368681569
0.404742380394565 0.0193596903041708 0.321545562983453 0.254352366317811
0.658014704278708 0.0398029628947986 0.154229123881802 0.147953208944692
0.194257187661873 0.113655074561535 0.586392966773287 0.105694771003306
0.183863020522065 0.533649145901762 0.0865879697214286 0.195899863854744
0.029438910417663 0.403558100456499 0.0878919737461934 0.479111015379645
0.218126633562466 0.307384746193783 0.174936911537595 0.299551708706156
0.317048917993976 0.209036157738223 0.376089314563527 0.0978256097042746
0.334917517313499 0.0779036574440926 0.378013664589569 0.20916516065284
0.374406390271751 0.178005835512289 0.146009722066227 0.301578052149733
0.395768192525453 0.000605538435408755 0.443108364131637 0.160517904907501
0.163240405355482 0.492325101898726 0.236357453541102 0.108077039204689
0.133609575237768 0.159624638653307 0.0789269807598754 0.62783880534905
0.340087876709983 0.000996505738945314 0.240301709896582 0.41861390765449
0.00185249522841262 0.132812578605749 0.355221639324505 0.510113286841333
0.0869425881069698 0.160053018881661 0.396569808281792 0.356434584729577
0.124257890741931 0.182750267459986 0.170685826002177 0.522306015795907
0.312820261733574 0.0338450228899809 0.18419548784379 0.469139227532655
0.35609768873553 0.0447363900745888 0.395778723641757 0.203387197548124
0.344533312925523 0.176784158025592 0.420857780287039 0.0578247487618452
0.220089337629574 0.318988994919568 0.310453967261842 0.150467700189016
0.201154970606792 0.430562115528394 0.012859141523176 0.355423772341638
0.178932943552519 0.413612142324953 0.168368719428291 0.239086194694237
0.431724468758788 0.377277835919795 0.163414964932148 0.0275827303892689
0.48473120771691 0.332022614680781 0.132524393588019 0.0507217840142898
0.473296421210544 0.361379228143783 0.0526104307805509 0.112713919865121
0.217362006912398 0.192726745687645 0.219984950382301 0.369926297017656
0.384829376570205 0.285547817986529 0.281070424486942 0.0485523809563245
0.095434645446258 0.514094655276211 0.0413872931079534 0.349083406169577
0.173342485065559 0.100085779205783 0.414782415208845 0.311789320519813
0.23684107751388 0.20264099144216 0.343876172924646 0.216641758119314
0.434311087614146 0.100438075847738 0.303178462311798 0.162072374226318
0.348264122291191 0.0489705811812496 0.223543484969407 0.379221811558152
0.264036221664159 0.0166846437932141 0.588431788348636 0.130847346193991
0.00349664057713428 0.342781413905782 0.1560757789601 0.497646166556984
0.0895522523980939 0.311842398272065 0.290466824998174 0.308138524331667
0.34219270207985 0.00335781151029098 0.147187177404048 0.50726230900581
0.0899061607577253 0.165026965320696 0.271483447970701 0.473583425950878
0.311124427629083 0.415612223605979 0.27029223767926 0.00297111108567773
0.239042127167506 0.315969346756016 0.376707254946181 0.0682812711302968
0.300886131831749 0.172783392255858 0.224601420971074 0.301729054941318
0.352474618123651 0.00743477249927173 0.069348816969319 0.570741792407758
0.0879187088087005 0.315588585350393 0.30388069029764 0.292612015543266
0.33865670948679 0.343048109792191 0.184726734441064 0.133568446279955
0.299248197771145 0.17292988840815 0.247107011988449 0.280714901832256
0.427279401555247 0.474814471871192 0.0572665008007068 0.0406396257728542
0.398139957591555 0.162288558741801 0.138815909250542 0.300755574416103
0.341248269064699 0.168354549227463 0.299580553994215 0.190816627713622
0.11744244459087 0.395642182085443 0.168846056447621 0.318069316876065
0.316071747288069 0.45993481417407 0.0306494100269353 0.193344028510925
0.293952368284563 0.30556796518212 0.164402853970604 0.236076812562713
0.0530725930752537 0.442285360042455 0.474087926083394 0.0305541207988967
0.0279616666503932 0.209944870797922 0.384934156165462 0.377159306386223
0.52552319900366 0.0167433948976396 0.0495519735675153 0.408181432531185
0.104523510684406 0.378787086773547 0.00203789158680654 0.514651510955241
0.442789324278874 0.0390768986844014 0.208471861289931 0.309661915746794
0.18879058959782 0.353967539406917 0.417940382704809 0.039301488290454
0.417333961615079 0.290410031639094 0.0352433113257848 0.257012695420043
0.0434230458590672 0.324595085476544 0.279550902024215 0.352430966640173
0.418833357794135 0.0227030661921486 0.0881423892155785 0.470321186798137
0.23380517503812 0.269436333913346 0.184242974776368 0.312515516272166
0.276954877741168 0.0677789703542856 0.583743856770439 0.0715222951341077
0.366648070908157 0.0853959026726539 0.176350155116126 0.371605871303063
0.511712001051213 0.0437792580225542 0.401212347408024 0.0432963935182088
0.407233018666264 0.145061114055784 0.328129388533128 0.119576478744824
0.151277842098565 0.528406936144854 0.19883273350973 0.12148248824685
0.0111137856115186 0.379308447866827 0.400174443453846 0.209403323067809
0.490678212334974 0.00179499130354112 0.408076534879807 0.0994502614816779
0.194173264025961 0.136640395556186 0.249813748971569 0.419372591446283
0.279679015286114 0.0839059362442948 0.582641613690676 0.0537734347789154
0.0797779048997978 0.353573541443521 0.42793711214546 0.138711441511222
0.582280583429139 0.072248935347932 0.0043487344623962 0.341121746760533
0.154194117702696 0.286312278847366 0.273589610793513 0.285903992656426
0.14638236075222 0.278545727503982 0.534975710049777 0.0400962016940212
0.258966031539726 0.123907804391592 0.350672030355807 0.266454133712875
0.217701773602014 0.31911574492616 0.229134611741011 0.234047869730814
0.0833585022920859 0.516929552317573 0.0682934272258279 0.331418518164513
0.356674261697319 0.263190642182517 0.0614174678892011 0.318717628230962
0.541072840498733 0.0905524960517089 0.288228364213496 0.0801462992360624
0.214562531207099 0.369281752505313 0.308183270751009 0.107972445536578
0.017548094419759 0.176795598141539 0.415383640216645 0.390272667222057
0.258413452412758 0.240394541379136 0.186629852253724 0.314562153954382
0.12045609986436 0.247537544700459 0.240714281715215 0.391292073719966
0.183181594272358 0.0535700758951459 0.441294728677182 0.321953601155314
0.214185409540934 0.245676173936702 0.233464980852738 0.306673435669626
0.0296842921943467 0.281501723604647 0.32512638720144 0.363687596999566
0.107775890582212 0.117299657057517 0.406738996843836 0.368185455516435
0.29496306388625 0.0948418185602205 0.501116882568825 0.109078234984704
0.386938407115027 0.103599931945016 0.344444126882101 0.165017534057856
0.453101034988747 0.145604738872603 0.256124916460464 0.145169309678186
0.417255339113421 0.141238956055689 0.0612613815309016 0.380244323299988
0.182787913630949 0.235315314622063 0.34228507683412 0.239611694912868
0.0221238431989084 0.345650487716444 0.337606432592848 0.2946192364918
0.0306160414283749 0.448527405501049 0.146707091026467 0.374149462044108
0.0646331034836276 0.470355551638753 0.459671408705526 0.00533993617209306
0.0920802270817025 0.209380864504537 0.287609400239331 0.41092950817443
0.471870021952433 0.0628661056051366 0.227865574118254 0.237398298324177
0.340842966416362 0.112683819846612 0.187723478478028 0.358749735258998
0.33789090679867 0.174191899570022 0.247370487681584 0.240546705949724
0.22085951418239 0.571588743958679 0.1851361507875 0.0224155910714308
0.371584802922875 0.228275455643744 0.147814897120384 0.252324844312998
0.424418471425841 0.0238987505445401 0.210241525441402 0.341441252588216
0.270390462991047 0.223301256767342 0.268522924033798 0.237785356207814
0.176652383889551 0.535312151858481 0.14511239319566 0.142923071056309
0.282144677920658 0.158932547926757 0.431029085051579 0.127893689101006
0.45663085249126 0.138659860719495 0.228379886060368 0.176329400728877
0.285448475364929 0.16137985703025 0.263918451458908 0.289253216145914
0.187134706396556 0.160410593320521 0.350849528162895 0.301605172120028
0.493302954543986 0.417177760386169 0.0788012603413492 0.0107180247284957
0.448035661494854 0.0995566437723889 0.415950073016043 0.0364576217167139
0.257466868394062 0.341347748636888 0.176784831390162 0.224400551578888
0.43528188466286 0.0101831666861483 0.281123107448714 0.273411841202278
0.0445920770099242 0.262471904514516 0.352257175734121 0.340678842741439
0.34097903305358 0.474053203489975 0.13348138538921 0.0514863780672354
0.316094081910617 0.456196813056185 0.132961916956995 0.094747188076202
0.234059247485674 0.488461152143608 0.00783701909201844 0.2696425812787
0.440325013677958 0.0494377073224487 0.400642488266779 0.109594790732815
0.020988397239267 0.312190760486331 0.450230609440359 0.216590232834043
0.273999716165973 0.236070435199997 0.0251612393969645 0.464768609237066
0.125965380161566 0.32797739974823 0.437981750303173 0.108075469787031
0.139714409697618 0.15541176873046 0.5432988968024 0.161574924769522
0.280103727702817 0.257749663539032 0.311658122138565 0.150488486619586
0.100836144231031 0.24057992808635 0.553613456050165 0.104970471632454
0.281397120555203 0.0117725795151619 0.485589681890985 0.221240618038651
0.123423976440269 0.322374783562412 0.236182103588118 0.318019136409201
0.453956029259688 0.0330286741654314 0.246490311487661 0.26652498508722
0.382801252453907 0.29236428581699 0.290105096171772 0.0347293655573314
0.327227981925509 0.212244499971222 0.279781363174456 0.180746154928813
0.159740080620588 0.264718060710274 0.0864596919262566 0.489082166742882
0.307099285374326 0.209611440243912 0.333177823717797 0.150111450663966
0.307390528472406 0.0911791154906415 0.332778649798321 0.268651706238631
0.326887498094526 0.23416196995048 0.0923761388765769 0.346574393078418
0.323523190614458 0.0420863760302199 0.363685865567327 0.270704567787995
0.290893227921157 0.205588107289643 0.245953929502723 0.257564735286476
0.173212457244915 0.0644289527608522 0.468033581389855 0.294325008604378
0.255547022879747 0.266509601935867 0.226419211154644 0.251524164029742
0.49144427888765 0.037701163755633 0.0405066226898916 0.430347934666826
0.143287674041415 0.676199450002493 0.0352410311893876 0.145271844766704
0.227309011112672 0.267872316466815 0.193690269786225 0.311128402634288
0.372849997891836 0.188164328268711 0.434323405514184 0.00466226832526897
0.0775754564680073 0.452641910594008 0.29475674951331 0.175025883424675
0.335542694459944 0.0249310942478926 0.320912592913594 0.31861361837857
0.265708976367406 0.319571551896256 0.336682594624472 0.0780368771118658
0.162221630272516 0.373633508911301 0.265270711845117 0.198874148971066
0.265485853194765 0.40073176405513 0.130795475159825 0.20298690759028
0.276488536588238 0.0435841038810601 0.247266588949704 0.432660770580997
0.0863992265043243 0.379555485906889 0.0282415467644331 0.505803740824354
0.371084368856199 0.314420020673945 0.134847202250565 0.17964840821929
0.200084285614351 0.309515944226613 0.203195702123803 0.287204068035233
0.10309577814757 0.0633126600902138 0.244408005612071 0.589183556150146
0.237896715607552 0.227300815868298 0.223599983684886 0.311202484839265
0.364495252003612 0.0443549675691658 0.308195748278863 0.28295403214836
0.109673936450835 0.478836161652366 0.0962605443639929 0.315229357532806
0.30549656243532 0.0696773827825371 0.400761424415567 0.224064630366576
0.327182512166819 0.134579345163182 0.157169101616899 0.3810690410531
0.340187187664753 0.42447178958814 0.119172460478781 0.116168562268327
0.393458095005225 0.103965300900132 0.44872683433636 0.0538497697582828
0.41161707143186 0.365176581163938 0.00434261335715306 0.218863734047049
0.408791328947316 0.0790995961966457 0.457880833492045 0.0542282413639933
0.300635237064145 0.439453164580481 0.178129701699105 0.0817818966562689
0.202101934412741 0.550468766331959 0.14581699978718 0.10161229946812
0.302581261460552 0.211395645512636 0.4336909509739 0.0523321420529127
0.180724645399524 0.0759308178592093 0.445358603157186 0.297985933584081
0.336738582510128 0.0339605278230916 0.150844204275744 0.478456685391036
0.15279711647825 0.417175455847499 0.339151359846133 0.0908760678281176
0.127960198993217 0.449611731575328 0.152632272190497 0.269795797240958
0.0747045269445751 0.620488196003308 0.0556108818555132 0.249196395196604
0.282859475234036 0.178625667680547 0.149005737966154 0.389509119119263
0.0484230770061857 0.619633249151344 0.142637984402132 0.189305689440339
0.252403497932349 0.284654901087836 0.115472792629274 0.347468808350541
0.244046910698812 0.332194538225417 0.209096903116944 0.214661647958827
0.285305137208961 0.290327240768134 0.255230142074597 0.169137479948307
0.0961555291413306 0.299877395251182 0.330787523635443 0.273179551972044
0.180155625943864 0.283189233584055 0.250805199004123 0.285849941467958
0.418412726230869 0.422622262782566 0.0901767179936858 0.0687882929928794
0.409465759755929 0.0990921066629027 0.433241711081385 0.0582004224997833
0.337608570915619 0.0578833823096474 0.0401183518534435 0.56438969492129
0.0404335163600186 0.254644149792996 0.333403594592735 0.37151873925425
0.0624176919189251 0.423078095256642 0.316835029796611 0.197669183027822
0.219632885981751 0.475326313199244 0.125310199200281 0.179730601618725
0.491681381195627 0.0539700331628162 0.384541957072328 0.0698066285692286
0.368613029412081 0.309086798143637 0.192080458259745 0.130219714184537
0.344420475128573 0.0866393938467949 0.339291949750765 0.229648181273867
0.525817224980677 0.0748372945313547 0.237637563742244 0.161707916745724
0.0712276756572171 0.328169095748389 0.482518408872132 0.118084819722262
0.391597721556035 0.347046983005995 0.0247023632552147 0.236652932182755
0.308433487165509 0.208620089335051 0.221186384857539 0.261760038641901
0.132623512231172 0.366806230714663 0.285481259580356 0.21508899747381
0.200602505027028 0.282870684611341 0.235914411856373 0.280612398505258
0.377077710447557 0.390882571450893 0.105714832556446 0.126324885545104
0.174351216859474 0.241090902852909 0.272748908216996 0.311808972070622
0.575411691369821 0.304324053425998 0.0919044866024811 0.0283597686017001
0.592608042241526 0.322291413773782 0.0226829061886035 0.0624176377960886
0.339219856572272 0.194932992715898 0.279957308448795 0.185889842263035
0.302923750346874 0.165522158380059 0.306490786633156 0.225063304639911
0.0112593483679243 0.511970606937529 0.0622793292144545 0.414490715480092
0.182071003506273 0.280813321494798 0.473788858823114 0.0633268161758153
0.25234027953678 0.307520188370212 0.232047286777893 0.208092245315115
0.33918520187938 0.203668054778056 0.255670500016982 0.201476243325582
0.268380981382186 0.071001523098404 0.304506140593655 0.356111354925756
0.0606396827716535 0.456513371165204 0.00293771533395056 0.479909230729192
0.22035157100091 0.302347856230515 0.191248434945215 0.28605213782336
0.0317363599190244 0.110482658808576 0.444929767616502 0.412851213655897
0.320001986846533 0.284049892319965 0.232594209961185 0.163353910872317
0.016343610394124 0.33382820289881 0.345430327569849 0.304397859137216
0.243602839750428 0.357854191276242 0.0735683963229317 0.324974572650398
0.219333980906092 0.159923751653927 0.41446380061589 0.206278466824091
0.14487134117005 0.284303833682498 0.157231409699482 0.41359341544797
0.25895661022081 0.245052223519698 0.281903211204711 0.214087955054781
0.179234625169087 0.51531638553081 0.185572655523022 0.119876333777081
0.314517905629107 0.309787049646597 0.264025060552848 0.111669984171449
0.192189274369219 0.389822720050186 0.0139561353948303 0.404031870185765
0.24403533367898 0.21594678605795 0.184177192344953 0.355840687918117
0.149897024531639 0.283099566676852 0.287441991092118 0.279561417699392
0.382480399729413 0.18015257878338 0.159412698641262 0.277954322845945
0.320126553479173 0.323515280148432 0.200903505152144 0.155454661220252
0.318505168237109 0.00330844721376635 0.428310459871655 0.249875924677469
0.198723813022726 0.222158906598534 0.122699944590487 0.456417335788253
0.348186372291681 0.144501375478339 0.413268853568224 0.0940433986617554
0.309650143712137 0.307456521004677 0.134160031206256 0.248733304076931
0.332043302771772 0.0670959080368005 0.297811207401711 0.303049581789717
0.53139396202932 0.0172368477810932 0.169278021461679 0.282091168727907
0.344214053596799 0.125720516548541 0.235438789498458 0.294626640356201
0.191575118432593 0.313031451675347 0.303324285401593 0.192069144490468
0.495494688527404 0.166988089278703 0.185280833401632 0.152236388792261
0.171362632667021 0.625741283977366 0.120889547249602 0.082006536106011
0.0797763408514342 0.225219459275058 0.2870266689498 0.407977530923707
0.414149770551444 0.12113482489062 0.375042303384703 0.0896731011732334
0.19873226081495 0.288652712907204 0.0264731880966019 0.486141838181244
0.149654917742353 0.168684905369507 0.518290509284151 0.163369667603988
0.240629088888749 0.313281429988479 0.233889727355995 0.212199753766778
0.164469096640477 0.294549735519008 0.35906936002393 0.181911807816584
0.480472945697941 0.177601478790269 0.307633474963819 0.0342921005479703
0.313734007907396 0.170860715659539 0.116953960023127 0.398451316409938
0.615945632547163 0.165624724899616 0.0264194031174472 0.192010239435774
0.146524827080203 0.405383540323246 0.417760608689304 0.030331023907247
0.375445170150699 0.344275362432629 0.0538282365255194 0.226451230891152
0.177705685366773 0.426200161571844 0.0223658278657512 0.373728325195632
0.207267012003657 0.150288551496677 0.503003553028702 0.139440883470964
0.0146320313409885 0.308097468044862 0.412164755047032 0.265105745567117
0.352553487345244 0.41711252485188 0.216766863862838 0.0135671239400373
0.186343805105952 0.210642106028265 0.397434966219372 0.205579122646411
0.134516274961415 0.242284215813032 0.267949989941407 0.355249519284146
0.24177810752721 0.11713633006915 0.416213272835257 0.224872289568383
0.044274226058037 0.356868860825475 0.594723151877776 0.00413376123871184
0.106020813119467 0.352862614345654 0.0442969895851662 0.496819582949713
0.241640352909153 0.298420701202904 0.230038337647332 0.229900608240611
0.0984992350611225 0.456248258314724 0.0503585980653796 0.394893908558774
0.0822263111268471 0.197305452894176 0.343758057958876 0.376710178020101
0.113789499162102 0.222139566926527 0.275745232216447 0.388325701694923
0.0221218917677952 0.508403213780911 0.0809287940242689 0.388546100427024
0.284303086712315 0.261845217775076 0.201031296636086 0.252820398876523
0.487869902458308 0.0798587180234194 0.0278732958562075 0.404398083662065
0.471313089658085 0.299309610996598 0.0562735542684539 0.173103745076863
0.380993915677249 0.338016879304423 0.0255351859375656 0.255454019080763
0.151544287433909 0.135850092325421 0.319776782799443 0.392828837441227
0.241180715544474 0.342599019441596 0.0642325730746464 0.351987691939284
0.240899490930727 0.0372165007675381 0.363645128456074 0.358238879845661
0.0576503899366144 0.054681039448404 0.562988000357393 0.324680570257588
0.16215172542253 0.189013768987756 0.331902125669104 0.31693237992061
0.214502246803106 0.295586426413578 0.338976464184022 0.150934862599294
0.147290507483994 0.225446075181202 0.36230597244659 0.264957444888215
0.297773561542649 0.240102496206823 0.148893076085862 0.313230866164666
0.377591633342208 0.479095176214205 0.0479799156179178 0.0953332748256692
0.635756920593093 0.146258538728147 0.0315496799449289 0.186434860733831
0.179388812612953 0.00943980529832904 0.401689182361944 0.409482199726774
0.0861553127018997 0.15990304251534 0.47562247894509 0.27831916583767
0.374426260545737 0.154580308593838 0.180331289242736 0.29066214161769
0.357214565823185 0.265252977748106 0.119299423763018 0.258233032665691
0.25306555698404 0.208418016648846 0.123901086869878 0.414615339497237
0.391556489966355 0.374026480735607 0.189767392345022 0.0446496369530166
0.553747650563436 0.333902226577056 0.0521072454988384 0.0602428773606702
0.522301843423065 0.195711859156105 0.188745418854107 0.0932408785667234
0.175165085492233 0.155152337154191 0.435782446176612 0.233900131176964
0.188304120392673 0.311171959237319 0.299664277758034 0.200859642611973
0.336755267457524 0.347523992885426 0.0914269179984049 0.224293821658645
0.185390677740722 0.267440396593422 0.370997042456148 0.176171883209708
0.269298683013757 0.0528513245744407 0.092152311065065 0.585697681346737
0.466895597928653 0.0108376763712259 0.0597655812119969 0.462501144488124
0.25347015456082 0.304244861702365 0.407518519325239 0.0347664644115762
0.115308719850493 0.282533838418774 0.405876397018526 0.196281044712206
0.193664180111271 0.309533473847355 0.323349048729331 0.173453297312043
0.509802408715411 0.093446582203333 0.150265502247554 0.246485506833702
0.438069010479353 0.258863733715749 0.289321844623148 0.0137454111817498
0.0972667384269914 0.29362674662016 0.53666228941958 0.0724442255332689
0.0618675771883807 0.011245730456421 0.389344546941284 0.537542145413915
0.195856171566819 0.0676075556870561 0.243684013841974 0.492852258904152
0.22213615175562 0.105940195165312 0.220380200713128 0.45154345236594
0.185273852432829 0.192097896759567 0.214244622049777 0.408383628757828
0.159219311896956 0.122198123015975 0.0880972092500301 0.630485355837039
0.140913823445353 0.1404211676189 0.302720429172807 0.41594457976294
0.343581223684544 0.007005445829522 0.17419435766878 0.475218972817155
0.0585895011661101 0.569557888004588 0.0295119127080625 0.342340698121239
0.0741197243150904 0.455602254760596 0.386803398658344 0.0834746222659688
0.121678625909682 0.222773677888521 0.399487598253346 0.256060097948451
0.604156941501709 0.0144374790504657 0.00354694855899827 0.377858630888827
0.255223373417115 0.261894850103563 0.203905874156898 0.278975902322424
0.374505648395428 0.26427728236366 0.213249947573958 0.147967121666953
0.36717281257641 0.264759292466087 0.146132672447746 0.221935222509756
0.384552201557034 0.00187264215867349 0.405514750505304 0.208060405778988
0.174964763789213 0.388885074115309 0.203584973021644 0.232565189073834
0.37415132365887 0.0500391144153403 0.35022360069404 0.22558596123175
0.502099762597856 0.221710879887476 0.0114685807218032 0.264720776792864
0.296515941008542 0.298632561075811 0.283093359131306 0.121758138784341
0.277262280649525 0.339471222031272 0.265096198995848 0.118170298323356
0.369906056197858 0.116441821062786 0.238688688961342 0.274963433778014
0.0653507699769668 0.242696203013289 0.18126502054826 0.510688006461484
0.0448431666912537 0.742427270065017 0.00816502179152148 0.204564541452208
0.0528225609476236 0.453544315831842 0.0247449552412071 0.468888167979327
0.163355480159383 0.259396909537227 0.339769586197837 0.237478024105553
0.34621082669169 0.286776390198771 0.0149047503042003 0.352108032805339
0.356975279513303 0.208481193325759 0.327292926298547 0.107250600862391
0.389221578138887 0.00601824410067455 0.376577320973433 0.228182856787005
0.183156339980288 0.25430746861883 0.358119968203949 0.204416223196933
0.342109738655849 0.172210940390057 0.176849331820549 0.308829989133544
0.1254345090106 0.220900615766818 0.346803057357981 0.3068618178646
0.415741818913327 0.249809912349198 0.0819381815777185 0.252510087159757
0.287148718915434 0.29134526494373 0.342765065364508 0.0787409507763275
0.0381021965620066 0.360911333923702 0.458831729624221 0.14215473989007
0.260899243083705 0.264351946296711 0.254630339179469 0.220118471440115
0.346557486177103 0.206672696872184 0.377237833961865 0.0695319829888475
0.33013331198952 0.279951181668134 0.270400973455603 0.119514532886744
0.308653773192188 0.354597807899005 0.210286497362353 0.126461921546454
0.328231520818564 0.257594569129713 0.0222378172326867 0.391936092819036
0.338299313492475 0.317936032908838 0.0841385729074826 0.259626080691205
0.275150944256248 0.126852649069388 0.2900760901238 0.307920316550564
0.276052281939593 0.237542580532254 0.0284060189689141 0.457999118559238
0.136828780893078 0.281359976286869 0.36815167708785 0.213659565732202
0.408891897487032 0.0904826365753315 0.222398929303101 0.278226536634536
0.0234580076141067 0.381981696195489 0.397925344911586 0.196634951278818
0.279861763200666 0.353208106661502 0.337242548779483 0.0296875813583493
0.123363759871167 0.138035982749274 0.438596659162818 0.300003598216741
0.281139774495395 0.184058899879739 0.318168390757039 0.216632934867826
0.00567318286948679 0.616770769024574 0.164284975680147 0.213271072425792
0.24709511582932 0.159300814887103 0.369039398315669 0.224564670967908
0.191114703092217 0.394833239366461 0.201451348965952 0.21260070857537
0.320860843029059 0.0531216499727154 0.347845780371918 0.278171726626308
0.346468000757938 0.232292138384701 0.235673830926857 0.185566029930504
0.331513923006585 0.420982193969755 0.0281333024153144 0.219370580608346
0.392572136561851 0.109500923997112 0.0602442473243537 0.437682692116684
0.504017234037204 0.158027021181081 0.267040225754845 0.070915519026869
0.133519563566521 0.329584275125601 0.304344331947534 0.232551829360344
0.251606052771204 0.316767663382589 0.227204806588185 0.204421477258022
0.0681332335654211 0.369348397065409 0.455876966957906 0.106641402411264
0.347499699620423 0.126410047769703 0.363625247160238 0.162465005449636
0.061477834121241 0.0893218827706927 0.425203579075478 0.423996704032588
0.106004195239706 0.0596762884921254 0.639463391587165 0.194856124681004
0.085169245954189 0.245638765312072 0.545055204643393 0.124136784090346
0.0382660341862893 0.373093462811269 0.544205850130645 0.0444346528717969
0.11889316752981 0.249331056070891 0.317378080223126 0.314397696176172
0.29041057232609 0.324164746330032 0.306914622610713 0.0785100587331653
0.346753319994051 0.450198432893693 0.185304666207473 0.0177435809047826
0.453796700460293 0.0400210273764617 0.455597081511378 0.0505851906518671
0.0900953522798813 0.289185303307044 0.321520319149317 0.299199025263758
0.167194706190709 0.272041514844105 0.240812053063475 0.319951725901712
0.381015089376491 0.33511102931663 0.0271084626465276 0.256765418660351
0.372084304626079 0.0567904651648702 0.381796742886979 0.189328487322072
0.295430828929928 0.12454859855736 0.108636896225999 0.471383676286713
0.496355596179535 0.426853569170808 0.0340970287682037 0.0426938058814533
0.107277280797045 0.44384166690055 0.415569448996461 0.0333116033059445
0.406196479476947 0.339516323778111 0.0968239720408965 0.157463224704046
0.0800149619488129 0.0775453357026021 0.420797860349904 0.421641841998681
0.35054866789282 0.450891400384965 0.187586412615192 0.0109735191070228
0.313756602931309 0.0840665384008241 0.339220562199535 0.262956296468332
0.355312325850905 0.278060217756176 0.0124451000928033 0.354182356300116
0.269167975441151 0.200171896231198 0.285670123510391 0.244990004817259
0.0291586978294582 0.214900235337514 0.117602743649168 0.63833832318386
0.324292285460359 0.117762504135276 0.120243914869092 0.437701295535274
0.256777538953094 0.240701352628578 0.200222121482963 0.302298986935365
0.496469765565819 0.00466687269047632 0.488774682106953 0.0100886796367517
0.255515776094295 0.381338665433177 0.237339268411022 0.125806290061507
0.22482227055645 0.00725480586399033 0.316480595880217 0.451442327699343
0.0676970788370678 0.22753204692871 0.252460717205073 0.45231015702915
0.0286687135405714 0.279574413151638 0.542800216053378 0.148956657254413
0.501419011029619 0.348788875703621 0.126921778567331 0.0228703346994291
0.306961413767477 0.105227749041188 0.154296277158468 0.433514560032867
0.507243163117546 0.363293298178675 0.124324279178173 0.00513925952560617
0.142753938634469 0.142215672863929 0.479677266525084 0.235353121976517
0.244537531817202 0.105612207566039 0.260076766160935 0.389773494455824
0.101425457835064 0.589745379532535 0.10696037523676 0.201868787395641
0.265035930488223 0.252951412752943 0.308438258760951 0.173574397997883
