0.0948489196345139 0.109536518941294 0.173132224618277 0.0873519174100495 0.102475431134055 0.143375415187273 0.114586535443636 0.0491709006980739 0.125522136932827
0.0779836917354169 0.0944895508042834 0.0913087185755156 0.0178592836762738 0.0157824931812171 0.0633152652934748 0.28492958099128 0.176037337270215 0.178294078472324
0.0410117431698104 0.0841580540704735 0.0859151013401198 0.103781052971571 0.131464417314598 0.16696336947983 0.170350967670557 0.0816013021907071 0.134753991792333
0.022748557887305 0.0804829502137308 0.00243731050716931 0.158267607247797 0.236958308055769 0.235841246246996 0.0323608004560215 0.106378325887436 0.124524893497775
0.0497800550975091 0.221924666614198 0.00158332150450792 0.0336951770374774 0.0846829965766705 0.213686836433701 0.204902956521108 0.00318569476068528 0.186558295454142
0.0788878950893636 0.0778571711019451 0.163369925348168 0.203701540545593 0.103666102226666 0.0904407510810228 0.0684818815742527 0.190597918736117 0.0229968142968724
0.181757684058459 0.0785394563681534 0.0634582942671387 0.146321249886566 0.0900858076345199 0.15625476834862 0.0918696455049309 0.13258521936088 0.0591278745707324
0.0940827526397426 0.0413920764587376 0.156310305467622 0.149938705801646 0.136268604702068 0.131586342284044 0.0512759148649988 0.119141916569483 0.120003381211658
0.0677150483933512 0.131189986091278 0.084747304177851 0.149354995676298 0.167540707737316 0.113193616542525 0.100783154261141 0.0248555826008783 0.160619604519361
0.177685065338104 0.235965456146132 0.0335899018348262 0.151684591993168 0.063215647118144 0.0292092110173135 0.128226561730834 0.0452173843510919 0.135206180470386
0.0405390263282709 0.179042737235502 0.0831131901662392 0.0280540428384404 0.170032662404448 0.161486450699289 0.0199607984865206 0.164120627070247 0.153650464771042
0.177478677104153 0.13787438199102 0.0851408481123628 0.033772235233911 0.21363464147584 0.107542396357828 0.0405699111300084 0.200561935638074 0.00342497295680285
0.0921887903118943 0.149119990703668 0.00926523502680802 0.0736805315365368 0.0752277591298088 0.163031522568691 0.10913145138546 0.161616909651707 0.166737809685426
0.108133563665276 0.0474679594081355 0.125083955709219 0.16213612970834 0.147922675489387 0.0618239584278238 0.0875016588667412 0.1231629932665 0.136767105458578
0.149217448536054 0.0162023057714008 0.168680137647692 0.128763685763428 0.0974467869619829 0.0700836241875024 0.224464945855361 0.103892634340809 0.0412484309357691
0.173541329379495 0.0129553427021525 0.182231900149384 0.00815135551310559 0.132875505340413 0.0307622046209093 0.184062233612344 0.119025205867953 0.156394922814242
0.224736796570266 0.0422931498497745 0.0792943711113953 0.0542767646797404 0.0467880825449558 0.114223551759608 0.22614332525911 0.182691149170023 0.0295528090551271
0.0696864543658893 0.0949783783492254 0.0968422475283919 0.121772708117817 0.125239173083906 0.113790611065958 0.118458964361035 0.124995849844157 0.134235613283621
0.0838572455561144 0.127560075786103 0.124580764736579 0.116231237125705 0.0220394953919182 0.0441276700087942 0.20219301709627 0.0989124390069828 0.180498055291533
0.130220958280923 0.200738006249913 0.0200114854973756 0.0755856416193997 0.173845084153153 0.00926349991088158 0.012512301318045 0.20469946399344 0.173123558976868
0.0548866893574445 0.112181056786092 0.0713566166368538 0.169905664714192 0.0613869193668477 0.150648122737785 0.0855488110206516 0.142313842984044 0.15177227639609
0.168907174958355 0.173705516348599 0.199279563498381 0.024815680065963 0.0957447948641249 0.0673084613197587 0.0187396824706102 0.142812366708031 0.108686759766176
0.0487355471301379 0.148098373314983 0.121950131245641 0.0977214257795744 0.174374988805212 0.0773993077718568 0.10749475665076 0.149289487024497 0.0749359822773375
0.0467026399312933 0.0413379530832096 0.343955940071059 0.0357968225585904 0.0897369096043626 0.167778447211821 0.0246912189445224 0.105748953903581 0.144251114691561
0.088242302515487 0.110913058895694 0.110822417980079 0.0903632834987862 0.122101017152089 0.145383660792809 0.0617902498711091 0.0925445802193981 0.177839429074547
0.0702365944048682 0.0061389018463219 0.004153713216964 0.146113586174578 0.195939909698137 0.0929986444067074 0.0977905459801479 0.155379446489583 0.231248657782693
0.00131726553969357 0.211797544550192 0.134524894475468 0.103036914268105 0.121668585381319 0.0641778864717439 0.113574839327467 0.0647899423803791 0.185112127605633
0.122793980817485 0.255872669198081 0.124828859984785 0.0484060148475276 0.0636708959968086 0.0963838500578085 0.253894992396199 0.0156303705271191 0.0185183661741861
0.148502381031854 0.00257713002459639 0.113800855852706 0.157666864875665 0.0164127514071435 0.105791168254865 0.12302525530049 0.197955678921967 0.134267914330714
0.120815114912529 0.0548576987494026 0.146335054991258 0.0164903251775658 0.11937331334022 0.0877818059497862 0.172991258654791 0.142357886322855 0.138997541901592
0.0125702040883718 0.276216806985414 0.0817833974977459 0.00974251256542625 0.11532820626267 0.309918818228074 0.0593934131551922 0.0958267990595732 0.0392198421575322
0.0521291996858907 0.0958718882035665 0.170526066051693 0.035732493478892 0.169500096452543 0.0427792820372336 0.189835966183762 0.200297857625502 0.0433271502809164
0.158708644465541 0.0428522721809212 0.125281431117953 0.352150208564076 0.0569664248815957 0.0604279602042252 0.0745602275117804 0.117638105467349 0.0114147256065594
0.056830814509245 0.135994374668058 0.13148860457065 0.224382404923052 0.128853883001932 0.130126929160253 0.0445250415547281 0.0984838886881372 0.0493140589239435
0.155818602043599 0.203810269837239 0.108934009149808 0.136895079485827 0.0350042525114361 0.12426039684112 0.186973429929605 0.0277653830279489 0.0205385771734157
0.0372083590403103 0.0473103666386071 0.143298138559794 0.126118640533983 0.150441519291123 0.12249994928633 0.167971380732065 0.06926917934746 0.135882466570329
0.197173374614681 0.179182868201237 0.047783428423064 0.0552734194207754 0.022233279552679 0.170822535865944 0.0978719815196752 0.0442837871536618 0.185375325248283
0.245622545626084 0.120102871021802 0.108535918123746 0.0249884970179118 0.0777703090053268 0.113829577639516 0.175857427044447 0.0213931451303473 0.11189970939082
0.129648326735258 0.163172967083543 0.0406910514138493 0.062202914566553 0.16998750517374 0.197461842831348 0.00187822617581883 0.149798074496887 0.085159091523004
0.137586764972903 0.086167460683729 0.166607686294454 0.112869299921493 0.149189555421164 0.0577496168414313 0.0616194346381465 0.133632546478094 0.0945776347485854
0.094993956550803 0.0429943523550764 0.152367795033607 0.131566325930429 0.155007112355648 0.0797960533749801 0.0721218729128001 0.182778679086405 0.0883738524002507
0.119958638155563 0.154001253038554 0.00149201196864019 0.0461170436638898 0.143406699944535 0.0612470053520117 0.156627645075998 0.0968221724306645 0.220327530370145
0.075519563861703 0.209650471248938 0.100171882925444 0.117598085817389 0.0534316611254557 0.206196725933128 0.0924567946081388 0.0789946707229392 0.0659801437568637
0.14408098873735 0.272441771941767 0.103517564997365 0.0708993750639824 0.0123533362853858 0.155620926591406 0.179063976525938 0.000337479191606801 0.0616845806651986
0.132495497416329 0.0946678287809569 0.167837653294743 0.0372673236478882 0.116844590713307 0.140416272013949 0.116075862543147 0.0654994951514941 0.128895476438186
0.086607312892241 0.148734885400967 0.077249291088064 0.116941104336774 0.133297987970066 0.16534581284394 0.0964609074191686 0.0139714319255531 0.161391266123226
0.131932104332161 0.00162487845726185 0.0247138603681924 0.115358644216687 0.107604715945518 0.222811185281659 0.0577315952247803 0.220388279518206 0.117834736655534
0.157896707495291 0.294464592514879 0.066891362512426 0.0320898962351025 0.000637627671898559 0.0674396873254152 0.0913871389680073 0.128414626417069 0.160778360859911
0.103189139597697 0.0132653148088325 0.249111473905206 0.118792449365389 0.142608468809645 0.0917086555311721 0.144778222791785 0.117822887365144 0.0187233878251299
0.169697002203721 0.0869475619709271 0.117264366611495 0.122005495591113 0.166614754026763 0.0646744659908226 0.133688645699407 0.015460105450526 0.123647602455225
0.0283746270837482 0.121551962750891 0.0115326288247578 0.0773114410410203 0.0353443360879146 0.327784766517065 0.363351330096302 0.00510824374363633 0.029640663854665
0.111044650028399 0.122720718057614 0.140571399598871 0.134757517213397 0.125377697237439 0.0560278149623773 0.100458694060232 0.105462480735088 0.103579028106583
0.114096726022155 0.120820365094949 0.0873859665350353 0.0189289603753809 0.187980453767518 0.00246331203658324 0.114434535231673 0.188759390908772 0.165130290027934
0.21509025805474 0.224755848968371 0.0268344030505681 0.123994711745613 0.0753976865802608 0.128075123726226 0.100668347951473 0.0756262657066017 0.0295573542161466
0.137102122544935 0.090398001272634 0.124580503621095 0.060921711049152 0.0896574132681402 0.232470204100794 0.0203280656143674 0.00613961555461353 0.238402362974269
0.156574796213587 0.0679939341513797 0.166399471999917 0.0990192207458844 0.0523215492481216 0.113627640116046 0.138448011178809 0.122993856320155 0.0826215200261001
0.109608662866704 0.187303213681988 0.108786847115493 0.161709645574529 0.0852449486507544 0.10889335742417 0.156811231229664 0.0663721089650428 0.0152699844916539
0.18092728427583 0.187215507816952 0.110365091316237 0.152518090131083 0.122491621891191 0.0197404571815648 0.0344140018351642 0.15873832267144 0.0335896228805372
0.0398095315251365 0.195920254807586 0.165180499106534 0.014297795151171 0.111911666726473 0.0668628709811251 0.142849519650512 0.212454456083002 0.0507134059684612
0.148214515865877 0.10510557625292 0.126542622198266 0.0823975639703335 0.124476569173918 0.14242599400724 0.0786874276224652 0.156696167943953 0.0354535629650274
0.164540429867544 0.11669075974247 0.0710808197800695 0.133790231361666 0.155819289393557 0.0512357224581463 0.105162610990265 0.0181902642740815 0.183489872132201
0.0868207633276042 0.0950019886690055 0.179150724320382 0.160774806200064 0.0695248388686484 0.00735257707377698 0.220244373796964 0.0981498624602517 0.0829800652833035
0.217014196891334 0.153143285017273 0.18466273732573 0.0109014113452662 0.159264136168782 0.0856659027678358 0.0443154268747516 0.0869004893060352 0.0581324143029918
0.116181523198834 0.108924671214682 0.0193562777808325 0.188073723466435 0.103590965317739 0.11994654313765 0.128185362877352 0.081700442351037 0.134040490655437
0.0922729346360402 0.0520942597181258 0.176863659042351 0.175588022271481 0.178004926805149 0.013815989853617 0.173453547555683 0.0549479414779736 0.0829587186395787
0.183324302420323 0.103078499239384 0.179853158324181 0.0254128772882033 0.152635097952026 0.11481190606457 0.0115813300508185 0.0385543496106362 0.190748479049858
0.124529318625211 0.051498958092765 0.128454816189008 0.119956239486576 0.14871571492124 0.149932321549819 0.0706021499183325 0.0532704341531519 0.153040047063897
0.0736382581868753 0.110442376887004 0.00973841654515591 0.182537018228637 0.115261220257809 0.237166954412454 0.0697908655546288 0.140587086308548 0.0608378036188889
0.226479636519176 0.189712030802267 0.0384129027425099 0.00631980922608739 0.0885162852640991 0.139928735836524 0.132711037660425 0.0962660211799547 0.0816535407689572
0.204369857696607 0.00957137713738348 0.173826872223142 0.103040700608459 0.0721872216514422 0.0176016071405999 0.13000005522658 0.201178141535503 0.088224166780283
0.0476653396698197 0.162717359381102 0.195380281668119 0.113123396738075 0.147895294250418 0.0758076530637416 0.00601182598035653 0.139632533503849 0.111766315744519
0.0326528517267753 0.080210630522993 0.132632270127327 0.20138367586994 0.179428659539255 0.102567301677505 0.056739549665383 0.210045096100366 0.00433996477045577
0.133588016450131 0.104454947343921 0.209715928830793 0.113561908566444 0.0554944824033179 0.0970925713876061 0.0114968400335642 0.134512863357841 0.140082441626382
0.115347343359006 0.186243585426229 0.113251788587363 0.130492811534073 0.0203179688087515 0.176074840003043 0.00166891980987433 0.0713257736047047 0.185276968866955
0.171115785221754 0.157854582788181 0.156403147504902 0.0268900987092804 0.129922475624762 0.167517158246336 0.0217618905384411 0.0649043771583986 0.103630484207945
0.0373868088797851 0.159787415245444 0.129113066121963 0.118323209178965 0.153408253579666 0.133375709153479 0.0597112948695135 0.0779649136361032 0.13092932933508
0.0152658762242139 0.131372329532907 0.195594503748201 0.00952641694133466 0.0455873764749848 0.272228319760052 0.0467771664428901 0.0535891933600045 0.230058817515412
0.119859545192975 0.0141206883555204 0.125991986529849 0.135377283673923 0.142142622660707 0.0685552794269316 0.0288109827207462 0.152245245932065 0.212896365507283
0.0883796134333729 0.171037056976989 0.121182131312835 0.0212410912013295 0.175268561842508 0.176892644558182 0.113991636686278 0.112685772060767 0.0193214919277386
0.0924514428552583 0.0458109096663354 0.201748284786088 0.0828378912424356 0.25458731173264 0.055242136016188 0.0246130225096921 0.182256335455406 0.0604526657359571
0.170284868003812 0.149686191390815 0.135232382610764 0.114406636882454 0.0198740277198761 0.0963190705092078 0.00376110093656741 0.163011692419226 0.147424029527279
0.219097997175486 0.189565865551261 0.179463954900733 0.0318024427528184 0.120003410122776 0.0719230513397315 0.0690899292672473 0.0338130530491149 0.0852402958408309
0.0519004600389163 0.0795462119039268 0.189881509359306 0.175973746129148 0.165361742428041 0.0597326555628427 0.115526629955869 0.11902065108895 0.0430563935330001
0.154070157357515 0.0218746316314108 0.0602776678624026 0.0419349789300772 0.0430425802393035 0.00400913005541238 0.0675782864606418 0.309980200667334 0.297232366795902
0.179072386911966 0.0706113088989047 0.0700062233572092 0.0159125073842211 0.177532439078781 0.0550239936689727 0.108083183957915 0.161544747691797 0.162213209050232
0.149472044331281 0.105225522809601 0.002635950262357 0.00456788554494773 0.154079516454954 0.154643748879095 0.127080031322465 0.155740024535021 0.146555275860278
0.116346731114573 0.17057670693268 0.135801186157595 0.0119543721371275 0.0758228290472663 0.0892207334505369 0.14278157157364 0.12985470734319 0.127641162243391
0.00731619394251563 0.185261852981264 0.06151034438083 0.21563894726469 0.0511343527555337 0.22595102847808 0.133421305605039 0.0116029730635464 0.108163001528502
0.0445287602607509 0.0917613733647819 0.0180621551604586 0.131486457414976 0.0476316850511103 0.181624055141692 0.0943429283517655 0.220037310071826 0.170525275182638
0.0924409119160286 0.198905168847161 0.143132959713253 0.126630669535539 0.0358555483656644 0.0348451267517475 0.199818614725997 0.0256441349642863 0.142726865180323
0.188566308598268 0.186189461828978 0.158856875007619 0.0534506009976909 0.10396221189533 0.023023709537781 0.121210188693101 0.0931572079788416 0.0715834354623909
0.0358725219403823 0.152484875678675 0.083495204710422 0.119917466321439 0.095812496952711 0.199032182738477 0.130827398558621 0.00776087553585637 0.174796977563416
0.113161529653213 0.0204254624354691 0.24030497221269 0.130255807974766 0.0207656242258208 0.196141706396574 0.176567657422262 0.0489796178500851 0.05339762182912
0.175488147746418 0.00728866514998572 0.0422261375631132 0.207372627735485 0.00915293145155795 0.124771236752398 0.027771466746075 0.2088679562398 0.197060830615168
0.225131038619474 0.0513353016362693 0.0256104735737248 0.0641767485140059 0.130526070349864 0.152894164937632 0.110483966692033 0.120032286553446 0.119809949123552
0.16409814782689 0.0293123971230599 0.15884869997617 0.0490169694666913 0.157304354686709 0.168753410004294 0.154788768445217 0.00999727131382771 0.107879981157141
0.00740110567989209 0.00975439699176627 0.0112284400342528 0.235284340224701 0.0355156553563257 0.0416011022800074 0.121373861500883 0.261710724622548 0.276130373309623
0.0930570663823573 0.0693790500981267 0.0737809331425371 0.24806313005007 0.219094606043893 0.170385573668355 0.0540150829410373 0.0208329556963659 0.0513916019772586
0.0511339113642758 0.310771639651506 0.168686275685873 0.0549606220185107 0.0872354479721999 0.0141179711002535 0.0552528894224407 0.125184062761477 0.132657180023463
0.00525033812559029 0.115675771699577 0.197807311968389 0.12997063780281 0.075743416942503 0.236960806300508 0.086147716785626 0.0580623583229643 0.0943816420520332
0.0421401425809555 0.0224957126722432 0.209142844462893 0.256105830595543 0.0103399231833454 0.125126376141118 0.00866570003320247 0.0951804542973868 0.230803016033312
0.0507989602719975 0.127403309114089 0.0230248242353332 0.108012617464191 0.18444031165982 0.186033420104733 0.115778527151173 0.160264984835253 0.0442430451634111
0.224192708603124 0.156783868517301 0.053470606817581 0.0779191335279477 0.106291758761199 0.064876841134454 0.0857215772707861 0.114805337451648 0.11593816791596
0.117699091269747 0.161242041399458 0.115971634264936 0.158142902086708 0.120328703702978 0.01424226676006 0.0797479183956997 0.0788068195687008 0.153818622551713
0.164466207052841 0.0192216020033967 0.060795405897583 0.101855535877965 0.17148342803415 0.0970185687831665 0.00996129932842722 0.149998180322747 0.225199772699724
0.174820484814823 0.200749111643536 0.102861995848003 0.117648708803493 0.0330578942976082 0.113715939921728 0.11614507664755 0.099931653125499 0.0410691348977599
0.0547688962213321 0.0443681027761447 0.108859144547371 0.181248285407431 0.222219937003512 0.135755845456402 0.11144255680335 0.0350504655051847 0.106286766279273
0.181976033383428 0.108848766108101 0.0244892734304919 0.0754673762648792 0.132952699481502 0.136348361103401 0.134717744038628 0.0377986503595325 0.167401095830036
0.183945313735583 0.140581108647828 0.0962037328897538 0.150956668826735 0.120664336851378 0.0152658731470949 0.0550182888545596 0.184491260617261 0.052873416429808
0.131021728454905 0.139026330401912 0.0236488265411426 0.0764243571736185 0.00402522475473177 0.0981265128901906 0.236503638071427 0.156608512132505 0.134614869579567
0.163705566238909 0.122443928291368 0.00321541031338412 0.0529269292334891 0.00353598536372026 0.111231151628952 0.136821617994703 0.178430060720629 0.227689350214845
0.144955527114891 0.0324287059688924 0.209163213724101 0.195792719720806 0.102165048439968 0.00473720002190705 0.00245497197459679 0.0611713322791951 0.247131280755642
0.0786661419718472 0.0687466854981926 0.135236745863809 0.182994844512147 0.114530520449081 0.109931571378043 0.190079002332601 0.0743635561280759 0.045450931866203
0.261530028109139 0.211583480234247 0.0904191505170357 0.0158224505518488 0.016252241986312 0.0870074070211291 0.0451193814860801 0.0650231237852749 0.207242736308933
0.212907657033605 0.0497140162209006 0.25187353708041 0.0454259089247151 0.0641120509928818 0.229489838586983 0.0057217984100843 0.0879896664238718 0.0527655263265479
0.128811107672034 0.111034267375786 0.0481306870917283 0.158417681740385 0.0310298728251535 0.152725799272558 0.143434848208034 0.0692502595966052 0.157165476217716
0.0294947384413825 0.182778198592587 0.084369463617382 0.0331541367844442 0.0217883906822807 0.111006479447459 0.235510464169747 0.278092692589766 0.0238054356749516
0.0704148258267071 0.113765477113508 0.152243973106097 0.0521553949949123 0.0966025746463536 0.216029653229394 0.0264919855819242 0.0478718595871561 0.224424255913948
0.129065287469542 0.0483428843950422 0.0362380557314399 0.170250574387178 0.229108222394157 0.0133324746872764 0.152989634573793 0.017410330256587 0.203262536104984
0.202398087567759 0.0773522191587512 0.0625413855953774 0.0527351431934356 0.192754742443816 0.203762438127708 0.0118384113272817 0.0260925453463155 0.170525027239556
0.226794090401114 0.126443634354581 0.0241779612038667 0.130403029479557 0.0122739467960283 0.0201108665312318 0.37635711375271 0.00189066400612199 0.0815486934747902
0.246595854426453 0.128300873409873 0.109485544671838 0.0573088446109749 0.0119726545560585 0.0756819213891166 0.179110992649646 0.0223064004101938 0.169236913875845
0.0967280926854888 0.0167364459039964 0.206051066658252 0.0397571830544577 0.189273303072064 0.0600430496972137 0.208887921358455 0.140294020077736 0.042228917492337
0.124951066440963 0.200328276201357 0.0962407068059503 0.0768472191497016 0.19520911271355 0.106679507641741 0.132997449837276 0.0287449260905493 0.0380017351189126
0.124494126081027 0.170113068392537 0.146241091419001 0.0137957874080699 0.0310736212342159 0.0905883585000673 0.164843994602341 0.0406964300331834 0.218153522329557
0.205640577723218 0.0165460310618111 0.162062707010724 0.0320146322692748 0.086586461350637 0.0704227091753482 0.217457629967118 0.117618550028552 0.0916507014133171
0.159241187512801 0.152949189764857 0.149566965896667 0.109997093271655 0.0948578107269346 0.0785763049256603 0.139194430588945 0.00751877096594147 0.108098246346538
0.0960966894461496 0.152832068541166 0.0100138166103992 0.165511622231174 0.116696763312239 0.127068290514624 0.0838722814759248 0.120996405614649 0.126912062253673
0.0562920783243866 0.0467159494478098 0.126647537673424 0.216386856132215 0.149641045210489 0.0366607073686722 0.0114212546191251 0.212456269157838 0.14377830206604
0.0962555993409098 0.10257956768445 0.128095846385101 0.120367347875476 0.175221985439556 0.167191700438452 0.0990757733677215 0.110789901043136 0.000422278425198838
0.0845620647049501 0.205381280016761 0.0919552332462888 0.258557428336489 0.0287989659207359 0.0571721200003037 0.174629822234417 0.0532370532867164 0.0457060322533384
0.161509036577413 0.124027038355068 0.0605897765675019 0.0234527873836531 0.0995878866042204 0.116821774557483 0.156972319297384 0.151187087033131 0.105852293624145
0.0138545678014666 0.034842092529543 0.158136795555113 0.161079845536899 0.189911756111289 0.0489628243915674 0.122593837751258 0.010955273098947 0.259663007223917
0.261113565102406 0.0308476606074602 0.131525222964619 0.0793807178209062 0.0101689572022495 0.0564792904292494 0.0467080831267274 0.31182789982673 0.0719486029196521
0.0440918981564099 0.112141545202708 0.28956245862485 0.0929084504140525 0.109479929902246 0.0723086258904862 0.0705508468340306 0.159863619019153 0.0490926259560644
0.0928215914868092 0.0480262698832915 0.179358762942969 0.206689924406208 0.0229124294646432 0.171210440139637 0.000800179103899412 0.040625369198334 0.237555033374209
0.179373299008878 0.133696385354344 0.128006576888979 0.0563459643041573 0.187518903917606 0.0591033214708124 0.180081240044834 0.0193848185912814 0.0564894904191083
0.129242437845225 0.15091844545504 0.0159424541695113 0.0865842285633515 0.052881668165743 0.0198785893601496 0.185531008023057 0.259296898177402 0.0997242702405202
0.0438442108466746 0.205411234356655 0.0185846880908391 0.246125145599017 0.000408799265884338 0.0348928579958016 0.17010701634045 0.115001877067478 0.1656241704372
0.0694550919681465 0.14980951610947 0.108862925708592 0.0512046412999101 0.107714786805882 0.102547666353302 0.165812648522613 0.0921341591404576 0.152458564091626
0.119654839674748 0.238874369832037 0.0610319165177575 0.0703793044076692 0.0434686633448983 0.0391818307242698 0.19808168280411 0.0033056140811559 0.226021778613354
0.0908523965668554 0.115580293182494 0.148544597271216 0.164288593637537 0.11078976608848 0.0482724790449891 0.153105576694516 0.135617910444099 0.0329483870698119
0.0973602344146889 0.0566433988496868 0.208149537518299 0.126632103321215 0.117850814188414 0.0835470797074763 0.0818844400417499 0.0927783892803587 0.135154002678111
0.0113820554567542 0.103635369208092 0.151184647417583 0.0906011725079019 0.0736128054435134 0.00744047382393298 0.230795190399646 0.163147407685733 0.168200878056843
0.10980371193957 0.270173735821754 0.0702666568180069 0.0417944075779719 0.183988956539595 0.107253763791202 0.0851159290109442 0.0158847077903046 0.11571813071065
0.00678689165199415 0.149257454749113 0.202840588647146 0.189451069570143 0.0776395376515272 0.0581720292289628 0.19013741013992 0.10794232544786 0.0177726929133345
0.122775963318513 0.0207485973820232 0.0064272461475303 0.081477057692566 0.0752814019166766 0.0950577148304195 0.184954660908495 0.168753293675553 0.244524064128224
0.120772950500643 0.152293452033134 0.148813470915243 0.157379551246517 0.135107810497202 0.0712972302729825 0.0519911257496218 0.156671685598615 0.0056727231860412
0.0671843853221034 0.276809849878015 0.0347354843393453 0.00761095193911141 0.0302501991172948 0.184498068430966 0.193274748174072 0.0628692215589837 0.142767091240109
0.00621159864355546 0.237733577885542 0.133103190164984 0.021999588020401 0.218581835884801 0.110821627851183 0.13589266803339 0.0060320943533542 0.12962381916279
0.109496647146063 0.129696875989949 0.166818250376526 0.182173431352216 0.0252217648237133 0.0742184774908447 0.00861685346786189 0.145284706343315 0.158472993009511
0.165817654441288 0.05491504181349 0.029018205399724 0.161764826817414 0.198895190928992 0.0668276812998 0.114752361085439 0.102913074516273 0.10509596369758
0.180519574525377 0.0719861756092309 0.15954275519034 0.165449250879289 0.0465017516925462 0.0631182445791374 0.0996039972365805 0.20280152439507 0.0104767258924297
0.136163289562601 0.138984645891146 0.115465679050261 0.145988738631708 0.0195185181539101 0.09814233457058 0.131303781931567 0.018672800683967 0.195760211524259
0.140134389421711 0.184071464768916 0.184735889068606 0.0546066706215425 0.0502494870373504 0.068230504859895 0.104196529252625 0.0534093302453726 0.160365734723982
0.116475894834478 0.139108890714152 0.145418829448243 0.131181668416872 0.0623581779208979 0.104813538097319 0.104330074911709 0.0758316708891 0.12048125476723
0.0737820934679559 0.157841405567625 0.0328233476636451 0.111267047242197 0.0985548606637711 0.1718365289835 0.17135553726388 0.057074315372835 0.125464863774591
0.140102980922071 0.0927289002878008 0.174068843127553 0.065148192289535 0.0412632715025758 0.107253609320178 0.082159267012171 0.16599746822729 0.131277467310826
0.146728226752179 0.116750962561661 0.134049505842153 0.0807755241720645 0.0600558044636811 0.174856434837846 0.153877658687618 0.0614542511011589 0.0714516315816388
0.0627074579450608 0.116702674204563 0.157301339222022 0.135454647894856 0.182843602620234 0.0462128939223303 0.200222402907766 0.0111721840562191 0.0873827972269497
0.0112721119629752 0.0381468124461829 0.111702900952746 0.0697318147753115 0.0675266535903558 0.142823419278148 0.237811250498928 0.122926096407614 0.198058940087738
0.0157198771935169 0.21023370183535 0.00759953422311782 0.243542263936568 0.0828505245909066 0.104762136714638 0.162553191522833 0.00774720093248699 0.164991569050583
0.0040094340363808 0.179745618300112 0.0410524113850607 0.248395672162172 0.131869072297477 0.145931134951904 0.020137586696422 0.0721080635655971 0.156751006604874
0.183468803220162 0.0555182754391396 0.162539073921916 0.124629259268009 0.123264161062545 0.0696241961026888 0.0937621813050565 0.0367499063582504 0.150444143322233
0.266556976632063 0.0232656096089359 0.0907415761988965 0.244107821559229 0.0462854964973244 0.0899498028541283 0.192010965584198 0.0314232497608087 0.0156585013044163
0.040594853169463 0.179416709928513 0.017817848604872 0.200533964265781 0.049505239924645 0.00904423914932969 0.195455034165469 0.0460167333256768 0.261615377466251
0.214887879301809 0.0545937512793464 0.0158725489744168 0.138120744381064 0.0220813368953751 0.0667623036780931 0.196375125080473 0.149638565550363 0.14166774485906
0.108443096906177 0.134617114514923 0.156381514742492 0.139913271725604 0.0111218723335106 0.111507964941138 0.179023578062344 0.0938519182982266 0.0651396684755849
0.00735513614521713 0.140683727083889 0.0661045712475198 0.036836573973922 0.158041138162661 0.12202984361547 0.143102490955806 0.184203761428712 0.141642757386803
0.0196330597846607 0.133882378926543 0.134197870936339 0.128523551985288 0.192950246082704 0.0876511867264791 0.0142968479758624 0.156975179662526 0.131889677919599
0.10825606485336 0.0756408527118279 0.173139278849597 0.0820393811696852 0.191983644244466 0.0879338605381753 0.186316000725274 0.0874661509560915 0.00722476595152261
0.0975919661023813 0.179666113167152 0.157569414719573 0.0630083910032356 0.204204474562825 0.0255298536314165 0.193473158974446 0.0156555843589772 0.0633010434799935
0.0887600606571076 0.119359592767704 0.0613791551718885 0.00907802065024019 0.250085138831028 0.140083814769077 0.13333808217184 0.195359431421556 0.00255670355955903
0.159732308600718 0.0864616891876859 0.0962675942168328 0.137766049093259 0.139921779287374 0.0107772188267541 0.126923038815033 0.104956652146884 0.137193669825459
0.0246025793799441 0.291957613156651 0.114948133910527 0.230941865410958 0.0376146355687263 0.0109078112903215 0.0639335630639163 0.17737324948562 0.0477205487333355
0.186459657841557 0.0790188721643241 0.0502095416568269 0.143433976870647 0.148791696158192 0.130097254503098 0.173515399085528 0.0092858916752848 0.0791877100445417
0.0887073593167046 0.0875246844411138 0.056318302077387 0.0550023495473107 0.0256084048287953 0.217257920752046 0.230924696114113 0.148798156295658 0.0898581266268711
0.172301805502091 0.0630897534715264 0.186701285153708 0.13191793189225 0.0303320964757284 0.141129095400106 0.115903851535143 0.139237716402383 0.019386464167065
0.0672769743576305 0.135041788243873 0.0363301890873137 0.195496374341371 0.15645186461721 0.0167894766856659 0.151743638890323 0.0909979010526487 0.149871792723965
0.112102629640985 0.0901085700518641 0.184603377955126 0.172365801253859 0.0499165809588537 0.0911571490651538 0.0821557167298014 0.0247691235952022 0.192821050749155
0.0332894532889349 0.142474419390782 0.181004089517337 0.131942327019372 0.165858013566054 0.00112753974894085 0.199270788824179 0.0290741773130217 0.115959191331379
0.144749561371825 0.158832689010152 0.152731773120082 0.00404124948774264 0.099182089973419 0.0512218906094294 0.113501646005767 0.160109842381647 0.115629258039937
0.006646646965106 0.12795953236891 0.111925197386347 0.199220247252364 0.125033683998865 0.0125996821638201 0.121609745920816 0.181647553719791 0.113357710223982
0.0948030256539903 0.179171515237511 0.0597010707243028 0.178305289256084 0.0593175242390103 0.100991298140018 0.0203384575159851 0.0944009933750265 0.212970825858071
0.120593212535774 0.191975718086107 0.118996025113564 0.0123508218851384 0.24555921213142 0.273976373425848 0.00362474464265907 0.0300887781679448 0.00283511401154464
0.0275066263932428 0.201926499431743 0.154825784308329 0.135848249216115 0.0809834985575293 0.0330948520353809 0.0343756246599118 0.208953665271322 0.122485200126427
0.09906097591245 0.132865529701256 0.0547045366186887 0.0690851096165444 0.16564627854553 0.17754464824897 0.0628248013968312 0.112701766425636 0.125566353534094
0.173342684746145 0.0917069724565168 0.052705909502142 0.0975194070751463 0.0531563222967902 0.152822310762087 0.120309095632041 0.118194171462245 0.140243126066887
0.125981417582545 0.124355495929405 0.0938360683835835 0.19523092998098 0.221258233200736 0.0712690548250925 0.00194089120875561 0.0476101143219024 0.118517794566999
0.176118233880631 0.134342498796122 0.0589485643937375 0.199217723432078 0.00832639260964365 0.0348037000160225 0.161030845818124 0.201587013887295 0.0256250271663469
0.150359549658671 0.0710321114166656 0.102887230684925 0.194912981746585 0.00149886220023676 0.0372794747419906 0.201772198442074 0.227126315715407 0.013131275393445
0.0902787071810233 0.162581241741336 0.186537006773693 0.145553639496388 0.13693159612799 0.077193809604534 0.015006359991006 0.158756441930906 0.0271611971531243
0.229482914272617 0.00535879878685316 0.069946122687569 0.105211731342087 0.0332876616096767 0.255336426343831 0.201430525526764 0.0288150521516664 0.0711307672789368
0.0505170257079192 0.162750644892373 0.126761755349989 0.232789368397972 0.0481654140655177 0.126405867490927 0.127054886978789 0.015413581767998 0.110141455348515
0.119699205328655 0.0470480212086256 0.0223597652440727 0.146651931297836 0.0165905894164039 0.131912632826147 0.160886665019191 0.166978780673598 0.187872408985471
0.0581480565732224 0.129291504537303 0.164232548159463 0.0208427979186352 0.143390620655196 0.163488122185614 0.0635140684549348 0.144552824582485 0.112539456933147
0.060390064301225 0.0909385036186797 0.0484450375617013 0.199588665078944 0.0346468625786406 0.137882102121949 0.182952439071259 0.163109276159033 0.0820470495085691
0.12195962488952 0.0768479915991555 0.162360968517946 0.160364656620892 0.110366369061349 0.133324174569854 0.14325345032169 0.0563760386241626 0.0351467257954311
0.0483259485843911 0.202624518794808 0.178717873645374 0.200542972504274 0.0246084559348324 0.0247490227904197 0.129366996647905 0.129426806498029 0.0616374045999663
0.120747815587115 0.137758760827507 0.151030439444137 0.123332017661709 0.0482388137740988 0.203613111367524 0.0350450885156434 0.0470104323862543 0.133223520436012
0.121017274724631 0.175976939328869 0.184607079973211 0.161780174901608 0.033287470849263 0.0527817547571146 0.0381297625799852 0.17285655811571 0.0595629847696079
0.149690118207048 0.0086497300039525 0.172098778125163 0.112226259646342 0.079700440449062 0.205919167319898 0.0594206488991834 0.209446719181393 0.00284813816795895
0.0960550530451089 0.130532953026351 0.144699022223728 0.0902620440905577 0.112703854193887 0.130780235529394 0.0721652014389638 0.0790178911406122 0.143783745311398
0.176714186976592 0.155113013895685 0.109641257915552 0.0131646428961114 0.0688497159986961 0.148409884464003 0.107218431037929 0.0369695508487939 0.183919315966638
0.0111676581747672 0.156718759671044 0.0375050671565057 0.1682247196955 0.0744271737947719 0.186458651918552 0.184598004737431 0.0696924609983948 0.111207503853033
0.0737861651248014 0.148139177933339 0.110033294686846 0.177027982687628 0.0733057246327877 0.0132985601428918 0.165342446076421 0.0847042735741489 0.154362375141137
0.183907076760255 0.0624033146597104 0.0894884740074885 0.0451298517526142 0.199493149071144 0.129575247218204 0.148118857647189 0.0744493315951878 0.0674346972882065
0.0705844826658884 0.221986874183211 0.156839276574574 0.0188310757151161 0.00331546512727854 0.247611262841729 0.0112607987384794 0.157034531212117 0.112536232941607
0.143109987886244 0.147117864105818 0.0361603534700611 0.208436068820551 0.0300386522500459 0.0668523653834212 0.198805755897799 0.140095097483856 0.029383854702204
0.149148245938908 0.0896130822337217 0.172706056618749 0.0587664298492293 0.0376799013520593 0.221851041286987 0.194644006016997 0.0649198434842603 0.0106713932190887
0.20662182335091 0.106267506135295 0.10907210500532 0.174241468570236 0.155235781061762 0.0832084391507361 0.00164365332176139 0.0951299517606751 0.0685792716433033
0.0213557609982393 0.1633831270807 0.16317259220578 0.098055046397278 0.111037541034498 0.0186002947773399 0.100587383159237 0.17695011997653 0.146858134370399
0.209622063344118 0.123448079504453 0.0640977801835835 0.194558962340148 0.053762267443229 0.12897143601611 0.0221618996498867 0.0593803073839476 0.143997204134525
0.106504378705305 0.176164189081744 0.129868974105359 0.169888253708508 0.13088836950531 0.0304894364863321 0.0086152532384536 0.119251018030206 0.128330127138783
0.173095651166608 0.178971058548585 0.162554358999895 0.15664342356832 0.0675785021922895 0.0487506298054285 0.0753675111793409 0.121312914988964 0.0157259495505679
0.00850011885282844 0.102070033377078 0.13355821612008 0.163993730359309 0.136387703076472 0.113793965125007 0.193916981349005 0.10603602738737 0.0417432243528505
0.198304022372495 0.00798083672490018 0.0949706572386886 0.154842175146903 0.194062247045024 0.196027804271789 0.0413228742822266 0.0357880076565618 0.0767013752614117
0.0714838866153636 0.110773585403962 0.124480203414526 0.190626980899511 0.205306170734351 0.0560287520659506 0.119855684207565 0.0537221290647688 0.0677226075940013
0.137239178602015 0.0650744630323225 0.0290263431088685 0.117755182153169 0.0757502106002798 0.0832593541293015 0.210249984103998 0.260362686353068 0.021282597916978
0.165485729339856 0.103782091825414 0.197450039326156 0.127766273684663 0.150812604237119 0.0333954522103254 0.0412638404352259 0.0314026178651585 0.148641351076082
0.0570786145525075 0.174997430796467 0.112980042190462 0.177763977980511 0.188223810354615 0.0410072660120284 0.0270919875619305 0.0969613930937581 0.12389547745772
0.180267947962336 0.0356198816697444 0.177205111864691 0.082436777127143 0.074660044704807 0.179870335844247 0.0247478348629105 0.206873727037748 0.0383183389263734
0.0847359222943553 0.097862718423987 0.0868594731181045 0.183681718333816 0.00798505845876983 0.157931009043015 0.0678708345957205 0.181016879248512 0.13205638648372
0.0427736281784133 0.00907354345231099 0.17448605290376 0.137054541831848 0.177111549327192 0.116732275847405 0.0872711924034567 0.161785787537989 0.0937114285176255
0.0918700220388901 0.108826939987376 0.113359482061482 0.151190709836418 0.175848408153843 0.119351127777532 0.11032964376096 0.0136419164523144 0.115581749931184
0.130999301101349 0.0203074652538913 0.0600048544425518 0.151955806953275 0.133597826448546 0.158948401325301 0.0582817631381613 0.143913372388131 0.141991208948793
0.202005573635377 0.0409566052320948 0.00761294255473572 0.0760680609781002 0.188892333574455 0.0249451379410184 0.179423931409968 0.0925510110120856 0.187544403662164
0.161745295293915 0.110850380064404 0.174321911555201 0.0335879170422116 0.152385278905592 0.144382466348913 0.0912847722114335 0.0119240359755129 0.119517942602818
0.0121616279598198 0.192021064665039 0.140362236854873 0.0203566119400345 0.0537566201882635 0.262496406088095 0.0510344132600018 0.0259618619567836 0.241849157087091
0.0411092737699796 0.189032702563385 0.0119001049972143 0.0820879593066068 0.24907162712938 0.0798441832922626 0.121788409277842 0.165655311989074 0.0595104276742561
0.163194516239004 0.087726492231919 0.147413775115099 0.153053206870709 0.0522190964182868 0.0615216097801776 0.0267185525312407 0.045811177899465 0.262341572914099
0.149817867009587 0.145364967508471 0.108404138500007 0.0886870132984578 0.0691799954123004 0.170113015911118 0.137941919147038 0.121726705562245 0.00876437765077548
0.0177902143420047 0.0540448480897188 0.177640514533335 0.00343963059222552 0.186484603955768 0.152109064348353 0.167646474657361 0.139967868903797 0.100876780577437
0.116237392055126 0.284887467090537 0.277772153230147 0.0733301284443718 0.0127443987218106 0.141666766534595 0.0365443958456747 0.0440148522073659 0.0128024458703718
0.172594482363975 0.157156124856851 0.115747915608999 0.0290829988242271 0.0344322199034187 0.141452504537104 0.190548151343661 0.0755445054542154 0.0834410971075471
0.104915782878476 0.20721644456347 0.0305020452093444 0.000777683031397251 0.0916165029972706 0.155490088517101 0.190243461724143 0.0869732241067454 0.132264766972052
0.0134303518919173 0.119524577522547 0.0991107307802744 0.181547448497388 0.0017705591419484 0.204104934992254 0.0295652549493325 0.3085691311773 0.0423770110470382
0.0966018257011822 0.117058812893707 0.106523467096365 0.153975261122613 0.0957375035654005 0.122787382714933 0.0942237981307786 0.0673992427828989 0.145692705992123
0.188974906360663 0.246649699426012 0.0424004370506789 0.0468809977309327 0.23250040609914 0.174063267890761 0.0537480686299708 0.00317886289626611 0.0116033539155745
0.142421331421487 0.145620595548347 0.0948058622241738 0.0807728098409412 0.148890093132219 0.0839602475361768 0.103042998060279 0.130517206210073 0.0699688560263033
0.223001885292543 0.00905728115294198 0.0318330487291303 0.147300191544844 0.0388902178104044 0.219293835015758 0.0362631707614935 0.139008139100068 0.155352230592817
