0.314225398340243 0.140260646704093 0.157048165432611 0.181485134257219 0.111864777870104 0.0464039952043264 0.0487118821914033
0.172874227719875 0.260936142091652 0.288527798663981 0.0458530590766485 0.157756042747396 0.0651051501444286 0.00894757955601803
0.0888456171339694 0.252312675863393 0.132056171272149 0.0631367904416365 0.12500359934516 0.0855145176129468 0.253130628330746
0.0467821398600109 0.194796904073519 0.147729238962899 0.185590100040529 0.263290786051144 0.0303277023562384 0.13148312865566
0.0824112877104547 0.0116000701254717 0.270798217017754 0.139425894989605 0.0786152513563707 0.254153621919966 0.162995656880378
0.180643416327876 0.15350526781474 0.126439783149459 0.149457047967708 0.131937701335867 0.207857250206115 0.0501595331982355
0.257715959588014 0.0397866877527634 0.0324577833949172 0.216207010820819 0.262597123924332 0.0946434691042606 0.0965919654148939
0.258767628338965 0.258672637239525 0.255173046984737 0.0192578911279147 0.0571152743519143 0.113665710506627 0.0373478114503176
0.141383448114435 0.190140611619945 0.135064114158421 0.299225005074445 0.0229496556948348 0.00664585628386623 0.204591309054052
0.194065327247609 0.00053905472117088 0.102491779923478 0.1864191649357 0.125721721043054 0.200668203382459 0.19009474874653
0.239505261619078 0.0812210747056975 0.0964132203890364 0.133448892405402 0.0813642943402618 0.220177025484568 0.147870231055956
0.196977036249966 0.0640796649903798 0.181403059761556 0.2027634416287 0.167990798229246 0.121262629064279 0.065523370075873
0.245214995489626 0.041564454271122 0.0953354876389109 0.00838195909864839 0.200963365398462 0.287859175432937 0.120680562670294
0.0286001540673895 0.0829279121017428 0.105269687599025 0.234771516417862 0.287611913624405 0.0154717905376946 0.245347025651882
0.268682376438267 0.0396596353509669 0.194427305972206 0.0719521924048799 0.0709902171769257 0.132949309486824 0.22133896316993
0.258909111285178 0.270691296629869 0.0327598873090512 0.040531250596868 0.0336055496284083 0.0970424748563293 0.266460429694297
0.378863555558458 0.361818250222246 0.0181654430719904 0.0360587667138729 0.0666239162811054 0.0608026615863231 0.0776674065660038
0.175138895468612 0.16653202192358 0.173303180104697 0.180004359155291 0.00794535915063065 0.136804530328062 0.160271653869127
0.0770062057628541 0.127920790014789 0.196229402409688 0.157601479783003 0.0684385248711148 0.214242050064016 0.158561547094535
0.0947195935999586 0.123623218926697 0.24392353338954 0.165408715062699 0.0983017862819654 0.241881210903627 0.0321419418355134
0.0261383480298981 0.156771696460417 0.191155262757071 0.217384844222281 0.224417884287934 0.111240320915681 0.0728916433267178
0.344809366105044 0.13237066917762 0.292552358295716 0.049171559466321 0.0253051241979265 0.126431898266085 0.0293590244912872
0.250039108277194 0.0150016132986982 0.0659445737206752 0.135471193744591 0.166783305657814 0.235056733362723 0.131703471938305
0.131332929472861 0.148188464878438 0.220689072038426 0.0392465932002722 0.100600206655361 0.149451812346552 0.210490921408089
0.13810952475641 0.2416227075049 0.157109939558722 0.0633347309944359 0.0976614504212659 0.157890236035156 0.144271410729111
0.150319832139709 0.273217186927065 0.115411281293111 0.0800794780006135 0.191754627922604 0.125039405459456 0.0641781882574409
0.190344627151377 0.143294496477881 0.0419329462607322 0.290362713145867 0.200933086161179 0.00618129590382239 0.126950834899142
0.0370776200703728 0.191484953720338 0.0827421749886682 0.210460586475133 0.0954468700272792 0.186515354738598 0.196272439979611
0.178523910149415 0.0944078577216781 0.120912547541613 0.167451493793534 0.183660172146178 0.119747380660297 0.135296637987285
0.252807911116222 0.108850183528102 0.244788789691097 0.162979498499457 0.079205324306049 0.089356407337776 0.062011885521296
0.2280534251409 0.184598160349189 0.0921082990432012 0.22516450928979 0.0588237781832064 0.0248939075253614 0.186357920468351
0.19990096940799 0.135324753765935 0.219971866694299 0.0541931110626218 0.0597362164759933 0.146067153686039 0.184805928907122
0.205621111308495 0.0354367994969479 0.0320124912530406 0.0828022300801101 0.0234247615167358 0.319656554720267 0.301046051624404
0.173661950596903 0.182704211225047 0.183781543902369 0.0514454412501635 0.192829559203091 0.0945920766504536 0.120985217171972
0.530978298002067 0.2051018486872 0.0456078175780886 0.0816089489203533 0.00776736554040371 0.122258340877292 0.00667738039459464
0.175164222653896 0.162804934265141 0.0958934211680637 0.0542204136672318 0.209170760352963 0.070716158871258 0.232030089021446
0.00262882387502972 0.351937706406283 0.127097447508427 0.249229410518653 0.082654547810621 0.0911933682665848 0.0952586956144015
0.238104873049757 0.108905740180456 0.185586731376767 0.00598271029984286 0.219259297047927 0.0308484309565312 0.211312217088719
0.161867039712827 0.00109579552422203 0.146414488753354 0.12115940043382 0.139917361305269 0.196139950182879 0.23340596408763
0.0870473943310353 0.0694626102758814 0.166623884156113 0.0149893859963678 0.115139312256609 0.363452526216364 0.183284886767629
0.181024619446624 0.164657336153518 0.0674859448813564 0.118322938297773 0.0699182253478332 0.188055320568011 0.210535615304884
0.179267806050971 0.0500175529623148 0.218311728762086 0.323894309553381 0.0607010095853601 0.166912775098051 0.000894817987836925
0.192514303764849 0.0525882716570546 0.117144718912488 0.20085774659207 0.099085821305447 0.140564834094117 0.197244303673975
0.08488230337337 0.241039050981636 0.0716240148491179 0.206653821794142 0.238464720363769 0.147074525505855 0.0102615631321099
0.142319791628573 0.19640202027768 0.153651177552605 0.110916947173795 0.121583322241456 0.114238006020808 0.160888735105083
0.255283514873238 0.0010822531234555 0.014906465875772 0.0397821067303113 0.228613355079666 0.192833833895632 0.267498470421925
0.282398369155947 0.126432834130551 0.17603714048342 0.246857771159949 0.0925862804998647 0.0636209244996116 0.0120666800706571
0.25000338023329 0.0171899921504082 0.115895503429454 0.252568394807251 0.0426547921577498 0.148824503102682 0.172863434119165
0.208195514476515 0.00490635908000825 0.0723072922605191 0.139498438841352 0.235894826109425 0.208833695448509 0.13036387378367
0.409901738674909 0.16204256815772 0.00420019608673572 0.000797278968682209 0.301076251358573 0.0563218030189931 0.0656601637343862
0.214586690815407 0.00969279543073708 0.00145591635512285 0.10703604783149 0.183037098033263 0.242447133381231 0.241744318152749
0.0136632829785868 0.093446488890944 0.131085161336611 0.078902073175921 0.18578745847599 0.185074646202766 0.312040888939181
0.21566529461482 0.0853732432542469 0.188459982073632 0.19657435554147 0.0887305951108967 0.146695842455661 0.0785006869492729
0.118021008230385 0.0908074056554816 0.147670604483308 0.0616003930949195 0.22071613691848 0.180528878284474 0.180655573332953
0.0967568736304429 0.0935977808456496 0.278677767791058 0.156601032676502 0.108461401680793 0.0468296153651204 0.219075528010434
0.317242469767836 0.0986913733461531 0.0855678506173657 0.0538301787546532 0.0804189719331621 0.309214509728488 0.0550346458523414
0.20496165926821 0.084644351006785 0.112562863072151 0.214662222969075 0.206577198479468 0.135759655915202 0.0408320492891083
0.118287560541761 0.168862259386538 0.181464978179583 0.12960352430004 0.17867590219108 0.158227977453311 0.0648777979476871
0.105105875192304 0.268502621762561 0.227123335929064 0.0135819278429478 0.251029586731318 0.114095880766098 0.0205607717757074
0.204668738603285 0.00456629220718074 0.164956514855067 0.152920092718857 0.14350731046444 0.180705151858505 0.148675899292666
0.0488517139200966 0.149557278806959 0.175884347089639 0.212599667962593 0.0375166414542763 0.194194662628139 0.181395688138297
0.11006645025933 0.0362402596816365 0.262259036355903 0.0946341531793058 0.176281376527215 0.165173568550005 0.155345155446604
0.0960217534646738 0.154955578028735 0.128550062073672 0.0365416193809969 0.190040316833412 0.179682345429278 0.214208324789232
0.118644263364363 0.267113374895178 0.11624979923045 0.140850674997323 0.0575608719771954 0.297555644786542 0.002025370748949
0.250456892989022 0.097982416195184 0.18729456425081 0.0814137093384588 0.159058005981087 0.0718785995751199 0.151915811670319
0.0851116754255906 0.240729805659933 0.154827289139187 0.142267560180587 0.228851249059878 0.127450400187863 0.0207620203469615
0.0399628045901042 0.236141778045906 0.117783707592173 0.0436686603722772 0.0809318608660834 0.22559462160924 0.255916566924216
0.112210622508747 0.0619638606126672 0.111121127065154 0.0511400243406849 0.217172522720339 0.233932608314221 0.212459234438188
0.234013444820815 0.109989398485083 0.0638248066936909 0.178926846316099 0.05521704506962 0.152066106492185 0.205962352122508
0.174038683315251 0.108693651142898 0.159141354819089 0.0666285887277211 0.181065172266934 0.156331519703863 0.154101030024243
0.201006869889233 0.0942153256539353 0.0466335872879919 0.202961031363128 0.193329861978284 0.155903332822553 0.105949991004874
0.00801857263801452 0.290894831792229 0.172384891511966 0.0761854073500368 0.157556236094581 0.023527604365905 0.271432456247268
0.184655394277216 0.180222998091125 0.181695885032058 0.0825593401417271 0.19560242123661 0.0707607652114958 0.104503196009768
0.227816782721082 0.0455094037395215 0.178052899546679 0.183456603278612 0.0409337749744939 0.0830885742050796 0.241141961534532
0.179260206294472 0.135921822299558 0.158421819300994 0.0289103694856998 0.0405585952467357 0.303903345930121 0.15302384144242
0.277542707034889 0.0593266563422531 0.0266258594291759 0.190877410658567 0.0793504841973578 0.0493533146617198 0.316923567676037
0.0833411582840286 0.195731375291744 0.00796606417287324 0.220865385238011 0.0573315795744639 0.114605647987359 0.32015878945152
0.144503929595512 0.259544607425887 0.0588579151082423 0.0145835032044748 0.126983326963161 0.152049024268714 0.243477693434009
0.176808655471502 0.0210808607503645 0.219449901984991 0.223906310565098 0.221934375428989 0.12120675212912 0.0156131436699353
0.0303351364919531 0.128832383001378 0.146675597400032 0.20435943303861 0.113180868133935 0.163289576355331 0.213327005578762
0.198641740414381 0.121832543735612 0.179600692364483 0.101344071126934 0.2039542742284 0.0791013061463564 0.115525371983833
0.205389486846084 0.211673534912865 0.183781100084965 0.162321233008701 0.024920459163069 0.118135371443318 0.093778814540999
0.00838099173588722 0.0103172797682955 0.161979656840524 0.0989271173481882 0.203955399870858 0.25794126262395 0.258498291812298
0.187325697763398 0.05416913985749 0.196392824336567 0.159699531859868 0.185324726958825 0.0142147292150592 0.202873350008793
0.217595391282284 0.209292234723387 0.08722055456357 0.214323614641734 0.0446574645455113 0.219404417961726 0.00750632228178775
0.014938925529536 0.00590344444203993 0.171885674778786 0.275133378547728 0.0841393849277752 0.306562234870195 0.14143695690394
0.237071581298484 0.223428019488645 0.186475730129981 0.10338190759147 0.0556847030176791 0.0491429419056267 0.144815116568114
0.0406253327262724 0.274313219270484 0.0598343637160093 0.123619256380356 0.126585275332283 0.12290737168138 0.252115180893216
0.207801840832527 0.0886340536313947 0.0521936460094404 0.128598110906111 0.0936859410114459 0.286373800156999 0.142712607452082
0.230676170856402 0.0714521471015763 0.0349028623522187 0.10598466217418 0.202461006237837 0.26089433843287 0.0936288128449166
0.213167649747738 0.180300288861347 0.184776194216544 0.0232135511221299 0.149160136692548 0.122899349112462 0.126482830247231
0.192465092629727 0.0957918344148098 0.1493364324723 0.032160668631349 0.145000959717895 0.171727171809417 0.213517840324501
0.196311966636158 0.156743352856839 0.0404546342841916 0.106384530617654 0.140848446097694 0.176648545284248 0.182608524223215
0.168576824028002 0.141917368247029 0.203895584775337 0.111980429888199 0.24912861248896 0.0076081015187699 0.116893079053704
0.200996943762917 0.044961671160638 0.180023224072777 0.159218303332863 0.29402703305541 0.120458895418748 0.000313929196647532
0.127771351815935 0.207268214270325 0.203441349840676 0.13764190787418 0.154675821073654 0.155801633365921 0.0133997217593096
0.187599114819047 0.210037601088703 0.00334839415374792 0.166243894299286 0.201068532559307 0.187662818650257 0.0440396444296516
0.171910772235139 0.288946196388538 0.224541193890244 0.146359180654681 0.0202790907696896 0.0667389112972777 0.0812246547644305
0.0508664952731743 0.238180254951351 0.127875330111203 0.194644967107544 0.237423485814242 0.00634584717784847 0.144663619564637
0.0773372940777965 0.0197244231282354 0.12103612550971 0.231062005397093 0.293800691930417 0.115933498381415 0.141105961575334
0.08825277158462 0.0412047308060995 0.161912838889851 0.375231030604085 0.0059416287272472 0.30192911631514 0.0255278830729582
0.16188866014635 0.164646692857482 0.0541966736665176 0.138706754533095 0.16731224442676 0.167970179449517 0.145278794920279
0.0880475232159368 0.109131733062205 0.263292254101308 0.0834315223971414 0.171463755832658 0.0716921107257525 0.212941100664999
0.152929772758609 0.13624088398115 0.24811075962409 0.0949936977925333 0.180940888383936 0.00117921346446711 0.185604783995215
0.120588823382852 0.162916756436661 0.0637667115854039 0.102671836049471 0.100162614052397 0.300686064902426 0.149207193590789
0.293649286141359 0.137344345754895 0.2876061792492 0.0608408329602834 0.0447143375603737 0.0957598851020768 0.0800851332318116
0.134387173860929 0.141721275838472 0.0450551145744941 0.142936013075773 0.267412007526379 0.0423503961988152 0.226138018925137
0.087832664319382 0.19748750023259 0.195674587898658 0.0810173969973852 0.167163655828878 0.0900132044528992 0.180810990270207
0.25040257253687 0.0211131023454621 0.0511343432968601 0.0513473416138098 0.148557474859809 0.265865680017162 0.211579485330027
0.217635325455887 0.0400338497523793 0.308090211133743 0.158109984728877 0.229449159340711 0.0251800488425907 0.0215014207458122
0.246936515307857 0.130572072890547 0.101590796506663 0.2196300880043 0.176584861014219 0.0578014834767519 0.0668841827996633
0.0828290109999127 0.107344831142321 0.113457322078273 0.0617793733800225 0.253050210032009 0.0953821593831983 0.286157092984264
0.135634049921529 0.0726010045727388 0.249610692149806 0.00583065681109354 0.0782155380918667 0.229004264440958 0.229103794012009
0.084059371050972 0.0970507193529645 0.0271335130718001 0.0910241092943962 0.20225456258617 0.230615685684224 0.267862038959473
0.0400791441766426 0.392552822260022 0.0708976087055236 0.171268877047921 0.107190731280381 0.0544989243875665 0.163511892141943
0.195962546638218 0.0446018300296995 0.267682546711974 0.134070508554019 0.114365894490111 0.0220720216906998 0.221244651885279
0.034661681313126 0.11806976473379 0.173456599792394 0.215011704960474 0.15345051784682 0.16779063912151 0.137559092231885
0.0466762905949691 0.269532820051688 0.101270282639784 0.135476933959404 0.24003433992736 0.0452890365164397 0.161720296310355
0.0996154645360087 0.00805034768615287 0.238357122885768 0.000143654064273496 0.237749778871639 0.224956461538398 0.19112717041776
0.144134928735749 0.173214999924178 0.135642706073261 0.116801733050489 0.160964720953843 0.0971472126081979 0.172093698654282
0.246254164700759 0.0762132176466933 0.202253311240503 0.211199625124492 0.159914395979926 0.0693422843647607 0.0348230009428659
0.131595379961009 0.24639393352224 0.148053187462308 0.23511485821871 0.00114068229498744 0.104448396084262 0.133253562456484
0.0263793991566907 0.193236090430598 0.209551859717426 0.0107712593796736 0.241046717582549 0.227659639034621 0.0913550346984402
0.0336227939632159 0.152422475200011 0.136988939399466 0.364692401819834 0.127494326433351 3.776008874785e-05 0.184741303095374
0.182439134343019 0.179410179098846 0.079253724334104 0.188433397429561 0.136351894915614 0.134283968902483 0.0998277009763737
0.166969005691177 0.233016146732142 0.129723714310457 0.0384968777593878 0.189035513272909 0.0790528550026277 0.163705887231301
0.18088097525107 0.0483770930136338 0.020272660936903 0.218587613206827 0.230323036132819 0.253847048862271 0.0477115725964756
0.068659523092755 0.22952080034289 0.120778223553446 0.138983421595898 0.0832666131116387 0.264051410722547 0.0947400075808253
0.171926635171279 0.114022768055821 0.198156532679917 0.15070951747806 0.0273556691633793 0.250331120804586 0.0874977566469578
0.137759699505931 0.124307888828254 0.0490679558293421 0.0606803661056266 0.177578929355759 0.218559041959208 0.23204611841588
0.148296139054786 0.195338210203962 0.208036305382438 0.0548876362946475 0.163970834912417 0.190390129951763 0.0390807441999862
0.128672584151477 0.00428499947987405 0.0559357454860626 0.132902931039353 0.211644041200371 0.0649727562978061 0.401586942345056
0.055857010677075 0.096846037102614 0.24214081858821 0.172595903403786 0.0196972972096876 0.206470642525686 0.206392290492942
0.143909766110206 0.115711710964208 0.00705035699500412 0.210230846727345 0.200427985864011 0.118227356973821 0.204441976365405
0.0783041571358464 0.22641736858219 0.146383245087157 0.0917162629696037 0.229763109740683 0.213244422520116 0.0141714339644033
0.167478361966286 0.248035600379942 0.161168676200636 0.121397779878742 0.0861209513222822 0.0598223854848679 0.155976244767244
0.291410029773649 0.119778765676558 0.0163266185981482 0.266759003916998 0.0913456940181307 0.129831080191361 0.084548807825156
0.0999861017818092 0.199023079940299 0.0748036269651277 0.187271643063988 0.241798549692015 0.187334698033957 0.00978230052280374
0.0864544571585386 0.183841060812141 0.148817044060683 0.075794416428362 0.239103796465807 0.12614541869366 0.139843806380808
0.230165615701312 0.0632100983751042 0.0248311400959151 0.242471998383605 0.296000407217203 0.114418170502899 0.0289025697239619
0.109214385457513 0.108971317974637 0.204552492432826 0.158792585984299 0.176158998786278 0.0676723199016113 0.174637899462836
0.241300995187174 0.145749273098116 0.151618545077454 0.0601967124181935 0.115333789665729 0.0551974845285957 0.230603200024738
0.021852086037994 0.0450751072488212 0.186346232044806 0.207077963371632 0.126371635070308 0.178583446274352 0.234693529952086
0.0801457577841146 0.163867233060801 0.143642133623113 0.00529675400107315 0.223272540037131 0.271729535308606 0.112046046185161
0.0679913383664386 0.17275467074519 0.23392381204566 0.0865328418851177 0.0358642577309412 0.183037451857168 0.219895627369484
0.0322508773026045 0.228829024274325 0.0837196171662634 0.166556880404368 0.0373628933709546 0.249859687115999 0.201421020365486
0.112772061114891 0.248458438584731 0.131375205165669 0.0985449378075574 0.190065253420689 0.147363188596571 0.0714209153098911
0.00130366909183429 0.0378482022300348 0.0468087812928649 0.543156918820838 0.137056139676782 0.16681689187646 0.067009397011185
0.11184975077048 0.057749982655007 0.191946824614573 0.187600547604397 0.193343560809645 0.0712521107413296 0.186257222804568
0.149745356410411 0.216311742606731 0.0824996259711908 0.092736637944754 0.0548768030778382 0.200048236319007 0.203781597670068
0.218520246443865 0.145441913723575 0.0920704387497072 0.0700227807562276 0.265498518509412 0.122458647624852 0.0859874541923609
0.00669965433778948 0.147491103444214 0.102101403466691 0.311677685795184 0.113523471156597 0.177243445729259 0.141263236070265
0.153668886560443 0.19269917604245 0.0871886504177783 0.194289047986826 0.0434610745257429 0.166671228551867 0.162021935914892
0.169755233952887 0.207105937686501 0.17686520672292 0.0448421585924919 0.0518850090615094 0.192034977209772 0.157511476773919
0.187025741505572 0.1665630624012 0.194078070247022 0.164157010007356 0.185625743779204 0.00725571417966801 0.0952946578799767
0.0665011880788536 0.242366560410457 0.232151671846835 0.0460381723952799 0.124503268086934 0.167933623326385 0.120505515855256
0.158518034116672 0.181532129604804 0.0904442141555812 0.147977465412581 0.144119922301426 0.0878156537110288 0.189592580697907
0.107831103795877 0.161606395062382 0.187263853016393 0.294562222925553 0.0973870537793702 0.0203337170639508 0.131015654356475
0.0625983306632227 0.0526771900290999 0.0284337968935941 0.0112898254268376 0.329416923820706 0.400154203997143 0.115429729169396
0.236778739615233 0.171001038562292 0.0691389657884968 0.190683523860678 0.0970489213926961 0.0108800232059084 0.224468787574696
0.0701297070235896 0.143898155028688 0.142530505881764 0.208018586006042 0.260544893810368 0.00760140266161292 0.167276749587935
0.0566549741974348 0.0850803429495053 0.111767603407202 0.215966016874132 0.308882841800254 0.133755767685622 0.0878924530858493
0.0391742358970491 0.219100545171295 0.14495420526144 0.186958993695569 0.173008846602054 0.221088933867509 0.0157142395050842
0.0290884212956232 0.110524036443981 0.288149567029866 0.0640861356507052 0.0808794676813916 0.158424802090485 0.268847569807947
0.256770030086139 0.275106677552327 0.119637694864984 0.0497079327355293 0.0575579320514437 0.0478389140500854 0.193380818659491
0.0326596355199376 0.239790224524263 0.171807915954768 0.133051025447243 0.153450698207687 0.201843559447771 0.0673969408983294
0.153495291209753 0.138125825930192 0.195833933104037 0.0655647185951923 0.104609376368677 0.17498449001459 0.167386364777558
0.164859512552239 0.0847155351665245 0.198691378148757 0.226433861762556 0.172233140263514 0.112068538361187 0.0409980337452229
0.176700252592208 0.100422930087692 0.0628247877175094 0.197126832053379 0.020125525590834 0.177714338435447 0.265085333522931
0.0218814628633529 0.178300218145557 0.162751095129161 0.320923300047433 0.00852516616906994 0.0176391763960421 0.289979581249384
0.175530161965667 0.273959431425795 0.133143568660563 0.0746878749608251 0.0314639067927096 0.100132883820558 0.211082172373883
0.197731976839776 0.193360068606305 0.110663567124473 0.115766789597921 0.22158797382517 0.0489433560220094 0.111946267984346
0.171478250005505 0.0310238608038678 0.147309312645621 0.196158658062769 0.0890199399091527 0.208427578858795 0.156582399714289
0.191837606920341 0.190695658117294 0.204583631266259 0.130949982132976 0.149850911385716 0.0935439375946872 0.0385382725827274
0.020806695936102 0.182516857498696 0.241666133826984 0.184810454786646 0.183226419278458 0.0261992817097583 0.160774156963357
0.19257777427521 0.0487650999704397 0.215673994468865 0.0947023912433923 0.19984587157817 0.173246699572361 0.0751881688915618
0.333489450628138 0.122828030948853 0.0126828571464847 0.281362409489679 0.0487111372739949 0.0626891032713085 0.138237011241543
0.00979314407097772 0.224532971657744 0.0347407320226346 0.13914789589265 0.206865562906349 0.103818001215218 0.281101692234427
0.170060170319538 0.292872883301869 0.295929528173518 0.110564611581222 0.0360328892915259 0.0880293517647778 0.00651056556754899
0.223001624211579 0.381402523050938 0.0518593153560762 0.000852092380992117 0.180888763183273 0.0333819605131062 0.128613721304035
0.190918089506325 0.0451421117775269 0.164186538025213 0.233734060183862 0.132457987444105 0.0791453005206404 0.154415912542328
0.0300980298488548 0.0493388250209266 0.253522527527002 0.113864727336328 0.157095778657081 0.243577694131848 0.15250241747796
0.30016370743929 0.120917506629354 0.230238400673504 0.0167437396652087 0.134885772957944 0.146323321918285 0.050727550716415
0.0169609858438786 0.045716022550806 0.181449434259957 0.20508146941802 0.239691126967499 0.19020575249619 0.120895208463649
0.255437899378937 0.29757319736826 0.0321344454336649 0.214006316723013 0.0817882507132194 0.0578161447672571 0.0612437456156482
0.105595633147317 0.237806618985241 0.156036197329833 0.108344917893343 0.100274270115997 0.138165839830814 0.153776522697455
0.237825062725733 0.242570608268934 0.158154717466292 0.0337369994231915 0.119541309300195 0.0390916506126901 0.169079652202964
0.0410005664315926 0.149012369427427 0.161154138103915 0.0411349661938981 0.0790937307103011 0.16324106020571 0.365363168927156
0.141803409879876 0.148510770307354 0.0704695304984924 0.197316280039959 0.223454589201561 0.207217282711683 0.0112281373610747
0.222120480582851 0.185756115954744 0.155809576020964 0.111039480471234 0.202794000074789 0.118283561880092 0.00419678501532539
0.0777277793922827 0.139915937074708 0.311279859798503 0.0459124546616334 0.0837147890724202 0.0145906324583055 0.326858547542147
0.206212918666032 0.118339239812442 0.184405070670253 0.00784806628300534 0.170823765038889 0.228710411851957 0.0836605276774225
0.0247992057832693 0.0878650970335466 0.23339680757919 0.212011781826182 0.161826025354948 0.146655331213591 0.133445751209273
0.0340863630950176 0.220414095423411 0.222582729177827 0.0912741532243912 0.179608398781198 0.23305609281691 0.0189781674812451
0.112791470914359 0.0911963243601546 0.082577194341615 0.208167014423018 0.19156223282156 0.1435031109382 0.170202652201094
0.30473267218756 0.121791556226377 0.133452077992852 0.274904203100738 0.0215733225486502 0.0327681210930529 0.110778046850771
0.143737256293538 0.0632685975963383 0.0244025934056444 0.151622003993808 0.228883951695924 0.0398122305313466 0.3482733664834
0.214822257193031 0.264192876407778 0.0423083605981937 0.0792662952957663 0.0923761375641876 0.173576515072476 0.133457557868567
0.212703996288152 0.0840151471639883 0.12524443985026 0.190003898982969 0.277925829991628 0.0666012114295976 0.0435054762934046
0.228373759478926 0.202531757197191 0.201771770026259 0.0591047204317961 0.131240840253889 0.0242964186523898 0.15268073395955
0.189416216684454 0.0814734185481982 0.184940782447873 0.125918738829974 0.204420063300804 0.0712235285944233 0.142607251594274
0.272852453027208 0.198997842677251 0.0364753340866653 0.20602966533152 0.0482748552666928 0.135045016647878 0.102324832962785
0.281038720981397 0.038860212507082 0.193387039280067 0.0833742201001608 0.0817796976182874 0.310342272287602 0.0112178372254037
0.0440552037600738 0.122412885197357 0.173974870380342 0.162259502158465 0.0853319601536563 0.125400282593555 0.286565295756551
0.207470842276543 0.00274695244977776 0.180822228389893 0.165134800482819 0.139696953470974 0.097756821677868 0.206371401252125
0.219737583083434 0.171114421014743 0.0011622408249109 0.134156350141927 0.207323683414716 0.168321848156693 0.0981838733635761
0.172300943261636 0.066996518026686 0.0450481516922373 0.169166847471034 0.0700855889944083 0.220542097100152 0.255859853453846
0.062391855321608 0.189377659529104 0.178509333750804 0.165940686357974 0.182792801229083 0.118043532076752 0.102944131734676
0.14437888873505 0.180393219172191 0.095397088993028 0.0100698907603649 0.219849446915938 0.112316875350229 0.237594590073199
0.139719895118792 0.11385581236469 0.154326614358454 0.177404964124708 0.100126495902232 0.24082786778739 0.0737383503437343
0.16967139096966 0.243785828018805 0.0891940411138182 0.0458779734425578 0.0567878621736702 0.154653411263845 0.240029493017644
0.110069560437738 0.151555335646816 0.00210192844660774 0.12467809763029 0.25566052387509 0.183207121718409 0.17272743224505
0.00790139344220844 0.0783406796669874 0.192414922883772 0.186019180388851 0.258792909060443 0.112009273756521 0.164521640801217
0.112781306573837 0.177091752202693 0.0447653297320661 0.218363876182216 0.0243163557444654 0.255299898323958 0.167381481240764
0.170494018832143 0.112747572648912 0.09797381837507 0.0826945727936262 0.0913916414702271 0.183289559500703 0.261408816379319
0.171321990944044 0.160377000725805 0.00357137909132167 0.20927775907154 0.0598948105780608 0.207114870809378 0.188442188779851
0.00259582463910276 0.0320487620331324 0.339936308782016 0.102096846666064 0.104091127893627 0.40591940730589 0.0133117226801676
0.157296935278758 0.214465290711697 0.191590312062841 0.012753173144151 0.00951393155103037 0.211457919569927 0.202922437681595
0.155968023927219 0.23319355396617 0.0294029055002891 0.102716800105689 0.214803301885515 0.0378107205462541 0.226104694068864
0.152079079716228 0.0691600041666239 0.191917178930948 0.164745204404764 0.136480514883996 0.154338970918432 0.131279046979008
0.0936475448270628 0.129177877625538 0.220768240513142 0.116895182596074 0.179803464725031 0.058163955182286 0.201543734530867
0.0448684694980203 0.110851143733205 0.0293969998901274 0.419063343580868 0.267121556765702 0.0441291142775626 0.084569372254515
0.161038581669351 0.0494680034034666 0.178565204425789 0.133654635505224 0.169914410970678 0.15996082660223 0.147398337423261
0.205442864739931 0.0649432681218806 0.171437531049807 0.038081731930843 0.163092938535529 0.166137967514798 0.190863698107212
0.0441099834952087 0.198840017935405 0.137884210807439 0.186710868431294 0.145969318791507 0.0634039965839274 0.223081603955219
0.236090785739336 0.0287997791037502 0.208289568418231 0.0067180168760045 0.208553057728837 0.185674719343301 0.12587407279054
0.145752084647736 0.240758103603813 0.109216650696415 0.172799824913674 0.135469887436288 0.0449471298190525 0.151056318883021
0.096041167252915 0.164831561608824 0.160891065138784 0.132285831179487 0.146160871213661 0.183454337877564 0.116335165728765
0.128326172992957 0.0644002171078042 0.0467156503683593 0.224178032388101 0.23823703759406 0.129482782422822 0.168660107125897
0.173808940054176 0.0385987660660377 0.0492501721604542 0.108227296156705 0.199571217552773 0.019057585984059 0.411486022025796
0.133525515981942 0.0131451712839257 0.225141346637175 0.205158627683614 0.158893472686265 0.0457336790711192 0.218402186655959
0.218517045546478 0.220481100759699 0.00919149304345367 0.0555296545777701 0.143039647547905 0.225807693403024 0.12743336512167
0.140134089002646 0.0548995416309461 0.196565024629807 0.154727734024247 0.173430255262147 0.060445067539132 0.219798287911075
0.173836750642516 0.229392443173388 0.101862633320723 0.26841762913957 0.126517380444411 0.0085253676785006 0.0914477956008913
0.127083269071543 0.0821193016301196 0.0857446323482364 0.0649892877973726 0.243949190520071 0.19968484743418 0.196429471198477
0.0930771809462109 0.0946762546082754 0.221602618278458 0.108392231451038 0.0619100933923691 0.232188339964095 0.188153281359553
0.0840688183647012 0.175164058118787 0.0569769037508028 0.21927710971325 0.157448747728298 0.211012149413878 0.0960522129102835
0.209953976915983 0.225528742954999 0.189530867238094 0.131717767824971 0.100874597272649 0.0764879208518485 0.0659061269414561
0.0551228156924221 0.187095022160711 0.148245542436424 0.153245080845087 0.0865288631347677 0.177531819716535 0.192230856014054
0.201639448992537 0.0962130087876868 0.153773930181915 0.121256483949084 0.109438328058752 0.145299721599828 0.172379078430196
0.0723754335687831 0.225065515814822 0.13375799321909 0.128085296968589 0.0428346215573528 0.136954334798035 0.260926804073329
0.245172373149962 0.184756566702449 0.0650884474810397 0.170403667050059 0.18435012148367 0.100836272375352 0.0493925517574677
0.21555638513497 0.0891890108442335 0.234797712450302 0.158921508311518 0.00761491721616503 0.0609819978527191 0.232938468190093
0.194324416986475 0.0363473278326194 0.200503971325677 0.258151990231481 0.0532602024266774 0.177379190790821 0.0800329004062488
0.204401202566328 0.000256392479201692 0.00562549174935091 0.232762514799817 0.352086728064943 0.141222293692744 0.0636453766476152
0.0196863747094742 0.204175782655356 0.210559504029576 0.243349408449779 0.185042417761205 0.0740418759305454 0.0631446364640645
0.105615755928097 0.015997167754835 0.211704962796692 0.0164057423163499 0.156668025262955 0.13494445536447 0.358663890576601
0.186915485535412 0.20697403548087 0.0340972163114871 0.0876156042045811 0.210233096863614 0.181492054370897 0.0926725072331394
0.213985928364095 0.0856153992343517 0.173090573154902 0.0974992732259615 0.0594392516993692 0.17843667692724 0.191932897394081
0.157616265551771 0.173251554429265 0.0932541791590369 0.125672566708906 0.118188220794257 0.179883638020243 0.152133575336521
0.147295730756351 0.141910815081092 0.153659144069744 0.147446063524563 0.108364170186618 0.160061047168373 0.141263029213259
0.0562986273904954 0.231754109986075 0.138379731135159 0.172215932955534 0.187783350489829 0.00967573092816685 0.203892517114741
0.111956818501893 0.0968758392645423 0.298240094160535 0.0153909636971106 0.012067871725777 0.196718482363229 0.268749930286912
0.100436827442614 0.0348370529768951 0.139906286473981 0.226203591284346 0.179278137560333 0.216337486137477 0.103000618124352
0.217067723173853 0.0189986384160797 0.28549036943764 0.0573032287732391 0.0607120995701263 0.036176267153671 0.324251673475391
0.0354152484202473 0.0806647339833623 0.192850198246918 0.0293139594041904 0.254155602922685 0.258192208931756 0.149408048090841
0.0946896145396488 0.120729170393886 0.366571479506713 0.00501197661176452 0.0951235781164915 0.0614642947601604 0.256409886071336
0.256779110152431 0.215791824108261 0.00993181669920275 0.192761529100846 0.260022354926792 0.00687382074158346 0.0578395442708848
0.0811939044123248 0.0214593929059894 0.282381318266161 0.0765002517613222 0.180789364683724 0.326256378747123 0.0314193892233555
0.149100785607467 0.184480953738721 0.0643108784708094 0.209253345095821 0.162040749705969 0.182095653718679 0.0487176336625342
0.251848775157708 0.14878562758918 0.145201896852257 0.018787611067177 0.0790493430004196 0.209703561070398 0.14662318526286
0.0829988776784535 0.169179518170508 0.0613296789579129 0.302173298707025 0.234534405006424 0.131325955337668 0.0184582661420087
0.106556985519243 0.282127362952613 0.0427972778472291 0.286487664071498 0.0314612888995129 0.118356449621696 0.132212971088208
0.146733084423961 0.213106879100519 0.163017018537533 0.224692761116023 0.0491607698416059 0.00986492700313274 0.193424559977225
0.21454510086198 0.150117614002858 0.195954163725166 0.17685197161609 0.217834252468732 0.000683648065318116 0.0440132492598561
0.178923341617459 0.15215409982265 0.0909984260264053 0.131671786875475 0.108988721225455 0.158247044512194 0.179016579920363
0.220556392062568 0.206761567654926 0.108215691287186 0.214396735275391 0.0713914263483553 0.012715143434965 0.165963043936608
0.0707200557853463 0.252170463647748 0.0566437839667974 0.0164893117096983 0.108533204249286 0.249665223227562 0.245777957413562
0.0665915833518017 0.18479436090288 0.0440950334961679 0.103168653790763 0.153352052624695 0.2753724739912 0.172625841842491
0.334512358523818 0.0530534633214203 0.147805487380033 0.157480933824556 0.0348641191480835 0.111607393589741 0.160676244212347
0.0166133904433589 0.174604810574049 0.289086564142308 0.0270855613352204 0.0623162367967412 0.297712436208947 0.132581000499376
0.127312567507489 0.221311167318163 0.210881741670054 0.0850508123004175 0.112219309512987 0.118736997240699 0.12448740445019
0.0245625380966693 0.0584014200156098 0.154074916936628 0.00368989672386316 0.207336711866695 0.213487938713089 0.338446577647445
0.284536347908622 0.00406282931930813 0.268753428901179 0.156250548930871 0.0361131547076249 0.0203184988293275 0.229965191403068
0.220271088504542 0.0590235664528879 0.12209162494993 0.160190026442413 0.0706598700852841 0.231104049906187 0.136659773658755
0.034882371900759 0.150610395144227 0.0967194104158973 0.0826226177640044 0.319955845964769 0.304308041733594 0.0109013170767501
0.128760319468504 0.241306620939423 0.0165464260753218 0.00741468808477537 0.319063801128721 0.0459656141739184 0.240942530129337
0.267161004821376 0.289395168104329 0.00714457338443452 0.0772671746801193 0.104521759058873 0.0285568732700269 0.22595344668084
0.177764706672705 0.0136050001735871 0.172561983047027 0.18894621039451 0.0949685303459664 0.154886715269474 0.197266854096731
0.0265001192334674 0.246184037832651 0.119669163833145 0.0793142612378291 0.105315530626855 0.18838636311632 0.234630524119733
0.0872477798028485 0.198473995087387 0.0215344961463744 0.227291351108199 0.0470322704401647 0.0824541215230057 0.33596598589202
0.282152634252363 0.0901553701898089 0.0729193561523352 0.0875272929048759 0.109373296489751 0.282317290438913 0.0755547595719526
0.147892663115181 0.136853786685942 0.0141658853695384 0.149206495583954 0.200306644700956 0.207217891828042 0.144356632716387
0.2377132374547 0.226967308448072 0.183923995295072 0.0911908308116815 0.24465579745402 0.00321378325407 0.0123350472823848
0.0697278906508238 0.244856927530448 0.199115324590722 0.0353514962886783 0.263585405957501 0.066493652298904 0.120869302682924
0.166540945955514 0.0927894818668185 0.209914135053355 0.116760424851578 0.208504578833286 0.0539376917474187 0.15155274169203
0.0255434288362995 0.0546479574897734 0.253209950659426 0.367197537957208 0.0806561529141789 0.0545302709060643 0.16421470123705
0.111774764616016 0.0810774333481587 0.0432972793221113 0.206133280489572 0.196882333370638 0.148552805543344 0.21228210331016
0.0748114677437778 0.205925966114674 0.0595490306745742 0.0959335864907611 0.283119843005257 0.0742244003217944 0.206435705649161
0.236861611155424 0.0323267754141785 0.0592504610695123 0.183106376246429 0.0157384337664155 0.137548982659635 0.335167359688405
0.103875950705663 0.201613444997268 0.0933252632106507 0.138103765274569 0.220132483932903 0.0316742450384467 0.2112748468405
0.103915492696844 0.215413742649102 0.197112188279278 0.118767873690042 0.22093262304135 0.00735245675198294 0.136505622891402
0.191159418023359 0.176043203154078 0.00709939457410411 0.094717166720013 0.0997848042377182 0.191841720004638 0.239354293286089
0.326817922070458 0.00269514862139666 0.220113568133649 0.129466657520865 0.0334559693365198 0.067150393026357 0.220300341290754
0.243440889344629 0.0805209537745663 0.0278048896348489 0.120843827772265 0.0762306462401715 0.151854299061724 0.299304494171796
0.236240214572838 0.00324470623433293 0.297877574366686 0.055458036627603 0.109718306642542 0.130777976133963 0.166683185422035
0.183273989221664 0.189548746094565 0.0278631936068249 0.135110844176959 0.0557210450092005 0.188313543697029 0.220168638193758
0.182856218874247 0.0838245943147712 0.17568920651891 0.202895343811567 0.00349988170687623 0.212845355898516 0.138389398875113
0.135799005396498 0.201451780927384 0.208567504960753 0.131131336881104 0.241644387685528 0.0115592542766114 0.0698467298721213
0.224339328779564 0.30663377331031 0.0347229323914686 0.0314906752971015 0.0906829485649363 0.221069157623319 0.0910611840333008
0.116577188123831 0.332813771070854 0.130958864257164 0.181956393307566 0.0221422419720999 0.12232142131733 0.0932301199511548
0.275993818450877 0.0066049473940864 0.228143931032704 0.0123015640742142 0.107582191878137 0.220197274889252 0.149176272280729
0.0221979594609013 0.279061663962927 0.214009181727902 0.223345092552848 0.0143002971972076 0.241717041987863 0.00536876311035015
0.194260853730589 0.0038929706893967 0.0822862001769146 0.284982776857897 0.13950850180774 0.120268702239837 0.174799994497625
0.221004011845428 0.0711815143815227 0.198482475038017 0.230721996453271 0.186528704220834 0.0411237082710065 0.0509575897899208
0.287720451337578 0.272469762226052 0.104978434098738 0.135625732208403 0.0539075012552881 0.0698400096155695 0.0754581092583711
0.0896231231595281 0.0567174675591251 0.0222691551740612 0.197243866204143 0.319251269295191 0.20645170212965 0.108443416478302
0.0550016897441798 0.183955686670523 0.172572480321398 0.211354350018539 0.101773042281357 0.0461037527222337 0.22923899824177
0.0662813880125454 0.0831960585672192 0.26146982986828 0.0776147305064771 0.0788083801082165 0.252468238099056 0.180161374838206
0.129546012512859 0.0340597039059897 0.0562573916123889 0.259434667191324 0.253100176272051 0.0874761205362746 0.180125927969113
0.124597037749999 0.334080639278422 0.0474489659355035 0.0632468625033289 0.00163828535691634 0.310753414110424 0.118234795065406
0.276606813791026 0.0264023194757615 0.217554052668094 0.184186114406311 0.0780005156643468 0.0213392352721188 0.195910948722342
