0.0182818125451053 0.0126977901525158 0.226955340676403 0.0414814040551753 0.218621091552737 0.204093603356798 0.109885866067359 0.152853710205689 0.0151293813882174
0.0366903512162359 0.21989723356838 0.203119693813575 0.19795604617605 0.00556830297381792 0.119840242447773 0.0635922306384288 0.133432717556375 0.0199031816093653
0.181429934459621 0.0645765492496735 0.0896429222460532 0.0178561713421539 0.0607750750254253 0.130964131503005 0.16866532090873 0.1315984521289 0.154491443136438
0.0220448725966637 0.0784147923542933 0.121266358433461 0.0618423977334109 0.111994059590265 0.195354038066157 0.0690372064014953 0.169755050127419 0.170291224696835
0.132383841165185 0.219574033722226 0.176473781737582 0.0423232977554324 0.033170313385047 0.222440126097055 0.0482079778951182 0.0199612965431436 0.10546533169921
0.0245599949197993 0.135555408877593 0.0893660784702423 0.131154187357833 0.145490175143572 0.0296160602724771 0.19513381615319 0.176221372823114 0.0729029059821798
0.0319945845192285 0.195207226515662 0.0381743848092775 0.121040741428503 0.0659529904740794 0.235078416580464 0.117124208467521 0.0549740257745278 0.140453421430736
0.155582329217945 0.061582448932675 0.10820505358271 0.19228122675748 0.188785036630035 0.0675405159056483 0.162268068391734 0.048238004557768 0.0155173160240043
0.0491088396954163 0.0351350101986313 0.0648404600682233 0.139878548057397 0.0453408124548805 0.117689714433232 0.151272715648525 0.198737609467196 0.197996289976498
0.12573605768499 0.0373596160659147 0.150506493853603 0.088119717629743 0.154406507455189 0.131018234382847 0.123485000448336 0.102220454539824 0.0871479179395535
0.0844792891589001 0.213492979209489 0.0832656502334254 0.0974867379414125 0.0121022452499902 0.0765498746026866 0.137240951363651 0.178290657571691 0.117091614668754
0.182853934941943 0.130771720213667 0.0234293651156261 0.129424202701024 0.0509198345334545 0.17482204592514 0.0445061705618116 0.244913474725118 0.0183592512822154
0.0754821987756905 0.110896264596382 0.111809445741897 0.115543254825894 0.0266342820701497 0.165720641146638 0.183239429335765 0.0590013178979926 0.151673165609592
0.144274327116614 0.0439122347999583 0.0374740827394735 0.0870706696280141 0.113625928519172 0.187729416633869 0.231247592458615 0.0957829996807924 0.0588827484234913
0.209785683195356 0.114726352238418 0.150903248370931 0.0285130188374291 0.0778501357761385 0.193915214869155 0.0462313824280636 0.131441057165724 0.0466339071187844
0.110399083185786 0.14533243706815 0.0228350001618969 0.112029089595107 0.160250418972697 0.0310293378888148 0.131739458069014 0.139409495629035 0.146975679429499
0.0314126363607548 0.287023561852199 0.030393553843188 0.0336058648913131 0.188711451733705 0.124173733699838 0.203396502683552 0.0715817795985098 0.0297009153369395
0.0557629667368857 0.128648558724481 0.114882124593979 0.210145071565071 0.0477095287381056 0.00590644734154315 0.167143192408609 0.101428436646607 0.168373673244718
0.0442466385858029 0.0273394685501157 0.183634730910008 0.0399497153704282 0.0203560097867638 0.243873119680488 0.00140358850057829 0.256892435256861 0.182304293358954
0.0887125535756797 0.0933126386756943 0.145132512498248 0.0769851531647864 0.197183206264047 0.147493717083921 0.0723694709769345 0.064730620499744 0.114080127260945
0.1292825320037 0.0230559471599529 0.0472046245812765 0.130496996978404 0.159936429048702 0.0803751426165185 0.157329278519363 0.124811806004154 0.147507243087928
0.226809807897766 0.15229917839633 0.0440294691302058 0.215295790383525 0.105819386111987 0.017307913534107 0.103113869781977 0.0861774252247697 0.0491471595393325
0.0634650573209076 0.102410218986268 0.348014154235827 0.107643666453349 0.0198700231111158 0.216568879292207 0.131966406797388 0.0021302421180194 0.0079313516849174
0.110719492504453 0.235792061987965 0.0109211117068337 0.0677454808131432 0.267298112663863 0.0337514039703864 0.0816208865386607 0.150525279188662 0.0416261706260334
0.0102167168350238 0.0220338067820182 0.038686704743178 0.148776932461557 0.208018030189238 0.211362234247291 0.11085338321576 0.122827486459632 0.127224705066303
0.122048682304736 0.059176716265257 0.190201777403201 0.0723095108884193 0.0861181139600844 0.0878658223269524 0.104663478364576 0.174511138970594 0.103104759516181
0.108511687140535 0.0675754889005071 0.148132401342501 0.140429996096786 0.0656821699767568 0.143629749738544 0.0630335395604281 0.118333402352545 0.144671564891398
0.15056477322314 0.062260784559376 0.14918043296193 0.0896823940267519 0.155328599332221 0.0664418032772221 0.0569668320139781 0.164852318371702 0.104722062233679
0.127752020793599 0.16029950282037 0.128137572920416 0.16175815112894 0.070596411678641 0.062980126311907 0.0998683466789276 0.185077012441746 0.00353085522545396
0.174159212664861 0.153742181708843 0.0189481395938721 0.146851566171244 0.115418553965863 0.176450099407849 0.135792647301316 0.0302117282364044 0.0484258709497479
0.0973913480257543 0.0833441267655584 0.0912637822255257 0.159869917143983 0.0187336178552108 0.159998202279033 0.120877941872599 0.1566187316129 0.111902332219436
0.151799749971395 0.070885844474054 0.024356004709094 0.210786272912765 0.165820383383831 0.0960062540500422 0.210314532201784 0.0565716547971307 0.0134593034999042
0.185733383706851 0.0683389213527976 0.00670061171909516 0.0493142358149442 0.0786853555546521 0.169345708087933 0.151037237612052 0.240649727192811 0.0501948189588638
0.0456361105852078 0.11792935276412 0.0751718689320811 0.20552568815394 0.0753236671200771 0.178996549446331 0.0818295099037397 0.00312991487092559 0.216457338223578
0.140962819811018 0.0674245736172236 0.129028675101414 0.210148211963634 0.0972411573965528 0.14622324260026 0.015619980615472 0.0158561397530808 0.177495199141345
0.0949762276816818 0.117592855311159 0.130955615668081 0.198050093913221 0.0755392196488877 0.109947892914921 0.0971940456443466 0.105573355757238 0.0701706934604625
0.16374674546946 0.046785751629925 0.083913039761053 0.0750443698461275 0.172939008250004 0.177446920264182 0.108677604037655 0.0120620074145674 0.159384553327026
0.133758453383606 0.0462326747889176 0.120401894251498 0.133235854252331 0.09978114782566 0.128096541195843 0.156653837150176 0.065842045675962 0.115997551476006
0.0230993626410624 0.0890211593447318 0.0398976068361996 0.202205384646954 0.224397337134272 0.061303542873929 0.0736003649839394 0.176746599660697 0.109728641878216
0.119196228132846 0.0224061841135635 0.177241588592246 0.0582190928206202 0.0747833433651488 0.189894226758714 0.137666150183297 0.000182553869733711 0.22041063216383
0.127665103397027 0.145078394921786 0.0367905661669982 0.115448981988921 0.00258994518950532 0.198210498737084 0.0896986656123527 0.171583689864313 0.112934154122011
0.299597889433955 0.0638395933056928 0.059704152393415 0.0816155681811046 0.10722839939538 0.106648991551254 0.0378829891761625 0.0936151800793456 0.149867236483691
0.0814458015681895 0.0178865635012215 0.0960409286602244 0.168508611828491 0.0491150036316821 0.195959060841915 0.0421960403826495 0.210052103638468 0.138795885947158
0.230654593682998 0.0538206149047 0.208560393298843 0.162035212337405 0.0402989488168367 0.00821372193077964 0.101217745284097 0.118424412620902 0.0767743571234382
0.17724411354256 0.00555473498657519 0.185186942302732 0.0379574236179582 0.178885803615703 0.109844200700553 0.102743350010916 0.0526418390554597 0.149941592167543
0.104360163913559 0.107278194536823 0.06263135399882 0.0625773747496578 0.178751899250884 0.125232094249652 0.0827255968837294 0.0953957639208395 0.181047558496035
0.0190147468878082 0.124203325690681 0.175710198986137 0.190137229791589 0.127275148270027 0.0322992420148264 0.124766574509173 0.163449345727906 0.0431441881218534
0.140287832811954 0.0144234548125477 0.161524939798588 0.0055231304966879 0.10269940620058 0.218067158635566 0.0026599788042419 0.21191932766441 0.142894770775424
0.190622044295239 0.0873218853022864 0.163710073645999 0.00433846675471341 0.0892485815818069 0.133324047659987 0.10132160511345 0.0819917248601498 0.148121570786369
0.2098144013159 0.144659599060566 0.105831291271998 0.0121376685852639 0.110701835661069 0.0256535553490159 0.0560063750479439 0.20161629343648 0.133578980271764
0.0649926055478171 0.216245726416637 0.0914958279132171 0.00662365017796579 0.124960095737554 0.301683739454433 0.0158700532978021 0.0911137171691516 0.087014584285422
0.146696605234241 0.111207395148017 0.116141935866567 0.0950653210212338 0.151516958481711 0.0621534550797487 0.133450245497273 0.09357582816452 0.09019225550669
0.0212660892793149 0.2027157858798 0.0863011831848464 0.195000392394619 0.0282174461917995 0.0496779744226949 0.0828825766453637 0.25234603405761 0.081592517943952
0.0274066708385233 0.138765622076773 0.0578630245980497 0.169067121684064 0.215559776791731 0.0738043856946806 0.019268716630866 0.197437305909423 0.10082737577589
0.115478480057052 0.0198881268146737 0.0939540924085364 0.0646743915774529 0.164628257920277 0.133829867832267 0.125759183783451 0.134124729149921 0.147662870456368
0.12760082614267 0.227662412129536 0.0833518607252899 0.18213386159408 0.0609470276340625 0.0587009630468755 0.0831687912650574 0.0537386124790356 0.122695644983393
0.159566874526113 0.214682915189789 0.174640974634508 0.132654835869075 0.147583626472986 0.0713084225703271 0.0468349960076345 0.00612455624624303 0.0466027984833247
0.00785439677587505 0.231282401843702 0.0742768361372481 0.110586384413543 0.1362750664171 0.192132043866506 0.0598397296800225 0.148505371788778 0.0392477690772255
0.169614305799753 0.0237365857532843 0.00474256481752239 0.196611070734796 0.0394223516827816 0.104907965266386 0.20625701607459 0.12197877791983 0.132729361951057
0.190515366999983 0.0834577249922702 0.089811081753427 0.0858259126288888 0.0724597311657151 0.0787069172175523 0.166934659340756 0.0847788193147926 0.147509786586616
0.106803429986302 0.101720198566186 0.0787023482770418 0.125559495221916 0.106573457657167 0.150137464404857 0.0175444897830318 0.148847655250013 0.164111460853485
0.166880619009373 0.158052921925384 0.15376925770912 0.0139388300320135 0.104162975586026 0.0951934602325717 0.167736389231398 0.0537789250520283 0.0864866212220853
0.0114441368337153 0.0947665010041176 0.146750503553399 0.101344997845675 0.084221109220679 0.0771179139782877 0.143210222206293 0.171840981150057 0.169303634207777
0.123479845688914 0.0847615195817259 0.285692459826311 0.0969342606691719 0.130553578022274 0.0697404977905061 0.130398664432109 0.0320713352040352 0.0463678387849537
0.06246750461826 0.161186300573493 0.0112511606720292 0.139626883119278 0.145632250010926 0.059147399795958 0.103890844410572 0.159079011130434 0.157718645669049
0.18531909984762 0.0155018378308044 0.17023819067585 0.0616361259555899 0.218286725084759 0.157073093269387 0.00520800056851565 0.0953586416892 0.0913782850782742
0.126193170142966 0.10429424953552 0.096553178378846 0.113510432942443 0.0986087370811285 0.0596255931171154 0.176018671522095 0.136391554915649 0.0888044123642382
0.146640195932771 0.0264940345287668 0.141285190134819 0.0586050986151589 0.0107874235511161 0.234033900455644 0.203629975861193 0.0571723154843655 0.121351865436165
0.0664647551397353 0.0683702126138881 0.00293617956920343 0.124483907705254 0.0478430681246068 0.152927788879782 0.153459634766067 0.200153816261345 0.183360636940119
0.145865433681316 0.167452013822538 0.00686738519750854 0.194982646407727 0.0609320971772968 0.0846975547219715 0.0478425245675585 0.12744616057994 0.163914183844144
0.170565632892961 0.260102633522587 0.11374982618033 0.0760903477341669 0.000624894169879676 0.132606805691117 0.129812519906607 0.0624821389313944 0.0539652009709577
0.184633441434426 0.06923269267324 0.0603390672616565 0.0919846439886657 0.129187944421871 0.0153666540489417 0.0650199016499538 0.29385378213557 0.0903818723856755
0.206162382556251 0.270569521330673 0.0708877573323482 0.243280041595557 0.0755291724146351 0.0290334914049825 0.0804523461052416 0.0220139513942905 0.0020713358660216
0.0554900932295211 0.198386547134031 0.0587971415394348 0.237872492032551 0.0569984496104532 0.0904008643602338 0.126331511294386 0.0180636178655501 0.157659282933839
0.0286509283258636 0.140911058817879 0.135906674350836 0.122051878429639 0.133169646701944 0.179935988906343 0.153114942399916 0.0188356255982055 0.087423256469374
0.0300978691032615 0.0999373028784585 0.0666181615112175 0.217266231701669 0.126184093677896 0.113319282480962 0.128270160038852 0.115797670968625 0.102509227639059
0.0655656903235049 0.0661410705817143 0.134646822121752 0.0866963905533764 0.18116976014405 0.0558397080252531 0.168680384644431 0.115477898107015 0.125782275498903
0.180627531476385 0.221655336551631 0.200159507584033 0.0259345834160756 0.120546549025358 0.0566854986713926 0.0684398293750724 0.00900920924738418 0.116941954652668
0.0742772475440468 0.251670221562032 0.084094349126217 0.0355179042887201 0.0719121716494115 0.11142927418229 0.047195562813321 0.027433994873029 0.296469273960933
0.0382300778261697 0.176401852967718 0.209549908998398 0.0541506835303387 0.00221709689098769 0.118534073630803 0.171616893497143 0.109716731152999 0.119582681505443
0.0803702297065263 0.0739243089064546 0.0156972532761351 0.112438068482982 0.0693380465982051 0.1370407280371 0.240966232840037 0.129276186208574 0.140948945943986
0.0295784452244245 0.106414918758456 0.00619384304163236 0.164050497977836 0.0643067432364852 0.124659097547822 0.163136584552334 0.174234434747125 0.167425434913885
0.125857343692866 0.197304960390746 0.203644375582864 6.66138315866901e-06 0.0263562961522341 0.140280017551298 0.0765250836173724 0.127649487911568 0.102375773717892
0.179918945549624 0.195925551359013 0.178018071262806 0.104540855375092 0.0418998846443836 0.0876713541722758 0.10646294124802 0.0473472120755594 0.0582151843132267
0.15626609311768 0.100378026073323 0.0868707094470103 0.0621229954432122 0.229981343436831 0.100849643197359 0.0868002148189236 0.0981592807858828 0.0785716936797785
0.103994424985012 0.215437926035477 0.0377460496673452 0.0524237499572496 0.141405020864969 0.151526020140056 0.209114098979985 0.0723420733504562 0.0160106360194498
0.0416962329000256 0.104076328112272 0.119110680222408 0.188153381043969 0.171132634183026 0.180725246061621 0.0312159007168724 0.00430886652325232 0.159580730236553
0.0390415851267445 0.204544374262178 0.039636285893375 0.0955168689020256 0.208909720858903 0.185903036469007 0.015631014681927 0.0275461689387707 0.183270944867069
0.0699547429627919 0.0394350182358744 0.171163501491546 0.166931564281236 0.124991301875763 0.119459459498454 0.0754920549355707 0.168021658580508 0.0645506981382562
0.0229395791415004 0.0812856798734547 0.137755602826134 0.12787685280184 0.18068909530725 0.01481275851319 0.120926680108339 0.218746989512213 0.0949667619160781
0.142786742149069 0.0974679027605333 0.0416137836794439 0.214570302566931 0.0688219128742987 0.000355722455413598 0.187321559196783 0.0348619698440431 0.212200104473484
0.158850685915006 0.170992849184921 0.17747559878124 0.0181543175726449 0.177353812152875 0.155258592821989 0.00801319223053729 0.00150278686379332 0.132398164476994
0.0580983358069133 0.00514318517209495 0.151903780608813 0.243787530323129 0.219906025072532 0.00998104258682775 0.0905186361930461 0.198254437192184 0.0224070270444589
0.222717685165109 0.064828689195018 0.0678796749850381 0.212536992209335 0.00862219371329339 0.0508289478080568 0.11229659512387 0.192679236826261 0.0676099849740183
0.141315071642013 0.21427015563419 0.133891852953412 0.0881709437781699 0.0609325280712602 0.125186588585506 0.0333290383666378 0.0322445207045535 0.170659300264257
0.137590388259367 0.136850354925792 0.208619364920671 0.104278283440564 0.178697818642413 0.0229288927996552 0.0843886333528711 0.0753419220283477 0.0513043416303184
0.203386275950592 0.0840430954229142 0.0964467829849208 0.00407218013878488 0.165087446854981 0.0194031748943468 0.0722153494347418 0.203295970581878 0.152049723736841
0.170085341989558 0.113118623972813 0.016534051855908 0.15841894373711 0.057741377743564 0.158057952769869 0.0805524908125751 0.152047350982841 0.0934438661357613
0.0198995497188402 0.187560243509448 0.292428113500477 0.236667773412737 0.0164962517355726 0.0037666032274141 0.191732254512066 0.0123972338360867 0.0390519765473582
0.0985179258593379 0.189445106733153 0.190337648960412 0.0209901755021469 0.109753012628375 0.122141702418049 0.0759841324039969 0.0620038136616062 0.130826481832923
0.235121271642777 0.0242774886095286 0.15664968633234 0.189642988910019 0.129352638302438 0.105513133483213 0.0111902084228055 0.0420213333071597 0.106231250989719
0.202285900594428 0.0125472256762104 0.126271203345413 0.158401250671049 0.0381598425526638 0.13519998630319 0.0234941071121882 0.225471739638054 0.0781687441068029
0.15016851955934 0.00980247232175161 0.0901648059134728 0.000456411724258997 0.290850310350802 0.144987028278685 0.0631103262445701 0.0677443105182757 0.182715815088844
0.117944829871443 0.0500323422167695 0.0266047963308361 0.176498820386118 0.0701885156457333 0.151041731554244 0.155510316952078 0.12297078224985 0.129207864792928
0.146449311302469 0.164679789853176 0.119849721808558 0.0147321233795284 0.0704388404449805 0.163222071212633 0.13654364185495 0.162846203324133 0.0212382968195708
0.157433929399317 0.279337176735466 0.052283106734183 0.0525063510351071 0.0489646888848941 0.119727694781618 0.0500380091788465 0.0679596184056168 0.171749424844952
0.0578274441033486 0.066310309768396 0.0527884828676821 0.114530382480947 0.107935753724051 0.0594789587730602 0.16124688808229 0.198536861641049 0.181344918559177
0.127806393770155 0.0217511650184763 0.181993977843844 0.175603348015545 0.049146815322119 0.0633187004849022 0.117375120699279 0.151370447924854 0.111634030920826
0.235163798480395 0.0221401183639142 0.0360694577513067 0.185571983883737 0.110316743356054 0.119347951311491 0.0356563082163529 0.168155242896879 0.0875783957398694
0.159832042804881 0.0407172967198588 0.0108738447161875 0.167368186227023 0.0734028210051713 0.147958203820673 0.119325749466498 0.0398902531820038 0.240631602057704
0.00822838917933312 0.0485599094989829 0.168722397358826 0.117364423232235 0.232398490846517 0.124428089048839 0.000442890465140589 0.204301946736829 0.0955534636332981
0.12883867843554 0.0694574296262425 0.0574951565067926 0.185031873898013 0.146563389876334 0.124575715993995 0.192420876242697 0.025104439039037 0.0705124403813482
0.134972174691597 0.0771463116875944 0.166467342441977 0.123871646547773 0.153436119361268 0.108696990453669 0.0847491323375779 0.0549410571805657 0.0957192252979773
0.166555195991585 0.1863455923089 0.130161466416614 0.0738709854899741 0.121671896831021 0.0530523712582845 0.0984630604530683 0.142502004577224 0.0273774266733289
0.144554482129588 0.154067246502632 0.119567596568538 0.127423470221184 0.0244177896513055 0.145564615560606 0.161579665219121 0.102312469881233 0.0205126642657924
0.20174987257869 0.0316726952975006 0.229632067807072 0.0715964546940726 0.0619401311782156 0.0819581723263604 0.0184219689295994 0.118441702838283 0.184586934350206
0.180769002029249 0.175077523628859 0.116050155724817 0.00877503366302803 0.1190347073947 0.140337606283308 0.0910350615047031 0.111767374915105 0.0571535348562311
0.140962039739032 0.0905660136075474 0.0350217783131975 0.0468724369309523 0.124157526613751 0.214780832339951 0.0804911407177575 0.0201845852791101 0.246963646458701
0.107147492653748 0.148733545462176 0.196969971712213 0.136461036295749 0.221944517240433 0.0273885365784025 0.0859636774764317 0.05823501294503 0.0171562096358177
0.00249624087295649 0.172229211495685 0.128729424371237 0.133198254541027 0.199055106706625 0.103586953942756 0.0911062097654218 0.0353020217007825 0.134296576603509
0.201756749197628 0.169319718289323 0.0268152160174493 0.198796986664248 0.127307318313592 0.0748732893240386 0.0700396440698056 0.118083930492843 0.0130071476310721
0.0833240507361931 0.167378767787091 0.0700937239893962 0.124609272684125 0.00572851648974461 0.0841579200318351 0.207577822647973 0.08682861698961 0.170301308644032
0.198517601183249 0.0107408631314701 0.200599124553409 0.0422362542790011 0.0049004958942338 0.139255814127441 0.143010154004806 0.180659265974268 0.0800804268521218
0.162959857889886 0.102398821083953 0.152261962207035 0.132907926228665 0.140173056517791 0.038112785002019 0.0150090590599079 0.0607352312164597 0.195441300794283
0.0155325441326466 0.181291546981071 0.13177767114109 0.101944934767497 0.168626298905591 0.0730275006786631 0.125317376340592 0.137226763231457 0.0652553638213913
0.0942415741609318 0.132300075997757 0.146974033804494 0.13729360433455 0.0585247034084647 0.124070784278174 0.0733471875096267 0.137404264824405 0.0958437716815967
0.158216658269469 0.191769812029869 0.114598486050941 0.0760974645634553 0.0385937003693882 0.0492891685283544 0.120092972017349 0.151306978912039 0.100034759259135
0.0603177285658592 0.159264105746607 0.154815825427069 0.0792830938357146 0.157827335609544 0.116370924905487 0.0703262407372746 0.196054728049262 0.00574001712318345
0.0303368099771329 0.0977990660007134 0.109075818532893 0.148248713129933 0.170276037863548 0.14701439164344 0.00591375328269454 0.145802486291134 0.14553292327851
0.0576842731396633 0.0167958975850447 0.272357570689168 0.220097248734662 0.147568075178988 0.013688713513871 0.000518147551990335 0.122238628233174 0.149051445373438
0.134328580244403 0.208894909793103 0.00732875452771707 0.12670727653786 0.0820623095903008 0.156903208017005 0.147735312517112 0.00815248387225883 0.127887164900241
0.050796532005185 0.265312884747323 0.0088879173701382 0.158376443228278 8.30751235531001e-05 0.178894088272322 0.0132712027830188 0.182747083377257 0.141630773092925
0.00177582881497841 0.14177263464087 0.051294459944288 0.197055140418516 0.0533131287925368 0.0352628039614671 0.202054310185739 0.113004952664187 0.204466740577417
0.138193713665565 0.159736191098319 0.000668620623550567 0.0404249402781929 0.0108715922316404 0.13598434595697 0.145293115915939 0.17295618082732 0.195871299402504
0.140943001980432 0.0483170078061547 0.179157755571887 0.0342116230571028 0.142600481296319 0.0282390846098999 0.0607676527486707 0.198013261824639 0.167750131104894
0.072538097945302 0.168950579260681 0.0610638201571074 0.171917742686581 0.028642118740242 0.179239933433789 0.105256445106756 0.17845462652883 0.0339366361407114
0.198152329496294 0.0075375433127003 0.0280048563010773 0.288855559253332 0.00268432752257012 0.178346348915635 0.0697082633656351 0.00909786510643412 0.217612906726322
0.0625316904260951 0.0777349086170184 0.0616307839515091 0.198267005665057 0.0213227187646441 0.123086935195038 0.110003042006228 0.12663446365863 0.21878845171578
0.19123343015511 0.0281696450306508 0.153002054486646 0.0595325737211237 0.176041673934604 0.250747750057 0.0436602711542192 0.075476828623841 0.0221357728368053
0.199355181098534 0.00481094000825963 0.253002988282638 0.0562879957838958 0.0925303783061793 0.0858732025880924 0.0145891020446265 0.0727331471680413 0.220817064719733
0.104748008814477 0.199627732832837 0.200664803126458 0.0497587887868596 0.202214998232319 0.030873385724634 0.0397238281888654 0.0341672520446186 0.138221202248931
0.11736174177234 0.166838074282608 0.0746955001810253 0.0167076874403543 0.148251702657745 0.204818430684475 0.249351827901875 0.0150690949664034 0.00690594011317444
0.0208203349642042 0.327686072352725 0.133101017081091 0.0136761152888627 0.214081940456386 0.0959754531436208 0.0648518734839861 0.0479724324329646 0.0818347607961601
0.217238858668648 0.188682117095824 0.0411951580327086 0.0245491482113903 0.236017793719308 0.0977629104743887 0.02420827871173 0.119581524897504 0.0507642101884987
0.0615788100630722 0.175526070369739 0.0605965865617845 0.0809915506711013 0.0938216171991853 0.210015195942678 0.146996934324938 0.0539214284237499 0.116551806443753
0.111849984600499 0.167160695245435 0.183336621992532 0.268124469236664 0.0366239412518471 0.07473336330091 0.0294149756779797 0.118804797038036 0.00995115165609673
0.156313459691985 0.137265390994157 0.0227871707494123 0.0340231609613013 0.050790373181882 0.0692888568972864 0.18912237607229 0.151930608848766 0.18847860260292
0.141615018594539 0.15277194876183 0.167352259516337 0.0638420603299413 0.111512558405504 0.160220183944884 0.0888192551691785 0.0586269164381169 0.0552397988396704
0.177286427045405 0.0667664646644849 0.205364402203237 0.00467275907162101 0.128909274860101 0.0642795141765361 0.0903584106974828 0.0984265082816587 0.163936238999473
0.0311967494252871 0.142953956550563 0.0778650561339156 0.139166766934046 0.204559845519794 0.0756648559578784 0.145510550859887 0.114512234427483 0.0685699841911458
0.138119584537195 0.14976756891847 0.137353500765503 0.11078611970784 0.0336435585650794 0.105784533657857 0.09704508745589 0.113795346253615 0.113704700138552
0.0297270924472414 0.154534603302841 0.170724775024039 0.0972832134221623 0.121067780012477 0.175867908943129 0.0780256142279201 0.0543051579086138 0.118463854711576
0.121751788306707 0.207544841431563 0.112352680065929 0.190528395954591 0.0039639789881184 0.169640486090325 0.0069234439397841 0.0885776921064461 0.0987166931165368
0.168010773818729 0.0282492626563439 0.101569724213841 0.178214223045845 0.0937230697511228 0.0820898722205787 0.148471543530119 0.0642042556636504 0.13546727509977
0.0954832563286386 0.024170680345748 0.0981581430324378 0.187097295856771 0.112477900852611 0.00719999093664871 0.156659070469923 0.133830912690555 0.184922749486666
0.134538358467584 0.143323048675011 0.0476054849193826 0.10345877057241 0.10407816531285 0.155264685509494 0.087731244260763 0.0632444262044861 0.16075581607802
0.120446722638924 0.149045689633889 0.00836233818613369 0.110054024350748 0.0410523305463497 0.193293166050038 0.232404794222341 0.11283208845341 0.0325088459181662
0.0369728077888848 0.00733194682907081 0.220445064894374 0.01989200627084 0.0828148491441822 0.12261161431049 0.233068736228887 0.0260246319067758 0.250838342626495
0.110154081940412 0.220048343645046 0.252707291242433 0.0178925570848866 0.042039399926945 0.170702150183726 0.0272979829130526 0.0696039177585191 0.0895542753049786
0.10463445729053 0.00371008085312119 0.15567179379174 0.0297479596298345 0.180156372798223 0.0423064110100701 0.164872907617697 0.112971605684207 0.205928411324577
0.138792343117581 0.225799133260846 0.119844693050069 0.0459670476311233 0.0618505723115664 0.101720840474193 0.167224676068499 0.0464270037330986 0.0923736903530236
0.154580392333512 0.167922833367927 0.0922620046348764 0.0788285645372161 0.14819840632501 0.0531888435145133 0.0149232527977288 0.0996392833926172 0.190456419096599
0.189204698219163 0.0610076805054191 0.137263308806489 0.0745204250984113 0.118548654245707 0.0331423487887112 0.150991908741126 0.0999626834801697 0.135358292114804
0.0232878648082537 0.0951440179886499 0.0156608396395093 0.130096250132286 0.0339056777608053 0.0582155339024401 0.257386405103499 0.361261492861472 0.0250419178030848
0.100414298458866 0.174420630559648 0.15010217403699 0.172887167173079 0.0554267546896695 0.218447136708718 0.0543526269352372 0.0463897346116271 0.0275594768261654
0.175171501507015 0.0009200844737757 0.00414064699743865 0.167359889352654 0.08483467849852 0.0583513295115334 0.210924604865074 0.110987982292603 0.187309282501386
0.000237032093243906 0.142393287017061 0.11674339397003 0.124628756803516 0.203992327188521 0.0116517126651348 0.180518982328802 0.185755568503719 0.034078939429972
0.0556607925598199 0.181575953545976 0.0589027711292837 0.1866134192062 0.191292227135771 0.0980730527951192 0.149663448515063 0.0395110584255319 0.0387072766872367
0.120483438142693 0.131027973133865 0.073605320163444 0.169079985971975 0.0538334033469717 0.159385892524773 0.130315955727724 0.00568097473761478 0.15658705625094
0.0687947718668968 0.143049593146627 0.0824762106347806 0.186904089568057 0.128367518073487 0.120125026599353 0.0450114790318897 0.0405077855301506 0.184763525548758
0.0806931626408685 0.151554232803375 0.178713280548865 0.0365620548869853 0.0329036226424658 0.176305276742647 0.233990474025964 0.00987586207212394 0.0994020336367058
0.11651462893964 0.0642950023565599 0.0852949543933754 0.0726970769362995 0.101964624569113 0.172553591795861 0.0523617973829439 0.136808817261067 0.197509506365141
0.0651636100868278 0.0513381443897641 0.110420701558352 0.261705974238631 0.0364960756407718 0.067641215765585 0.272821825443677 0.12974746944662 0.0046649834297721
0.154427680606071 0.149353223979594 0.0762916165821274 0.118269844059308 0.152252991391807 0.155929215712629 0.0451571341475146 0.0390539676723316 0.109264325848617
0.0625759682906045 0.00925785171779404 0.127975551362331 0.221675957427035 0.0299332123807585 0.137302415380856 0.176155955535841 0.124557955152486 0.110565132752294
0.141259521507137 0.280729123902376 0.0202691799965958 0.0702111083824376 0.193866133740534 0.184499703742047 0.00590031057905176 0.0709912879170851 0.0322736302327355
0.148423838267239 0.114976617194369 0.0916361811645771 0.142385141369137 0.0401051826509459 0.152216956865031 0.116892001426983 0.0536255939429985 0.13973848711872
0.0980838539150945 0.0763666772803583 0.197499710501986 0.17860516320773 0.133483326274568 0.032958908721342 0.0237803202982499 0.158045033737689 0.101177006062982
0.029704690184276 0.22561149187376 0.0215361319831928 0.060976505945622 0.0666790307678331 0.118807110584603 0.125709240749964 0.204102611440704 0.146873186470046
0.022711020826651 0.102003053856991 0.151017687603543 0.0811849829674975 0.203799489977541 0.0911664905415811 0.0270989242724501 0.147231733039089 0.173786616914657
0.146924727809824 0.171433598759102 0.0230440979963257 0.0396150124436846 0.109503434758993 0.0782771735851257 0.0261576229530348 0.208287492052452 0.196756839641458
0.027078613948536 0.00598834508763051 0.147583866176019 0.0907193413187932 0.154644180303006 0.163772848275042 0.194984460313302 0.0696708641216724 0.145557480456
0.174755589186083 0.114045524139576 0.219734833771653 0.133890960152927 0.0315523555385647 0.122341637203155 0.0361392943076483 0.138387060558064 0.0291527451423282
0.117125149623746 0.131965099031518 0.0554152861345572 0.0785207063969924 0.15337621129414 0.0939936166766779 0.158665715733331 0.122283428973821 0.088654786135216
0.0543732248455257 0.0326581285390685 0.164556151745007 0.170951247553107 0.0555658948038325 0.141531783138193 0.0854907697137984 0.114152449565866 0.180720350095602
0.158674010699751 0.101689127398812 0.119008065749543 0.155808883049195 0.143241975804263 0.0390378585988746 0.00196162686623394 0.158393209958386 0.122185241874942
0.143176436823834 0.114366644696363 0.0847521323776016 0.164372525204069 0.0935650917753065 0.118104463855492 0.0547173426630064 0.169291003623055 0.0576543589812727
0.0143675141617926 0.0575776654337819 0.153937110199128 0.0255490451688172 0.221883980370694 0.00701344732746706 0.21984458739051 0.241311577376354 0.0585150725714547
0.0421386762852175 0.13013939216365 0.113773791386972 0.094149873645799 0.160212647904575 0.132113747211967 0.00889760180156612 0.197605840903958 0.120968428696295
0.149423877776389 0.117007240115947 0.14334208381825 0.105226582546033 0.162084844494793 0.0178873603725361 0.00177311032081325 0.145779131037774 0.157475769517465
0.138721576546831 0.0335016058836414 0.160985769875413 0.165520709164247 0.11972490687968 0.0702426943470706 0.115749947129797 0.102690577251832 0.0928622129214887
0.081374588479614 0.203826282286284 0.101783719740673 0.173029744672542 0.124933358589098 0.0474153721906699 0.0221070246667071 0.0246614162661005 0.220868493108311
0.0692695007515893 0.163169419029032 0.227291509654511 0.0346644793891637 0.0830202137644658 0.126133318539713 0.0440350793129094 0.204328203284529 0.0480882762740869
0.11024697164292 0.118633875256388 0.104493743770041 0.0140316246908519 0.164910197153693 0.161345766991926 0.104986229093113 0.123943903548149 0.0974076878529175
0.164922597733701 0.215194266479294 0.0152219384781174 0.117302430007734 0.088071432874947 0.0732300027116185 0.139910187444838 0.131412718951547 0.0547344253182025
0.211058740331977 0.17691603812015 0.00713400760197558 0.0649994487954451 0.0571500965941546 0.0921216103233383 0.0686789852758911 0.182598733814767 0.139342339142301
0.0485866699810975 0.0475118773832594 0.118718792284932 0.0194999651684739 0.151819572156785 0.0217123540499791 0.138149210512621 0.28565211035291 0.168349448109942
0.0784273200264857 0.0451656234094002 0.128946134239034 0.150897008184454 0.00796168017455735 0.173578362551937 0.0921367204076314 0.169098697111443 0.153788453895058
0.173979780709644 0.0288822982603231 0.0792598859348319 0.173732810230215 0.0526153500112776 0.0246832194108039 0.124007449725918 0.168848696404416 0.173990509312571
0.163222539478956 0.0882167355103004 0.099535725863303 0.23238460384912 0.0329693850303432 0.112247552237701 0.111239904842301 0.0916313605445133 0.0685521926434628
0.0780254983585117 0.112211910242321 0.145793143682859 0.11246562976934 0.0568499565482222 0.0162528300633716 0.171871127609891 0.146045152657209 0.160484751068274
0.048851301515509 0.151005306902153 0.156973519001193 0.151460386538062 0.0880322568225557 0.153742213374858 0.109222491719997 0.00519108992613023 0.135521434199542
0.0719877529034125 0.0937587765337836 0.145419771289253 0.0905420074093656 0.136781804023336 0.161492268306802 0.161749693089913 0.00491111352316956 0.133356812920965
0.0759310820511573 0.0328665459815174 0.234992365701714 0.0441452981304599 0.0878064383957747 0.0895319513760855 0.159494541094234 0.224225038646042 0.0510067386230157
0.172399564420984 0.117407311235994 0.107305286687114 0.13011325716625 0.160118975053191 0.180174562402506 0.0120521610682402 0.109707330048204 0.010721551917518
0.0454113472985074 0.112692199304689 0.189663129353113 0.0867596618679246 0.104151913814089 0.109828264142485 0.1243766868345 0.152971618176969 0.0741451792077232
0.199708771021953 0.123678999281428 0.0158067637829079 0.110544163492182 0.0777124246124902 0.0424173943413181 0.0992952152899571 0.224723914359 0.106112353818764
0.10513344246979 0.125502652545169 0.0284709153515197 0.244762735398753 0.0545537461230273 0.0244844088417456 0.253848106243747 0.0588055694852583 0.104438423540989
0.0634975295004823 0.0354234731905849 0.206431779388962 0.132240302999114 0.00642662679056551 0.218779997455118 0.110887575799774 0.166520646837725 0.0597920680376741
0.180832949144156 0.0868431078516958 0.110670288579639 0.186183672592476 0.129142463353563 0.121243035740571 0.0524420815842149 0.000744513624626395 0.131897887529059
0.000484275504074434 0.0565463279809126 0.116568021967304 0.148317334427359 0.190146591819153 0.256645299139911 0.0217734532830615 0.0769924488214732 0.132526247056752
0.0437770367097988 0.20721446561501 0.17827215283439 0.144167064931318 0.0537857546826829 0.0562821417017525 0.060613989394573 0.225304736908027 0.0305826572224481
0.175843083453614 0.0446553608660847 0.24805179550876 0.0450425248921326 0.0788280145557628 0.163367867387121 0.0301912298023796 0.124829071925765 0.0891910516083798
0.138076347697888 0.025425066188201 0.00506279633474906 0.196994204297941 0.0326329705798886 0.0519664022831084 0.153980196114567 0.19280390850215 0.203058108001507
0.164672913720185 0.0981561836100543 0.0756018181553235 0.138369510867162 0.130730434611073 0.16641959616255 0.172151945530364 0.00764870932020338 0.0462488880230856
0.113279237206373 0.0864769293438709 0.0831494661615152 0.151904311981372 0.0815642765948449 0.0568518835530538 0.192384558511841 0.100762102902707 0.133627233744421
0.158113052238989 0.0492549035888829 0.0760271399191927 0.122291327671764 0.0375097278177947 0.0720891673009536 0.18854647864589 0.131602905790214 0.164565297026319
0.0467104045755373 0.206562016652412 0.0251085559081268 0.0222788975290036 0.0735192707593129 0.178370854264215 0.241430583816616 0.181593137146519 0.0244262793482583
0.118393945994391 0.13850516579943 0.111381145127019 0.157853730944205 0.0224215470514616 0.169179409510798 0.0385603121990574 0.082856266110114 0.160848477263524
0.133858962247393 0.119612012123251 0.142962914708686 0.133422338852144 0.0413135964602167 0.161108065701027 0.0943399466738262 0.118169901168395 0.0552122620650612
0.132162761941563 0.00339299522247952 0.158481129377688 0.16943211638667 0.0644645503195231 0.0296725506894789 0.170042451756404 0.129368357846687 0.142983086459507
0.162495473292442 0.179025446506904 0.0806265938472075 0.0389741550496005 0.130009883504968 0.0847000240065511 0.152517897081273 0.0312493610828211 0.140401165628233
0.208350620092317 0.127647960851591 0.111091124437529 0.0418442274996793 0.00199724248512091 0.044391240850474 0.188342492087293 0.131593622162165 0.144741469533831
0.0861342526562952 0.15309414498079 0.121797590686524 0.0407948804857556 0.217300449634098 0.119608197991935 0.0715006318755087 0.115867877971622 0.0739019737174718
0.101696645371942 0.180018977349671 0.0682182130084581 0.167599510482398 0.160703865862437 0.0609048712773413 0.0406402543087803 0.046166464260719 0.174051198078254
0.174513267295696 0.174033874052489 0.062464552279135 0.250104106941959 0.0280337947515939 0.00473501503569424 0.110875902522888 0.0985127818933105 0.0967267052272352
0.154599177576127 0.0804638849819139 0.209189669628884 0.104762018755737 0.0328144497198078 0.00237869414480016 0.087277219059046 0.1286144986126 0.199900387521083
0.0822292480666206 0.15243036576378 0.151786070245801 0.133588891331549 0.128051244066911 0.062638351290577 0.0676809397823415 0.0981687815102932 0.123426107942126
0.0665372964393843 0.0811899774649094 0.132695277973027 0.0811969149886463 0.138842347303009 0.137165675178196 0.137064873873511 0.0923283527842963 0.13297928399502
0.214436379365602 0.0551847590093102 0.00567602669162905 0.23157048011829 0.0274755770927583 0.204228432593409 0.0232994361189818 0.224053423827299 0.0140754851827205
0.15971793136071 0.185725047777821 0.199413546786074 0.0734618727052161 0.09082583693871 0.0827340705438964 0.10504744648133 0.038061203277995 0.0650130441282472
0.165568503364966 0.153531393549227 0.175273406088464 0.0327178660543231 0.0161075969791016 0.13685119074025 0.108061390335445 0.0422937667041965 0.169594886184027
0.151601332379769 0.0562691128620637 0.102854374574841 0.0977790198287274 0.132075193404041 0.111925761162565 0.0879697271330389 0.12010231574942 0.139423162905534
0.0149525427429474 0.132099260693003 0.189412142854145 0.150708951098295 0.00100570495585497 0.155288099674498 0.183251017265078 0.0814023445779246 0.0918799361382542
0.120813885691695 0.0840312345109133 0.0621620650080487 0.175080550383842 0.0182280628557775 0.226266961024585 0.214069372791173 0.0218699868204303 0.0774778809135365
0.0824014359928755 0.141119233489038 0.141970466078716 0.140864365935851 0.150666835822758 0.137171561861492 0.146795309412043 0.00428465245512626 0.0547261389520997
0.0528596991486977 0.0287592471911007 0.194662055395879 0.0971095152368659 0.128685875162008 0.227258733074191 0.0845977727564508 0.10492455450436 0.0811425475304468
0.185388067756296 0.0962203834215832 0.0442339809469028 0.0151105575096689 0.133082049715893 0.11775710958537 0.287591259198621 0.0187294581285261 0.101887133737138
0.0885246486258295 0.136146482634633 0.141992667412293 0.140810218498937 0.00122584538191058 0.139421407273808 0.134385430515853 0.171053478766987 0.0464398208897485
0.141927639937058 0.230145547096657 0.110322599978964 0.00440806865521751 0.00907058128373971 0.0152819936527142 0.12289729205597 0.156500677648672 0.209445599691008
0.0223019124662958 0.131370644088422 0.158251569236365 0.152546984166899 0.144637582451179 0.0243074433920463 0.176840913501373 0.0891624200868964 0.100580530610523
0.104414197758671 0.140529858677858 0.0834756278990636 0.0871921409787023 0.0462306946707303 0.120890669143809 0.119830998437693 0.146899121330962 0.150536691102511
