0.0669929449441678 0.481933253893306 0.351601059195792 0.0994727419667339
0.145969165446461 0.323566153437576 0.14678996309219 0.383674718023772
0.0592118328502415 0.174754483327945 0.225783525234836 0.540250158586978
0.112601626344072 0.410051497582466 0.224082404768796 0.253264471304667
0.301275339719818 0.0018256417936792 0.430870023368251 0.266028995118252
0.0554133364538723 0.223289096400139 0.460261118053631 0.261036449092358
0.352061342427835 0.302731834543448 0.223724154216857 0.121482668811859
0.0304072421496179 0.426664503905339 0.34827876191912 0.194649492025923
0.0162179882189706 0.517575280318556 0.283061206818275 0.183145524644198
0.0971185369686506 0.314905925150568 0.0227536734640935 0.565221864416688
0.352416085745595 0.478495437395036 0.100692680637236 0.0683957962221327
0.0822719461934836 0.256026872216942 0.344884873402526 0.316816308187048
0.131995987081803 0.322734761150937 0.248542095444546 0.296727156322714
0.457637025653469 0.107008198620094 0.318034485297064 0.117320290429373
0.286833030205223 0.292499535189566 0.0523769358017134 0.368290498803497
0.115944646177977 0.259707426589098 0.28359791342358 0.340750013809345
0.0997995636158974 0.454641083342986 0.407628471083288 0.0379308819578278
0.300553497447999 0.24852792319076 0.0246354778483016 0.426283101512939
0.14390343726679 0.220171701097665 0.172486546955328 0.463438314680217
0.300070156691603 0.117020147102378 0.306854317043902 0.276055379162117
0.260590573107638 0.275050397573119 0.293624473751019 0.170734555568225
0.162560116893584 0.345370878849795 0.161867361371241 0.330201642885381
0.361799188753546 0.0348952278091436 0.260254847116871 0.343050736320439
0.389236147380124 0.0960330685708152 0.127786953488221 0.38694383056084
0.101237195294368 0.542226140277811 0.00166419595932108 0.3548724684685
0.307635292986865 0.18448011266501 0.344595604882117 0.163288989466008
0.149301237387842 0.134427804421225 0.475934093664794 0.240336864526139
0.214653163961369 0.283702020812171 0.156415123881002 0.345229691345459
0.176799813046694 0.283087357236188 0.269205869968595 0.270906959748524
0.13375902368946 0.463478201488502 0.226316580234569 0.176446194587468
0.115566582935689 0.217078624721491 0.196880369298844 0.470474423043977
0.187726555278888 0.245555626929336 0.231908628667804 0.334809189123972
0.335526352129856 0.3348512076854 0.215899544332843 0.113722895851901
0.177560470251338 0.249421941338549 0.286028144327699 0.286989444082414
0.249289818275113 0.322916486962689 0.138031882445509 0.28976181231669
0.078223806780861 0.566840861137409 0.243784891810282 0.111150440271448
0.0505212771457675 0.136428946295736 0.498393334249566 0.314656442308931
0.267769869116738 0.187931438270064 0.272820062623378 0.27147862998982
0.372678301971948 0.0346257188944848 0.318725436636786 0.273970542496781
0.37681249965177 0.103547396264164 0.268827893370488 0.250812210713579
0.466520165567996 0.338432814055831 0.0810838374077413 0.113963182968432
0.281056869809957 0.155964334082712 0.292796830300478 0.270181965806853
0.270189985111954 0.479403049481444 0.180361223365353 0.0700457420412485
0.300355274059037 0.393137678274143 0.0796109953881187 0.226896052278701
0.328548218085258 0.0663016865967028 0.399001570307184 0.206148525010854
0.188030668561196 0.322081765032376 0.190304057357621 0.299583509048808
0.348278323921887 0.37577741976121 0.0739824051000996 0.201961851216803
0.27980037686023 0.247237935354059 0.0435960602513099 0.429365627534401
0.213778099345729 0.228256223160265 0.273260479604468 0.284705197889538
0.172801896502843 0.00611155326716721 0.0232013959927573 0.797885154237233
0.37820978638926 0.0609427567733684 0.418876100715651 0.141971356121721
0.58232243848559 0.109649539047995 0.234083348355326 0.0739446741110888
0.471777642215923 0.297971217281307 0.0386812449812986 0.191569895521471
0.199730299957541 0.274335183795653 0.33575188181622 0.190182634430587
0.0552780393911243 0.270105643755045 0.501753780327161 0.17286253652667
0.00184806078949869 0.33805019182178 0.537689455785192 0.122412291603529
0.146471814413246 0.429082619249867 0.329252491646262 0.0951930746906253
0.211954630916735 0.363854306081926 0.300307441943101 0.123883621058238
0.139136449690164 0.436752130525957 0.343864335837709 0.0802470839461692
0.322316461887523 0.339428575764169 0.0151544233512963 0.323100538997012
0.586736507523896 0.0221358108311392 0.0354576470880759 0.355670034556889
0.515930018111329 0.181244614776725 0.287558561340715 0.0152668057712304
0.239371969226981 0.208933478542066 0.145636853530086 0.406057698700867
0.0980410219057103 0.120418822720743 0.222505214258774 0.559034941114772
0.327501163910797 0.107508621658372 0.352490845437579 0.212499368993252
0.334679463810078 0.170999713672576 0.221489437156001 0.272831385361345
0.433678096104219 0.000865058586000207 0.322987049910982 0.242469795398799
0.20670869877993 0.127336893286699 0.360727305090956 0.305227102842416
0.0138761803972648 0.293932605509364 0.526972509236293 0.165218704857078
0.346838553590389 0.0605233486112351 0.540169456603287 0.0524686411950891
0.35770443875465 0.105815126957659 0.249260519233502 0.28721991505419
0.156722357029309 0.211770045668162 0.250502316912307 0.381005280390222
0.272494196704906 0.170441788346378 0.16348019032572 0.393583824622997
0.0982015085827993 0.0198623176130255 0.35651790296702 0.525418270837155
0.272303449664266 0.342915756342039 0.26457141360714 0.120209380386555
0.277876895351079 0.247059418597483 0.238147006493098 0.236916679558339
0.0422955681013052 0.494062059174962 0.146849040400295 0.316793332323438
0.0258347891925665 0.198051892611008 0.423922001009589 0.352191317186836
0.471911848612073 0.231847464213478 0.137471365005132 0.158769322169316
0.247978819389291 0.210102280039661 0.29639163151194 0.245527269059108
0.189065477703663 0.380983128042676 0.106375933129313 0.323575461124348
0.311991534520107 0.216895508820413 0.426291016146058 0.044821940513422
0.271610601299154 0.240799398453208 0.19011253114119 0.297477469106448
0.372234521282906 0.487916653560032 0.137850377498223 0.00199844765883799
0.239458437064632 0.353850887297601 0.344320048397653 0.0623706272401143
0.378657314787123 0.372238529305627 0.100199052726126 0.148905103181124
0.044516196472276 0.388425973129127 0.144135366278047 0.42292246412055
0.315733609860465 0.328037471433606 0.0437356463231119 0.312493272382817
0.0398593566121871 0.0619285238647824 0.311754381337447 0.586457738185583
0.0627713960595706 0.207169155682313 0.339588414357632 0.390471033900484
0.322317883769909 0.369973933454919 0.118793882987695 0.188914299787477
0.397915167140672 0.119659059608041 0.119830298894412 0.362595474356875
0.28963378423402 0.336764633919592 0.322318609797938 0.0512829720484505
0.235068489971173 0.073853728212423 0.349992264494407 0.341085517321998
0.224316083750082 0.421417191063593 0.04503754553331 0.309229179653015
0.0342078418668896 0.591348613717424 0.33768151336986 0.0367620310458269
0.0569235925090329 0.335205309737934 0.236044613223626 0.371826484529407
0.0857270753315069 0.284174275721635 0.364187869122155 0.265910779824703
0.275039102929924 0.322192643602268 0.0157053022170114 0.387062951250796
0.179758839756397 0.43360105001088 0.375037652417554 0.0116024578151701
0.345425093432729 0.235750351200409 0.103430577845267 0.315393977521595
0.248424797940081 0.255281395249561 0.284034121063291 0.212259685747067
0.250858495736901 0.241739900606537 0.301456094814319 0.205945508842243
0.282243727605706 0.140714528092701 0.289428455097057 0.287613289204536
0.365251405912904 0.0201260589747958 0.392417909963204 0.222204625149097
0.0920084661417657 0.310528564801674 0.39386221275832 0.20360075629824
0.199908540340419 0.234806578200112 0.129203283875593 0.436081597583877
0.141278993225845 0.382061197762125 0.200062310839667 0.276597498172362
0.242654585766091 0.20651319511074 0.429568167706574 0.121264051416595
0.316798540500966 0.24500456904984 0.142064230610097 0.296132659839097
0.451095640433129 0.115914254800136 0.310879513476382 0.122110591290353
0.412131537334602 0.258449650253058 0.244727807363138 0.0846910050492023
0.239691002042017 0.0287415489335185 0.0416964799315524 0.689870969092912
0.253493483341783 0.309678939415661 0.218047830554825 0.21877974668773
0.248227779649287 0.278684654849478 0.204616248904472 0.268471316596763
0.242813062559287 0.198973278694078 0.272986001243146 0.28522765750349
0.0429024254472737 0.276352384676664 0.280952289175117 0.399792900700945
0.0232358394650632 0.379244597476959 0.211587060015432 0.385932503042546
0.257289314538428 0.416542569752036 0.0897900758550383 0.236378039854498
0.0323960355869231 0.814194804065452 0.142623895189141 0.0107852651584838
0.482528749303086 0.164563907763879 0.000365162509019221 0.352542180424015
0.337169342138984 0.249556959870271 0.274696023267044 0.138577674723701
0.372720391084159 0.259479529999535 0.21377063677453 0.154029442141776
0.265517072951395 0.218595439935778 0.393301722707963 0.122585764404865
0.195788744100739 0.235435033372691 0.255077734653006 0.313698487873564
0.112799457530483 0.119884091854903 0.407978389378793 0.359338061235821
0.301861156363829 0.179159153241059 0.0462483460579407 0.472731344337172
0.383139079895778 0.140513871152208 0.153747084856305 0.322599964095709
0.365150109243467 0.494358415895762 0.132508469110328 0.00798300575044402
0.140292121770808 0.229394544009885 0.586750620929917 0.0435627132893899
0.1718943062997 0.548835802109075 0.102398347860983 0.176871543730241
0.35323183473332 0.0861955294468693 0.476230744388335 0.0843418914314754
0.0472677190553904 0.294256398274465 0.500153763420534 0.15832211924961
0.101777959677263 0.447932945962412 0.0328888756741453 0.41740021868618
0.346973038712274 0.130331947827195 0.23952412391941 0.283170889541121
0.390603892365077 0.24627010137986 0.235417626765702 0.12770837948936
0.0587424039210708 0.237438260283008 0.49714318402858 0.206676151767342
0.0847309726928795 0.388330215402134 0.418464465040922 0.108474346864065
0.307886999483686 0.187188770410952 0.194897230870492 0.310026999234869
0.54851515799898 0.0595602498923916 0.079668045356006 0.312256546752622
0.415195364753118 0.180845408060433 0.207746855588678 0.196212371597772
0.28189133212153 0.102019682943073 0.210524171320811 0.405564813614586
0.212388366954098 0.292028776606299 0.130748605100489 0.364834251339113
0.182267870680947 0.162841210438538 0.385832820503918 0.269058098376597
0.254403069014745 0.418951580040721 0.298746560745045 0.0278987901994891
0.311066412786651 0.127330136451619 0.375120468408 0.18648298235373
0.310513664637056 0.215947176178353 0.271342624042205 0.202196535142386
0.0550598125616155 0.0380533139733458 0.587466072207085 0.319420801257954
0.277929728367737 0.0760694150412529 0.293447484416439 0.352553372174571
0.327264332690944 0.0500879764026866 0.200113392302765 0.422534298603604
0.121398578443292 0.261267030343171 0.0588499212086348 0.558484470004902
0.304627434738427 0.406086021453497 0.257377850795184 0.0319086930128922
0.17830854820776 0.287389199152325 0.34748590759951 0.186816345040404
0.384449699144497 0.0515592901457568 0.178382653505511 0.385608357204236
0.00356007508044592 0.630472977518361 0.164313032610881 0.201653914790312
0.342152460732054 0.261625710614173 0.345542250554886 0.0506795780988876
0.188114717432552 0.247469236375463 0.321408382479247 0.243007663712738
0.117858970744399 0.560804952991886 0.280397819450925 0.040938256812791
0.0521256643547736 0.643040252077586 0.17558715303449 0.12924693053315
0.0808739855306462 0.553643897535603 0.0364159415580742 0.329066175375677
0.221680017393136 0.300059091940982 0.366890576759661 0.111370313906222
0.182597867894987 0.291131587046195 0.352978531951855 0.173292013106964
0.198422695298593 0.0707929211777908 0.261105018720611 0.469679364803005
0.0584142008696432 0.173394866723586 0.325072305902838 0.443118626503932
0.382392174831917 0.345506381553298 0.151363340277405 0.120738103337381
0.222509421522681 0.315501876493039 0.261086807902834 0.200901894081446
0.146181366603021 0.196874388645785 0.314360804613507 0.342583440137687
0.351387513492338 0.6208376235442 0.0183806503427352 0.00939421262072687
0.176332775923997 0.259860274211809 0.369254254628828 0.194552695235366
0.11439014877297 0.107422806620651 0.430134549651377 0.348052494955003
0.266730780614613 0.0858231379322758 0.0811308948413538 0.566315186611757
0.394899172153273 0.0265106348281905 0.298937680228682 0.279652512789855
0.121669594355156 0.372742306838908 0.247471076869625 0.258117021936311
0.0647246972867217 0.304246782996079 0.327051601606414 0.303976918110786
0.288284200442069 0.143295143750794 0.208930772132087 0.359489883675051
0.102225734184188 0.361738430112292 0.0901820909682171 0.445853744735303
0.193887391547191 0.33396956352012 0.156812766038565 0.315330278894124
0.303004991945103 0.264475228141949 0.331187733293643 0.101332046619305
0.219692391957054 0.327209640468016 0.272835637650607 0.180262329924324
0.0859447467158637 0.421177321460638 0.0381236879811314 0.454754243842367
0.463396195570535 0.108713146654681 0.23573477327072 0.192155884504064
0.298496858178432 0.20431868367001 0.202253950900569 0.294930507250988
0.0982468837931169 0.216734457467347 0.351855830783449 0.333162827956088
0.362865148500773 0.127133383248408 0.15106740602729 0.358934062223529
0.102366252249961 0.564359288437032 0.332779645954237 0.000494813358770817
0.0150866678109307 0.287755225194568 0.344651876245886 0.352506230748616
0.282894005914014 0.569164671427853 0.14013144354389 0.00780987911424307
0.328077377077555 0.153663013008266 0.291178430919814 0.227081178994365
0.320503440132887 0.229129644623603 0.217539225705907 0.232827689537603
0.27832840939987 0.203107216585481 0.224099954398055 0.294464419616594
0.42738783288327 0.22636928592031 0.122412127966785 0.223830753229635
0.400887902456361 0.186953942096619 0.358718476275029 0.0534396791719913
0.394301830239997 0.257037871773833 0.327381939958683 0.0212783580274874
0.281683058440806 0.216492781221585 0.235973897186796 0.265850263150813
0.306587140196747 0.325340137754729 0.154500434732256 0.213572287316268
0.132109785278043 0.315656710138657 0.0627842430385945 0.489449261544705
0.153047182945157 0.375343190033521 0.385419287149404 0.0861903398719181
0.0289384197779036 0.486890912330723 0.106658356075652 0.377512311815722
0.243776546093482 0.207187273800924 0.37012277039583 0.178913409709764
0.0129329673161075 0.0584655940068175 0.568545283312084 0.360056155364991
0.377423738744375 0.325485627417443 0.144099471588859 0.152991162249323
0.456980398813434 0.428160410268716 0.0344974292495198 0.08036176166833
0.246001768563496 0.322581375343374 0.0204255835840779 0.410991272509052
0.241512639562615 0.334514032239828 0.0702561960509785 0.353717132146578
0.561991828551654 0.073626328895053 0.228645737155486 0.135736105397807
0.298447637972195 0.0986757544014585 0.236768698159624 0.366107909466722
0.444309127972272 0.260184661993616 0.0953899578440302 0.200116252190082
0.124879523777896 0.380885195974691 0.251981455886616 0.242253824360798
0.344381893321503 0.129386222455824 0.304504209449859 0.221727674772815
0.313973409035112 0.100088751911212 0.295959722374923 0.289978116678752
0.121273341578908 0.376983985727957 0.330169204683844 0.171573468009291
0.290245790431225 0.379181026397493 0.226014961899934 0.104558221271348
0.282534332480506 0.556171681652235 0.0225352328249505 0.138758753042308
0.0703033948602236 0.418286634805303 0.486264400828266 0.0251455695062077
0.339948183593253 0.0553796970775576 0.286005123036442 0.318666996292748
0.264153979544613 0.40337763369098 0.242149282241576 0.0903191045228319
0.424822961072206 0.455957441806473 0.00469825403097752 0.114521343090343
0.197921748694373 0.34283363491969 0.228341909212031 0.230902707173906
0.343492205735089 0.301672188139745 0.0527005178952704 0.302135088229896
0.256612724322748 0.422318600229765 0.301264579562071 0.0198040958854153
0.421748375878575 0.308314818747019 0.127068115548008 0.142868689826397
0.233217071506763 0.25589414137565 0.296768217300401 0.214120569817185
0.391726102979474 0.259605501610639 0.232765028965914 0.115903366443973
0.306736099132258 0.364448411203414 0.188149388396705 0.140666101267622
0.344353771834165 0.274365625221135 0.0145630212186508 0.366717581726049
0.456604362931824 0.079547278120187 0.195624214736246 0.268224144211743
0.131283002357722 0.216949922072313 0.23739651052411 0.414370565045855
0.106024314676574 0.458082818630464 0.364182633061714 0.071710233631248
0.261000834144696 0.140473487714164 0.147459239061253 0.451066439079888
0.33729508589381 0.241976551194744 0.0406489220095245 0.380079440901921
0.022187230804265 0.424301709485935 0.232843579644702 0.320667480065098
0.373021513186324 0.343435981636095 0.0162388065923257 0.267303698585255
0.0553199372014019 0.054155824171954 0.239376750222181 0.651147488404463
0.24545870812475 0.116704643043269 0.201305656404599 0.436530992427382
0.25381536788659 0.328147107914352 0.0871647619590079 0.330872762240051
0.408082163716586 0.246024906894408 0.296745580183852 0.0491473492051537
0.117117660551489 0.263392967825772 0.210023256949184 0.409466114673555
0.291896401627579 0.139348195685246 0.00422535156767135 0.564530051119503
0.141655397006924 0.56573206809967 0.18541088628512 0.107201648608286
0.339344934239421 0.0232525785968736 0.275063223590354 0.362339263573352
0.105955823132616 0.377203752458076 0.112089791690391 0.404750632718917
0.171643251842465 0.220964015949889 0.421538316109183 0.185854416098464
0.358685605597542 0.160081745034239 0.297124797002743 0.184107852365476
0.140544446509238 0.0442323916239038 0.386040463877572 0.429182697989286
0.441621433381288 0.0746371618675723 0.184260286699769 0.299481118051371
0.335932580600635 0.0270075005113935 0.534385601164217 0.102674317723754
0.0103052697559166 0.231474977939751 0.666566565136134 0.0916531871681986
0.0420020729347023 0.480150706558264 0.389598350508023 0.0882488699990105
0.137315686184727 0.413675007370571 0.425390844506374 0.0236184619383276
0.284747897268767 0.170967655214002 0.462466681677201 0.0818177658400303
0.0702522295937003 0.0588476739665353 0.536002316792733 0.334897779647031
0.172925124480136 0.438273363031226 0.320720890019383 0.0680806224692545
0.306735639327263 0.154342981457769 0.228630923005156 0.310290456209812
0.311210913797968 0.0574851722394583 0.358262415162298 0.273041498800276
0.298107650446931 0.301070397467542 0.147521720743491 0.253300231342036
0.0139896303738193 0.191278943607568 0.403947727615843 0.39078369840277
0.187531021606178 0.15148443425593 0.489903241925456 0.171081302212436
0.155001679483681 0.204959394359787 0.240991280863417 0.399047645293115
0.046090760297225 0.43009020863636 0.249327890498011 0.274491140568405
0.119611028653852 0.41560038632407 0.437113069693479 0.0276755153285989
0.0834102014886412 0.470634103381427 0.389201754924688 0.0567539402052438
0.385379462587254 0.129548244750747 0.142902850460195 0.342169442201804
0.228877389596133 0.12972694520098 0.320539731693842 0.320855933509045
0.431322618438731 0.320101017316345 0.211387426388337 0.0371889378565874
0.0761524140965832 0.429973368893198 0.384394654496642 0.109479562513576
0.173734367875775 0.030302681475961 0.339586263128627 0.456376687519636
0.402600098877548 0.145130098754957 0.321920467847308 0.130349334520187
0.30908214818951 0.186400438195821 0.0192177412996075 0.485299672315061
0.0564187444519289 0.348024561839503 0.523590092267667 0.0719666014409011
0.346845737369436 0.336269468580868 0.0369872318242923 0.279897562225404
0.249712773460676 0.180709327194963 0.233705419964919 0.335872479379441
0.400209520592278 0.223856962196299 0.294484620073946 0.0814488971374766
0.475540478208968 0.184881458766318 0.0856356427268542 0.25394242029786
0.0378739232011934 0.303561710808372 0.335625516508103 0.322938849482332
0.455125062532114 0.14701604917823 0.340153370825367 0.0577055174642885
0.542670540059657 0.207444147036789 0.144580155280789 0.105305157622766
0.104185907833642 0.137302097766852 0.104931929177121 0.653580065222385
0.282532368970855 0.316959268740785 0.248921918027796 0.151586444260563
0.305089577016591 0.455549249853586 0.22283081135429 0.0165303617755337
0.172402517114999 0.280653404095169 0.230631653295772 0.31631242549406
0.119226704858751 0.315629906218594 0.267334450814537 0.297808938108119
0.0749298368272969 0.187438035445575 0.294655225722456 0.442976902004673
0.465739840891462 0.107295118202069 0.42233194163206 0.00463309927440975
0.205207595562349 0.0748713768613358 0.403612337889444 0.316308689686871
0.278354440659986 0.0346396170488227 0.402777909044301 0.28422803324689
0.12197356961418 0.21093824025865 0.35967655582612 0.307411634301051
0.323785683209374 0.0724055430751749 0.249412242346636 0.354396531368815
0.35043021662109 0.00528420337440461 0.460074796571852 0.184210783432652
0.00701755111989166 0.364330688525888 0.248888008770716 0.379763751583505
0.193536689433723 0.280322986189959 0.0389343950529141 0.487205929323404
0.241155514728386 0.317251709014215 0.274169629075692 0.167423147181708
0.222081655667818 0.407733179591054 0.362561298832415 0.00762386590871377
0.229047220156282 0.264302326854331 0.0380267832607659 0.468623669728621
0.305992228318566 0.299560950449647 0.315041872566063 0.0794049486657238
0.226492338600476 0.413781145584844 0.201272501306093 0.158454014508588
0.548302360802959 0.0890796612943477 0.0497437275431939 0.3128742503595
0.177766506832077 0.0144198391944925 0.278544401773302 0.529269252200128
0.236355062232064 0.32198724270101 0.162307083606101 0.279350611460825
0.332037681116838 0.364605778094109 0.200173103813123 0.10318343697593
0.164152151817874 0.0694499544913741 0.0817972083731616 0.68460068531759
0.30532403865474 0.203785638586038 0.469865511951475 0.0210248108077479
0.0392103162261837 0.285043947852531 0.507149137237574 0.168596598683711
0.33182446579487 0.118692226759283 0.13412623345883 0.415357073987018
0.120064265866301 0.039081796495037 0.29218343352401 0.548670504114652
0.433957226482902 0.275853335143845 0.00673103606533366 0.283458402307919
0.482110305015849 0.024083072110116 0.205535523608388 0.288271099265647
0.381638389050674 0.295402839763988 0.0678354141302928 0.255123357055046
0.132158148758898 0.356210405610891 0.353945994228296 0.157685451401915
0.345240262193487 0.222674414725766 0.322552333338712 0.109532989742035
0.114810479737439 0.443005263445816 0.0285364719468937 0.413647784869852
0.129491857440635 0.279340977908906 0.365879399514102 0.225287765136357
0.190997166534425 0.225323759257242 0.269823404643657 0.313855669564676
0.0743676974200728 0.305134375359874 0.223713832702722 0.396784094517331
0.727344696719294 0.0181587758269381 0.189246750791111 0.065249776662657
0.386303661639654 0.27638459174334 0.0472368293569666 0.29007491726004
0.343217280997145 0.238101879820317 0.216132097903339 0.202548741279199
0.195908832655886 0.288836425366008 0.202373994095772 0.312880747882334
0.256526595006105 0.204415412686759 0.359077119953933 0.179980872353202
0.0707433979583864 0.27563184268878 0.363650279282263 0.289974480070571
0.641921374257554 0.0402262735581819 0.225964847398638 0.0918875047856256
0.109460846064014 0.149180300534244 0.60461135307465 0.136747500327092
0.310707178620944 0.0196933954559956 0.34603766636713 0.32356175955593
0.291235609742964 0.282524378301135 0.264448588934892 0.161791423021009
0.353105859750758 0.180819642259001 0.361196124615127 0.104878373375114
0.239746411127304 0.350986006487349 0.327609218768619 0.0816583636167281
0.410805180905647 0.0605249063069981 0.0663229107428342 0.46234700204452
0.295206870569067 0.316750738464428 0.347846414867787 0.0401959760987179
0.175861349649992 0.317651039733551 0.152188343077909 0.354299267538549
0.439941635876023 0.0472025524046599 0.0768845875604114 0.435971224158906
0.143625036102681 0.210023103615754 0.260113635604639 0.386238224676926
0.455230437814538 0.0300589827168605 0.260273503822165 0.254437075646437
0.183426564423581 0.0919280081277579 0.669693848202777 0.0549515792458846
0.391608792167802 0.21915358823266 0.264034649859974 0.125202969739563
0.0666759629929385 0.120296289227448 0.493590805740323 0.319436942039291
0.300547438134463 0.227205070981926 0.308268743801638 0.163978747081973
0.233362627334688 0.258129526987982 0.336323900390993 0.172183945286337
0.267086388418815 0.262947948480563 0.291435592417061 0.17853007068356
0.284505943862794 0.357555262246827 0.0606399237035983 0.297298870186781
0.31498734183619 0.353558076619815 0.329440847632556 0.00201373391143916
0.318708881439122 0.212635653419707 0.441665168412445 0.0269902967287254
0.594121410363673 0.278335099990719 0.117515210289247 0.0100282793563617
0.307459816594255 0.170711271991835 0.201005796032903 0.320823115381007
0.238495929180781 0.340829822436049 0.144381478428099 0.276292769955071
0.208280782580563 0.298745763993612 0.114260390766814 0.378713062659011
0.139892030598188 0.391837753429478 0.124753622735229 0.343516593237105
0.301136432455838 0.301019514874989 0.287916879755913 0.10992717291326
0.439545465228073 0.178314457321633 0.376755795050817 0.00538428239947713
0.0408828271005299 0.313273076766045 0.326840655910324 0.319003440223102
0.425437145842094 0.0209640762923577 0.254969453808113 0.298629324057436
0.27887401950641 0.277336847040093 0.20669521538993 0.237093918063567
0.374088852274271 0.00358855688043166 0.376267653769432 0.246054937075866
0.289397970253475 0.244205395054422 0.337892454300421 0.128504180391683
0.216622045194834 0.201820519598229 0.577842500112652 0.00371493509428388
0.242645658204238 0.278847203508923 0.169542276106211 0.308964862180628
0.340604730591374 0.319257498528672 0.0488695662112941 0.29126820466866
0.263449075767827 0.0701888741025701 0.220192507490454 0.44616954263915
0.268312211662356 0.293894973471386 0.130139028795592 0.307653786070665
0.318715361872448 0.0765630425245784 0.417220914636122 0.187500680966852
0.438437192144479 0.300727170705187 0.191172950262956 0.0696626868873785
0.0977989531345511 0.395600616701915 0.316472988254572 0.190127441908962
0.0876383404365528 0.381959473902834 0.52894467145841 0.00145751420220296
0.232321741483388 0.0428004630056018 0.249603430122854 0.475274365388155
0.179005114376269 0.266018730065874 0.252811768337784 0.302164387220074
0.320224238817742 0.240183005233528 0.169617177970748 0.269975577977982
0.10673183774536 0.374285424393183 0.217980234507899 0.301002503353558
0.0240901154740678 0.206591889669696 0.41862142083444 0.350696574021796
0.1861082019294 0.382050767896352 0.232261417624392 0.199579612549855
0.156041380040591 0.0318957012394083 0.472895706929857 0.339167211790144
0.0718356338688622 0.209035700666005 0.343193582841715 0.375935082623418
0.292879339631461 0.170981643286874 0.418621016866166 0.117518000215499
0.163372431197172 0.0359692597111198 0.136354240413473 0.664304068678235
0.0462704663374655 0.19780576399203 0.169569063035838 0.586354706634666
0.0776452911085781 0.0370904492391905 0.713470822389629 0.171793437262603
0.356690995128022 0.0434351823180072 0.399959150279624 0.199914672274347
0.279111414628764 0.364304765872141 0.0798621687122795 0.276721650786815
0.0637681034917608 0.402584030385158 0.413765040774512 0.11988282534857
0.269278844878987 0.197300783375908 0.268126714963145 0.265293656781959
0.148245507303842 0.0836156427011602 0.343975594679547 0.424163255315451
0.441471446149478 0.164967781448074 0.143568088868566 0.249992683533881
0.373952793484858 0.243265287709117 0.3787194245588 0.00406249424722403
0.362240761150786 0.41363986045592 0.0370780042501228 0.187041374143172
0.183494062730816 0.153164682980153 0.349422150258851 0.31391910403018
0.349240728929559 0.425218942818207 0.0488629157558686 0.176677412496366
0.245835449630293 0.103242431431497 0.0961202495949002 0.55480186934331
0.0570334691562284 0.00809437186533088 0.571692164041955 0.363179994936486
0.201817294562683 0.319465093746503 0.29702090533983 0.181696706350984
0.398838968224821 0.308954245875226 0.114362298451414 0.177844487448539
0.25502578834137 0.260459877822271 0.0429762969779946 0.441538036858365
0.179863714896926 0.116760760463661 0.381809184891943 0.32156633974747
0.648216260565559 0.23803615605959 0.0328950014244563 0.0808525819503947
0.0438365309809167 0.217791136854915 0.225336887648917 0.513035444515251
0.216414625220669 0.244261978462269 0.484898085662435 0.0544253106546278
0.407854330308511 0.0796799045560113 0.32819112046867 0.184274644666807
0.326186927115079 0.448961093686779 0.0870044750338229 0.137847504164319
0.390584242072635 0.15701644353172 0.261620691556662 0.190778622838984
0.00423195503853573 0.456765719841461 0.148365946135158 0.390636378984846
0.358902283303634 0.210809077372489 0.252202642915808 0.178085996408068
0.0978786360748669 0.0225748356897035 0.474780072123598 0.404766456111832
0.47776589469839 0.0195335947975081 0.292355508734355 0.210345001769747
0.233868645863932 0.266182347644464 0.202498977899361 0.297450028592243
0.340067794440043 0.130904924554011 0.313766205971725 0.215261075034221
0.54743369655024 0.336369920532878 0.0381993921744931 0.0779969907423888
0.0316039184276694 0.333902557411246 0.30848743115157 0.326006093009515
0.0434180124222235 0.291352374628296 0.281685543964947 0.383544068984533
0.382978215809822 0.190073576094191 0.23931230179363 0.187635906302358
0.471641123050629 0.260995556620563 0.118140771252658 0.14922254907615
0.385543221578369 0.177724642745931 0.415619163613488 0.0211129720622122
0.27157739402392 0.369063949633603 0.0836499418044342 0.275708714538042
0.100720752196937 0.297110006689809 0.216500470128134 0.38566877098512
0.454210102677408 0.0748560289267325 0.220212608176437 0.250721260219422
0.382194508574586 0.0749305298974634 0.251454241465173 0.291420720062778
0.174556360701619 0.268750426888289 0.194804616489375 0.361888595920718
0.360631443019213 0.0783526703934541 0.135639667515915 0.425376219071418
0.0873361694929799 0.362748495232507 0.348732851306661 0.201182483967852
0.201021374670695 0.398838427890562 0.304129328355551 0.0960108690831914
0.222741461224342 0.322384481310508 0.111887479813316 0.342986577651834
0.0483053552731641 0.179077862671371 0.49650063332825 0.276116148727214
0.178690113636542 0.121454501779023 0.583145267279889 0.116710117304546
0.0531100962228542 0.125561859206736 0.341921423401363 0.479406621169047
0.292634643436676 0.3850562547046 0.220949841662248 0.101359260196476
0.303776104433054 0.331263146992419 0.349421302502926 0.0155394460716011
0.230709107929228 0.241222336531623 0.164194644134282 0.363873911404867
0.304174431443864 0.137359679225536 0.361515438397182 0.196950450933419
0.347711195491601 0.363908019174601 0.205643632801307 0.0827371525324919
0.404864449341883 0.212440903704849 0.142716670347205 0.239977976606063
0.387621234210983 0.11081332038359 0.33849119105493 0.163074254350496
0.303543595507025 0.276325716731599 0.0970680206176152 0.323062667143761
0.334128528680084 0.100453699785368 0.24455804433558 0.320859727198969
0.00590788081391299 0.212348977086716 0.398396288268404 0.383346853830967
0.341319129409007 0.274073576020242 0.36822245595821 0.0163848386125409
0.336088001791616 0.380321307721235 0.167018451374107 0.116572239113041
0.146701754590785 0.477249643176779 0.150828907173534 0.225219695058902
0.105411017522658 0.059597998118002 0.421078330723409 0.413912653635931
0.171530675225381 0.32191707631394 0.0168112894170346 0.489740959043644
0.209639594753396 0.21127100662208 0.228388290774138 0.350701107850386
0.363036612642583 0.185825654810878 0.440257983040757 0.0108797495057815
0.248212276335462 0.324820274502949 0.0875520588366112 0.339415390324978
0.345646876453594 0.10753413004808 0.205275909051038 0.341543084447288
0.216837573571305 0.0917526208508521 0.391677002036827 0.299732803541016
0.155611982005023 0.324155046180589 0.234105465326125 0.286127506488263
0.264761449489059 0.0430075549127695 0.485515126864187 0.206715868733985
0.258579969376453 0.309065093306085 0.422895905044949 0.00945903227251344
0.342911969346732 0.343083867191285 0.181976005408165 0.132028158053818
0.270893929121334 0.0153747819348416 0.332209542104825 0.381521746839
0.322509849447786 0.0722168104044521 0.443161218714676 0.162112121433086
0.0937677093224081 0.309576566931468 0.048190299263727 0.548465424482397
0.0398308841321893 0.452459124336749 0.143456471858239 0.364253519672822
0.319583619829373 0.147567144631113 0.300628878143025 0.232220357396489
0.333095202184266 0.184472680755516 0.155460657363817 0.326971459696402
0.374020159340366 0.499039641889106 0.0535588695073359 0.0733813292631921
0.204801181979462 0.00936659188457998 0.583725495894346 0.202106730241612
0.336078699344905 0.310722389515003 0.288993211829112 0.0642056993109794
0.179799866990442 0.363747696061546 0.363457729759392 0.0929947071886201
0.0863633564575383 0.367543906829323 0.321616024103397 0.224476712609742
0.134446359387289 0.245550179727722 0.19965124152553 0.420352219359459
0.396947354906512 0.231076700671155 0.210706321928986 0.161269622493347
0.190635758742435 0.331549977263864 0.249013983428801 0.2288002805649
0.136828724880108 0.0668523231391486 0.272915630761814 0.523403321218929
0.0220822787822026 0.102285408767202 0.232648883978354 0.642983428472241
0.0672198431290255 0.380094358591887 0.333258993288578 0.219426804990509
0.655681362850782 0.177045083689465 0.0243309479650083 0.142942605494745
0.0881954807099264 0.455185685295468 0.381246984006192 0.0753718499884136
0.226921594090008 0.445495549716321 0.158941908157961 0.16864094803571
0.219970749382163 0.243094664483949 0.308911543603877 0.228023042530011
0.299183374019981 0.189316163348756 0.029506821571858 0.481993641059405
0.194622068131252 0.160100692818586 0.164228851170411 0.481048387879752
0.215705443633078 0.281128005103051 0.258919208981537 0.244247342282334
0.163551517580727 0.204459696804495 0.292096199444842 0.339892586169936
0.0599135025110214 0.33359792795138 0.226345264591851 0.380143304945748
0.19935117407265 0.31201758140167 0.43340875601718 0.0552224885085001
0.0902925794983762 0.262881818758749 0.464568456273616 0.182257145469259
0.413743857505432 0.0949614806830644 0.0808627969949679 0.410431864816536
0.323342400117971 0.162978637591424 0.328567788407272 0.185111173883334
0.315464472749135 0.249368428351251 0.0240985349367721 0.411068563962842
0.203915522335389 0.306748676955775 0.0286207534567166 0.460715047252119
0.132772767749951 0.589270199753037 0.151501525767126 0.126455506729887
0.0578504853519079 0.385136633737609 0.048829359235356 0.508183521675128
0.320131764567922 0.366953275792252 0.136739948101899 0.176175011537927
0.169687876310058 0.318723939737183 0.260933452935686 0.250654731017073
0.360909094029907 0.0552804992117645 0.402481303730664 0.181329103027665
0.215052550533681 0.299550980774409 0.349892237770315 0.135504230921595
0.425249569428899 0.354454696924576 0.171745908072349 0.0485498255741766
0.226723076457333 0.189956282367754 0.294335780392164 0.288984860782749
0.352351817655478 0.0984650365442251 0.207965191533341 0.341217954266956
0.236420733155924 0.126152165076846 0.126537215363003 0.510889886404227
0.392115489215212 0.140087122967513 0.14124286150567 0.326554526311605
0.122472181891321 0.374935502769084 0.136714415916397 0.365877899423199
0.435354430293387 0.317536356496896 0.0964599724373191 0.150649240772398
0.329206737032228 0.292728938519059 0.228151374982715 0.149912949465998
0.160819734884689 0.21238229735145 0.312737254391421 0.31406071337244
0.164126850499006 0.244619026875052 0.0412019945696524 0.55005212805629
0.334829869242721 0.113792838241717 0.155723182388867 0.395654110126696
0.12327106108663 0.699817652781163 0.000996303049078398 0.175914983083129
0.393266432640698 0.26009077019104 0.0772015888542049 0.269441208314057
0.276613752018102 0.0293498888597578 0.34175642263821 0.35227993648393
0.446596179983056 0.323855341838688 0.127336689528846 0.102211788649409
0.25498869948183 0.0331102529744334 0.0427100115668432 0.669191035976894
0.243328998996891 0.0827064266302355 0.524366972978797 0.149597601394076
0.192707104726107 0.361484418311863 0.147133866401298 0.298674610560732
0.327600138900259 0.257424084194707 0.116418216125687 0.298557560779347
0.0596483711691275 0.355607985951607 0.37276229219323 0.211981350686036
0.551897769320157 0.114610370749219 0.298193511537875 0.0352983483927494
0.045513323922732 0.464195435673549 0.08803523406171 0.402256006342009
0.410931318668667 0.00538785230612514 0.367380494990048 0.216300334035159
0.441328410721175 0.151216655749036 0.359781606353874 0.0476733271759152
0.475840590856025 0.459831642989635 0.00193689162024514 0.0623908745340943
0.0896146796676442 0.307883262251508 0.0840628346546045 0.518439223426244
0.305299095654236 0.403146726561534 0.264482937834272 0.0270712399499575
0.277718743554857 0.245469018639872 0.138637720052623 0.338174517752648
0.291357540993468 0.413157187667387 0.126450000597343 0.169035270741802
0.504838464934689 0.204045068167754 0.182344795271859 0.108771671625699
0.0278255227676859 0.267993185492864 0.38509024998459 0.31909104175486
0.189570371842349 0.211906220742564 0.333197171846322 0.265326235568765
0.551680818626917 0.313625804280293 0.0090495909917955 0.125643786100995
0.387595425501612 0.296974469570136 0.107651320698893 0.20777878422936
0.21951858621212 0.218209986728839 0.0585155282143485 0.503755898844693
0.022578374952682 0.164284112083702 0.533909553581762 0.279227959381854
0.01728219647594 0.174099118219412 0.390094721989351 0.418523963315297
0.246296076787957 0.150711525080167 0.154067416714009 0.448924981417867
0.363570220042038 0.262729505104875 0.158685976890514 0.215014297962574
0.0308558905098542 0.317158311613113 0.321797259195915 0.330188538681118
0.134602530134985 0.339471039091891 0.24013375104073 0.285792679732395
0.19533492672614 0.0793502022565528 0.359587589922928 0.365727281094379
0.311767083432825 0.348324038072993 0.309972127916885 0.0299367505772964
0.411626128929536 0.0185367550867266 0.19663778255295 0.373199333430787
0.183394546023556 0.199651616753919 0.407687211967882 0.209266625254643
0.287829914052961 0.20758679744003 0.240647611243032 0.263935677263977
0.0314768945727132 0.267950563460878 0.352156648880224 0.348415893086184
0.178367365010962 0.132316873023262 0.207653502835295 0.481662259130481
0.271595034874366 0.567536776466813 0.0905955307613765 0.0702726578974444
0.353600829749218 0.331113923297187 0.26342899633604 0.0518562506175547
0.184472269766951 0.268074540454864 0.458343255609752 0.0891099341684328
0.267035130108856 0.27820638280129 0.169989947771682 0.284768539318173
0.317326295632585 0.112453427321374 0.542879199539976 0.0273410775060651
0.101870197600512 0.351294786838955 0.172823592000677 0.374011423559855
0.235333724055795 0.372488966050699 0.223851454254389 0.168325855639117
0.404561984882188 0.13817536304002 0.332705365349548 0.124557286728244
0.315955325388365 0.0136270341614549 0.404823896875616 0.265593743574564
0.218548900858231 0.273105329009872 0.242526490101858 0.26581928003004
0.224376969169499 0.283728431528321 0.187132130996941 0.304762468305239
0.367645736402904 0.238933644317129 0.1253583750234 0.268062244256567
0.121331670636877 0.294347654535894 0.3163268455069 0.26799382932033
0.297531149234718 0.294948191567421 0.215676659542525 0.191843999655337
0.476193131527422 0.206886693459096 0.0976179633072945 0.219302211706188
0.295247143871602 0.151640966784789 0.150319060951595 0.402792828392014
0.267021947226181 0.70144682600803 0.00300687722364443 0.0285243495421443
0.252277911274615 0.074483932877197 0.32985340061006 0.343384755238128
0.0222641450567041 0.268971781756223 0.326523667749546 0.382240405437527
0.321873948146871 0.550596146121512 0.0308279529530598 0.096701952778557
0.0342232771598091 0.426450730981546 0.17264077774082 0.366685214117825
0.0326977053792361 0.282400259618008 0.248197233465581 0.436704801537175
0.101633248087206 0.47462235449138 0.371897638665926 0.0518467587554879
0.575188251249441 0.0067787345164279 0.244990375726243 0.173042638507888
