0.177561641218795 0.281206309346183 0.0194000466484865 0.122117525889284 0.0989163331813251 0.300798143715927
0.148999349195467 0.2132171526524 0.17420767586444 0.0544744145791204 0.212962979055642 0.196138428652931
0.0660121692530908 0.250039338936535 0.189973452332191 0.194331071667155 0.177336656755442 0.122307311055587
0.176907535659409 0.236044847961019 0.0752555772524791 0.113237391286087 0.181305934550729 0.217248713290277
0.260429470230375 0.0780002353411603 0.139589898340136 0.233240540864451 0.132294695521929 0.156445159701949
0.153047098729648 0.232013237665689 0.181216925499859 0.19905106590593 0.032448680561172 0.202222991637702
0.121952129175568 0.126820796850567 0.32610165811337 0.0475853811607393 0.162238698238509 0.215301336461247
0.175493722426701 0.159970711332037 0.220896449291208 0.0990496498849614 0.128494946085184 0.216094520979909
0.135545063207319 0.239423974923353 0.0453566410093368 0.151349174684307 0.222428972634728 0.205896173540955
0.249308733085966 0.18477881404789 0.0656730285338607 0.307920956243695 0.0318777703231083 0.16044069776548
0.153299766616064 0.17637844039023 0.21345323253697 0.0579947622070082 0.279115688656985 0.119758109592743
0.199716935103536 0.199517094623683 0.15510087431565 0.147877406666561 0.159414012392445 0.138373676898125
0.157500717782673 0.107074271746838 0.230498470612491 0.233773384575573 0.150811434382439 0.120341720899987
0.25019332163436 0.234837877532081 0.0471761080185129 0.170257817750179 0.275186165374746 0.0223487096901209
0.173112873727837 0.245479596442354 0.0807942249347443 0.126268754180013 0.238753049190206 0.135591501524846
0.19412340825732 0.203404995802045 0.209173166800823 0.0732847274707929 0.12487641183394 0.195137289835079
0.0161969320929915 0.0650019736259794 0.358898878117666 0.0309939860099411 0.302974032470002 0.22593419768342
0.238099864116675 0.24601352356969 0.177780842233732 0.103063295497946 0.140820920559613 0.0942215540223446
0.182070973578233 0.24918711251365 0.073432310373422 0.25538125014207 0.14741469535612 0.0925136580365046
0.310087418015472 0.288557080610011 0.0832220873338141 0.187012655265114 0.101778823929986 0.029341934845603
0.428662881481059 0.249720950428566 0.0444184962267699 0.164552258562442 0.0060338454177988 0.106611567883365
0.187768729418827 0.0904643665456125 0.126434242341657 0.212320012881874 0.0744759128914896 0.308536735920541
0.258512709281244 0.198444754522325 0.0850887029887501 0.279926637596986 0.107399196662172 0.0706279989485236
0.218023283355011 0.236873321370469 0.193625952269301 0.118361095604936 0.0227926508193376 0.210323696580945
0.0427795092214756 0.167883908085188 0.113930634398771 0.270151684573349 0.231206410273592 0.174047853447626
0.0272953101237363 0.0570021370439501 0.259707078284697 0.234080462470784 0.283994638052876 0.137920374023956
0.0935326038215193 0.188214890923672 0.103930251417068 0.225134479394897 0.130891443043306 0.258296331399538
0.253644901314066 0.196438318276588 0.153614555428616 0.244608127631332 0.0589789393573616 0.0927151579920365
0.235237441221367 0.237251642555815 0.200860367215828 0.000159486249984442 0.264437028193176 0.06205403456383
0.126744525807763 0.371713770909648 0.0716430669894463 0.0327326889970199 0.244500784895296 0.152665162400827
0.169214066420245 0.201148245641731 0.31268795962499 0.0707747794277971 0.111229171025549 0.134945777859689
0.115767236830091 0.261945565106428 0.146567961585913 0.170693203652837 0.23867004982335 0.0663559830013801
0.0290348408328317 0.139640209057682 0.27200681724107 0.103936177250635 0.203362616636197 0.252019338981585
0.116616064156617 0.194632079456513 0.225452845831467 0.170390722745054 0.137722573524519 0.155185714285829
0.149641947426359 0.143558662460489 0.277866094829923 0.290617080694875 0.0766112074797233 0.0617050071086307
0.240184706208919 0.149328098687307 0.122440048544039 0.149629397413008 0.0840677907112146 0.254349958435513
0.296324980247843 0.00612431770642819 0.277726782713715 0.0356012683318833 0.160304242875888 0.223918408124242
0.546582945199042 0.287831427287172 0.0104341778647177 0.0701110219971424 0.0220982871469456 0.0629421405049799
0.279913223929375 0.285387287606669 0.28186312187699 0.0142189826278196 0.0377478455803784 0.100869538378767
0.151472229411448 0.0339894490427057 0.343004795770145 0.132992965972922 0.281341335025103 0.0571992247776764
0.174679788801613 0.17217786698728 0.136662564560537 0.204722201028443 0.168680932496288 0.143076646125839
0.0738428152923128 0.27222123595332 0.0168280291890963 0.212821384711256 0.218940992597926 0.205345542256089
0.212246132915786 0.134211957698273 0.184106815305894 0.0891917338776533 0.152080704420836 0.228162655781558
0.048825112321367 0.062375498620432 0.111700570797988 0.29325774014041 0.312890348897301 0.170950729222501
0.289764768144532 0.20806791421347 0.284098329471453 0.0378668201848811 0.1532697298754 0.0269324381102634
0.285517050413263 0.01410855834748 0.293191928255011 0.0453479473779928 0.275234682556964 0.0865998330492891
0.0631131128714282 0.16420905685676 0.140141062935832 0.31472337842432 0.0874105191632484 0.230402869748411
0.154911543260326 0.170974360042241 0.202843800203524 0.166101835629157 0.230476452368843 0.0746920084959091
0.0152714348892948 0.17483961891022 0.170995012621662 0.16681511733289 0.123046157477105 0.349032658768828
0.0634416540029534 0.152417206934462 0.0794099533992446 0.257033067105601 0.163700080436789 0.28399803812095
0.204072025727496 0.177861853625003 0.0236757206101932 0.110129638942746 0.199773376623893 0.284487384470669
0.188638193775718 0.067607203108566 0.0892474718360804 0.208392108033836 0.288243325247588 0.157871697998211
0.0650211516707819 0.0915517588969643 0.21681571476896 0.208470633889302 0.252834835737976 0.165305905036017
0.167275084655329 0.366185579549881 0.0306752156160423 0.167233740007673 0.0895503506334917 0.179080029537584
0.284585051939297 0.0829475961434932 0.177435500764058 0.0864608464600862 0.299395535535161 0.0691754691579045
0.234934074779551 0.0703445974862433 0.145600644939837 0.146568824785889 0.197404049111956 0.205147808896524
0.24865607527176 0.0448172942146798 0.197500287272185 0.195115068641662 0.23085372733567 0.0830575472640424
0.223520939991778 0.0615081784643376 0.275819366206684 0.0927231401285433 0.0033454049592623 0.343082970249395
0.254453324271223 0.249359363187834 0.00105743390085846 0.0999902518465402 0.120533825910824 0.27460580088272
0.140050016624137 0.267885637065809 0.0335436909601937 0.112516422638572 0.196219578254108 0.249784654457181
0.294585243152429 0.0270531880259747 0.040625648453204 0.0881846292445913 0.258105852626891 0.29144543849691
0.269346015317322 0.0369954878511949 0.220168017481078 0.10048823437288 0.132412306154734 0.24058993882279
0.0153532373319936 0.297640605622779 0.0255331509730565 0.298303736251203 0.11592380411556 0.247245465705408
0.164514832246513 0.149657928261919 0.244733119847955 0.240115179383899 0.0927952773349887 0.108183662924725
0.0326772549970713 0.235226720118003 0.159466409136027 0.218155562737789 0.136924040502048 0.217550012509062
0.101967005558787 0.267858733147724 0.160069924232946 0.185775379187369 0.0556606775262815 0.228668280346892
0.228100836411257 0.159833896166695 0.242734348619958 0.0725313902353493 0.158270510287266 0.138529018279475
0.0477040353792365 0.0703423890641015 0.271983963484213 0.255204802494134 0.125909291544003 0.228855518034311
0.12088339942397 0.291593495785842 0.160180139227579 0.205857745063179 0.188524916372756 0.0329603041266737
0.231035755958343 0.226662291084792 0.165107025383863 0.0369968723492862 0.233059334057853 0.107138721165862
0.198736264341604 0.0965730355978323 0.148597828488074 0.0846488677281522 0.149451427086526 0.321992576757812
0.288137757294691 0.220073295179218 0.0607193304061946 0.0431718292749541 0.264401958832939 0.123495829012003
0.11946223931427 0.245310120331933 0.0676623392639387 0.268273430952268 0.0367588788796336 0.262532991257957
0.137792867866106 0.0289855145196979 0.186255398285315 0.272414394146469 0.276746010136428 0.0978058150459853
0.00769191073348054 0.10374431483841 0.292275566538273 0.198172056504271 0.196457557769951 0.201658593615615
0.212157334751183 0.134998018183709 0.329177650857683 0.0951257678380887 0.02435230334861 0.204188925020727
0.232491836732955 0.127279305005296 0.104934656850006 0.137593769161097 0.228751613811371 0.168948818439276
0.0106738409936964 0.221158646875742 0.348588531275108 0.0823419420140958 0.077834566700355 0.259402472141003
0.0161893635598545 0.189764687360057 0.103501421948399 0.193203029218731 0.134939095776443 0.362402402136515
0.159520318301599 0.0302005480929324 0.185792443825193 0.329367041845088 0.272164772028739 0.0229548759064486
0.35009048071121 0.224543570219802 0.222158764501788 0.114300884750176 0.0562844055559271 0.032621894261097
0.265244429710583 0.286018897720413 0.263693303613607 0.0325100044014428 0.0806441253646517 0.0718892391893023
0.140462003191521 0.145560657705738 0.202321189649015 0.165864823788082 0.159216332360405 0.186574993305239
0.335939337692056 0.240554218561686 0.118444203689985 0.0266458324360792 0.128554505087776 0.149861902532417
0.0832038930185128 0.14189200778297 0.0811865370368317 0.419384797770014 0.235105952243911 0.0392268121477605
0.137580420736725 0.142241646084889 0.115206021690541 0.198700739206606 0.158729240454128 0.247541931827112
0.184870369618672 0.2244570696426 0.275031668694167 0.0276291658301762 0.212029905567061 0.0759818206473227
0.101517527703107 0.283860914836673 0.191146379792193 0.086677827792513 0.0284091300882782 0.308388219787236
0.0484124798088772 0.0379375638499725 0.10925062931899 0.375928291274301 0.123445143964005 0.305025891783853
0.19051896482308 0.174301881095996 0.139033546959119 0.255418015239116 0.225564274527982 0.0151633173547065
0.0619620332068098 0.209570292759309 0.157342095975241 0.179453752563785 0.116429454378066 0.275242371116789
0.117693947530413 0.287699520782674 0.142686138376394 0.216681510145358 0.152458401825009 0.0827804813401519
0.0522588855786183 0.307210318552584 0.0013482324805784 0.295898111062573 0.282312899333365 0.0609715529922811
0.137996281393877 0.252420124895823 0.110166216372998 0.235441513061092 0.177754803125035 0.0862210611511741
0.203707357460382 0.0999221188452334 0.126213287324724 0.0417394322870548 0.264120040816405 0.264297763266201
0.197928937283161 0.0483613297282331 0.341439969388241 0.00477276297695674 0.265933245257344 0.141563755366064
0.341989208218766 0.113256532116029 0.0713088756005281 0.170923076269993 0.160750003377473 0.141772304417211
0.189802852637702 0.187249988715484 0.117792516296329 0.0749728738575304 0.262278419545948 0.167903348947006
0.0561300566452178 0.176110928411777 0.161722655516363 0.0560934344698944 0.31280199203302 0.237140932923728
0.38104559734523 0.0833116927671151 0.345860875520813 0.0230733704502516 0.00637268884035816 0.160335775076232
0.214182669655046 0.185319689356296 0.212154843187125 0.0620310047807226 0.162034675682461 0.164277117338349
0.149832856344895 0.00451387606445813 0.402707733853779 0.0641353330781479 0.316046916471636 0.0627632841870839
0.0208747068872097 0.217813336463147 0.265166779230255 0.173038999446687 0.217163589783088 0.105942588189613
0.0530218289218716 0.162577717455211 0.0356139574880298 0.34595624029881 0.283486381869125 0.119343873966952
0.119342716113594 0.186791357101906 0.194198070712583 0.191246436852436 0.145747769817051 0.162673649402431
0.245693255663272 0.0684469645693893 0.214533963276242 0.196983147936339 0.150088193335676 0.124254475219081
0.248889865070927 0.0919845944978503 0.108795959589381 0.234712104536943 0.276374757629476 0.0392427186754219
0.117462063629329 0.0328401085963634 0.240073641573439 0.276220692852692 0.236626725327386 0.0967767680207919
0.35453257192887 0.0473596809176165 0.108117486993539 0.0913991769399648 0.197556632058839 0.20103445116117
0.152271900439869 0.12535141307998 0.257059628371425 0.117309182260426 0.240891926690572 0.107115949157728
0.18916513466802 0.159064533939135 0.16890350911086 0.150305772003162 0.122943150549595 0.209617899729227
0.160232269326664 0.161572291149618 0.0358467513395975 0.189596023157846 0.251332303434055 0.201420361592219
0.175108658652887 0.270673360622551 0.156947872441722 0.159273517565059 0.0738830713760152 0.164113519341765
0.168063767034378 0.293439605860369 0.24673495131017 0.0968661407680186 0.169386794938526 0.0255087400885383
0.00149216459595434 0.141566955625156 0.196613351425677 0.201086439917006 0.202949744348511 0.256291344087696
0.351269903903159 0.118917716037302 0.142278687957814 0.157634232601977 0.124318592803389 0.105580866696359
0.246635553404003 0.00238917815621001 0.225963761506583 0.0783343075433558 0.258143879819434 0.188533319570415
0.289293874648793 0.0382871312437871 0.148368147427866 0.147465775361035 0.115504117344158 0.261080953974362
0.145881482208886 0.268870710877023 0.250534044686033 0.0606129124394175 0.119667674581883 0.154433175206758
0.200602582659137 0.0490698593265492 0.182801189735551 0.183809189376616 0.174730355070231 0.208986823831915
0.18097915419774 0.28052795287627 0.171524489330588 0.220848808204463 0.00656393743443438 0.139555657956504
0.29270650534999 0.112918347872951 0.151153266309007 0.253733656398225 0.1686194163014 0.0208688077684271
0.211353224202941 0.155638014288873 0.12245903213657 0.243363933292694 0.228045682733303 0.0391401133456198
0.0186681533870629 0.201349871413758 0.101896217227058 0.412100438470632 0.0891866091626364 0.176798710338853
0.121408613104351 0.152859109170975 0.113121317946391 0.133583314113075 0.302860357712297 0.176167287952912
0.127214048211442 0.266855891239943 0.266198259184012 0.221777099720441 0.0351357121105029 0.0828189895336587
0.184432140948276 0.187198874377986 0.209783453718392 0.135233513272047 0.162679754529567 0.120672263153731
0.260610532585216 0.114857485886175 0.181467929236159 0.127995598382108 0.0377129800867431 0.277355473823598
0.236370403044187 0.0854438593561502 0.00963154132657643 0.231555692738527 0.318291281903335 0.118707221631225
0.239798603012989 0.0575268091552974 0.158156112198137 0.0857262506962899 0.204704891296129 0.254087333641157
0.208662803746743 0.224250100073272 0.180223905271362 0.120231706996065 0.254143420207321 0.0124880637052377
0.0647248596232998 0.0940425981096044 0.0978196776119787 0.233949115475107 0.342299500987902 0.167164248192108
0.17846707241034 0.0258570801676048 0.294222464374426 0.00499011144353563 0.36365723114176 0.132806040462333
0.183693378469996 0.109103677134885 0.113963821264186 0.159317839891507 0.202716208000767 0.231205075238659
0.259235859452588 0.145008692915297 0.0691437826489394 0.0146329417419997 0.211198762083618 0.300779961157558
0.278069549748442 0.220830916280896 0.0880459193434838 0.212792876176103 0.0174786412868911 0.182782097164185
0.384528122593993 0.141408178365716 0.16211883569004 0.010568409625414 0.137199544225551 0.164176909499286
0.166357080198366 0.21771813998188 0.0656451329436021 0.256970205710155 0.0611832334443426 0.232126207721655
0.274835039661265 0.28863138303184 0.204699243104805 0.0887942294347799 0.0993948693412224 0.043645235426088
0.202461785938427 0.110850305047269 0.157744009237852 0.220645065103678 0.0354477752088988 0.272851059463874
0.187352063853911 0.205283662532173 0.0400162402839122 0.217543185734964 0.0902717950029619 0.259533052592079
0.356592879328786 0.0258600158021686 0.200777082378067 0.299934086293985 0.000516869544664513 0.116319066652329
0.163016062110326 0.0975586303715432 0.0808895411949561 0.266178445741741 0.223365512554955 0.168991808026479
0.103674077928602 0.211622014641935 0.198982654134006 0.178176426322044 0.242884263051625 0.0646605639217871
0.225988576821622 0.000640450342233554 0.128735209091327 0.283036158929114 0.0745116367640685 0.287087968051635
0.139253570875083 0.178947257600082 0.303860312095076 0.145163386969548 0.119622192207547 0.113153280252664
0.131267127284883 0.019849112463787 0.311583632134106 0.0154213716820959 0.269440845097179 0.252437911337949
0.153043291914596 0.08234587846132 0.398470788900781 0.18891055796179 0.0151641696460056 0.162065313115507
0.162766954109122 0.143384945754895 0.209579071942796 0.226236960304445 0.186050163948725 0.0719819039400172
0.0153267855121754 0.243700620205025 0.160098649207825 0.342679508384939 0.103097607579618 0.135096829110418
0.100851600235675 0.234315002258193 0.0854794522544682 0.371687499214405 0.00037374207866515 0.207292703958594
0.333111071958748 0.140577639517696 0.0131466333828879 0.0983529237230661 0.0623367857600175 0.352474945657584
0.158842209186227 0.233057017195763 0.137167058770317 0.000787704865094991 0.247991344024477 0.22215466595812
0.206260507102134 0.200541519949499 0.179010189788874 0.166939298866226 0.171739602664718 0.0755088816285492
0.0184420234698516 0.200680146676932 0.251227171537892 0.183223016853526 0.231088336031095 0.115339305430704
0.0729516362257522 0.310123581408993 0.19509687895214 0.200027005864739 0.01689423318042 0.204906664367955
0.232905510768877 0.147960996079302 0.0445084179349736 0.24618187578217 0.210273661297435 0.118169538137243
0.170464992429226 0.157667717636457 0.325445309738278 0.279557660221023 0.0353444428266587 0.0315198771483573
0.12870817266793 0.170954406802013 0.063462486153198 0.330867704458717 0.0445434232002289 0.261463806717913
0.202255449236025 0.0496324619435246 0.171564900198943 0.38788877821888 0.18851897913827 0.000139431264357884
0.123990337656973 0.133112794100858 0.27298850939402 0.221036207668389 0.193505565594342 0.0553665855854181
0.185154908998672 0.264138778202078 0.280624697722651 0.150999930853656 0.11515612935293 0.00392555487001299
0.212474120184475 0.0431839220547349 0.159371020411592 0.232981686541407 0.206221672637479 0.145767578170312
0.0867356614231956 0.164086224581141 0.157046773198106 0.204650690761209 0.171093614935357 0.216387035100991
0.34606385935643 0.091232354411782 0.181119015900464 0.0779203434774771 0.168639941004104 0.135024485849742
0.172107272721468 0.275951655825209 0.012237551993821 0.136479231818142 0.129658147522891 0.273566140118468
0.27108958008944 0.141906574295359 0.103042207594492 0.0467965952576976 0.169894103789686 0.267270938973326
0.127012369250209 0.36960639110902 0.401896543865499 0.0130355535917472 0.026707500678241 0.0617416415052841
0.267815016933781 0.112263349785572 0.172330503071516 0.0693641242546485 0.359419355560349 0.018807650394134
0.185732977676176 0.012295306812753 0.304391773466589 0.0935221954423818 0.134357736997059 0.269700009605041
0.0395981390590862 0.233209750767244 0.142997692943295 0.230157571745219 0.181195580810895 0.172841264674261
0.258627056721969 0.0914684062847356 0.186849106610191 0.0214032248063905 0.263324100854132 0.178328104722582
0.109433608599361 0.00846903596436679 0.318825037818372 0.0583656659893692 0.168668628155765 0.336238023472765
0.174218086117603 0.0218939541991291 0.17007797524306 0.161337791258649 0.199813059742087 0.272659133439472
0.0897222857868485 0.143072249314206 0.21179360859519 0.301439306099508 0.0197563242638826 0.234216225940365
0.167563522081892 0.357528987159708 0.0482640760901591 0.10552795491112 0.316053130047674 0.00506232970944686
0.253393505544284 0.00568716804646673 0.19529111541974 0.245775949751537 0.120821166619817 0.179031094618156
0.00862342841300561 0.197706123710211 0.123846989674303 0.209711076307112 0.191978151483959 0.268134230411409
0.0463656845717104 0.290119786043016 0.0815964127421933 0.102217416924843 0.187043037062893 0.292657662655344
0.0162714317437117 0.153719698971242 0.101689222102463 0.136671515928736 0.0890301333121619 0.502617997941684
0.116084554417861 0.0789204072521983 0.203061970541385 0.141096284588464 0.237592064855335 0.223244718344757
0.166146625499349 0.248606888310568 0.164033516419971 0.176577568649991 0.110907051477297 0.133728349642824
0.276836322512843 0.184921427714604 0.149891046926056 0.157599880695109 0.172891478611299 0.0578598435400889
0.280351151677115 0.0221365221256708 0.20676378792671 0.026966539743607 0.0161034027862644 0.447678595740633
0.022920953588683 0.244707627556233 0.0932429586681738 0.219507460584816 0.216806643089876 0.202814356512218
0.262236997912687 0.0624907577128004 0.0788618840946261 0.069780521041327 0.24314727234263 0.283482566895929
0.248681690288597 0.0716820588985137 0.197185714399787 0.221794874874984 0.0885302877866137 0.172125373751506
0.529647178219296 0.00169534885872213 0.0758372263623376 0.169113376275472 0.169812167379479 0.053894702904693
0.0959228777629788 0.21579163460802 0.15643805394089 0.194364943018718 0.306357008072796 0.031125482596598
0.178289099053924 0.203830204942115 0.109948550881296 0.141479902985226 0.205347601502567 0.161104640634873
0.296176077514812 0.027324281331516 0.0863016252525365 0.203336776882072 0.315003969469741 0.0718572695493233
0.316220165810385 0.278204623468807 0.049388365388322 0.0108878311331078 0.238660120297752 0.106638893901626
0.232357909060673 0.00400056832149966 0.0784377191870486 0.185510087914005 0.276480310206112 0.223213405310663
0.214113701626365 0.191211500594535 0.0743870595938032 0.27715287496152 0.156216889198342 0.0869179740254359
0.0695994748211599 0.27567722130999 0.179423090723954 0.158584283196201 0.141031656635292 0.175684273313404
0.23022190003482 0.0355989348053506 0.310267803089158 0.0855350315735579 0.234242634073365 0.104133696423748
0.182548990626321 0.016897935051682 0.158884287675511 0.177802857954154 0.253842868400202 0.21002306029213
0.154444403393662 0.25019470674186 0.157447678451263 0.125013789948591 0.218076281651774 0.0948231398128486
0.117457979000992 0.247414375152409 0.231175538331256 0.147049675203368 0.0584745442053974 0.198427888106578
0.244864015615285 0.183873542078104 0.116976790349179 0.216769720697237 0.0945455692495354 0.142970362010659
0.0861881846305667 0.128828477526431 0.0908728978273024 0.193034197870354 0.232422306838634 0.268653935306712
0.161198934663801 0.0380956535981062 0.328176360926406 0.0657936672349427 0.230489673083976 0.176245710492768
0.151918602034627 0.105906363698449 0.151943846784809 0.122266609982484 0.27598365566137 0.19198092183826
0.345011607441704 0.0461794907200339 0.186404768192063 0.0524696910950497 0.114922658277726 0.255011784273424
0.0838024644499412 0.373886492047547 0.312966628132929 0.00774977624889455 0.0663075875756264 0.155287051545062
0.0464400468441979 0.178063892855351 0.209814235478534 0.406232992395616 0.0251278558844192 0.134320976541883
0.0697140830753205 0.195039992378337 0.195122022153778 0.0409685996531938 0.260881906093482 0.238273396645888
0.0654862128707727 0.230347232408265 0.178268620457018 0.256363499361704 0.122128666916032 0.147405767986208
0.190541634867463 0.205542533902226 0.244074978794818 0.243593727696057 0.109826072587978 0.00642105215145843
0.188489926304772 0.245225312236325 0.0968468417815259 0.0630541655815782 0.322072815977313 0.0843109381184856
0.168181244557849 0.184089720533397 0.329817255472636 0.118099700330777 0.0191695852126741 0.180642493892667
0.163148245961683 0.120024407922477 0.260926922728792 0.115454012215664 0.228476745258995 0.111969665912389
0.0464784059445072 0.156481399864137 0.305164402328008 0.0333059036256124 0.05615508618993 0.402414802047805
0.271299231546709 0.0367012160131165 0.241632362694305 0.0135709573436507 0.296557775198796 0.140238457203423
0.0983665308273539 0.0241972271049247 0.523496671476662 0.0355615829091793 0.281609715914673 0.0367682717672072
0.0353136392074874 0.160924947469677 0.223674243408903 0.218551297298288 0.3337730734995 0.0277627991161445
0.156822142762998 0.0550792127674327 0.138659560529693 0.174989870579072 0.200217978264266 0.274231235096539
0.311445107479395 0.184700831486566 0.0660989940957976 0.0723831131200004 0.208043885439883 0.157328068378358
0.0435071800449237 0.193223077281459 0.189959637038761 0.165058806035821 0.204509177299744 0.203742122299291
0.238794841343584 0.162180031199734 0.200334885659942 0.192809437361048 0.114836484211968 0.0910443202237243
0.250606886851977 0.26226045699401 0.260496856646199 0.105344844419671 0.0521290057554535 0.0691619493326891
0.280731449265929 0.0710309710691152 0.0291280235744778 0.266025998023942 0.260085585271743 0.0929979727947925
0.0646347809246398 0.15976821521048 0.140393270162067 0.350384239817198 0.274377995780216 0.0104414981053983
0.270611539219313 0.239812178888494 0.122019511273778 0.0686248329831175 0.0340655376691309 0.264866399966167
0.145911434429719 0.200746798764389 0.328804112372237 0.122215461036128 0.0305909883395919 0.171731205057936
0.0648123106908472 0.283148765261545 0.286148288111398 0.280169283785485 0.0235425974724915 0.0621787546782327
0.141180651394496 0.389538425235854 0.280491445123457 0.0279823927259339 0.0883694020289124 0.0724376834913458
0.131441710235134 0.126725011551034 0.231533808994018 0.0663375307609553 0.254300397539629 0.189661540919229
0.433176009977749 0.300444397471431 0.0270723441412374 0.149764006299361 0.0683268663592532 0.0212163757509676
0.272928481302232 0.276287127659231 0.0656918445393134 0.167240418171658 0.0960785585497013 0.121773569777865
0.0553426286113104 0.282328915769043 0.271874458566846 0.0392082729515075 0.213717996651345 0.137527727449948
0.122992867692613 0.0521337907467051 0.335259558695728 0.234236346667699 0.0996743635901558 0.155703072607099
0.165053189407809 0.140793001533855 0.00946329873684154 0.306593830511975 0.066087417881514 0.312009261928005
0.110215828718154 0.191858970353986 0.115119995723533 0.205286219973615 0.199513044994213 0.178005940236499
0.306995238290595 0.0587854452248196 0.00122433813290005 0.0363915449984413 0.292470696272823 0.304132737080421
0.179206778756358 0.238319706940258 0.0366443554032522 0.21807252700646 0.137546188067437 0.190210443826235
0.211644694086436 0.133235211334268 0.253723537291741 0.206255332746603 0.0111037402213609 0.184037484319592
0.0325577025956739 0.184295644555305 0.174151024324007 0.22524825752461 0.214915459371536 0.168831911628867
0.123896738655228 0.325049208293641 0.0951544707433886 0.313353404065157 0.0166876898561587 0.125858488386427
0.213149623096844 0.0247322228510285 0.152622598627982 0.108048018261706 0.303563762723983 0.197883774438456
0.0701499331722064 0.108222076001421 0.216617827750758 0.183368091442046 0.109040981941952 0.312601089691616
0.0720896277656722 0.170831014400418 0.0346503728354519 0.13718108047931 0.299880052416975 0.285367852102173
0.214587935249879 0.0550922228525563 0.280995173952381 0.0902760877901776 0.157854382605268 0.201194197549739
0.0305010593087571 0.21704510799759 0.0952945888668514 0.152676489211512 0.261089549894076 0.243393204721213
0.0555521082263322 0.184105242834159 0.19707183230382 0.341204499018693 0.151697894692855 0.0703684229241403
0.22599412235178 0.0715492252917806 0.151536042778706 0.140845408995592 0.165252621685496 0.244822578896646
0.0896881496312582 0.240592763296226 0.188081937015515 0.0846744577114808 0.1119956750615 0.28496701728402
0.265699067202886 0.145726741875851 0.275234700820198 0.00591738525831128 0.204399056827901 0.103023048014852
0.249272727174963 0.0830226954608644 0.224160730357778 0.205740698791421 0.0208647200538499 0.216938428161123
0.0349420630282733 0.183437213521067 0.241329815971827 0.125225953395632 0.194636763562734 0.220428190520466
0.173573836954953 0.300646722114919 0.187792240819806 0.114539893972969 0.17280990106908 0.0506374050682721
0.0575762133443965 0.13167801500884 0.0821062050027217 0.260548932740539 0.285262212196883 0.18282842170662
0.325166629371186 0.319206029179986 0.175293801087644 0.0198250271819392 0.0741742679534602 0.0863342452257839
0.0972691913873032 0.163323420609445 0.109712712072715 0.201406877615511 0.198618433906488 0.229669364408538
0.160745366427211 0.214727985529526 0.219342812370041 0.216328505463103 0.125235287892733 0.0636200423173871
0.119566142440136 0.0172082757325585 0.225242535768657 0.21189393404313 0.150437906022689 0.27565120599283
0.0902133041239409 0.200329543353093 0.172965229525719 0.134195221843682 0.0613433655060607 0.340953335647504
0.199198405649275 0.230474429589827 0.0474773126904092 0.11397632848648 0.240779143682105 0.168094379901904
0.173945532313292 0.21055756207367 0.264944107504839 0.1435329476782 0.0645802712185607 0.142439579211439
0.192809126243845 0.252849492937648 0.156430661435631 0.0737843267604817 0.245499472221223 0.0786269204011713
0.378460310671533 0.128754011825961 0.188891545911793 0.236081852755149 0.0603713493994076 0.00744092943615563
0.159398584583563 0.249775997130933 0.294410117723829 0.0561622675579524 0.0969313157978248 0.143321717205898
0.127626180554036 0.194318342653101 0.196540967003227 0.0639977274264655 0.188612793085816 0.228903989277355
0.106397641895426 0.38438793136332 0.0370169864519746 0.124075363990325 0.164458469203317 0.183663607095638
0.0900642759540278 0.189198050835051 0.368191497990334 0.178016090474925 0.0259250692120233 0.148605015533638
0.184316238154187 0.119432534914427 0.257266493744776 0.330123808429796 0.00389043622489911 0.104970488531915
0.257912497619249 0.177534452079122 0.180783965454447 0.0392621933205306 0.106253992106251 0.238252899420401
0.0774450915505609 0.339601992203935 0.106474227689243 0.29674607923993 0.0474924794164236 0.132240129899906
0.222497731902863 0.124479882825443 0.0623526928403709 0.258019494037457 0.259715966426957 0.0729342319669086
0.0847431101535154 0.0624462921220846 0.150521371425696 0.16922370430362 0.322032161396147 0.211033360598937
0.141994583722297 0.291695019375936 0.182595132212456 0.158644371336916 0.0482574738567229 0.176813419495672
0.327105972186348 0.230419315829029 0.214436455222863 0.0453590899248743 0.120957722910718 0.0617214439261676
0.0508648639487369 0.341904007724572 0.233227448946181 0.0190683643162582 0.00134516160837232 0.353590153455879
0.129214194735642 0.170784786899436 0.038551625322956 0.0804392045691873 0.32323663916598 0.257773549306798
0.147363475002748 0.155675821812454 0.19086690121242 0.163665923517417 0.122493406855936 0.219934471599026
0.156891574458217 0.293472786133341 0.0649938017563208 0.112077580687029 0.243902131870072 0.12866212509502
0.193570438429765 0.10667565392199 0.110269730728091 0.22350455233079 0.155540012545305 0.210439612044058
0.0646471068491687 0.232670266545488 0.191640159159574 0.107812079866371 0.155348331143497 0.247882056435901
0.0228287298972842 0.265008623338795 0.177960736770243 0.130845178814655 0.141092232091771 0.262264499087253
0.112331836407433 0.101727905139477 0.163285992723379 0.19613594927015 0.113296038377971 0.313222278081589
0.0278025036943617 0.0296339931876875 0.28948265055579 0.192722190655318 0.0346119436934515 0.425746718213391
0.0358397815591594 0.280728486174252 0.110378392756184 0.0999841623205993 0.246550050624773 0.226519126565033
0.130084242334405 0.174055961450749 0.197306683270847 0.0235631710147398 0.29747758297376 0.1775123589555
0.0506170671389146 0.160634352362955 0.243085401709597 0.291687193974962 0.192647754131356 0.0613282306822153
0.0521640425847064 0.0131264720371983 0.279267409649108 0.426794215952667 0.202727820702908 0.0259200390734115
0.0717042438149573 0.115549351132805 0.0850159304149278 0.284590884230209 0.403713877943409 0.0394257124636916
0.161935203591416 0.287414650106049 0.220874522169207 0.0859005462520059 0.190270463380114 0.0536046145012083
0.0887896970322781 0.224590746849324 0.272729659747388 0.0483708012723323 0.0283037560576208 0.337215339041056
0.224270264320818 0.0191556147975968 0.201167495382117 0.195381982207038 0.128231387726258 0.231793255566171
0.194247149402111 0.0100826793898397 0.0496843825176863 0.246661666675126 0.261883840389872 0.237440281625365
0.0755077579564311 0.0430564019166684 0.107620814671378 0.381264988654852 0.343621346230089 0.0489286905705817
0.114744998411526 0.241222202204064 0.155310010451745 0.226752513964621 0.041457471781905 0.220512803186139
0.157868750686672 0.131547582920066 0.0566573757857219 0.304314040262308 0.242965283148684 0.106646967196548
0.241666912496192 0.14111705983382 0.24226169957777 0.0169549859089784 0.183357892059926 0.174641450123314
0.316066556310837 0.140110227353771 0.0436567562430059 0.0559777917661458 0.110198391645353 0.333990276680887
0.225566268580645 0.0669860430146691 0.1986337501473 0.217168845500115 0.139697656714593 0.151947436042678
0.189289294142965 0.0969236537276839 0.123238320914289 0.169922066071881 0.205994013427997 0.214632651715185
0.116150789274775 0.0138451486865686 0.177358633533194 0.37317431861612 0.154124507132734 0.165346602756607
0.280304934016081 0.143080741872474 0.0531501985019384 0.0656074591410007 0.199087643601015 0.25876902286749
0.15733658624216 0.21203642371734 0.223122321804988 0.153468195363203 0.0313581573698272 0.222678315502482
