0.0714109710637797 0.103939557251615 0.154319829788973 0.0272406622737646 0.114173071369576 0.167969961571672 0.0426466270054828 0.135079070688575 0.0545264629154368 0.128693786071124
0.122926318474945 0.113856775485577 0.0917858947942763 0.150945211902795 0.0247882591638529 0.0473329379746912 0.160237974049223 0.0628329903876852 0.130879902995571 0.0944137347713842
0.0215939616853444 0.0390111054888071 0.00653808475522529 0.0605036479386841 0.20440067506218 0.16610594382437 0.0818922911078297 0.09218571407747 0.201845984708293 0.125922591351796
0.0246799159292265 0.0437919317311944 0.221338624115899 0.0379160221035895 0.174281333033142 0.0129867026683336 0.153017441523263 0.135355573950172 0.00258187420705421 0.194050580738125
0.145925592006447 0.119448464916108 0.000739263278480904 0.192036043223107 0.0845630591292634 0.0258739108778932 0.0187903113846138 0.175077393451153 0.0801985393869828 0.157347422345951
0.0682088967413466 0.0337803537438799 0.147311943250342 0.0944939964371438 0.0506564262142253 0.0772572161111676 0.11773402517767 0.146672476009755 0.0975862690429826 0.166298397271488
0.0632981732133756 0.112291769842809 0.136335921699348 0.160443827843274 0.0137806798647809 0.0554609987497669 0.0497066660671882 0.143953967579427 0.172289224823961 0.0924387703160681
0.14565921367286 0.0160850168305403 0.133805730731816 0.0909785763161104 0.106565553343705 0.0405232177452987 0.0694740015658581 0.112155189442754 0.127875755101855 0.156877745249204
0.0144068710469583 0.164282454966072 0.0404177455594054 0.166351411745899 0.0740430207056579 0.147033808525512 0.0883357926017933 0.141732915478466 0.0963662106294749 0.0670297687407605
0.158354069227392 0.0730865141011352 0.0328408108674651 0.0665732370974625 0.120817628235635 0.0727142330670769 0.131751635847015 0.137723525338546 0.156899327317801 0.0492390189004715
0.153732937638315 0.0819562866709644 0.142428743875511 0.116771638302176 0.043646442499065 0.165241576193971 0.0346207228827315 0.162964894412781 0.00439807009759784 0.0942386874268877
0.0262757931221114 0.0974759843317603 0.0551392416692255 0.209684743261969 0.129422586007447 0.0763860019638966 0.0614244878683884 0.0477580961271272 0.091662110197164 0.20477095545091
0.216781522939501 0.0305151632118262 0.119579765100251 0.0507630720008824 0.184434031049796 0.156680890154417 0.0419160503240794 0.0871068409366433 0.0933413532969952 0.0188813109856089
0.00605947378300673 0.0273531037105223 0.00074276663756024 0.176370751419751 0.0667822186160649 0.14296521663941 0.208298837250121 0.0767516840709089 0.115020052283561 0.179655895589094
0.107723012341252 0.0793987537421846 0.135330070493262 0.0505439669949456 0.142292487892666 0.0449277847363487 0.193934227083362 0.015000938803293 0.108778693024328 0.122070064888357
0.105454073039905 0.0788095538690566 0.160499500758581 0.19531146469666 0.0262210816489285 0.101233411364535 0.142916005241648 0.0226227581748652 0.0627120942920581 0.104220056913762
0.0291449524367486 0.181594790765993 0.116342893873761 0.0655154244147386 0.0534684382170927 0.114015110574454 0.159705707088687 0.0442153742229519 0.093159088395023 0.14283822001055
0.0957939290378868 0.123897132226519 0.110273475097781 0.0968780576021998 0.106422771539072 0.146135816492823 0.0833926906439446 0.0189842161662418 0.0733567827103298 0.144865128483203
0.169512091902308 0.106430537883491 0.0155135612187992 0.150769585263777 0.167962251384332 0.169527342347042 0.0395107777225232 0.0664017410927584 0.00929252373744379 0.105079587447526
0.0850315541922793 0.128850668058426 0.0961396063923443 0.0936453741603514 0.219940074696525 0.0700840344628869 0.0221385618509087 0.106205476469459 0.175122387640384 0.00284226207643556
0.105131290383556 0.0966683238989688 0.0394513103785515 0.138794761727815 0.0895089486262023 0.0990333617191202 0.0663318364738636 0.0947297021597775 0.0892444724272305 0.181105992204915
0.0315944118867718 0.0462568585524167 0.170980253441185 0.0268002660134055 0.249719104462121 0.235330148736943 0.168544058336791 0.0301855121536323 0.0401556678017175 0.000433718615015143
0.0719817542010738 0.00840523646295022 0.0413157391269359 0.144399684435841 0.153414129884249 0.172106330732845 0.143515240712814 0.0940704873979971 0.16371811662703 0.00707328041826372
0.160769974944705 0.11134987710949 0.0938985196808679 0.111840650353766 0.119017219753823 0.0895293314897068 0.0842309103602482 0.0953218098217296 0.0721701523513866 0.0618715541342756
0.0574345853975369 0.130292366571083 0.0959657281646993 0.168465628982226 0.00138178095322031 0.0382410131761883 0.12909295650817 0.174444206404131 0.116571631683011 0.0881101021597349
0.0275132848278669 0.110621484106663 0.0797241297969552 0.173519322273694 0.131928219212029 0.179118832248428 0.0634943104433732 0.0682565500635238 0.10860312570869 0.0572207413187772
0.110377459328601 0.152878623085078 0.0436993621042957 0.025804980353155 0.148933512706616 0.00611594775784403 0.0447670258165972 0.135401074621083 0.277253925632725 0.0547680885940051
0.0705944019886892 0.0179018169287905 0.198514730118371 0.00607529621782741 0.107217071510916 0.0252101340619405 0.116951465264596 0.114288866262957 0.203686145912882 0.139560071733031
0.173726160706398 0.105439023118049 0.0959875270630069 0.076173486838872 0.0946635461947767 0.0872737489027067 0.139426059313009 0.108523802452665 0.116937217879273 0.00184942753124438
0.105560837559041 0.121140578983108 0.0687477154985496 0.145998474609908 0.105040607341056 0.116459529478234 0.0886510234058979 0.0796688431845532 0.105801809943982 0.06293057999567
0.135903871708303 0.118696102024998 0.115700783393645 0.13672540426896 0.0824202112781922 0.100798749721865 0.0826543862931731 0.0447294101524851 0.0534988173669393 0.128872263791439
0.134274897349692 0.197706001525796 0.207877479851302 0.000821985161190946 0.138080624712449 0.145121156535273 0.0436835938702212 0.0472121380852161 0.0524020634774016 0.0328200594314588
0.0639328047400209 0.15008702832612 0.107299726264331 0.105646637978214 0.0863054889095347 0.120562934336176 0.0504398275497762 0.0571275163304009 0.1660854872446 0.0925125483208265
0.114103038263387 0.182270661714933 0.181834883448002 0.00651706463849665 0.053338193664095 0.176596280126728 0.0752705862785002 0.110765950279243 0.0877033089179584 0.0116000326686567
0.155960947198657 0.0881844457837099 0.0772439796137501 0.0571104847234454 0.000137020794484181 0.126998854480934 0.100803107157844 0.116310516320645 0.155839784948916 0.121410858977614
0.151495911675467 0.17066051926698 0.178966168926817 0.0632038810667929 0.0436663756502786 0.144592212039621 0.0451649647284848 0.0980093712297856 0.0480263860378371 0.0562142093779361
0.115270700532522 0.150568580567976 0.0160446336698571 0.107767907336949 0.119368558961006 0.0802463904178444 0.135067419958305 0.0577067787369002 0.151564244846294 0.0663947849723475
0.0352684753723738 0.0743868717025813 0.106051371222792 0.0666494297070883 0.127356800049142 0.00911315825902588 0.138636746041849 0.117575323581367 0.168450123260348 0.156511700803433
0.109449718037848 0.119499316517501 0.156029925747212 0.0894855613319661 0.143526001544225 0.0634416408538209 0.060667855499765 0.0989039721156008 0.0737693468671909 0.0852266614848711
0.0589943602419868 0.139669051436611 0.0745158640707689 0.0105767252250119 0.114897698728432 0.148221944829418 0.14665768592388 0.0896976739141675 0.0149309369468912 0.201838058682832
0.148504348723196 0.155210382563731 0.0616576409833903 0.139717995839829 0.131409067085437 0.112494301967051 0.0683603423382805 0.0274099178186752 0.0894175755266284 0.0658184271537815
0.102199978967877 0.0620680551839234 0.0155091179637187 0.123042752882546 0.161072109063238 0.092334125407929 0.0411224023279078 0.236807214514419 0.0574298877305208 0.108414355957921
0.0709904581769497 0.0446695104034523 0.1091860270395 0.0967405321399925 0.164446237951499 0.172349305104003 0.0528252316495807 0.106544005312015 0.0162127421919159 0.166035950031092
0.151853232210997 0.0502550260903686 0.00875849972406718 0.152935354244928 0.0369087468178024 0.166565023505639 0.109346932779453 0.082570563044313 0.0942168022706928 0.14658981931174
0.0903093566142201 0.145287257197596 0.120033344987942 0.0102503782104675 0.133178572829909 0.067221117861435 0.0548543200814064 0.0995905404479576 0.147315886602821 0.131959225166245
0.0956354922221204 0.0833352771136538 0.161481821801822 0.0865573452679809 0.191259232609235 0.0205956301268182 0.0738610438725015 0.0115976100669423 0.107724388818714 0.167952158100212
0.164949795504947 0.0193688040867055 0.125324710406005 0.0836310551610561 0.0350289416923388 0.104290879578932 0.138924235971602 0.100674908304952 0.0393250269610142 0.188481642332448
0.0571818554923372 0.179062688030857 0.13004346913763 0.118825691702784 0.149447689878735 0.00342149747691885 0.165150566400549 0.182596476050884 0.00141794705830124 0.0128521187710043
0.239388285678696 0.0621550033820057 0.088982650575134 0.0408885245214752 7.4574773060386e-05 0.134879121471843 0.139741143482177 0.0102338868166047 0.274046401791698 0.00961040750730674
0.0341998469891137 0.0384366752326232 0.168791656729153 0.105417791878287 0.0298478189727027 0.162652060078908 0.143304301519559 0.0706947488005588 0.151770079114654 0.0948850206844405
0.0886842067999366 0.0406904131835597 0.143923869641152 0.0867302201616472 0.162729881365562 0.063290654073256 0.149164316771821 0.0611747810436952 0.129846551398319 0.0737651055610514
0.0273878948295449 0.149871366933649 0.0165271001529227 0.0879326358729479 0.026129094533139 0.160561628666838 0.171330629917837 0.0222351447650314 0.165308715275098 0.172715789052992
0.0721991322632586 0.082429431268845 0.0115361244232701 0.00877025201675061 0.14148823767751 0.188377181358958 0.00215469325613616 0.201189385757767 0.198216927786197 0.0936386341913077
0.0392796065966091 0.126724163806534 0.0142695185278727 0.13971812063015 0.0893310672269226 0.137768836902546 0.0787166933764055 0.148890045209063 0.107533339732235 0.117768607991662
0.11991450293933 0.238770908886203 0.0677251535273776 0.0112024555228125 0.0939473164864303 0.0541864813208031 0.167370110533766 0.0764180743402629 0.0379867220578341 0.132478274385181
0.106102764938233 0.127705758273524 0.101819956250119 0.105804089267845 0.161282282857279 0.0948388226838997 0.135269184211127 0.0448159672969751 0.121269262378706 0.00109191184229118
0.155696585037997 0.142200298392387 0.00190091292123007 0.118943475525992 0.131945377206119 0.096810351810089 0.113957996106505 0.15668893339061 0.0734145235939818 0.00844154601508971
0.0378753362238944 0.186926762105965 0.161408486217278 0.0514247130882839 0.0861408848289234 0.070133550616566 0.127474239536058 0.0325885891638298 0.130916942086667 0.115110496132536
0.00952487070568659 0.0485896085191398 0.0378832148180401 0.169457193496087 0.0930627985258135 0.102028754674994 0.117264536058211 0.131658546685363 0.14378379346639 0.146746683050276
0.0457157992489256 0.0669412254280297 0.110362889227754 0.170133097692895 0.0605187972407782 0.133170863580999 0.0819754284889576 0.119699856347364 0.10956213139546 0.101919911348836
0.20703152643116 0.112878740146597 0.0871203820377676 0.0710751108481264 0.106569867169183 0.185704739791227 0.0140443315440312 0.00973144108201636 0.114050355813814 0.0917935051360767
0.15865836388435 0.0612202726664478 0.111055541197954 0.0226036992148196 0.0934133598774375 0.134721243019301 0.00972005373411609 0.136244018410476 0.131452554297559 0.140910893697539
0.0200995451839028 0.118731700606581 0.112722835547526 0.156588537306788 0.128617752615686 0.0258885968857147 0.0942380190768946 0.148045265238283 0.072182169336024 0.122885578202599
0.200114238014662 0.0250376097788414 0.144116081014921 0.0101338763298738 0.188891937471076 0.0571621846855646 0.0310982205946051 0.0375249665242116 0.1570138189709 0.148907066615344
0.219386549750855 0.16869707584594 0.145011358238063 0.142731967910588 0.174424709009763 0.0212689086228636 0.0487048166292416 0.0303741650735455 0.0450418647863421 0.00435858413279722
0.16244571827175 0.143120358756048 0.00047010051170853 0.109550342316303 0.0469396993764956 0.0990582121431457 0.088660178757789 0.10156710580216 0.077992858538552 0.170195425526049
0.0827535140893484 0.116219605811886 0.163583077595247 0.140850638680406 0.136085811985749 0.0345054523322389 0.0413879869438487 0.0591706326557187 0.143850643516142 0.0815926363894147
0.147946937438134 0.0556972111724227 0.0974501889299036 0.0163231265515727 0.0282604812639587 0.134664600938957 0.103398827606442 0.131814438841963 0.149087219044747 0.135356968211899
0.0925867567835015 0.037519433282883 0.125694310367948 0.0855265303302859 0.0740948354958415 0.0609955862516817 0.114044581883252 0.160058716522642 0.13821492092886 0.111264328153104
0.0806584645668825 0.0945465658176221 0.123513837928866 0.100919612993429 0.0911246226162033 0.170602499313203 0.0340210340640547 0.119956759975749 0.0490058005419816 0.135650802182008
0.209854664377996 0.0695237698856636 0.169963597363532 0.200227503569522 0.00604070957955874 0.0249731386193132 0.150650739283005 0.12964017376099 0.0275305577940512 0.0115951457663693
0.122522717000125 0.00765858045590496 0.0927042476679036 0.108807002868004 0.0920241810284951 0.131285913481748 0.107968228601032 0.143502403873863 0.145750918274451 0.0477758067484728
0.147275500689678 0.0704187721721273 0.08920901578921 0.0566228804770974 0.0953188834950665 0.0874837336888991 0.171760382727387 0.0200553277516473 0.0914303681158498 0.170425135093038
0.0443351270767331 0.172943547181376 0.152699476325516 0.144223770369709 0.172868771999371 0.0240247350770852 0.0449325219389382 0.109188234408765 0.108592713851321 0.0261911017711862
0.106078377150631 0.199123241352939 0.103179683646072 0.0327516949760522 0.175323401273627 0.0407288211894512 0.075812370961077 0.0427580958468118 0.138332741886769 0.0859115717165701
0.0172658847063587 0.199396793885592 0.11251604213741 0.098373682538234 0.199748803336304 0.146795286640451 0.0247250396096025 0.0934709002089054 0.0313941740640757 0.0763133928730673
0.0742552422961018 0.149692593675136 0.180390254162765 0.164396741615196 0.17349741676449 0.0268557391213684 0.0427953932412222 0.00808541909052703 0.14776059527959 0.0322706047536038
0.00704957797912829 0.114167701565537 0.180014324606244 0.0292312428745121 0.0154268328241794 0.160276104964484 0.0758961692170431 0.199356502311796 0.178161390578348 0.0404201530787276
0.0174242209431307 0.0181225164085424 0.152339409248812 0.0018328794848499 0.0715174718357371 0.243916051412897 0.0769399690070705 0.221376278182534 0.132937471059041 0.0635937324173851
0.155523686831537 0.15866503172467 0.200594913503677 0.0313763782513317 0.134875568702884 0.020667968752044 0.01584352567789 0.160316436948945 0.0329205564181609 0.0892159331888602
0.136440558311012 0.158513309124175 0.074270452357753 0.126053719233379 0.122222656420231 0.0274961913504674 0.00725367751849603 0.152742912221565 0.0903964625501046 0.104610060912817
0.0953514530480956 0.141561132823437 0.112684869108845 0.179851827126396 0.17653329021618 0.162475398179441 0.00309078137694995 0.0410561395322841 0.0641056950362644 0.0232894135521077
0.0924708255721565 0.0682721221662484 0.183711377656464 0.159708480453401 0.113360100454613 0.0531428637386151 0.0158259342789403 0.060421481492822 0.161247934235988 0.0918388799507513
0.18926612910016 0.111090261722925 0.0465184781247482 0.137954040040666 0.0628164946011481 0.0703509362840917 0.0576855031274118 0.145092687903301 0.161363974670061 0.0178614944254886
0.171552639364937 0.0135323952607321 0.189665160384387 0.0835159815184188 0.0545864581862146 0.190096212082088 0.162388530275866 0.0143993006463383 0.0553475436499805 0.0649157786310375
0.0336571155724422 0.105021760311423 0.112268708902419 0.106391020624118 0.111155988883164 0.112135560224691 0.0930479967102256 0.104484596424687 0.103383641313858 0.118453611032973
0.0828950057856438 0.0434211316750297 0.0826815480834023 0.150327946479019 0.153787713323986 0.0374088597604713 0.0709497615395863 0.117574052582518 0.153398467940992 0.107555512829351
0.128320954571533 0.13349074396464 0.0550088231654043 0.11882646392483 0.105389113255643 0.0309826200071855 0.173059580755883 0.0157972494309214 0.159771447186267 0.0793530037376928
0.167802286957991 0.0489675065997519 0.0499703501696705 0.209055051580039 0.179095398310161 0.000730237628736958 0.0336010193541591 0.020152556620188 0.170344833851119 0.120280758928184
0.123231227648064 0.0295640241173533 0.125940167250347 0.144823763187309 0.0533676252851013 0.0853037728726494 0.032628137577551 0.149782593482776 0.146674059872089 0.108684628706759
0.106717262642139 0.172800855072184 0.111461070970497 0.107796845178687 0.165500953160983 0.0125783203052609 0.0541395425688944 0.147609881285495 0.105375104067452 0.0160201647484071
0.0773864553153337 0.130696876228031 0.0979923892015612 0.124087041673017 0.116272736199656 0.0372682741970119 0.133268898249968 0.117778812013808 0.0133318141971292 0.151916702724485
0.0786345131825764 0.211182481096866 0.0165140031930563 0.179208017512046 0.0170593395928473 0.0881463424398465 0.00195109325932181 0.137280822867225 0.0454897437197797 0.224533643136435
0.0934154421141845 0.182781357559854 0.0587630462278969 0.180690349165142 0.206013097317793 0.105730148134814 0.0129337371890809 0.0117237488122725 0.0374751526168894 0.110473920862072
0.136586605862407 0.0431967483513924 0.0253048163809284 0.0246558882527088 0.0774135539811874 0.0081866155516578 0.206305652239134 0.2391763080994 0.111452320305228 0.127721490975957
0.0342745524305145 0.132654153847459 0.166806696973737 0.0847383247705343 0.150701888582604 0.0176830879768922 0.109720010087578 0.0959773599752432 0.129481636822789 0.0779622885326494
0.124251126508707 0.158702213850808 0.11256557027928 0.0370127472933673 0.0251400329439067 0.0977185191177403 0.136111601729838 0.100888859410111 0.10171037683575 0.105898952030492
0.0690641670743778 0.0336705204891925 0.0622193030452291 0.115581736994688 0.133445215216415 0.0869074084869563 0.148247116800843 0.0949197234439805 0.135630244630186 0.120314563818132
0.00861620859765277 0.0644096226151319 0.0752054488486263 0.00392142943967391 0.147710609654544 0.0460185347385439 0.175116479730827 0.325575838457153 0.00183562982220714 0.151590198095641
0.119235444605401 0.0400551760423375 0.0893362052286347 0.147547565382982 0.145891025809467 0.0427278490445292 0.229467719969139 0.0427526861871036 0.0912380331781864 0.0517482945522203
0.120310284154593 0.176087514400439 0.0901838753777357 0.17259300820997 0.0331782245019773 0.138072146275182 0.0953812404198231 0.0869055018733945 0.0544770699410279 0.0328111348458573
0.020596465396175 0.146473647770053 0.143071199312141 0.148453093391468 0.126976681819436 0.0509729092819598 0.0726944709432732 0.0922374438394122 0.0143408252648721 0.18418326298121
0.0619131182988229 0.0964309847808424 0.0764688978312348 0.01487609924888 0.174810170677661 0.076231905111717 0.149018330235828 0.138253383942249 0.0946556489730907 0.117341460899674
0.158059378371571 0.0618618595061605 0.144337298251016 0.19879125624412 0.0827955365566981 0.0476122442602296 0.141558079119694 0.0666873585997382 0.0223311197953368 0.0759658692954365
0.0650449504126703 0.195131206231913 0.0758909794135893 0.100697655614643 0.00862667265468122 0.195651636574469 0.0527217952088912 0.109983724506144 0.175249149097048 0.0210022302859512
0.186391617775124 0.0594133227881994 0.0489370723557791 0.0465991632246075 0.00150714366411518 0.0177706936020384 0.229009440402739 0.135351436624728 0.173160054918584 0.101860054644085
0.149579261945256 0.0307641480139466 0.246147141365254 0.00281104113626649 0.201738743705127 0.0343930866908827 0.0559957042578859 0.197214287976751 0.0333721923341637 0.0479843925744665
0.227549944490873 0.00827866601261414 0.0276707134406029 0.139282868050881 0.0926371812732835 0.0959932011581047 0.15500061356288 0.130369693184143 0.0516259132625595 0.0715912055640574
0.112804770488402 0.113717864739806 0.0877295430156598 0.087294603425196 0.138647815940296 0.0579938457159713 0.130104529567455 0.0907559951971327 0.144511041318455 0.0364399905916266
0.00360834305706433 0.0979119407432356 0.0557030725297837 0.233081257263972 0.097809063863499 0.181804467587963 0.130511064909875 0.0619920533396424 0.127689182448864 0.00988955425610086
0.0351833222523146 0.00806039527604227 0.152488051574916 0.0959923897711908 0.0629788831229119 0.185219627575689 0.202056668555128 0.0396676622005945 0.153744817248395 0.0646081824228177
0.0216071915912954 0.106856542630549 0.225432462794757 0.0353788962538793 0.00921522602642283 0.0285269728461762 0.217480617732862 0.111745109722728 0.00874046606386374 0.235016514337466
0.0416201611449724 0.103185479788975 0.196451827125246 0.139888024007172 0.0375466500257274 0.157312221768005 0.195247445083817 0.0268122332962578 0.0492448784801312 0.052691079279695
0.0852546021773913 0.103036031034228 0.120592938834593 0.106430485893335 0.0964917131238579 0.112636929719665 0.135977508605716 0.101703329788326 0.0551459076026491 0.0827305532202382
0.037206532432466 0.0987359158642456 0.148250083142873 0.0847290926159812 0.00125483971937557 0.144564723631974 0.0991077397519967 0.106748164678185 0.152379856327383 0.127023051835521
0.138111164028598 0.0918375234420781 0.0805875844573113 0.126724330719821 0.0552699661615144 0.0679706075326554 0.145253322864048 0.0566154108926742 0.130817510182371 0.106812579718929
0.00574575944752075 0.086047612745394 0.121263079448468 0.0508210864944375 0.212736460346585 0.115951827730813 0.0128140669969262 0.0702190923648274 0.196082072571403 0.128318941853624
0.114166413977166 0.115197742886414 0.0251808853881915 0.118669026331314 0.0385777983441894 0.155829640923914 0.152047721919378 0.0351745175274942 0.119341071090838 0.125815181611102
0.0111947757243762 0.116332040437805 0.0745434515038991 0.175079373477601 0.0274320428203811 0.125998584763705 0.0503817040742351 0.0238537913997381 0.241050421241232 0.154133814557028
0.153467085694116 0.13506401381033 0.0143831737927551 0.0897225710816869 0.145980058614258 0.00833348944239343 0.073449112607869 0.123022603170639 0.140020006792054 0.116557884993898
0.131113294672804 0.246447129325767 0.161465849750829 0.0471891148724686 0.0682135082581052 0.0201423265329819 0.0231376737184077 0.128116304627505 0.0378947047676671 0.136280093473465
0.0799900855451954 0.128642550608792 0.0714262973402691 0.174213078070317 0.0507003420816831 0.114616641337197 0.156029275169676 0.0256700479157723 0.040645919222258 0.15806576270884
0.000193704261818612 0.0572713370095758 0.150273531280462 0.132028461864933 0.126236455889055 0.0780391728175852 0.135187900504239 0.0178504561599732 0.181236335747005 0.121682644465353
0.051652723731513 0.185854724527156 0.10798986902857 0.0937716842621622 0.156185442422526 0.0650545581700059 0.105323150841804 0.0368788758014112 0.132690922611481 0.0645980486033716
0.110705380476717 0.0152922719899991 0.154251972077428 0.147858167872381 0.151339144305085 0.15849709946425 0.0577586436619972 0.0523755540857208 0.00672138929440952 0.145200376772012
0.0753418753964425 0.0511750290298851 0.0534446505917984 0.109681401740307 0.087011018317292 0.128898053135986 0.145961718330979 0.127285197020659 0.101193924326012 0.120007132110639
0.028401430461713 0.0958310704992256 0.146766079593132 0.0350091359755751 0.076107709277265 0.151242057928019 0.169262632057354 0.120268651636841 0.141232058925899 0.0358791736449765
0.129161490986245 0.135297111529304 0.1197335991344 0.096366065615778 0.0826921337841247 0.0649806219774452 0.107705047349709 0.104309214943852 0.0213431838518519 0.13841153082729
0.0578714813282043 0.185607938548117 0.110778926008002 0.00138163470565646 0.157425289989551 0.060643474413626 0.0401241915063871 0.075780625653628 0.142083455041298 0.168302982805531
0.0700401803294342 0.124880655411022 0.126807169518418 0.119119460486516 0.0405143592779943 0.0522442967150442 0.103675332139027 0.133873645204951 0.105561538125929 0.123283362791664
0.0343709704760578 0.0943136062059656 0.128065662266464 0.039093548126986 0.01534711175556 0.206176100595778 0.0857688335381348 0.212370559388735 0.111051061010481 0.0734425466358384
0.0352266583235277 0.0885039613730779 0.127210294547359 0.175818479360486 0.139132981600098 0.145377874564907 0.0485429383810939 0.109448674688015 0.113814938790295 0.0169231983711394
0.214699759225324 0.0792219651968179 0.0219998777278356 0.0354750969013487 0.277931520163908 0.0845355721167203 0.128977150488523 0.0781939907807185 0.00806566278107384 0.0708994046177295
0.149972846137532 0.152698941340975 0.157528420267813 0.0801098976476865 0.0539583261766408 0.0787007218310491 0.0274543961972906 0.134922751611736 0.0718949158438387 0.0927587829454386
0.00260795756087479 0.156484257776807 0.0778170105807915 0.0974924587241789 0.077365959329763 0.0650099229410927 0.158920682617573 0.0985275624252011 0.157737733830388 0.108036454213331
0.198632294251555 0.143344930999677 0.0893629541069653 0.122473290515297 0.130429795955599 0.0963318651473777 0.0207005025538745 0.0438291799712062 0.058235724209056 0.0966594622893917
0.171514216394686 0.0982404712941499 0.0931721009431659 0.0746030139299202 0.0555118322132464 0.177783003838088 0.00279330802041826 0.2255745387161 0.0190905285972677 0.0817169860529576
0.193218916111065 0.0735944520036382 0.0496994129877725 0.0145118062099711 0.100211883413843 0.0808069234364843 0.103060820248914 0.134015093189506 0.10594423103132 0.144936461367486
0.142314706036913 0.127572708161803 0.0687413584531214 0.114713075427086 0.1138749579391 0.0434198253584172 0.152492603441959 0.143320359171569 0.0156184415578816 0.0779319644521497
0.00433041360279799 0.129773871218177 0.0800668306355583 0.178298994266573 0.17465856739602 0.0896247360273009 0.0405201581924289 0.0842867856299939 0.189488680956753 0.0289509620743964
0.140381149319882 0.148482168592333 0.128696079478826 0.0640527455376109 0.00127847770464976 0.125741191393913 0.14026493340715 0.129286512050257 0.0971992451807766 0.024617497334601
0.153792666063456 0.0461632663605688 0.110541766158289 0.0177155518615063 0.153430042639306 0.0284696169414344 0.130372878799588 0.121788397022735 0.0310086044261414 0.206717209726975
0.0511746063948629 0.134041258149521 0.109023206074559 0.0316284059998395 0.0618457548231344 0.0649374936159907 0.108923664194841 0.142559316505341 0.130415282633612 0.165451011608299
0.120397985792864 0.214110579557107 0.0397757124093763 0.0247962966042385 0.0758382623463925 0.0185496986656767 0.125890324970596 0.0869228300055459 0.218836459863347 0.0748818497848565
0.0567621747843905 0.0226881238932268 0.143880303384492 0.160483039688829 0.152433024224413 0.0662091629469044 0.0795824895633666 0.103067022002165 0.120906944869708 0.0939877146425036
0.170145700331789 0.0949833433596609 0.00921156680521785 0.149234268390541 0.0963212926598062 0.123918973320266 0.111293849380796 0.087418989952593 0.0010344823930748 0.156437533406255
0.155791560070592 0.0712400568346735 0.124712341612652 0.0733511731052155 0.0634886622707604 0.151450811877789 0.125828748254176 0.142975657775435 0.0345856257119654 0.056575362486741
0.107306882106382 0.188359095999756 0.220275168886772 0.060082736988337 0.00678449375200203 0.0194182959360412 0.178338360658242 0.116649159559871 0.0628372596398974 0.0399485464726987
0.0808901425659935 0.160649034975943 0.0622574929954039 0.125645888125799 0.0652522370066514 0.163694309684009 0.0306470587287524 0.0356935922301397 0.0780632427064017 0.197207000980906
0.142188681725319 0.128399371865694 0.173144099831964 0.0225474347810222 0.10225113619232 0.117284113718827 0.180453553574523 0.104015506115561 0.0252284943895829 0.00448760780518856
0.0345312882027787 0.205504675605827 0.141576650792682 0.0227639974985581 0.105724223923092 0.178052592643049 0.0119743489959038 0.0597045756702842 0.115201929432144 0.124965717235682
0.185453361916427 0.0877794130301617 0.00298733719687784 0.147124199463619 0.0670286157976416 0.0844377267065337 0.17561675074061 0.19261559138246 0.0268666894468217 0.030090314318847
0.0511627259309461 0.095387004494489 0.108486110284281 0.0631247809704287 0.0863471041902863 0.161497684354056 0.0803337528125015 0.130867801754656 0.112138024536907 0.110655010671448
0.128764532308405 0.167429762047365 0.061165806196918 0.141024560056907 0.0746431852233179 0.131551452280108 0.052654983759703 0.0818945720038196 0.0122057556712904 0.148665390452166
0.142119281879123 0.102084662775815 0.14408111260539 0.0259148805512763 0.164534691317699 0.092683919079987 0.098048093665277 0.0351963420430896 0.174821442013432 0.0205155740689104
0.169127078851033 0.106814781622261 0.093161042942371 0.175241004095985 0.0915175786461206 0.0782656806113153 0.0488927074195346 0.174275287125801 0.00941595283286017 0.0532888858527193
0.182852792872048 0.172349075522105 0.00812260900350285 0.178401440357931 0.0652081182673651 0.0115936812861413 0.169716878050996 0.0401333734706696 0.132430055065173 0.0391919761040683
0.0456020449075584 0.208059957850615 0.117204719464979 0.00557769239011369 0.0976129443029769 0.0442401979690861 0.048276141607321 0.0835295857939548 0.141744550019502 0.208152165693894
0.13740578081541 0.149234370571892 0.09602975140032 0.0899685095601072 0.092864268848175 0.0678405494272899 0.01273927377083 0.0997767836066988 0.183276094401239 0.0708646175980381
0.0915031117800351 0.132576419162942 0.059384416582099 0.0703997408832548 0.0999954624532128 0.136737093133516 0.1164247234796 0.0607135556311364 0.137626198880487 0.094639278013716
0.18632864394935 0.061887136993852 0.0369366573507572 0.00362847646498188 0.099495818078316 0.14766964666775 0.0603568596224521 0.0202105199341606 0.219543435540407 0.163942805397974
0.126847300700568 0.0739729305473396 0.113200272589915 0.052408618479388 0.0585390909302671 0.134428512259498 0.145796276318485 0.0830962710174271 0.0658903227034122 0.1458204044537
0.0372817397289499 0.0967069726686044 0.016817728671522 0.219645788724022 0.132002906142967 0.196023921721641 0.104350210585972 0.0227327662463597 0.0126920747175931 0.16174589079237
0.107501386080702 0.0852965013532534 0.128855260522543 0.0460498274622919 0.00670595350379979 0.0823394033272029 0.140080049840967 0.146162060194617 0.120188416607424 0.136821141107199
0.0911453826947307 0.186201737170685 0.0393990087606216 0.066835276634198 0.138486142979636 0.0624819020651237 0.144139687433363 0.0615645869907623 0.0716706780988619 0.138075597172017
0.0606738699235837 0.0944382487947794 0.145474900966938 0.114183141529018 0.0579291654815033 0.121058605016557 0.135713356757906 0.140997599454166 0.0526229992645251 0.0769081128110232
0.127938564288753 0.0302394510407655 0.110482722627776 0.0941381091684291 0.093083188623935 0.0337440634969078 0.158449808523496 0.0933978554792623 0.153821685165108 0.104704551585566
0.0162793274859316 0.0272084903576301 0.195812747721502 0.20997233143386 0.0154196409437485 0.190721205138054 0.0676030369733361 0.0648677644258021 0.0076802623768403 0.204435193143296
0.099884697053438 0.170207945529076 0.0638228791188704 0.00200222534889846 0.111804550070921 0.0862653522189221 0.171918555391325 0.0899253752620659 0.129999768547448 0.0741686514590344
0.126641541470838 0.0284180126902277 0.0623515847872046 0.0128571280178685 0.182246207647256 0.0510989212613297 0.111879492656541 0.19318972181894 0.0210461736508493 0.210271215998945
0.166484525914214 0.0448013739856325 0.200918119318149 0.0474297705912689 0.00587125200183212 0.146011916074747 0.115408737660433 0.164904768359275 0.0762262732202983 0.0319432628741501
0.106474560791753 0.0365583955755697 0.0523186363926134 0.140897181730104 0.174107445356893 0.250462446295709 0.00436936847649527 0.0670773250322908 0.0115693759919696 0.156165264356602
0.00716321437272344 0.166121858310552 0.123077789205066 0.0296392773051878 0.155294862466718 0.184114041648326 0.0964366667593518 0.0785505361776647 0.0197548525254807 0.139846901228929
0.185899173519398 0.0118708980276328 0.0456613733023704 0.0201548461015203 0.150286708553355 0.138109074308092 0.143260268663298 0.107610868309986 0.011357669197181 0.185789120017167
0.0259942731043991 0.0385845501632187 0.202414485352923 0.10726944463423 0.242613414643012 0.0267237605169077 0.139934136981821 0.062721495028017 0.0139615524817064 0.139782887093765
0.0129299843513062 0.177519171436859 0.146230826236489 0.176504160219641 0.152567837876032 0.0328804160214705 0.0569448510451818 0.0574325503010639 0.126862327444259 0.060127875067697
0.154235780399554 0.154301667351109 0.172053258897046 0.00926954774948851 0.0108135622249131 0.0982118492595044 0.0241070864777667 0.105966542836187 0.143600993773441 0.127439711030989
0.148956222793552 0.136406035409322 0.12767743224239 0.138941817325257 0.119437063486472 0.0235665018276927 0.112075008589622 0.138111257460406 0.0108834593910268 0.0439452014742603
0.0490382895702896 0.0327544684910752 0.151597891245399 0.120651763108958 0.144817218770197 0.05565989444703 0.0452644050399466 0.213833392023974 0.0991856840964849 0.0871969932066458
0.0309591285642358 0.092373383746057 0.221810929106429 0.0905929003914513 0.178861777078323 0.0716549739940623 0.0354600924661102 0.0757842576239299 0.0075222472061063 0.194980309823296
0.174923355876986 0.0297162734295324 0.048749186485743 0.0378834040262859 0.18607745661052 0.0791106109516818 0.140419953680132 0.123512202804301 0.0520983108046657 0.127509245330151
0.0200386884120863 0.092470274807978 0.177055713803022 0.113987910497352 0.145957876395647 0.137883788045307 0.14327760661941 0.108894794787485 0.0228242418426648 0.0376091047890488
0.0758353200339416 0.206937702515154 0.122260584750751 0.045551502585368 0.00802818022912875 0.172561144433221 0.067858124801315 0.0229026907191434 0.115938032494275 0.162126717437702
0.111480169531569 0.170617838785334 0.117615540660225 0.100610562223698 0.00104511889536144 0.0635042045606815 0.170603814967692 0.129542080600987 0.12925881372697 0.00572185604748089
0.16182082532203 0.17488993395519 0.0269783228681396 0.0275981462823275 0.0442300736406643 0.0476525770478868 0.0890753308911647 0.165490397420701 0.0738274617812515 0.188436930790644
0.039444417296322 0.128684232130674 0.185713988577984 0.130993999379794 0.037865308088719 0.05423506224641 0.146506837999321 0.189108700481435 0.051564931402972 0.0358825223963695
0.0783700367426156 0.00364796738772045 0.128069262189887 0.137632200055952 0.150171122288774 0.100311838815084 0.00255810023666868 0.148553428197839 0.0677432178746353 0.182942826210823
0.0172992471963356 0.127095289121471 0.0576717947437759 0.0958487302848403 0.118140446027299 0.158772402478406 0.138302133813076 0.159615417628947 0.0902005134494891 0.0370540252563607
0.116553532503217 0.0198384879940276 0.0225871699279713 0.151462608924494 0.0847583051265675 0.0134463581216951 0.0862527431353663 0.206237744337519 0.135955619897281 0.162907430031862
0.014455704061041 0.140234723983547 0.0105991308443261 0.0865219178303232 0.136400622144709 0.173363087003282 0.144120327888814 0.175191774653341 0.0156833305519366 0.103429381038681
0.0387126061915447 0.0773732976505217 0.169519611442931 0.132950552102984 0.101885688188213 0.180555635810958 0.121894060778246 0.0891483780742235 0.0215068067926409 0.0664533629677378
0.188652725668629 0.0914007215294611 0.0165747446229744 0.202757527041967 0.0308924164325945 0.0190014090684879 0.0950943955231646 0.0778694601962659 0.204615676308204 0.073140923608251
0.160221365841854 0.155539567823835 0.0248373046622792 0.164561060406749 0.0137386861342039 0.155146191946541 0.0481012293624204 0.0954576514363152 0.0810049327712327 0.10139200961457
0.00150082335486908 0.0839829797061314 0.136117077449775 0.0779791670601814 0.152759444983211 0.174327006489493 0.0205378876006727 0.032946812858604 0.183252938360265 0.136595862136798
0.107127686854509 0.0658988250091136 0.0781479124648102 0.115955637173702 0.0961916885355891 0.00333389020882094 0.136466051102877 0.184052796054395 0.0574956192406158 0.155329893355568
0.0277696983293665 0.0984933244023488 0.166001843641137 0.0205123178882906 0.0322860266664959 0.167964956466416 0.149114662245397 0.123592679587831 0.0649379460871907 0.149326544685527
0.0827723199231543 0.109879726149343 0.00851796566036522 0.0121837514808193 0.0205182146409602 0.204432338700027 0.208129457899645 0.00999674397592851 0.270025699952274 0.0735437816174842
0.134936522922925 0.092849131150266 0.0680622446568744 0.00193991792817353 0.0493373871984966 0.162371800461094 0.17434151029359 0.133884362317669 0.16293588013007 0.0193412429408418
0.0383337243913184 0.0671250762828055 0.162268208375012 0.10864570677153 0.0554005979834273 0.164191784150827 0.188296779339107 0.0111141162375523 0.175481195522174 0.029142810946246
0.0116540989419194 0.132388182668651 0.20914478977595 0.0325814433202023 0.0751715139889494 0.1735222931714 0.105685360612705 0.0917550048994407 0.121490040268074 0.0466072723527084
0.14540806376404 0.113622887996477 0.00350886484314603 0.18807769900663 0.136069295986247 0.0744121371055119 0.167120543217764 0.0660210489542556 0.0674904757017842 0.0382689834241433
0.00201164271313393 0.195231461096555 0.0904521842560791 0.0990077013583717 0.178571475341377 0.0305238983365873 0.176228841982787 0.0395246626214631 0.0839059171627921 0.104542215130855
0.0154775291939881 0.178112355772599 0.193109186868749 0.0953819688535884 0.172898384994624 0.15528125726659 0.0864651827905458 0.00517981703029906 0.0856720357551488 0.0124222814738677
0.0818399967256228 0.00551672183402776 0.124840808244535 0.161288692895414 0.0606785977184619 0.160936979385989 0.0798964521657766 0.0333801226652431 0.12517311506011 0.166448513304819
0.202677503834409 0.183713529513171 0.149313398857219 0.0287358698735459 0.017256024970143 0.00997426579781707 0.203944146460771 0.0366910000253633 0.00259302223335318 0.165101238434208
0.14726974442032 0.121220749859139 0.128058381698066 0.140143390502018 0.048233661413131 0.0195930819414293 0.149901842408766 0.0300200909007359 0.146366132174991 0.0691929246814036
0.126956325659012 0.112846558553047 0.0948599563944141 0.0107605765052062 0.158430347200715 0.167613616998182 0.0133586359141223 0.0941713995706007 0.16308003542185 0.0579225477828501
0.0102252667255109 0.166230149893254 0.14813896405097 0.027154680596757 0.120485424970284 0.140722094511502 0.036798235698274 0.146152576143824 0.157601543204724 0.0464910642048996
0.110007368220345 0.103998647039029 0.126580654726236 0.0729098312181941 0.161627959277836 0.0793112689958498 0.149796059920677 0.0548652472343943 0.0511415050091678 0.0897614583582701
0.160338592115995 0.187954096302585 0.168104303151046 0.0477987120671625 0.0570963690922253 0.0682348962908937 0.0941568743126504 0.12114319172895 0.0625974993593049 0.0325754655791868
0.103285162749743 0.0378747452320993 0.12986933683427 0.125830174331936 0.0242031471320691 0.0966667731295588 0.0701638315123741 0.210218132315015 0.177256723457283 0.0246319733056513
0.0594423907734355 0.0232762506295329 0.0169712027124225 0.0438966028717209 0.189609288671034 0.16163303962364 0.165226223335792 0.18141682526618 0.0173297345719205 0.141198441544322
0.141198272298938 0.122294472656099 0.0671878874710719 0.0720788622584039 0.0188586816057634 0.0948146527589371 0.0795835363973157 0.159161607943848 0.109180848724284 0.135641177885339
0.0514431467607566 0.072213167266505 0.0597583705089016 0.141191321554682 0.0988222402935139 0.216333953293449 0.10242521796002 0.0645607191232263 0.0197464113087021 0.173505451930244
0.144069533310977 0.00484126830536613 0.102808661676763 0.0353526560164896 0.174447309673053 0.205776077042191 0.131046298124506 0.0831815516165961 0.111636409061641 0.00684023517241864
0.0650436645104629 0.132537446841701 0.00835001201886437 0.132172893114819 0.174215567117022 0.187250515884653 0.0894978640208336 0.137545348503257 0.0555192543159885 0.0178674336723992
