0.0493732423097697 0.150684588897541 0.0480451668116322 0.246775259173238 0.0229951873727841 0.23327004376957 0.248856511665464
0.00458920328181341 0.0988600916068518 0.0332135128884047 0.148148207735723 0.212933596902776 0.285225206309888 0.217030181274542
0.218881650038385 0.0309080384235269 0.206361224590053 0.138674681443435 0.122655187251541 0.0657729169676868 0.216746301285373
0.216875115795143 0.228932126024387 0.0492844521824781 0.109360348628762 0.180066571705586 0.0485509425145572 0.166930443149087
0.122604228837246 0.0505345180052479 0.0821843073767671 0.152995407815952 0.232733906308563 0.163547749016991 0.195399882639233
0.152628914026401 0.0751552361378393 0.140072061067432 0.203712803742995 0.0604661780415294 0.191768231377483 0.176196575606319
0.28609326965829 0.079986360718651 0.160278277355477 0.106805799148265 0.0381596414404333 0.203608348751499 0.125068302927385
0.155435771126345 0.00705643194516417 0.178562812948849 0.152101630741684 0.122782461581788 0.234658843507634 0.149402048148536
0.263554112249607 0.0572291588292366 0.200467411728012 0.0328817161142533 0.221587299059522 0.119412849435118 0.104867452584251
0.118547728642264 0.135644432604858 0.121204356115714 0.159816852001519 0.189265499112648 0.224617638962301 0.0509034925606955
0.125171876910926 0.0464013895626532 0.261336001876974 0.150362148011908 0.0621916847561117 0.141170251146449 0.213366647734979
0.0822219792773749 0.193366506105554 0.218927960723666 0.0366858703648044 0.0412060753290255 0.263468276669249 0.164123331530325
0.208047308551012 0.227885967677497 0.0444446228662175 0.0663291992224054 0.121100301197326 0.150576963819247 0.181615636666295
0.0435818247177503 0.149948651941778 0.0754383824615921 0.183836937802015 0.225309224339733 0.180394480000027 0.141490498737104
0.0515912688637896 0.0397065024489154 0.270132136926698 0.268153995749691 0.0439760044981328 0.22799343762305 0.0984466538897234
0.128273933366318 0.0150857195973601 0.266208553375812 0.277254957484275 0.154735965773643 0.15688342568596 0.00155744471663156
0.0214226248846301 0.182934725877239 0.118824383598859 0.267611785634588 0.115220273239627 0.147086149876372 0.146900056888684
0.165217562344632 0.171432602483094 0.132688132423685 0.177917437614333 0.0260232877221286 0.17900200505345 0.147718972358677
0.156955885154832 0.161383991333121 0.0931982292202416 0.169685078066947 0.1180028794382 0.201808619055317 0.0989653177313415
0.215727765957353 0.124995018228159 0.0501198628805592 0.217972967249223 0.124242998129018 0.0625166928493827 0.204424694706304
0.264080976638368 0.144338285534275 0.260362468893472 0.00803364336516725 0.0359788559734532 0.0276251327584276 0.259580636836837
0.229804506003399 0.226451019526978 0.144226329317601 0.0510647129786577 0.144556286015808 0.175038977612467 0.0288581685450889
0.207038602162177 0.0417259609752288 0.217075816180808 0.135123583432487 0.226360660899246 0.117674449359216 0.0550009269908381
0.00266016674289916 0.134862769904609 0.225374572275781 0.206156272254534 0.117774034493375 0.113133653354689 0.200038530974113
0.158404042089703 0.0891251942256701 0.129169017826554 0.218230478336897 0.0675811701848506 0.0332616009349996 0.304228496401326
0.205861756260151 0.0467529882834306 0.189476681896189 0.171003540059766 0.238651694860336 0.0499435394328355 0.0983097992072915
0.0834500619926034 0.0617995733813114 0.202821734177759 0.117225783894376 0.229883942008068 0.0318850244868681 0.272933880059013
0.282668633110876 0.0526342935416251 0.227929260607456 0.107219287490326 0.136287632270929 0.0518265893076106 0.141434303671177
0.117421065557614 0.18747538067214 0.188094163873032 0.031913761852736 0.154392775836678 0.128973067634453 0.191729784573346
0.209173375531432 0.0629896551716585 0.242325262253206 0.0705022555087945 0.0820737022713623 0.247898989427561 0.0850367598359855
0.156858544602984 0.0568177843881815 0.160982313569431 0.238858025994781 0.0725496598902363 0.229922325188686 0.0840113463657006
0.00453307039115241 0.125640792713585 0.0500436511806026 0.464387789585198 0.180596730464184 0.110962140098156 0.0638358255671223
0.236346800663883 0.173666070376597 0.187597605872663 0.211016238420968 0.124157638761821 0.0223141690512837 0.044901476852784
0.140770532773989 0.0502409351332061 0.226498965143353 0.200511254436179 0.225511767215663 0.0105786406764065 0.145887904621204
0.0460942996011335 0.217815908605938 0.10837710662076 0.312605020895385 0.00820288932697248 0.171764177044751 0.13514059790506
0.0572609119180132 0.170406623779983 0.0603601237736223 0.0680518185518847 0.0896655762123505 0.31501433290066 0.239240612863486
0.0111512142632422 0.0507533842589692 0.0161200168348342 0.162002433204227 0.230842833618908 0.273214480403101 0.255915637416719
0.105007826409733 0.119986480171513 0.157204630669416 0.0989281876203543 0.227767426320944 0.228404096519246 0.0627013522887934
0.148020457382249 0.172997442759309 0.085174062264292 0.19457995527138 0.0873687794460554 0.159797110101902 0.152062192774813
0.0805940660983958 0.054837174266642 0.248358721344102 0.216345833011308 0.145298109093374 0.196850367597347 0.0577157285888314
0.242340067657679 0.129409280911736 0.0555040543820344 0.0689938916614934 0.169898772980943 0.087264067835232 0.246589864570881
0.0641818244555861 0.0816672764675793 0.0896370532286019 0.380384236918359 0.0736232393253194 0.224476339479395 0.0860300301251587
0.0406186101207802 0.0448186779469922 0.254956779793733 0.175155678390882 0.211578488947952 0.0382982787305931 0.234573486069068
0.121436627620677 0.138754972240225 0.180439730804265 0.182336172812421 0.104778974682565 0.136788258952934 0.135465262886912
0.114226480034445 0.0491563166950234 0.22056736627721 0.016739397635773 0.219005521286442 0.165868084390788 0.214436833680319
0.196948179310591 0.204674733733171 0.237466351470394 0.0188652948793996 0.155221707594037 0.080372646358386 0.106451086654022
0.000478349742691072 0.23304321913237 0.209659331072882 0.0996654078913365 0.137114773635094 0.076312338809637 0.24372657971599
0.0361261586037344 0.24057579342787 0.0211630306069998 0.261888507117149 0.0490120386244925 0.222738361719966 0.168496109899789
0.216409576933944 0.139347493066756 0.107144948770517 0.10818259814293 0.12760999961251 0.107527334499699 0.193778048973642
0.241552203857581 0.0455795574341258 0.344759741902261 0.0356542758841598 0.210315562381937 0.0230343863668451 0.0991042721730899
0.0145348884598863 0.192259925729637 0.172020171426496 0.342515942956056 0.0888748838830035 0.0872677099406547 0.102526477604266
0.304848462113537 0.0942182511075088 0.121416450858299 0.373628873808313 0.0580527223710751 0.0475989764025815 0.000236263338686373
0.00356046623851476 0.301081978876706 0.268389139105883 0.0508371590191057 0.114609596369774 0.047050138973045 0.214471521416971
0.183297991660409 0.0248409387280109 0.179483965819094 0.197908423149094 0.15960637312193 0.17843954971374 0.0764227578077221
0.124550682457584 0.205936092468926 0.00891468584400319 0.17524493643464 0.199141052129777 0.101716436428572 0.184496114236498
0.186447399156249 0.186263871137858 0.0466751098051026 0.440395533493905 0.122833168710713 2.71427395713314e-05 0.0173577749566002
0.1351474577578 0.238173056521225 0.0116549929994706 0.00911561676266266 0.168519396841772 0.167739437999827 0.269650041117242
0.327066398880037 0.094308546272092 0.0965067831978846 0.22936660841768 0.211766778385049 0.0324399712081214 0.00854491363913558
0.102977104300701 0.101046908443477 0.106371799482148 0.262150467914359 0.176521996634078 0.180858728263751 0.0700729949614864
0.17755670692459 0.164257036310405 0.271373540260892 0.0585394427978748 0.0196226840397941 0.0795017196407047 0.229148870025739
0.234743873714987 0.0745392673512445 0.134000860241858 0.291703890574128 0.137260265400814 0.0448238867531025 0.082927955963866
0.0950610722274696 0.200895047108992 0.0271478064128559 0.140884683178677 0.175890756112592 0.207316417962059 0.152804216997354
0.108835155486235 0.211336489630999 0.188405704858603 0.119352762329537 0.0682666495517061 0.103733245121921 0.200069993020999
0.139308824199329 0.0387719735045944 0.110174024501623 0.121408395309155 0.150197333955604 0.127679890125811 0.312459558403882
0.278255035552234 0.0764563857258496 0.029595229466565 0.081852719950869 0.0792369517987561 0.35105026938572 0.103553408120006
0.1985230512542 0.14633265337185 0.17210178936748 0.0508958242880587 0.08329892750768 0.261291590678364 0.0875561635323679
0.0656594530334271 0.118702848029365 0.251469062703252 0.338346373600028 0.0593774408612266 0.00782087505373078 0.158623946718971
0.311433975423698 0.32002653585336 0.174602279720367 0.109573279514704 0.00960724567031666 0.049550684502926 0.0252059993146284
0.29542207828543 0.196358104261159 0.289313527288566 0.00770895323348551 0.0127265413426874 0.180867973372706 0.0176028222159661
0.0744888608583438 0.0783570247046476 0.281637374846915 0.243288934580234 0.188750504301332 0.113576005620166 0.0199012950883624
0.115703632989724 0.0337127889297284 0.127209168735649 0.386234675635311 0.0764920315112811 0.109913717004152 0.150733985194155
0.0445281209122916 0.195102722945615 0.277879271098549 0.294249479976236 0.0724124207029604 0.0685678376291734 0.0472601467351741
0.0548542521764153 0.326717860154898 0.168227375925459 0.0536314831685876 0.0620126861484219 0.282043039397365 0.0525133030288533
0.145119199656054 0.064182689095885 0.1959260395959 0.149358121451522 0.220420665342848 0.108907852056823 0.116085432800967
0.201351670273894 0.126556663542497 0.0797347664859133 0.194927488745664 0.113908394929005 0.227299232566394 0.0562217834566328
0.20016454032793 0.112444500775297 0.0599915139820685 0.171674420360916 0.147621520338162 0.177709645523824 0.130393858691803
0.332310206306432 0.12669570114098 0.0941352393946425 0.174327056986702 0.0420306141796827 0.172516076699977 0.0579851052915838
0.231933228545694 0.0148997270070345 0.0351285316775852 0.155618185469058 0.197601851488476 0.220783582645401 0.144034893166751
0.146435153649192 0.154505736642612 0.197164220539726 0.0338763617969413 0.123284958890782 0.200088127972554 0.144645440508191
0.132555210766834 0.266056210409829 0.0513283268738733 0.162505757718649 0.135358362809621 0.0728351571601136 0.179360974261079
0.241002437922839 0.063127049154207 0.0453021862338168 0.149564825889036 0.234003168349359 0.0954658200381919 0.171534512412551
0.233420882014876 0.174249335137328 0.0201550982139195 0.142800745782848 0.111023117152996 0.167327641882918 0.151023179815115
0.193664115417086 0.0803911243579447 0.0435916625965634 0.172502492887593 0.183161893655308 0.172870831535968 0.153817879549537
0.134472927795894 0.102152516626579 0.183179618223642 0.101167677467795 0.0283948530519 0.245769160610808 0.204863246223382
0.142194563962978 0.190810510750335 0.0612607803608283 0.191580413047129 0.150777621145607 0.219898916948493 0.0434771937846297
0.0351989155902355 0.153875519131808 0.0276396930091741 0.240213625052179 0.192231639014306 0.220858302634428 0.129982305567869
0.148982009733645 0.0424878527116639 0.14258128241822 0.00650189691578852 0.185676191405858 0.231279269046758 0.242491497768066
0.0753521882128892 0.128411116096998 0.254901634046411 0.154727024107049 0.219908874716443 0.0901278506016096 0.0765713122185993
0.152325593096111 0.139066046866539 0.138023176187054 0.182006121209602 0.148894490985116 0.113913254363618 0.12577131729196
0.170009831673499 0.0101977307217556 0.229335412573798 0.04956752231714 0.168563886415869 0.243294844976229 0.129030771321709
0.103668990671942 0.0740391071679525 0.171262828065067 0.163237112536111 0.0676645021953387 0.243684291451602 0.176443167911987
0.175212915443232 0.315002080843385 0.130925794814605 0.0900064444451837 0.0243457058189661 0.0379315679186541 0.226575490715973
0.130931329194895 0.162640503350327 0.0797852993969292 0.175049012790979 0.193185081333488 0.163142291517743 0.0952664824156384
0.0428701069001219 0.075992468981205 0.0826217259275968 0.114869478026736 0.188959855104285 0.261272342500521 0.233414022559534
0.153978850653291 0.155917416341584 0.0223291282553808 0.127963090371267 0.196997423130053 0.223640927955934 0.11917316329249
0.0958829511340956 0.203959524914579 0.169606572692465 0.0575961708684689 0.160789742845908 0.170757823193341 0.141407214351141
0.0916779373659392 0.215747398490519 0.231504485032867 0.0539502416799223 0.252338756296505 0.134974539015444 0.0198066421188029
0.0337623693891369 0.0613148375218264 0.291493812224614 0.0462847340005929 0.0552916013784743 0.206034156215879 0.305818489269477
0.0177570938255003 0.0820239166274918 0.110462595087617 0.25456861436173 0.0224246669832051 0.267723076189041 0.245040036925414
0.0359964440361257 0.202996795994801 0.1854301666514 0.155564672790783 0.165351910054198 0.0629709774984797 0.191689032974212
0.011314265589381 0.207581851919348 0.222284523756592 0.149062311989123 0.172208180181166 0.132676471288344 0.104872395276046
0.178449729420259 0.116703779094906 0.256753073711471 0.0633994936698407 0.198554575519874 0.175365691235184 0.0107736573484653
0.0731705616144719 0.208660160373486 0.171986450975217 0.0406532424818075 0.211772277520404 0.126753953262119 0.167003353772495
0.0270080422876137 0.0557012944622351 0.0532230720644298 0.248016964847937 0.273198598924277 0.170173948466804 0.172678078946704
0.0457421792709604 0.162545841476571 0.198644758164215 0.192049515235969 0.213898700973851 0.078979255059543 0.108139749818891
0.204032778698853 0.244696578445285 0.0143449609868962 0.217149801828741 0.185846552268234 0.0239628538241969 0.109966473947794
0.145607460460907 0.171068597206384 0.00842446116170234 0.126004178548288 0.00678740805879185 0.294104790216541 0.248003104347386
0.0957919164705781 0.0635778288397178 0.251516277348988 0.237143887530333 0.0224406477170557 0.197290494002667 0.13223894809066
0.161861251120495 0.147697770704864 0.120629542602844 0.169114195123072 0.0566271517965266 0.150799641515108 0.19327044713709
0.281077210740983 0.19335668183305 0.171703674842246 0.0405892705344751 0.101600717603364 0.133517676977686 0.0781547674681958
0.108792638243844 0.177404131295078 0.198509487449676 0.210370711267487 0.0441031764031222 0.0574730726862853 0.203346782654506
0.224416026576402 0.00153455302142318 0.286886318222187 0.161811284454471 0.153623158349221 0.16573506942466 0.0059935899516354
0.0287615708683315 0.115601725937717 0.229976448394922 0.150175675263671 0.0238257396786222 0.211897907756731 0.239760932100005
0.0320733956663836 0.0276024868980999 0.281587390377046 0.26812653768587 0.0987671808297339 0.10162964361428 0.190213364928587
0.0165291508071312 0.118108438353963 0.295970541700838 0.28909488733388 0.173895118438913 0.0200667355761577 0.0863351277891169
0.113670870954971 0.0837900038372812 0.264069756885712 0.0283986397025156 0.186475766213845 0.0974230334262575 0.226171928979417
0.0720368886666738 0.238857416202534 0.204958981588143 0.0267555943915926 0.211774908880404 0.071741749756674 0.173874460513979
0.19290119320906 0.00946778453292893 0.253356508113438 0.220181196440119 0.191187438788974 0.055794694090498 0.0771111848249818
0.020241570663284 0.192853901515241 0.196047878921882 0.144925112597986 0.261813692633122 0.0502497754061868 0.133868068262298
0.0151415978982744 0.150356667442735 0.197204220921039 0.199759946950801 0.254709413437006 0.180804171969405 0.00202398138074086
0.307194222356451 0.0285135662411766 0.0628960852802408 0.291159568586436 0.0185450103721127 0.192331033071248 0.099360514092335
0.00832937672308624 0.149405915110555 0.329328675747051 0.290146831024346 0.108396507180777 0.10718535114992 0.00720734306426374
0.0877068275573915 0.286528115805478 0.172686814855314 0.190653245746077 0.104163314715914 0.0717616736290924 0.0865000076907334
0.117183816462084 0.215062339238572 0.0474182336755019 0.187623126743552 0.0359713245946217 0.195035365317152 0.201705793968516
0.18040952881018 0.150827212216915 0.186536335679865 0.0644507950630265 0.254896279792904 0.00710661975454342 0.155773228682567
0.0316512032363402 0.141480714622195 0.0285451094203448 0.312031742475295 0.141718214328286 0.0186869442821906 0.325886071635349
0.229209131948435 0.251101905510028 0.00446410008139432 0.183332586834024 0.0436136406119344 0.242830670302244 0.0454479647119396
0.10955764197113 0.0114083506547664 0.0997317586868599 0.172267646046391 0.26546708738429 0.0710421588342732 0.27052535642229
0.0314449587418204 0.216437159156537 0.139279814875141 0.165550857393862 0.148335302609449 0.156542138485917 0.142409768737274
0.233324155130546 0.221464679012302 0.0506927524819003 0.148396825941013 0.105177904784324 0.0597386434472774 0.181205039202636
0.225104850363402 0.227690848459703 0.0577830163673679 0.166315453370945 0.100921074224222 0.14073552233765 0.08144923487671
0.0704763986570028 0.206734052027983 0.0229350573582791 0.275340232128758 0.163792035862524 0.18348950958596 0.0772327143794933
0.0261453920245103 0.0758708059568758 0.0248686614739533 0.329003961523019 0.328279260466953 0.195873522441555 0.0199583961131332
0.0798291030647234 0.170629668131422 0.037974191558765 0.062987039571182 0.321329369604281 0.0257088677224309 0.301541760347195
0.11040549738576 0.137696487016895 0.0504964349909858 0.126994773601684 0.246587597138098 0.00431575443171115 0.323503455434867
0.186448809635615 0.0655779876595948 0.245165255789772 0.252606257277946 0.0971689263534212 0.0693636026107546 0.0836691606728954
0.188306934438589 0.252249483261562 0.10167354387053 0.0424687347100051 0.16087298118799 0.163179051431424 0.0912492710999001
0.197851022636262 0.127438767044224 0.151631579934409 0.155059881375765 0.126912504238326 0.139437843001957 0.101668401769057
0.208677918650624 0.23703086069279 0.0118605000216739 0.0884666814647615 0.232351366097024 0.016276893846613 0.205335779226513
0.156099271187106 0.126832507081094 0.179918025148845 0.171337436819195 0.0960672696389423 0.142058940215428 0.12768654990939
0.111975680392664 0.156551439068749 0.0723020554076162 0.0795950065566861 0.173206588483432 0.202079378129053 0.204289851961801
0.0507612637242369 0.097619135321059 0.174514526779377 0.00914440408309138 0.246397237865049 0.211684942272342 0.209878489954845
0.290189503254773 0.0206001698359188 0.202380667317851 0.083796471557294 0.0666321109118659 0.097155726639111 0.239245350483187
0.117806431090753 0.187100037046708 0.148542043846131 0.214609701300326 0.0480478884265105 0.0423258552966069 0.241568042992965
0.191189538954108 0.0195494758520136 0.100518254662147 0.0349121604341226 0.24938837885494 0.190179854951953 0.214262336290715
0.00156002064986118 0.218020772360531 0.166819599574074 0.201469375153631 0.131843641940572 0.0427177918509355 0.237568798470396
0.0350562782971142 0.193316465924388 0.182095199261126 0.215998449698969 0.2106582222157 0.145946613912157 0.0169287706905464
0.141008191604616 0.191521778914334 0.0957945167692867 0.172251162633385 0.00680703364756539 0.264018544035262 0.12859877239555
0.164883926767778 0.162066613257908 0.110557315910996 0.170612630825759 0.246540437507884 0.103711306942418 0.0416277687872566
0.133209576655769 0.243467458575867 0.173959085536474 0.0128623384062481 0.0788368399445313 0.227972837114153 0.129691863766956
0.0375314111182647 0.148136948525143 0.217995284145961 0.288784484823454 0.0935410633186612 0.154180578969288 0.0598302290992278
0.0195552853503281 0.0148487092627679 0.329608156941275 0.337932729827095 0.0633782113564367 0.131671675660924 0.103005231601174
0.113304881334428 0.285646621737576 0.115333199092432 0.00301684393832146 0.183831391631587 0.233310967671483 0.0655560945941733
0.147634060460182 0.170420305757015 0.169102296960899 0.0513403028978178 0.128651477567692 0.144061546850224 0.18879000950617
0.0173842195982037 0.0885320716478455 0.333323425574042 0.0683205690128229 0.22128995398949 0.22108495394236 0.0500648062352353
0.163564584041292 0.165691388242199 0.230297813056886 0.115891507511691 0.0961681164787815 0.102174169452449 0.126212421216701
0.200162512803593 0.037750662693626 0.193238776655632 0.258670777102707 0.0155434518752846 0.0830356540266363 0.211598164842521
0.176881682356593 0.29050682945301 0.19216989896732 0.0244184599010094 0.120357509674073 0.0632148264417708 0.132450793206224
0.112081334992098 0.0307675795904189 0.119598152418013 0.102389085372045 0.210441045830307 0.382839386520013 0.0418834152771058
0.0113507738454236 0.0927659838171371 0.204723462578115 0.22203314802331 0.102535049841987 0.323596104723835 0.0429954771701928
0.196032142191998 0.159099863414085 0.154947959514059 0.108242296779091 0.183204015304414 0.0396570956165009 0.158816627179853
0.200781954109851 0.211458685839394 0.110227871846814 0.134009833316811 0.158969100497596 0.17886950059627 0.00568305379326431
0.340196266734746 0.0501508445711051 0.236534751296685 0.128565681821787 0.0176613026654492 0.211360696669339 0.0155304562408881
0.0512014932581567 0.204985041080977 0.20368177819718 0.104166441015715 0.166512196561707 0.0377418514449931 0.231711198441272
0.192129790140957 0.0603590850822627 0.0185840257916764 0.19528494881099 0.156797053455038 0.186472726983788 0.190372369735287
0.234042289356905 0.0603556838147864 0.234675092037915 0.0877616878193411 0.218877418320774 0.109782066693407 0.0545057619568715
0.102392479362067 0.360497743686663 0.0804724140638429 0.0485277260368553 0.0740968460837938 0.258964930319177 0.0750478604476012
0.014525297287242 0.0143967457213704 0.13519422334997 0.261308434290713 0.218118686669496 0.237426506895954 0.119030105785254
0.0879930243201145 0.0329728526009649 0.181768258977039 0.135548079345794 0.157484227225549 0.0984829500272144 0.305750607503325
0.224760539608997 0.268296596806143 0.0973301188688514 0.0421618656109571 0.00354760204190779 0.154797062221481 0.209106214841663
0.172961222989327 0.160186809787716 0.159358888161088 0.133768660689215 0.0465127064739344 0.150778562969152 0.176433148929568
0.253537504988213 0.181551251778135 0.0311436902203305 0.104979922124404 0.158805386999404 0.099771559993909 0.170210683895605
0.0860024039727106 0.00680921480718475 0.242828662883221 0.181482607215321 0.242992546880045 0.231389957980293 0.00849460626122466
0.186255363712598 0.260186332401636 0.272171308064687 0.0163284353763049 0.0274880431734785 0.181646262947385 0.05592425432391
0.104192625614904 0.213344086306272 0.054221356539527 0.27558382046239 0.211014786004739 0.0567908167789024 0.0848525082932657
0.22171581724917 0.0124912210125969 0.29830841241831 0.0290675602427199 0.294866385979597 0.0910598539371114 0.0524907491604951
0.126984280563271 0.198719515418731 0.188977034775959 0.184949795818437 0.0611890246575995 0.0890747151597419 0.150105633606262
0.208058000933703 0.214406670241617 0.0684781964421278 0.0137630456413676 0.229431624712312 0.0481378465577822 0.21772461547109
0.230865633475653 0.0876640235808527 0.142080159992903 0.0746551170389986 0.140124604964604 0.0890543038396772 0.235556157107311
0.121316679382509 0.191901653429127 0.204215454473146 0.0227342130260596 0.151608520012699 0.161953455147015 0.146270024529444
0.191006283682645 0.116172210326274 0.148299138799362 0.0749787766607735 0.155381976808859 0.237629979698412 0.0765316340236741
0.138764054717871 0.0562353626522003 0.0417418239703163 0.216216012605003 0.104834750213452 0.236143528676469 0.20606446716469
0.22247627542018 0.103768622397854 0.0139079901939884 0.196850017345716 0.173475378681956 0.0854461567437179 0.204075559216587
0.0682161417340722 0.139367065064252 0.242321842795787 0.0953646786935589 0.283691735510986 0.00299093499133754 0.168047601210007
0.0554833657086767 0.249230159092008 0.187233414811378 0.0493468165750973 0.156967036412216 0.198316755251602 0.103422452149022
0.267689653346027 0.253782487047612 0.243091536352371 0.0140883130651271 0.0706371288445229 0.131864973684529 0.0188459076598113
0.0431283086078475 0.131988567658108 0.283247922592882 0.160532587135918 0.237136611091952 0.040229508459168 0.103736494454125
0.202616141483053 0.197244370043452 0.0453113025707581 0.24124294777331 0.107338027893705 0.0171729291433879 0.189074281092334
0.0646085594150009 0.273227788365043 0.0127872469253245 0.0977429292170149 0.087816341350943 0.190366341953997 0.273450792772677
0.131228326915063 0.128512507333856 0.113679275586874 0.0458616082948754 0.0841266732615656 0.255074087603229 0.241517521004537
0.106177612393662 0.213359211056969 0.107981342283106 0.163347584286604 0.0684083037929138 0.147994653155852 0.192731293030893
0.179585350768115 0.0470139043184363 0.000655969145061956 0.270505171786099 0.219569850926435 0.266240613137803 0.0164291399180501
0.127776850412803 0.102441105908663 0.119850732918268 0.142925044382073 0.155419402167202 0.157578104474728 0.194008759736264
0.124530484670151 0.104216816406138 0.182108380432572 0.0582671175392806 0.154469645349886 0.188703089328704 0.187704466273267
0.17671412319773 0.0671259951339097 0.126518329519271 0.258518337867049 0.136010634469926 0.0223568728557378 0.212755706956376
0.002388064150872 0.62188360678996 0.00897054700261496 0.0620156171337503 0.176376913400087 0.0491677173449728 0.0791975341777434
0.24691237224556 0.257620925350087 0.124507974755645 0.0490304515630783 0.0520958270397671 0.210228618364724 0.0596038306811389
0.106516936946667 0.17887449489229 0.0637942339245519 0.0466637068152521 0.280051495617557 0.107902932685267 0.216196199118415
0.367909456669964 0.149981746513723 0.148033308119124 0.0124006852396812 0.184555809179538 0.00828952680452392 0.128829467473446
0.142562888842931 0.130940281122627 0.251511503167141 0.0430183234040229 0.108767713964829 0.0367011485876775 0.286498140910771
0.219595381283995 0.0134154546901512 0.215418232312077 0.186106346100486 0.0850371803103512 0.189562178909456 0.0908652263934844
0.0195473727419632 0.257195469073748 0.0516882021447853 0.0454748232175157 0.299062066669266 0.0910774330582988 0.235954633094423
0.137481835495015 0.0902199368330726 0.174386360249689 0.118247397814718 0.0166741576127702 0.239133844234528 0.223856467760207
0.00680575608780133 0.321842884103642 0.280795839785422 0.163197726889873 0.0901905286911584 0.103444843591299 0.033722420850805
0.124883250729641 0.23455140317447 0.185470411601207 0.198947739010426 0.160697412850552 0.0880511380474375 0.00739864458626704
0.264520208928637 0.0429291649823942 0.195097127571861 0.094482580636738 0.116440440964199 0.0847446135079984 0.201785863408173
0.0971048813002288 0.442715025886824 0.139297646629475 0.0330565404935902 0.0515591590294166 0.15822498565609 0.0780417610043755
0.19479342144741 0.224970810256852 0.208392526652104 0.0537649078527406 0.121801436514123 0.0389020200130045 0.157374877263766
0.0904716599262394 0.158525731041026 0.0388724893873771 0.277426698255404 0.14372300743727 0.0992909781386511 0.191689435814031
0.216869546624903 0.122182872478349 0.0554459847587555 0.0430424324167906 0.143440981976053 0.230011086616199 0.18900709512895
0.112841732112508 0.0354489936120971 0.150810933781817 0.143669164432279 0.0638095459446519 0.280650249335943 0.212769380780704
0.172588068502358 0.255249334869815 0.0882114245826872 0.215383638576285 0.0292226567461999 0.20721459679747 0.0321302799251848
0.158596397812923 0.235678666179527 0.0780808460252775 0.184769200184531 0.0900631170213964 0.23416305200811 0.0186487207682351
0.162479570052905 0.086285979254662 0.134484088004491 0.239745248366325 0.152439481281979 0.0313815270379837 0.193184106001655
0.0865116020976334 0.242478536599091 0.264798526872755 0.0053618201405436 0.0499325120829749 0.268525912363391 0.0823910898436115
0.000490877246696046 0.0326970442069719 0.209848040197486 0.212465056781772 0.209437196861689 0.0249896173434346 0.31007216736195
0.164913289135216 0.206258081537807 0.18293522192479 0.0435318167774062 0.0320424315377273 0.200760803737691 0.169558355349363
0.00951530975023989 0.261929610648703 0.0463304472136077 0.233011184278635 0.267888502669644 0.0439076289213508 0.137417316517819
0.0735820731513552 0.226977232374754 0.177200071130346 0.221315602805748 0.0843433633312125 0.103771975714866 0.112809681491719
0.152106596596268 0.00112902583895245 0.0754984487934175 0.170893292970379 0.158731565441467 0.218374794214937 0.223266276144579
0.167056518893909 0.0877508692217064 0.21353444757489 0.156526891096712 0.0278386621029877 0.181338117276898 0.165954493832898
0.0370650991264847 0.252666958318427 0.306704322225951 0.21630399015385 0.121225993604932 0.0165224375563922 0.0495111990139628
0.200093009955731 0.0721512205406755 0.165800203750663 0.0853008198597235 0.0555715668166743 0.226176031207114 0.194907147869419
0.195829497259344 0.222555607376562 0.0865827132380513 0.058594287613181 0.111448930243978 0.0888676179023407 0.236121346366543
0.0171444719776732 0.218915372908434 0.0826420373067104 0.130871620171587 0.199614008589642 0.319226836098335 0.0315856529476189
0.104873076002697 0.217248902680996 0.271121591721947 0.115752150791919 0.0358584093391771 0.122046632344902 0.133099237118362
0.0974650762200004 0.107284264250874 0.0751353881022161 0.253023740563669 0.178359452268035 0.264571178694728 0.0241608999004774
0.130201150847376 0.153702126711572 0.171033737853408 0.257582307183874 0.0981920882009306 0.116224263712601 0.0730643254902384
0.065764216909262 0.180056010069879 0.26368993319331 0.0887636363138764 0.0728908889453833 0.243238836736931 0.0855964778313575
0.214160866169735 0.10781943242742 0.16364274736353 0.124210626022387 0.158549468559365 0.215092282963441 0.0165245764941224
0.29142734002958 0.208701284681313 0.223268860387578 0.0867897654023642 0.0526188198368659 0.0462048707911919 0.0909890588711068
0.192698680769714 0.207344863380936 0.134486166859871 0.130391016622862 0.158731986810239 0.0731484816189449 0.103198803937432
0.0789143541235584 0.109588397866597 0.116509144874784 0.0265301843033243 0.170738001670148 0.253282049740787 0.244437867420801
0.100038096001487 0.241211401924186 0.0834391846475847 0.104992490671847 0.191583094749898 0.155615499208339 0.123120232796658
0.149726054956204 0.294691941800187 0.130350193044409 0.0988105379974807 0.224505486651247 0.0175411749009292 0.0843746106495429
0.276438717424508 0.00581843290066774 0.14771266977974 0.263500147702381 0.0242950655585745 0.0493041984634078 0.232930768170721
0.231607411176814 0.107173076669574 0.117329773169114 0.0759305942640926 0.204195389461479 0.00983712851517343 0.253926626743754
0.224384181443403 0.0723762667538322 0.19307421531075 0.0696671350516137 0.00494495320512319 0.253403054411098 0.18215019382418
0.174360345611725 0.105687176050158 0.178564651238673 0.0842706271568769 0.101267570550728 0.0941531374307355 0.261696491961103
0.38132627263739 0.135099952078636 0.0079305192355158 0.101773088908385 0.0943151254006369 0.0293535821918518 0.250201459547585
0.135105593168627 0.139303821262766 0.0716987410724219 0.185438179986647 0.182736538063206 0.17209535284694 0.113621773599392
0.208226903350208 0.115242277356357 0.116609490198685 0.00799095753130495 0.143990559948554 0.192063684817939 0.215876126796952
0.188975404958739 0.188339743681887 0.0268849575781877 0.163672773089982 0.192706115074872 0.155196162187191 0.0842248434291422
0.304125711165166 0.190085971625055 0.129072392042618 0.0258815294063735 0.0496894614955112 0.129012595657964 0.172132338607313
0.15597989024405 0.347795959172411 0.233740938826829 0.0451633890484488 0.0644115647340796 0.00540870416111884 0.147499553813063
0.137154139843784 0.170908924894168 0.195137771738187 0.058724884520881 0.025388016824319 0.0876349266925556 0.325051335486105
0.00808121188692056 0.0583494455732489 0.178904788493042 0.150620824803635 0.200820495027188 0.225076385713951 0.178146848502014
0.133547614362831 0.114076179932147 0.132913520214233 0.0198354197324633 0.076553270221461 0.248632950831161 0.274441044705704
0.253678252285677 0.217151250526804 0.0149479031177483 0.181931303251079 0.201496083614354 0.110732469866217 0.0200627373381208
0.108984319183676 0.264890541014416 0.209482799919599 0.0890255986616199 0.0108030353569408 0.264399028154956 0.0524146777087926
0.274175553963949 0.13068138270707 0.0438635586774298 0.128861184774735 0.097428743239122 0.048732590709739 0.276256985927955
0.163859209158496 0.134131779561449 0.210555835119756 0.0784491899780095 0.0540424111095877 0.191188470780751 0.167773104291952
0.100573327084528 0.211980873294104 0.207558828923403 0.0309156133892748 0.145714449850895 0.110612233293796 0.192644674163999
0.147723071078685 0.113677557865488 0.242222552756902 0.243266156135001 0.174208160329941 0.0509051531653653 0.0279973486686185
0.199126969176249 0.202168645427714 0.091711495878041 0.0374730920690702 0.126313648628366 0.186572437114612 0.156633711705947
0.211466146032971 0.173379415889446 0.0884333549172187 0.27290784146332 0.0029409752645712 0.0162489124934975 0.234623353938976
0.180219495889754 0.158036301455403 0.107722329597896 0.177904038198429 0.183806732627905 0.0544631728189201 0.137847929411694
0.119660266621571 0.00618928872718225 0.302160556968633 0.0792059534344136 0.212181527843799 0.265391368084462 0.015211038319939
0.301008941284086 0.213951386157731 0.0200031226205058 0.138945070884186 0.215668914067453 0.0787959954599286 0.0316265695261099
0.181395835180095 0.129042155916157 0.0515017943890041 0.168096539744468 0.163797205731994 0.231016541562862 0.0751499274754197
0.0301164804732301 0.150142660260086 0.129782461212622 0.0387359255137017 0.194710997525195 0.261906587640991 0.194604887374174
0.218122912957049 0.00626492971882317 0.133422252851944 0.197815104550469 0.213928615458462 0.105185037840075 0.125261146623177
0.0465857172011696 0.0904551572337386 0.235171284767386 0.188681031284556 0.224240906952959 0.0956783536727959 0.119187548887396
0.0388562282787244 0.206973199726908 0.135488237969064 0.274110170423169 0.00783455637185901 0.304282999325457 0.0324546079048176
0.00613725672107151 0.104020052220148 0.0884974081866341 0.269340819637675 0.0511984440251599 0.268068699973652 0.212737319235659
0.119944368821811 0.0841341850761752 0.152822018047758 0.192719859732212 0.110686163568419 0.142662344008224 0.197031060745402
0.0848429186588974 0.0610921101712558 0.268301423791521 0.0570353371439747 0.357912992359132 0.0238991587043925 0.146916059170826
0.289236030074756 0.00841869058172285 0.156402230333811 0.106064529854183 0.332659144892438 0.0140816273769567 0.0931377468861329
0.148167179843844 0.363169596892936 0.063511686524986 0.0965999103214578 0.246919507918849 0.0100851061700429 0.0715470123278833
0.0150391817081962 0.105239149619784 0.250740076774553 0.0177728408448059 0.0850396982425127 0.370145680023071 0.156023372787077
0.160170759752464 0.0778614584456599 0.0657463424779099 0.18719999612203 0.088572036654659 0.210907383715741 0.209542022831536
0.124661937827743 0.180360993828785 0.068724922051358 0.185990663230797 0.177329583911813 0.0348987811839254 0.228033117965579
0.1956402000815 0.0493482218185536 0.1526733937884 0.150674529890378 0.182155158866792 0.0897085653653744 0.179799930189002
0.200451636261672 0.134067978865646 0.0834169815985688 0.224478463089934 0.243938129420926 0.0369251393254161 0.0767216714378371
0.183614227804143 0.0540563227223257 0.189866477979424 0.0917771226872859 0.197816313724402 0.221945887080677 0.060923648001743
0.187143509731998 0.206262707880272 0.161701503811817 0.0544431455440177 0.155165613781807 0.178462371672541 0.0568211475775466
0.263515389535515 0.18141455922618 0.244670098734276 0.0831429205127327 0.122445968303909 0.0483144108407712 0.0564966528466154
0.0202913660672779 0.178216437172794 0.0657941460511562 0.21918445081232 0.0285756541930094 0.260043068084439 0.227894877619004
0.0714890312791547 0.128937314087945 0.171304606129709 0.027166445303253 0.20541194431333 0.189042739494899 0.20664791939171
0.0852444519398868 0.25407214229139 0.107217673731532 0.0405110689008194 0.205911765051262 0.000952259490880649 0.30609063859423
0.0166802190017493 0.127497608776506 0.0821412844787275 0.155892464002226 0.220592368833785 0.232609648698545 0.164586406208461
0.167693219503053 0.0134218921092698 0.119988254427042 0.131956648602951 0.0408026276732837 0.269366973572824 0.256770384111576
0.135689412840691 0.0997056099497536 0.108466992747838 0.177547769084922 0.187783808710002 0.152033964503996 0.138772442162797
0.115812342432307 0.148212035795672 0.250229380903183 0.216537634747436 0.0129687766324616 0.00434525878810142 0.251894570700839
0.1158480186534 0.170819889838508 0.189245465638297 0.216450078532663 0.00899365045480906 0.0905533067126477 0.208089590169674
0.216396009277675 0.19491137345305 0.149802373977787 0.112387862631668 0.027515017214576 0.211504131542425 0.0874832319028196
0.103404136316888 0.142719690587659 0.274040588767563 0.190978956007784 0.177858657945285 0.0474435750236033 0.063554395351218
0.032137667144737 0.211334103157336 0.237028158573031 0.151227245415973 0.10331921107371 0.25060439469836 0.0143492199368533
0.264920521295044 0.174752385149649 0.260487244371947 0.0753015881617572 0.0115435581343605 0.137325738223227 0.0756689646640151
0.0462978016756515 0.232852476722768 0.169996462849611 0.132878198873917 0.2225330800246 0.112880563180282 0.0825614166731708
0.0207811203833715 0.0723260224857065 0.360287799790437 0.0111136879426691 0.0113488221430748 0.353867411089251 0.17027513616549
0.0637692119817931 0.233840375445088 0.113316146964822 0.0979262663713035 0.231612788315461 0.117464331857127 0.142070879064405
0.182912409494605 0.178853850210935 0.12535406990104 0.109419613233201 0.148270247040624 0.113207059353904 0.141982750765692
0.206102060124875 0.207669749200925 0.20163638778178 0.0573922296435291 0.0823915029186729 0.165150258528561 0.0796578118016571
0.159558185399832 0.250950977080146 0.202792362786162 0.0562653550979995 0.0238077386605661 0.119264067478252 0.187361313497042
0.0603862020513948 0.190554287989719 0.198848938823696 0.20319836084341 0.051185035509266 0.177118271145863 0.118708903636651
0.141018480093064 0.0302302169270213 0.20987710449212 0.252166236116247 0.159937419418919 0.195719370690706 0.0110511722619215
0.0669783553365556 0.155169071337588 0.119357612057569 0.0627964712621826 0.0581644591722517 0.344385627691944 0.193148403141909
0.236754065118933 0.128063006287287 0.19602498950292 0.156003476578951 0.0198019981992204 0.180660487766018 0.0826919765466706
0.143342784430771 0.136152775560661 0.144186941668503 0.181286787737173 0.0997735337040825 0.170033893724721 0.125223283174089
