0.234950730060046 0.0666224494856752 0.217031656315032 0.110017955828288 0.371377208310959
0.115824553378218 0.315581646648736 0.336033694777638 0.00283223763011655 0.229727867565291
0.323799175716557 0.10495370179205 0.168053253168974 0.104696991764405 0.298496877558015
0.225847658861919 0.176055181291708 0.160958723082697 0.119975813227246 0.31716262353643
0.0674318310315742 0.22010388716433 0.224798944986857 0.259553855199631 0.228111481617608
0.0294386008419676 0.0323910068159486 0.101232222821172 0.492509473540106 0.344428695980806
0.0532550809627625 0.48368448878744 0.185601666828656 0.15957386858325 0.117884894837891
0.0527288877675275 0.311305028827555 0.08573303038624 0.408222116852664 0.142010936166013
0.172176871744669 0.138180853582823 0.0806574572385178 0.324797278725792 0.284187538708199
0.246209391881721 0.0840401711695086 0.143087611819171 0.293646748348723 0.233016076780876
0.315633197923024 0.261170917195541 0.365898995450541 0.0217458881168844 0.0355510013140093
0.589655688526514 0.0640119587950786 0.173255530890016 0.0448225303557179 0.128254291432674
0.13126165341445 0.287796973912504 0.115054476667844 0.202584880667637 0.263302015337564
0.114257399367876 0.281608611168028 0.0848594723827637 0.27501725654335 0.244257260537982
0.223606221049893 0.075540478884267 0.312240751331446 0.118911951389013 0.26970059734538
0.0501324949502971 0.248015693397949 0.297398655458668 0.131833335768792 0.272619820424294
0.0125947162516207 0.317815365707187 0.141242844119021 0.24506922791051 0.283277846011661
0.261707840718425 0.122469373773319 0.315294197930173 0.0534628098452633 0.247065777732819
0.289431520291175 0.133782534869845 0.358873774161273 0.0842192295704579 0.133692941107249
0.213983500442489 0.0978726221063041 0.308394450979092 0.348296153123702 0.0314532733484126
0.359672671972545 0.286246980166145 0.0148023051993166 0.0452640316254438 0.29401401103655
0.0132135227744252 0.383023463770428 0.338854499505401 0.193528138830169 0.0713803751195774
0.00404366359302766 0.22041689365511 0.412507445196771 0.262108784951573 0.100923212603519
0.380877614581488 0.203465737529888 0.329229620071659 0.0648097602258814 0.0216172675910843
0.321585448351779 0.127826681799597 0.0730497816498726 0.131285188955244 0.346252899243507
0.223563327066717 0.136240537825582 0.142928800760895 0.157413016292603 0.339854318054203
0.123811237689154 0.0978135137389278 0.407419227227904 0.182288237694299 0.188667783649715
0.129477855017694 0.0740354824242897 0.0589819777281294 0.316111267694861 0.421393417135026
0.0545935984832361 0.0661142116454636 0.554101293827555 0.0939042816805783 0.231286614363167
0.0390457388345508 0.0269160995102109 0.372197863731579 0.204015256587783 0.357825041335876
0.190630767345292 0.192618203909221 0.15525849942457 0.190555404353584 0.270937124967333
0.093432438839079 0.369777458762902 0.0688343825933894 0.354166953763909 0.113788766040721
0.0841852939183324 0.279447143357444 0.0714302789174752 0.269546421877607 0.295390861929141
0.252116231859576 0.0401773646795462 0.292857140671349 0.201943948469407 0.212905314320122
0.128245780913708 0.270523058679263 0.0712119541607061 0.264348331229758 0.265670875016565
0.264129778868488 0.118210314333109 0.153616226354347 0.130201505400005 0.333842175044052
0.0123094688501249 0.48117622042856 0.214726424461778 0.0627772721924953 0.229010614067041
0.306763235558053 0.0517766722799484 0.237491857288002 0.19338979235912 0.210578442514877
0.333161769881743 0.128664442610168 0.199175175569544 0.0956897346250098 0.243308877313535
0.205469334417223 0.127664062137984 0.144112693219068 0.264381847526063 0.258372062699661
0.160877402201134 0.0324698143239551 0.219154862547663 0.301417817016116 0.286080103911133
0.287346052841558 0.140410442572829 0.185189719374043 0.131805506709412 0.255248278502159
0.182628508346207 0.247137423244954 0.063994206157583 0.181840585461449 0.324399276789807
0.184862905784311 0.305071582731662 0.0441157273388779 0.309658467371722 0.156291316773427
0.196568076673787 0.235520942707623 0.157506106894717 0.221789122382837 0.188615751341036
0.170786264383192 0.0953085393525176 0.342522104048614 0.331086092416938 0.0602969997987385
0.212285073138884 0.201688824799895 0.0459312884361212 0.238770930570407 0.301323883054692
0.210561305723617 0.16438645053616 0.299697490408658 0.127993089155353 0.197361664176213
0.131305164290399 0.269712946551227 0.17206661204415 0.362238287278783 0.0646769898354409
0.141839717386161 0.369225259082853 0.205823550285311 0.266478828684901 0.0166326445607745
0.271910036252106 0.0965215841631647 0.303309536771098 0.0551288226477656 0.273130020165866
0.197575077645543 0.311653943613184 0.276400052532627 0.116025204657681 0.0983457215509646
0.117836486325501 0.422179112675301 0.274644592159294 0.120562682853825 0.0647771259860784
0.310728615159465 0.36937331351694 0.132177210694157 0.14104323636999 0.0466776242594491
0.29786338513538 0.0204307640147663 0.266055475028203 0.133277329530939 0.282373046290712
0.279027090864981 0.250806592439576 0.169777279522526 0.152781816988506 0.147607220184411
0.183116274063792 0.378549629261052 0.0826830078801649 0.342882046548611 0.0127690422463807
0.223006962220997 0.19704280203902 0.17070889024611 0.195758624440078 0.213482721053796
0.334615688401382 0.176777625060494 0.373157148294487 0.101410002157627 0.0140395360860103
0.124772737562187 0.0866098398937786 0.326429331967682 0.299089195696143 0.163098894880208
0.352707784077975 0.144877964488966 0.125999620434223 0.263730151360433 0.112684479638402
0.120423802071779 0.30225825685129 0.321278708623743 0.156797028487919 0.0992422039652688
0.239892752107966 0.00270809971117369 0.19342657896489 0.175199948568574 0.388772620647396
0.00487516319458399 0.180244148458613 0.241161460152455 0.302389541621424 0.271329686572925
0.17808616139312 0.0253453953568835 0.316318303329244 0.348231076721162 0.132019063199591
0.27405710599886 0.209526351198286 0.30071335666615 0.128384642611116 0.0873185435255878
0.45450921948758 0.0345452412854965 0.0634477751780184 0.332889956633837 0.114607807415068
0.119842585141614 0.178699247698258 0.296574444925768 0.366751760289069 0.0381319619452913
0.3436942660595 0.0860353626986491 0.252952276733683 0.0399346596240506 0.277383434884118
0.161535744076258 0.241741836597269 0.217406832173567 0.137640620804973 0.241674966347933
0.0722899787399978 0.233152116781192 0.217780410501212 0.204538443599908 0.272239050377691
0.169396052328178 0.32277106117642 0.0456861596733195 0.336035544175099 0.126111182646984
0.246735234107941 0.100774007309189 0.31486886656923 0.131221247429371 0.206400644584269
0.00123209113778671 0.39290406128507 0.300031057880834 0.034294639813806 0.271538149882504
0.134499498075826 0.150708828646152 0.0210469739138264 0.34617479059624 0.347569908767956
0.189506066213237 0.209827834095988 0.0657977982003857 0.240217312792873 0.294650988697518
0.01165039287821 0.0535660875621276 0.0964963420522347 0.481698959193327 0.356588218314101
0.233696381781574 0.0835580537852781 0.23220800039903 0.225062299560102 0.225475264474016
0.326902044524273 0.0616807408800978 0.0153096323579134 0.201997488728392 0.394110093509324
0.29391980949474 0.118538270297852 0.26667362847287 0.0281917993668645 0.292676492367674
0.316245250622389 0.194856589924037 0.126814082449771 0.272947177959421 0.0891368990443826
0.115121651077748 0.576315314030964 0.0365794663232824 0.266801717506832 0.00518185106117378
0.217000619933996 0.217490840983813 0.0896019027803024 0.168764090948173 0.307142545353716
0.260507165081819 0.0840455839442483 0.0862804446742736 0.368938516278636 0.200228290021022
0.00598344448726814 0.0256562292684876 0.0311785446426443 0.469528336807015 0.467653444794585
0.156453624578143 0.0215387191835854 0.326097501427698 0.272994403939181 0.222915750871393
0.17310617776532 0.281553733538235 0.312427443319995 0.10829677205025 0.1246158733262
0.0898733679387785 0.337424641934904 0.023819493714627 0.112142029260609 0.436740467151082
0.0513168502079437 0.186185403199405 0.336153527202161 0.321918973066664 0.104425246323826
0.288949845548554 0.0957098149359927 0.0185576695563168 0.189341059482271 0.407441610476866
0.145410739708517 0.0405241594214323 0.378291747760193 0.231246741519444 0.204526611590414
0.157269431702953 0.0773197657740793 0.342373985417322 0.359946701766191 0.0630901153394547
0.325598688568928 0.0857750890539831 0.127845267125524 0.206007357964392 0.254773597287173
0.467328041501046 0.000792776254836666 0.295493449406514 0.000464368969075874 0.235921363868527
0.229619942057597 0.227932575228272 0.418013468765194 0.0700509050415177 0.0543831089074187
0.073815689988488 0.0269849261881528 0.179595895751195 0.278222522590963 0.441380965481201
0.176939978307177 0.261852372704784 0.0498336808879274 0.266568802249952 0.244805165850159
0.250106599612459 0.0463787948784593 0.375187649140848 0.182836103608711 0.145490852759523
0.122931161760749 0.107821424482613 0.28898910420595 0.240104178425235 0.240154131125452
0.354583919064298 0.289808159288621 0.0436744473563985 0.0417719203118569 0.270161553978826
0.328303583877969 0.143405963371569 0.210686954267222 0.298741409905426 0.0188620885778141
0.390873907187429 0.291429055373353 0.107804428398104 0.107990131642317 0.101902477398798
0.125371832787528 0.303267636412529 0.0926236442208437 0.403588978250568 0.0751479083285325
0.356876948658846 0.0059810810823932 0.192541317705202 0.159111677474214 0.285488975079346
0.381017076252409 0.116982035814986 0.373908471711489 0.0319882373864711 0.096104178834645
0.315789747544202 0.110721274859451 0.225808000339145 0.286637176187031 0.0610438010701705
0.0714072528461148 0.392784526025882 0.0577648469391048 0.412771849469959 0.0652715247189393
0.204319408917057 0.298786928349643 0.0167833670750489 0.399987602805073 0.0801226928531776
0.284229125075701 0.154852922100568 0.288533048216443 0.00130633993379108 0.271078564673497
0.0462187802580667 0.45623105106891 0.237622522531081 0.234067551272797 0.0258600948691457
0.342245258650993 0.0308055562429879 0.1847845767849 0.212130083709702 0.230034524611417
0.208995362454008 0.0753196583221969 0.275971650601129 0.121383395454144 0.318329933168523
0.216813456423015 0.347725546871517 0.106598838926417 0.145420805473071 0.18344135230598
0.0360765924016246 0.150382792160391 0.281387904590692 0.289637558232233 0.24251515261506
0.516978172683823 0.140043409875727 0.137226304669118 0.12798530860575 0.0777668041655827
0.272395536054644 0.211153420754148 0.353894021057933 0.0809196047758348 0.0816374173574406
0.085811413756134 0.264378783011271 0.342251175259027 0.29901351332234 0.00854511465122729
0.205049156671113 0.256980633905235 0.208021817676554 0.221744952091142 0.108203439655956
0.280421490065957 0.150489693714577 0.0678882341416172 0.33905221732174 0.162148364756108
0.333995215457867 0.166747755364993 0.00141599524497791 0.361077408182774 0.136763625749388
0.191568439623295 0.215144971017812 0.25038161458763 0.187695234135139 0.155209740636124
0.290225545328497 0.144108749034415 0.0457357348563616 0.301182674820234 0.218747295960492
0.0913558378107552 0.110036502824102 0.250295732496346 0.279617730276736 0.26869419659206
0.0472867381222049 0.204121164888702 0.280876334897758 0.152126163976795 0.315589598114539
0.245905886201479 0.26451357052996 0.118511360226495 0.303276555451991 0.0677926275900752
0.167937859537399 0.00134403623867486 0.220568676915524 0.279188277638594 0.330961149669808
0.31565771492804 0.107044554397891 0.275321500606832 0.0819070888236936 0.220069141243542
0.15971079268873 0.216156784445239 0.161468251245635 0.216085995945621 0.246578175674775
0.382018926855006 0.289373561106588 0.208881229906196 0.00435776142534814 0.115368520706862
0.266838109528373 0.217158836159798 0.0221468403002096 0.266412106733656 0.227444107277964
0.254219919778655 0.28361664819417 0.190967217637328 0.061899119584458 0.209297094805389
0.224307018755195 0.207312715265544 0.207795978541974 0.188471635435018 0.17211265200227
0.166663585538967 0.0669714658433875 0.0521250770467157 0.28238170670393 0.431858164867
0.408563690293476 0.00383472172526838 0.0339227401731478 0.293840267864528 0.25983857994358
0.01041468339716 0.236304783824522 0.252796645089588 0.162738861714201 0.337745025974529
0.290433671737658 0.281683874458825 0.0786857164859105 0.280196622394369 0.0690001149232379
0.289323292497875 0.215552290309351 0.00639704383521462 0.332647884885647 0.156079488471911
0.436485035956311 0.050171906417472 0.459378614572547 0.0480869634698137 0.00587747958385685
0.326113651181296 0.00766361009318233 0.270197400931966 0.24288133875644 0.153143999037116
0.123163907322968 0.352321197411053 0.269640046459221 0.196437917930861 0.058436930875897
0.079558941693654 0.22031122739792 0.331461671483878 0.165360778041487 0.20330738138306
0.122152926810072 0.453289629339048 0.297368935647866 0.121367207651021 0.00582130055199279
0.226566729949381 0.372854582464487 0.278724706297452 0.0836299198864863 0.0382240614021929
0.179966691819078 0.0267442100204144 0.383260174285868 0.338270650163612 0.0717582737110276
0.0751081818806513 0.0472300112329726 0.391635631616459 0.399298912177143 0.0867272630927738
0.0586268324321324 0.367989447162369 0.0965854242729081 0.331399478487935 0.145398817644655
0.1919718128651 0.198275704111317 0.1362842430985 0.138971670214569 0.334496569710514
0.214681248802995 0.138539920966962 0.321403435749927 0.290476261558343 0.0348991329217727
0.110821255092021 0.343122283730355 0.234493450863619 0.115195252531271 0.196367757782735
0.15661346466503 0.194195709776894 0.171468032187396 0.11852373026276 0.35919906310792
0.174301359393184 0.490050268474426 0.0746057737463069 0.00896551809347553 0.252077080292608
0.194587629611699 0.240930924493801 0.146638899611143 0.184491789724392 0.233350756558965
0.186296034817167 0.180121258147967 0.30048048028858 0.15465818460793 0.178444042138358
0.171110706660301 0.284323394743868 0.210170586058027 0.0924826212346254 0.241912691303178
0.138131772759822 0.35309397572912 0.0437352878482745 0.372345343378263 0.0926936202845209
0.281206031493501 0.279908623199752 0.216071700468514 0.033583737662854 0.18922990717538
0.0130300445315521 0.0693143869306919 0.451735853915595 0.0828386853525086 0.383081029269652
0.200917029094022 0.166645213640518 0.171433803491807 0.181636748867424 0.279367204906229
0.230781083924544 0.279731777153329 0.139522348211502 0.108447675220938 0.241517115489687
0.00306875730102049 0.22934579531058 0.488465934591318 0.276855404801956 0.00226410799512491
0.152320087050807 0.20676219847494 0.229202949823898 0.21671157524953 0.195003189400824
0.14878734536506 0.21687471074746 0.0884955632469969 0.323978561972644 0.221863818667839
0.349841909275629 0.199103879378444 0.0261427297290831 0.304287448670523 0.12062403294632
0.24169051195656 0.0641813149722191 0.164583707130595 0.251380965744849 0.278163500195777
0.175859831946878 0.167345167588871 0.382898822168016 0.174395855936718 0.099500322359517
0.088998272803175 0.186246433618054 0.279400273279566 0.157405235208815 0.28794978509039
0.266791477156291 0.0411159258048541 0.266322420707283 0.126863031773049 0.298907144558522
0.125271908062552 0.0598273721554879 0.264083509244207 0.295775614473505 0.255041596064248
0.0103155869794312 0.372584480598673 0.192405077350597 0.3221226369584 0.102572218112899
0.178605276278614 0.332188195027801 0.174320455765369 0.187828376810351 0.127057696117865
0.303722794525241 0.358086782555729 0.22162718065459 0.0950857743297289 0.0214774679347109
0.105395454188093 0.213466866317525 0.303984026630281 0.332422691917327 0.0447309609467739
0.161546550464742 0.273940420507477 0.16536614288275 0.253934157540376 0.145212728604656
0.00926174139269216 0.00840431156703569 0.185883457861004 0.312810726646863 0.483639762532405
0.0700997991250757 0.272959421497528 0.192706729128027 0.208407446901524 0.255826603347845
0.0282449461741849 0.0115213529632787 0.369723927816941 0.0829237273939326 0.507586045651663
0.340044601527828 0.0112273603616979 0.226013251314456 0.294459049844575 0.128255736951443
0.287611213674657 0.265705025784833 0.139544155529614 0.260857945383433 0.0462816596274628
0.116403052527986 0.216293001900938 0.104337051314594 0.2294944311599 0.333472463096581
0.228504541221639 0.245757533117188 0.162171408771197 0.13860870169424 0.224957815195737
0.0458103011398417 0.0196131440956261 0.349038671689724 0.218988029961811 0.366549853112997
0.163299574637057 0.224116041795013 0.253989747538703 0.082957557424554 0.275637078604674
0.246999376994332 0.0121844553097155 0.202719720814431 0.203831920410886 0.334264526470636
0.203150216547796 0.0122646322747606 0.33009908510231 0.146297044228688 0.308189021846446
0.261957600822233 0.315491046871364 0.14915434480175 0.255540692587631 0.0178563149170228
0.380957376471935 0.140305718869585 0.169662494014978 0.217373790992902 0.0917006196505995
0.327080046136975 0.297157669298547 0.138225030003465 0.123962648278298 0.113574606282714
0.273978599783126 0.237654190063707 0.292074026252261 0.0608161213411228 0.135477062559784
0.0655538842204481 0.297522025486783 0.313963873978054 0.247682125930272 0.0752780903844429
0.0894667020446456 0.184360549410044 0.371313147920835 0.34004431713496 0.0148152834895158
0.319987975347472 0.090672548223821 0.201927520294402 0.316888120431741 0.0705238357025641
0.136131307508737 0.282927426087904 0.145113206615844 0.134863050356245 0.30096500943127
0.0768271457502068 0.336722430583319 0.251182833184324 0.221194728610504 0.114072861871646
0.250664877801294 0.282815752726012 0.0517796733000988 0.153072941806751 0.261666754365843
0.379368613278022 0.00394071800379675 0.104276351438468 0.187443942085211 0.324970375194502
0.036322030830692 0.36508608982901 0.0750367121448763 0.180518703594754 0.343036463600668
0.133030692352023 0.301085861879287 0.0476774543220199 0.389373418114574 0.128832573332096
0.277450141602968 0.32820635278513 0.179759032887924 0.0903231869573786 0.124261285766599
0.341757181134386 0.203693450629403 0.0516583418806087 0.269642352447445 0.133248673908157
0.213570326408363 0.244305009861149 0.0330892919432801 0.239175618863112 0.269859752924095
0.353866459333517 0.47436998073521 0.0232383657024239 0.0811028704448571 0.0674223237839919
0.156886216927357 0.0726564553224637 0.072698754744658 0.312602817478578 0.385155755526944
0.219497575332614 0.226090759292116 0.250916186345652 0.0835796221311625 0.219915856898456
0.143568384536164 0.1899563312712 0.0374433488267633 0.362863043907343 0.266168891458531
0.207807281457605 0.165369438481788 0.134505688357686 0.152057443402166 0.340260148300755
0.0314997435492362 0.129416858119682 0.195898807110742 0.304934733497769 0.338249857722571
0.314720918153787 0.16078381026289 0.168843434101764 0.0275615085708708 0.328090328910688
0.0673709101172905 0.28713249394923 0.299915917444299 0.0925253031883175 0.253055375300863
0.59149944173133 0.150277052028445 0.205407472773276 0.0402486518633886 0.0125673816035598
0.0325576015914104 0.386448502059261 0.27505321189893 0.157205422427379 0.148735262023019
0.16198632429842 0.271647707054389 0.180699306433253 0.255537477788242 0.130129184425696
0.33300371040576 0.088801605905993 0.158906658389824 0.150482271239375 0.268805754059049
0.271581288199527 0.341074049840891 0.0298925358057753 0.150189123662685 0.207263002491121
0.198655553632867 0.100138994694275 0.0375373248445453 0.34708139128185 0.316586735546462
0.230202307984988 0.202507853887126 0.501153563419303 0.0266737870627404 0.0394624876458429
0.11366680675705 0.192043991802186 0.0841641056270217 0.521424413394763 0.0887006824189793
0.349918499265764 0.277027522693417 0.0989306917166516 0.233481646232804 0.0406416400913636
0.0992502329730431 0.23726738915921 0.182697371334971 0.243749797010655 0.23703520952212
0.217059078772863 0.215037310206854 0.0888843646952023 0.0838407713710198 0.395178474954061
0.401900560814102 0.127632036161892 0.0853391910260251 0.329897204213464 0.0552310077845169
0.244806502359897 0.153866673843753 0.279418107762918 0.179185719371815 0.142722996661616
0.228646693514987 0.336697775425787 0.281448363391081 0.133055498484415 0.0201516691837296
0.333338370041392 0.0651017202111882 0.00443932441105588 0.219662351453499 0.377458233882865
0.183561546266753 0.348638361103131 0.110967896136963 0.171987678691067 0.184844517802086
0.249296568035121 0.43876502684178 0.153654936816356 0.0602160237425561 0.0980674445641867
0.157933724358505 0.0103661270838979 0.301531424736085 0.425538238299356 0.104630485522156
0.225379656792914 0.279688097431752 0.0197217280438648 0.105519941905193 0.369690575826276
0.12350474629804 0.122067030126206 0.103837665372399 0.382894078796002 0.267696479407352
0.259950474242045 0.20297315233546 0.197585120962789 0.326038239428384 0.0134530130313226
0.278171814898309 0.309432042054917 0.237451775862986 0.0983483535324911 0.0765960136512959
0.261969765748408 0.00513230467126544 0.29504505294651 0.085807418703482 0.352045457930334
0.0204289282668226 0.122116508819452 0.347475372131942 0.155078223868151 0.354900966913632
0.279301221330041 0.0334000835223187 0.200022341125098 0.146461254888942 0.3408150991336
0.404222415564903 0.319424568407247 0.17021530989588 0.0258202002662984 0.0803175058656723
0.24762145386324 0.148842573098318 0.0265665103322171 0.207264696838591 0.369704765867635
0.296595883412723 0.238440889508782 0.134934516650728 0.051369296692612 0.278659413735155
0.304241230971789 0.151245405487343 0.16545088846827 0.220474238037766 0.158588237034832
0.215837496140823 0.233219837152115 0.275359285152406 0.00915572177310621 0.26642765978155
0.206217035288621 0.130877662107424 0.18033345102982 0.215158120911932 0.267413730662202
0.0949943370607584 0.322623652201225 0.136787764686718 0.174739620813201 0.270854625238098
0.127192111114002 0.455539670257228 0.0179522986095461 0.24010391774513 0.159212002274094
0.225719034508844 0.275622233959226 0.232068272474354 0.0596008819271999 0.206989577130375
0.0928217859566867 0.0977960853577112 0.203660092599426 0.279722549415447 0.325999486670729
0.209580511394154 0.161583315027526 0.019167097457907 0.323270626460503 0.286398449659909
0.249760134316021 0.278785350517686 0.0862982038730797 0.157548838341672 0.227607472951542
0.35315405966325 0.135180357036308 0.11389861002097 0.0943964399409056 0.303370533338566
0.180884011825644 0.198644868360731 0.213087189421655 0.211997333426617 0.195386596965352
0.138208423591296 0.197020440871578 0.219932571164997 0.390780889493089 0.0540576748790398
0.266823923094116 0.158911452954185 0.219353849588346 0.259619694770113 0.0952910795932399
0.0453674969162467 0.0194710342848815 0.0610362825919425 0.583896866488631 0.290228319718299
0.294888068724234 0.0126302336591582 0.344149274536384 0.298153015496115 0.0501794075841089
0.384575691586314 0.12096089273725 0.0839627589290928 0.310719236284331 0.0997814204630121
0.0622115850719878 0.309623122078535 0.297480293950733 0.299535051194803 0.0311499477039408
0.334640335550321 0.34481036593439 0.198739423465955 0.110897272846472 0.0109126022028618
0.142377584236328 0.331208390930283 0.265865816533761 0.177248462913542 0.0832997453860848
0.0724208804092817 0.173220622075695 0.203368621072492 0.173823316266981 0.37716656017555
0.00797101264203165 0.269751809330013 0.281112396753074 0.0682816497814685 0.372883131493413
0.31745311109144 0.0710991788348441 0.285192267344332 0.268894069095568 0.0573613736338168
0.0149605002018834 0.199760789070447 0.289235875782886 0.230846004807609 0.265196830137175
0.446540139893027 0.0544064590919468 0.105156574679815 0.311186112500948 0.0827107138342642
0.163124123395512 0.19428174816144 0.253660262916765 0.161312433920174 0.227621431606108
0.062818178850466 0.221973790499342 0.321997099337051 0.106059281212074 0.287151650101067
0.133955412716196 0.410423640190308 0.0675310526007329 0.358363674058954 0.0297262204338094
0.0414461677743443 0.223646293298154 0.0872164996104808 0.407898609822453 0.239792429494568
0.178422366477764 0.160355553905951 0.268197735528898 0.365016951205222 0.0280073928821639
0.208978934914712 0.345506144661116 0.246339127213467 0.0670829740794483 0.132092819131258
0.0723063931914336 0.208204493715928 0.110891902692137 0.0203888960342413 0.58820831436626
0.154197237738878 0.0407370949803959 0.213957149521647 0.369785683265888 0.221322834493192
0.0729928000763264 0.15808239250671 0.237237703317803 0.0640510942791172 0.467636009820044
0.0948829311360709 0.411325778470696 0.146336549509005 0.165906381262696 0.181548359621532
0.0426845555779277 0.223755620810427 0.394736790497087 0.338284843802924 0.000538189311633075
0.319968312226935 0.230479426735937 0.253968285060019 0.00640501948398211 0.189178956493126
0.148775951021952 0.106941191580037 0.338810767926216 0.133185250333089 0.272286839138707
0.112686439727386 0.202811769225847 0.174746776418692 0.240991892972209 0.268763121655867
0.107134758717811 0.220313703909299 0.0603038889788632 0.315904932585963 0.296342715808063
0.272631794679734 0.163057307065353 0.204908368655488 0.139944451129141 0.219458078470283
0.442986444966266 0.117305588388326 0.0638912418322114 0.0626213091944702 0.313195415618726
0.108295263018473 0.226769478556877 0.215814923084731 0.226751304336651 0.222369031003268
0.143523687268634 0.0130963175401062 0.307582974996332 0.399005647708615 0.136791372486312
0.309803892285574 0.0865760334655895 0.286767781176236 0.159687920463363 0.157164372609237
0.0958499618778704 0.210279968709019 0.208528829206594 0.270739121165909 0.214602119040608
0.26752389404402 0.16889087459874 0.198306416426438 0.191265587887195 0.174013227043607
0.339788638898875 0.0190295645722022 0.225754420169562 0.104753118882542 0.310674257476819
0.222160939940365 0.0582969964943685 0.176706340191551 0.297828649238609 0.245007074135106
0.41885659297418 0.0916088855195724 0.116868923476191 0.312106366827152 0.0605592312029045
0.198480626085979 0.153201411634083 0.146288791327037 0.274491642502451 0.227537528450451
0.0554565862270574 0.244228767110467 0.213900356940883 0.219285141093328 0.267129148628264
0.140997461209334 0.365522551131334 0.242372701806601 0.239359364618197 0.0117479212345342
0.071001032813967 0.10790662088302 0.427326029092332 0.242769333029858 0.150996984180824
0.14655953032505 0.123992622037468 0.0311276636010812 0.30698874342072 0.391331440615681
0.135602978715274 0.218174163965165 0.265125114154717 0.113880695413592 0.267217047751252
0.369004600339495 0.0417677112861927 0.221202018333717 0.0896944104450696 0.278331259595526
0.145894459865958 0.12846438908275 0.146984377056024 0.213563325745392 0.365093448249875
0.171764275707923 0.0636168693283591 0.151567962373116 0.296767071094627 0.316283821495976
0.217177210049493 0.423970342133015 0.139648469608837 0.00504118508400694 0.214162793124648
0.258141855341015 0.214181001518588 0.232815963393373 0.127341810892671 0.167519368854352
0.0715413129890356 0.0718725560849933 0.422251372783872 0.416477503253501 0.0178572548885986
0.102783208788072 0.336344946301741 0.0538052920804311 0.384440240348584 0.122626312481171
0.113065756995415 0.171732560080834 0.306023564576448 0.247679462569759 0.161498655777544
0.15931222438397 0.220287720322548 0.118366871283527 0.284622966511998 0.217410217497958
0.173504009263826 0.12373895569068 0.167736791727997 0.196757738948993 0.338262504368503
0.251463868013738 0.184117465777516 0.176357997717951 0.19375406375502 0.194306604735775
0.146591710762174 0.156208596868864 0.148325358662535 0.199963725569753 0.348910608136674
0.150623479805233 0.290922874275797 0.165008314212261 0.374918596703748 0.0185267350029615
0.259625055829324 0.160923583684477 0.220016477775301 0.194632805608998 0.1648020771019
0.181029051735098 0.216692380073135 0.0775046392206609 0.264746049017438 0.260027879953668
0.0416318262444571 0.0152245527812565 0.414303341726391 0.240835754813271 0.288004524434625
0.159107516576506 0.0882318193079798 0.229142109043129 0.27896371071397 0.244554844358416
0.336977861023326 0.311175013452982 0.106758837730861 0.208506079662061 0.0365822081307704
0.281763201032331 0.232049795348357 0.215187529165125 0.136568961365702 0.134430513088485
0.206741845586453 0.262683984545224 0.0343463628333087 0.337956680606073 0.158271126428941
0.169380170380282 0.19648966044202 0.24566640527439 0.0818838227863897 0.306579941116918
0.0502019775593862 0.0973856232401747 0.282601703925723 0.557643781463561 0.0121669138111548
0.0223002185587302 0.261408921231 0.158297250134772 0.217818266043396 0.340175344032103
0.284317362217128 0.293135555051623 0.16894845377928 0.138062860811752 0.115535768140217
0.197310033515437 0.209979447685427 0.167371084201385 0.33333371125312 0.0920057233446325
0.271044037261671 0.148061078991341 0.266814100475027 0.236660108526027 0.0774206747459323
0.0685549597176076 0.210218843626471 0.257629337889478 0.089799678134725 0.373797180631718
0.341797171488422 0.192602371053754 0.434795913508628 0.0149999582515606 0.0158045856976352
0.0596352600135693 0.132854156661295 0.383617536290286 0.211795315950428 0.212097731084421
0.132284793739364 0.130585217881826 0.216855180804974 0.301925647696948 0.218349159876889
0.44230005069648 0.230882014723256 0.159885362015812 0.129964869561365 0.0369677030030879
0.266706706392686 0.230371922126465 0.00390524231490585 0.0930980306417737 0.405918098524169
0.152146420094855 0.133790669982376 0.288358020122791 0.0534160180175593 0.372288871782418
0.313176083525004 0.0465106793517679 0.373571053740719 0.0571046892205402 0.209637494161969
0.0735199515741728 0.214487228180717 0.0876222923900306 0.240782793871963 0.383587733983117
0.139398437535966 0.0988824013302608 0.530764097371328 0.0387239286055337 0.192231135156911
0.0569636802871618 0.0867263935496733 0.290267512216544 0.535675553940753 0.0303668600058687
0.411635382944212 0.202537713367566 0.0298451097776206 0.0995143807057047 0.256467413204896
0.126068574758316 0.253453242199229 0.191847505892256 0.211248870697356 0.217381806452844
0.0413464491021636 0.454127593981414 0.0697500754125755 0.0264550853379182 0.408320796165928
0.178493576933553 0.0496855324405543 0.310491576064833 0.0569505307283933 0.404378783832666
0.245923412985244 0.0960406852936903 0.136045886098649 0.297426163446997 0.224563852175419
0.18546109654898 0.0382518599819641 0.283210745801808 0.178203622691401 0.314872674975848
0.19993377612567 0.238141308549019 0.142135959665135 0.15223933469151 0.267549620968667
0.261089944458115 0.0906066152980282 0.226276674028217 0.348704994292081 0.0733217719235584
0.0540134550347903 0.342316560284337 0.0626362967361634 0.317279746359073 0.223753941585636
0.149706464466675 0.280839251572788 0.289396289503296 0.134963891497357 0.145094102959883
0.132339196887348 0.376258166927662 0.0558342175837996 0.397428582679409 0.0381398359217823
0.0736774532748467 0.319348328360022 0.034086582567215 0.170361996993056 0.402525638804861
0.0210437580300117 0.348502174722025 0.116703085060839 0.154624312019185 0.35912667016794
0.0166619907663747 0.156394790432181 0.475974043238552 0.0286398628104261 0.322329312752467
0.269426427702313 0.126340457658919 0.378360799507932 0.0899264448710391 0.135945870259797
0.242774624603663 0.239351467667481 0.26134068262221 0.0389087697523329 0.217624455354314
0.0589481946675144 0.146712749797906 0.362621738234472 0.0852167974902864 0.346500519809821
0.0771672842418455 0.0556728906593516 0.0454556493877896 0.63598607728515 0.185718098425863
0.237497939574129 0.197523178440388 0.237162252609803 0.209326433841759 0.118490195533921
0.0869148770013576 0.345271145435076 0.352159352776542 0.0713103273059512 0.144344297481073
0.195992267927035 0.418694166456371 0.0353127618156371 0.182019169166046 0.167981634634911
0.290533706070608 0.0388965180447299 0.101590014328261 0.29416485510951 0.274814906446891
0.263129179087607 0.000867754649151111 0.386249343114356 0.0338188186782575 0.315934904470628
0.281897016627706 0.187390492852077 0.283375918817919 0.171079177509718 0.0762573941925802
0.140939301562714 0.229884185578653 0.343456313861457 0.272303196221735 0.0134170027754411
0.332218747475319 0.256499572569612 0.333368543046018 0.0464997806048135 0.0314133563042373
0.273058398555742 0.251594382286077 0.179637658095046 0.137648571441439 0.158060989621696
0.00541211928869833 0.299003515049956 0.410938845311168 0.103247622811735 0.181397897538442
0.0656862535336469 0.0151889174623394 0.455824573709983 0.22666156420011 0.236638691093921
0.0457491251645585 0.293430426268616 0.188310462676123 0.103524837046199 0.368985148844504
0.1026058334929 0.247697373291998 0.299780739217151 0.139195152976509 0.210720901021442
0.000554054975524534 0.128445730665866 0.270851615592349 0.459155848504895 0.140992750261365
0.263400801237043 0.260846676474478 0.0679953855545487 0.222394506568222 0.185362630165709
0.00425452594345922 0.282491459380382 0.173566501099245 0.296552075852823 0.24313543772409
0.190488412362492 0.122368320338617 0.263243961652479 0.178594464989569 0.245304840656843
0.223478706759783 0.233839550544693 0.23322207018971 0.217592092898287 0.0918675796075273
0.0136435180523763 0.304887005593218 0.179493921523605 0.285815234101089 0.216160320729712
0.325907622758128 0.259208312097118 0.226102385568841 0.0383057046260064 0.150475974949907
0.0314868282558271 0.0235210238196083 0.171362142330357 0.292530201085893 0.481099804508315
0.276431664387192 0.272639439939898 0.227066977790306 0.0616758097649131 0.162186108117692
0.180891528095535 0.160062152957943 0.0501744190817531 0.392746455112609 0.216125444752161
0.159397830862996 0.278078244618762 0.0493402389436497 0.127556544789635 0.385627140784957
0.101519363635696 0.331826657097326 0.232075290579049 0.315989814943055 0.018588873744874
0.202781597775429 0.010598633500223 0.276253369169308 0.234761127294328 0.275605272260711
0.408733860200474 0.0313565463435293 0.28681425923478 0.155683729374644 0.117411604846573
0.0964505570557422 0.287191163802375 0.148347050355753 0.155497347840307 0.312513880945822
0.140684866975208 0.364966735755621 0.118411214774437 0.228290746138528 0.147646436356206
0.530221342584772 0.0298439717909588 0.135371189788181 0.0676072471598702 0.236956248676217
0.012675804600163 0.296308057493905 0.102066950627816 0.255599794731439 0.333349392546677
0.361614168634673 0.170619140698302 0.120430372748227 0.0206266176127453 0.326709700306052
0.105892522136318 0.289642624412415 0.158012694345345 0.215269006241848 0.231183152864074
0.279187158550061 0.0971012642438231 0.393517633976251 0.0378038076970444 0.19239013553282
0.16044198381678 0.213102778387696 0.244155780284969 0.17374778311411 0.208551674396445
0.140576313274464 0.386472811482343 0.176944840679851 0.243833026949248 0.0521730076140942
0.196600377452517 0.31887810082388 0.088759869000176 0.216500673855031 0.179260978868395
0.129611697963798 0.211265559154667 0.131714998883741 0.254397805599272 0.273009938398521
0.192825606406137 0.189944203415466 0.185788000258289 0.0204149335148433 0.411027256405265
0.155036612342267 0.0805651720281078 0.286267696835054 0.296267978426243 0.181862540368329
0.259489201419968 0.0246815125038403 0.482413227896361 0.224542676491476 0.00887338168835465
0.152427457522408 0.269142764720848 0.201858052776075 0.110827621691118 0.265744103289551
0.122396943906684 0.00663254721831843 0.247676275927492 0.468859266227241 0.154434966720265
0.153729930026478 0.205627968534617 0.190662930288355 0.243303850464613 0.206675320685936
0.0847255206290664 0.375657101768515 0.0742218414150168 0.320506994605837 0.144888541581565
0.187378119742767 0.0825837850741132 0.275587389647016 0.304731380274574 0.14971932526153
0.218520281376453 0.0329307316972503 0.165145466951996 0.346413472820529 0.236990047153772
0.346428411400287 0.117172510129014 0.146862964422087 0.149361640933833 0.240174473114778
0.372930002009716 0.123956360358718 0.238095668261259 0.129005593345562 0.136012376024746
0.0603831367061307 0.312751052837661 0.275358449326526 0.169624194328736 0.181883166800946
0.0118819262861839 0.093549149887283 0.58830051722416 0.211346728590552 0.0949216780118217
0.293103191595906 0.379049872216268 0.0247129219633929 0.032651748248449 0.270482265975985
0.0367315355135272 0.213017628311319 0.199349520359602 0.259825784414244 0.291075531401307
0.0590959350314417 0.357394291010893 0.22452987052292 0.00672087108205636 0.352259032352689
0.131925317907185 0.297926230619236 0.243337645527465 0.148333035776776 0.178477770169338
0.0194670936728594 0.325048034189664 0.301620216873608 0.288311967268659 0.0655526879952098
0.24236022672974 0.235540276478025 0.162999992411831 0.144227474120963 0.214872030259441
0.0771841427396343 0.204579594634237 0.195207817008889 0.318450147048651 0.204578298568589
0.334975204224827 0.141220100308158 0.31809265062385 0.180928178982679 0.024783865860487
0.232359802283634 0.463653046799896 0.0495317655742759 0.194904836653516 0.0595505486886782
0.367040907171745 0.379725334129056 0.0296458958392605 0.0898629122048481 0.13372495065509
0.141521451272672 0.222086552740412 0.303545887755119 0.0216527309894527 0.311193377242344
0.0450863633500696 0.320694491795614 0.0787352553086428 0.257918258920756 0.297565630624917
0.145809915779278 0.304846120639067 0.39023597645593 0.157627454368309 0.00148053275741703
0.260449231977245 0.272940999589038 0.209871081058066 0.198446537160559 0.0582921502150928
0.0266708020474478 0.319204845710726 0.166169930342445 0.250417592892628 0.237536829006753
0.290650519314274 0.201727823510005 0.193456154402821 0.103423079530601 0.210742423242299
0.211586383791366 0.203502306382036 0.293976085582038 0.0724386785217431 0.218496545722816
0.243425733293156 0.0243467973096336 0.0976654985225372 0.30275445246854 0.331807518406134
0.120694717149385 0.259781523780967 0.24768375489767 0.0959030652529931 0.275936938918984
0.029441794545583 0.512709848270614 0.096580692654984 0.210548630737911 0.150719033790908
0.37032611411802 0.0597882570000226 0.155582348359176 0.353123363689884 0.061179916832898
0.191362974334571 0.0821714672522204 0.262674290744064 0.256296834071578 0.207494433597566
0.181304690097977 0.189870317381358 0.325469674556647 0.0892185052926979 0.21413681267132
0.411147574429805 0.0563112624345654 0.167955062466615 0.0163462250310383 0.348239875637976
0.0353963814942897 0.234185410833265 0.191316049794697 0.159378561621873 0.379723596255875
0.280119884063206 0.0852269407341548 0.194328840400414 0.257959067520131 0.182365267282094
0.254378268548498 0.0182355280526752 0.315293857744344 0.195019000960731 0.217073344693752
0.325800729886105 0.200699880871876 0.0874989208374072 0.162396231683915 0.223604236720697
0.208083376282848 0.0241269394521123 0.115087377749968 0.343293361343853 0.309408945171219
0.232175751222897 0.00406805383040046 0.265176201402303 0.261520601105865 0.237059392438535
0.20481224400813 0.0874982988007784 0.217477853229133 0.159015841854841 0.331195762107118
0.00431769589117954 0.290228762027172 0.271871110127466 0.37748892776487 0.0560935041893123
0.240699586858955 0.0102218901121662 0.326732658540464 0.18483906944069 0.237506795047725
0.354511174302755 0.0833491918312383 0.0992289744582821 0.283412009803207 0.179498649604518
0.105387046152563 0.296954543702824 0.233535849686055 0.155113059377681 0.209009501080877
0.210218667652937 0.268725858613589 0.141201883296556 0.14834336038881 0.231510230048108
0.408778871210207 0.0906475116319513 0.232574543453033 0.186288719533455 0.0817103541713538
0.0736770519470576 0.0973936573533704 0.418453039982478 0.270517335474701 0.139958915242392
0.279105783177184 0.19328459086676 0.313486272470047 0.138004166893472 0.0761191865925366
0.107495353492548 0.267609746981264 0.204083957228947 0.27657009744556 0.144240844851681
0.327978727978745 0.0235043662244064 0.266563206079831 0.0630021471592042 0.318951552557813
0.358389705821339 0.0637913116365435 0.0952627562543695 0.0780881689996573 0.404468057288091
0.0345754843624766 0.0592203527680996 0.23816859357848 0.364986605217708 0.303048964073236
