0.208664203197709 0.286988814561184 0.167045208728136 0.283753198390084 0.0535485751228863
0.18563648374313 0.106844438170801 0.212360117467548 0.259904546434078 0.235254414184443
0.0326968821427411 0.190111864464216 0.24210076339479 0.264328339738839 0.270762150259414
0.293724053429609 0.163316001588885 0.178215465734505 0.0925588236974221 0.272185655549579
0.123894622577258 0.138472071247763 0.266409289028218 0.304466428135531 0.166757589011229
0.20923813864626 0.15687132038364 0.369992544885696 0.161056378442849 0.102841617641555
0.307229701899804 0.073045497470215 0.0967345515484709 0.2568835597532 0.26610668932831
0.00411221729700242 0.328537962813912 0.205473588250859 0.357772543313186 0.104103688325041
0.273166162932573 0.428364666646061 0.0435667562751026 0.172322394650884 0.0825800194953786
0.194138120723296 0.0850407434550135 0.305367068225996 0.163967918958499 0.251486148637195
0.120741395725155 0.26686965138149 0.27472684177308 0.00639198677550603 0.331270124344769
0.0740727876949918 0.3186957956034 0.191353571672624 0.194577485795265 0.221300359233719
0.19199355023471 0.215815161116435 0.277620222116265 0.212557846207401 0.102013220325188
0.13487099767056 0.158661180848069 0.319426440419038 0.332661106421176 0.0543802746411569
0.0242115280100666 0.298050385503011 0.422320352591648 0.162507716621649 0.0929100172736257
0.181865629084854 0.251710010545277 0.217958228515562 0.225185751201915 0.123280380652392
0.0658670315164874 0.305749069247862 0.253393505606457 0.299680898887875 0.0753094947413187
0.464764169195399 0.199317428321903 0.224934369676041 0.0418875877158032 0.0690964450908541
0.327638862838753 0.100899775934793 0.318692023076351 0.100481083376913 0.15228825477319
0.196907838574153 0.185883450368548 0.188468665663209 0.265994940622527 0.162745104771564
0.231642007662591 0.243660364763686 0.210872902774333 0.298244013833857 0.0155807109655333
0.3023813889361 0.340838902796358 0.0188138373387208 0.192325660784449 0.145640210144373
0.291441379313337 0.240367997776769 0.0872188378850779 0.0861501101528503 0.294821674871966
0.19807916093227 0.185623183935074 0.44329617036296 0.016738793188565 0.156262691581132
0.242926049793413 0.162935422937546 0.301149655377637 0.0616085466966865 0.231380325194717
0.181910214392453 0.245621850225487 0.0307667643641701 0.203114424078284 0.338586746939606
0.300183057832241 0.0972727449035158 0.355185932615305 0.154132479013791 0.0932257856351473
0.298434301164826 0.0829601643862025 0.331993014232097 0.236378155982683 0.050234364234192
0.225253080508562 0.235551840352075 0.186341550379214 0.132788797480763 0.220064731279386
0.193267113645452 0.226651234097912 0.250082151547937 0.155565647775997 0.174433852932702
0.223561563080273 0.318622467941381 0.0597359316411274 0.353394323667726 0.0446857136694927
0.139329806706914 0.287647386612429 0.272039458650377 0.164003903384827 0.136979444645453
0.0453376277531605 0.0846649702258259 0.447428521159474 0.390404638211035 0.0321642426505041
0.306512703532022 0.365092891984364 0.0111749898050307 0.0881128893750081 0.229106525303575
0.159729696395584 0.28272689247209 0.0523905621075643 0.191657273571841 0.31349557545292
0.207622042448988 0.0667408023999448 0.308338610750178 0.225614471502904 0.191684072897985
0.0223575765065034 0.323586353379191 0.0189840083139352 0.454499200100349 0.180572861700021
0.00866734745955355 0.305377516005092 0.254958001212168 0.0520768601658541 0.378920275157332
0.413899357711841 0.0661753304444741 0.198953969612194 0.234928110926564 0.0860432313049271
0.120956945073761 0.103378394189139 0.256924177335358 0.220720800535833 0.298019682865908
0.393841182277446 0.233518850728688 0.0471254931875705 0.0728562764895408 0.252658197316755
0.137926702019453 0.286083681331326 0.0747600851889976 0.170744350172341 0.330485181287883
0.197960337326304 0.0402533520866305 0.467277457596674 0.0577630607179095 0.236745792272482
0.179254404107016 0.16739950103639 0.336542760747777 0.203751761644618 0.113051572464199
0.0919762395431232 0.353975358056277 0.208983684370222 0.0507322546188231 0.294332463411556
0.342690410909594 0.0987038410035493 0.338721213674592 0.12945832363096 0.0904262107813054
0.253655007593786 0.189007061477994 0.0685571857271705 0.248389827990539 0.24039091721051
0.049922587730407 0.147467549785194 0.480967293875622 0.315577258654879 0.0060653099538981
0.36557308624484 0.256657336365815 0.0553570587520241 0.0886332908823574 0.233779227754963
0.357113878669398 0.0368788682649649 0.193632292367101 0.207159262976888 0.205215697721649
0.151673212871791 0.221870061041909 0.0473065874200813 0.0931523155090454 0.485997823157173
0.147011197354826 0.408497690087839 0.249848045326345 0.0432984667051353 0.151344600525855
0.0235164140170381 0.133883393379016 0.275499168594223 0.145231198761048 0.421869825248675
0.146367241548459 0.342209580998135 0.0104067974627665 0.332155895090779 0.16886048489986
0.314544120104546 0.290236756888453 0.130653325625836 0.080914211222842 0.183651586158322
0.204618997604108 0.348821232174894 0.193000869410166 0.217046059324591 0.0365128414862404
0.12006150652065 0.238698568359542 0.205773742167495 0.272384324802733 0.16308185814958
0.0860398327324628 0.036013204943586 0.354384905646744 0.296065825329401 0.227496231347806
0.305934885090365 0.260397003038709 0.0783447555324507 0.0760707899995728 0.279252566338902
0.198316206551182 0.122907134282095 0.449281194962714 0.0255267206457397 0.20396874355827
0.380053097528291 0.143078748263893 0.245035260110724 0.0401880180662669 0.191644876030825
0.279877986461568 0.0803560617227915 0.242126259359234 0.258866351492733 0.138773340963673
0.224237796358175 0.347217125851952 0.0268138436047091 0.0077314109720236 0.39399982321314
0.218185935008317 0.0324011739039304 0.321527573560032 0.0625023841838085 0.365382933343912
0.21399371629344 0.374037714916571 0.039858518476932 0.274552387770466 0.0975576625425911
0.0758923633070669 0.284454685065335 0.232991090918545 0.208963451170612 0.197698409538441
0.243887246345403 0.0221666433647228 0.24162717365164 0.243045798011937 0.249273138626297
0.422980180715569 0.0831171285918388 0.238476693481796 0.211331182410432 0.0440948148003653
0.298951752980052 0.27887376031666 0.162965658588331 0.0781438595098418 0.181064968605115
0.290688620481347 0.104798510343813 0.270265653516889 0.173337922400207 0.160909293257743
0.0942065270888688 0.25010821900383 0.192945440308801 0.252078399887107 0.210661413711393
0.257086567200882 0.0454426400244912 0.0106823612739319 0.161023967130056 0.525764464370639
0.406389255360312 0.195964352160274 0.0529155435681798 0.299009472306113 0.0457213766051225
0.171335148904885 0.463880092163554 0.138731161258834 0.150165817573273 0.0758877800994537
0.0706398119387602 0.370437579758662 0.272409785182962 0.264923020975245 0.0215898021443707
0.0858276637519186 0.041321556570855 0.198028409204566 0.307045569870037 0.367776800602623
0.00249844230542922 0.288252084087578 0.264995852270834 0.030322387901151 0.413931233435008
0.0818553176757305 0.246433034361005 0.370667702435918 0.147939246994637 0.15310469853271
0.175417042376741 0.103895768535193 0.204197526987873 0.26978844153104 0.246701220569154
0.0573309295438246 0.148711058494848 0.291283136276996 0.241795745219244 0.260879130465088
0.0534113310048061 0.328699178092835 0.16321954638203 0.264718640997937 0.189951303522391
0.273450551420425 0.1850374129984 0.25015992472308 0.227104376336225 0.0642477345218715
0.188611698224763 0.260394928453422 0.238326013710063 0.0989355980966763 0.213731761515076
0.257866813776744 0.186878557922724 0.0569665987618574 0.324969427563379 0.173318601975296
0.20079790068543 0.151970834982315 0.0797010140193524 0.339851862101967 0.227678388210935
0.191967472897378 0.0767235107203479 0.407899773321021 0.215536268878943 0.10787297418231
0.0853092399661867 0.41105028971002 0.173331655668761 0.071534185464178 0.258774629190854
0.329521545400691 0.290843002741979 0.176038804839074 0.138288054703141 0.0653085923151148
0.186829201693387 0.267639965169015 0.293835806440367 0.178960469658073 0.0727345570391583
0.24482188433626 0.245764176462985 0.12245868494706 0.13145123048726 0.255504023766434
0.237932283484136 0.18286476760136 0.07309051505352 0.257455164940044 0.24865726892094
0.3207284494502 0.0803603146166455 0.11335058924616 0.154825407290712 0.330735239396283
0.0395503920740488 0.315079568997245 0.119096903680946 0.103472466025252 0.422800669222508
0.086125322684097 0.412564484618406 0.0239843253379741 0.110432947273559 0.366892920085964
0.127134224063642 0.181913015671391 0.352138686400708 0.0903867343795871 0.248427339484672
0.277754184196301 0.283185872320967 0.142493836980233 0.0530003430941959 0.243565763408303
0.113745339258715 0.126743865091986 0.204011990640865 0.0158694535501494 0.539629351458284
0.197230914493721 0.00272642116077628 0.182856469209111 0.367575717402538 0.249610477733853
0.0185933672881656 0.435310623436244 0.31846163598409 0.0391202105497746 0.188514162741726
0.331420063783087 0.107054021862518 0.265679009521361 0.284010183998101 0.0118367208349327
0.265281225917918 0.0487375206321525 0.323143143009296 0.320178740643341 0.0426593697972934
0.25715643294578 0.125273505873263 0.337192993181047 0.19803452669029 0.0823425413096202
0.274582703024238 0.0604778456242907 0.117449812751194 0.213318071626576 0.334171566973701
0.0257958462769946 0.355942932850608 0.241426375698074 0.303600783325827 0.0732340618484962
0.294866426544003 0.195282615853331 0.214079725034093 0.164631875736855 0.131139356831718
0.216358674740409 0.180214255952568 0.364972827374753 0.0912474832648526 0.147206758667417
0.239951850719739 0.233201105883934 0.281749464992081 0.0629285018013572 0.182169076602889
0.00583162170852134 0.00892370206118972 0.571304608082653 0.18000219489357 0.233937873254066
0.264547959335127 0.269871187023795 0.185382684848383 0.207202170452455 0.0729959983402405
0.20509637844132 0.00237267146666868 0.21686998456113 0.245983634049566 0.329677331481315
0.0645715101291702 0.0542679570979459 0.360142695818996 0.311693980634181 0.209323856319707
0.285376176687855 0.0127444182254711 0.189930233792386 0.203887885531934 0.308061285762354
0.296028071840757 0.273820047040537 0.0357727218064163 0.137823539459576 0.256555619852714
0.387865962149501 0.282595999723581 0.182234128357878 0.137660461228688 0.00964344854035246
0.270420822528381 0.133439324342125 0.258837804626026 0.0096591409263824 0.327642907577086
0.236741341076687 0.184251524276742 0.0621081446248984 0.436903875070478 0.0799951149511942
0.269130461687448 0.134522807913061 0.190834052404787 0.267616652655872 0.137896025338831
0.310710974611387 0.157082565799389 0.329210086129945 0.0382306257050462 0.164765747754233
0.31898914529868 0.0397570545831922 0.0525001481022824 0.282690404243374 0.30606324777247
0.100233734706679 0.0865072080211417 0.304323623074982 0.166839513332092 0.342095920865105
0.159500631845688 0.0376354726846634 0.421619243329358 0.308144328217652 0.0731003239226385
0.259876145103479 0.147073805700341 0.106076014228544 0.265238847237796 0.22173518772984
0.0193634688574746 0.33750887311386 0.303738186460057 0.326764224129551 0.0126252474390581
0.261197909497447 0.115306236270176 0.151634205258501 0.36332982522026 0.108531823753617
0.250739661226001 0.171213981734719 0.185203117650578 0.188250912618373 0.204592326770329
0.0699465736313345 0.389780781847471 0.265252109318976 0.01633933450615 0.258681200696068
0.22247044515645 0.3497464821202 0.0798642563810039 0.194758953403293 0.153159862939053
0.199735482410316 0.238142518936413 0.260742073244493 0.0813470480732373 0.220032877335541
0.296417757409531 0.0655673560251631 0.302840386430986 0.290537311418598 0.0446371887157226
0.293409883003065 0.107071128608757 0.071501464842483 0.247342464846246 0.280675058699449
0.404969365249732 0.0276660004260417 0.412366296854877 0.0899917874227602 0.0650065500465892
0.321658258668295 0.141273401037872 0.164083514964248 0.295261855921309 0.077722969408276
0.232682892434223 0.0936952821369967 0.307701066194663 0.141631882330303 0.224288876903815
0.198283088176352 0.0746912865639244 0.0204942253160582 0.434539298101485 0.27199210184218
0.0172146214135875 0.277125021925752 0.226313735412347 0.214911535804418 0.264435085443896
0.0958014785744583 0.273412972544001 0.12621708545399 0.271527184933853 0.233041278493699
0.0441956458979626 0.223199257093838 0.370774052386246 0.329859632047023 0.0319714125749301
0.208942552088325 0.201405701567586 0.181652011893386 0.186682029468295 0.221317704982409
0.042861110366964 0.23879562047392 0.261919853315877 0.263495652900497 0.192927762942741
0.266933368057764 0.0451102544688241 0.00510726632850622 0.255733729210387 0.427115381934519
0.145353249205905 0.293954677972568 0.194399599892277 0.186310763303409 0.179981709625842
0.163110384485332 0.2349340624791 0.149041974650202 0.192579859853531 0.260333718531835
0.467651734035017 0.107959400577121 0.0553070987154556 0.034518609937015 0.334563156735391
0.0878028059867559 0.149550485836658 0.154217069579403 0.355065625131904 0.253364013465279
0.394065557954149 0.0160178807552552 0.0783213201451349 0.134013827472201 0.377581413673259
0.409390152280192 0.0324475983956245 0.297656178610376 0.0541396393020119 0.206366431411795
0.163667570325467 0.0930581040697256 0.273956040700455 0.278503855155504 0.190814429748848
0.277793202025317 0.288379727200835 0.0295784802786926 0.20726837349448 0.196980217000676
0.257583726083932 0.0672873451882684 0.242358306830235 0.250864647844896 0.181905974052668
0.268233245587472 0.291370407106964 0.163380985239774 0.1614773917022 0.11553797036359
0.209779936160005 0.215297996661743 0.241551961653843 0.0315312904115891 0.301838815112821
0.336729583134646 0.1129289924818 0.225385142289597 0.300018287812024 0.0249379942819339
0.0973799600759975 0.0478091021712834 0.393123864903471 0.121904752146676 0.339782320702573
0.251034664065641 0.116938190053833 0.213341905480661 0.293939947338265 0.1247452930616
0.142408212586927 0.272878439818254 0.397191668399529 0.076608768319494 0.110912910875795
0.0322159370121642 0.1131905697502 0.523255638158664 0.304616061718534 0.0267217933604377
0.00921602164626459 0.455888329888087 0.00461059992899736 0.511999247211992 0.0182858013246584
0.0937031609358319 0.294423149749011 0.0880699705638477 0.35287172315321 0.1709319955981
0.201731098203276 0.155234405911266 0.259488845347067 0.114961189323468 0.268584461214923
0.25459591650207 0.109873651768236 0.276626244620421 0.124312323246572 0.234591863862701
0.275614244581118 0.0303676854964814 0.178345478952571 0.346010549861548 0.169662041108282
0.0636150569892542 0.0956370155772367 0.239699635001561 0.307434905692614 0.293613386739334
0.266955738152425 0.28689326481082 0.235440078870635 0.164612201098985 0.0460987170671354
0.166877704113311 0.317872858291532 0.193807131287288 0.309977187393757 0.0114651189141113
0.0770614364770603 0.319492704697718 0.251322541551186 0.254413875244653 0.0977094420293821
0.102927606489233 0.296837091341492 0.1935698768636 0.125964865599302 0.280700559706373
0.16964878047943 0.246880498215097 0.236874840559111 0.0683407110544543 0.278255169691908
0.122192902983413 0.154169666647619 0.284944027849223 0.338588876436479 0.100104526083267
0.0484645109535917 0.274690442135703 0.120760633045872 0.285007121057395 0.271077292807439
0.25518749723034 0.195639363417391 0.129344012945747 0.35064100457091 0.0691881218356136
0.0944318959844784 0.160164105166545 0.25783834202789 0.100541478414849 0.387024178406238
0.589775405726341 0.133497568245193 0.152898205874167 0.116452866624082 0.00737595353021715
0.174641526280431 0.174999517108087 0.134533921299777 0.248094564187315 0.26773047112439
0.0174674649141755 0.157219907287022 0.142853819062635 0.286938013760477 0.395520794975691
0.312403348277516 0.0262975306643237 0.164064713963096 0.207459867360172 0.289774539734892
0.335547189079183 0.160183747716732 0.0403057366970373 0.297184928759215 0.166778397747833
0.180393069393729 0.182539783428455 0.168744042075803 0.159206027008219 0.309117078093794
0.0768650254861112 0.289224713914377 0.430022417177398 0.0133217377891478 0.190566105632966
0.0467102729992997 0.203148456069728 0.344957808766851 0.199872516942267 0.205310945221854
0.257894743633799 0.386468358107955 0.212762468156864 0.13165495354926 0.0112194765521219
0.233335779743458 0.326796340241863 0.0551345043211986 0.226326924020251 0.158406451673229
0.134265833214154 0.234380705189552 0.239926827975285 0.230682115924989 0.160744517696021
0.24290846649286 0.139137159011878 0.153440004044515 0.213541113335254 0.250973257115492
0.0499043876125576 0.176133771062809 0.327601385941602 0.341886242068269 0.104474213314762
0.211906618580093 0.139731265731302 0.122312169774959 0.453786422920293 0.0722635229933518
0.234058143196372 0.240234770177534 0.156670659969617 0.273176784475475 0.0958596421810014
0.0246771073468772 0.289014167443053 0.0874592331765672 0.213491872712366 0.385357619321136
0.27324745706536 0.0685547207074089 0.0456840416634126 0.30360563941568 0.308908141148139
0.260470347422259 0.223682486811338 0.0381838345167544 0.186764912333147 0.290898418916502
0.287131271963007 0.285711808210319 0.076996868885717 0.300984042646741 0.0491760082942162
0.127791577382954 0.259665785961102 0.129927062645161 0.205523545635415 0.277092028375368
0.0509600928787302 0.295283061936982 0.0766660781099487 0.380606985589836 0.196483781484503
0.27227568894011 0.150802779588587 0.124741172515396 0.182255839290478 0.269924519665429
0.250460167643563 0.309762623693669 0.179427159073735 0.239984855356714 0.0203651942323181
0.0685002014872655 0.093779284641209 0.219217666645013 0.00405194289901021 0.614450904327502
0.257570207232985 0.200360652429731 0.0572820282096404 0.0523995891682483 0.432387522959395
0.277929591363861 0.276139687727915 0.235436061910693 0.19059034216308 0.0199043168344504
0.00944415266624245 0.1992020748072 0.0568705544791299 0.299233814216972 0.435249403830456
0.227200275122515 0.204574512709121 0.204476116874946 0.0870057230940763 0.276743372199341
0.290981725909088 0.111244382485875 0.450369066074767 0.0133574248597416 0.134047400670529
0.0142264774195997 0.280585359535915 0.236550917462822 0.440558250310675 0.028078995270988
0.0123026891969066 0.113008193010372 0.26966137589997 0.354781008896673 0.250246732996079
0.0243308063275352 0.262532240003298 0.255857273614739 0.184558504630028 0.2727211754244
0.267439225593405 0.254219979732122 0.126317184329805 0.153765521601776 0.198258088742892
0.15618135227181 0.0242209967058351 0.190898921183527 0.337392374777001 0.291306355061827
0.281742224841695 0.224588489847449 0.23406575668716 0.199903091102636 0.0597004375210598
0.128110775438339 0.226784395501941 0.260682421511991 0.163152389959675 0.221270017588055
0.198413489308507 0.0785337816091323 0.333178126590361 0.0973815457925877 0.292493056699412
0.1748503184312 0.101626223858444 0.407892609819531 0.292731826710889 0.0228990211799357
0.352301047032078 0.240952425253832 0.180491348930593 0.0913272617345234 0.134927917048973
0.244545690056019 0.233896886237201 0.0737893382353967 0.236936563278775 0.210831522192608
0.012615211974465 0.231815035369742 0.340536802572616 0.075008260472607 0.34002468961057
0.30785893176342 0.219889059229966 0.109801991679631 0.294603596330645 0.0678464209963374
0.0518732353999669 0.0179981145243615 0.338814052871786 0.311606124793389 0.279708472410497
0.365908301615602 0.305875700399612 0.0343599720625308 0.133985492219525 0.15987053370273
0.11365318636169 0.203206712853017 0.0946147280649687 0.299308098841472 0.289217273878852
0.329222027752744 0.20880229133649 0.00450217779986088 0.391275335699641 0.0661981674112644
0.28741519986287 0.381223833362743 0.233359839362559 0.049332941828761 0.0486681855830662
0.306315944829141 0.147361300124188 0.210057521896626 0.0247620520688736 0.311503181081172
0.0396832923896726 0.413474065762359 0.0658925918870625 0.134822753281548 0.346127296679358
0.282335945507449 0.199480869786874 0.198605605862548 0.0714602245209567 0.248117354322172
0.316007799075506 0.208189993332137 0.227910018938123 0.222664630812219 0.0252275578420144
0.129179463275613 0.381686179905872 0.151950280404472 0.293866908049575 0.0433171683644685
0.0194322496723847 0.228920254624046 0.258816985130087 0.300312241633141 0.192518268940341
0.203060802808229 0.270762401715982 0.150304264814379 0.0120196674240646 0.363852863237347
0.336992525069724 0.0880711303379917 0.116395268027391 0.148347676007554 0.310193400557339
0.0371488882946799 0.336964053074269 0.314424705841892 0.294272097344115 0.0171902554450442
0.266379806406307 0.188094462401622 0.227865165397703 0.166730286350178 0.15093027944419
0.037028678402843 0.20460155332849 0.0951125641659748 0.31718046867124 0.346076735431451
0.0669969241056821 0.289488435558872 0.311897073912341 0.281367606524652 0.0502499598984527
0.16495777571654 0.184178629839815 0.203687425718464 0.223577101316242 0.223599067408939
0.0362616846596137 0.217094124966774 0.231431026126288 0.134587028914844 0.38062613533248
0.0806738514741371 0.14535447300009 0.241624665164097 0.284587912239123 0.247759098122553
0.149387863085115 0.251650835765967 0.0917698185499688 0.243156338628728 0.264035143970222
0.226288904296981 0.170466245135331 0.136339532297136 0.206887088236535 0.260018230034018
0.104853529781435 0.275894513182741 0.277895467826737 0.218616162795744 0.122740326413344
0.217456977654833 0.310443583410995 0.297205654370083 0.050744883243394 0.124148901320696
0.287376930360978 0.156017564414726 0.0335149434161699 0.163778213461675 0.359312348346451
0.0728911080621884 0.341504217136864 0.222440891597829 0.351706754661196 0.0114570285419221
0.0687439879167754 0.256537097554513 0.304098391617957 0.268773050364913 0.101847472545841
0.261100790644953 0.368351199527867 0.0462599374341137 0.121655999673956 0.20263207271911
0.0319992206480134 0.212258891506315 0.38888966896695 0.0877407440425717 0.279111474836149
0.350393747317817 0.0688829928348404 0.32945269413917 0.148478443535824 0.102792122172349
0.547257975029294 0.16376906791378 0.0908640363502643 0.00642555067862367 0.191683370028038
0.0512762018818614 0.287844238115364 0.319738422018156 0.0457950452610566 0.295346092723561
0.198090370801045 0.27351300338314 0.224520733974824 0.200720498670924 0.103155393170067
0.21794811386913 0.320322588159733 0.232400436047405 0.00147791618692664 0.227850945736806
0.27471800171714 0.0979477315567915 0.200523737826602 0.371813075449362 0.0549974534501041
0.1519636339112 0.109341409378431 0.131520533209542 0.339749239443526 0.267425184057301
0.070942628939496 0.402232770155135 0.0147738137286916 0.127380054881104 0.384670732295574
0.016330401783534 0.27405014827503 0.342235443620309 0.0530593125229258 0.314324693798202
0.161443472077642 0.251575794510031 0.0585744173189148 0.188816583916079 0.339589732177333
0.173984642431734 0.196031481024658 0.0896991044708774 0.298830230724939 0.241454541347792
0.0945021795627031 0.172782666009405 0.260553447055338 0.321555957290841 0.150605750081713
0.187607706731304 0.0309515702665766 0.352326592297809 0.118554649175048 0.310559481529262
0.26229297108519 0.0606850990588809 0.019260199784894 0.209198963854002 0.448562766217033
0.275653770233468 0.100922570290526 0.19155091717185 0.240810837745013 0.191061904559142
0.22664260272879 0.196425986896987 0.0662381869535493 0.0368787904122745 0.473814433008398
0.0846680040710885 0.368493712267401 0.106329279777898 0.31631794165798 0.124191062225633
0.0712384484502939 0.351455000672495 0.124987544095769 0.177393736139323 0.274925270642119
0.354090883296402 0.302729671914456 0.00684119518365003 0.196771250330113 0.139566999275379
0.373598846052681 0.385565320294823 0.087858492689554 0.0608103784949212 0.0921669624680211
0.188711972598979 0.160051845192058 0.351787173445291 0.279903082872631 0.0195459258910419
0.315354444167223 0.286222166251255 0.0530321954346081 0.144641767823413 0.200749426323501
0.175197976941944 0.104344868441435 0.0504030818214635 0.348811636979231 0.321242435815927
0.0845650931355629 0.174075937589439 0.170509195992327 0.179616068960482 0.391233704322189
0.0664704983316856 0.228511629776575 0.275472247446775 0.174117049158515 0.25542857528645
0.365515572884263 0.0281081028018869 0.354347043600966 0.0361532514537259 0.215876029259158
0.157350848314439 0.385099824196475 0.270285810753161 0.109413299932776 0.0778502168031493
0.159315740953273 0.174763385295441 0.310041668423012 0.181431906105589 0.174447299222686
0.0329386630556603 0.354896877149241 0.207919419996292 0.38406527344003 0.0201797663587757
0.179549402758896 0.117918965382327 0.183782150722082 0.267888063846627 0.250861417290068
0.383095387553134 0.15416716813902 0.00301812853506079 0.254938872021483 0.204780443751302
0.209239377769522 0.253368960189767 0.279938677373334 0.201014807201322 0.0564381774660559
0.294835644196443 0.0975304364180108 0.0499035544157909 0.193622833523277 0.364107531446479
0.329823256899149 0.0320151347885297 0.227806911092561 0.330760288244681 0.0795944089750795
0.288630886900499 0.114671026384077 0.214731285711885 0.222483406253539 0.159483394749999
0.197195296435601 0.359077817748609 0.207891452803469 0.141103836089633 0.0947315969226884
0.293936708053391 0.101146619385318 0.320124657562515 0.105243795979348 0.179548219019428
0.233690263248335 0.0908538030064138 0.258843425792911 0.271009266601064 0.145603241351276
0.090503307626415 0.260635786651124 0.115186427888426 0.396427537244539 0.137246940589496
0.220938630668684 0.0358192481743445 0.311489622822392 0.414148125107421 0.0176043732271585
0.0511057580279377 0.303952601247789 0.0539142653572003 0.319114129425625 0.271913245941449
0.343152909412312 0.0738986751254676 0.316489097783828 0.250569329954197 0.015889987724196
0.280619160289195 0.158926744258367 0.252594503101 0.0249294664009636 0.282930125950474
0.0270840953973574 0.0703877294642173 0.373388201877242 0.120528058569604 0.408611914691579
0.247888699657919 0.266180372311952 0.0570168246926548 0.324582088000523 0.104332015336952
0.41131196148964 0.112008450782793 0.0527413387841554 0.323717185786003 0.100221063157409
0.194693509926647 0.223676122371328 0.157127519853251 0.212412151141575 0.2120906967072
0.27529889144218 0.178470488091899 0.182569229869241 0.269099341328577 0.0945620492681032
0.262029426617648 0.203319372479843 0.0012293126479146 0.368837230659168 0.164584657595426
0.187196470820631 0.402764966009091 0.0215534067355698 0.267515655625 0.120969500809709
0.210304475380718 0.172793474862562 0.12905205937848 0.29057010674168 0.19727988363656
0.0297983768774988 0.390754389828 0.167064378204592 0.018333324133527 0.394049530956383
0.255966753139014 0.0929020745416711 0.214242558620275 0.115658987412345 0.321229626286695
0.0900147564795042 0.00649052199338949 0.673551861538711 0.0127716946080068 0.217171165380388
0.183553048133105 0.171291793744468 0.245203736023585 0.175837573683576 0.224113848415265
0.153729283581927 0.216915531637857 0.134511913098067 0.254799043552639 0.240044228129509
0.266735788532853 0.0744667420218496 0.0651727309221249 0.329439618388721 0.264185120134452
0.254365564688687 0.320028474260232 0.126838789432878 0.137410057144645 0.161357114473558
0.371186268854954 0.00445080895852334 0.203769911728423 0.0281185824457723 0.392474428012328
0.0853424661575858 0.217293377693962 0.23795020341886 0.183962305028743 0.275451647700849
0.1297676703532 0.297251893427397 0.338406573516469 0.0920634556837455 0.142510407019188
0.196134319719948 0.22153158224163 0.26967727454671 0.138366957184387 0.174289866307326
0.389610128034285 0.0902473443299216 0.296181918338418 0.191822524468556 0.03213808482882
0.217641033989865 0.363644569344859 0.19893091979968 0.0690299867394028 0.150753490126193
0.0861638008200636 0.599783628847865 0.147222478260168 0.131032918015558 0.0357971740563462
0.0207607144154019 0.27127657663327 0.201216763507978 0.375235409608303 0.131510535835048
0.0782447522544132 0.183664344473637 0.326405978308368 0.145903135949052 0.26578178901453
0.251920193721706 0.194373167803107 0.277906736584953 0.192987010229946 0.0828128916602889
0.126997454055435 0.212286444332529 0.114656432133813 0.363298838890648 0.182760830587575
0.0804492822494922 0.316744669709522 0.335035582128405 0.244979894898501 0.0227905710140794
0.0488744314348766 0.32363575081168 0.211702326754391 0.0717720203753393 0.344015470623713
0.184674642278381 0.26399396235849 0.27376084100235 0.0768971043417801 0.200673450018999
0.225700089192905 0.251821754738018 0.194128813320597 0.223113172468073 0.105236170280407
0.275922743821433 0.150055049435337 0.127220229641631 0.32445595167741 0.122346025424188
0.139055651391655 0.167914688007279 0.538453693400387 0.0678157761212063 0.0867601910794723
0.178053189237585 0.289828166541115 0.118784297493265 0.0659678889573318 0.347366457770702
0.330276879102734 0.0755289927510237 0.263020796897262 0.254930938208527 0.0762423930404534
0.207353599292495 0.232245698021791 0.171518669668182 0.25638037975134 0.132501653266192
0.0864330266708351 0.0238383904983981 0.0213807744988918 0.657867872827258 0.210479935504617
0.276423360340351 0.335229372283114 0.0573404432376676 0.136320044414897 0.19468677972397
0.244369811948876 0.218957931510277 0.224715206883386 0.100983821446282 0.210973228211179
0.142836113257247 0.116030223055214 0.254562729532435 0.246448092402205 0.240122841752899
0.0821610983316268 0.248965232208671 0.281457522071156 0.0117919709669469 0.375624176421599
0.231151467331403 0.212776950768856 0.144086887689359 0.281241332088364 0.130743362122017
0.312600555629591 0.0843090064136069 0.266698588709084 0.0114914167578323 0.324900432489886
0.354767668208883 0.0778774223096925 0.191591736600137 0.20305299650057 0.172710176380717
0.166823262851116 0.252912777680634 0.107960034773471 0.268381834087351 0.203922090607428
0.223256980399862 0.00974331506444465 0.312688767107029 0.157267840538607 0.297043096890058
0.354865745100062 0.225381116022127 0.33978680894558 0.0156576955456083 0.0643086343866227
0.290911615523709 0.375816079450058 0.185383086880503 0.0521699308513777 0.0957192872943521
0.213600718980153 0.26511314734211 0.374803011090162 0.0646365529254058 0.0818465696621689
0.142937130119567 0.309435888064269 0.302929617040502 0.122292341959454 0.122405022816209
0.282583900064413 0.201976026164553 0.181673759327025 0.126894183961919 0.206872130482091
0.288303159367779 0.218837183701564 0.172936750354391 0.0169918733120205 0.302931033264245
0.352817705196945 0.164850747717527 0.137492683794181 0.0786033077519294 0.266235555539418
0.257610262384757 0.25139081756989 0.156577784238646 0.0165071373359202 0.317913998470787
0.166639303388965 0.34615941926077 0.00320991991493759 0.15399773289897 0.329993624536358
0.193806185677241 0.117287295533985 0.0776461749639323 0.403531969013263 0.207728374811578
0.420915913363791 0.391675128265853 0.0213826023182414 0.161527389869193 0.00449896618292127
0.239069982898635 0.274758938371829 0.0864573524226095 0.250826425285347 0.148887301021581
0.160370750743589 0.0681636908696915 0.236152367313192 0.290328572168398 0.244984618905128
0.240120653628432 0.0916473145923532 0.228966970616699 0.0905748582705814 0.348690202891934
0.218617290774371 0.0892595125068243 0.304588795165126 0.110096562991631 0.277437838562047
0.283666424960077 0.148428320235008 0.278103175704331 0.0441913827343662 0.245610696366217
0.11920601181206 0.22008720372023 0.0120748540746249 0.415410865131019 0.233221065262065
0.160426206519729 0.0282346252277598 0.14278933063051 0.321603531888394 0.346946305733608
0.165846008736155 0.18753675408706 0.0445637027375884 0.32023007355097 0.281823460888228
0.271881025273473 0.125265651027676 0.146938616919339 0.168269927236197 0.287644779543314
0.364613040701752 0.1868105244543 0.0696199473150175 0.0102372264288499 0.368719261100081
0.320362486861766 0.0830520418081072 0.100510574455126 0.122895250422677 0.373179646452323
0.251376029261626 0.41850712637995 0.07196576617482 0.109561022317527 0.148590055866077
0.0136272236183182 0.356653083380275 0.00329256451737603 0.314794377950587 0.311632750533444
0.373696139414532 0.28105672442417 0.0616778334808591 0.201450556862087 0.0821187458183521
0.182923280492489 0.264330545889159 0.134305234691108 0.301520900750584 0.116920038176661
0.506622921653061 0.101614548396605 0.171599560522029 0.182159830949171 0.0380031384791339
0.160683497986657 0.288090931701363 0.257841293090813 0.188482159781064 0.104902117440103
0.32126188945309 0.219141261194065 0.167030860811536 0.0343986228941921 0.258167365647117
0.244787393332666 0.248618993408407 0.221904450795135 0.0567122405759443 0.227976921887847
0.186869885172491 0.0242073092211432 0.310108492882814 0.141344558859173 0.33746975386438
0.293883336928791 0.337719963995257 0.0501248457800452 0.166227426692981 0.152044426602926
0.10341076976443 0.171305169920228 0.0648277798776694 0.53322315212564 0.127233128312032
0.0417652339872213 0.00526843342567628 0.517255467493009 0.363840552366034 0.0718703127280598
0.440326651829253 0.0658309077928402 0.15144593146325 0.332358493243789 0.0100380156708676
0.114911841652591 0.278713990031976 0.295432743683349 0.205337719974959 0.105603704657126
0.0544738612750497 0.394806406685003 0.206991429307932 0.104823818865688 0.238904483866327
0.247033222594321 0.239396417605361 0.172879037325238 0.229358057733785 0.111333264741295
0.199456938734732 0.0264081961276596 0.519019118226535 0.207967700204802 0.0471480467062713
0.190537324857189 0.23845087649372 0.282508509927106 0.0688303752344629 0.219672913487521
0.216542717136346 0.0222717988632363 0.409909908221803 0.290798149201284 0.0604774265773295
0.144495100739014 0.279832466874513 0.225569811770161 0.258817183423348 0.0912854371929649
0.252287607192383 0.183288348005047 0.0868413454806723 0.232754032123572 0.244828667198326
0.0244869904402759 0.21313953956819 0.321482627035805 0.0586118357518394 0.38227900720389
0.157452614532313 0.126960413617004 0.291626877372928 0.216966331245937 0.206993763231818
0.210450673179593 0.120353824207823 0.0492334618028897 0.233668779961497 0.386293260848197
0.0785580671404073 0.316146232268072 0.3573650435045 0.128730111523188 0.119200545563833
0.401681265462011 0.0532974727809134 0.0665744686524736 0.361599128845796 0.116847664258806
0.257252379235813 0.126124035896245 0.207679241164573 0.17901172841363 0.229932615289739
0.349333037297817 0.0966688767845723 0.0903948650798394 0.206038584780611 0.257564636057161
0.317509074899512 0.101907920922023 0.212282379301773 0.328017206888123 0.0402834179885683
0.268223144392874 0.0730338421914568 0.108384456003133 0.130051157108475 0.420307400304061
0.155456522949177 0.0173936468962534 0.118767669315941 0.340995352641736 0.367386808196893
0.101085265886073 0.314103095935949 0.177461620609796 0.237980227600154 0.169369789968028
0.171564614794062 0.178384970936948 0.0520465073389881 0.360827247267763 0.237176659662239
0.587987423817791 0.0539438655301144 0.00939666747854143 0.278178436693655 0.0704936064798986
0.481988491800153 0.0103096175872736 0.0720199756114507 0.0309850783240992 0.404696836677024
0.046031828761636 0.287217861550315 0.184181991733355 0.271616095702154 0.21095222225254
0.0087738082893955 0.0707387345466501 0.449342292825133 0.116985657431425 0.354159506907396
0.17627824383865 0.0418646933292752 0.136616711380853 0.229986451133457 0.415253900317765
0.035234816487735 0.424570357493576 0.0612510682290628 0.116069917343021 0.362873840446605
0.234459251757836 0.130944455888424 0.105282578380142 0.297022043157533 0.232291670816065
0.346955401039967 0.134174114321426 0.201603493050387 0.0643696153891663 0.252897376199054
0.207959176095986 0.258007043096685 0.234237671990651 0.0905895490229157 0.209206559793762
0.0906286907208982 0.103184909413188 0.252808600213592 0.255040044304623 0.298337755347698
0.223347990958911 0.0329990395569873 0.382270499194717 0.0264143419038417 0.334968128385544
0.28430401984401 0.196933511887575 0.250561259850804 0.154349744283312 0.113851464134298
0.285135915054068 0.105950995177985 0.29443536182432 0.222597453850974 0.0918802740926527
0.166684984557929 0.301063872654912 0.236187971248942 0.252659825027025 0.0434033465111921
0.287987494346236 0.1627669923395 0.191418301223672 0.1039568708617 0.253870341228892
0.411843220921608 0.223221590544367 0.00381476547349722 0.104095116944466 0.257025306116061
0.25906964495994 0.190468692336395 0.216316580606245 0.132325826867637 0.201819255229783
0.215562878303382 0.274712796104106 0.245939265514102 0.233973947246836 0.0298111128315738
0.0904811979008656 0.332903014509052 0.309006805156381 0.183853752784672 0.0837552296490293
0.236056528844829 0.132730233537776 0.266119152706999 0.166820890781182 0.198273194129214
0.137326639707262 0.283038180687936 0.246507356299378 0.0624244746720201 0.270703348633405
0.296946047980692 0.19945411138936 0.237966748071888 0.0111409676876046 0.254492124870456
0.183933652626751 0.158164982877739 0.180744400930798 0.183278294339402 0.29387866922531
0.173566227534678 0.510426803404794 0.139157734562925 0.16273595721761 0.0141132772799938
0.30781281435492 0.308869809792081 0.00415714739522548 0.20112557317648 0.178034655281294
0.295491462491456 0.123366099735528 0.199785666617631 0.0972504477158495 0.284106323439536
0.109042019338829 0.274268465319094 0.0420970285877206 0.345075628668368 0.229516858085988
0.0655584905741192 0.0712307723074825 0.645622399657002 0.139337602594131 0.0782507348672649
0.107482988123887 0.312276377081788 0.191979159724448 0.221497238588329 0.166764236481548
0.496270052951892 0.236517033159126 0.123515678733375 0.136458648058032 0.00723858709757492
0.326109663129461 0.253077031499182 0.130175995324168 0.151360872321548 0.13927643772564
0.0602784581700063 0.261091383820376 0.297241574648031 0.2165023856719 0.164886197689687
0.119937725382237 0.538002962745107 0.192890689166503 0.0729806352911157 0.0761879874150385
0.368329898117244 0.126297166679482 0.0824691408130861 0.0321330449023816 0.390770749487807
0.171444577513963 0.207664818715522 0.0947799000632995 0.251688271361516 0.2744224323457
0.291834228317828 0.205497524924685 0.0281969615749182 0.0841778538251269 0.390293431357442
0.03678992936922 0.3695505296143 0.10193679996591 0.163093271798344 0.328629469252225
0.256630300120714 0.0251529767295049 0.170909022793937 0.215077399663383 0.33223030069246
0.158670741052218 0.273435223246031 0.208690666182347 0.043844466373541 0.315358903145863
0.158072090520951 0.294492177411537 0.119775703310777 0.287359098857508 0.140300929899227
0.0406536820601509 0.303309674417118 0.00905694003338498 0.393876973204637 0.253102730284708
0.250861803499461 0.308570229708373 0.00705722259817805 0.168939160944246 0.264571583249742
0.106645587783891 0.393013044260787 0.216759730403931 0.143059900619417 0.140521736931974
0.218229509032787 0.13268929540135 0.0812440073309794 0.335620471590538 0.232216716644346
0.094973643492687 0.415357897162703 0.0804642020641725 0.243194110284394 0.166010146996044
0.345154750622542 0.254801512428414 0.0345277886605343 0.345506957096177 0.0200089911923318
0.148956267286747 0.249589290832891 0.125086038269125 0.380981899071093 0.0953865045401441
0.313446393993683 0.261422095208309 0.0476854750580734 0.109391739728325 0.268054296011609
0.0577617440608688 0.188809347195047 0.258266901090967 0.265439114422177 0.229722893230941
0.297809405987088 0.13797124395448 0.0995421715405247 0.356894987889679 0.107782190628228
0.254130989179395 0.173055564259907 0.32380815978778 0.145866331691752 0.103138955081166
0.235838024408987 0.306285265340224 0.0804113178870332 0.220546059373913 0.156919332989842
0.196628031339743 0.288895672055289 0.285862203225609 0.114408584907993 0.114205508471366
0.282541316808547 0.133686841663849 0.0933492442937723 0.065368120863075 0.425054476370757
0.228340796675893 0.297674570066068 0.328868681268257 0.0728292297901718 0.07228672219961
0.0282485334309273 0.272868950894193 0.185123454902105 0.188177971266446 0.325581089506329
