0.113492195567412 0.320202239941474 0.318423140647901 0.247882423843213
0.222124469625942 0.296447826737429 0.286865022397937 0.194562681238692
0.25898086027939 0.0673811943182818 0.210905439514217 0.462732505888111
0.351346050033442 0.328762338089704 0.226895979217119 0.0929956326597355
0.249362213254141 0.151920198072194 0.220182724452922 0.378534864220743
0.132491721509941 0.266305919179319 0.413946414741084 0.187255944569656
0.180621329790769 0.176449536248554 0.474381251424156 0.168547882536522
0.047229428028989 0.200287019656303 0.100906663271906 0.651576889042802
0.346715958660684 0.202989646419995 0.326028557710265 0.124265837209056
0.279490439943491 0.353420261613566 0.344448867827051 0.0226404306158915
0.272745591697558 0.353195961795821 0.232045267784281 0.142013178722341
0.146691317763332 0.31459385932008 0.297890152106876 0.240824670809711
0.256714858218996 0.160967280920908 0.299508867298889 0.282808993561207
0.382005833636661 0.0708655834059158 0.304864973639724 0.242263609317699
0.156629000928534 0.353894579359138 0.248280903274351 0.241195516437977
0.120973116992357 0.455722678468516 0.388186682255955 0.0351175222831722
0.174668066256839 0.287715664140816 0.482653731750049 0.0549625378522966
0.0927824269112805 0.25830781880426 0.341461738727543 0.307448015556917
0.0438104109748476 0.343935945234234 0.302100345563859 0.310153298227059
0.236446772175949 0.226717147865133 0.0103203057812708 0.526515774177647
0.0611790168125407 0.246801456792519 0.126854198979079 0.565165327415861
0.0735111510826368 0.24589789783224 0.478768438315461 0.201822512769662
0.348895568485773 0.230688954523474 0.40584500012126 0.0145704768694926
0.664454822351684 0.116152507532354 0.0370877015667934 0.182304968549169
0.142031788323748 0.222144657489636 0.427175530380139 0.208648023806477
0.10964321078884 0.276866385386084 0.162614594683582 0.450875809141494
0.431346138408381 0.383498209660251 0.0621463292761627 0.123009322655206
0.429581029650821 0.484622802375875 0.0790566333893827 0.00673953458392171
0.17444299985686 0.167356436989116 0.341176294141851 0.317024269012173
0.307350943507393 0.249153008549194 0.109089977745927 0.334406070197486
0.241048139830819 0.304487173884615 0.352314774168278 0.102149912116287
0.32607326539369 0.0997876559134303 0.283741469800043 0.290397608892837
0.0684281508428108 0.309527661539863 0.334482531800961 0.287561655816364
0.125653269127307 0.521498189970901 0.276217181842973 0.0766313590588182
0.418327808561672 0.336487916461349 0.125686959148176 0.119497315828804
0.355284184827151 0.302720244990878 0.00866564562152996 0.333329924560441
0.0149809713323518 0.211630214501135 0.530536336929369 0.242852477237144
0.334884858214002 0.0209050419486322 0.0195890509078267 0.624621048929539
0.532636893451581 0.13541564301534 0.127293188831963 0.204654274701116
0.292689724291069 0.269557605074746 0.130006789157936 0.307745881476249
0.253933577033741 0.0686033109543239 0.446453680100047 0.231009431911888
0.225493986073797 0.152631241758275 0.264323568045137 0.357551204122791
0.137339286445233 0.243214819669516 0.332317478992492 0.287128414892759
0.525190703863523 0.0522427334429491 0.188731663244133 0.233834899449395
0.0202118256989285 0.394967621680675 0.490450106374232 0.0943704462461642
0.248070534704249 0.220102243723132 0.282239794863438 0.249587426709181
0.35190219557601 0.264191767045888 0.281163759869799 0.102742277508303
0.357449402319413 0.349311585686367 0.141306375874412 0.151932636119808
0.332888037644171 0.172677547784587 0.310513453069262 0.18392096150198
0.210566347820996 0.271936463292638 0.338519564673364 0.178977624213003
0.211227874246609 0.0718649072246467 0.343085021321423 0.373822197207322
0.162553994030086 0.36308276554251 0.395997876877229 0.0783653635501741
0.290999148256243 0.290866487264959 0.131258183739341 0.286876180739458
0.0372913475853879 0.00901128539458744 0.657681657676709 0.296015709343315
0.147529268506734 0.327149314573884 0.278918810965943 0.246402605953439
0.188162184894539 0.293338605624381 0.158088135398111 0.36041107408297
0.394457008495572 0.103520405315819 0.132340262001236 0.369682324187372
0.304925037400732 0.189911342465309 0.219088769740669 0.28607485039329
0.0891709704191751 0.119774764687314 0.179173965709773 0.611880299183738
0.28403826955079 0.295991419944893 0.115309414519738 0.30466089598458
0.341626928134737 0.317081509549068 0.118071995253861 0.223219567062334
0.145227559938064 0.267732052156222 0.22440611800368 0.362634269902034
0.277664088205122 0.184331905141146 0.455992377162996 0.0820116294907351
0.123071106427321 0.15697382529099 0.374879993269334 0.345075075012355
0.131419018563818 0.365145245690674 0.19954789254427 0.303887843201238
0.378132812432023 0.24169174978608 0.187259032793824 0.192916404988073
0.270647867389955 0.261940163544341 0.262180577033494 0.20523139203221
0.238780518171009 0.281484425176589 0.201297105222337 0.278437951430064
0.0530326978898077 0.319291633111917 0.117209507396374 0.510466161601901
0.00120414766771177 0.120132745840654 0.69808836049005 0.180574746001584
0.367803390440092 0.0526322687514213 0.399251163915858 0.180313176892628
0.0403101754678636 0.63317730051431 0.0100746045771697 0.316437919440657
0.369487259940328 0.108116412055451 0.308350233188811 0.21404609481541
0.207282937462029 0.308662534785626 0.310769879782198 0.173284647970146
0.394280293605851 0.365371659427948 0.00209467046430024 0.2382533765019
0.214175790201143 0.286867404886915 0.129980237298265 0.368976567613677
0.235062160153533 0.132386983961569 0.353206256467148 0.279344599417749
0.252917324175673 0.254155360791603 0.249755323500876 0.243171991531848
0.0893348365262618 0.604868275622609 0.172842695686017 0.132954192165112
0.302254349141442 0.504058322614271 0.174615198257642 0.0190721299866446
0.334152306256515 0.184770390909646 0.00288647719306104 0.478190825640778
0.413004444059956 0.365195689836437 0.117578282603795 0.104221583499813
0.139612289205473 0.195310361761771 0.039881317653413 0.625196031379343
0.331288328843003 0.00760313997810212 0.554259321448982 0.106849209729913
0.299504992465417 0.230191797622532 0.292006979950803 0.178296229961249
0.34079662736421 0.334660534928872 0.135354295871315 0.189188541835603
0.149465614681716 0.401544985152599 0.0672346342825142 0.38175476588317
0.349104176208074 0.0820979822646857 0.174056941538951 0.394740899988289
0.299041760696791 0.0210703197629836 0.344377611460978 0.335510308079248
0.556564824633579 0.0539373994577738 0.384376280352534 0.00512149555611285
0.22308952649947 0.205466119227417 0.451491230842611 0.119953123430502
0.135990530964911 0.287511006444071 0.24186955087165 0.334628911719368
0.22631297760988 0.033913083471289 0.470744710209513 0.269029228709319
0.0911184416026176 0.4936271940117 0.240273163116846 0.174981201268836
0.298718672960507 0.189904203881129 0.303193500161938 0.208183622996426
0.346072423402682 0.14410281568138 0.139636625389006 0.370188135526931
0.340428572411017 0.276501774821927 0.253995848706096 0.12907380406096
0.202458840100574 0.235795833425954 0.441357310404182 0.12038801606929
0.100554064127995 0.324546758099183 0.0303176864065131 0.544581491366309
0.237964871129642 0.308510220892661 0.33978020411268 0.113744703865017
0.380574650570819 0.229877337063604 0.332519488623396 0.057028523742181
0.133581615943882 0.216689810157943 0.311388371492174 0.338340202406
0.155946081427854 0.280637818167719 0.34892153282367 0.214494567580757
0.16914753434434 0.269965891563714 0.270778785546643 0.290107788545304
0.440863581747964 0.332094342675132 0.188255266006618 0.0387868095702855
0.474994537485861 0.297806842639348 0.160676791274418 0.0665218286003723
0.1303503103994 0.14534114896819 0.380794730028002 0.343513810604408
0.397312205504983 0.423406105974366 0.0175535589318452 0.161728129588805
0.0260524185760874 0.703736258056615 0.0298142091652175 0.24039711420208
0.0629137587295974 0.204385977045405 0.352126800334668 0.38057346389033
0.34614390628775 0.329812995546391 0.297463496631962 0.026579601533897
0.0309330258634365 0.642664617093944 0.294006089906545 0.032396267136075
0.34945472884357 0.636014514909519 0.0124854021256529 0.0020453541212579
0.222543625441231 0.352647971637431 0.270352031513091 0.154456371408248
0.22328623949355 0.495212551233875 0.198904191878724 0.0825970173938514
0.0491129703636322 0.317626502559101 0.345083298303999 0.288177228773268
0.360335445808588 0.227837807181037 0.0864559119313973 0.325370835078978
0.629094163792766 0.168955865475102 0.184788078827971 0.0171618919041609
0.285146341014164 0.0588207307556299 0.505775471011148 0.150257457219058
0.372965708917309 0.0722133758018524 0.435985164197611 0.118835751083228
0.142321625162234 0.3160632543749 0.0617001253043878 0.479914995158478
0.352958230716282 0.0433686757108862 0.331142313874064 0.272530779698768
0.36204476516457 0.206189806185265 0.42188708706783 0.00987834158233453
0.381778110109493 0.451077107551035 0.0460057447926483 0.121139037546823
0.126255831006928 0.262157016531666 0.340031853689632 0.271555298771774
0.361867370556654 0.332688174502118 0.0990948091339742 0.206349645807254
0.285225750483717 0.242840861692507 0.120300272440917 0.351633115382858
0.00489587438928925 0.385770858772623 0.265217899185432 0.344115367652656
0.24062280218338 0.117850648192009 0.513587603677022 0.127938945947589
0.275319407425602 0.317777451947607 0.287670902686985 0.119232237939806
0.232536515619654 0.150235143605665 0.309619170674322 0.307609170100359
0.319612786544529 0.253826840964796 0.321520318119813 0.105040054370862
0.313480652878944 0.479128191987618 0.135572468186904 0.0718186869465339
0.561353209432738 0.0345855913737749 0.233961094980166 0.170100104213321
0.145384468448249 0.382664898481667 0.112235939440797 0.359714693629286
0.0799602426264987 0.44205044274909 0.375083048343092 0.102906266281319
0.348052827753935 0.265289136357302 0.249448447320236 0.137209588568526
0.272176276633161 0.438080435762895 0.270227546296102 0.0195157413078421
0.33669633738934 0.119130899220666 0.270779906949112 0.273392856440883
0.233818918493326 0.276561650389924 0.421831204048533 0.0677882270682168
0.0499962826611136 0.42741599387037 0.418607932473446 0.10397979099507
0.257506714494106 0.208488499698473 0.341448784517439 0.192556001289983
0.337522814701025 0.170303914636446 0.139996608692831 0.352176661969698
0.265762270847919 0.340872759630214 0.128256079373648 0.265108890148219
0.100222353667371 0.202345424181505 0.368999651531075 0.328432570620049
0.363748231919271 0.0597784045218075 0.0954385488052158 0.481034814753706
0.27433701697565 0.219729129659351 0.325042097976516 0.180891755388483
0.259958155446135 0.482767345594569 0.121729291448725 0.135545207510571
0.429349168813696 0.112741590269124 0.203815370237505 0.254093870679675
0.359889040144654 0.120808675525762 0.382922689814067 0.136379594515517
0.149123007356984 0.435339661514679 0.21724351202797 0.198293819100368
0.281637680523995 0.257113676478349 0.390653329240878 0.070595313756778
0.0781594852796554 0.122050841084711 0.363106674634817 0.436682999000816
0.144928604540575 0.156492214827689 0.549124583489811 0.149454597141925
0.0823886611236994 0.437132160242725 0.452137156557863 0.0283420220757121
0.211058453216757 0.268590265646872 0.261528345520218 0.258822935616153
0.100442981385747 0.218600355150627 0.337252101307108 0.343704562156519
0.386269469466051 0.0657441230458489 0.37366306117018 0.17432334631792
0.0813247280893881 0.360643046638389 0.0106750940829658 0.547357131189258
0.154767457260348 0.233869496735847 0.360627859827784 0.250735186176022
0.339067569981723 0.362369991197474 0.245759082572067 0.0528033562487363
0.0956929744390493 0.207653904120668 0.471128739885928 0.225524381554354
0.305631971517505 0.0843814575950522 0.22145467991228 0.388531890975163
0.254483986641261 0.154054303568217 0.297948489279461 0.293513220511061
0.230698119387382 0.242676114253566 0.281256916735001 0.245368849624051
0.23080441097472 0.0123516468860353 0.260598870564457 0.496245071574787
0.422770026283847 0.258745865070099 0.314798632151564 0.00368547649449049
0.487077428156447 0.255231221401286 0.109073287647912 0.148618062794355
0.393096343566352 0.279165248641123 0.30170065578942 0.026037752003105
0.198616352239792 0.284657422932748 0.203813844139563 0.312912380687897
0.169741470286147 0.306107826718729 0.459933286892674 0.06421741610245
0.167578397082985 0.682476229024607 0.0249464580456333 0.124998915846775
0.404034232905969 0.0122351834710359 0.41787479605121 0.165855787571785
0.0729590404642109 0.221761466347746 0.34929098792705 0.355988505260993
0.195635677380447 0.237978937525051 0.351387364064743 0.214998021029759
0.187460966687518 0.316164108511954 0.17140332637842 0.324971598422108
0.225684942442507 0.130995358375469 0.356507122218182 0.286812576963841
0.262700986571292 0.350979650218071 0.0680720470323535 0.318247316178284
0.315673649894224 0.272503112443748 0.396121075061814 0.0157021626002145
0.493067893127264 0.0453647029340012 0.284235187047424 0.177332216891312
0.296034550286106 0.205404317114457 0.143321771309521 0.355239361289916
0.035722356297369 0.282265904025545 0.418051765589048 0.263959974088038
0.135091966721607 0.300083231015343 0.156134349880655 0.408690452382395
0.412601129486577 0.142651711910157 0.431201956388673 0.0135452022145938
0.028175599601869 0.512023725680959 0.258539403099341 0.201261271617831
0.170485438706979 0.250320643535081 0.26040618346814 0.318787734289801
0.354547811052249 0.0799424873076141 0.275114731454849 0.290394970185288
0.301158218235738 0.0298923442598987 0.497634110770608 0.171315326733755
0.123843244128502 0.52289774964471 0.147146444543999 0.206112561682789
0.200487909679969 0.447333387524138 0.127949260416359 0.224229442379534
0.102080524706275 0.107259334698164 0.617398251537918 0.173261889057643
0.270774758736048 0.244074293034952 0.214910078502697 0.270240869726303
0.171212986048835 0.461120215692774 0.0483007289595882 0.319366069298803
0.400920684975104 0.291014248308234 0.181790792676687 0.126274274039975
0.289453817124926 0.276968502169186 0.276018974040915 0.157558706664973
0.256231908465936 0.254914020926957 0.0362603998342686 0.452593670772838
0.104739218858779 0.1360234945181 0.614026248035513 0.145211038587609
0.0383464141764805 0.565348792380457 0.308528302218587 0.0877764912244755
0.192813304302612 0.005744107916258 0.423432703727529 0.378009884053601
0.190565987513149 0.320563064129989 0.361613102941898 0.127257845414964
0.264859704043993 0.219631095261676 0.278084884539739 0.237424316154592
0.18113794865941 0.479920478327408 0.240550790917383 0.0983907820957992
0.255108297448392 0.415476600574831 0.0105439683843205 0.318871133592456
0.280763365245367 0.290883438643149 0.292061040779595 0.136292155331889
0.0837950176702012 0.301775879410652 0.389022159486873 0.225406943432274
0.4473122848683 0.152751150624046 0.10492759387541 0.295008970632244
0.354815391200663 0.143306561954251 0.336618064390408 0.165259982454678
0.421186238778807 0.151386725798808 0.150827083833474 0.27659995158891
0.279839204151104 0.235105419575086 0.100738232045315 0.384317144228496
0.308911994602763 0.287362530259761 0.274565487678202 0.129159987459273
0.502214092102772 0.192454835824944 0.00211236839068534 0.303218703681599
0.173603432403755 0.0909034894940996 0.420222958162675 0.31527011993947
0.302176787750924 0.0855844301392278 0.273147920158503 0.339090861951345
0.391939710521405 0.40634818403164 0.194625780629483 0.00708632481747219
0.0981044151994921 0.310710348871358 0.223264774606575 0.367920461322574
0.334421503240974 0.179111653568992 0.266897884460937 0.219568958729097
0.10128291106761 0.296293407218124 0.199437438371593 0.402986243342672
0.119242202958796 0.668124709654516 0.0233691685017501 0.189263918884938
0.281115178466858 0.350113265706631 0.194809193034059 0.173962362792452
0.0103706683352228 0.228411700479204 0.478939814541832 0.282277816643741
0.192032342530845 0.628612589580532 0.175508743273988 0.00384632461463523
0.241998525813342 0.222544445667413 0.236788126889025 0.29866890163022
0.466511315772612 0.0061887863191 0.189842248782176 0.337457649126113
0.217192002222203 0.219134031646973 0.332815244260461 0.230858721870363
0.315644330590985 0.209371057513773 0.00164241997635278 0.473342191918888
0.137740408502941 0.306588182748579 0.256935408574828 0.298736000173652
0.324531590561094 0.26519806013335 0.142503690688495 0.26776665861706
0.385347933188546 0.565772608404977 0.0119525534843792 0.0369269049220978
0.231420410824739 0.306860235048779 0.258693111891046 0.203026242235436
0.00898293020806486 0.105113342323754 0.546491163637035 0.339412563831146
0.106181279949467 0.217797711311867 0.189444530862609 0.486576477876057
0.332302899063667 0.338043066009308 0.0714853457279677 0.258168689199057
0.291989870060136 0.430064547426328 0.00293717160217641 0.275008410911359
0.0766766877331274 0.344953961947654 0.296779061150369 0.281590289168849
0.406711988747365 0.365589562943277 0.000664133801451187 0.227034314507907
0.29879779831466 0.442083178542811 0.0853047582389627 0.173814264903566
0.267109297128116 0.127095795361424 0.339222058176019 0.266572849334442
0.385420605963817 0.465036042503305 0.0669603308370678 0.0825830206958103
0.278350175527945 0.0866799982147433 0.269104467209865 0.365865359047447
0.238514394905699 0.217755779239122 0.31969010840901 0.224039717446169
0.167991443742694 0.602752669346194 0.164645293936203 0.0646105929749088
0.314906710344809 0.0612940464726076 0.335318529305671 0.288480713876912
0.225002284415912 0.40448863904552 0.33243473064144 0.0380743458971274
0.156943162218707 0.325745619293812 0.344521188993678 0.172790029493803
0.38127834093251 0.238506202829629 0.138802093079689 0.241413363158172
0.196559373274377 0.387215364105684 0.150910717525143 0.265314545094796
0.462448391434481 0.37297481502236 0.0179116629309789 0.14666513061218
0.471213792565556 0.08708524781394 0.295407958755053 0.146293000865451
0.28659274593035 0.00316563021787369 0.406099067752671 0.304142556099106
0.0249519173048143 0.485664187666863 0.0149531652411657 0.474430729787157
0.352474995123635 0.273771682679029 0.21574710385658 0.158006218340756
0.266887732391754 0.170741137179652 0.243221132720414 0.319149997708181
0.164064565286476 0.214297387268778 0.408419884833354 0.213218162611392
0.360375826203857 0.306867578895936 0.120980010269782 0.211776584630425
0.215848105166708 0.267966900675697 0.239240886637135 0.27694410752046
0.218265430083338 0.482427800395517 0.0236025641588835 0.275704205362262
0.184290044590442 0.338057516248519 0.162224828821971 0.315427610339068
0.406642824176804 0.0964206032383472 0.400098658125122 0.0968379144597267
0.356468008316385 0.0878675717421759 0.196894734544417 0.358769685397022
0.340494282578477 0.422794762517917 0.028990453314912 0.207720501588695
0.127359912167308 0.284596427998579 0.405305163268599 0.182738496565514
0.298697768240713 0.308367818358145 0.239293536182035 0.153640877219108
0.309570606513026 0.0778805249880321 0.290566702203155 0.321982166295787
0.221296039605535 0.27514380340333 0.233940997811114 0.269619159180021
0.0398645606340914 0.374579025941243 0.533408830043445 0.05214758338122
0.284651284915165 0.273063545047496 0.137465060347571 0.304820109689768
0.299478315846489 0.162004396492954 0.248213172904401 0.290304114756156
0.137020416604921 0.360320082824457 0.0751477789626156 0.427511721608006
0.25760110281425 0.388620407989962 0.121988129273431 0.231790359922357
0.259646930396878 0.414347710831395 0.0745253110660285 0.251480047705698
0.102593511459073 0.252829331337701 0.331698353743969 0.312878803459256
0.0325265973096988 0.686094344660148 0.0693251807999497 0.212053877230204
0.19298849940945 0.59119005123282 0.17242009573998 0.0434013536177496
0.478311329984909 0.433705977649101 0.044789239188863 0.0431934531771269
0.233612784428823 0.34340863439372 0.103235026319545 0.319743554857912
0.286574704959943 0.218269305609113 0.167405925485324 0.32775006394562
0.378130465439573 0.025124648570481 0.316681278141877 0.28006360784807
0.0291775740593373 0.267910263438202 0.301169859808088 0.401742302694372
0.100259169185902 0.413836848388172 0.255302037796875 0.230601944629051
0.312600154820513 0.306551279214047 0.100180984311949 0.280667581653491
0.31941443920646 0.307166745733584 0.334721596384046 0.0386972186759092
0.501036760088803 0.0431274286890572 0.25453950653798 0.20129630468416
0.319820663834292 0.188703046016118 0.258758112286937 0.232718177862652
0.0105771839267653 0.212098230456015 0.5452108054967 0.23211378012052
0.298206117797404 0.266384992592247 0.209957496728921 0.225451392881427
0.222143088513037 0.0575985010896783 0.336961966400826 0.383296443996459
0.161937292237739 0.317137758228636 0.219623536583504 0.301301412950121
0.134325058873946 0.268900395743471 0.192805078664517 0.403969466718066
0.168086090530604 0.404872273198382 0.235607881299838 0.191433754971176
0.183969282721027 0.375601927748719 0.0398563030922129 0.400572486438042
0.354156323300639 0.096848871955808 0.011544328910443 0.53745047583311
0.427219107166326 0.168287447228787 0.278812950762437 0.125680494842449
0.419010123196316 0.22387075345429 0.131596037330826 0.225523086018568
0.406435410493597 0.338061454718018 0.204438147759502 0.0510649870288831
0.203715459912825 0.318748100520672 0.406328032222647 0.0712084073438558
0.306410125324985 0.308641864464399 0.375657248179642 0.00929076203097403
0.270533326554625 0.466082519075511 0.206285375655611 0.0570987787142529
0.218149257095496 0.217891959399944 0.294864511521292 0.269094271983268
0.233369549451983 0.315579384660033 0.318823830493984 0.132227235394
0.296936237535334 0.1187871672729 0.313550803042304 0.270725792149461
0.119998806179991 0.345278852575948 0.395829615839295 0.138892725404766
0.177632774840785 0.156507431309992 0.161639099299935 0.504220694549288
0.303825833179513 0.311075707193898 0.220632532599965 0.164465927026624
0.419423320173752 0.0951357208902069 0.0829373862928964 0.402503572643144
0.356048298687965 0.173511849375981 0.0900548057275449 0.380385046208509
0.316250745006785 0.271913882692347 0.342763488442805 0.0690718838580625
0.0862209552795055 0.532268638035736 0.0769501858477632 0.304560220836996
0.265973052958577 0.183347850557353 0.166460513639315 0.384218582844756
0.145123347146547 0.175457638261625 0.275937336772955 0.403481677818874
0.328212587761468 0.346804025834845 0.254915187526258 0.070068198877429
0.355480047230448 0.292692396293622 0.00110507361928281 0.350722482856647
0.276358704684681 0.240104519455676 0.268294275428054 0.215242500431589
0.430419142450114 0.208955086583666 0.329841408807913 0.0307843621583067
0.333578981520956 0.406053310628189 0.141969933825621 0.118397774025234
0.31110173767902 0.135605424128135 0.378430414228012 0.174862423964833
0.340974847986848 0.236925576181175 0.117786017781698 0.304313558050279
0.350076828457331 0.219439557541402 0.279974740164038 0.15050887383723
0.23779616761594 0.386620348411712 0.169463826473272 0.206119657499076
0.412849251688144 0.368943046953982 0.206933167592442 0.011274533765433
0.018028649942741 0.243058625705173 0.459676240270476 0.27923648408161
0.335436079485904 0.12900601959614 0.277135335098205 0.258422565819751
0.345896491964804 0.0533042566029328 0.293312538982799 0.307486712449464
0.332411304660729 0.392874215029519 0.242110447463316 0.0326040328464355
0.246487148748196 0.464403194422868 0.0879480043446766 0.201161652484259
0.629515301912838 0.030512855492282 0.0122679957708034 0.327703846824077
0.230076997036698 0.172195918404018 0.147051481536052 0.450675603023232
0.512736777875388 0.228915952019397 0.0957232355657769 0.162624034539438
0.299821335621289 0.301120020850849 0.300267254286378 0.0987913892414834
0.197714229773213 0.120158067494039 0.346448531237379 0.335679171495369
0.0933515655862282 0.306961246325473 0.392792903649955 0.206894284438344
0.233647621298632 0.254720743507008 0.219353142212765 0.292278492981595
0.0402102356546575 0.421385046167718 0.144989271599218 0.393415446578406
0.244014464971756 0.289933197299689 0.288982341160462 0.177069996568093
0.0874950339861773 0.081331889701379 0.254288203257982 0.576884873054462
0.379075090643703 0.00129395332849568 0.539673955397268 0.0799570006305335
0.330054204218569 0.0725111135236798 0.534330636418505 0.0631040458392464
0.223315430236379 0.266370889762969 0.337806193625311 0.172507486375341
0.251876989457079 0.147667851703435 0.372050043736672 0.228405115102814
0.0796325353559336 0.251492783333744 0.388717273771578 0.280157407538745
0.456227384291157 0.0560525086334944 0.408397445310482 0.0793226617648666
0.0918292351420725 0.347794814895147 0.201511459940861 0.35886449002192
0.035779722519693 0.191256643275963 0.562003253963675 0.210960380240669
0.1272274355259 0.338885578309903 0.435673875465624 0.0982131106985722
0.165375479740729 0.373037386212723 0.31962374085861 0.141963393187937
0.0661914908263515 0.469725895538523 0.32600777502929 0.138074838605835
0.32444923512896 0.371138701722704 0.11232275341985 0.192089309728486
0.421824945738234 0.34709900629816 0.108777184144146 0.122298863819459
0.210245336476848 0.441975930000993 0.200468969578562 0.147309763943597
0.290005885591034 0.217556709819755 0.169504055280761 0.32293334930845
0.0445784629558658 0.495779953712896 0.0656064858201932 0.394035097511046
0.4877559458313 0.356176080328399 0.0728057680244597 0.0832622058158412
0.320436213141217 0.159405471036107 0.250852453081757 0.26930586274092
0.446243130904733 0.379002594545915 0.10330503403662 0.0714492405127314
0.390492103686495 0.00566823542071712 0.312224837143764 0.291614823749025
0.447331731422053 0.177227387843494 0.145222815660091 0.230218065074362
0.312556355247089 0.376840236113565 0.240847888288839 0.0697555203505078
0.244078824377874 0.443236872749079 0.125037823067585 0.187646479805463
0.440221269972319 0.127479075018722 0.219754714889651 0.212544940119308
0.280005044144336 0.186453621038782 0.38954242020425 0.143998914612632
0.310612443392015 0.169101921111103 0.250850069004709 0.269435566492173
0.206006526535086 0.234228353031897 0.00600881740458002 0.553756303028437
0.374047739344663 0.0303228651489369 0.188373784058243 0.407255611448157
0.354830682268395 0.391790631924684 0.0996990138976688 0.153679671909252
0.265328243351596 0.308096308152666 0.375839874037224 0.0507355744585143
0.34347843523387 0.0453671381709632 0.124263114432435 0.486891312162732
0.214754235794302 0.288873886971107 0.341018340810454 0.155353536424137
0.313442491415924 0.193297517274118 0.355364471128464 0.137895520181494
0.283337488596319 0.163574441723321 0.327009032983972 0.226079036696388
0.345928029116809 0.225941658642762 0.330530363489945 0.0975999487504842
0.00629027398913095 0.331202488379611 0.264588687582179 0.397918550049079
0.176053297469474 0.398899933912058 0.0967031522062377 0.32834361641223
0.205705256928938 0.375139118523317 0.0492409218486437 0.369914702699101
0.103540557232438 0.577254663825527 0.0140860221407523 0.305118756801282
0.338724269244983 0.442964124372324 0.0152775668613987 0.203034039521295
0.107605597756363 0.104582748325623 0.565350038048655 0.222461615869359
0.435088663701635 0.199863748284714 0.242018082890276 0.123029505123374
0.112098118237951 0.186470265389003 0.266913980442118 0.434517635930929
0.214055742907818 0.287573799066613 0.207255727453134 0.291114730572435
0.429624019391617 0.0016567667949295 0.293038605070371 0.275680608743083
0.227391866808431 0.500980175196491 0.0244962550073999 0.247131702987678
0.425135102968941 0.253875081040194 0.186969932722523 0.134019883268342
0.331315835805842 0.0972540804536747 0.222501281142016 0.348928802598467
0.273898596512935 0.288375702097364 0.414964308594155 0.0227613927955453
0.401740559378832 0.303803370517252 0.00496405167203836 0.289492018431878
0.304044010027045 0.109203986309662 0.442175906127647 0.144576097535646
0.285322457294267 0.232949302753327 0.342886975298102 0.138841264654303
0.239204943397592 0.161166894534749 0.441969545982735 0.157658616084924
0.282546654336349 0.0488270836679991 0.33213723576265 0.336489026233002
0.00611676650226114 0.261602455336928 0.372162385821513 0.360118392339298
0.27196997301427 0.180053670104979 0.0331363755553481 0.514839981325403
0.255266263359249 0.309297732738461 0.342152488558484 0.0932835153438059
0.0934969110145472 0.31079308237199 0.344173763782655 0.251536242830807
0.349358347657896 0.324963682416711 0.0145156322538547 0.311162337671539
0.0412583809672144 0.365369853258054 0.378227438262948 0.215144327511784
0.353850365197631 0.336187586274712 0.307849492790688 0.00211255573696935
0.384934187827106 0.190998760499931 0.0786377315663636 0.345429320106599
0.302611241914207 0.235084801876347 0.247454401321626 0.21484955488782
0.299393175646543 0.266354258192597 0.28172354539171 0.15252902076915
0.044500027903216 0.33031406409156 0.430598246535838 0.194587661469386
0.00849306029339146 0.392839412942 0.317934898936128 0.28073262782848
0.148115654365271 0.349507770190125 0.251266264193297 0.251110311251306
0.461462780996957 0.0215189871871858 0.161446780379529 0.355571451436329
0.264503561382129 0.163049441617427 0.207955219812768 0.364491777187676
0.294183909368285 0.0502414736054428 0.26395757498126 0.391617042045013
0.202693025123345 0.151005145891581 0.340873945779933 0.305427883205141
0.280606645958809 0.214521544582483 0.192104275309276 0.312767534149432
0.220192511823229 0.0252637515618426 0.433772089687911 0.320771646927018
0.294199369932597 0.0840412342427822 0.288951039273293 0.332808356551328
0.209410641226603 0.205920053556622 0.324262286445864 0.260407018770911
0.530648544126434 0.22154499851467 0.198370125584977 0.0494363317739197
0.0425377074719838 0.272016627012923 0.34164169443223 0.343803971082863
0.277116747476058 0.375863138277414 0.297731836212094 0.0492882780344335
0.413019994959461 0.446168767070488 0.0410715142948638 0.0997397236751866
0.0249790885168189 0.252653743709064 0.39894272423706 0.323424443537056
0.160435293920012 0.284294016715657 0.24921492183529 0.306055767529042
0.300956094640596 0.249287345288072 0.282430650691901 0.167325909379431
0.351956831702449 0.0959311232197072 0.172481977648246 0.379630067429598
0.489852335670151 0.0176948019784359 0.486545457721868 0.00590740462954483
0.216409279718391 0.106746031685427 0.0744427139564099 0.602401974639772
0.400163561956327 0.315791837036606 0.101635532927608 0.182409068079459
0.222585782730617 0.120207523495512 0.40521905739822 0.251987636375651
0.299457067203091 0.434554408039785 0.149062779722618 0.116925745034506
0.35901868066573 0.242093024243287 0.289669162570719 0.109219132520264
0.181690817612315 0.272536103444157 0.00727633873263349 0.538496740210895
0.106923100602992 0.341666837447947 0.286307565931546 0.265102496017515
0.322000555191572 0.302120556378552 0.0443230977719903 0.331555790657886
0.205872027937933 0.2438633316997 0.149226497951802 0.401038142410565
0.645259332964378 0.175732895595298 0.0438322202160237 0.1351755512243
0.0616112995676858 0.423338975630912 0.0594542461504965 0.455595478650905
0.275947430521255 0.318780758060587 0.206363523825462 0.198908287592695
0.414538338685538 0.384260114216166 0.109528820197535 0.0916727269007618
0.216947494201502 0.260900221926218 0.181540706086838 0.340611577785442
0.389860281831716 0.127506115951117 0.326671126661984 0.155962475555183
0.285955451142886 0.319922170749969 0.0193666643593958 0.37475571374775
0.106758987994021 0.351292258931945 0.244646049664762 0.297302703409273
0.234175770003109 0.415106296106242 0.205799066664862 0.144918867225787
0.384982962434833 0.214048565495719 0.216171305516898 0.18479716655255
0.336763917559938 0.382304112803167 0.220344553739442 0.0605874158974534
0.0172833581317843 0.18865944406783 0.395946963892366 0.39811023390802
0.122813776150605 0.419662352595554 0.103488854493944 0.354035016759897
0.0474536521921778 0.088358298315037 0.316673740120681 0.547514309372104
0.316002910507684 0.290088660423596 0.0862426312067801 0.307665797861939
0.159888697409107 0.0550174902287819 0.399936917034191 0.385156895327919
0.443517549642857 0.394156018949497 0.0164716105813116 0.145854820826334
0.11624184483101 0.0281259260746061 0.526736610452869 0.328895618641515
0.376198350241743 0.0404067316450441 0.402903188127424 0.180491729985789
0.473313684558243 0.0525920038265738 0.471404221390866 0.00269009022431692
0.525621404228766 0.202919337098309 0.10956730394632 0.161891954726605
0.278109077879093 0.273000314043078 0.244166530953855 0.204724077123975
0.222600041929256 0.160361086590407 0.21830556492324 0.398733306557097
0.324166555627126 0.0294980034537862 0.400878439192871 0.245457001726217
0.429484710180594 0.515879010834411 0.0264157343522719 0.0282205446327223
0.255056227260586 0.122787484819117 0.26923703974468 0.352919248175616
0.220642895515736 0.144399500760175 0.281524756658502 0.353432847065587
0.311063494755768 0.331429249246714 0.164474133958536 0.193033122038982
0.102538703720833 0.396686932802944 0.242312335264696 0.258462028211528
0.283824994205632 0.0615773013468418 0.252078016963481 0.402519687484045
0.440668803470259 0.420373598200007 0.0521523285154852 0.0868052698142487
0.412444507150372 0.231140278196793 0.338840224462813 0.0175749901900216
0.361028620299347 0.101748509684816 0.477710163031116 0.0595127069847222
0.401969580479025 0.457781402681981 0.0419937609648375 0.0982552558741557
0.323857831222797 0.310017071469003 0.113315578705597 0.252809518602602
0.152033576307383 0.497515150592442 0.246850624673826 0.103600648426349
0.261092804355869 0.328504521119528 0.217643721508112 0.192758953016491
0.0371664668716726 0.0358306171216651 0.386259404618444 0.540743511388219
0.296726647659489 0.122516546757215 0.45229374055754 0.128463065025756
0.30671857490302 0.423497429222463 0.201554759282333 0.0682292365921845
0.313477160381113 0.286033826247166 0.110830661707301 0.289658351664421
0.202265649820163 0.344151886815186 0.245164277194395 0.208418186170256
0.0364214280936512 0.282409662415632 0.36482424209928 0.316344667391437
0.0725325544934043 0.24278251778883 0.535666740072704 0.149018187645062
0.388910863496619 0.127759646531276 0.221483984463193 0.261845505508912
0.116268688226747 0.0366297187893062 0.285608026454299 0.561493566529648
0.473164521145138 0.415974247776775 0.0803749009797599 0.0304863300983268
0.563186599220027 0.0398768688203207 0.337789960961766 0.0591465709978867
0.455546456129959 0.362503112869625 0.144274391591156 0.0376760394092599
0.202742664408527 0.322264222280394 0.206036669135252 0.268956444175827
0.470391434528513 0.186858763309208 0.21253589938179 0.13021390278049
0.0648301208113842 0.275821155976336 0.198441678975573 0.460907044236707
0.404206273721323 0.0802107127498485 0.33875191555135 0.176831097977479
0.0630887118385226 0.161577678279507 0.381388808886975 0.393944800994995
0.140572844786636 0.277781786348267 0.0313923330177392 0.550253035847358
0.110422132654052 0.427428248141081 0.0864886399250749 0.375660979279792
0.326482358712151 0.117771899369173 0.258840790683871 0.296904951234804
0.130464621402749 0.313397864975667 0.2441992724639 0.311938241157684
0.343224012279141 0.337372826103774 0.153784266183088 0.165618895433997
0.102323351812578 0.260851369676653 0.421168807015967 0.215656471494801
0.263843312402501 0.150862775566425 0.306341524306254 0.27895238772482
0.384879070443789 0.0687339938614658 0.272115770662975 0.27427116503177
0.159872503590778 0.241325426697875 0.306496033482711 0.292306036228636
0.31605207855082 0.25121069006264 0.142081678953872 0.290655552432667
0.497565488769422 0.18622375149075 0.290023802313167 0.0261869574266608
0.131074290629495 0.190839612531874 0.0193177190898937 0.658768377748737
0.0273577837158243 0.287320392206112 0.43052165952483 0.254800164553234
0.400004779448685 0.376059898556348 0.0350846886554946 0.188850633339473
0.348347371361802 0.101117030239153 0.361989448929864 0.188546149469181
0.244991955743712 0.462835597191068 0.0998664953251204 0.192305951740099
0.603112954080617 0.115552158277916 0.0953463478123007 0.185988539829166
0.498749317637076 0.273697170032145 0.0479832901474039 0.179570222183375
0.343192741231111 0.351311535355219 0.104726485925397 0.200769237488272
0.453340742103972 0.227528184602786 0.0854656452916492 0.233665428001592
0.028345659503231 0.484724640311962 0.0109524422533835 0.475977257931423
0.0985718023270165 0.786693042535509 0.0900920572363786 0.0246430979010963
0.0853299181878413 0.330771557117751 0.214792336516685 0.369106188177723
0.180785931137364 0.279161699870476 0.263476897617223 0.276575471374938
0.223893044028489 0.213113698350736 0.327034797369062 0.235958460251713
0.0202095210890359 0.0607339023937532 0.135586287156801 0.78347028936041
0.183940775465516 0.125087837127395 0.266641808060915 0.424329579346173
0.605253992035523 0.275260331014053 0.0177312168151966 0.101754460135228
0.25174568468878 0.148301631544828 0.293705554478248 0.306247129288144
0.0714513872780074 0.363358586604033 0.204156162252441 0.361033863865518
0.00738534928805411 0.0768880553632256 0.550481482494263 0.365245112854457
0.189391573033449 0.399353060151696 0.196473528804079 0.214781838010776
0.0443714256626494 0.278191259973933 0.35687777382221 0.320559540541207
0.0281398319228831 0.345100631722651 0.293914579541488 0.332844956812977
0.194413133079849 0.17174645127325 0.0675817750505391 0.566258640596362
0.265320147850025 0.279506882360959 0.314080850579081 0.141092119209935
0.34021114414838 0.247606569294867 0.230447749875865 0.181734536680888
0.096565104526573 0.0587334395713719 0.382550428730186 0.462151027171869
0.186005485575941 0.134150795742351 0.350831661555556 0.329012057126151
0.312264575365806 0.225493022864229 0.242612037669618 0.219630364100347
0.122754251495942 0.481085860869726 0.375484454342245 0.0206754332920861
0.11049677708451 0.230082529549404 0.324203968367918 0.335216724998168
0.226972357062639 0.082989981172403 0.534828480787135 0.155209180977823
0.309675292103717 0.360360029302517 0.270757963868499 0.0592067147252664
0.321051105299097 0.270361494002563 0.139350273294138 0.269237127404202
0.216421202660693 0.340302140253186 0.153368965617746 0.289907691468375
0.0941199942462126 0.310282559303901 0.240471156673752 0.355126289776135
0.558469754968339 0.250768100588209 0.137079541577222 0.0536826028662305
0.248668516174532 0.266711058051787 0.203184013638895 0.281436412134787
0.23723492660996 0.179670266825173 0.366787234184673 0.216307572380194
0.281098245878985 0.291094471063235 0.176594130528147 0.251213152529633
0.198428884866004 0.227893067155861 0.484648686167797 0.0890293618103376
0.375109316674052 0.270427146928355 0.191156995960283 0.16330654043731
0.302277194927013 0.18468425943123 0.323412458884817 0.18962608675694
0.166974970207711 0.277840092563708 0.271763874198203 0.283421063030378
0.192882479556764 0.273818955911327 0.21734135237596 0.315957212155949
0.29105870440039 0.0668825074398871 0.0390301066909762 0.603028681468747
0.286161978565414 0.286007227251091 0.250209608033393 0.177621186150103
0.213395452919795 0.598657906180268 0.0859882820394887 0.101958358860448
0.670151306305018 0.0810763698769262 0.0914014366841418 0.157370887133914
0.333323370855757 0.517274716074218 0.0245414028267334 0.124860510243292
0.279904044775095 0.249686901167983 0.262886592866858 0.207522461190065
0.28936221226423 0.308313683657582 0.108011150198297 0.29431295387989
0.290137597625112 0.435257788946806 0.0865579079216712 0.188046705506411
0.351878459697407 0.297098480839872 0.255477390434752 0.0955456690279687
0.196115726704407 0.309355254566519 0.317804636631262 0.176724382097813
0.159114310586574 0.487171183166223 0.0274671528289106 0.326247353418292
0.0629412646813552 0.329680299167972 0.198273690168352 0.40910474598232
0.223489272401231 0.141115849714765 0.32163132135912 0.313763556524884
0.129038260644141 0.320311624757948 0.205138819030663 0.345511295567248
0.0974643432622943 0.428849053303779 0.0727945298109152 0.400892073623012
0.326275873190695 0.408412612947986 0.0574954290366549 0.207816084824664
