0.212531367801351 0.134338253865904 0.00849374158209456 0.128611346383408 0.350724445067768 0.142846851911583 0.0224539933878909
0.127225063397046 0.260612110229213 0.00393866222504372 0.0875343084662227 0.128664190094687 0.143349683275472 0.248675982312316
0.212059112602086 0.203218317711108 0.0505966373740809 0.219346439240796 0.046206396539194 0.232062523855865 0.0365105726768695
0.19828361748657 0.147573777331286 0.305248284461797 0.019489248307347 0.322950231295386 0.00470784034914479 0.00174700076846977
0.290164133989515 0.108020373141513 0.251033685174049 0.0799389835390855 0.18333073488564 0.0398041393069502 0.047707949963247
0.179774839324495 0.0572545851961691 0.0675439390403521 0.214971274057639 0.149992914969843 0.108741234529142 0.221721212882359
0.225849539073252 0.149198088048335 0.123052096903749 0.15654738120821 0.21377177144891 0.104844917657117 0.0267362056604259
0.248277934313732 0.153910210944068 0.250095532805362 0.193075776456324 0.0201759537067961 0.122409393187067 0.0120551985866517
0.0294796425463904 0.0696625469440114 0.163853720180438 0.191703506943781 0.137746388568707 0.260210631160812 0.147343563655861
0.185223599275572 0.113708615124828 0.126675117980983 0.219896893164975 0.171449145638653 0.179575565982436 0.00347106283255384
0.114366156463169 0.0940086080718578 0.190076748956812 0.268075505847538 0.18655534651879 0.0744416675681856 0.0724759665736472
0.25521725936219 0.0579544188536112 0.250686217075569 0.114970974356954 0.0339647001136411 0.21976953473485 0.0674368955031851
0.276071565340012 0.238528473292692 0.0521806904817846 0.0844457093203245 0.000324704988730469 0.18080179016607 0.167647066410387
0.208371034371954 0.213101877204029 0.169299407038549 0.120338048600862 0.156930104367745 0.102177957023793 0.0297815713930672
0.0430360715227291 0.228916007283039 0.28068977146415 0.133211577159936 0.0816597487341397 0.204052442531497 0.0284343813045092
0.244118017679752 0.224671068299811 0.0907566550289834 0.00865770794738664 0.172613080420889 0.156059869107334 0.103123601515844
0.154168016165104 0.0117755368636619 0.149179519903814 0.183895268132599 0.137196417347352 0.181448559484953 0.182336682102516
0.159310056161621 0.0213962386869756 0.235491258338154 0.0173224811749087 0.257778432218499 0.146035513673894 0.162666019745949
0.287122304012444 0.0543519799308823 0.0937961470239743 0.105038743112306 0.125265332106403 0.273195804959241 0.0612296888547494
0.00784077558198091 0.129175138350232 0.29338246369305 0.167120862241744 0.0905750421141461 0.12347128707997 0.188434430938877
0.051592560887739 0.170041207419934 0.220900161442534 0.147672245632631 0.246636134873374 0.136689077209673 0.0264686125341157
0.35052288653457 0.128626077481461 0.160930440414736 0.0756215181793146 0.136053336393532 0.050052136478113 0.0981936045182729
0.193048825951126 0.093897450574427 0.0675602863916612 0.261701604659028 0.192491555289487 0.124020298087358 0.0672799790469135
0.136583510913432 0.139959899331089 0.0352674012765964 0.248669755028099 0.0584574202180339 0.119995645603422 0.261066367629328
0.232724050755878 0.127650720179629 0.138527845086743 0.189336574573237 0.0166698577196156 0.169220760363573 0.125870191321323
0.250109270911908 0.290943279035603 0.00595956622653249 0.154557581867408 0.0354737571002122 0.21055290680493 0.0524036380534057
0.214972954890615 0.112463360837941 0.0512837159129675 0.273231300220011 0.0630317133742648 0.242733364636436 0.0422835901277646
0.189144764899722 0.183771059636612 0.170350681612458 0.0828421840760249 0.181862404835263 0.0629584581833443 0.129070446756576
0.206064914398726 0.0686227948266488 0.249526738938047 0.191770606294548 0.00367963184245549 0.136043659371694 0.14429165432788
0.14586596150914 0.0713596874032704 0.265798173065614 0.104938001969236 0.220840984872742 0.0133660328048282 0.177831158375169
0.153682260188334 0.04172500537513 0.103650250780576 0.249158738594828 0.0148772443488693 0.20112222913514 0.235784271577122
0.28142850599498 0.133627770995954 0.144873335148272 0.0205377558670385 0.314837051899399 0.0429722230463769 0.0617233570479795
0.123667099471948 0.190798396663373 0.163479037500772 0.0277605493966813 0.168579356489419 0.170801416057011 0.154914144420797
0.211621873069599 0.231728825559679 0.0392738209195709 0.141923502806615 0.0793782427104603 0.257837450372722 0.0382362845613534
0.0602919913362787 0.177284002135216 0.151032141012377 0.0775400874681635 0.124630629473576 0.174711325062225 0.234509823512164
0.257310862742831 0.172921845007167 0.128067331631404 0.113449527986233 0.0612712622990615 0.219000414081637 0.0479787562516659
0.102170027965389 0.282894751077709 0.075413671471015 0.231941095407662 0.0942887657424354 0.196515717517855 0.016775970817935
0.047873444050515 0.244918121930053 0.00373921077938391 0.201635996029832 0.12871312304071 0.163651321719861 0.209468782449646
0.121816120534309 0.0158644785602069 0.0598619759865259 0.135375169825793 0.285094364600606 0.0569349395280666 0.325052950964492
0.398278512040928 0.0242173006751636 0.344650896964278 0.117285669713904 0.0815978819408329 0.00160982253954627 0.0323599161253468
0.12795860306489 0.0280659694495758 0.169920452585972 0.185647660622803 0.207512459453333 0.217455084884981 0.0634397699384443
0.0729140325476189 0.208271052936652 0.101140306525493 0.195344778230845 0.228280433890872 0.0307594143496398 0.163289981518879
0.235244701710706 0.103495145413698 0.152763461195302 0.11476290679756 0.167536333517387 0.0947138312708413 0.131483620094505
0.082795115680881 0.0372096785818186 0.00116872941149657 0.306868917075703 0.331978695599967 0.0273204900914619 0.212658373558673
0.0318530798916869 0.260314520650281 0.0905719131207078 0.072334513673181 0.128175756683936 0.259290893382266 0.157459322597942
0.21435742101007 0.0325732194017496 0.190103659321848 0.263899047801451 0.150280185806874 0.0914478673335067 0.0573385993244996
0.160153902518002 0.165739664956286 0.00293387173682431 0.183243985951966 0.185916761560872 0.103971813784657 0.198039999491394
0.156661863951711 0.107071012922614 0.189496650422243 0.14775300569734 0.121148643896153 0.18353060002228 0.0943382230876577
0.154585476460062 0.190125204921732 0.156086306949647 0.259196492876825 0.0866996643154237 0.0796800202425576 0.0736268342337521
0.241059512574691 0.161803224319578 0.0584933856265518 0.295018823316126 0.0794731950974117 0.0968846560640591 0.0672672030015823
0.101654828745503 0.21889132984248 0.0980615583170736 0.144791449600469 0.00140130097499581 0.267966659134357 0.167232873385122
0.0161058440018976 0.257771966831562 0.125759112759112 0.166182073285143 0.0521393152640817 0.166047689000687 0.215993998857518
0.211591299261174 0.215147657275039 0.0252864990123267 0.187474617249427 0.0527967741948764 0.0730205028068637 0.234682650200294
0.038045204610708 0.175860127349424 0.214579673870177 0.0586352334174849 0.116324714435819 0.169346037174269 0.227209009142118
0.0572000925302122 0.0144426123626938 0.183189647403177 0.169541631471356 0.216163682380103 0.208725780119781 0.150736553732677
0.174360760923276 0.0631398331118034 0.0572007541199562 0.112660923546715 0.229748932800835 0.174625459430315 0.1882633360671
0.0237261385887922 0.160049900185396 0.197862711700104 0.124642741149382 0.179800082978778 0.150037087925717 0.163881337471831
0.0108941784943606 0.118622360359549 0.13448984882832 0.176228538718834 0.129475806568618 0.172342471656483 0.257946795373836
0.0283596677940327 0.233621098225417 0.214789974335923 0.207245400312136 0.0575735270561571 0.208095979048918 0.050314353227416
0.138973017568379 0.118442194133925 0.168942163873743 0.235134136157667 0.0131822024097871 0.0733933397482428 0.251932946108256
0.257986726327277 0.120056083406784 0.0356570551279684 0.213152828555042 0.139827343844235 0.147499363371327 0.0858205993673667
0.182755547527697 0.158835803770419 0.113210216648686 0.147441063442059 0.0145693979296328 0.188697119184206 0.1944908514973
0.34829914298993 0.0332386872202435 0.0939710962973501 0.0333729776386408 0.0624566607383549 0.343784590426137 0.084876844689344
0.0420910604017213 0.116099272654682 0.0739767387387106 0.125108273387123 0.18581055373274 0.244253255479853 0.21266084560517
0.0446276702720594 0.188671159066551 0.267704493593054 0.149407544977283 0.174259135269129 0.174854306145136 0.000475690676787356
0.013674315499559 0.126838581878209 0.0085771494504353 0.0474691615934306 0.226864109882885 0.282805750783217 0.293770930912264
0.160906761022505 0.143861846975474 0.0640800398850153 0.170691756718059 0.258491363377122 0.131224110643891 0.0707441213779347
0.0100156890503613 0.302659542655408 0.014439406860689 0.230251115054553 0.0705058839639805 0.304503112763626 0.0676252496513826
0.209172269674244 0.0722355058036992 0.0664508361522553 0.0538630908606246 0.23695801546145 0.205007101039211 0.156313181008517
0.0666339885735788 0.0347035333474044 0.265759006201238 0.0289434197901889 0.075115965186018 0.246398184696214 0.282445902205358
0.18466938564611 0.0251566486553504 0.274586990909688 0.106881109017317 0.116342955877503 0.0907389483055806 0.201623961588451
0.334925960513538 0.0310979629990327 0.257474624937106 0.0294067549371643 0.246549865871755 0.054571469800981 0.0459733609404226
0.190832002718763 0.139647458509274 0.0425507701309975 0.163476513312514 0.104050922730714 0.149530699548828 0.209911633048909
0.173357017441394 0.1621388524224 0.188490990317289 0.191735804092042 0.0476393489286583 0.168303694329704 0.0683342924685112
0.245037515623427 0.0651099529386157 0.0646289384847182 0.0227057788688437 0.173910053393946 0.220089230278017 0.208518530412432
0.0125256716277952 0.123713439920897 0.0563418856703141 0.217953844945495 0.277946366336942 0.272299317280882 0.0392194742176744
0.201756142791417 0.119225162673669 0.114530692511708 0.140726619601049 0.107533714134445 0.104809924032408 0.211417744255306
0.194403178721993 0.305839204886041 0.000565505512201929 0.250222108698396 0.0914416986732911 0.0574185788898245 0.100109724618252
0.0480370150865941 0.140830899474458 0.256866031051016 0.022357497301247 0.190637266790346 0.274414715124235 0.066856575172104
0.140728198182274 0.157977631106337 0.107889788186226 0.00391649831096966 0.066561424827555 0.239404247346172 0.283522212040465
0.108352275469161 0.239015053900083 0.104890502100025 0.10948291663495 0.031038395465259 0.234981899109932 0.172238957320591
0.15499337475973 0.132768560019637 0.18592469773388 0.250358336544086 0.195244892041039 0.0255632619686754 0.0551468769329528
0.154627456341749 0.26107912190062 0.0803599673022595 0.17673416119861 0.0363895605783768 0.0646763267366008 0.226133405941783
0.172570445853301 0.0363316139379961 0.202655881496482 0.179283513075624 0.160767476436244 0.141628607621875 0.106762461578477
0.164056187481748 0.00138550318009602 0.0112856283399754 0.211491286291247 0.231258968871783 0.147723804119278 0.232798621715872
0.181342325776824 0.17445437032031 0.20806047612843 0.0864573145963017 0.0220780895238991 0.181884160728576 0.145723262925659
0.204809170190578 0.137668048529087 0.141275075303722 0.132340198993642 0.255971235410578 0.018192368494185 0.109743903078209
0.193887212939581 0.00322744332003387 0.17797903407499 0.0867477796825689 0.223582376568104 0.110492836633648 0.204083316781074
0.17972964124966 0.0208291123673716 0.196464001435137 0.00323388828970421 0.193286324089636 0.23876123275546 0.16769579981303
0.0579486067857855 0.111408855727883 0.231772341237843 0.141525594513469 0.18098499006539 0.0558976484858417 0.220461963183787
0.202461081154036 0.051605262668659 0.0644110108973351 0.222654026369819 0.162242816975554 0.262220253167821 0.0344055487667747
0.231937535168285 0.0351451488225588 0.234186393774473 0.0220857629637196 0.0722503886771027 0.242904996380401 0.161489774213461
0.000563478884946198 0.33282856918616 0.0376141531181566 0.340629753233894 0.11352297773744 0.153904702727827 0.0209363651115766
0.165105915125369 0.0437844775348701 0.063070009035987 0.257711967982689 0.208507804497722 0.101915463454997 0.159904362368365
0.167692569565669 0.226647265855471 0.0223569023965659 0.0181475828079731 0.149881350989055 0.223925024438449 0.191349303946817
0.244817115868731 0.157957078863662 0.00751877470617218 0.198263406249065 0.0151776375897152 0.132292630161842 0.243973356560813
0.150213787658883 0.187486436040804 0.0200369103163368 0.032217256768854 0.253978384273962 0.231801962251269 0.124265262689891
0.157568124469352 0.0523306362687422 0.0670288417522081 0.229625818125879 0.234020375445719 0.0818715838216961 0.177554620116403
0.22985156155156 0.133184413311041 0.249547075349618 0.217241107889504 0.0493326713952124 0.0650054811221983 0.0558376893808661
0.22221781490079 0.0620920365862349 0.198915109420566 0.243555276472461 0.135770477891372 0.0986714104427612 0.0387778742858137
0.0850747968272214 0.0772746472099045 0.0472789486769999 0.0518512702763063 0.346043690592361 0.0415025424201468 0.35097410399706
0.180833431078512 0.0801509482036555 0.246820609156217 0.0701609621140104 0.120373210453205 0.0703157079767895 0.231345131017611
0.0938940527062373 0.280538677439051 0.301169743133526 0.00939032870513971 0.159233245291371 0.0824853119415917 0.0732886407830832
0.232738670220171 0.15113105463706 0.181905062132781 0.120091845746952 0.045335689644916 0.126136046834873 0.142661630783246
0.206946355003775 0.0607694617340441 0.0841529035616755 0.143724355198793 0.220875710713733 0.051548641628142 0.231982572159837
0.0902431020441922 0.0279458214531642 0.159513029065188 0.0754135160267147 0.200929828735356 0.221463119054763 0.224491583620622
0.0422519850035327 0.150781058255755 0.248696170011565 0.0869034894381056 0.258214711303804 0.205877077554657 0.00727550843258062
0.199835242262562 0.232287373188888 0.250650825494061 0.0469282145026034 0.0102749236788965 0.133398105443321 0.126625315429668
0.225765743608093 0.00979919892059905 0.0865604547894359 0.236318937397236 0.212173592972274 0.0672761713001101 0.162105901012252
0.122585311706412 0.242046516231963 0.00283271198474456 0.116249221101628 0.126175633222206 0.259163715925608 0.130946889827439
0.133689110331563 0.193238186284497 0.20320847299284 0.175767315681474 0.010982090461099 0.248712836236048 0.034401988012479
0.0727104731819374 0.000100969148923035 0.125953721835367 0.195970396084156 0.231086811490771 0.131366605916211 0.242811022342635
0.0234657349116822 0.331509815241563 0.0613429681417654 0.258788228345243 0.00625553563742712 0.0474160051314927 0.271221712590827
0.179592320422291 0.000578865719387413 0.2455029459535 0.0972352318901137 0.00270915103727973 0.0500986561576412 0.424282828819787
0.00128287823574046 0.209329563244156 0.196943124468003 0.127017734094722 0.224289771383702 0.1537360206047 0.0874009079689765
0.103627133085014 0.264173442362805 0.0248219604675439 0.257875215038523 0.0604188906614012 0.0141441557857148 0.274939202598998
0.165165966640781 0.00233020334203803 0.0289700915881502 0.0845311277692905 0.35110700096331 0.115566176367622 0.252329433328808
0.136731935142873 0.0583223953057442 0.0983934414905721 0.241803161692044 0.107112394956627 0.138150601617052 0.219486069795088
0.247573920636136 0.170288222539691 0.0759113337679585 0.0653679826731282 0.167398987238546 0.259275187808038 0.0141843653365017
0.200507506569209 0.147904592485953 0.0982994672621673 0.160461230928198 0.194775071834871 0.0798341606595873 0.118217970260015
0.160415217497075 0.211046874938718 0.0273967401634688 0.130277570368123 0.211866050231035 0.162188020825813 0.0968095259757663
0.101216816512959 0.15393490140414 0.175556217885926 0.158025639769614 0.0151476211702452 0.217287751799514 0.1788310514576
0.209459923368127 0.209561089140951 0.15858741119018 0.201757341969308 0.107323450137751 0.0796531730148642 0.0336576111788186
0.222281060781193 0.133733240346693 0.107459849530619 0.0975386628462276 0.10622719972259 0.270371440137508 0.0623885466351682
0.163619973752027 0.117509752139347 0.121015634337061 0.211536837085229 0.242389550845127 0.0676902247070838 0.0762380271341253
0.0803461919935669 0.201309813074402 0.14783299960114 0.15814439747415 0.013377051373464 0.189545864261962 0.209443682221315
0.186686549236194 0.039104438151041 0.210224925503973 0.0430209638253879 0.180056728736086 0.120232916270658 0.22067347827666
0.133216629308737 0.309317195018098 0.185960898704164 0.110957006486553 0.127993733526736 0.0668233476382468 0.065731189317466
0.328612495695125 0.111018724441228 0.064826638404728 0.278077641787422 0.0141557402603594 0.0352622845574815 0.168046474853656
0.260043788264113 0.305694262064064 0.0510061733315862 0.00652490470526294 0.0148966847337895 0.0718490327289194 0.289985154172265
0.187162607046901 0.151872936734281 0.0629077173149418 0.175130767678135 0.0620687821679808 0.142363158637851 0.21849403041991
0.168226306623433 0.148108775578186 0.170448172682351 0.147864787357143 0.0339658398193418 0.140506413064682 0.190879704874862
0.0841017336353588 0.0486410522045572 0.171649435709776 0.330758266109338 0.0818916161591582 0.275956429671955 0.00700146650985715
0.107587165453778 0.0137540782561359 0.122491914236196 0.26171310606594 0.318150002260784 0.161095917326101 0.0152078164010655
0.00308875875769403 0.00991076681578974 0.287548568554228 0.491307869663884 0.0831200356386408 0.109101827085668 0.0159221734840957
0.173943990476425 0.00475750692315528 0.279076365296145 0.154774330684242 0.192310597988557 0.0608033308643845 0.134333877767092
0.255793381674375 0.0811695046084337 0.226632441046282 0.001557750075854 0.128244396440508 0.0649832063151236 0.241619319839424
0.233723395111766 0.235346731778288 0.101246870039518 0.225519984372849 0.158890582017309 0.0203576416303926 0.0249147950498785
0.107312919774854 0.156250240319311 0.20001581730595 0.0285189097307641 0.366740288549502 0.101589968294969 0.039571856024651
0.0568097084432154 0.153586004289722 0.0533349354947921 0.219542828263148 0.284442261695206 0.158628326739902 0.0736559350740138
0.109720747690912 0.118482000395462 0.121055879062505 0.138519387161784 0.116880979852118 0.202063894368393 0.193277111468826
0.0574694258974347 0.22203625148534 0.197040528675425 0.105979680552095 0.0864261395637 0.0708991857864078 0.260148788039597
0.314143634467527 0.104133140643844 0.0936173021532907 0.0969043734891869 0.0111747773030913 0.31224780050148 0.0677789714415793
0.198167596545744 0.0740706855774307 0.166531229038558 0.220809056039949 0.166864629252328 0.0235829920621786 0.149973811483812
0.229113560425507 0.0343507177914192 0.0315922108773092 0.247896353377233 0.210187992263187 0.0465868292928253 0.200272335972519
0.132229531673388 0.301134495918766 0.035072936099264 0.107921043955324 0.265202202821232 0.00654503920599514 0.15189475032603
0.138173167767579 0.185426213719935 0.188758009574186 0.109826650074069 0.0783343195465211 0.180937706155518 0.118543933162193
0.231677682529802 0.181140279077312 0.160985910216907 0.0953551858920753 0.148042767339199 0.130946961245367 0.0518512136993377
0.162149240326556 0.0880878700576172 0.232377677995749 0.0563058884619817 0.220609465564978 0.178685332528576 0.0617845250645421
0.0087360691133281 0.00199548022019506 0.365516921586336 0.14442974614549 0.177509578127658 0.154536902517317 0.147275302289676
0.00932930106835322 0.128958520618487 0.0566190680573797 0.0508820568384054 0.233836782087555 0.409543690539582 0.110830580790238
0.235495419921297 0.276844425465881 0.286924675431708 0.0811940526371219 0.0605048662010421 0.0470739909250353 0.0119625694179146
0.241159013036408 0.108366536749175 0.192986700634069 0.0329925642075499 0.0996967535494593 0.269152316589975 0.0556461152333629
0.137793380627308 0.189226835604974 0.0479383115563701 0.196738362211219 0.105520081074187 0.215900212486735 0.106882816439207
0.185816155462274 0.069189994840589 0.258922801012214 0.0336906192013379 0.26103386009098 0.158978910043159 0.0323676593494445
0.13913145171821 0.260037989892421 0.0336264840694668 0.216848593272302 0.0951552772568793 0.0932714561671479 0.161928747623573
0.176243048404354 0.204727791583885 0.190188385937042 0.138384982934763 0.126100676740174 0.139068077678626 0.0252870367211547
0.104723604636427 0.146531271787079 0.275951636754968 0.105258915661956 0.188432785928722 0.144778390360471 0.0343233948703755
0.00954698242544461 0.311143030750255 0.218507421133079 0.0604236130130252 0.152842941369072 0.10030406097215 0.147231950336974
0.240789490998927 0.25916681940734 0.0784004630637067 0.117604650612631 0.1107742695002 0.148586141101785 0.0446781653154097
0.00286956024711073 0.232457464886755 0.0405107501752309 0.0196369269731579 0.255546960149119 0.379365267717942 0.0696130698506845
0.0199320098272706 0.0224424317736517 0.0626548428881782 0.345223902849182 0.31926435727125 0.183528444482724 0.046954010907744
0.146612447733592 0.095428465126425 0.22506156213472 0.206758341306386 0.050709224166502 0.26860661864712 0.00682334088525513
0.191471126785547 0.287080718581321 0.0864739368558175 0.269710968782154 0.0127198989644515 0.0294601866128857 0.123083163417823
0.329623143034383 0.170521144625824 0.0483159286661238 0.0736464573639628 0.210618434283943 0.0575410189111236 0.109733873114639
0.202578992438393 0.172033833034615 0.00370237078683116 0.150117095113738 0.112349364565645 0.214305589216291 0.144912754844488
0.223374625759253 0.16983376875387 0.230051110569923 0.0465812497663542 0.108463485844816 0.170169237393978 0.0515265219118063
0.0509559098967248 0.251916265688881 0.0730765739355319 0.0821365766271628 0.190089057497121 0.105421344122225 0.246404272232353
0.235405439373778 0.119038905783095 0.0724404866667394 0.183668170008403 0.0303704235901858 0.0449434511731656 0.314133123404633
0.300789108327031 0.110347157262101 0.140711530778936 0.179078236569378 0.181214913080203 0.00120528200873811 0.0866537719736128
0.19352597142874 0.0588026737530008 0.12166574461508 0.132815359035135 0.180854107438165 0.188828650164987 0.123507493564891
0.158516342764386 0.0461094597575072 0.349888771614527 0.0845433399013087 0.0623393650022062 0.0991234797515238 0.199479241208541
0.0239017348516302 0.116713704054733 0.0381979231386241 0.258102092011501 0.258725590129167 0.0813945238104331 0.222964432003911
0.195300374754368 0.12655990111632 0.103773969569372 0.188564462111433 0.134351643632834 0.0465905541482442 0.204859094667429
0.252310579475263 0.145633995416264 0.0637237957972397 0.0127115004815663 0.0807392182455439 0.240928341233472 0.203952569350651
0.091801815309373 0.111279570073705 0.0986612569279454 0.147283241278553 0.154380516418921 0.199053890500937 0.197539709490566
0.214399748318909 0.114235363888938 0.0296750187205425 0.24206094132632 0.180998108849381 0.186227922111057 0.0324028967848521
0.0449357078191225 0.0195221383330522 0.18477098782882 0.240936686396855 0.0998385261144219 0.183383519948223 0.226612433559506
0.0470412266503476 0.208958672189219 0.0870533531369475 0.252520958133626 0.00818345614730436 0.144408060198935 0.25183427354362
0.166923115499288 0.188267050359706 0.1636141787059 0.110433373981922 0.179392375326088 0.15327069773071 0.0380992083963856
0.199984741682957 0.212246882043715 0.031826590618735 0.212058840505371 0.0382260263849797 0.143176111656526 0.162480807107716
0.225472299746658 0.130789198191444 0.160346498147604 0.166974120004128 0.0524548900142172 0.150237801425216 0.113725192470733
0.0808000004096762 0.0337216070492909 0.206875115830029 0.142622450435769 0.147847792501874 0.221910529275159 0.166222504498203
0.00255774277724004 0.0604319905551497 0.137247054502204 0.261760145466006 0.127355045966845 0.173827127929651 0.236820892802905
0.356058756804588 0.0153049109151411 0.0315710211036079 0.387047824367574 0.0355567146943883 0.0906056607060574 0.0838551114086434
0.132275668601168 0.0354778394984986 0.230637048460402 0.244625017845605 0.230949255870247 0.0917626485669126 0.034272521157168
0.244364323627813 0.0197077875934921 0.0444773062900168 0.0196225551874566 0.332261194964277 0.0569035185977681 0.282663313739176
0.197065555542894 0.0971356790885826 0.0781705101792154 0.122710349129578 0.0780580933433859 0.181627978585891 0.245231834130453
0.212077560399516 0.185575429740717 0.0816581115815223 0.164049837218111 0.083290748011989 0.0366960316073257 0.236652281440818
0.0584276558170787 0.0997078745201522 0.191515119775778 0.219018755207024 0.0903366132265903 0.163834210820277 0.1771597706331
0.150036174795716 0.314860272162782 0.119875079097424 0.108480725516376 0.113506531227983 0.0767932844229409 0.116447932776778
0.0426513340541264 0.172248566067924 0.0504678792667072 0.205542878582304 0.164750204496824 0.0384349421030187 0.325904195429095
0.148261358940238 0.229694459071748 0.255604394049613 0.107383459086677 0.0456980184263313 0.124282881151724 0.0890754292736684
0.152678715272913 0.198995856238568 0.218314597437848 0.0557813041416998 0.0632700979421354 0.148374122095556 0.162585306871281
0.142781603724754 0.170862540721538 0.0828492220128902 0.0399258770081963 0.229637991076156 0.294348603703233 0.0395941617532328
0.212040440946021 0.223517266778863 0.0408930566581363 0.129527439194819 0.312364967843118 0.000896383827634195 0.0807604447514092
0.108127199176115 0.105422054537338 0.2440117522186 0.100671067961435 0.0553835652854202 0.272547065690451 0.113837295130641
0.122706932850168 0.127430705601122 0.166267998659019 0.123869377605186 0.19139443010216 0.192324912352094 0.0760056428302515
0.0216802651696485 0.183876428789515 0.163654882758607 0.146638212511887 0.172723245348912 0.164469496041112 0.146957469380319
0.163293790873988 0.26067599442468 0.163530865259383 0.1121041001637 0.190238128728078 0.0330830787659456 0.0770740417842245
0.235765343498969 0.0293486090138279 0.0324160198396043 0.220806598531089 0.132998607558084 0.199460586229217 0.149204235329208
0.073594054386088 0.104126859496862 0.303805360520225 0.367459215666046 0.0234904146399312 0.0392775151562388 0.0882465801346087
0.105024962451619 0.112398713005943 0.204235662416278 0.24796190949422 0.22632990150519 0.0751289002883527 0.0289199508383979
0.0974121508029333 0.0037047116796605 0.0994679369014728 0.254774093412485 0.132825949845934 0.173275476473309 0.238539680884205
0.148594290624304 0.104251020826487 0.170400565220988 0.132416238060875 0.12777131797028 0.162830742425563 0.153735824871503
0.179739704592965 0.190702190670355 0.253122826826072 0.0312635149155853 0.139208073876991 0.000653795356620106 0.205309893761412
0.186676031469707 0.0544334391152471 0.222293741780802 0.146651117311799 0.161550402225063 0.0136703551955788 0.214724912901803
0.0460668913391175 0.0716861992307196 0.290616261160878 0.156438181631976 0.0676220128108163 0.26853521070027 0.0990352431262226
0.141760904165631 0.104940295574074 0.166184396694429 0.246351749959634 0.0102790114791106 0.0589856299830012 0.271498012144121
0.181801813979196 0.239892888514276 0.121167463381459 0.0346617396533604 0.190108718731591 0.00239543533123491 0.229971940408883
0.113333338279927 0.0112271289303148 0.212039099418321 0.0450572332376376 0.281571537180851 0.0994716541050366 0.237300008847912
0.216348166695395 0.0688706468197427 0.0983210001772607 0.0898231214198257 0.131110530626167 0.215646149974202 0.179880384287406
0.201129549481979 0.305312345860528 0.0585451781111819 0.0460574585747462 0.161054064020937 0.0378537308962399 0.190047673054387
0.154738565955438 0.221078872438974 0.133885848813322 0.0148266825158625 0.158495270959549 0.222630057028617 0.0943447022882375
0.0535389088047761 0.223971445363832 0.255581283272972 0.19923829966572 0.0318589579985928 0.112287748473313 0.123523356420795
0.215967934770395 0.122693555392608 0.121117568079417 0.069561062096586 0.0495619697662052 0.216485370245952 0.204612539648837
0.0777829652422797 0.0605540973341964 0.340439089832168 0.0283121454772874 0.0687937399025897 0.115521619176704 0.308596343034775
0.1741104286568 0.260496189982689 0.00483934947708613 0.0985673331203534 0.0292644854778362 0.337381317220819 0.0953408960644155
0.0387677534865875 0.127434583852819 0.251806823043628 0.150823486469859 0.123136587617352 0.0833467048126527 0.224684060717102
0.333983027774633 0.273813771691751 0.0110080261170022 0.151268178571598 0.0798603451772954 0.0398439750462034 0.110222675621517
0.116020016568911 0.0477497871549487 0.184518075432422 0.204028211423919 0.127739672186918 0.130503879215842 0.18944035801704
0.102851432882421 0.0281769591361475 0.144505448482319 0.142132885309936 0.0234278215524866 0.178903516434452 0.380001936202239
0.0526342701541041 0.238396850211056 0.064839059428144 0.233602644667407 0.0187185652887007 0.220200312318521 0.171608297932067
0.0531341762475198 0.21694953763354 0.223955528661914 0.230127067769197 0.0752916636929122 0.101477248725111 0.0990647772698053
0.0243636462840756 0.144230020796286 0.119998185916363 0.24036553338901 0.0992717761873692 0.131691583646696 0.2400792537802
0.228958637073173 0.129029598398552 0.115152759997421 0.28911161603249 0.121876027928629 0.0569483861463598 0.0589229744233744
0.164996400499104 0.141868128836332 0.0175174734342744 0.26523261573397 0.0888322424802796 0.199918963841769 0.121634175174271
0.171752765816345 0.025233490856255 0.0598159882285277 0.342558249046153 0.0460656818511889 0.259044352293157 0.0955294719083735
0.111459476291241 0.213946557866423 0.0672435209490588 0.199690578008599 0.0877066778588509 0.198153078072756 0.121800110953072
0.155753569046941 0.187647049115086 0.221028994005329 0.0586231294196174 0.0406097975858305 0.19061820351361 0.145719257313586
0.0551224271226859 0.0667719944721256 0.182729344995029 0.22462564945355 0.169933710855339 0.100971865111277 0.199845007989993
0.0952847978679631 0.216801066661608 0.115076199302446 0.12146399150104 0.184307951264296 0.0838401475843476 0.183225845818299
0.207759035242722 0.280569829472709 0.0143378727623729 0.256422856909361 0.14766063082184 0.0725925843337499 0.0206571904572447
0.105662885255962 0.0194647896011383 0.25851265207841 0.160650041739114 0.101278180910317 0.0965592025957917 0.257872247819268
0.0712229655328177 0.261812648011228 0.0627165943365233 0.113173312630601 0.206179046137047 0.00471824726620488 0.280177186085578
0.211934514575931 0.219394636665314 0.0256865220430207 0.0965839334424404 0.129198746124889 0.218199478910686 0.0990021682377188
0.162833022654287 0.231049333132474 0.0576287849539044 0.186061376864529 0.132214793275229 0.135972550319856 0.094240138799719
0.125439162398475 0.0390472021351342 0.242923890411008 0.118994926133527 0.06475818519869 0.195978678771482 0.212857954951684
0.0715391250879204 0.032047998372868 0.140914513204493 0.264042375962361 0.182300075869737 0.0119854458801038 0.297170465622516
0.223480742546101 0.263551672548456 0.100001540525675 0.00729062652165246 0.0753972661240006 0.24878490733031 0.0814932444038048
0.0537161002396104 0.110184157569392 0.192149250378397 0.164767860997475 0.170796281569233 0.153780642102312 0.15460570714358
0.0284528340854271 0.0916322439700795 0.118048585968988 0.233816447076044 0.107574951097854 0.26325639553372 0.157218542267888
0.225838768393584 0.209905408132445 0.0265601601137645 0.00968745762099348 0.214993494316777 0.279873939126092 0.0331407722963441
0.107439637943045 0.129056183865509 0.307121596035196 0.0782973235420145 0.047079079335022 0.168108555839449 0.162897623439765
0.238607759796343 0.208185103846708 0.038598432764372 0.211361819216866 0.105965685050137 0.129932082619842 0.0673491167057317
0.14372632956473 0.215548051109165 0.101019496058474 0.177831130085691 0.243667063283786 0.00559666148558965 0.112611268412565
0.15620677543696 0.0324687173174614 0.200096180874616 0.00806681049588628 0.245063558378952 0.0217430209160018 0.336354936580122
0.188533986915442 0.178828584764912 0.00166601596163871 0.273801243498318 0.161932957862288 0.129229575057887 0.0660076359395148
0.0896980777104674 0.0934922594037122 0.0625214633470851 0.287882910769199 0.023275204609706 0.173258106697279 0.269871977462551
0.165092669827098 0.177224869646695 0.267327239875022 0.0475568120197643 0.199142173788034 0.142496096139185 0.00116013870420153
0.104595583045837 0.0681043741522794 0.163113131058222 0.106210729867753 0.11758717881302 0.184686225463007 0.255702777599882
0.169850012496809 0.13217270202401 0.087843421807371 0.0494507613649366 0.185408183222564 0.215896798385487 0.159378120698822
0.11241122792072 0.173171758311838 0.191697285915893 0.0896435537605264 0.0752894932904642 0.148779193336439 0.209007487464119
0.0995307317304387 0.156676569299978 0.0474585640129953 0.254026711666296 0.163259763196558 0.160939902826253 0.118107757267481
0.246317440425333 0.210675696759307 0.163704754129151 0.164657108558411 0.0982988520743596 0.00624114282453031 0.110105005228909
0.133959219328104 0.0219242387667386 0.103412387036335 0.0517242571072355 0.250804327613159 0.0822409113570245 0.355934658791403
0.0988369455098545 0.200510244794219 0.114689084086412 0.198375857686976 0.158017085880287 0.011135062683821 0.21843571935843
0.0624453773604955 0.267741245378562 0.121016676534408 0.153079129312324 0.162152303498719 0.218222769426046 0.0153424984894459
0.12962660547499 0.1941759644342 0.129060563427684 0.117282453842882 0.158596825525811 0.192768205770186 0.0784893815242468
0.0681696689169075 0.225462673499696 0.104455197217243 0.0729871997188475 0.207394506321028 0.181311543476781 0.140219210849498
0.2370438072413 0.211573424319573 0.274582432180726 0.0797321690137359 0.138635968135977 0.0179335144035655 0.0404986847051221
0.233928438629813 0.117616808319803 0.112832266365703 0.0853895226299812 0.136232765696681 0.0173620810821453 0.296638117275874
0.135248651520224 0.178892620785084 0.0366389555308208 0.111422596827901 0.0828540734336152 0.299177675036653 0.155765426865702
0.262409624354461 0.267664268752912 0.015184855822866 0.103015759506149 0.096680627746632 0.054622727244716 0.200422136572264
0.118013547258904 0.16996166848163 0.126383817623409 0.237690743213346 0.227955533674365 0.0300562309292018 0.0899384588191434
0.216858974364942 0.209150460907504 0.139563240644622 0.182918726461652 0.123244167575582 0.0466809478115668 0.0815834822341316
0.150728750104898 0.063492147294984 0.0887755201235255 0.0259036453842859 0.26502224408258 0.218599183244754 0.187478509764972
0.277786942013432 0.0215410885341112 0.098243968808865 0.0924505770318704 0.282656860990447 0.130980108077756 0.0963404545435181
0.0843440980415976 0.0625014923963102 0.288241801620314 0.0365644885846115 0.274005821172416 0.00229455939321534 0.252047738791535
0.13602929450014 0.0975833377087548 0.0513211696525727 0.116164020862299 0.11749609225491 0.16478528485116 0.316620800170164
0.148812033039425 0.270686474720768 0.0312639848718807 0.290271271171948 0.112558751954713 0.0115676804818858 0.134839803759379
0.181985855564573 0.181855512560644 0.189427796841513 0.124735322300962 0.0821749969771362 0.200729318858713 0.0390911968964583
0.212489945142222 0.0559979887741794 0.152965224934721 0.0668677502983351 0.161137828939842 0.180976307330931 0.169564954579769
0.158251453532697 0.00586402273782793 0.00507517609445408 0.0333151235130378 0.217945136357687 0.324832437593608 0.254716650170688
0.0947406444445243 0.272939446691224 0.212306395315025 0.0555868324248953 0.0639816551763865 0.0120676660429587 0.288377359904986
0.216091403296675 0.20217036380897 0.0721084915338572 0.198607163031615 0.0406800384425658 0.147734109952094 0.122608429934223
0.027970277871271 0.248528043703597 0.212043178077557 0.0800890120949482 0.0280194542525631 0.192484672034723 0.210865361965341
0.154051447777963 0.0805213053420212 0.141088449982114 0.217460780457895 0.119670108076615 0.150583212998198 0.136624695365193
0.150366798279251 0.0645979867138449 0.300508561510779 0.016625323572698 0.197526691795086 0.0385905237863165 0.231784114342024
0.0683635121534303 0.067640020736397 0.223724676671179 0.231791024444016 0.160158958237378 0.222841617067303 0.025480190690296
0.274707075709582 0.163337107033064 0.201809751805239 0.0676772556773181 0.206244408829727 0.0829561530633703 0.0032682478816996
0.12926976791398 0.281686567772186 0.154112622802393 0.111918350102714 0.190187027646454 0.0733532069586274 0.0594724568036456
0.305011561644199 0.0354696511881868 0.144975163425331 0.187144216978236 0.0457981631621646 0.169784573450145 0.111816670151737
0.00399367353749379 0.0361561202446561 0.165422671146392 0.254703661985285 0.292973073305303 0.0457149195225481 0.201035880258323
0.0295873129426 0.142253811191613 0.249247449552198 0.0220343032887761 0.0418412726964036 0.248907819364504 0.266128030963906
0.0365447932704357 0.00660238612894741 0.124221638137759 0.152983926221587 0.202695386997962 0.260276090699051 0.216675778544258
0.260919934894891 0.213062092775954 0.219223321737408 0.00904863668887294 0.0579533942963626 0.15089360147615 0.0888990181303612
0.264580875683536 0.00721556488746059 0.141692611993041 0.170499821053434 0.0783540888675693 0.0587526993316755 0.278904338183283
0.0507389696139849 0.186619101413781 0.136419043339886 0.16818577956164 0.1994742797421 0.211652162751796 0.0469106635768124
0.363707926195832 0.0928052355954608 0.0825257960295947 0.30405598581244 0.00747026399464786 0.0926598378032192 0.0567749545688046
0.0444067592050789 0.0237140007974262 0.231901313351099 0.246622982806398 0.0203152425549289 0.225660228023031 0.207379473262039
0.0219860418137166 0.183128478720814 0.312105688718382 0.058540972735654 0.0772498326788974 0.2159095903444 0.131079394988135
0.218994078969048 0.0521165802794833 0.122513706034661 0.115227542327399 0.111565914002068 0.0832118799073927 0.296370298479948
0.137317482758022 0.0201647792808422 0.0102358019481367 0.116579831125052 0.0836121837022082 0.332575553785753 0.299514367399986
0.0257514422013172 0.130710271934097 0.184549402149442 0.196759761894696 0.206555846468896 0.180959842060459 0.0747134332910931
0.273779874452126 0.181860992739161 0.0850912891783359 0.0407638956694726 0.0554605452326688 0.287557360420495 0.0754860423077409
0.267227808889998 0.223647802116801 0.13568976955138 0.200958722485686 0.0191704687015491 0.147416404845075 0.0058890234095107
0.107894389904815 0.201909787386513 0.226236358568953 0.0165817626189874 0.138012162369746 0.0341601961778263 0.275205342973159
0.149831416103562 0.136653295576858 0.0837098233286149 0.157351037147359 0.172018671210208 0.158734163543226 0.141701593090172
0.11649059589748 0.111384626058872 0.227835172511002 0.194884196417322 0.153082333677087 0.0206808938002975 0.175642181637939
0.0747552411935788 0.192170819920999 0.161146881637714 0.179295620866345 0.0565716901821547 0.155857974312974 0.180201771886235
0.0979491546987146 0.233653565590313 0.025430170120445 0.172503283503277 0.221523847507642 0.107079859448435 0.141860119131173
0.0847181088409052 0.10954244691222 0.100172790289521 0.382590998353375 0.281470524176054 0.0393769303960029 0.00212820103192152
0.0640634932454869 0.270680345246967 0.208428292189958 0.254870385006887 0.0855294018827797 0.0245564061571756 0.0918716762707454
0.157451580117842 0.349285835846823 0.0966590988464551 0.0833862279804835 0.0328575680292203 0.188837506453029 0.0915221827261478
0.0101229896871532 0.163503843561092 0.169839621990432 0.0553374003373365 0.200145689075708 0.227445671940507 0.173604783407772
0.0469540905812849 0.206616794702599 0.0590382504145774 0.274632265426301 0.276601581389891 0.0138341530992367 0.12232286438611
0.144506128693198 0.176369428846983 0.0723854344856131 0.147168798726784 0.144053938900288 0.132130695440218 0.183385574906916
0.202093024668695 0.145193986110305 0.232021524014916 0.0697679527782319 0.0188101586416554 0.127346043759998 0.204767310026199
0.173378616651773 0.17611524553079 0.171638992720926 0.162376956571275 0.00281394432688304 0.120112076694205 0.193564167504147
0.274415627374216 0.062758419599792 0.134489803163279 0.0996643891237511 0.014557927422796 0.252436506081159 0.161677327235007
0.201587494027278 0.0233908063989916 0.115062797268956 0.16599713064395 0.0962631859717538 0.198871966456398 0.198826619232673
