0.167959555285026 0.055813443470379 0.293245656254871 0.334375948646498 0.148605396343225
0.106413739245158 0.142140884238899 0.249848757236574 0.240039158738867 0.261557460540501
0.152910559478186 0.179487337270448 0.171964011531389 0.127394994292146 0.36824309742783
0.369270655734927 0.312331923013352 0.151839866984043 0.0788923048136413 0.0876652494540366
0.204101477775971 0.187685998983786 0.063954883245283 0.288551457289592 0.255706182705368
0.2333382777427 0.157958432401922 0.142841006002358 0.264298227360455 0.201564056492565
0.187263792278449 0.46983041483735 0.0561513278745163 0.0368398047850147 0.24991466022467
0.288172141233566 0.164696002471647 0.198699312014347 0.0665909233976161 0.281841620882824
0.0571471577366727 0.0978203404379453 0.205288825730301 0.241545629154869 0.398198046940212
0.0402549812884215 0.0202551491624848 0.400398154468503 0.174478274873879 0.364613440206712
0.141522457807524 0.25118790059442 0.154847036295568 0.3526905797002 0.0997520256022884
0.439364519855061 0.0439738076290914 0.415015953473629 0.0205745817789101 0.0810711372633085
0.218711397881959 0.0381471834621767 0.187067203724337 0.222302003626661 0.333772211304867
0.0655350999594291 0.00216421374834364 0.362645721231039 0.260013549992991 0.309641415068197
0.209878923353451 0.160587613356975 0.225556711409778 0.156961692293369 0.247015059586426
0.361488546620222 0.0944395323515222 0.154113236133888 0.369961556721779 0.0199971281725891
0.184031059999546 0.224380463621012 0.316326124556489 0.0185654390962039 0.256696912726748
0.0790884178234997 0.222493180508827 0.0250335256167491 0.264048981690862 0.409335894360062
0.270544909722193 0.0468878126692134 0.262608249605342 0.290600401965568 0.129358626037684
0.062603502743024 0.335530079564052 0.173917459123508 0.218583468339149 0.209365490230266
0.292553339153542 0.0848875520966197 0.377305449987972 0.127702807067495 0.117550851694372
0.340031150204073 0.302742875529085 0.210347519443285 0.0795998663050932 0.0672785885184631
0.00898631230656497 0.390743532712833 0.232326568535722 0.293488458770632 0.0744551276742481
0.24828245803261 0.12369085978054 0.201548068539586 0.0189383187646968 0.407540294882567
0.24362960036023 0.0973265936218444 0.152647572563479 0.44491392933434 0.0614823041201068
0.15140251519311 0.342393181021535 0.124392715533238 0.316671824835121 0.0651397634169956
0.109460191902643 0.224233685211972 0.057176569644276 0.250782687995238 0.358346865245871
0.242218425180627 0.0136564593302785 0.216967449404567 0.305091674091118 0.222065991993409
0.312247916027764 0.241852629405735 0.076105046376352 0.0254036905147216 0.344390717675428
0.182682357190108 0.178586677887237 0.122056713722204 0.230150100815927 0.286524150384524
0.156916554724088 0.181263905936293 0.00998494217241036 0.421067092384407 0.230767504782802
0.235146655868851 0.3103213332264 0.336564160251684 0.0126677336287239 0.105300117024341
0.197926072326321 0.130953972916143 0.0128719278676677 0.2731467605898 0.385101266300068
0.165657692232571 0.0280283774792659 0.475430017370207 0.309876059481875 0.0210078534360812
0.0576905811234054 0.290291475931775 0.351669783678804 0.0062058251594287 0.294142334106588
0.286493205851894 0.292124851801939 0.0727264104599843 0.0858406754744997 0.262814856411682
0.208036293948325 0.160128693392114 0.0975308813177742 0.232574621271287 0.301729510070499
0.273213151666965 0.246156526589823 0.0537805885039005 0.310500289492005 0.116349443747306
0.036593670208909 0.232731121941913 0.0724873593257347 0.3448437132418 0.313344135281642
0.334633300824807 0.0568070774697935 0.0555071178119707 0.158971235920433 0.394081267972996
0.15941484161915 0.222453376428219 0.180311174790899 0.121604079088907 0.316216528072826
0.263470770614989 0.361725836361084 0.234896838535919 0.134134306077197 0.00577224841081149
0.228706586577094 0.238032926697725 0.140445815647724 0.20016364034024 0.192651030737217
0.304165942848018 0.0732599417054256 0.222166483643962 0.166959862140201 0.233447769662393
0.0973602212589387 0.278816530903465 0.187837402882733 0.201044149887546 0.234941695067317
0.207049158979956 0.186808718290352 0.282951304042967 0.246044792474013 0.0771460262127131
0.329332239181522 0.0140422397989679 0.217305300181382 0.282145816551067 0.157174404287062
0.221817626026611 0.267347116032266 0.285432099669727 0.152125091431608 0.0732780668397893
0.140345798673149 0.052605525290914 0.414721899169832 0.0871819738124991 0.305144803053606
0.0455552060956983 0.415157881408488 0.236693840842136 0.232009800389122 0.070583271264556
0.086903996318611 0.0481914827632672 0.300489760104888 0.224612951924108 0.339801808889125
0.0115462118586623 0.0742007391979605 0.204273497597321 0.304541649533666 0.405437901812389
0.197087479246726 0.0500108739839983 0.370590496763176 0.0652638031615512 0.317047346844549
0.0207725346826219 0.00353501687972998 0.306632398525683 0.198911952982191 0.470148096929775
0.267760639560446 0.0920398771075261 0.260858163033682 0.282517023493468 0.0968242968048785
0.014562052214675 0.334772223433804 0.000237131383073335 0.358044703887204 0.292383889081244
0.268744383498179 0.18271228692512 0.263501047395649 0.11849270856559 0.166549573615462
0.320997486440759 0.116609109123664 0.0487322870830158 0.22383414006365 0.289826977288911
0.320415227847757 0.13317893016923 0.348056802149655 0.00917891944375818 0.189170120389601
0.120831750292572 0.113315870814072 0.246608753897238 0.262444199314448 0.256799425681669
0.00421796996723977 0.0946040857941883 0.0795839385007166 0.430704043332953 0.390889962404902
0.106625217306606 0.16723580841067 0.179304991671528 0.295305025387426 0.25152895722377
0.302876100927394 0.00847134792790973 0.49631883748481 0.151776193140318 0.0405575205195676
0.18305698820029 0.272849093648414 0.187408673638828 0.123385572763645 0.233299671748823
0.109185576710596 0.298289543552477 0.0881900387174316 0.503433167035033 0.000901673984461799
0.166581406596022 0.230722940088372 0.182194774548969 0.264735493043452 0.155765385723185
0.222830301904766 0.145274691810432 0.305247046217569 0.213316721492672 0.11333123857456
0.289429326866586 0.191055229506709 0.0834881682541844 0.119268169897375 0.316759105475145
0.0798263020078956 0.0548728150356463 0.172477912552747 0.274812021466601 0.41801094893711
0.261865102561341 0.0830770546552896 0.236827580988195 0.0808066858519809 0.337423575943194
0.129502599674434 0.261445491964639 0.30121123912809 0.258636245519115 0.0492044237137216
0.2822776558149 0.276648323233369 0.221409059099967 0.021622925530042 0.198042036321722
0.293110201544785 0.194856801275418 0.128457480801288 0.333498066443602 0.050077449934907
0.303409245935815 0.148688267757426 0.171676076071445 0.163312532328505 0.21291387790681
0.190355717010473 0.242769855419135 0.279418556113939 0.0442384898256517 0.243217381630801
0.175682011549821 0.0679855444748564 0.235134942769438 0.43644849672559 0.0847490044802943
0.157392616538635 0.479744895092813 0.119296393510223 0.136478942449913 0.107087152408415
0.376198735434748 0.042566215980927 0.0769868629275515 0.313132580079157 0.191115605577616
0.224802434298363 0.0290823581525927 0.262991132370853 0.285265677260388 0.197858397917804
0.194419351606055 0.252800996008436 0.0157212205444954 0.0289136560754003 0.508144775765613
0.2307024088891 0.0918687287873829 0.292544420652859 0.0663429504287873 0.318541491241871
0.0738773789652098 0.208664275070615 0.199714098383379 0.214239516161385 0.303504731419412
0.231615714824072 0.111410801136679 0.256678983920285 0.190300316736598 0.209994183382366
0.35238132029213 0.201274191991742 0.239050261836719 0.13671239028578 0.0705818355936286
0.249103867959349 0.0916050079266946 0.22104651640124 0.188398671574478 0.249845936138238
0.323721103161544 0.258362602702195 0.00146185243231769 0.289477639106699 0.126976802597245
0.275751735190837 0.0359292659481169 0.10000305718376 0.400832620525184 0.187483321152102
0.165040262116226 0.394107229228844 0.317868478228316 0.0362498651919253 0.086734165234689
0.158659692771274 0.214463073980593 0.0668767887614086 0.421376042353409 0.138624402133315
0.00340689468568036 0.192890037279252 0.236283717948228 0.290848120158155 0.276571229928684
0.200948633365759 0.0899446722371955 0.0379500118793247 0.279154996827982 0.39200168568974
0.22743674859335 0.327936496977115 0.0364524972521986 0.26328693009687 0.144887327080466
0.394951328678408 0.371588709337205 0.0526591003813506 0.0828698445907537 0.0979310170122836
0.138174043968664 0.327204513927467 0.192622832983319 0.0606710870313095 0.281327522089241
0.195135476489152 0.115586792823232 0.481345774535484 0.175342877624924 0.0325890785272076
0.335519493863982 0.00856206658420741 0.337234228929678 0.278282217844106 0.0404019927780261
0.0348226833311713 0.245322223859168 0.209976131945969 0.301575435044356 0.208303525819336
0.267096521202846 0.145348590639497 0.208137434133096 0.12380756318469 0.255609890839871
0.0347845092575347 0.479168524803792 0.185699490962701 0.0952023133144545 0.205145161661518
0.0215963141663336 0.179458980266557 0.241172954309963 0.254919663947014 0.302852087310133
0.152829907595117 0.498066923985843 0.135488042514174 0.0110845258614701 0.202530600043395
0.2991517524708 0.309143067431681 0.143880137793526 0.0480842141727189 0.199740828131274
0.115910929830922 0.253479399985308 0.224121929407356 0.20938267699987 0.197105063776544
0.342679353960196 0.026532591538183 0.203114905649093 0.367184775491693 0.0604883733608352
0.143386426796273 0.125090869475849 0.2924382323649 0.0700374036517817 0.369047067711197
0.292025188064702 0.20563554716914 0.0453356001644544 0.109846524134532 0.347157140467171
0.0371454390796158 0.110538196273154 0.320204478700217 0.446397890228312 0.0857139957187003
0.3379180871892 0.334564440032296 0.119772737491291 0.120104147194742 0.0876405880924716
0.163413525629054 0.267441579420581 0.290023543455221 0.238114205211928 0.0410071462832163
0.275187065106597 0.237458001852866 0.188318014231463 0.271596364331681 0.0274405544773933
0.326341647174493 0.276588890046533 0.159687131202883 0.102365301735738 0.135017029840353
0.407061066632923 0.28375043183383 0.11823878871414 0.167066027199751 0.0238836856193555
0.269565419897909 0.224631188356354 0.417291375272711 0.0102934169297902 0.0782185995432359
0.0563942623798675 0.30736728419418 0.267696016299742 0.0602780177540702 0.30826441937214
0.356138094704694 0.00251952856736585 0.182795404037608 0.213824668486391 0.244722304203941
0.196318631064779 0.293514566364404 0.0898625326222638 0.235420134612227 0.184884135336326
0.0594487842311461 0.356634045116916 0.308340979329379 0.042680734780994 0.232895456541565
0.113528452036299 0.222234128463774 0.35193516988704 0.162242368382816 0.150059881230071
0.0224638316958178 0.417776725798849 0.257948726633656 0.278575660884038 0.0232350549876394
0.401702048101063 0.0694005368646012 0.0690359829579036 0.421409129960164 0.038452302116269
0.0954092888304747 0.128956306810153 0.350262965174181 0.149326309476909 0.276045129708282
0.304787138751427 0.106355455428922 0.332847632582549 0.0300609564736996 0.225948816763403
0.387893244824089 0.367650801354736 0.152481796563594 0.0776893388455424 0.0142848184120388
0.255957602824989 0.23038593861204 0.18592693402512 0.0680136916909443 0.259715832846906
0.245230999514817 0.360788176609894 0.0123830288442634 0.108845578523954 0.272752216507072
0.175250972013049 0.0381138776951779 0.359435643477631 0.347035902027606 0.0801636047865351
0.254757348716107 0.0987490992602951 0.228333513614973 0.135570670800193 0.282589367608431
0.154347589351655 0.0862777757185162 0.213750049745258 0.524827314953044 0.0207972702315274
0.0195516122118657 0.359152774850186 0.0429075543266674 0.348979925217983 0.229408133393297
0.283885728957475 0.20701041047028 0.124772845909445 0.228553816862816 0.155777197799984
0.294591069213336 0.334067644668965 0.0611940694032543 0.295348661844431 0.0147985548700139
0.353600936279907 0.0781952547634724 0.00785485324092856 0.338030617586924 0.222318338128768
0.361540634207366 0.180480579437325 0.0835675052295666 0.299591230558753 0.0748200505669895
0.308490171248619 0.206333201167374 0.123032147360433 0.0830757418622443 0.27906873836133
0.123025125609067 0.354812809147522 0.113777456509518 0.218179296106612 0.190205312627282
0.253053205306653 0.210758921564895 0.0749987315131831 0.197875099062392 0.263314042552877
0.0840583207915243 0.170172875241346 0.358026428500491 0.253326053691847 0.134416321774792
0.285195900361764 0.142606083531098 0.404588399002481 0.0470295344081455 0.120580082696511
0.103787428705099 0.174692140045435 0.316668442989067 0.323850720312337 0.0810012679480625
0.161883173434604 0.3325739527665 0.0986389039718664 0.0303735118019451 0.376530458025085
0.200789702113776 0.0564711051018589 0.112250595955655 0.297886348949394 0.332602247879316
0.0576527455075196 0.163710321481467 0.261575806288333 0.257964921046641 0.259096205676039
0.136883921882924 0.251862005817501 0.178482269702522 0.218360817691834 0.214410984905219
0.135953137866617 0.123005120138238 0.381519081834691 0.256726128456884 0.102796531703571
0.070905713458744 0.189237097592057 0.359250870016067 0.0693671568624993 0.311239162070633
0.212566153541641 0.279547660204834 0.254259134562476 0.147232725633924 0.106394326057125
0.28205699534974 0.339090881416748 0.136576777107962 0.207066012981781 0.035209333143769
0.197155107155129 0.237050244514323 0.107713840647951 0.17739969320171 0.280681114480887
0.0273655853308487 0.304536962542781 0.352384732856394 0.273566999748789 0.0421457195211867
0.14510278175438 0.15494766698884 0.168835739113943 0.286482326149916 0.244631485992921
0.0644720115149452 0.021520925044756 0.234754890952394 0.173196128350004 0.506056044137902
0.0430741740743946 0.188842141672346 0.223469784287707 0.151629751105797 0.392984148859755
0.389254555398295 0.134397371532947 0.100328850001342 0.242258848429548 0.133760374637869
0.508952201621323 0.0312673388061104 0.375318305604845 0.0625687582288563 0.0218933957388659
0.0399653139157763 0.291038615276404 0.297463700873275 0.259119907459013 0.112412462475532
0.224834926673552 0.0548585108042667 0.251629731322062 0.193793752208033 0.274883078992086
0.230551437576447 0.095309799721648 0.330959100122698 0.0832415623628016 0.259938100216405
0.289484632607035 0.360236880613777 0.0730551422581349 0.0889853381007487 0.188238006420304
0.247397679315146 0.131599370131805 0.27866176656457 0.221580985252012 0.120760198736467
0.0980579593454252 0.342842264113411 0.256953287572602 0.216115196302294 0.0860312926662673
0.0396061721081436 0.407861640520411 0.182863301187438 0.206931453229228 0.16273743295478
0.449450462997088 0.284650922678328 0.0176352511230384 0.0123918165430247 0.235871546658521
0.269292375968336 0.361708155263393 0.0482806734032091 0.216177014103267 0.104541781261796
0.172635418030459 0.0664033916074063 0.310650843064074 0.352300364964664 0.0980099823333968
0.213476188134196 0.107578948850672 0.278764794527112 0.289026858406578 0.111153210081442
0.382487131532956 0.0088595476105983 0.0631977903892591 0.185157942200392 0.360297588266794
0.189383088024118 0.17276174218169 0.263967929618124 0.121097656720685 0.252789583455382
0.165762279511329 0.295843846199705 0.352962881210017 0.129167890505957 0.0562631025729922
0.0169137806705399 0.184639129140047 0.40356983381606 0.348133019212683 0.0467442371606695
0.296079401690855 0.0817951111163465 0.302747488258568 0.136515718439254 0.182862280494977
0.25833972609186 0.168530005345789 0.281800917330874 0.137607899894032 0.153721451337445
0.237379139756558 0.232343373148955 0.322533082545777 0.0210638722537352 0.186680532294975
0.167609187712664 0.0348109340351928 0.159597721066695 0.0524642600367092 0.585517897148739
0.0245084526716514 0.24222071292329 0.244605301497534 0.271238931927388 0.217426600980137
0.144371416519616 0.0222412182070895 0.103168410452312 0.316552542828403 0.41366641199258
0.377357571973436 0.458277620644065 0.0593516997615729 0.0760306275236226 0.0289824800973033
0.405112450252695 0.132659354370962 0.207786971753063 0.107893861706098 0.146547361917182
0.171163771674595 0.265697645894309 0.201253204105403 0.210767276793103 0.15111810153259
0.213164894341296 0.0780991960786439 0.179562324900255 0.26111393506658 0.268059649613226
0.12964717633795 0.272796933203846 0.0652403392989654 0.285464140757584 0.246851410401655
0.07452827171326 0.352502267863799 0.189111529782141 0.102295826250642 0.281562104390159
0.216558728697986 0.218800765217161 0.21150957274772 0.229807244897287 0.123323688439845
0.22029543845729 0.075487128596765 0.040381747448455 0.329111647965355 0.334724037532136
0.152348626512752 0.0874721608883666 0.349007149078267 0.00224874024770403 0.40892332327291
0.0471399744628299 0.317944954388711 0.119471303191367 0.204938906773281 0.31050486118381
0.337131437546957 0.313169264292271 0.099847218094219 0.231160285156713 0.0186917949098406
0.0182158799721631 0.232142475927468 0.405772493878293 0.019413714561028 0.324455435661049
0.197021621811664 0.109348364101708 0.372871991059802 0.0490611724486127 0.271696850578213
0.0577051823774322 0.0174932637599413 0.265949879613357 0.313181824324558 0.345669849924712
0.246925613485177 0.233851174522001 0.213392665191728 0.162675892563659 0.143154654237436
0.318854649840589 0.150910201440743 0.345303497657521 0.01643226562556 0.168499385435587
0.0647305916578832 0.258627905363859 0.323705233719868 0.328223195337281 0.0247130739211094
0.187223172713282 0.0837615684311173 0.0878596683676775 0.120659250244913 0.52049634024301
0.179784729380041 0.243893895249283 0.24882191572077 0.200620187825968 0.126879271823938
0.193928650655418 0.203511927838201 0.187124840846625 0.239545632203374 0.175888948456383
0.156208579014766 0.370476424073428 0.0324592478591993 0.108260681796854 0.332595067255753
0.435580698292792 0.225799279337629 0.171884407194944 0.14046803717526 0.0262675779993745
0.178768554514684 0.37167564869346 0.138526143757578 0.215970709214368 0.0950589438199095
0.195153869316988 0.0298116082340808 0.0818582162495378 0.395973178818203 0.297203127381191
0.285043965253147 0.256430667606018 0.218569113425459 0.0728390845372563 0.167117169178121
0.0983852629474329 0.365485453200887 0.371825030410142 0.034915232930839 0.129389020510698
0.102810670985783 0.166737231287884 0.37958435095236 0.311890853978558 0.0389768927954148
0.129049967980964 0.0986073117963487 0.363014117018425 0.376962750227666 0.0323658529765971
0.349947707359268 0.166884337936237 0.0371548934804327 0.222852611965648 0.223160449258414
0.00751161596602605 0.378989533476778 0.15915811372675 0.143895825923288 0.310444910907158
0.169107988209619 0.312728139235754 0.135227256129692 0.0398294803671494 0.343107136057786
0.000248130637076324 0.0960315381053267 0.344523679880794 0.251549237120285 0.307647414256518
0.19122189520754 0.263613507382237 0.199703322896681 0.311598002480338 0.0338632720332047
0.0119065799347472 0.117852448481662 0.345108577760523 0.259562412351116 0.265569981471951
0.218436741578991 0.245688696629529 0.121378177502859 0.197841908238878 0.216654476049744
0.17538318351408 0.252338881153989 0.172432310904131 0.152411724510359 0.24743389991744
0.194110914536013 0.282800000685309 0.0679432854216932 0.252317528080147 0.202828271276839
0.295820379467248 0.176570476355485 0.0492136875866417 0.285034684285747 0.193360772304877
0.301588139768024 0.166434323729277 0.136498512311313 0.227711061380974 0.167767962810411
0.17926978527767 0.228054831487409 0.273591699405734 0.178676044121247 0.14040763970794
0.41575239006367 0.165427935567873 0.182712233964511 0.0210131911349891 0.215094249268957
0.0613469384065349 0.214874903122821 0.224695461929699 0.223801229173397 0.275281467367547
0.192420350892105 0.297568317824758 0.107364058748355 0.0303354578107949 0.372311814723987
0.267399280033439 0.154491107007998 0.248520493558046 0.0748930891375413 0.254696030262976
0.109319927172593 0.201943082343413 0.337927616814115 0.237159209308634 0.113650164361245
0.0594793625708788 0.27231067202617 0.259555893896122 0.18783349346456 0.220820578042269
0.0777165508136978 0.213064027185074 0.282457402651568 0.179242664864874 0.247519354484786
0.23408779744219 0.376561220203469 0.11363901327881 0.174962493172301 0.10074947590323
0.194979776742277 0.212862461052565 0.126451372256727 0.252105639618652 0.213600750329779
0.0489668995612759 0.252334379377632 0.157531473387446 0.287419202715653 0.253748044957993
0.189268591412832 0.106260813425157 0.375183459012942 0.142606559269854 0.186680576879215
0.247235487705549 0.186213780112841 0.162340477586622 0.272639047328385 0.131571207266604
0.211916803025617 0.216434858941045 0.205465680312705 0.221316392789138 0.144866264931494
0.248998713526641 0.095000176047875 0.379544012741457 0.249468282597755 0.0269888150862719
0.496859400618912 0.0541712168062787 0.0451320235864967 0.166399393935568 0.237437965052745
0.116184641741134 0.211644737354029 0.175443564078614 0.268652460628944 0.228074596197279
0.279347265543286 0.138448528718399 0.22150597390938 0.201523162866005 0.15917506896293
0.0283670595503945 0.125386162324026 0.302650823557753 0.228466758639611 0.315129195928216
0.156686737864279 0.0528309671288016 0.266344764052615 0.398460715977457 0.125676814976847
0.166982800458188 0.0924389031845734 0.190851651742851 0.358438398452676 0.191288246161712
0.20389395728571 0.20008485226598 0.14887646459713 0.208164814491802 0.238979911359378
0.193175531687035 0.173704139836938 0.0985015496320103 0.244564235288444 0.290054543555572
0.261485716063417 0.226511486087474 0.185329868149493 0.211076460188612 0.115596469511004
0.158567012441962 0.292036632913598 0.184085373271888 0.238641047083424 0.126669934289127
0.172233455496706 0.232640142108678 0.316513719761392 0.164480583658686 0.114132098974539
0.216284390607954 0.334692233817412 0.158266342316402 0.131857426246938 0.158899607011294
0.123614701353902 0.240201793883636 0.272259734972578 0.187971918790777 0.175951850999107
0.102170351000283 0.280325729336007 0.276115530463851 0.145485171602429 0.19590321759743
0.0844885342022626 0.284721201763453 0.172250936311012 0.0678756359666821 0.39066369175659
0.312073430295113 0.113368849092985 0.401818702030407 0.102021797211635 0.0707172213698606
0.380196083978875 0.00272938376250922 0.0912055818987985 0.300480893271347 0.225388057088471
0.257927287465802 0.0920122136512416 0.262695006518686 0.203071930410494 0.184293561953776
0.204877292190598 0.160454191999384 0.232950945067982 0.37594429998318 0.0257732707588563
0.0226051875893869 0.23760546087885 0.277701491422572 0.345967595582195 0.116120264526996
0.213579684092147 0.168688289037123 0.190890857853667 0.137373880046782 0.28946728897028
0.134171932283264 0.363138362516785 0.216855828960544 0.135214251083413 0.150619625155994
0.0948081155906037 0.164372059493179 0.344195442495947 0.176822752575532 0.219801629844739
0.175905518925358 0.255121393248868 0.262264627464068 0.193729413488697 0.112979046873008
0.00522312644508932 0.336957967283693 0.121212729405061 0.0840261587249669 0.45258001814119
0.173112805048825 0.383527306909304 0.241351058647291 0.182648866600559 0.019359962794021
0.245406819378793 0.219827392168531 0.0697138444204687 0.2076120767065 0.257439867325708
0.0705753544089065 0.195278150654462 0.186429038356984 0.275556910843424 0.272160545736223
0.0995944997827591 0.248872170097067 0.415534760207706 0.155634187641105 0.0803643822713631
0.245004429891925 0.0229578313419806 0.253640432984818 0.0490160362182131 0.429381269563064
0.0874280225566232 0.296842616480333 0.104292621091149 0.484629546065336 0.0268071938065589
0.00502133172128297 0.0776167743618972 0.327517803642951 0.319698819028191 0.270145271245677
0.384345055823885 0.0380818163205618 0.130679013969778 0.146447643941578 0.300446469944197
0.261769470915308 0.324319807632505 0.234018725366761 0.0636173553183607 0.116274640767065
0.133928180557551 0.281267229164057 0.0190375268291177 0.282447674692645 0.28331938875663
0.204434299183839 0.193598056479793 0.312467661979516 0.00900223458434601 0.280497747772506
0.227273002433574 0.305176320172341 0.322711963751914 0.0670891223954089 0.0777495912467615
0.0993813601842242 0.236351051828088 0.0169778158519287 0.339151402763232 0.308138369372527
0.275942826278534 0.167575828033404 0.368288394891063 0.0212893613181881 0.166903589478811
0.279431225561146 0.107197538158195 0.049842904466336 0.313261453123514 0.25026687869081
0.294686803757252 0.212154724682939 0.115207519501374 0.101806789668554 0.276144162389881
0.12201020010845 0.137092059830471 0.271985027394239 0.260097268413088 0.208815444253753
0.262330041459478 0.30667806007652 0.0291992608538326 0.0812885650425298 0.320504072567639
0.331290555356558 0.253288755915324 0.0368066525235398 0.241111526580177 0.137502509624401
0.27910968384344 0.336358651299709 0.0123457845585364 0.215561066035076 0.156624814263238
0.160838686931878 0.0909697645923111 0.211313862125396 0.00654004457989709 0.530337641770518
0.136302059444094 0.378737112360807 0.235335182034516 0.146386365777619 0.103239280382964
0.112032319071759 0.342012525759274 0.0599572633786602 0.130066231568863 0.355931660221444
0.0570956087544713 0.22505580011314 0.125801206305168 0.311517669835993 0.280529714991227
0.153548735384162 0.21776028324048 0.178575132803568 0.212313202806975 0.237802645764815
0.46819416525739 0.0362821066488452 0.246778790345977 0.135021151639118 0.11372378610867
0.085500243890913 0.252497537391678 0.46091675227097 0.122053963711384 0.0790315027350545
0.135475143628132 0.18415372421078 0.361464398524311 0.298981724672431 0.0199250089643464
0.043155366811835 0.319457733611426 0.191436561748843 0.0870775788195947 0.358872759008301
0.230395392542765 0.163790846766158 0.158037795528329 0.300978215577389 0.146797749585359
0.24788531236375 0.292348470091869 0.0944426749308649 0.315039226201643 0.0502843164118734
0.350445657099197 0.137021477319402 0.0240527894811561 0.177082071562264 0.311398004537981
0.327029048290064 0.16066984466415 0.0448248347491003 0.269510459662427 0.197965812634258
0.307812137140255 0.0540618490549935 0.32827828911096 0.183463948844937 0.126383775848854
0.41569349908504 0.22548134779261 0.232606413682506 0.0432295530609392 0.0829891863789056
0.254853304431437 0.247357371876334 0.110126604531743 0.0465511225309974 0.341111596629489
0.0442001003369701 0.325880963924846 0.0964915516838603 0.12215148811908 0.411275895935243
0.0835407735815736 0.0930406133462831 0.19766423440828 0.251797447113162 0.373956931550701
0.139580664761419 0.0128630631337697 0.0492411308959588 0.425103241296629 0.373211899912224
0.198875967225576 0.386624566184218 0.127974777875411 0.0936429135175376 0.192881775197257
0.154520332833784 0.194050821126193 0.345098256205773 0.00951129385676856 0.296819295977481
0.093494826799147 0.291057832830034 0.117671121072957 0.330978874468862 0.166797344829001
0.188040549889701 0.0511218681501257 0.283975391444402 0.219782644017813 0.257079546497958
0.288701179769923 0.244819692517964 0.175767135498145 0.145214012950347 0.14549797926362
0.322075121388823 0.307279684260722 0.251124175816416 0.0639448712253038 0.0555761473087346
0.318218740598024 0.117504386588455 0.0867862752373973 0.103432363149353 0.374058234426772
0.142435764300481 0.0851555916868837 0.336544624840834 0.107194390997624 0.328669628174177
0.162841579569072 0.149615982141827 0.166269448206984 0.169059645873901 0.352213344208217
0.141589769408879 0.231290945693871 0.273140319941203 0.228873685256546 0.125105279699502
0.25542026282083 0.273387225395592 0.0590673956856164 0.129659833162332 0.28246528293563
0.109146298072837 0.381160943624151 0.104493708968189 0.0825278560475998 0.322671193287223
0.268793880334805 0.101155254461668 0.178939640031245 0.213272925688847 0.237838299483435
0.0602500774904391 0.100789888303417 0.43548880662997 0.034537255082995 0.368933972493179
0.150827779396972 0.100306092537553 0.312315940224889 0.300165858898916 0.136384328941669
0.146353336462908 0.184409502401019 0.0579295936964458 0.54096964537184 0.0703379220677868
0.144877532521867 0.317797170913278 0.252449150396678 0.200411296210293 0.0844648499578831
0.26440248662861 0.311962810215044 0.260294769974598 0.086134472763166 0.0772054604185821
0.121386842741201 0.192069032046161 0.181800416659772 0.315328869074747 0.189414839478118
0.259005363027352 0.141479131278623 0.197349388676769 0.224577230784376 0.17758888623288
0.345091196648615 0.00740428584071664 0.209422628713573 0.365623368055341 0.0724585207417535
0.111745107144621 0.0818722243940152 0.418121405279968 0.269153867675338 0.119107395506057
0.315169260174522 0.0757135997480318 0.0985483843421045 0.189037666139215 0.321531089596127
0.0198416127558158 0.169204822787451 0.425519562751693 0.3812761733304 0.00415782837464074
0.206698877469302 0.154440691497466 0.314364160331903 0.0160431171568788 0.30845315354445
0.327980668232869 0.272362503037068 0.0458659961067237 0.244126426248291 0.109664406375048
0.061351979383405 0.334575858554831 0.386435050734143 0.139735431636095 0.0779016796915266
0.332465327758441 0.279442174905067 0.0103424140523246 0.0837483609596079 0.294001722324559
0.445025568274626 0.3996691953257 0.0943317315736016 0.0140570319895602 0.0469164728365131
0.212702600854404 0.170140907190354 0.184684413108564 0.244136600217945 0.188335478628732
0.243477181509095 0.161123813501336 0.133154526267472 0.154821085760771 0.307423392961326
0.147742625137218 0.07791458679578 0.311193061765971 0.334154147098821 0.12899557920221
0.296769302873798 0.291660366439252 0.0516890704429518 0.301233934926953 0.0586473253170449
0.173220382411394 0.304980521237217 0.315120937039782 0.162708834872459 0.0439693244391473
0.286215056471146 0.00122357005913523 0.0344523855795308 0.445405396350471 0.232703591539717
0.171061112943764 0.290034743837611 0.177440225232852 0.034844321135128 0.326619596850645
0.106533835159384 0.164345816054666 0.170398104172449 0.271982778519515 0.286739466093986
0.450283994339798 0.0465391579160074 0.0686871146185774 0.185183943769975 0.249305789355642
0.103452932279849 0.293082075258592 0.265862446629083 0.111014964737924 0.226587581094552
0.134761169539676 0.211966801921072 0.246839578813419 0.117251913837246 0.289180535888588
0.330934488918649 0.101325400752053 0.177190782394356 0.194647357561203 0.195901970373739
0.213716208343643 0.0794659499008086 0.392414993093156 0.226300531937258 0.0881023167251344
0.0180274369566892 0.0691897142797914 0.39162784027717 0.356932517493734 0.164222490992616
0.167417294476174 0.265711406127005 0.222528342224947 0.131021945057956 0.213321012113919
0.225287355499073 0.192201880254538 0.109136516531062 0.465711632260372 0.0076626154549554
0.115330865746404 0.220884525731164 0.250520157983839 0.140329038870985 0.272935411667608
0.0600278486702749 0.210528226692439 0.349532276913834 0.174474265081454 0.205437382641999
0.290604361954641 0.144494488579314 0.0745663235410365 0.342871189427631 0.147463636497379
0.305737175069357 0.0372246739281947 0.279411319777945 0.263723435105173 0.11390339611933
0.151015857655126 0.218430496261401 0.202617467560756 0.167210863932129 0.260725314590588
0.158018948272463 0.145680476900216 0.191160051168479 0.178340478852647 0.326800044806195
0.383321111598074 0.0154609765215007 0.214575915373974 0.0433463870400374 0.343295609466414
0.0335797784746538 0.123373007947837 0.397288081430002 0.106682262212495 0.339076869935012
0.0191939443864463 0.381444494214945 0.51283120583762 0.0584583688861502 0.0280719866748388
0.105621188455152 0.0931120072062985 0.268020496561149 0.28858924226512 0.244657065512281
0.00487449315747471 0.343891166020785 0.213027995783521 0.350541269000289 0.0876650760379302
0.172354878765302 0.204597253299996 0.091147399891548 0.231570156960205 0.300330311082949
0.232950637101083 0.0934156087740976 0.275465471585466 0.195821564011245 0.202346718528109
0.150190089002919 0.195004748815191 0.143735075089279 0.289324666523465 0.221745420569146
0.0248884155996942 0.152732950570526 0.119036859791349 0.428105461852358 0.275236312186072
0.172036634396944 0.0137202495742075 0.10466422866159 0.352836835929677 0.356742051437581
0.264904236707408 0.268544147184531 0.238728475452239 0.11600015371116 0.111822986944662
0.315617960057735 0.186278155473427 0.268451681723003 0.0461352562952262 0.183516946450608
0.0408279327490161 0.0137567054842793 0.274944087419545 0.0887386269857984 0.581732647361361
0.0344789155726976 0.372260567249655 0.378403619058608 0.0984835823833643 0.116373315735675
0.193310958082576 0.250569744869178 0.080828137901108 0.244623818383195 0.230667340763942
0.17968962577771 0.0662552618617343 0.269153004571691 0.219212686456274 0.265689421332591
0.0475041074664667 0.53705283510084 0.206552323118133 0.169401613761883 0.0394891205526771
0.236114465153671 0.288517491574993 0.0742236882168504 0.166411331495557 0.234733023558929
0.287077605639026 0.321162526881605 0.0638615037670874 0.0147052399019734 0.313193123810308
0.261540368235428 0.136630331277632 0.184970109301562 0.26846076480182 0.148398426383557
0.0530286236389833 0.595534669224127 0.0834745731823358 0.161511872496582 0.106450261457972
0.235481405987343 0.264614514466987 0.230112721591326 0.245964179296218 0.0238271786581264
0.374872161556856 0.00171969441345267 0.0782820054297091 0.273316984551816 0.271809154048166
0.105632942337667 0.0201321823100787 0.290094252095144 0.178994397215634 0.405146226041476
0.30295385013589 0.0246464357124223 0.253365651803678 0.229924713777646 0.189109348570365
0.240510051192186 0.000988731659955227 0.00322040357885947 0.11358020449584 0.64170060907316
0.151495646829076 0.101733400055532 0.327111392005608 0.0514535207160298 0.368206040393755
0.500454070482378 0.191982020538142 0.140337561730754 0.0747255754977806 0.0925007717509457
0.362343378797187 0.355041747085708 0.0677260942023624 0.0296207775572221 0.185268002357521
0.10483810905437 0.310645077354952 0.0137752944280754 0.294290051131035 0.276451468031568
0.150984714318523 0.242222146832871 0.167561857526713 0.270026223209526 0.169205058112368
0.0417636730294391 0.537713519201963 0.0639212406880531 0.124092204967043 0.232509362113502
0.30011596225312 0.0058535971346636 0.262239530570337 0.15849663759615 0.273294272445729
0.028887272648447 0.192195537960811 0.127775943487316 0.24383753231131 0.407303713592116
0.108098827422651 0.254069058937153 0.0411286429307457 0.302352899356592 0.294350571352858
0.258786625112908 0.228082973691184 0.147665263170223 0.158942021624443 0.206523116401242
0.130418763932293 0.23626374464117 0.138094435333242 0.361514635875934 0.133708420217362
0.0363514891332906 0.284421066541835 0.138014005685321 0.287589102530754 0.253624336108798
0.0773054364672982 0.2023552986034 0.24004985018587 0.241783097014378 0.238506317729055
0.169104222989665 0.190677732866671 0.163892662072929 0.251976787757355 0.224348594313381
0.166250565109555 0.0919279428650481 0.289335562307024 0.214677329143924 0.237808600574449
0.316390649057644 0.305576105817129 0.0783884420218559 0.283788354312335 0.0158564487910362
0.378961682506969 0.150159470289438 0.251960095062628 0.0765098273081831 0.142408924832781
0.127677769871581 0.204844308038063 0.197534757579201 0.283107627372246 0.186835537138908
0.0440067321219709 0.0780898306297933 0.267556943921797 0.441855461733801 0.168491031592638
0.114866223411129 0.296656265486942 0.240041639451162 0.110586832859168 0.2378490387916
0.288991623635771 0.187069911590652 0.122508084436681 0.106767251236084 0.294663129100813
0.0649582951138094 0.0192740717455867 0.359764747470824 0.0833453409817085 0.472657544688071
0.211757516665805 0.0168680202696733 0.195298527515464 0.256452575715671 0.319623359833387
0.128814075128188 0.349109803324802 0.374349309498158 0.127017014005012 0.0207097980438404
0.165494189075304 0.336949084434958 0.152941433253183 0.0672268417179042 0.277388451518651
0.281806290983634 0.0724535942634009 0.29337769696319 0.105361379870992 0.247001037918782
0.193050388883898 0.199704899085686 0.244502833354995 0.183963082868339 0.178778795807081
0.263650983525755 0.195039433678434 0.0735023546100576 0.268903553675509 0.198903674510245
0.27495610513618 0.221604912180118 0.202416742362873 0.225846602210869 0.0751756381099603
0.0440035542071584 0.308656009000647 0.206815013440962 0.243894417939177 0.196631005412056
0.115789980365847 0.248817981629334 0.118276424792984 0.261289359619961 0.255826253591874
0.22100642655996 0.210668267368428 0.256458793077329 0.180819845259794 0.131046667734489
0.353806762829833 0.0661961032274119 0.128347118423277 0.396654343129434 0.0549956723900435
0.205001644834924 0.338459660187952 0.0950128761371337 0.274742847268483 0.0867829715715072
0.108553551853132 0.0466381420234874 0.221681895989807 0.0826385283183448 0.54048788181523
0.24966279304083 0.190272430995007 0.236417202936115 0.251900346644543 0.0717472263835051
0.451431437002672 0.0674408040349741 0.254114632408018 0.212064111694576 0.0149490148597605
0.0422498905248857 0.228587193739588 0.443422362648544 0.243023956767577 0.0427165963194059
0.194784413990124 0.328669706054564 0.205149196503297 0.267865186431326 0.00353149702068862
0.0670646714639721 0.338565605708346 0.26315854605871 0.276578188578311 0.0546329881906608
0.49640072511739 0.321961936982009 0.0579937046922507 0.0087604959201932 0.114883137288157
0.115333850305705 0.0199310939446133 0.404529911124989 0.29521404347234 0.164991101152353
0.266058071640048 0.203771967011961 0.13384773742609 0.111671117883046 0.284651106038855
0.106526204238961 0.0504802532642234 0.106152360250331 0.311858401927518 0.424982780318967
0.114287143946492 0.0709304419173224 0.269481480198207 0.477447628177621 0.0678533057603584
0.0946215108453688 0.0821148747660351 0.41370608739176 0.209132259260738 0.200425267736098
0.0574784373601651 0.229509564849232 0.322817306851369 0.126439058527741 0.263755632411493
0.0368713384598348 0.210792951081892 0.266078946095407 0.19159065895993 0.294666105402937
0.155783312199143 0.154491907569853 0.229526789546466 0.352113684873576 0.108084305810962
0.1887870202377 0.118383342357806 0.301689965440432 0.183118113168161 0.208021558795901
0.380940990457629 0.215702067206411 0.0282234125512786 0.344482761703861 0.03065076808082
0.186736443698846 0.117330387807676 0.1615599395381 0.164961291382177 0.369411937573201
0.260968848572368 0.202163801593464 0.145916622266508 0.261694953985574 0.129255773582087
0.048238637112528 0.242790669750792 0.0513174960687299 0.486744885683468 0.170908311384482
0.237892526363758 0.176487768512616 0.296504990560009 0.131941747120677 0.157172967442941
0.172389804151986 0.0578094407855723 0.353421295223724 0.224319922274538 0.19205953756418
0.107262979986282 0.526631359417679 0.168445900553368 0.119495485533336 0.0781642745093355
0.177893223942552 0.065285891286379 0.241507231709364 0.220102564680985 0.295211088380719
0.331406562737154 0.261745859972265 0.0581603001251204 0.283014519205636 0.0656727579598251
0.271549956913242 0.0204838211832633 0.24167637397338 0.179741028192106 0.286548819738009
0.241029865205122 0.430008281451571 0.033812229707095 0.0721032683893293 0.223046355246883
0.0395285520948038 0.00624385897282552 0.0749348894586356 0.601014005269749 0.278278694203986
0.484114605505498 0.111313750126925 0.114431202839771 0.0346679065482223 0.255472534979583
0.151094163308982 0.156978859012118 0.20487448140499 0.262064111404926 0.224988384868984
0.174009547994408 0.134599652620007 0.193353228456027 0.256103302846918 0.241934268082639
0.0951127376252297 0.0341954043155644 0.107003668739588 0.270762315968162 0.492925873351456
0.359747635596451 0.0116168372179878 0.0715562489556928 0.153896145677277 0.403183132552592
0.247165787855872 0.148630880900699 0.120143279451036 0.366425624253499 0.117634427538894
0.411087669395612 0.297919986120854 0.0445038777431329 0.104447180036939 0.142041286703461
0.15607758981952 0.0824616623790218 0.121719236188238 0.462843769566606 0.176897742046615
0.136598267892531 0.127572556129219 0.346482115195959 0.112078784967489 0.277268275814802
