0.276001075218315 0.254139427382752 0.176428289501569 0.293431207897365
0.30820001608659 0.385863276605005 0.166234943935139 0.139701763373266
0.110853000099389 0.149699756814901 0.40788048599963 0.331566757086079
0.48703063905576 0.194187182157674 0.0590991434366484 0.259683035349917
0.565429289988636 0.348826836664777 0.0192973215587463 0.0664465517878406
0.121203514020565 0.47217978745397 0.340045050435826 0.0665716480896391
0.250201638683658 0.193930035729402 0.148504592523036 0.407363733063904
0.20689926714865 0.234681274948649 0.212495367178327 0.345924090724374
0.257411350306635 0.131121535155176 0.459339764931682 0.152127349606507
0.147574903587185 0.371253818698059 0.441284626748091 0.039886650966665
0.0351668052900347 0.436576160807168 0.231713937810695 0.296543096092102
0.247729821399219 0.354857559213263 0.217764766601395 0.179647852786123
0.0226183825120702 0.260275306750525 0.281768692760977 0.435337617976428
0.226548032395432 0.00858988240033217 0.463284037743353 0.301578047460882
0.169584882699617 0.392713153090104 0.127295003282132 0.310406960928146
0.120752397311873 0.206487200710511 0.430825140512968 0.241935261464648
0.0906967869754738 0.353060098032299 0.254740096981144 0.301503018011083
0.135584093791832 0.407237090833388 0.0169734485544596 0.44020536682032
0.210482637280426 0.268362626773524 0.258867353112845 0.262287382833205
0.0650539796628582 0.472104843244501 0.270943063290137 0.191898113802503
0.242653993488792 0.297153040964485 0.0200095040495125 0.440183461497211
0.415105796348256 0.169910692057362 0.168431691223 0.246551820371383
0.068615088088979 0.560101827724798 0.364308255111082 0.00697482907514145
0.125294906967272 0.373945833187354 0.13774890825889 0.363010351586484
0.112839618761587 0.3828919147412 0.31595292164939 0.188315544847824
0.203155005061748 0.227110805370627 0.239041780815624 0.330692408752
0.443793674841754 0.274716974024465 0.138600644247937 0.142888706885844
0.369238159551042 0.142338207848226 0.461883315049304 0.0265403175514277
0.15626204652814 0.0639455067655329 0.449915754466719 0.329876692239608
0.46984347697066 0.257638602460674 0.122617335413621 0.149900585155045
0.236539723362621 0.269158302045426 0.194340915950232 0.299961058641721
0.36520131313459 0.257832693425124 0.0489807015177386 0.327985291922548
0.396607083955891 0.156436718400449 0.0354886926218687 0.411467505021792
0.251854275719943 0.0586502735635 0.324067825215889 0.365427625500667
0.506926323502707 0.127951855993679 0.351835218006814 0.0132866024967995
0.43368565031316 0.230502043432062 0.233176286994198 0.102636019260581
0.143279403244865 0.671961617527685 0.0855661077785875 0.0991928714488631
0.157252651886898 0.283261510831576 0.23908482632155 0.320401010959977
0.238750861279886 0.383052867334713 0.0696901602896547 0.308506111095746
0.480795201920744 0.0719457865580872 0.0908106774169629 0.356448334104206
0.291438103388886 0.123328879005772 0.213063814513561 0.372169203091781
0.19553819415947 0.400467870997165 0.0816159579820437 0.322377976861321
0.23581146619485 0.368743767264059 0.155885822366228 0.239558944174862
0.287136892011172 0.13272764601261 0.219553919912136 0.360581542064082
0.367351278111381 0.286016092114931 0.271463020354509 0.0751696094191787
0.0913201559179945 0.319807226478345 0.27665795412469 0.31221466347897
0.413308633673398 0.385616778159127 0.0264526682705458 0.174621919896929
0.0859611827596519 0.0303837244469659 0.486689142961577 0.396965949831805
0.38369598360884 0.229240186012599 0.375800229961787 0.0112636004167746
0.0718464935362563 0.443147354108176 0.384505443154126 0.100500709201441
0.270504267174089 0.100910969877687 0.213954754959267 0.414630007988957
0.00510268473538214 0.571843126666354 0.383361340437757 0.0396928481605068
0.542070697497442 0.0734184432052168 0.342994668927225 0.0415161903701156
0.192618607175145 0.249818949754153 0.330782553472513 0.226779889598189
0.166074949704486 0.451298389226993 0.0946487286874464 0.287977932381075
0.22252278850985 0.347684717706078 0.224507782146161 0.20528471163791
0.284041555723798 0.174080178294206 0.316796868269978 0.225081397712017
0.0502688946215659 0.308604575923418 0.172611560705614 0.468514968749401
0.306727822585604 0.0849479541613301 0.443318940197556 0.16500528305551
0.162818752533492 0.247557369363358 0.280428143194496 0.309195734908654
0.0382599658548449 0.321081259404254 0.285133003275557 0.355525771465344
0.204453911480824 0.498306862011794 0.00131005741022278 0.295929169097159
0.0725263952320739 0.365420300817526 0.388918401684612 0.173134902265788
0.324982604612399 0.059126603539203 0.372914629439252 0.242976162409145
0.213342190440653 0.288488028530316 0.0898200246467109 0.40834975638232
0.143641992348802 0.275875736102504 0.346533627757867 0.233948643790827
0.271800053415332 0.237084644418271 0.228685153715508 0.262430148450889
0.252148906136268 0.322579758847058 0.283039149417838 0.142232185598836
0.45714731209845 0.403145782675173 0.0959159359947992 0.043790969231577
0.0393931478373511 0.0427440256832559 0.444352449927425 0.473510376551968
0.168862680531105 0.346410367982797 0.151573237426273 0.333153714059825
0.287823582455085 0.277697180737514 0.166364444466052 0.26811479234135
0.368123026857608 0.0927108425035391 0.503440915373871 0.035725215264982
0.172765419042846 0.327902281162827 0.182905805766994 0.316426494027333
0.068971013844417 0.289908074766043 0.46663661265463 0.17448429873491
0.288333226813419 0.135542024525427 0.540521304231341 0.035603444429813
0.381300961588241 0.0262977107563071 0.165723900601429 0.426677427054023
0.260785157723042 0.22902530927064 0.204978207404682 0.305211325601636
0.243094947906099 0.527507808161938 0.214054699197257 0.0153425447347064
0.176996025353816 0.112998910784868 0.208674114549155 0.501330949312161
0.159149037469426 0.316450941364081 0.313356170767452 0.211043850399041
0.364587060040458 0.0869439527806519 0.0749393039803044 0.473529683198586
0.325359144746417 0.0679681258699165 0.333734589449353 0.272938139934313
0.0575959144607123 0.394393735697165 0.174624828035411 0.373385521806712
0.428578865976125 0.32031274675431 0.00814275748428297 0.242965629785282
0.310879936549105 0.302748058669477 0.101407408953183 0.284964595828235
0.360554506434857 0.113036175591124 0.373114618252789 0.15329469972123
0.244821128171058 0.457969923352535 0.2909780586695 0.00623088980690729
0.0304517223519703 0.0794739040846883 0.374301188847654 0.515773184715687
0.351746342620519 0.157219642190633 0.15127818454927 0.339755830639578
0.402063244779162 0.182360733283952 0.28874731764659 0.126828704290296
0.0911019154504667 0.349169221592969 0.472221049551957 0.0875078134046074
0.388236494046205 0.26786874958728 0.162996043709588 0.180898712656927
0.0309305097923364 0.336292111746483 0.202632395574087 0.430144982887093
0.26820717247127 0.00605712612664433 0.375234664757852 0.350501036644234
0.363737432836196 0.16137848671239 0.203369345448626 0.271514735002789
0.189652706022579 0.205688489299047 0.419742337972398 0.184916466705976
0.330442584253109 0.350163594186061 0.276646806678174 0.0427470148826562
0.0148072127682233 0.358539667319601 0.340032971286004 0.286620148626171
0.270679458974624 0.346264394646474 0.266268196812855 0.116787949566047
0.21019914191063 0.253681466562633 0.379569501664225 0.156549889862512
0.243922019444131 0.128293228603162 0.441704805243202 0.186079946709505
0.246899590228265 0.305702429876417 0.294612491985992 0.152785487909326
0.303681492884336 0.120509634798715 0.233125189678125 0.342683682638825
0.414958913384275 0.0781011048724552 0.0376924809532237 0.469247500790046
0.221975598609851 0.286429713803733 0.207050380444315 0.284544307142102
0.126148407519499 0.353720849167075 0.118123295253665 0.402007448059761
0.0923901129008229 0.387160739918365 0.479428173787162 0.0410209733936496
0.0613952876744767 0.105200632689231 0.585511655321372 0.24789242431492
0.438196050627778 0.275724795756885 0.171273141939564 0.114806011675772
0.113100461143039 0.320827810414248 0.21714541044572 0.348926317996992
0.125111670580436 0.341423845225513 0.426353414056379 0.107111070137672
0.238012368265597 0.309468845331365 0.119188334067451 0.333330452335587
0.0949633703866931 0.106830541900282 0.421467328896302 0.376738758816723
0.382391604649152 0.248629343395877 0.146024714481951 0.22295433747302
0.0290024875436527 0.216450318358263 0.492926063841634 0.26162113025645
0.247274886908652 0.288041852612662 0.231301284723957 0.233381975754729
0.114331779245404 0.360364816989061 0.168898346928106 0.356405056837429
0.331640061373121 0.0304154820666473 0.415514969042316 0.222429487517916
0.247901886045404 0.114502920059335 0.217801601512751 0.41979359238251
0.321024480288284 0.310235880228315 0.0582318389149727 0.310507800568428
0.455872413520806 0.00511879945816216 0.361851647885321 0.177157139135711
0.314974032126624 0.339148230982463 0.114842723013957 0.231035013876955
0.188378373418919 0.157740116091547 0.267936435580878 0.385945074908655
0.286489406201062 0.235832659965602 0.260152922889585 0.21752501094375
0.0615588097676085 0.157891990063398 0.299271054574986 0.481278145594007
0.096544392629214 0.358915238031055 0.350874001224775 0.193666368114956
0.195318040843668 0.266190292895214 0.25932196812185 0.279169698139268
0.257905760872248 0.361642372441818 0.339024980740895 0.0414268859450387
0.389475137105537 0.168772507078484 0.326456188667733 0.115296167148246
0.426166127884545 0.148611527052585 0.319118081553843 0.106104263509027
0.359008779303335 0.204287188070919 0.172735415307088 0.263968617318658
0.0391545933244993 0.346594686987221 0.184716264574119 0.42953445511416
0.0180323920286295 0.212295948257534 0.399939131326663 0.369732528387173
0.186738014566254 0.191441134072751 0.333207853617696 0.288612997743299
0.219141851902617 0.230008812840417 0.309972878281119 0.240876456975847
0.0297984930485762 0.312813551008399 0.251435420557355 0.40595253538567
0.169190678644699 0.119690613971643 0.595775406731787 0.115343300651871
0.265005732795448 0.224339881971298 0.247180418340571 0.263473966892683
0.234308765149454 0.0721531805851861 0.61782810267237 0.0757099515929896
0.0032062046362018 0.170733708144261 0.418574968357465 0.407485118862073
0.491521425134534 0.0236384077677203 0.347622049164948 0.137218117932798
0.151446543871257 0.177624834688521 0.310504491552918 0.360424129887304
0.159445907132312 0.159006523271462 0.576167330186802 0.105380239409424
0.350327717647902 0.255419545090746 0.0232712688271208 0.370981468434231
0.0846546659433809 0.48326555882773 0.203610418081972 0.228469357146917
0.266177222249916 0.396342627986298 0.107453694053359 0.230026455710428
0.0464985772694406 0.114362582618052 0.401548961463397 0.43758987864911
0.16745006986179 0.066932614963383 0.443582604974098 0.322034710200729
0.427238863778356 0.456525809281529 0.0716422490747123 0.0445930778654028
0.0100177217856059 0.190542537341128 0.495692714701138 0.303747026172129
0.423732133656361 0.333954733823159 0.159601281321686 0.0827118511987947
0.203111634949856 0.384665114338837 0.0806212103661685 0.331602040345139
0.256786383578067 0.222631340709959 0.314829797030375 0.205752478681599
0.331840644484437 0.465495271523719 0.167663952507347 0.0350001314844972
0.233086235643164 0.00933449094261763 0.541587993592456 0.215991279821762
0.349142774824907 0.16446887560802 0.22871716350201 0.257671186065062
0.29957348429034 0.0916938868301407 0.318387379947653 0.290345248931867
0.167819221603643 0.413730077172454 0.415708258843237 0.00274244238066608
0.169503647446879 0.190147108250674 0.254921823584383 0.385427420718064
0.327961304017345 0.184246733204952 0.181577903222745 0.306214059554957
0.139360309463394 0.292620574282223 0.31908837464987 0.248930741604513
0.29102020913786 0.078522643302137 0.464453692532804 0.166003455027199
0.399970363908419 0.160206489617133 0.172932624292394 0.266890522182053
0.146801779647379 0.298695524648589 0.319785696630065 0.234716999073967
0.0620976359907343 0.612548351728402 0.111148739709139 0.214205272571725
0.234976291467975 0.147378561069429 0.323655672805604 0.293989474656991
0.373638946662821 0.333498480050373 0.11555120993884 0.177311363347965
0.264630111186061 0.161048354818533 0.325190971155216 0.24913056284019
0.0909137158467495 0.30204783424007 0.598600498459471 0.00843795145370992
0.289991753585993 0.334575726287139 0.134942831328898 0.240489688797971
0.336133899847261 0.202580567086434 0.197215674599415 0.26406985846689
0.237865201968087 0.0692948658859104 0.106909751906316 0.585930180239686
0.25430570386949 0.269241557791555 0.168589356159372 0.307863382179584
0.0494114622895416 0.0374889592060895 0.271495041816963 0.641604536687406
0.38857562989833 0.12891042556794 0.326215022028975 0.156298922504754
0.281076060408807 0.289624028702728 0.230533992823212 0.198765918065253
0.319863462064131 0.267427059631463 0.108481191498995 0.30422828680541
0.246008807499611 0.0850366205432845 0.309904213502183 0.359050358454922
0.468785407818352 0.0354442975239334 0.16930783445396 0.326462460203754
0.195874503268613 0.444828403086856 0.118440177367624 0.240856916276907
0.0904815824913011 0.412656141533506 0.106957693536619 0.389904582438573
0.278307190072908 0.296786189356251 0.3249505345312 0.0999560860396411
0.192017700550666 0.164358487314269 0.422328451771873 0.221295360363192
0.065905984097895 0.228057108107568 0.363994633446966 0.342042274347571
0.233024064916322 0.201933843127902 0.349054511948754 0.215987580007022
0.459157186672215 0.219515807918545 0.0823441223859606 0.238982883023279
0.22195678036832 0.218865556011519 0.331067965530133 0.228109698090028
0.00454371412569567 0.142924438720545 0.773866515265555 0.0786653318882041
0.262926180801173 0.231952667166213 0.301811144488324 0.20331000754429
0.115604936434934 0.560501165245468 0.213390335947641 0.110503562371957
0.311616481814772 0.301005639685893 0.0856448638574501 0.301733014641886
0.347547439974642 0.501992422309049 0.000511049620695561 0.149949088095613
0.218626823058161 0.406296157442434 0.0187355296257233 0.356341489873682
0.4058410894642 0.0687874452560052 0.284738416455041 0.240633048824754
0.44666965845912 0.0911323573157609 0.225772348302355 0.236425635922764
0.241789363466581 0.504604806245556 0.169097310116928 0.0845085201709341
0.28974107503894 0.255827038307249 0.0911424244909835 0.363289462162827
0.344665975801093 0.14590017836696 0.136999025743637 0.37243482008831
0.354217893461081 0.0391761661963112 0.24487611924477 0.361729821097837
0.272242726603347 0.395133188111596 0.0362217832571501 0.296402302027907
0.224492960578529 0.332105954677974 0.118881599850029 0.324519484893468
0.195733733102303 0.378994270945721 0.0473688885834036 0.377903107368572
0.280524395612767 0.438960930175855 0.223578362846652 0.0569363113647256
0.122635324164002 0.158022952980753 0.464245090513472 0.255096632341773
0.342576787221654 0.08192957000364 0.194167139577725 0.381326503196981
0.142284867528629 0.199007531187178 0.346005899038364 0.312701702245828
0.330920398992963 0.0372708061034392 0.276478919580002 0.355329875323596
0.295325037392213 0.0430215147744561 0.330787155809953 0.330866292023378
0.272918129866257 0.396957670842098 0.203003735445267 0.127120463846378
0.54967471403251 0.0515454179432784 0.122866382730699 0.275913485293513
0.196794131889573 0.266038393527914 0.399837209328384 0.137330265254129
0.330108876132305 0.360900082787877 0.284710406878233 0.0242806342015849
0.242662846519361 0.242199836716055 0.267101536440303 0.248035780324281
0.430059252392748 0.188591183676611 0.15867052991475 0.222679034015891
0.225949471134302 0.258146166196987 0.274429845912006 0.241474516756705
0.211426864712642 0.0602602094534954 0.219983579501913 0.50832934633195
0.272251200397325 0.457753743119751 0.0338184556110113 0.236176600871913
0.370351711096909 0.112888546435263 0.205494278108677 0.31126546435915
0.219249936307973 0.241127042817368 0.0811690687727378 0.458453952101922
0.339249280199255 0.203755667123245 0.390899882302315 0.0660951703751839
0.288146575431952 0.304616176631717 0.359018173074832 0.0482190748614997
0.0104994240069503 0.368672286804567 0.245468363683453 0.37535992550503
0.339828468059995 8.37107865727782e-05 0.38334433531086 0.276743485842572
0.0730393147632515 0.402501472280278 0.13605115156847 0.388408061388001
0.454304567646407 0.288398481158872 0.255390839035946 0.001906112158775
0.0819247522953891 0.515441079859908 0.248172832207002 0.154461335637702
0.120239124198183 0.33951702794219 0.0721700337166106 0.468073814143017
0.4595239074028 0.0508617396991453 0.361643083173746 0.127971269724308
0.0412564659258336 0.389876433645127 0.265716018530687 0.303151081898352
0.54437131468835 0.306913465675774 0.00550014231926347 0.143215077316612
0.330511750199106 0.174915605245465 0.19512901288076 0.299443631674669
0.532781206985503 0.00739907569496655 0.192715062333493 0.267104654986037
0.216224679225804 0.355095535320189 0.156468867670696 0.272210917783311
0.0130259515282181 0.259532595119764 0.420921929595818 0.306519523756201
0.0864163949473044 0.364316738381581 0.152254087403461 0.397012779267653
0.0600864095630826 0.239527227134679 0.422806281113587 0.277580082188652
0.363071848183783 0.242246826779207 0.246518640030184 0.148162685006826
0.195704795427963 0.346219553076304 0.293415098671312 0.164660552824421
0.501118003012644 0.0119077658810981 0.216130473630708 0.27084375747555
0.126546620543552 0.432056959683922 0.274172472805882 0.167223946966643
0.360555373403483 0.410841736423473 0.218014599493888 0.0105882906791571
0.19878517508719 0.393439286382504 0.136699849422095 0.271075689108212
0.270393333591306 0.126809671094058 0.338006460249389 0.264790535065247
0.533080313211311 0.290089026760797 0.0709963755052782 0.105834284522613
0.278842273133144 0.027143728485562 0.49034841629848 0.203665582082814
0.35297260144427 0.1731641933606 0.287539584730053 0.186323620465078
0.239882613409316 0.233791167996526 0.130130639115736 0.396195579478422
0.279211288196791 0.141532521283395 0.0864467026660771 0.492809487853737
0.162682504863884 0.0156702578056158 0.431419989304296 0.390227248026205
0.0934687192495777 0.396642296897413 0.0188739710951657 0.491015012757844
0.10744387123131 0.241255266023915 0.488832981818196 0.162467880926579
0.362322023580224 0.309169463071318 0.274761223282401 0.0537472900660571
0.332127002308264 0.254962927657986 0.100979593773497 0.311930476260252
0.224593642027404 0.497220845420209 0.102313491252819 0.175872021299568
0.152443715750905 0.197074027860176 0.458052315638818 0.192429940750102
0.402532839996328 0.264574411728356 0.044278374049148 0.288614374226168
0.0225570498244363 0.410256229230528 0.535371119785187 0.0318156011598489
0.510984573951205 0.086516308496238 0.213712128674494 0.188786988878062
0.298011319098982 0.382690749198442 0.149031921318788 0.170266010383787
0.249789230698721 0.360440111497226 0.384968766662412 0.00480189114164139
0.333446992532529 0.0934764091978632 0.36166717262426 0.211409425645348
0.0863374945627675 0.446875047714583 0.416894447231022 0.0498930104916272
0.0478485633586958 0.228394223316234 0.269150455077231 0.454606758247839
0.169332660396042 0.103248957871799 0.46118066270867 0.266237719023489
0.224050918287088 0.368081993837667 0.0435755189263581 0.364291568948887
0.358407981258805 0.123393480969759 0.225641274860561 0.292557262910875
0.25959461870904 0.0387777014104442 0.470189990784527 0.231437689095989
0.259524635120038 0.347944737893692 0.163325747367359 0.229204879618911
0.0589219604000724 0.12636100494338 0.370248548531137 0.444468486125411
0.0192230140847053 0.237981513465345 0.414432549683251 0.328362922766699
0.162069342979902 0.378416174845911 0.321296571098517 0.138217911075669
0.508188511230823 0.202046270906589 0.170095794233751 0.119669423628837
0.302450388436401 0.436108395182566 0.0851876298470802 0.176253586533952
0.38373143577367 0.308881111990413 0.157561023450639 0.149826428785278
0.341139940829713 0.185844678089649 0.0896659541047557 0.383349426975883
0.0963150313361066 0.327000182149031 0.246461693335902 0.33022309317896
0.0917787074890534 0.0257027579507798 0.624958235473566 0.257560299086601
0.26797168606011 0.358875499436596 0.310401845950332 0.0627509685529615
0.117672582332683 0.226999630229205 0.462918599067289 0.192409188370823
0.212680075786758 0.271700159618522 0.205185389289514 0.310434375305207
0.512087793473799 0.0966401529189995 0.238111575710555 0.153160477896647
0.343163431822428 0.0670008376213945 0.0362095199266216 0.553626210629556
0.294731888307055 0.366729653237996 0.263123556235403 0.075414902219546
0.339533642160442 0.274643851385405 0.245172445158828 0.140650061295325
0.349235656049808 0.244934251908917 0.402130247160982 0.00369984488029326
0.188213488343254 0.354595914423999 0.110521096948364 0.346669500284383
0.15706478767516 0.257919635417574 0.368046111661351 0.216969465245915
0.212508656131003 0.244465489612729 0.227288342451177 0.315737511805091
0.303621381543325 0.00645731897883611 0.223462436916921 0.466458862560918
0.244425703042627 0.351977367901507 0.07826969933078 0.325327229725086
0.20333122025361 0.27838747135959 0.09109555837071 0.42718575001609
0.0884502480811955 0.395448153968051 0.174532969428724 0.34156862852203
0.426701954433985 0.170893392292786 0.152437421223051 0.249967232050178
0.0525208095014253 0.6112454174223 0.0719230789268661 0.264310694149408
0.338896728178772 0.299249702173232 0.306335768763237 0.0555178008847591
0.571854239429338 0.104835031776904 0.100909723073749 0.222401005720009
0.355507514407019 0.191750993049019 0.0147597744147732 0.437981718129189
0.463630412663476 0.284646795262831 0.122870508087622 0.12885228398607
0.0484583583761601 0.0715167352489876 0.476527674101284 0.403497232273569
