0.0694155577143904 0.33934865952323 0.0640836540965473 0.312432552699025 0.214719575966806
0.020503164506314 0.425389555892859 0.229965223836385 0.00913430588480254 0.315007749879639
0.129119818112122 0.29551722136662 0.257887007250136 0.0672573651599299 0.250218588111192
0.0909760115327485 0.0814387640179512 0.47102455286374 0.310571134111847 0.0459895374737139
0.325979208292238 0.243208674803722 0.0734037257882157 0.129003455691899 0.228404935423925
0.209638788775193 0.256088862905839 0.369593441333269 0.155996002578853 0.00868290440684599
0.0287796197534546 0.458107369303472 0.164256756307398 0.311125498939347 0.0377307556963277
0.354563596917001 0.119314185885953 0.0805822378685124 0.0971830208049095 0.348356958523624
0.292591817402441 0.0760035311323181 0.156978298948949 0.31599865022596 0.158427702290333
0.0207988218592982 0.158163932802598 0.069921013059811 0.140699167363733 0.61041706491456
0.245552343089481 0.190543079877315 0.239275668747549 0.0675420150954233 0.257086893190232
0.051055158650313 0.207320228584007 0.413833496641981 0.00117378809106627 0.326617328032633
0.0774158691492136 0.136552947892204 0.316471693796778 0.272735563270417 0.196823925891387
0.00692354155962571 0.185858835417646 0.219918414575414 0.27851856589533 0.308780642551984
0.123578884523992 0.27596665259034 0.224508541836373 0.0401629115316265 0.335783009517669
0.0205124772326656 0.292917043989102 0.149276565032239 0.299146584798051 0.238147328947942
0.144892648134083 0.129816363095767 0.273965248375888 0.20366586419293 0.247659876201332
0.331423420456971 0.00340621387249391 0.544156378391953 0.0979761431160505 0.0230378441625317
0.114548747741617 0.363554018748014 0.155083460195158 0.212811484202898 0.154002289112313
0.219868687882922 0.110610681017383 0.119959075424244 0.331499949867927 0.218061605807523
0.214648290612594 0.223888315044721 0.270462649449686 0.136662826746877 0.154337918146121
0.266766675198273 0.0293076882443323 0.146186003712121 0.278609459370195 0.279130173475078
0.3024158735634 0.0676333799445866 0.0752666965382631 0.296477551345199 0.258206498608551
0.360048722404777 0.0654784502371165 0.374919291600433 0.0309110688058986 0.168642466951775
0.277626074577524 0.258192000994228 0.020024271435447 0.251022534688443 0.193135118304358
0.113105100384986 0.229772418073481 0.247842240618873 0.23340198335793 0.17587825756473
0.231051796761399 0.113534319326978 0.403854142205214 0.0229403609490987 0.22861938075731
0.25113144929793 0.157045178658947 0.541594742313101 0.0150475913024919 0.03518103842753
0.0818848597934442 0.0389347718128085 0.291912704028755 0.161951612187086 0.425316052177907
0.253418238807297 0.233792300718528 0.277121470726163 0.140515203529368 0.0951527862186446
0.140427655615445 0.191306830136142 0.128000619708223 0.272537220519632 0.267727674020558
0.396614132178689 0.0919704622227686 0.0337721874776678 0.27597329689782 0.201669921223054
0.132945586189371 0.00808107106148227 0.453117444786675 0.0571202408911801 0.348735657071291
0.466696771766592 0.13929721572753 0.00429947055030951 0.225304657514295 0.164401884441274
0.294760056724247 0.103458109414782 0.224986245141358 0.222995352054614 0.153800236665
0.285062861273248 0.110241902897342 0.303708354105551 0.123272036072256 0.177714845651603
0.320236919875229 0.167734920600044 0.086854736833913 0.294572669313475 0.130600753377339
0.30504619223056 0.187012107478677 0.305962884168497 0.145520517406212 0.056458298716055
0.173940553165614 0.313898219828286 0.216570844082344 0.200628199440841 0.0949621834829156
0.31745071768863 0.469424008303185 0.149037882374499 0.0607581395661633 0.00332925206752261
0.23002505673884 0.256139221424543 0.269647235451581 0.00159821561405104 0.242590270770986
0.125488453607215 0.153483917763232 0.211794983472585 0.290533934525265 0.218698710631703
0.0234951665607657 0.380567667575191 0.464896271124017 0.0144150136965985 0.116625881043428
0.282315111969992 0.296362113251937 0.316639775357664 0.0725190524198352 0.0321639470005716
0.233476176478558 0.186204331565099 0.231350874626994 0.135984744702374 0.212983872626975
0.0824966327071369 0.259037613538063 0.285356398000803 0.117546863363621 0.255562492390377
0.0304594559848083 0.292892699981108 0.107447583013446 0.338544861453599 0.230655399567039
0.35118502758385 0.0690220478646881 0.215234578937922 0.231037856341257 0.133520489272283
0.254198125885856 0.210423493099576 0.196738783562982 0.151996459977878 0.186643137473708
0.0951509362439383 0.197339049136634 0.151723232941336 0.373751101469711 0.182035680208381
0.276281488549348 0.356607442120234 0.210700474245287 0.00124528096206954 0.15516531412306
0.161727414802254 0.317755293022375 0.0602393862143118 0.137548604238958 0.322729301722101
0.119326834244549 0.26814596200968 0.273825892319094 0.247263741295387 0.09143757013129
0.209487913051472 0.147827519748271 0.0485592191106552 0.442203816666229 0.151921531423372
0.112049457174848 0.22880150838598 0.170513302534871 0.218652858232411 0.26998287367189
0.21137340338307 0.0552485545322137 0.224919218358842 0.288009918363554 0.22044890536232
0.00207754572415725 0.191158136820339 0.182651816967615 0.287957644540582 0.336154855947306
0.056084415812006 0.546295587559659 0.0426545642974912 0.118133097131343 0.236832335199501
0.155417312235015 0.247247797739971 0.280915742112072 0.205322087373739 0.111097060539202
0.190077647082608 0.235568169115706 0.194442171678684 0.131555074975741 0.248356937147261
0.0800314411807359 0.184990964749639 0.223172733952054 0.119620283784362 0.392184576333209
0.32298685143944 0.233172955887131 0.175366581873076 0.076204657101743 0.19226895369861
0.446213508156287 0.10285302977903 0.0797824690715937 0.090315863744894 0.280835129248196
0.151433108947748 0.240159925472412 0.355071929711585 0.223576104248692 0.0297589316195624
0.211344312627891 0.124278584048865 0.243752121920983 0.387613074242831 0.0330119071594312
0.0183565535851347 0.160643363613405 0.355916625462638 0.132498716362424 0.332584740976398
0.266755879514898 0.247280091267918 0.305953856895033 0.162371734671906 0.0176384376502446
0.0226246687544825 0.0975260670591928 0.437993579525668 0.122980198552474 0.318875486108182
0.111870785584271 0.190108666228177 0.57085668886424 0.088929132302924 0.0382347270203883
0.174907120432952 0.212849709056904 0.221439220806387 0.179378715719382 0.211425233984374
0.1315565631166 0.492952794140984 0.125390183720362 0.195084412896547 0.0550160461255067
0.135532260984046 0.315044962474243 0.167316553845981 0.049360948654377 0.332745274041353
0.327043450888657 0.14831765013633 0.229389807492704 0.0483166858914845 0.246932405590824
0.206249511236691 0.0487573481390891 0.346986106610958 0.0837666341097088 0.314240399903554
0.0926904311348032 0.192622606876268 0.169724853430151 0.393824006271114 0.151138102287664
0.0731232120077134 0.433619344327188 0.0159823651396046 0.309143995009477 0.168131083516017
0.701011033101055 0.075887799269918 0.116883502053984 0.0978193831395444 0.00839828243549833
0.328389984279161 0.00322320720284575 0.206124686569987 0.20004385539921 0.262218266548796
0.246351641336826 0.109525567662826 0.348850433595567 0.237334133226303 0.0579382241784787
0.139818317807272 0.304865518529285 0.341950830626649 0.171982629244064 0.0413827037927308
0.127764417654345 0.152125952253238 0.377632465375344 0.0048971885951437 0.337579976121928
0.119569668856001 0.590539902936328 0.103052295917241 0.17182377558822 0.0150143567022093
0.396890330164031 0.340218610722817 0.170121016207157 0.0346025735234349 0.0581674693825597
0.0408225895826752 0.32392625658564 0.00630150796335566 0.289969276133649 0.338980369734681
0.220793234352189 0.0425971998221341 0.262945688696034 0.250701424591294 0.222962452538349
0.324332096739688 0.218342186786447 0.0723063563391828 0.122160351621587 0.262859008513095
0.168923212663819 0.0677774121500543 0.110936097656501 0.161452822446447 0.490910455083179
0.434355284176674 0.281530858493396 0.0557752081034548 0.0766394275968287 0.151699221629646
0.22299603357872 0.562603996358451 0.0689479863900557 0.10434683173282 0.0411051519399527
0.405075414438317 0.0826222549044897 0.121471855737471 0.235124530012782 0.15570594490694
0.187508656211165 0.396842267826969 0.0781063342953823 0.0978359661188766 0.239706775547606
0.410030909110203 0.223472328698774 0.257856713322849 0.0029659651064345 0.10567408376174
0.242424729937866 0.306092482204419 0.209552030031884 0.178716944654572 0.0632138131712591
0.0721630480398347 0.200836971498047 0.420343562867208 0.00811393096830646 0.298542486626605
0.0915549837991763 0.214633795442905 0.340964312712976 0.0490760480753752 0.303770859969567
0.277195836026672 0.138504652940939 0.255182836650296 0.0230367376149313 0.306079936767163
0.179413597547937 0.0160954121617283 0.39409925523838 0.0969289195840741 0.31346281546788
0.0524050105538794 0.231830814364541 0.326162198472648 0.148260220114293 0.241341756494638
0.108729208810429 0.239564933765594 0.334637566872937 0.29330744480213 0.02376084574891
0.26302633433621 0.321683237738908 0.0662437439133973 0.0305988744184849 0.318447809593001
0.237364947377653 0.173182348190798 0.211856258502066 0.131427220949072 0.246169224980411
0.359831229079695 0.282451278026616 0.0375853753526345 0.283542549880414 0.0365895676606411
0.158225470280576 0.246075480008169 0.282749628342047 0.110635339712417 0.202314081656791
0.204129555579815 0.184919340203014 0.0720610118983366 0.383666404644364 0.155223687674471
0.420609915811052 0.0383684069107385 0.11390071924636 0.304012360948382 0.123108597083468
0.179433794895713 0.0261148967766911 0.29104607451656 0.268406006974844 0.234999226836192
0.239075191848365 0.291263651569472 0.176859490972499 0.0637311591476314 0.229070506462034
0.198039246834052 0.224638180406196 0.22463524164407 0.00670331223464341 0.345984018881038
0.346143574778706 0.176589382116947 0.0161404107448849 0.280344050690987 0.180782581668475
0.340303846308608 0.103951295719151 0.214952779548905 0.312748702770905 0.0280433756524314
0.251643429414193 0.0625646602006929 0.299334465268956 0.0637994286136481 0.32265801650251
0.0323834941595456 0.111939859887144 0.399108310035608 0.0954094185759934 0.361158917341709
0.207826639451134 0.164689841204822 0.22600600107461 0.232619477889264 0.168858040380169
0.364685307324183 0.00726822746752674 0.355776546770612 0.172752977841072 0.0995169405966069
0.0898773614597891 0.196197503630795 0.30372529227485 0.192824881658318 0.217374960976248
0.288936701527242 0.338703247409159 0.283337383472163 0.0499673596469653 0.0390553079444705
0.19210500254217 0.177004332959404 0.320407176962018 0.0941862490762627 0.216297238460145
0.134393972657742 0.173122733893894 0.186004385167541 0.421805306077126 0.0846736022036974
0.156614990042015 0.000190564893364502 0.394750511253318 0.158836621440517 0.289607312370786
0.0749209735396339 0.159331100517214 0.334949663493023 0.194549704728325 0.236248557721805
0.0903155287178315 0.0134905109243585 0.185988384440238 0.336399461021502 0.37380611489607
0.430159545988091 0.110192270121855 0.298619756803701 0.107834434956324 0.0531939921300282
0.110916382918524 0.291202422059955 0.361269082912625 0.220560716458364 0.0160513956505321
0.0203865930324388 0.334702467132993 0.273436115659984 0.333155013440173 0.0383198107344114
0.0120873615122233 0.036659888309346 0.226120952442334 0.466343604000497 0.2587881937356
0.114789476468031 0.321329960980776 0.212016902812072 0.00862036323974103 0.343243296499379
0.228966073198039 0.190111226754882 0.250404548228308 0.0951731510767882 0.235345000741983
0.351971725077283 0.251658280465557 0.221033038182087 0.049507723956787 0.125829232318287
0.131049849299082 0.203883539047405 0.187198897018452 0.208732458169648 0.269135256465413
0.121176119787799 0.00736325958828161 0.326205693172055 0.247952800009835 0.297302127442029
0.0907668507088349 0.330297661816647 0.366229757707786 0.0263130285517583 0.186392701214973
0.129420144317436 0.252804026567606 0.305215722470006 0.176553670350176 0.136006436294776
0.0303659562027001 0.181235083536027 0.294071358328127 0.276895224005484 0.217432377927662
0.211061019537771 0.178335055599418 0.180100156971662 0.242686463025826 0.187817304865323
0.305852415870926 0.113040265955098 0.191014277036935 0.281710810352332 0.10838223078471
0.254437562313879 0.230838257286127 0.0538394396256073 0.328371626668475 0.132513114105911
0.119243333999698 0.138165671993687 0.201491592606793 0.295885568741769 0.245213832658052
0.081840283180272 0.0297071069274789 0.0906946769237876 0.304221086753855 0.493536846214607
0.248158227200367 0.118065666866196 0.17765912264318 0.164073163792146 0.292043819498111
0.438714546208697 0.080653768391569 0.183594875527862 0.0272680206876785 0.269768789184193
0.135062118263713 0.152080461849738 0.161740484210443 0.297077677999747 0.254039257676359
0.320534010908057 0.0525392103554087 0.146479907713656 0.270280298699943 0.210166572322936
0.0844109012028912 0.357904316350104 0.0513478841769834 0.237701976830749 0.268634921439272
0.396732177617158 0.0584728066718276 0.162036156267357 0.0638602489997196 0.318898610443938
0.437642485086986 0.119896653957225 0.252082842613671 0.0527368789752915 0.137641139366827
0.325762010022095 0.244952805578713 0.25192798325357 0.13981824811161 0.0375389530340117
0.176628849835172 0.0593086791600446 0.290975785972468 0.309465424036224 0.163621260996092
0.179312665954584 0.259229819678322 0.329440198320096 0.196323197905936 0.0356941181410621
0.0854186005220824 0.113420259265978 0.34464651376974 0.129945424153922 0.326569202288277
0.204992236641841 0.285626318723799 0.169932922180323 0.130644546111882 0.208803976342155
0.252773397317298 0.328156378802083 0.202572648922299 0.140590216912898 0.0759073580454213
0.118290930494661 0.400593848536179 0.120787678102262 0.00321944885491645 0.357108094011982
0.107700184163057 0.210726568293012 0.195413583188826 0.189588437434174 0.296571226920931
0.110664138024762 0.202087749669519 0.248500927992356 0.337531916835186 0.101215267478179
0.252685206141751 0.26865719506674 0.135878517834311 0.230750236242494 0.112028844714704
0.0697560964768186 0.102051816259428 0.347477831174945 0.0486109454850944 0.432103310603714
0.12743800764735 0.293082725119903 0.294187727438459 0.147791355663523 0.137500184130764
0.333038950100198 0.287350677107358 0.0454317501573439 0.15363704742461 0.18054157521049
0.0814665084120344 0.251063474685781 0.199963188209621 0.13992522520021 0.327581603492353
0.270442557674411 0.056851829516084 0.386855993536758 0.104490797964464 0.181358821308283
0.265940510909734 0.144071358482279 0.0892250995142035 0.39239538270942 0.108367648384362
0.0852445831715979 0.0751656105302161 0.321156511905052 0.251797938896942 0.266635355496192
0.328003523638227 0.452335374837681 0.124859753103079 0.0915798243735489 0.00322152404746493
0.30066069774096 0.0261862646312745 0.193716855360738 0.143718121992026 0.335718060275001
0.33851013311521 0.0613832406931255 0.0596923598613861 0.366555816011448 0.17385845031883
0.341681404252375 0.118325314936397 0.31185855162378 0.189978890705885 0.0381558384815637
0.253532077353908 0.0617127363469665 0.376520555163051 0.133856628647841 0.174378002488233
0.105740098345485 0.20527408030882 0.254755197391144 0.178321607075557 0.255909016878993
0.238580040742381 0.0227860054228908 0.258809480840282 0.362854657033216 0.11696981596123
0.0412669959725028 0.311480160971781 0.374331615562631 0.169024235219822 0.103896992273263
0.178694461739429 0.26414376960359 0.199226292390409 0.27725664329088 0.0806788329756925
0.234782642442172 0.013219537833073 0.125007063095712 0.289442227286675 0.337548529342368
0.315775533232297 0.0812661166032979 0.267489252879298 0.138694518576803 0.196774578708304
0.121642379221557 0.235314322024999 0.0467644216822903 0.304781890095308 0.291496986975845
0.25671768161307 0.245275350725636 0.300867154119727 0.031334365446409 0.165805448095159
0.261781881820958 0.36710857873098 0.0221158711517421 0.316701027331329 0.032292640964991
0.161115372589242 0.295328343680536 0.308585526393066 0.146920979231642 0.0880497781055133
0.135688900310844 0.227642328526708 0.18575925493983 0.162577836547951 0.288331679674667
0.0612298392841321 0.178861462333499 0.297084793605086 0.167512978743878 0.295310926033405
0.0379644845447294 0.189526269918267 0.12830534811092 0.606568648329529 0.0376352490965546
0.117170506967599 0.308161922434816 0.0450172255681473 0.234020020351674 0.295630324677764
0.224117804480865 0.317738121872553 0.0327211245489934 0.32164913755367 0.103773811543919
0.313805789020046 0.23114397072516 0.133498304893187 0.0405924672243221 0.280959468137286
0.225744877036199 0.224736062029166 0.265706288885119 0.0725564712550693 0.211256300794446
0.127290444351918 0.26262679342979 0.234027148127536 0.242912889460658 0.133142724630097
0.129334820890075 0.212070645992127 0.377020584675202 0.0307517168778133 0.250822231564783
0.121311646512266 0.256441948952513 0.409962154933045 0.0170471312527043 0.195237118349471
0.117670477034642 0.114835650955959 0.309496892302245 0.247727898386395 0.210269081320759
0.178261441823646 0.320682673503133 0.0862533774077547 0.078726721221996 0.33607578604347
0.166619988687236 0.3647239116046 0.0599725009562193 0.155916593513006 0.252767005238938
0.132711110972972 0.285303217421184 0.468829586145827 0.0890900675229061 0.0240660179371096
0.319730841840944 0.237594932252687 0.292683278327985 0.147797383971511 0.00219356360687289
0.134444859019615 0.384295593276391 0.0848225504760792 0.224177266886874 0.17225973034104
0.113441063012382 0.132617579246491 0.396021311736409 0.262749608452293 0.0951704375524258
0.0425046914643217 0.0182370365429882 0.38110066492545 0.212646417390207 0.345511189677033
0.204166487038379 0.223299114811323 0.121036543022475 0.254228284842562 0.197269570285262
0.378933464496488 0.0634455644270977 0.169095168502189 0.314183423212357 0.0743423793618687
0.0140153291693899 0.262188546652999 0.212609446693084 0.240158668187512 0.271028009297015
0.0255633211875679 0.0797962606356894 0.294750137610263 0.292257346031153 0.307632934535327
0.0988822826617572 0.252292104792619 0.0832877208106924 0.295173686527872 0.270364205207059
