0.033770510998669 0.114626593984415 0.117010227824052 0.0133788283414614 0.0888801073433522 0.204039625288609 0.0551537260431573 0.185993873497692 0.0319557941104187 0.155190712568174
0.126475628700889 0.109391872117337 0.0635855175150465 0.098146494061823 0.0075301618759494 0.205867240058334 0.170127100470942 0.0409354798609525 0.0855518823259813 0.0923886230127453
0.167318096390061 0.0592412769217425 0.0474100492084038 0.124110665302619 0.112435883134083 0.15604411198157 0.112505542124653 0.171692009046538 0.0414891510678396 0.00775321482248904
0.0716966090860227 0.0943089974563253 0.0731333984196767 0.0759315299279374 0.130505158296615 0.104952892182631 0.0647752585356569 0.205918964892635 0.143521206146892 0.0352559850556081
0.158039273528618 0.069066555868868 0.114123384435816 0.0606798218838009 0.0242144360391728 0.17857349580914 0.0372836095541765 0.128949051496276 0.215944674855937 0.013125696528195
0.0409870972990473 0.0307251641898351 0.155772674151683 0.0488613413601834 0.0218550929043114 0.0621838921475694 0.139973345251472 0.18201965459662 0.158205043301275 0.159416694798003
0.0799333131132805 0.0403125353206661 0.0814867553997403 0.140612719450398 0.108673576833889 0.154692098796341 0.0771219056954591 0.150185387310878 0.0563895086843391 0.110592199395009
0.157106605033222 0.151548673363013 0.109048734335694 0.0171645990290373 0.131551186108399 0.063151061740719 0.0430701522727927 0.0796163616859703 0.117267982631938 0.130474643799214
0.106886044812529 0.0755973539643086 0.0413323724356301 0.140112202726667 0.149334934287274 0.0164199316947494 0.229993133822195 0.118180754219391 0.111278639869817 0.0108646321674386
0.088494024770884 0.018710853147751 0.0925359817196654 0.0616146610640954 0.200934879538285 0.0828533635904327 0.080317601502886 0.109540064891983 0.132601309802731 0.132397259971287
0.0504079489601948 0.00782849562174834 0.138925289563629 0.104661834975509 0.23283551748857 0.176251118243842 0.0873923760469599 0.0701721000373398 0.13024357656227 0.00128174249993669
0.122216847942923 0.182634394675962 0.0738789890103244 0.0308926961991357 0.00608541482827207 0.202316251524652 0.12872239388097 0.117391301932422 0.0916465133387647 0.044215196666574
0.0980530983101737 0.0823236604675523 0.00304640438385286 0.118245098244959 0.16203179914352 0.174875024906767 0.0310671346502011 0.0939445281074365 0.184774394282782 0.0516388575027557
0.117024158819331 0.181507155284704 0.114173758838002 0.0454522874175591 0.0934898675025907 0.141902547579808 0.0750613324490307 0.171291375392184 0.0500080867774282 0.0100894299393633
0.167658098093412 0.0504133518457626 0.2056068450727 0.163463228311317 0.144762115387223 0.0501839955369255 0.00267168163727997 0.10533050911028 0.0657161589521789 0.0441940160529216
0.145457643960267 0.177928655120766 0.143718801508594 0.0298581752924979 0.121956691484854 0.147744380287273 0.0598163500046976 0.0922308222221668 0.0469493635747873 0.0343391165440961
0.15336059589321 0.146846035998668 0.155449606508115 0.135603854102175 0.00796836497046373 0.00769465934849881 0.024944389584238 0.0635410485347302 0.220696741097582 0.0838947039623203
0.0602376059916861 0.0503021627778788 0.0547314707317608 0.039626576981664 0.143227913742407 0.080608585499711 0.136175308949105 0.0921046090306696 0.165804352350066 0.177181413945052
0.0840246898892251 0.160888926549636 0.0106591535237793 0.0275781609424591 0.186580264561546 0.12579817254748 0.0190618716444588 0.0801523651637957 0.111772068404479 0.193484326773141
0.159439869662725 0.00905619996574692 0.0209761514974508 0.0289301618323133 0.0830368359833061 0.168497084982648 0.0411543365269813 0.211599628485508 0.163933388130516 0.113376342932805
0.00844995716358327 0.0259811817693136 0.21381104906165 0.0275299442707937 0.202703038514261 0.00792256288123626 0.0293689669224582 0.0359062716256824 0.215709223380678 0.232617804410343
0.0671868504305561 0.166991559422168 0.139086101200202 0.018994081570213 0.0543535156503319 0.200248052822744 0.129599513499074 0.0333519100559174 0.044676766189302 0.145511649159491
0.00121132051545747 0.0961570726625676 0.169070617207597 0.159200988310295 0.0838631108742652 0.160311917915651 0.0859093142105708 0.0400658818963171 0.103701952035669 0.10050782437161
0.165551553340058 0.0585258031574395 0.024036655206612 0.0204904450748626 0.00544551007144869 0.17185265910125 0.0865886505316985 0.187519142068357 0.171890613174784 0.10809896827349
0.147082738762168 0.0060140591161375 0.176491490875104 0.0895405991834093 0.0354349906412082 0.131907959712365 0.0905216850053116 0.159273456635055 0.0140332477060973 0.149699772363144
0.0728250857870003 0.033991987323544 0.0324986621696011 0.0206316146122113 0.145528946363947 0.0933048237370931 0.115675800020436 0.174617787118231 0.129351630939296 0.181573661928641
0.13251714020015 0.0933483726092803 0.0267110679394999 0.141001182130697 0.201340742214676 0.0639127998181408 0.0883564061660029 0.116435426516849 0.038777908119846 0.0975989542848581
0.0107347491518714 0.0825203031895335 0.188254847823342 0.0924430223864022 0.124779647245464 0.116998385847659 0.0248893037932293 0.135746099541565 0.185769110608928 0.0378645304120052
0.107866963836701 0.158547986372552 0.0224978480304156 0.192327605363992 0.0611460586876932 0.0524847481583167 0.10126791950792 0.164137086558734 0.0748982562237686 0.064825527259907
0.0628956758566326 0.111598398794594 0.110862413638295 0.0911548237824951 0.0852977957672356 0.14306868203773 0.0384317027855461 0.237883477672523 0.0396216898341149 0.0791853398308335
0.142410512819275 0.0437023770382929 0.177778726478077 0.148228611005545 0.00776771310662075 0.119641144949951 0.0240750187204398 0.161196598079442 0.0849453178991693 0.0902539799031874
0.151908948284089 0.163247735291408 0.0874859993567159 0.0784021431157751 0.131099235673533 0.0765419369100905 0.170728111083296 0.0580526022774954 0.00350174613195852 0.0790315418756384
0.08677895703466 0.046888309896652 0.00536198402840316 0.0726848946597358 0.0187501736698426 0.102125211012469 0.200185646377681 0.108228138560164 0.212960154562201 0.146036530198192
2.19883523025719e-06 0.130895370262557 0.0668223008159376 0.0138365159649074 0.200714257433912 0.160258621449913 0.120199502285083 0.12815741760039 0.174499660883522 0.00461415446854596
0.164148018942974 0.142199269388081 0.036589903243137 0.114549794921449 0.0159390319540448 0.190464065373341 0.107546287458344 0.193245646977266 0.0236442027344326 0.0116737790069303
0.0184276983026158 0.0608366809741821 0.126746301606405 0.112238865271164 0.0416965328500277 0.154395088969794 0.15108976600572 0.0325777060899822 0.169309036401676 0.132682323528434
0.134868676683359 0.0361236509541068 0.13297466953119 0.028767640515858 0.102467940459053 0.16688352218701 0.0903703179782416 0.0392348332699174 0.10824020001729 0.160068548403974
0.0723783279683627 0.151685677996836 0.03454920121439 0.181069792436971 0.0720359667415139 0.197705479586191 0.1703937581472 0.0357943272688019 0.078012360752164 0.00637510788757076
0.183192051094815 0.173288909051553 0.0183073867511583 0.00264145966809813 0.0785721501106927 0.187649331108146 0.00162164048488066 0.179133461044896 0.154086705995333 0.0215069046904263
0.0234380683804768 0.127091497377232 0.0138143712873152 0.111243318642413 0.174522655701916 0.151967926984941 0.116076784093074 0.141634369460536 0.0732977713721018 0.0669132366999942
0.0810344280436486 0.022959040731238 0.0612695655121281 0.177501199643708 0.174292418199685 0.132176309920311 0.128394928472283 0.0312390684341733 0.0786714442586337 0.112461596784192
0.118244985573261 0.0951551651255718 0.10222444673957 0.0578599017487211 0.125054137619846 0.113561240926322 0.0869231911102678 0.123706686593761 0.112964952883322 0.0643052916793572
0.18779924849507 0.05366714560487 0.0280608891462768 0.124037813906927 0.0993220214491708 0.108738455534678 0.0927852584211304 0.167544803420859 0.0991656890883543 0.0388786749326634
0.143367877459008 0.0870152117921788 0.167098392339351 0.0716554654819891 0.177249642768333 0.0214063400646826 0.126958958605809 0.0012933926043564 0.0940260911816787 0.109928627702614
0.0538409418393893 0.149844038021231 0.150853392114097 0.0208068628739229 0.110343574788216 0.0803232156642966 0.0660873423170343 0.141707067008604 0.132336996963541 0.0938565684096685
0.0955150972005653 0.0538908319131245 0.131104885372223 0.114708291485971 0.0714598671292979 0.103010593330629 0.113030173907856 0.108182295453413 0.062643706602529 0.146454257604392
0.134052499293435 0.0683944273122763 0.0339919907455406 0.0326306499349968 0.00917667950529925 0.283990621016164 0.125390290792284 0.15024797348583 0.0490420155709456 0.113082852343229
0.0983305674687246 0.0314192181798467 0.152051361566906 0.144220667642401 0.0667786313621228 0.118217369427802 0.11551664057863 0.0819892303828675 0.12132529168874 0.0701510217019584
0.0412883876322227 0.116785458438317 0.101686188578222 0.113984491107771 0.160682150961527 0.111955784400661 0.0809550670754816 0.0928125422324955 0.0927381207701316 0.0871118088031705
0.00209512238019066 0.157755126439253 0.0892107535185287 0.13955574712377 0.155801345972804 0.078643415131326 0.00756663483734044 0.121024999888237 0.163823524161157 0.0845233305473932
0.0566205668022003 0.0264814449829611 0.0633718815392506 0.041579123882603 0.0799492994621361 0.00647709568280231 0.115151979720394 0.206824800618357 0.110254125747855 0.293289681561441
0.168115500200177 0.0241976301710661 0.0477124037677773 0.024140816088931 0.155261641568958 0.121046100556898 0.127473490456244 0.14626011063077 0.161562457651279 0.0242298489078999
0.103226852233856 0.0390934553571922 0.134770609705432 0.03234493233326 0.155586388991576 0.0115175421713223 0.111955160896029 0.157838069512979 0.0858690097571309 0.167797979041224
0.100064059791041 0.0670662340774364 0.126505626484697 0.0593718541640579 0.111554913042345 0.0548397175195605 0.0929521236993155 0.180738478335547 0.0967563197697403 0.11015067311626
0.0546216910793784 0.0891893370134115 0.104725879374075 0.142745756949362 0.0026733958071366 0.0783813673310027 0.136451743946356 0.152983596125324 0.0652436779871018 0.172983554386853
0.0350300128441627 0.14802586518949 0.0243679423636868 0.130904531689549 0.146313323179835 0.0178424308717677 0.147810098118588 0.124173865933896 0.163798519019867 0.0617334107891582
0.165590945823835 0.0338706759391064 0.0937277551442341 0.127611126178251 0.153212750352049 0.0298714451324296 0.169371997474518 0.0851779956005056 0.0710462285843498 0.0705190797707217
0.0197347694686414 0.152747851268225 0.124202127910626 0.0821164570561402 0.0867916914988876 0.168640281451054 0.0948279810525484 0.0877255306124931 0.0961850082451957 0.0870283014361893
0.00885906904973699 0.129878601073701 0.0912485836643009 0.116818583719735 0.0499388532997417 0.188098039450902 0.0595089233844509 0.157225673439154 0.0420067784553317 0.156416894462945
0.0799359006759008 0.119797233380678 0.152258746661048 0.175256707833192 0.0304874585854441 0.0553343148050024 0.175496123388614 0.105695566523642 0.00824624091274075 0.0974917072337371
0.125049484017375 0.15303627607586 0.117272183389091 0.0628864625129506 0.0819917566036615 0.100884531289596 0.0449838975890283 0.135047718816855 0.0615387570177728 0.117308932687809
0.0420960514674891 0.0609151004691537 0.163924653455369 0.0589961173219313 0.0732475826362522 0.0644564265351084 0.0157569712420974 0.22243819729548 0.157358358018505 0.140810541558613
0.0752271376162929 0.123873302218459 0.0509194899983818 0.0199514808799355 0.121329044541572 0.201554624713858 0.195796935454462 0.0455656474048333 0.0619990451031491 0.103783292069057
0.171247276175332 0.112979912213446 0.108234726156335 0.0388318153646448 0.143650861556855 0.00568166917906339 0.0391831725106333 0.188057580573597 0.0830131570855329 0.10911982918456
0.183664572829916 0.0188173033784718 0.0865732845671724 0.15986656383717 0.0866875175584945 0.0249371971497186 0.174799265572104 0.174641519447824 0.0316862417559103 0.058326533903218
0.103562137826118 0.0902232320608297 0.14465449706115 0.0694922954551162 0.218904951314252 0.0118381901651282 0.00206254881145168 0.0953291035984401 0.186313312310647 0.0776197313968673
0.0338162547817251 0.129688000428746 0.0491884981106109 0.125899731481633 0.159591788751806 0.0675656148984137 0.135862901004097 0.148784466801808 0.0400449634041311 0.10955778033703
0.167647755840912 0.110537046571067 0.0721692279095995 0.104220870663714 0.156534856284992 0.0194152133688219 0.0156521237080187 0.198063101086176 0.0100428663595511 0.145716938207149
0.124265402056969 0.0606650649048252 0.0482602586364065 0.129834807040362 0.100659528742317 0.122688620446787 0.107217333162879 0.0336431034524601 0.125372707296401 0.147393174260594
0.0792331742965872 0.038273073418323 0.123515480625738 0.114548659518945 0.105955656439685 0.155168087556082 0.0755945953665074 0.15464571055654 0.0845937140130113 0.0684718482085806
0.136460377261459 0.027611820846532 0.155077214870428 0.140723261065895 0.00415449230917048 0.172923797024392 0.171134783257036 0.0595205050081143 0.024663962125869 0.107729786231104
0.0394319824624313 0.159956082492051 0.173505744566345 0.00517405377247866 0.0554350937202247 0.0818277792572386 0.0753289855013204 0.168133091013175 0.0785335710590995 0.162673616155636
0.0697957208264761 0.140930331493006 0.0863972182556942 0.0900704943757887 0.124511055690074 0.0835688193835513 0.132883870563811 0.128957849507687 0.00782399580387961 0.135060644100031
0.0138771568343027 0.177142079522962 0.0207009759179922 0.229870649467002 0.0142537900474381 0.194655174848042 0.00240009063319872 0.0955591639689715 0.221321837423354 0.0302190813367359
0.0779639604927652 0.0243284603803935 0.153013796215803 0.0358080307133899 0.010196350086188 0.168650732299085 0.0726771477239521 0.0645282066000137 0.201237566927936 0.191595748560473
0.0673207098331101 0.0472888878637595 0.105755916495156 0.182887008181514 0.0695278927710818 0.125382607877398 0.0514121468018197 0.0868636741040592 0.196446904476669 0.0671142515954317
0.0959462137945743 0.209473473143692 0.0417364536914618 0.0524752214007212 0.033725271260801 0.00280382953032654 0.0834278536672844 0.166515829390404 0.115802309617453 0.198093544503282
0.0596353470383905 0.194966650643943 0.0795701238127835 0.176318679766501 0.0396827473502173 0.125493034754742 0.207028385820851 0.0222308927841758 0.0562266538696032 0.0388474841587931
0.164803656173793 0.169997173772977 0.0717628365672343 0.0118898059196788 0.173936533721457 0.0434239024579028 0.0250472026356969 0.088217885575047 0.131806021017111 0.119114982159103
0.120298419601068 0.0280850506095621 0.198005412351237 0.192964630748348 0.0535649141825317 0.0584174102327096 0.115628156502447 0.0535024459162034 0.0612315073494364 0.118302052506458
0.0501959923961802 0.171977763789414 0.0892556920613921 0.120673860558939 0.00814204351171752 0.0938994988758586 0.0357823423164916 0.0776073471311957 0.253677393553259 0.0987880658055515
0.155492675999596 0.139309075589382 0.128222190228821 0.000431215358669636 0.0273243388392239 0.00579024517805616 0.0135333830519653 0.192622658647337 0.160151769117297 0.177122447989652
0.189457289722832 0.069147194205586 0.0263627117669261 0.149858466600573 0.189602334421669 0.137643227446117 0.155393001347132 0.0718619905362667 0.00407048857016127 0.00660329538273733
0.0539657372342735 0.102560008452708 0.134791306115847 0.0817216282707321 0.022570574847937 0.210163003946652 0.132183709425822 0.0793859051292021 0.0937557376120517 0.0889023889647747
0.00997630079968309 0.146979151145324 0.118013052632926 0.126412337930441 0.0755642654215751 0.105643970080596 0.0679903056923089 0.0825820034897265 0.109775212349672 0.157063400457748
0.0536104884839107 0.166048208280463 0.129376746771042 0.0856349339531265 0.110324708401624 0.113643411397471 0.0264217123454135 0.111274450052286 0.106701444000654 0.0969638963140108
0.144809085763516 0.110708543077524 0.0373987226285484 0.144250408575916 0.175722639741165 0.125210910078589 0.13851162927465 0.0800807002511283 0.0228853749424971 0.020421985666466
0.11321045073687 0.0256409332551487 0.204618869543089 0.00365460773913315 0.117238523331218 0.0443055648793304 0.195588921129085 0.133637420992423 0.104714035925445 0.0573906724682571
0.07847375410851 0.0156701797990114 0.132414307457757 0.160682743953617 0.172933900228204 0.161674615916859 0.108613467625742 0.0108421542401846 0.0998171759060992 0.0588777007640163
0.0058595606386266 0.0855395738710869 0.20877199071543 0.177024277755762 0.134199093118148 0.0183700834538834 0.045202152501567 0.0254834597319289 0.129359809315854 0.170189998897713
0.0688275435455767 0.108454677800837 0.0722895556158447 0.153844144269385 0.0935587768466776 0.013627871446514 0.108631326178838 0.195536726961169 0.112492547150215 0.0727368301849425
0.0853298889897662 0.00147876687529252 0.119368315603678 0.0609049559614608 0.0913836176625589 0.154825726385354 0.108772555385959 0.16362948647759 0.0920227335095542 0.122283953148787
0.0129886081775297 0.124824313734729 0.111619588469015 0.0250114528528574 0.025582813689004 0.100905312761254 0.255325846037432 0.19812442601649 0.101843394104772 0.0437742441569164
0.00150866142622409 0.168341829439337 0.0140992523511934 0.00917211622217647 0.153879810337835 0.113851903808756 0.144347242486344 0.120028968086575 0.0936501813603647 0.181120034481194
0.108784592793144 0.06658824333228 0.0539587675964141 0.106949560722808 0.0795811734088606 0.122434710882127 0.0922207299014165 0.0303349953806444 0.167183561257578 0.171963664724729
0.0554609646651583 0.117330602611277 0.111364342242756 0.0116075590151653 0.123246429453317 0.126878245982358 0.092870130764399 0.119280604896386 0.123530365155101 0.118430755214082
0.123099734568863 0.12416038360382 0.0520002646844205 0.104581883878194 0.112689134900623 0.149391235752493 0.129311599238408 0.0183905696321798 0.0886242804267815 0.0977509133142166
0.206851344421222 0.0566349779394447 0.0394687108912923 0.071569688105538 0.0196209959045878 0.106151871904165 0.203053574117492 0.0100968767074231 0.0675472095393581 0.219004750469477
0.0357548845543953 0.0877301256702685 0.171559072641254 0.0479177757200051 0.126332421090411 0.122498566556459 0.122320024958515 0.0631754746693975 0.17923815455643 0.0434734995828653
0.0152246230546903 0.0684538357357755 0.154338991931619 0.0466317669318723 0.100547769978176 0.108172508958411 0.122088896299855 0.119970765846756 0.110539401673977 0.154031439588869
0.210127888018096 0.045173336549591 0.094275020006521 0.202907733239206 0.0382759333010351 0.0688786089594146 0.156965357928564 0.038019565773551 0.0751641077612643 0.070212448462757
0.120479106076592 0.1716063932555 0.0788184999996991 0.0488188931241595 0.071467031978137 0.0663945503481575 0.168508850104966 0.0541440815379016 0.141477402576521 0.0782851909983659
0.100755493892715 0.112629925797659 0.140681936354272 0.101614755198632 0.132737299985718 0.0983355987878847 0.092213506047572 0.0598704100484102 0.151694836886223 0.00946623700091351
0.11270896426098 0.093527927546997 0.145954019620717 0.16829414492587 0.0528997208492544 0.12950602529348 0.067676513865277 0.0376285315068559 0.114072622155166 0.0777315299754027
0.0666910304628507 0.163377302831161 0.0225485505636181 0.180647133752099 0.0481905097091371 0.0566723252705923 0.126736323356356 0.158868861188031 0.068775723079441 0.107492239786714
0.115598225986709 0.236931829919618 0.100125261555697 0.102178877912896 0.175051494412078 0.0167105134180016 0.0880928186422419 0.0429748028801585 0.0600867327046171 0.062249442567983
0.112674781286234 0.166819460362316 0.12052998031457 0.115276165921585 0.016156769217675 0.0379169541327924 0.00304911337584884 0.188637873778557 0.120064805356173 0.11887409625425
0.171660530343807 0.13982683785819 0.0857070153541128 0.0364232500706107 0.0245973297057453 0.0922166973501862 0.0542141292531536 0.1223120102353 0.206610786075561 0.0664314137533333
0.00525904534872508 0.0807920197260298 0.0428554696050739 0.150042691800438 0.0433587413945312 0.0358552608952973 0.204348505152351 0.23536164861197 0.0321761276744194 0.169950489791164
0.0439657244019294 0.106767614914959 0.01770748765993 0.213429787746638 0.157449116044955 0.178341331238086 0.0206274602059376 0.0260759448945777 0.211672087597487 0.0239634452954993
0.012066160524528 0.00904601914407856 0.105630658411463 0.0700462963215058 0.114656627543272 0.277809253126232 0.0450701935916542 0.0837401201929609 0.135611501008072 0.146323170136234
0.107772644573136 0.153628912826433 0.0993794618239634 0.134749678684891 0.149344979220424 0.0643952783667005 0.125435726480013 0.00011090574167044 0.0571670998633548 0.108015312419413
0.0343701730204721 0.121567914410337 0.147603277621054 0.139055333405948 0.0483423357890336 0.0506851173872766 0.0897397527163324 0.0808655081961898 0.155214097519318 0.132556489934037
0.0618041110321722 0.00221848434763016 0.157375446602025 0.0567823713110798 0.127327572329336 0.131899001029421 0.122634962855327 0.168162987712701 0.125500173728246 0.0462948890520625
0.0694182884444725 0.187471382085571 0.232248552326047 0.151696893344923 0.072617555682419 0.0772847292649623 0.0540955213327473 0.00676396914303243 0.0530047466059716 0.0953983617698541
0.149120473950372 0.0399830488935324 0.0682214371522834 0.174613193926102 0.124908182308497 0.135565650087041 0.0445322214974938 0.0592673804346012 0.112037640379646 0.091750771370432
0.00823191621414982 0.0306401351157998 0.0515776589577608 0.128708799487487 0.0202404298883463 0.198055856644185 0.160038355493683 0.0288892138947127 0.196112742228897 0.177504892074977
0.267207271339202 0.0602235183923953 0.0905906377115811 0.200420615666523 0.0160206157709089 0.03747973522989 0.111384080222461 0.127687163088704 0.0613180270194241 0.0276683355589116
0.0470981430466573 0.0942833897389897 0.129707008147409 0.142334983965366 0.0719826983641599 0.167705242299819 0.199881979614627 0.00978931105640419 0.00085350422167739 0.136363739544891
0.14340292610416 0.122021874079214 0.127783943838879 0.129783674114387 0.0483758624539264 0.0488539564419579 0.186879100704933 0.0835731685049559 0.0799928234424907 0.0293326703150975
0.00384883016079547 0.0773603782720521 0.0786070325135184 0.035236800283799 0.100042370010151 0.0925154073995464 0.177935630013551 0.179939699330413 0.16494787750013 0.0895659745160437
0.00456321605741108 0.0559756517499481 0.208212145846879 0.0399032115820733 0.083865325321852 0.101426929026121 0.22044826847423 0.10410083893031 0.0115571405637931 0.169947272447382
0.0183144532014666 0.128543834377152 0.0617824958819932 0.0830296145118146 0.115294262918593 0.142642532410747 0.176719057706161 0.0662798268840871 0.150516463612707 0.0568774584952793
0.0925185845091562 0.210737666017826 0.129583420865472 0.0520842364405825 0.164926894028382 0.00488065290480707 0.124875853718169 0.00857555795634921 0.192134601654045 0.0196825319052117
0.120389715980073 0.0226442826818842 0.162553510784269 0.0577522461944865 0.0618323111507985 0.115594194162982 0.0450844789648214 0.145814396525569 0.11593078016819 0.152404083386927
0.121809317628641 0.091181020986877 0.0119422378972578 0.111385608683354 0.155570032328256 0.0599611913747344 0.111982902210442 0.130317837434769 0.0118086655009039 0.194041185954765
0.21384191023986 0.115417798642105 0.189235326324114 0.00258878149855213 0.0122388329332882 0.117206851365605 0.0808513093321987 0.0679070220466005 0.143603717858639 0.0571084497590372
0.146422579305179 0.0884565133394996 0.0640613399301724 0.0326962223672966 0.0872048354794107 0.165879033061689 0.0841898611915903 0.0638126664344457 0.212255622724984 0.0550213261657329
0.0799858769327282 0.0084856154369252 0.00758169082251176 0.0521050709202147 0.204702568836996 0.235055050945669 0.175294320757302 0.000143898913219782 0.0694050378105494 0.167240868623884
0.165354637260208 0.0271048746841303 0.101120159277166 0.096159169056616 0.0758515148039201 0.0952897780734294 0.141645093299277 0.0316496371996564 0.137496307121421 0.128328829224177
0.143980375798466 0.133906724528226 0.126711275410486 0.0365163096453334 0.121119873622643 0.0692011326846787 0.157540648226392 0.00875494823079044 0.162621555497977 0.0396471563550077
0.117027184417308 0.141236148724992 0.0711307008048701 0.111217042183813 0.0430060162584954 0.0291526543520871 0.00894794143197388 0.167067444688355 0.155459874686186 0.155754992451919
0.0591257734635 0.0286897757870989 0.189477654064901 0.0140368365335629 0.208890787917004 0.0225665860610163 0.074521591924497 0.125426468772905 0.138664154783147 0.138600370692369
0.0894285215060891 0.0458025837858624 0.0884694031596307 0.0985782727867404 0.0254097951137638 0.0946608494789674 0.284952593125326 0.0380996070606556 0.191421490456878 0.0431768835260867
0.0132945528379014 0.0252711901821316 0.181855147047695 0.0758802689913641 0.0491693829953746 0.0599032809410061 0.200929840434866 0.150430522343614 0.156836220128903 0.0864295940971442
0.132932910203418 0.149325935983454 0.14864080842314 0.161532163993866 0.0881551975808816 0.0152199448927497 0.0676309782781676 0.0797994846761947 0.101466001495966 0.0552965744721623
0.22915767465836 0.0887834363494782 0.0483429485401407 0.0191368794716498 0.090547385931681 0.0439208690831502 0.0930729590210519 0.128596253289928 0.237314231873705 0.0211273617808549
0.16948148534452 0.0231614354060715 0.160729116917774 0.0734334440524941 0.104892933643222 0.0280053830264721 0.0909915436989812 0.0367762432128583 0.153681419523741 0.158846995173866
0.0991442261306492 0.0645080805046814 0.0865672444849517 0.0526274413709107 0.0986609877282301 0.0181243821806751 0.213335906713907 0.143568417214127 0.043011553970443 0.180451759701425
0.0837631508521045 0.0177061219214171 0.0490094045809863 0.0764121397544392 0.172222740112155 0.0941319373694042 0.107691781904204 0.166898062917138 0.0726753446378911 0.15948931595026
0.122497083398406 0.119001355561236 0.110042257957293 0.130358033261282 0.0240064406263041 0.0795267736474604 0.0937718729828425 0.0662664862526554 0.118293900256186 0.136235796056335
0.0289046455609361 0.175117823351382 0.134029181264287 0.20135114315595 0.159713240569978 0.0075273242541533 0.0329016598460123 0.0609597149786155 0.132957397140822 0.0665378698778639
0.214383557929104 0.117193685163604 0.00746369566910568 0.176089303430656 0.0307686789333555 0.19507595832782 0.0763217000082336 0.0576165449876139 0.107839818157327 0.0172470573931804
0.0669856243273031 0.138088959898616 0.0406440870665736 0.106857497936953 0.192562503493879 0.0274374897513877 0.17344284427005 0.0195619880463321 0.103047645396414 0.131371359812492
0.154355660139364 0.153987259118981 0.0117234875894457 0.141986461729423 0.121935031882163 0.0775918935960822 0.004947312243633 0.114858957447879 0.0863513153739191 0.132262620879109
0.0718029432510321 0.280283722862986 0.232471587080579 0.00875417635655678 0.0665970713481653 0.0241460751325456 0.0563092362392168 0.214244279883912 0.0315134282101908 0.0138774796348159
0.130258958161106 0.0245493549737523 0.00161460719723006 0.126926524514694 0.14978930250966 0.044787210737174 0.190264832696341 0.0600712482033261 0.147765004035697 0.12397295697102
0.141563653906025 0.0482667702624593 0.191725679321995 0.174813755671151 0.0741495799973461 0.0629223551203353 0.0310498785779629 0.114223668304461 0.151442515549746 0.00984214328851871
0.0257350701057143 0.104012708594306 0.0803881572559732 0.0715756767895091 0.135369291919145 0.000703165164951897 0.0517184500925048 0.142683223248693 0.187007724254182 0.200806532575021
0.0873090185552625 0.121413835620037 0.079062591793012 0.110541077989517 0.187366123493893 0.0837817547076935 0.0623570614789378 0.144867351640621 0.0492065386578841 0.0740946460631421
0.0139489157683723 0.199037298695135 0.0484708355641636 0.0769593421895558 0.139048594789194 0.159503095041365 0.148234374203829 0.0647534460447196 0.138670359828515 0.0113737378751507
0.138578009009086 0.173175208858399 0.100238344950837 0.0909083831976819 0.0409678553533066 0.121913487625045 0.103579717291121 0.0994522718325266 0.11175683348885 0.0194298883931465
0.0845548974946592 0.0323329993662688 0.014204625821079 0.156269398692505 0.176226479660472 0.161402133009567 0.0369842643932077 0.182482738335366 0.115008255526808 0.0405342077000675
0.0118207910910721 0.0436216885735895 0.198877003497446 0.0155602550695778 0.0581563269003846 0.0505947845803305 0.124464099664264 0.182056830610372 0.179646227700548 0.135201992312416
0.0741538287980892 0.24636330817949 0.0495935991808534 0.176130104814439 0.0060647724444026 0.158412367365954 0.0652695386875038 0.0202115028209629 0.175969707262116 0.027831270446189
0.182598857136117 0.193231561076388 0.0190603461736357 0.0270922622475869 0.0451756256633531 0.102342973152334 0.0248283489476193 0.114865770427242 0.163853242635641 0.126951012540083
0.0583855156861206 0.12243190835663 0.0464170658009333 0.163081504960504 0.0246060930968001 0.125574118642829 0.178206402941424 0.0586401361720384 0.0399045252675644 0.182752729075156
0.036058135787539 0.0607401984119438 0.185035751017823 0.18663129539275 0.038838452444967 0.149968931089285 0.163379628341499 0.12938412326358 0.000941066538166044 0.0490224177124469
0.0827552987261249 0.0509217668261489 0.107209158764016 0.132167698830318 0.0927803137742551 0.114368576873604 0.0630430208529151 0.189103853511489 0.0433867927549167 0.124263519086212
0.0540406041320813 0.131891323026704 0.193576233950545 0.00458141672544095 0.0898710095522516 0.0787788509266461 0.11865761452474 0.0547234644069826 0.14823796287701 0.125641519877599
0.0305970941937098 0.124077671265263 0.17747872419331 0.0500408407307597 0.121083204754764 0.0476678785519024 0.218705047655897 0.101817881155419 0.0883484660086866 0.0401831914902886
0.142254531823675 0.0953047107188309 0.123656167162417 0.124521916438697 0.00566950147797523 0.17558438376864 0.103964599230286 0.0421192498793446 0.140324449120133 0.0466004903800014
0.0937608721970081 0.141051348727827 0.0741373370185922 0.115419605449335 0.0235996475164295 0.0903896518379038 0.137383201821874 0.161358238787391 0.139171885058685 0.023728211584954
0.168473219333383 0.0975135278218202 0.109567947726284 0.0599002067440283 0.0670692930340124 0.0373541243038213 0.165863311427251 0.129635498076841 0.0826450390859266 0.0819778324466321
0.114502674386269 0.162370530803866 0.0631103458134156 0.00946961207637508 0.105966349637563 0.0534759392539786 0.0896705816895644 0.0686694012945398 0.155295456483228 0.177469108561199
0.0529293456685613 0.14908306877713 0.197300088557299 0.0264652380750066 0.0793564235376153 0.0359059042114451 0.147750569789744 0.00273765301457545 0.0670449038431004 0.241426804525523
0.136001411090958 0.119141822476894 0.0968422363316545 0.0614768263860514 0.0126996725886537 0.079004964265234 0.135198100193713 0.166418898073753 0.11836717557558 0.0748488930175074
0.0221075412165576 0.0845338769138815 0.198733696578144 0.0116355704398619 0.0635403534817863 0.189223176921468 0.132176766137205 0.157789943892419 0.00516894462277003 0.135090129795906
0.152730770579031 0.0327990801962089 0.0740104294975231 0.11082773752787 0.119729373815488 0.0830714555749581 0.0206632863938928 0.148686504997602 0.102784884829116 0.154696476588309
0.197396846390626 0.0137251076991315 0.0577704417726898 0.198794766286278 0.0461533796534495 0.14584079575587 0.0287410257816689 0.210522980254837 0.0913558219759696 0.0096988344294797
0.0035718943983675 0.22769751071517 0.0225041027680894 0.0993552767616783 0.0300033906363558 0.218655813002178 0.106778621160077 0.0314829484093326 0.0511783079566826 0.208772134192069
0.126345775814871 0.00623615352727434 0.129553956692425 0.145728826024883 0.028897892579159 0.0749360853733562 0.0344829780174663 0.150283108239676 0.226799966197577 0.0767352575333123
0.0784586574322268 0.0100751449122917 0.132479777341196 0.0749787174874073 0.0639213940321453 0.0514106529661441 0.147644301345761 0.139115581737137 0.155256802481215 0.146658970264476
0.0450714368444834 0.0793911299885088 0.0624890323918804 0.119396531863901 0.119803696135321 0.22810079140213 0.233367526715173 0.00405999766497996 0.0360770017739991 0.0722428552196233
0.0728037723919916 0.0300662581605759 0.0423524617867594 0.00407788494147916 0.219054029259738 0.121330208901224 0.219606194837162 0.187696871558738 0.0771304435975587 0.0258818745647727
0.0557327078892563 0.0886566959845845 0.00500344957885936 0.0887030409003715 0.0880711986675845 0.155618302293434 0.130709012651572 0.0468476033938479 0.165451219395021 0.175206769245469
0.178657680094832 0.0628693374688477 0.134472369922479 0.0726569812900974 0.147501348926167 0.028051698451695 0.05860035203381 0.0570254025819544 0.0809382073536273 0.17922662187649
0.0221097444014018 0.10200132144601 0.0980370070701647 0.124308515206793 0.168998784995197 0.0260897552671084 0.077161142181109 0.0594190362736797 0.162355514054856 0.15951917910368
0.0296344997516001 0.0742389675365614 0.185878348243367 0.0769136830613454 0.215422346886756 0.131407078296915 0.0973340353878481 0.0203308520265734 0.0422584182446 0.126581770564434
0.0150727940145396 0.0590668964469859 0.155512574821689 0.158428839384886 0.102717786937114 0.0151839349652483 0.140501943802876 0.137691111794577 0.113683107498588 0.102141010333497
0.141454468762434 0.0049753999277761 0.0538698390712027 0.0225742651302986 0.172875862531527 0.096192031451138 0.125541886781754 0.168681391139865 0.125782325055903 0.0880525301481023
0.028478519241831 0.0751969704119746 0.155414530404749 0.0383657724079112 0.16259737623051 0.119244981338988 0.107921559163413 0.148585562642693 0.0105037984242816 0.153690929733649
0.169828461443268 0.0575785744597674 0.0398124700526365 0.179512804171419 0.0916251308865426 0.0309873431746621 0.0930839157171753 0.0709433340302341 0.0998173341211111 0.166810631943183
0.137750667668603 0.0598397702409962 0.118537272308168 0.0448230307690356 0.194162826953443 0.137292779764053 0.0327586944888417 0.181781237405189 0.0762022804834629 0.016851439918207
0.0495663076403818 0.0905368498418614 0.129362779836989 0.0164777566060132 0.163100978042444 0.0933673027641342 0.0731785444073697 0.165801759771874 0.106324097878147 0.112283623210785
0.0698683301865976 0.0335595499342261 0.182536634992311 0.0519122682450104 0.214323391416539 0.0907454683695137 0.13874928522741 0.148179805247979 0.0441432806340448 0.025981985746369
0.152674247826027 0.162683513959248 0.158367104549386 0.026053830527355 0.145360744173911 0.162130567929093 0.0117691175965446 0.0480466654643838 0.0706997179561937 0.062214490017857
0.179940211361537 0.187046517115075 0.00564871173092631 0.0340250598628933 0.0294387537682365 0.128534869122419 0.0590027644023474 0.11368064461987 0.0777201905271396 0.184962277489555
0.186289908094798 0.144567872200582 0.152119925648109 0.0453816659969119 0.0893254433490543 0.0556351755064237 0.00588146990851815 0.116987354255247 0.12324275066606 0.0805684343742973
0.138675583249166 0.129725747659393 0.153362478205645 0.0284083474865273 0.0850480341634988 0.0642951912684704 0.0489796520696691 0.0998776261706459 0.115180768569617 0.136446571157368
0.101881336595317 0.0539073677040027 0.149060220571168 0.0872746274567727 0.0502724657748862 0.181163305491544 0.054747819623239 0.141552261067564 0.15581503409138 0.0243255616241258
0.0123134275244648 0.123291512405767 0.0480498909450009 0.169352640071647 0.126406371626199 0.154447247155819 0.0629054147362885 0.147307731766917 0.137409866075687 0.0185158976922096
0.0165165771664826 0.0964537460407945 0.178932640663651 0.193363845826967 0.0341788130796061 0.17643386931707 0.125776227105442 0.0601912656489391 0.0422190507439751 0.0759339644070725
0.0717923664364025 0.192924150645939 0.0147620119594248 0.129796857658728 0.0615266363838487 0.218614586366797 0.0155300047125197 0.171410139907522 0.0240031876509472 0.0996400582778703
0.0579402911377923 0.149365279381639 0.0797295484171178 0.149522577234884 0.0640291795431838 0.0983796554050747 0.0429110003154849 0.178049945973439 0.00368037462949054 0.176392147961894
0.000743278567145133 0.129297261826689 0.00449837332329244 0.100631089495183 0.012394008597037 0.234312059274347 0.24281746569624 0.0751062900377332 0.0501262093160776 0.150073963866256
0.174765546109847 0.0559696652724738 0.067232871135068 0.0238918278492946 0.215065829534684 0.00530168860847234 0.0402361958389844 0.0929034179726464 0.130362928221064 0.194270029457465
0.168094848451989 0.12093040503227 0.0962649320916044 0.0973006535841981 0.023196720161514 0.153455199998598 0.0747985148090212 0.108925902522496 0.0211497481423907 0.135883075205919
0.052369017289526 0.124267387858575 0.0985231281504903 0.146761102366142 0.0958329710824251 0.136975996124919 0.0900889971915266 0.0465647140225819 0.0792234214472981 0.129393264466517
0.0770606295229387 0.140841663058006 0.108457691609507 0.0111366520662756 0.0886319519722433 0.179366930530281 0.152496196262354 0.0951864329520437 0.126175646389237 0.020646205637113
0.154378763517155 0.129852792360625 0.0264912302953828 0.0747454522060808 0.121601526511568 0.153828522822445 0.0469390937391203 0.129458573729617 0.134967698290892 0.027736346527114
0.0669423707496499 0.0693342925967685 0.0904882672429332 0.0860826106149647 0.140166835303809 0.149611709180107 0.176638766565863 0.0104548992751978 0.0832003406390958 0.127079907831611
0.188647889197198 0.0634201709582491 0.069675114121473 0.219570802504177 0.189585604244016 0.0556589065313237 0.118414003620799 0.0183108272891725 0.0171850496791338 0.0595316318544578
0.0141504444032432 0.0912122400153774 0.0544014879370812 0.0636948707109778 0.24814921360826 0.16572690063409 0.182415183589806 0.0573995344421041 0.0990714063288587 0.0237787183302013
0.0536313096010993 0.101014100831523 0.0368763732722675 0.0135282863641048 0.123451109855992 0.0153432118595289 0.272429625723227 0.0602600433305865 0.212565125714945 0.110900813446726
0.184093230484672 0.104738038103812 0.0197457943903705 0.114564700340414 0.00944895243750958 0.202725948311975 0.0545221420435587 0.0183180335632012 0.0867956243992862 0.205047535925201
0.17207540868158 0.0130285738047276 0.155252919798263 0.225180553694992 0.070460599196017 0.0931160457320268 0.031613802194444 0.0474445028711527 0.107574252352043 0.0842533416747541
0.085616651953813 0.0745755471811569 0.139346348909904 0.177843828453508 0.028479235390592 0.127937693020988 0.0298024830454939 0.120895636479795 0.0777153133743734 0.137787262190376
0.112107113675374 0.0954491403038663 0.173765163399919 0.0287211908268821 0.115166691201962 0.0093923070898179 0.00301417069414937 0.163207715001229 0.0752723669884482 0.223904140818353
0.0319350223794199 0.179785688014176 0.131069728406327 0.0499547726893118 0.15433712859705 0.137255014239147 0.00365347154875705 0.183446677936792 0.0231611443643832 0.105401351824635
0.25038361130495 0.0329094074448242 0.0800275879595857 0.0655551955197288 0.017720704621498 0.0388301561212607 0.00427857168147149 0.229919364353541 0.170370386802418 0.110005014190722
0.131322318477449 0.139130106259734 0.118569426900745 0.133512532425585 0.0703702640093703 0.102208079097201 0.0778079771227103 0.0679481702889225 0.0866135397209723 0.07251758569731
0.13857212102356 0.0699973805518104 0.130397101498863 0.0268393131302797 0.0136600569926724 0.139046117002653 0.182006747501545 0.081967838747065 0.105906248824541 0.111607074727011
0.112159415184635 0.109635747957277 0.110120002484512 0.105280113901007 0.0897849065273658 0.140041304228409 0.0648851317533075 0.0696612870771628 0.170816523220047 0.0276155676662772
0.0831713336333806 0.0283728600884198 0.161496545154486 0.176453801572067 0.154508186267573 0.0604962939480848 0.0472703797250318 0.0949902304152662 0.110755960994688 0.082484408201002
0.176763969753985 0.153798673822282 0.0564425653314446 0.084409334238589 0.100359946842882 0.0168729005690223 0.0504084037576739 0.0512494066276602 0.140713002596798 0.168981796459664
