0.205178001989779 0.562440943998959 0.175404621431917 0.0569764325793444
0.286721950074438 0.0897649080147092 0.493578577955365 0.129934563955488
0.316483775385607 0.0790754099343345 0.0873428444234554 0.517097970256603
0.255869375723533 0.234956891920712 0.252527176372284 0.256646555983471
0.375937791752622 0.0105416417977262 0.293456260076275 0.320064306373377
0.307209942558174 0.22159475033381 0.22054942275415 0.250645884353865
0.118574874275716 0.18458031103901 0.156269006712264 0.540575807973009
0.272442942901952 0.264173518330466 0.29255609742051 0.170827441347071
0.267288306450437 0.243964972448787 0.331935921210102 0.156810799890674
0.0731183591459102 0.328580925631897 0.323403428776307 0.274897286445886
0.321390619312011 0.0599176214832378 0.312702035272058 0.305989723932694
0.406581101496159 0.164371432219414 0.28053660343473 0.148510862849697
0.297649723031289 0.328337569711733 0.311108726750885 0.0629039805060931
0.253625673491396 0.305891867506853 0.147545617537941 0.29293684146381
0.271931400861341 0.224969649100572 0.38808456071505 0.115014389323037
0.23580380125335 0.172998146432637 0.289434815376722 0.301763236937291
0.00606053490545567 0.439817741703977 0.411927476053397 0.14219424733717
0.258940086324806 0.239941198104065 0.231950130056286 0.269168585514843
0.180844029439681 0.240738922376496 0.445677812406633 0.13273923577719
0.323869906339412 0.191094852520609 0.482075691743985 0.00295954939599439
0.151678701514903 0.317098082225604 0.266872615000527 0.264350601258966
0.4561037148605 0.104227844990939 0.419142017552567 0.0205264225959937
0.449645592164303 0.193690600587952 0.106545051461913 0.250118755785832
0.0720330218750532 0.0345805608399394 0.492724586109453 0.400661831175555
0.356354552562568 0.204709096111326 0.244698124331216 0.194238226994889
0.207697662357453 0.275050780585523 0.0500902790413455 0.467161278015679
0.351303505010149 0.0636175284051268 0.253536111351677 0.331542855233047
0.200175700186838 0.119921671882821 0.610520457291085 0.0693821706392561
0.155595164381162 0.385676597217002 0.386581944367656 0.0721462940341795
0.268054950077927 0.293585088615893 0.114809007090616 0.323550954215563
0.369483112690068 0.38249249205796 0.0527589813430788 0.195265413908893
0.512485602075336 0.253527021920075 0.182147693344526 0.0518396826600629
0.332998925068997 0.461099385871821 0.130096928360698 0.0758047606984846
0.377275627339896 0.151222776438113 0.227745736494447 0.243755859727544
0.295223143555269 0.376425464877039 0.254588057879671 0.0737633336880213
0.294732409362534 0.00245889727618483 0.363122037942974 0.339686655418308
0.37905092252986 0.284863508155349 0.33244257875597 0.00364299055882165
0.111759757578031 0.266762854886782 0.352980468848949 0.268496918686238
0.223983750312894 0.213992520866223 0.120076475070294 0.441947253750589
0.21784744999108 0.376284835668811 0.0135730016583508 0.392294712681758
0.228810605354454 0.364087006981609 0.0926852957619788 0.314417091901958
0.0128162537807762 0.570950725135867 0.241650920368047 0.174582100715309
0.121444917070846 0.475422298213885 0.165782751215752 0.237350033499518
0.229666156093678 0.45166095583416 0.141821817950499 0.176851070121663
0.24167571316784 0.212546100213658 0.270009696555325 0.275768490063177
0.400725778873778 0.161942366404488 0.237303433178483 0.200028421543252
0.267718940939233 0.104183086826525 0.328177984336977 0.299919987897265
0.373830345727842 0.00533629217055215 0.358393606412094 0.262439755689512
0.0582456362823829 0.406762715924385 0.186096247285225 0.348895400508007
0.33371819814124 0.188490053692098 0.466157473348027 0.0116342748186356
0.380971908396471 0.0780080990337718 0.407603022494439 0.133416970075319
0.195155456319044 0.178061537353664 0.0858068163255325 0.54097619000176
0.179108839323541 0.337148676369593 0.0533925205853989 0.430349963721467
0.462042917075224 0.043515272589005 0.0514172659459401 0.443024544389831
0.453111768583965 0.380861941223114 0.000948649014374311 0.165077641178546
0.17804850466169 0.160988916749279 0.367879351802169 0.293083226786862
0.380007173745208 0.127311373111295 0.164605340294314 0.328076112849184
0.264398100274357 0.183948898031064 0.347943085558599 0.20370991613598
0.128583944855468 0.225342004471731 0.536156292270077 0.109917758402725
0.18608519721213 0.520845269641025 0.229673851888482 0.0633956812583635
0.641438242517856 0.0559972435962969 0.234442608815051 0.0681219050707964
0.259357741332494 0.283594262314542 0.164221906590662 0.292826089762302
0.109684917383747 0.426483824337502 0.0518705306821345 0.411960727596617
0.0169712921769842 0.144905905427214 0.124306346459336 0.713816455936466
0.472194507466223 0.148748797562163 0.3156431839122 0.063413511059413
0.271847098553764 0.151792457318865 0.50413211908547 0.0722283250419003
0.344847387646991 0.0861506340011184 0.182656216113618 0.386345762238272
0.140666400289873 0.29060117460709 0.208903053614159 0.359829371488878
0.196249457982236 0.296049600113137 0.242615897111799 0.265085044792828
0.227969091688901 0.355739326956768 0.28356303447198 0.132728546882351
0.207160292775611 0.417806854046411 0.327857196080914 0.0471756570970629
0.235754935666986 0.395456968741475 0.36739828675058 0.0013898088409587
0.453176423416382 0.121017730588393 0.156353681474924 0.269452164520301
0.359682880527278 0.487389990577269 0.119931741007671 0.032995387887783
0.289919088148377 0.236294511252729 0.254870060275501 0.218916340323392
0.0902141212907885 0.150166795854055 0.253294281861562 0.506324800993594
0.198946146084368 0.491234609455427 0.266915923506376 0.0429033209538295
0.33068522462066 0.280806819570938 0.22134022196676 0.167167733841642
0.25885993122963 0.310682868668413 0.153875940756895 0.276581259345062
0.0211151605218522 0.318092240244502 0.296066707726416 0.36472589150723
0.341715607127289 0.297757436081165 0.218888487853347 0.141638468938199
0.117016886414612 0.292041324283239 0.342654218277 0.248287571025149
0.386507652095021 0.0672263758136257 0.171309946765364 0.374956025325989
0.302875548980247 0.383090185958099 0.299636107217227 0.014398157844427
0.291362094788008 0.153561118595801 0.271755630715547 0.283321155900645
0.281124898000761 0.291050164531081 0.184994355396576 0.242830582071581
0.223581165995883 0.337194306647542 0.233408552841315 0.20581597451526
0.0386004137433973 0.267204758490249 0.371616873021958 0.322577954744396
0.280520388832953 0.398820171850839 0.170282288818663 0.150377150497546
0.0661565214383813 0.310905380503683 0.0885478704897247 0.534390227568211
0.279007867641933 0.11775769462371 0.280221497955184 0.323012939779173
0.284832258400828 0.258772260304747 0.0628451161905031 0.393550365103921
0.335949264546859 0.0850433623014273 0.320376862068918 0.258630511082796
0.0623618005972797 0.278426016980718 0.367789048718155 0.291423133703847
0.018429496410585 0.380172829722815 0.266675140891214 0.334722532975386
0.113494457994138 0.0253426068876711 0.744233469520307 0.116929465597885
0.143602510652794 0.295628296291474 0.237579158458144 0.323190034597588
0.294735372892261 0.112488364023349 0.513420538907995 0.079355724176395
0.35154706704988 0.463285958603977 0.0821595113614175 0.103007462984725
0.440882908067055 0.168717248643601 0.0564448394926059 0.333955003796739
0.18044570031275 0.206911162870848 0.306792715371751 0.305850421444651
0.111528327541599 0.32419155988459 0.368416311975529 0.195863800598282
0.249489080436299 0.251764883679758 0.190898607492321 0.307847428391622
0.41600575400358 0.311972276622587 0.0606135923894103 0.211408376984423
0.155539247261818 0.163009417122771 0.386841127894961 0.29461020772045
0.230295460040887 0.0789772901597169 0.428046372182863 0.262680877616533
0.332527803924587 0.117988467309051 0.00020079745977223 0.54928293130659
0.269570498097399 0.269058852997893 0.22896701981137 0.232403629093338
0.304259943665504 0.260034841150109 0.111500281692288 0.324204933492099
0.119486587913145 0.3509788927362 0.424454792776749 0.105079726573905
0.229634748774546 0.110196661847453 0.308027562957053 0.352141026420948
0.351406628687242 0.253502968256351 0.317088763855682 0.0780016392007242
0.406235680172304 0.156527285275186 0.230982183493629 0.206254851058881
0.319339645539098 0.332729341815002 0.143043063343613 0.204887949302288
0.223861685264647 0.274271591873723 0.249801751068976 0.252064971792653
0.339606660884641 0.0910268565218945 0.401464623774945 0.16790185881852
0.0926737673235087 0.264440139152757 0.343282252369436 0.299603841154299
0.409450499317892 0.17053789890914 0.380712360401216 0.0392992413717517
0.143047656597695 0.394784970771168 0.0471469317776228 0.415020440853514
0.238281807237106 0.316604700001645 0.255859761871092 0.189253730890158
0.362451109721364 0.00659657947764101 0.3570270171907 0.273925293610295
0.413452071422342 0.015873162539597 0.538945760453551 0.0317290055845096
0.292502307308125 0.132510151870769 0.267410666050297 0.307576874770809
0.275673044600771 0.11663099474517 0.373457792526719 0.23423816812734
0.151703240225345 0.373518280866341 0.351738636855528 0.123039842052786
0.322884857247487 0.354412313865939 0.185635825004176 0.137067003882397
0.287272706394581 0.0382688090281926 0.588563522473857 0.0858949621033701
0.352061409468385 0.236442700209126 0.139144251626068 0.272351638696421
0.0972205336853541 0.253073210382163 0.469247228425131 0.180459027507352
0.0768470414630008 0.300398002100627 0.224132488939296 0.398622467497076
0.349028895352676 0.252099563089469 0.212088892457429 0.186782649100426
0.314877955887226 0.175057141197797 0.361798823228983 0.148266079685994
0.167636217606471 0.386983778471787 0.151005170759081 0.294374833162661
0.398582813907776 0.1868158664825 0.0626026531774735 0.35199866643225
0.325263483783918 0.100944684262872 0.326527241184323 0.247264590768887
0.311706373764942 0.295611201206996 0.070854324450295 0.321828100577766
0.359654869709606 0.350542861476909 0.233812037949767 0.0559902308637184
0.300232056712271 0.230971454749251 0.32608303160461 0.142713456933869
0.114403194796699 0.409641413550381 0.284098292713123 0.191857098939797
0.115791866414567 0.0467375528282167 0.349186526835621 0.488284053921595
0.111232699235697 0.295233782330337 0.18655445606276 0.406979062371206
0.127458010438003 0.0406173843658929 0.245677110229749 0.586247494966355
0.222026115924647 0.0327824274536699 0.212647079469589 0.532544377152094
0.386850493840789 0.130994399383829 0.187078141928925 0.295076964846457
0.173101617385079 0.447434516071645 0.0746083502797815 0.304855516263494
0.414570824391787 0.156426397394639 0.173553053112202 0.255449725101372
0.147019313925504 0.155685115492001 0.536749166878678 0.160546403703817
0.371662360155617 0.0497711048195341 0.273428141652868 0.30513839337198
0.146687053746844 0.25735608678641 0.253869462600017 0.34208739686673
0.467576801807975 0.137471095532909 0.139938338902821 0.255013763756295
0.172582661032677 0.337447246507706 0.448289797671038 0.0416802947885793
0.402659422663767 0.236532730071244 0.275540043207353 0.085267804057636
0.0335327049401211 0.355629968354322 0.164461073698415 0.446376253007142
0.297876814337798 0.381178598991314 0.274996183696447 0.0459484029744414
0.0907410640837172 0.282260204979409 0.219605961314736 0.407392769622138
0.126385049779325 0.0373274517845582 0.507403673045665 0.328883825390453
0.0552100929407018 0.19856672307759 0.385690596365804 0.360532587615904
0.375245314215843 0.309777613476523 0.307665065173986 0.00731200713364798
0.128538012935384 0.259635376282541 0.273959022944807 0.337867587837268
0.211545822889769 0.260405767136521 0.235496664651911 0.292551745321799
0.141354932428867 0.165139183717295 0.318023311494342 0.375482572359497
0.396448241143368 0.194688617217983 0.121195551030369 0.28766759060828
0.267606270340799 0.422601912359947 0.0669916527571999 0.242800164542054
0.125242699248142 0.0651255300845653 0.308529936832957 0.501101833834336
0.162875322697474 0.496644649265809 0.196325060086877 0.14415496794984
0.276368732735237 0.278658882373257 0.380157360914984 0.0648150239765225
0.349756101988927 0.0978706304138676 0.487425776797935 0.064947490799271
0.235345263283221 0.26354357046752 0.248535960664714 0.252575205584544
0.509629064971928 0.227925834377567 0.0964287648726482 0.166016335777857
0.243935548065518 0.220198548152841 0.303579406473199 0.232286497308443
0.214523591512135 0.147049468979832 0.600638329014908 0.0377886104931249
0.292020912500493 0.287945110061439 0.214147992605312 0.205885984832756
0.346316425795218 0.193420931761603 0.342880645361287 0.117381997081893
0.176852461510319 0.204460796757362 0.383970804773853 0.234715936958466
0.23307142689486 0.290645051012443 0.324545007176813 0.151738514915884
0.352156040824285 0.262813914708843 0.0777167911642077 0.307313253302665
0.368306997954744 0.235061395340135 0.301001568689903 0.095630038015218
0.204221397454045 0.143556944652217 0.213356230185005 0.438865427708733
0.151665116039335 0.183322924686886 0.161971992272609 0.50303996700117
0.227942432715084 0.27823647577814 0.287606032598657 0.20621505890812
0.264192889988079 0.0815455384795342 0.291687453057079 0.362574118475307
0.351146496645493 0.330344767762078 0.207532725960527 0.110976009631902
0.385929039585644 0.0700899355438656 0.177570083787849 0.366410941082642
0.563918633055607 0.338154221585732 0.0832744590389991 0.0146526863196618
0.454960573737173 0.144686190096861 0.146702689519453 0.253650546646513
0.202448572253515 0.191690938482441 0.230057276762323 0.375803212501721
0.104032935758198 0.32589655715831 0.304566616316731 0.265503890766761
0.478273021516039 0.245199932111196 0.0568979758696932 0.219629070503072
0.0373636955299016 0.114971953415235 0.573208745870131 0.274455605184732
0.246908284389771 0.0203356353469815 0.0415914019797108 0.691164678283536
0.121396298875133 0.491077454553305 0.13004078112221 0.257485465449353
0.15823000376301 0.363222061150989 0.239991169922987 0.238556765163014
0.521110137341299 0.0746344091608858 0.318303660252825 0.0859517932449898
0.375990633905503 0.290837536656299 0.291012747290949 0.0421590821472496
0.00981352368542143 0.214640952109243 0.538012192582771 0.237533331622564
0.146016925899048 0.533461710040113 0.137927267884664 0.182594096176175
0.124312255134269 0.559424248574347 0.000947089000478341 0.315316407290905
0.47273563603301 0.141749307415224 0.06892314471572 0.316591911836046
0.04695790642836 0.376402471216353 0.38465059275565 0.191989029599637
0.122994082940532 0.0685795814811438 0.249460327821081 0.558966007757243
