0.0196109204747518 0.138837466176776 0.0623929052306028 0.0762732514955608 0.130512466158021 0.114845678023303 0.122687353709117 0.0856720494427818 0.129841356455716 0.11932655283337
0.086669095294015 0.079479766214503 0.132025086030295 0.122511078530622 0.10233456521716 0.129405069981252 0.14807558296036 0.0681268595775168 0.06669307462989 0.0646798215643867
0.0866765237336177 0.0614070176271415 0.177496300654182 0.0695110718705334 0.0820002411811469 0.0136864790273532 0.0649676540889392 0.108942817340678 0.15926160135598 0.176050293120428
0.146144018258199 0.144315760108865 0.097798738349165 0.0813174292272395 0.0356815223397139 0.112850750916074 0.1007526086308 0.0882891512709533 0.123200649939151 0.0696493709598391
0.051523335996815 0.119727555840901 0.149745254094605 0.145429794399344 0.136576900643676 0.05142766213662 0.0955764822512576 0.0711324903255517 0.106087785956322 0.072772738354908
0.153296374321041 0.131521952653484 0.0326625634748907 0.17310525234787 0.13952608257144 0.0950544311467545 0.180256081943545 0.0244419523002304 0.00184663971603544 0.0682886695247095
0.141693067020178 0.0824514419725229 0.0656682924688631 0.13089231491795 0.101966060322376 0.134630844528189 0.00327340467804841 0.115289888823654 0.0824974349165977 0.141637250351621
0.102182983544923 0.122435886960374 0.120434947389359 0.0256240530746881 0.032956318708002 0.140448570744637 0.140778058605458 0.067418182978915 0.130535251343977 0.117185746649666
0.00804353123883512 0.0304089183922766 0.094784826573992 0.165867497987295 0.151194115172329 0.146948057517437 0.13445030758787 0.155134163988728 0.0359611879401473 0.0772073936010907
0.0736689415684288 0.134043181547362 0.0279919998252763 0.116350123156319 0.204543800679948 0.0508658190522967 0.141862361636372 0.153622150199883 0.083632449051665 0.0134191732824483
0.0953233104011562 0.0393079242148082 0.141159422822252 0.000282264906402467 0.102889104282905 0.199050836577443 0.0279288523863852 0.17073956503747 0.123456897720747 0.0998618216504311
0.0583745367182679 0.164727897051069 0.169956418349357 0.0443989617094531 0.0934801298223415 0.0643447412723098 0.00438244462206163 0.163458445764228 0.153108420570251 0.0837680041206609
0.101291091835363 0.0887942725418315 0.0909893180555453 0.199394616955959 0.122685365598784 0.179586142635613 0.0802514358489284 0.012610107081427 0.0610727661410075 0.0633248833055411
0.0457333640148972 0.124436335538454 0.00482379131530758 0.152534280670086 0.170353910179139 0.0565022311829889 0.0370289334739115 0.037336619352575 0.204556797456746 0.166693736815896
0.026991875318026 0.134116129310848 0.176653730169188 0.0791900567345158 0.0789983259354866 0.13158349595667 0.171241471405075 0.00515363352672851 0.176498717760334 0.0195725638831277
0.0486348600337728 0.116414088735712 0.0737326517326486 0.0381155698659775 0.211413844300129 0.0901600197526257 0.193668110793092 0.0160877996339571 0.00246771459649369 0.209305340555591
0.127215194684994 0.166643309777784 0.0800534641952606 0.0105630753891547 0.137714291410256 0.159250978794113 0.103494821527387 0.030419965285683 0.154802377834807 0.0298425211005609
0.115507540344464 0.112726576109631 0.130523182888754 0.174684615417992 0.135520810538957 0.111302580430975 0.150028432838375 0.00326256164819234 0.0435016075739861 0.0229420922086733
0.0299757668127992 0.0799293422825251 0.22896943144846 0.224574721714384 0.00639036098804943 0.0765656903899439 0.135418922714183 0.165622480909955 0.0360272432237158 0.0165260395159846
0.152677831098297 0.169565831196452 0.0452753696842291 0.0842272356944087 0.0812445629869024 0.0880229778967841 0.105707554282399 0.110681419630631 0.0165072521002795 0.146089965429616
0.0961173002281396 0.101877755015534 0.125507126071288 0.0191458299019634 0.104415756768077 0.146705176446389 0.0590477523767998 0.1285935372098 0.131011553590573 0.0875782123914363
0.194827960727464 0.0519462150677229 0.15517601100772 0.0838133590076119 0.181851729973147 0.0058919469065768 0.0252103526344869 0.0975796609175134 0.0199767353086696 0.183726028449087
0.00388443922990169 0.120584207392251 0.15245946175729 0.0277529059461337 0.141732472930217 0.150442022771379 0.11837566519255 0.145500379817016 0.0248053647251039 0.114463080238158
0.147260875826513 0.0466588959369605 0.0479632696799652 0.0421808219852253 0.088094119053224 0.136788386350217 0.084079234484056 0.113318087372924 0.145218388870216 0.148437920440698
0.0329149308964941 0.110235530230537 0.0577325473956209 0.193553764323624 0.185460876577535 0.189447171424295 0.0289686526846291 0.0891738681948713 0.0445946216933254 0.0679180365790672
0.0117757629024587 0.0713181990948321 0.11797319756786 0.139159808100133 0.0670080317736065 0.082312786462593 0.192994612017617 0.108411493611123 0.103068989385751 0.105977119084025
0.0947835548471338 0.0654538314277425 0.173695122427961 0.180035798411761 0.0412987514719431 0.00688290916484428 0.202870176920467 0.133905125621745 0.0121117104913316 0.088963019215071
0.114653831083778 0.0568142010608066 0.228957014533289 0.0645410976665779 0.0840641630359203 0.203235227213729 0.0468685494676791 0.0694665805062882 0.110898115513485 0.0205012199184475
0.0614483256815492 0.195740149192855 0.0946156098280631 0.11407005794493 0.0695720743950047 0.0480371265396119 0.179172293897039 0.133731163386628 0.057285177563124 0.0463280215711958
0.0456463391043556 0.0896754342563301 0.152379369039374 0.0049643900211898 0.183064838140697 0.0598244995598117 0.0646080097201513 0.0376053537248285 0.165021505028367 0.197210261404895
0.167007093894582 0.0458475239509893 0.0459727871516242 0.187497263024454 0.0229831613535648 0.0925832550539817 0.199554997085412 0.0136459470554892 0.0466489158403695 0.178259055589533
0.159464822126602 0.0770707528958984 0.0665758858029069 0.163122970561493 0.0856892130837295 0.0261202649163073 0.0854941027912996 0.0243892796823162 0.150585695819254 0.161487012320193
0.175136085982711 0.160379354795076 0.0252744230692164 0.134495149909114 0.0152682080063344 0.0730787578445979 0.102525203821957 0.126803725243876 0.18295645549556 0.00408263583155655
0.0477017183169843 0.0419553810538804 0.164118978992814 0.0547385433948306 0.100606423052922 0.113112371295991 0.147656079768123 0.0766821251419275 0.170965145214548 0.0824632337679803
0.0989456965564416 0.0514610540850597 0.0966775471250021 0.152724174400176 0.116230356020904 0.0553544439601144 0.15232813353931 0.21089570380514 0.0216224962741036 0.0437603942337478
0.11698831680932 0.11200717464129 0.119935444804907 0.0915296743589894 0.0706263875276659 0.119127468531535 0.0941718545987696 0.0919473759360443 0.108988014294282 0.0746782884971985
0.11822386581648 0.10899466508377 0.104766896027645 0.0882718244147274 0.184081972197815 0.00526565816304834 0.064833617075748 0.0824949444957452 0.0867659561326129 0.156300600592407
0.0466129791236141 0.00695653217435995 0.0410916528294435 0.176164055299127 0.138147573443059 0.0666481697263401 0.0559151932459117 0.12837158407503 0.165930112852835 0.174162147230279
0.138868030122609 0.0278054216905696 0.0609368952612741 0.0948112094851857 0.142569915905333 0.158129240579209 0.105047546143799 0.0547061284328516 0.188029496428683 0.0290961159504861
0.182613228857625 0.00661300118581857 0.0203864840288657 0.00373023068849273 0.198143596100561 0.220658486185847 0.0823850472240316 0.0874368714988052 0.0831477980655533 0.114885256164399
0.167731876528645 0.161626447031209 0.105054523673753 0.0238148473998903 0.0862642063930988 0.0087813910260336 0.00341275531988604 0.129253848300648 0.169522616265489 0.144537488061348
0.0333156119418732 0.161496354802864 0.0233961593031718 0.142358140558798 0.119786685869508 0.0341303429508354 0.0610980388747838 0.174789859604906 0.119101739381056 0.130527066712203
0.0898524535568431 0.0885687741045624 0.217227970969949 0.228596080823865 0.104204805469584 0.0170381144964871 0.00738893804889042 0.111295444690221 0.120424506454662 0.0154029113849347
0.10147805799599 0.088197099302152 0.0321201050149823 0.0822069803590262 0.143435657173934 0.130811209151184 0.0709774724682058 0.144991391510809 0.073274214185725 0.132507812837992
0.277950307748558 0.157606972236439 0.0714242081212869 0.180502817860029 0.00283846701190455 0.188414493760007 0.00500214517294125 0.0416057984838349 0.0295785057210872 0.0450762838839115
0.0144786964621063 0.141894095331484 0.109573008080921 0.0815450127545398 0.0586345836922123 0.168442037783179 0.149632430689342 0.15606863811846 0.078539538143234 0.0411919589445213
0.00326895605244187 0.113599826030715 0.090656634540974 0.0119924781394917 0.171770556624011 0.154949408461265 0.197370548047311 0.0865626567544107 0.115519634876847 0.0543093004725322
0.125022542037869 0.025436637692679 0.0951743282500437 0.0815234470770488 0.118038078312901 0.0723582214645384 0.115561909682034 0.101379619127461 0.131497584424382 0.134007631931043
0.0544599534696614 0.178648777051803 0.089652643169876 0.0779653661420185 0.151142031994951 0.117737909620914 0.0889481641303634 0.109053429764987 0.0319442857496584 0.100447438905767
0.120089050445765 0.141191323087614 0.0385700911254382 0.172988531959762 0.157203271859492 0.0268714199879844 0.0754698838962852 0.106347952988323 0.154851981276804 0.00641649337253336
0.0764647781333183 0.107675275064306 0.143428851723845 0.135937564569253 0.00479134012074479 0.0956121002260087 0.0764350472973748 0.139460530914349 0.0657854500577268 0.154409061893074
0.0220484040566916 0.0543600534322188 0.130022656103926 0.140160939067937 0.0475772847344287 0.151598573834696 0.0234739538934841 0.152405548371295 0.139652486597411 0.138700099907912
0.123407384389608 0.0337349150361212 0.198683950016704 0.115661897796491 0.104055405137462 0.0151873089928475 0.115592263019074 0.080874543135454 0.0215671037728713 0.191235228703368
0.0369259095424777 0.0923317252368199 0.0435654165901592 0.196456302720067 0.193530710450729 0.156732420756741 0.0263537709089879 0.0134148395947043 0.064764326234914 0.175924577964401
0.0813875697307204 0.0929546305993145 0.118599738110799 0.196530952492547 0.0944820294891257 0.0401809916367277 0.0169050265101446 0.143129860510477 0.167637297009865 0.048191903910278
0.113171498831112 0.02061237452357 0.167709241002206 0.107453600241453 0.125069335478147 0.13837605184072 0.0116240386576401 0.105042842500795 0.0414619596299545 0.169479057294402
0.0118518971921764 0.0544788633522683 0.161865402427681 0.13637891511518 0.105305332236766 0.105150446192403 0.0732671024755134 0.160534538230548 0.149728868738244 0.04143863403922
0.0853284377485226 0.127658341715565 0.120207009731227 0.0587169488014777 0.200992232128113 0.0827961224499142 0.00566321064498797 0.0671199230794036 0.0482503593943578 0.203267414306431
0.0730409810012113 0.116745489886025 0.204140830582338 0.00166718815815659 0.00725342223746057 0.152020913224953 0.150497379448571 0.0959712079504957 0.172784807100657 0.0258777804101323
0.153879736599129 0.162675388937572 0.0691016631273358 0.0697922931804581 0.0850037505602612 0.0704040188892835 0.258713484048527 0.0355775041550986 0.0556862069906838 0.0391659535116513
0.0357221046265061 0.0983276228097582 0.0188964940710478 0.136447826548535 0.028073837464032 0.171529585824641 0.0547015279683497 0.03224396349755 0.192750016043302 0.231307021146277
0.097509436451412 0.167458875223352 0.124843074148173 0.0460370930846325 0.17730958451571 0.00961535860300427 0.00221242438930179 0.182678505861305 0.114751927399958 0.0775837203231513
0.167468179918204 0.173439482259828 0.105795065121512 0.0192634849412525 0.115464020004825 0.159643915327751 0.072878732971821 0.0902730720376958 0.0572776564830859 0.0384963909340246
0.0657595883846855 0.108377697346781 0.169762261070607 0.051827934317763 0.138587566636603 0.033364090421838 0.164784232705123 0.0610837418144551 0.135080481794682 0.0713724055074613
0.0328896282796934 0.0726163815537931 0.151584812759307 0.12796840952304 0.17458435136496 0.0433873820637101 0.0748535160567721 0.0444353158303367 0.0992243382092162 0.178455864359172
0.170151401495649 0.0469767333513471 0.13663422787063 0.129239049362384 0.140176946314751 0.124876326106915 0.0085790199979613 0.0419575612779542 0.175711041331441 0.0256976928909669
0.103559584624979 0.0656437893204595 0.133116613832325 0.0989947015663119 0.0576368279358875 0.12271643168556 0.108178705051053 0.0685354503185785 0.163889405382201 0.0777284902826445
0.0931549095057631 0.1416439265028 0.140017067058381 0.0184063455463852 0.0204008421850422 0.0489545833831225 0.187472795707564 0.0817936038210815 0.125870408122746 0.142285518167114
0.0728018153539141 0.0362481761111302 0.136569233261668 0.0901722112174595 0.0149105207569975 0.1609195079936 0.155299480358452 0.0510658597655925 0.124222737180518 0.157790458000669
0.0872910415204879 0.146144737491846 0.0568642423971144 0.0680657520324217 0.0488986325950275 0.141877036121542 0.0936334910276081 0.130630807924056 0.150401420559714 0.0761928383301816
0.103971980607503 0.103953178046336 0.0418759332989888 0.0695673673026721 0.125381271995449 0.127556204165741 0.0898157331719767 0.121040057492236 0.104424556931367 0.112413716987732
0.0516848311055574 0.143022742270341 0.14244690038578 0.188102784105791 0.18963074547113 0.026490349679969 0.0631416892953746 0.111054900439082 0.0818883697908408 0.00253668745613557
0.0597633528226595 0.0469882060019503 0.165969273973356 0.205193164756241 0.177452240372745 0.0580200538341656 0.0528814397885528 0.0242682248143415 0.0127048948004266 0.196759148835562
0.0625858597878867 0.144489146625438 0.0721127375456116 0.0495445981192903 0.102526656481361 0.160086002397729 0.15270893193325 0.125134916648224 0.105950194285112 0.0248609561760985
0.0319949272322049 0.193030990048725 0.127584145549487 0.182820971269838 0.100769376737879 0.0273893206209825 0.0763333824125492 0.175904547664358 0.0828768681788272 0.00129547028515006
0.146084681774249 0.112934475419466 0.0702308491444678 0.112630487048159 0.0347998008825966 0.0602808622693482 0.0801636503974597 0.0958587657966039 0.141997117130626 0.145019310137023
0.101528023395988 0.0609351639478148 0.0344880224603496 0.0215304114909277 0.108638529016315 0.0778894030304399 0.0841659023346637 0.189407059510531 0.127725873012701 0.193691611800269
0.071166039640223 0.204422604007621 0.179692911423913 0.000241382156498863 0.0406432826420085 0.214935498155189 0.109336469659398 0.0109619141295495 0.0254379840278004 0.143161914157798
0.0948645304387413 0.0257755823462123 0.150748211538976 0.132238492723982 0.183538997358381 0.0143806744921014 0.129577942385341 0.077065675395624 0.187737761143624 0.00407213217701592
0.0789494027634449 0.00611910657044388 0.180578128706595 0.0853734031887551 0.171042433899718 0.189292399354852 0.0871093017658669 0.00931383551174041 0.106805038372044 0.0854169498665386
0.135739476381177 0.119436814978756 0.0895297810962337 0.0924952566697418 0.0665015487922133 0.138595182391466 0.0795070156395854 0.123688003823875 0.0178266749186854 0.136680245308266
0.118701873203928 0.0748707733826972 0.0973684586040016 0.0953014183033528 0.131942915684281 0.0701743984543951 0.19029477285113 0.102738613038034 0.0756678951602282 0.0429388813179518
0.0252523873801096 0.077098721154908 0.126563361061891 0.160588213625804 0.0128687834329216 0.116627731527748 0.157169647347771 0.15930199020842 0.131552506937696 0.0329766573227303
0.1129377615878 0.164925004262422 0.0997032403462173 0.0715167851542238 0.0232998439011217 0.118258043429062 0.122902748826126 0.154166246639027 0.101987302965013 0.0303030228889876
0.161339847038263 0.234457599408792 0.0193028202309195 0.00287671421480749 0.140851168036413 0.118714344617506 0.0200478928932302 0.060335236342224 0.0605984644441043 0.181475912773741
0.116224326500288 0.205764077819424 0.146826417366434 0.0317092765752625 0.174894565731776 0.0521889634363322 0.0241348394489594 0.0069936578510645 0.0384219322923083 0.202841942978151
0.0700251403231313 0.168189774888072 0.159583058281254 0.0810831216040657 0.0223766358113771 0.0448347079575108 0.136778389361307 0.155574522288685 0.00870915609380517 0.152845493390792
0.161303046055638 0.122108087924386 0.142329801984246 0.0393524017087362 0.104567595885189 0.183728773451357 0.00365091002286045 0.150460174697535 0.0450736589943321 0.0474255492757198
0.0352323957437923 0.0323680393574859 0.169567908289033 0.129282397625984 0.0199220143132023 0.110390589852054 0.0190879104722658 0.139581778371274 0.139007142529558 0.205559823445352
0.0452429021197808 0.117309035832483 0.157333186597272 0.109973067753693 0.0986240223196238 0.0644212501117005 0.144421616841674 0.0037636519750411 0.139767498078288 0.119143768370444
0.0614490170231912 0.131881666128518 0.156942893151621 0.0964356323292563 0.109253589892662 0.0759430972962107 0.0717541748556359 0.00693797898893241 0.147053564290321 0.142348386043652
0.142323824369258 0.0999636585855058 0.0721983396452882 0.0702982904768807 0.142779326646338 0.120858895552614 0.00992621905649808 0.152469684046429 0.162547943159152 0.0266338184620367
0.211229209263658 0.159539937033195 0.155903056048228 0.0372627078141804 0.00244381397345797 0.105269111290153 0.0320731222645643 0.076838469938154 0.162550874106907 0.0568896982675032
0.0750603850987259 0.0731655711230383 0.0667870351431096 0.12346691628314 0.0815161512434544 0.118129250550955 0.0900467436082596 0.130975873368247 0.109948562559349 0.13090351102172
0.0600232268359412 0.0663909095696353 0.181082306806018 0.0712624997351671 0.0717693247546649 0.0594779124828826 0.279834018372905 0.0738415372814312 0.0643146817131307 0.072003582448224
0.117690445940265 0.181335778476202 0.171835101621157 0.154821826476853 0.0645016057011947 0.078894949626453 0.0365133509558606 0.0709309742492868 0.0588993886762415 0.0645765782764863
0.0487733216360919 0.12933538449829 0.125639847742698 0.12910452519178 0.120767112232658 0.0877457381047123 0.0645852614691187 0.00355810074240419 0.142121300213341 0.148369408168905
0.173082115148568 0.15892974400461 0.0361856096298325 0.000527308821502477 0.159016532630935 0.0532685495735111 0.153963840372072 0.11196632225539 0.0350471110136555 0.118012866549923
0.126262032354208 0.117050480797591 0.0526526814127793 0.160878422322804 0.193571645852042 0.110179512538476 0.00282358270370137 0.16262288513106 0.0490517978285654 0.0249069590587721
0.0155039017620636 0.0762878943046917 0.00954679440722775 0.186132281787537 0.0334983559761045 0.167229853615592 0.228740215038012 0.0396983784461611 0.00784957090258297 0.235512753760027
0.0458135242754386 0.107375735076861 0.154645966507017 0.108249332202008 0.0939465523977928 0.114695915336952 0.034695198047474 0.00325548389173539 0.1653987921 0.17192350016472
0.0572615919198357 0.161307375936431 0.0530632183590938 0.113915871204345 0.0475050976019644 0.159982586528852 0.0469045968579237 0.160627385994858 0.0659955054549372 0.133436770141759
0.107905861866955 0.133592777573316 0.128586597450632 0.0708654299482439 0.0742035933605704 0.0926894903059038 0.10319713212264 0.0216996916866336 0.110758804638096 0.156500621047009
0.12426511776461 0.0247277480974997 0.139653416335814 0.0515518598283334 0.12972769869473 0.0513766895184713 0.195526988067895 0.028027053017459 0.151447992190343 0.103695436484844
0.0332933214792405 0.140139065979824 0.141256586907228 0.120813920229476 0.0770216977951828 0.0447380418878946 0.159961524465954 0.116483203243888 0.0876365972732797 0.0786560407380329
0.200407929829714 0.0643549261271202 0.114386477729792 0.12712800459518 0.0794964074295128 0.119357961161592 0.173938817991845 0.0496602284586994 0.049500626727606 0.0217686199489382
0.00250179467394637 0.107004220830193 0.0597338594953841 0.000574623179717313 0.0922536185797495 0.236440405682592 0.18281975671288 0.0684674424567812 0.175985135978694 0.0742191424100624
0.149078292529002 0.0342367671186491 0.0556888258224907 0.0908884590988361 0.0607976196279665 0.156078294646422 0.0463236925119175 0.125972458263274 0.173513569918537 0.107422020462905
0.0557350245899812 0.107279494240366 0.117281141102111 0.110350031933319 0.142929796812638 0.142508864442253 0.0094190066592215 0.13659253814088 0.139926531518361 0.0379775705608704
0.142589632706194 0.167859858480776 0.138948399773972 0.00540831828021287 0.15315404915726 0.156411339747353 0.0588717482549493 0.0691323741399325 0.0864889164247037 0.0211353630346469
0.183425916679463 0.0778802525471762 0.0480126333802165 0.181602772996958 0.0478019369714074 0.136245644914822 0.00258646106033369 0.125331592581235 0.00474366569149091 0.192369123176897
0.188060356042588 0.0434170121767616 0.0427328428352191 0.0519610333524142 0.0499908318460363 0.201067144726856 0.162050315338236 0.0527742159279601 0.105566617299912 0.102379630454015
0.0138019308569687 0.122957130440803 0.162314533790223 0.10636859401526 0.0299216729582784 0.0186625168511707 0.121674911951245 0.172636897653038 0.190661271815861 0.0610005396671515
0.074648698177106 0.051343679487536 0.00332045477642675 0.0836064510240543 0.172766638265513 0.14765262875246 0.0188059190074615 0.123617941814907 0.171498296386765 0.15273929230777
0.0140775473669151 0.0738164644474763 0.133480791520217 0.100543822767966 0.228273362612163 0.112088984690227 0.0395098605203123 0.0873753198378084 0.17241530988343 0.0384185363534848
0.000231427555125787 0.0337136239920705 0.139253447610764 0.176709991049001 0.085768864047184 0.0963194009890468 0.10895463022922 0.125683161895132 0.0578906974068811 0.175474755225574
0.0788359268199223 0.161485525454976 0.0477497639794334 0.0367379982787696 0.0808775934045704 0.183391907223392 0.0868524906239643 0.0217140219523361 0.155149499552782 0.147205272709854
0.13613549801426 0.116845511884024 0.112913992251249 0.192450939623645 0.11711566781405 0.0219824322770703 0.0328254116614021 0.181018451923558 0.0743357137793695 0.0143763807713724
0.0119451241888154 0.144722594308458 0.155767340283413 0.0226414836739362 0.109473819271677 0.0950016816654919 0.160015682333203 0.153059785253323 0.0197177049532638 0.127654784068419
0.0629591916911936 0.11812067982742 0.0130457278736091 0.165209898288732 0.0941707007336884 0.0212192826758687 0.195043006304985 0.0760694615615907 0.154682848173578 0.0994792028693348
0.20518685332326 0.11472763444646 0.00129338949263649 0.222548480205532 0.0563735279375658 0.179113554313595 0.0331299731875697 0.0814626599953294 0.0882074199673923 0.0179565071306593
0.0327732041294566 1.32322972386122e-05 0.175524197924798 0.0287611821414707 0.16418876527776 0.167376423509985 0.198891937727253 0.0799878501266673 0.0484054784443901 0.104077728420981
0.0462989739998593 0.132902744454051 0.171920831019418 0.225107209983778 0.180559880837223 0.0298362983160889 0.0568116518164366 0.0249917563179433 0.0475262904044955 0.0840443628507058
0.161263365819825 0.0857718956661038 0.179650626079151 0.027703691428012 0.179883729055776 0.0224861870344042 0.0193963292644416 0.0150325858856339 0.0940978822890438 0.21471370747761
0.0219767135146958 0.149882357784597 0.0945941313987079 0.00759735601436321 0.020832767333223 0.183989051443144 0.0534466510548427 0.101524588942089 0.179019664469136 0.187136718045201
0.0812754251938518 0.0122325207573481 0.10777442478459 0.115558327105898 0.187812247372856 0.0946266157816789 0.100066703265262 0.199379259815094 0.0898343474771187 0.0114401284463026
0.129528114215846 0.0857799124270705 0.0824756647248767 0.077409900747793 0.0833167361044608 0.0601435299225707 0.15555036684812 0.0331862467907288 0.147076518016765 0.145533010201768
0.112673681873025 0.121957480461853 0.163137822404732 0.143929802909752 0.165594202862458 0.0818846658607434 0.0193841710692571 0.0290004642697236 0.00843565268050678 0.154002055607948
0.0503013094072033 0.14225447778793 0.17052860017429 0.198494279629192 0.0365405022431526 0.0272032995613054 0.0960593377100057 0.0913384893107464 0.0648137130631184 0.122465991113056
0.133507378986711 0.197587144786617 0.0825580762761137 0.189259861760296 0.0970514636081002 0.0279515394486831 0.0549062020986019 0.120374448200944 0.00855946936540926 0.088244415468524
0.135427685370028 0.10513628066013 0.0248649694200165 0.0355484306170072 0.204000184755012 0.0579999176107613 0.155177353757169 0.12815666644757 0.0543564218148941 0.099332089547411
0.0885459861788444 0.122430847172057 0.00978309843030506 0.154491382323499 0.127470938835242 0.0170679025799049 0.110487514996251 0.0393204458914859 0.195909180606867 0.134492702985544
0.0851958662554308 0.103808995528589 0.141558590053463 0.0980254194973665 0.140932670475736 0.0363090410970744 0.136991310722618 0.162827281276863 0.0697073393539651 0.0246434857388958
0.11235727873643 0.122491963848874 0.118360760672915 0.0439555635935518 0.110689502455618 0.119627510698341 0.165100920796675 0.0985272105877764 0.0908563643660139 0.0180329242438059
0.129207290315058 0.253710424735538 0.0486805231962584 0.251901317995587 0.0393880804047481 0.107788353978924 0.0875634618719772 0.0648492773640768 0.0100293783153865 0.00688189182244504
0.0821523214960155 0.0271458127618369 0.042177541316075 0.141000147904401 0.119492009422404 0.137714587978997 0.027481365946076 0.10771303376822 0.112743469569823 0.202379709836151
0.140717410396214 0.0596520411632198 0.0323640633499227 0.0290410329682345 0.102041961721378 0.156097509667093 0.0991413656454044 0.138068087010431 0.0885627322949969 0.154313795783106
0.155419940111156 0.0391616679553848 0.109778267534576 0.0767358356848193 0.0365220239705258 0.0912584866435413 0.140532000254158 0.105620091709246 0.115137867862179 0.129833818274414
0.0298942552200692 0.136958890502689 0.117865701113204 0.186194456670608 0.0553226574046929 0.112417434964938 0.0503229612200416 0.123208312636415 0.0948612741042383 0.092954056163104
0.135029377882948 0.0987240396891157 0.00688381918329194 0.116415361606047 0.14585033149164 0.121296089568292 0.11598144514406 0.00546462620345723 0.0861413319938335 0.168213577237315
0.0188528520509555 0.092973757303097 0.0959361932119508 0.138324029945219 0.053888113819944 0.155733513526774 0.121869866098714 0.0243445757914918 0.112466845886977 0.185610252364877
0.115311466505701 0.0926468079699673 0.079645581313185 0.0100575427603951 0.130224197704962 0.0708000809348677 0.174557754413841 0.191616611722115 0.056404411658201 0.0787355450167636
0.15115426341892 0.172595354917186 0.0160256166369654 0.0253788526685509 0.0191890769836396 0.0423850589670443 0.183522660278182 0.0477377184655224 0.202760804425131 0.139250593238858
0.0516116045016452 0.14712340184204 0.00440157246550326 0.163740848887763 0.0243920829194343 0.137194754263876 0.0594218831989713 0.149191422405454 0.106910669059724 0.156011760455588
0.0483889110011393 0.0886990949002721 0.234677652340437 0.0369293435834506 0.2395855422359 0.052056358199264 0.128190043729286 0.119513743407542 0.0499539560972893 0.00200535450541805
0.119924165474996 0.0629958620142395 0.136039089829466 0.0258205968451031 0.120088846121926 0.112409972986982 0.0495358226953353 0.132395636344955 0.0888816517825536 0.151908355904443
0.0491183278089012 0.0310683754617264 0.128171492075218 0.00581852472841357 0.182277602593016 0.194419528583013 0.19545114175287 0.0456997190795152 0.161204954252192 0.00677033366513512
0.03440617353597 0.164454712338667 0.12490514661881 0.00261121250928193 0.115709419685153 0.0796731244600044 0.0126973375303272 0.110693539690952 0.180377113861425 0.174472219769409
0.153910674493675 0.0360603928362037 0.051997558184592 0.0841546714571031 0.0386991404338985 0.0928223922830344 0.134259236956749 0.155880053043107 0.149984061467951 0.102231818843687
0.10946636305071 0.0401790675974617 0.0776326728750602 0.187045518012368 0.131505442179338 0.114101299823618 0.104940412517703 0.123490962063834 0.106075107800705 0.00556315407920126
0.21180685967766 0.0730225847574199 0.0456101744229566 0.179824863563654 0.089978588374187 0.00528795869813949 0.0588654598113446 0.171735296709648 0.082828241769688 0.0810399722153024
0.0613371711875746 0.0415277619823994 0.124073829696745 0.0387001963530398 0.0716226306582583 0.135269329271786 0.0774938688512355 0.0345704401102503 0.211796118008751 0.20360865387996
0.0165996620696742 0.103034439306642 0.214457555521936 0.0578552649843141 0.0379008493961775 0.0757158599515467 0.0391537421441483 0.0421595959995401 0.176354353036414 0.236768677589607
0.0992859500448134 0.0199601875504342 0.090294677853925 0.132123948560923 0.0790553283346827 0.143718393109346 0.0217570238518024 0.229342885139174 0.0807024552743861 0.103759150280513
0.124040854457098 0.0958031211803044 0.140612341024799 0.0370293135674597 0.10717652332751 0.162151573629037 0.150847134136092 0.112458594756792 0.068352590059634 0.00152795386127376
0.149536207834387 0.0179191530479137 0.0223618346574463 0.124392651919313 0.0538680338618721 0.202356177533504 0.0283953129178128 0.175482763725673 0.176704307932488 0.0489835565695901
0.148367976361957 0.140722172827173 0.0493697188372188 0.0394750281300735 0.0653409347098198 0.137243447747683 0.042320092964169 0.138496059534764 0.0913956436430867 0.147268925244055
0.105165954883099 0.0836063201806483 0.110743149399043 0.0930584556008522 0.12779132963809 0.156173343566405 0.0567319890827897 0.00225845222301445 0.15103806858681 0.113432936839248
0.0170315957093702 0.12000278895926 0.0130434109497392 0.156428246619036 0.116165415459754 0.129028337082832 0.134634325873079 0.0783926908921115 0.115260346474834 0.120012841979985
0.132028279685449 0.148285195958942 0.176820321607699 0.174954645778416 0.00547157541469687 0.00844409726987785 0.0625547294603646 0.0938484594961837 0.0659692392425264 0.131623456085845
0.0161728088273926 0.0762660399558683 0.0939329520391647 0.122718813145306 0.10674530428792 0.165323827659088 0.164267166761596 0.0665711764680969 0.0158757961775778 0.172126114677991
0.161055705184098 0.0695904656386684 0.0866093762239671 0.124021658350776 0.157153574160158 0.125380805791293 0.199329241028278 0.0304985456485639 0.0262359823479287 0.0201246456262684
0.109889089004253 0.136430353918496 0.0813335774558435 0.0933670968403003 0.0378879314293308 0.0627149886155138 0.139473815165158 0.152977043075834 0.0707245890867245 0.115201515408546
0.125452758772876 0.10618605122369 0.188022130946994 0.097709102068164 0.00995070269206344 0.0100972547041932 0.0756651130818589 0.151751544786813 0.0551365546349652 0.180028787088382
0.064936420410054 0.0231201667062084 0.192733789913923 0.165938810258713 0.0529664561000963 0.0310191210886383 0.0779420190001751 0.125181514752103 0.0798789395470428 0.186282762223045
0.0748746056485527 0.0905293597604748 0.0583556418660965 0.149995656376016 0.0773279595911545 0.133476037218605 0.0803023532859229 0.116944565793242 0.136112337544064 0.0820814829158715
0.105678125017441 0.0138325646251676 0.209456688056437 0.0959239018007466 0.20627958906392 0.0381530298458172 0.0320398672642067 0.137992782645784 0.0798293971628267 0.0808140545176537
0.147352272887855 0.0362251674431263 0.0380949500915298 0.170061104206112 0.229663110086685 0.0243090573913824 0.0969135484282827 0.0221567740806724 0.0192820766901217 0.215941938694232
0.0317063725645815 0.112078020020285 0.0614329653519979 0.0173456015040617 0.204955629476029 0.108427277435238 0.193784516116788 0.023571740338174 0.104514437453778 0.142183439739066
0.0777542014687625 0.15329801545402 0.0950695914345997 0.0796623411325796 0.131853480873349 0.102889317483208 0.133074968081431 0.0896690178147936 0.0349900497843139 0.101739016472943
0.00410095871778863 0.0518245941745753 0.111166746107691 0.146579645832736 0.115823923847112 0.138694550495319 0.137864378975072 0.147009848915203 0.0447249543243728 0.102210398610131
0.0515361701613271 0.10208553618217 0.132335166072966 0.10256783043551 0.0510062721405125 0.167193059404141 0.00264498689136031 0.0430097845530558 0.176851441762853 0.170769752396105
0.045572692022179 0.101027376911988 0.0381021303543121 0.132066482171615 0.0768687348277879 0.130560874046832 0.0869186875092972 0.18451204275391 0.00319950404162473 0.201171475360455
0.0794105689035732 0.054741480958985 0.123947227571784 0.129249300846878 0.0747614652248568 0.10260160422156 0.12363142979078 0.109129437467247 0.093832548609976 0.10869493640436
0.0544955212227997 0.0696284367664171 0.141229001998022 0.108926144634832 0.152048422465404 0.082016163977884 0.0983521683886728 0.0920293964073224 0.120150757775074 0.0811239863635728
0.0148850028584883 0.138558574595421 0.0197908972194674 0.01161246490011 0.0832036295605032 0.142481858240717 0.151346548448624 0.107896979632501 0.169589106755779 0.160634937788388
0.179114890777482 0.0579019922486336 0.16002564270065 0.151008058053918 0.098760088133479 0.0745417923434452 0.015472783594303 0.164459470538243 0.0111765277946806 0.0875387538151667
0.0819108771106792 0.123028711726942 0.134716785734281 0.107959592707236 0.123685620298576 0.0586151398674617 0.136896079737521 0.134502285585232 0.0497299527012121 0.048954954530859
0.0500766666898017 0.123568606700548 0.125885067336979 0.0801580640124142 0.13927273096796 0.116807714214988 0.0253513392069501 0.138948597235372 0.151162893155612 0.0487683204793746
0.135678151015408 0.0163405465733715 0.144786499443756 0.0525214183475766 0.14861176216791 0.0766269680560545 0.115942202413668 0.123205922917962 0.0364304033169925 0.149856125747301
0.160599619292867 0.0687383394938827 0.00249052714248692 0.178531491302907 0.114069190554741 0.0266957404284399 0.16833884942015 0.0714423137137419 0.192824436353646 0.0162694922971381
0.0466897180943151 0.00100500866702602 0.159445345269531 0.0746404718907825 0.152819125190324 0.0684642135798816 0.180764820163112 0.181993352966547 0.0557010496205518 0.0784768945579288
0.051192985653204 0.113308082826416 0.100040151967094 0.00654426797101967 0.0261388723608704 0.0517732407588979 0.190215976239265 0.178082328141617 0.0797122151009993 0.202991878980616
0.0131795465242589 0.115849672691759 0.0940270406925943 0.0625069514179507 0.169195962432628 0.19733492732429 0.073563749822759 0.0783480914429756 0.0245374578344065 0.171456599816378
0.0149230273630974 0.102964226192901 0.08054674408509 0.122454215687233 0.0885033430954397 0.13741330762877 0.128850369455889 0.120323589190095 0.122224597982489 0.0817965793189957
0.159859818428226 0.186035927567433 0.03319816293871 0.0338968321598188 0.106331586426157 0.113205284216113 0.0790788305519005 0.105636936886541 0.0465567050990792 0.136199915726021
0.046132698478158 0.0177033665194046 0.171043276243306 0.0377825956873563 0.114850484537515 0.0986328453691578 0.133786031698118 0.164241074203118 0.0478578651114173 0.16796976215245
0.143878440279046 0.150991964047615 0.104960916986224 0.1136078128399 0.0139822430502243 0.10037102381753 0.118330916097653 0.00924659654624697 0.114049324076738 0.130580762258824
0.0214451792830957 0.142612622845048 0.141105381095953 0.0246220723519488 0.0368252650346771 0.212591132196195 0.0342153984160927 0.114325996520029 0.059895522589618 0.212361429667343
0.064046954458619 0.0199704441030796 0.168559145689503 0.199191248013405 0.0997328750558274 0.0012207012436565 0.0428541441339926 0.159438534554789 0.128521532269784 0.116464420477344
0.0102991621170232 0.0559885806001128 0.134750044704098 0.0790516689399249 0.193045528201506 0.145867801051678 0.178263301857501 0.127553933873008 0.0528226926377246 0.0223572860174237
0.0887866378918312 0.0609591915210026 0.176399627221028 0.101936642350778 0.0379720932442641 0.0284603213907659 0.0525140137798815 0.191847490734064 0.167258275241529 0.0938657066248548
0.0768948785520504 0.155875145343549 0.06300704284495 0.152132962451256 0.100226341861667 0.15243524077493 0.0686152660136342 0.00825774844035823 0.0980600025581022 0.124495371159503
0.182600704600723 0.0456224774930296 0.0278688899465347 0.0797390513095461 0.0275084767730384 0.100407677114582 0.20185019577559 0.0593047907667549 0.134096860152299 0.141000876067903
0.0640396852638501 0.123625865432284 0.0953869803063829 0.130944013453788 0.00792246597547881 0.116307210904052 0.114868896282961 0.133262900091266 0.103851840883821 0.109790141406115
0.163516907178305 0.0380348178191631 0.0645580438387213 0.196740234891899 0.026120376702554 0.114104180631224 0.109668580627983 0.0781276796493619 0.134288051583119 0.0748411270776698
0.00833183979552058 0.075559819665503 0.0688931427350295 0.151118520216685 0.158780603980812 0.107294455595956 0.139693485915822 0.0741932594896961 0.0437334991706314 0.172401373434344
0.0885143807405317 0.0922747558499478 0.0740774012929059 0.0479432673871501 0.186159665189932 0.173543979597684 0.149179312114438 0.135348201177842 0.0502387881162643 0.00272024853330456
0.0401192490511413 0.127776854896238 0.0901155720848226 0.1641161185136 0.142092990412738 0.105801959247436 0.0752653781399395 0.0564451123566296 0.0614544734498692 0.136812291847586
0.131850339489601 0.128606704512115 0.0524220501614315 0.0454839246951674 0.143304000695531 0.105461550427603 0.0811753657844927 0.127082576440936 0.0481474367615123 0.136466051031609
0.1349745601886 0.0693294363316641 0.156695285527709 0.127856504647279 0.114082791148146 0.0664407250051298 0.0289017395685022 0.161711535014914 0.0962680240119569 0.0437393985560984
0.239551708299565 0.10331752536153 0.202408064427587 0.0433369591569602 0.0574366518509665 0.0744739428332498 0.0530638799673743 0.115973692873684 0.0583862619669804 0.0520513132621014
0.0359199251921121 0.1170716533081 0.0188420052179817 0.124488674175332 0.0381903614189731 0.163035419926455 0.0679177817200646 0.209581681126846 0.0528981599313381 0.172054337982797
0.212121374842965 0.0812814598297435 0.00924929299460674 0.0851785133793204 0.0216943581093998 0.0119264115545496 0.16430558134981 0.0289962730500665 0.180302385514874 0.204944349374665
0.095317262666896 0.0496389626436544 0.187964063544715 0.15036966237054 0.0939029616032651 0.0963131039500743 0.180595387358953 0.00636067509122887 0.0975381863312584 0.0419997344394145
0.085103929507532 0.135491251948468 0.168516961312853 0.083953168430781 0.0977066177752972 0.0374664325859363 0.0674068741124976 0.0692963787302833 0.0980220038571861 0.157036381739166
0.166689935836863 0.0990663542058735 0.134375989774549 0.0915300572086291 0.0201509604944445 0.0372895572741762 0.111961058939036 0.0758221085371735 0.163125310820594 0.0999886669086605
0.0578876477934643 0.122128024209099 0.068784388201175 0.172026460529995 0.155207147768835 0.14696577132512 0.0623638092771115 0.012737169043088 0.064134444705828 0.137765137146286
0.0983268435693999 0.0445214283069497 0.0974474209021614 0.113968000326136 0.109332350230312 0.105407633474119 0.0271129800917426 0.135948668156929 0.163017947689641 0.10491672725261
0.0930440439946749 0.0429062093135909 0.11878921165173 0.0136029645068393 0.184871855387623 0.0911119082146328 0.197757094408837 0.118449361958605 0.0935178435725585 0.045949506990908
0.180298262020941 0.00776784422333124 0.194691621446305 0.0872298671899355 0.0303658569257994 0.199983866537146 0.120414886058542 0.103816312148325 0.0635643806556326 0.0118671027940414
0.0773108943906134 0.0143180846431373 0.165490486024324 0.139020243908674 0.168576872013887 0.0749119651735043 0.108542343336067 0.0317594565201107 0.0828826983843017 0.13718695560538
0.180612243839754 0.0314568036121039 0.0152698985357963 0.165411042072195 0.0940531887568025 0.00567485468855244 0.02604244974701 0.141213086702454 0.136279748890524 0.203986683154807
0.0401562461384597 0.0579441925921221 0.0727293994477793 0.0930912770459231 0.0884714434257564 0.0467046011061688 0.0775600000033286 0.164838432851067 0.182968043030106 0.175536364359289
0.173900772836129 0.137169790803061 0.0989467410598322 0.0197527788219664 0.158711537023715 0.0370787857880213 0.122020928727542 0.090783249066922 0.0376484005755855 0.123987015297226
0.00703190980739265 0.152280801379267 0.167590027460475 0.100337085496999 0.171704359830023 0.0495591411093829 0.091679677886318 0.0893609570645096 0.0114681881313021 0.158987851834332
0.171907909781278 0.0981772063896315 0.0483274968443072 0.0828019514498408 0.194147719042708 0.134117977752762 0.0287444612709803 0.00812094847933477 0.163933882862979 0.0697204461261784
