0.098002225313873 0.163458797892857 0.0334499345809154 0.0157383690747444 0.104123123458411 0.0624383197942518 0.0718787885762593 0.204902943680867 0.0418570714459117 0.204150426181909
0.204154364241679 0.0833000787983631 0.0328934349154599 0.0445761482671761 0.166185453836042 0.0996525248045661 0.193580657768071 0.0419226937582681 0.129813967683606 0.00392067592676764
0.0124661093805531 0.0533807380419349 0.18058985572367 0.154382144963222 0.0291353015330807 0.117011736751917 0.10929305396644 0.0190407715962729 0.155429012812185 0.169271275230724
0.0419465218386462 0.0791845516988975 0.239639854547958 0.192743514680573 0.214839101665592 0.0247040908882125 0.0981310609489068 0.0168878068453106 0.0904905186776592 0.00143297820824427
0.14325429949865 0.0697350891607107 0.0872788961789671 0.155592418612183 0.068266421336872 0.0415647801718674 0.0512501013445688 0.0304458093530852 0.208264797872803 0.144347386470292
0.0283701976933764 0.0341939296821799 0.114384039005477 0.0549242748980634 0.125371288250909 0.0682725082306749 0.109223749100019 0.181170281950449 0.115685259987588 0.168404471201263
0.0832080179801667 0.120567762347058 0.0902684597211201 0.0343416612548564 0.192791733304074 0.0655398046541082 0.0747659581415564 0.142489511784073 0.136881318091013 0.0591457727219748
0.174637401070911 0.000396638535832092 0.0908868594748921 0.00917702514723593 0.0282654125831403 0.125759337754528 0.118061178928553 0.111311403693704 0.270620396105258 0.0708843467059466
0.0919823296727226 0.0393379577256706 0.172433150866705 0.123805442465144 0.0203010857936263 0.163595393261041 0.156021457887611 0.0996516222377901 0.0443676278954268 0.0885039321942628
0.19309798766473 0.20041636994985 0.109507006084912 0.208120405411497 0.030528747520213 0.0291166056741389 0.0962759300932646 0.0300176486083383 0.0950327923623277 0.0078865066307282
0.0750340823368584 0.0057265019775211 0.154817561633423 0.0460653979726607 0.0612749139760681 0.157550199929439 0.00950418548797565 0.172917307719346 0.15825267602906 0.158857172937648
0.0583727611455481 0.112846711774859 0.0969376221583011 0.119090935416469 0.133555631822545 0.0607788745684523 0.164342506833634 0.104258195720215 0.0496357271140785 0.100181033445898
0.17682446808237 0.136572507565802 0.075110703575241 0.0791799448516566 0.155191740436826 0.0258776969652293 0.0636853225702858 0.0732236556783543 0.147465927420426 0.0668680328538089
0.0108248900363284 0.00150912834197417 0.156077267033531 0.222588376140365 0.0569445219896119 0.00329017311780112 0.0844820646438227 0.114512154936995 0.22136772751344 0.12840369624613
0.0170555346272991 0.158801040153355 0.113981084361519 0.161951595207037 0.0360042667616823 0.0513886253162697 0.128136571224197 0.0258948641865751 0.165855428666142 0.140930989495924
0.0607481977903963 0.0098146887708041 0.0121006926161383 0.0915918612969753 0.0518656963410307 0.219496304327334 0.12842550323473 0.145079169703989 0.217394627904034 0.0634832580145686
0.146929037302573 0.163765220351675 0.0696423962362004 0.140904400972152 0.0248925081535095 0.0453328743121466 0.126406269391742 0.165282598417486 0.0687705506258447 0.0480741442366697
0.105975430541244 0.159052980125245 0.111820189098014 0.123605458855855 0.0896138649411165 0.152557850655852 0.00169601242705306 0.0440243239079754 0.0902209795512876 0.121432909896357
0.0948668775778035 0.00278228411541046 0.0206414850699556 0.19514500682373 0.203505783357322 0.156406172333436 0.0197723833504139 0.166994129988882 0.139668380379651 0.000217497003394909
0.125602343719062 0.133957665539057 0.122977366903965 0.128957983107496 0.101073854159211 0.0543118197356013 0.0953145992676049 0.00388151953781609 0.10203345663114 0.131889391399046
0.234803265152967 0.135647568407035 0.046338668170788 0.155484635707321 0.016253998602257 0.043322779524617 0.0773081663758106 0.155826116555446 0.0808172425641329 0.0541975589396263
0.125750822345949 0.147374023386097 0.113612160781119 0.0932873043741565 0.00374613632735576 0.0947225798520777 0.0026260947646339 0.160588386879306 0.2297619660791 0.0285305252102054
0.0721288780102584 0.0554394767257888 0.134951270752892 0.17180902851197 0.149883422076921 0.115354289058885 0.149858836486093 0.108230347371073 0.0145059427130648 0.0278385082930549
0.0208317367008302 0.158895790454353 0.160589670729408 0.0317735907982383 0.158675702656722 0.0802958934879069 0.0359525624162232 0.0156244309309185 0.207363590456133 0.129997031369268
0.12783480458724 0.126684937053869 0.104502309937582 0.121042057797687 0.14140626431258 0.0557359000406759 0.0585284117847463 0.176610796499254 0.0553723933511564 0.0322821246352094
0.119533841995724 0.171736481286452 0.117911860289999 0.0341574431642546 0.100655046903898 0.119825669452437 0.149243820789407 0.0455923650641778 0.105856182229258 0.035487288824393
0.0598094419448008 0.0586064131623593 0.100456881560896 0.129740111899381 0.113185084988376 0.0956666488222218 0.129898969605085 0.12423423252737 0.060135078134024 0.128267137355487
0.142539007355316 0.157071689230747 0.0738911084216927 0.0500863117006687 0.120221369352761 0.118618841849442 0.113797964055112 0.0951044173933857 0.0020062244778954 0.126663066162979
0.143104544810771 0.110616686908587 9.17025496241047e-05 0.0197669087564593 0.142651946013411 0.142868795081097 0.0379891514760084 0.152355346116644 0.131143370276024 0.119411548011374
0.0243504527329972 0.0420205494773298 0.0295231831087447 0.219242915796368 0.209135239389156 0.0116907233653831 0.0650556633400083 0.106502511452368 0.238146244410108 0.0543325169275366
0.149422363640082 0.083776049230586 0.162760617977917 0.0464819649356563 0.173739827985059 0.134891188557418 0.0437467513341883 0.135570449552104 0.0198556786373925 0.0497551081495964
0.137723210383652 0.168129683957966 0.0407323604581434 0.0478970470215166 0.0371189109902749 0.127300772737072 0.154022588097698 0.0976644844016654 0.046256164142397 0.143154777809615
0.0494262754051224 0.121691688265163 0.183774264658407 0.134898604533102 0.028063199867066 0.0911789071235917 0.124456719018392 0.105289758575867 0.0203169856480642 0.140903596905225
0.184055233934415 0.146515134337896 0.0900546336296462 0.00401393393387817 0.037270709197319 0.0187771709623544 0.168013370154272 0.101062874838197 0.0409032079966987 0.209333731015323
0.0473849586023534 0.134519595196915 0.210419179306333 0.111784473688337 0.0429428340499342 0.188316309486707 0.0313535736604565 0.00937057204612391 0.101042693449597 0.122865810513242
0.179571222665794 0.176556510329545 0.17180396146878 0.120479415180323 0.0357348500662923 0.0897226334514418 0.0120764953039246 0.00876578774811767 0.105923408219107 0.0993657155666754
0.156912929591305 0.00179476226136849 0.114791911234629 0.211176879996597 0.00227826639459496 0.145271037878327 0.023467453839167 0.0643115524928256 0.143756965746131 0.136238240565056
0.144565551689624 0.0790414074536905 0.112203962620985 0.112236130681846 0.0288261522587302 0.132678277678037 0.111115922699848 0.134473526409345 0.0112739881201503 0.133585080387743
0.147954605512287 0.02107949967037 0.113709082701176 0.151294003802235 0.152613768419497 0.0378573383942483 0.0685441091836454 0.160045494184564 0.0353742116848233 0.111527886447154
0.220834065981526 0.0686886403086851 0.107942514431919 0.00757239159789875 0.0362552888075595 0.0266734988782855 0.157026872834515 0.129795385039654 0.146570662839569 0.0986406792803881
0.0996703714426104 0.0552881052637343 0.00746551256233201 0.121600712361376 0.12348202880445 0.149321312201887 0.111172983337286 0.0250100403788369 0.124182203830923 0.182806729816564
0.142203433213881 0.127142109175958 0.0618360416362141 0.141080807321334 0.0458717026542766 0.0617020343672367 0.00882822546990265 0.126897634420505 0.148825500957776 0.135612510782916
0.121757464407663 0.118627236092329 0.0188726836773405 0.181260408890526 0.000772646057331379 0.019916546257657 0.196351522603022 0.0415775169202923 0.20311237153305 0.0977516035607888
0.093998343582711 0.149410383828497 0.199211390131288 0.101396434441501 0.0032412366679129 0.152143426256005 0.031144939948644 0.160011417738593 0.0582969089389621 0.0511455184658858
0.125152793440369 0.193511639062333 0.192710690605679 0.0139978853226573 0.0525396080547851 0.0426242990592527 0.119437078384925 0.138535221240031 0.0525401457307027 0.0689506390992642
0.184095972416955 0.0103509971435267 0.155626122026454 0.134002153333694 0.124042826915953 0.0416021806172572 0.00409287957361688 0.0748714691495777 0.113438741204753 0.157876657618212
0.0241405950893721 0.0042167635019892 0.133369174514665 0.0752387451985123 0.145104216024947 0.0958632178083111 0.15220373677849 0.131501330260033 0.150662922720307 0.0876992981033723
0.0995021194372502 0.022286564875993 0.0473252339681422 0.114473252724722 0.132865332143047 0.063432189894819 0.125050584187569 0.143189124094361 0.137936525722042 0.113939072952055
0.196914334070266 0.00141838995526252 0.161068852810256 0.0194907457951526 0.00786495999791024 0.151783430556834 0.155498516402802 0.0842917753416562 0.0471096657716819 0.174559329298178
0.155932309166129 0.0777938792354543 0.0588047292799246 0.0339859360302784 0.169476188542489 0.0158330970445276 0.115298796287728 0.133651943299859 0.0729255390939065 0.166297582019704
0.196050515490243 0.0814940912321816 0.0373747427979941 0.0444890279897986 0.0418125172369887 0.0499703188193946 0.14979575889068 0.0921095953214478 0.120279373273688 0.186624058947584
0.118033024838619 0.0037746548584084 0.0732922263986592 0.129335414449675 0.011370603174058 0.0881528273546226 0.214722586360005 0.119705128874921 0.163238349655417 0.0783751840356146
0.0181501465754457 0.112798266547186 0.0232613764716494 0.158604830711149 0.150785076211742 0.150914265847699 0.155512115501831 0.0904516502675719 0.122421226163362 0.0171010457023649
0.145133670774322 0.174934845978449 0.149865854235907 0.143855210776595 0.0616069454940366 0.0095425701789261 0.117198578349863 0.139903051832526 0.0498042638700108 0.00815500850936463
0.148577086457962 0.00354133631131538 0.17458214539919 0.00822997046670699 0.18182253011823 0.0473367947544019 0.188936639344857 0.0119195314001443 0.157168353533569 0.0778856122136228
0.147583800842915 0.158365212368165 0.0515965846834451 0.117365403210452 0.151660982471315 0.00448628024000927 0.111203435156003 0.116030236734643 0.0773477088626549 0.0643603554303987
0.1155160877169 0.160633804915203 0.0628662456505504 0.00281152475283354 0.0399042603425994 0.1538461322474 0.10606443022415 0.0447541525334598 0.173494871234232 0.140108490382672
0.0128650565075595 0.00537835341323818 0.0625418346083103 0.18762893130112 0.130666699758797 0.0976755539005809 0.0568069701710025 0.171884146058787 0.0937174520767402 0.180835002203864
0.183891983884601 0.177381940666254 0.0562950961711022 0.165012245859928 0.07200707296598 0.0226031058405194 0.0947082742062828 0.0147998374685441 0.152527970186906 0.0607724727498826
0.0688881555885967 0.0537979379522461 0.0616021646972477 0.131378548749447 0.179326413807738 0.0414088404466331 0.0567953871306917 0.200818909890497 0.153281472002714 0.0527021697341895
0.114030616160785 0.159422486304989 0.0538965687166301 0.0867631532094442 0.125661920709258 0.0530399430912012 0.032948437436237 0.16313177564342 0.133852832468525 0.0772522662595111
0.124778181194935 0.0679931389912504 0.105205701571218 0.122344549499627 0.113687833602421 0.12899439092213 0.138894202466614 0.0453446498643713 0.0543845936682521 0.0983727582191812
0.164781364242589 0.103021750236304 0.141971948457793 0.0684881697246515 0.0645622570833858 0.0349093675732887 0.159512359764254 0.0737797106317981 0.0513276347214449 0.137645437564491
0.110102776831271 0.0663347917615603 0.0620108622168487 0.0308105450856459 0.169162639608625 0.193828812170511 0.0529621252117602 0.0160188878680389 0.125090785039926 0.173677774205813
0.0350683639060275 0.0190213555570884 0.204744746999015 0.187701412305997 0.162018696350667 0.154191752514964 0.0874242162621771 0.0468282508730584 0.0194105338959346 0.0835906713350714
0.00686792511266004 0.028783709796196 0.15824608557112 0.145239400854294 0.164090180268086 0.137997964381536 0.0704153335159663 0.1025113920322 0.0794705536581182 0.106377454809823
0.0518449455748907 0.171528417700752 0.104390128438907 0.0105646258032064 0.0996345152185211 0.0719417262587412 0.133573001871688 0.142175994068065 0.128996146110418 0.0853504989548098
0.0205624917630898 0.00986902144913672 0.00393727099680097 0.0581617976673277 0.219260147015057 0.208722705241345 0.0520487093062218 0.211694515265012 0.144061034961244 0.0716823063347661
0.0752833994753664 0.08812221966004 0.137087459309902 0.0904074356368406 0.120810930863511 0.1623687514808 0.093356780368092 0.0420184871352973 0.0369623164389433 0.153582219631208
0.0789444271709117 0.0311085771389785 0.0875864728361128 0.0671926975595861 0.158330186204626 0.117291445791183 0.0258113633646717 0.13363653952527 0.0864167065610065 0.213681583847654
0.0741776638607896 0.0808155810130294 0.101399686987292 0.196451684147947 0.0813404729767216 0.146801966210549 0.0298572445045806 0.121155596448813 0.106209608136833 0.0617904957134441
0.0595740767954743 0.0821708996107414 0.156485167377548 0.117279121664682 0.129285549069579 0.122986460812617 0.00438124669888059 0.144781043092638 0.0765442555511837 0.106512179326656
0.173838569715656 0.144573978819772 0.058889610913758 0.0715977583525382 0.123032023248944 0.166692463107424 0.10904638555411 0.0344507676774019 0.0614087873001266 0.0564696553102688
0.0328756659999785 0.128487581668751 0.0770553475366965 0.122872441165004 0.151383352031672 0.116777891120836 0.160208451351591 0.00213808643394628 0.0696394988736052 0.138561683817921
0.120791888826968 0.169593165710785 0.0327154129497707 0.00578185010418008 0.110544705236862 0.00110239321707752 0.0927011107087717 0.171320891185458 0.16792981519567 0.127518766864457
0.171674083707731 0.175737530978845 0.00801728964118829 0.120498655780407 0.122997448772217 0.138502017916903 0.0115933988849063 0.150708767307384 0.0496654736814718 0.0506053333289463
0.182926061635479 0.080530143445136 0.115333722106373 0.0760440204168455 0.0980614713176171 0.11903272458866 0.233919457799808 0.00266045567341375 0.0758773252242492 0.0156146177924185
0.133201314555186 0.1541369202632 0.0213745720371709 0.0493744019989437 0.154964620791615 0.161413919881155 0.137706495221501 0.0361735157131375 0.118132185194628 0.0335220543434628
0.138535553452273 0.084505901258057 0.0890526512044969 0.140902722283552 0.0239297048588341 0.160222901366628 0.153238341689034 0.0953375159711337 0.0716804591833962 0.042594248732594
0.119859044465311 0.0372168567421424 0.107074017150319 0.140910525686215 0.036321396216675 0.110714358350597 0.130731816220678 0.149660660930663 0.0993622371420388 0.0681490870953608
0.185390755315035 0.0250034435526061 0.0146136390639924 0.120093638562342 0.00144166071001679 0.157600618723639 0.189829924392809 0.202792941052841 0.0226334322884667 0.0805999463382512
0.138631066332141 0.23123288160398 0.189317880079241 0.0773894943614576 0.000785683626415949 0.053375904099139 0.0372235510981639 0.0188116408127378 0.0984756587656747 0.15475623922105
0.189329035150734 0.25211764456284 0.00128042478254809 0.0172729422490223 0.0804360862516178 0.159838369364984 0.103031005836357 0.0567369800667954 0.0880515548512506 0.0519059568838496
0.183602416474857 0.0990936661658745 0.0488348792807919 0.187337777133534 0.137856895100829 0.0520393635453134 0.163460924334998 0.0123576642914789 0.035131803021025 0.0802846106512978
0.0569712169486278 0.094040604594318 0.171707167125678 0.0962847444257666 0.011851717455538 0.0561362931532684 0.175086539841321 0.0976710085264453 0.101048639015968 0.13920206891307
0.0999791597364197 0.0217352761017204 0.15621450320425 0.103095888701266 0.0599533347725599 0.011988794677694 0.172359126778134 0.0847689924638188 0.207004470610959 0.0829004529531785
0.230407769388255 0.028457784647275 0.138019145451676 0.106413608909785 0.0345678860423348 0.0997950420294525 0.0845297853624836 0.128633743214063 0.00497496918260768 0.144200265772067
0.189765500310937 0.164776544765499 0.0235021291093783 0.0383727485966953 0.208024273414774 0.119264210499613 0.0161494790108238 0.0362121683978561 0.112895327058677 0.0910376188357468
0.155321371142128 0.0831904895921786 0.0485222322466162 0.153441514119917 0.0412064333518718 0.150370883214738 0.142979354182474 0.0972027916518794 0.0838618461944302 0.0439030843037667
0.098082500098404 0.124409677122774 0.133066784202051 0.0445148685256992 0.0114141862990404 0.176714771151202 0.0565897005337108 0.129176250767688 0.139626326684629 0.0864049346148013
0.179409906220547 0.170768988736171 0.0844610884683395 0.020766601570667 0.136578715583503 0.13685235154753 0.049088631208694 0.11542412783047 0.00693078927150652 0.0997187995625712
0.0905091090816321 0.170608346334458 0.00108196425669948 0.162925004904365 0.0231580380608375 0.200871300013725 0.0592294900924833 0.0953852281017554 0.126891220698516 0.0693402984555282
0.0126554508738592 0.103091157262164 0.126859357842458 0.180035575800408 0.200897854540052 0.00208361300044003 0.0656533371773677 0.073990879247635 0.206569405347264 0.0281633689083517
0.105061252981476 0.0422389547377486 0.00751745845989637 0.0315343467924593 0.0471426828292773 0.108723812793313 0.183923707758148 0.13790495339413 0.161154411786809 0.174798418466743
0.055025238417832 0.0753195926823303 0.33406107462622 0.0159557903482864 0.0375031949110521 0.151888277083881 0.0832657851656382 0.058842144306032 0.174916205536461 0.0132226969222669
0.105625199687612 0.131455806104612 0.0720790871133145 0.036987859421132 0.0342318197784324 0.153801757714615 0.142084881159157 0.104243946064041 0.156303709273622 0.0631859336834613
0.19462828458481 0.0718873670477938 0.164561471949078 0.114322067008938 0.163056859455312 0.0261516195960516 0.186078393014665 0.00928472632713255 0.0362209810774587 0.0338082299387604
0.160896808881041 0.016748248827785 0.022014424395602 0.173222211026834 0.195957674253626 0.00503045977691047 0.169842600929259 0.0874046774670606 0.00511854161386238 0.163764352828019
0.0499492971586009 0.156496516052034 0.0384688388393747 0.148524335278744 0.153848828933343 0.127005569258998 0.0368311053077884 0.119791139185438 0.0476924813828657 0.121391888602813
0.0309887231324901 0.0532902061814114 0.130994738995736 0.0945242788230243 0.10257814691503 0.0734291696526261 0.153051333033192 0.123829058655919 0.0799346587123159 0.157379685898257
