0.0962219756308887 0.305009539413423 0.341865645641323 0.0899813960538172 0.166921443260549
0.0826997680794873 0.320467832992299 0.0715206877773251 0.182035365794216 0.343276345356672
0.272499052879602 0.26217256493202 0.353567518982551 0.0224564858078702 0.0893043773979563
0.285540279087768 0.204835902511384 0.260398384426311 0.220407334174345 0.0288180998001927
0.232960965367136 0.215732711770884 0.387625893921182 0.0882698472960718 0.0754105816447266
0.303599378235353 0.161838791382929 0.361208583213855 0.0130110361967553 0.160342210971107
0.279456297233873 0.145182619121956 0.272212429615624 0.254264397087933 0.0488842569406146
0.0759806705426528 0.217013759711454 0.273791440951631 0.341309607679231 0.0919045211150304
0.213557554138182 0.0460341818111439 0.0335356080009814 0.33161373301517 0.375258923034523
0.0177886092705861 0.195904730230395 0.27005444718606 0.274137971641437 0.242114241671522
0.068402459570896 0.254814501135237 0.246823097435577 0.17296857109986 0.25699137075843
0.0749412044475773 0.165449185718797 0.0276207784916722 0.407955968992216 0.324032862349738
0.362899000019738 0.0863729224622933 0.0891990472731005 0.319119454943816 0.142409575301052
0.12394058007891 0.120141076076038 0.223285868394013 0.306353046219067 0.226279429231973
0.130118434957877 0.414023603687496 0.182911830455451 0.234306991333387 0.0386391395657881
0.234340074284417 0.0859023859902818 0.131596404380773 0.303325356633258 0.24483577871127
0.0536490923124246 0.430456032308272 0.371069892369528 0.048365574969166 0.0964594080406093
0.120676262670604 0.302699328525033 0.374160347499282 0.134209444808073 0.0682546164970084
0.218323582471113 0.31931181733065 0.21622158991007 0.0457976077615489 0.200345402526618
0.225394604350198 0.198007744433387 0.328566440444126 0.0481369706313632 0.199894240140926
0.099813686017722 0.163666127719604 0.169484855331508 0.295123311132502 0.271912019798664
0.163880385747578 0.283451577688784 0.152796091237023 0.174645410757361 0.225226534569254
0.0675854812234111 0.0409524632916445 0.230176645727955 0.277136796607202 0.384148613149788
0.0639702918110555 0.311380037186425 0.030231385582987 0.295387668249208 0.299030617170324
0.342163860205071 0.149285957095791 0.144306644591907 0.108480841920383 0.255762696186847
0.318187915789721 0.170027296892279 0.265321902210933 0.177787459205687 0.0686754259013803
0.213408710900458 0.0722381933178689 0.0307601067148515 0.282936635736096 0.400656353330725
0.0815015007893481 0.0185532007070999 0.0638477583039125 0.472871068038832 0.363226472160807
0.237866198116863 0.020204906615463 0.383091638302668 0.0102322905690201 0.348604966395986
0.20435654719628 0.075363386468767 0.311960331062001 0.323001725979798 0.0853180092931532
0.071990028204951 0.236712853556435 0.30148486891683 0.189188033356638 0.200624215965147
0.44652271048888 0.363602835067644 0.0223140319974173 0.111013532109421 0.0565468903366368
0.0175427916110842 0.291746154077904 0.195798765733584 0.239243060911142 0.255669227666286
0.149736690299618 0.272616639153724 0.166008597377372 0.29440697315749 0.117231100011796
0.110342409468351 0.00370025164335884 0.265829835994975 0.486432815306233 0.133694687587082
0.0967900060943679 0.0364912109127823 0.256909943553942 0.30175686030408 0.308051979134828
0.0887570592143274 0.138944507059257 0.173442198771356 0.435572879602983 0.163283355352076
0.232003866465116 0.176026074094619 0.254654760721377 0.0597955172791009 0.277519781439787
0.0388304142605411 0.310224786974428 0.333406980404249 0.177794689043813 0.139743129316969
0.527030608647393 0.143143355272882 0.200908149786196 0.027834851399241 0.101083034894289
0.0287614163489974 0.175516564923414 0.247832112778107 0.255405542653816 0.292484363295665
0.479427900661238 0.223329948857949 0.161797807426254 0.089304490236642 0.0461398528179164
0.249255714803088 0.19063846366126 0.209516211121191 0.0512177011368809 0.299371909277581
0.214791049845804 0.187186976995574 0.309559135492391 0.133924502217309 0.154538335448922
0.22809640282587 0.0454055095510816 0.273511741445703 0.272324320422314 0.180662025755032
0.207438199618563 0.263623970868235 0.205875862736334 0.0325887124111612 0.290473254365706
0.236124982593593 0.0740005517874199 0.112289162725979 0.245167268004225 0.332418034888783
0.249100437931509 0.00554984308028308 0.203209960238386 0.477605409877122 0.0645343488726995
0.0995716409968197 0.0910896721635039 0.358989195598504 0.215759004866314 0.234590486374858
0.128276824358298 0.235367671280449 0.320394708407788 0.298487930061824 0.0174728658916413
0.164144100349628 0.410185632876404 0.163097974875268 0.0328980388763467 0.229674253022353
0.108269223330569 0.172553309922551 0.271279916074957 0.17874450280777 0.269153047864153
0.178289866675743 0.237823039867713 0.083465170118829 0.247645116454681 0.252776806883034
0.253236978854652 0.304372761343098 0.206679376725877 0.00504918061169104 0.230661702464682
0.203834417783931 0.28491508810836 0.276723065269343 0.216119756544374 0.0184076722939923
0.197635458613677 0.255392957473234 0.182177205744014 0.247765545376857 0.117028832792219
0.172497656040646 0.134602135860199 0.159767011479894 0.280846326155535 0.252286870463726
0.293071602355042 0.135745168497643 0.0620576400426954 0.283959872352068 0.225165716752551
0.280173022095126 0.190337568454997 0.110006915173227 0.261887716320763 0.157594777955887
0.206288428402582 0.190165403952917 0.161388069362946 0.12022125872459 0.321936839556965
0.134586740536794 0.267287577301832 0.156324626699959 0.25143228709277 0.190368768368645
0.234831658608421 0.0601153585269557 0.197549220069974 0.407824643614359 0.0996791191802898
0.00294991345580053 0.197593986288555 0.407224450922314 0.0825916983582915 0.309639950975038
0.195191939649703 0.106673482117693 0.217883801749158 0.291101550820938 0.189149225662508
0.255723773266624 0.10192465260773 0.22066556596615 0.223763725932136 0.197922282227361
0.242944044937926 0.188120190836046 0.205061487354672 0.226340558725409 0.137533718145947
0.297925994890353 0.265991143032796 0.0846580603338922 0.289979223332116 0.061445578410842
0.148702824502002 0.227753260295225 0.189302270927637 0.228500481979763 0.205741162295373
0.198837211563527 0.352423335739307 0.276500381533866 0.153138099953128 0.0191009712101719
0.282344623992202 0.318932421838016 0.207361013334644 0.0473324237016178 0.14402951713352
0.126549051186187 0.135037909735534 0.146811839253497 0.258527060824867 0.333074138999915
0.00534658392352469 0.383980320927167 0.101438443247111 0.212839955632735 0.296394696269463
0.15625138324301 0.229640961763001 0.130459976092374 0.307969049676637 0.175678629224978
0.0258022926478584 0.298828154613128 0.474519841382253 0.086552179485215 0.114297531871545
0.378597074996628 0.0228683268974677 0.321426189884511 0.267408242893963 0.00970016532743034
0.00861197767651237 0.409190202722988 0.339844218421779 0.201028038988921 0.0413255621898005
0.141370206397515 0.0550969863201691 0.236850055052786 0.245009087612055 0.321673664617475
0.0591192316652647 0.249832285978318 0.225852821981609 0.18900216168701 0.276193498687798
0.376161450724424 0.205889482628433 0.0331848599454209 0.0629790396209598 0.321785167080762
0.136830465183618 0.0850059933922479 0.414512453349538 0.105801906049139 0.257849182025457
0.509918890635945 0.0271913665874728 0.145708569427754 0.294073583180979 0.0231075901678497
0.22858017201614 0.314386911473323 0.232358834389247 0.162659190014884 0.0620148921064059
0.213300522611227 0.254103666998707 0.0261896220210892 0.251069520937483 0.255336667431494
0.116385969735416 0.364572486179655 0.116089657479799 0.168629335992376 0.234322550612755
0.250658487438184 0.0339192413429848 0.348440524782549 0.305938680752168 0.061043065684115
0.251690083769235 0.328989907032873 0.0442266557143758 0.275063545575578 0.100029807907938
0.13954446013505 0.0649226633584675 0.505540041363327 0.111051086013976 0.178941749129179
0.381413320884779 0.00220754574703454 0.34762935464603 0.118949429250965 0.149800349471192
0.242502246817444 0.300946606774918 0.0724623363320638 0.239389187009 0.144699623066574
0.430928167570243 0.092118426247477 0.235598836291385 0.170297194532586 0.0710573753583095
0.251667774457899 0.217709360973882 0.224244993467239 0.0936630602409342 0.212714810860046
0.180784485079487 0.00763161495477095 0.0924159541562614 0.511401408412612 0.207766537396869
0.346364639516612 0.276089226047804 0.00507791337980012 0.110196207203332 0.262272013852452
0.20425288685511 0.271325797624249 0.293002325920466 0.0183810731800112 0.213037916420163
0.237793437922146 0.0786041639410022 0.218326098574816 0.0946002294465913 0.370676070115444
0.0729702670478517 0.175135818058076 0.280403206112978 0.239359552811368 0.232131155969726
0.183280166727865 0.134255420034657 0.239895169652887 0.140563816695984 0.302005426888607
0.256349323723444 0.174014049536601 0.261372067271573 0.113929114408982 0.1943354450594
0.235438052620198 0.194712367674509 0.14235488525434 0.098561717167894 0.328932977283058
0.241719260538005 0.441719407247153 0.178618409758418 0.126396354841423 0.0115465676150014
0.00435828049634775 0.280059561207793 0.283212841942183 0.107330355568515 0.325038960785162
0.22117065143629 0.315730175876771 0.154382586108431 0.298056250805233 0.0106603357732746
0.160364704106184 0.0984972251556918 0.355222331740222 0.0290127619196237 0.356902977078279
0.00831189071529181 0.0989265828537279 0.0813379076997471 0.525542449952066 0.285881168779167
0.345970627292335 0.160959212366558 0.0492885936561979 0.201322632289016 0.242458934395893
0.123968785324215 0.223600372232622 0.253073187368153 0.1276429656868 0.271714689388211
0.283656220270655 0.183628255287912 0.172292122619315 0.113520608067023 0.246902793755095
0.181702618534959 0.0633222586873199 0.19314054517804 0.239794254109972 0.322040323489709
0.228832387563703 0.248633864790717 0.0371708977253563 0.325187188248 0.160175661672224
0.339585765936976 0.0468793802469574 0.000724092586150191 0.268391568327327 0.344419192902589
0.0836802669107222 0.156110541227807 0.0628340630932697 0.370202218172798 0.327172910595402
0.137392649333111 0.0458553977654385 0.50384111876875 0.16850841668641 0.14440241744629
0.132398018284777 0.405224148388225 0.14978717046519 0.0864041621617486 0.226186500700059
0.0428518465458824 0.0033989259143334 0.417812801885127 0.46969635461562 0.066240071039037
0.180245816898361 0.124958423983329 0.0228250660296976 0.333388723846518 0.338581969242094
0.15035761568921 0.350582930894649 0.204961745287334 0.225254162362521 0.0688435457662861
0.242279644132901 0.166910244538736 0.237303478597612 0.0985699483060331 0.254936684424718
0.182896912028419 0.221272954519264 0.16748850478946 0.216540379228361 0.211801249434495
0.266755752662246 0.218023845805181 0.0573696347451465 0.295601481344782 0.162249285442644
0.234778873578263 0.332317982821842 0.106256235308131 0.313325688874748 0.0133212194170149
0.018982777817626 0.0901396437319695 0.442573586577879 0.346491106268171 0.101812885604355
0.260427781831 0.0994986378130737 0.253962511011204 0.288089793085619 0.0980212762591031
0.496653990343773 0.0637587396013405 0.370492504782436 0.00543868320433127 0.0636560820681194
0.0206888932603273 0.244932262267167 0.292194688770139 0.268734284734747 0.17344987096762
0.413705350280302 0.143393142666157 0.117055562392902 0.246470042641041 0.0793759020195977
0.136578530874401 0.23258394750244 0.347463427374683 0.180400038185922 0.102974056062553
0.188085094826691 0.0443069991582434 0.216700479524995 0.175054354133796 0.375853072356275
0.288670649329339 0.386789836100411 0.290895213964216 0.0113914186404714 0.0222528819655633
0.162855710442058 0.361143177283426 0.0691710978806089 0.290983143756889 0.115846870637018
0.262433271093801 0.255910000072554 0.207019033267786 0.175034929722593 0.099602765843265
0.0944245433333532 0.288771423436111 0.151682086178697 0.388635672368595 0.0764862746832435
0.125607671593252 0.0554857149552683 0.0853309301150728 0.504032506184002 0.229543177152405
0.188400217359873 0.381482588296267 0.00936037157669339 0.358527085318305 0.0622297374488613
0.317604952467719 0.250456728742769 0.165007228418988 0.0299921328960534 0.23693895747447
0.11989075810234 0.332115688024778 0.321511850581294 0.0802138612767537 0.146267842014834
0.20274552461608 0.154495755679777 0.10544844649819 0.276191542395735 0.261118730810219
0.292776917732667 0.20536780087179 0.114999282713168 0.324605010037856 0.0622509886445195
0.228872869248326 0.094619673099586 0.0194364977092976 0.435853800393548 0.221217159549243
0.15095088522965 0.211813266620976 0.288709331618053 0.202398688607557 0.146127827923764
0.153006428324193 0.362094622931734 0.035027676761125 0.208037887772812 0.241833384210136
0.230522046894299 0.232200734806536 0.192312537100282 0.148179926389939 0.196784754808944
0.348438372607296 0.142027410134609 0.250154095839923 0.0167208922532141 0.242659229164958
0.0781716290504828 0.314867487627587 0.257100254072153 0.0107398425059886 0.339120786743788
0.259946051638652 0.342031424025906 0.269851265418552 0.104281516327125 0.0238897425897653
0.146602996492326 0.0639129878337603 0.366345001478032 0.394593588980401 0.0285454252154812
0.12906027107232 0.28259038543414 0.219678084093064 0.163574017972658 0.205097241427818
0.16288914150257 0.214623089727962 0.303494579776193 0.245504847838916 0.0734883411543594
0.101061789897494 0.30694880005882 0.0305173526222614 0.303279681724763 0.258192375696661
0.225708803279789 0.0564801713824353 0.399611338517326 0.0435465049602266 0.274653181860223
0.304828261370961 0.218391252252105 0.0551828756559319 0.212541851176953 0.20905575954405
0.314736997157183 0.0738825394572092 0.0893074705399197 0.284721150544376 0.237351842301312
0.100347864403286 0.373685342928198 0.395972895549225 0.0321286828718736 0.097865214247418
0.100573239763406 0.308142865246882 0.00445227357639365 0.104186910693692 0.482644710719627
0.15709840698297 0.171976608771863 0.153157442566334 0.295323946645291 0.222443595033543
0.050694655061091 0.485652466262679 0.18525314500056 0.151910324876174 0.126489408799496
0.0861797110815739 0.0338196765678636 0.251661188109213 0.311117167538876 0.317222256702473
0.103867804222834 0.351396384992248 0.193937148775824 0.000231957159952799 0.350566704849142
0.170507552842443 0.0926504878454374 0.529653756083329 0.0031745445868776 0.204013658641913
0.247954020959802 0.223585429113425 0.220229749357929 0.250522421944652 0.0577083786241922
0.140141761702918 0.107289429433072 0.317436583594744 0.129772423718232 0.305359801551034
0.027248341971566 0.176659529370552 0.331584301519708 0.36926481902994 0.0952430081082343
0.183583449644919 0.154558206959929 0.241946950681164 0.251263507785202 0.168647884928787
0.0734267441026363 0.281021479218217 0.300739742541492 0.156945208296314 0.18786682584134
0.313560830241703 0.247367173919838 0.0238822330112208 0.394623286342067 0.0205664764851715
0.0645354597912914 0.167816497802713 0.119561324023963 0.337990605211887 0.310096113170146
0.131567584282557 0.112080909185224 0.091233982262083 0.367231936239372 0.297885588030764
0.260634942591825 0.183059593074637 0.187909833328218 0.28627051708747 0.08212511391785
0.178821142404926 0.189391612185034 0.253380798123697 0.0681542804137896 0.310252166872554
0.117133042425769 0.221695562833548 0.239729692401578 0.220654319714357 0.200787382624748
0.0416943455161906 0.123176900147644 0.248062580827173 0.289449241917019 0.297616931591973
0.104763077787782 0.285964633060779 0.233066334738758 0.045321120755783 0.330884833656898
0.226031976647228 0.280846349945708 0.368601524623053 0.0938072907108583 0.0307128580731528
0.281809854131916 0.153901754711696 0.206730263557998 0.0486221387336776 0.308935988864712
0.3482404224869 0.073569056468492 0.30720524749637 0.112770453518296 0.158214820029942
0.164548933675863 0.277415426150145 0.191648684785095 0.175352649914986 0.191034305473911
0.177952572377198 0.160156591160964 0.203315292601472 0.235605673670689 0.222969870189676
0.151650672695798 0.303134754191163 0.263330593927359 0.177482581531788 0.104401397653892
0.222360410876999 0.16624884782662 0.246853668704549 0.0955693019740802 0.268967770617751
0.0344376825612342 0.0437706505693983 0.414257491296633 0.159560735863289 0.347973439709445
0.221075580082847 0.193565917995324 0.0366242814621694 0.134229610530839 0.414504609928821
0.374706175201459 0.177644539081893 0.0150141130856442 0.208651260190041 0.223983912440963
0.210558213898046 0.122299313109804 0.119950094714549 0.311459026307832 0.235733351969768
0.500715483072826 0.235822255744214 0.0347475286208158 0.08207457620647 0.146640156355675
0.0849886016338087 0.295820442764122 0.571396986958811 0.00244098451627198 0.0453529841269862
0.0949022001127351 0.162212506513515 0.23792680858216 0.238650404197396 0.266308080594194
0.254850563199728 0.32016906986474 0.222459421089691 0.0185233742997422 0.183997571546099
0.428105730962766 0.0408769916117464 0.210890404813146 0.297375898947164 0.0227509736651778
0.00732851945479206 0.368035587736703 0.206064802302773 0.262368545752974 0.156202544752758
0.219696217827884 0.0597147353092699 0.248535190774331 0.159303434480306 0.312750421608209
0.115761826979732 0.101417014888072 0.321829363130743 0.266551073713165 0.194440721288288
0.182979505132826 0.201730197561278 0.373894138169747 0.109160826304445 0.132235332831704
0.510939774149658 0.164523814244743 0.0406813167093455 0.27218596223866 0.0116691326575941
0.111006128682253 0.133188770128205 0.286969029529529 0.244459908369373 0.22437616329064
0.125073641596792 0.0762520477980046 0.374339476538809 0.365785632559946 0.0585492015064477
0.428357875897528 0.303559052008532 0.0339210690274594 0.205793130573127 0.0283688724933533
0.112036054728341 0.446240537297216 0.172388644922964 0.0706991367140279 0.198635626337451
0.294877563537114 0.352356295015669 0.0623818129639033 0.178224404984231 0.112159923499083
0.194831531880429 0.0946207667744958 0.212492078245821 0.236028768004346 0.262026855094908
0.11286318760249 0.243095837207489 0.153698576138 0.218603875596933 0.271738523455089
0.223599875010869 0.208442245856083 0.256027816379242 0.157473924727906 0.1544561380259
0.230409803891556 0.157563439353692 0.245659937657258 0.177206584829636 0.189160234267858
0.0296426355865726 0.297179985439242 0.308560318497843 0.310627682716123 0.0539893777602189
0.357099221299889 0.180830038446983 0.208380916620161 0.180528504936771 0.0731613186961969
0.102409958486631 0.370610712293957 0.28873929387145 0.180925998122556 0.0573140372254061
0.174619884815224 0.216983338784998 0.194839766282478 0.215506998928333 0.198050011188968
0.0413579984619612 0.281855158370039 0.0111290276022416 0.0345450805602849 0.631112735005473
0.274601734808339 0.0557578800413096 0.175366283703376 0.354007588268276 0.140266513178699
0.3273645834804 0.0116625650017318 0.29070310825737 0.0649533393108658 0.305316403949632
0.0870898487054002 0.10464302138561 0.408329801920772 0.0128626905388345 0.387074637449384
0.14102784447063 0.163618886628721 0.22049259782557 0.245344278480477 0.229516392594602
0.268597587738255 0.209719999353296 0.346518786625385 0.034143602726617 0.141020023556448
0.168965637658098 0.187893563298236 0.241540868046827 0.105925428987965 0.295674502008874
0.409048357284237 0.0786049834906142 0.0878534204576347 0.343024317740434 0.0814689210270804
0.171897235681755 0.214828689167016 0.188998520766529 0.0976681838502909 0.326607370534408
0.291048285632531 0.278643083643257 0.07322446203527 0.18062435422625 0.176459814462692
0.174127693110472 0.191575131408848 0.00986548337064862 0.321044785169366 0.303386906940667
0.463559258674386 0.0364468538909108 0.203696392534242 0.052421266788661 0.243876228111801
0.192693210375161 0.220453181301742 0.067229254703196 0.0776109131751892 0.442013440444711
0.31240007496701 0.210596287380429 0.276014531673811 0.0100128141594772 0.190976291819273
0.287596358573045 0.104013757964262 0.0678512983232842 0.299587261438917 0.240951323700492
0.351945270357401 0.0756022410262432 0.137659162107427 0.433545229178015 0.00124809733091431
0.234390967925315 0.247059739083518 0.00508052725839069 0.27332188130666 0.240146884426117
0.165441728224531 0.271823784411407 0.253987599670859 0.0619030609154827 0.24684382677772
0.0918961328091981 0.15952242086404 0.195794304745727 0.165987252654615 0.386799888926421
0.239786710666536 0.13756848926999 0.248568940659465 0.241970927356827 0.132104932047183
0.249611525741079 0.130609814972568 0.223438669280925 0.123556191631166 0.272783798374263
0.299827281411303 0.231961904479527 0.0345730766278575 0.27266433368365 0.160973403797663
0.0485391875978744 0.280390569290438 0.269078867135572 0.0714509972759326 0.330540378700183
0.221955949738264 0.130171630443477 0.159358112395906 0.261562978752399 0.226951328669954
0.0612342189338968 0.224381266914058 0.0644999122699466 0.311190977074572 0.338693624807526
0.257309474827946 0.305122173762416 0.19888090831574 0.223742885813224 0.0149445572806742
0.240688344621765 0.060112339893992 0.245559125373574 0.205010903155283 0.248629286955386
0.0509103312698124 0.31234351314376 0.307319952957391 0.124577989482674 0.204848213146362
0.340702293875953 0.091623121414602 0.432475607491919 0.0321983269955443 0.103000650221982
0.260267188266083 0.123920889823052 0.290501782467509 0.249557247799502 0.0757528916438533
0.137097306939628 0.143695965321475 0.336039397794461 0.175329700202401 0.207837629742033
0.282107015556486 0.0409392573181742 0.276270374887738 0.14173311661389 0.258950235623712
0.330126624953276 0.0905555411813916 0.395332593385163 0.0503344794658207 0.133650761014348
0.124776984394539 0.238088358734732 0.231315516069981 0.242716029891304 0.163103110909443
0.138709568278593 0.145926690955826 0.18972680444283 0.330458430528721 0.195178505794029
0.0935781323618492 0.133026754513326 0.28365190660821 0.179039274041283 0.310703932475332
0.23959571562541 0.0594951994804759 0.157826760200262 0.0504274445452244 0.492654880148628
0.142867644429293 0.160503372168712 0.1289556494506 0.446521898953173 0.121151434998221
0.241061889350193 0.27901022177898 0.329179941770637 0.114171104818804 0.0365768422813871
0.338343774741273 0.275650648059896 0.0476918168439041 0.272768084853566 0.0655456755013601
0.0391125247675037 0.1865414245034 0.320991570162403 0.133157325516836 0.320197155049858
0.241766164911993 0.241906135186175 0.182235354160732 0.120254931261751 0.213837414479349
0.44969328371698 0.121731508489047 0.0976668162052908 0.0421842069466503 0.288724184642032
0.0420080913206566 0.230162930832722 0.0655412735812519 0.49512512768193 0.16716257658344
0.386928877086941 0.370198892530833 0.0111847057997314 0.0174881728573985 0.214199351725096
0.291671967100852 0.165741745989492 0.0557704904987884 0.183281448226494 0.303534348184373
0.255699733074887 0.261848555644721 0.222066933281794 0.18440662777964 0.0759781502189565
0.270542548585744 0.111540617441793 0.178621006859641 0.21003986009627 0.229255967016553
0.2982985720564 0.138904090953041 0.494697915069758 3.3905241554527e-06 0.0680960313966461
0.398569316842193 0.250016174145392 0.109560270701846 0.151104926734993 0.0907493115755761
0.0114428551145658 0.215420352608661 0.295926872358628 0.187223612502471 0.289986307415675
0.23229817203104 0.473468143221479 0.0905087195317543 0.104455351405145 0.099269613810582
0.00454476307534553 0.334058675047624 0.0396813424227788 0.374029389597833 0.247685829856418
0.323916215033612 0.0360852807686684 0.327822185935771 0.299229600723755 0.0129467175381939
0.196413711383125 0.230779149927926 0.141764325524664 0.271629346834018 0.159413466330267
0.278838618406371 0.270699575967145 0.0934010269560431 0.337967864337911 0.0190929143325298
0.244919620903429 0.20755923055384 0.224327570127888 0.152668464511325 0.170525113903518
0.419735454837132 0.182703435275901 0.0887334791408892 0.0276017837916813 0.281225846954396
0.171291508501983 0.301613744272289 0.213450754022354 0.206155950978976 0.107488042224398
0.367667886886286 0.169513640166253 0.289491388538482 0.0037489134349221 0.169578170974058
0.317276838012152 0.277361010414635 0.0585829272792886 0.244300182515881 0.102479041778045
0.225126954793842 0.246062941250173 0.211494599084516 0.213606182298224 0.103709322573245
0.0332479753890446 0.0255146664979299 0.283623754178571 0.366598875756204 0.291014728178251
0.212716757129766 0.0594510805430315 0.362752674562147 0.28913166604259 0.0759478217224649
0.0833522523980499 0.263420558986246 0.201786964535849 0.0460321289962711 0.405408095083584
0.191775945981947 0.211329952374092 0.2374458072086 0.266485396098041 0.0929628983373194
0.361211835693456 0.0428462770143012 0.197387693918937 0.0969172063285648 0.301636987044741
0.0539431880184053 0.112705805908458 0.377101315958682 0.0667390203035078 0.389510669810947
0.211652034029235 0.224559232446123 0.248373711178757 0.163884064601619 0.151530957744266
0.0554938657341926 0.166734062272332 0.0311826333109074 0.43508655168376 0.311502886998807
0.014042237887777 0.0850400547495829 0.34131773344411 0.259541783061165 0.300058190857365
0.208365828771064 0.287276373550992 0.228037200696373 0.117950410204433 0.158370186777139
0.349140930831575 0.0660623809981207 0.338252662634 0.142980225666853 0.103563799869451
0.0971720733327422 0.247285940950509 0.334726254998681 0.152845852819828 0.167969877898239
0.110458079207954 0.113621030067053 0.272263772062796 0.306842999521966 0.196814119140231
0.0956381151169468 0.2651367713399 0.264905448468038 0.271635191948273 0.102684473126843
0.219220722773965 0.0419544722945691 0.143801274174292 0.271465668683443 0.323557862073731
0.382924251216787 0.188186860185565 0.273106571623356 0.0274165854428723 0.128365731531419
0.190657547467248 0.276553926743809 0.302962428577691 0.0516954552075118 0.178130642003741
0.200264265508374 0.397393416729931 0.0422162000872632 0.0347394862562079 0.325386631418224
0.113842900230668 0.184114035422716 0.265718525910773 0.238456170020422 0.19786836841542
0.105209119555053 0.00268454256892084 0.651446988173889 0.12775796919062 0.112901380511517
0.262628758305822 0.0495507527836911 0.301637044172911 0.283824806476467 0.102358638261108
0.153489802706328 0.265136439460064 0.0276262064943149 0.248725378185898 0.305022173153394
0.171509371997038 0.364802453960798 0.253096486153104 0.117737255156833 0.0928544327322267
0.14357457495357 0.44683271974821 0.0272494688551946 0.277315567021979 0.105027669421047
0.291808172601895 0.133821520969632 0.0622612520265876 0.23871574909837 0.273393305303515
0.499866083869317 0.166166432129463 0.0146694035689389 0.150438709586172 0.168859370846109
0.29486802770359 0.401576012196619 0.0569188118433933 0.123465578869105 0.123171569387292
0.217922385038312 0.221424171299105 0.0989424143514979 0.305379720443963 0.156331308867122
0.148633479165069 0.0758808854258039 0.322218879123615 0.249056641934743 0.204210114350768
0.236371187407099 0.237905454927081 0.0282839765622352 0.377238181038147 0.120201200065438
0.31119207892708 0.313729952215787 0.184929943483412 0.08023070139951 0.109917323974212
0.0740854461348941 0.302796420766471 0.279874171165395 0.199396160715108 0.143847801218132
0.000291773376374472 0.258941181721262 0.344658626399136 0.0580146113303125 0.338093807172915
0.236596567489894 0.103121596227171 0.29675504541093 0.341266547474318 0.0222602433976869
0.08420264956433 0.146169728209165 0.308941006232616 0.298929302191216 0.161757313802673
0.155873402814687 0.225507117116276 0.248170927045465 0.197632842669574 0.172815710353997
0.114376863904648 0.0110883641989084 0.443148447964097 0.202717725887283 0.228668598045063
0.289307767750011 0.273255926135641 0.0813267162722034 0.165660876359543 0.190448713482601
0.24947515425385 0.182665406550892 0.194180830875082 0.151026477786713 0.222652130533463
0.331681564098157 0.166924431602895 0.0106921548488006 0.203295490463415 0.287406358986733
0.184668548619843 0.138821672114609 0.239987147967108 0.240804552116628 0.195718079181813
0.0267732503265966 0.151964016532792 0.00979632895201971 0.36587951473659 0.445586889452002
0.17513749885658 0.176482925972037 0.188057238497999 0.379579122108604 0.08074321456478
0.355939192178934 0.184841471598129 0.126711852357396 0.140682817008054 0.191824666857486
0.00732327157489084 0.279779060190047 0.0174463291032823 0.297080643215078 0.398370695916702
0.18616304625518 0.403318353938514 0.23670973771528 0.0167460544625602 0.157062807628466
0.0241884604108855 0.122569818895516 0.399933464748207 0.18963960927705 0.263668646668341
0.0922851842298524 0.0139543997413477 0.456400306178867 0.0591519189785519 0.378208190871381
0.0158246929582733 0.229753420671948 0.11170804167851 0.239524395873636 0.403189448817633
0.0164994273166495 0.306555114306531 0.0653885209313127 0.185161882108793 0.426395055336714
0.31950318738163 0.13419858262777 0.0234024877986129 0.418426308663157 0.10446943352883
0.198916122564106 0.217266787803071 0.0975435381739621 0.246155485365431 0.24011806609343
0.0311293384748901 0.405114857972825 0.140650822556432 0.0209710758611136 0.402133905134739
0.162569051469748 0.143061049034539 0.194319151057228 0.218210489551734 0.281840258886752
0.26399877784003 0.100970110057908 0.403918397748186 0.0873210450625669 0.143791669291308
0.0803399896628453 0.365682901366583 0.2920326172999 0.231116636692688 0.0308278549779839
0.174761120526426 0.199677458597486 0.25853655103869 0.267995314619468 0.0990295552179301
0.0241336576312533 0.042627958767486 0.39066018097684 0.272619430534526 0.269958772089895
0.175016477397364 0.134405340778391 0.332278870035701 0.260972950499369 0.0973263612891745
0.197807177874945 0.181176956825199 0.327829098949077 0.169828638657427 0.123358127693353
0.426196233373386 0.013545787259371 0.286010329761127 0.145006857705863 0.129240791900252
0.369328856302759 0.378329497308619 0.125182203434305 0.0751521925305914 0.0520072504237251
0.0777178293535036 0.360049678510588 0.23222070028875 0.224897797132469 0.105113994714689
0.258696603469296 0.188312609274355 0.246421729975802 0.104585831376787 0.20198322590376
0.397139907598035 0.00671864730376381 0.141996589375785 0.186920452083296 0.26722440363912
0.347295926430484 0.0421530819735798 0.190663693230264 0.0105686715294692 0.409318626836203
0.264106508291565 0.097855823537047 0.230411714682209 0.288747751062787 0.118878202426392
0.227766825029293 0.0511924137618164 0.276861569203948 0.149307154903419 0.294872037101523
0.340146013060758 0.214440188871042 0.129732483473738 0.299252734396387 0.0164285801980755
0.0348220034123598 0.175253704733302 0.702687812915497 0.0597090714959397 0.027527407442902
0.278213980689843 0.29238820735081 0.11884991897465 0.182602381835761 0.127945511148937
0.0839540405802437 0.19422584196392 0.083950290735572 0.300755942267517 0.337113884452748
0.0323074859703524 0.0605417719994224 0.268091630270754 0.308417409417684 0.330641702341788
0.0937685968800044 0.115774999667501 0.100255613892708 0.296760551862676 0.393440237697111
0.19333800807739 0.0468616826214655 0.149380810661339 0.362757973011183 0.247661525628621
0.252238415702459 0.143282455628114 0.220705021966289 0.265735884994846 0.118038221708292
0.157921697875342 0.0750475630935908 0.187198525408493 0.355218947351585 0.224613266270989
0.531021163581409 0.0290145554663927 0.20345009665237 0.166052411619788 0.0704617726800412
0.251500094316535 0.282600398233903 0.0910129860359102 0.056334347014543 0.318552174399108
0.306496476886755 0.19362506030129 0.144558743386351 0.204383330716223 0.150936388709381
0.138059365389435 0.31576853743169 0.0479862736684359 0.376520883751857 0.121664939758581
0.0302631292603092 0.190368732955401 0.25307302468613 0.504933343606876 0.0213617694912844
0.280691234270948 0.059314589254702 0.0772915206524794 0.352033959503141 0.230668696318729
0.248691824731349 0.261629740875943 0.194583525992783 0.131138848327588 0.163956060072337
0.198226722663325 0.237199254164205 0.0918889018216017 0.246263619064869 0.226421502285999
0.101242712695711 0.368743864471032 0.248607046209547 0.125899088908905 0.155507287714806
0.13315780761002 0.373312339023181 0.00872623787248305 0.365892096744131 0.118911518750185
0.355369589549991 0.247523022329657 0.113309764780572 0.0631710973901711 0.220626525949609
0.0562123832654565 0.383006893020638 0.227727665132108 0.252356069733735 0.0806969888480621
0.136334171312814 0.0814583388141893 0.12838770583977 0.258537148833194 0.395282635200032
0.220341627517597 0.216088786195092 0.123553811477435 0.283729481623767 0.156286293186109
0.157551585672717 0.200729016056721 0.294664078166546 0.319737096547335 0.027318223556681
0.157041544059899 0.183502257028793 0.0762624100870921 0.180638982532118 0.402554806292098
0.340007776607026 0.195804428472331 0.303954033280913 0.107888890033635 0.0523448716060958
0.182568066984838 0.345252125135881 0.291692709314778 0.160316700846623 0.0201703977178807
0.230558596370132 0.167110474217563 0.106268667714315 0.241971923760338 0.254090337937653
0.404382426484493 0.327798330340004 0.0657563707021482 0.176669868035073 0.0253930044382813
0.211922189124791 0.128807233664486 0.128639472290458 0.275790367694281 0.254840737225983
0.110130076266784 0.304865467219633 0.178195423733507 0.29803512002338 0.108773912756696
0.00857860366684435 0.186151976757038 0.491317593014725 0.163315523770983 0.150636302790409
0.146997770378108 0.267919839168364 0.194074956150069 0.276619576081884 0.114387858221575
0.0389468109237345 0.0265656335206053 0.295466575469411 0.310768350172892 0.328252629913357
0.220114945592768 0.0723623766782115 0.046178657231663 0.570389702850128 0.0909543176472299
0.110491220692572 0.028785436142848 0.490531987337625 0.269058577220103 0.101132778606853
0.0439987044098486 0.311924985632175 0.38291031316675 0.260899092386562 0.000266904404664308
0.149463648754529 0.19944523335375 0.154287506908223 0.209986119652254 0.286817491331243
0.0543970091059888 0.363532835621338 0.169508951247841 0.265782016369044 0.146779187655787
0.349215856078252 0.357414819021248 0.153791591535345 0.0476524051242382 0.0919253282409171
0.171649939716075 0.202645183816402 0.282680670552628 0.0500467826770593 0.292977423237835
0.191254400937727 0.0974611062660615 0.251548092301569 0.253157566872126 0.206578833622516
0.110031382989075 0.369439945391635 0.021841944387668 0.461737829324899 0.0369488979067223
0.000879456431237895 0.442825388959682 0.255570845300603 0.287924308053169 0.012800001255309
0.0687509649884114 0.304895428770906 0.066850289218923 0.27537252822305 0.28413078879871
0.285710497185722 0.15890206593069 0.138711123756374 0.224257777534991 0.192418535592223
0.2148806286332 0.209566383619131 0.273765914503105 0.208848310543782 0.0929387627007822
0.0869946924785778 0.240124411408513 0.277752262727443 0.232523813539973 0.162604819845494
0.224369280207257 0.214419979455343 0.153963233511902 0.0518694132651829 0.355378093560315
0.169465656578611 0.140418542513781 0.156172214298242 0.267666896804385 0.266276689804981
0.358693367347263 0.221156755944558 0.218585898741939 0.185116463914243 0.0164475140519973
0.183415572051635 0.00466181227452481 0.0606893093699088 0.364671604608414 0.386561701695517
0.182741335736819 0.15089424311501 0.256777651660415 0.139956280620281 0.269630488867476
0.224947361133332 0.169929408687339 0.185779960324002 0.246195861335697 0.17314740851963
0.187253644811628 0.123626780959478 0.285331384328445 0.244089800243416 0.159698389657033
0.0271046601919427 0.313515013130878 0.341051470785052 0.177611457799484 0.140717398092644
0.217165059759266 0.200112093273607 0.246249497294379 0.253562667408664 0.0829106822640844
0.0271477273779432 0.284404917515152 0.193222684280438 0.227634233762105 0.267590437064361
0.110311967590088 0.328567463078279 0.152903273818708 0.0217790614864047 0.38643823402652
0.0680911689949089 0.385992702373906 0.0515765855126388 0.376741929771261 0.117597613347286
0.226876474097532 0.194045641682461 0.0326155311246187 0.179239101246914 0.367223251848475
0.245175067290493 0.197091583696817 0.155248203535962 0.233291312096272 0.169193833380456
0.279096117542294 0.207747693887326 0.327795150669831 0.130332882612012 0.0550281552885365
0.222335052156924 0.273963465063968 0.212826127348936 0.160366706868955 0.130508648561217
0.114453261271906 0.293514303843396 0.102497385406065 0.310363100219244 0.179171949259389
0.200946186928792 0.237009986864666 0.225263773485588 0.219280126907263 0.117499925813691
0.273745194604681 0.0948773813762118 0.189126240490377 0.237166610304221 0.205084573224509
0.180621479585026 0.193953117431038 0.200202745607121 0.206640068586964 0.218582588789851
0.31913090988349 0.283464818669128 0.163721298714619 0.200930282644365 0.0327526900883987
0.188083744273518 0.137907379805298 0.356191486991014 0.18437269637564 0.13344469255453
0.364329901144965 0.00752561254505426 0.242390967746621 0.165609531613872 0.220143986949488
0.297814391138088 0.14988059068502 0.280687620916933 0.213056321829932 0.0585610754300281
0.128601247669787 0.232119623589269 0.186097696065123 0.259257346674673 0.193924086001147
0.039975707118349 0.250878989038538 0.405117530118664 0.189072318395863 0.114955455328586
0.103042849504245 0.0917568734382095 0.309806305669798 0.338126073223213 0.157267898164534
0.373112261403428 0.078897049199807 0.120107893127338 0.203661215515633 0.224221580753794
0.241110074960993 0.243539361247345 0.325490931518306 0.0779501842950367 0.11190944797832
0.153234088295424 0.31907727387534 0.31968253941271 0.176531292131724 0.0314748062848016
0.189196280432848 0.0924333172817377 0.111066153202567 0.239480476845759 0.367823772237089
0.165908882097412 0.27757395195419 0.186583375876781 0.275438652310718 0.0944951377608987
0.18052048555828 0.195155095798776 0.260197595331253 0.140084026659418 0.224042796652272
0.226827718246222 0.15282225378725 0.280631077745838 0.226447164934505 0.113271785286185
0.228740849509639 0.0696732817001843 0.350815735966838 0.110781539330787 0.239988593492552
0.16797332119341 0.0897475951069713 0.273793686954892 0.184265752777685 0.284219643967042
0.268879826783633 0.299167560704284 0.0493736504263983 0.0855766105998661 0.297002351485818
0.0470953494289847 0.311254964011795 0.245183680730418 0.128037357601223 0.26842864822758
0.173065830459889 0.263590103637465 0.237941685235792 0.294115039066314 0.0312873416005388
0.295695688893215 0.209256998547835 0.23704647001152 0.249211179250028 0.00878966329740127
0.103019502492792 0.226042345052775 0.0287587308717477 0.395832703812661 0.246346717770025
0.0742248848844741 0.141700481486508 0.0710040558583675 0.400344101541321 0.31272647622933
0.39186992857944 0.121484222471068 0.0853764172278109 0.313130681344985 0.0881387503766961
0.294766342188341 0.250939318792137 0.109483171106612 0.0955235500978078 0.249287617815102
0.316573267184414 0.273833928669713 0.328570849617817 0.0484404257523946 0.032581528775662
0.180531741755867 0.25975377741565 0.134429111263967 0.173694956833963 0.251590412730552
0.0406865644920914 0.0526361058018347 0.31666898149439 0.339720847893825 0.250287500317859
0.183021516925695 0.26104862860369 0.0275701175764051 0.172015133661941 0.356344603232268
0.359073104536527 0.0510960531148179 0.253068020284991 0.0358630525013855 0.300899769562279
0.273902316448835 0.147716441214299 0.0127280127956379 0.179609980008297 0.386043249532931
0.0752057182383039 0.0917713715449675 0.249337353379675 0.527100677948671 0.056584878888382
0.359325628123359 0.0633185758910248 0.139237574369752 0.241277879533763 0.196840342082101
0.205426051488022 0.174326492893319 0.199133133022498 0.223717199844805 0.197397122751357
0.198532614319381 0.0860750332264488 0.229976064908474 0.100150583142509 0.385265704403188
0.151635454576554 0.335950246223886 0.240579883417795 0.0897584423278434 0.182075973453921
0.0235685316916856 0.496201883857763 0.050138749301361 0.322720595432691 0.107370239716499
0.023597657807453 0.257557432342595 0.256657482741917 0.227110727812306 0.23507669929573
0.120380452010529 0.150629289024473 0.25023986417284 0.27992725593792 0.198823138854238
