0.238490916000142 0.304731220132031 0.279929421005144 0.0361143412155017 0.140734101647182
0.168582873691336 0.134197390071486 0.23229999390577 0.0368176770216449 0.428102065309763
0.122161722947462 0.163567959067013 0.238604959344313 0.339244530318597 0.136420828322615
0.201277790832441 0.225264940164939 0.292555138736178 0.226665139967919 0.0542369902985235
0.169121970898437 0.0347698398594044 0.195282036314413 0.310328443007453 0.290497709920293
0.106233658856862 0.0548469867420041 0.246244792561503 0.294835174708097 0.297839387131534
0.30292939258718 0.113688486746587 0.190888765873644 0.292450067889231 0.100043286903358
0.253535677685118 0.210346593518399 0.375981598248304 0.121058340828767 0.0390777897194109
0.177533588413542 0.41544095193493 0.0027713956552525 0.125522023412376 0.278732040583899
0.00951461870842733 0.428731747205794 0.0354499443621177 0.522454286810274 0.00384940291338738
0.143272906656559 0.207778076153137 0.434880293725546 0.102133619042398 0.111935104422361
0.0553854503830405 0.256867247922929 0.0185921256736685 0.347790840754544 0.321364335265818
0.354073868889338 0.168224459316142 0.161888377483843 0.0394972275500364 0.27631606676064
0.00571571780290708 0.018783292357154 0.536607601066201 0.0272328929811335 0.411660495792604
0.316314506770316 0.0242410671816281 0.0594346817805838 0.312772464185612 0.287237280081861
0.197183415790584 0.37641489902172 0.061559486251592 0.250021625743252 0.114820573192852
0.288234649720179 0.021588936187192 0.297781556608124 0.243529329265016 0.148865528219489
0.0889268837383469 0.310312381755744 0.213185642176632 0.156308933724897 0.23126615860438
0.446132651054842 0.410342840448727 0.0367240490895412 0.0405163384725718 0.0662841209343179
0.204255104718501 0.244388436447484 0.211545603345554 0.046739080534168 0.293071774954293
0.0995963720818267 0.344602132760696 0.335778821891668 0.053228877854399 0.16679379541141
0.0321367000267614 0.0924013090358874 0.438829954845149 0.299284283801027 0.137347752291175
0.254175065195028 0.0857738606164289 0.229599342931821 0.192969862138938 0.237481869117784
0.34203324670091 0.155617451036604 0.125581471338418 0.0518692895979288 0.324898541326139
0.145217431249181 0.200710161064881 0.166401261286268 0.224823833452479 0.262847312947191
0.34709283794004 0.0480076109003829 0.222929579178471 0.0409736773394675 0.340996294641639
0.216631171950795 0.147647050491707 0.101701082083679 0.252293001967765 0.281727693506054
0.0103483734913734 0.256783661335091 0.252987372820829 0.142983784766034 0.336896807586673
0.269732653735369 0.320128961068519 0.11633253378214 0.165232040288734 0.128573811125238
0.323368193983461 0.104133345303912 0.20608894951135 0.0655999602739336 0.300809550927344
0.0968153969662432 0.260231335497389 0.240966080064197 0.194511554594707 0.207475632877463
0.322115196072554 0.00113649719630793 0.306412880310004 0.113938711081998 0.256396715339136
0.190908121906784 0.154189114786955 0.263623190541298 0.291853487751385 0.099426085013578
0.097149203516398 0.0693170954667093 0.155768598031797 0.302576824198929 0.375188278786167
0.334561437203015 0.105414972194919 0.203340594090912 0.343741116242494 0.01294188026866
0.180220163807887 0.171446449945539 0.130307422585716 0.172987947276147 0.345038016384711
0.228625465974399 0.202841885544208 0.246754978550458 0.254800198020889 0.0669774719100457
0.144837623157025 0.297944641857383 0.27029341229857 0.0507593390221397 0.236164983664882
0.134367459903906 0.138978848975637 0.247520704668028 0.134651524374211 0.344481462078218
0.270599055351813 0.252386377554514 0.0688517171942779 0.254928377620304 0.15323447227909
0.341815453190639 0.118951705643749 0.0511927213829876 0.221264056975038 0.266776062807586
0.0982364117852881 0.227916961584716 0.28513936139891 0.321278129783451 0.0674291354476347
0.274192231275217 0.292393180042219 0.139485259798586 0.191468346580432 0.102460982303546
0.170619082476902 0.392596636704659 0.356855454846004 0.0373385301796298 0.0425902957928052
0.235391409960881 0.0842498892130425 0.39562318586367 0.188682802439856 0.0960527125225501
0.114772265394654 0.255010540993886 0.175397799512879 0.236459616666372 0.218359777432208
0.285039418701097 0.0412032825165513 0.33619627470943 0.175267312344921 0.162293711728001
0.0413587334462982 0.245283691271211 0.160987604550372 0.202426980364169 0.34994299036795
0.162716180592085 0.0640845071587316 0.203676771396491 0.0465478419571718 0.52297469889552
0.137152827492527 0.334079454003753 0.041903206531485 0.482142253289284 0.00472225868295022
0.232467818507631 0.239061529802502 0.283557527519546 0.233870926272166 0.0110421978981553
0.327938841054869 0.242170664792261 0.115656770438446 0.038710134677501 0.275523589036923
0.275528329946727 0.167173712823245 0.258406630515156 0.0233864116109345 0.275504915103936
0.154667337144267 0.344306131968246 0.113465001172989 0.297033966819274 0.0905275628952234
0.300621149375155 0.060431630095414 0.281296277880487 0.240967699519214 0.116683243129729
0.152601169985028 0.345208567181491 0.366439693088197 0.0636054155356101 0.0721451542096731
0.100526572961134 0.252923684186856 0.156403967831045 0.191377491270722 0.298768283750243
0.190409114228245 0.302401209429605 0.268904610188448 0.215047549597793 0.0232375165559086
0.343139824500373 0.0788442539570928 0.161397586810188 0.327779208978064 0.0888391257542828
0.0423093594847588 0.175535398541666 0.454414299134013 0.205910882011728 0.121830060827835
0.237965433153319 0.0551175540971795 0.351000138612123 0.180275620895806 0.175641253241573
0.328373357525047 0.103387326458308 0.00182065905139314 0.372115865273552 0.1943027916917
0.216550348204323 0.256084221075659 0.0743585647075757 0.18434471587374 0.268662150138702
0.0242230359583154 0.419959790492539 0.339168924920051 0.199103705553868 0.0175445430752268
0.340657312744831 0.241349260442512 0.0106343197816224 0.289520318921752 0.117838788109284
0.194616154332929 0.155664385804443 0.575995350359716 0.0150376512795459 0.0586864582233657
0.140592119418925 0.231863096975836 0.0146551774321008 0.290962566349967 0.321927039823171
0.319703482677696 0.0310297281596943 0.212697838434269 0.170992028425165 0.265576922303175
0.30133292464304 0.336186023179021 0.0100535667134568 0.0842937034104344 0.268133782054049
0.195432803627976 0.0721476834554249 0.317764752088476 0.19284982033769 0.221804940490433
0.145059103599063 0.0122586562435051 0.421257799374133 0.391399957386844 0.0300244833964544
0.263311478329264 0.189010445640581 0.164518241694665 0.206933037007882 0.176226797327607
0.274465168191591 0.143830519430262 0.14610460318924 0.168262195964175 0.267337513224733
0.301844844864024 0.0424752758023809 0.269956786094951 0.0456962714023747 0.340026821836269
0.26778219875151 0.156054851116767 0.0953470565534369 0.216502926283837 0.264312967294449
0.131423437801156 0.208127394871385 0.290920607306322 0.144824661593405 0.224703898427731
0.033168919472775 0.123878956022256 0.307899347644655 0.263264666260645 0.271788110599669
0.472343222622644 0.171363477706544 0.162510141196419 0.113767915356179 0.0800152431182135
0.33101487277692 0.0293101325809979 0.204437887829981 0.368659307940198 0.0665777988719028
0.164797581313929 0.268287807987344 0.213244081218161 0.144060983855006 0.20960954562556
0.310152347517417 0.151759994458849 0.163921345122056 0.0902817415056892 0.283884571395989
0.289540122531171 0.0119908574266847 0.345106497742898 0.102135582539967 0.25122693975928
0.209547601039209 0.254231688289107 0.1555677453201 0.197072232300673 0.183580733050911
0.122419743969175 0.367640097844006 0.132536042889375 0.376192229247193 0.00121188605024987
0.27857062268843 0.107271601301258 0.188160586302379 0.410094203732402 0.0159029859755303
0.279369726562789 0.0379631209394635 0.18174328211866 0.373234165148164 0.127689705230923
0.347805492883464 0.345700584320442 0.035327010614925 0.0418794755818017 0.229287436599368
0.265043526501469 0.379170280075381 0.177769031903896 0.156812384684983 0.0212047768342711
0.203434074226416 0.177292188687527 0.315987892099344 0.0327252563938153 0.270560588592898
0.331894349718615 0.325952942572766 0.0208229032633225 0.174334137682764 0.146995666762532
0.362235210713377 0.0484049670440678 0.187691921281696 0.198908931541214 0.202758969419646
0.284887786924926 0.146015046177249 0.0446017291340955 0.354799327021165 0.169696110742564
0.0766128337943191 0.49626145027353 0.0687478506096152 0.066268888148308 0.292108977174228
0.243209688252055 0.0396144180443772 0.230444745993103 0.241345657789589 0.245385489920876
0.00906554598093207 0.447459715937212 0.259130401639039 0.066028419372764 0.218315917070053
0.337130869894661 0.184232104454785 0.302390600331818 0.0602195889531657 0.11602683636557
0.193213824211716 0.420141599170178 0.344458282638383 0.0203552266970037 0.02183106728272
0.282783153102855 0.0378430804892221 0.136197007106198 0.208359761489549 0.334816997812177
0.333388054024123 0.267949906977908 0.0257644666828866 0.131489769407572 0.24140780290751
0.304439902326468 0.212207253085232 0.166928458547092 0.00191540758419883 0.314508978457009
0.0961485789507911 0.393992028280981 0.183677342228247 0.298430912451239 0.0277511380887427
0.25415018022193 0.15367162167863 0.100302637081928 0.147424182921139 0.344451378096373
0.278286879468534 0.0978600396818563 0.272034679972155 0.247076771256307 0.104741629621147
0.299860468645463 0.0886376154820547 0.24085816241355 0.253269040266201 0.117374713192732
0.111764107351245 0.286402632120173 0.216682743841524 0.232713324777044 0.152437191910013
0.265791419653611 0.0710483141827307 0.0818897053480181 0.2270507737857 0.35421978702994
0.051483601230872 0.117454806624193 0.317629607555176 0.352468264606213 0.160963719983546
0.289676519155536 0.288761218328594 0.326201204484256 0.0678354613215625 0.0275255967100514
0.265593682499905 0.131495001062159 0.0607480849936269 0.337524476310265 0.204638755134044
0.157134348774136 0.0374316426593182 0.253325853627855 0.319858559746406 0.232249595192285
0.100504366890936 0.331473864615167 0.0551093652667135 0.344116639871243 0.16879576335594
0.171502605853455 0.096929740842234 0.336361126502599 0.293900831029918 0.101305695771794
0.0763790332779808 0.300486097199392 0.392218564192498 0.00352608650095173 0.227390218829177
0.129667090593334 0.051576506888814 0.292864249190451 0.235763878193438 0.290128275133964
0.14433768562571 0.418276881466052 0.146472610440352 0.0653567429950041 0.225556079472883
0.326596725855226 0.0920729409805583 0.323720255500129 0.131825065452999 0.125785012211088
0.172748103995291 0.189746720878842 0.0593900851633186 0.248291799912005 0.329823290050544
0.350007811802815 0.196178281514917 0.0592650861002436 0.253255053209308 0.141293767372717
0.101748492843575 0.0677659686539544 0.44386539965319 0.357090912447871 0.0295292264014096
0.43621862747065 0.0281738601035154 0.0328598974887182 0.20230347369071 0.300444141246407
0.0858762744574324 0.00310501731618246 0.0214576365255227 0.507519882974424 0.382041188726438
0.016125234362473 0.291811523172976 0.289422839253252 0.119512202415967 0.283128200795332
0.135711371447911 0.573225434126633 0.0724165974448968 0.132074325414842 0.0865722715657166
0.109705731254607 0.358453271170402 0.0353021685489606 0.429505708742259 0.0670331202837715
0.0452638065386308 0.320387574669764 0.0737777545002713 0.211526949663049 0.349043914628286
0.379771373836989 0.333930430702615 0.117773264933576 0.130595623082934 0.0379293074438853
0.18306257461818 0.162926515685585 0.0284899175378669 0.299790108766146 0.325730883392223
0.251958722170566 0.173195603484602 0.0281815945930019 0.262035976047627 0.284628103704203
0.167434080056994 0.497304488044067 0.0270081154822679 0.205280710366653 0.102972606050018
0.399900028754726 0.0381090014170298 0.40329579359135 0.105683744936647 0.0530114313002461
0.0960008459897439 0.036204862555155 0.447263963345731 0.26476234928297 0.1557679788264
0.0106545018656571 0.334895183714784 0.0346723596763475 0.291972326735218 0.327805628007994
0.347263559043933 0.065501829924404 0.337506132421427 0.0792631251728592 0.170465353437376
0.336823631081042 0.0354972968975435 0.0558292964548823 0.287216430241488 0.284633345325044
0.260841751384383 0.112036696508586 0.333078679001522 0.209974678203039 0.0840681949024697
0.095231603661356 0.0917654845284134 0.417813249478086 0.105475300220191 0.289714362111954
0.178180182692955 0.167485437396925 0.22436715394065 0.210623957769446 0.219343268200024
0.215779277730283 0.179019682084885 0.137693544549533 0.309591822708836 0.157915672926464
0.254123195246817 0.192167970193777 0.0109879532903503 0.507169282587845 0.0355515986812112
0.207870833060435 0.245094786992659 0.217886509397242 0.294299534720015 0.0348483358296491
0.434330043649565 0.106064450206823 0.0803515593644808 0.350677035766113 0.0285769110130178
0.242657191626404 0.200521839791114 0.161039265456371 0.201438331110849 0.194343372015263
0.142895195574682 0.122405064577976 0.158140794350566 0.12012512655429 0.456433818942485
0.345938158064001 0.331044047515576 0.0930076671860236 0.184428549916398 0.045581577318002
0.261768298004989 0.201095654775543 0.0514176565069139 0.285948136046463 0.199770254666092
0.288334182082226 0.302975044444633 0.171762334314593 0.04860646081824 0.188321978340307
0.0137514521959354 0.210122831282658 0.344452074209808 0.356990067304643 0.0746835750069552
0.275842539355928 0.30162132362997 0.189407934008439 0.142651955651827 0.0904762473538355
0.209846488329887 0.207462707263817 0.209919783043823 0.185075974063943 0.18769504729853
0.041773120693696 0.122272642208641 0.344581827851793 0.2312532556123 0.26011915363357
0.124358962508371 0.128836850489387 0.28474428382927 0.188310975971896 0.273748927201077
0.318766600739481 0.393155337336925 0.0129800603353859 0.254844157442252 0.0202538441459563
0.0894991683237151 0.0757759742479823 0.389299297802066 0.0985989675133453 0.346826592112891
0.136681120753185 0.339157777518118 0.266633514677549 0.0975317229537603 0.159995864097388
0.113757239893249 0.0830469648498535 0.119303310661721 0.396172876335743 0.287719608259433
0.114913249377729 0.275458362927507 0.142444261084317 0.257705572726282 0.209478553884164
0.32497791268215 0.0220133842321296 0.0886397442618451 0.361546152184438 0.202822806639437
0.265212205622542 0.0566346489570932 0.269914035858275 0.17639527787341 0.23184383168868
0.0389355792159111 0.185480616265884 0.301346957884511 0.181086928526604 0.293149918107091
0.22482838587445 0.250307288125254 0.341050186660339 0.0649414020354561 0.1188727373045
0.526194104636733 0.0196852466176563 0.151174790248486 0.0373707257804857 0.26557513271664
0.114550886980159 0.256100351724115 0.311576985926464 0.229075428403351 0.0886963469659107
0.249954295068904 0.0709130583715172 0.227342421657511 0.297729393143239 0.154060831758829
0.0485845756207677 0.24906564388377 0.278785707494341 0.326860034726617 0.0967040382745044
0.195128370303223 0.055765288559202 0.257315706557742 0.236747320289029 0.255043314290803
0.0865872082595085 0.207012454632475 0.239306661336737 0.437114896597502 0.0299787791737782
0.254660478019859 0.0638570670460685 0.222109055873744 0.204673379178911 0.254700019881417
0.319472067014877 0.297054310541272 0.208466141307543 0.134892712975694 0.0401147681606144
0.0681831722325012 0.190312480621234 0.187037843257619 0.249213364728423 0.305253139160222
0.172123412391508 0.381042670537308 0.171208432964037 0.24994481403381 0.0256806700733376
0.187549050192199 0.281792249327088 0.125782909056116 0.1769272240873 0.227948567337297
0.263897181141531 0.17200948595285 0.28392568669745 0.208519697028917 0.071647949179253
0.0854672835932858 0.20344229923645 0.257901849767758 0.394351612416063 0.0588369549864438
0.365901872512519 0.014478111598448 0.126459541590167 0.153035657800354 0.340124816498513
0.300800334918761 0.271158716650769 0.0703017884667314 0.301336860434221 0.0564022995295175
0.304609138123656 0.274430774859727 0.261766966887174 0.0262192693882959 0.132973850741147
0.132885712549705 0.483497586993092 0.245925849189432 0.0766457321645326 0.0610451191032383
0.274310213386508 0.280518913483463 0.216481566168419 0.056436091203885 0.172253215757726
0.025161899414424 0.438494882964008 0.0279413775588783 0.257865575798179 0.250536264264511
0.0841610167023786 0.429952794625239 0.0548243204710157 0.377429110142751 0.0536327580586153
0.299245743471071 0.304720449085627 0.136126791403128 0.0207974934800678 0.239109522560106
0.315233349804158 0.191609317695849 0.159571875451781 0.0140962218749236 0.319489235173288
0.277580937765026 0.20462701475762 0.233380624879271 0.260364223561465 0.0240471990366179
0.327229616770905 0.251475479995064 0.133610717533882 0.0138952676896509 0.273788918010498
0.179627994601095 0.145309606328505 0.247109751426188 0.101280834099775 0.326671813544437
0.142131967909207 0.13069117861384 0.277321499009925 0.165405691231084 0.284449663235943
0.298141104554508 0.0548100281025223 0.209018894849031 0.284525203494303 0.153504768999635
0.102875495579532 0.44234305675721 0.117942088956645 0.0981622040989765 0.238677154607637
0.22241413223214 0.0560782945447381 0.157787476925614 0.295842637897469 0.267877458400039
0.190953567476277 0.210008172040198 0.131947049500918 0.270096353840848 0.196994857141759
0.198409398232573 0.187136818196532 0.20056811176852 0.14548252274472 0.268403149057655
0.172272944910241 0.103430714249413 0.102826452869477 0.183007452311652 0.438462435659216
0.146865845813891 0.292007944690487 0.151768996222044 0.102460627965987 0.30689658530759
0.187670197808652 0.254597154032647 0.263247069800265 0.0207641467326902 0.273721431625746
0.14699993496685 0.272269355847409 0.24075827125172 0.211035977677578 0.128936460256443
0.308178329609872 0.39883415492146 0.0705034091569065 0.0315380359664852 0.190946070345277
0.200149887730833 0.161070171830485 0.324383472114967 0.240807679639115 0.0735887886846004
0.217989806753572 0.305722313028912 0.150396574157394 0.303342611132601 0.022548694927521
0.315665295320301 0.23270059044868 0.0810232730024304 0.145353399143166 0.225257442085423
0.190742911998194 0.148274154176072 0.191984842819114 0.210561294411821 0.258436796594799
0.348462237502113 0.0867105690627655 0.109404152907071 0.214030201116652 0.241392839411398
0.220116601752563 0.0918678218907781 0.0353877432578903 0.352542867298658 0.30008496580011
0.253588430663277 0.382263015363055 0.185013810155241 0.172694173989121 0.00644056982930596
0.0394442908833236 0.224777540281172 0.211197367151576 0.256508176744583 0.268072624939345
0.227954499165962 0.418806033711855 0.0312618797178169 0.0863255049150741 0.235652082489293
0.0209417357020141 0.310257082015893 0.101884479307463 0.312808348729577 0.254108354245052
0.0231841497648901 0.0924574250926748 0.286942853525839 0.451532749641933 0.145882821974663
0.0284626412970427 0.189848479845842 0.128744264284357 0.373818197357121 0.279126417215637
0.260898854137334 0.121612311650395 0.00706691438506972 0.352121611954189 0.258300307873013
0.277362729399576 0.221638897100031 0.0912083468166615 0.164468862866319 0.245321163817413
0.135317549069771 0.312639072454071 0.0164847063957469 0.0649205857875839 0.470638086292828
0.33084858295973 0.212546795890063 0.18839767212052 0.188654712490967 0.0795522365387197
0.185876184131142 0.209605730574245 0.276674445722234 0.22551290415421 0.102330735418169
0.262097960139023 0.142197797728787 0.244434174509339 0.141561177798979 0.209708889823873
0.199238060837682 0.304142349405703 0.0705473617516789 0.050526871662074 0.375545356342863
0.0698027547174437 0.390094656036044 0.110109891548262 0.101450593181143 0.328542104517107
0.321487472370782 0.264318706333789 0.10363514113975 0.0710881109949175 0.239470569160762
0.198686662377383 0.256971887408689 0.208586731735851 0.0300586769304643 0.305696041547612
0.112301137012805 0.110695995515539 0.018389713681214 0.37115910654802 0.387454047242422
0.182673869453011 0.0183733570921454 0.387792180292248 0.268894178924032 0.142266414238563
0.225054242913569 0.22531674400413 0.258084875358629 0.0527658275342518 0.23877831018942
0.00599621390527495 0.3124612542531 0.322094462278554 0.343805957435375 0.015642112127697
0.251035801660148 0.0781870080808684 0.177337363155864 0.259917710885631 0.233522116217488
0.203413348280834 0.0908765703195195 0.321374506015664 0.186896141184306 0.197439434199676
0.296653573735928 0.338308498480363 0.21686756567697 0.121280172508739 0.0268901895980009
0.220288367760319 0.23866065441824 0.07788344176006 0.233813539910304 0.229353996151077
0.294732357392639 0.192567629983041 0.158922141598178 0.176866728778605 0.176911142247536
0.286415705620012 0.0494311782340983 0.17048130198605 0.33575393423645 0.157917879923389
0.248774199548087 0.200074103768956 0.202442167956946 0.242936377495914 0.105773151230097
0.255037841839117 0.288632769257644 0.182768131180302 0.187360095521773 0.086201162201163
0.229408079505827 0.125777414051699 0.179588512402606 0.277798502038688 0.18742749200118
0.29678738954482 1.5010418028482e-05 0.0622121939819053 0.3622647007837 0.278720705271546
0.196397605907991 0.193291921287186 0.251865900484378 0.0628021537227862 0.295642418597659
0.44304334729392 0.017037398096772 0.0709768969394814 0.111231130890173 0.357711226779654
0.22339036792935 0.236445053262068 0.0421041929216169 0.237892030596848 0.260168355290117
0.535810042006656 0.173896148583375 0.0211885023624273 0.223155762540164 0.0459495445073784
0.00957237436896992 0.110576602663683 0.389952840782923 0.092754214259389 0.397143967925036
0.28920998903019 0.250390794544799 0.178400065418725 0.218896653580798 0.0631024974254884
0.0688438395189389 0.0818967860953973 0.30355481428737 0.21333077679317 0.332373783305124
0.0412814327402084 0.171623482080394 0.316392898581389 0.206649880647369 0.26405230595064
0.041745969175851 0.280715682678118 0.286703037249349 0.0995344779573192 0.291300832939363
0.283108655713806 0.369005921534172 0.044258777080993 0.178293007103249 0.12533363856778
0.309934006859319 0.019438186446485 0.220933083097458 0.374055002626501 0.0756397209702371
0.200627322824217 0.0454564150585089 0.25579492356287 0.245816618270584 0.252304720283821
0.136488417323397 0.366046600338726 0.438752476637342 0.00306556820563612 0.0556469374948987
0.10309547664499 0.211806723251173 0.374828210866795 0.111231265284227 0.199038323952814
0.137655510889404 0.310612154511691 0.249875693346328 0.202697805206571 0.0991588360460062
0.160346623427212 0.120694001934099 0.291440914315952 0.205254185374166 0.222264274948572
0.182347828303043 0.121428936883987 0.152651505992543 0.0612575869305283 0.482314141889899
0.246327238549228 0.154068787261198 0.256963259006931 0.264458691365624 0.0781820238170189
0.226476844031858 0.0788024311017384 0.262705138859263 0.245364610493319 0.186650975513822
0.138859878641936 0.353872812465894 0.0406649179088993 0.300322830351225 0.166279560632045
0.14792949651364 0.0896209463846877 0.206693007857212 0.0894983683306319 0.466258180913828
0.254163578570524 0.0714834735538954 0.0884661079869954 0.134738949566137 0.451147890322448
0.242952967933895 0.147874552273961 0.0024529003870502 0.342539792842586 0.264179786562508
0.169335571936276 0.135543577403077 0.393696284026201 0.0922546446498361 0.209169921984609
0.242466411326706 0.213188454624629 0.229092423525385 0.252930646750147 0.0623220637731344
0.235627248477976 0.295172621047181 0.20815048764207 0.0813367364814255 0.179712906351347
0.367119883778703 0.0454303471859792 0.0869703484989891 0.156002942606868 0.34447647792946
0.322062568719557 0.192887370326068 0.186098418799116 0.034028280267037 0.264923361888222
0.345810074068012 0.286163260354353 0.213989096161922 0.0844803576455694 0.0695572117701441
0.0259859477905219 0.455798688080756 0.197118272914114 0.272186097976642 0.0489109932379662
0.114545547265569 0.0927002581407209 0.380595023520523 0.0382179664036608 0.373941204669527
0.179638780595549 0.270654357283801 0.288602651390419 0.113454221949134 0.147649988781096
0.204682945199565 0.14427915047513 0.226416918303508 0.142220405860457 0.28240058016134
0.210411189125112 0.371343408574604 0.186307106879689 0.0389163638924137 0.193021931528182
0.12336374966706 0.0512926390658699 0.252531595191319 0.275035701539392 0.297776314536359
0.289193969892625 0.233151568992292 0.201557550266702 0.22352190141315 0.0525750094352311
0.160112462321673 0.294660468491126 0.0279888948060556 0.107485916115806 0.409752258265339
0.307024830432299 0.348903475813781 0.0626359751401883 0.221995451225154 0.0594402673885775
0.358726111877823 0.277275096322738 0.0360703691352229 0.142120666696455 0.185807755967761
0.260462772037971 0.191375859100469 0.239351920258965 0.0675861559046791 0.241223292697915
0.246794573182611 0.0962126190271027 0.00400083469603681 0.304346093269848 0.348645879824402
0.26419150693072 0.233634088910512 0.0422920390086727 0.210823313177327 0.249059051972768
0.244368329303389 0.334206061743461 0.230985819176875 0.0610890642517305 0.129350725524545
0.10639063947743 0.290737058523254 0.253949806938568 0.244548070223193 0.104374424837556
0.232639343106858 0.18272434397333 0.0938433940771282 0.203701541495559 0.287091377347124
0.289513086450882 0.274915355675971 0.087500508249998 0.0654179845511993 0.28265306507195
0.223390280655305 0.209284423748561 0.367983807635711 0.0566292753334925 0.142712212626931
0.122991047180143 0.303279291919247 0.383278418627002 0.0761125954027834 0.114338646870825
0.0199590868977221 0.355165880622388 0.0435785135230565 0.211647395108541 0.369649123848293
0.114293400082278 0.352424278228312 0.228467476525117 0.052128250593137 0.252686594571155
0.169238440404955 0.313567969272854 0.338954760802556 0.131032424650043 0.0472064048695923
0.451518067149654 0.0149745589872358 0.0817042118179759 0.417403398473579 0.0343997635715558
0.317917382040296 0.600870245166836 0.0289875821152294 0.051986917183475 0.000237873494163624
0.382491311182562 0.152153346681905 0.0849049861520707 0.0328140538395633 0.347636302143899
0.0986294272806864 0.256611104287993 0.167941352772935 0.301845898486016 0.17497221717237
0.162449480434912 0.0747405252929806 0.215750256866697 0.0949413506579347 0.452118386747475
0.0223723249979292 0.461061498336776 0.0160741564099041 0.306777467682718 0.193714552572673
0.0336123322572483 0.234443490201112 0.338081632631797 0.345948414623618 0.047914130286224
0.218913413704864 0.188147203736981 0.268915317488428 0.032038714583329 0.291985350486398
0.0473383163797866 0.0254894893909077 0.193078827800272 0.135191967525875 0.598901398903158
0.123362631970479 0.197364694570933 0.251976329195019 0.215548008442886 0.211748335820683
0.326372391534377 0.294925952752116 0.152352263438992 0.209823750349146 0.0165256419253686
0.263790354214902 0.0539953952845348 0.0125145715098431 0.352859207902674 0.316840471088046
0.294650355591493 0.0420989328588642 0.0560989801212934 0.315436961382569 0.29171477004578
0.400336651457841 0.0968256827375901 0.429104888951389 0.0364122242323823 0.0373205526207977
0.341338068360986 0.33180039183135 0.0799355115078003 0.080926145689324 0.165999882610539
0.172798032608527 0.18545817117462 0.226903730858238 0.242063360285467 0.172776705073148
0.0113072976242977 0.184177746274678 0.504394705309409 0.0712121697011178 0.228908081090497
0.0800462580734354 0.166217311543129 0.284618497468832 0.227340739536228 0.241777193378376
0.170593486284118 0.0864667638330702 0.0427837157610773 0.498660300182869 0.201495733938865
0.256837486640679 0.290674130449321 0.0480570256663404 0.28473583156336 0.1196955256803
0.182471880651907 0.0067876737228036 0.303350098136696 0.22408311092508 0.283307236563513
0.219298710465072 0.0858862294186965 0.19220154312436 0.230289540267196 0.272323976724675
0.262195217344011 0.297139595662577 0.0313422901946292 0.145808295018011 0.263514601780772
0.28132487844255 0.215118760107338 0.0828817933561247 0.227561540701616 0.193113027392371
0.139088561575295 0.232576112733855 0.294269542964741 0.01273672161198 0.321329061114129
0.351386174922977 0.174250337217898 0.158538542457116 0.0832435298644244 0.232581415537585
0.140253163607528 0.321063287107619 0.127346718221372 0.281498016816011 0.129838814247469
0.116618852265122 0.35016254512016 0.058486454557093 0.320633255727729 0.154098892329895
0.0961288874388325 0.141344913034264 0.333745507911775 0.140240926886324 0.288539764728805
0.154812779629676 0.180484479389435 0.348154079654429 0.090075711155579 0.226472950170881
0.211494179254792 0.0475138695525479 0.30765207441964 0.169558396463653 0.263781480309366
0.0663245108155959 0.0876845314500953 0.322412662166375 0.20993797172222 0.313640323845714
0.0289008534555335 0.256517502188285 0.0973783402918966 0.143006129460224 0.474197174604061
0.0321335370630045 0.209549937913146 0.305536605424253 0.320681532689356 0.13209838691024
0.194043316070337 0.165341331431852 0.165950296044161 0.244739098575711 0.22992595787794
0.249451159011854 0.264762203206098 0.316018140553773 0.135147514930329 0.0346209822979462
0.133455678727138 0.297836724644483 0.381368258550073 0.0776273594551802 0.109711978623125
0.280785301963746 0.15527583111853 0.276426994030055 0.0589413635834485 0.228570509304221
0.175431144024249 0.253104123064174 0.181270432471174 0.245373470587658 0.144820829852744
0.110109178062573 0.394621009107994 0.0987776369021839 0.307848483943557 0.0886436919836914
0.116674286514468 0.0305378479385028 0.534749075272305 0.311800295696856 0.00623849457786813
0.120163805734762 0.166803363220357 0.143646413945 0.264027832326418 0.305358584773463
0.260698172713009 0.405478450410397 0.0718547017889794 0.148408652122152 0.113560022965462
0.328843435325244 0.0418114993768696 0.0251397056053171 0.36752466123456 0.236680698458009
0.32968655459648 0.0620625699054071 0.217582004902011 0.238373262724653 0.152295607871449
0.106031629933071 0.261771006890312 0.126365572580394 0.249340692321812 0.256491098274412
0.404916344750883 0.025432315229193 0.331123589096168 0.0196835662333405 0.218844184690416
0.2016507088476 0.0869200303600031 0.0688913301538714 0.385123240026736 0.257414690611789
0.405995950134961 0.285802982355587 0.0311199508197162 0.0586367299909792 0.218444386698756
0.213906605992778 0.238664148044846 0.301533681832727 0.0130927578848507 0.232802806244798
0.0693140380558457 0.26808515094806 0.299219974767806 0.327243997899215 0.036136838329073
0.169870972065746 0.126453760177717 0.0831281309318795 0.276340447317279 0.344206689507378
0.323015979255852 0.311578379085393 0.0599863163161283 0.0240679907216732 0.281351334620954
0.0791882324899935 0.108121677542608 0.345050989771846 0.258517131712799 0.209121968482755
0.164322681371692 0.193423082293564 0.294676494258758 0.267535067257017 0.0800426748189691
0.0895822121394616 0.180691025021442 0.325238131744718 0.279239140507452 0.125249490586927
0.153725008573065 0.0809079160438754 0.0196084856804897 0.138852456042218 0.606906133660352
0.222738097831852 0.1320856162647 0.226228382667611 0.18061166830836 0.238336234927478
0.253380989100461 0.16719280248789 0.125385836112822 0.158967865341879 0.295072506956948
0.101798090934759 0.0774823949798452 0.223994432495885 0.312341022688483 0.284384058901027
0.160921955586208 0.342653990100999 0.0796257287745018 0.0244709240102366 0.392327401528055
0.132063874026242 0.387665647955437 0.0942334311363818 0.297647077468839 0.0883899694131
0.354010348305913 0.382847429242268 0.120073004971601 0.0684094775489515 0.0746597399312663
0.199417451004413 0.181759370365252 0.0608722543561102 0.380702580756737 0.177248343517488
0.274761273083906 0.250724098284761 0.0793245283865547 0.214478058019627 0.180712042225151
0.194583948208587 0.399955205925598 0.348738862850844 0.0422713460860519 0.0144506369289197
0.359242455986702 0.0239523524293503 0.248148025002156 0.328557362934584 0.0400998036472078
0.372369989337483 0.0867186207893936 0.0969839032315494 0.188965907401509 0.254961579240065
0.074688856253899 0.282152681179821 0.172860100582989 0.30573678008643 0.164561581896861
0.165676200130262 0.312241008995175 0.232566184235684 0.0100074089186212 0.279509197720258
0.324107019926537 0.269343778160418 0.00336764370198792 0.19504606253791 0.208135495673147
0.399313533946925 0.271378543224106 0.0434304722118238 0.203596683404012 0.082280767213133
0.0586584954493441 0.0306524889985182 0.253928239411851 0.299693790627381 0.357066985512906
0.216995471399303 0.339674880964308 0.195449847093279 0.168670412573901 0.0792093879692087
0.198339562687524 0.232813046614066 0.143888075898053 0.120910269421565 0.304049045378791
0.148512435684632 0.193752686496008 0.246657021950507 0.242522031464496 0.168555824404357
0.144119540475585 0.314716969748213 0.367607718533451 0.0240534909853612 0.14950228025739
0.198182466074661 0.113343853507279 0.397224966388547 0.0802419480926986 0.211006765936814
0.00970924011997699 0.215490937588864 0.203979178034403 0.273854489521644 0.296966154735111
0.0256577895577034 0.194326677965578 0.282788293794551 0.0813391922874174 0.415888046394751
0.094913593624064 0.143401807956147 0.055324707823827 0.372967397005287 0.333392493590675
0.0993018328496305 0.258020943795406 0.301555359087101 0.304364890412873 0.0367569738549897
0.0113463345899162 0.224985479530081 0.302385770044027 0.265604699089259 0.195677716746716
0.263775815675744 0.163896312592889 0.267316372925527 0.077442714622164 0.227568784183676
0.259255869826868 0.0546015396902781 0.36774678791322 0.230578762115121 0.0878170404545126
0.0278305714192044 0.202989265665506 0.34558098473557 0.111217281184325 0.312381896995395
0.419157558644403 0.251786121699246 0.0720715191601812 0.208972450391848 0.0480123501043217
0.160395774204028 0.0257671340616571 0.0167895317611264 0.406050540982106 0.390997018991082
0.289376351435015 0.152706332609803 0.141962251092759 0.0451148146894063 0.370840250173017
0.206159695178347 0.267110428420193 0.149071535191153 0.260222921107094 0.117435420103213
0.274198612931615 0.222427284217549 0.310812730453868 0.0448747492787502 0.147686623118219
0.208347485225592 0.178218002682596 0.291851293049534 0.135782008275035 0.185801210767243
0.349943566573398 0.254057616846801 0.16255401748856 0.209180433238054 0.0242643658531877
0.372027311769136 0.39400630161249 0.0824757592298052 0.135285871591319 0.0162047557972498
0.222853900594486 0.0794515471295384 0.130682569800878 0.368267502021746 0.198744480453352
0.141745767702837 0.202638981210465 0.440553918338958 0.021672960787251 0.193388371960489
0.201941899717594 0.274511214518399 0.195122537465045 0.0379127253993031 0.290511622899659
0.207994485244625 0.251085349554861 0.123726843538034 0.000422762509033316 0.416770559153447
0.233994408117909 0.194305590446154 0.234424758724121 0.29763885538096 0.0396363873308565
0.000138924960942259 0.376158552558338 0.235209439504115 0.30841525944392 0.0800778235326857
0.254113566829842 0.196490697326612 0.154709337376141 0.368078834278538 0.0266075641888669
0.193678241205848 0.229883951009149 0.204302972942318 0.0249927922439505 0.347142042598735
0.287580419472711 0.264207851459782 0.32753083984925 0.103110846105536 0.017570043112721
0.305125017663262 0.264190071756088 0.114413861240019 0.13349458394012 0.182776465400511
0.251958687845666 0.146389186843084 0.107623801829313 0.015042282358106 0.478986041123832
0.200157292911278 0.298392322901154 0.0760616434491688 0.306233528375859 0.11915521236254
0.113825045274167 0.0931972575790998 0.0382579718889179 0.224942337902173 0.529777387355642
0.140570414010701 0.329614633974731 0.0488768608858282 0.211847954775194 0.269090136353546
0.316235696513913 0.212168996046135 0.327024248293719 0.102010472111749 0.0425605870344838
0.0535330239723104 0.452905528871768 0.254050690312331 0.213012067540189 0.0264986893034019
0.141685605293276 0.117246440748988 0.326016351567277 0.130240543929568 0.28481105846089
0.189020255353207 0.167371195134365 0.163831542562646 0.253483097355711 0.226293909594071
0.0576296071966506 0.325018249108097 0.071458924412929 0.232190603892473 0.313702615389851
0.201629538357374 0.122308621747757 0.252908475467837 0.171832602790553 0.251320761636479
0.277782735399651 0.224737668133139 0.185106766664352 0.128995442878317 0.183377386924541
0.313153347050154 0.0706896740033789 0.362273453366898 0.0827927863222621 0.171090739257307
0.0555033959086223 0.248007572701572 0.326961674973149 0.206082633643202 0.163444722773455
0.594843641974048 0.0271789985269067 0.00955576579282011 0.305304309701449 0.0631172840047757
0.0958993030681523 0.304294492274888 0.377688693446683 0.0957059538867288 0.126411557323548
0.286282278712373 0.284841827565319 0.244816906014309 0.0430265425640653 0.141032445143933
0.264982597924588 0.238791811526113 0.182304607221525 0.0902844016461849 0.223636581681589
0.292058759784852 0.118932599899826 0.413907210630206 0.046258463557095 0.128842966128021
0.00897241812380915 0.743008053897946 0.0440036313239794 0.0421894028204078 0.161826493833858
0.394514608631165 0.117007246287837 0.0562000367879841 0.183477352363376 0.248800755929638
0.208664794179945 0.157005408433803 0.224732189922003 0.236927227373845 0.172670380090404
0.444846033106483 0.372097745528276 0.0806398547683902 0.0988857217955236 0.00353064480132702
0.33165820628375 0.293597806541568 0.0424726553354192 0.152735841249098 0.179535490590165
0.179951215293529 0.0865239588531057 0.067010340304855 0.122220423194759 0.544294062353751
0.177749661854786 0.118143798146827 0.347926333625212 0.342554704182261 0.0136255021909145
0.354180446974862 0.0552169573050657 0.124956466623314 0.188956785516619 0.276689343580139
0.186246298793581 0.223151855707216 0.0854732783087224 0.138879888929768 0.366248678260714
0.0569417658365197 0.263666645412786 0.246875095954569 0.141537289658114 0.290979203138012
0.142924946041728 0.327895832286781 0.0870172475108296 0.291592539111856 0.150569435048805
0.242053949927283 0.145628702742344 0.304724528106634 0.134931023838071 0.172661795385668
0.303095115565247 0.0649371419137627 0.402226703696573 0.0658882123002105 0.163852826524206
0.00928022804103113 0.298369195150815 0.164772536604063 0.199945469807795 0.327632570396295
0.324615054161306 0.00649406211495047 0.135539954338573 0.102682094028952 0.430668835356219
0.226283610960263 0.500756841857394 0.0881307554897228 0.126724889522047 0.0581039021705731
0.110317453338442 0.196944954889173 0.234722787110979 0.20863927005847 0.249375534602935
0.151287953252707 0.156512809066788 0.322932428551084 0.0621738112511878 0.307092997878234
0.200429354372007 0.117324319020449 0.581405217882526 0.0205249666736286 0.0803161420513899
0.179603767639633 0.327832595655096 0.23192449402717 0.166914072535449 0.0937250701426519
0.0515958145597008 0.161839769801756 0.278794924929186 0.227731442543669 0.280038048165688
0.312233190232749 0.174119784730098 0.0165678609350935 0.130418176397589 0.36666098770447
0.253821826613113 0.238922977790952 0.168608378715106 0.147495473803836 0.191151343076994
0.109969969904192 0.429836571677925 0.142113117945539 0.0755985941682039 0.24248174630414
0.135881934049205 0.445078402061221 0.0446317454895962 0.0957426754453496 0.278665242954628
0.00451948760366721 0.0941028126957268 0.197528108696952 0.585318307547677 0.118531283455977
0.244261159387623 0.235649941064816 0.196443393134026 0.0719367692352514 0.251708737178284
0.148521030985222 0.421492416821018 0.143459321258392 0.278977337595938 0.00754989333942978
0.175775791413465 0.136707766564785 0.199489299037315 0.245673034788549 0.242354108195886
0.179464857077279 0.294527492575188 0.0892469692412111 0.278517708093842 0.158242973012479
0.0708846973897378 0.290546234931319 0.253720374769548 0.285285788170284 0.0995629047391104
0.243537014795127 0.00814667209452379 0.18427459823724 0.103787324536989 0.46025439033612
0.3434214613293 0.0120012825189788 0.299873053220575 0.170230082420071 0.174474120511075
0.202736082420579 0.129653803326658 0.395399062200484 0.060286076324717 0.211924975727563
0.473610217845767 0.119275043164727 0.127750725452928 0.259401072616167 0.0199629409204102
