0.18532057383271 0.15793990560406 0.0881810440239977 0.129029164378472 0.0965343749021137 0.044100482852324 0.0575281680471787 0.14870402582761 0.0382055268546023 0.0544567336769302
0.0323579329735045 0.00415472930652443 0.171277734607276 0.105723551309294 0.196225484784697 0.0861121620144611 0.176248210558014 0.00731959181770651 0.162571384096413 0.0580092185321099
0.22866052368731 0.148357822699191 0.0116080574693943 0.113312005853446 0.133033356783755 0.062106801656998 0.0497820253809399 0.0355428686686003 0.193464527782341 0.024132010018024
0.0456447654442321 0.0490732078608167 0.0632111709992585 0.129664827987302 0.104374751110224 0.168108414329752 0.0932929320868612 0.119881748144905 0.127443714983243 0.0993044670534061
0.0716388951120622 0.156789175521103 0.0812946129846379 0.0920061473703677 0.0134352645955398 0.0735056795570921 0.0670128931997297 0.146687562228206 0.128861897731901 0.168767871699361
0.094945037143688 0.0102716021771323 0.0734585865575431 0.0799078975397302 0.173602173388612 0.0710582316763443 0.135538743883993 0.141747893016187 0.126418422656178 0.0930514119605922
0.182867281912402 0.121914230598554 0.0505222509893457 0.0148884324357751 0.170143039106727 0.118474177712554 0.158533012723168 0.0137803432161807 0.00831212650430415 0.16056510480099
0.170625615416098 0.0211801551666151 0.0562380935212998 0.215805236009874 0.082347706353526 0.140757604888249 0.0120063234362264 0.148773368113511 0.149959009502879 0.00230688759172119
0.139488753099861 0.0908459666059876 0.0639422873703975 0.108259417256681 0.0752650162423575 0.109511796895002 0.079403302904997 0.143362724203658 0.0756275612404766 0.114293174180581
0.149743724112469 0.156698812998284 0.137850634816083 0.14583956005639 0.0148745204196433 0.0286978308382752 0.0352768268847642 0.127703429584981 0.107808545043599 0.0955061152455113
0.144436839936291 0.0964219324790629 0.174894955410252 0.231104083544328 0.0629719791717903 0.139126203913333 0.00994951943033131 0.0279019491923069 0.00962829740178484 0.10356423952052
0.0470537575992546 0.0347506376693235 0.042638645390452 0.184559379907041 0.0428122107319465 0.0893730110014043 0.0658974877140208 0.171445538963122 0.165948497818195 0.155520833205241
0.0449184895830376 0.0367061210476022 0.0123946184369757 0.171995590395766 0.159440253565421 0.101595107501252 0.115867106913024 0.174844433876648 0.0783491353750051 0.103889143305269
0.0160257707928428 0.142412587650171 0.149723066991457 0.148868561524967 0.201309894682725 0.0663271020604124 0.0586686304783552 0.161295222061765 0.0511023947976636 0.00426676895964118
0.0433465901950058 0.143338341405512 0.074253929521294 0.123099969518376 0.0260463445455465 0.172765054420499 0.148757955785024 0.0858045606745426 0.0384834926343648 0.144103761299835
0.0558822329030376 0.113028196337646 0.0838670126503995 0.144559464728452 0.127263858832194 0.116366788986854 0.132234879287958 0.0967261228799039 0.0689278904641678 0.0611435529293868
0.0575827066316388 0.0108029627302536 0.0716970907532819 0.234960361029065 0.126346169903247 0.136208654689152 0.111713968657192 0.115976297101568 0.103595483501538 0.0311163050030634
0.147587410858658 0.0945048785956499 0.182693828422019 0.0499986331318935 0.149182759404618 0.11249108885567 0.145806706853234 0.0209470767353485 0.0775664616432918 0.019221155499617
0.137949161912109 0.0934749570396524 0.151753061128597 0.0197131617211692 0.144510391874664 0.0678746761193284 0.0806659206558154 0.0113187385788538 0.133511414676287 0.159228516293525
0.0251264497243336 0.176116158340959 0.14499558988069 0.154482335135192 0.14688053815684 0.193899396322472 0.00353973243147933 0.101043513020485 0.00929098053543257 0.0446253064521157
0.0234010861239157 0.141421299781087 0.0893933042755611 0.218261167403355 0.0108132529112481 0.117557610353126 0.167997892227025 0.0458082219198055 0.0529010169690643 0.132445148035814
0.204726134237195 0.105391595999822 0.00370072149834792 0.0464180880994868 0.270271081766019 0.096350721685694 0.137973099241925 0.0410452305244436 0.0269445513589979 0.0671787755880674
0.0171555593269295 0.0128741675981942 0.0794374035694926 0.208968893824809 0.187270088165968 0.171475048115402 0.0570602559622142 0.00741930704139325 0.171278234992187 0.08706104140341
0.150014575329875 0.221112632092786 0.137976143412388 0.111397361483104 0.0175595424147337 0.044089179224604 0.0387385415266461 0.196231230143098 0.0604048886364987 0.0224759057362671
0.149753930288414 0.0722387895246477 0.0966004906442889 0.0431238130480765 0.0620855837301571 0.149235549603804 0.14327105840787 0.131621476107259 0.0736038321879632 0.0784654764575199
0.0322311888634047 0.0119672413576464 0.183467344946651 0.11346916581006 0.117765065828872 0.172212377043169 0.120159615260011 0.0354070921845963 0.189203750146586 0.0241171585590036
0.0276961388785211 0.130859092542793 0.0587418389160984 0.0792804008754238 0.164537032346793 0.00483495288954209 0.147391396253928 0.158245571069831 0.0661866129697456 0.162226963257324
0.16866839751302 0.106243758025188 0.0365238067425795 0.0994839003898014 0.0875520648159075 0.193856699763886 0.0931666104417108 0.097129809743017 0.0117825465967379 0.105592405968152
0.145193519836314 0.0302365351518852 0.0125955029264947 0.0311524910560469 0.0121779443601264 0.124799810267184 0.208493017495037 0.171006962659339 0.11948449996572 0.144859716281851
0.0680723968013164 0.0252537207356818 0.0852246146293054 0.168740572375185 0.0578224080158041 0.0221054860498128 0.181508482667211 0.163340623750047 0.0739384244612797 0.153993270514357
0.137073009699725 0.138806690055435 0.0850952727137621 0.146960263176915 0.139955837598628 0.0738668914713227 0.017710414961053 0.142410119489445 0.00160789649640764 0.116513604337307
0.0249772324051049 0.0179268070143998 0.149737032807437 0.244269946761589 0.11812344302643 0.0250492179027658 0.0276754301797968 0.129296192542772 0.131619150323873 0.131325547035831
0.134937758719337 0.161626132292106 0.158648739676342 0.102523816968626 0.0787657343086092 0.0154497312826183 0.0580932647835151 0.00265076660998178 0.130322580354877 0.156981475003986
0.0812481573615465 0.0701019940675361 0.120966294809197 0.040537550358875 0.0816111929239962 0.122765170471095 0.10462648934769 0.148056884761503 0.0658148339205896 0.164271431977971
0.154066942789102 0.0632818961256271 0.167086678210593 0.106958849708133 0.0159739166565802 0.0990442808433073 0.115855361366692 0.0133973319918542 0.176135216384287 0.0881995259238229
0.0571444438042387 0.0911770702730953 0.19353067612415 0.0139396813952946 0.124224667495709 0.144473999725734 0.153027565317949 0.0370339125053276 0.124050804538831 0.0613971788196711
0.177725853903363 0.0696310799535013 0.0232744099800019 0.175210450161195 0.0340625532609013 0.0510389267475387 0.0991852273878834 0.244141120206911 0.124657650759043 0.00107272763966116
0.111971099655278 0.0177319617345656 0.0319880655032565 0.147808864489874 0.265968992238432 0.046554422117253 0.0523716035904093 0.250426543334041 0.0489662040070272 0.0262122433298629
0.124888990259868 0.187210897511627 0.0756316801437205 0.117832323830099 0.0901838712408106 0.0021341658558813 0.161077863505211 0.156207587341212 0.00952293423996859 0.0753096860716008
0.136278243442522 0.129536433494718 0.190620709616646 0.114039394773427 0.159266052774261 0.00461616645803275 0.176288524660787 0.0345773123702868 0.024226676895606 0.030550485513714
0.0216358170962558 0.031521980718462 0.0644681958184395 0.142044767719657 0.126595241755573 0.12573571294017 0.145296229985852 0.115776189853543 0.121829035082482 0.105096829029565
0.0268325806594121 0.141475210296983 0.205642039307187 0.130881104507361 0.0109850818488283 0.0805689740712068 0.0901965489875447 0.240171819982002 0.0514394475895424 0.0218071927499331
0.137100894196186 0.173149867760037 0.174501480964044 0.0380935694768506 0.109817742515316 0.0235590731245765 0.0293946775339516 0.159105950825612 0.117674663309888 0.0376020802935374
0.0781364204472207 0.00135639084129329 0.00710331081395849 0.0123205606245475 0.200174425031111 0.164714817471421 0.0880403390879125 0.142600196284595 0.15179526148684 0.1537582779111
0.130967824377047 0.095654937056338 0.0550804566657964 0.080000917606303 0.133269599905127 0.0663139153955549 0.124436562057801 0.0895049868248958 0.119201529411664 0.105569270699472
0.0334034998659537 0.181325375741444 0.0269471672864638 0.126013029590015 0.159611184585318 0.0432556169871377 0.0166853201021166 0.141162297817596 0.185130911717295 0.0864655963066608
0.196909394826789 0.117344801929242 0.0218116111550192 0.06498866210787 0.177056016491206 0.0144550964629321 0.0973776133390178 0.120433221644389 0.0358010646116131 0.153822517431922
0.148373106045506 0.132345964787865 0.0562055123565688 0.113412254951015 0.0536437847796817 0.131698371066889 0.0334831626266978 0.0689776786631937 0.1422869306425 0.119573234080083
0.0594646839880865 0.137349600073557 0.109821387684862 0.127194787753599 0.081992978213693 0.0439988147328837 0.0838756114611655 0.135341751665386 0.0982496279876276 0.12271075643914
0.121876326090303 0.0957593314513212 0.0660857222348771 0.113711765668983 0.101074551595998 0.102346186623202 0.103075995050893 0.130888021813658 0.119457757948342 0.045724341522424
0.144896760037897 0.0547677112455763 0.072474473697662 0.193061222635578 0.0192220629490313 0.099123400449622 0.0770235955583989 0.0760761091958861 0.147097464048394 0.116257200181954
0.023308491764757 0.090153135565139 0.111841041427653 0.0782351919191488 0.094131104276226 0.111803912146178 0.112369084727225 0.179963623141862 0.0101143108693987 0.188080104162413
0.164214238019692 0.0176673399009674 0.158958032364803 0.0765397197768315 0.0775787766661461 0.132145262239427 0.111450097055915 0.117514124551503 0.0131501182171003 0.130782291207615
0.113804003466567 0.1274281937757 0.0641768342070194 0.13408418622972 0.0617388461654863 0.084582161801697 0.104197680825902 0.0573377012082577 0.130726811054739 0.121923581264912
0.121208335612042 0.183216646199297 0.1063029844311 0.10304307567881 0.0729483791868583 0.0986097979554064 0.0879059516329303 0.0818930419522714 0.0936812281340082 0.0511905592172764
0.107680295423982 0.0196879154106254 0.0408151899340304 0.204023600349089 0.199062481261789 0.100642532228019 0.171327055633348 0.0136105324605157 0.00812978780080072 0.135020609497801
0.116489644619273 0.129378803951807 0.0758165868151703 0.0576091028204468 0.182799358044839 0.0896033463293934 0.070217795055513 0.0974928730021756 0.0123510246947089 0.168241464666673
0.172084352087631 0.0960088427471406 0.127261559794853 0.0592548612373203 0.0109873514346353 0.176977383217873 0.122966918730725 0.033439380863549 0.133316272222819 0.0677030776634546
0.197416943423861 0.0169555767413248 0.17571005100844 0.118564503603946 0.01821951344698 0.0585273416942156 0.0331048014225756 0.0876036946328448 0.177753211390633 0.116144362635179
0.143733553831351 0.11708281348968 0.00624320895930686 0.12514295583442 0.0718859317000602 0.151497158612647 0.0280780491484179 0.139813469849391 0.132158746009999 0.0843641125647254
0.158536671340117 0.15960432981185 0.0575677476888914 0.137127758289687 0.0891883090724261 0.0223331400575027 0.14529908669702 0.160913741582187 0.00462956683795066 0.0647996486223678
0.199573365294366 0.208102159810149 0.133076495196619 0.208029693781401 0.10542941876319 0.0197588981302678 0.075051848570164 0.0203203078248686 0.0110705837040293 0.019587228924946
0.106039389735294 0.0605475383038221 0.0755081368964458 0.13709794864373 0.113357258907301 0.125720612174062 0.154416431987433 0.0181859182699502 0.0767609888280461 0.132365776253916
0.0569116945245308 0.00612961631965502 0.0945742230103902 0.0941583496248171 0.147694236279178 0.12963979284875 0.142623399176123 0.133851899340127 0.107018538049504 0.0873982508269251
0.050508271027882 0.19944428476122 0.0141287919451934 0.144407077159197 0.009504069525334 0.0929720228113581 0.115129428285066 0.0276945914018174 0.154787747747298 0.191423715335634
0.215720143240637 0.155920428916739 0.00150034497051635 0.128342306619089 0.0453390127475518 0.026591208580081 0.0149457634243598 0.219958902273739 0.00627554841621053 0.185406340811077
0.13445792251094 0.110802356891599 0.0767895182931241 0.032803934135525 0.0527220126438871 0.136134605226015 0.207989226792239 0.00205238348907993 0.101266659002974 0.144981381014618
0.156152690571149 0.192532975093514 0.192510652020307 0.048470445244134 0.0120506479329431 0.169038871312347 0.031360789042176 0.0388185328794811 0.120902650324124 0.0381617455798248
0.101365401814697 0.0382999018796301 0.107629169696291 0.0398165098508978 0.0212536571160744 0.174413395067105 0.207019544153934 0.0555628201363319 0.22377752357289 0.0308620767121498
0.0244460301648685 0.098745751036729 0.191664203103084 0.0954895970843312 0.235650924262547 0.0161473953189942 0.15602230303345 0.00372286252499525 0.124454201367077 0.0536567321039245
0.158387113707891 0.130281033036562 0.0777598719675952 0.0994118317007816 0.0445413220638677 0.12035345079494 0.110880223217291 0.145411514879622 0.00598095866425393 0.106992679967196
0.127904526685361 0.172986988915323 0.17395668363157 0.0716055372974831 0.0835154497650357 0.0263185601915772 0.00620949637195263 0.170706301997954 0.0667343976607934 0.100062057482949
0.180642043913365 0.122512663139154 0.0942910542442654 0.00418359634482916 0.115863666340653 0.0202666289844943 0.226291203149063 0.00385123299917471 0.150627842771241 0.0814700681137619
0.0456992420999785 0.0758990634972366 0.131264272181439 0.13357924105819 0.0944068547408736 0.133624735067205 0.0171661230617827 0.0842724837274077 0.139811835100579 0.144276149465306
0.193355934607789 0.190775783100322 0.203508144052876 0.160979165654465 0.0711186765411478 0.00817124550455261 0.0469274573918272 0.0418939196121654 0.0565125269788612 0.0267571465559926
0.134250156458132 0.108365092829795 0.12653932612979 0.0690149267138453 0.110157651566136 0.111265763902462 0.0781017244353028 0.0402824882113197 0.144804102317882 0.0772187674353347
0.102403216853171 0.103817999935281 0.065578938664101 0.147844190799997 0.132231411389339 0.0357303031096135 0.0920525631867546 0.160754786804081 0.0589636717373259 0.100622917520335
0.0484739534505909 0.0690851132984097 0.0464218571309113 0.0939555762862387 0.167884600380304 0.127831281622523 0.174421710597726 0.117957657264565 0.042277541578176 0.111690708390555
0.0509803153355244 0.111583873772532 0.159781461651752 0.0506810242781178 0.101239204486636 0.14325968091409 0.0358364122828908 0.154660233534368 0.120986512752188 0.0709912809919011
0.124485265824974 0.00358370641989023 0.175509245084375 0.122594010908069 0.102961156542436 0.145626886787921 0.045538746375745 0.0866236217482164 0.0220341274755596 0.171043232832814
0.150387340986427 0.0862852735725862 0.144465099290002 0.0267547452895545 0.116346037257909 0.093613500721139 0.12789384203192 0.03083739849097 0.160663041038353 0.06275372132114
0.0830224666133494 0.0920502736418164 0.0529104990185294 0.0725926995356014 0.0952650759957007 0.155373289384526 0.0763300349845104 0.100450609282314 0.12783651740925 0.144168534134402
0.0168963770426777 0.113490806835305 0.161175885680985 0.0896361910902556 0.0143821798015991 0.115905973941546 0.178945385309244 0.0636450878257822 0.14021631036592 0.105705802106685
0.116434069148636 0.0771903307891981 0.0150384576969705 0.104905314715115 0.142767538306378 0.157564775065751 0.125945588001717 0.0314996062073955 0.174048601360088 0.0546057187087501
0.109390653440583 0.030896828102792 0.0728179747756956 0.0275448456651328 0.13461047962158 0.0665261047901903 0.140857374218387 0.141722656496789 0.14269349249281 0.132939590396041
0.145201098466126 0.135134635753464 0.0267638241788546 0.0524744457379298 0.138729138516643 0.0398535402866959 0.109980709949028 0.118519158180215 0.0973688380295828 0.135974610901461
0.0438682001418123 0.138153980309119 0.1585440174814 0.0182997628136184 0.149268610431138 0.00644200338861706 0.135957664419568 0.0493925257762507 0.150227399448141 0.149845835790335
0.140687400345294 0.150555511410331 0.0401732425823644 0.0151331526507314 0.0163146504758412 0.0934434947877573 0.0138564449267923 0.171896809016183 0.154033396029707 0.203905897774998
0.212857051531387 0.0475560770098007 0.077443922221904 0.166386228832247 0.0128236709501145 0.071542165347572 0.0801765718855135 0.12988540696442 0.00959274539640387 0.191736159860637
0.105023077166589 0.14609614959569 0.0152010572323412 0.0131824826350439 0.0575905382734232 0.190610908061792 0.138747894911643 0.0450966126608191 0.169627762498628 0.11882351696403
0.163577486154982 0.139678427030819 0.147734583617137 0.127698150412624 0.0842677875904531 0.0581230334993731 0.087871226454121 0.0176463247936824 0.144078688516856 0.0293242919299523
0.170190825085144 0.00921781585524048 0.13591822203696 0.0478365464630446 0.0288415278677801 0.0871318708079242 0.14757353412214 0.194093733030899 0.156965024520456 0.0222309002104122
0.123173851034785 0.182235101286655 0.167839888378816 0.0745003284843959 0.0427790976129275 0.102050821881159 0.135402389261288 0.0198385988012273 0.0993325230659879 0.0528474001927577
0.0280631604053761 0.0171341796635319 0.180059641065544 0.133835443734829 0.0515400294097185 0.0549114331181889 0.199072867459596 0.00778152655577323 0.140771159877429 0.186830558710013
0.0136033776479696 0.0354691140618847 0.115792526009754 0.0154835248480095 0.267291194434767 0.127474746799995 0.0834202353503099 0.0683988001516297 0.0969755835803288 0.176090897115352
0.0728773526638805 0.202401074645884 0.0151251690954045 0.0796540641491587 0.195804426836361 0.0302391126632765 0.174201186824386 0.0411255508697381 0.126583791574879 0.061988270677032
0.0293918073169489 0.135966897221736 0.0125502382746969 0.164727004688524 0.144010670845508 0.0310467192826304 0.0755166900413387 0.116541413321235 0.120803075538951 0.169445483468431
0.0977422099775651 0.183830075364902 0.00982085086357017 0.021340707792056 0.0429660602002047 0.191336873490473 0.178994756143099 0.0435617716726029 0.0398598183263707 0.190546876169157
0.0742337659736804 0.00817667000180197 0.178360520261356 0.116525765353877 0.174297573063546 0.0789562356206388 0.0440609081341779 0.0330219450856749 0.143580776506273 0.148785839998974
0.155706302050569 0.0691119360582761 0.103531113574703 0.110705195011761 0.190053424489222 0.0689513762857132 0.0570710679410638 0.021622235390323 0.204718165888184 0.018529183310184
0.12794958449812 0.0333894292436735 0.029270844021434 0.0771303318903437 0.220113926645401 0.209623788109807 0.152028807154092 0.0320960652034594 0.0354864522577852 0.0829107709758844
0.0486585408276893 0.098181825001025 0.157427642659535 0.222322202517261 0.127936792093623 0.094358011560981 0.125671430383232 0.0111229542642427 0.0614657774327918 0.0528548232596203
0.0323635964227258 0.00104297325130331 0.0559124120504508 0.196079477883727 0.0165140967170531 0.18533419681874 0.0383666003000028 0.146740040096372 0.160240178404132 0.167406428055494
0.14378011656417 0.158257707270048 0.0427448924492404 0.068313483911537 0.0631794843479925 0.132586999365775 0.107308996150101 0.0931150986383809 0.111908923879237 0.0788042974235193
0.19878682898775 0.01290880504147 0.0897048273148732 0.118379297031567 0.0585323795498253 0.0141637933051301 0.154043915828761 0.090504926150886 0.105851707713898 0.15712351907584
0.00571012839924875 0.105665473755482 0.0522718439303852 0.0106891417764202 0.109074051961662 0.208139909969272 0.200079014752188 0.0821675480577184 0.0506915851458144 0.175511302251809
0.139676414679907 0.163686688812329 0.168988433266825 0.0575789260186082 0.0415377956907279 0.0124647551633741 0.0976263977105374 0.178797272336941 0.00157839825780005 0.138064918062951
0.0444395822925162 0.141330835991351 0.107706361332968 0.00195603442058755 0.161412400363963 0.157463102148002 0.0122401107010421 0.10167295879347 0.112432222243237 0.159346391712864
0.185119056571933 0.182305889826517 0.0315555780223444 0.103994574712946 0.0116155323467143 0.133693442855214 0.058817315613345 0.147749102095679 0.117690362386018 0.027459145569289
0.0831865380672085 0.0698122078478612 0.129254412069565 0.108867313563223 0.067210939443573 0.0771664084771584 0.18927893980342 0.0401837966412232 0.0493320840593444 0.185707360027423
0.00753647259893204 0.0456197616628843 0.082117925636109 0.191044787792601 0.111535009506818 0.09453183364755 0.0993431695217692 0.197613454875956 0.0111106089494382 0.159546975807942
0.0559203867986058 0.180415511607571 0.00732406320721993 0.0407286024335737 0.130382115167975 0.0887625122498772 0.0460302681846013 0.16340911924346 0.16713941237983 0.119888008727286
0.0761815931735646 0.0392185867702048 0.119881758422738 0.0588086323027913 0.0743438946440295 0.0100129040589969 0.116274836941353 0.19490744296541 0.196157630690133 0.114212720030778
0.0033248103177862 0.0659595318766163 0.0925565821249032 0.165591351422176 0.141198890376938 0.0729933857384059 0.162640046217229 0.117468640181806 0.0720596454057512 0.106207116338389
0.110949698023256 0.136567978113853 0.0610740822155844 0.208570375161039 0.0562932624722611 0.251978306175843 0.120555099608008 0.00564963316639406 0.0261398984927017 0.0222216665710609
0.0984424265230669 0.0451506639384899 0.0636404154671841 0.125511092618024 0.0462816127783691 0.0826840050555093 0.117489395239501 0.145417050021762 0.182955701693399 0.0924276366646952
0.154129115371583 0.119613257895932 0.116756136299084 0.0951710292838073 0.127279055919934 0.15466057395185 0.0440624243688338 0.123113496874363 0.00766867067432106 0.0575462393602926
0.215639149401577 0.0557050609422223 0.0552218547815986 0.0891797269197567 0.0668391049378739 0.200084442102982 0.00323731251081851 0.0871892776626502 0.176233324718365 0.0506707460221553
0.037914542586261 0.12020632654905 0.0371667337389121 0.103029172662142 0.0889797048784233 0.0857755942134162 0.15820568928437 0.113523974336044 0.0956313755134961 0.159566886237885
0.135208339670758 0.135743100430119 0.10649500920685 0.0314101229466525 0.120057634312695 0.0697352310373662 0.144378853580728 0.100106413191419 0.131396381455766 0.0254689141676466
0.0944040021679926 0.0751659420942219 0.0876847046642378 0.172928009018289 0.134712832197332 0.183711092290066 0.143689157399423 0.0050743011067678 0.0818316007659705 0.0207983582956997
0.161995083544487 0.0606110916821218 0.0281100292180779 0.149544220396111 0.123750053536966 0.018721345224328 0.0796577345792711 0.199577236790114 0.000580808704891147 0.177452396323632
0.108177294374412 0.117892139719046 0.0703077618867955 0.0511481469327524 0.125965176042626 0.0515175007972909 0.17321223059815 0.139419512113274 0.0277102328852788 0.134650004650374
0.0126349302879481 0.114037904155727 0.124717912516983 0.0458752670928042 0.133876291440606 0.167613705539466 0.0575643480427619 0.183016888252091 0.00219688175732135 0.158465870914292
0.131265963435757 0.114398416663 0.0169640665551874 0.0298618790930104 0.172765058160354 0.149726869086657 0.118602085450713 0.0934404278011411 0.106781204057624 0.0661940296965545
0.108307175753994 0.119851656310479 0.141139021345644 0.125496399741004 0.0818533651411354 0.127155991084037 0.0200267737948428 0.0610308741678678 0.144262463091445 0.0708762795695511
0.153321329144955 0.147692783747773 0.117850794203079 0.127875846400283 0.127372425242691 0.00502069956437251 0.0240681974175628 0.152982516426068 0.0180588454897462 0.125756562363469
0.121072447952495 0.0102325705857132 0.123594440975464 0.120628283442442 0.146154432374317 0.139400374474553 0.0687541957284759 0.0366373534616998 0.154647364960273 0.0788785360445676
0.168102644414111 0.0954686453677586 0.0939391523487444 0.0326744300386794 0.0523175533274019 0.140795466771125 0.0885369758061005 0.0112207686322154 0.189378288060301 0.127566075233563
0.142560279267977 0.039670241397191 0.0692001113533488 0.0268737682094707 0.129927841291427 0.152026366321087 0.149351740776094 0.0249716979168123 0.118285550447661 0.147132403018931
0.0897595787906271 0.0616862360133758 0.1019239313566 0.0781770874248954 0.132220575131062 0.112284260939202 0.139154484978076 0.0628535177141867 0.0810606701878733 0.140879657464101
0.0209312080877409 0.0213806558935639 0.124689602124926 0.0383733181491083 0.161345751593281 0.18982890649237 0.0421504565338641 0.107019531810651 0.0427792160585368 0.251501353255958
0.185662001378416 0.0985648792930757 0.0882729267495922 0.00102789557432095 0.107119163570505 0.141197147150303 0.0534247109584275 0.145153540203385 0.0301798869807404 0.149397848141234
0.128335058044655 0.0804874456303147 0.183780548923233 0.00460070656982312 0.00127391519141485 0.0895291927116815 0.0237748676632932 0.0913412256820827 0.196498818543299 0.200378221040203
0.0768984149836895 0.132856754260763 0.0184326985824435 0.0206102449294325 0.150328738384855 0.146523082839037 0.169218270227329 0.220075712019961 0.0618292133941877 0.00322687037830328
0.181323162093841 0.0627421445370996 0.128136505325334 0.0488714953948886 0.10504985049316 0.0414528067530479 0.212967941299776 0.152371007132634 0.0447624769240685 0.0223226100461505
0.120400364016515 0.088313678781981 0.100208025685882 0.104536920851048 0.169950044547323 0.168541258852173 0.0636191133965772 0.0378461280675127 0.0101616680533592 0.136422797747629
0.135563704520859 0.205040521629952 0.0148362209913777 0.0375305790334389 0.0433567409039184 0.142508058531963 0.111579922409287 0.0340704548541057 0.0778066179399121 0.197707179185186
0.163855707286154 0.144704208745861 0.105218310927549 0.0890611913182982 0.102944434804121 0.165492210348631 0.138190904776689 0.0777445512347278 7.70931342747585e-05 0.0127113874236932
0.0544960590558592 0.0296430360637771 0.154656243300348 0.167513766561959 0.0646060843118513 0.0633492336636298 0.0803625702781492 0.146177992946894 0.144118006052689 0.0950770077648433
0.048095384128043 0.0970812307473887 0.0550733274535253 0.113156459589177 0.0240591883836262 0.148936927103781 0.0845533955009536 0.14466800515575 0.115953205690318 0.168422876247436
0.106334942502373 0.165488620748317 0.0647609129699189 0.0588041757933525 0.131052926506741 0.131400775160508 0.0902144573528718 0.0549831454768775 0.0457697045331555 0.151190338955885
0.127897372001826 0.128339735760539 0.00438809174045821 0.0957662878506403 0.060431193400214 0.238665623909125 0.037097370821189 0.0624842256089491 0.139591905015581 0.105338193891479
0.166599469380188 0.112678681264167 0.0106980320269094 0.066499458376031 0.0782602143871676 0.0233904353795628 0.171482926060801 0.0328838608566791 0.169366292258072 0.168140630010423
0.14618805182314 0.148464490982187 0.0662272645473652 0.0885542342374408 0.0942432978968084 0.0913371092135783 0.0733461781188757 0.100480906025618 0.135069220567571 0.0560892465874151
0.163299472334484 0.018306385518477 0.0299164494723213 0.0058757836158145 0.0421018864168949 0.0563616791023977 0.274364712477896 0.124106904070891 0.135293520263978 0.150373206726845
0.169064960433231 0.0390203983379935 0.13018136275483 0.163866614936751 0.12792492271666 0.137367891755108 0.0609808517242399 0.148868001182952 0.0184699795055141 0.00425501665272093
0.191500807039664 0.163857694171812 0.167963583538985 0.0447972632543066 0.0955062025439778 0.00976745397264475 0.0280614805700702 0.027095497318125 0.142430057342073 0.129019960248341
0.0748874001724441 0.0464290529701975 0.121319465701675 0.0770712764256857 0.125310902477947 0.159776146255288 0.0804193481849462 0.174104107470732 0.071166160107858 0.0695161402332273
0.153171827138553 0.0771407338990551 0.124905079380679 0.120166204891269 0.0768015473157413 0.0311521346757898 0.128915190740363 0.0496857688645937 0.21778278806225 0.0202787250317051
0.304628256704471 0.0794366765284832 0.0272716650100054 0.0615631180885999 0.0485623401409996 0.134530287056888 0.141530977732794 0.141400056968165 0.00611201438859098 0.0549646073810031
0.0426014015351283 0.151795423845973 0.162875160379868 0.15404163082558 0.00873414454704951 0.0193644118181166 0.148125699503439 0.0461224347254855 0.104088747878793 0.162250944940566
0.158885566744581 0.0400554062549933 0.0696180920002911 0.126522232225246 0.0736808929485938 0.0710864696792438 0.177473052185313 0.0664060236593354 0.118268636505961 0.0980036277964429
0.0113115916533362 0.108369027531938 0.0653263543843469 0.0896856074760816 0.124427464127553 0.0865545108788189 0.0937939296847905 0.156944639549891 0.0998006755915694 0.163786199121674
0.129386536617832 0.00202635191250914 0.124760737786033 0.0940572697222414 0.126895484880726 0.101623598921572 0.124637938197524 0.0994132121303604 0.12850951290743 0.0686893569237719
0.0906622155761922 0.0977037433292618 0.0354752484342989 0.164726207964879 0.174048389836334 0.0829587282449398 0.0314936687880816 0.214871980812721 0.0782434401950152 0.0298163768182763
0.0736408838649688 0.0858602907705013 0.0850039674558904 0.174017429421728 0.0695521588217441 0.0373898831267015 0.0946935987579566 0.0888433026522219 0.133182043462095 0.157816441666193
0.115762676309925 0.0497799166730409 0.0427530683344142 0.206317667523641 0.0967361665919353 0.158292295786726 0.106139241348452 0.0490530320989353 0.142050207764329 0.0331157275686018
0.117556304225088 0.122379855253096 0.158996921680489 0.0812743451557701 0.035871046733682 0.107545463084352 0.143953239543287 0.0422754792401606 0.088675673240982 0.101471671843094
0.129541984604326 0.0015014775666105 0.180875159753579 0.114543910093027 0.150591741391952 0.100926289187576 0.0753567908529721 0.0264149883800845 0.161116476042914 0.0591311821269602
0.0119185295390798 0.0361349321809589 0.101490135114335 0.0449527568407511 0.228757148873115 0.20705762372864 0.0756752388859743 0.0418790408128887 0.242908195136975 0.00922639888728126
0.136968158835771 0.0937290982931215 0.14487548567353 0.137348717716665 0.0949116032150383 0.0520327783836409 0.157348367512358 0.066801667951474 0.025351539342154 0.0906325830762465
0.0838939825486214 0.11241025853537 0.129713369487051 0.034929188533833 0.00106386914006618 0.158706325698131 0.10943406797519 0.148638650749678 0.0456992792479864 0.175511008084074
0.0182441719461253 0.142457202398745 0.148784882084734 0.0632958185633689 0.0709255093866865 0.0782874229880372 0.169027831479362 0.00805045618034102 0.158700755189945 0.142225949782655
0.12058581567979 0.0230883101579435 0.135527738336362 0.130618078750026 0.0219838675706187 0.132801905584088 0.13986837903556 0.120253678307299 0.11494495912496 0.0603272674533534
0.118167210632078 0.123373995360172 0.0882085636803819 0.131502289554302 0.0375270426224866 0.0759948490845629 0.106195090082949 0.0917652665539121 0.113016316449051 0.114249375980105
0.0484427320818837 0.105491528840257 0.0288242934050047 0.14049530247309 0.142465253622833 0.110859842929743 0.132931132103177 0.144741474092069 0.0883642857389746 0.0573841547129684
0.0275351234721269 0.182561798335122 0.169489717942073 0.0352556995273419 0.109187805244214 0.117137648575701 0.100621935627648 0.167322301188897 0.0662958070937499 0.0245921629931279
0.211800023176565 0.14258019735387 0.050692410580586 0.125924346765358 0.0896468346987306 0.0203543423927804 0.0902914065364534 0.148711327020277 0.0747311357832658 0.045267975692114
0.128597571567149 0.11688589584655 0.0284814840840001 0.144234650270817 0.0672112448718492 0.0840072903740108 0.0304127065266884 0.127091399111691 0.0993711321963152 0.17370662515093
0.157766662787995 0.0907132308873418 0.0191954723985189 0.0284443871335464 0.090466517552052 0.0903622272342241 0.190949414812501 0.103402962846986 0.0988105212653339 0.129888603081501
0.0355447822772491 0.0976443245119455 0.0829924535315881 0.081499236176229 0.141425081753519 0.127103608204635 0.15066332896307 0.0930313036454568 0.108979700876973 0.0811161800593334
0.0241448754451464 0.023797773304859 0.180644009341501 0.188119634068133 0.111472747899572 0.0912925503896521 0.0388537780717551 0.108090670223227 0.178837248923339 0.0547467123328148
0.0297549761734505 0.0217202901952207 0.21493820579515 0.154571802322299 0.0500244804596069 0.134172936192947 0.0389594226959096 0.0772224132969613 0.151801249980562 0.126834222887893
0.175011260300284 0.0244162797217807 0.175679048228722 0.0312978485830328 0.0526404347031272 0.0761393398833128 0.124338914120194 0.140366136474408 0.170200072523779 0.0299106654613596
0.0897979396590255 0.0610485498933139 0.211799027792821 0.173239415526046 0.0948369195356902 0.0447643518837653 0.126247922945299 0.0713533341087132 0.0116467714923641 0.115265767162961
0.0530706358523364 0.0640261148278549 0.00150489841731257 0.134030286176059 0.0887269656947249 0.150362060123665 0.185318898940495 0.0587073298394767 0.0967884956819264 0.16746431444615
0.0252750318275111 0.108651703046932 0.0664838073781285 0.00986214915589938 0.140534184082165 0.198450688189056 0.0692266779579175 0.152351062576798 0.0310084661126776 0.198156229672915
0.0489695368901055 0.0142591502069279 0.036405821768768 0.131826099977933 0.0973440335114236 0.0944605722043845 0.147154044877476 0.0960873453363022 0.164082060740728 0.169411334485952
0.0494160379182532 0.0700876756936907 0.17693892829549 0.0574403999874393 0.189921015695732 0.0174429456199188 0.092269105857213 0.189485999978388 0.0378777385523745 0.1191201524015
0.157605873029931 0.108280500040877 0.0534298368831 0.0569438265398805 0.0842965829080103 0.134664956404064 0.10899017102838 0.169707960649558 0.111529612331449 0.0145506801847503
0.0118438370554569 0.138293959143389 0.140827367908384 0.0344769622522332 0.0967973933063424 0.118331985700028 0.0188694152089336 0.113829970037656 0.159932412531013 0.166796696856564
0.0384323233670278 0.0519707358499667 0.267826367182846 0.0568998176201214 0.146403515908364 0.181508708095052 0.0265820698664369 0.0870571832088908 0.00854807813171028 0.134771200769583
0.13820477337117 0.0347101085632204 0.138723979269415 0.0933531796423805 0.202828355835867 0.0627171166254721 0.0365691962877707 0.150146078671692 0.0729490734820112 0.0697981382510012
0.109054610186916 0.169904413525524 0.0457349972362471 0.184137643666254 0.109936279707808 0.16374424763747 0.0709706352132177 0.00936586667314744 0.0945658479047964 0.0425854582486189
0.136425869087834 0.0884369860083288 0.0600628291539754 0.178277474675703 0.0468873996127497 0.0590015032530537 0.0822895289905786 0.0663381714776087 0.137780499524529 0.14449973821564
0.185114630042321 0.16327924606782 0.102224304548261 0.0304397742008382 0.0923642541164088 0.06830200605931 0.0950515013754828 0.0244194713270884 0.194598594248257 0.0442062180142137
0.148473318443924 0.183318593575261 0.0958577329916102 0.152487480292486 0.109006785168094 0.0898515985398244 0.00826364063250811 0.0321271313714883 0.179235414671786 0.00137830431301777
0.122005271260569 0.0770733683130756 0.152621181727264 0.0748880063904286 0.0861968011837328 0.0711611092072538 0.0514020034700145 0.0649389590139723 0.139922821088276 0.159790478345413
0.0918618558229467 0.137442864823386 0.13434486638487 0.00242189522470887 0.110504926184347 0.140566276746689 0.108736627399667 0.114954544967085 0.121154654295509 0.0380114881507922
0.065572078391615 0.0595385578255898 0.156338805420359 0.137651046088469 0.085990076240014 0.000282795088895584 0.0751907038013979 0.107871066130784 0.129791995547949 0.181772875464927
0.0389253063672083 0.125085511145813 0.0689648714917828 0.0994988592854478 0.137747339072896 0.120114161622697 0.0603520703808957 0.113302538927012 0.139840650226263 0.0961686914799855
0.0201026775697977 0.134893818463743 0.131734087296231 0.0915578643318082 0.197113332838518 0.0502666461308751 0.169609686203355 0.104750061235457 0.0376413494442651 0.0623304764859506
0.0652858347704632 0.146099224118813 0.134651228655968 0.0963533661282716 0.136110129776799 0.0394641253398133 0.114525781996509 0.151656905520101 0.00281339066499456 0.113040013028267
0.00511368107165216 0.0650631025008384 0.0220983342012277 0.156396182659015 0.0533827387247814 0.128832728715272 0.154984426421001 0.0527897657568153 0.217076429218802 0.144262610730595
0.116679132177133 0.0256006152948832 0.0571577857380785 0.0872449028683157 0.179841279652174 0.170193462155511 0.0934149376450833 0.143144241350258 0.113397311317484 0.0133263318010798
0.101176426017951 0.147580214227814 0.11090358916809 0.12414830499963 0.114488377172076 0.145837932056629 0.0240573878488008 0.105673308798327 0.0820181754616346 0.0441162842490474
0.0175258198273043 0.118184241033096 0.117417376803751 0.167390551313293 0.197963729183964 0.119838342488737 0.0752792043118054 0.0434389134405019 0.0908787255523478 0.0520830960452001
0.0328639320132862 0.0168904195479202 0.142314524530386 0.134087703087258 0.0126172141232396 0.103461150684419 0.116784167316113 0.12439188021995 0.118501011070801 0.198087997406628
0.148123853421925 0.1408531995517 0.0469486217374005 0.0831629771927997 0.0434457246737979 0.104763322041034 0.0506700805482345 0.134913293563318 0.129682541567995 0.117436385701795
0.107388476790412 0.0301604704902465 0.0865686907495586 0.131947990338576 0.160721320280945 0.139732707076699 0.137000222810517 0.121377318012575 0.0179180050438379 0.0671847984066325
0.0500464686821116 0.00866638854493261 0.133230977792131 0.0779213612792774 0.154646634772347 0.0757920096152906 0.16185982750326 0.0388735378867347 0.176640689013566 0.122322104910349
0.152812075101498 0.0629010742991425 0.0520870579078869 0.0203086902672618 0.0633062272704992 0.0472492583506588 0.211461316983648 0.183463881387482 0.136350155228144 0.0700602632037788
0.167919955064621 0.0589671287888873 0.15978438385597 0.187043715774113 0.0902889970028056 0.00854073476094579 0.146664881469272 0.0239338842206567 0.065665510874415 0.0911908081883144
0.073005682157877 0.0692048494382647 0.0834239547795449 0.14239488175974 0.0676073198227392 0.134637915023548 0.0735278402655051 0.122460284893086 0.145033992506476 0.0887032793532194
0.104580771806745 0.0647614224789493 0.153348538499576 0.0942189604480051 0.0145069586665064 0.077666278578364 0.078605065806328 0.148960311515256 0.16997686108714 0.0933748311131299
0.116286509949104 0.18437687214714 0.0902860079951008 0.0720775831669411 0.181066013424147 0.0189488363315095 0.051886263723127 0.116741661977949 0.081996961586756 0.086333289698226
0.0162069985418901 0.0892212307576976 0.119668360615864 0.138019259605563 0.161190855839767 0.155816422551003 0.123159747813629 0.0421284029721058 0.130781986310433 0.0238067349920473
0.0526187423748922 0.191016999972713 0.142584820077626 0.034331706970291 0.232791072740961 0.0967123327795654 0.0632417877653648 0.0201619391261939 0.0570256265976196 0.109514971594773
0.143285611443086 0.138019640153092 0.052124371165585 0.223166723071524 0.187556782226389 0.0228663195951519 0.128383189911886 0.000624948832421536 0.0719322636024624 0.0320401499984015
0.0331637870979762 0.0829897152681868 0.0630449319411056 0.148942461313773 0.188526087661677 0.125652865416106 0.0489357289084927 0.0869995260649593 0.14327818887986 0.0784667074478629
0.0578147653091078 0.130193618836512 0.0087683774348293 0.135732904208998 0.0347325026042352 0.0820371901925238 0.175359738805463 0.121975666644779 0.0564588487509644 0.196926387212587
0.0571801884314058 0.0759674229464978 0.0108593938916802 0.181988520370714 0.0621304195425705 0.104383449823407 0.179757230998228 0.155799345059312 0.0268342384355776 0.145099790500607
0.120982982610488 0.152626778558281 0.0568064396398106 0.0431544681212704 0.192659337935951 0.128846095702201 0.159396711853015 0.0461814389259586 0.000914426481551268 0.0984313201714736
0.00547358512004797 0.0208215270434674 0.0763679222299637 0.106959560109906 0.153362224651711 0.255932843541895 0.233619215654125 0.0708811117656809 0.0320422737488098 0.0445397361343938
0.0629590665894996 0.0286256332170679 0.0370440548113265 0.0441292385184545 0.0275717161738171 0.196976910561492 0.167189920230724 0.218885313336285 0.0577746334045964 0.158843513156736
0.140902351448845 0.15650287490776 0.0674590471639066 0.0471230256930001 0.084072514029317 0.139152956520696 0.00169998792316148 0.141154010997298 0.152304577578184 0.0696286537378309
