0.227598371897342 0.315811681973396 0.0106800458518821 0.0847242197747034 0.0998759360501578 0.0259345683328497 0.235375176119669
0.0692111031507905 0.246665490300201 0.0881056091368426 0.256976939978936 0.259244756361791 0.0105931459979094 0.0692029550735295
0.0928864026185335 0.239215321348419 0.162716224611487 0.0496280689152979 0.192959178714217 0.02344800538667 0.239146798405376
0.112249906455888 0.0548694400291548 0.161623531756634 0.200589648804001 0.231815123258969 0.177527119842083 0.0613252298532708
0.293175409031448 0.318566989569946 0.0616817864568232 0.0846289256021907 0.125847315317063 0.0274944123599915 0.0886051616625384
0.148786204883635 0.254418640756485 2.88605163831202e-05 0.113279286584957 0.23703702071138 0.162803683914353 0.0836463026328067
0.29685730431902 0.156959909290359 0.245726034500719 0.090785836729795 0.00817128258861534 0.117913679132561 0.083585953438931
0.198677815681788 0.166719944572617 0.00458278116029936 0.218958369726852 0.085564223027435 0.180624851170962 0.144872014660047
0.000470643208002056 0.131663495326842 0.134111408644989 0.157633887718954 0.247792406549159 0.134228716847097 0.194099441704956
0.0221476167536591 0.225839611858658 0.157872495002934 0.2122110612206 0.0143230462204289 0.220415135098869 0.147191033844851
0.118907182546538 0.231392979702801 0.0462827561786388 0.254079409104994 0.139766777544034 0.0631237883892827 0.146447106533712
0.180292796879011 0.0108503237848536 0.106888013548242 0.198539933356229 0.182539910068935 0.224156025311257 0.0967329970514726
0.271893742852209 0.0124429294750065 0.199934380713572 0.0169741826188618 0.0678990626350718 0.206836124040404 0.224019577664875
0.254463445633507 0.0599365038485643 0.206632101236311 0.126352380079649 0.0291151229469762 0.0546161071990422 0.26888433905595
0.188742428275347 0.206801511722377 0.16505880143519 0.208280880713649 0.159457600567225 0.0217580054609435 0.0499007718252693
0.0813352218298873 0.195622744173634 0.00122172655740084 0.0851255269472667 0.214122555796684 0.196864167700182 0.225708056994945
0.0972100694648112 0.182639136725901 0.207961091068291 0.136835346728974 0.130968150731567 0.199663385810166 0.0447228194702888
0.0617256149396433 0.198969447349293 0.0663537491256753 0.0794279670141412 0.0396570432165033 0.245905692410915 0.307960485943829
0.173290308827524 0.0473834085940731 0.190216105699121 0.0081171115088097 0.0951549857538137 0.238540197014045 0.247297882602613
0.161218524729062 0.0879802629609932 0.215752750699336 0.21380639438685 0.0339357772704923 0.0120970409036238 0.275209249049643
0.196583649971941 0.0574895335982279 0.0463451428637659 0.258630347333438 0.0676338017558011 0.114376710855216 0.258940813621611
0.162772351716143 0.0531565919457472 0.00835256485580134 0.254361961792373 0.11531534338369 0.191453436793207 0.214587749513039
0.218372876969133 0.0510011402477906 0.0331856870902156 0.294563911891597 0.064783499838824 0.171665932837953 0.166426951124487
0.206632904725217 0.283059096384517 0.0424010819618421 0.264565502582379 0.0818216215499014 0.106699320313224 0.014820472482919
0.232419799467063 0.0670931439043526 0.0484304155115252 0.319542780531927 0.122191054187932 0.0967766957434256 0.113546110653774
0.00742070159030145 0.102261589908664 0.208503655822778 0.165534514695264 0.144521372629799 0.240797093149688 0.130961072203506
0.278436920961704 0.0964003947320274 0.172541930006135 0.170723011944292 0.18659854899018 0.0563003076625034 0.0389988857031578
0.184720114897787 0.139028012271404 0.182604081362152 0.175609031713076 0.0349547320245238 0.126230966518506 0.156853061212551
0.188409168762716 0.200002199576756 0.0569463700028307 0.0238206662191099 0.174836872509711 0.304751029011352 0.0512336939175239
0.275404105437424 0.0538031659162638 0.0145962141522576 0.216795013292916 0.124204629433497 0.124037531846482 0.19115933992116
0.0159561684804262 0.267680852763758 0.0649809393992875 0.147012541005378 0.247909116146219 0.0608924376169098 0.195567944588022
0.150605443295767 0.107293473695151 0.231670356233588 0.188415809085443 0.00982485907647626 0.232832687763789 0.0793573708497872
0.295060509021761 0.0367629424511007 0.00437018853867811 0.221059675401598 0.22005675173475 0.184937470434774 0.0377524624173381
0.292220744366706 0.111677653559429 0.151309190657094 0.0671673239007051 0.262951047209791 0.0191001317707012 0.095573908535573
0.128003043887313 0.191293486419699 0.0343887379525476 0.239501877663923 0.0340563039454202 0.238689971779445 0.134066578351653
0.155439924713688 0.0953847597352117 0.090968304354051 0.213872685861906 0.170565185379087 0.118800575105556 0.1549685648505
0.192667578144417 0.172834925756446 0.167670679001888 0.160963498979787 0.0563452267493531 0.0643944216802127 0.185123669687897
0.028395962695483 0.00944033398500275 0.204671208586258 0.118795620841672 0.192957980337606 0.205942712487921 0.239796181066057
0.0302267712539715 0.100601253788324 0.0281579325891649 0.254220243107334 0.0905830937358813 0.335655039614857 0.160555665910466
0.0782898778086064 0.182972055800066 0.22721520862058 0.173006060890632 0.161663460197917 0.0902954161147132 0.0865579205674847
0.107672144335175 0.250455268131831 0.111053276313909 0.17650706988882 0.0611677750000318 0.16365194158806 0.129492524742172
0.102367881190627 0.0305451106587567 0.218156163502067 0.0650301680680402 0.276143241926505 0.218104868718794 0.0896525659352114
0.225129349125044 0.228766009359142 0.0571349410772807 0.165469841243303 0.168932146349729 0.0868454332571839 0.0677222795883163
0.224878992894514 0.0800349410336206 0.144094748543022 0.259248653190524 0.025941720371489 0.190801013629796 0.0749999303370352
0.205194007718965 0.0928362948432014 0.199397857275155 0.087087369673767 0.174516671645655 0.21165737108498 0.0293104277582763
0.249226162618669 0.142444776502336 0.119532820324907 0.0829865557446318 0.00458870416787494 0.125777201188851 0.275443779452729
0.210231763141536 0.130027014189163 0.248695671514311 0.152177217336987 0.0273732016363788 0.157843762106395 0.0736513700752289
0.266663271528163 0.105939001781874 0.229086455211191 0.0596282337499661 0.216488000432972 0.0628464451831831 0.0593485921126518
0.0864083008888772 0.195968069167151 0.127917784481777 0.0111334886910545 0.078281951200031 0.23874773288737 0.26154267268374
0.0754226615115619 0.0702738547716064 0.132584560899972 0.179482583579976 0.152730822586187 0.188256488728793 0.201249027921904
0.0405329558606969 0.133833676113801 0.278128689979019 0.117649401750222 0.14855736378256 0.159329595187401 0.121968317326301
0.133793263428366 0.0637970272360526 0.145822604174065 0.12274445145431 0.139742527717839 0.296477948551919 0.0976221774374492
0.00778380232735063 0.171440494586476 0.00173878970472415 0.216523504575846 0.204317013063045 0.235378010479245 0.162818385263314
0.287333459782631 0.0336897692444822 0.180291659248277 0.0373215111407582 0.31809940967918 0.0159006975411943 0.127363493363478
0.145333600085396 0.0721958972863632 0.148859898764855 0.166895224649658 0.195017009177385 0.128536171612349 0.143162198423994
0.260222658415239 0.0984361115347898 0.0316296101054618 0.115848735551908 0.122798167264004 0.070320635295928 0.300744081832669
0.258393404131971 0.254717105115897 0.136601754620274 0.0210734467574872 0.273619390030342 0.00995160305245321 0.0456432962915759
0.208232482593339 0.0539880530661526 0.0613758583007169 0.169961264389848 0.20064507080557 0.128742710012945 0.177054560831428
0.223875583938171 0.0944507010564277 0.140479504953483 0.128946343135022 0.162245421566135 0.0805042873425828 0.169498158008177
0.042792372218554 0.163323222050923 0.168935109641517 0.182923642654595 0.236857782930168 0.069535566743595 0.135632303760648
0.0541636993191362 0.112387524058551 0.0917316630557668 0.319006629103486 0.0561918566849032 0.186262639684433 0.180255988093724
0.110363990612538 0.021373201500832 0.0207183312506161 0.337097401844394 0.170642048146563 0.0308095753605623 0.308995451284494
0.16531249808756 0.167786880110854 0.168391181716203 0.163481883894084 0.105388162500013 0.0588594565497311 0.170779937141555
0.075884908467483 0.132894077587837 0.283699912003363 0.177247437116293 0.0663213668534636 0.0315129366307614 0.2324393613408
0.273346222710322 0.152953595190813 0.240020250486112 0.083867539335092 0.0508850473437185 0.17584077190401 0.0230865730299323
0.185152185622345 0.2031865329829 0.114074037070353 0.200347509027064 0.0648355940510449 0.0800507883184738 0.152353352927819
0.0482392749511744 0.146845764916918 0.0272874522286006 0.189501622423203 0.142447827980223 0.158183344015891 0.28749471348399
0.155454191089603 0.00763344003824016 0.176682000088527 0.192630763059255 0.211497191321673 0.229806154083634 0.0262962603190687
0.0963116395402724 0.195717949508827 0.20179669619756 0.0414776691153082 0.0444609793967925 0.0592759574942884 0.360959108746952
0.00680596632690114 0.322957318286654 0.152532348013382 0.0388812446732722 0.286382426040744 0.187655808188525 0.00478488847052139
0.286391637135631 0.208428992485313 0.0719137980547371 0.0629651072558735 0.102254416661817 0.12401338575317 0.144032662653459
0.184444361610463 0.238647126535633 0.0570323841125543 0.120186078077566 0.0573254101246093 0.142600326608928 0.199764312930247
0.196643746854972 0.172566669353339 0.205454408150724 0.0914031728746809 0.103591478794861 0.0888270509991595 0.141513472972264
0.154986821372056 0.149637536071165 0.171685472275847 0.133405367743041 0.0846805610985336 0.07687510857872 0.228729132860638
0.0192256047582839 0.294540283370904 0.0829655260102878 0.266511028056109 0.0296391505079599 0.0832674942959045 0.22385091300055
0.222171440165514 0.253079859465928 0.25468408288711 0.00171119045686594 0.15513897038674 0.0272990326113422 0.0859154240264991
0.058229306212278 0.13027379400988 0.189743074272621 0.131463219853068 0.172227112904853 0.192362406998485 0.125701085748815
0.137970694695288 0.0251766877400241 0.161181838349426 0.255004150793049 0.224985919104391 0.168348484364706 0.027332224953115
0.0571410245474518 0.155012162728184 0.0806803740507707 0.188949305866792 0.181141136106592 0.138056127031283 0.199019869668927
0.194298475374266 0.197680617844063 0.0271762220392716 0.213761041317231 0.151271132137858 0.135777015041688 0.0800354962456228
0.297969831447094 0.142835967724752 0.090246614875449 0.0130974269527073 0.172703938319231 0.0641816318954773 0.218964588785288
0.11685756852099 0.14140384560489 0.036819955720474 0.194757894618379 0.0141568231759134 0.180809619509428 0.315194292849925
0.0716796524795466 0.053795204270516 0.240327411712771 0.108987761090475 0.152277676596649 0.125663654093908 0.247268639756134
0.218978616050048 0.195682252549389 0.0344799016633171 0.0483176703728548 0.01105581123086 0.222031638893507 0.269454109240025
0.214957148044198 0.245225128190367 0.0942673176811569 0.0940439467498528 0.084231761821719 0.0413649399741944 0.225909757538511
0.167882242321243 0.0936375786296871 0.158723531214577 0.129968350557541 0.118954795837604 0.166519514619337 0.16431398682001
0.146044468691287 0.0912297446452333 0.186616463772538 0.218489997584399 0.102861520969877 0.0465711574605902 0.208186646876076
0.156545641770897 0.040572717931194 0.13934081878297 0.212188897899677 0.0293926627183157 0.196584938038079 0.225374322858868
0.221642385024993 0.00421879362620713 0.120049832411349 0.020374287033028 0.227990398296357 0.231600749874791 0.174123553733275
0.182940321258421 0.0913701606664504 0.139455804262434 0.114175550865511 0.1579453382627 0.0845379064167355 0.229574918267748
0.043674741407291 0.193733927312668 0.223562871483603 0.0929825323828127 0.128199460438849 0.228124302680569 0.0897221642942072
0.113043412842531 0.157876884266473 0.144475705930038 0.00680259018647484 0.212430471242108 0.15432139702401 0.211049538508364
0.132359376930082 0.256218880091892 0.220481277396812 0.138736089254754 0.0663358782101622 0.0112289885646856 0.174639509551612
0.184372081652166 0.0253553392285837 0.452289727883393 0.0418640936752405 0.144011455311608 0.151817059465747 0.000290242783262563
0.203806835193998 0.281947151705772 0.116038778912973 0.0901906148230651 0.084916877145745 0.0435293322999465 0.1795704099185
0.0675890460246955 0.290086376002761 0.0222512460361825 0.247241760819289 0.199046420682308 0.00976525525877444 0.164019895175989
0.373536875735361 0.107345780009727 0.136519883981101 0.120011820657118 0.0387221314469944 0.0854237035361539 0.138439804633544
0.0686133351084367 0.00374465820240308 0.265030893887083 0.163148208876223 0.212862315385581 0.0131262768654513 0.273474311674822
0.173233530842912 0.193099774864534 0.12425509595805 0.0919635908095215 0.147067282583667 0.0854595609783316 0.184921163962984
0.22507568252066 0.246080562075377 0.029048560295381 0.0823993643733394 0.147856607541308 0.207239097476121 0.062300125717813
0.123425327830858 0.0891719022862786 0.231555722429114 0.254391901550719 0.0891903984001528 0.205525306052167 0.00673944145071109
0.168025579887206 0.0175134853854288 0.217761095874798 0.0988956151291902 0.101186169708777 0.125416341018072 0.271201712996529
0.101896347967457 0.181372105072921 0.106372055818301 0.165310429775435 0.0983342526045977 0.204582120281659 0.142132688479629
0.0889177982630092 0.179464303088279 0.126881447066325 0.197726849204952 0.164671874712381 0.0737410793373727 0.168596648327681
0.291292384917542 0.301891298716083 0.074988598017132 0.0809442507404773 0.15920925431298 0.00181802393665272 0.0898561893591329
0.181217712599371 0.081978428042807 0.206922383929814 0.00685416315864232 0.204625193054897 0.150936041041525 0.167466078172944
0.114409822506833 0.217990978632862 0.185390883203011 0.085114715944333 0.107297424826156 0.195288162649343 0.0945080122374622
0.0326292568542088 0.0425171059031546 0.192920475748817 0.256923852220997 0.144576710850163 0.299569159724336 0.0308634386983231
0.283448835664332 0.0685572877965968 0.148569511466046 0.173396348029397 0.0127005524125441 0.305743873722906 0.00758359090817747
0.137446676156819 0.0913288152884074 0.189844713371825 0.04295447136888 0.0630921560344887 0.310399038534879 0.164934129244701
0.0850686569574949 0.116788552322115 0.0899188728229164 0.210508189416418 0.224949354632189 0.157552225603203 0.115214148245664
0.102503234927197 0.120975565828477 0.190928693405184 0.106484175684016 0.134101261392622 0.144021327673312 0.200985741089191
0.132584393159463 0.189484250072023 0.0715536287029941 0.369677472087662 0.111597864587782 0.0501296025195884 0.0749727888704869
0.205028361237776 0.0837051583305193 0.08758016195657 0.205704797991987 0.122179199452018 0.13232899806278 0.163473322968349
0.224009174688159 0.162870173296504 0.226050278062651 0.158157703058297 0.0341251297091369 0.189452372192399 0.00533516899285338
0.2202765298287 0.0580962538081857 0.0749941074855563 0.0284903268237475 0.200862539438756 0.0692480077505549 0.3480322348645
0.0695134828644563 0.292844692698979 0.0812618409571603 0.0594226676741584 0.260909085437991 0.208509991574838 0.0275382387924168
0.289756607910747 0.0324493880396212 0.063742157192056 0.103745361841669 0.293105658561611 0.0362235451719505 0.180977281282346
0.0877775842609659 0.0618342405585168 0.218639407415991 0.391052704452808 0.132866678173313 0.0117465655903068 0.0960828195480987
0.0307957827513522 0.105278184222006 0.0575562954125015 0.073983473290806 0.215547808220518 0.419771039170082 0.0970674169327345
0.0631969494910915 0.110732137995078 0.0860035577178467 0.12305148048545 0.284729746451462 0.17004087429293 0.162245253566141
0.269051628200857 0.0244762909016705 0.0489420765713166 0.274218550851018 0.286245930314235 0.0885205405462186 0.00854498261468312
0.229541061463004 0.0130910100126234 0.162579492080552 0.254940388632311 0.220547761530208 0.0416725667714902 0.0776277195098119
0.300066111816162 0.0558415616958231 0.0846334159481362 0.328147521965307 0.0344658426461171 0.158237372095048 0.0386081738334062
0.173211230840783 0.0168425292223157 0.137101239060356 0.298906150582827 0.0160598437545347 0.0758225721990096 0.282056434340173
0.243667980125718 0.23635697022012 0.0966614458592068 0.113299292808906 0.0756391904893115 0.211859710050317 0.0225154104464219
0.279913459989554 0.0320329655122415 0.260432338259769 0.00517241014909318 0.169275865647702 0.197648018428096 0.0555249420135432
0.0941185200636278 0.208320597358301 0.168037648476772 0.0854885475913098 0.121072283352653 0.167110229178094 0.155852173979242
0.168866203372106 0.142334226662136 0.111258586604369 0.218194747340498 0.132352748552955 0.0774272394184289 0.149566248049507
0.0395277626747927 0.110382807167156 0.178322892384166 0.0626118484616385 0.207998448790825 0.148064083370829 0.253092157150593
0.0653715888527391 0.173655988474846 0.0969779641815389 0.0713117491279081 0.360100027859922 0.105611588980448 0.126971092522598
0.30936740227965 0.160316157413611 0.18331740885082 0.0169257422578628 0.215476336300195 0.107620113602494 0.00697683929536726
0.153058840637747 0.0746686182858483 0.254192891101399 0.241510096810067 0.216928002944478 0.022647265062858 0.0369942851576021
0.174574358337236 0.298949874429397 0.156860905423043 0.144230843821349 0.0351801339396489 0.0171428839770524 0.173061000072273
0.0982349752179819 0.223900172678739 0.155419075511453 0.0250606446899835 0.219069045885379 0.187654426440678 0.0906616595757852
0.161811810155228 0.0780905758078907 0.0244285743844617 0.139267493965302 0.0123656692543692 0.303244752032575 0.280791124400174
0.101393386234568 0.135579751459314 0.078175225481035 0.192492665701644 0.0154393319276804 0.277971579538253 0.198948059657506
0.239589749946148 0.194435583175406 0.187583249708787 0.174771152850008 0.00482320583978888 0.0407783728707724 0.158018685609089
0.163466991888626 0.242239573122988 0.00518647088026386 0.0471413989200611 0.180354880715739 0.236061004409561 0.12554968006276
0.108996085620691 0.162155415092018 0.180837981690977 0.106891195632623 0.125371662747164 0.205036068373768 0.110711590842759
0.0193909615147139 0.128667934094996 0.22918479075706 0.214307794066344 0.141269644605149 0.135437076963941 0.131741797997796
0.227728720642743 0.0989513508008983 0.200201686068447 0.0771282574987755 0.242314379387353 0.055881171003321 0.0977944345984615
0.185927206196858 0.0298818455648021 0.0720143741550427 0.170216524487692 0.357309052581887 0.179034724347257 0.00561627266646078
0.212776898597265 0.23184996983156 0.166355215504971 0.0525026392439899 0.124943454602517 0.0118927443349378 0.19967907788476
0.181980597901277 0.138381446833484 0.253769099886441 0.00115643912654782 0.0746138885023842 0.195531800900348 0.154566726849518
0.247030011006327 0.0277810688788299 0.00880788721159254 0.0491807123364409 0.266676220843491 0.245437166262991 0.155086933460328
0.159164657750698 0.115999659588148 0.0695848983141448 0.14160367819265 0.166176794085714 0.162206053842415 0.185264258226229
0.0157688300550404 0.292516917306721 0.155485963196162 0.146896393995809 0.0620894505681689 0.0367349145766937 0.290507530301404
0.2360318863701 0.137586923864434 0.246699427934531 0.0113313072150071 0.166117098332335 0.0121792255693259 0.190054130714268
0.0897022895028361 0.166697450884998 0.381874025024112 0.086096017659945 0.110104566038042 0.13750197631862 0.0280236745714464
0.29359390921753 0.0818124315674076 0.00466130421961644 0.157708594376268 0.21931302810006 0.210420550118729 0.0324901824003894
0.195557054063478 0.11493030167277 0.113571631646974 0.190389756597766 0.14474540506636 0.0685280862525922 0.17227776470006
0.123846669167887 0.116947097501653 0.204824863788813 0.110158138473723 0.219573218972228 0.155465563487258 0.0691844486084388
0.134136941506708 0.179626961516845 0.201975535793349 0.0484686217201828 0.101702451081648 0.203576278254044 0.130513210127224
0.132632301577413 0.145268328517836 0.178416511925571 0.130327809159592 0.163758807775808 0.0358306322248864 0.213765608818894
0.02633067428928 0.0812580730142104 0.260137000857432 0.233282766629059 0.0162849146486203 0.221357591970706 0.161348978590693
0.264719188874216 0.312890219370562 0.0376490287591178 0.174894780145393 0.0268428131012277 0.138044818057925 0.044959151691559
0.0805312040904979 0.164531728963506 0.135963726224803 0.0537565109365714 0.164578342357891 0.178117409428546 0.222521077998185
0.138495108291876 0.094332756158348 0.0563314771305868 0.15367018837005 0.169487644769115 0.106684790493063 0.280998034786962
0.17749975658976 0.0242860559949002 0.23165029329777 0.0640773917905171 0.0262747170615651 0.158680909593708 0.317530875671779
0.274748181606739 0.246683950508128 0.0484408902401898 0.062393825092208 0.21481547674337 0.135366301429079 0.0175513743802867
0.0684384324385708 0.0483724791758129 0.231230130354661 0.233204134506986 0.0567350411395894 0.180331707335919 0.181688075048461
0.184466359509785 0.00670422752531661 0.18339790994634 0.178822010638784 0.0780540779090098 0.180229085224371 0.188326329246393
0.228347825959563 0.11082776163901 0.150794264930853 0.0941041083721564 0.106035159015058 0.190229534130758 0.119661345952601
0.209333389797898 0.207314057908879 0.0490064211782721 0.0112583139419994 0.175502718072372 0.1495829235021 0.19800217559848
0.180525691098305 0.168145517303068 0.130072423932144 0.204130394498014 0.180204567498833 0.00907432630603234 0.127847079363604
0.0879424656185124 0.156749625304368 0.238491676021895 0.203691012667705 0.0467995873612776 0.128534955464222 0.137790677562019
0.183451611317382 0.116503879362421 0.256905750611543 0.0478866453686846 0.207631888862355 0.023750721841962 0.163869502635653
0.150570624639497 0.246081179859788 0.223753718230289 0.0431493401052594 0.200114770759122 0.124008513847726 0.0123218525583174
0.159652481618796 0.151355325884386 0.194864369566531 0.120074702683301 0.0323635503242168 0.245893715952253 0.0957958539705163
0.130691335523668 0.190954401078073 0.174915812406304 0.101369677297315 0.352058257205136 0.00227603020587333 0.04773448628363
0.220911764754113 0.248498180484782 0.059571509516857 0.0532040510850922 0.136275188191105 0.0625179508177782 0.219021355150272
0.0135808189630099 0.180516195153349 0.177638497641867 0.147405554623659 0.120861567661435 0.199528798007819 0.160468567948862
0.114586329126914 0.0479063512295705 0.126508437368753 0.106150364658854 0.310668839685901 0.0383841771781174 0.255795500751891
0.137691684413263 0.167979984926939 0.142053820587169 0.0209822512244025 0.211418015933257 0.169459237550768 0.150415005364201
0.262384065896123 0.162853518631597 0.20748354476342 0.0442921533181983 0.0809843721330789 0.0492887147477338 0.192713630509849
0.0853399122415598 0.124151011344861 0.162840652141354 0.135031599632502 0.270341920823625 0.205327797359634 0.0169671064564642
0.104745364231804 0.109630141554288 0.0930336877702714 0.0599545693229589 0.19664013581178 0.161814664531088 0.274181436777809
0.173024774165222 0.127126365327229 0.160380744465078 0.0863907189616275 0.170627555768527 0.0789546161181638 0.203495225194152
0.0461519169680203 0.182588538617229 0.233612811875404 0.0794061416663334 0.0306110568630327 0.213552716378841 0.21407681763114
0.0489350187133191 0.198745455598284 0.217399747530612 0.200554335153875 0.0525497858005733 0.118880976196201 0.162934681007136
0.241060127951033 0.0690189259129989 0.219301913285252 0.136112004086975 0.127709743585566 0.110074701057146 0.0967225841210295
0.234432393812013 0.0795168439954963 0.169078958773038 0.287415289286224 0.00814987524926216 0.178876910596588 0.042529728287378
0.167917543318357 0.0503946411130631 0.271440309516453 0.105635584391095 0.135184713390989 0.125192762321434 0.14423444594861
0.136978798497653 0.132210653447177 0.0288978326914156 0.197932491254158 0.20628432064059 0.157458318219651 0.140237585249355
0.276476195312201 0.0460334210119511 0.304331374354051 0.100339413620808 0.0376579441047136 0.143234857263743 0.0919267943325328
0.223676112173743 0.108865115324227 0.223278851093854 0.100986108200302 0.23296664413364 0.030153034358334 0.0800741347159011
0.208889955112955 0.0533847992026211 0.236950549958054 0.219824061380543 0.0537087706675747 0.160591348611209 0.0666505150670421
0.0967865167894647 0.119767025385222 0.00539290611621858 0.0604987947552442 0.247147254315489 0.255689162174613 0.214718340463748
0.15307899147561 0.153456205345249 0.0273605656649225 0.100088140989145 0.208579770284197 0.145728809836864 0.211707516404011
0.0529819988231808 0.194745335138372 0.0898873662818497 0.275073038092713 0.216126061322564 0.074154627821875 0.0970315725194462
0.0865978842487534 0.0477765179183483 0.168131055282837 0.271768973336781 0.111690688602143 0.202390748261828 0.11164413234931
0.184153748543157 0.0868584820105675 0.234468158141377 0.155488148182113 0.0923704864805349 0.186066609906131 0.0605943667361197
0.0733572055173065 0.173745737288637 0.238081713751256 0.183077563807775 0.148451781842051 0.0147709960348767 0.168515001758098
0.0451342636204888 0.0377391235201832 0.198176867044545 0.215552032369313 0.182173797234098 0.171839289580915 0.149384626630458
0.199680259047494 0.136872545407846 0.170267280669686 0.146399543909366 0.104747140073059 0.0495306687205884 0.19250256217196
0.0534370811628504 0.177766090710325 0.140364827618993 0.225394944694849 0.0704145874281376 0.2165956774126 0.116026790972246
0.123585690164141 0.174394120479534 0.0879202819146994 0.2326774221365 0.0606984651336113 0.127891358706619 0.192832661464895
0.112452414950587 0.334042052805899 0.0914881869797891 0.0611299870087032 0.0995518712224389 0.250853343530546 0.0504821435020371
0.185743088519198 0.0399045604374799 0.162857776836031 0.0804217432888277 0.128017950177814 0.17681008066703 0.22624480007362
0.120857855933583 0.230076454957037 0.0627318001641975 0.0252708505739603 0.230160528316202 0.0341545068473139 0.296748003207706
0.206671282511667 0.226873269051402 0.171496639581356 0.189342149772738 0.00753855477085736 0.0409983505628071 0.157079753749173
0.142917665004448 0.154235950277065 0.104487030843458 0.152165989962582 0.122663411754678 0.145381106150322 0.178148846007448
0.257308092921326 0.0527216407838715 0.264411166235373 0.153895081918207 0.205194985804852 0.0274347413673907 0.0390342909689799
0.087991802025859 0.154079345117048 0.294755242805034 0.0173267596898725 0.180153040485182 0.12468361814005 0.141010191736954
0.0122193853941033 0.0250357024173511 0.325591625843759 0.159082972209795 0.327556251840483 0.131401435106188 0.0191126271883214
0.197423563119471 0.225175394953334 0.217421950650474 0.0809567305349492 0.00668814016323648 0.0635587543787953 0.20877546619974
0.193150913045227 0.187980811779453 0.149883282569127 0.051818891936423 0.175820225858228 0.107846193794431 0.133499681017111
0.160510864594212 0.0259103024281226 0.0810313545598164 0.133640913098835 0.202538122222809 0.216017107426242 0.180351335669963
0.00102737301832147 0.0251237000289085 0.197378896780708 0.0307491713545026 0.371786012559456 0.228513880346996 0.145420965911107
0.204338343135117 0.172479864195107 0.0873743258216767 0.00795725918932149 0.216752469134477 0.0985551984223888 0.212542540101912
0.0761785223168481 0.0720119684864616 0.238560692537945 0.221964476584934 0.0962306545287762 0.201522572234088 0.0935311133109473
0.0160924093937703 0.186360118377348 0.120441965883167 0.166514241512941 0.228363898944128 0.181746097179831 0.100481268708814
0.262484215823216 0.0687388499639462 0.215839013280657 0.132167692580415 0.0587675688910281 0.236842765963339 0.0251598934973988
0.264270037701136 0.161249341390249 0.0984966947276447 0.13367525245362 0.145033634546269 0.0486166983759741 0.148658340805107
0.210410625824557 0.137722791887257 0.109995976973236 0.0782389956274702 0.139995340038962 0.187610778223623 0.136025491424895
0.174744712633142 0.119908077844092 0.0850474152910894 0.0380938758765794 0.32064464314924 0.217699400886295 0.0438618743195619
0.095386785058452 0.16919860707249 0.117972375753932 0.0323693391820464 0.211456556972286 0.0559486827941593 0.317667653166634
0.178574583454932 0.160493153875231 0.0642186907008478 0.131269157186148 0.263974936314319 0.108194821532286 0.0932746569362356
0.14860877829553 0.209497163295989 0.1524705947528 0.0328277780912722 0.146639901090614 0.13670298484806 0.173252799625735
0.288295861776697 0.230031566908829 0.00834736408524242 0.278231712431078 0.042819901583586 0.0696849555520737 0.0825886376624938
0.200813622364877 0.181268369777269 0.00301951671827193 0.0468206341926477 0.17967107121266 0.199790636169767 0.188616149564507
0.0207405330207188 0.298668250036962 0.0255505056422664 0.187516288963228 0.258913027476302 0.163070590515533 0.0455408043449897
0.0597622984954519 0.196672266325944 0.202506651518295 0.100068337171974 0.1573638976381 0.139692889596669 0.143933659253566
0.131520505743352 0.0762467392921923 0.0449290589425872 0.146836539415935 0.157389520073969 0.260364568020597 0.182713068511367
0.181327005325102 0.27625256964557 0.0224020499444193 0.171632234283541 0.186993805415526 0.158423510399803 0.00296882498603848
0.064007074845971 0.0587378858444011 0.299061364536395 0.172266884711225 0.00921069941155915 0.110791247382763 0.285924843267686
0.224254343675464 0.189487977053519 0.141602359934141 0.00301283299032081 0.227720697828452 0.053131866062144 0.160789922455959
0.150436661268912 0.0939759113587082 0.166591118592076 0.274928411616531 0.0133921628133023 0.0451993978058517 0.255476336544619
0.12495121688349 0.0335836708285848 0.068821765832937 0.203102786161676 0.197543385549734 0.185002533119265 0.186994641624313
0.148577348337063 0.00218688776446117 0.0974421789996563 0.110492821865896 0.18330701857585 0.274316157976786 0.183677586480288
0.025693643456548 0.121044947545492 0.0140191745676803 0.0554145217030406 0.356661380687366 0.113985164870905 0.313181167168968
0.248663823454809 0.113475412450954 0.0457601900308948 0.119181543314771 0.0432521087549215 0.169964420406686 0.259702501586965
0.162444959253389 0.180704601879209 0.00181469398383883 0.245008686865779 0.145674917388079 0.193029498164192 0.0713226424655134
0.240442519509739 0.140912279764234 0.0841692296678461 0.207910121346976 0.159859880822861 0.109604441669169 0.0571015272191747
0.070233575031613 0.20428741918422 0.0502600888989267 0.149555774030119 0.271582409388179 0.00160304480076819 0.252477688666174
0.184038280194037 0.158851855103348 0.0819859744430485 0.221646810047496 0.125637941880795 0.106599097195072 0.121240041136203
0.143005271430558 0.133094653476068 0.181580668849264 0.0553686164401322 0.200511129478493 0.151575387041154 0.134864273284331
0.12438305241141 0.164537286593507 0.183038706057997 0.0401516522649258 0.137400259787186 0.152082278267125 0.198406764617848
0.11090610660927 0.204713894258383 0.00151173426184571 0.248755696868753 0.0913554946837039 0.19837303094627 0.144384042371775
0.0931436294042197 0.0755223732681447 0.119191624988624 0.223997404868994 0.239027562835262 0.173420255867442 0.0756971487673145
0.102327938929926 0.138422144817745 0.14219846076735 0.269029214112279 0.119112207222853 0.190937808269729 0.0379722258801174
0.148246146709751 0.258410205928063 0.230994265001291 0.0459230644229188 0.203938463221478 0.0993448288734726 0.0131430258430268
0.131254512852281 0.00586956016823177 0.332645620869684 0.026512799025052 0.160470693769905 0.303752155290318 0.0394946580245275
0.210806302711164 0.208301230430115 0.167685184315689 0.126222579798772 0.0105019512215622 0.181504103052347 0.0949786484703509
0.10724955397148 0.207932685244119 0.0914240797987694 0.0904614381948728 0.212597976302811 0.143496518560426 0.146837747927522
0.201314299306234 0.155914265413508 0.203853652770913 0.224329806562547 0.0222342113984521 0.164220367151274 0.0281333973970715
0.0478921754781102 0.182038515803184 0.234644643192001 0.104312406886681 0.207608593391488 0.215402345235132 0.00810132001340412
0.194772441685552 0.212705549026777 0.193650127010944 0.00722056811740409 0.121618279315718 0.203328184317723 0.0667048505258815
0.240034774285282 0.0642630868000427 0.0912826461909005 0.135202600151004 0.0829110855120729 0.138433165993841 0.247872641066857
0.258046166867998 0.093465243077251 0.0383159613246111 0.190439455167349 0.216422386760266 0.049926679566559 0.153384107235966
0.0380256123990174 0.0882197178354356 0.313322423357542 0.198602226473825 0.305623914150812 0.0546830978345521 0.00152300794881561
0.036962271664306 0.199238247167084 0.142149469801085 0.179261891265372 0.15679413920455 0.111248062824969 0.174345918072634
0.137490128393959 0.156346399109181 0.0241064989571122 0.137941953963355 0.274580703698794 0.204841470736621 0.064692845140977
0.142517990473313 0.263405759939486 0.0420552822375684 0.200891679866009 0.0677409035935189 0.00684670624910574 0.276541677640999
0.198972022702131 0.146399493305791 0.022680818624685 0.182755647930623 0.158371484737476 0.234869137465556 0.0559513952337374
0.120006340211434 0.0697095505207025 0.178521648577301 0.00811729583991039 0.271831189476297 0.345717400845763 0.00609657452859177
0.196143983160629 0.13768214196031 0.325653015888998 0.0280726929969457 0.0420737737112985 0.223497889258248 0.0468765030235712
0.141746742774552 0.195650482714942 0.085278726902944 0.0700857799114871 0.202499057817858 0.14977290880396 0.154966301074256
0.0914097762308109 0.167659261628915 0.0145888683785076 0.320043617135262 0.1015906637174 0.0268377444892177 0.277870068419887
0.0902388087945842 0.0099009251016969 0.281595887745651 0.0352681825600048 0.0864512913032612 0.306786226482285 0.189758678012517
0.163627231017291 0.100484819102975 0.0484354996555922 0.211012802579077 0.179844682214356 0.128418175690011 0.168176789740697
0.0701794304201697 0.295345939722651 0.00189715535450424 0.00519152294906951 0.27906124253863 0.0675514338872213 0.280773275127754
0.13013356741396 0.0553112230707999 0.148259026624685 0.253459683600994 0.165010209803199 0.196111386985157 0.0517149025012045
0.0634803543987374 0.285657967240814 0.0726310804223536 0.0296560070691975 0.193867753960472 0.255399004446487 0.0993078324619383
0.274989442997714 0.0104566570200126 0.0581949852116335 0.0546270214191969 0.140229002433682 0.258079714995392 0.203423175922369
0.00828582672706349 0.0635145776445303 0.155515630065866 0.129428063140455 0.285901915168965 0.120811571003004 0.236542416250116
0.222696532640014 0.00837970792504993 0.197997507388019 0.197431596010851 0.14756689703505 0.102338512461054 0.123589246539963
0.0312431819328503 0.316385492310171 0.12275413055235 0.209167981021553 0.0153584467868369 0.0202889736008695 0.284801793795369
0.0337705119281608 0.148661068218631 0.176436494392381 0.141547163351242 0.219779407772692 0.0154015569022806 0.264403797434613
0.199475463541285 0.298684980401144 0.0589760267303951 0.0911056349599801 0.0218861301831919 0.256473279387704 0.0733984847962998
0.0612101596056582 0.211363143865438 0.190578062080553 0.0764049243018794 0.0460938630125177 0.187845606369853 0.2265042407641
0.0448076359533766 0.149842730056369 0.213698232717218 0.160811919190987 0.154426654211764 0.230988090100772 0.0454247377695124
0.0352733317617854 0.0329830139439157 0.0745481366382652 0.277770141082663 0.218373534132146 0.307001230940343 0.0540506115008814
0.0375932858684715 0.247791837626831 0.136347700613814 0.108034354823583 0.0442643507207411 0.287091615102677 0.138876855243883
0.246083347813178 0.195349006790717 0.0257795798855864 0.135003313765884 0.24566350324919 0.114548962990121 0.0375722855053234
0.113116055176983 0.168701165259399 0.199036617742028 0.131363245370437 0.184207319229575 0.147717487558415 0.0558581096631624
0.228267593969921 0.126583175918773 0.24511127447013 0.0762487166059417 0.159618291488229 0.000384078875207533 0.163786868671798
0.1111906358817 0.140883269312141 0.0625458610665414 0.181977511420301 0.223583041468158 0.145263002601408 0.134556678249751
0.24029701922793 0.12619577446299 0.146442438213554 0.0596785950650814 0.141970646855945 0.181772555450294 0.103642970724205
0.260141661868723 0.218686482941685 0.0506021245093634 0.0174917530591983 0.112183779594853 0.164076277878125 0.176817920148052
0.219443902798663 0.184134771256881 0.101756959501524 0.0610125879539321 0.210901979663317 0.0744309404949754 0.148318858330707
0.201331514046828 0.179717419772229 0.110121050011239 0.1269951794425 0.0167788183729899 0.222434947364895 0.14262107098932
0.199323614236267 0.0506294964988109 0.20959591902008 0.135277445432417 0.225628376766753 0.102050784244918 0.0774943638007544
0.317080356918889 0.235312585885092 0.0198304736211635 0.070111977472943 0.285988279166892 0.0400985598843882 0.0315777670506319
0.180988121826343 0.230397310605572 0.0152140160619817 0.203833180518656 0.0697284603956265 0.125695053795818 0.174143856796003
0.233515079520584 0.0608527732604895 0.00487946047708813 0.186734354224376 0.138123118893042 0.0843758195891755 0.291519394035245
0.101876147337812 0.179095552005183 0.270776731620359 0.0230075032290705 0.158645334291029 0.131400069006706 0.13519866250984
0.0948561826444652 0.229059606200494 0.0827518672136996 0.141217183359205 0.224170104635444 0.00638996091138089 0.221555095035312
0.0790168699208417 0.278968470245143 0.0682483872167503 0.308299590291948 0.0141140451447518 0.0685533547247192 0.182799282455846
0.227811414225878 0.0634526710685815 0.0902178809979202 0.234168867269815 0.00260787644865685 0.153058867928111 0.228682422061037
0.0652726438977119 0.199678127441396 0.11649819013387 0.226731817238336 0.224409019331355 0.00917716934358369 0.158233032613748
0.172296730244478 0.192127852709025 0.200441607232701 0.0251089838772673 0.118030274927038 0.197327388894641 0.0946671621148502
0.135800366815381 0.10717822373983 0.0647741467868511 0.16862016951978 0.151610755981477 0.141048257014113 0.230968080142567
0.225420990711354 0.127203714016639 0.14884120041885 0.127756775353666 0.0851645930586273 0.279864486530181 0.00574823991068367
0.113218008596284 0.245111123748872 0.0583115520803188 0.114239324957802 0.0276132120290349 0.18540326091402 0.256103517673668
0.257590348608705 0.198364084807926 0.251161716774122 0.125255055828379 0.0282678797414476 0.0465411002270321 0.0928198140123887
0.0269674052810083 0.0858717299223502 0.235930994736886 0.0522390965251555 0.123547847815384 0.245545425766431 0.229897499952785
0.148186175164369 0.206467169500124 0.113155806156338 0.207849312891276 0.0782344989722905 0.186282866524276 0.0598241707913254
0.18208511722649 0.159663313094906 0.0965348817606052 0.0988778217073656 0.133119348130056 0.114200303676709 0.215519214403868
0.0827947722219787 0.22678373542241 0.216679891339874 0.228100349690116 0.0855822604048362 0.136519530754478 0.0235394601663068
0.124454275237645 0.248236215478799 0.274961036468535 0.132709425962954 0.111079495509393 0.090500802821643 0.0180587485210306
0.18834619613685 0.188885727415235 0.170803197470302 0.208218421864699 0.0726288785479153 0.0305962926916362 0.140521285873363
0.0817574129580526 0.0842412879586341 0.180183969188153 0.193273454715308 0.0986161891950064 0.12315652693129 0.238771159053555
0.225237269732217 0.279303632495684 0.135924704191779 0.123192471647504 0.0250945695094959 0.0577566188523819 0.153490733570938
0.178014949319839 0.168636494827006 0.207980186117848 0.0831106894640422 0.193238797400831 0.0175331918807914 0.151485690989643
0.0841499864225797 0.121316659309792 0.0287345412045129 0.0584180671796585 0.311570113309233 0.146550875385401 0.249259757188822
0.207962672283235 0.0354130011000337 0.155280865779764 0.0183587435102411 0.213393901881368 0.19526072558958 0.174330089855779
0.154917859412951 0.255947475810554 0.147073696480384 0.0526127933990197 0.0881248175879317 0.18993502497007 0.111388332339089
0.21845664492108 0.220567965860161 0.0947856700794226 0.217869693412655 0.0301008133008153 0.0243525644888699 0.193866647936996
0.107273610559269 0.178473493923504 0.152616853315507 0.124729845569998 0.158964810511062 0.124956464318311 0.152984921802349
0.0309243590232194 0.194291814379219 0.197648220017863 0.137553355516634 0.283847351029181 0.0500796836541334 0.105655216379751
