0.288418216351173 0.0984238808503525 0.270385590494277 0.342772312304197
0.23844143009385 0.247215227334654 0.259668485319217 0.254674857252279
0.0174808120642623 0.379097329746756 0.312118412974467 0.291303445214515
0.109529319162681 0.528564809343507 0.0739152742077088 0.287990597286103
0.0888269053348452 0.420299898614732 0.0654182516588967 0.425454944391526
0.175689274946016 0.394716172790496 0.174767875605254 0.254826676658234
0.137697499512046 0.00456679512544755 0.554141006120416 0.303594699242091
0.242078495075506 0.191324295223461 0.295798990068862 0.270798219632172
0.2972515937834 0.0791446768023672 0.192944136423397 0.430659592990836
0.242270981331744 0.215097880442893 0.296397291017994 0.246233847207368
0.216617493789511 0.148016242923047 0.0784275417506017 0.55693872153684
0.145471987104021 0.348300267431645 0.45943949182311 0.0467882536412246
0.311585844581373 0.204339952132994 0.277740117206911 0.206334086078722
0.362606172193404 0.0493448897231454 0.260092197682035 0.327956740401415
0.0598912934235233 0.184549672060627 0.383721215358917 0.371837819156933
0.0657832723313043 0.187281796978643 0.373573588062155 0.373361342627898
0.20392772114518 0.139675267974312 0.0336682406577248 0.622728770222783
0.0272064288977587 0.466485295381643 0.0719315593362047 0.434376716384394
0.281062344749089 0.0115212829768952 0.571861875331218 0.135554496942798
0.167064598972305 0.395407913845152 0.249486623366237 0.188040863816306
0.142719969523569 0.441581649695933 0.332632342986389 0.0830660377941096
0.119026463658858 0.367555246994175 0.266380819141648 0.247037470205319
0.400848661277977 0.382222291221026 0.00449173970940188 0.212437307791596
0.161909141184522 0.18969911529228 0.361226189124786 0.287165554398411
0.192387674261266 0.255378337236165 0.0710536635425202 0.481180324960049
0.167044706575005 0.462709149761899 0.332638525296161 0.0376076183669349
0.502929899248016 0.00110811340980692 0.0652385257249394 0.430723461617238
0.280388643741424 0.363989467443273 0.0690359872963241 0.286585901518979
0.376968465589514 0.0594227077943137 0.0842789471645319 0.479329879451641
0.449159571867313 0.217062298899778 0.0172117866087971 0.316566342624112
0.0835028883418151 0.394657359554812 0.351237963253286 0.170601788850087
0.17285384124858 0.141136308236847 0.375953609563782 0.310056240950792
0.346072285234601 0.31286242637393 0.338159336330443 0.00290595206102663
0.0744593937279503 0.0445513601750859 0.436508207539254 0.444481038557709
0.217488442844172 0.224025658001671 0.293997930300566 0.264487968853591
0.213999724430853 0.504025186961055 0.278622115160407 0.00335297344768507
0.458748707793584 0.185032928388849 0.27010129108474 0.0861170727328278
0.330989499646205 0.173413649157722 0.10809808090049 0.387498770295582
0.330012514417697 0.284784160805508 0.296698181777694 0.0885051429991018
0.260946490882167 0.247035322294207 0.261431535214606 0.23058665160902
0.402839501664292 0.0377587991759928 0.362415837492802 0.196985861666913
0.424378283377758 0.233156074218114 0.200681192259676 0.141784450144452
0.658056894720729 0.0426795504229647 0.0482940018993507 0.250969552956956
0.0437943109166606 0.31457172507082 0.326104886825176 0.315529077187344
0.435782820798771 0.0615431668033134 0.153814120024128 0.348859892373788
0.119718795559197 0.389768938518589 0.453659589368182 0.0368526765540317
0.13029469334968 0.100832205191155 0.41456304400184 0.354310057457325
0.164074498985577 0.190054511158673 0.17452936994874 0.471341619907011
0.241715053128559 0.0393892570185195 0.0653728789859803 0.653522810866941
0.14540335537866 0.192414370059674 0.548981974175931 0.113200300385735
0.315594016235428 0.178380439580569 0.169142799332207 0.336882744851796
0.264456991783019 0.380224239600855 0.151460153555478 0.203858615060648
0.354136171630262 0.280714212328773 0.0569412042913371 0.308208411749629
0.237894994427793 0.201505686062209 0.0465153958191408 0.514083923690857
0.330411762745277 0.31570655292873 0.128455773912556 0.225425910413437
0.133289643993787 0.616778829763331 0.000287390915295954 0.249644135327586
0.222041055214474 0.278503341176324 0.227955629196591 0.271499974412611
0.347348466389247 0.289594636050107 0.0164082426532664 0.346648654907379
0.282290755961914 0.0687252369061267 0.385487485905282 0.263496521226677
0.376899197967127 0.0518099195738912 0.314763256822045 0.256527625636936
0.296425232969879 0.239009945796531 0.226902038501978 0.237662782731612
0.180454374445318 0.531058061065462 0.176119955541989 0.112367608947231
0.391187296618356 0.401003589559135 0.00479756924166285 0.203011544580846
0.377126572226675 0.0132220880962627 0.193315961603995 0.416335378073067
0.0926540694232046 0.461577396685115 0.286815949379181 0.1589525845125
0.588902323753936 0.0370310117944247 0.37171106606646 0.00235559838517987
0.271814719680057 0.390307885426506 0.226758701518364 0.111118693375072
0.302815396662859 0.237879373643595 0.11563320744302 0.343672022250527
0.0170268518873311 0.468492920841673 0.315595367893221 0.198884859377775
0.305164574810559 0.167552731574024 0.332305855798206 0.194976837817211
0.173695160071274 0.0965290671048006 0.263643731172989 0.466132041650936
0.257340171067109 0.0974157826447821 0.320381041513498 0.324863004774611
0.344847626797944 0.125264734220443 0.0208391048501482 0.509048534131465
0.234223629454064 0.418671320518757 0.0116741523287713 0.335430897698408
0.0422558160799828 0.408192307039339 0.288664039121944 0.260887837758734
0.297210466327682 0.106819284987271 0.238405966838289 0.357564281846758
0.123381910018678 0.289138005140218 0.413444596703371 0.174035488137733
0.228909021063905 0.0770290853299259 0.340857268303633 0.353204625302536
0.120676426308353 0.431419231037076 0.0278000299272094 0.420104312727361
0.25189999959349 0.144995218423284 0.336502196676159 0.266602585307066
0.0926011844859069 0.190966654270525 0.207167660444826 0.509264500798742
0.508518693848924 0.158802853481021 0.00603827235028129 0.326640180319774
0.241113206231398 0.310621620860192 0.21897901632252 0.22928615658589
0.287982625609086 0.479639305750052 0.216549439553123 0.0158286290877383
0.346170826065736 0.302928572919256 0.294427935187721 0.0564726658272867
0.252973312726593 0.190672251254172 0.42102115011198 0.135333285907255
0.316847830471985 0.000791432927164524 0.37312492424964 0.30923581235121
0.0707569329078414 0.425283032728677 0.480935747999744 0.0230242863637373
0.186860705650714 0.265730995067655 0.280879348680429 0.266528950601202
0.0812777171247298 0.608535545238685 0.18951075579111 0.120675981845475
0.255987776986025 0.200195582826486 0.235150101532492 0.308666538654997
0.360975095417805 0.417040852212636 0.0210787487721058 0.200905303597454
0.284896380638011 0.0798355987835127 0.0844585419698869 0.55080947860859
0.392576240814032 0.443057952478491 0.11270014344389 0.0516656632635869
0.196213196581288 0.246067004264569 0.313592317496563 0.24412748165758
0.419016940209409 0.166497425099729 0.135578195509124 0.278907439181738
0.427490543068595 0.00971115167602573 0.497377321114981 0.0654209841403982
0.0926615075650646 0.353280030128229 0.427278600025178 0.126779862281528
0.396588386110212 0.0428785090137478 0.226258444467422 0.334274660408618
0.328113036936417 0.466370779490781 0.10956593974314 0.0959502438296614
0.389938223527937 0.0428641026495366 0.479700856330494 0.0874968174920323
0.0968454491885865 0.451703938389737 0.437001794012989 0.0144488184086875
0.372726447807656 0.0800203312151126 0.352675499352983 0.194577721624248
0.436613620791124 0.131449403168626 0.229662963644124 0.202274012396126
0.0117198516667759 0.383660105843833 0.370257517275545 0.234362525213846
0.194462019335165 0.275515664597086 0.230144915222125 0.299877400845624
0.315096840889809 0.646114814170352 0.03405917641551 0.00472916852432925
0.117417419569528 0.113748454036031 0.284083184815164 0.484750941579278
0.373189583739387 0.304788501879631 0.230711394889243 0.0913105194917389
0.133796059020683 0.287559614235628 0.25405596388984 0.324588362853849
0.0876512655286297 0.447766757980338 0.0282801069676926 0.436301869523339
0.116500539553495 0.532183304534084 0.311570353678122 0.039745802234299
0.349966779882593 0.205216712482433 0.398685302835309 0.0461312047996647
0.267398260059966 0.269171184285013 0.164107014832488 0.299323540822534
0.429225446352792 0.143193340547941 0.112286674230395 0.315294538868873
0.070591798890353 0.321074469892546 0.347685280660639 0.260648450556462
0.230885669285479 0.205661232646974 0.255289169992681 0.308163928074866
0.228111526106758 0.153219191371908 0.334502456954374 0.28416682556696
0.20228354714819 0.502468276425708 0.186351275047464 0.108896901378638
0.0369018630137732 0.323827568777037 0.264376003583506 0.374894564625683
0.241546068261707 0.0598068884496681 0.348599882002755 0.35004716128587
0.0111530885363439 0.408125253824421 0.254991888483398 0.325729769155837
0.255690912801243 0.0603319656825244 0.356128169383891 0.327848952132342
0.561145364543037 0.098684005047819 0.225504289839065 0.114666340570079
0.126038768695527 0.222809787099444 0.4170194221941 0.234132022010929
0.0517913305042321 0.308264854890529 0.516133358757163 0.123810455848077
0.0837574041723397 0.367608517263131 0.291984350076636 0.256649728487894
0.219558902264703 0.483082341053884 0.295803036941892 0.00155571973952006
0.502741009976445 0.103865424735228 0.302726293603995 0.0906672716843313
0.196546600420946 0.430570468379524 0.212666507654632 0.160216423544898
0.237143422210094 0.139941534924934 0.140865920729561 0.482049122135412
0.307099003010225 0.157094105012408 0.228932485278038 0.306874406699328
0.0426792871474616 0.302126886146404 0.117470438854569 0.537723387851566
0.410665205139997 0.202555275215672 0.260646299692137 0.126133219952194
0.12992688708102 0.284911209759684 0.10422533969028 0.480936563469016
0.289233274559981 0.204536094833812 0.268065882688627 0.23816474791758
0.0579757779241468 0.281097787584591 0.542458976186595 0.118467458304667
0.299128267893953 0.216399422565964 0.304665891705192 0.179806417834891
0.322952367947098 0.169954794331948 0.369477862281911 0.137614975439043
0.571787614829245 0.258353698832752 0.106803164155987 0.0630555221820171
0.411964613367479 0.0219736929132055 0.236077294942657 0.329984398776659
0.0719528474265537 0.081705667278444 0.457302606250783 0.389038879044219
0.215317379258365 0.15049329885599 0.324190838536618 0.309998483349027
0.354014597269431 0.0682396085755215 0.113248506259343 0.464497287895705
0.0420588345142413 0.312276265080167 0.33611050948831 0.309554390917281
0.103752020556661 0.18695989797963 0.264170096486593 0.445117984977116
0.111700342692387 0.444551597133078 0.16203047934144 0.281717580833095
0.240119970738111 0.3829206320472 0.184580185730521 0.192379211484168
0.0631650141187134 0.382086875454912 0.447682805475802 0.107065304950572
0.113530532308453 0.083253497145828 0.421166099280364 0.382049871265355
0.0348120042158638 0.317525804978821 0.218670004474652 0.428992186330663
0.449515166816049 0.230518189192708 0.304132929420817 0.0158337145704264
0.279975332157235 0.111654487109715 0.415896733758253 0.192473446974797
0.342941825056755 0.0774001857165491 0.20106819225708 0.378589796969616
0.0136022400514637 0.416496200129161 0.545124868063097 0.0247766917562781
0.343502403482761 0.162405377894234 0.34787223256663 0.146219986056375
0.175998394620605 0.125220238413635 0.245904299239247 0.452877067726513
0.109185207000094 0.212050474791997 0.160862476489304 0.517901841718605
0.251254802830036 0.346840251453928 0.232231213960605 0.169673731755432
0.355120175264637 0.360663615857053 0.224885916258387 0.059330292619923
0.0968968084417187 0.101406636537955 0.572453896502803 0.229242658517523
0.236637995520953 0.191139105269527 0.042398693822424 0.529824205387097
0.124086618270777 0.357053445152253 0.181641203509976 0.337218733066994
0.22552089498965 0.0836111707611384 0.404606619566573 0.286261314682638
0.446007438589826 0.264273578850264 0.107339627360558 0.182379355199352
0.316913464546002 0.0888180572034079 0.061407824972871 0.532860653277719
0.0455036252964598 0.384474096771595 0.155618460666401 0.414403817265545
0.376136953087427 0.179496626988723 0.0295983386171478 0.414768081306702
0.36050729479843 0.0414798608331966 0.301279659195147 0.296733185173225
0.269588924825505 0.178716438809161 0.267952129214512 0.283742507150822
0.294591073359006 0.133163417351453 0.519406893157955 0.0528386161315861
0.238733704885164 0.221828411065074 0.277012586409286 0.262425297640476
0.508860083149051 0.34059199766074 0.124441073381952 0.0261068458082568
0.278292458779511 0.158010886308643 0.252637821530267 0.311058833381579
0.0575913988317225 0.367670777633462 0.459679415700913 0.115058407833903
0.164934646588772 0.273278424925571 0.165715667234498 0.396071261251159
0.407893453192517 0.298281068100056 0.179436677389616 0.11438880131781
0.0135709419116184 0.488085583932436 0.417079186850824 0.0812642873051219
0.183754401412387 0.460402862055225 0.135120489166011 0.220722247366377
0.13171410410376 0.358198613177461 0.340634292144817 0.169452990573962
0.287157310991763 0.18205865037141 0.232606742247948 0.298177296388879
0.206204785543957 0.0398985402695712 0.123533936620156 0.630362737566316
0.325322731018995 0.211169950015024 0.35001412340159 0.113493195564391
0.196756016735095 0.236185948525469 0.263653902647227 0.303404132092209
0.314158563037962 0.518087129001447 0.0189568177269437 0.148797490233647
0.283775093725985 0.280582514517735 0.292475123405514 0.143167268350766
0.210157331315411 0.317102208965461 0.0727468421995455 0.399993617519583
0.162201734913184 0.00176343840937959 0.102703133599649 0.733331693077787
0.230529140177598 0.276534420598662 0.315095032953824 0.177841406269916
0.388466238055476 0.42797934680662 0.0912908548789801 0.0922635602589244
0.103981359106203 0.150919597632785 0.109987363072367 0.635111680188646
0.383453919330556 0.394435636280313 0.0375623826608174 0.184548061728313
0.162347233747163 0.302215247064307 0.273246332689602 0.262191186498928
0.505613501241293 0.0849360096437989 0.22870570893102 0.180744780183888
0.440895927471711 0.290374088094432 0.0212925654642848 0.247437418969572
0.274878664506586 0.270500649120567 0.22170257685886 0.232918109513987
0.107474642172075 0.0739999501861841 0.450052963377251 0.368472444264489
0.103268281508396 0.382478239912726 0.0279988985903399 0.486254579988538
0.189212760873472 0.158830235735798 0.335282886489147 0.316674116901582
0.226738768900954 0.293175808232259 0.227430970516124 0.252654452350663
0.31555942921832 0.245292870482004 0.343568557191753 0.0955791431079238
0.162713257612043 0.237640705290741 0.513918672560634 0.0857273645365825
0.425284115278234 0.188701266638205 0.271068610243038 0.114946007840522
0.335370358234446 0.341156710286682 0.306328977765079 0.0171439537137926
0.339682010097087 0.338965409883795 0.246419399341944 0.0749331806771735
0.227040768056506 0.326607494270897 0.314767898060181 0.131583839612415
0.505595260055602 0.333039416417169 0.0644633347055475 0.096901988821682
0.136757627026051 0.322098439350585 0.310764245210763 0.230379688412601
0.0276419824004984 0.262524083668567 0.267570986839137 0.442262947091797
0.247175069568729 0.233648181386677 0.0614960124654419 0.457680736579152
0.0853325752759583 0.4492472241709 0.034415729995975 0.431004470557167
0.0814849095051313 0.385440807530835 0.0548944420474696 0.478179840916564
0.0759969689511038 0.391196173086329 0.382965019150232 0.149841838812335
0.120244727298061 0.531370721131519 0.0179087531912016 0.330475798379218
0.491969528213943 0.27290225467643 0.124480885461588 0.110647331648039
0.28284959439559 0.18937817096151 0.192871877388671 0.334900357254229
0.225305187076487 0.264181323255073 0.305070611103322 0.205442878565118
0.181984204105933 0.0221267097722601 0.360308293260957 0.435580792860849
0.362563523049925 0.210642899427186 0.296254522382737 0.130539055140152
0.0685881490096079 0.214630604867397 0.341597895820899 0.375183350302097
0.35485924036073 0.172914172276964 0.446329724155671 0.025896863206635
0.199599862454295 0.214748485455966 0.224264540838143 0.361387111251596
0.577301048656866 0.0257841984711058 0.319274519840358 0.0776402330316703
0.311254182999903 0.109499221028187 0.0806284190688618 0.498618176903048
0.309823354843941 0.356340061297192 0.172021609101437 0.16181497475743
0.320151703489719 0.201386344385781 0.200214975381245 0.278246976743256
0.26201643743402 0.27335911087814 0.397802244066517 0.0668222076213227
0.612661053432997 0.1880561464374 0.129750616392758 0.069532183736844
0.0971307824705861 0.286247158364554 0.267580344978256 0.349041714186604
0.04069948441133 0.0841644512814268 0.454042681983618 0.421093382323625
0.193580148439351 0.0342775627344787 0.42194608954675 0.35019619927942
0.381703162280606 0.366546241750002 0.00619082177309827 0.245559774196294
0.0540247988793428 0.331329186232728 0.251167923503118 0.363478091384812
0.216819053935728 0.24532049380481 0.513007624135917 0.0248528281235445
0.267719573712817 0.222867134684286 0.203601417816229 0.305811873786668
0.137547018230249 0.343905856710377 0.284468174618545 0.234078950440828
0.0407647777461928 0.48919018348174 0.0679287482798751 0.402116290492193
0.263905468517043 0.242026035455041 0.363135491943279 0.130933004084636
0.140278849994735 0.501343889987884 0.31660619382942 0.041771066187961
0.357417179597775 0.0993129526751128 0.0923685153588495 0.450901352368263
0.446543407953017 0.0823841366942942 0.394186901094693 0.0768855542579965
0.374259210401129 0.162392835998449 0.345510238934232 0.11783771466619
0.0803242483488123 0.231650499998604 0.438133241479961 0.249892010172623
0.380440774843049 0.1706579839069 0.221763545252332 0.227137695997719
0.146271709870791 0.262679472977895 0.327704908010083 0.263343909141231
0.379403497236798 0.451107644229622 0.0561389302628664 0.113349928270714
0.165291514245549 0.546290013795043 0.0468862823742837 0.241532189585124
0.0422003225924537 0.10367235388885 0.305758563688371 0.548368759830325
0.104450952050138 0.595541060951873 0.141323560646102 0.158684426351887
0.291756433394122 0.282816555156533 0.066383658217651 0.359043353231695
0.361771298792898 0.211375513050509 0.239750388131153 0.187102800025441
0.0200279048113051 0.343005194589389 0.238956297331892 0.398010603267414
0.357214769530405 0.0906538622585809 0.156466811419418 0.395664556791596
0.264500780674536 0.0661957860146696 0.332557955552245 0.336745477758549
0.401031213069622 0.127488121070614 0.313642761362013 0.157837904497751
0.295686302025606 0.0976893882796328 0.142235983989989 0.464388325704772
0.438446334693189 0.0232428400945174 0.421505970093973 0.11680485511832
0.172337723143652 0.30662758171145 0.139685924875945 0.381348770268954
0.266729726341085 0.387248652226056 0.0889792960013273 0.257042325431531
0.249678885319497 0.255487653819559 0.130999016598697 0.363834444262247
0.252383468086943 0.225014229441627 0.232691303027728 0.289910999443702
0.198866872770512 0.330668239510229 0.228504237463047 0.241960650256211
0.0352620551243781 0.213877186079465 0.286691635151773 0.464169123644384
0.230630629005084 0.058821618696558 0.615898383558948 0.0946493687394096
0.333316010746801 0.19872353947674 0.299973872157023 0.167986577619436
0.295697040958605 0.0731593769372532 0.339585594401169 0.291557987702973
0.112660091532138 0.211587918993415 0.406411469283981 0.269340520190466
0.289024666589371 0.18910809676164 0.153625606642252 0.368241630006737
0.343115342503527 0.320101943576772 0.268418650258712 0.068364063660989
0.280893699132151 0.163700015083289 0.39246503483398 0.16294125095058
0.0231427139364425 0.479709860748116 0.203971028648134 0.293176396667307
0.284631682722559 0.200304055184698 0.34780387905854 0.167260383034203
0.308463648929945 0.0766358380172512 0.603133981424647 0.0117665316281573
0.0714605979229543 0.39770977590348 0.32306511825012 0.207764507923446
0.248075248758675 0.0461262830125553 0.426205933571958 0.279592534656812
0.0165587612855582 0.598326925042655 0.203671004874153 0.181443308797633
0.191645749041001 0.290730037573182 0.258983183132916 0.258641030252901
0.1069498643945 0.218525028971452 0.345873828492956 0.328651278141093
0.39542102787973 0.26925985448607 0.266448630745797 0.0688704868884027
0.0263897935247616 0.160311383148894 0.391105777598649 0.422193045727695
0.30007129988984 0.264459048894162 0.131699530784529 0.30377012043147
0.113219140197269 0.0595402923134988 0.751095464231976 0.0761451032572559
0.322572809993589 0.206822065083667 0.196814539164904 0.27379058575784
0.348890663082404 0.168847316923337 0.351393000885655 0.130869019108605
0.205446189969593 0.228831903170112 0.34836831096515 0.217353595895144
0.413536724803972 0.143259805861539 0.308118380753014 0.135085088581475
0.14120884152988 0.287198818559128 0.272410624070678 0.299181715840314
0.301524308065197 0.24462727373448 0.135738486554074 0.318109931646249
0.241482699226374 0.278465633985954 0.283415956176755 0.196635710610918
0.0985896219513568 0.115221153597209 0.189793576531698 0.596395647919737
0.436036117837098 0.218466977623225 0.243389384688604 0.102107519851073
0.32161535357063 0.267240167812984 0.157362819648423 0.253781658967962
0.011629766166193 0.567644345777609 0.271496205235651 0.149229682820547
0.283425418417961 0.120149107801266 0.2450648914092 0.351360582371572
0.250012486211671 0.143104055511761 0.285855408377781 0.321028049898787
0.296015214344835 0.109484520010221 0.271849501541257 0.322650764103687
0.117627176525654 0.253227051853536 0.263218708032193 0.365927063588617
0.249910903230681 0.319298875441643 0.357661285974005 0.0731289353536707
0.34434403733639 0.422402960779934 0.129453924740536 0.10379907714314
0.111255946265085 0.348261425875172 0.124621486510812 0.415861141348931
0.104343718434989 0.0568710903789856 0.36865044630016 0.470134744885865
0.63880891370986 0.253998351320463 0.0649869697934994 0.042205765176178
0.304796918328607 0.239601545941741 0.249349356445477 0.206252179284174
0.0438934169408569 0.412944815862828 0.0653468489524227 0.477814918243892
0.4298594151436 0.344732621422718 0.173099120004796 0.0523088434288859
0.152079312625524 0.276164801428216 0.528295182860205 0.0434607030860551
0.23891263805695 0.337568606904089 0.152208683393781 0.271310071645181
0.550146779056504 0.143585147742398 0.183883408119543 0.122384665081556
0.35009563004067 0.30004097078666 0.308114774931138 0.0417486242415328
0.00541479798208543 0.228487838538263 0.400605719175581 0.36549164430407
0.449463869409087 0.084593633484755 0.0059736222473754 0.459968874858783
0.301113915998899 0.355076673329182 0.0740820277354624 0.269727382936457
0.170273741484593 0.0741284051411872 0.339103045442724 0.416494807931496
0.309020710079305 0.279885781789006 0.334782457266277 0.0763110508654116
0.310463515138382 0.158246636761514 0.247017729585909 0.284272118514194
0.213493512609804 0.108549247650477 0.431049180376313 0.246908059363406
0.0802930316337121 0.473294843266704 0.407049624117529 0.0393625009820546
0.196047998250125 0.196919109710928 0.319902959649675 0.287129932389272
0.293681274843976 0.304127859975602 0.153635979295729 0.248554885884693
0.0924112174285842 0.112423091599864 0.198512134288667 0.596653556682885
0.305720163670774 0.0605255598898964 0.176074502779778 0.457679773659552
0.40433951339729 0.0768862561186039 0.201325575139837 0.317448655344269
0.326786136185847 0.174282233654788 0.230231561504677 0.268700068654688
0.418551966877301 0.115903995320294 0.0118176754862433 0.453726362316162
0.0994175045533423 0.285216321362146 0.336776689141867 0.278589484942644
0.427738768185501 0.312809635835476 0.140962009608674 0.118489586370349
0.424320352646484 0.400763961916954 0.0321931425023367 0.142722542934225
0.11962124053633 0.322093454532021 0.172804317171742 0.385480987759907
0.366446031995714 0.266011198894067 0.153347141705722 0.214195627404496
0.332265495981959 0.108470596691454 0.196687406125392 0.362576501201195
0.427842043926351 0.313188524370048 0.0883826093829785 0.170586822320623
0.236561163833955 0.342927814279596 0.104219937460569 0.31629108442588
0.382071561763803 0.465856334579868 0.0144352538576759 0.137636849798653
0.353840573609664 0.144121352746547 0.301744868139471 0.200293205504317
0.103970439217217 0.370693828832426 0.133766117799948 0.391569614150409
0.0488786961456887 0.55952665488449 0.0112485832015195 0.380346065768302
0.0529192579516266 0.399994604114276 0.181449020287749 0.365637117646349
0.351229236846629 0.317301803065845 0.0696682548734239 0.261800705214101
0.358931275232851 0.00770895539429074 0.319584467439208 0.31377530193365
0.183649340868762 0.342398172246719 0.0124709512408834 0.461481535643635
0.314332976597747 0.300856170966956 0.232003700979213 0.152807151456084
0.318911447557602 0.258755867488707 0.0283660541749273 0.393966630778764
0.213392826102959 0.528854818595466 0.0551920529018175 0.202560302399757
0.0138503022968366 0.414906189164188 0.311658854685534 0.259584653853441
0.0492200444320737 0.398738459038327 0.301448329342817 0.250593167186782
0.376248848045778 0.453081767071829 0.0715560072029275 0.0991133776794661
0.435542583137845 0.522955208434813 0.034520099522965 0.00698210890437726
0.199305727359461 0.307876755404327 0.195523312769125 0.297294204467088
0.058692845505787 0.400355216429434 0.151097743428803 0.389854194635976
0.133748529054341 0.436280030556373 0.0905542708605621 0.339417169528725
0.0826065400649537 0.211678774448472 0.374067051957564 0.33164763352901
0.23989194204874 0.264660924368823 0.232841801805439 0.262605331776997
0.321781712070056 0.00140480702453988 0.0538797341769103 0.622933746728494
0.284475133026667 0.186397036021535 0.238082988359282 0.291044842592516
0.292111665857522 0.201542292394557 0.202884011537636 0.303462030210284
0.262302849378822 0.257231885424822 0.405488242138544 0.0749770230578114
0.355886936432582 0.189498337301019 0.321101450235059 0.133513276031341
0.23484945678242 0.299271030158493 0.428036834568176 0.037842678490911
0.295708637846835 0.177837992874365 0.329781144822611 0.196672224456189
0.360789415822567 0.218608589661063 0.0937080447559225 0.326893949760447
0.0240006550815411 0.452388561548119 0.024382713352747 0.499228070017593
0.273863456603487 0.0658852345722191 0.265647275193207 0.394604033631087
0.247833492201322 0.187616274110148 0.314876271441818 0.249673962246712
0.157618379873802 0.763309205301307 0.047316020367463 0.0317563944574278
0.122572970673131 0.197710293758549 0.477696036838063 0.202020698730257
0.0329914795618962 0.117664942181588 0.422783412345229 0.426560165911287
0.442018180416871 0.406770954034775 0.13231114999305 0.0188997155553038
0.168502235735085 0.494414808223279 0.104035011725589 0.233047944316047
0.240646838944053 0.273699243524319 0.282441453311722 0.203212464219906
0.201895722827389 0.503812518243306 0.166223176853805 0.128068582075499
0.0590034458758287 0.297872519242427 0.174048276906562 0.469075757975182
0.18502825059957 0.237220515985123 0.282781814421649 0.294969418993658
0.297039160202115 0.185891496985999 0.268535091241706 0.24853425157018
0.299249511535571 0.233072290890505 0.412502177044487 0.0551760205294375
0.27844993705102 0.347799003705264 0.33336245299449 0.0403886062492256
0.373478801611779 0.339999043314314 0.203303977559535 0.0832181775143723
0.270596842461779 0.292542210354461 0.205595045088417 0.231265902095343
0.198441274955982 0.228803721033407 0.315108969721412 0.257646034289198
0.415939070279053 0.0345745995967479 0.356777643244231 0.192708686879969
0.251090814053934 0.153065715165861 0.36289313576454 0.232950335015665
0.152048308093272 0.258854508754724 0.110525945449597 0.478571237702407
0.337294869420268 0.250189277020129 0.284673443685488 0.127842409874115
0.37194624144591 0.268949807082016 0.302586446118523 0.0565175053535513
0.193638473330131 0.339250391754445 0.19123394351187 0.275877191403554
0.0674638136830543 0.300302208945241 0.517389092770536 0.114844884601169
0.145779860797972 0.390242763241357 0.280049090825416 0.183928285135254
0.257754074450138 0.247176712905137 0.202739554783276 0.292329657861449
0.272064114733119 0.28085628699781 0.310122693752948 0.136956904516123
0.327750169358709 0.228410885306929 0.251435125005907 0.192403820328456
0.0794582792750337 0.202933304617008 0.407911907307497 0.309696508800462
0.370398158999154 0.109873424501032 0.172515022901276 0.347213393598538
0.211389709251474 0.326035349546915 0.27076152307084 0.19181341813077
0.563267088893824 0.257657186240226 0.11059580308391 0.068479921782039
0.222485643871352 0.260307291339294 0.421622930395728 0.0955841343936257
0.0418180421150307 0.176325958904638 0.149508313488302 0.632347685492029
0.210952228495727 0.242310189462411 0.234149098932461 0.312588483109401
0.360920016237003 0.189962504580802 0.402022795425955 0.0470946837562395
0.38881645867297 0.321042253709753 0.0270098767088263 0.263131410908451
0.0886379119996869 0.360717703068043 0.499223639624605 0.0514207453076646
0.294770694204227 0.083890030530353 0.323105429695517 0.298233845569902
0.082837779255008 0.354631646934783 0.379634844325689 0.182895729484519
0.266839664428332 0.206900354103942 0.29300906548978 0.233250915977946
0.122138493749171 0.33609881951657 0.483669691786401 0.0580929949478587
0.12751874007356 0.44499900401151 0.196963762200607 0.230518493714322
0.227071514746461 0.150702163405965 0.310950433291565 0.311275888556009
0.604922888238708 0.208159602953977 0.100926543845604 0.0859909649617116
0.339302948931887 0.108016639359074 0.126926918527474 0.425753493181565
0.168880512904964 0.360063077169221 0.137202574494192 0.333853835431623
0.162581050810208 0.223423774666144 0.0847016723253073 0.529293502198341
0.139313706014582 0.133493097630617 0.420865517856774 0.306327678498027
0.209743983967216 0.472849559191221 0.182805159954096 0.134601296887468
0.142978794301631 0.443291321616052 0.386095940846537 0.0276339432357804
0.287251083465583 0.141279244392009 0.262757648598459 0.308712023543949
0.152103560245556 0.476298936761075 0.284965082401967 0.0866324205914022
0.202648563813896 0.288892833489707 0.244446625682276 0.264011977014121
0.530721529089283 0.0424328779102424 0.248208233928194 0.178637359072281
0.321258295599402 0.236719982622541 0.370290799336828 0.0717309224412284
0.105508310431006 0.38454807667068 0.415649594026501 0.0942940188718129
0.0246052089872301 0.265485738763347 0.309218435129068 0.400690617120355
0.384177520046739 0.104204005469599 0.176604258847463 0.335014215636199
0.0468714530824787 0.193012731195413 0.750738535819481 0.00937727990262816
0.00333930977481839 0.424349009960703 0.2055927213114 0.366718958953079
0.362201823583217 0.053965421430946 0.192645725986114 0.391187028999723
0.55372041547877 0.0605826307170436 0.381073946030781 0.00462300777340498
0.479942439896045 0.291650312883465 0.147359853313001 0.0810473939074896
0.249094596758691 0.258013662554066 0.178084435519752 0.314807305167491
0.346001105949785 0.0841156698278001 0.0745899809609503 0.495293243261465
0.29844131703707 0.00402638373908149 0.445686541094903 0.251845758128945
0.0275105382514858 0.059568315540928 0.504989075526988 0.407932070680598
0.194509786282893 0.708097835973184 0.0825607166342431 0.0148316611096796
0.376501019847625 0.44283934533152 0.0159924364452754 0.16466719837558
0.553485733549723 0.00378309298993626 0.296153959647231 0.14657721381311
0.313733189792455 0.0548865876200725 0.26325190339244 0.368128319195032
0.15219909035683 0.373956773946057 0.262937303786347 0.210906831910767
0.291845479941555 0.148334657414812 0.364414193753223 0.19540566889041
0.36673209228767 0.198944050309797 0.13662269378689 0.297701163615644
0.382412410508075 0.134920337622905 0.135389535251882 0.347277716617139
0.0602855532023876 0.343387309787816 0.364734375883046 0.23159276112675
0.312919198739209 0.258954941707443 0.241576921278621 0.186548938274727
0.0956559127636717 0.293518711178335 0.265430078617872 0.345395297440121
0.36982647419571 0.305038563249793 0.125768567381513 0.199366395172984
0.148645786355057 0.00712883953044626 0.532766806490997 0.3114585676235
0.25982610453722 0.335712013424769 0.275458573343197 0.129003308694814
0.238039579062033 0.42362956361499 0.218573387549234 0.119757469773743
0.00595732049173914 0.229809162477241 0.460410581172649 0.30382293585837
0.0975463774365726 0.204059603873416 0.350831896509501 0.34756212218051
0.500872419384274 0.086181038436733 0.277721536038135 0.135225006140858
0.281528151354578 0.030709479977372 0.351099488984117 0.336662879683934
0.0790942175911817 0.508697989635019 0.371245678991807 0.0409621137819923
0.251225651249813 0.263305435928564 0.187104810389908 0.298364102431716
0.00148937684388648 0.263533802043501 0.664526071750449 0.0704507493621634
0.204882132170332 0.401832997955696 0.279311266658025 0.113973603215947
0.2694509889557 0.162752444647015 0.211179993633476 0.35661657276381
0.00280497366756986 0.431620667622756 0.474043050535107 0.091531308174567
0.0851313401536604 0.309951120243143 0.577578714500213 0.0273388251029836
0.0212933249995281 0.373411965534775 0.325139610225694 0.280155099240003
0.185532706758821 0.198954770645934 0.58732076568771 0.0281917569075351
0.0477620576090889 0.129454652323859 0.547119956746909 0.275663333320143
0.169334907611984 0.351246543460841 0.184433291416221 0.294985257510953
0.0493036617221865 0.0256618407856073 0.482079623398284 0.442954874093922
0.03047902311453 0.313801086133968 0.195799044192616 0.459920846558887
0.335005713708672 0.307905416722006 0.251745614622788 0.105343254946534
0.0405349617835999 0.209360394478021 0.353290817638157 0.396813826100222
0.0978669573135007 0.1596963801887 0.203136344812254 0.539300317685546
0.347736613335454 0.034224331924602 0.334563931240498 0.283475123499445
0.298000937250427 0.178992742239973 0.320487681322744 0.202518639186856
0.215631896734121 0.176907132616965 0.383569971384366 0.223890999264548
0.356924071804106 0.37405800511993 0.167297480115397 0.101720442960566
0.326478996335374 0.313836062291563 0.236578242553414 0.123106698819649
0.292006194435169 0.232291964669699 0.157540990875646 0.318160850019486
0.443489122238659 0.0548815682504246 0.094142058181452 0.407487251329465
0.100140526175682 0.558995294238438 0.260247938268433 0.0806162413174469
0.366283255832502 0.362157583413951 0.0890770722791906 0.182482088474356
0.330410766463097 0.219996606873118 0.157228098334009 0.292364528329776
0.122035193637005 0.69715222175556 0.111818251931838 0.0689943326755976
0.104422728572295 0.325621460924371 0.352998331495777 0.216957479007556
0.755875715845634 0.160383967598969 0.0783469451083385 0.00539337144705922
0.391318444905701 0.141787940205669 0.38309666774561 0.0837969471430208
0.232716996025107 0.289879358111406 0.073990599397661 0.403413046465827
0.254018294316782 0.479294997855592 0.233254569465486 0.0334321383621395
0.446909096901299 0.137642492366694 0.359157056402933 0.0562913543290738
0.121861038964256 0.290560063819882 0.312466838694395 0.275112058521467
0.102068625810343 0.607443440014901 0.214962872854864 0.0755250613198924
0.384951648411498 0.134703237350829 0.343730856939695 0.136614257297979
0.249257810830798 0.147885546189284 0.290075224934167 0.312781418045751
0.376400243204051 0.13669033410148 0.27999949516413 0.206909927530339
0.240425004194826 0.323225825886043 0.0693787634226867 0.366970406496444
0.242189493462243 0.0139388325106959 0.406255985035376 0.337615688991685
0.248516128353726 0.387566551819075 0.0343407206708628 0.329576599156335
0.274023122248018 0.295469871839239 0.101784774279293 0.32872223163345
0.272426722115376 0.196010226883645 0.105209661274879 0.4263533897261
0.0540611206839995 0.107994251509512 0.466401664180842 0.371542963625647
0.304506899507466 0.140486519231876 0.287547801725636 0.267458779535022
0.20443026941434 0.0818747598751936 0.485120366487118 0.228574604223349
0.159099328817728 0.410981205836479 0.341902423433944 0.088017041911849
0.298777819912047 0.335101756220586 0.0674161811240677 0.298704242743299
0.154295131852383 0.285513292514983 0.307749162370304 0.252442413262331
0.187717926201906 0.091677214628002 0.221369129532884 0.499235729637208
0.0501926358946177 0.412707825834131 0.177479988946882 0.359619549324369
0.0883148859970259 0.300186562920287 0.190245497858676 0.42125305322401
0.175762844267964 0.408457792543808 0.287367216388194 0.128412146800034
0.189734068621018 0.287989261357962 0.32110716110297 0.20116950891805
0.375687488008799 0.376963675217905 0.0642468002846677 0.183102036488628
0.19012301337898 0.419408871806313 0.221332655530089 0.169135459284618
0.325508610289898 0.53047362775061 0.0673604342118298 0.0766573277476618
0.400530618888199 0.18446151947181 0.407793592904366 0.0072142687356243
0.198816184447257 0.24142715883944 0.127820501683358 0.431936155029944
0.382155155902046 0.282710213483742 0.244740295867383 0.0903943347468293
0.402421397626878 0.153765243622659 0.363052697782643 0.0807606609678204
0.466636173373404 0.0341610277240382 0.436374096791358 0.0628287021111998
0.236966386328604 0.0289330604754183 0.338835020335226 0.395265532860752
0.116657696270679 0.451403496423982 0.0966097028701513 0.335329104435188
0.304284130646343 0.269567104659883 0.166555318069574 0.2595934466242
0.27454167904736 0.0793215127341868 0.327553221989632 0.318583586228821
0.310241372187388 0.0936595673677611 0.118227126038795 0.477871934406056
0.232671969796666 0.339138595560521 0.0856992926550391 0.342490141987774
0.217102587667755 0.202847757674787 0.272450691789696 0.307598962867762
0.237602137630736 0.185792525726693 0.313057862734471 0.2635474739081
0.280684220417366 0.213217460655056 0.00229817207401255 0.503800146853566
0.075711793950868 0.477951387139904 0.383433352245358 0.0629034666638699
0.150426698236629 0.0872386462763366 0.119660166116433 0.642674489370601
0.327560234045324 0.295285472025642 0.197933454560898 0.179220839368135
0.270318825487384 0.325916087480253 0.30500930184706 0.0987557851853026
0.494686126725346 0.193940888123463 0.15100598392539 0.160367001225801
0.27875050507577 0.183959428586992 0.317451148178662 0.219838918158576
0.395249784610022 0.23851106717438 0.0258245593221123 0.340414588893486
0.370407774776235 0.154593277877285 0.381981905119412 0.0930170422270677
0.10691325917781 0.297743592834759 0.294596732799876 0.300746415187555
0.0446441931036135 0.373624755355716 0.406375140801195 0.175355910739475
0.209185609165523 0.182939829809041 0.308400175689318 0.299474385336118
0.337843672386613 0.172221474207177 0.267918333121652 0.222016520284558
0.278055896655684 0.404411555567624 0.105687811823336 0.211844735953356
0.204848230003889 0.257742360083133 3.93512060686138e-05 0.53737005870691
0.410054655454082 0.137509553296967 0.0728899020918823 0.379545889157069
0.0951641105421684 0.313336608234635 0.359746935959579 0.231752345263617
0.241341321999996 0.224740816257881 0.334426957581595 0.199490904160528
0.315097750533044 0.191676464764471 0.254927760215825 0.238298024486659
0.59376665534423 0.0289699274067669 0.0170500541511324 0.36021336309787
0.115783752951664 0.0142187199603959 0.742979117704614 0.127018409383326
0.27587957211814 0.29851558081376 0.281998294535482 0.143606552532617
0.269614524633105 0.0220892470243817 0.328550571612286 0.379745656730228
0.37215810878019 0.294544777441342 0.282969489955948 0.0503276238225204
0.377785647177863 0.333409526217835 0.19487572292876 0.0939291036755423
0.122448663559412 0.293367728025208 0.0399261355852555 0.544257472830124
0.248879651182312 0.235708529600591 0.126468739505594 0.388943079711502
0.436009473444164 0.135105924268617 0.148397792580215 0.280486809707003
0.0764369573431631 0.812324757388555 0.0195688592652822 0.0916694260029997
0.152580209318733 0.0661922261175444 0.768390406808272 0.0128371577554514
0.147627212736159 0.179914028383733 0.41477854525422 0.257680213625887
0.245298715484114 0.0750877948142749 0.184165386417159 0.495448103284452
0.157502057457627 0.279411538648944 0.328617498322218 0.234468905571211
0.34770735561225 0.303986661992337 0.229725074779686 0.118580907615727
0.0807977310136769 0.213959852449081 0.282132031348809 0.423110385188433
