0.124301860796995 0.0344831153527097 0.0865520527883811 0.0730883184907016 0.234628224248275 0.240481010995882 0.151017939681916 0.0554474776451394
0.216199271213276 0.0760691326348105 0.138386779033408 0.0462157440218205 0.175121439613596 0.103255137416654 0.142288786694474 0.102463709371961
0.215735516924356 0.0849445004691188 0.218180183161279 0.0357655744574735 0.0868323683301997 0.180391396521476 0.132305086975819 0.045845373160278
0.181465449318863 0.184380455483586 0.0477669998484213 0.159633208963297 0.0716472300073731 0.112571331925342 0.113790699904127 0.12874462454899
0.00402270283624696 0.0211675277963109 0.249423064791932 0.243695545112402 0.0522136341840111 0.111674595174102 0.292891563589476 0.0249113665155188
0.194662121805782 0.250819091807175 0.131423389074505 0.114269267714343 0.068805550242277 0.00787447223479802 0.0132228220951551 0.218923285025965
0.0570464702952922 0.131878210521049 0.112281722498808 0.0646703066421383 0.030557364542697 0.243873444515259 0.157908916830132 0.201783564154625
0.108218423946347 0.118607071108228 0.141084983970933 0.184288572204868 0.00373988901750187 0.185193469762883 0.203987863469155 0.0548797265200835
0.169082424448874 0.0645833947652889 0.065486924539257 0.174268390209312 0.119691236013388 0.0600568384881563 0.150211523840812 0.196619267694913
0.0848950159568009 0.0850954517865309 0.202018541634601 0.0197277931559721 0.0976399876927941 0.204931510472676 0.183212681771619 0.122479017529006
0.0252496383401989 0.182854086009276 0.201022815448587 0.0502920929800927 0.117388109298945 0.0857637078300669 0.210840108005433 0.126589442087401
0.09850868658327 0.222710151629545 0.0573309354762271 0.149007100714902 0.16596360436874 0.100123623401794 0.0857277106727008 0.120628187152821
0.170850793438078 0.173750429196057 0.122686169982591 0.101576016514657 0.112974742906532 0.184316172045544 0.131686867707018 0.00215880820952394
0.179032407576534 0.170360221684779 0.19059478988664 0.0541491834139151 0.123301894081725 0.0703630266523189 0.185507281175014 0.0266911955290737
0.168119323428831 0.182559015745451 0.131806294629212 0.232770003933592 0.054071667125363 0.0259328243772705 0.14439783567481 0.0603430350854714
0.18500282301028 0.171041243831846 0.0441009684698122 0.209724702818621 0.0088735991438462 0.169349412152874 0.200527565212244 0.0113796853604753
0.187101273797602 0.169364705185461 0.0791354889342765 0.0258970014944959 0.0513768231758328 0.230933795478981 0.0935983156951068 0.162592596238244
0.0597956019917301 0.163140381924131 0.123569330069658 0.115969905826581 0.0589950851464133 0.164172694149645 0.149172331766252 0.16518466912559
0.23635168579904 0.0275502566681613 0.0665112898989543 0.0966170910397086 0.150643742897995 0.234901852694299 0.0662795976735569 0.121144483328285
0.0674618297102716 0.101247138104495 0.0753624558939283 0.127547600962623 0.227100538775386 0.216047437614304 0.0795400874666094 0.105692911472383
0.071866977743589 0.192185801203581 0.0260390030414842 0.19830988718937 0.0523987669967468 0.216041270654636 0.202791291150299 0.0403670020202937
0.0169664070798488 0.0205699854228947 0.207399362890162 0.0453874327719361 0.0918670529380359 0.197289022360064 0.219482155053154 0.201038581483904
0.168935732719054 0.202310724074602 0.0465679109428496 0.187472545345881 0.00397786990113055 0.0916090421090431 0.116972570913099 0.182153603994339
0.00529584834724021 0.121594777707258 0.0175962945947548 0.297642706871005 0.0288056552389483 0.164030482815954 0.249834214812943 0.115200019611897
0.00431273250962345 0.148491357326912 0.137431707801338 0.224898446536999 0.211859499761459 0.117544951550214 0.00341284933591119 0.152048455177543
0.0408015151769794 0.0566736958643415 0.117538312381876 0.19288994860879 0.105847640010251 0.151143013429522 0.184520014794748 0.150585859733493
0.181738612091616 0.0357048205307125 0.107444401443827 0.234665915317118 0.177743751377544 0.156620915911166 0.0282892551254861 0.0777923282025311
0.0387416946312517 0.0950481034134252 0.231035071485943 0.016849819482192 0.22691535701711 0.238897151138049 0.133277950960134 0.019234851871895
0.0346068571238043 0.174424467153435 0.0341890892286801 0.314859590337368 0.0652715184140511 0.147228904438653 0.0150246498375577 0.214394923466451
0.222185490237703 0.0898748223632875 0.179388909084115 0.00137556369252421 0.209834839980452 0.0157887641778201 0.131456673322812 0.150094937141285
0.195827912701278 0.0343929356157321 0.0605460693159237 0.0652798647807436 0.272566990357849 0.0828635812113707 0.0281864632728014 0.260336182744302
0.201200171948588 0.128191466431969 0.0528874654631503 0.0882721889363582 0.204551084218875 0.118813944577939 0.0350402791048352 0.171043399318285
0.121979343770877 0.137763783979981 0.113539158952809 0.239621093823679 0.158659416866055 0.00366758885259425 0.180450031448201 0.044319582305805
0.134892838123854 0.195674189692084 0.161167362437369 0.159914507915927 0.0433736632905661 0.116135186338676 0.0909991588423429 0.0978430933591809
0.186331700606871 0.107267188536557 0.19130781061012 0.0127275317719297 0.226506317107761 0.187882714708373 0.0188331626774957 0.0691435739808929
0.0873832218950482 0.0521798936737231 0.228498876483091 0.00622418286531907 0.157119784881163 0.167174983583025 0.042970238768348 0.258448817850283
0.132627675213896 0.201835214926329 0.0188202199580967 0.0419506171498696 0.0267574592478651 0.179450257769145 0.199882526962509 0.19867602877229
0.00910250166388811 0.105442871214298 0.0911751287652315 0.218228153532819 0.0706086938811492 0.178873501292521 0.11983008445206 0.206739065198033
0.138122377319203 0.169518527743465 0.257939965951063 0.0280684327019081 0.00417999189390568 0.120311903752617 0.0407709013364752 0.241087899301363
0.156997286161984 0.114779361075317 0.136955977800693 0.113401857557544 0.192978714089987 0.159539574437409 0.0552376380289238 0.070109590848142
0.189171179889668 0.232802636447954 0.141537627911348 0.0780278031430988 0.0584436321969563 0.132382655982996 0.0296429822284061 0.137991482199572
0.0312322170772461 0.104742076139437 0.0594624964028013 0.198781734803451 0.0518880741463986 0.0462176473161698 0.295632086662585 0.212043667451911
0.0503461710175617 0.168407562897946 0.182610889477953 0.164560360039429 0.0620129717911412 0.149801448049229 0.0371877333779876 0.185072863348754
0.0526049149222516 0.180581237064235 0.189226922960608 0.00727748965931944 0.266958425893829 0.186034826084117 0.0856622515180459 0.0316539318975949
0.254007938327543 0.201324604047656 0.0285572637583792 0.0583617139941537 0.0800323732268793 0.102950629153559 0.241985613528128 0.0327798639637022
0.164799035706615 0.134586346012935 0.139241504687908 0.0431411084348488 0.140171731923088 0.146005953114124 0.0642026081248161 0.167851711995664
0.026526670525161 0.164595694862211 0.0899014188903001 0.121612330629117 0.18311554048624 0.189119982640168 0.130586945915841 0.0945414160509615
0.292769040098136 0.0129725739775733 0.0123531614977749 0.169948085898587 0.142010959500148 0.106183671306303 0.0795895318093884 0.18417297591209
0.0495272295466459 0.189150489494989 0.134294888538566 0.0403047192688139 0.150189720664759 0.000119577528013366 0.246166131953169 0.190247243005044
0.0860646690571353 0.0635559069017402 0.0499053882468629 0.173463655211859 0.136813826055794 0.173588719230236 0.187012327832747 0.129595507463624
0.0490989442745192 0.0700333119218726 0.0936746990967516 0.0238237929004872 0.210999854163446 0.168742681932311 0.183689159360029 0.199937556350583
0.03258978476618 0.21674268040431 0.257865058808661 0.0846772964663402 0.161391759025957 0.049536581972353 0.153511556721099 0.0436852818350997
0.101073390082874 0.206088609029778 0.0521785284644718 0.0394648181610121 0.272851103718456 0.241659771200823 0.0283150908800864 0.0583686884624979
0.215090579980907 0.0103115145251526 0.183743170051265 0.175396952114814 0.0933789229335632 0.120660373516697 0.0644290352305451 0.136989451647055
0.126897456720644 0.191316057354664 0.116527648716299 0.184765408555612 0.0770689114400434 0.0743746888725804 0.109680220464208 0.119369607875949
0.0877596755905585 0.0825903493106389 0.136515967762597 0.0769653249109592 0.041454536597496 0.160411341499375 0.215665562058536 0.19863724226984
0.224816238716477 0.266147357954244 0.0265657599839655 0.0923060744190192 0.153131493744946 0.170051724504098 0.0567566809346638 0.0102246697425864
0.0918967183993428 0.129865470688248 0.126505629675549 0.104493422376786 0.1834265664249 0.115053459833651 0.190500087211965 0.0582586453895588
0.14007949543711 0.232903540738696 0.083887639641085 0.0340202767066863 0.176570415316291 0.0587603485964166 0.0609395680897058 0.212838715474009
0.179348128159774 0.176383352358984 0.180577277756333 0.138177242956296 0.00871499015861062 0.16900005623751 0.0904101649203965 0.0573887874520965
0.179939399163094 0.110410302113742 0.0122926173496741 0.167165404809941 0.276463381716834 0.0293054667487046 0.18096711369422 0.0434563144037906
0.215674691355366 0.0950560384369703 0.29589506266335 0.022477470948165 0.0347779505411449 0.0207726667271031 0.272840829092937 0.0425052902349634
0.169356446216994 0.272924620133267 0.0104534287292239 0.045669830472285 0.136946558833457 0.0295263651101077 0.240533993783376 0.0945887567212887
0.101246560042171 0.0706207781847753 0.174817710779409 0.0681865807715633 0.104319699186603 0.195996926261109 0.0872873967020513 0.197524348072318
0.0303264346680119 0.17417586759886 0.0946061307549605 0.231859754799549 0.108666815931395 0.191188214273957 0.0175272574938658 0.151649524479402
0.0388322221799906 0.151317316211995 0.212275701260126 0.0148324093494192 0.160418801210136 0.224829590114278 0.00778042151294748 0.189713538161109
0.15264478946789 0.191550455744424 0.0275460854938838 0.0688518618908575 0.150674298930013 0.0905115799052162 0.153651025352611 0.164569903215105
0.132309160859095 0.153997337072381 0.0828520046361809 0.0466919621163499 0.112534808286963 0.208402657339033 0.0805721576667603 0.182639912023237
0.168921040704824 0.114106827819853 0.0726078945995113 0.0448904094694942 0.173578525871626 0.183103612614539 0.085773416484893 0.15701827243526
0.145121398093771 0.102439854894478 0.0693267632187548 0.159716845180187 0.176995860741545 0.138568110239434 0.158778939889671 0.0490522277421592
0.154277488714107 0.113285352771324 0.249959619947742 0.00339693062177227 0.220974443863409 0.0756713699735004 0.0382681585979356 0.144166635510209
0.182471060613141 0.0720364919903798 0.0764070506006218 0.00431121995013903 0.0528985921512313 0.185566254768471 0.220944857450115 0.205364472475901
0.076279999373939 0.163305591208356 0.113512695069344 0.175744543260299 0.079761937459821 0.170685451410577 0.0789936528880541 0.14171612932961
0.119573491392322 0.200882329353783 0.0734300394225118 0.0757699290287981 0.123995674818528 0.0717615265120395 0.117225709922429 0.21736129954959
0.128123424058149 0.111832870194041 0.0697530384055621 0.163308923826484 0.0185015428680095 0.284865409657449 0.0382499372248696 0.185364853765436
0.0774565620913772 0.00147473083257334 0.122252389426741 0.224834227475445 0.206845877130155 0.012528807127457 0.0902535514713083 0.264353854444943
0.0766203112729981 0.0185728014891292 0.191367189316095 0.0655774615602536 0.159056068316491 0.150432048925708 0.136600674363402 0.201773444755922
0.149126103863793 0.10827832299621 0.151265897907176 0.115586574594134 0.103863808730457 0.135836137198329 0.202688870677888 0.0333542840320131
0.125058065356208 0.145369978818182 0.221273035328777 0.112322576316386 0.0198008827404801 0.133527762877651 0.152748586246295 0.0898991123160214
0.0276744362933225 0.229437586870769 0.076437841942738 0.162075161274751 0.093065997699907 0.136807715576275 0.247299553209437 0.0272017071328009
0.178572250866302 0.158835706146928 0.0958305998166178 0.0994620471065387 0.163483996975223 0.0407161173993115 0.138813559514204 0.124285722174875
0.0953996043824208 0.201457343474954 0.12765309006791 0.182224289397308 0.139045246711988 0.113660568095375 0.106570588908518 0.0339892689615264
0.141695172811108 0.211567405979086 0.0622441791946916 0.012768617500748 0.20422285682556 0.219212041861096 0.116339076152713 0.0319506496749958
0.0327215675136044 0.0130330355543531 0.13014371653983 0.0678281836176669 0.220503497436618 0.21496937085617 0.149203992441645 0.171596636040113
0.231180528505246 0.18455423838884 0.103084521160728 0.0015178361858428 0.133630546658646 0.182027304468877 0.0982165311249885 0.0657884935068316
0.026127031824401 0.200231707916462 0.100058642620423 0.0650270326508938 0.0716405505835716 0.199461538322211 0.115262735958674 0.222190760123364
0.180620882408291 0.136749821138794 0.0938299730005753 0.13258971585843 0.0414363589363794 0.0450440986025333 0.275575476764151 0.0941536732908462
0.0518735291025137 0.0959903879375103 0.0503636344574241 0.0821824330092431 0.117786689865398 0.27085248127177 0.193505080905295 0.137445763450846
0.186729921800194 0.249503564027602 0.0218307622783758 0.104691482873766 0.132565159665456 0.103840293064209 0.147038188057482 0.0538006282329143
0.0201826392078972 0.175073632949617 0.0874874235321091 0.0732509305466829 0.249997138103008 0.0963178190893513 0.0465141351404737 0.25117628143086
0.0767956833081067 0.128710311017029 0.165562097807433 0.114632200145501 0.139727667991983 0.187420012013151 0.17445647028975 0.0126955574270463
0.153238349940389 0.25295104188882 0.000171072543386818 0.0382032824653675 0.115414684903301 0.164577011208908 0.259804783241246 0.0156397738085823
0.263193322476667 0.158195294309769 0.0684803754582801 0.0237117666969154 0.157479643905791 0.0905632821153356 0.114254858248221 0.124121456789021
0.172479717953031 0.122932834498513 0.0486328401045521 0.153562819752267 0.160805607535703 0.15038691410999 0.0575177115539332 0.133681554492011
0.100011571449466 0.208852573043666 0.156395867251453 0.030189906846664 0.0597663014726876 0.117438620505459 0.110530450969465 0.216814708461139
0.0177879512402351 0.222393532401811 0.223207535667189 0.060950226287176 0.245219156449405 0.0491197485788634 0.109851389679455 0.0714704596958653
0.198146358155871 0.206592532696822 0.0777878026064511 0.152843860331082 0.141875577775382 0.0948956263903764 0.0735683740786156 0.0542898679653997
0.00207312924448033 0.195243191747799 0.0806750340164464 0.149542202665449 0.217245345437426 0.106307600593354 0.0205593807278638 0.228354115567181
0.0261751006235203 0.2022765685351 0.0898727668313934 0.0874231420869083 0.0642203221668316 0.189574485239242 0.173482113976218 0.166975500540787
0.238649357387548 0.128839144759887 0.00401860372421865 0.0910529745307317 0.195737429005344 0.132524377658813 0.206724353388927 0.00245375954453057
0.134490031661025 0.31815908786644 0.118753399764471 0.131719872630125 0.0319067116288218 0.241462260376771 0.0233849938771347 0.000123642195211469
0.166420271675983 0.0920382219418241 0.0326438214658356 0.152592010718074 0.135081013439028 0.166989149249237 0.149891136719646 0.104344374790371
0.172803931489954 0.145292673618266 0.0386982375603279 0.0878714229741863 0.138260403007308 0.0488771900911459 0.187245175961983 0.180950965296828
0.244724446586604 0.0660537579398826 0.0364165779898802 0.304875234650796 0.0163725766601915 0.158044627457205 0.109860087175802 0.0636526915396384
0.0954774486252913 0.114224502745987 0.104441405151925 0.176743046257177 0.0395741929095438 0.140596336799129 0.123198606807741 0.205744460703206
0.163667154668607 0.0517590129680659 0.052206693647995 0.156197949293574 0.15187786965539 0.159618628155235 0.174618664041209 0.0900540275699244
0.0473696599743039 0.198711852309627 0.105195345183467 0.220184993516836 0.0821189228060249 0.283536334612493 0.0175039585894297 0.0453789330078185
0.112220132332935 0.107985199638293 0.178003164247832 0.143114814398048 0.18094979775459 0.0605707180142296 0.142602457030199 0.0745537165838734
0.159793588613897 0.204728265883615 0.0920693466366035 0.180288037510017 0.0108768508143401 0.0983571828196442 0.171706624177529 0.0821801035443547
0.0544022041192102 0.0772683325667366 0.0215516217802206 0.0666102291951398 0.102052134333718 0.226180753933548 0.16293257630605 0.289002147765376
0.109096446287593 0.178630228540888 0.160413638015711 0.134633714679765 0.168582617241483 0.101305262352039 0.0962976191066244 0.0510404737758959
0.168713194058354 0.138440357297889 0.305419332752934 0.0624686385133444 0.0955119590641492 0.0227472576453702 0.171187747812381 0.0355115128555772
0.190703499812729 0.0125830585651636 0.0271247362733294 0.192720548349398 0.049782984815964 0.122378393200837 0.188628405588713 0.216078373393866
0.205184670305464 0.0793056403760086 0.0147933736255966 0.0735600780918605 0.201162144225424 0.0468211203029644 0.216368320165332 0.16280465290735
0.0693973670009758 0.00595057464103091 0.00572228705280418 0.248139777382223 0.231843538348542 0.124445881923493 0.190288029239487 0.124212544411445
0.256309948916338 0.0652261289729996 0.262935338846918 0.0303949515304719 0.0701615230515406 0.0582488155634026 0.0563029851979201 0.200420307920408
0.190235605772957 0.0690153959048657 0.00256899901327267 0.249176729170195 0.0407192513352386 0.0532731110468821 0.222836413187639 0.172174494568951
0.234042730745673 0.0589544604612559 0.213890939410865 0.0493204431466515 0.137064624800248 0.116811329162668 0.153184806901411 0.0367306653712281
0.082313596722046 0.308825809048439 0.0449182730404483 0.023623915248689 0.116589461095559 0.23507891516941 0.114431636099122 0.0742183935762869
0.0341928902473879 0.0934656755325798 0.038021399814502 0.254834891557502 0.168979672881378 0.0323489478339999 0.37537036812729 0.00278615400535961
0.180011089668166 0.0731208688951131 0.163353516998157 0.156021990798413 0.106086216419498 0.0725729949702211 0.194609602865741 0.0542237193846909
0.00918212612732134 0.105620050373081 0.157850242686766 0.169557556799489 0.165182305054552 0.162589281466703 0.0534579841249146 0.176560453367172
0.126479712314452 0.127020503390327 0.15905620872503 0.157060698669477 0.0492009131040282 0.0806419039174249 0.17680712481903 0.12373293506023
0.0900507169851678 0.125481172159934 0.233519916551776 0.228531533508846 0.0262154864824719 0.139004747094279 0.0511791780264744 0.106017249191051
0.0891579759036037 0.181728684787579 0.107514114764582 0.148429838181562 0.108015740458818 0.0311993118785726 0.212139154984116 0.121815179041166
0.244132427748769 0.252899099871817 0.0729176120366167 0.0620582522443582 0.18487582892661 0.097164217511783 0.0499249431169386 0.036027618543107
0.196142955553376 0.0443170715524837 0.0368317481866856 0.0495656614048564 0.18369814699063 0.229268876584543 0.0496396368611867 0.210535902866238
0.210489258812285 0.104495689476229 0.203625815121114 0.0339392005276662 0.0721200402571595 0.143897600348688 0.107171706913693 0.124260688543165
0.0695810955501994 0.143153131669413 0.0378748136673283 0.111855201643328 0.22654674072323 0.0458337132399577 0.221259366588937 0.143895936917606
0.152426701868774 0.130621324498851 0.167723183361093 0.11338374179329 0.0527801976025257 0.137364747386808 0.148201877971038 0.0974982255176197
0.282623349024501 0.105562303552553 0.274565307522081 0.0608184070221699 0.162644848688656 0.0838374635365933 0.00310012025858972 0.0268482003948563
0.214922499522465 0.0051888528478415 0.177632222333919 0.197957226380479 0.114432863863232 0.152310611567175 0.0950672959434727 0.0424884275414154
0.208247806696649 0.226692280964622 0.0988948048559418 0.165256591271679 0.106119184710317 0.0813480017987147 0.0206939098375148 0.0927474198645616
0.0597624864867803 0.186641326962264 0.0458031955244102 0.135989056209147 0.0685664708728068 0.22867581331596 0.213064862153979 0.0614967884746529
0.175444242572668 0.06947802989957 0.0329793939741045 0.0575671102722555 0.136055502117314 0.226846331342697 0.106558065348189 0.195071324473201
0.217842688452607 0.0237401188508966 0.154027462816294 0.00114577887857734 0.180001392760563 0.195016365270285 0.0953927379299465 0.132833455040831
0.136086532573729 0.0267281520843586 0.270981513306082 0.0895419625372193 0.179154671328864 0.0218849154169614 0.199511923304169 0.0761103294486165
0.1367496314496 0.0652582664013911 0.111398117283033 0.107915604359263 0.113415925296584 0.169702492589396 0.122668213921253 0.17289174869948
0.0275719708220253 0.0246872644466309 0.184062067164508 0.144899490628031 0.0867754282271306 0.21166974024692 0.165804404054304 0.15452963441045
0.0913726463026121 0.0948956750242032 0.12695338330637 0.0894941383432291 0.163718391178447 0.120718397415691 0.118814750766177 0.19403261766327
0.239097864060351 0.170281791587829 0.166338587893241 0.066103114229789 0.0390294251059725 0.00550162912550309 0.247539571689315 0.0661080163079995
0.00458253661687472 0.0786363704777971 0.0629661818057576 0.123242894652053 0.239787604522829 0.151429575112647 0.222759694624629 0.116595142187413
0.045035185502689 0.139574895595881 0.116691250838717 0.124067477911492 0.173169854358504 0.0996234779694751 0.166273395231303 0.135564462591939
0.0593752144804122 0.161092552647684 0.184552677536374 0.111859240766019 0.123207051536146 0.0384044739626967 0.185123136860114 0.136385652210554
0.174634233793744 0.0647306262857965 0.127887532959545 0.12672194787538 0.0765918452339554 0.149885376036375 0.197228353073498 0.0823200847417057
0.177869397960296 0.0492120703130963 0.0680584097313465 0.00267518364548041 0.284539869250822 0.0225855419292711 0.268983133274388 0.126076393895301
0.0807674118992977 0.182566830807932 0.180059331409483 0.113386089543914 0.164985456247992 0.133489840502208 0.0379087381392085 0.106836301449965
0.206545077629 0.122926090562712 0.135154648090517 0.136791679385868 0.135062184336021 0.121763496638865 0.132114736653207 0.00964208670381102
0.196546345949086 0.0630248121760712 0.0139141131849009 0.107705207671631 0.164630026686295 0.146521054052706 0.107298704571643 0.200359735707666
0.217608220891218 0.0965886860078715 0.0646796259389916 0.0942651270544596 0.215118123430851 0.188950097702391 0.0825632913443806 0.0402268276298364
0.0317599852831222 0.0976166658348098 0.141791485507078 0.195882260129465 0.176479211613879 0.054961319336192 0.171431074532683 0.130077997762771
0.153351993935844 0.166878811267361 0.144979213384692 0.257840812442738 0.0910743112602473 0.0260336989101753 0.0928073530154689 0.0670338057834741
0.116660341082448 0.159386877411161 0.208049664176966 0.0620460729611745 0.0510498014300403 0.162837449160061 0.0632385408704928 0.176731252907657
0.0852297582699553 0.0145417644735238 0.0801735119268143 0.0654373154796683 0.0354819978627458 0.216541238755971 0.251221851316803 0.251372561914519
0.162104658152302 0.000531863510200122 0.121157259819678 0.116707553006369 0.157491490204917 0.274845735087351 0.0844759085191993 0.0826855316999838
0.23051299196257 0.119609686812883 0.0907571718320642 0.123602245380032 0.0245716706737558 0.0981095719730541 0.158259114311093 0.154577547054549
0.120067962176815 0.000871740347402076 0.214606989971004 0.216501665875325 0.111988611399292 0.0478004410986434 0.164897577771889 0.12326501135963
0.0304926366149121 0.118703394770185 0.030892337395709 0.168179533219437 0.138631932668518 0.213075337430773 0.0739376641445907 0.226087163755875
0.0958456185183054 0.200885890150297 0.163343763667872 0.0689083938225302 0.00276205159371756 0.180356050571458 0.160385234810333 0.127512996865487
0.0227227254111595 0.173331084656856 0.125141953002664 0.060402599950506 0.133120079670313 0.158779212870584 0.167942090059768 0.158560254378149
0.119921674919015 0.0189662447002279 0.210980051429293 0.0865744253368999 0.182582118068781 0.123754724095333 0.123160367836293 0.134060393614158
0.181460823683739 0.00825663569372694 0.0497557757549746 0.0705773043854724 0.180290426443261 0.218601847317256 0.22224954574488 0.0688076409766898
0.00420235236441866 0.208007602904835 0.129270365888121 0.179017328464445 0.144336196632791 0.179940019801038 0.0155226578348931 0.139703476109457
0.0239395066211963 0.000493405645166869 0.287770067282349 0.0788959154623797 0.0629789484287874 0.261006306300466 0.106338013635381 0.178577836624274
0.00579838556439325 0.139995765015833 0.192746409802664 0.156791699292271 0.0482550759171243 0.164760639387053 0.223939083118065 0.0677129419025969
0.0909267551475695 0.181969772780603 0.0885236454540866 0.214408216405861 0.0699334057184236 0.159444943211939 0.0380176255491244 0.156775635732392
0.023625213119561 0.228651000056275 0.0468949848690843 0.17849980478258 0.198152452758651 0.0207480473318574 0.141122358223959 0.162306138858032
0.0492903675094192 0.224097752064284 0.174944532838702 0.12150960236353 0.0955655244858373 0.101761845451451 0.0395358239459046 0.193294551340872
0.017023457318653 0.134816043415064 0.0682940620325672 0.195591061665301 0.173241833814841 0.17761531120124 0.176812140653883 0.0566060898984512
0.153646557081444 0.0458474241152095 0.127522636914845 0.133856096051726 0.0244954950345823 0.108859616410251 0.176915079888038 0.228857094503903
0.000882489312022671 0.184966485178648 0.126577582366183 0.0765579067430608 0.086599485716647 0.0150477476875118 0.268371847725848 0.240996455270079
0.0102478926030769 0.157608230423583 0.0374883140879065 0.144812875725201 0.186504586365771 0.198326304353689 0.0558339137534939 0.209177882687279
0.00401458851190855 0.223134166596786 0.127990210314413 0.142165163306677 0.035922056815757 0.0558386066783348 0.243544140532902 0.167391067243221
0.121543725381714 0.189207253858628 0.0897296894806313 0.0684383181381778 0.014825825934955 0.154609455994849 0.165463569044789 0.196182162166256
0.0277298116313699 0.214091059279295 0.193281588095826 0.181390094408786 0.0584865583813198 0.00852958877208824 0.286551151702971 0.029940147728344
0.25929838808185 0.280402054536504 0.00517462356164615 0.192440346852984 0.0942063074520537 0.020519200353301 0.0632091011109305 0.084749978050731
0.214012305909485 0.104561568263662 0.20169989125557 0.206596787331448 0.0159179767215413 0.0293079720602134 0.184534299026985 0.0433691994310956
0.142929387011717 0.152249196678808 0.121282438422858 0.0812467425485405 0.211447314807527 0.206581509450694 0.0318278200039124 0.0524355910759441
0.0285338624138755 0.0556208676489271 0.214049878664311 0.076850843225489 0.21970113933611 0.0178781427271681 0.197307058208101 0.190058207776018
0.118685051752885 0.236760253190184 0.00953765580353686 0.0797046298500638 0.0676625439315094 0.251478941242214 0.20318326362959 0.0329876606000173
0.081622187057158 0.119501782190159 0.227140354431214 0.117180285214357 0.0840271738749409 0.0123168384579884 0.159358292221002 0.198853086553181
0.016113836561506 0.0844887121825581 0.0711503192739597 0.185052519782529 0.162280422804754 0.223052832722169 0.152301170517572 0.105560186154952
0.0723155319567742 0.249329738900373 0.0610979374341913 0.0962813566330761 0.198841353716507 0.0195871977523525 0.101231019740902 0.201315863865824
0.0725124841819227 0.0120733577005749 0.0645276625981881 0.307868979522927 0.184993247008734 0.0455395620435891 0.00247851698819025 0.310006189955874
0.11807621992745 0.111911975375609 0.0937312147569775 0.0773013164071764 0.16325995693407 0.171838639820576 0.162612939059156 0.101267737718985
0.15719449422796 0.0518745900128057 0.146658212945171 0.127449911651186 0.131100315683964 0.0996747998094951 0.155592444190048 0.13045523147937
0.0788051178265742 0.0710809655990361 0.0453593196211876 0.226733280760415 0.0316532323056471 0.215565530311106 0.229457149719011 0.101345403857024
0.108406705885285 0.00857247181571136 0.133891967326812 0.119634618111876 0.266232288261604 0.0916810585615485 0.0911722852054321 0.18040860483173
0.0567821082294714 0.13246360489745 0.0750485503883465 0.0997518369270064 0.13119148920998 0.298687663569521 0.139843450968438 0.0662312958097876
0.0302163399806036 0.157523489735405 0.227197003406459 0.0469045198870312 0.0525376134768042 0.104311317673472 0.155161792434027 0.226147923406198
0.18731885886671 0.0526027286078301 0.28041962735413 0.0702500339983981 0.0544731868496025 0.097624397905068 0.0334786997551491 0.223832466663113
0.0867963344926427 0.0185424371718593 0.0732080105844569 0.0401418099503398 0.256654254268901 0.279426056412718 0.0101424873585164 0.235088609760566
0.0594405490112976 0.11164107909025 0.185485983471707 0.0709975533187461 0.121941705420895 0.182291436750555 0.262236826518054 0.00596486641849552
0.080532774651327 0.255021843418143 0.0988937620469153 0.0237937436540219 0.146712012894761 0.272137174750744 0.0843287084416243 0.0385799801424637
0.193184969019989 0.030303124879836 0.0330023756763984 0.196253421144358 0.148803429535206 0.0279250367707723 0.172728178375141 0.197799464598299
0.0203031325616452 0.0426447701349346 0.194122030087593 0.236515835439834 0.250419499046215 0.0486619589701921 0.0609633450546753 0.146369428704911
0.152056209751426 0.172623534813005 0.165619954548978 0.170280424246986 0.0786006040695034 0.0498044321031625 0.0427522845600588 0.168262555906879
0.0937263612601948 0.176727873375975 0.152430407702529 0.114979828949011 0.170409728231575 0.178131207778391 0.0522171948374176 0.0613773978649068
0.0967275343974738 0.124236953558811 0.144606282899573 0.16199453170336 0.170307044662439 0.123355698253016 0.00968199511826788 0.169089959407058
0.119409930417868 0.17225804252273 0.175895451264771 0.00122634866067109 0.176437116581459 0.186949866859694 0.105856821742365 0.0619664219504426
0.174958282761329 0.151241317114681 0.128702669004894 0.133024302761048 0.0832635595497501 0.0764074832096996 0.132799487531173 0.119602898067425
0.206047583158597 0.199076793557712 0.00887450091553944 0.00498498021367262 0.185973139659877 0.0347755633035125 0.0820138815004121 0.278253557690677
0.305860226830351 0.0073697984315336 0.168859986590989 0.000322914197463691 0.0827683237528419 0.155119784716419 0.0994199411035322 0.18027902437687
0.177225573407616 0.192897959043798 0.197440208488939 0.0831102777533608 0.0553921126707698 0.0136941817659595 0.213262328862749 0.0669773580068073
0.211257877423907 0.217399752209365 0.0531969660623771 0.0811192328915308 0.111977632807398 0.0113215065522468 0.112905535665045 0.20082149638813
0.0737356612704938 0.219357761423479 0.120188636471133 0.011771085020083 0.221835502143869 0.0532656548300132 0.0759143952776719 0.223931303563256
3.19173196860867e-05 0.186877067545896 0.179903928833493 0.0743171939469889 0.12355767114671 0.230187271270033 0.126538254446192 0.0785866954910008
0.316095392663377 0.171962787464185 0.0292283449578931 0.00496662300928063 0.0559650498841969 0.127911810990502 0.0342542186025398 0.259615772428026
0.0414777020115231 0.0652907221107965 0.163734346680438 0.132324999836989 0.191712788911668 0.0223773977149872 0.167468534501015 0.215613508232583
0.145755917533691 0.252573183346634 0.161639648578389 0.24373725035273 0.0507613357860237 0.0523763030763658 0.0526263417102511 0.0405300196159155
0.068193989120068 0.0700096113152005 0.155862771890057 0.192432913552197 0.188762005408636 0.028969864476014 0.17991668677039 0.115852157467437
0.146217119610655 0.0996558837582702 0.334895170310213 0.154749651886512 0.148177904608956 0.0100266722179139 0.0932007939525038 0.0130768036549758
0.0446484880346759 0.1071968711909 0.0449168832970187 0.119521020548676 0.132970972077446 0.136646198110336 0.0435746426332845 0.370524924107662
0.129692321003744 0.186957049758936 0.148780971177089 0.126287883758478 0.0712118045969359 0.160352570125913 0.022502819389969 0.154214580188936
0.112036751471922 0.0831904195773662 0.221745090740292 0.181906154812111 0.00655259678977778 0.215852334940456 0.134135843934098 0.0445808077339773
0.156696606697995 0.177197590563624 0.104364505160443 0.184366003707093 0.15564358584809 0.0288776892619041 0.16329942959017 0.0295545891706814
0.194758987822589 0.00390748752644543 0.169982650160856 0.0647003898093303 0.0577655047992815 0.179128254864843 0.125302356861918 0.204454368154736
0.138067182097296 0.082790388026962 0.147457111043881 0.187177705789492 0.135750165931548 0.103110236479141 0.04762847999619 0.15801873063549
0.0853944910382409 0.0220012985451516 0.0674370961745724 0.245808915798749 0.303289207371043 0.00187043076787908 0.131866956595121 0.142331603709243
0.12194616559976 0.182534388928403 0.0184010327884929 0.0126663809668248 0.217563819392853 0.00661222938420756 0.272564886051273 0.167711096888186
0.132210694422368 0.2139891652956 0.058430851938714 0.176939094542891 0.209827162635963 0.00493299154389419 0.0339333984719698 0.1697366411486
0.218257911407097 0.0293410755164941 0.0411601222550424 0.267301942757371 0.0998591795131959 0.256267164141633 0.0100001524530984 0.0778124519560684
0.0586005686363394 0.153608326508562 0.191375575052088 0.0207423419923861 0.0879717323565936 0.0903873095866832 0.206626378867575 0.190687766999773
0.148096637722752 0.225953014035272 0.0704561669583628 0.265292632476472 0.0504211040552704 0.10914764757352 0.0261833948181834 0.104449402360167
0.205028381445134 0.120489982215178 0.0996162174175605 0.0360575501301913 0.182549753014246 0.0749592917114402 0.141909031374121 0.139389792692129
0.0148503032810606 0.143864536330984 0.153828872944246 0.152879966189921 0.171502299156349 0.0794438851478009 0.10056814760117 0.183061989348469
0.166673589180625 0.170306304003577 0.140046900592274 0.0935862513602571 0.0555778947207665 0.151864753850147 0.166453389306861 0.0554909169854922
0.198200013340519 0.122536206781776 0.116886484292439 0.128257940527688 0.00905543142191832 0.0954819007567927 0.185898632771481 0.143683390107387
0.065212431462868 0.0743195438732559 0.0518544113124078 0.20451446464247 0.186671638070147 0.144678485983816 0.192160515590533 0.0805885090645032
0.0266693728267617 0.038424026437259 0.273096638736514 0.121883642486816 0.09357666621826 0.239799410630841 0.179610189762925 0.0269400529006233
0.0537105666067472 0.0588367816068234 0.209823492851134 0.18843736144637 0.2029223625051 0.111835668137126 0.00218250989320822 0.172251256953491
0.175123487673462 0.087647133789704 0.168572855525011 0.0544957466307127 0.146958619846559 0.0938984042202492 0.087472799297325 0.185830953016977
0.210599534212391 0.173270618247528 0.123400564805127 0.0435415131571962 0.0321373135802261 0.0890592623868367 0.192786830719515 0.13520436289118
0.0786093304282281 0.00151009655546656 0.161964914985183 0.195241915524327 0.214504264260604 0.0961394631882246 0.133272741313752 0.118757273744214
0.112458804274284 0.16107129273131 0.0785055188281196 0.218594358454511 0.144886672532469 0.010533626130418 0.088901181204435 0.185048545844454
0.0914161444675782 0.175313972958445 0.205826240139511 0.0546493063987695 0.0901982582258368 0.207521395746305 0.120440857286 0.0546338247775542
0.132516366942692 0.146162620423654 0.187988498369163 0.0480457960031201 0.0838598612214233 0.0602908150503357 0.151578472843084 0.189557569146527
0.198189862305889 0.0128672274534529 0.159551216170384 0.124677301557887 0.138413154487535 0.117746935978415 0.191873272888442 0.0566810291579966
0.0752075620142925 0.182285239598092 0.24947401068407 0.0559068599319143 0.101717406733853 0.0596339031380724 0.0966294380315624 0.179145579868143
0.14421882752132 0.181332191951489 0.00271285968443282 0.0758543630322905 0.191705079792129 0.098990437305109 0.150914530906394 0.154271709806835
0.189814248964269 0.0235041564381048 0.216317428391116 0.18357572800822 0.0298353894910332 0.0497392232401868 0.132705775146784 0.174508050320286
0.181859892908397 0.0597710370380114 0.158542987630074 0.203533365871939 0.0997635238765886 0.151787955419786 0.144328432349256 0.000412804905947297
0.105341531798765 0.121806921416873 0.113878484479232 0.0958981606247735 0.169182648964131 0.0875288656274336 0.0921410233075155 0.214222363781276
0.0909670036211931 0.112925134037746 0.175106508111412 0.0937152935537471 0.175875468821623 0.162552380360264 0.127985064856943 0.0608731466370718
0.0587136906148349 0.198523547123006 0.121527720686803 0.215575307136324 0.0669539292142074 0.134288551496518 0.0281146298640242 0.176302623864284
0.197908424655984 0.169150578062564 0.0536780823184761 0.0651566677900704 0.13885956100809 0.025696190497686 0.176582100483046 0.172968395184083
0.117062967235831 0.0806219238757558 0.0295579477488477 0.141738124477494 0.194801869360549 0.100543397048183 0.192701768921255 0.142972001332085
0.057934963871788 0.117730951960508 0.223745427030351 0.28800801679549 0.111684141141376 0.104605248350663 0.0335696963055409 0.0627215545442839
0.00414548161470156 0.0824777372204967 0.0914082691139578 0.192562916255151 0.123073275787411 0.158354437025113 0.171523983750268 0.176453899232901
0.174733753800797 0.128517124956493 0.138860970563118 0.143895443941993 0.065851085550113 0.15951822332225 0.090893647738101 0.0977297501271342
0.22813010890621 0.111209657108766 0.131916904312913 0.12657124865282 0.108523859498208 0.0749940201750777 0.0526891748282184 0.165965026517787
0.150940259588758 0.193086599971122 0.145651785753014 0.153745387550505 0.156157830843461 0.0476243425032596 0.148497322004871 0.00429647178501106
0.195455842143335 0.198672639380218 0.0498234671437323 0.190566912777727 0.102109744869818 0.191888046110972 0.0131232118078538 0.0583601357663436
0.0213577798105672 0.1483922348205 0.140612185334079 0.0822257833137848 0.158579293877999 0.0968594683690877 0.180252376666406 0.171720877807576
0.114198453360448 0.103663407707936 0.06733000713568 0.100631279460791 0.250990770243167 0.00165339870763866 0.092074064739109 0.269458618645231
0.123086712840169 0.165594832483543 0.0192131813896684 0.0814747711774206 0.184603170859553 0.0682871256230888 0.182943258734504 0.174796946892054
0.0579923792386221 0.000127887729405407 0.0305557367966066 0.145895205169222 0.198240374478653 0.149505423205344 0.216725789368021 0.200957204014126
0.143083664351426 0.0818756183390098 0.00242100760834878 0.131740875729172 0.0654442129931147 0.226620210397554 0.172265300339686 0.176549110241689
0.184110891642718 0.162122065442416 0.190597182005376 0.140106893178791 0.0513890424546671 0.0909941997048664 0.0427930250218858 0.13788670054928
0.205284351601607 0.175056126399783 0.019394224947069 0.0312371879144151 0.0726027490236282 0.105102494745544 0.204477007552489 0.186845857815465
0.0165569983587256 0.000853935521420233 0.203936826477661 0.194187542311864 0.100494041743757 0.214195565429969 0.100238938173798 0.169536151982805
0.0288828004061996 0.108148332522279 0.175575364957065 0.26100493115306 0.12103955613216 0.217060341929979 0.00973692741964435 0.0785517454796131
0.0801541577774441 0.0609873925186067 0.227670311339607 0.0779134981593382 0.0454303152237075 0.144189106995194 0.225940676586791 0.137714541399312
0.0152527432484726 0.178898702269318 0.195872660905747 0.0243407848504335 0.0311738207839673 0.113185726883088 0.210736935785567 0.230538625273407
0.00900204401644651 0.18927241919721 0.0978476184472056 0.238082966230363 0.150355857528282 0.0760311107539805 0.0108677056119781 0.228540278214534
0.167593328056938 0.0119444104768178 0.17399219510518 0.0611592884232567 0.201714367090556 0.0598434227765199 0.206899358150502 0.11685362992023
0.0525688551673452 0.130628496836076 0.0835191624480846 0.191148903637385 0.180050530789626 0.0745893925147663 0.160621476220687 0.12687318238603
0.155606579287723 0.149569580298653 0.139813970777224 0.11821974608933 0.159733300542817 0.0366422051592201 0.191095509706101 0.0493191081389329
0.0265381226211509 0.300763091060572 0.0377649436651071 0.108091880885894 0.248928350778641 0.181044995063073 0.00875881864460815 0.0881097972809543
0.0811894714749058 0.188486339377665 0.131944666400626 0.0612815741438036 0.172863059059506 0.0750423898761731 0.078560794120201 0.21063170554712
0.174995596581808 0.146888456742616 0.155474341401661 0.198116446689371 0.137073005398243 0.0924731178263662 0.0790937934628505 0.0158852418970848
0.0101416721393955 0.00744806626781847 0.222797175435168 0.268525144621402 0.0319581122654945 0.161005318484028 0.245224918851307 0.0528995919353873
