0.0872964994221495 0.206123986538849 0.200533153810974 0.141384137071239 0.0524812590905387 0.0249884244036024 0.0428401001259264 0.128207414111791 0.116145025424931
0.0898731033562306 0.13502896740075 0.089231869479212 0.118989680234025 0.0071910770368425 0.168250765617055 0.121964064619977 0.228445540341029 0.041024931914878
0.257204082972937 0.0312346262543835 0.0371261593999201 0.0453096685328637 0.271694126069039 0.175497039983043 0.0204280720335871 0.042507559147838 0.118998665606389
0.179799907865665 0.0254996092000857 0.0365072457161918 0.206614321756345 0.0792336012186122 0.20378557345695 0.109628697599715 0.138500350572812 0.0204306926136229
0.0908154827779437 0.193165511558452 0.128918936943438 0.064894350615301 0.0218208515569837 0.167760270636097 0.0201165175952478 0.163497589831332 0.149010488485204
0.161420243020702 0.149752452643796 0.005357754970265 0.12450493923177 0.141322414698553 0.105820890314229 0.0040150734023011 0.174410285087291 0.133395946631094
0.0119446879755193 0.107644032170995 0.00570796776843799 0.0856092401533099 0.0479986618848958 0.189150700769735 0.194102591304294 0.189353261670024 0.168488856302789
0.190334159074214 0.0834911672143302 0.187181643973868 0.0632556977902358 0.0375190376827377 0.148784248237608 0.147297317532876 0.104399076458221 0.0377376520359107
0.0957520712749754 0.102842484687785 0.182538209265334 0.0033745756646791 0.168332906484847 0.165309315470932 0.0748445614458285 0.15243425069825 0.0545716250073682
0.229837343305515 2.62304512824917e-05 0.135656906124526 0.105396718895224 0.136597952203478 0.0465861942294598 0.038491400628801 0.110451286729822 0.196955967431892
0.159615814347541 0.252907403009872 0.018337621437823 0.0482877712970472 0.0675110419118819 0.163543851671735 0.105520735951103 0.0424449105744959 0.141830849798502
0.0756891719838687 0.121768867843107 0.157113080866032 0.117719273284073 0.14610273441782 0.0289182427315761 0.126394782136658 0.0503763237210304 0.175917523015834
0.148189834314033 0.0706486573637866 0.102801026792513 0.230649637455679 0.164030073521457 0.0858021432209414 0.0344650397357927 0.160115606545372 0.00329798105042522
0.208638840483165 0.189775624474314 0.0664337134099322 0.034281537953094 0.0124171227972972 0.158353659876706 0.0453613363057769 0.127366205608718 0.157371959090997
0.0132863424262109 0.165116915565352 0.0376611749170492 0.136438185984036 0.0525985073596388 0.237515906306562 0.274615610590285 0.0731220411795566 0.00964531567130949
0.148213660722887 0.145758654319817 0.0150800856758507 0.056263790226886 0.14001121055557 0.12506314648768 0.115110697998431 0.131256295139105 0.123242458873772
0.163178873553897 0.0840392316801652 0.194020870405101 0.091053731794308 0.0109917026119667 0.198417325229592 0.0312962011559597 0.0696081718469241 0.157393891722086
0.186424704692736 0.028273153289417 0.0999372525014009 0.135990840087819 0.163081788319337 0.113695970471705 0.0788086234123445 0.171372474234396 0.0224151929908435
0.111690597918916 0.0315458667843063 0.17259743908889 0.0991283807055938 0.117362098469279 0.12209917255665 0.0316896757086136 0.113099474066902 0.200787294700849
0.0725197716021426 0.0831016719690531 0.20872846321944 0.0911916954052891 0.114103558693221 0.104052213133871 0.00508587871619458 0.0743168632874835 0.246899883973304
0.194571554600411 0.0776624559519486 0.109149328878637 0.124710487324354 0.0817169247029284 0.0259223404929629 0.083857887565887 0.197683584426568 0.104725436056303
0.0638228323846261 0.0171878609910614 0.0281008771239523 0.0881021803432112 0.159567526686293 0.200575647482292 0.108957846579881 0.240554627135812 0.0931306012728713
0.0544603662814417 0.209419225089987 0.13008765525815 0.106742981953439 0.00643540987468966 0.0599767297856448 0.181331527755004 0.166501488841147 0.0850446151604972
0.0121033616468367 0.102013626884988 0.270599505861714 0.146590178752387 0.0133102546588269 0.0621823310113669 0.138405934187437 0.243552785446841 0.0112420215496014
0.108516690551719 0.0139690403816595 0.174051136224237 0.0807025906417643 0.0869572594527942 0.162428432619488 0.141252831358746 0.11730107409807 0.114820944671522
0.11143203288376 0.0209785675222098 0.173004409750783 0.0758648689499259 0.16097382508991 0.125404759789381 0.152531759952622 0.13431904465638 0.0454907314050284
0.0992579549202019 0.13303732651962 0.083200692720046 0.19311547191448 0.172546382122131 0.0104907097081769 0.0793306160577752 0.0917814496699056 0.137239396367664
0.218007758037939 0.0758009042971358 0.0664956434769968 0.0649905790083208 0.125951292076334 0.0578923172387553 0.0782043894932352 0.121794525952404 0.190862590418879
0.168846249673055 0.171478888492974 0.0249850279349475 0.02846703878584 0.13630525135799 0.0493233038682559 0.155374350684564 0.181888769092721 0.0833311201096532
0.0684038527327537 0.166037547449843 0.0917324406831511 0.133132647863384 0.0360093291660905 0.149510760518996 0.0287641853874733 0.134347345790135 0.192061890408172
0.158855047821826 0.209229188560721 0.184511082320566 0.0107027311582247 0.16588147800584 0.0911196969515633 0.0270577392661069 0.0676921156069792 0.0849509203081721
0.187398283471166 0.151090084301982 0.140446945340338 0.114031002561622 0.0576416310160866 0.17407495455985 0.0351064640466393 0.0329730118707923 0.107237622831523
0.0686893041404388 0.170404865957359 0.0716245192102076 0.116201746297455 0.13459263058771 0.098628558001002 0.0686685921326696 0.109425745372602 0.161764038300555
0.180182021472589 0.0791226615690367 0.0526142097141934 0.0151429612293271 0.199473672003397 0.164715988190254 0.128779897463716 0.144542542135669 0.0354260462218181
0.0353327831377488 0.117849704581979 0.144610209695513 0.0430807323964332 0.0172978904689784 0.0254595525804813 0.253762601674856 0.163411595771733 0.199194929692276
0.0479741779735903 0.208490074631163 0.0106049387261653 0.13442201612335 0.0642562213070345 0.000912468205850048 0.17905515780191 0.153509274608105 0.200775670622833
0.0570232540311891 0.0686755450370622 0.124898305703717 0.136245772062767 0.123099929918765 0.190088660071636 0.077401723712873 0.0634774088866086 0.159089400575382
0.0267390102553446 0.0907230257939807 0.220353213122982 0.231327404050051 0.0341454830929368 0.060176295403455 0.241773212761275 0.0019000944649038 0.0928622610550709
0.023768908774084 0.183090428361434 0.0387021540418501 0.0297109563622361 0.142709037161024 0.0503428428399462 0.187119871541009 0.173505078274395 0.171050722644023
0.130218781468581 0.135924345062309 0.0139997683405655 0.107454068810661 0.0510502838869159 0.143799386659677 0.0914621390940174 0.196125043572897 0.129966183104376
0.0919900394664546 0.185670561344171 0.0966123706046316 0.085447694625621 0.0186858121127341 0.177958245174041 0.0661572012376201 0.198072483911537 0.0794055915231904
0.0979305511629682 0.0124265699517596 0.178143068140186 0.116469409750838 0.0544324320376554 0.141477135715169 0.0829502107545843 0.0750766177191741 0.241094004767666
0.0438119098338171 0.234864305682485 0.242075153092066 0.0565903979754234 0.0961825900548937 0.0304249684347256 0.040093287384698 0.237136524724126 0.0188208628177651
0.0654955414801581 0.132269593562053 0.0978728614605028 0.192773459988961 0.166960332516304 0.0854620024878313 0.0136540738043902 0.150720478328366 0.0947916563714337
0.0286928487236804 0.153928897323042 0.0681813493327581 0.145737373715223 0.156628143959597 0.104459819145276 0.102253938216585 0.0889582456421464 0.151159383941692
0.011663901202088 0.165562274374048 0.130124614915051 0.133256769583486 0.101384703090496 0.0191041865962698 0.134490174225154 0.144816855829473 0.159596520183935
0.0402859016913053 0.104722143635977 0.18160223468764 0.0561751265533958 0.178407627107696 0.126697305777625 0.171921809613283 0.136117393107038 0.00407045782604118
0.114293895016159 0.180183864968032 0.157857145918487 0.123264622616042 0.0907841529534007 0.0373329790423354 0.0616061725211118 0.0970013141393574 0.137675852825074
0.102441046158901 0.111256932497156 0.151680362265569 0.0813378412579732 0.139884776750863 0.0910452304050435 0.127043913382147 0.116318403657726 0.0789914936246199
0.0392656479040662 0.116586566476636 0.145096366463925 0.0920643530062573 0.0929088578936595 0.13622445927737 0.104408923637544 0.147744258430532 0.125700566910011
0.09209924418001 0.204045169346656 0.0107863965144451 0.0702098703293882 0.197417478776208 0.131869267549656 0.105902029661597 0.111807906941089 0.0758626367009504
0.0845219533137366 0.0936913905077678 0.0958192202002913 0.181458794734209 0.0856859383522123 0.0931364937330958 0.202426434369305 0.081888659087811 0.081371115701571
0.162597603387491 0.131412660886839 0.094607231647001 0.0988728554188066 0.190749806823457 0.109071217300824 0.121026359392092 0.0509502219732317 0.0407120431702569
0.19110440755357 0.0958873781870486 0.067175888797822 0.247604548216448 0.0476639464833689 0.00594163415796428 0.241105941439754 0.0113730679909562 0.0921431871730678
0.0583517647249194 0.0328992446893449 0.107022194827642 0.183812923259575 0.188729253489785 0.0944822164174711 0.128891709911453 0.0368622956227213 0.168948397057089
0.0828134891564911 0.135857303200806 0.161531352065431 0.165773063511347 0.046136026047499 0.0210526394268554 0.194172964547448 0.187172204063327 0.00549095798079536
0.184884040556628 0.0911087792783918 0.0176620951552709 0.0327073078558319 0.198757745052457 0.0812473143024561 0.178336268250298 0.0554827001658908 0.159813749382775
0.0599131581276967 0.11064629194438 0.114790237559859 0.132683578874652 0.135858149965943 0.119059016379608 0.0873863362387637 0.13980114928305 0.0998620816260482
0.177161679794444 0.140037856908401 0.150126190405508 0.11877062085883 0.0371501563222863 0.174829989854242 0.0219517233604096 0.0764341259127407 0.103537656583137
0.112008747272601 0.0814608623404407 0.0887508462659823 0.131674827089922 0.0591075766746043 0.0800347552560079 0.148948088757319 0.138626996183081 0.159387300160043
0.105422922173286 0.148451793974816 0.134991857021026 0.0533711170282225 0.190163950870426 0.0759871846754735 0.14269296233397 0.00917493095017579 0.139743280972605
0.0318068214916486 0.139711279713242 0.174371580193504 0.0649111243602542 0.16321050695693 0.170649370744969 0.100194094894573 0.00809111091560486 0.147054110729275
0.0973409528959216 0.0176773938509296 0.0431087949597425 0.0353508016308904 0.0302454507434284 0.255127698746626 0.148657581417096 0.234872138379253 0.137619187376113
0.173699532788599 0.108810077858075 0.143049006606601 0.0595359434161414 0.0444524640393036 0.0242727029816951 0.13440684092569 0.175903300739879 0.135870130644015
0.188415419285954 0.133970507413638 0.176167991537555 0.0241803973846385 0.0568045388007426 0.0410279793043378 0.0894689434888473 0.127054816305338 0.162909406478947
0.1537881412126 0.21574346807971 0.00686550452090048 5.67246445089134e-05 0.218324598631032 0.208263042253246 0.0965460096090125 0.0938768147258842 0.00653569632310561
0.0526166648378569 0.0750885038656517 0.153167250481039 0.16907745880333 0.0785214398107836 0.192350718424441 0.0519047636500295 0.135843120676779 0.0914300794500901
0.0209931478878061 0.0494343100224696 0.170268224127927 0.197336665864419 0.0967646931875183 0.113064848060978 0.163358749561501 0.0776418705548368 0.111137490732543
0.115596087011897 0.0513095095351377 0.000214519592458816 0.10852312172378 0.158566125796625 0.199857206984547 0.123198223983157 0.1475909697798 0.0951442355925965
0.0755846673094255 0.0831015782453587 0.117550928408569 0.0547659324169217 0.150794105964057 0.142265836554926 0.0841844371587948 0.131380344674036 0.160372169267911
0.146264704232808 0.0557052768987868 0.0934984441301081 0.29086515293428 0.0838141749374584 0.094322352613936 0.191453202171348 0.00398160549639733 0.0400950865848773
0.070570636004305 0.0945624341139953 0.0131526858827523 0.15502032089543 0.16426154257886 0.0853334246119666 0.096734872952031 0.187163325014653 0.133200757946006
0.0147890040621522 0.236982408545722 0.145057024265307 0.0930741926924852 0.0707419528563725 0.228667209364636 0.0759093577650887 0.0349864713481402 0.0997923791000964
0.145736408250986 0.121803906729217 0.00667410192459606 0.104586979914656 0.129077881810928 0.119638570822429 0.181528229447429 0.0340901367977662 0.156863784301991
0.0908970722466626 0.014157520800497 0.143202317062557 0.118169801999705 0.11279529075732 0.183162692225169 0.131866006873649 0.145902008888588 0.0598472891458525
0.00244892068864282 0.179262858265337 0.159499695781443 0.0340569424945945 0.139254894241385 0.189636848013834 0.00478600166378615 0.0587674461451616 0.232286392705816
0.0657069555271034 0.199340539266324 0.186029864258793 0.0742402225838413 0.00404296451301369 0.0819769812589958 0.102783164009776 0.193043523722 0.0928357848601536
0.0603134330239987 0.1434773025866 0.0650795689935788 0.0586045609763703 0.128334387671286 0.139939167991119 0.154747045135763 0.150551540188692 0.0989529934325922
0.0729246531873164 0.0392502664996266 0.121608955821934 0.187233527965907 0.0492915564099384 0.172722142257002 0.0866718760749468 0.121472426691764 0.148824595091564
0.0227481585508746 0.10509165726356 0.240216713622101 0.211116217078435 0.0986193283813599 0.0160076358948106 0.154050370108646 0.139690738992955 0.0124591801072582
0.0251329747694676 0.198176505154448 0.0398567312370716 0.179959813879844 0.117800514071748 0.0904784437918423 0.144016683711863 0.0231598243436454 0.181418509040071
0.144706029140585 0.0172005992392452 0.0332544299243613 0.240042393802505 0.0513998179799617 0.0456344857929064 0.0781339186735558 0.193706081927832 0.195922243519048
0.149940324721859 0.0320470799691559 0.0123539916645755 0.143126855936256 0.113127225864008 0.196714175203507 0.122267082112655 0.0992867294045139 0.13113653512347
0.0393817215671304 0.176416789716323 0.14842397104555 0.116443948883311 0.136695631833135 0.187691498717483 0.126685601898667 0.0471288943310889 0.0211319420073125
0.136058005992162 0.119923029318055 0.0292524925920218 0.170324537844441 0.0587886246076132 0.168309416166678 0.132833948904943 0.062096509603752 0.122413434970334
0.109193238754955 0.122175614589866 0.139051101836997 0.137710699775929 0.130199568671141 0.0657827975846508 0.120503128170909 0.12159220817729 0.0537916424382614
0.0207707201386004 0.147852388614034 0.193159459471832 0.178057586239413 0.177837071278015 0.0959793642117034 0.0524035594540288 0.039801275702796 0.0941385748895778
0.0322985114239552 0.0556822636982492 0.159924884767834 0.12125459958846 0.183554280788304 0.0721852571117284 0.196549969958243 0.0509068976346066 0.12764333502862
0.10464197180407 0.207079515864736 0.106802863891966 0.0238741907923158 0.144331953247403 0.206937040296472 0.00848662823289164 0.0807447901136059 0.117101045756539
0.0821088728826854 0.167845450619811 0.155504270193398 0.211455362021582 0.116186570782061 0.107012486910688 0.00134451791413702 0.0841486530045432 0.0743938156710932
0.171991053356087 0.124737782787179 0.0888312822658656 0.0328421063125123 0.135593253301895 0.200482560268852 0.118966654684708 0.110884367034264 0.0156709399886374
0.090267880430922 0.146999270272831 0.201428560872541 0.052570903358481 0.0151877267193801 0.0217607549426386 0.165450648366372 0.16724944609914 0.139084808937693
0.00168234123476833 0.0787599619853875 0.213349459712118 0.0981633750207705 0.272937886956204 0.221697650521546 0.0789479012248796 0.00853383933476905 0.0259275840095567
0.12576083909897 0.100529843497658 0.16213388485148 0.0389271781840288 0.0312014114132421 0.0290428397063745 0.169393759774878 0.175763490967374 0.167246752505995
0.143561709736399 0.19003655234961 0.181821091911781 0.0212310461381743 0.0464120085422976 0.100390866908583 0.0430168901336766 0.19400258306586 0.0795272512136184
0.0131326832458859 0.0739721859754723 0.1233020387035 0.161627601503889 0.150632473804899 0.110610490829381 0.12097080719847 0.120474894524753 0.125276824213751
0.176710685493342 0.0990289249847552 0.121964929798345 0.0977930909141574 0.0280587521969432 0.13919684104606 0.230297481862069 0.0698007683063251 0.0371485253980025
0.106543111781521 0.0149234462990594 0.0711890057641541 0.19500590926268 0.0393256312281005 0.0729632902858161 0.0281523874200529 0.25038692018426 0.221510297774356
0.0215097015372544 0.163103971813187 0.167826491472199 0.184464285690863 0.00424898251990716 0.086746608646182 0.105952765206972 0.109743526021291 0.156403667092144
0.151804638741059 0.0564283585056897 0.204353867466698 0.244837957975663 0.167476328760422 0.017570563543529 0.0552119496561339 0.0801433452577561 0.0221729900930501
0.00502707128935146 0.158928965604984 0.183776874844406 0.135375337139019 0.0806976912197264 0.0667992217520378 0.135440007353208 0.134770429797931 0.0991844009993363
0.0660402022983562 0.229470317853016 0.101906407403909 0.0210639382176973 0.125891543337926 0.15266615307318 0.0833244399481018 0.0354988329471803 0.184138164920633
0.206435099217287 0.202825105637095 0.0180263589262544 0.102570836380329 0.0653074379005849 0.253540284828314 0.0149522715426836 0.0596934768372291 0.0766491287302236
0.191623572078721 0.000433635144451891 0.0284227452896613 0.105356303886532 0.148507086478093 0.111294758693494 0.192621477046685 0.136905395428754 0.0848350259536078
0.187076164392637 0.0460917659264652 0.115075481965711 0.167933867837798 0.0958358971437114 0.129193776188028 0.0250732134178589 0.0474335355946217 0.186286297533168
0.136306273724262 0.0113706813353254 0.09599388111164 0.00860393405144574 0.0397204841207176 0.184606520934745 0.185846769641819 0.170886393422516 0.16666506165753
0.110311846446952 0.0412163220375319 0.121250461074519 0.0988110953793118 0.0792624743544215 0.142738283783093 0.128665126754371 0.111396963755432 0.166347426414368
0.0952727923591362 0.0839989443704167 0.116167381413697 0.129154552964625 0.161035210739949 0.0479257159028234 0.10751478737261 0.10589869229129 0.153031922585453
0.0579545859171294 0.117823369112229 0.0875448676796387 0.0562326311191178 0.13155363449778 0.168630930462743 0.158468197864957 0.14804297299893 0.0737488103474753
0.0916149484875987 0.1103302897454 0.0130732228942504 0.0862476633105774 0.216124501081902 0.165603527822023 0.164912369231744 0.118904693298024 0.0331887841284807
0.135042909176926 0.118733110032466 0.0118297126431776 0.0725008255254399 0.139130407186947 0.152737080771826 0.111419306534332 0.166593132693438 0.0920135154354481
0.119257700143575 0.0913297174024476 0.126697846239974 0.159604887511612 0.130191739978258 0.0703075340023069 0.030968049086819 0.128469748742588 0.143172776892419
0.109388224253834 0.273142524166522 0.100618824943501 0.100596111600917 0.128293168749134 0.0404663634772316 0.0377040104694386 0.183758664404622 0.0260321079348003
0.0826916258316132 0.0195620761203924 0.108327414893841 0.0532259636299552 0.209199239864472 0.165793326031836 0.133404352150687 0.15325736066689 0.0745386408103139
0.0622165364043605 0.0902928829465669 0.103716884503236 0.132506189851105 0.172195736518032 0.107031948578117 0.17440450795387 0.132612730073618 0.0250225831710954
0.0162589575006121 0.018559673799174 0.261318966418451 0.0832273334956554 0.247588681792914 0.157520646601579 0.0485542261244339 0.0679078588506868 0.0990636554164938
0.284832592208327 0.20808155484698 0.105421108694509 0.0130748968103881 0.0999251162412025 0.0494162740011592 0.083340920751401 0.0348044743625993 0.121103062083434
0.184181317811526 0.141800767888031 0.145727043792946 0.1189118748056 0.0824656707093671 0.0258993969939771 0.0356834904980054 0.0479985046265973 0.217331932873951
0.11287420794085 0.163693213144669 0.0879573174349101 0.0451398650816957 0.102831450398606 0.170830994418381 0.159083472849795 0.0609148865166599 0.0966745922144334
0.166644513973714 0.126172440806871 0.177331627658281 0.128990274444173 0.0130623283014583 0.0646120030162847 0.11409703202526 0.0394377578311596 0.1696520219428
0.171487192197513 0.153270646590874 0.136779372818506 0.107670830286164 0.0501678414083715 0.133507769408423 0.0557752805979617 0.127142060837988 0.0641990058541987
0.142697086287038 0.0541498195745807 0.270032042358666 0.00727698575203655 0.0391223163355212 0.165160071134746 0.15276365742268 0.113918726836098 0.0548792942986333
0.168427680526181 0.151744627508348 0.0774749552954897 0.164904322433484 0.123853429026569 0.0196738839176184 0.156039912836135 0.100104382242211 0.0377768062139624
0.03257743904186 0.164821822858809 0.170231123708957 0.108858352923339 0.113882146392312 0.102260295883287 0.145965229173381 0.0612456937528015 0.100157896265253
0.199887270543236 0.188280544210905 0.224820005752393 0.138931340447679 0.0409311956643765 0.0250589097576902 0.154139486488973 0.00480544034730613 0.0231458067874414
0.147211085822069 0.116786440622025 0.0281619171717733 0.0572660324079598 0.151823256295134 0.120968213821469 0.139186964334997 0.144719249346593 0.0938768401779793
0.0474426102008164 0.343599882776337 0.00306196136948236 0.0451416940400492 0.242258604907877 0.0278827198546115 0.104598399309862 0.0823520373747992 0.103662090166164
0.237848753342051 0.0284650025409979 0.0767228097544576 0.215730121162627 0.127039477323064 0.156003377480117 0.0471329424747833 0.0924020844995309 0.0186554314223706
0.0237338675634576 0.0715687297327413 0.051844469476428 0.217731251536216 0.140076391230698 0.0263753653173016 0.107552897420111 0.122588036004802 0.238528991718245
0.161915599447406 0.0746104901436001 0.110894988121951 0.153030046380115 0.206233186418687 0.0358708510063354 0.0650406427916711 0.00869919586694453 0.183704999823291
0.109166971754155 0.0104343983604932 0.140766229627816 0.235749284342083 0.0417249729882047 0.0247468287546924 0.190530543426367 0.116391265431259 0.13048950531493
0.062917224489392 0.156615975854385 0.10619327866435 0.0931205486125865 0.0466520286064041 0.0719696514329962 0.0856519043699819 0.183394643277444 0.19348474469246
0.0190885739638405 0.0905389949348116 0.207133903828512 0.277562872926429 0.000842215271770676 0.0121504349497951 0.235881730638481 0.147574219351667 0.00922705413469192
0.18092254108505 0.183831041796681 0.0390078823578134 0.1242456227042 0.0752203111293759 0.218062331864547 0.0148642513037049 0.00311364169445802 0.160732376064171
0.119474723101919 0.0236497771601835 0.0946580421247882 0.177910075807844 0.0992421982269499 0.157689401741507 0.151233401532588 0.0896122638872722 0.0865301164169484
0.105804872895601 0.111566613497479 0.153242487075843 0.0984512124912995 0.00684377501928676 0.120266335433116 0.0875624782700989 0.126639088234265 0.18962313708301
0.030169956094019 0.205690678718711 0.16827089812078 0.0627830874845179 0.098305566801932 0.150356496952483 0.0636210841801961 0.064271488553605 0.156530743093755
0.0454075987709229 0.126371977902863 0.117768454424424 0.142538699996341 0.111570941235497 0.181608098212065 0.155191831668607 0.0349539788154719 0.0845884189738074
0.0414577722442203 0.159635406875164 0.12786289411695 0.0914545879094348 0.113757538299764 0.157166415253868 0.117743067760879 0.105604808127448 0.0853175094122719
0.183327268590707 0.121406297766198 0.0752023778340565 0.0901322407914693 0.128976748507193 0.158110825590894 0.142268525500533 0.0388358784344649 0.0617398369844843
0.105514802791347 0.0949700334018606 0.169606711386646 0.0526925749271659 0.174093469912733 0.143277349943369 0.0195518380974795 0.096213939186297 0.144079280353102
0.0157717085447269 0.225685746167342 0.187253893161927 0.237402058184111 0.0390161484084384 0.033978237068798 0.0283081653754037 0.0632920823020171 0.169291960787236
0.196224237500876 0.062051372501333 0.167266038579616 0.0887414122166609 0.0717753716797378 0.0829892372589465 0.132101870908523 0.142601592596633 0.0562488667576731
0.0859416305280347 0.00481811275834532 0.225939927546375 0.0359663432134527 0.100078937516759 0.208985359974033 0.0949190431590135 0.203039642012067 0.0403110032919195
0.207026672917324 0.063033480242894 0.0126086338422663 0.0599785948369332 0.180477690360837 0.075518337798402 0.00563255943985041 0.196589840817372 0.199134189744121
0.0839162925114439 0.133458252517224 0.0404920878271655 0.0686759893951536 0.208886682132541 0.112180150226414 0.0644137333503675 0.152533514316411 0.13544329772328
0.149207998300537 0.137172160911852 0.0337871844887014 0.0150194270537759 0.173370586320083 0.149756640601956 0.155053640216127 0.106959300172842 0.0796730619341257
0.192654812486833 0.045836549928508 0.11216315092058 0.155405445133512 0.0649615468421961 0.148799314911386 0.0026201682009624 0.147671030520973 0.129887981055049
0.11081054782952 0.0271614279325159 0.0396442049558719 0.0427967598326904 0.12267115875687 0.27063379470423 0.0843107100904548 0.266057826854076 0.0359135690437709
0.053862278265041 0.13780858544116 0.0253051631933839 0.183974761178251 0.0264109568010256 0.110285855481538 0.148046128370062 0.288940095763756 0.0253661755057824
0.129538585426285 0.16922545656521 0.174530972864284 0.00270922141637673 0.128037566931381 0.0993133558972255 0.145420525366079 0.0120267365730312 0.139197578960128
0.0558291122195898 0.0316672773107775 0.157346324247241 0.0904229118616014 0.177308231723976 0.123852968094116 0.0905852781030905 0.0673375766139808 0.205650319825627
0.137945819592233 0.149189436222993 0.156201432263212 0.114563282264544 0.157724970880711 0.100860178662922 0.107368623544323 0.0733291965156019 0.00281706005345899
0.0051456362174274 0.0960002655423194 0.164483221325776 0.192588176721218 0.138007463704783 0.160132658992548 0.0429272138203384 0.0155171535062627 0.185198210169327
0.118318255716998 0.0913919993333933 0.068391748448414 0.128275447709722 0.131359018589518 0.0895617470461176 0.132559729349275 0.12282133745182 0.117320716354741
0.106366923802431 0.154437691136575 0.0970487114053548 0.125303022986603 0.081807375173288 0.0481065022777789 0.163526269934336 0.169082264077418 0.0543212392062165
0.159015879705624 0.05066629084091 0.147128893073198 0.155991203343316 0.0589621212634711 0.133963011231983 0.135683717082017 0.133732767516262 0.0248561159432181
0.117919229847584 0.0386805224227638 0.0336332300331809 0.269137138250436 0.0833972649621686 0.0890392074430973 0.171300816806154 0.177303566443157 0.0195890237914593
0.181004803867732 0.20090130520895 0.25770281432333 0.0568551480153144 0.00838868583982887 0.0840121996230587 0.0313613297522177 0.154761002254194 0.0250127111153734
0.0234923018719349 0.00834661045267338 0.162594318370916 0.0635784449395948 0.129262367331578 0.190849378833634 0.139087226996457 0.107184574782708 0.175604776420504
0.0610311450151453 0.146462540698251 0.109475344771183 0.0875820006746093 0.027870161919137 0.155270301347264 0.174334702471254 0.139843931401054 0.0981298717021024
0.0778253588773459 0.14170806398794 0.296578449688812 0.086385194857976 0.0457915097421214 0.202864440653011 0.0267298907805253 0.118103076463288 0.00401401494898153
0.183889194160931 0.141107465890985 0.00769161629531876 0.150673391614853 0.0880038152534612 0.0335139412548493 0.20026544127124 0.0485264109787464 0.146328723279615
0.192095028866754 0.142361340843608 0.172686469794596 0.0323805240854093 0.188988358697525 0.030411067887103 0.0508286160189438 0.0420995528309439 0.148149040975117
0.169162979357214 0.123348782169233 0.0724916470148315 0.121317191085243 0.140628310035774 0.0246432198230092 0.0920119994648116 0.0790668798229144 0.177328991226969
0.0500933953563515 0.0528121633707739 0.207832759899751 0.105851609456072 0.208915078214273 0.0523866659284268 0.248122915548243 0.0683002358751788 0.0056851763509296
0.149951908541911 0.087540094738832 0.120786858983858 0.1135658946396 0.216216863797783 0.155092949497621 0.03820009225659 0.0188337005191688 0.0998116370246365
0.0782090814705982 0.139585948912237 0.124574917615143 0.130582008668278 0.169896225908547 0.0307480908360832 0.15755323299431 0.0626181576360024 0.106232335958801
0.0719011969408238 0.0981401856787711 0.189487810076688 0.127469376579451 0.103719938558876 0.0391962493322557 0.0995170196133788 0.107517550839813 0.163050672379942
0.107972536176033 0.139338908615662 0.144955722464035 0.0873571420016627 0.153813917211759 0.0396152073870808 0.146970281045477 0.132289635496286 0.047686649602004
0.164625313274744 0.0759640237364801 0.00451830557339695 0.132408042462369 0.186598778767188 0.0590427582713173 0.177951983094121 0.193756414811812 0.00513438000857161
0.193293649316615 0.0770080235967921 0.161684776054003 0.119631824299719 0.0216356830298339 0.0109670029311192 0.19469336960019 0.0871855756915361 0.133900095480192
0.0761936416402356 0.0242980027469984 0.139049670470528 0.15299839136784 0.136880660987388 0.145234134656528 0.166759126295489 0.0631076532166147 0.0954787186183788
0.089359427792809 0.131200859679556 0.0864982758699761 0.0310472103525057 0.165617966185888 0.149683394727491 0.0399085122718238 0.282181691439849 0.0245026616801015
0.0769979182671434 0.137165393736858 0.0787189608494012 0.048854727206483 0.178276743871691 0.158565455191822 0.035170206776933 0.160860123241102 0.125390470858566
0.207424468061984 0.0710700081978686 0.185756921624904 0.0355974266673985 0.0437286371358861 0.170711440556527 0.225614792710364 0.0279850910068751 0.0321112140381918
0.0357699369664156 0.223615241386235 0.0100310795833246 0.142316241131899 0.0261397621130008 0.14620073165441 0.222305940211599 0.183166643795469 0.0104544231576483
0.117923747683318 0.193802898287367 0.112714918195463 0.0550223855004343 0.210487396964327 0.023687441979841 0.0670517278783411 0.077051220014969 0.142258263495941
0.087483446030518 0.106536524571297 0.160532687494219 0.166806654165454 0.0438022384303571 0.165305717251513 0.0159478843778721 0.150351956991364 0.103232890687405
0.0879189583779666 0.0534747450176756 0.112324338890882 0.076988569898241 0.055453903195941 0.0757391189155162 0.123987789741696 0.110185379181488 0.303927196780594
0.112167998383264 0.0106355749713101 0.142101155784358 0.185000968851381 0.130651712369679 0.0625734498377042 0.0442055464650308 0.129297469180642 0.183366124156632
0.0792630646959567 0.158178345426294 0.0427202073008823 0.176677279495246 0.0224130244630092 0.0639850150472353 0.18115749386307 0.115042977367486 0.16056259234082
0.0423182414172189 0.0296304382737056 0.173617372409737 0.0749825983423652 0.0204462610423954 0.212735293770903 0.156246626115893 0.174697250506419 0.115325918121364
0.149055265433908 0.0894498184871207 0.166746644157465 0.149709280243454 0.0117876515497859 0.0464704833086036 0.14703910812074 0.106731841951358 0.133009906747564
0.0388791072366749 0.207520907392171 0.00676831412129772 0.0576089859637828 0.116573479656756 0.0611970806953671 0.185454464424407 0.268563313073529 0.0574343474360145
0.26089375730222 0.182115103607599 0.00684434071269851 0.036993193586426 0.121987351496402 0.0321855839448805 0.130525152069809 0.0809788376857365 0.147476679594229
0.0559722888284166 0.150478183427198 0.193456802074156 0.113985017370091 0.0112075711184429 0.111804326786735 0.0450844004709874 0.128583951212232 0.189427458711741
0.0697058923013412 0.166104100590239 0.199793883589294 0.0371144440737705 0.133218645556601 0.0785571130453865 0.0274555738647829 0.199160289618917 0.0888900573596687
0.130677483286532 0.172302438500275 0.00863832015973441 0.149604508499272 0.00175141481219718 0.125261336047551 0.100722311215367 0.145673964816173 0.165368222662898
0.123214937820728 0.188219465533542 0.0578205496526687 0.0300643867611444 0.14014069289183 0.0456390770636331 0.243109928728429 0.0584287739513083 0.113362187596717
0.153287191518955 0.0320049591518577 0.130096472126295 0.143819013175462 0.0385354709080626 0.142136091011665 0.157076626460057 0.141381056004803 0.0616631196428422
0.0756238335120362 0.0545225017646881 0.0437697312346128 0.133447298349888 0.116722747811547 0.151628275788909 0.140082414068739 0.186899575263811 0.097303622205769
0.0250004090712808 0.182577921070127 0.1550235304919 0.149167300469745 0.134169409061144 0.17313444156717 0.109270420737719 0.00661078134954735 0.0650457861813677
0.167506707134156 0.0767777068860855 0.120143731342436 0.0301287557858097 0.0775047629778455 0.201379765970577 0.0252685359150734 0.173329886696555 0.127960147291463
0.163355040232609 0.133249871218406 0.107952118796382 0.159434617670627 0.0696504518323229 0.154975988107845 0.093595599449311 0.0978776691074475 0.0199086435850505
0.113795694604536 0.176980670539166 0.110161587919744 0.0394345240071773 0.208192498553698 0.0201155335653058 0.0357977184571611 0.216884286097859 0.0786374862553526
0.111845244428643 0.0160204612700361 0.0459483906829751 0.130591767579893 0.203561519792736 0.165039582936633 0.0996704823665742 0.226105748283341 0.00121680265916865
0.00317195600595469 0.182430194459779 0.172606941217378 0.0713101433075948 0.157478342411088 0.134324743066179 0.12349066753123 0.0163987937317295 0.138788218269067
0.100225708328981 0.198374957527935 0.131618977338501 0.0121074592015999 0.059825016236942 0.0655689010854674 0.209773655008734 0.00833880820956549 0.214166517062274
0.288632712141051 0.139808946755262 0.00677037448860479 0.0111541008986705 0.181399981076261 0.224247219641844 0.104620039932497 0.0172190569303636 0.0261475681354457
0.057867168913014 0.0604528048391454 0.0439832979963046 0.154074847406057 0.0143470644213116 0.094427691327726 0.230272679015545 0.121575525257108 0.222998920823789
0.0955085632134143 0.0927612199011688 0.0548379808760212 0.168302350921951 0.157645294714324 0.0786825208461639 0.0473999716350507 0.13827152847344 0.166590569418466
0.0501055600697032 0.200041381894331 0.13786233191291 0.0776082662465467 0.0298554243038889 0.0977271531261218 0.181879283800757 0.0468464289756529 0.178074169670089
0.0694287388034156 0.265438733438981 0.135032184894145 0.0238188456332675 0.015777625482263 0.0194366868278959 0.123821959202607 0.0677115526679117 0.279533673049514
0.219826541203583 0.171931999804923 0.0074515511458637 0.0604061147330431 0.187840991915753 0.15827347425009 0.127088502753139 0.025456832908412 0.0417239912851927
0.175910803412735 0.183237172738834 0.0247167477268941 0.106431871279361 0.189368175269376 0.0980207661390536 0.019248092220992 0.102023515394232 0.101042855818523
0.166134613037933 0.163748505586091 0.164440579880522 0.107129160604777 0.0267197828286395 0.04989193089124 0.107875213043507 0.129134767319405 0.0849254468078841
0.137505517097652 0.0980598273351008 0.14108635650652 0.0759973934085983 0.16438051213894 0.144103453978345 0.0235947112301536 0.186174122589019 0.0290981057156711
0.169644473140222 0.214336614771255 0.106483342651391 0.158175675654175 0.0869866356980523 0.00290546171608007 0.144420158113144 0.0284297188288369 0.0886179194268441
0.257989626850728 0.0578606306062938 0.126485196378264 0.0655047595784999 0.0517842128959262 0.0770361297758563 0.0949914714538939 0.254001483000523 0.0143464894600156
0.0312898936384083 0.0107752962422324 0.0146600741843417 0.132391278188841 0.0569991826957053 0.103019851111719 0.0750921716304228 0.301000037033664 0.274772215274664
0.0658353381665833 0.155495093539111 0.116793920371118 0.10094914593827 0.0226523595175153 0.186641945071037 0.0283911740820702 0.0486723556646423 0.274568667649653
0.141942994642995 0.107340796196069 0.0180186018843694 0.0806654109940495 0.202072380615978 0.0147772340045425 0.171047093394044 0.161889647114851 0.102245841153103
0.135098810637473 0.0116746199944884 0.026158837229709 0.159976583218266 0.131741505061246 0.140692281926212 0.140445668410028 0.111117697424195 0.143093996098382
0.161518587925564 0.107363224887853 0.0393879763564521 0.0967159685654654 0.194476693843242 0.0384887268618425 0.102961945810562 0.124612956490682 0.134473919258337
0.0485022851685009 0.00246810414744454 0.138411786818577 0.0477483971033415 0.169112659452052 0.15582201213157 0.143584464778894 0.156623942686072 0.137726347713548
0.182499767962136 0.13153622886772 0.177236054249658 0.162688587914277 0.0428685512835251 0.120229944627866 0.0212232447075567 0.0800990147275183 0.0816186056597422
0.0328395025011358 0.1220633561797 0.063693204008785 0.212867883430401 0.0103907569716891 0.2066411118635 0.101133703487709 0.0578361770347586 0.192534304522322
0.0906051415596411 0.205053612603748 0.1984645571376 0.0977226989991107 0.167329383950822 0.0365788353066229 0.00763997238644486 0.0187046388518464 0.177901159204164
0.131588919037606 0.128415166623076 0.0828774924746054 0.0783744522068942 0.154325283032164 0.0716241331385375 0.168741955795702 0.0748606624336337 0.109191935257781
0.0297956650784947 0.181512271472816 0.183492630784869 0.05705571194986 0.0769526996220095 0.199461053857984 0.0308042184902264 0.080523334315326 0.160402414428415
0.130474788303771 0.0460976404174141 0.174925034018744 0.154061560549787 0.118772506229904 0.178640276053542 0.0783445198090765 0.0689310442985753 0.049752630319186
0.112415091700255 0.168288372711634 0.0479425049013946 0.0692493487078166 0.0708222222086811 0.0023370898876411 0.155602830585917 0.179051960796585 0.194290578500075
0.0429670433743677 0.130572156462907 0.172552997517727 0.154945732218093 0.136475206048055 0.171778340829638 0.133866956948722 0.0495031512553241 0.00733841534516569
0.0120530137492348 0.185287699082994 0.102195065275867 0.21745602515215 0.143509741026253 0.0421679497712047 0.171826796438548 0.068918523768531 0.0565851857352169
0.177104579599718 0.0240714068669944 0.182377636724805 0.177936214227392 0.093635885798684 0.0785083326706401 0.171290933095518 0.0514675975522218 0.0436074134640271
0.0921609049970698 0.137542762277949 0.197776350806523 0.143593698168391 0.0368347162748192 0.146555984594947 0.0235311018659743 0.0324785599817533 0.189525921032574
0.210278117333696 0.220035536022039 0.082816384229361 0.0430048251091476 0.0127129068128845 0.0387357984183591 0.166128013436965 0.0404559951099858 0.185832423527562
0.251857220948351 0.207308495512413 0.058614361083879 0.0352357933785819 0.188570603919145 0.101333686859046 0.0362410877803149 0.0293177403944261 0.0915210101238429
0.077286418084336 0.0942752128385924 0.0548098467997425 0.128612688744977 0.181458511613024 0.0460639070185161 0.150774725050605 0.106292807052446 0.160425882797761
0.155794164440028 0.0927360649718856 0.0768437493166308 0.144571958378128 0.0798798163612393 0.0926728419270801 0.151601937535572 0.0975777390319118 0.108321728037525
0.12668205916472 0.115956271119665 0.13055697657419 0.0961701823473034 0.113726466585285 0.12349078798827 0.0895139421005098 0.109172602227809 0.0947307118922473
0.0013086549609942 0.14709230258229 0.206969446286017 0.183721766258676 0.0614293930673573 0.0133445802064795 0.102570099055159 0.121328367970281 0.162235389612746
0.372019211709003 0.00263779123101219 0.140754397231213 0.0565143052799016 0.0705769974948676 0.0282994404327359 0.180427918627491 0.0883197177619853 0.06045022023179
0.180366137541854 0.167807028907639 0.0826140821962765 0.100810960875538 0.0089423664359142 0.133303263729117 0.103115560917878 0.0587355785856236 0.164305020810159
0.0924458023162474 0.0783861462286281 0.156272245756667 0.137412289706384 0.152739105860158 0.0545118206022001 0.117059049344411 0.0528700492583144 0.15830349092699
0.198319572515276 0.209972790095177 0.18991890461541 0.134621630809022 0.0830988793710869 0.0193997582395734 0.101486919398959 0.0104493970713892 0.0527321478841063
0.10198319060894 0.210322562377736 0.0458244813672256 0.012404489012788 0.109862932109448 0.199880814544267 0.103286251217367 0.0608231208695035 0.155612157892725
0.186516662240853 0.178390391707893 0.0423026007716671 0.173611296310665 0.0779744938363153 0.111225622512263 0.1196990866571 0.041109378035607 0.0691704679276369
0.077481182449195 0.075554765603166 0.0857439800055021 0.175993596816798 0.169656717670281 0.0916092486854917 0.092565391985322 0.145593810341904 0.0858013064423392
0.0888696064672897 0.056997579541981 0.0756255476763076 0.199968494801065 0.122314217983117 0.0641162085834018 0.20058971807023 0.173126139780304 0.018392487096304
0.0941414406815417 0.0571949838358197 0.0287681245533474 0.153085366361278 0.149001800581268 0.14836811500768 0.141903060845391 0.159022468176167 0.0685146399575074
