0.0870573423004619 0.0801202746057543 0.173739689225875 0.101716468405805 0.145235698905745 0.0498351605511256 0.0756418518748828 0.153028788903678 0.133624725226672
0.198326947578106 0.123980254857928 0.0134470282188052 0.014913778975641 0.120887433609299 0.0634980255497483 0.250198476552246 0.14289101750304 0.0718570371551862
0.0735570950936251 0.192517742525005 0.1604310520142 0.0100022964927824 0.0386372624628639 0.242339045589754 0.0431652562782788 0.182710565088111 0.0566396844553801
0.0502071402286559 0.0892664514021902 0.13793766046975 0.051502055878214 0.0311397632541215 0.250303698954109 0.0742076588717153 0.210629437900652 0.104806133040593
0.0162228839481135 0.016961704988194 0.174029765830219 0.0683506852893041 0.11032686080216 0.210562561061128 0.1310802505877 0.0735126723217978 0.198952615171383
0.192444057925774 0.193213536675265 0.168609713349333 0.141982157536654 0.0298332717645364 0.0747019341934377 0.036850414973044 0.0120077250419145 0.150357188540041
0.0418893215562762 0.140952114210359 0.106554141052584 0.156674538614761 0.139058757585017 0.143897667541094 0.0431199542641144 0.141082875209943 0.0867706299658514
0.20326042612506 0.0700534496582551 0.0154049499284499 0.094596824186658 0.162332174480832 0.0972154365724919 0.109618943966975 0.205577464173182 0.0419403309080958
0.0328847672886449 0.0827367756647943 0.142843360040759 0.271670199907355 0.208232685507459 0.110565234558221 0.0590022342707323 0.00246076480231597 0.0896039779597177
0.16152208468709 0.0205754422511375 0.145843869526938 0.132378753018553 0.0202142093139462 0.109907164175279 0.201073983573274 0.113797802660944 0.0946866907928391
0.164093241392585 0.129650190242155 0.0118673377173583 0.147829466227689 0.0989278003051919 0.185940380042698 0.154302428324677 0.0489550241838565 0.0584341315637896
0.160261616054357 0.119516906083854 0.00230226894762052 0.0903431708658826 0.132227031770909 0.133311955879663 0.116270533122294 0.16690769747158 0.078858819803839
0.0664924180977451 0.116613721804058 0.173881594957053 0.146381437463931 0.170513859012343 0.0574639741951226 0.126563011132219 0.106327446092535 0.0357625372449929
0.110302175488642 0.106386214733456 0.0311246338989888 0.155042320432563 0.156944902981872 0.0812629131503697 0.0936785419449779 0.203556346379916 0.0617019509892144
0.218609440112977 0.0919432484625349 0.0131088387918739 0.129058928739073 0.13782608096462 0.00823354838370274 0.16099134246742 0.217743996453675 0.0224845756241238
0.0590238261550741 0.0565122546253231 0.158108222095576 0.0342227585577969 0.0952944116153354 0.152006983525599 0.0202370807419846 0.23771576606671 0.186878696616601
0.076009855693716 0.111062089753213 0.100081982009761 0.181430043014267 0.0997728235507524 0.210583405138871 0.0284551311835344 0.182406183646931 0.010198486008954
0.1386413726383 0.0913635765887959 0.0826373364336604 0.0993705670568301 0.124106032895308 0.196896740951833 0.041243731460105 0.173479822039749 0.0522608199354182
0.0529581922433674 0.185912115140983 0.157643103209345 0.0145074736168162 0.218390201804493 0.00726669895362967 0.18202946948287 0.101289504841177 0.0800032407073183
0.0642347373819853 0.251203496881702 0.0478399618806206 0.207830434112854 0.20254506851178 0.0676885854426753 0.0578438420674474 0.0952146451342252 0.00559922858671013
0.0470353096919845 0.154313968691849 0.077924134694176 0.207291343170419 0.0756600790135164 0.163451202139263 0.0542628275009786 0.0308264208944244 0.189234714203388
0.157234194238728 0.135490386468636 0.185930537359504 0.137175207411886 0.114874098601001 0.109015749638953 0.0310520897549058 0.00499475501190482 0.124232981514482
0.00328960441826523 0.00150619599505219 0.223087868326803 0.196862211178469 0.180334384534106 0.156292891667471 0.00363761191516573 0.0868414756140143 0.148147756350654
0.10643383799948 0.0836713690561459 0.0479514279848295 0.193465402076767 0.00653633458904677 0.159362161934716 0.0760152055808153 0.108707287908459 0.217856972869741
0.0532699446438115 0.039020090675043 0.129515214681418 0.121945077877848 0.144635678311582 0.0521634602916142 0.127528514555153 0.0747343024061884 0.257187716557342
0.0621612426523133 0.0808682705911918 0.113995669127938 0.182466101267416 0.200956926171495 0.120300730798536 0.154657407388336 0.00357061491962543 0.0810230370831485
0.160869695985399 0.0225299064808104 0.162212619158072 0.146332776142575 0.103563360553935 0.163866077389025 0.0385605505407887 0.0432250552500984 0.158839958499297
0.0216509709709477 0.109271758313262 0.146935618624172 0.106911873995362 0.170721615683643 0.110638793780169 0.0902102850913258 0.114877605405327 0.128781478135792
0.119028966157478 0.0377098842579824 0.013138671602428 0.130896083826048 0.19079690193135 0.103632256398762 0.166883329955266 0.0998546502899992 0.138059255580686
0.0542361638311743 0.0311593343764772 0.197253377919318 0.152107948289713 0.180269018743358 0.0113581098477923 0.190998631106776 0.0445733416366074 0.138044074248784
0.0105855046942357 0.0907628762596237 0.0268679710331985 0.145003236022693 0.175146733104844 0.0962533563601471 0.205836541129617 0.0499465522503202 0.199597229145321
0.202527176196229 0.0597676375120779 0.0758896947133853 0.0570851563770991 0.00246696305614937 0.225428045509872 0.251141563900496 0.0433968127344379 0.0822969500002534
0.176252484022283 0.065542983631931 0.169249210409019 0.00319383232731993 0.0524824340940499 0.000473048029590411 0.180165205698728 0.180138330354584 0.172502471432494
0.113511016476174 0.179957110248125 0.186943649778748 0.120011014424291 0.133826490871084 0.00980049910883058 0.0673390829860803 0.134649243262932 0.0539618928437357
0.05218110589669 0.20220144210819 0.0240998391818433 0.0753492527142496 0.20771480930786 0.0527441381797395 0.235930368831404 0.120251056314137 0.0295279874658871
0.0777543808857157 0.0743438584773544 0.186528854659247 0.12685259908072 0.0132721036736962 0.172711663020262 0.183472334202143 0.0777873553435223 0.0872768506573397
0.135857923341315 0.154014099728657 0.211053200454696 0.0150514878393377 0.0501266194006695 0.00520568955066973 0.158540025828524 0.106059559593414 0.164091394262717
0.0262857231454047 0.171268399747615 0.0806311907346351 0.106444286011193 0.109921990651223 0.147391345100868 0.146572808852178 0.176514179870641 0.034970075886242
0.198776536205776 0.143075487476442 0.166891944530941 0.0965793417663625 0.186080870534905 0.0283603227629311 0.00627764759671983 0.111032308529077 0.0629255405968443
0.121989554361014 0.174254153987124 0.0986601745692232 0.0191735806154913 0.153817812912441 0.165655833035141 0.0808363221896435 0.089035926255558 0.0965766420743638
0.202033335521233 0.130400365737821 0.0115390350045705 0.0902653321903133 0.104928601307849 0.0917578775876512 0.197271897746691 0.0677536520194593 0.104049902884411
0.183948002614764 0.173548305166126 0.128933926056828 0.0333012254935648 0.0838366332668411 0.147687224425847 0.13572915275157 0.0478025720966197 0.065212958127839
0.20788396329517 0.138215576059992 0.0234131127558575 0.153691109731721 0.0950670286329915 0.0231265622979464 0.236796064684243 0.0154607779187607 0.106345804623319
0.116155387665673 0.20580799950875 0.0810288861271701 0.0887928776832535 0.177812271657025 0.000370385529428118 0.143087330842067 0.0173741434253505 0.169570717561282
0.0951063564477444 0.0129620618664033 0.161550590892227 0.112073953850683 0.1568826055489 0.164445394776294 0.248533122903122 0.00569887569327988 0.0427470380213465
0.146011116691505 0.117478185747013 0.0310882824824681 0.0804116671064665 0.0320935696249843 0.170103185330856 0.145333452103119 0.144367091117737 0.133113449795851
0.200661836171669 0.138865693857222 0.14958355526064 0.169680680326676 0.125215602324095 0.0875489211638157 0.0265344413697073 0.0101936428291298 0.0917156266970463
0.116247128941244 0.141320448881974 0.17977225481638 0.056927374610948 0.0792742387108628 0.142624953725344 0.0822187616774703 0.0513121436088938 0.150302695026883
0.00485114458906535 0.117294090751871 0.0103387384795047 0.228067110753068 0.0811352677494964 0.0732386706879037 0.247821481850722 0.08587860743668 0.151374887701689
0.104040506944117 0.169049884063747 0.0254876558853446 0.0358271757496032 0.0924170061906791 0.157344604454107 0.184948311157625 0.150501863076647 0.08038299247813
0.0365532113517238 0.0728240350887396 0.148308586494006 0.201279539179691 0.169173061886715 0.136416939426888 0.0657288482559325 0.0983595729806923 0.0713562053356122
0.153141978007549 0.0618570519757661 0.148837587948696 0.136003066734262 0.110874378523383 0.0142343988237776 0.0875738573126421 0.141188785377282 0.146288895296642
0.0544802292648435 0.106363088869947 0.127534550373404 0.0413755102301777 0.195779294487997 0.0632707176683956 0.0577015648049303 0.184376118564457 0.169118925735849
0.00281213500975303 0.189230033458093 0.220759864130106 0.0272461381211811 0.213445700672817 0.0403126286034155 0.156021982517257 0.0180858964435457 0.132085621043832
0.0372277372887685 0.176281007315575 0.109444167762907 0.0573633399267614 0.190324266054206 0.15947966138692 0.166030740464575 0.0753163045993977 0.0285327752008889
0.179284283794083 0.161668549666726 0.138192120106074 0.0570084097081192 0.170907544173382 0.00885678326338052 0.237455701588794 0.032662658118474 0.0139639495809667
0.0489459562775226 0.125992382393872 0.02058732391439 0.191524286135761 0.155700120066787 0.086506006749017 0.0197011844908763 0.20820991197184 0.142832827999934
0.0490339121941894 0.201995764694314 0.00657054532417582 0.0558730189408275 0.188557026769596 0.195427790438995 0.0163923367280687 0.110251455156327 0.175898149753506
0.195301554735873 0.0909842412048821 0.102308259593467 0.144216013940373 0.206043992492892 0.0440771097385883 0.0595705405712666 0.0134155836225824 0.144082704100075
0.179064688163972 0.147512596300019 0.147456477783562 0.102256011592739 0.0315878340927017 0.0705128605398806 0.110051837787034 0.145507623872058 0.0660500698680341
0.0451954433806542 0.113386031913569 0.0464621794494462 0.0772336694042348 0.114293597846947 0.218496740815636 0.161434917577277 0.0932613538344035 0.130236065777833
0.0851539378002254 0.0669469586642022 0.166369629831824 0.130032351199481 0.115968612953863 0.108882355273299 0.152756358518311 0.0918169292479208 0.0820728665108724
0.20466211508542 0.0527206175668058 0.139212655447478 0.216140205310281 0.0665210699483508 0.0288695651774707 0.0230922794306518 0.0696970266729127 0.19908446536063
0.0669106943015595 0.0638943109867506 0.203054754269549 0.0795520667252737 0.101877990189175 0.0908190607276535 0.142217538746793 0.0484554318101308 0.203218152243115
0.158978557456057 0.160710622044377 0.173769518797364 0.0997932952844795 0.010038508928469 0.0420153203585393 0.167085214546659 0.142279863328004 0.045329099256052
0.115789441257698 0.0548627334499036 0.0188665823441674 0.0959001939339968 0.0635360847868826 0.0834139286235157 0.252366732089264 0.0642174277532785 0.251046875761293
0.0227826276658995 0.0444242167515722 0.144001345532997 0.13488129023316 0.0301295174561344 0.185490612022464 0.159755102940637 0.182941734533556 0.0955935528635805
0.16529268563514 0.0448781702332822 0.0633912349417317 0.20343720923037 0.11096669352252 0.00166076103260885 0.176969392055318 0.115477741714433 0.117926111634595
0.176645958816988 0.0544571585670517 0.0205026894760802 0.16593401624054 0.0439896134378141 0.142251420091875 0.244646970593427 0.0454424845668488 0.106129688209374
0.0434879899270262 0.104970500120149 0.0958222407577975 0.144682940752381 0.162039530005638 0.00636781402946408 0.258691860948161 0.152770931990226 0.0311661914691571
0.134673527999108 0.147815110719286 0.11136552227815 0.139777505803816 0.122131161104791 0.142006380262304 0.113802215786073 0.0144974143279725 0.0739311617184995
0.231728638991796 0.0759833529414375 0.21118896883023 0.17756958484545 0.110637268637018 0.0707385524873216 0.00402697447225882 0.0590043892670378 0.0591222695274495
0.139449967354055 0.189228659696422 0.00290488067289362 0.0662762373311896 0.182629023826866 0.108742619936576 0.0144034134660251 0.109958495710382 0.186406702005591
0.100637469767735 0.192086993350628 0.0432863582299123 0.173739227996969 0.0656074577747782 0.21667378444341 0.017740603800526 0.040098599801864 0.150129504834178
0.0290218600721905 0.184836345841106 0.0273107348892852 0.0655032753538756 0.181771967501282 0.106464284367469 0.176804378261348 0.161357654799985 0.066929498913458
0.0207361905673509 0.0692695530633918 0.11276917843165 0.0141071159919429 0.182378715894142 0.0891467565386031 0.185055256435806 0.174007365426897 0.152529867650216
0.0743099916680894 0.153512995703834 0.0761627784904426 0.0384069621771804 0.0675906499189519 0.173059888521034 0.144153824794005 0.187695049616427 0.0851078591100345
0.102327855196562 0.172977245425449 0.124039149001305 0.00659717951112965 0.203862428153746 0.0981316363396889 0.0402062342663092 0.0866527148876508 0.165205557218159
0.140338507757196 0.0852057629314229 0.0843343999468577 0.0909632827217578 0.0673584548441651 0.11177732119282 0.150207539537778 0.136674232638813 0.13314049842919
0.205336325938209 0.0852276913128171 0.162720460792502 0.156485433086713 0.00726509228839177 0.150217020434766 0.0374948438572991 0.0285999187713255 0.166653213517976
0.0847805851369548 0.183970907580293 0.141106285804498 0.0438117687516163 0.0806627604383912 0.012658433677001 0.144985038480939 0.152567476654449 0.155456743475858
0.161748810683388 0.169962338342046 0.0541736165237805 0.0837887448473895 0.170842361355453 0.0839992317184125 0.0500440129666818 0.195012998967871 0.0304278845949778
0.0156549315129812 0.156698487128789 0.0543715114270733 0.115727205451088 0.153202974551891 0.115759273602794 0.121202158825901 0.12095026728507 0.146433190214412
0.254349518337016 0.125045264152988 0.190371964818966 0.100991838291154 0.108385960948728 0.0717668441737687 0.0857526955775128 0.0526707297027581 0.0106651839971087
0.00101877998253801 0.108043634616425 0.147398930384502 0.104385298673369 0.131957165071514 0.158073943997867 0.051112734593659 0.140540243688498 0.157469268991628
0.0343695186826985 0.0869586558096789 0.150804042984085 0.153206304660309 0.150568067726171 0.104472369468677 0.151134459012428 0.00364619535550957 0.164840386300443
0.0492697768566734 0.0571801205609766 0.144902858637123 0.182745791858784 0.171081094400276 0.108329561529984 0.146066396401163 0.0628074239202346 0.0776169758347853
0.125903095124382 0.0176893760899865 0.0279367935257899 0.151962836218315 0.105428257244171 0.120439402119345 0.161176106745631 0.124923281557067 0.164540851375312
0.134892805108868 0.101384886375018 0.0208851640474784 0.130937714374412 0.171203405855548 0.198205054517673 0.11834341172685 0.0749996745282362 0.049147883465916
0.175875147628547 0.083860098361922 0.0970816518521984 0.0963330703149371 0.0185368747740342 0.172312913460313 0.136377858196084 0.162355100333294 0.0572672850786698
0.164223758285642 0.0123798031776338 0.094685669765179 0.139731102786872 0.115741919953226 0.146127491518888 0.166415336904879 0.0685524101747994 0.0921425074328799
0.228168687036537 0.0778554577053898 0.0838351510974471 0.207337001959307 0.183912292655704 0.103799403194695 0.0459489368262409 0.0221863016305854 0.0469567678940942
0.00308946858219535 0.180228597792185 0.0549032841940423 0.179436503473464 0.107949813459708 0.149909836236047 0.14295788396577 0.144544481997492 0.0369801302990961
0.0142354793198787 0.155281733286876 0.0780038204591964 0.116688820990864 0.0592176567042353 0.269079256122734 0.141717710327528 0.0619901187102417 0.103785404078446
0.174132405776311 0.0220734206108377 0.135024475991586 0.0966866790801881 0.155855913431955 0.00908834917076373 0.164117532226676 0.198509742395852 0.0445114813158298
0.103337829365709 0.113154012515083 0.111620946445049 0.152798559911492 0.106209585810724 0.110355878026686 0.0322420632735185 0.190855375598148 0.0794257490535907
0.109170864176546 0.152874459415078 0.0900007878386269 0.0928075911640141 0.071150345731061 0.164950925497866 0.152101299992851 0.0250466508602305 0.141897075323726
0.170746002469437 0.0477545138850181 0.134511167905171 0.218726741273801 0.00510175551730836 0.0518780428891964 0.12846882701987 0.196211289640388 0.04660165939981
0.0310161610819638 0.0452154185655168 0.134394239263422 0.0927935149859538 0.16885828412482 0.226590677690159 0.172484665282248 0.0225530473562759 0.106093991649641
0.12679783355214 0.138750019597665 0.100488741805054 0.166809544994977 0.00843686112285382 0.0846331138295069 0.140364096718215 0.133786292056673 0.0999334963229145
0.153877610488072 0.101453773397011 0.0285879872145675 0.1009642325338 0.14408048377065 0.139371364772964 0.138193372730924 0.0672038903143468 0.126267284777664
0.169437749027514 0.0834859287833852 0.0548651557420785 0.218575740677043 0.193632384777905 0.218565894011863 0.00310504393889387 0.00710841959157011 0.0512236834497473
0.105930234001308 0.117543981118706 0.172571182212629 0.00156989286113142 0.163940776088985 0.160189072274937 0.0868579140846555 0.0380203319227593 0.153376615434888
0.154207746601546 0.157515835288503 0.0334905443600476 0.0745785888481703 0.0202826206203118 0.105769859469977 0.059174460648342 0.114964610509297 0.280015733653804
0.174349524205751 0.0424827279450124 0.0890035211336019 0.0586688975675436 0.118927970303554 0.14972685428949 0.188997882601184 0.0820462978471036 0.0957963241067594
0.159634058389955 0.195135208672919 0.10747376049236 0.045617616873704 0.132626213996253 0.024597999015433 0.0844987979898533 0.165136057282026 0.0852802872874969
0.167133726729504 0.12452342214247 0.0485335021620795 0.156173915580559 0.0209489888633569 0.161978707516325 0.153035930398713 0.114368385465966 0.0533034211410269
0.00293166740820171 0.0926887401696549 0.113241010114943 0.149347317879964 0.0975306804144175 0.122919853893287 0.131205214490811 0.126190128057989 0.163945387570731
0.0986952925013938 0.1538309468891 0.120159141219158 0.0954802583111889 0.166870151718175 0.127573268049208 0.0761294801916141 0.109248476150328 0.0520129849698347
0.0772908673003327 0.106173414676119 0.139126395315215 0.092223455273822 0.147963614724929 0.109117511722107 0.126004549446358 0.137088430824638 0.0650117607164787
0.178557632390606 0.163486857508285 0.204755948193699 0.0902298451409517 0.00121126765827975 0.073289807653228 0.235432099094665 0.0173444585533579 0.0356920838069264
0.0265828883996302 0.0834829010433534 0.0196998617578239 0.164066662148846 0.132402303134108 0.225369084636194 0.103873115524608 0.12146130674293 0.123061876612506
0.0874356031793616 0.175015580319243 0.138582362858333 0.164350462838626 0.0381606896543678 0.108272797625495 0.112650308967691 0.0538198298712089 0.121712364685674
0.0905856255699216 0.0740596903926985 0.177414054527887 0.156430694112045 0.158465172506346 0.0578887247833591 0.161049897272876 0.112397542611681 0.0117085982231856
0.196301876964101 0.166959818902172 0.152344096640382 0.103298539409508 0.0845694365174538 0.132854947292078 0.075948255097647 0.0689374004202531 0.0187856287564046
0.0344897490283881 0.209617008010724 0.128967340406967 0.0253896332668884 0.197290124902177 0.175263803982691 0.121277799712372 0.0395867022828151 0.068117838406978
0.0413021480852994 0.22774196983008 0.0912942798203599 0.00492755299093665 0.230567334456828 0.113501299594889 0.0436535061273771 0.187397165132633 0.0596147439615965
0.190838643504139 0.00694160832788257 0.104484298198523 0.149104662909412 0.177102961005657 0.0163542623248103 0.16570636675343 0.0871672516467218 0.102299945329424
0.176511441411299 0.00347139559731206 0.0289136379184436 0.0147508438068809 0.144472035705933 0.122597047161503 0.196229568806792 0.141537271345064 0.171516758246772
0.117468259324837 0.0466591103370686 0.132877639348332 0.0700577499817953 0.157360717482682 0.180512603137424 0.150382554190358 0.0107762194009311 0.133905146796573
0.117710592526104 0.130723318409506 0.12642233830917 0.177226295164028 0.180163740812149 0.0991039793614596 0.00632277163432915 0.0320683933081358 0.130258570475119
0.0533859117324603 0.110276974095399 0.194107842414365 0.0925767110034802 0.104949038322104 0.123033087152593 0.164921037689488 0.125609025201134 0.0311403723889755
0.115338678596362 0.125141864665371 0.170439903843446 0.0103446091954383 0.11153861529712 0.0743173234629562 0.0598360818556259 0.145144989827593 0.187897933256088
0.086570566802379 0.090192165183865 0.221818226481686 0.0202740548293157 0.190760266988166 0.129992440096803 0.0288855802968914 0.0304658161691668 0.201040883151727
0.149686379332508 0.136371746369662 0.186131828745917 0.069293075955746 0.105119250624671 0.00216757325514964 0.154910389714324 0.0867099843388878 0.109609771663135
0.0489549707975864 0.0265152515867122 0.201117205072474 0.0542520354203164 0.138943361720668 0.00206925896619729 0.247022252156002 0.20775468027875 0.0733709840012941
0.0479063212309262 0.21876364009452 0.0837219266570181 0.014251056463956 0.143320571182308 0.209238450261059 0.101721486471737 0.138743750586723 0.0423327970517521
0.0909178454047173 0.129957096659554 0.149424530586316 0.118416317468875 0.0877319595330175 0.145029196967254 0.0377827610402135 0.120927224485598 0.119813067854455
0.027411908226647 0.150034512373216 0.0921398424500914 0.183297200996198 0.178781153498287 0.0984301781443136 0.159210913239156 0.074367520530019 0.0363267705420718
0.0542763303006041 0.17754078331286 0.00207008669238258 0.1595325880446 0.0222402822707831 0.210502051315418 0.0985973714068419 0.0688860122698041 0.206354494386706
0.0399529042440898 0.0965381541793352 0.0240312284958374 0.158932420935338 0.0740423731572789 0.130903703142554 0.125470525431524 0.215927517189492 0.134201173224551
0.118233841513178 0.0438197734057995 0.152465344936811 0.0529191745471453 0.1064880314482 0.243367173680196 0.103301764172221 0.173424707662126 0.00598018863432304
0.021852161543722 0.0246876668114014 0.14596364690725 0.0334811959014438 0.155217008548942 0.19441540856522 0.0928373881096649 0.165789125236279 0.165756398376077
0.191792539198784 0.0597572850930905 0.0396787748667257 0.10909725470369 0.0361022979813476 0.147104401243536 0.121083925322585 0.106863989062281 0.188519532527959
0.225651921021702 0.0490834086389714 0.0859799491635737 0.0805881099582834 0.0396589421466396 0.0330731586276428 0.215165749688165 0.212626444480865 0.0581723162741571
0.178637325215428 0.0663759260658834 0.0853174564671261 0.0739570215623637 0.0165739838660928 0.0280992710730748 0.136690926530301 0.218534491708439 0.195813597511291
0.123541111640845 0.166023388641842 0.0127168048263789 0.198199025937735 0.249318262066274 0.0418961262011421 0.0576208615501089 0.123115118356735 0.0275693007789392
0.04252000509835 0.050527008694607 0.224946909641057 0.266752091549146 0.0709365764500762 0.095464298724123 0.0911323003296994 0.110051525080657 0.0476692844322838
0.084382693454152 0.0124189371567895 0.290338830619409 0.0680368487368783 0.307944382245259 0.00384892537425089 0.000441833723859349 0.105994907285158 0.126592641404243
0.0310927892510484 0.0705132531003825 0.166390596869902 0.108487641591538 0.0845577687179095 0.147434465691072 0.0733266894801152 0.156086550819394 0.162110244478638
0.208651594166215 0.163293135580125 0.117678446962521 0.00196161706672393 0.218237392882412 0.010742361316425 0.0700720450640735 0.130693810219352 0.0786695967421518
0.120102995137355 0.142482374413067 0.209478237580121 0.111083504604419 0.0232480673882607 0.117170887774181 0.0574545823693639 0.104141346939401 0.11483800379383
0.000322253552349957 0.109461764903289 0.0775188232848642 0.105812008087157 0.186168909256124 0.192594317794094 0.212779049386185 0.0288557099239091 0.0864871638120267
0.0525450271138858 0.169422027875822 0.0795257540655597 0.062183834523163 0.0463228280542791 0.0975082395728369 0.177131486561136 0.179344775502278 0.13601602673104
0.155748703257948 0.0600377612235276 0.112936226057268 0.0697072121598076 0.199719259784615 0.169777048404693 0.0598012739888458 0.0144893635484148 0.15778315157488
0.144467108370629 0.143924174563345 0.137456303659811 0.134807008584586 0.0812840084263283 0.124062227266522 0.086200680030773 0.0712788665932641 0.0765196225047409
0.211357933598105 0.17330195762414 0.214081810042869 0.071582935320358 0.0854531234693896 0.0501530122515989 0.0975063302331126 0.0602702706616358 0.0362926267987908
0.148777804220587 0.209918445027722 0.216785435431489 0.0152578219270878 0.203654009992697 0.0203458549696862 0.0319384529257672 0.11443270655755 0.038889468947414
0.0443002725814921 0.204708098485827 0.188690370888078 0.0268334691991856 0.18397132023751 0.0261804066217588 0.188097278651616 0.080991265245127 0.0562275180894054
0.0804467182911095 0.171930478065656 0.154161337903322 0.029617981639517 0.158202674706635 0.157798745756188 0.0493360130378819 0.0822585540784425 0.116247496521248
0.0832544592431333 0.157433489991522 0.0507753213255398 0.0658635691070576 0.0896789482911976 0.17298929639947 0.170336529357463 0.0765443983099455 0.133123987974671
0.133465613129038 0.195459981462905 0.00240456022185398 0.0140518097958787 0.1745960882387 0.111825820267475 0.0990528699342605 0.0802189512456112 0.188924305704277
0.0174100804625871 0.176922854693058 0.156288821879655 0.0714150533897162 0.127297830210559 0.151051501459118 0.12864542463129 0.0275685965256517 0.143399836748364
0.141265321678334 0.128126852916191 0.106248717789598 0.0947926095482499 0.11465270770132 0.124625433346949 0.105357255431136 0.0487692960600348 0.136161805528188
0.176303390969146 0.0406774641288358 0.199952382086762 0.0781032468695508 0.066656661893513 0.0635655823793671 0.108816900347818 0.181381304868288 0.0845430664567203
0.113563726021132 0.125146693099736 0.266598394324416 0.133884553454075 0.00860337406222224 0.0556299568818458 0.0939936604512157 0.156663691750646 0.0459159499547108
0.218292041649949 0.156882253979972 0.188457820485979 0.0292318668213974 0.0235293332808233 0.171151877492539 0.0799183749386633 0.0676585282992183 0.0648779030514589
0.15707320520934 0.0162622616987468 0.176080946980796 0.0290292109264827 0.181339715923715 0.184242528061095 0.0404624961536481 0.0775381591725154 0.137971475873662
0.122676245734335 0.0602710434775887 0.0405496592310204 0.0170036293113967 0.17033882502528 0.175265263613178 0.0823170119233469 0.153644452248244 0.17793386943561
0.227374493749796 0.0932283631652592 0.116240954201828 0.175511719439402 0.0526446457230914 0.103393405287126 0.0454227026154272 0.0442532099016829 0.141930505916387
0.0126111909784692 0.11568051578728 0.189238052786688 0.157788683028344 0.0205387584492161 0.142509807305434 0.166035853959112 0.0739869001021133 0.121610237603343
0.235569536312444 0.220282799535152 0.0206237257663624 0.0119668406098107 0.214718814301838 0.0439952638446101 0.00737725813092854 0.023846996805629 0.221618764693226
0.0775632099552961 0.0898944210713826 0.0222648965452324 0.0401805974115526 0.153386431722819 0.15745830620995 0.142168740357518 0.149741829350521 0.167341567375727
0.00918882868124802 0.0215734660403704 0.155887922001957 0.192431028674385 0.0882809270902813 0.101126087247078 0.106260393621924 0.153076477378022 0.172174869264734
0.138811707051199 0.128692315267232 0.121806354438142 0.148106146866747 0.0712917321240305 0.136592224238477 0.0202310413944683 0.0714641453421558 0.163004333277548
0.182533705039291 0.139478269684504 0.0446776735263182 0.156976734816377 0.1225382665912 0.0422647778959156 0.102809180381387 0.159186800277791 0.0495345917872152
0.051952859892027 0.0896731956827771 0.0500542651710574 0.138023319730999 0.200015434782696 0.106675995189674 0.19279182662852 0.1005844716516 0.0702286312706503
0.0357483609982028 0.148112825918014 0.21474436485063 0.153349610264521 0.117753901504244 0.0754881151228191 0.148678184853221 0.0346888097855713 0.0714358267027771
0.119323571180509 0.167085229865026 0.140802372488329 0.0586142100278494 0.150121203439105 0.109002488128993 0.0530183854322125 0.0750279945048689 0.127004544933107
0.134699638999147 0.162508924675881 0.115136471999718 0.0541421204760945 0.154675444760648 0.0345144781214863 0.0217087550815201 0.154188398271128 0.168425767614377
0.100895800459359 0.0982633179297898 0.0814059128083072 0.0839005557057407 0.11973842775111 0.0114225573375109 0.168417067682064 0.14801959215336 0.187936768172758
0.138720147399506 0.122711505538953 0.168133429623194 0.0497561013108616 0.0895869844692977 0.0889475922865012 0.110126597071046 0.0493554495547564 0.182662192745884
0.124662901394597 0.230369299276068 0.04282491216561 0.210792195034407 0.0665668337178066 0.0111436832356845 0.15854748582731 0.0800891192902738 0.0750035700582435
0.212869411142464 0.0679238788679363 0.179102671721034 0.010468678692847 0.0096490545780993 0.020980577817317 0.1801045233998 0.139792921221907 0.179108282558595
0.147151763780859 0.200098861384752 0.227501851363034 0.0875490909933061 0.0176183834574006 0.115852486481907 0.0275243231491611 0.129141049441516 0.0475621899480643
0.0148939168667404 0.187953921827197 0.0543402648938453 0.114221332966731 0.138469106319127 0.0466337284975445 0.180307297909869 0.187642507577259 0.0755379231416878
0.14601485028553 0.113386452438769 0.100303164726097 0.0468848393643083 0.184509307760634 0.106872676578432 0.0571776320581111 0.101491925473804 0.143359151314314
0.131491100262222 0.0739877011665547 0.134029517413956 0.120526821659153 0.0318240423177076 0.106550235156002 0.0762131155615932 0.0970642704412644 0.228313196021547
0.107257654476029 0.0499432280612451 0.14007042449259 0.170155420516119 0.155993589246293 0.0313974938059018 0.0669422745941472 0.158340625987861 0.119899288819814
0.0742456533812394 0.01688700616183 0.0848409928118536 0.0230565630606416 0.141632040179321 0.0927967272687908 0.221395261601086 0.121776514903808 0.223369240631429
0.0790174040113779 0.104990908268484 0.096785931022387 0.161022317751766 0.160565005587036 0.141971767047774 0.0254857237260363 0.0679484900694364 0.162212452515702
0.144479522363752 0.138368035006792 0.157746380146841 0.120088986427104 0.0119771231221732 0.180707947281111 0.111876988231322 0.0258494863776805 0.108905531043224
0.0647908629652641 0.191712554329823 0.205594852373404 0.151599157314074 0.0714180227071893 0.0548817974669261 0.0423153997778987 0.161494527518703 0.0561928255467185
0.0512069536529108 0.00663022052294317 0.252776251274424 0.0300854610156339 0.0109797484125942 0.101797683703528 0.16675732594539 0.181654262520014 0.198112092952562
0.233140010662338 0.029299940480943 0.279487700849097 0.173859594258058 0.0720483605203994 0.0135593554265101 0.00836541200259415 0.160066661176921 0.0301729646231396
0.0577109556721133 0.11469700222473 0.0494477766111997 0.123902428009732 0.0825315269035242 0.0656450316347075 0.180557833215848 0.135839215505764 0.189668230222381
0.142849891382814 0.0243739309597554 0.124550261025862 0.097234918906243 0.127288658138138 0.00216896012112497 0.218794654490568 0.188169893013823 0.0745688319616714
0.138901536571754 0.0910505908950524 0.0860432848762775 0.107290728820877 0.126302640873478 0.102312214594185 0.113892592076017 0.147583577963326 0.0866228333290335
0.0265342835938344 0.272865135201893 0.0146532133511379 0.0562480195451375 0.0497710058105588 0.266325845695279 0.0598554138201148 0.00198497442729122 0.251762108554754
0.201136757056419 0.0404971608960682 0.0985095767187451 0.051967926116081 0.210178492421412 0.174336539164111 0.154584471234626 0.0166617794618774 0.0521272969306608
0.10156513016443 0.137691729499011 0.129443604889141 0.167467244584566 0.0635189961349687 0.112092338208106 0.121244004813872 0.0705251316176891 0.0964518200882157
0.0204804536745441 0.0787067450355293 0.0483000427074439 0.127374875797046 0.157608724920539 0.174020188473132 0.0784891758849732 0.172024104106542 0.14299568940025
0.14558113792246 0.121694644177414 0.0238058201928879 0.0433304961495324 0.236025377777371 0.140355926376058 0.175300915609724 0.0117841710533743 0.102121510741179
0.0319612586714696 0.111275029567095 0.0941397994015224 0.0134488285344661 0.238451916716097 0.204311295887057 0.115621066235988 0.0528048804559758 0.137985924530328
0.0503787980483766 0.0452305954037632 0.0875562998630979 0.130507897634996 0.155571182902333 0.0797404043526742 0.0851924138944146 0.220451796461058 0.145370611439286
0.0372912415247836 0.141710860964408 0.093521088905472 0.156997862447272 0.115045432641419 0.148678721638926 0.0722429021443477 0.0994812186678042 0.135030671065568
0.198749655429658 0.193486163817153 0.0226666332746369 0.0238518671709002 0.0377294792553398 0.17805404232463 0.192534675584883 0.0154950695641801 0.137432413578619
0.176738091087726 0.0105830890844007 0.195045925360323 0.223691408869296 0.0279755000920257 0.0189851361465174 0.104413687631222 0.033701432346087 0.208865729382402
0.153149396814227 0.0827845016948601 0.0436995250750685 0.0353270601469434 0.165783296482472 0.111407880844066 0.086058695785157 0.109256048065449 0.212533595091757
0.0705757652027225 0.151103404137015 0.189450581053828 0.0107195925280172 0.132335407408062 0.0384035321461111 0.00505409752670934 0.20344204082011 0.198915579177424
0.0897973707188772 0.146454891572835 0.126245603320165 0.139507826351926 0.145372664054754 0.142024806407417 0.0306461140774898 0.121062201634288 0.0588885218622478
0.13825862892364 0.0123305371687365 0.150790775276959 0.104366101919692 0.00391450373317795 0.189609522860875 0.0533341785350371 0.102339245023646 0.245056506558236
0.133833712183351 0.020790555558124 0.0800689621612503 0.0833075783825964 0.0835007917239806 0.298118784403548 0.0742428038645418 0.0252572974879993 0.200879514234609
0.179841347218056 0.175212908936092 0.120078128947926 0.123852335348856 0.0341849126754201 0.199745702296757 0.0651220241647708 0.0834728169266353 0.0184898234854863
0.00108944209774978 0.0227240766542424 0.299992612983981 0.20989072873096 0.0954387016095421 0.169623467308518 0.0391819828169266 0.153522016990285 0.00853697080779589
0.183930525642323 0.123964406865726 0.0625516130189084 0.152622663552857 0.00477509497886554 0.0380667847225307 0.0247975816323378 0.163840656472955 0.245450673113496
0.0616719836274214 0.164123387506625 0.151267390095646 0.022686574204934 0.00314400605706254 0.130615290300984 0.130860396982601 0.162083370182301 0.173547601042425
0.181528783559076 0.0476306341066111 0.14294292462253 0.0717664221434277 0.116239264710917 0.196027685466118 0.0558252605356756 0.160527174694921 0.0275118501607227
0.191491326082124 0.206410712212817 0.0587200782089632 0.0121863749491567 0.0204243497034839 0.142900244169109 0.123669202963312 0.226495092479879 0.0177026192311551
0.107165030220016 0.0956858664110718 0.0351003667580717 0.170932540680103 0.108690224281579 0.0481887696711889 0.139165700527393 0.0957117128751646 0.199359788575411
0.280518489486092 0.129835960984896 0.0356309808368643 0.101111064429092 0.0252000057447568 0.209155137285483 0.106265847516761 0.109154897914965 0.00312761580109084
0.0825845147096718 0.145588714830925 0.109281661772037 0.190027918206091 0.0939597268125718 0.0546170237863294 0.127081388767387 0.0743762420518274 0.122482809063159
0.0182748555096614 0.146976079853627 0.0810710503027445 0.160559873808548 0.162869221114608 0.159740245713457 0.129677941198788 0.0557086800379017 0.0851220524606648
0.0491716212635472 0.0478553298385275 0.197874340181371 0.110970280673156 0.0602512699595946 0.109484964987548 0.173866928997072 0.0891732477987742 0.161352016300409
0.222993311681319 0.0379486017864546 0.0500304063232135 0.0889674431766903 0.0422990392817253 0.149245232121412 0.0710081798418466 0.14653278090978 0.190975004877558
0.141372596247303 0.0395050103604579 0.131232289887254 0.134724860461384 0.198275629976971 0.0500581155938772 0.0247233825218572 0.0576536378132007 0.222454477137696
0.223487849216333 0.109994389133601 0.135785658872252 0.0377629214853836 0.0808292652158918 0.08188287890071 0.131744191048309 0.113727407426304 0.0847854387012151
0.147893838307313 0.130948833224041 0.0878126655922551 0.0888264606028142 0.0485146315066185 0.0783521621179544 0.17868641603975 0.172665106436101 0.0662998861731534
0.150407737922861 0.0626084073347252 0.186790568560751 0.0664766899130504 0.0981080112506222 0.0874112022643646 0.148947908640722 0.0571603537982714 0.142089120314633
0.107857926013065 0.13262266068445 0.0342689516385507 0.0668233062297316 0.165237388627048 0.157880956520897 0.0473433114207321 0.217008680229745 0.0709568186357805
0.0397404215139473 0.0716392181975706 0.0378612639579702 0.0252256975700449 0.235343129379403 0.210561164834165 0.145583507560464 0.0520420249130062 0.182003572073429
0.148744491112331 0.0981480706892698 0.024297016817296 0.144567540892686 0.0637310688245847 0.0790114961845584 0.119150719689287 0.180020492523022 0.142329103266965
0.138586982589249 0.134903056735582 0.146087218135657 0.112500300523644 0.112362311482201 0.000329951014128918 0.0694392169498041 0.156747015062256 0.129043947507478
0.0395136021505101 0.214247848665489 0.0798359464720621 0.192719935942686 0.0284215456812219 0.12559487541707 0.0667333659971851 0.0924570079186407 0.160475871755134
0.192809313005232 0.0828805728690401 0.113218452143113 0.158175993595256 0.170584107699444 0.0525892658985592 0.144141418922496 0.0627671528156339 0.0228337230512262
0.20460974384539 0.265607080593321 0.112322528837652 0.114155462073145 0.0223126798476955 0.0162587822261809 0.123737508216436 0.119493836487842 0.021502377872337
0.106027377027457 0.124379305574216 0.0419604449769875 0.190703970359552 0.0654743405744558 0.082226505507601 0.116791399865452 0.173308384806126 0.0991282713081521
0.0881105640705612 0.124437704903281 0.00899060542118581 0.00476695631741898 0.209318774722935 0.233473248194318 0.0143893009815032 0.158750564356669 0.157762281032128
0.131398962270594 0.115200824254558 0.00990624786096772 0.0894814224558717 0.143552017671919 0.159913607404842 0.134904502790389 0.103315313679566 0.112327101611292
0.00633862845685386 0.121159996265887 0.155793935329564 0.151075534524536 0.0411925053942214 0.132809333004502 0.127881565435974 0.160580323706287 0.103168177882175
0.208002811961432 0.00708393114419774 0.0721561063941929 0.14713329841787 0.0514849073359315 0.206404547947808 0.126790558678936 0.098309586532323 0.0826342515873092
0.14830262302964 0.124008774267096 0.14446764261467 0.0842362435865591 5.48676872479673e-05 0.12880968793086 0.138082565196233 0.0567247488659941 0.175312846821701
0.133467748926215 0.135904153260132 0.0371098261572897 0.0875484433729111 0.110009177051836 0.142285623041418 0.0929917027991687 0.12922353427408 0.131459791116949
0.149626565406064 0.141303543550725 0.104693844451919 0.0821789883707647 0.0677758159361641 0.114631169634507 0.0915000034099199 0.0958387431238973 0.152451326116039
0.115723719191309 0.260087147993015 0.0015645092357993 0.134485180596909 0.0408804804979285 0.0857119116828938 0.0459897023399773 0.0645314876651704 0.251025860796998
0.117316677432388 0.213296664338207 0.104214518055135 0.0394711957556378 0.281092433073368 0.031829855805767 0.120228463255519 0.00458380987033043 0.0879663824136468
0.0792460307902851 0.0463123486447501 0.0563891324991744 0.104444180568736 0.0931911334966945 0.203450966167242 0.102210631894199 0.114248182775633 0.200507393163286
0.0205163366555596 0.0740791979273292 0.208631586949402 0.0226071965558941 0.0429500836540522 0.151107892494879 0.218383935456373 0.152165875702292 0.109557894604219
0.131579697132652 0.120511400497551 0.110058320307675 0.0148669980501998 0.104254833746676 0.232013095192154 0.017997645395315 0.0958873435384807 0.172830666139296
0.062805524340042 0.0256670976423144 0.100994100257538 0.12390443532464 0.101501287222617 0.171323613808538 0.134128662093249 0.129588978671381 0.15008630063968
0.142670450799541 0.201768836521068 0.157473038906643 0.194650184870504 0.0277269945161188 0.0103258557709037 0.083236756308457 0.161701613300921 0.0204462690058434
