0.172480387938613 0.127841491552948 0.133269234399844 0.0675617172807912 0.175700791425814 0.0288219531555913 0.172296796022875 0.0206956066378253 0.101332021585699
0.0141798939911097 0.175866776268829 0.146591733136466 0.0455136894607112 0.119070045811743 0.0654283190608927 0.181164947548157 0.0682167931024377 0.183967801619654
0.167701084545527 0.0724921594517377 0.15324200351827 0.054558469093195 0.02849183690723 0.0369590947963274 0.238353052747146 0.132103178736365 0.116099120204202
0.143966261830333 0.0721252263475912 0.0972696424091782 0.0157234737595768 0.157281593135847 0.216469029544115 0.0411265436079655 0.0467542118860281 0.209284017479365
0.20371864175195 0.197720879922352 0.00799439551750569 0.11524820068039 0.0235064574732945 0.0621924329914782 0.0703909560083882 0.114140098562838 0.205087937091804
0.17176948149629 0.11899008779968 0.174245961829888 0.162633449880178 0.0031287057410545 0.144646239239073 0.0659947110221959 0.135089483140603 0.0235018798510376
0.129631424980024 0.16794975133898 0.132458750498538 0.10762762945219 0.181092891641758 0.0220300731699955 0.169742033797353 0.0513935090757745 0.0380739360453859
0.149044449645733 0.145145361794241 0.151965294696653 0.0897293363682905 0.114923533399556 0.0261560372713461 0.0566716825894126 0.0942534222900598 0.172110881944707
0.0669007244905042 0.0656038031462901 0.0546045557282072 0.225771409109461 0.243418278975324 0.0708185477615841 0.227067695593065 0.0415134443575707 0.00430154083799405
0.0398796883857522 0.133330728937806 0.211482405782338 0.102326813174997 0.0651576913844953 0.208717256652726 0.020733721441749 0.190568073373751 0.027803620866386
0.0883703904132873 0.141798643819668 0.20591012684935 0.158909565291874 0.0192503350725986 0.0743742356868151 0.0711769465584317 0.0164983396366691 0.223711416671306
0.147101854406175 0.180423014989258 0.137208218866508 0.0805423183831293 0.0633839859656209 0.166290494138352 0.063212455348504 0.00944236993090372 0.152395287971549
0.0781681657263832 0.0351610207465648 0.229756991637212 0.241558460220029 0.0169258122895152 0.243000089319733 0.0298681964106544 0.0757126322718864 0.0498486313780216
0.113625418957026 0.0304153349385281 0.0155711435451642 0.034049477708429 0.0997248143384695 0.22850692973694 0.183106938200164 0.166345996972334 0.128653945602944
0.0573482583869671 0.139709205170697 0.0948188570178245 0.166642842627842 0.147937039416188 0.146147869720212 0.0948253167045767 0.0598378890012742 0.0927327219544191
0.130668445071262 0.126899424061546 0.170881763921362 0.120203048672556 0.0759880087590531 0.0384243949746741 0.193685077290728 0.0663379656943259 0.0769118715544932
0.0155631015896354 0.0276871934475978 0.0720373639202171 0.113988796242712 0.185124485436587 0.157249555326776 0.191591874107308 0.0553833667847865 0.181374263144381
0.0887029802534072 0.0850417328698025 0.113447073430442 0.0932187859384877 0.13056415450242 0.168743741973945 0.0463728936331712 0.166650086270141 0.107258551128184
0.0685083353173183 0.0424746305953142 0.124642157204785 0.125901696929928 0.160324142189049 0.127610712280386 0.10802033197115 0.184161916580531 0.0583560769315386
0.133543271221129 0.114169903238092 0.0675423666252874 0.405038075461657 0.0315676622498163 0.0554078849054906 0.0552433636565549 0.0363679008042837 0.101119571837689
0.166040427164433 0.177865148881713 0.00735192442413324 0.207170635908186 0.173109140007717 0.21998713662599 0.00609464992645516 0.0195521590799973 0.0228287779813753
0.014841865735299 0.0266243534568295 0.0340974180476489 0.126572921029347 0.31952883407653 0.106236143899611 0.130646574237308 0.0296842942576315 0.211767595259794
0.197096808030564 0.0164564961544329 0.169724450499657 0.0788529063111659 0.0535161891896326 0.207605275784749 0.0296228628674969 0.00983300876686602 0.237292002395436
0.0246042176811052 0.258077184539144 0.189247176081214 0.173723768214055 0.144662556935673 0.108667537036392 0.0209244498018394 0.0526947945915404 0.0273983151190363
0.058030760159711 0.00755528736672432 0.0673062584041099 0.188653497942277 0.0295700680595762 0.209670156555002 0.111906310713818 0.190903374907155 0.136404285891627
0.159415178196251 0.014761369020717 0.165811903545284 0.13845123507695 0.140916498318125 0.0774271509786105 0.0871937192813122 0.042705267160404 0.173317678422346
0.179315835204439 0.097036323489739 0.12568658705521 0.108359784039858 0.0630388060767776 0.200853407390769 0.0587858676747038 0.108694580288249 0.0582288087802538
0.092902959007341 0.125705836512548 0.0379511274868554 0.2088543795221 0.0574632881713273 0.00301475303345648 0.247941354672457 0.0066057087972201 0.219560592796695
0.190279352000467 0.243201551054486 0.196040990141586 0.0603529132054415 0.128873908071988 0.00419306642635103 0.0695966951171183 0.0408439752382087 0.0666175487443532
0.179240602489076 0.187583372421058 0.0546129005285413 0.0297370517416631 0.0577125750069986 0.211722848393813 0.0467465161868052 0.0820113260006418 0.150632807231403
0.24841042662724 0.183205518348831 0.0414366476419307 0.163057398161876 0.0486339822159655 0.0332227275554127 0.203905589527898 0.0569012606389093 0.0212264492819367
0.123418478695478 0.143948773647176 0.104054375965029 0.141739072616586 0.120660947546305 0.134967357389485 0.0852472253922885 0.00191193353037525 0.144051835217278
0.0166239992486413 0.128858315913165 0.0206432527779734 0.152869652480692 0.181448129144716 0.119689342114078 0.168979256774582 0.0935331807818188 0.117354870764333
0.14206847641792 0.0550351060216868 0.142888781425749 0.147137096513276 0.167198331672733 0.162245073324475 0.0333589517075769 0.00934080093806853 0.140727381978514
0.16658646944578 0.0141430584135619 0.221166833571907 0.0811874782950541 0.202185199594505 0.123148892880248 0.11072828920571 0.02925131244252 0.0516024661507141
0.0428876317822725 0.0990410814373933 0.0570554194581038 0.0962516800575283 0.036019974836401 0.0244719594377374 0.300282163861008 0.152780109313669 0.191209979815886
0.0232775076810844 0.0246926163075602 0.1617988753616 0.0214999993245103 0.233748651952692 0.1440055961101 0.0870064004442477 0.139298358874659 0.164671993943546
0.152100735151086 0.206838796595431 0.0991086112231535 0.00923978113854757 0.135699459056952 0.0107225617143011 0.198195939866327 0.00480060795723421 0.183293507296967
0.0563507387835703 0.117639491897828 0.0809387697550527 0.33907525117852 0.0929752340752775 0.0420456962466233 0.0761330208042795 0.18108532512364 0.0137564721352089
0.0247341536878767 0.0605213272987681 0.170913530818476 0.0314060165542487 0.151233107208293 0.219566750954277 0.209036097311991 0.0609863463862024 0.071602669779867
0.0335192700960514 0.206710957445367 0.103003546390532 0.0597347945550378 0.204116064621246 0.171457494607007 0.025896224465723 0.00540125959961968 0.190160388219415
0.169353002718917 0.165443607104906 0.0914904702145853 0.00170418837171755 0.0120184699428386 0.118801365471414 0.0994526422949738 0.155070507747866 0.186665746132782
0.158488808719407 0.0925569598247777 0.0794548281956214 0.172607387764897 0.0957371693504097 0.0657997286759696 0.13707972171198 0.135918553518466 0.0623568422384726
0.0742311624162185 0.176608943019988 0.00778745954819455 0.168697786903533 0.0808133852247289 0.0989813760664558 0.13068836556537 0.0261862416686511 0.23600527958686
0.0825729239176404 0.256054048008094 0.269661778472343 0.0786962418672258 0.0355357528725535 0.0701010810874569 0.076741913279485 0.0273554527085282 0.103280807786672
0.0540339585489152 0.188470202778796 0.160372364185352 0.120222282999327 0.0156741563568406 0.19662796119625 0.00394481447959033 0.112517140388433 0.148137119066496
0.0369850716997742 0.175591233513654 0.193321467566352 0.15646997999285 0.0595607879608068 0.120627246937796 0.0437166059132611 0.0524550712798069 0.161272535135698
0.0242749587378995 0.166167548711612 0.141191272230056 0.119719808469145 0.156342046285647 0.0241065345167353 0.0114435308381093 0.177998918805556 0.17875538140524
0.203951961710915 0.0453531648043245 0.0706108058462588 0.242480982953225 0.108335660238564 0.284283962605581 0.00502438572437078 0.039892000613998 6.70755027620405e-05
0.0864877429287377 0.112640192418752 0.1567913662986 0.1118467630616 0.111278875592976 0.127030686146792 0.124380445361592 0.0170183879821975 0.152525540208752
0.128208482212893 0.0908039034395686 0.123533014330987 0.106325946137489 0.0837204814000236 0.149944763705464 0.13660740236371 0.0231808474029781 0.157675159006887
0.0573481176687792 0.0623246796596256 0.0406239679369201 0.12028433795163 0.167736439777104 0.166493471632533 0.155356254381194 0.216466983534444 0.0133657474577709
0.130391144675619 0.0143052573188789 0.13143290927087 0.0527187397797751 0.0654816431001768 0.00341791552518296 0.181716715953701 0.204221711806122 0.216313962569675
0.154597933108912 0.0876079585925566 0.12415680686108 0.145288571717491 0.115857519782693 0.0399643385344464 0.179102008108362 0.129397327957878 0.0240275353365818
0.238647172882558 0.0919285206708179 0.0596268018710069 0.170096646724719 0.0502217255675036 0.0874929860026658 0.126144342622775 0.119954753928222 0.0558870497297309
0.0710893567622412 0.175212872962778 0.168326518515791 0.14018115602254 0.00529642884871663 0.0311133357448408 0.0427770191713492 0.189673447804055 0.176329864167688
0.00342900454192483 0.180627940516755 0.167823467809011 0.0482136790967981 0.104150959225906 0.0170005103014997 0.191887417830962 0.179521689160033 0.10734533151711
0.105847784952465 0.153390888653942 0.136599430534692 0.137984433927192 0.122037781398414 0.122764191493206 0.00139643210310498 0.0588062470539298 0.161172809883054
0.0183379002052986 0.159514118041678 0.0681235143960845 0.12264909762576 0.165541662677194 0.184879192815706 0.0142201040438304 0.150408405091453 0.116326005102995
0.148181473942916 0.121207883767973 0.206349097404488 0.179313899385625 0.0630965489912889 0.0776125055681204 0.0954838385076117 0.0482596831491493 0.0604950692828277
0.203843186352756 0.0381167639953198 0.228539756923616 0.0820023262538629 0.166530226136818 0.155540472253259 0.0879127956418004 0.00652335844113572 0.0309911140014323
0.130833132078421 0.130856349719307 0.00703020044332882 0.156372352219888 0.137720626090465 0.0927551051616082 0.14864581700062 0.0338669845719208 0.161919432714442
0.0815438857740817 0.0697098266327846 0.182900384498493 0.0899500665224754 0.0764411792452329 0.241986414238389 0.143554812967883 0.0700481709949422 0.043865259125718
0.150431295755812 0.0664549801356545 0.112158919246258 0.06407339808292 0.12014294282497 0.145787820357775 0.0253263522374136 0.147796834890501 0.167827456468696
0.0992322218027916 0.0599848868909901 0.195727359121745 0.0878487622241924 0.099335772463153 0.0442957899317246 0.210972519630825 0.1918746377979 0.0107280501366789
0.188802916339665 0.0548347172332135 0.000459284105893919 0.102190036267721 0.157971766217301 0.105958788994131 0.0900643555221285 0.166214340099032 0.133503795220913
0.0105733346495037 0.024075134110375 0.234345216064435 0.158109310849549 0.13171312752691 0.0690310116615535 0.0978409606745493 0.138173926326393 0.136137978136732
0.123021404613897 0.207576434608492 0.0536428954420234 0.0469573550046655 0.0413063447466782 0.0431659988499533 0.177539558304503 0.128385550558475 0.178404457871312
0.150088833218777 0.0687816298988035 0.0262662320426381 0.0850475734307661 0.0942853360054469 0.225929548043204 0.0457412218431307 0.231762875287167 0.0720967502300661
0.0610621127563286 0.0664960773244234 0.0736944478897326 0.235554948639661 0.0475519982991177 0.15067449658552 0.0300434217552816 0.0930347091491207 0.241887787600814
0.129155764436485 0.111737161027786 0.00794712714826353 0.107097797213321 0.180747134040172 0.0682278651259276 0.169060749414112 0.0833174237250042 0.142708977868928
0.217470064677028 0.108723224136073 0.037971243537358 0.0790681639493093 0.0722039667513465 0.0474835482623596 0.0867842023223062 0.142863611025158 0.207431975339062
0.0883238282811515 0.0961574361675543 0.122637578818671 0.12849303028657 0.0639531301369802 0.06976380237057 0.167243247738767 0.16445844161354 0.0989695045861961
0.11664503953343 0.102327770760608 0.116694326310365 0.0629461287385675 0.135130413516104 0.106832148134531 0.162859815575504 0.151640349229451 0.0449240082014407
0.11606224561105 0.0930670730272632 0.0277225395204405 0.0286725006812521 0.241055951386034 0.242248499654657 0.00566985167765238 0.11833120231843 0.127170136123222
0.12847102449366 0.1217560681934 0.00713627989735758 0.0904474996478775 0.0801062975907373 0.184355307464003 0.029471392891239 0.170279310124337 0.187976819697389
0.0514545522775341 0.0777884263202918 0.0156303223109104 0.106344847617616 0.133803760822291 0.0816072909104149 0.133791860463389 0.187856057305942 0.211722881971611
0.0419655263811419 0.0923610291675131 0.177883325086426 0.06692785908468 0.070072710311848 0.193574095414983 0.0323923798021145 0.220835943647748 0.103987131103545
0.176653074471142 0.00240687536184765 0.168078462897821 0.00566126245980603 0.125814954522698 0.170953402030199 0.0697296545736661 0.196934673392099 0.0837676402907208
0.02146988361521 0.0817508640242322 0.0935009633333424 0.128734960218544 0.14106184346944 0.133278094523839 0.113584236733786 0.135128521924163 0.151490632157443
0.0898318208655895 0.123363177149633 0.0936215520740956 0.0767393975462068 0.0643125715384856 0.151378620101768 0.187126613191795 0.0466330032166855 0.166993244315742
0.0180984916394856 0.129488934375165 0.0510866923212595 0.109169347995519 0.163705959461635 0.160909589044263 0.0491928023944104 0.102017590762706 0.216330592005557
0.0982631979205073 0.121139542601776 0.146208036119112 0.109932779110066 0.128702250012408 0.147547586409959 0.168911521788761 0.0192132949541345 0.0600817910832758
0.155890429256212 0.0332399904057156 0.16289824200793 0.19735508468089 0.0555083899286889 0.089118831912537 0.119380728857426 0.162029497995491 0.0245788049551095
0.152904733005974 0.160868357291042 0.0715267030158769 0.111394925954893 0.0218292340770226 0.00133981997360728 0.159008974442155 0.161554848697817 0.159572403541611
0.179098153106615 0.0287195782228987 0.098765516961353 0.132920613317337 0.059995230894831 0.112064642801328 0.144542854953604 0.148326153533699 0.0955672562083344
0.0542852898065486 0.160344242862537 0.101526994087001 0.126067066342289 0.0737561748437003 0.158132166932004 0.127630320793521 0.176351792466586 0.0219059518658135
0.0544016337938977 0.142243678797396 0.166277922278762 0.118718513759454 0.128771778521195 0.0771487934426567 0.256260007403234 0.0109234308187983 0.0452542411846054
0.00990126876475414 0.12551725452511 0.0872438191018545 0.406076906160899 0.106521666917071 0.0508667854373178 0.0659703883358062 0.0257986308173594 0.122103279939828
0.0230966377433103 0.325511694946177 0.0691336900117872 0.113351789902784 0.206513940232278 0.0142267061752642 0.107146417281107 0.00550543508985207 0.135513688617441
0.206639677589696 0.0788505898119224 0.145953039738366 0.111772358210476 0.11895491230444 0.0262809614271248 0.00324154232081297 0.242529078994691 0.0657778396024715
0.194785554387258 0.185678049121064 0.00340519589103767 0.0639107895771997 0.11382924214714 0.0088235469443361 0.11273998701799 0.125845906930299 0.190981727983675
0.0253145185704918 0.149692468748743 0.136175768860331 0.19313728020403 0.174543383277414 0.02101689851779 0.0768532415725837 0.0697338170616264 0.153532623186991
0.0857108171177923 0.090575341567227 0.121171004612314 0.0852021439646256 0.14103558084726 0.145981342880103 0.0250900607995632 0.132139429472086 0.173094278739029
0.0577943153542935 0.142883006423664 0.145698689149791 0.123649690319481 0.152193904358734 0.046551670739454 0.19864158707863 0.121098413879757 0.0114887226961958
0.0668271925512177 0.178574152068976 0.0828035415023411 0.14895302881366 0.175875766861892 0.0105118066513134 0.00216347945312819 0.189475010911464 0.144816021186008
0.228187886058562 0.0668268434740178 0.0936537780116348 0.0549165457051562 0.0796061352729946 0.189858259044481 0.062605948328683 0.0310331400882266 0.193311464016244
0.097764010342917 0.0610106452158311 0.147962657030573 0.137313964342088 0.100026581585095 0.0852998545919478 0.110732490124109 0.16220835783086 0.0976814389365793
0.151990630820894 0.12603222730445 0.175635457806532 0.0986269624045876 0.0253235650583594 0.0129176742936535 0.179589297689107 0.053714810166857 0.17616937445556
0.00954641427939013 0.174563337696505 0.132128819221771 0.170259537460167 0.041859737432283 0.084698615866326 0.13661341737921 0.11525451572157 0.135075604942778
0.146403176646153 0.028039615091008 0.0178890915729807 0.0722237989941227 0.111868143441783 0.154408725153092 0.155385845281253 0.155467321343054 0.158314282476554
0.0416767040323937 0.0677123285282949 0.153724658139524 0.102817953462723 0.0741774741690706 0.213141785847564 0.130518121355139 0.113309146233441 0.102921828231849
0.100686322322123 0.181342072424464 0.020397371280696 0.178611505267007 0.139695342450824 0.112825256208571 0.0386480714177507 0.109724938720599 0.118069119907964
0.037666299560517 0.162392833578657 0.0886867427741528 0.142889223139854 0.0382958210259116 0.120747008621417 0.168202232747334 0.139395455388111 0.101724383164046
0.140423137393165 0.125579622325036 0.145873381849999 0.0327969780671307 0.0561218675234285 0.104314605532354 0.0607209105774832 0.142747223040726 0.191422273690678
0.0216371956169353 0.0176726936723575 0.17018954758116 0.157443386242353 0.183097961112561 0.0236794576891899 0.133587870228147 0.0829667852433207 0.209725102613975
0.101859767423594 0.160218989755954 0.00447307348002161 0.160795305754758 0.078895264033683 0.138704222154723 0.168845567770583 0.162062636528181 0.0241451730985029
0.147684920930812 0.0859230615265782 0.149290408488433 0.00713231056398309 0.156573816638481 0.172045876519839 0.0993822738922782 0.123868318834987 0.0580990126046077
0.0857138911370824 0.00105446930924983 0.00500595187141984 0.048548066765843 0.0888327442061954 0.286575241567433 0.276688726006081 0.0823053706425915 0.125275538494104
0.040685549577059 0.181249604222789 0.170061526539576 0.095408415199065 0.043990356350356 0.0766397368183003 0.226172486725774 0.0406955095689609 0.125096814998119
0.165812112444395 0.0722154887562425 0.171138686659952 0.112643851662458 0.136894069954885 0.204097940099015 0.0201461856790973 0.0524238858447177 0.0646277788992373
0.0917448720335775 0.155792706317619 0.175150893797851 0.0246843065925911 0.169125642176062 0.169279896437656 0.14003185379765 0.0243928349567227 0.0497969938902706
0.0840766903468649 0.0658389295709178 0.122453749841743 0.160696728316106 0.0955344362203343 0.1653840069408 0.0549532591116752 0.0849189838677985 0.166143215783761
0.192939650497387 0.028592058947029 0.267156408318131 0.176881370319343 0.160375466272195 0.0190364475258427 0.0825145745144841 0.0463308565112323 0.0261731670943562
0.0655146476347238 0.151395549156402 0.24756914135898 0.0366315689863169 0.130241494762804 0.0590987834962186 0.168382505665667 0.114766960541045 0.0263993483978429
0.120909236238946 0.16886949124486 0.107095139120155 0.135518488372312 0.109232247989171 0.0227181046977823 0.0431108141505116 0.174493836228722 0.118052641957539
0.176628646958148 0.18052502822441 0.0231341626583894 0.0813637534972461 0.134641352212623 0.168799775282115 0.176252916165438 0.0563090290141755 0.00234533598745473
0.0753280396962278 0.0177006894868071 0.164100320905554 0.188720818412952 0.175916935202578 0.141441291585959 0.0493571945249068 0.0828440778251234 0.104590632359893
0.075210032650369 0.156523478556022 0.0674402003818287 0.189145395871509 0.072276753811528 0.0751752700394954 0.0771642352075028 0.193611108829809 0.0934535246519359
0.114218246309373 0.104888086721817 0.114894458099363 0.144163443037456 0.118555873048151 0.198206444010541 0.106538148788792 0.0207445383083688 0.0777907616761374
0.0295489989127691 0.167904137962114 0.069261281688031 0.0619740885615364 0.12081262021784 0.188197058581402 0.098071340418788 0.127816743829199 0.136413729828321
0.146080989199601 0.120195980132022 0.131905949310279 0.132198153729954 0.171825062888064 0.0594190051311472 0.115301954960763 0.0853296019128079 0.0377433027353629
0.0425244674981627 0.202277339309247 0.126465488568615 0.0937768280914121 0.181365261623529 0.0581246327751305 0.00977139127632475 0.230645591154989 0.0550489997025882
0.055973436999413 0.108197829258305 0.18124305752601 0.097722775268075 0.189878583924067 0.10800797146981 0.191616820645026 0.0390030242485718 0.028356500660722
0.0435396528471616 0.0945826660316075 0.195347901740195 0.0809198452011386 0.045204268711626 0.120634780789342 0.11041476621522 0.0995545115678176 0.209801606895891
0.0380041175521601 0.121379957080186 0.150916445289898 0.115421235006732 0.131074824279738 0.131410758064327 0.121288522955728 0.0793656805631048 0.111138459208126
0.15124562139066 0.0656649876066892 0.158609589695094 0.106066470115575 0.0928024613345631 0.157410078681835 0.00474454870239881 0.205693711294961 0.0577625311782234
0.0361601059779503 0.0793967405050174 0.120943769084685 0.178767993930817 0.139579575842494 0.177165449285681 0.0906326441291958 0.0249344067778105 0.152419314466348
0.130417661707431 0.1605833768686 0.0822587431944865 0.0475775973065278 0.132501005922444 0.142301914484675 0.18960847645695 0.0133652462671278 0.101385977791758
0.152437380498013 0.234637457121561 0.023574653269613 0.0767929097475326 0.172876218271392 0.0997409124040739 0.0104441500590137 0.210107184308153 0.019389134320649
0.13827701805035 0.183824246829545 0.179878448711584 0.0379191596607729 0.178218976625541 0.0071789683048223 0.00734114922251495 0.154464286321362 0.112897746273508
0.0110178159946201 0.0317289363599126 0.17768758516722 0.0921326629919777 0.0695161103575729 0.17195508255641 0.0986752490621949 0.276731555951363 0.070555001558728
0.0918821479223405 0.0396923059520544 0.251484752154852 0.20257848450762 0.0598466816958063 0.0944859311634495 0.169215864800113 0.0571292086331874 0.0336846231705773
0.0787310298455977 0.196927152118423 0.00918583808826816 0.066735629503566 0.0525321799086459 0.0640109145798599 0.216307467190649 0.231343796567511 0.0842259921974786
0.0945954082605818 0.169241783087854 0.251617736186594 0.237431460022267 0.0282789989269655 0.0273428779798503 0.165868739384888 0.0251563557141718 0.000466640436827016
0.0856136553909003 0.0920549710661477 0.1704472139437 0.0835753865144618 0.144723448373803 0.0574962847275007 0.0424288018438931 0.152048686765786 0.171611551373807
0.150510679908321 0.00729634206653793 0.0608923501718719 0.070896577562794 0.0507242024092691 0.186925970865482 0.158227188835396 0.0640479932424353 0.250478694937892
0.208390720769258 0.0722980809787713 0.151078154489719 0.0204738054521919 0.261365613443088 0.0487530913677145 0.162238354363691 0.0340342741590189 0.0413679049765473
0.110209730500472 0.149381180753488 0.128469670771942 0.0795163253898632 0.13021699244159 0.0927813170298609 0.130957165733465 0.029531423503999 0.148936193875319
0.137430682021159 0.0708543633534472 0.0374512794444132 0.172744634845618 0.00341113789818853 0.0292431831570293 0.162319113068621 0.194548382182675 0.191997224028849
0.0348796170300809 0.107883519562677 0.013220057595825 0.186795807722319 0.223222652755734 0.0806393895394957 0.159589660919677 0.0353598731427923 0.158409421731399
0.193508067126528 0.0102745939439612 0.198998708786957 0.193871705659412 0.0698835972295253 0.117732387931321 0.0717972338731664 0.104648564413969 0.0392851410351589
0.183687156251182 0.115220527018107 0.00809136949250534 0.147628532542115 0.213342407573183 0.0973281892303745 0.00297251432358935 0.0134274641296379 0.218301839439307
0.15233015604879 0.138142518512862 0.104323828812667 0.0952401419062232 0.19376404095936 0.119988079706072 0.0398203627865949 0.113972234206415 0.0424186370610156
0.124851324715896 0.15064669582223 0.0870490350596003 0.0174074689111773 0.18510550335035 0.120966734068051 0.260347190112455 0.00129484065302631 0.052331207307214
0.200002300157753 0.0716007389034917 0.169385760394748 0.180710818606879 0.00327171715063612 0.126966750628802 0.0780044261369926 0.0877018470501259 0.082355640970572
0.138882767587171 0.0487980797542748 0.177703416888059 0.175476149079655 0.0346759361809433 0.187141938625352 0.122119754837581 0.0489957420460967 0.0662062150008675
0.169698914864731 0.158424672930302 0.0700853356732829 0.142117930940358 0.165979485915953 0.13527382368084 0.00580215361630778 0.112505284532619 0.0401123978456073
0.0713430518404198 0.103131711537263 0.136501884709805 0.0322469905970521 0.234264774011013 0.00220419426373818 0.105443926731426 0.172448237852201 0.14241522845708
0.132360995182425 0.079277419238595 0.105395135477846 0.127536730844271 0.169042755432581 0.172320271889697 0.0648939465773935 0.0984742166164543 0.0506985287407367
0.0345272477545965 0.0630625161625589 0.170711584471118 0.165209290208779 0.0737225804969671 0.0704763967480557 0.18399447944252 0.171812918833107 0.066482985882298
0.228096635595984 0.298956710615555 0.002760821836816 0.129828840194643 0.127294765616925 0.00661535045329469 0.0147612998950415 0.025663353327769 0.166022222463973
0.132427845089458 0.0835918480921801 0.120917544003988 0.169042215032776 0.100200304450682 0.00727142301101566 0.14455088148779 0.0383748455420884 0.203623093290023
0.14841086331787 0.0701034389089452 0.141129328471264 0.07983642863709 0.147427822361459 0.143712850034086 0.175689078133279 0.0910299940926979 0.00266019604330905
0.179483270501136 0.0099922694995452 0.0239098610428017 0.0979641913080579 0.0771094560400798 0.341705502383318 0.114753562038733 0.0497727494257758 0.105309137760552
0.00432470086805447 0.0759876175544726 0.00561289332501183 0.0441422666457229 0.280527427836567 0.0871501046927098 0.06777951966931 0.240079150299829 0.194396319108323
0.0095528499393486 0.0950806180426821 0.127300742318745 0.303011053701164 0.171059249701371 0.024826542920143 0.119391291508116 0.0571985206588816 0.0925791312095487
0.16026937371022 0.0467594494822598 0.12489382941629 0.164888522140437 0.0502180486750149 0.0528574617070149 0.143498676568405 0.13098736791848 0.125627270381879
0.188091637704595 0.0283754730619102 0.136516265607386 0.111837379159156 0.0111339773296915 0.124146242892138 0.182520258771684 0.0941144793572739 0.123264286116166
0.142486207910654 0.146879894349472 0.111508758143549 0.123372593928788 0.152528483677688 0.0711263954396406 0.15435395756334 0.0763135949184138 0.0214301140684544
0.111796030249906 0.171630486140777 0.103217067042534 0.0354465998857717 0.183224716829447 0.0670258111310165 0.045157031067555 0.0778322658239277 0.204669991829066
0.039755104469265 0.0297708531696243 0.191855173208209 0.134802121758383 0.193367502763539 0.121498044123012 0.176247417111825 0.081080321637929 0.0316234617582138
0.160161873946232 0.103639647681741 0.154585332261245 0.0225440167009404 0.106667500228887 0.144852792245716 0.13397875790068 0.0163553520052162 0.157214727029343
0.122571173969096 0.100333083090388 0.0120933138963076 0.0826777227440186 0.174626014861199 0.044106014691489 0.199405720968419 0.065716088372093 0.198470867406989
0.136937538816591 0.092489343415137 0.0274560094442069 0.174442371277819 0.14719111023007 0.0770658332036972 0.122988152847195 0.145145128302072 0.0762845124632128
0.0535202374859411 0.0569402842367536 0.122518605548532 0.141933710144189 0.00934924933856074 0.178353635945597 0.166072323183 0.197702062675714 0.073609891441714
0.1146111558528 0.163836416597856 0.166908604462135 0.10301198328681 0.0201781320967926 0.0225276790514219 0.165306615839073 0.180726192355183 0.062893220457929
0.0675503614740253 0.0897590092129116 0.150142088840393 0.057638952143861 0.140960351820446 0.176871265869894 0.0637327663900019 0.164679287417794 0.0886659168306727
0.052915163847459 0.103970608032907 0.0681893739716583 0.0906732169893225 0.139830721857211 0.0915530997482593 0.210513197925871 0.20947773908447 0.0328768785428411
0.139755004887101 0.172094584573445 0.0864953352591293 0.0751798295904323 0.154464449658448 0.200547719015676 0.0684804102418774 0.0213626195728027 0.0816200472010872
0.092291719479452 0.109018970631007 0.126502672272563 0.10476477690663 0.104094275456715 0.0250081809856466 0.147489800493173 0.141960589287718 0.148869014487096
0.123597192584537 0.17984049845539 0.0799381657691283 0.152171892509407 0.0867422302649508 0.0383550504136487 0.0494405010383824 0.142004159865152 0.147910309099404
0.0611889265675023 0.185924107867643 0.0493362058068303 0.045817598562502 0.182100713071397 0.146952604800148 0.115658059380053 0.189485908218423 0.0235358757255015
0.0511125308874902 0.13780112191038 0.172833214434513 0.141797583043344 0.132017364331269 0.0300167746077646 0.0834166208407748 0.157758436351695 0.0932463535927695
0.112634878336141 0.0257139769669644 0.0354822818629021 0.129046610588722 0.0635109777680405 0.0990198106053908 0.199582425788898 0.0962212981589776 0.238787739923964
0.146346348974716 0.00281637025193108 0.00640286357501622 0.288064259337595 0.172354304641343 0.131281425130499 0.163834974671975 0.0602076796399728 0.0286917737769518
0.222133991344797 0.0540468704891646 0.0909638662873445 0.117211176389265 0.116402450707476 0.0304510183031133 0.0659693365734207 0.0376208029138167 0.265200486991603
0.157107477918581 0.0810951606608347 0.00273143214540734 0.0972662687710453 0.138455573224 0.048006405476178 0.129255179632183 0.178595376281384 0.167487125890388
0.130895404111896 0.142398903301491 0.170285567370083 0.109200884966514 0.0262482426675039 0.0505390516649074 0.0781026039781618 0.0717090721070614 0.220620269832382
0.0999933267393297 0.199746933814683 0.165269578450179 0.0473306575331109 0.099142389252364 0.0847374066489646 0.166174456485108 0.118352166622647 0.0192530844536142
0.183439641834478 0.276785535378175 0.104094787754707 0.0277586368211852 0.0267329533660904 0.183417373658098 0.0265173917308402 0.141183468178479 0.0300702112779467
0.0489992953447339 0.160826719557536 0.113921973196992 0.0756759298854124 0.0876162436760514 0.106127128024599 0.0780623974806762 0.247464436768571 0.081305876065428
0.0415106283077256 0.148500400374076 0.120675140229332 0.0542928104091333 0.141978683622658 0.0549441707969231 0.17812833799323 0.0801985343280501 0.179771293938872
0.114283112678692 0.130839552886074 0.124328381444719 0.0305241305237396 0.0135477751885544 0.206165779250243 0.121487438110241 0.156301533538505 0.102522296379233
0.000427482998078739 0.00207056710244211 0.154729505730428 0.146799551775427 0.134473486236502 0.0692683987889241 0.252264697323338 0.0897175175268909 0.150248792517969
0.114463382489846 0.0370987411452528 0.0549319122500636 0.0811167049887691 0.156058203044393 0.157710970216421 0.102792519973001 0.106435608347654 0.1893919575446
0.113185096485809 0.176522749780025 0.00568433419266526 0.153726332831728 0.128953172905593 0.160821604522665 0.156273251121181 0.0474460678425034 0.05738739031783
0.114713822921885 0.0725096226541376 0.178127943743199 0.0449937269611311 0.161264047698234 0.124991849770501 0.0906239024698459 0.108817554793339 0.103957528987727
0.132314869060685 0.0644872117249457 0.160667794769389 0.141426439581148 0.123882548082922 0.00747576832056176 0.131151986422609 0.165582730260201 0.0730106517775385
0.0860964921377648 0.230764373251149 0.0630232526645296 0.165056645517549 0.231729416811962 0.00848250735839736 0.0440767336493718 0.039550889146995 0.131219689462282
0.0361032959298472 0.172041179893057 0.0936806903760519 0.0429612091961714 0.0663298928508246 0.166309790251124 0.136741500940517 0.12665808306961 0.159174357492797
0.179279392039314 0.0671940911694122 0.158145408315176 0.117942783352572 0.0239923966422239 0.0695263224730773 0.101889160446667 0.143818206692683 0.138212238868875
0.0984763709794512 0.0742704825128839 0.20444422381384 0.145506620846608 0.0776341196384811 0.202862373931575 0.00662887042643063 0.119036315725185 0.0711406221255444
0.106180611299477 0.0883641306990198 0.136256727445046 0.152712000166567 0.130692133082612 0.179244084242844 0.057611923709452 0.0316307878229762 0.117307601532006
0.0538519179488588 0.0430041623455793 0.0361496623283369 0.0131927599586324 0.236644624101037 0.186557884842497 0.0460226698185213 0.132363334763646 0.252212983892892
0.0809839212740174 0.134155961679467 0.143681298637214 0.11212160637479 0.114615730281795 0.0835929585445702 0.124982621600819 0.0591346826604571 0.14673121894687
0.170237385514581 0.0631654872362999 0.146502693363427 0.180898906305833 0.00818420724663117 0.0786301257674909 0.017282303808514 0.164529787906341 0.170569102850881
0.0465475131570836 0.151739466241934 0.0617047599226251 0.224087831725383 0.0930142124168659 0.0785584175690279 0.182656740661496 0.00539412759646382 0.156296930709121
0.0769771026930551 0.1146536924887 0.12051372788396 0.00095266516138143 0.157962703507523 0.185904505065554 0.161737248854962 0.167316412081171 0.0139819422636936
0.144802620771205 0.148143623250207 0.186667272259418 0.0798476555198063 0.00439432245901857 0.162653355561185 0.00539054502592055 0.0857479159505834 0.182352689202656
0.0476227623677138 0.0912739237984431 0.0853507381893212 0.157374038695282 0.150353671393857 0.0950797480493872 0.0819007099208713 0.158858356127558 0.132186051457566
0.0569134888809022 0.0587388043856164 0.175692997638388 0.19418985884726 0.0958652913122016 0.13466839105199 0.148163291052766 0.116864643773438 0.0189032330574367
0.13235817109647 0.163118017234231 0.0357397796976071 0.151782642715081 0.0948106089641996 0.0968397827115165 0.0506954463291843 0.134815440539698 0.139840110712012
0.176404833723781 0.128403033734233 0.00180583425378212 0.0635261064909647 0.124092304659057 0.136177425441261 0.148340533646079 0.0791902383157017 0.142059689735141
0.181803502710358 0.131571583491105 0.00844407885857336 0.0620995974193647 0.101071639396944 0.18355861586959 0.174860630278798 0.0583376642359538 0.0982526877393142
0.0360096235317227 0.0988074647040431 0.104301681230459 0.0525376168510181 0.0377486571715622 0.139868911722569 0.203546310278883 0.190218267816343 0.1369614666934
0.158744366569085 0.101157964055489 0.0876240102345978 0.279596014299259 0.0890343813330744 0.0346362187358237 0.0911323779374748 0.136183488951596 0.0218911778836002
0.0130605812230958 0.141770989977738 0.164515925668917 0.157645953100561 0.126171625501106 0.0566953153599342 0.00583695886828184 0.201057642370659 0.133245007929708
0.135866372275236 0.209263671260504 0.0371559165000537 0.217002671907121 0.125304549150107 0.0214999095939777 0.0539136736116673 0.19903595630422 0.000957279397112783
0.154616122037214 0.0100038320657139 0.0523369991131945 0.0650863030771331 0.163944844688021 0.116102679219064 0.1175156371457 0.144704836580859 0.175688746073101
0.133307447408378 0.0170181830604995 0.185593234428285 0.0201247800415671 0.0726469779812228 0.094082532272125 0.180721998112807 0.13487481725442 0.161630029440695
0.0283213154563776 0.198772645410959 0.130546846862534 0.0890324743811201 0.131909134776173 0.155023272074216 0.0785890049192861 0.177342381208919 0.010462924910416
0.0722974299925182 0.191694480275118 0.0286593766527998 0.0153340312909171 0.170773413573405 0.17019222082537 0.154242162825017 0.126279982695053 0.0705269018698017
0.140038635248121 0.146358209659575 0.0932315537944983 0.0891791098872934 0.116295945061015 0.152814085197018 0.0879230053856345 0.0231351712436455 0.151024284523199
0.297901399519926 0.0846931490574657 0.0648277422122518 0.0273070945349581 0.200775286510586 0.0578629742473407 0.00172131805879187 0.105218327524922 0.159692708333758
0.121469843376016 0.14649297274802 0.0172586127219792 0.0683692723405167 0.169027126136822 0.148188326112118 0.0412000517289754 0.152874383835711 0.135119410999842
0.00283440534050567 0.196936630373317 0.00876837540197895 0.113331241608695 0.128023295492762 0.0218881274481977 0.202868278630489 0.219856935862212 0.105492709841842
0.00233263209008001 0.252612010492438 0.166197416449056 0.0512721039330312 0.185746634398493 0.0454287568947829 0.182604701340785 0.111572367027026 0.00223337737430742
0.0809663304596724 0.229830417199606 0.0746017349219236 0.0179643433975331 0.134959457940374 0.0220627659173634 0.0111583404486027 0.252729993073002 0.175726616641923
0.115623309487031 0.252636362407485 0.0349902001908538 0.262866222513332 0.0179934959015205 0.0616385589465638 0.0188019597668416 0.13914872941794 0.0963011613684317
0.157673214310225 0.134669452025318 0.0114880856956724 0.204237077348803 0.0545739380587803 0.140155791536929 0.194710174378093 0.0408778226596158 0.0616144439865646
0.0377163350920804 0.135936683066371 0.0912376885508576 0.0840470482465028 0.078672947069541 0.1256661779117 0.185344029368823 0.188569423170505 0.0728096675236194
0.147729920427577 0.188436940238444 0.0649186816717294 0.060379211959343 0.165968805607916 0.0597670604436081 0.139574460577386 0.0691418338638622 0.104083085210134
0.160180387895902 0.15860030015261 0.181212533232366 0.054736357153288 0.0183640686391465 0.0506410145882547 0.176459473308547 0.143221633222489 0.0565842318073972
0.2016621552423 0.123413651432409 0.091965151537652 0.113520419117067 0.106873134992818 0.045996714010039 0.0374735295958121 0.105888854781392 0.17320638929051
0.0428557316481346 0.030506686190786 0.175974390478904 0.164175403454104 0.180345819277954 0.00144343315940719 0.194154341835388 0.138621653176769 0.0719225407785539
0.137638934593512 0.110901655514616 0.110302767700886 0.124529129658708 0.110761118062567 0.139640841646115 0.110588030282514 0.0860210537310299 0.0696164688100532
0.0141892069877634 0.122025411551874 0.0298846362263455 0.186016457703764 0.148613239291626 0.085993124429853 0.215593718449569 0.107254891883537 0.0904293134756684
0.0959221027696632 0.17191574817786 0.12137653717151 0.167375494743839 0.168380864165242 0.00321788297654553 0.189378026495706 0.0252586113498573 0.057174732149777
0.0521766960171292 0.254471908684464 0.200997696678874 0.0225982884272113 0.00707164438135665 0.0570103268753923 0.170879543667153 0.165167342291902 0.069626552976517
0.130352994197701 0.0231104617165021 0.146774038805559 0.0713279811848465 0.142776960649644 0.109114350957483 0.0837332466705041 0.145690942145764 0.147119023671997
0.133311345921036 0.0020050452936499 0.100255839828 0.110512158163577 0.00147089347157743 0.17163102937828 0.17963672529025 0.129022800536598 0.172154162117033
0.0236228306656973 0.0477859441241532 0.101004730625465 0.171864530199567 0.158541535384397 0.0239697695602101 0.0832655047869374 0.212224636194086 0.177720518459487
0.210909359575279 0.060590921905795 0.0654301269934923 0.141360085990159 0.0278616055041118 0.0291080872221908 0.153290168637912 0.148216802521132 0.163232841649928
0.125482059687865 0.237355751503801 0.0624837407043081 0.141965146103559 0.090309602538989 0.205232976062156 0.0690543795411634 0.00373784371729459 0.064378500140864
0.158757855857937 0.140369751921305 0.168763084126739 0.108043395652482 0.0616466797343512 0.118269926032307 0.159570478754131 0.0520739102429556 0.032504917677792
0.160268610960524 0.16884761595408 0.0796269168152359 0.0884572221403219 0.113235401088189 0.172723893608491 0.0536615326853589 0.0129038152651372 0.150274991482661
0.00782009968065823 0.205164252527318 0.0353317068596733 0.0792516176487874 0.0199673355162213 0.0693038747918376 0.28161160463505 0.126281945373533 0.175267562966921
0.0793838264741409 0.0678638829336131 0.0233449874536626 0.2659631547568 0.129193802331563 0.0818621789908805 0.126891274556048 0.121338129947265 0.104158762556027
0.179572549999064 0.0124687508707061 0.0379608583144371 0.130483628100116 0.0885919383521525 0.129996700051765 0.183131966129741 0.0692089303447219 0.168584677837296
0.111793878014115 0.156372069557586 0.0920938474615721 0.0504013634920211 0.0902569407264925 0.125061722576993 0.122939938031596 0.158538355962278 0.0925418841773463
0.144072744616188 0.166781103525347 0.182427292435581 0.0838752209837206 0.0268620288840614 0.0586199922477897 0.0763593628046615 0.102931237140327 0.158071017362323
