0.224242486412626 0.101760953057531 0.120904411530202 0.250774623743802 0.0859377487970461 0.216379776458793
0.180140732681812 0.0340294178233843 0.12441041014381 0.179166173496931 0.235309994854752 0.246943270999311
0.313643495341413 0.0666644006399992 0.351975351072631 0.127628487226173 0.133952340975954 0.00613592474382918
0.339591207767532 0.170202997111323 0.154843684721692 0.0139382910884442 0.21302342031623 0.108400398994778
0.315450851146469 0.212994359243936 0.0503515929345459 0.29747056762497 0.031049936637049 0.0926826924130307
0.168074259002635 0.239874047752596 0.238375188621975 0.00593271997178029 0.107114662482289 0.240629122168724
0.105331267749146 0.0176357696636407 0.337873158090869 0.324119929293878 0.0574139752318031 0.157625899970663
0.205703019363347 0.22083725175763 0.0702237455310583 0.0207038376042278 0.459481052979594 0.0230510927641432
0.270253816421307 0.0416355344645986 0.349892340477636 0.203503636269365 0.0694671470907981 0.0652475252762948
0.104457248376285 0.290060135075848 0.267066611471889 0.108834571545622 0.110568307462955 0.119013126067401
0.0968347556929336 0.180210472685836 0.200833193507374 0.0379059324198041 0.228502008652689 0.255713637041364
0.143367813993056 0.189203420850169 0.212806605684551 0.12674400692838 0.198063899139202 0.129814253404642
0.296737180171033 0.0482206626034349 0.127750308207628 0.137452733728591 0.191794030104734 0.19804508518458
0.217873363170494 0.0674952849244944 0.0200688256276423 0.274889175841829 0.207477005190142 0.212196345245398
0.103553987428066 0.203877030200201 0.296713420615482 0.199814054667999 0.193692730868135 0.0023487762201169
0.268484708766994 0.124923503129531 0.258254738510215 0.178437264967524 0.101514979723344 0.0683848049023921
0.250239834142786 0.0623475091376321 0.277063158633723 0.12849876876423 0.0748187460255154 0.207031983296113
0.125561348394671 0.329898371847707 0.138835525042561 0.147058169821237 0.11194200106778 0.146704583826044
0.211433350661387 0.151618435781988 0.183200972789675 0.132437246317168 0.192298532830936 0.129011461618845
0.163049050443291 0.0378133861309886 0.00563534155658495 0.158879665022124 0.369270613197459 0.265351943649554
0.0822815287816219 0.430258408906267 0.095447658654638 0.12941632536541 0.242785217451424 0.0198108608406396
0.080922679698292 0.0526576233114229 0.27626085828996 0.128917137470687 0.117390508108105 0.343851193121533
0.287011175084998 0.0522344605618547 0.180387805332461 0.00555548027743377 0.361423570992779 0.113387507750473
0.140602073066112 0.151672626348159 0.210814919626808 0.0611157327881204 0.188135583223798 0.247659064947003
0.260473597240698 0.15680937273447 0.0837691169689275 0.206936759107194 0.194871129441802 0.0971400245069089
0.122750473661024 0.074325510937151 0.19445479449317 0.164491546976883 0.219085912418749 0.224891761513023
0.146284425799883 0.199146874160443 0.112406930629527 0.204081917683875 0.14916641201084 0.188913439715433
0.21684457739846 0.177761034061006 0.264618131114839 0.100426035957157 0.0011073729203101 0.239242848548229
0.0358288332274788 0.208396994804881 0.259767071948915 0.238194147095924 0.238005502303114 0.0198074506196883
0.302490877023299 0.248244739373675 0.0106192176436925 0.208920392337663 0.192488548297751 0.0372362253239187
0.128952968568295 0.115577650609733 0.323716088175069 0.0170614269885128 0.071702967930774 0.342988897727615
0.238073816263654 0.0182422140367245 0.278955392365801 0.342007377436848 0.0183538833151659 0.104367316581807
0.140807386748602 0.283341336918254 0.138201305020216 0.211770512086357 0.0612472863025291 0.164632172924042
0.179192805564704 0.0845698468350753 0.154560078126248 0.182676756054264 0.240341229147202 0.158659284272507
0.105708134347569 0.0335444806717724 0.231039578226544 0.104942440530487 0.234667986693161 0.290097379530466
0.105308174442316 0.290879353870245 0.0283022967475158 0.0685090506436172 0.287449854558683 0.219551269737623
0.252202088487446 0.128769156777747 0.152423392508252 0.163862829368469 0.231038055331782 0.0717044775263027
0.165144103683169 0.141036253215862 0.240992730994029 0.170530904042508 0.185082384948608 0.0972136231158236
0.0678192581948496 0.278613644085283 0.040466104972715 0.21105074407225 0.253699019039648 0.148351229635255
0.13947308762062 0.248498700301905 0.0134904106313289 0.176231524606333 0.257530501226511 0.164775775613302
0.0801817259610207 0.314710169757355 0.262678036214376 0.0585207903700625 0.157428652593594 0.126480625103592
0.208835987421788 0.150394166924928 0.0735433601670842 0.248996461370621 0.12363590130578 0.194594122809798
0.219941574505809 0.120613388914484 0.0939391628682948 0.156432765893574 0.221388562831821 0.187684544986018
0.186648804262852 0.175224102507998 0.251314920748686 0.0369539959654876 0.121627137150937 0.228231039364039
0.197267633091559 0.169301687874732 0.205743710296684 0.143304606912824 0.0537711064043276 0.230611255419873
0.174446956007544 0.0209968146030204 0.126386795789564 0.468069066021509 0.158452987452036 0.0516473801263264
0.168744236894909 0.388582934339747 0.034065254605896 0.217630676332497 0.153278357449438 0.0376985403775129
0.00584920974808476 0.275411652209464 0.0479496392473349 0.29646668339109 0.262126384421812 0.112196430982214
0.08658217653667 0.257760083515739 0.0518233620433306 0.157200279300769 0.211468802136272 0.235165296467219
0.14905335975381 0.0951540735655997 0.0997718508805429 0.218093098578651 0.352745756097002 0.0851818611243945
0.0748250561602074 0.227016075899744 0.240611005430758 0.248413739867958 0.0529751584407436 0.156158964200589
0.316657881934426 0.0556231508551659 0.210197602083185 0.310990679512076 0.0294026450415654 0.0771280405735823
0.0651649035932001 0.0737831335056322 0.220597328692458 0.203742172997513 0.284252448943586 0.152460012267611
0.23202039874607 0.0494271253878906 0.196906598919254 0.215419044066472 0.246357716311539 0.0598691165687749
0.216414965802236 0.214954473866696 0.0574857349354892 0.10893687667081 0.215173265962677 0.187034682762091
0.19705162627273 0.148290670854655 0.17253132369399 0.177426996207311 0.273548302394296 0.0311510805770175
0.230559551844187 0.194333603854992 0.030544056851714 0.31275544610412 0.0329126882443631 0.198894653100624
0.312753709424732 0.206442114505664 0.0387854793956509 0.211785129261227 0.0596970742066998 0.170536493206027
0.0125712588320714 0.213332487546115 0.00367504569179645 0.250415350193041 0.2724231113227 0.247582746414277
0.0508031637151833 0.215708604690022 0.0379025270751916 0.0850831007932399 0.358038957872094 0.252463645854269
0.277215231889097 0.173314927939117 0.148742450825946 0.184290627105871 0.028132400441476 0.188304361798493
0.136700085068051 0.168005712322414 0.296993985627094 0.050249259555047 0.202318585509625 0.14573237191777
0.281778747004841 0.074852722269041 0.177237060946659 0.035060560505859 0.30848569149662 0.12258521777698
0.0149796333594353 0.222400452502606 0.253042912352953 0.155983498021556 0.171837947817542 0.181755555945909
0.282899908720709 0.0483613971111099 0.17510549924601 0.200043581854928 0.0598568125904187 0.233732800476825
0.108208999762428 0.216491734853815 0.211085449645617 0.256905946575367 0.176735771814517 0.0305720973482565
0.264314612310212 0.168732380081468 0.185587595220635 0.0704997603034813 0.0792192835359116 0.231646368548293
0.24707131829889 0.188124542342023 0.233522300192309 0.0659813722733352 0.0687487439228756 0.196551722970566
0.260695312150215 0.301122661478525 0.0373052539421738 0.239810045108104 0.0259640705004973 0.135102656820485
0.119601104718048 0.13116820240316 0.389032502945946 0.192938483446894 0.134807383859139 0.0324523226268125
0.1584186406865 0.253051819445041 0.0906096499770838 0.078252150843072 0.176144504716581 0.243523234331722
0.0765264271935035 0.122795388337221 0.107403015177333 0.286611052696529 0.202929603482871 0.203734513112542
0.110525947035018 0.115890533087684 0.195757490047875 0.142243512467834 0.311368090281513 0.124214427080077
0.35675008246739 0.207642894818103 0.0408590388631564 0.0909925307961236 0.148992698308913 0.154762754746314
0.116329292439939 0.136484613666794 0.334874981191004 0.156203222380632 0.181380640777148 0.0747272495444839
0.434980892840558 0.114544509112492 0.188629011999752 0.152838355373099 0.0718933800932189 0.0371138505808795
0.0383312071222674 0.333815349369477 0.00621187149916412 0.02846463322511 0.355085314305233 0.238091624478748
0.268981032234003 0.148644010602449 0.178756393118419 0.128124374929234 0.043435254843481 0.232058934272414
0.0142409770648054 0.120856321856685 0.353634483190433 0.139115627910657 0.301283360490361 0.0708692294870594
0.373396684265535 0.0615989982799995 0.0280048531385971 0.0589796398956672 0.0583930486043815 0.419626775815819
0.209349902363968 0.127717309832741 0.204698273530412 0.0930614599736618 0.219243617654871 0.145929436644346
0.306602681162777 0.104934795572649 0.183395984018183 0.0481082832863456 0.242304262432591 0.114653993527454
0.227021503271096 0.207722858147384 0.13292550399966 0.206227252706589 0.00346910229400443 0.222633779581266
0.294119971440068 0.209110645507647 0.00764457396043934 0.159987075579589 0.156234247772268 0.172903485739988
0.186369663679773 0.0907669603723574 0.236067520094643 0.147901467501598 0.277266903895036 0.0616274844565918
0.219744506025813 0.0801383594890341 0.00607596594858041 0.105778642366906 0.295407227822324 0.292855298347342
0.177379718577661 0.128169399763347 0.27377957733249 0.0213306493386716 0.123508075066396 0.275832579921435
0.220081887202479 0.134682037922027 0.224191226434529 0.112465583698162 0.171501767823988 0.137077496918815
0.0778205728021551 0.31445598656238 0.242310403244756 0.00881521332849688 0.149070485641106 0.207527338421106
0.0461625186835128 0.442934356758857 0.118395041594184 0.0330483438216096 0.121973331616661 0.237486407525176
0.180914925223469 0.14740135366402 0.376173423739855 0.195833644765818 0.0159637076154819 0.0837129449913564
0.221690366370771 0.234899490658827 0.162090216180525 0.0518593203927618 0.238007286629288 0.0914533197678266
0.174017875803132 0.160715082602594 0.323493457827855 0.205516094344489 0.000901426931256518 0.135356062490674
0.156235706373472 0.183768364510937 0.300960541616583 0.214225430780947 0.124983325238163 0.0198266314798977
0.0211279227288699 0.244378583582033 0.0851720134530971 0.127291941244629 0.312569894011021 0.20945964498035
0.0383292743983565 0.307327755559544 0.117301314358236 0.136637269158497 0.166806910661497 0.23359747586387
0.145963832797652 0.0158888414154949 0.0345012998360269 0.300286241252998 0.0433637006471895 0.459996084050639
0.282447231313055 0.0991449824998242 0.131315037851937 0.225696348017104 0.156741298310062 0.104655102008018
0.431306832187843 0.146851576455706 0.0351915690257827 0.137961073073812 0.231386507871702 0.0173024413851539
0.344787628573016 0.316094704139641 0.083892248093303 0.0759651524545648 0.0608242976319316 0.118435969107544
0.269898146626926 0.031871080361137 0.0896508151853376 0.12748373704903 0.234449511329382 0.246646709448187
0.0880621313992584 0.087516898915994 0.13145264281351 0.236126063488692 0.235875185132736 0.22096707824981
0.188989252321663 0.0723515303563918 0.195292533813468 0.33271109236191 0.11051388462888 0.100141706517687
0.165219349211713 0.242493193472058 0.174785983619269 0.202917900870348 0.205265453416673 0.00931811940993901
0.266776530769718 0.307577052606068 0.136970262233532 0.113769829519491 0.0570294324699623 0.117876892401229
0.123429151855781 0.291331161307351 0.160408615292966 0.00557920432276341 0.292068698177814 0.127183169043324
0.348476824375275 0.0220254293779187 0.0634485919032497 0.331045130341471 0.181974019429881 0.0530300045722049
0.15087564222431 0.0205604856897822 0.196682838057431 0.279917860820922 0.195315054474936 0.156648118732619
0.114190366651157 0.0603273044388381 0.300522026761891 0.0920915426783866 0.200047416107411 0.232821343362316
0.151490613096768 0.23401453114102 0.233099247129071 0.172260199636056 0.126895595032859 0.082239813964226
0.0330908494526513 0.380672704086816 0.00858947581216002 0.316815457561411 0.123387574693289 0.137443938393672
0.101881384378371 0.109837615373298 0.0570991656047599 0.365353698486768 0.268933769013419 0.0968943671433843
0.0185673575634548 0.175361169348763 0.196292366597263 0.281675814684631 0.15267089041119 0.175432401394697
0.250905017734711 0.305261829780452 0.197628917323187 0.0611323852325658 0.000703618856009747 0.184368231073075
0.247160870149486 0.0321748532879833 0.0959123780862907 0.151857461167549 0.208134030350345 0.264760406958346
0.259434175365871 0.151466064556446 0.0705312896108501 0.182229909844571 0.10320630572082 0.233132254901441
0.0170069051941953 0.325841712464867 0.115875894729186 0.148872185734085 0.310958548441511 0.0814447534361559
0.0648546365652105 0.197184445753654 0.253442759337249 0.226831333783848 0.22829439139904 0.0293924331609994
0.185059132372638 0.135249278860271 0.27243456636326 0.218354814811651 0.0929051586928778 0.0959970488993006
0.380953288362702 0.128133413384702 0.0649397684763573 0.0778087742462256 0.0760594395843875 0.272105315945626
0.143989813993365 0.0291592651483721 0.287324757794388 0.189006273688547 0.3280909513031 0.0224289380722281
0.132371635941108 0.134482106517981 0.195460108608929 0.246192177333213 0.18893347465945 0.102560496939318
0.0430354193318713 0.285473395640755 0.334716839338432 0.0195607697545287 0.053133242490996 0.264080333443417
0.0951407248027853 0.0785174168407607 0.247535012994764 0.241599815886653 0.108828065113407 0.22837896436163
0.139354866754054 0.283071717214002 0.114159238382835 0.176750577498938 0.237891959176472 0.0487716409736993
0.28963043658089 0.301561306711249 0.132338548639964 0.128715062125908 0.089683281065322 0.0580713648766669
0.240017418181384 0.182916252978737 0.194676684036863 0.0919203859102012 0.191697874295436 0.0987713845973783
0.0428742231263855 0.294797620234049 0.341481134256299 0.00988744059461333 0.130264864307037 0.180694717481616
0.200125993720823 0.104837991438935 0.195166326591302 0.13270787730025 0.0846503483159212 0.282511462632769
0.117923149915762 0.205849520041805 0.121736974986617 0.353120599475744 0.0950977536945041 0.106272001885568
0.0272063828326004 0.260822687246295 0.161221956766704 0.149367044070189 0.237010010625526 0.164371918458685
0.251432571021279 0.247681712680535 0.127097827395015 0.0647354416627834 0.0219875029618452 0.287064944278543
0.0479994687044591 0.251811854191932 0.128660144410027 0.311916255587472 0.131494517680707 0.128117759425402
0.0741580125640772 0.20132800719051 0.184328179753113 0.116524781749883 0.268066218467899 0.155594800274518
0.174653853288266 0.230790410319982 0.343045331042543 0.123599367037562 0.109290937456109 0.0186201008555379
0.233769011798893 0.267284782908141 0.117012608987017 0.15072564421596 0.0361219562841809 0.195085995805808
0.276906776755233 0.084886740113906 0.212692593716836 0.021525985951339 0.107028702313392 0.296959201149294
0.0649459387049432 0.186816775793639 0.128942838753459 0.215428355616344 0.203684325136925 0.200181765994689
0.277027412695371 0.0601047381094587 0.0472298580331926 0.252967357963202 0.0487741045705657 0.31389652862821
0.115740114171718 0.253010595649803 0.250635398853593 0.0274054556480697 0.342413727711765 0.0107947079650515
0.265873722462281 0.227579040468601 0.123939350475426 0.202620474197869 0.159956162412066 0.0200312499837577
0.0809377667030229 0.125342966068659 0.20107157912135 0.0761369312582365 0.281347693986749 0.235163062861984
0.034374198805958 0.0275094795132904 0.145614459065755 0.204960621703382 0.222977660714597 0.364563580197018
0.398923802057675 0.041911343657363 0.243870033185196 0.000548092219026879 0.184892561356817 0.129854167523921
0.189975270416746 0.0784729049349063 0.168747328308766 0.29726360456833 0.215693751651185 0.0498471401200671
0.0394769882149268 0.0592898005083597 0.0536757877678859 0.143954150916428 0.372236444852028 0.331366827740372
0.0737189087609849 0.118761633385218 0.280802548052265 0.130575793461743 0.251063815279116 0.145077301060673
0.101389687455377 0.0176912567602016 0.339113382220614 0.259232144927355 0.0971300220508087 0.185443506585644
0.218276120082 0.131469837545058 0.16832541278572 0.164314721464678 0.109789176761957 0.207824731360588
0.174418537481633 0.0478286307188698 0.0754780933544835 0.258100801920849 0.198041010626759 0.246132925897406
0.155878458552163 0.202506091698257 0.259179174326132 0.178886010382003 0.0754198186320518 0.128130446409394
0.106602506216763 0.124150271312004 0.285951085173771 0.275482475666548 0.0697103631855149 0.138103298445399
0.217677331107895 0.211043215086399 0.144953504860942 0.157742922030706 0.0738751696055526 0.194707857308506
0.0908958605314238 0.219194603458945 0.11909066857503 0.211357910652991 0.271966644999255 0.0874943117823547
0.063894704542571 0.272832235009654 0.0205511258888405 0.21399558937462 0.360589251605601 0.0681370935787131
0.24519313408867 0.00348150419714951 0.401479826578658 0.293207995537627 0.0445294792736092 0.0121080603242861
0.110522881812774 0.187356242907892 0.124304021812951 0.080718693099582 0.275671184568012 0.221426975798788
0.209709092420394 0.244694956945044 0.11514286739174 0.187390293967884 0.184005742904481 0.0590570463704564
0.389144501304836 0.0237089478542235 0.0279967237509706 0.273586895496509 0.281251252687415 0.00431167890604614
0.122460819044683 0.15806390247137 0.0901872919499974 0.18016327198705 0.240217112672459 0.20890760187444
0.000889957482483027 0.194594372301757 0.32268050589491 0.124775028322251 0.256323766118535 0.100736369880064
0.218761297236838 0.109176826231221 0.140360184232664 0.210082610861046 0.155538427794433 0.166080653643797
0.0852811950210173 0.272444357916153 0.277258316353927 0.0102555229790716 0.233455043073357 0.121305564656475
0.405247767371364 0.12668274098738 0.250063854086075 0.132225783657337 0.0633821565752528 0.022397697322592
0.159144813585899 0.164898759581684 0.119622037581984 0.265490802200283 0.109146442572 0.181697144478149
0.267581706629818 0.290112545091952 0.0379836913083628 0.00488868800012856 0.205773284474626 0.193660084495112
0.315754889461615 0.184679004972256 0.0524918014141268 0.187266124226226 0.240059255817215 0.0197489241085613
0.0816604659451907 0.0501458471366027 0.228959227352644 0.26223378678652 0.219293141814836 0.157707530964206
0.193588767089617 0.136228726497728 0.121722981091233 0.237657033024864 0.155732833814566 0.155069658481992
0.0299614230754392 0.077703906801313 0.315336054971098 0.0803315909558015 0.235422518870459 0.26124450532589
0.108683554748402 0.115765896645056 0.219021905572926 0.259960756478327 0.0795136915103193 0.217054195044968
0.265432466487519 0.139904666132419 0.224697974470581 0.203812921658117 0.0998707846565843 0.0662811865947806
0.0467391360089468 0.244902879378787 0.150688706451931 0.223398285795096 0.200252842971974 0.134018149393266
0.196531140478229 0.22473876333363 0.190372858609439 0.123235604450754 0.130723317097786 0.134398316030162
0.263275199730859 0.0575978754287861 0.0370815359581087 0.13192059358204 0.298979720353127 0.211145074947079
0.114507982132831 0.0897868098626186 0.191613946641817 0.07943091275842 0.389577210976752 0.13508313762756
0.0375894889960421 0.261648990373552 0.274932740201212 0.110486913949824 0.169044353827918 0.146297512651452
0.167223426678494 0.0249020518285169 0.0678001330189981 0.352657756661633 0.110956715002889 0.276459916809469
0.195578539697827 0.0248103001087843 0.245593047823517 0.187145130545859 0.199637193259009 0.147235788565003
0.214273189068164 0.051985194375842 0.192529608040861 0.0695493099109487 0.188331915754838 0.283330782849346
0.322523120956563 0.119634880698901 0.072684121284954 0.116851385391603 0.313759390193883 0.0545471014740949
0.193950354854108 0.126720446619225 0.227565368707335 0.20090844537119 0.179491002749073 0.0713643816990697
0.245817053716643 0.0124822663051518 0.200365343728261 0.000713711566442199 0.278954614525818 0.261667010157684
0.0584119792624442 0.0733600978481524 0.0415854982535641 0.214557051938329 0.299152326564472 0.312933046133039
0.160020340559131 0.38064014725469 0.0396864387979254 0.136185922814554 0.228330803386096 0.055136347187604
0.135801924015802 0.249503494118555 0.0612223678567767 0.0495937288780239 0.244422157317136 0.259456327813706
0.17458742193865 0.151856871134325 0.417168624226653 0.00372159517904054 0.0145438510839624 0.238121636437369
0.316511208551165 0.0290490741548806 0.105623872335747 0.00193545888302881 0.421819579817342 0.125060806257837
0.356823208877474 0.0752115701326539 0.170132572522146 0.273371974017139 0.00685622267683555 0.117604451773751
0.271115305281721 0.122946628808482 0.125302982758815 0.203334019833944 0.0114800992987895 0.265820964018248
0.236144033533797 0.121333637433574 0.140423933490256 0.0883487533665906 0.156230990437847 0.257518651737936
0.174377350808159 0.100029295502646 0.101077200001582 0.102270612038424 0.269498463439258 0.252747078209932
0.0804818596556343 0.241383329238127 0.0160653755765088 0.15281364327319 0.250134730701607 0.259121061554933
0.130392862670054 0.149345620744934 0.174732975832298 0.201196651904778 0.183930372434283 0.160401516413652
0.101704163950967 0.000601117615262746 0.266084394371719 0.171297573532422 0.327449267268488 0.132863483261141
0.167426489016018 0.0604828669455579 0.190298416721682 0.146884302493845 0.204401068664404 0.230506856158492
0.174955215387391 0.175357886867234 0.163136054418801 0.150250563983128 0.175404562829336 0.16089571651411
0.281072574866714 0.23408729842524 0.0854616880951308 0.0844197661130604 0.288957656731069 0.0260010157687848
0.237654692358735 0.210988857447653 0.118873029871495 0.0422143368553209 0.186561006253104 0.203708077213692
0.143868040361511 0.190008136050989 0.184902457731565 0.15275802304768 0.115809524701214 0.21265381810704
0.232396429957519 0.235852845478662 0.218307536817354 0.127399200923239 0.104559454101099 0.0814845327221271
0.0488341793156326 0.264236783738781 0.213772992985799 0.249520531131028 0.194783756402062 0.0288517564266972
0.0798703132830664 0.165347031369544 0.310557440579452 0.118784094136201 0.159306356991166 0.166134763640571
0.167240640843741 0.0593695480178384 0.218313139748225 0.113029735138124 0.211899176427055 0.230147759825017
0.159937893566809 0.13977632484432 0.393358268802274 0.200395154446546 0.058613397218673 0.0479189611213776
0.363251643301047 0.0978152021266429 0.0487622749714442 0.347987415271844 0.119985753389347 0.0221977109396749
0.101263550916923 0.185627045752801 0.294760596900868 0.188839800177664 0.194244845741081 0.0352641605106629
0.304932628407606 0.212391385984532 0.102715091681305 0.071547518282818 0.0457946935073578 0.262618682136381
0.226530631844665 0.165212755276061 0.0522774085934513 0.0533406256882478 0.268467262661592 0.234171315935983
0.0849503767963542 0.285147585334852 0.199866023136616 0.0904936248958984 0.144848871734498 0.194693518101782
0.240332642859315 0.147669780448295 0.209283370468611 0.153380862087817 0.00623090652581558 0.243102437610146
0.237670099490975 0.1001888546663 0.212007787672373 0.196170648878263 0.108530556415311 0.145432052876778
0.0598456049007696 0.0867635422693609 0.282025473628262 0.259336412639078 0.0240086630102891 0.288020303552241
0.132951061450312 0.381204998428535 0.000674568696697804 0.198864868557314 0.0373284212546164 0.248976081612524
0.135025252598147 0.000316898153133404 0.346110482423736 0.377703139463329 0.0164882384086193 0.124355988953035
0.0486588466061002 0.0973878203094069 0.196938813011092 0.290577785088809 0.0525624068297678 0.313874328154824
0.274450684616002 0.128779416085478 0.108213971133973 0.00122236650889192 0.265577189395147 0.221756372260508
0.0817079936063749 0.417385866732403 0.0646917192289817 0.248016277167558 0.0417408225405028 0.14645732072418
0.116764709393538 0.102619460023375 0.0616851006436458 0.135136913367535 0.271977686666942 0.311816129904964
0.0257473525444868 0.233704817195289 0.0829748529098486 0.182345452498533 0.22535622689407 0.249871297957772
0.279161860235272 0.113875938427143 0.155892715156691 0.190304086608096 0.0261495887962206 0.234615810776577
0.221392991632367 0.140346764279615 0.207804629213587 0.207762134049346 0.00269195543509714 0.220001525389988
0.105978552344701 0.187957774845788 0.186554848717038 0.214027217232884 0.098767035095687 0.206714571763902
0.258857357062969 0.123278582667708 0.0898756163391247 0.22195541893803 0.187796106509334 0.118236918482835
0.255139551151526 0.065614121152834 0.230058975641778 0.00242627163743784 0.175593570797672 0.271167509618752
0.249499524491798 0.0414532401554489 0.0228171875645969 0.259412950045181 0.173496552180881 0.253320545562094
0.136887258466379 0.231353918279136 0.243110418054706 0.155903308528849 0.0388824163714644 0.193862680299465
0.100369199942518 0.14638133565833 0.0699519094162052 0.098553808734111 0.325758066101989 0.258985680146847
0.0686716421611108 0.248886540303006 0.271202076608221 0.117478679042125 0.0848842036522368 0.208876858233301
0.207936893218464 0.169933603420773 0.273376329727835 0.022455862052492 0.202180616104315 0.12411669547612
0.276418379577377 0.151847247219755 0.0511950864821196 0.197570932116817 0.0728137507299167 0.250154603874014
0.185196761021585 0.287729923523915 0.121379848253914 0.118506181141212 0.225076709266557 0.0621105767928178
0.223471640904109 0.080104849191369 0.128853094851774 0.0866034356671675 0.130679364985351 0.35028761440023
0.242897228010523 0.0865368792207087 0.113860835783958 0.185385735736362 0.281772257885552 0.0895470633628958
0.191793649196082 0.153219881534828 0.260625549178047 0.2619649194664 0.0849103956943825 0.047485604930261
0.169713330649357 0.296701957925304 0.253344558800302 0.179123895301507 0.0270994351562173 0.0740168221673132
0.0805436269892213 0.219359331125088 0.0363108648139819 0.0675846057107438 0.286084830492287 0.310116740868678
0.232285987642782 0.260882657068272 0.169549685100486 0.147752300016535 0.112134520481663 0.0773948496902615
0.159425496547984 0.199848195376051 0.164472032883728 0.215073685882493 0.128673544265216 0.132507045044529
0.141222807166571 0.119590417783437 0.230920239328855 0.175366751527676 0.241419515098896 0.0914802690945646
0.295628692308267 0.201193411718082 0.168292941501306 0.296900466916325 0.00457986932627123 0.0334046182297482
0.111901614044616 0.151236426386218 0.25798838634445 0.172565830064395 0.104290913810942 0.202016829349378
0.19755121376365 0.0157166425348057 0.168009386820562 0.255534459069797 0.0709631204977278 0.292225177313458
0.0645596774802877 0.189471974352927 0.270888142193065 0.16042682370743 0.133960285070424 0.180693097195865
0.0261521404117903 0.348333026915492 0.210263023408417 0.00901497332171537 0.0555862386810024 0.350650597261584
0.107755227406663 0.27096249379437 0.279096471022256 0.258173671627791 0.0328090382530742 0.0512030978958465
0.224962261917573 0.0633588856244615 0.150697875640292 0.256476737818886 0.153299336669385 0.151204902329402
0.165014478995501 0.203918793827324 0.140949248180423 0.0703034367363138 0.273036796657906 0.146777245602532
0.173956715249801 0.46487421727492 0.112786142873502 0.12640471381513 0.00323666462659246 0.118741546160054
0.0758776031827141 0.0680961328945698 0.0711944956681943 0.134075624432852 0.288428652173829 0.362327491647841
0.233161522354796 0.15970024185075 0.0888783638830263 0.19761236629486 0.135043341793765 0.185604163822803
0.015279775348242 0.170154169371541 0.26523180281553 0.305383726908989 0.0350369020862765 0.208913623469422
0.276672198058076 0.187944001233389 0.271847896386222 0.0652287163289437 0.186750885386953 0.0115563026064161
0.319159425428228 0.0450701990169163 0.0371857275743833 0.313152249769799 0.0687825706784066 0.216649827532267
0.333367186623909 0.0728446415366088 0.264048583243345 0.0479462418774191 0.0800976068679467 0.201695739850771
0.200353612824224 0.157967114347581 0.240818227026468 0.248603170923198 0.0152458210461597 0.137012053832369
0.134297494222174 0.0398593134698952 0.107533040739318 0.230770062841137 0.235526898183707 0.252013190543769
0.176597758354169 0.228429850200115 0.20650823252615 0.0751160538472896 0.099921227942228 0.213426877130048
0.0482506844541084 0.124590349278233 0.245637938733077 0.159987521194254 0.214891005668722 0.206642500671605
0.0820676365328743 0.00103911276191752 0.12577831847678 0.372391677112034 0.0884632822528044 0.330259972863591
0.0910762723768686 0.215746177971967 0.300288727228171 0.31907117144028 0.0458173419744322 0.0280003090082816
0.0894385952475158 0.140856028583325 0.131982030832366 0.192909806713809 0.170343071934943 0.274470466688041
0.0942031661795753 0.126553452108872 0.229128035780423 0.200139888789467 0.214881398531859 0.135094058609804
0.261388244559526 0.0062323672353121 0.0938445467785286 0.252761312016659 0.116183769378823 0.26958976003115
0.207910419385619 0.0596380476447019 0.21382511111751 0.0339644844295078 0.271171727749798 0.213490209672864
0.188125918031415 0.046811155245106 0.162807464698181 0.108220007019922 0.252575006276446 0.24146044872893
0.199592350271672 0.0982669240423311 0.174966956044415 0.220500162878003 0.064463563211198 0.242210043552381
0.242620152637421 0.0788761146257694 0.103297802423446 0.24082659141907 0.234609215213796 0.0997701236804977
0.113703412822078 0.22781886496715 0.106892907370262 0.212203596037979 0.169973609492587 0.169407609309944
0.236232990606361 0.167993927986183 0.272917245922217 0.0431218420353414 0.0209793407655248 0.258754652684372
0.196842040166511 0.0369952440657293 0.143892898224316 0.130741637953018 0.223256659744156 0.268271519846269
0.0221825120084262 0.121462790721605 0.36537283919923 0.354775859639084 0.0140604958569758 0.122145502574679
0.260232141925242 0.170512157152936 0.121798841713607 0.178339537012266 0.118753872150364 0.150363450045586
0.440035597063561 0.389576861692016 0.0721058671570766 0.0329854566395631 0.0629949835008129 0.002301233946971
0.0782169483905893 0.108680533266366 0.213937938817852 0.240773437265625 0.231027408517113 0.127363733742456
0.274026887099463 0.125535989822594 0.245764384401949 0.00382380724472849 0.252585601806044 0.0982633296252227
0.248343556466745 0.0299232091304549 0.103585593958237 0.110764568009398 0.422783050964229 0.0846000214709354
0.287338471007543 0.172421386547514 0.148276560054079 0.121134879141486 0.2406582154911 0.0301704877582778
0.0666843075672588 0.221784720556328 0.0574826327581821 0.309986214541566 0.320792621627571 0.0232695029490946
0.155841233984462 0.256261400432 0.11403641410855 0.242123860386206 0.124387123916917 0.107349967171866
0.0956732072077262 0.183002176068968 0.106472312747244 0.238919692361722 0.0729140359711192 0.30301857564322
0.0504070854187985 0.293402880546238 0.121358587711606 0.0829151428624508 0.150438755075699 0.301477548385208
0.271594565889726 0.191275385296634 0.206237878189942 0.218163654339189 0.0873020900339739 0.0254264262505345
0.0744440552834743 0.241745967869333 0.219365739570464 0.222044754601315 0.0920462057735318 0.150353276901882
0.13731724939797 0.233519314446185 0.0878777809413674 0.203700665479043 0.20850472152968 0.129080268205755
0.200872223384546 0.0565721709491403 0.00689286186848762 0.281697397700453 0.210525548093462 0.243439798003911
0.19057016169576 0.190465540266289 0.0172347339098041 0.241665941181823 0.191807209867917 0.168256413078407
0.126235626081866 0.187765147282603 0.227978324635277 0.187137795441061 0.172251590680431 0.0986315158787622
0.0162016052669902 0.231519474937298 0.0423446089145443 0.186935898098871 0.302113360552792 0.220885052229504
0.236751925995352 0.131401746299457 0.0782418615589294 0.145569874894426 0.251596098926977 0.156438492324858
0.0732219573868853 0.0411873337109386 0.133806755231467 0.245411491342214 0.181841953097945 0.324530509230551
0.180920434033539 0.320946255758721 0.0151721637905515 0.0290164354632149 0.146002883133185 0.307941827820789
0.1955316128066 0.271078598431744 0.155417650374387 0.0553048184460667 0.254125384972565 0.0685419349686369
0.0330958760726423 0.250192337847908 0.229085992146114 0.1300419228236 0.0318267029077489 0.325757168201987
0.217984173138262 0.288316883377685 0.0389567225930747 0.0807759491041083 0.176229354832778 0.197736916954092
0.0453382202732306 0.266906699238527 0.146773682648132 0.177216242649839 0.180818417583523 0.182946737606748
0.0836218908365018 0.155309786415658 0.258041058250322 0.065435292407164 0.289290520294855 0.148301451795499
0.0646955233078487 0.0570765961570741 0.10169708494379 0.309114693911357 0.168532129860463 0.298883971819467
0.0673081596020165 0.0977039125978725 0.236796515684659 0.118947709625642 0.23591071246246 0.24333299002735
0.222599166173561 0.150179184437066 0.110093460033931 0.180300076760441 0.104836089471055 0.231992023123947
0.0391202642410128 0.244290929013842 0.0416622136716172 0.225978608840783 0.340043024268493 0.108904959964251
0.0472022765095192 0.295318602252466 0.186577089844705 0.0074014041491357 0.136331029691608 0.327169597552566
0.0997336602403876 0.135640075019725 0.170074621334275 0.228061561766588 0.144189765578694 0.222300316060331
0.138696573138351 0.0621151444781806 0.209642345668316 0.230170944121177 0.180970389284055 0.178404603309919
0.0915878515324869 0.0646774267492719 0.223315149203424 0.295345741266713 0.150780776134229 0.174293055113875
0.258301456689078 0.240068968101874 0.0186539526414812 0.0943995243035901 0.106999841183907 0.28157625708007
0.0680329936569475 0.272286894730959 0.0682061782456094 0.0743132763401086 0.395496498486605 0.12166415853977
0.118830311367112 0.0782255764532641 0.220484019488192 0.273994316004842 0.112037092653281 0.196428684033309
0.19314757889197 0.0791818935317822 0.237822456481886 0.186915795931009 0.21367900691211 0.0892532682512431
0.0649133584280544 0.150275054993023 0.256747951139511 0.065037629077086 0.278371914292713 0.184654092069613
0.0115212104838988 0.00404899629023367 0.0915265012393108 0.347869500590255 0.32461213944449 0.220421651951812
0.221248664820488 0.114198430735838 0.173534238674351 0.357163510897965 0.0138378662486752 0.120017288622683
0.0522291813044534 0.000458027101027204 0.317081794672708 0.136844464332272 0.365886402682918 0.12750012990662
0.0983635139351283 0.0461114521695931 0.189404855561241 0.237288747882407 0.234968029341193 0.193863401110437
0.0368790378489886 0.11791330922816 0.295877549050699 0.0638720932228775 0.265666706786562 0.219791303862713
0.229606990766117 0.169260234061029 0.0571433467729975 0.215815583918235 0.0198295903444993 0.308344254137122
0.132944331118335 0.174338332895988 0.0225428640415747 0.300727859608891 0.153284473238055 0.216162139097157
0.278817922470316 0.0487807327011952 0.241795130770881 0.177850873280216 0.215828631798385 0.0369267089790076
0.244073238772723 0.04340549380332 0.0974070614089962 0.267259554595929 0.31185444763603 0.0360002037830024
0.0927025356426345 0.217278729716862 0.229308481880204 0.214757958662697 0.149371415805145 0.0965808782924581
0.208086053827213 0.204236807129878 0.174564266181816 0.161504420301434 0.177640671434273 0.0739677811253863
0.204680369999128 0.129410446040213 0.180002079683032 0.19359991182095 0.210899684539252 0.0814075079174244
0.225185704096057 0.113525698351443 0.0086802708062101 0.271206553579198 0.263317187368347 0.118084585798745
0.218521462137283 0.341093086202424 0.0272343137843012 0.0838464829013566 0.249780604429245 0.079524050545389
0.176408774510556 0.163317769891853 0.208519210114759 0.11576894332769 0.120605165129942 0.215380137025201
0.251934108341812 0.185234971062417 0.0478811469965916 0.139935307014519 0.0704546093615996 0.304559857223061
0.0553976079080186 0.190754431046625 0.0116276664987236 0.255198154342565 0.278563991743286 0.208458148460781
0.0797821382379712 0.224068997248837 0.133248004602269 0.0975158592334985 0.227981001601992 0.237403999075433
0.0245872135542892 0.166876683944462 0.328337391267081 0.260619044562415 0.144557310694697 0.075022355977055
0.242693334924235 0.126138811600692 0.284494006456956 0.00526837467967945 0.1201663462026 0.221239126135837
0.0546831703928597 0.273775486047399 0.00274696332849651 0.145374584358767 0.287039795178393 0.236380000694085
0.177913974497821 0.224842578519213 0.216351804603498 0.0426507407675668 0.0797118916889124 0.258529009922988
0.28263427142077 0.20983058387224 0.255040935777453 0.154142856640912 0.0874246097408593 0.010926742547766
0.28524084169831 0.256816953066631 0.133615547045116 0.00307432682328443 0.251554405116329 0.06969792625033
0.212443694537133 0.0957105458174118 0.273779753639871 0.127992336872694 0.0236402184340698 0.26643345069882
0.193175938271708 0.216204770295583 0.125800068762769 0.157640893774145 0.221273569870378 0.0859047590254186
0.222592623011814 0.147418707695153 0.188589368532278 0.125449240015821 0.156773081357673 0.159176979387261
0.247251322411762 0.128320048332103 0.111658516602519 0.0297013826321682 0.262510806771372 0.220557923250077
0.207081699064637 0.225570064968024 0.145099772984654 0.213850912200686 0.161777314642742 0.0466202361392559
0.170147474330703 0.335442349172197 0.00243873671272464 0.206706782628731 0.0678024686060436 0.217462188549601
0.00291948825742999 0.116945466150868 0.0210187617675947 0.32900164645664 0.441292432280257 0.0888222050872106
0.166420570965573 0.202507500682501 0.212916915793809 0.122343681364345 0.252522206359306 0.0432891248344645
0.167464520443927 0.14829105231111 0.113008579546937 0.196639308534004 0.0988916907253113 0.275704848438711
0.0315821013568963 0.0844664453698641 0.205002379274499 0.318647279061294 0.234228735107314 0.126073059830132
0.280220087846347 0.277548141396453 0.26099005118459 0.0465322495066529 0.0711888319253165 0.0635206381406415
0.180232059948934 0.131093188061006 0.0804518091167496 0.186155151956997 0.205192863240485 0.216874927675828
0.0315183646729379 0.0957918298867083 0.328900286440411 0.152565403330753 0.264511176099286 0.126712939569904
0.0278762678726019 0.246868960612303 0.0818875982303745 0.122390540031384 0.233259538213707 0.287717095039631
0.21914388055214 0.25951248158228 0.0677011655595522 0.0766700431922121 0.346016406142698 0.0309560229711184
0.0683342506089139 0.3157738920655 0.00247175459975087 0.101747218979644 0.273841119214471 0.23783176453172
0.131739978241309 0.143625561980056 0.0667452661541024 0.298964719872196 0.0564792229465625 0.302445250805774
0.169202342511019 0.0669991689626176 0.122576378071279 0.217339628698475 0.218387354028832 0.205495127727777
0.060399224147082 0.0445907960796032 0.156275821361332 0.348818731980328 0.2258519060211 0.164063520410555
0.351880685339809 0.0306174545941242 0.0679779105220482 0.213883348152374 0.304460608532491 0.0311799928591532
0.105467316674397 0.156925698856178 0.2164479494715 0.0922739438792951 0.235082342288067 0.193802748830562
0.24473059094204 0.218320734911366 0.063747576670385 0.0853804604445054 0.281288118511464 0.106532518520239
0.385294510790881 0.163801993184495 0.129987595401026 0.0838803586998582 0.0410826073146216 0.195952934609118
0.207254026803732 0.155268583954203 0.123049700862249 0.118616666803494 0.148854900705898 0.246956120870425
0.0699758235909579 0.281004485294211 0.214152125392143 0.110684197548767 0.192834572447122 0.131348795726799
0.132362291937627 0.286235047427941 0.286595021431888 0.0473116015739355 0.0942021566349399 0.153293880993669
0.231991174709164 0.217929726233232 0.216300782428452 0.184791455393301 0.0455019391831986 0.103484922052652
0.139064191905754 0.218410850203469 0.237431104627993 0.284197274284356 0.108588535526058 0.0123080434523695
0.264442688092186 0.111897930559994 0.0589081014343434 0.143984612698782 0.164205289845537 0.256561377369157
0.214548363510895 0.0240280322543513 0.179025146473449 0.235510456687277 0.0833435915253207 0.263544409548707
0.240572374459838 0.092959306882439 0.23631131205394 0.181522290347814 0.221939710907099 0.02669500534887
0.227697256349827 0.103944100312409 0.0466294688198983 0.209525611924876 0.203996265815648 0.208207296777341
