0.0468437032244961 0.152171992541327 0.131662017424556 0.11180605377261 0.0754426018726483 0.144600604245962 0.13363056601713 0.0593737303722602 0.14446873052901
0.149169490839322 0.127137003587803 0.0166763862489111 0.170220023672173 0.0842413733370489 0.118894493496517 0.129984279394752 0.168048493051614 0.0356284563718576
0.194404919134953 0.0962620337925728 0.015156108895987 0.12084112779093 0.00425968609616438 0.158273368702512 0.200026269648212 0.205399943066953 0.00537654287171601
0.25536324022889 0.00823034233010213 0.0268183142190973 0.101744737450552 0.0828159823779929 0.00724381980679484 0.103744284560785 0.239005308117655 0.175033970908131
0.126579463935206 0.128563574625564 0.108151281481726 0.0799401062767394 0.159695640567478 0.0621773519555496 0.173424039045325 0.136848581393585 0.0246199607188279
0.289462495917695 0.0799001611158207 0.0634537793004182 0.0344772501739672 0.0730977725193255 0.108030865630036 0.0484052872677139 0.301365769055748 0.00180661901927504
0.161261542984026 0.041549752807918 0.0316088146256248 0.160344130736998 0.0634338573625719 0.186000358481364 0.0816812438291949 0.0727205998333483 0.201399699338954
0.0384803988928707 0.0537420963552236 0.0462035460879294 0.11587191417898 0.182420603383008 0.168202355325328 0.13994783992384 0.141464042706171 0.11366720314665
0.0375855417106813 0.192098747145898 0.132684079763679 0.222702275060012 0.117554798718144 0.0307869259185871 0.135354172402316 0.130255883011775 0.000977576268908833
0.222989070483527 0.0241714847041719 0.0447563098798426 0.196650313632489 0.186025114640762 0.133997688807038 0.117218723973694 0.0638823591128706 0.0103089347656059
0.0715402319601846 0.123268194159592 0.141950272973372 0.163694310033647 0.125638495586061 0.115564465244144 0.0209100166646875 0.134275307090295 0.103158706288017
0.169610416777609 0.168156312985272 0.0849664156652677 0.112578121953119 0.0991044681069145 0.0650034853684247 0.148499221652971 0.022172011035134 0.129909546455287
0.1335228149292 0.162742356170503 0.0446773021554408 0.150830270044755 0.15931331027446 0.13897627644445 0.127014920470124 0.0603455592610414 0.0225771902500253
0.0924943342327381 0.154800914950867 0.0854901800881346 0.126400750001088 0.12988096914528 0.0876547760752409 0.154318091982518 0.141856424437838 0.0271035590862945
0.168948619515606 0.0806114285817929 0.155464242899367 0.112264447228342 0.10414888293609 0.0958004319066513 0.0143587781030742 0.173806021509338 0.0945971473197376
0.0252929914715322 0.0327354992471601 0.317894486630029 0.00777231025233415 0.259951085341293 0.0694602464968365 0.0933526149253125 0.05866105244977 0.134879713185733
0.0907504647184639 0.0808562167119571 0.143790196963326 0.0531704307175064 0.173456340790992 0.0593943252659004 0.0800791348616446 0.17259798506144 0.14590490490877
0.102231472008397 0.147383900174126 0.107014632938084 0.0710140645912386 0.0948691547442241 0.137452652617326 0.0828609712894124 0.110612592188286 0.146560559448905
0.149968319654682 0.111951465271491 0.124071441795954 0.043583090050054 0.0679244249312852 0.15544812102498 0.0634828186103597 0.15479541825998 0.128774900401215
0.1444815151298 0.185934329172091 0.123535605561826 0.160777781812116 0.0415292254857237 0.0397474426632883 0.0504632394306762 0.0855664598642249 0.167964400880254
0.115246737374316 0.201539794681649 0.132437566390649 0.185033142280355 0.115629801192475 0.0923448792934938 0.105027435974267 0.0229049296969129 0.0298357131158818
0.0873222466776102 0.098595504019614 0.163039855839246 0.0947819004975451 0.172721153360979 0.0403191392310009 0.00804809972673484 0.151464064497938 0.183708036149331
0.0573590735437139 0.165415386337315 0.1615929904589 0.0964333861891326 0.118112487590652 0.0881088255987697 0.152858471541681 0.0169939869072396 0.143125391832597
0.133505464279755 0.112697286798811 0.115107930699949 0.0586741936107534 0.132920960615493 0.0179182992475682 0.142757843902143 0.142156649720027 0.144261371125502
0.157841514430066 0.0289563974995204 0.0206647206445608 0.044021161741293 0.166517565390367 0.16986147332262 0.0924472490863983 0.152432435089076 0.167257482796099
0.160852668297547 0.137488374211521 0.250501887313478 0.140054803946418 0.208109963961672 0.0397631264163479 0.0269230122473055 0.0334808540436669 0.00282530956204411
0.158124838044798 0.0607005892571385 0.137146282384894 0.0509241091232938 0.0585391273005473 0.155685654254481 0.141000902354934 0.150838188692409 0.0870403085875039
0.0482414804243214 0.214589468723751 0.0139779766255853 0.0358284724659744 0.0546725837267399 0.158743902422755 0.279563719610345 0.0842519516165437 0.110130444383985
0.144147651819102 0.101791572338948 0.183156074124099 0.152005970742408 0.0184327586980838 0.031104724998111 0.0346364516691835 0.161996503900923 0.172728291709142
0.195898237697697 0.159834034434239 0.0113779264865961 0.0488375605461986 0.084809718663799 0.161969527296807 0.0900365487038157 0.182536610566763 0.0646998356040848
0.105720857558603 0.0561437478907463 0.102169374213833 0.178438535065906 0.191003967484861 0.0416194499320037 0.106599627082131 0.196091191994301 0.0222132487776148
0.245449931093888 0.200501880919503 0.0308408641344176 0.0975940718534396 0.0316155547731801 0.00836528512902799 0.159758458859313 0.0125217476635621 0.213352205573669
0.315757572214161 0.177527059913449 0.0370970396082932 0.0719130621413702 0.196245398366843 0.000544718009735189 0.18185947694023 0.00283984886067691 0.0162158239452413
0.0400594683236756 0.0468141460521118 0.172864912433491 0.00306981739514261 0.206799501052339 0.0623258563159916 0.179372954436928 0.0766006257773779 0.212092718212942
0.0543438831369132 0.209019995100386 0.10075482931506 0.0747851077200072 0.233031655239808 0.136677783717581 0.147125995009323 0.0405257146852552 0.00373503607566619
0.164563631066775 0.232452417043311 0.0265749850235605 0.175341466830766 0.194957175125511 0.0393242591409157 0.0644331198456366 0.0224183258804418 0.0799346200430815
0.000333578739088576 0.1961995415005 0.0696854663802226 0.163203371628138 0.173530921949758 0.108232742843676 0.107966317887574 0.0631622013562788 0.117685857714763
0.117626712615155 0.0108984592533037 0.0388384539894247 0.187875570730855 0.0975268383274687 0.19167212234017 0.174790364086386 0.00512099977244243 0.175650478884795
0.0935708079815071 0.208626630413172 0.0103644404170008 0.148765267687782 0.143467997488705 0.128163372392216 0.031949609347849 0.179728978199804 0.0553628960719625
0.0349990637725898 0.189743566845798 0.108624559679158 0.21412540934317 0.0743129928361996 0.162775677101861 0.0983498128865499 0.0878978320479942 0.0291710854866789
0.0385166286837704 0.291392713339374 0.166959254575246 0.0918901453334098 0.263095397397239 0.0226840188921907 0.00588360362298423 0.0647993754149354 0.0547788627408503
0.0887777015014141 0.0338367088567565 0.133711938038939 0.0597486865922084 0.138141468793278 0.0542789040790573 0.0145812275094772 0.25489065818975 0.222032706439118
0.0885094349043828 0.0695957931814787 0.12910398905445 0.217644583096532 0.199754864834697 0.00839944394131285 0.0780609278424267 0.0183484580374013 0.190582505107319
0.130926675495274 0.139472025560232 0.155442344128389 0.00579623656194836 0.0637821441866299 0.154535660098551 0.0878496241827455 0.165226272861385 0.0969690169248448
0.157780989111326 0.169932039140687 0.167968192324059 0.0784423164033 0.0140471652499191 0.00131105038035319 0.0781616022677189 0.153364304983427 0.178992340139209
0.0558419713653427 0.220566994088081 0.189350099107843 0.0590336493500765 0.0157191999889172 0.167034255509395 0.083620964917258 0.0168300542083588 0.192002811464727
0.0415107503691533 7.95554526471233e-06 0.211068093746642 0.0388025247354426 0.0908370646810472 0.0017999206865975 0.349824769057485 0.00428133594380591 0.261867585234562
0.0485998012030864 0.137726411839536 0.0143869557017023 0.171308421205097 0.031939942970819 0.175304351682226 0.162994191397805 0.0914986267107849 0.166241297288944
0.0221593525101535 0.210952700209412 0.0112522282971081 0.237379245268803 0.0544275368274529 0.220535132888897 0.0135563201915172 0.190032419068577 0.0397050647380792
0.151125486436854 0.158968025942225 0.0278057806262433 0.112663260083576 0.167718619441059 0.030856133149087 0.0534287757497145 0.146268105225522 0.151165813345719
0.0939745816051467 0.178523691213345 0.0859731599785177 0.164842208080664 0.101386420323828 0.0161666353241898 0.166902146474403 0.15427062885716 0.0379605281427455
0.150592896960303 0.141459852942561 0.234651217564268 0.0899124790447678 0.00635115514542815 0.0746687205522887 0.108639073279181 0.00112972843832528 0.192594876072877
0.12853934732571 0.138236253633522 0.00996648774548895 0.173236283391973 0.0265636991944522 0.14609228916184 0.128896045761883 0.189604990901798 0.0588646028833318
0.0385304948772438 0.200165900701219 0.12075092633728 0.109021836075275 0.158207651678973 0.204866714343702 0.0215247686997191 0.0706671584431362 0.0762645488434528
0.0479549529648551 0.1753983680177 0.0884343852784191 0.0698534401312702 0.236336944510271 0.0636814166016169 0.0629286461313406 0.020639826335733 0.234772020028794
0.120530477800245 0.0688263127241169 0.209799202992427 0.0817976475065053 0.0613222692165197 0.191793160137717 0.197788476668247 0.00648585891973488 0.0616565940344876
0.173119942752114 0.108316290567805 0.0720344076371846 0.122144439347595 0.152554578741171 0.12607919557674 0.131205138941191 0.0455946947090761 0.0689513117271229
0.127187829970204 0.197788321072848 0.0744270185549266 0.196500860777742 0.0813308320183825 0.145253813475103 0.0530075492880003 0.0856839288145491 0.038819846028245
0.0869890719273002 0.0557301064281603 0.134394722321926 0.130657465892862 0.171094891583038 0.01535883884549 0.160123852992573 0.175656413327778 0.0699946366808722
0.157786281073713 0.151962086851966 0.134236727068488 0.0570564749186132 0.0892173821302623 0.0573532112653592 0.104729959439343 0.128774151802746 0.11888372544951
0.174828724653995 0.00662555507265651 0.0784002034828423 0.186944005711002 0.207909317353681 0.05591944160898 0.177089817470372 0.0991659453937878 0.0131169892526829
0.18385633782821 0.214259613823421 0.0142383234631237 0.052989891520347 0.200418911552924 0.0421284771410282 0.133164454676659 0.0519815061938805 0.106962483800407
0.00168349178681175 0.0472289672929711 0.198319755574814 0.130731503228667 0.089211021685588 0.186128507565977 0.0952166225266623 0.106823247383211 0.144656882955298
0.0863277647523888 0.134677662902946 0.0585215551869179 0.1109757168514 0.0562304690858076 0.163668151774731 0.0417145272258186 0.18009319081059 0.1677909614094
0.0290269596493477 0.0255487442872058 0.192819664317499 0.157329872689982 0.112113567927142 0.131774903497425 0.0837875090331258 0.0939493508071322 0.173649427791141
0.181251182614531 0.0847673105676452 0.159817845795624 0.0145309794220084 0.0375037715327284 0.044586026268201 0.113188971498891 0.184084261563555 0.180269650736817
0.0466554157231132 0.0486752856293735 0.173309456573883 0.190028676198636 0.0582453736320364 0.133544077549296 0.12735281409034 0.154505819791429 0.067683080811892
0.110332646887487 0.134750511758918 0.138958028431669 0.142636042920726 0.0544356742359804 0.211235738509934 0.0209564359411558 0.0278643918327505 0.158830529481379
0.114059063313807 0.188872850391599 0.0580319174331001 0.0534061451042927 0.0898510464793575 0.142037442616467 0.208019194996605 0.0717110675519597 0.0740112721128127
0.239599405426269 0.0136261896476113 0.0496710357566674 0.207200868338154 0.0175640736891816 0.236894191182387 0.0372022756127081 0.0694041157445912 0.12883784460243
0.00225118382778123 0.251380482552537 0.139739792145726 0.0674212299288648 0.0810421166630293 0.143016522514099 0.189902557312493 0.0773750248857247 0.0478710901697456
0.13501356782711 0.00137228914867432 0.142138100570597 0.13442385253886 0.170248817981676 0.0811506648319026 0.223121304239595 0.0118587839552891 0.100672618906296
0.0972402493922724 0.133063729991752 0.0135274236867289 0.18404194659837 0.12298680608815 0.136330947871076 0.0492953216682132 0.177118802760057 0.086394771943381
0.0193178172025786 0.0505357628052128 0.147852225519191 0.190878596996536 0.148938190380626 0.170967011372816 0.124549275047284 0.00924786461298367 0.137713256062771
0.171182030361397 0.14760241954242 0.155060000371608 0.00928422684639193 0.141325601712352 0.195995432687371 0.0871008113536916 0.0535721147170544 0.0388773624077137
0.0921848011393986 0.111538495684014 0.183361539274575 0.169799216817494 0.0808096001509497 0.146629572760937 0.0101407398119166 0.0295896760990616 0.175946358261654
0.102636463574177 0.0870026922285712 0.0650811034389039 0.105906338060009 0.150241466803395 0.156411175252993 0.135572936113001 0.105806146801106 0.0913416777278441
0.145292899740345 0.177739102931802 0.0852496479169986 0.104752718889276 0.166843776423599 0.140838368902923 0.00518133639994265 0.0496616699668246 0.124440478828289
0.0550823167233426 0.111570373232918 0.0520287164627424 0.111116813236754 0.0750836906000107 0.1437414321884 0.23730789947115 0.102660551514709 0.111408206569974
0.194706521455649 0.103359780222663 0.164849602156428 0.0348128255156668 0.190788356626852 0.000145876636031768 0.0504887075124239 0.0927377701148717 0.168110559759414
0.15764207336734 0.14860663880541 0.0459177767218782 0.0986534768773185 0.128040478962993 0.0876177388557102 0.0695795526979153 0.152671630161562 0.111270633549872
0.17447006170534 0.0883094758815558 0.193960943956204 0.0586121642535998 0.000826896958791891 0.00166616490244732 0.164446892811323 0.181973489985277 0.135733909545461
0.134358313255162 0.0177018275550004 0.265618482067718 0.176040214992406 0.0478075320197099 0.0124374802177986 0.0668364463993671 0.242674851449447 0.0365248520433902
0.0599012995813729 0.0697804700512582 0.194319088184073 0.296167423045594 0.0879981424167241 0.0450487225301638 0.100102667308973 0.0571222404613051 0.089559946420536
0.177943055018316 0.06406148765991 0.185079373421414 0.135427321379652 0.0604380503914188 0.144100753243863 0.0846074302073169 0.0841631991621153 0.064179329515994
0.0106217128467543 0.0483207299154097 0.172937694672377 0.0914994925552222 0.0717619661365647 0.159043728345228 0.115741178584764 0.263050191645446 0.0670233052982341
0.057611589335992 0.113895155381987 0.200363349659872 0.0296403442347522 0.251858323518333 0.163166779792818 0.148929874942261 0.0174489106853555 0.0170856724486301
0.127215246065475 0.0150294558416356 0.179461137413607 0.0124661130054469 0.0496290170536008 0.16906336998061 0.19217787035627 0.0146027837057595 0.240355006577595
0.1763523966349 0.0426358645743346 0.0269763396954922 0.169970402508444 0.0901418476551203 0.124456092749634 0.217043631218327 0.055717241192187 0.0967061837715613
0.0448578268602015 0.170842154340654 0.133801033337246 0.0218958112272242 0.12190533133386 0.176612068183656 0.0228503003097696 0.0843530561649634 0.222882418242425
0.14967316160923 0.154317084640895 0.0915231298568817 0.123813964854262 0.136613225109205 0.0550090332205115 0.12358730959858 0.0982319403785111 0.0672311507319232
0.0290381692833271 0.0432274444384686 0.0811800860806759 0.252756340596491 0.0288615108768167 0.207734516078541 0.160319768027433 0.0941382966314126 0.102743867986834
0.0940828038852966 0.162838441414975 0.076529845837746 0.0659928382133476 0.0919494661318271 0.0847600111478974 0.237881133874942 0.109372679259505 0.0765927802344626
0.0149071087288972 0.213774245674424 0.0818985899193674 0.0539933149567501 0.0528212428136074 0.0974716434438654 0.126549365860451 0.177963821813433 0.180620666789206
0.0394580936505302 0.164113779159786 0.0553942474830588 0.211648137539554 0.200101598614446 0.0342499940606185 0.0511205778301424 0.134572916084418 0.109340655577446
0.0475453620460894 0.178873748690768 0.060367625722289 0.150861076686508 0.0759471981216842 0.183400443036973 0.0531122389420689 0.222274798078835 0.027617508674785
0.021951114054487 0.0590072794902575 0.196172546869338 0.191047176790106 0.041381290589002 0.0962858801276461 0.119012007620438 0.177697260597407 0.0974454438613186
0.156452889174546 0.00940060676254512 0.045264462295502 0.12676515934119 0.166110890858629 0.161824872132877 0.143286050773699 0.0837118473405486 0.107183221320464
0.0248711886651258 0.0371753001702039 0.0839095034256615 0.0718266709387033 0.178399869166025 0.209425210110776 0.227845785431744 0.0457812597716454 0.120765212320115
0.0648673797900452 0.0604004966569976 0.124538097846719 0.123338979720468 0.223953794861167 0.0275863662024035 0.183268588697091 0.156689849243239 0.0353564469818701
0.107968411749409 0.0134540010059874 0.135504211843996 0.0291401161421358 0.105371023587874 0.100845329638699 0.0917855190105293 0.179964068621835 0.235967318399534
0.114648832741211 0.205828864668933 0.110792982811118 0.051936363898278 0.111032018701266 0.069642571742807 0.179346560209087 0.0380933413458348 0.118678463881465
0.0781011274836059 0.218865153156026 0.0888513149756703 0.0771098213846523 0.0163191016376086 0.292024979758814 0.0418336798436279 0.106239666639589 0.0806551551204052
0.0103688432453759 0.175061915636273 0.179123138706565 0.151402877469714 0.0375740982641098 0.21202833327905 0.0824013587548537 0.137790565111403 0.0142488695326552
0.0304059561206598 0.189466094379398 0.131302586486365 0.0866586200336477 0.152494046924276 0.0334338893850791 0.132624951522612 0.0557486943298753 0.187865160818088
0.0358009241460424 0.0967035688029512 0.198318058078784 0.0543265164648339 0.179759692768974 0.082194426453714 0.126792004012671 0.112753033191959 0.113351776080071
0.11819310376401 0.207992782488932 0.216655363816695 0.0192961936970818 0.173646804355095 0.0462606309636992 0.0759590149455812 0.0601128048690139 0.0818833010998928
0.0183088181577149 0.252559952590286 0.079662506943242 0.0455933203057384 0.144627797494159 0.141521054347851 0.21485826043721 0.0679471650481519 0.0349211246756473
0.100864931961805 0.166859607864927 0.13468756146122 0.0664353613278588 0.138766427242892 0.0474155718119217 0.0957898765356115 0.174370581987138 0.0748100798066268
0.0555626928017279 0.182929201794023 0.184051277109091 0.0975899594232366 0.0284509198174869 0.126412381312059 0.13877362138805 0.124386874491908 0.0618430718624186
0.0345031462721864 0.155622884091202 0.111472225626529 0.148641722095276 0.152827240186385 0.0515648840827102 0.122382553038531 0.105160106664638 0.117825237942543
0.167266508125795 0.164385711542298 0.0666299124258896 0.153724396777296 0.143065552327871 0.0811027058190167 0.148364340134966 0.0199263869592331 0.0555344858876342
0.0969788964957853 0.163264431891383 0.158252846262009 0.0655027925334299 0.037319812056689 0.183140233901494 0.13308224463163 0.0195376304675421 0.142921111760037
0.0873226971601578 0.0337492318375749 0.0801242159804942 0.149971508159728 0.155183418054054 0.0318472931427522 0.277193196341851 0.0933304422792893 0.0912779970440991
0.0392758950972952 0.137876403344181 0.168440777065418 0.0504839064287747 0.138213913911247 0.0760249755183019 0.112897835965116 0.172044675905372 0.104741616764293
0.0178313590484781 0.00188217639023522 0.185319158951688 0.184664947177778 0.0410549444543147 0.0609478936231303 0.239790177825645 0.211180707678817 0.0573286348499139
0.128605111167802 0.0191117409325883 0.172118976620175 0.109881058423881 0.0535853246921488 0.105599749385299 0.141988639252708 0.123371338227315 0.145738061298083
0.022282414491896 0.118033779636703 0.143500212610798 0.0164756602343606 0.172175609243235 0.101043869328565 0.213867332571851 0.066746136695373 0.145874985187219
0.121446996061776 0.0954959726815467 0.161863380837967 0.0431518853235246 0.114166290375232 0.134030588549109 0.0755301178254817 0.147213373594395 0.107101394750968
0.032166986822765 0.00494766723241551 0.141454100785122 0.111829754478956 0.184103089822215 0.271448155596784 0.0679714128808729 0.0382464951952478 0.147832337185621
0.149587055883774 0.253898564435554 0.150481569652489 0.186013858545536 0.20656230488401 0.00439964058640107 0.00417580608817943 0.018436372800216 0.0264448271238395
0.192080172750203 0.168257971602608 0.0491650673711178 0.018642286770175 0.0151507610538148 0.0659006587266529 0.159339075182121 0.217262026986112 0.114201979557195
0.144048098504211 0.0175773417716322 0.0742603268271967 0.152522983756959 0.0212940130215049 0.149651366018804 0.179790436738849 0.0265885970980477 0.234266836262795
0.166667192543426 0.152995223242609 0.0745088853204263 0.1660981344162 0.100707277525812 0.179038377932219 0.0448593163477958 0.0938284981096362 0.0212970945618748
0.0281405154336667 0.0520838193939473 0.0746888083757074 0.0362613476013794 0.116967945793878 0.159227819214372 0.200277950597314 0.0817854187581488 0.250566374831587
0.133049119069516 0.0289044817934204 0.124846125554762 0.140963718332878 0.0975239230728939 0.152976182732095 0.0605742751076197 0.142273301494398 0.118888872842417
0.104851006165789 0.128409054385917 0.121084214070062 0.155778505224484 0.0605830896026005 0.110363625377114 0.0287791178558823 0.14911242665981 0.141038960658342
0.0531822802443516 0.0583839030907262 0.0234868563140992 0.12652395189921 0.0452649723131606 0.189785139523084 0.224149045160693 0.23411164178193 0.0451122096727457
0.152874756762604 0.0768863502772513 0.136958386789062 0.129169354391194 0.168098030081799 0.163373699215522 0.0758182818558122 0.0735126872927437 0.0233084533340111
0.0765433140695056 0.135695998922056 0.037916605807513 0.201044697547514 0.242490126883576 0.00638064040838085 0.117272145341546 0.149477281308118 0.0331791897117901
0.0947204681966612 0.106196198997957 0.206150474120204 0.140858761691235 0.220775663501703 0.0679525878182369 0.0481371266700271 0.0570016112344975 0.0582071077694791
0.143704937559591 0.049894825384333 0.0472527871942309 0.170050650964633 0.0859836205501446 0.0611262774476681 0.145543281272835 0.155315449327182 0.141128170299383
0.0306735779077386 0.10557044059382 0.23215282660589 0.204049412643052 0.133820756567774 0.0134718966878685 0.0102277829456424 0.0343965446191191 0.235636761429096
0.177271972826057 0.0163726903185922 0.137729163397361 0.0104721192226541 0.103466705809675 0.24415005702378 0.20875490462126 0.0138869546140362 0.087895432166584
0.150889659108979 0.139348135889452 0.160813741858135 0.0269443091359213 0.122928783747665 0.1472212706191 0.0889512329402685 0.10050073967692 0.0624021270235597
0.0427525595749125 0.115456942774413 0.00844429191853581 0.163229783720374 0.124555442364812 0.133016218387118 0.109164990666604 0.14948364149682 0.153896129096412
0.0719032190319506 0.0516863800457191 0.150946143121402 0.15136347477934 0.132501555887246 0.00518402485678722 0.147321696371351 0.134712122050442 0.154381383855762
0.00154125662733139 0.024522152670039 0.138454364927159 0.0184102162328644 0.167485806587644 0.175109231573571 0.0801501818655372 0.198905314913198 0.195421474602656
0.0472222993855541 0.182306944231681 0.169382559130919 0.172996513102804 0.00448963440963654 0.187035856626115 0.112660362730327 0.0222355103459111 0.101670320037052
0.0918674759166812 0.191531379725458 0.0428517229155747 0.0115501262557339 0.0285304302415372 0.105777275144342 0.288204742347346 0.147952026065157 0.0917348213881699
0.0291598927192012 0.0988432524028858 0.0463633195730491 0.187396704851736 0.0357167353687447 0.218347356715204 0.00185826010708668 0.148611860453063 0.233702617809029
0.143041788634833 0.0741652660348038 0.0794489436314241 0.0837239710468585 0.287510228394594 0.0911071374934756 0.167879497505784 0.0182870153996217 0.0548361518586059
0.146755717745816 0.0794692311956 0.0578042652705043 0.125925839857001 0.178314843147485 0.181084408610675 0.00612594924786197 0.170623509778929 0.0538962351461278
0.256536034941174 0.0591725345428242 0.248115684482235 0.0465142783246541 0.00937367233469158 0.0303691474330306 0.0260154064161775 0.226010020438504 0.0978932210867089
0.111997071629656 0.0754538917035509 0.0868986428191067 0.0740677464531019 0.000586247172059078 0.190232346033461 0.211246956648202 0.13858794782778 0.110929149713083
0.0554554921505505 0.17500895143243 0.0387726148077045 0.217952252438184 0.0949995296021035 0.141020006868593 0.0946785013202051 0.128314030698502 0.0537986206817275
0.0492264692337365 0.1860761162956 0.0992487589990187 0.198276595922897 0.0306211198754291 0.068063915986061 0.190719192309577 0.0424180106299596 0.135349820747722
0.0603432026266969 0.215050151823145 0.0590503840521076 0.0211190335732132 0.113914347169772 0.124539690845204 0.135761123282139 0.0837462906427528 0.186475775984969
0.14253450762052 0.0758226972967416 0.129693400297503 0.104626895400989 0.073270348656858 0.143296622344881 0.0856095271769125 0.0787373451014361 0.166408656104159
0.0975301105207467 0.0934764917778145 0.0723947207067429 0.203201070875017 0.0581853995239917 0.117357303808378 0.19174868748645 0.085147509806969 0.0809587054938903
0.121355155051153 0.162974085152177 0.0534888976450476 0.0726535174987857 0.162402054384744 0.0326546709556544 0.0564682683459039 0.0666493924149854 0.271353958551549
0.214824879879956 0.0437896524224835 0.0209135789049545 0.0607613925112056 0.227620914919312 0.0263622446388868 0.2110259616742 0.117634847758066 0.0770665272909349
0.172934958133128 0.128937966600372 0.147491043366373 0.0655802354176283 0.145125017707648 0.0657979579139027 0.119319112240206 0.0796800135794883 0.0751336950412533
0.0177218729991211 0.0778521783072737 0.187430901462612 0.152246181141088 0.120789610779542 0.188060862037212 0.0834471727440394 0.0428215176902006 0.129629702838912
0.212209920354123 0.109039752443811 0.082753983091696 0.154999723362219 0.0265668748667641 0.0829795521940433 0.0892294964080776 0.20505502184339 0.0371656754358764
0.129165256999041 0.101395466434727 0.170309894088807 0.0873015836341733 0.128672239287201 0.0809736844706495 0.0683986309387759 0.0822169371002736 0.151566307046351
0.200339260046503 0.0408796751554902 0.192901809510951 0.183452935051982 0.0121965513169015 0.0358453071644518 0.10863184622295 0.115403396250604 0.110349219280167
0.152912125413372 0.0529569090912412 0.0586858317630839 0.179465674971958 0.0343857758149273 0.253286727501748 0.0161491443708926 0.0428011914382661 0.209356619634512
0.177574680391764 0.00251860685929135 0.035527503225477 0.119232168134799 0.0420354674101046 0.231617336056263 0.0384685329464641 0.225581434464673 0.127444270511164
0.142142408062863 0.0582646770427693 0.0308679963131825 0.0393108296120489 0.136428198377984 0.21393353019423 0.17479765854282 0.0427745871167962 0.161480114737307
0.123951217800408 0.0718772306381632 0.0420211782312865 0.20599595529359 0.36404565320844 0.0199787922227916 0.00222827893864572 0.150697838375712 0.0192038552909631
0.141304923743635 0.118145088889677 0.00096634290484775 0.20851988241579 0.201472061122587 0.0867323722732848 0.0961889848046928 0.0991869466451572 0.0474833972003293
0.165734550451072 0.127393458821382 0.262480047269954 0.214012498211615 0.0820714524552082 0.0227261388578783 0.0667548217524774 0.00724961798583619 0.0515774141945769
0.0444012806475309 0.168342258420211 0.129961060522509 0.163535974117584 0.102818242423315 0.0419196442905284 0.0983990308678162 0.1410388065591 0.109583702151407
0.0120320264915847 0.1844231641603 0.15784030135485 0.133690706648417 0.190592513244463 0.000926640756154256 0.125135765433048 0.0236248447066303 0.171734037204553
0.0260962934868032 0.0619301534506065 0.0882137879452026 0.143973414772375 0.205690674331193 0.16488596256192 0.170476506129468 0.0662105396735044 0.072522667648927
0.0661752075217109 0.173245606866406 0.105423289425892 0.119223065653343 0.1832217361778 0.067075942897237 0.138282338870853 0.0930491262069515 0.0543036863798068
0.0122280526991139 0.0570717377685485 0.00504597272516757 0.16114826782965 0.131540953275107 0.128600243294551 0.138641384725436 0.191969502881081 0.173753884801344
0.0948592059840598 0.00111732770405798 0.133721385521627 0.125314907707896 0.18000910045971 0.0772821038550066 0.123696201478434 0.168814574477234 0.0951851928119747
0.103133054362892 0.173014407562402 0.0947194424537531 0.082621518020679 0.160148754753318 0.147128673411386 0.0418614040329886 0.0111291584713009 0.186243586931281
0.168128640699418 0.0504452218735968 0.173628175313349 0.0254332516657821 0.0500794844642607 0.172733227974252 0.118558375819191 0.0662044982593221 0.174789123930829
0.019138544320244 0.138131621721547 0.157620698176781 0.142234720242565 0.12520352066551 0.172270305438066 0.180612720465461 0.0118889849087246 0.0528988840611018
0.0984826702814916 0.192611295378685 0.195620395724395 0.0160881317255843 0.167069421841873 0.129276766354988 0.00055348200492705 0.00869439240003504 0.19160344428802
0.0167408789793311 0.0433690893000322 0.0449311585885411 0.143555129001857 0.169692628376534 0.21288446591573 0.0707700007734634 0.203575803281256 0.0944808457832558
0.0652546307562896 0.109527235456891 0.105856089119106 0.167038447795018 0.159986188112135 0.094986767848986 0.106775564453086 0.101402009299227 0.089173067159261
0.0181441807046591 0.138735409820331 0.11673428551357 0.108907757094218 0.0900589849987691 0.0706055407012884 0.186512204919411 0.0651041088100043 0.205197527437749
0.174402095489091 0.215651401183503 0.130900640957037 0.0996468655673454 0.0346115445205248 0.0141968216660127 0.149248575471034 0.0811256541497129 0.100216400995739
0.127443220102293 0.155066277134044 0.104756413176958 0.111188144459288 0.102571821125081 0.121920611647784 0.153873687077316 0.00671658510263325 0.116463240174603
0.00379763621179539 0.182815022023443 0.0860613616088434 0.193336480445583 0.114242621271153 0.205774221028999 0.106962751681871 0.0601065794128994 0.0469033263154121
0.0088310835191324 0.0888336701165401 0.104102166012684 0.100096334954335 0.172740571548535 0.119055187150748 0.0638070454016818 0.175379438514737 0.167154502781607
0.127236591158758 0.04806972839549 0.150953097397872 0.155451452915256 0.107409399507238 0.0737082934814602 0.101787750749311 0.112625911613367 0.122757774781248
0.0603370610676577 0.060376883291101 0.177333675293461 0.132448358894849 0.17808564681957 0.109853912006071 0.0485337979592877 0.0557516388065617 0.177279025861442
0.0403947330951549 0.1866187663267 0.119897848996619 0.132207458442396 0.0893066020450016 0.164243427818422 0.154470459546423 0.0705681133359865 0.0422925903932964
0.0739424271436875 0.153405311657307 0.135207572644738 0.145230358184854 0.0808321189823952 0.0821343659384607 0.0801710929937356 0.152478350467154 0.096598401987668
0.044359370178096 0.0441540698496603 0.177003699520142 0.126571477883534 0.0643058354145619 0.0668391796876607 0.164430209293121 0.158787357078227 0.153548801094998
0.073771426161928 0.0071548069162925 0.138881893403496 0.00958549331169179 0.0781736798866027 0.166627737283389 0.150025715461305 0.191588025908761 0.184191221666535
0.0938788201844884 0.176447609073599 0.239023417117449 0.0253501091554061 0.0126580540544983 0.044698891346278 0.0392655082032172 0.285754387678223 0.082923203186841
0.0246242647642575 0.043364547567868 0.0257344407950405 0.192655340000273 0.198732517319254 0.0971197265862314 0.124176496915248 0.142738334673179 0.150854331378648
0.0619788802585745 0.172665727960636 0.066911774852209 0.116633493443415 0.105959545152427 0.098869596338728 0.0535385273304185 0.177726536288068 0.145715918375524
0.044226807401866 0.164529584345198 0.112380128657231 0.141250625068452 0.158214174495107 0.15352619818715 0.107357340285491 0.0613699599404046 0.0571451816191006
0.12474641563115 0.100957804408547 0.0849574051856615 0.190503061597851 0.0251054555148505 0.066522212778609 0.125903984031303 0.169453090143945 0.111850570708082
0.128185966231184 0.110441687170794 0.108357329441994 0.098361626492683 0.122244426198292 0.130098855845879 0.0265747595113235 0.1461097599811 0.12962558912675
0.0759608128950119 0.0748332600509515 0.0446078707518148 0.147615310866838 0.257868804141123 0.252117488815464 0.00755310311118849 0.133436664732212 0.0060066846353968
0.21280551816893 0.109525764389623 0.118349371708481 0.0452385100790184 0.0228522909986163 0.0970067648748102 0.194447843663387 0.174226256845551 0.0255476792715818
0.102679407382112 0.186117787611304 0.111594190012024 0.154155432442853 0.107297752178925 0.0647742649949492 0.0888754410312797 0.129710306396209 0.0547954179503441
0.171735948612344 0.0663958577979774 0.13409369275308 0.0816937986431264 0.0285375533396885 0.112590472967045 0.159259844105462 0.206367407646088 0.0393254241351889
0.100550152397577 0.145149884370345 0.0225890183136902 0.118342155756727 0.190039485378863 0.159607382607621 0.0796271984530705 0.161261727821654 0.0228329949004528
0.0599761412800259 0.122171138360683 0.131161269160738 0.19338564495278 0.125952154509456 0.113779981490032 0.0398607013498226 0.0776322586198955 0.136080710276567
0.183004620029821 0.0234546029262595 0.14570981317286 0.0837336938032793 0.187323970895667 0.00388658425326148 0.162261841065657 0.0650925512430359 0.145532322610159
0.143395140374642 0.0219226859089029 0.0799801291373204 0.171185099882065 0.179825391009142 0.0706191971872247 0.169498106583541 0.134953118923448 0.028621130993715
0.0943441589008356 0.189267636913745 0.213171088533959 0.218320035583352 0.0713040921137327 0.101070109083545 0.053350000178338 0.0117352894124186 0.0474375892800739
0.134142346802231 0.0155116868417105 0.13307366058786 0.109370577959335 0.178342393207943 0.109639654152418 0.101184965147099 0.113451386575777 0.105283328725625
0.0219714033855089 0.00426228838349739 0.31798365198473 0.0122920533745318 0.109339780735036 0.131937127888815 0.138557998241782 0.0166656499327713 0.246990046073328
0.114505701481149 0.122058574650886 0.0893101761335876 0.145657142073185 0.0603868123156556 0.0783117634742316 0.168212732472588 0.133280902403525 0.0882761949951928
0.300990520758816 0.238439472645326 0.0109277076649163 0.151210402046931 0.022906097990411 0.12784974841854 0.0367749000767935 0.00449230369304259 0.106408846705224
0.0970504474525421 0.00400762631172402 0.0584616529560332 0.0782691731199759 0.231259990476674 0.15894254318735 0.0272820975819103 0.177745338721974 0.166981130191816
0.0206194504308668 0.237053955399816 0.0260571007329152 0.11384047757704 0.182457279395364 0.0576393069013069 0.00503932105840027 0.245917709298713 0.111375399205578
0.197892542097635 0.0449389071649202 0.0799918257304619 0.115492816911794 0.20512171966732 0.00116953566571703 0.18576862693772 0.164860737245572 0.00476328857885916
0.135725344861513 0.109719923381089 0.0978487686966167 0.061252300629294 0.0661520467612842 0.223529658538858 0.183389559447868 0.088796636568794 0.033585761114683
0.0684153903624231 0.0425431601011954 0.101267262603793 0.194022555367459 0.11867307993919 0.146328957371369 0.204292629028269 0.114610690574282 0.00984627465201962
0.00932491255220289 0.0977575957360882 0.216278827870154 0.0356609942039752 0.183723988615092 0.0799989810262007 0.083250676401164 0.221956352980777 0.0720476706143465
0.117212584844616 0.0240914694987202 0.161382541234112 0.058350123951963 0.101921128581975 0.147849819472904 0.052761102622803 0.178691138370357 0.15774009142255
0.1674992620322 0.0749970696949139 0.167505997493928 0.0974029977871562 0.0512109486098616 0.141420769645895 0.115440125343743 0.040079651678702 0.144443177713601
0.105248105070223 0.13986620568619 0.131738424589594 0.129612605681771 0.0400745027848605 0.0885588720441233 0.112210150179233 0.120640364985552 0.132050768978454
0.130028440139736 0.139024016026912 0.138364401246938 0.16732701133337 0.0921993440621404 0.0531432559999566 0.0925359193176416 0.0645297789148628 0.122847832958442
0.198084788735282 0.157593033235579 0.0545021530926063 0.198814846301032 0.0511713922904695 0.0921073508457003 0.0684866595509995 0.0637397193559348 0.115500056592396
0.110498387296721 0.111368382119166 0.0387582673253893 0.183109802637634 0.0684783453181516 0.176918168842413 0.174339605190976 0.017175671159835 0.119353370109714
0.134882468133676 0.145278850355744 0.0650857620160807 0.189426570095005 0.115795415007999 0.122459803470943 0.0735477308899033 0.116029629773021 0.0374937702576288
0.122410339295153 0.100758797197137 0.208328713924968 0.0740163955302999 0.0349631038987031 0.0943003248198778 0.021699204849018 0.180194918894947 0.163328201589896
0.0465285666453015 0.178046702925645 0.00115634360219911 0.25315939835637 0.226787196457644 0.123805928540325 0.0418348713748131 0.102269037441871 0.0264119546558304
0.191194653411206 0.248925591690075 0.0149498604578843 0.0102476622686802 0.205639662548883 0.128651979253482 0.158738912096702 0.028377038574115 0.0132746396989712
0.120226243651012 0.158668580450666 0.175820836810742 0.0538936207838507 0.0589934404586609 0.0891412207570862 0.17677606492917 0.0328610258799056 0.133618966278905
0.196199045104172 0.0130294676716898 0.182244951294131 0.195956013168475 0.046877474158631 0.0439710337996008 0.195414107843198 0.0187372351241815 0.10757067183592
0.0165275198658415 0.00197626339189256 0.130066992453361 0.195420897172406 0.141470652684495 0.208197194646668 0.229056079672646 0.0155793677380379 0.0617050323746515
0.20006657715419 0.149726273852322 0.046336122862953 0.0362576026962968 0.0733498669954176 0.178600569670028 0.162862611374371 0.114942590489508 0.0378577849049132
0.173287519062859 0.0914135917424038 0.0664118101202377 0.0958535198650228 0.0995365180726034 0.126908838030038 0.0924154982871568 0.169237786003827 0.0849349188158518
0.109180410005016 0.0200877507943147 0.057624103781058 0.29269728912475 0.117278659296078 0.00256969788655067 0.0277930482028414 0.283975474848234 0.0887935660611574
0.0897421505225252 0.196545165701457 0.232388466494782 0.16623426794056 0.0598156577579663 0.0277983955770929 0.0542209148887597 0.111735090840792 0.061519890276065
0.115073236844211 0.0709182696085163 0.113123922082093 0.132824673655965 0.00126647434678323 0.0278455612579763 0.0635133007206536 0.266806396080021 0.208628165403781
0.067739583623877 0.153678650965916 0.105061794992405 0.112487231950679 0.139661881898447 0.141618931494652 0.103533724181755 0.113486378203488 0.0627318226887819
0.241793000186178 0.0538927295823998 0.258242936463408 0.0947813629142736 0.039133298727939 0.0298787944448286 0.175506520379986 0.0747227445952137 0.0320486127057726
0.147832096459609 0.0551719273406753 0.142218414116988 0.107074073884615 0.113936040932878 0.107868249603128 0.102186669334756 0.119403815417077 0.104308712910274
0.216397322523095 0.151740660986105 0.199295646007492 0.0432555787206384 0.0558594333531904 0.0886816927962231 0.000239868609930764 0.112108091997593 0.132421705005732
0.0510206805874873 0.0969859212975218 0.153436814189023 0.0365368209234873 0.0669205718668573 0.134985029819617 0.10439665902196 0.15701653152911 0.198700970764936
0.112487553262417 0.195193046811398 0.0361726287885179 0.0781350194506947 0.0700768921008234 0.147461233883693 0.0350886674855474 0.118522698674605 0.206862259542304
0.0742038172245528 0.0403973324259246 0.0299660733620989 0.187177564271595 0.0031132693723439 0.378510380904843 0.0180095050493462 0.173545421079552 0.0950766363097436
0.0316274693862378 0.194997735983785 0.183391823611011 0.107131145441189 0.0630777834079612 0.0763831354773587 0.182397770479769 0.0199739636246512 0.141019172588037
0.206539926950166 0.0836585563361026 0.114699917832187 0.0843364824909092 0.105512455301159 0.174055564706769 0.0380953560466691 0.0227785296931327 0.170323210642904
0.24549058274703 0.0347362289514359 0.0130837185520157 0.0159112252216648 0.154793059158719 0.103507733529833 0.06934229755157 0.168340173650067 0.194794980637664
0.163362915158646 0.122991189058894 0.182656624835176 0.052417457974736 0.0722249748852589 0.055144785651279 0.147758793675553 0.124398467369652 0.0790447913908058
0.0503025300740702 0.16932590567117 0.0201024301259468 0.0929695924134699 0.111081139407008 0.167269381273443 0.106693958011391 0.0987306922979808 0.183524370725519
