0.0964266167602419 0.0701625873942799 0.18824037249523 0.160147061951004 0.112196290218716 0.149063851135059 0.1121489670155 0.111614253029969
0.0417402975341317 0.254669248265535 0.00122100963315454 0.0956738592866819 0.238225807806046 0.064529599368442 0.132310897075444 0.171629281030564
0.188116937392018 0.0465747701082967 0.105601779267059 0.0599003817533717 0.0491586680478077 0.173154000508391 0.179097850779229 0.198395612143827
0.162847766649856 0.0923237731719718 0.131166504055846 0.179444489771794 0.0917148056136913 0.0946784382057426 0.102581750230709 0.145242472300389
0.0032911181293497 0.0819525244100943 0.164865324427924 0.138290315834629 0.166542677121137 0.138928052025458 0.186428210011965 0.119701778039443
0.137285386723292 0.0248174914923125 0.154147999927647 0.220334688480373 0.0156725682340477 0.296049322938769 0.0640378633698884 0.0876546788336705
0.00764444827775996 0.2497331718781 0.161620391373977 0.167801230401492 0.0408304598327569 0.123536127019928 0.0131670288448815 0.235667142371105
0.156320540028623 0.0694254943224025 0.0361526659138507 0.0387244567399015 0.213423366339652 0.202287250076032 0.0764371312264055 0.207229095353133
0.143459423109116 0.149838953581908 0.17880688484524 0.180977794874437 0.111009194598215 0.00430685540784325 0.111768980170429 0.119831913412812
0.107973019476388 0.0248632167015974 0.170994028308618 0.0353597287266212 0.169024102383778 0.17915900980044 0.163258303343384 0.149368591259174
0.0855799932352755 0.094999999951356 0.101165297046107 0.0741742824646523 0.207771855798458 0.210027910390063 0.0481216771058506 0.178158984008237
0.19808205485465 0.221709613515812 0.0729840943155158 0.155662594252592 0.0846905023614325 0.150455287384263 0.114964280364161 0.00145157295157321
0.10600350250598 0.0349880676885248 0.0536523047236751 0.138958160071869 0.128403031664964 0.214005416715626 0.107419034892066 0.216570481737295
0.175171297907347 0.0596560903026168 0.203671750413057 0.0897913429616304 0.159981969892976 0.167358894146658 0.0415481336675766 0.102820520708138
0.197483163370318 0.167933529339256 0.0109978483873998 0.159293466261997 0.0462161951138296 0.124624627718852 0.214229610909067 0.0792215588992813
0.144661598082292 0.204756603781992 0.147287597598179 0.000503289452377084 0.000578195949111194 0.111047865784448 0.18802168742209 0.20314316192951
0.17775322718355 0.0605369238333047 0.235636544238019 0.0840533350032325 0.0750537615788423 0.0154076462347767 0.136206706230073 0.215351855698202
0.00121232197577724 0.272005110004741 0.169851932898847 0.00435663462201906 0.0119729060436542 0.131640698127708 0.287088340946642 0.121872055380611
0.116707754684957 0.171090795281751 0.0413641525553703 0.154659009284179 0.0456217681526833 0.041939070267492 0.163763462895459 0.264853986878108
0.193264644060222 0.154793903462557 0.10079126350526 0.147459476709989 0.00803300427481547 0.194564727952817 0.164364711501837 0.0367282685325028
0.10462660335248 0.242895634365992 0.0386365571914568 0.15381757615259 0.0977255181997616 0.209871061159918 0.0197374752840826 0.132689574293719
0.179658004942259 0.20841975944944 0.115531058237819 0.150092926358954 0.16680223397673 0.0245051531148751 0.0135939366946056 0.141396927225317
0.186099559379329 0.195765675033934 0.122152527793014 0.152183521159488 0.00916375119690982 0.0904018221390635 0.104730363757634 0.139502779540629
0.118960655136775 0.00304800440775302 0.064970056006276 0.0889690222207149 0.24293803012611 0.211580181740255 0.048234834676631 0.221299215685484
0.162452179458432 0.10072110863877 0.134443668532535 0.111995457396717 0.0941232205935435 0.160114095707571 0.153993047620727 0.0821572220517056
0.153907802539192 0.154121099451431 0.149824020733901 0.149054101924202 0.0726071114285868 0.0755640617590041 0.173897894370458 0.0710239077932254
0.127057315081435 0.0688353321121907 0.0150393742646353 0.269075453792497 0.0289002322025424 0.112888445386104 0.29604254627074 0.0821613008898558
0.0552390253951799 0.0502567261875236 0.152802564839603 0.00489746230885857 0.0981736776513019 0.279907793129804 0.0764878612094474 0.282234889278281
0.00199910082004382 0.0565135400099898 0.225866578143482 0.0809004804731644 0.00518149661093599 0.177430698518309 0.29937184920798 0.152736256216095
0.227269782442739 0.209802622947075 0.051505449331528 0.0708600065388268 0.167060551592933 0.194990906922716 0.0124524805766087 0.0660581996475727
0.067776469776484 0.0927637602844418 0.121154173072843 0.108187911184738 0.192280922788573 0.141995091654203 0.185668059314884 0.0901736119238317
0.134103723407108 0.274900451102938 0.0992966117249322 0.0503957057078826 0.0551945805212204 0.0887861649667576 0.0507844612489345 0.246538301320227
0.0465939710057539 0.0514791385840023 0.198494589402478 0.157539065201464 0.162266146407021 0.171402819785979 0.0643011502761157 0.147923119337186
0.222002738529973 0.138495392837024 0.051526992471463 0.131199361691771 0.0097306611017101 0.157735679537412 0.1272333638361 0.162075809994548
0.0404869918978761 0.0658405894430185 0.0407879251695049 0.135963667759791 0.211525504083746 0.214545391215617 0.0832514035847203 0.207598526845725
0.101590614912943 0.0676347426452678 0.00675534054299818 0.128584040556459 0.208581322009114 0.186989495618982 0.190509856261195 0.109354587453041
0.176200080040881 0.103902623403191 0.202818162716234 0.143941922541547 0.127678724920421 0.0446932403611285 0.113988310896191 0.0867769351204051
0.183189274207741 0.049950326083937 0.051703241072386 0.210142289283471 0.0629773768680658 0.0960395947517487 0.233795720526498 0.112202177206153
0.0452125787765635 0.0972818439136949 0.0496685201028218 0.240410318930682 0.0156199963351708 0.108449201464774 0.208030331059526 0.235327209416767
0.161057636497973 0.184680838922259 0.0991314369041269 0.187015728725611 0.0162549352202268 0.105819105093532 0.160138705115011 0.0859016135212601
0.189083263754685 0.0829251019458802 0.197010271732406 0.0807884156529124 0.0862929643638038 0.23737952911049 0.0437092168855096 0.0828112365543133
0.138207439864572 0.0713953770189291 0.136264460315914 0.140701567037225 0.158077471927343 0.147251372774293 0.0786496003221204 0.129452710739603
0.267963087128164 0.0626960061008324 0.177338976297367 0.0577756968004365 0.0103379669212649 0.0814396522099984 0.164175952003162 0.178272662538775
0.0830050917953196 0.0816299703615017 0.178036105571328 0.127128910735254 0.202565329208319 0.15553249902968 0.0686940687494266 0.103408024549171
0.213813087062629 0.0536650714441282 0.175304249830818 0.0286053360830953 0.155179030861615 0.150580523610333 0.20836075719317 0.0144919439142121
0.0184586170916088 0.166977317859334 0.166939827996831 0.0797857296761311 0.0833035656159873 0.230443051068793 0.0941695313943065 0.159922359297009
0.195004874138031 0.123633964702726 0.159299551906476 0.231407365645783 0.111271510066507 0.0566016205626435 0.0801304336412468 0.0426506793365854
0.190436821295651 0.12323077411458 0.196355296283277 0.0574071572199522 0.0804147416881136 0.00599176340346982 0.193384621424577 0.152778824570378
0.0100473995023853 0.130511955369457 0.27686795327084 0.0230082516783812 0.0348026154571269 0.251907903326856 0.146715360287746 0.126138561107207
0.162702149410252 0.16935041501914 0.131340350255277 0.147132676865231 0.122973705423337 0.0357734679643076 0.0461142057369467 0.184613029325509
0.174155160013954 0.126946996159197 0.168497669631389 0.180267359369227 0.159490146221786 0.0625833426841786 0.0831891149495239 0.0448702109707439
0.0986730159796221 0.165297179981455 0.0526771532949588 0.0865361609235544 0.178626425750359 0.0609567033328392 0.042776581981758 0.314456778755454
0.152331044171235 0.226897233070789 0.067142485840707 0.141148630249515 0.00528705304665645 0.0476726664070058 0.316005306753752 0.0435155804603401
0.162416518724436 0.175698044630527 0.0305370935743429 0.0747367204849219 0.166563076006338 0.11545415567166 0.106907764962328 0.167686625945446
0.191350196771846 0.0865065075914918 0.188510990723758 0.212032747191135 0.123099561514256 0.0756496249990483 0.0175047679900979 0.105345603218366
0.0204609020905031 0.0938378405515932 0.115615948706003 0.0625213065342848 0.259958762845261 0.16893444609213 0.200833811504859 0.0778369816753659
0.0529146633107174 0.178666435441029 0.148185208849061 0.0502803480712204 0.107687713084835 0.12658949707802 0.188374643749415 0.147301490415703
0.1742341916198 0.143480923608117 0.165251258002385 0.152037437922874 0.0747804544768385 0.0556911261724832 0.189845582750325 0.0446790254471775
0.139693696336474 0.169169438551863 0.0792005649251279 0.00981052913357905 0.191165432691899 0.193557791049516 0.0310092738703854 0.186393273441155
0.0862702335548203 0.117435575481433 0.161975325088559 0.223522009564312 0.120943102844889 0.125982415564618 0.123242835141467 0.0406285027599027
0.231628125571321 0.170469112139301 0.0332984089845403 0.201830717372929 0.22698884996268 0.0954665866263814 0.017867305243654 0.0224508940991935
0.0494493975328146 0.129252043866037 0.165355428472181 0.15181095314318 0.129346956933417 0.137918042739976 0.166673653480279 0.0701935238321138
0.104977217471701 0.0048393125548827 0.0373238594438274 0.195154995217884 0.147951097662815 0.170108994215777 0.103322988070475 0.236321535362637
0.077774982374082 0.0530556659986117 0.161409706077155 0.098772094480467 0.15931405248913 0.0216991629990792 0.263492533147411 0.164481802434064
0.234747249079568 0.0537999705841051 0.116378877937373 0.248586703632122 0.0852096846225357 0.00843934634804228 0.234984896869052 0.0178532709272013
0.0483129164949846 0.17466939598391 0.132164365479589 0.136098176711238 0.0857039354442811 0.143116774225982 0.174909907646078 0.105024528013937
0.21974218287931 0.10210643936165 0.111389336193732 0.126731511159826 0.117281355184073 0.11749819731548 0.12712123649701 0.0781297414089194
0.0945650986712974 0.193469989725243 0.223267320537512 0.169977274598093 0.119944111812588 0.131367167152019 0.013599760693061 0.0538092768101873
0.0899868746091671 0.07009538779406 0.178395196570932 0.218418593342608 0.0111451243701367 0.125494029905553 0.228113662854957 0.0783511305525871
0.0306179568617254 0.202923774895987 0.174769826973456 0.146395126625247 0.182458783793595 0.0553093645148107 0.0359146215194383 0.17161054481574
0.0810465983568563 0.0282815815876168 0.197523060180612 0.11719261417988 0.210125523653635 0.226802260808636 0.127468746242821 0.0115596149899418
0.226191506993044 0.339457673838089 0.00104506421261664 0.203777345268332 0.0763764315336767 0.125711744975195 0.00603035828073844 0.0214098748983073
0.168551567578283 0.18033093064722 0.126187617336729 0.0742158367928925 0.104508199397984 0.108190743080564 0.0785961425337746 0.159418962632551
0.164234533098805 0.225972188923895 0.123633450863652 0.000550987881496439 0.116411917668313 0.16237769426036 0.199690838121025 0.00712838918245256
0.141749415284002 0.255041698866619 0.0599952264575311 0.0399207650967681 0.0579801607326412 0.202453142488594 0.0441581843944129 0.198701406679432
0.182586624806746 0.214009432097798 0.0164298832131181 0.00578926288231171 0.239350103353216 0.194396039267724 0.00494767334160226 0.142490981037483
0.0665838608973514 0.166781792066336 0.175971146683833 0.0481173418368492 0.0602010568394085 0.216973690042515 0.217044257137419 0.0483268544962875
0.133462418000199 0.130368371473886 0.11078159492887 0.113458507402247 0.158868272915629 0.10846245639917 0.0776724979060735 0.166925880973927
0.152355003060994 0.130924105066483 0.147934634860723 0.0217940966760797 0.225613730318626 0.135487067338502 0.156058445182093 0.0298329174964997
0.156890200537725 0.0920900804659504 0.188454996805905 0.125953284667306 0.109579205474947 0.112259727864001 0.121654546241801 0.0931179579423644
0.0340691075684472 0.219127841172193 0.0588152308539662 0.133039591819096 0.0764086704288857 0.151778500731925 0.221359934630812 0.105401122794676
0.237712429418403 0.0399607492019763 0.132923051165657 0.121387577004087 0.160288344084944 0.0184323766339678 0.100447383586019 0.188848088904947
0.0293940424994206 0.101947253418957 0.319972121417216 0.165209831283672 0.0597548258516806 0.0347046511275893 0.221206568010841 0.0678107063906233
0.216486672934309 0.0650761963606656 0.0755933540097573 0.307673427852666 0.0150208010521949 0.069920640642165 0.176678247058829 0.0735506600894128
0.0389639310362955 0.234868900091768 0.0726211514573066 0.139199976774432 0.239530515267095 0.00224997976063145 0.209121989849616 0.0634435557628551
0.146807058094575 0.0932957882660699 0.249354384389089 0.11111518011819 0.00816517255982156 0.126428006173262 0.134220138526698 0.130614271872295
0.15093456374964 0.156993772282501 0.134106360655041 0.207042142499971 0.138156077534844 0.0960239425900562 0.0679075004832725 0.048835640204675
0.101871267499859 0.207388571296785 0.161618566029734 0.11115445033213 0.0995705012847564 0.125684365159183 0.0266902178918952 0.166022060505658
0.213616606280355 0.0353216351290097 0.187918817641888 0.17572995639842 0.101959842865084 0.0309083801573179 0.200541096369261 0.0540036651586661
0.00481716841217491 0.0461357074640314 0.133322162634692 0.138913504047329 0.390618486950096 0.0584751437057929 0.170419826370939 0.0572980004149444
0.0776167372113573 0.261057339617794 0.114234074918691 0.139989663021983 0.00411363584361818 0.0842438420956596 0.0426714359421643 0.276073271348732
0.0189001612859822 0.177319751078445 0.0714696368097298 0.27628146822189 0.0400941206665473 0.226281229121222 0.148192174299945 0.0414614585162385
0.158016625226285 0.157992105512117 0.0537574893008022 0.174317637993994 0.0307661283831095 0.135751689535987 0.190320726808051 0.099077597239655
0.02203774587349 0.169512919735963 0.059759538159825 0.170460531551778 0.115601943464143 0.133522641622411 0.177284716936654 0.151819962655736
0.127627751091853 0.167583753123679 0.16455114973115 0.0217434534846732 0.172924686819595 0.0905316163492405 0.163546508284939 0.0914910811148697
0.165653113320801 0.09769591654877 0.170212492764816 0.0482366404862745 0.16151869036372 0.115292309021775 0.167544334139821 0.0738465033540232
0.142670286204211 0.176008040574571 0.162875788155039 0.105991626021134 0.0928354296194044 0.084670360755553 0.0866289266901289 0.148319541979958
0.116680061093968 0.0603686644561572 0.218204886621737 0.0424973568825196 0.0777602361249925 0.154366399405813 0.177498115552011 0.152624279862801
0.0561295866185858 0.127704279675693 0.179531388276421 0.23592009253223 0.0357934113434977 0.023660981541079 0.0960446064631349 0.245215653549359
0.180256657646442 0.187719681706284 0.11083184581452 0.0342575087003061 0.199059640197152 0.0276976118419102 0.0645277005051446 0.195649353588242
0.129033114729585 0.145763675692236 0.139819770560241 0.136883042535242 0.0287595457444199 0.126463666328337 0.149954730105309 0.14332245430463
0.112776246870126 0.0821102423099929 0.161131977716947 0.0748846035160914 0.137404350036115 0.154096128240616 0.129894811854057 0.147701639456055
0.096090741199739 0.184632498506982 0.0984522753425939 0.194848872989987 0.0851455085645394 0.136343058282503 0.0773150560651887 0.127171989048466
0.0261111675944976 0.0210812449179737 0.192111420079481 0.0263433874181378 0.143489187042836 0.0598838277176841 0.260803274012518 0.270176491216872
0.0514647607890858 0.112956929408045 0.127478124030589 0.191820623867185 0.185149969146881 0.0278478259428156 0.168163007076632 0.135118759738768
0.166182488286511 0.0176219199349105 0.136790518711385 0.138106504235565 0.166943441162462 0.164413278363078 0.113171290065398 0.0967705592406912
0.0941432069454495 0.131761315250092 0.0310921716423867 0.100812491936819 0.114828717522228 0.0918525009397355 0.246850091637476 0.188659504125813
0.181783700244742 0.0787766763712743 0.236094137214852 0.0385621597232017 0.0603999334632378 0.164422193642584 0.00610169259115449 0.233859506748953
0.00357707474666359 0.216104207521286 0.0903711960964439 0.235562555174655 0.131505062028943 0.0749135523679386 0.218140401719287 0.029825950344783
0.0604258755926998 0.0555326948574378 0.0547247364157077 0.211647492318841 0.178506864171569 0.123525704565338 0.182161697167159 0.133474934911249
0.0696725099669826 0.240042742182429 0.0606583640093907 0.0492249918371525 0.132517696597594 0.173123429914395 0.0646860078876796 0.210074257604376
0.0469629779294047 0.263858184405969 0.2476588284327 0.140178836422637 0.0499250555016601 0.0092598233951465 0.208005647139777 0.0341506467727065
0.160204968602528 0.05611834056324 0.121058956125633 0.145697904983584 0.16884370125808 0.107033451631345 0.0849335999876135 0.156109076847976
0.168832677273116 0.080601132728939 0.248028156127519 0.0711437301065708 0.136331918864101 0.047502867539281 0.111972292028747 0.135587225331726
0.234706433201303 0.106297401650836 0.210032749417352 0.168034541630184 0.109233520670129 0.0741892235330187 0.00587903660747878 0.0916270932896984
0.0596816161402059 0.229385787555093 0.23964976437787 8.55543003486139e-05 0.202275790643028 0.060016438345684 0.169643347460042 0.039261701177728
0.110414189445854 0.0935399099851015 0.000483591230040306 0.113893005048424 0.204636276787571 0.138771407686961 0.139825552899432 0.198436066916616
0.0851903028179952 0.169367326254192 0.00254913917163963 0.073363286699137 0.201050774512638 0.0847477181886969 0.178454062500822 0.205277389854879
0.1291562039026 0.103903418787791 0.0205124284124796 0.115972176600709 0.17961624074127 0.169762245222651 0.217760246624786 0.0633170397077131
0.159748646351576 0.0683986452593782 0.0140322259836961 0.156262486440833 0.139022466256719 0.203698147992136 0.158122622507889 0.100714759207772
0.00626021818215543 0.197535514325727 0.141848399640169 0.0806166368487596 0.115281831894822 0.197924981525152 0.183953658551182 0.0765787590320325
0.355177950150843 0.0526932684558817 0.0488157838688782 0.137307349294348 0.0715127431412203 0.260066587404644 0.0226878147614447 0.0517385029227402
0.200926396508485 0.00466749116904641 0.0386456239679594 0.253003432517332 0.0420189151380252 0.0567311909315842 0.198073134688562 0.205933815079005
0.214635633356937 0.168871802856149 0.0446299506475317 0.196044809287057 0.0949877011876443 0.0765373118745956 0.19634729688092 0.00794549390916555
0.185815101999799 0.0639284674269043 0.108262432240608 0.121497081699826 0.123652715453158 0.132491806652656 0.155230526703099 0.10912186782395
0.201434263939589 0.102632122966344 0.0705868702586263 0.0215312829474889 0.222655145308354 0.195424242458571 0.131048199701583 0.0546878724194428
0.190881867050901 0.131916037912904 0.0864722729808844 0.0643246798882426 0.00378993657355084 0.199990307516678 0.187072063939212 0.135552834137627
0.124412827415856 0.143583801452694 0.0455698798796189 0.173773661790608 0.159280778359619 0.10990861575243 0.155197905219364 0.0882725301298099
0.0720041878850307 0.176366698318218 0.242501984277118 0.17641843178053 0.209443351999678 0.0394175604130407 0.0484513972368334 0.035396388089552
0.0995924461254553 0.043234021777416 0.067332543355416 0.23659111592733 0.0265200740383268 0.20777941078443 0.259374610099474 0.0595757778921512
0.18423836158686 0.0539258480858228 0.153062205999452 0.134945670889259 0.149994489089936 0.118248634744453 0.0972339258762171 0.108350863728
0.13452537877413 0.0121043501960868 0.268894005851127 0.121924629921066 0.227800719168468 0.0399509652359903 0.029531468729439 0.165268482123692
0.0611678516130445 0.0179293843615478 0.166391976353892 0.0901191210081848 0.182751404333987 0.0954716975278447 0.213032225421975 0.173136339379524
0.264008415807543 0.298609600504206 0.0612937787701957 0.130666784290522 0.0507694830096824 0.035638264891636 0.103914120524628 0.0550995522015876
0.0405783562255536 0.0757260410007885 0.158930297287425 0.0753335935932954 0.271084196855109 0.281999338248633 0.00933716518492804 0.0870110116042679
0.0145171047138828 0.172907509013576 0.235238681785878 0.112453795527282 0.142292561659913 0.13783529745893 0.102325089566753 0.0824299602737848
0.145558459224526 0.0350187154487593 0.168201585645723 0.0500980775840694 0.0268902513848083 0.186733477359408 0.199824830244522 0.187674603108184
0.0341471621805315 0.238656285560897 0.0701575778741939 0.131339111779206 0.205279747683304 0.121968054892376 0.0758458346078237 0.122606225421669
8.35437211666578e-05 0.194996395607894 0.0409816311971099 0.187008435341312 0.144420213799697 0.172316863808978 0.100079514690955 0.160113401832887
0.151677650982378 0.242184143737564 0.124989439114296 0.110091780137588 0.0504566668049695 0.0769705015918918 0.0170624291797136 0.226567388451599
0.143376800654667 0.218467177489763 0.0694235860743451 0.0795669554416387 0.219152229351397 0.112892638781808 0.130147234160555 0.0269733780458264
0.0642136641327485 0.210660846472262 0.146612227733009 0.169458312704208 0.221694254570067 0.153343397263123 0.0105853110266155 0.0234319860979683
0.211666131468868 0.047669716703716 0.0467617536903921 0.117665226623445 0.189299798796899 0.0667150768097762 0.236783406356747 0.0834388895501568
0.162604842921872 0.0557530498475602 0.0090248615629229 0.157106902466981 0.0585999441148872 0.171920163095726 0.214593536210145 0.170396699779905
0.00226243967422129 0.0647748062456308 0.109826311687304 0.253545472182317 0.153427687545652 0.124827337519546 0.26723182216341 0.0241041229819195
0.00393511196953244 0.206538689666847 0.226278718149852 0.219611907854849 0.0955694040915357 0.0974617391409037 0.0729396968299185 0.0776647322965617
0.0425726673451148 0.14845994956925 0.149779539931107 0.065647012922727 0.0243377833242037 0.228601503292505 0.243925372711361 0.0966761709037325
0.0584253832665469 0.0696901539831689 0.00479233005899915 0.22183996746339 0.284356706777124 0.239427494365178 0.00041700123088341 0.12105096285471
0.124012902989727 0.141756214226159 0.161958225807364 0.155990252990239 0.0567232737012582 0.0772910667464241 0.14777510041412 0.134492963124709
0.129617633832738 0.179631819997842 0.0342598829700987 0.132781650435971 0.198445597817207 0.116090834864585 0.117091456786033 0.0920811232955259
0.0813816620833823 0.189363768960913 0.0527108146189601 0.237999962557793 0.0317318624592511 0.0829690552993435 0.068545888120312 0.255296985900045
0.0526546019097313 0.169243695517554 0.0633351252313108 0.0724717761161939 0.210281383942307 0.0447385288127218 0.1994413972121 0.187833491258082
0.0883889025664813 0.173903675183997 0.16320946516081 0.156808956019071 0.153222397090219 0.198157520836226 0.00167496072377077 0.064634122419425
0.119447352270892 0.139673642905047 0.187767058422956 0.110257440304389 0.206295730184759 0.13901215557047 0.0162775430812325 0.0812690772602541
0.277879580996859 0.105450333807335 0.276932769341346 0.0693274172331106 0.0428447656468036 0.139855795327316 0.0781196497652347 0.00958968788199516
0.156937583895889 0.215705812638223 0.0847598212660485 0.0987590049840336 0.1232181473738 0.202619253576283 0.0681730603295056 0.0498273159362166
0.0530722791097124 0.200068058972421 0.0489730940800205 0.179865566563855 0.0584348899330106 0.182530129547271 0.157352121876997 0.119703859916712
0.0810491756506496 0.0837705936590246 0.175747785586503 0.0837523581229253 0.0964301729781991 0.20860911101547 0.16249395653537 0.108146846451859
0.0817974588179219 0.250504119136952 0.173234305339974 0.0264388186838125 0.0434611946659286 0.237857894197811 0.104380347207586 0.0823258619500151
0.170627628614992 0.157347424429164 0.058503704282659 0.144639591177994 0.139866272300239 0.0671908337524645 0.167674305933496 0.0941502395089924
0.241256214905264 0.0992166823115592 0.0988037564160868 0.00141479960800692 0.107155458799445 0.06066484062653 0.175743039433604 0.215745207899505
0.132887206281771 0.0756900024503276 0.172232012239003 0.155067808054281 0.0929410325535319 0.214559636243044 0.140197277053347 0.0164250251246948
0.156948116483408 0.0631322652073931 0.0771471492424408 0.172117914380406 0.167356337988682 0.050965438285755 0.138692930674307 0.173639847737609
0.0783591349634344 0.130697745668823 0.217756535335308 0.148501244470769 0.0331479611122509 0.0640585691931663 0.189809840055502 0.137668969200747
0.168980620211381 0.244832742897455 0.0995439522680623 0.21366347682066 0.234155225151457 0.00903032495242965 0.00680997873489766 0.0229836789636576
0.302660376151913 0.0239604247705015 0.30277539207139 0.0384068559332522 0.00332923412287866 0.181614120668045 0.102693298219299 0.0445602980627202
0.112703688833387 0.0737909899583552 0.0801636920243922 0.0143514611655747 0.155453942538252 0.189516925752499 0.146235353013026 0.227783946714514
0.13571230317791 0.182630573443084 0.151073969705146 0.00279394408528061 0.127203759352587 0.174750842699752 0.07451427680548 0.15132033073076
0.167060427707421 0.147171751595183 0.100777954543854 0.00372400195701085 0.21208033082561 0.160099976955989 0.131710011762069 0.0773755446528634
0.00431244633173747 0.332070788569732 0.0641084829876615 0.200986083313749 0.0952469023231984 0.219476804136687 0.0805855503513244 0.00321294198591018
0.21325725251139 0.131970240668546 0.0130489126135157 0.167948668272459 0.268550231528233 0.0132662561233116 0.00105182930807031 0.190906608974474
0.00771011184345706 0.151713723302291 4.47832993399586e-05 0.213859571825688 0.189227994027912 0.167712295640453 0.0541424217945967 0.215589098266262
0.150988568463557 0.099093342814412 0.168934963958176 0.0909550748671313 0.0717476672167771 0.135662520112357 0.10833744255313 0.17428042001446
0.0380901364514338 0.248539604824378 0.0379956238888094 0.0111888139085156 0.072849358345133 0.257152149368781 0.1410990242322 0.193085288980749
0.0837009260388503 0.172850142983273 0.173202715811592 0.193608846521049 0.15843392982698 0.0222344595529247 0.0288768344381391 0.167092144827191
0.143199736844146 0.175422358718872 0.256491234532591 0.0490440157452121 0.0509613183147887 0.0903544993873324 0.215238508202705 0.0192883282543537
0.219403593936674 0.0183642217801863 0.0631929860855853 0.117781261417499 0.0649130740892161 0.14188111553911 0.0383336496947274 0.336130097457002
0.154872884071369 0.184487852512853 0.129276585088857 0.0282339089128256 0.195485590566755 0.018996030228884 0.156895529098539 0.131751619519917
0.141332011288209 0.012368343297177 0.0710424951078731 0.107598576098814 0.240489440944526 0.0545263973410876 0.192008724676674 0.180634011245639
0.21293520829731 0.0941857875060062 0.142268637253518 0.248527665926462 0.0613012056073212 0.146022985886116 0.0101975266479599 0.0845609828753077
0.0235104568368837 0.0626126217397881 0.145680719635504 0.157468339684415 0.0683627184449442 0.169413694998672 0.20852150860364 0.164429940056153
0.187200655985132 0.110674428000181 0.114244848103537 0.153291658189234 0.114319766550247 0.0110053728192455 0.101716131845774 0.207547138506651
0.0726872983551823 0.190073922028189 0.00996258783055894 0.0252581294674147 0.186459684861745 0.138780773135448 0.178884268174455 0.197893336147006
0.170485095086582 0.0507662461840834 0.0506170721295272 0.212621775066185 0.0461751865987603 0.232206719741303 0.07751490416137 0.15961300103219
0.177141709350909 0.319245512576383 0.0277450645398975 0.128158918745301 0.0483152274035663 0.013516092125615 0.151033475678759 0.134843999579569
0.189543314668989 0.0858444834227246 0.0232854139254481 0.214121183803699 0.189695423030332 0.00392397049365917 0.24551215016272 0.0480740604924289
0.0848165318003252 0.185169611237986 0.154290497327746 0.157185555507598 0.112208535854812 0.0400959946571203 0.0398952998074551 0.226337973806957
0.0734198028877457 0.0736735929696308 0.190859784197569 0.218872298660068 0.03600241015441 0.0569028246791441 0.150851939139577 0.199417347311855
0.163495277719227 0.169374158701927 0.039873639690963 0.0781534363084721 0.123502941767017 0.121284978602672 0.20310533762841 0.101210229581312
0.278856190966127 0.260822302880332 0.0780506116442924 0.193538460843917 0.04911401587517 0.0415188065356782 0.0460598887615961 0.0520397224928879
0.0729600203521492 0.0460748627219797 0.0661631649602941 0.196860318018044 0.130112156344787 0.233400748347171 0.110787882509913 0.143640846745663
0.0269461271188505 0.269341577722455 0.0627668239802508 0.042295043831472 0.205022169875525 0.206877131958805 0.0165838778113782 0.170167247701263
0.075447086045431 0.176081741360384 0.128978116401106 0.164614931177781 0.0904077317955521 0.14693482331657 0.125283909283911 0.0922516606192648
0.1761508619727 0.0975624523721238 0.148549287433786 0.0232967048810791 0.0367779952350943 0.255895465365138 0.0755691184142154 0.186198114325863
0.128971637187239 0.20195725458638 0.22214727381127 0.0211010925755351 0.15820601816201 0.0126950132149437 0.127024617913677 0.127897092548945
0.0133184146852814 0.255060121793864 0.163652571778254 0.125489118570938 0.0857770677048184 0.164441727061177 0.0463689128849601 0.145892065520707
0.212509924151333 0.242894062676815 0.0545953531141052 0.127428466446074 0.0370304907591857 0.0250192164511713 0.16207193379993 0.138450552601387
0.162659922235091 0.189884813188167 0.128496228925304 0.0919594167090452 0.0712089464832964 0.143774061503669 0.181791234125931 0.0302253768294963
0.0685037985243822 0.120382165198619 0.160151749450648 0.0751721498461622 0.143049513270813 0.218371893499757 0.0577423518726749 0.156626378336943
0.245379071742638 0.104439046871154 0.167330587171733 0.0719553347477342 0.173082472288101 0.0561908301759992 0.00527267851650416 0.176349978486137
0.0233067010263756 0.185029330817319 0.137182879862334 0.187506564461771 0.197748582651855 0.077713611420908 0.010791621736388 0.18072070802305
0.0746659018305023 0.00675037602462654 0.0386633191893834 0.193708082766666 0.241474787178974 0.179148088799875 0.131921992831284 0.133667451378688
0.0195947011624954 0.139243039328365 0.127293401823185 0.0195839615776233 0.0808236512368411 0.254547111900466 0.144814384396607 0.214099748574417
0.213769481928056 0.1049152146956 0.0411183941737835 0.18736187176207 0.0972270711238016 0.179990070711451 0.0422794224484564 0.133338473156782
0.141810884895215 0.38553205803392 0.0854895076823149 0.0747342406727234 0.104236430528209 0.103836934066676 0.0231815150633778 0.0811784290575644
0.202586132375164 0.163174569586183 0.0795918643765778 0.08824037184149 0.0420416142341044 0.232490351440116 0.123225231569051 0.0686498645773136
0.152198337608105 0.194441081518767 0.0324291967603284 0.154029086545429 0.0895656728909953 0.0606303078905869 0.206069811617273 0.110636505168516
0.0997123773328584 0.113704404371715 0.0484733438695186 0.278257565728513 0.00165683460407067 0.0142258089847497 0.273661392840141 0.170308272268433
0.143992837026236 0.122729218922199 0.0522587168180904 0.153099174036513 0.16296373333805 0.148504050302902 0.129169765835021 0.0872825037209885
0.0792692482118195 0.262098852385559 0.014833779183789 0.123171117862399 0.248804924195805 0.0856619401414915 0.148962969343266 0.0371971686758712
0.211751021090714 0.100328226503535 0.0104990334509787 0.201094781218029 0.0501933877331573 0.172807110360879 0.168828432212305 0.0844980074304015
0.163942119122176 0.141455489035763 0.184530781761602 0.0590515022711799 0.173406671625771 0.10018199885341 0.0398310960003267 0.137600341329771
0.0226612069122371 0.214899582635528 0.0223723992081215 0.0752970067089387 0.172616144530372 0.125051673924232 0.199589184625916 0.167512801454655
0.146715462396382 0.0171012382332101 0.169015233585081 0.15943260572575 0.0645256900187284 0.169101126303462 0.243058874858307 0.0310497688790786
0.110907253524716 0.0919154071829669 0.130184374199875 0.222326459469289 0.144232600144977 0.0623548367671217 0.0765505461641603 0.161528522546894
0.121496711498074 0.0186945884327637 0.249583796571255 0.154693670857933 0.00808110439927752 0.160008173052665 0.0836393077098173 0.203802647478215
0.0988039385146334 0.129285833534545 0.269027652752911 0.0268256309004092 0.236012132163706 0.104897685417733 0.0701849734539006 0.064962153262161
0.00518364748026563 0.0687521813337319 0.231952104946091 0.121465348018046 0.123420472589855 0.183120929228804 0.0950728712231451 0.171032445180061
0.012628335058552 0.207840821482229 0.195745364023607 0.111168075110699 0.107458199019702 0.254168519598753 0.0552242482996622 0.0557664374067951
0.0311333387654692 0.200751133884807 0.0569884606717248 0.113977315998882 0.20036219310148 0.146305682569688 0.177344838427351 0.0731370365805983
0.102754185833433 0.216656077548509 0.0251996864109519 0.139372820380973 0.201655909510284 0.174300590142606 0.067847875918945 0.072212854254299
0.263720739860824 0.114658571754218 0.192733797015845 0.128942999718007 0.201495366845241 0.0367410698941284 0.000742825206397796 0.0609646297053393
0.0155535368637472 0.0346526135679399 0.232473343632117 0.160906723068904 0.0806619459066313 0.253949805555659 0.163704852814573 0.0580971785904285
0.0220093460960499 0.0577064450587943 0.313724790502306 0.0906217927644442 0.0574307549887912 0.17288464197474 0.189238369718938 0.0963838588959354
0.00522815393276534 0.0727377225430661 0.13345532172877 0.0012565804008128 0.190500076417215 0.217565818226448 0.240935024144945 0.138321302605978
0.0618928632541506 0.110756562796632 0.0820588671131786 0.0228184137160079 0.159502040746936 0.139331020472714 0.199937884632667 0.223702347267714
0.0600022988777514 0.121245653507242 0.0938134008416885 0.215327828884318 0.128472826228154 0.0983750308862784 0.100861458849631 0.181901501924936
0.255762539557392 0.167251959875955 0.0942179601270431 0.0945078014437106 0.045139225236478 0.158033444992077 0.0633873688516934 0.12169969991565
0.00465266051288786 0.210095485125659 0.184732318518467 0.0880790469454599 0.167938849458278 0.200871329904571 0.0296048276278732 0.114025481906803
0.175900533509312 0.166330781315428 0.146204178682141 0.162486021089804 0.0982967084362279 0.0633826505673523 0.151013598066122 0.0363855283336119
0.201881950866735 0.123271905970957 0.140692357379022 0.106996890931952 0.0419517419676422 0.195484229147331 0.147174617741246 0.0425463059951143
0.0913950648801298 0.124975107434261 0.00670312203241416 0.152195377299541 0.244832941883249 0.0573666298995495 0.0988760087141533 0.223655747856703
0.199673370827864 0.181860164846752 0.0109883024949906 0.167776383808139 0.162538508996345 0.115942614598235 0.138795000641588 0.022425653786086
0.212649547156525 0.155289932680183 0.100939952106906 0.0503513847231083 0.103408633599748 0.218335684215608 0.104366960854985 0.0546579046629365
0.115424435339908 0.142269703748838 0.118933710337847 0.0233909630247515 0.221522679677746 0.116052391346851 0.0662243096425621 0.196181806881497
0.0347467703177795 0.122304326394519 0.108368707781677 0.221795979785753 0.142776097475964 0.0321381167218969 0.166723651790128 0.171146349732282
0.0648107666931623 0.0371710039308562 0.124193643523213 0.145683553984334 0.173150234181811 0.172500174582554 0.109288657154448 0.17320196594962
0.111459772401078 0.127949554440483 0.123840882996136 0.082580523225318 0.162501193822223 0.144108530464014 0.170351695214781 0.0772078474359668
0.0641160242981066 0.0911231070557811 0.0324345894150883 0.203578999047904 0.174080402110144 0.203768498213326 0.0815905522331012 0.149307827626549
0.0781670571424275 0.0768494931935051 0.116779348975499 0.183797224381058 0.159300178059891 0.148181644755333 0.0855960268777578 0.15132902661453
0.273620232007568 0.202236744500656 0.0676472622497748 0.000337310096431567 0.163149865499974 0.208154858301437 0.0519950425945455 0.0328586847496139
0.124294209695094 0.261775517467711 0.0491466735761958 0.19991657691603 0.014172965846793 0.172199333493719 0.0936150003506212 0.0848797226538352
0.171133841137541 0.109371015987428 0.0848110124568556 0.177916388733636 0.023107790215998 0.138210708950616 0.14010325988129 0.155345982636635
0.113974060950627 0.168437927769488 0.0396095628979539 0.180863785244059 0.154500992882234 0.0248267076203776 0.178818286684344 0.138968675950916
0.148800142114171 0.0651193821903183 0.0159944841779214 0.0226518217487842 0.243670062165117 0.17224644286775 0.0977704047829655 0.233747259952972
0.139138926589182 0.166229375411897 0.185393765359642 0.135330214930791 0.0521590771291928 0.099739152182826 0.123548164577223 0.0984613238192451
0.178703259668174 0.0957704002287863 0.108523300010973 0.0450055678096367 0.173503323603933 0.0705304863846049 0.176248198614833 0.15171546367906
0.167114789699993 0.0191421242192621 0.077499111497435 0.090453057426556 0.0283138071611498 0.266108120283016 0.235493268034261 0.115875721678327
0.0588401671447781 0.150307913221411 0.078140050649654 0.109675581794365 0.0407612735859026 0.1885961178819 0.207023502646441 0.166655393075548
0.0463717648539217 0.0100773659651515 0.0122788941068103 0.131052607492982 0.267516356130689 0.181988971270988 0.156286399632907 0.19442764054655
0.121899517148228 0.142893375804576 0.153421845190197 0.235625911282632 0.026761435604983 0.150448199506199 0.14457857281499 0.0243711426481959
0.00645279398791146 0.00351809905163883 0.411066710671541 0.341548671289806 0.031010402550985 0.138227202420226 0.0423202724905629 0.0258558475373293
0.0250535215360797 0.0207574993741602 0.0660179384251033 0.0808782782167516 0.240629588789803 0.301227983815186 0.183962402152801 0.0814727876901148
0.198229751070217 0.178103859969073 0.0884423548707774 0.0782365185558294 0.136878443322169 0.0707598162763093 0.0834233261679162 0.165925929767709
0.00856042815050633 0.138766780755807 0.219460319456629 0.128884062582766 0.165745083738374 0.0751819691034978 0.0631187814794482 0.200282574732973
0.114048163164792 0.220641158260839 0.0087509190421149 0.217140795963891 0.175186354902119 0.204084102105095 0.035158542536859 0.024989964024289
0.0515485313979481 0.0690297094447716 0.0839821314318003 0.207550983846799 0.197952287369288 0.128454898010353 0.0827449339121919 0.178736524586848
0.213065886996341 0.0812542211999975 0.21433470472519 0.0490958299260843 0.0626672858404643 0.0289565311418105 0.134151505775699 0.216474034394414
0.0571186771342005 0.117810657605645 0.142101744830931 0.168177538636814 0.105445916324309 0.18293216275843 0.0291751697439459 0.197238132965725
0.177707886295019 0.171475515469225 0.0352901250053744 0.13178887654072 0.172804685497894 0.0215775774658055 0.076183720389921 0.213171613336041
0.202430560079582 0.0766893864024033 0.137998513754976 0.113840926079155 0.0107155089065499 0.196936912787306 0.196853804052635 0.0645343879373927
0.117734538870401 0.0493630632731545 0.116288096429 0.230650280123642 0.0513947222381214 0.206678526452584 0.164794225822858 0.063096546790239
0.055620746708983 0.219491468302922 0.000836781947509703 0.0122913124612716 0.145309354717285 0.135489059208676 0.23024844195376 0.200712834699593
0.193668370970944 0.0678503150642645 0.0204953028077281 0.1964080398941 0.127495219872738 0.125193436177325 0.0634550199108686 0.205434295302031
0.0748346682857863 0.0670015839076746 0.0290566220631746 0.210286239081781 0.192862144918232 0.178446867343043 0.124904074613516 0.122607799786792
0.0093032083507485 0.10770969943279 0.142730134873667 0.219072471819527 0.0484143635690281 0.0457105182849892 0.194777891405084 0.232281712264166
0.226876848252238 0.157198519697029 0.103764930355256 0.0467460138376408 0.110784034830881 0.00365280394101827 0.0253775151877786 0.325599333898158
0.0632844511808692 0.179066650135075 0.0989057825935823 0.133551405357348 0.0328502107437598 0.0869807951207339 0.209601079365815 0.195759625502817
0.031427992052038 0.0766765297955514 0.0875623988623455 0.190859511230732 0.109510101293541 0.133448097593222 0.0919680648870474 0.278547304285522
0.107462344961484 0.135787627285676 0.122585325333233 0.214878291361709 0.0581299631971825 0.121058136718641 0.0280188158238274 0.212079495318247
0.164876963143653 0.105829781068465 0.160948612047011 0.148194490168955 0.167908013179575 0.00279639188134207 0.0813146185386373 0.168131129972362
0.170172219267748 0.188928822701304 0.0785098557602436 0.138561662784903 0.0723366181555226 0.0767248866697234 0.208620554891364 0.0661453797691921
