0.154211295677507 0.127192919637328 0.11836408203979 0.177006084942965 0.158486112977079 0.0749420611120795 0.101313928685976 0.0655579369682167 0.0229255779590609
0.174855928911478 0.00418581494169898 0.111764603559308 0.128966994523291 0.0693071659999939 0.123863629554386 0.171857488312737 0.119709926622694 0.0954884475744141
0.157273053034439 0.187941487901769 0.167511653081181 0.0539634685074438 0.050974460644568 0.0531558504854654 0.166428708142617 0.0669773919743409 0.0957739262281753
0.0696683412888344 0.103124734204707 0.152684986751162 0.00205232029846329 0.0467742711192046 0.148522110098132 0.187294729386525 0.207135134006971 0.0827433728460008
0.1055492225854 0.0483999182602417 0.0103441986030014 0.093716275528735 0.202501366852623 0.183936470080194 0.199986231966022 0.153666062189265 0.00190025393451839
0.100744424576921 0.0707320828365016 0.127709884876677 0.161296556710291 0.103765368408801 0.0679891794727779 0.0973244755528629 0.118006278856723 0.152431748708444
0.190992884859898 0.207682858343376 0.0597153380721677 0.165665386970782 0.134441401403196 0.0225943707408915 0.0149211621171593 0.0905810552406519 0.113405542251877
0.0515570921457942 0.0976792791445292 0.0315991501602107 0.230915619545018 0.247265144437952 0.022724566271703 0.224561554792017 0.00728271189146376 0.0864148816113121
0.209338778041635 0.0114114457639952 0.0527127240077062 0.185072400232035 0.165971141086731 0.131754722351297 0.0440957971314433 0.0371390120159144 0.162503979369243
0.0365539006147457 0.116215718036069 0.143105077825897 0.0397525876633169 0.195170127804947 0.175559060928016 0.0778287132845091 0.170246065867356 0.0455687479751433
0.0221987225597973 0.0988701853566744 0.149362374963089 0.0860144853866363 0.14725791311876 0.107863375410477 0.165721930055874 0.127265601139695 0.0954454120089982
0.175170271327808 0.0767592960512898 0.0820898145093965 0.0855310538553873 0.0500856202577351 0.18935869012561 0.0878980477020379 0.224737150284931 0.0283700558858037
0.0846798963212991 0.0898593011033312 0.114481809398102 0.134429621499154 0.14289273665968 0.114620550273803 0.133115675431492 0.161116305130212 0.0248041041829261
0.176036071730475 0.106181756232867 0.0637131637828079 0.0780160860181738 0.116230146235131 0.0591855057437512 0.175138166071516 0.0824994482531258 0.142999655932151
0.234297144859705 0.0505795193358504 0.0473227233621568 0.088744748845562 0.0181359762126663 0.0799448169407061 0.192972463054834 0.220190449615538 0.0678121577729817
0.0944844262293627 0.0427447479249608 0.0404407553801415 0.153984587986676 0.0778379424314274 0.0252954233867798 0.152263028116903 0.113169519772552 0.299779568771197
0.0480952075433066 0.0823580070063753 0.127026008446701 0.15954945626238 0.0367270507936215 0.141572133784318 0.222566130241436 0.0953902597474791 0.0867157461743828
0.0732137051886418 0.0627194591916128 0.0545547185727296 0.135747016260486 0.185777649899216 0.0917851302198973 0.111659616189655 0.123951130129102 0.160591574348661
0.0340352509455392 0.0904698790364779 0.11297272456449 0.0794340974443536 0.0796739009017003 0.169040575313016 0.115039110205149 0.0864678649903028 0.232866596598971
0.152861503590762 0.162691243952274 0.0743072423121006 0.00425923061445054 0.148898393716651 0.136802830984251 0.0565719446413179 0.0514870646055321 0.212120545582661
0.216933795153193 0.0346358368614299 0.0701447791377643 0.022422530039356 0.0458805487414339 0.195478714235524 0.205997625018159 0.108434818639833 0.100071352173306
0.00719417449756916 0.242416831654541 0.0731301496159042 0.147049602005727 0.163289664502852 0.0559912523391814 0.084974597260908 0.222879612122843 0.00307411600047409
0.0532938907708658 0.0617399323783637 0.0383242426065767 0.242481750424697 0.114087168670852 0.0624277379197449 0.228159403491117 0.103432807686251 0.0960530660515317
0.288803371535134 0.139202914901216 0.0587025255333256 0.14185876154072 0.129928275567618 0.0624351667787623 0.00491061104297473 0.046586300850742 0.127572072249507
0.0495482853368086 0.104968953848752 0.143633868514829 0.208701139722726 0.0205025130030525 0.143531018460612 0.147019615858702 0.0243885334470462 0.157706071807473
0.157823454103259 0.0591684480584159 0.0740712386905721 0.151004895259274 0.20644253831142 0.0301770623838878 0.102397143470402 0.180066742813006 0.0388484769097637
0.0419130004640873 0.170618351916788 0.120727987783814 0.187779921323898 0.0219619185452092 0.0235965101459955 0.0853472139132625 0.187610968072674 0.160444127834272
0.0894203034424552 0.0259919910888153 0.0608033095920284 0.0796198778841917 0.133412869837251 0.191435664386369 0.166770616342587 0.125840873963746 0.126704493462557
0.141744665070557 0.163535229921799 0.0984740592323339 0.133727216220881 0.111082478964279 0.102056986983115 0.0518675644023012 0.151126382857284 0.04638541634745
0.137800911199458 0.0916395988188615 0.164791224416344 0.148530048090706 0.126732911527858 0.125826845897763 0.0122887246092404 0.0327275187558595 0.159662216683909
0.177749042588996 0.135493167633685 0.150918137713704 0.13451027392933 0.124900853591855 0.0805486215113681 0.0262526937598175 0.0683025991192144 0.10132461015203
0.0217023297682502 0.266242926482595 0.186809573039617 0.183004385844629 0.138032793570533 0.0121521177766686 0.0417783354814773 0.0777597972698111 0.072517740766419
0.0598004668138285 0.0967825434158271 0.178004577555416 0.232560832361823 0.0324731407644972 0.0841540677471397 0.0595948293561998 0.0547540677532156 0.201875474232053
0.161505835401548 0.0428424284641516 0.184622581762242 0.0534835986556288 0.0292365602898439 0.0319847374054237 0.104877089720275 0.205002437455958 0.186444730844929
0.0544579373414721 0.1528462766092 0.128288645415143 0.0896042940411197 0.091029588035075 0.142423305047374 0.0810956326258521 0.169218390644205 0.0910359302405589
0.192903196248455 0.149515017668273 0.195934148255443 0.0630519130420912 0.0976672899737429 0.00476482136770165 0.0489422526808054 0.201083599034687 0.0461377617288008
0.126056507604376 0.142973710070461 0.113312227393253 0.106712739569561 0.0317424977808024 0.0912131166574634 0.138553105779299 0.129183768674103 0.120252326470682
0.115420479569814 0.15091116134309 0.179545687926536 0.065416749276864 0.0880179171863532 0.146133192737214 0.0637057753142573 0.115176980923908 0.0756720557219635
0.180241774310891 0.0711846624860685 0.0247077217097139 0.163632829548716 0.0582391045646349 0.133824966433267 0.0485872230660674 0.146290019709013 0.173291698171627
0.0447346037900424 0.0324964118163241 0.0700403279024364 0.00526273239320255 0.0397691894390413 0.228708732660574 0.120732882180174 0.157434462713113 0.300820657105092
0.16767433585904 0.0742617243447321 0.166720578073618 0.0916039800885349 0.0250129403515532 0.0783325564463784 0.0642098720972197 0.138418563792814 0.193765448946109
0.108823160250002 0.180382652810641 0.138739479389005 0.016969396387423 0.109948306020513 0.081500648939847 0.082165695030785 0.0930848935426012 0.188385767629182
0.0465428631037324 0.194927743753785 0.0949817942758517 0.187978384873398 0.142662652463084 0.00727611640702672 0.175814354251858 0.0502963931495752 0.0995196977216891
0.215212567093471 0.074821431989385 0.082572446621114 0.0906240748204794 0.0987423441476387 0.149904726227856 0.167067143476069 0.0473397236662094 0.0737155419577769
0.11959309184684 0.173267196992302 0.0232971280695804 0.114133039443178 0.201065932040996 0.10419976016537 0.0154190483478171 0.183927849323646 0.0650969537702713
0.10878501265842 0.120699368066658 0.059853639471695 0.142795290717214 0.0763155132637929 0.193703462648681 0.0462931790585644 0.123450865081771 0.128103669033204
0.199306526103259 0.227447300448368 0.176692923531409 0.0159935003228037 0.0463832166036208 0.159472655039916 0.0456448825556923 0.0239155587977064 0.105143436597224
0.00758391701323534 0.147969289952346 0.213599459844192 0.249551635554094 0.174730959478158 0.0203086769856423 0.0932401692444211 0.0195955864327944 0.0734203054951166
0.0820476704936568 0.147571399838576 0.121527732485787 0.0857368876166835 0.0984543579225836 0.124647077727584 0.125250776270041 0.120822960026418 0.0939411376186696
0.164054829399031 0.0898493613083824 0.0608448629799145 0.174913827080619 0.0409845527912988 0.0409636430886474 0.156288459925514 0.158492841206499 0.113607622220093
0.0235420312245052 0.0675945707264988 0.21872678157679 0.0791087450632186 0.0217676085989029 0.141288364765612 0.130389867246248 0.176822972166433 0.140759058631791
0.163345475861132 0.0897903641889197 0.0915329194403713 0.113742869027624 0.00870031543186627 0.0510359938141896 0.221699893469417 0.163137453900429 0.0970147148660513
0.104850977438091 0.0571583076341265 0.17973762697009 0.0846359394681959 0.103865791275808 0.16867481802717 0.136175695783103 0.130629875062212 0.0342709683412025
0.208610661980272 0.111442090583503 0.1890735697389 0.0821294973892347 0.00191710043066771 0.0212513101411395 0.0266107297754333 0.184696482234929 0.174268557725921
0.0526955237738305 0.212960952210149 0.0501779929665366 0.159252968261325 0.136422906893375 0.0374347349465425 0.112498487292985 0.00731295210199199 0.231243481553265
0.139907554166282 0.0810414448084525 0.124459985298316 0.0779122160148213 0.123414243575765 0.198117092406959 0.0624363932462468 0.0852669420307788 0.10744412845238
0.0973281085861053 0.120945328910484 0.0695105602001963 0.131301511760159 0.0319108838197737 0.0255207761907484 0.00460977293618837 0.294999388138651 0.223873669457694
0.0426259804596214 0.154980415549044 0.172200721487272 0.0803223222660032 0.0369348680475684 0.170635468391496 0.175230435818557 0.0842509324241305 0.0828188555563076
0.0870853979099861 0.115115864669703 0.170539387258242 0.116321817796306 0.00609733482928885 0.134087523031425 0.175022330452519 0.158542634900595 0.0371877091519352
0.0497007594595615 0.2293259662076 0.0646018570906825 0.0602612406074115 0.128022816134479 0.0779371584983608 0.111512528304733 0.0560407833090226 0.222596890388149
0.19357178151178 0.0349952720752668 0.0862043163670709 0.139658699909439 0.154918971227184 0.171921748027143 0.034898073291833 0.0187139008889039 0.16511723670138
0.0495866642012658 0.185794423519842 0.138144504294966 0.15940526696998 0.0459189916592229 0.0673147388387485 0.090842262380662 0.21124052404416 0.0517526240911526
0.26801815172037 0.165567704856445 0.038646706190728 0.154587629614919 0.0758261852302639 0.197079207949166 0.076844809376889 0.00981252060040109 0.0136170844608185
0.0456642332224082 0.222368874706433 0.0762766091395738 0.224017402638392 0.0277018177488683 0.0224775930877068 0.0557292879434939 0.19353753031404 0.132226651199085
0.0584328967599467 0.114619653562679 0.142677797736921 0.17820441616105 0.0229962005106829 0.151712375743938 0.102485495039162 0.165937326384654 0.0629338381009666
0.143690353374724 0.00983061464799943 0.201097055452648 0.0234481202379723 0.129331975249778 0.0622309113383332 0.175818769303124 0.18633126900938 0.068220931386041
0.00134606257894432 0.116262978359026 0.166834404546334 0.080216422246276 0.220750379816602 0.0775943861359484 0.203148996605859 0.124501283622044 0.00934508608896548
0.0378228687893707 0.0801772014317799 0.183922334827756 0.120138610227209 0.101331415813043 0.14246460413456 0.118421513693239 0.196909956668754 0.018811494414289
0.0900638560408378 0.2414867890783 0.0844445845449329 0.208663402294399 0.0982886607814547 0.0465349243869396 0.150417198182793 0.0440155000790298 0.0360850846113129
0.131722312031551 0.113699132174249 0.143098352550146 0.0438429159945221 0.0961210471356128 0.0558474491241675 0.179368678220793 0.208729912613901 0.0275702001550573
0.166095017337713 0.0178556110031317 0.0514299148382192 0.191365150807074 0.209456382501504 0.0999746436608192 0.0187709666109075 0.115178481821134 0.129873831419497
0.270250838243082 0.102463386981049 0.0154161204264814 0.0567722478829864 0.180823917173642 0.134501742683368 0.203600853848593 0.0332840277247201 0.00288686503607886
0.0408718672395943 0.174101332904445 0.0445765891334412 0.0692386171578632 0.117543803535609 0.178848182519679 0.0399391035707635 0.18375653678744 0.151123967151165
0.0521541297107231 0.0587158367059049 0.198058282206127 0.0005339905680952 0.155668028425568 0.173648055441729 0.276049404319763 0.0696192405340131 0.0155530320880766
0.16596511582701 0.198588597432966 0.100687302141195 0.0325048084568941 0.110588872666827 0.0377126845020109 0.0851645667705632 0.176260598040467 0.0925274541620652
0.315667577711081 0.0918000536125257 0.0678128230538879 0.00128904326042735 0.0611481159709958 0.177125223982552 0.0141080987878 0.143416003950134 0.127633059670596
0.161141522944297 0.111173789422033 0.0989507252297742 0.104068573276987 0.13468675995348 0.197588088623084 0.0353529065234407 0.0556371191642638 0.101400514862641
0.0473467388445295 0.0689546989393526 0.15011876344138 0.0364814640223421 0.18214318045402 0.183673385090424 0.183009900780912 0.146958515344165 0.00131335308287486
0.0222267796839214 0.0881812748056173 0.0603248632834105 0.154031486984116 0.0300285810869329 0.283876813577472 0.150260638326132 0.174879504460656 0.0361900577917417
0.156620451815158 0.0498788225226989 0.117168374582524 0.0624090591298245 0.0103692457361219 0.197609582838492 0.125049555231128 0.112244109629799 0.168650798514254
0.147102454202144 0.0375880010636684 0.0231353005967992 0.145761846963051 0.173214553783216 0.109619110051156 0.118986364915996 0.0377922377493054 0.206800130674663
0.0423841524880292 0.141287459671115 0.186675145640297 0.163947173729874 0.0571319424403529 0.114032836791106 0.184079274548405 0.00442738328052715 0.106034631410294
0.209779588543964 0.0674631100291775 0.114615314048659 0.0120631714036621 0.173425542974849 0.0192005568592369 0.114364035431415 0.0974654455145638 0.191623235194473
0.160694656127925 0.171892847048451 0.0873555657046438 0.0409375367508822 0.125287558592203 0.156225485205432 0.0216908276638441 0.133772042031168 0.10214348087545
0.123187943968228 0.163823244122946 0.0422929638145959 0.140056175507133 0.114848495469127 0.0217194432372705 0.1398577382084 0.188443310064593 0.0657706856077076
0.110469182605662 0.101077065406075 0.113522853372919 0.187351615874847 0.0289061570773795 0.212521461293895 0.0495248768931045 0.0172937966974562 0.179332990778661
0.148684678002241 0.0320463408613959 0.0849515119419258 0.137824255619213 0.0356067765612879 0.0995891758368186 0.132607656116488 0.15210089226235 0.176588712798281
0.0796357754341188 0.0152723218251074 0.110051407354989 0.116671263105305 0.0487755815494049 0.143743621430874 0.147638436641865 0.180478522528342 0.157733070129993
0.0898661336946274 0.156754966810784 0.0170677760782636 0.00674605602944554 0.115981549426811 0.0996197942922619 0.224888938615405 0.0755978204434522 0.213476964608948
0.149757373452845 0.233438603667827 0.0223295549035021 0.0471484306243961 0.065995790028578 0.297613221765646 0.047298755952274 0.105108952131599 0.0313093174733328
0.0722899043925825 0.163794495141779 0.148083865505177 0.124009727779593 0.0930077499263089 0.0407490568455478 0.10545427976644 0.126423540587558 0.126187380055014
0.102389410125758 0.1931324736542 0.0414815004105432 0.138962607415072 0.14342477669234 0.0336398836423147 0.101021892685046 0.12862315105731 0.117324304317417
0.0697557352932372 0.0368753421677192 0.0253523837888509 0.215606743126248 0.20471848438781 0.0660352854597319 0.0953322701487231 0.0920451104064948 0.194278645221185
0.0920053897742751 0.263945054386962 0.019258571045707 0.0379702428882583 0.208022520107185 0.0525198143452302 0.191924283338101 0.00622898893871729 0.128125135175565
0.102199952500337 0.180899915930104 0.140508244514075 0.054101999640054 0.162091041581726 0.0614912502042129 0.0748524170060085 0.0380646914983705 0.185790487125111
0.120632874893666 0.139280800177411 0.202879954888389 0.234409351129564 0.0230296193250649 0.07804482064537 0.160828962465987 0.00129313943988231 0.0396004770346659
0.136092257072812 0.156210379477921 0.0101166003588992 0.221965985237185 0.0589981321205892 0.125339305509849 0.0676140509821613 0.0680433533585189 0.155619935882066
0.0141739227735096 0.213637498114468 0.0383665877144826 0.100050574188826 0.114777130584554 0.185741393337207 0.0480667734704798 0.032531334498099 0.252654785318374
0.144152148575232 0.12835233965447 0.0200949274783176 0.167076650042254 0.160997270954921 0.196173398203641 0.0265416984785959 0.116056683576102 0.0405548830364683
0.0612809951186658 0.0389808671135332 0.0595414572506975 0.135157687386457 0.160915130877086 0.0279590557750616 0.221731739303569 0.00633330235788877 0.288099764817041
0.0148175766756168 0.146595659511521 0.132357052624934 0.0154635117723886 0.043246453607249 0.254645674247794 0.0989254726416956 0.153733731616819 0.140214867301982
0.114845832330665 0.149775514824376 0.124069772647459 0.0897736512815027 0.022798225052206 0.137606292786127 0.0961505489242251 0.146755374072751 0.118224788080688
0.00363618768509417 0.00103467157893787 0.0223815533687334 0.0258633613154968 0.103842014218876 0.101067504897338 0.312468993727714 0.25665548742707 0.173050225780739
0.120821652911471 0.0445862901902958 0.14893719479192 0.148060246375752 0.0319501349281126 0.131151145080908 0.137418239177878 0.14590107601774 0.0911740205259237
0.130254238671375 0.107449087892446 0.108613688242536 0.12030829962867 0.125876771312706 0.0475511437290909 0.187977920589907 0.0346928977617902 0.137275952171479
0.133525730895708 0.0501097714977184 0.144400689256411 0.211603206975375 0.030029861610417 0.0297820354584922 0.18664252315278 0.0313005557427587 0.182605625410341
0.138590287517016 0.0764640160566136 0.150003727268345 0.222227672199251 0.0477742678957909 0.0322658327898996 0.189799515175365 0.134046288175166 0.0088283929225521
0.121292710340259 0.129346120105191 0.0791542037420256 0.156260774114593 0.127281465000566 0.0917724042355829 0.163509223746697 0.112017196235727 0.0193659024793567
0.181980794780215 0.108236221105651 0.0599884460208258 0.211302559487695 0.125569327026925 0.207236803494537 0.0395520716597795 0.0521202771323027 0.0140134992920699
0.0883743066943899 0.0842456143934618 0.178083694063893 0.17281079879788 0.0287358366495188 0.0723029098142979 0.17975304289827 0.0180892631162691 0.17760453357202
0.173798055284905 0.00623659048121512 0.0954736535575741 0.0301726746608404 0.111623101259178 0.242412497494261 0.138084027230304 0.122507638069655 0.0796917619620678
0.0983779946230183 0.157263802839309 0.186962288736582 0.0659635208082302 0.0318644572615757 0.11941412471924 0.210208460002741 0.0369293513238713 0.0930159996854316
0.0674789444146847 0.149112758454314 0.117952992292398 0.170002708667794 0.11444587900589 0.0863311139344904 0.073395721301247 0.180249013256261 0.0410308686729208
0.191736411186411 0.127726238468817 0.211956592574318 0.0493039435091253 0.0706539545971169 0.143240715945257 0.114774665822315 0.000593408945811244 0.0900140689508284
0.141547238492081 0.163560818324085 0.170582165434627 0.0650215051646933 0.0915817716148985 0.0403256827506335 0.167076833504524 0.0376232006941064 0.122680784020352
0.0291705973344108 0.0755338503604397 0.0977459553389697 0.151505857469027 0.0179555730900852 0.189570137892443 0.171039199083608 0.181801635766588 0.0856771936644285
0.127774995501556 0.265401451647073 0.064440843301218 0.0076527142050337 0.0536518858002661 0.109985086958222 0.0488029358371712 0.0506518952304624 0.271638191518998
0.240566967651749 0.20357577438799 0.0377694554501714 0.0471542445036802 0.000909822655222283 0.0593567949895894 0.0409736057591981 0.36123007579115 0.00846325881124893
0.108729286778622 0.143590355842108 0.170772116620305 0.143666187888737 0.0287358089747626 0.0577613483635087 0.175850486183307 0.0104167074403848 0.160477701908264
0.148174237986425 0.265786183902919 0.216808816389269 0.064502217322038 0.0152273346697656 0.0477485782496129 0.129834199000201 0.0552789548439643 0.0566394776358057
0.100565866410973 0.116122838157342 0.133729925507436 0.117109453384185 0.165165445540294 0.0824855227618689 0.023900699837734 0.110964153917326 0.14995609448284
0.22587162630787 0.177771901802706 0.0444006490159441 0.0649529513957742 0.0851383175107852 0.0174600572167787 0.00708589342493599 0.209071188116399 0.168247415208807
0.0219615357927964 0.00248632613542712 0.0427163993422306 0.168729324450627 0.183432494311584 0.162948995146147 0.155629623033374 0.0858458565912747 0.17624944519654
0.0150834698539291 0.186194959231448 0.0350438020441223 0.116563417882406 0.116904895082664 0.0497245573184797 0.13912917157457 0.16881283807415 0.172542888938231
0.0984456246942683 0.14733046834554 0.152523654379299 0.163452785655594 0.0680667283007032 0.00695723372122633 0.0454241794050479 0.169620044879134 0.148179280619187
0.216552697811667 0.0980857254782056 0.107094574055726 0.0684947425137661 0.0747375375402494 0.102907337893554 0.0948167613121367 0.0919689261944938 0.145341697200201
0.0268432376696882 0.0973104592537214 0.193112984873884 0.132307294880873 0.119893445393312 0.01562152300857 0.235846523483443 0.0558448220810627 0.123219709355445
0.139826349461397 0.0599514169405392 0.163476425800892 0.145292742809507 0.149636971826078 0.0729836849870859 0.0810106945831264 0.170979757260351 0.0168419563310225
0.173093564504707 0.104567848203474 0.146265479560374 0.121135969312848 0.204039027810148 0.0764397108129644 0.0404127179391676 0.0181287707452631 0.115916911111054
0.190050170670306 0.0831454147634211 0.0622111651306885 0.119642966894855 0.145102699277821 0.082156933967023 0.118977671850865 0.0486238983084226 0.150089079136598
0.0704848026354065 0.0117524840277849 0.142511171076418 0.0989142435678268 0.201830930378965 0.00638188439809404 0.104370141848067 0.166881871545501 0.196872470521937
0.0724590577435429 0.198796111385448 0.149869696267247 0.0119053140841191 0.0100053904258427 0.20455160014306 0.113771844830499 0.0288901283788492 0.209750856741392
0.20313775669307 0.136584812028121 0.0249377185328497 0.163759670170546 0.0972862391619285 0.194709051277151 0.0127149721817212 0.152617321750105 0.0142524582045077
0.143022787416192 0.14376889205174 0.1321110772198 0.224542221961895 0.119250444591769 0.023798858117724 0.121463788108323 0.0894658199165193 0.0025761106160373
0.0261484151446961 0.0554903549462383 0.166254472945646 0.0492052514608404 0.126190449668489 0.103763587128165 0.131529499745089 0.145802267935603 0.195615701025233
0.0832478724082325 0.176765108490061 0.0327492328163252 0.0435506348689016 0.134130066999653 0.195772221677197 0.0194173376317788 0.15155361407345 0.1628139110344
0.115058864496716 0.163811178001793 0.202507421836058 0.157130789751125 0.0472831544572284 0.0978667719709201 0.0891084312329956 0.10392322993663 0.0233101583165332
0.0478977207361945 0.107296086937447 0.162959497040833 0.149760875842091 0.133294744583301 0.00752807071898293 0.00450258378953679 0.192037050263119 0.194723370088496
0.0487975949009803 0.0867678751500825 0.16043257903577 0.0890687666013737 0.164482923354134 0.157329712379975 0.108159655097473 0.108354287055178 0.0766066064250329
0.131210726960055 0.126811744742411 0.0190309330552785 0.141855866682204 0.116490795632749 0.156122653350313 0.0372688054664748 0.151057894629216 0.120150579481298
0.0668315130271577 0.00966412962564886 0.0799711422133501 0.174071784941811 0.265320236414458 0.0835754623244133 0.00931868751249119 0.141263573654445 0.169983470286224
0.145291209226792 0.0382966439016138 0.149655876794041 0.168166080188925 0.0471314358370916 0.094879445401743 0.0735711553769738 0.137835260752843 0.145172892519977
0.193678468117137 0.0750803123698937 0.157668692407054 0.093961170899568 0.105952874341753 0.0497650127383768 0.0705927503678551 0.0511602311200388 0.202140487638324
0.0929308599939957 0.0225018490017268 0.27013132491304 0.0216586330894245 0.177631364136529 0.0949547615358208 0.152224581586471 0.0480788826308738 0.119887743112119
0.12010152084593 0.143922816488998 0.0385560814262351 0.121725193774122 0.156832645358616 0.0782614194786824 0.0271083943400319 0.124203378044948 0.189288550242435
0.0991879958840378 0.14800985549029 0.0851457140819597 0.0997050515856927 0.13189436237473 0.0518163201883988 0.246425822391657 0.0185404905894187 0.119274387413815
0.169936393038649 0.0985322407414629 0.183719729571705 0.0455621791363862 0.13410025609208 0.012366873846778 0.137653579982646 0.0932911103592172 0.124837637231075
0.114954954832656 0.183507059913466 0.0906582263188365 0.155895761081819 0.17705514422975 0.112594893919172 0.0151874443390349 0.0833196301430454 0.06682688522222
0.0717994466629241 0.0376718727821725 0.197172235715801 0.106338697607623 0.00993183454389509 0.101938214107327 0.167866407123514 0.152003414406499 0.155277877050245
0.0117967857795264 0.158996984372118 0.216019849911457 0.206658751698029 0.0879379326935117 0.222751663444447 0.00961542127735427 0.0092325823930773 0.0769900284304805
0.0846955530887501 0.1327120083545 0.114975926124039 0.131025233028141 0.151738955202208 0.142286909512057 0.100827846229791 0.001593351672231 0.140144216788283
0.20774373709312 0.0408758418848764 0.155573727451941 0.0115531410843486 0.00345801227793847 0.128085219905118 0.169120433690419 0.0913062354138807 0.192283651198359
0.158274160174938 0.120811353113388 0.224578663095334 0.0573507693755374 0.0848617871427593 0.262533817294217 0.036068164893803 0.0514665210952339 0.00405476381478895
0.135426153753181 0.0352750660945171 0.0249018912709083 0.134543988229892 0.00739841391382988 0.103684050887465 0.235417445369785 0.194500684399949 0.128852306080472
0.1660059301687 0.14619703925765 0.181943948895574 0.0857574955205799 0.0873000573272637 0.0295777415530268 0.127638633163299 0.1343560960979 0.0412230580160072
0.0681358712005702 0.161817829478053 0.183487019489883 0.203340230926603 0.0111657221384329 0.126632891646003 0.0230552914439836 0.139088823060883 0.0832763206155886
0.187984310543722 0.137387355977731 0.037121326972985 0.0673389337145179 0.0967587394705473 0.148780272024207 0.0531112697333731 0.121225194317662 0.150292597245256
0.0334082797173995 0.142334494049696 0.00209557401629652 0.296898827200444 0.222635413674655 0.0840993212445845 0.0748044485144148 0.0917614397783062 0.0519622018042034
0.226404551926866 0.0958038409729629 0.153597285744461 0.0728282488466835 0.0109846804481462 0.0504450971116229 0.182347391150187 0.0703637171284884 0.137225186670582
0.111417939773138 0.0541668572555722 0.163043027219836 0.139517778384964 0.150258932699283 0.146244084679413 0.104300651436986 0.00710285435372928 0.123947874197079
0.181480620904552 0.11236203253072 0.0446486363034226 0.18244812556326 0.129673287940484 0.103253682023383 0.0637938557992777 0.021481436545763 0.160858322389138
0.10549924914589 0.0403549381272937 0.231699838994164 0.123651371139459 0.173508565233305 0.0106180832092788 0.0164989050156107 0.0643266172288283 0.233842431906171
0.0160925826509409 0.164684457570345 0.0225789061729168 0.1604129548573 0.129532862463616 0.040062841402482 0.187943004307233 0.152267481483362 0.126424909091804
0.173918449386351 0.151981410253946 0.162172416915112 2.70649752087439e-05 0.132598158879006 0.130982547775831 0.0753621424400336 0.120351069653193 0.0526067397213182
0.0344299072023152 0.177683513804317 0.216303108627396 0.0654235188471748 0.00917601775482109 0.162865112643121 0.0860878089018928 0.02785738892192 0.220173623297042
0.13693935309319 0.0107708322226051 0.0934107490843935 0.0784284924332567 0.125583237353376 0.154438634040838 0.140858855700001 0.115982489895531 0.143587356176809
0.230007590973989 0.123800316585328 0.0211563311063354 0.00752547058779221 0.132167138337091 0.160023715345874 0.23215141946923 0.018597597635707 0.0745704199586535
0.159432826682291 0.0476847179332139 0.16803403234719 0.204658565111241 0.033829958968643 0.144460261756672 0.00405482248116949 0.0454957821787253 0.192349032540855
0.0337347470136224 0.0415765304688968 0.194197924552636 0.0648958123415838 0.167662904458947 0.0848640519704346 0.19794810598684 0.100841027502001 0.114278895705039
0.191453234124086 0.0951195364411562 0.0706293864773619 0.189197720238255 0.0509167828790696 0.231125270811501 0.0414918512870569 0.0545249227392696 0.0755412950022434
0.122925088155041 0.173358782834123 0.108496625514562 0.0259270502471731 0.125467307788231 0.0589069196533431 0.0445418161112676 0.149735567525197 0.190640842171062
0.0909293155840698 0.00384085683638674 0.196618224903295 0.110347596864636 0.123177902970723 0.120103681405409 0.0998345955033941 0.200137056636706 0.0550107692953792
0.0521344218065866 0.100332121633078 0.185868414483376 0.161098178570801 0.113164685446676 0.134720778189952 0.0681456094442106 0.101005989305207 0.0835298011201126
0.056464080253195 0.0746751983918843 0.162085750639474 0.143627540138759 0.105524841870607 0.217856013178167 0.11993021583151 0.0632612195281357 0.0565751401682684
0.174795450460873 0.173181007187403 0.102834368991927 0.0191477842810917 0.120540422265499 0.0403272914444635 0.151323051948256 0.0671808499878721 0.150669773432616
0.0806284590230465 0.0154401436905533 0.0991831538162148 0.1489549675407 0.188233603920409 0.111568446489988 0.11981423286994 0.11491881498425 0.121258177664898
0.180530932342899 0.0130939108076697 0.0315283343172429 0.145381478132883 0.111228223009178 0.194997667312657 0.183912573263136 0.102561135180315 0.0367657456340195
0.145519504182876 0.0994250227246968 0.159616156876832 0.154044060993106 0.117882853749571 0.118788783333866 0.0223281606970361 0.063267785259545 0.119127672182471
0.0122265035920492 0.256755739575708 0.0723483643646277 0.251978231564403 0.0804982068977155 0.0432478733997665 0.127479015368352 0.110366678031824 0.0450993872055541
0.16257645650688 0.101303780323698 0.192042097666005 0.140470184135157 0.0744763334328873 0.180341776256622 0.124558141506405 0.00987856334854687 0.0143526668237982
0.0317472103367392 0.143846650170343 0.150880963068118 0.13084643822344 0.1918680324869 0.254015205145741 0.0489627981802246 0.00936064474252893 0.0384720576459646
0.0219562339997115 0.0183434001861495 0.0777479345235433 0.119152026988028 0.20173688464555 0.170694561493866 0.175505330087299 0.19138369874317 0.0234799293326833
0.249899824795303 0.0450360481622582 0.202423811093496 0.136609629820661 0.0623743604879891 0.0106852385831271 0.166779117638843 0.0334704786047633 0.092721490813559
0.169350812068462 0.132396596734407 0.164480113592153 0.0776167933291543 0.0158624339690132 0.111706535463301 0.136148183919381 0.168393359897556 0.0240451710265718
0.0256496498068 0.072921938886497 0.146834345980755 0.177360591879259 0.189442066925839 0.145550486647779 0.139105882487532 0.0101913772389718 0.0929436601465668
0.0535735205320109 0.159534174002501 0.121234194296204 0.170114514027077 0.0912859418153052 0.106689964481372 0.100856135295388 0.0906234328874091 0.106088122662733
0.186365028571106 0.173748348319602 0.143209583820689 0.015044593436125 0.00298634966217824 0.0404131005276262 0.106864297442037 0.187006977545006 0.14436172067563
0.0911539067369614 0.210976304181426 0.215835644675228 0.0675369067665045 0.0030145489618739 0.0375520651327537 0.199183569222037 0.0582481788098122 0.116498875513404
0.153659144726741 0.216909533239804 0.0125279493081271 0.0934185082014753 0.15571006514878 0.020999787534791 0.113872129494798 0.119670626371157 0.113232255974327
0.201431475720428 0.14123586352269 0.13069972801975 0.103551573853954 0.0317423385080188 0.101743435112629 0.130401969698476 0.0264650800760846 0.13272853548797
0.125789497888864 0.0545274449602898 0.0895329755495438 0.0995170687546238 0.036767936464814 0.0673717478841102 0.174243057528616 0.180125804520582 0.172124466448556
0.118427752292785 0.0602468610058915 0.0996275134840798 0.159192806399101 0.0838201248599293 0.150089493312403 0.0882937263695017 0.123701285911655 0.116600436364654
0.183247195768256 0.00426460327210748 0.0321214477516548 0.187398940626746 0.129313613824816 0.067367477949567 0.231193539150956 0.0643501643724305 0.100743017283467
0.175402550530908 0.0306120670851832 0.131221566360184 0.194289799571803 0.0873132136460677 0.105866805652072 0.131518835436391 0.0969126830450755 0.046862478672317
0.0514643139387895 0.0980084091384762 0.15510170273047 0.145013985562809 0.0137519632162971 0.16919779854973 0.0162484915598096 0.172915833889367 0.178297501414251
0.146110800782496 0.037988907041131 0.170653916520829 0.190593622754313 0.104011275944778 0.0859886562692275 0.115246481320691 0.148768871100444 0.000637468266088826
0.0631364475679823 0.0337049673050036 0.174197449090425 0.0869631793705535 0.101784670741971 0.142125902397121 0.154828440882238 0.215617017655118 0.0276419249895881
0.156557937954316 0.196151864802137 0.0915561572892172 0.0406734813173538 0.190431795635669 0.109117061261912 0.164412412265207 0.0276167781288398 0.023482511345348
0.0596216465598986 0.0780411889893782 0.18514074094406 0.0488111843108684 0.066037318462031 0.138222706991855 0.17404813041597 0.0932767301646686 0.156800353161271
0.00362270809362327 0.159659745359111 0.159562306313967 0.0124018818342142 0.137770931946011 0.154254443844389 0.0566349940235242 0.179578739179151 0.136514249406009
0.171251489441017 0.174304651160089 0.0481477011969583 0.107525520764649 0.138485838510097 0.035788789332448 0.0775869341247179 0.163238337323353 0.0836707381466713
0.153128092035984 0.132722927621608 0.0434793003777532 0.0597392694604529 0.179957276930084 0.0546142322704328 0.234358122981006 0.0900908065095727 0.0519099718131069
0.103274228213188 0.0674245584693269 0.0140638563564734 0.13534287659775 0.129349978834957 0.176172151974641 0.159535012401368 0.0867126635867897 0.128124673565505
0.0907969956911019 0.104723997065813 0.19265514258166 0.209607807044512 0.0610253606516193 0.0172829662590959 0.0872518026168037 0.135236812657144 0.101419115432251
0.139060027162415 0.157722077952261 0.109628819472952 0.19101814650802 0.109509707167896 0.0708354441428064 0.121074217112541 0.0697337072451955 0.0314178532359123
0.0354881154251054 0.18808768386894 0.16512231563887 0.0705285694608734 0.0475890085538127 0.0546828872000779 0.226146198866137 0.111308361529969 0.101046859456214
0.137618724997524 0.18523968071818 0.0810578268024975 0.0618564345139756 0.173272755982341 0.00842339523141642 0.0827062850894933 0.128091931194015 0.141732965470558
0.114256835128374 0.19410798078463 0.010990748366908 0.0765504810967993 0.071735373450797 0.130997919537317 0.225923030897527 0.0826771025513622 0.0927605281862857
0.119278044771102 0.154569056120687 0.0997778561585903 0.0369380203373145 0.171380826176724 0.169922748443085 0.162247879275875 0.0385391712821231 0.047346397434499
0.0227261302818858 0.182144060060125 0.168856822388158 0.166068962899977 0.101397129052728 0.183937695328736 0.0493021154006923 0.0301043719863017 0.0954627126013964
0.144261933493358 0.122182146019306 0.136988838070332 0.129672250607645 0.164579155867836 0.0181661672728608 0.0872021008281571 0.0936892321197969 0.103258175720709
0.0724403225361328 0.117955245551414 0.127327511593779 0.0945577174347652 0.0887727503412863 0.0518095711615131 0.242859517795008 0.0822755793908686 0.122001784195233
0.158774838404977 0.0162763224100054 0.13725065779603 0.0828478054029819 0.00645033090201755 0.130345810057785 0.193376075301135 0.111526646194995 0.163151513530072
0.225721133190935 0.0234156816697795 0.113392502002627 0.0363520180317547 0.176664920203398 0.138942155717807 0.125061841035378 0.0912462008123281 0.0692035473359923
0.122493680404288 0.0789031805613615 0.0722769387872057 0.0269584369505636 0.0790849425600782 0.22740872255629 0.0405539551668689 0.156169733741151 0.196150409272193
0.116031041016569 0.13123184790181 0.0415549789654626 0.132322501591852 0.0282102713930459 0.154734225958266 0.15245698248703 0.133603239251398 0.109854911434566
0.0147809970749672 0.178993737628692 0.176142303054374 0.0227460659571726 0.173254225530421 0.0522447512610259 0.135283940111824 0.124241308737044 0.12231267064448
0.143386973115875 0.173576827689708 0.172599926046656 0.165947904649307 0.0575262236319533 0.077319501002768 0.168712638079081 0.00855783815459874 0.0323721676300533
0.0587439702795069 0.166858209039415 0.11153711461973 0.0299115482341551 0.18529400049274 0.0698359573738293 0.144717907887444 0.0466520513218637 0.186449240751315
0.155825266308672 0.0374015653392848 0.0955960734694156 0.126920482677166 0.190414746904863 0.115965656707313 0.0239786014923797 0.105695473419138 0.148202133681768
0.146703364150439 0.0840094053712722 0.0974634268297242 0.0756601480026352 0.152249812276555 0.147622965874219 0.0588748798001043 0.119088310361906 0.118327687333146
0.0219607146673694 0.142530991555437 0.104126300730478 0.068022745571153 0.0721315502882332 0.117097304945914 0.168849434343367 0.150931846188023 0.154349111710025
0.0536139463478479 0.164451516138527 0.0844511816742354 0.0348873177676139 0.19164708809623 0.155697774727076 0.210655889163556 0.0579310763141475 0.0466642097707668
0.0293312168817669 0.133385296115352 0.205502915188859 0.0928777259766893 0.153249265249119 0.0951312546625406 0.0204606360774154 0.157949718091913 0.112111971756345
0.114039057493762 0.234143591834217 0.0549044714852419 0.127118860524436 0.00757612046348871 0.203804694814681 0.221979292185987 0.00846030556029864 0.0279736056378881
0.126571432364831 0.0614460310074083 0.0727401417598202 0.127237518837795 0.147814255461249 0.0025550779191381 0.184946869764575 0.15918466742216 0.117504005463023
0.0629431265036819 0.120634314103248 0.150067288910101 0.105985002218541 0.104459228761185 0.216711956294854 0.0317385456136937 0.00887444423049626 0.198586093364199
0.136113802293742 0.0793735100548271 0.0372077361573229 0.155296244437136 0.130480024610871 0.161293106816021 0.0417197000299983 0.127964872999286 0.130551002600796
0.15932899311249 0.0124462327224264 0.0464135328506219 0.136781491188769 0.075415404568824 0.130919106292274 0.147291991100752 0.153182343718194 0.138220904445648
0.226479413938496 0.0407706806055896 0.030336254847769 0.148834548939848 0.0497865959149406 0.270414284290865 0.026283021782036 0.0271815649595812 0.179913634720875
0.149963450543467 0.018236278782231 0.0476557396256211 0.110422606327193 0.139587549374471 0.126838267646523 0.180858983052841 0.122836804042905 0.103600320604747
0.22655356126437 0.115649865084906 0.0378117552970089 0.00618377285000055 0.0252339868905463 0.191949162851362 0.148922989366611 0.198123786148791 0.0495711202464047
0.0336517492027306 0.0522507000451389 0.168714174925731 0.0242727000813063 0.16891225744475 0.046409971029252 0.163190697922534 0.161942573083035 0.180655176265523
0.0237898248076304 0.0836932136127678 0.0579901754848061 0.190581673793395 0.0974912816874631 0.0791065901608631 0.126641343573175 0.175695558189145 0.165010338690755
0.0890631990569512 0.092907990806384 0.130066365051262 0.0307734342717345 0.0511623233255273 0.177864186426745 0.166489306155189 0.178476927448811 0.0831962674573954
0.140046101556472 0.149302752503849 0.0288204864490205 0.194428968687377 0.068311877607969 0.0163929881245027 0.17763899980533 0.0655570953460852 0.159500729919395
0.00537011037268266 0.149761552554266 0.155335945839968 0.141510122892558 0.12037575215491 0.168305863021045 0.121406085430415 0.104389309090681 0.033545258643475
0.0276698572093003 0.0383402332721965 0.0431867526322251 0.191484682293266 0.0948026369707193 0.0790367433376374 0.297339876407287 0.122209325025411 0.105929892851957
0.179270392572759 0.166653503139066 0.10899150696648 0.160115393977589 0.0923679293774043 0.0906710898487147 0.00390295788729565 0.138326367245834 0.0597008589848579
0.185974318758328 0.0789727163739875 0.172389052374153 0.0424131703575201 0.161021560774763 0.0311743585330674 0.147106978808084 0.17458413813167 0.00636370588842747
0.183590200491626 0.0105647658084861 0.0653180142542595 0.194464275214739 0.0126084615102035 0.232151193345711 0.0107529790568243 0.217281735382394 0.0732683749357572
