0.22467409220777 0.0156202185104767 0.236657238969687 0.0938643861417016 0.048584004751168 0.0220342771658437 0.26308847762163 0.0458141669935414 0.049663137638182
0.0958125563624229 0.0395687999066232 0.139653811404445 0.0745353522142217 0.145186952608235 0.142615442047571 0.159348324635685 0.0567481432664078 0.146530617554388
0.0287621406148803 0.182784083016289 0.0679054958215013 0.0554663287710317 0.0123793428782811 0.192825547109137 0.115548074221582 0.164507023311252 0.179821964256046
0.035946114043715 0.0443914638763344 0.162363526679441 0.138350130353542 0.108890670894376 0.163399831589579 0.028226126445883 0.178718870548541 0.139713265568589
0.0232982022589209 0.111110146186201 0.161961256699294 0.111508519518282 0.205287254703565 0.0427088010001688 0.175890165800379 0.168086775151344 0.000148878681845899
0.151251328553391 0.0789719356643203 0.128617152342225 0.136656395635362 0.152076085745297 0.142585441235277 0.000190141814916051 0.090952386718072 0.11869913229114
0.120877689961296 0.0056750398416868 0.167425076488741 0.0304802122092455 0.140965381179615 0.0108638957010841 0.130162515065768 0.223276814551111 0.170273375001453
0.122732601465049 0.129883471769312 0.128537764024706 0.116586113971642 0.0011032263021828 0.124315668120374 0.129188246758859 0.118292678064605 0.12936022952327
0.0948456941047882 0.11817660732914 0.12369242313693 0.0996649023643916 0.0794321077907008 0.210909275410319 0.0415245183097142 0.178845764061349 0.0529087074926665
0.15522317249033 0.0387001965473843 0.110912374043876 0.106146467938609 0.160370162236039 0.110975910546042 0.0614634513035479 0.136770168167845 0.119438096726327
0.146468703696792 0.13995363450086 0.168114030881751 0.191716274026753 0.0783013722265265 0.0393805719378919 0.0406893128254722 0.162179135061551 0.0331969648424037
0.0772958023108243 0.045738331724443 0.149453953828981 0.0606383967166696 0.0971514412928082 0.177531748290133 0.234226731938161 0.122365598052029 0.0355979958459516
0.126100985735753 0.0107344872996772 0.110010095402043 0.115319094103224 0.119781794650551 0.161470688853914 0.122924783174944 0.0555469841048433 0.178111086675049
0.178183637997045 0.00850080139055875 0.0708802975400376 0.136534201236438 0.196234788649435 0.0860661214380842 0.14344250031604 0.0141884662431591 0.165969185189202
0.0555719975317075 0.0815790880285415 0.172170902730272 0.162945468220924 0.180830462712659 0.120288057801732 0.104037510662561 0.0998616298828571 0.0227148824287468
0.0186727161956155 0.10121513506529 0.0849933823988369 0.0456236962735118 0.163546847109985 0.152868846510038 0.153926097462311 0.111423821496727 0.167729457487684
0.0574036712812119 0.211621572481533 0.130198958430977 0.0539190590750963 0.0302589341440093 0.00649043893659039 0.215858240967256 0.202575738748681 0.0916733859346453
0.167033101007027 0.162319397114383 0.120391004745732 0.125510594061207 0.0671027687153568 0.0462708271342411 0.147241383319198 0.0774802136015623 0.0866507103012928
0.106745147803132 0.214642463817791 0.0857464138009593 0.101911186445944 0.0994164693069451 0.0984069090507116 0.196491861272284 0.0465543132892009 0.0500852352130327
0.0651027578057194 0.0749850069237434 0.125070581955305 0.102213699973257 0.0974615953532906 0.0857194512721763 0.155777796310141 0.16735099990882 0.126318110497547
0.0991694569902201 0.133806192674151 0.162405021768331 0.0750356138091443 0.114171817828104 0.0365266973508616 0.187589435948171 0.0376404929215868 0.153655270709431
0.206244072095921 0.0502871478071466 0.0177783611156136 0.213637981361827 0.149031030532331 0.0129099740327286 0.195488036722246 0.0319083873482397 0.122715008983946
0.0899651515051825 0.0316112112120546 0.190914002238349 0.157139632759608 0.193739681683337 0.0606655216026576 0.116991985514763 0.0726045136685761 0.0863682998154727
0.116666763633569 0.0268279994403159 0.159398606775739 0.112721189837933 0.153518292060913 0.0671088377910488 0.110078547675159 0.138130618536005 0.115549144249316
0.0374059957154606 0.0274587232121278 0.0622223135573479 0.10174612071766 0.144669680918129 0.173644115165794 0.158578634388406 0.148219558078328 0.146054858246746
0.128174561513939 0.0483483850965918 0.0109688624847693 0.183445927725529 0.134343435720393 0.0497112740017362 0.116818289270524 0.0467340480119325 0.281455216174586
0.0829035142537251 0.18272947300914 0.0196912675017377 0.175872194529607 0.116156083965135 0.181518578830634 0.0513809660958562 0.0468411719728895 0.142906749841277
0.0893548562558394 0.162037418117476 0.166405514913435 0.0583937142349662 0.062882368114667 0.0951908564351541 0.172190251386351 0.139008226782348 0.0545367937597635
0.0926289394865282 0.128917114439597 0.0796442832193357 0.101827305843773 0.0622515806997418 0.095062906483577 0.165734307799637 0.148635278478664 0.125298283549147
0.0585023129263843 0.0291378335249147 0.0632027804464628 0.0915798471359776 0.143621573818905 0.160449669131467 0.0979024889498435 0.237882002234419 0.117721491831626
0.191360012798333 0.153519952705266 0.158094711565824 0.00158124580225524 0.0661315623067235 0.0432718411023819 0.206090447808304 0.0119329167923015 0.16801730911861
0.0887675202282614 0.127126552224413 0.0930115357936562 0.0425222089488532 0.253965865212376 0.128075224060362 0.11939161837079 0.135004813248084 0.0121346619132029
0.0351817980004582 0.238300302499164 0.149504890405646 0.000922395843654928 0.278132061380634 0.0569371692996496 0.123029043227796 0.0905733828879909 0.0274189564550061
0.163348092536032 0.119395006604304 0.0849615641162559 0.00579432945723406 0.0767075298153108 0.206997627683047 0.146974232061071 0.120355632879844 0.0754659848469015
0.093565322193186 0.185094371916919 0.101968542171689 0.0471430669451892 0.0145447540890681 0.196037427504606 0.120109057661228 0.0717022904285467 0.169835167089569
0.0147645140213468 0.0964558621606162 0.0865088044890006 0.154926093762635 0.184872644168407 0.128729054702735 0.0109278532509755 0.14975687411391 0.173058299330374
0.188521422999976 0.00211540466475482 0.211382105031631 0.143879105087246 0.00688747616514352 0.127992634771295 0.118843036201295 0.0619214461554761 0.138457368923183
0.0185361372575955 0.233845726247812 0.0507177013572696 0.148846804129814 0.140793568105179 0.058668641903849 0.209192372483502 0.0166668858443037 0.122732162670675
0.152933189206417 0.221683958658201 0.098061662182308 0.188551297715788 0.00152539965675556 0.100781830163207 0.137545603487442 0.0327968520340464 0.0661202068958349
0.180463582379915 0.137318808168494 0.133686497398103 0.154651041660501 0.0742200132958234 0.100970327025977 0.0276278920123437 0.0209951827914006 0.170066655267441
0.120619361577576 0.114211153454801 0.1997715329847 0.156429063309832 0.0244045898501419 0.0645140069769038 0.0495904815663874 0.127775925982506 0.142683884297152
0.146739334270566 0.0811433832123463 0.0844130245186612 0.198423562297678 0.0771704796921745 0.142364248136195 0.0607448782527956 0.041095089731039 0.167905999888545
0.200933903174583 0.0224186573554732 0.136204805488908 0.0981655278047471 0.0874589114952311 0.17656419677055 0.0128426241869947 0.19189443668732 0.0735169370361933
0.12258811135549 0.107976618156382 0.159512532822854 0.163497266989402 0.087650769956348 0.16950511699828 0.119543979904838 0.0666114364630885 0.00311416735331623
0.171000775701318 0.0603790522159588 0.0674712592785701 0.106820522666784 0.0652301062703047 0.0883123838409303 0.179019467392385 0.089030739446061 0.172735693187689
0.131265525376245 0.180886435746185 0.166396101602848 0.0241165396032212 0.111168050843827 0.180526161671499 0.0649078113428994 0.0338399549888123 0.106893418824462
0.0909238484883749 0.121607551372142 0.196517838517112 0.080433377388375 0.17217049883866 0.0390005018805372 0.0219623020361237 0.10163388150414 0.175750199974536
0.157194378466526 0.141243436025542 0.110424241586049 0.0799611744174368 0.0504063111449281 0.1008640579023 0.179677692790601 0.0304227338292261 0.14980597383739
0.165182549830871 0.0377367572137005 0.085241146877575 0.142654596214075 0.0804956498011134 0.148777277281306 0.0252633094083326 0.120550225300614 0.194098488072413
0.00678962118519642 0.0716008944943749 0.136507039147329 0.113004245816226 0.182567120741586 0.22418027180193 0.0198592527542613 0.123540122740395 0.1219514313187
0.226619747754327 0.0983934365662765 0.0740668814645458 0.0192875797594755 0.0364544397712751 0.0954836048526067 0.0103233107052659 0.213416884725475 0.225954114400752
0.029767671585158 0.0862306697200751 0.0744608632276552 0.0794528751602191 0.0755448635575997 0.113679192421514 0.153570601093912 0.271542720840629 0.115750542393239
0.082341958538718 0.00218566203335605 0.2172978993176 0.142996140786477 0.0876886526541871 0.0898678782822247 0.0478375182962042 0.205693194721284 0.124091095369949
0.00974530047281824 0.118210160104738 0.0279914561489819 0.18947116466241 0.201628766837721 0.01130237038011 0.0142161653438728 0.275249271682701 0.152185344366647
0.0747552375708601 0.0893528629330561 0.014320259408961 0.111545748472071 0.106076483959884 0.157187634664462 0.173812154583881 0.122771603708489 0.150178014698336
0.0726226912287986 0.0560268374729887 0.160640725613346 0.0343008529807402 0.185470243704876 0.0630214462543313 0.0991139659800109 0.172898278335692 0.155904958429216
0.163980420783852 0.0318710617464076 0.119910428679248 0.0648381787807466 0.0748846751362871 0.113120082987463 0.177998980738522 0.146158455592601 0.107237715554872
0.106354462432844 0.175224427987107 0.156731399535682 0.133675004053482 0.0664755819776389 0.0832066374790517 0.0678929895271567 0.144332819159204 0.0661066778478347
0.0838041289587326 0.0826406666375727 0.0326345077970495 0.0698171156300172 0.119285950331877 0.0739790006463605 0.209279077163038 0.164936736309501 0.163622816525851
0.100926301471684 0.069819109497486 0.139273646995773 0.218677583154061 0.200137299115939 0.0890432746649251 0.119255826223987 0.0255350054852428 0.0373319533909019
0.108461244486586 0.176072839010184 0.0874939865761535 0.179485119183214 0.00754829561280955 0.146896055300034 0.163981045268396 0.000549437031557355 0.129511977531066
0.0915229735987567 0.179577861521222 0.0701461128848079 0.203356239755692 0.0733266318126799 0.00126735173727675 0.173768320075466 0.00660427281179666 0.200430235802302
0.0438254612170806 0.106226654783674 0.0783457879573205 0.0793958184919654 0.101291489548257 0.187314156650516 0.150508313649595 0.0934321098386449 0.159660207862946
0.0234617699946056 0.203282470500194 0.203796294037125 0.02028420210626 0.108183599571939 0.00839952595943101 0.199858497622768 0.0772169305791071 0.155516709628571
0.148569701858857 0.146544645904208 0.123642870801284 0.0854375518003226 0.0916540613312592 0.0655181450311146 0.12412682249294 0.0712291239730792 0.143277076806934
0.158622875801462 0.210508947080174 0.091762964989396 0.103216946558143 0.0586763962056575 0.0195735858406584 0.167599919993041 0.166565822361112 0.0234725411703562
0.0609996453770457 0.0808943055691334 0.115526234232214 0.138457070806065 0.0663035406029958 0.126518876053312 0.140953032941923 0.133135397199118 0.137211897218193
0.134707969989683 0.193143143099964 0.0600813466907772 0.00335322336531335 0.131967701427602 0.152440434728796 0.0142565833758928 0.194272158070597 0.115777439251375
0.0781217002501386 0.168625273459763 0.00791037141786687 0.125735631466393 0.0398798447692658 0.195398517118932 0.0444488860248836 0.175664047225539 0.164215728267219
0.154632338274426 0.0807809854382982 0.0780577483642302 0.0437237813189889 0.0616053121716775 0.199242739923563 0.139040097299151 0.125163176484465 0.1177538207252
0.144567682686124 0.19076455782274 0.192221421253525 0.0320128837433597 0.009879461323216 0.128118370713863 0.151597815952753 0.0322318618024993 0.11860594470192
0.0571589579769805 0.0816493967511837 0.173585055233558 0.142720572857844 0.0292448080597605 0.184891457033634 0.183494928472008 0.0424267426795517 0.10482808093548
0.0698677777031499 0.154073959423579 0.06032724177018 0.264456243682745 0.0117971375747689 0.169940557911908 0.0547133419837316 0.1259053611331 0.0889183788168387
0.107329555300173 0.0976639812114941 0.202988813389395 0.0241303410942839 0.0807846520443052 0.0503640364469298 0.200947991507185 0.117611486640493 0.118179142365742
0.232293599257116 0.175046103662118 0.0925382138977474 0.0350086758332228 0.165035353014489 0.0253058610144407 0.182076353043254 0.00513892194917808 0.0875569183284332
0.247068149771207 0.102312727038919 0.0527902630381571 0.158573310403551 0.114054394889903 0.0502638567132808 0.0203423928839572 0.0784541407515944 0.17614076450943
0.0452255913152472 0.0474426252241429 0.0208225209117831 0.086241472636445 0.183498094301936 0.182494344548541 0.180274690694737 0.0744934616510041 0.179507198716164
0.11589977778445 0.142639975151487 0.143491759147648 0.120944277093885 0.148863344256957 0.104218452712807 0.0976131080700737 0.075116600286836 0.0512127054958569
0.110754873108385 0.0264660429456113 0.12244942170036 0.142492485217657 0.210514510451623 0.0302310757281124 0.153092481706051 0.00996143315025234 0.194037675991948
0.138531985561129 0.143009695498893 0.181564715625227 0.117831233900544 0.0210899875865576 0.116640905895529 0.112945859914632 0.053540563563943 0.114845052453544
0.0880185769855232 0.195597757549931 0.0401947147572805 0.193559728238739 0.142279070615992 0.0808134315517151 0.143684990819391 0.0496389033128905 0.0662128261685378
0.0592556426816855 0.0896368091202832 0.135111935368637 0.0604785928718643 0.116253722818701 0.121936632931154 0.0679515515532922 0.251420657100122 0.0979544555542615
0.0747889176637466 0.0927998252468162 0.0537142811002622 0.183741546983793 0.102826625882064 0.0247116536475056 0.113768385472724 0.173914229154343 0.179734534848744
0.020503626118963 0.12634186878252 0.0769890384120892 0.111395342038138 0.150458040271847 0.105128237303211 0.137996841281248 0.135825562472303 0.135361443319683
0.14260582849708 0.184190716703724 0.0597002241952341 0.0274436098228939 0.00168389055146549 0.129381922222334 0.107153872283352 0.163408430615296 0.184431505108622
0.175921600041791 0.0224155587458112 0.106591532773279 0.181358941527901 0.133555787991152 0.057014824928288 0.128044493148379 0.00992179052056139 0.185175470322839
0.184096437630268 0.0871880492138793 0.0445039378174128 0.212255430533746 0.0495382843227719 0.211672232617004 0.163673212173794 0.0150488662044632 0.0320235494866603
0.169055089922325 0.167075017427887 0.00620078035907008 0.10168520138986 0.128705814210209 0.142895975295221 0.131946314736403 0.0948286620332579 0.0576071446257657
0.222408929408358 0.102235862703378 0.0760501569765995 0.22225342757843 0.0162525652586621 0.0208603221924746 0.173871845941589 0.0311675725364905 0.134899317404018
0.0281992844326758 0.145655572957548 0.1373694445376 0.0699141343086447 0.171604002105937 0.077487581294343 0.135227681751254 0.0134010765373411 0.221141222074656
0.158350521078095 0.0153415418942689 0.12294292643976 0.0272408805626011 0.147614774309343 0.152541895361806 0.0829632632297514 0.136300935183021 0.156703261941355
0.102170531914358 0.095582842262184 0.0876299105406861 0.0215917508389115 0.147695652581376 0.0278912456356353 0.241285953345849 0.00512420380452358 0.271027909076476
0.103733818599743 0.128283577915356 0.0630780867484118 0.151949782879025 0.190879119741345 0.162329341115601 0.0188204532697848 0.0291282867848128 0.151797532945921
0.144949393191219 0.0414173245324035 0.160328061747732 0.100244949039752 0.145776260754566 0.126506505599043 0.0817044116889638 0.0943497443618386 0.104723349084482
0.195341612890176 0.0353048504996146 0.191108619991936 0.00339025579111814 0.0263973479963009 0.130170800190528 0.125541408844702 0.188540813054027 0.104204290741598
0.153680696976704 0.0848105967405108 0.0796894645115453 0.103807675692657 0.153897148365043 0.121130856470093 0.106100066777191 0.183055630543756 0.0138278639225004
0.0693795395032081 0.0821843120777299 0.0608114580165453 0.0412957368670803 0.253474446703464 0.0831987586221593 0.179775549859372 0.159686955762966 0.0701932425874749
0.00757437823572671 0.134422942673165 0.157502653804023 0.157542676374578 0.0906921575456239 0.148747358941534 0.0191104109571246 0.178642659961922 0.105764761506303
0.185228251597004 0.173454583005792 0.126817850645614 0.146858652690555 0.0990693441245466 0.00716237223486048 0.091647330933401 0.0779726571595005 0.0917889576087263
0.108682979559313 0.0954211608402616 0.0706760394023677 0.199577817536639 0.0936625948286434 0.125921457230378 0.206642081557616 0.0254822899517947 0.0739335790929871
0.242739191978388 0.0289550499041174 0.0044091818118855 0.0718994533741864 0.00108316933591193 0.11079404162982 0.104790064129162 0.255424805666826 0.179905042169703
0.011029493521541 0.0525547087123224 0.201584383934964 0.19367024459686 0.0787610219380496 0.148191302133851 0.133381821761998 0.0503583208491705 0.130468702551244
0.088157081778328 0.0764781966668657 0.0885344823917484 0.226660497328659 0.0916406671306574 0.179506164353863 0.03017165923086 0.0304504359572543 0.188400815161765
0.197991550002746 0.158062224316407 0.0817401248635897 0.0114073743061659 0.0690553536397626 0.0957732917484981 0.123032105168131 0.149804568241968 0.113133407712731
0.191529326707829 0.0428454671909423 0.120526404609276 0.0226481198068503 0.167552823862548 0.19215281922657 0.180327607642319 0.00896041716323625 0.0734570137904287
0.0988236713658216 0.0457946980786323 0.146101529464885 0.0808981213650562 0.175954393913868 0.159516933319061 0.122660083008044 0.0917121820135756 0.0785383874710561
0.135806384697052 0.170509311877233 0.0481662829466103 0.14225847686229 0.182666947460497 0.0360876951525954 0.14662394594743 0.0555436527886248 0.0823373022676675
0.0895858040094942 0.0860464983066658 0.201043754795765 0.0588927019210313 0.119072264455048 0.0471235318765626 0.171006670735756 0.142288027248045 0.0849407466516316
0.00759195007348304 0.166937928627042 0.13185931794315 0.183875140314771 0.00629848704476309 0.170792504629979 0.14754640013104 0.141266189348658 0.0438320818871143
0.110499806811517 0.164407103127404 0.0102228256273596 0.0829443602588004 0.00705901358902856 0.213132193802125 0.177751155678835 0.0535549381794479 0.180428602925482
0.152619288752537 0.0998002788774013 0.0380272486575716 0.177160370826187 0.121155501257002 0.103749283301914 0.0366257329993842 0.0774194522902338 0.193442843037769
0.0731175267458743 0.155208595872901 0.142561176875945 0.033002065636508 0.145491689510369 0.0743640017010952 0.0856706506142619 0.158924035932437 0.131660257110608
0.137172643480253 0.168607785532914 0.0988063085816379 0.0533094794533496 0.0819310027516728 0.134640145168118 0.137314157633354 0.0366198447981607 0.151598632600539
0.10718775972012 0.00547656724168384 0.0140762597685169 0.154655058942716 0.149687972892984 0.124206244011063 0.166591808362767 0.143782448580516 0.134335880479633
0.216501130918187 0.114667939766352 0.146706933073808 0.10123824952498 0.0340779391500093 0.103407835339155 0.135701422084609 0.070769583641455 0.0769289665014451
0.0473716494139867 0.102472952520186 0.198674882957409 0.208098791094344 0.112113008738567 0.000919971265156619 0.195333892926133 0.0953820042007025 0.0396328468835148
0.181961130274794 0.171866999302705 0.0497032333022005 0.0490537316942317 0.0164471218261845 0.170586713515325 0.150188879629226 0.165285747912138 0.0449064425431948
0.0312784341723963 0.166421530457664 0.0351171868588163 0.214323945771223 0.0374209783608363 0.0975619425204504 0.122985422220471 0.0638009384244304 0.231089621213712
0.0515337117061692 0.0215535184415918 0.143581099411633 0.131634789903208 0.220526124951528 0.23217371886938 0.010534711351687 0.0380757908049456 0.150386534559858
0.046652988189912 0.195510995433127 0.148890505037356 0.230529071977018 0.0478340857859726 0.111017210991783 0.0684570718349487 0.114435352559173 0.0366727181907084
0.0713853788154908 0.0820960724808149 0.0715878939949225 0.0759130192481094 0.12256744726071 0.0913598013741333 0.179043253020756 0.0372049994642874 0.268842134340776
0.175576941978188 0.0247334004808998 0.152823246087842 0.179623619282389 0.13881850460906 0.0584638533599656 0.0162551459169027 0.092336160543095 0.161369127741658
0.0255965997068979 0.147630260266211 0.131398442325593 0.13619282760571 0.116468253670957 0.11015015068568 0.09631913531774 0.138879339345484 0.0973649910757267
0.256292838378114 0.191299887158237 0.166939992036344 0.0515090030179767 0.11466952892382 0.066948050372397 0.0850191425059329 0.0195609359682682 0.04776062163891
0.157203382653934 0.00514696439033434 0.0876805921596861 0.170208686953236 0.145417707781236 0.0597765769635522 0.09626914005442 0.116759777138327 0.161537171905274
0.0392519278286444 0.0334408221443294 0.210063111503913 0.196038371916302 0.203275978465511 0.0354427219831193 0.0612641219882819 0.0561944106384649 0.165028533531434
0.155388331798501 0.0576144885782015 0.259721457707103 0.0193196493373463 0.00879897035330967 0.0937345239022092 0.255906647322067 0.141296086979302 0.00821984402196035
0.0382689059915438 0.190451714542834 0.130153043464338 0.0538590865739735 0.136579457508038 0.174779449520298 0.00128319507810386 0.132254975165311 0.142370172155559
0.146315403780532 0.144797367863594 0.0304425805302518 0.104104494670452 0.043151182009012 0.138459198089858 0.0156783068038438 0.20932047893123 0.167730987321226
0.0690596428680286 0.149467192799646 0.150920065857993 0.0741616276334557 0.0863464590706368 0.203997106025468 0.0625360937046243 0.000191269247003385 0.203320542793143
0.132402634695631 0.112853722035052 0.19570610393288 0.102010281996375 0.0381764194430282 0.114856640971804 0.0341388254490243 0.103080767389862 0.166774604086344
0.209144563750541 0.18525131579937 0.11541196894949 0.0897689228230587 0.0915310190875829 0.115139467123494 0.0565587432468734 0.126510224783083 0.0106837744365068
0.138769274622566 0.153858113770467 0.135648221457668 0.0170217390158541 0.0257827561836176 0.0211430586904493 0.0865760588199839 0.227429297331095 0.1937714801083
0.299014724567612 0.0331932712588927 0.000184924974308868 0.0623028346719069 0.149159319869683 0.0384197333593819 0.0943531885353228 0.0205740167274554 0.302797986035437
0.146114027511169 0.11591187592674 0.0914800821098419 0.142935860259825 0.110859566870311 0.0532408161703246 0.123637602452614 0.102433836563231 0.113386332135943
0.172893802616395 0.118130495723289 0.122542513607542 0.00333523245941189 0.0986749617439386 0.131711633843785 0.0846570514790344 0.141250657026754 0.12680365149985
0.118790590111189 0.330944189009379 0.023172439593552 0.0470455699852081 0.103537713509346 0.0210938653072092 0.161183150570782 0.0460036163142364 0.148228865599098
0.181101375338941 0.0473075532572183 0.207945362729922 0.0894350195162535 0.0417177596614771 0.0303413406575472 0.104294965879241 0.116546028445347 0.181310594514054
0.112133142364325 0.0155756570087196 0.127353900422365 0.0780575711510175 0.111497457274004 0.126404980493598 0.169295579501573 0.154925705248037 0.10475600653636
0.0382381375990497 0.166889413127877 0.11457070121596 0.0931150890707371 0.138444678093689 0.0602986284832227 0.163085836986043 0.169664576994353 0.0556929384290683
0.182493310647778 0.186707978926085 0.0293672935079631 0.0253913608764546 0.143484102461559 0.0269405053949541 0.218864497232276 0.151055233212454 0.0356957177404769
0.182656894064841 0.140265190928933 0.003582578192631 0.133503284783409 0.178582834929702 0.153196824707912 0.060019284812301 0.109074706372867 0.0391184012074049
0.0105383169819946 0.209405860668435 0.0928278658802273 0.150383506484522 0.124799972502499 0.060830955294577 0.0178566708009207 0.21096548013019 0.122391371256635
0.0792416766060331 0.0966219635957542 0.0272875801888095 0.080252950775896 0.0970489728870162 0.168832613958761 0.0747871678599941 0.20547039054122 0.170456683586516
0.0577326387203144 0.11714573453434 0.120034383943625 0.124948936527607 0.171154510764746 0.163004243632828 0.172093008602073 0.0543450345972694 0.0195415086771975
0.221942356167147 0.00592514406050085 0.0533739054647806 0.0653672740850506 0.114520220543431 0.144308350053824 0.155240516694099 0.0534542778236365 0.18586795510753
0.217545823430242 0.0348570222394777 0.0255629992947616 0.0368752711727738 0.0722286118063329 0.183061954595177 0.0825104804992287 0.166752512788602 0.180605324173404
0.201327603233868 0.158473941188421 0.00871496151686219 0.167807564012485 0.15062357148239 0.0449675493155422 0.153443477460245 0.0392002237807646 0.0754411080094216
0.118426887542596 0.206667731913031 0.0103358061806044 0.13817472390074 0.115861508512478 0.0186469883224337 0.0949120788734901 0.199280424626837 0.0976938501277905
0.0706059071547857 0.0368377648277692 0.178406502196072 0.136500614845314 0.0203955747924399 0.284334023953414 0.0309393759610295 0.193641411535349 0.0483388247338272
0.231428252219461 0.0866073561402217 0.179785917417048 0.0992298942735553 0.132607608778083 0.0443456758134104 0.063006955425501 0.130169970139504 0.0328183697932165
0.200097027523211 0.0579545559103591 0.194058046207091 0.0885869612965569 0.0198824723784517 0.054275446751047 0.178766161485643 0.201140681097771 0.00523864734986858
0.00912590712886472 0.119332042501428 0.330089175080651 0.0915127788876794 0.158450177070303 0.0443160290308278 0.186561745174292 0.0584763436473382 0.00213580147861573
0.0660778623034164 0.0674713782523228 0.0207031358655263 0.102101593570772 0.171877768642568 0.216004264740198 0.0788431987574218 0.118050742336593 0.158870055531181
0.205656249577521 0.024714517842942 0.155000039479148 0.0321184749893526 0.234690838246937 0.143591002268834 0.0391064399400647 0.0111660057936635 0.153956431861537
0.153661909024921 0.16578382253341 0.0714592597791783 0.10919493510061 0.0769997249633333 0.141408010058502 0.0253880271972979 0.173594555779258 0.0825097555634889
0.016416114544811 0.141779248191405 0.16761498707814 0.10863806945838 0.0816350751663445 0.121540607695463 0.168498022527628 0.0301842492295256 0.163693626108303
0.259904987335951 0.118654775120364 0.0518536059162279 0.0830378763676413 0.0594752210574099 0.179949411806821 0.159350766598495 0.0618155595900489 0.0259577962070396
0.085747894125376 0.0270810086127618 0.109934287409867 0.147240185935304 0.16703430345215 0.164769674688866 0.0349276413548142 0.116293625627968 0.146971378792893
0.135390799956407 0.224465973652143 0.102056695388717 0.151433482935731 0.0067964454800728 0.204508182900017 0.113318389559142 0.0400181985538917 0.0220118315738787
0.0636347014348898 0.0602471094827381 0.206957004702353 0.231598262173365 0.000114453329136362 0.0183064491733675 0.111819014724663 0.131875035093214 0.175447969886273
0.173478653641985 0.114130864856448 0.012659553685935 0.200492694180678 0.127360628769153 0.00527690409721437 0.11502396258584 0.139676271512675 0.111900466670072
0.0978571718806038 0.176126957210711 0.00812301473161795 0.176264680639782 0.0909560928794459 0.0343415974495572 0.191288808796965 0.119183951102321 0.105857725308997
0.0482171819217807 0.0456805572046504 0.168370443598239 0.096685618648908 0.0851461448809604 0.149065579667528 0.107665732735386 0.105480712505529 0.19368802883702
0.00629004441218656 0.196349502623426 0.16029093519885 0.055945135192418 0.109273207125839 0.124677529293943 0.20673696656721 0.127211269471094 0.0132254101150331
0.045879739718526 0.0393458754451254 0.0566785716866195 0.0749947254367285 0.214115163367998 0.0130366423845975 0.19032849495705 0.193028064755962 0.172592722247393
0.0163977966479991 0.0253303048188142 0.155695671687712 0.120912588835015 0.194734883559432 0.243425832874064 0.0183287556859385 0.164951119246685 0.0602230466443398
0.156869149335223 0.0887572430809317 0.120809394238191 0.0333987530365717 0.178793526351398 0.114473165927783 0.0549283297434328 0.177629251995863 0.074341186290605
0.0508842272802899 0.271054242325186 0.160105191302858 0.121724246814959 0.163613146183682 0.0157086064485923 0.0631035854708045 0.0707041957835907 0.083102558390037
0.211524184553847 0.138859074536326 0.0309315319787011 0.0573858598440275 0.195890522513201 0.0100865927980667 0.0566349261309042 0.115417823549845 0.183269484095082
0.181106619738631 0.0245671119669513 0.147532305755429 0.0562829801204305 0.0296385569412719 0.0995867699872216 0.20811762516262 0.127293553234895 0.125874477092549
0.140089130277274 0.138242058901754 0.120416894239484 0.1201739356693 0.0564058201077458 0.0390899094786613 0.120714700389839 0.143260284212628 0.121607266723314
0.014009660584805 0.0476066636697157 0.0598878433214139 0.00400805843567772 0.195412279710204 0.0458721400325797 0.204066057913144 0.245114803395601 0.18402249293686
0.146810882057686 0.010044802744966 0.196964906164046 0.188843133299678 0.0398116068098389 0.064764462512256 0.0894113135133444 0.145372770234507 0.117976122663678
0.117117504787641 0.181203233602182 0.118979112130773 0.035961642127224 0.16966840388775 0.15696941958179 0.124982979867059 0.0416895852147299 0.0534281188008502
0.163504505687365 0.119275140538296 0.0815224885276417 0.0562028432244614 0.132335867153478 0.0959590275271969 0.15342095200192 0.0776948239051305 0.120084351434511
0.123944069199329 0.232310070496899 0.0157908448395428 0.210607471943585 0.00173137042529903 0.0549784443018335 0.0322601877469714 0.216206908340477 0.112170632706064
0.0683904271201617 0.156098121970524 0.0290466626058515 0.0522404139574306 0.175727887332568 0.141415207574417 0.169703790179117 0.131861280137602 0.0755162091223279
0.123998993210465 0.140381791148987 0.0860650047901714 0.181167638927683 0.0984806064686053 0.019960067311063 0.0342726543631534 0.189798332677497 0.125874911102375
0.0313755048114668 0.153207653176603 0.123315174353637 0.166468253912165 0.102870444531351 0.164531130334307 0.0285397541306893 0.0939894772101712 0.135702607539609
0.00463398068070553 0.104974494901578 0.0873464564258451 0.0381062582125826 0.136075210425212 0.136955908509511 0.247547662533008 0.165759714904633 0.0786003134069259
0.0115776804979064 0.00964803088553393 0.0469125965412497 0.0628201494834681 0.0847953752008238 0.0102462199892644 0.266055792205972 0.256476513198728 0.251467641997054
0.246801175071235 0.0599443714397424 0.0990028218502566 0.0321480354862313 0.0661036900163641 0.215948033925707 0.0631983723000048 0.212948351128751 0.00390514878170715
0.260417492983679 0.0143986646726744 0.0748920721554785 0.0973969844856738 0.0559271196147468 0.20630077763441 0.0906555889014611 0.147731834956609 0.0522794645952668
0.074252646809784 0.0273507151053484 0.0451401375203959 0.153711790088179 0.240113511335406 0.177908994165035 0.0217542139029683 0.083887269102335 0.175880721970549
0.133007010791484 0.0362612439957092 0.202491171328193 0.163857963156092 0.0648652520600346 0.0108808465141451 0.189442006422067 0.0566267261977351 0.14256777953454
0.0478221696168287 0.0751547043416038 0.0354179836198628 0.220493014739653 0.216574169509249 0.0937965883265698 0.0874471054042173 0.0373698788548735 0.185924385587143
0.0818708407279916 0.0999078546883353 0.0640041053501197 0.199187932013416 0.146648341589183 0.156478835401363 0.010114583032192 0.150973738491957 0.0908137687054428
0.0180377571627271 0.101011706747033 0.127281623567841 0.161371029493467 0.166599352388646 0.146093494236049 0.150054477570623 0.0746526209830217 0.0548979378505929
0.0606385689866978 0.0741036305446782 0.11034455687208 0.232176879610949 0.0656044454321484 0.231069894801115 0.0716905326228845 0.0343410986391329 0.120030392490314
0.0250233297374672 0.116959434290644 0.036538989793657 0.073520825385653 0.0671984989205914 0.0468236603440921 0.108372059688694 0.286554466519408 0.239008735319794
0.0562075968534934 0.0971739310358334 0.269953473304987 0.0657400493849782 0.143301373865199 0.130337677355129 0.033972048760783 0.0415355522868957 0.161778297152701
0.0175650698669909 0.125197263202136 0.215297516832068 0.0794999810933572 0.0716791550721412 0.0509650176698712 0.202427226067591 0.0937293677448522 0.143639402450993
0.185609291209885 0.0387252352126549 0.0515218855340089 0.0890330828674152 0.1329154669296 0.0887638603872125 0.0235939061580986 0.172568140570556 0.217269131130569
0.108040471267302 0.0881142713363277 0.0978765942422322 0.0776209664636821 0.00589448650274119 0.0737841824814374 0.192753678397748 0.114282041131463 0.241633308177067
0.0607378268966216 0.0818901250508293 0.128610476932183 0.177963060531687 0.00923068136873191 0.156381085113782 0.167289308455759 0.135146075099498 0.0827513605509065
0.192229555280099 0.191232143054772 0.0429418117779528 0.176806891452449 0.0214979655494161 0.172206242011717 0.144425837430382 0.00326603311731583 0.0553935203258965
0.0906010605724715 0.13150145014929 0.127854868315092 0.109622744850663 0.105563277281142 0.100494742728168 0.0455161375953451 0.121809570574603 0.167036147933224
0.0266033514285559 0.165237022581685 0.154155946075009 0.120723105677013 0.0990871871809481 0.142990896368058 0.0641413333757384 0.131769033737236 0.0952921235757565
0.130877032884478 0.199794005314219 0.0565991246589868 0.0546188723438804 0.165855314205054 0.136769514871782 0.0225422810381105 0.0913739409763212 0.141569913707167
0.0927348404371017 0.158280756833206 0.102207804892909 0.0108326151689524 0.101588832855595 0.0680039926950239 0.191910321273602 0.161747826539252 0.112693009304358
0.0601686732913362 0.149735008000462 0.0650888259334643 0.159286606078825 0.0678556280951301 0.138847402970778 0.16607824074817 0.153388184839646 0.0395514300421891
0.143268764930426 0.077811380341722 0.0328266615683641 0.162313276603764 0.082484121209351 0.102697206485639 0.137899702092597 0.110522158594153 0.150176728173983
0.0237927226131067 0.111753913116448 0.150766397790131 0.169610254206411 0.103530441641899 0.145516395651341 0.148266852391478 0.0692768222580561 0.0774862003311302
0.1587013471536 0.210667854233685 0.00464781530916035 0.00719604723512148 0.098234551972168 0.259735118599182 0.153623100363177 0.061605706484833 0.0455884586490725
0.0415119458063089 0.143477136037769 0.113100345314048 0.121456460779193 0.153039495374182 0.11939868681262 0.0254235314293328 0.134727463456926 0.14786493498962
0.1114405995231 0.0681839906611398 0.103502859327717 0.0919894567859665 0.1714361352183 0.143012840929178 0.0981460415594242 0.0579787272268786 0.154309348768296
0.19083147943586 0.199632602642822 0.12364472948209 0.232682738795919 0.079150178085683 0.0365143177836205 0.00176526838418487 0.0778980859919057 0.0578805993979147
0.190366174198088 0.137127250303403 0.112766716662213 0.0699599468197092 0.0546255543808356 0.0717244527086401 0.186254592500221 0.00859261721694166 0.168582695209949
0.172819642623548 0.0218346015237375 0.169165459800973 0.190988484840948 0.0618815267914166 0.0705817116704715 0.0845592901932426 0.0374931219348655 0.190676160620797
0.0121403906365427 0.13909123767709 0.121035902273561 0.0300639671007969 0.201115402271108 0.0205837710959076 0.222144201548105 0.218547400696065 0.0352777267008232
0.0556379419253416 0.049229672905984 0.131495763810896 0.0718517424257045 0.194646282317738 0.0723641562306313 0.0240009916179016 0.225814114557658 0.174959334208145
0.144897326709266 0.109520246190924 0.0369647527338118 0.163009009352957 0.0372091539191173 0.0537193373822407 0.0532856600381277 0.220438975873594 0.180955537799961
0.219350626125205 0.205671325791548 0.0209996978321344 0.0357203313848277 0.0794951234772249 0.00632547010884376 0.0637445894942188 0.217706684797247 0.15098615098875
0.00948276776296821 0.145881951713902 6.92060313144184e-05 0.250342049628154 0.212072240553025 0.101120712006873 0.113033804402088 0.101762153657185 0.0662351142444912
0.114748380150086 0.0827043646293026 0.00138334504535804 0.0919363094618319 0.0136450011805615 0.125983001097812 0.145657334864632 0.176455092668183 0.247487170902233
0.118515633847764 0.192034310806388 0.0346236512462534 0.0220788310925895 0.111206667317385 0.00604553032509349 0.192867947048099 0.13564512172661 0.186982306589818
0.205220835945691 0.115603252608771 0.138212784219802 0.091287781086062 0.136877653326618 0.0583120411726919 0.125258347508352 0.0606310711647826 0.0685962329672304
0.185940821534492 0.0841157278732396 0.108514319824894 0.136287502362034 0.0238282374936734 0.172182199783838 0.0862064993038874 0.105497155236792 0.0974275365871497
0.0929720221422223 0.0940368253554024 0.161616461059266 0.0915556514375976 0.101763792219908 0.107763428503175 0.0829007194209225 0.0758002791619071 0.191590820699599
0.00704696591121587 0.0573270410217004 0.056191713207336 0.151234605238867 0.0975879742521522 0.122749117682058 0.226262653052413 0.10999627854588 0.171603651088378
0.162657068615344 0.137001465770628 0.102168167880941 0.0170621802247063 0.172444624780898 0.0612523304686018 0.115527071880269 0.113791668081862 0.118095422296751
0.208245110031881 0.0620998241779771 0.13777859708458 0.137540995550066 0.0780419530705066 0.0139317708358792 0.122675510116603 0.0534190551204974 0.186267184012009
0.0776619524542174 0.143854066856093 0.115957188204529 0.15731921169646 0.202929338853452 0.0195582901120425 0.150995806810347 0.123522797482718 0.00820134753014171
0.164968900227333 0.16120899520202 0.174900500686354 0.110815707520209 0.0500885534368455 0.153967013063687 0.00654713931885117 0.0334609498863532 0.144042240658348
0.0509034774173258 0.173963365500644 0.0979447769010014 0.124830576583267 0.0808701489577964 0.153026226033922 0.0953913019379777 0.0445794825843138 0.178490644083752
0.052286090418227 0.215619959324027 0.018805093780543 0.0368536125158856 0.0606375582681921 0.0280310238108349 0.171606666501562 0.186941501314947 0.229218494065782
0.0802495551150559 0.160182560786779 0.114047570295072 0.189119152908644 0.0530975889100803 0.16986092867719 0.0037065039501863 0.0407367205207396 0.188999418836253
0.181672001269097 0.156616622505294 0.0961271089747381 0.170659741621085 0.0400741518875865 0.171737135294347 0.158382604858647 0.0152006133869352 0.00953002020227064
0.0918855955322303 0.188462933727643 0.0751192221269156 0.201819130612653 0.0647139317424279 0.135865828593729 0.0197547026481015 0.0372709707790302 0.18510768423727
0.185627600770577 0.00370500655725904 0.0586017852362508 0.142492612159416 0.180887536883362 0.0445217603771698 0.132433701173995 0.109493936038862 0.142236060803108
0.112837992818603 0.00929490014492818 0.0233185464212133 0.154131577751209 0.140386706956112 0.165636181903723 0.194736685863835 0.137039462358679 0.062617945781697
0.145788846268386 0.0403179080356001 0.0284458735435611 0.228980010659565 0.0178661873399852 0.224336006936927 0.133521599026715 0.14965812422468 0.0310854439645803
0.00935926577201705 0.253223453271702 0.0565654149577049 0.235444671413606 0.131710105296667 0.210884061543824 0.051699866322367 0.0451941977097869 0.00591896371232567
0.113291657022771 0.0332647038318711 0.0388054680611919 0.010237590645794 0.259736159368267 0.0973292136522392 0.139099068433074 0.232684385345432 0.0755517536393587
0.0914766871901347 0.0490578830860246 0.0406402967022843 0.149692204495249 0.211382680600518 0.213715573440354 0.0973245747700164 0.0617529001917325 0.084957199523687
0.0153464095671679 0.159089799305819 0.262160953054646 0.0454323162763717 0.00890976615269608 0.260598729418818 0.00597633672018593 0.00594850058195662 0.236537188922338
0.158034345725117 0.126108400765555 0.000379149744134335 0.109720376729597 0.123001917112763 0.0582741595635119 0.145372755161967 0.142899111930737 0.136209783266617
0.00312823402354414 0.0797014528905652 0.20849664918419 0.0680469068442838 0.193995223522779 0.107405169885902 0.130897164824393 0.0962815380309134 0.11204766079343
0.0838927696201733 0.00145250463406199 0.1666690156301 0.160136098705728 0.102296458771469 0.172966459956096 0.107154255204986 0.0881271514181138 0.117305286059273
0.175789013855596 0.173685170174996 0.0607395571691643 0.117180236045908 0.0974145634902247 0.156758798249411 0.0338154342146752 0.0671932271297772 0.117423999670248
