0.020268322395666 0.0634590717768384 0.309887564565125 0.12507976821514 0.224835063599291 0.0586285534169177 0.00958453420909577 0.188257121821927
0.0925990653010046 0.155379592811522 0.174466061829201 0.172173338980418 0.123801280955693 0.0545712114915039 0.071927382914216 0.155082065716442
0.0493830488635965 0.145280203358003 0.134634756497363 0.056434689545001 0.133347684655209 0.166854106273686 0.150378381705876 0.163687129101265
0.123788754075439 0.216500992462136 0.0935876989874961 0.0730876103478096 0.10266503489954 0.0930335517642087 0.150862542456104 0.146473815007266
0.163835655669546 0.122478774907508 0.229117606593577 0.00833549086852926 0.147385982460487 0.106530790001321 0.0765805563850756 0.145735143113955
0.152991697472601 0.0476111803302214 0.117786487832905 0.202177911158863 0.0343472886085202 0.164237786319859 0.158355843879418 0.122491804397613
0.131143277652408 0.138192356915698 0.0443311847305256 0.186240672785643 0.119003496087785 0.0753861900285467 0.163347271942597 0.142355549856796
0.0979391825240973 0.241232879036462 0.14958163285004 0.0993425397413135 0.0332046168914559 0.154474449559717 0.151132702524819 0.0730919968720948
0.155387116083323 0.103780112863991 0.0657839189138475 0.227072156706757 0.183942551686251 0.0766365233735285 0.134709855759175 0.0526877646131272
0.0165517356827928 0.0669808267343658 0.101604580674897 0.178907477458065 0.155646479907419 0.155190166130221 0.171409320339156 0.153709413073082
0.160639213141917 0.0672159609135078 0.182945219464113 0.104386451007838 0.157866213088725 0.149948263211605 0.101471897326777 0.075526781845517
0.0173219105153878 0.0352924870836384 0.210933128250689 0.150205343028881 0.198927993390776 0.186241001382092 0.157325851602498 0.0437522847460372
0.195861034531042 0.0487557089480664 0.131256997159823 0.198519455043187 0.0135687479520727 0.144528214619191 0.156304747563507 0.111205094183111
0.224665805207232 0.0763292017444835 0.0407666798189846 0.136812524381027 0.0149347671511434 0.201174515231893 0.216774451552553 0.0885420549126843
0.163437612555345 0.115004556023734 0.144004132732775 0.125114186727147 0.187604271548876 0.0818955251715076 0.00149434747808126 0.181445367762535
0.10609515857714 0.147858010038145 0.0401181214526366 0.037205918688132 0.0510935622212237 0.255000604964331 0.09706031598142 0.265568308076971
0.0986978760437931 0.179010313823922 0.0675935132961298 0.00111636887845641 0.192957275067694 0.20191870375713 0.0721342228525467 0.186571726280328
0.171306575700963 0.0787954151129906 0.114724987946888 0.167932039092454 0.165272466697263 0.0626287580022229 0.0737645860881352 0.165575171359085
0.199066277618345 0.16816008054654 0.0332814626477389 0.104379022357935 0.0872053553713169 0.114430044034305 0.211006541999734 0.082471215424085
0.0901679219856352 0.144667579333078 0.191401744825533 0.000679058761511269 0.0653034446383869 0.230089095053002 0.0399294266461751 0.237761728756678
0.166536695064464 0.147163035701822 0.00382900454950939 0.142232933937895 0.208927647067397 0.0325278741224444 0.147252167751053 0.151530641805415
0.00451855377470402 0.0286926576709586 0.166515327458945 0.310667262662331 0.138236787111232 0.098832560934605 0.171306957436302 0.0812298929509227
0.0409988570878986 0.212607260984876 0.199825891393563 0.049684956081163 0.0742756355467438 0.0468775556877309 0.155067619452625 0.220662223765401
0.0668791826056614 0.112728619541247 0.219135487440755 0.102778405924931 0.111684660144689 0.142396964841013 0.00644631825843716 0.237950361243265
0.223448597649764 0.0845143280496274 0.084760467162835 0.13336748703019 0.165199190019129 0.188466000624889 0.0555070474238616 0.0647368820397047
0.171142146098258 0.099255361381312 0.153132181724081 0.184390920521992 0.00654271825503295 0.0869121865864741 0.0424345050814192 0.256189980351431
0.00248307297449742 0.0908111794630848 0.0590869802240532 0.118476457193899 0.263488348962695 0.221624891039935 0.112719700071972 0.131309370069863
0.0859210238423011 0.213837314886311 0.152231786524263 0.0387100078508423 0.0704485108616315 0.236039637794392 0.109045907996871 0.0937658102433876
0.0998693152183356 0.100090470416277 0.218604192037929 0.124792204707545 0.0149255707433614 0.0509603038910018 0.17989162562472 0.21086631736083
0.182153082153016 0.125729934076635 0.151735315597527 0.0424471329849029 0.19856950815548 0.0739267294835885 0.0358366115376767 0.189601686011174
0.046540782698618 0.29804337149421 0.055826504538286 0.159678731029146 0.0233256601718051 0.130353338231133 0.187558933463866 0.0986726783729356
0.0269164683254134 0.163374345650262 0.1887157766781 0.116771861633668 0.101312683467976 0.0462216637562844 0.180113221568616 0.176573978919681
0.130040623809677 0.227512035389764 0.141067737642145 0.147048122459443 0.135702090878323 0.127361473735224 0.0271682224815058 0.0640996936039183
0.0396711083941807 0.164887254361943 0.0707149622371195 0.0618858740792112 0.312445556998073 0.204175096667326 0.044608225405951 0.101611921856195
0.159715624499368 0.076354559969686 0.21584385122518 0.112575715758505 0.0355976148542998 0.189060417013175 0.169044278933682 0.0418079377461054
0.18753174254933 0.184978460870432 0.0407558582465944 0.153022320198897 0.0928614169762755 0.0197566871091529 0.175915165648205 0.145178348401113
0.164163102358549 0.120817417293465 0.00354001221043465 0.177272098257216 0.142934192319535 0.181730446701778 0.161998151752124 0.0475445791068986
0.180205680580082 0.20894091399099 0.208612702543797 0.146044033893754 0.114560173013525 0.0485116430762368 0.0687544484486043 0.0243704044530115
0.135676597297395 0.152175164100572 0.00158366085415766 0.136993961182018 0.233795195537899 0.0758595330411539 0.0511337748440081 0.212782113142796
0.21316974690032 0.135132430671553 0.0940775671669619 0.0168335646633471 0.0912754793823777 0.222162410228601 0.227308451908354 4.03490784860849e-05
0.0851603372286284 0.1441269360482 0.184943335518482 0.136554151348066 0.18321110186849 0.0123213043258742 0.0593582379457416 0.194324595716519
0.0517632066703084 0.160293940346357 0.0281437825708289 0.167343992165358 0.0859722116046366 0.0247907252682534 0.252092468998795 0.229599672375462
0.158418035603596 0.122495337036422 0.204437660590704 0.00932957398655042 0.101758199001712 0.195434681119374 0.043923121852534 0.164203390809108
0.194836802990422 0.0989215776268181 0.128909988347393 0.205424055197437 0.00675661367809277 0.256268384559669 0.0355609292347659 0.0733216483654022
0.0935495303088382 0.0902568384296093 0.0102100463414661 0.241168868852529 0.168127142800479 0.173375633329496 0.0257935179312784 0.197518422006304
0.216237786462132 0.0839010797787684 0.0039707646599956 0.213265156705728 0.0248819407982357 0.161459325656775 0.166772145635492 0.129511800302874
0.129147574704561 0.171030589257467 0.226815764176887 0.0350015303268933 0.32974023480682 0.0353134684067865 0.0199910209598654 0.0529598173607209
0.0126978109725487 0.216548802211636 0.105900401842925 0.206783195137769 0.128484737129726 0.216302319600101 0.0115012012256439 0.10178153187965
0.119407982340265 0.203220633230623 0.0488829859480011 0.0170936585130151 0.222774757152808 0.0369538395579352 0.149995509763923 0.201670633493431
0.0947897037679566 0.0518295642414133 0.0606760450912232 0.168108728947325 0.274621781131196 0.0778707545704184 0.167454876843652 0.104648545406816
0.110949746920575 0.152629159268327 0.0561903854492063 0.175950928581693 0.175117627798144 0.146537338507522 0.0912993289637694 0.0913254845107642
0.109549900180729 0.182544626048632 0.0315549404952812 0.1633507837803 0.00585414165126994 0.147420707577133 0.213202745882167 0.146522154384488
0.154597080924242 0.01869269119381 0.209945868022662 0.101610287415664 0.00279253966832179 0.117455605045352 0.197987943354346 0.196917984375603
0.246342441818964 0.00867212822909126 0.0833261562583398 0.0886444089265432 0.11262050832722 0.151337882744681 0.0412646530873978 0.267791820607763
0.178200353484417 0.352016754147588 0.175146332289515 0.00164733248548203 0.0643582745337976 0.0902196133061383 0.0059379600895928 0.132473379663469
0.137241739822023 0.114331037588643 0.172540242234584 0.0759510898122632 0.247563583107899 0.0568491869368305 0.00574176737804171 0.189781353119715
0.0727185753788479 0.147357618416385 0.0647738745527263 0.175647174720846 0.190604116567355 0.0966554717572701 0.233013486389138 0.0192296822174316
0.182746568943 0.224935545063065 0.044564328999897 0.0675522252270545 0.0995557290971588 0.0576123734356937 0.20922814694981 0.113805082284321
0.0210716846774063 0.230265080131957 0.0441969039470649 0.110253161168438 0.0941510276435942 0.224885218642772 0.0751494708712535 0.200027452917514
0.206408735479478 0.031177034719305 0.206007099470431 0.0703752407321491 0.13776598829724 0.098419672043225 0.13891474751921 0.110931481738962
0.0466996568974094 0.0851318434197478 0.0363749352305808 0.133415946146307 0.202692882265352 0.128232098502943 0.160958381848153 0.206494255689506
0.190768076350182 0.184824349977087 0.0619499998328852 0.176576618156076 0.0256932162651209 0.00804185906651959 0.1890800051846 0.163065875167529
0.218419945763332 0.0680371224269765 0.00608244530286504 0.00560000022422534 0.0131924675450332 0.222425544126227 0.221486175852442 0.244756298758898
0.19051049741178 0.0698935772535836 0.151922711072365 0.151774112281154 0.102146335619919 0.193470208245679 0.123131602491203 0.0171509556243183
0.051494368464323 0.146369780660508 0.110057188031538 0.14699383327382 0.133108919830875 0.17342273732167 0.134473024970652 0.104080147446614
0.239081531560812 0.123769246542775 0.0364894407890356 0.162739485057061 0.0163504091279299 0.15008705554051 0.221979003276427 0.0495038281054497
0.0355934292993653 0.233706968751485 0.0612853312827929 0.0407462835661749 0.216393407889368 0.239871840466695 0.146523445939297 0.0258792928048216
0.00443729481161497 0.13588060669879 0.2162915172811 0.0125511931419639 0.110910393664578 0.234299009539483 0.0729969595528181 0.212633025309652
0.117090808840011 0.034713092528078 0.243164211245927 0.0487027973899124 0.170491985089206 0.19508164967727 0.0827290563085478 0.108026398921048
0.0208875311786531 0.128238029983265 0.0546201572438065 0.167983837462945 0.165514026887283 0.0895832936397116 0.219024440842188 0.154148682762148
0.125742188759814 0.0859719717710892 0.168438683374968 0.211620740879177 0.20503255770066 0.140962010314271 0.0214122965932226 0.0408195506067975
0.161705825940723 0.153472371374652 0.0944338603252063 0.133097500390612 0.000146306880933522 0.205057417153158 0.0526178928291811 0.199468825105534
0.0926682563711769 0.1231994149723 0.125663270682099 0.140374544038815 0.204495981113427 0.0235257711979858 0.117195092280296 0.1728776693439
0.172714664133079 0.0724807134811083 0.113358752687151 0.106934636963273 0.130241287793944 0.196625430146188 0.139118123035491 0.0685263917597651
0.0887116768668678 0.20526693073264 0.108150511065649 0.212197818931461 0.192472394460373 0.0804184971221586 0.0034369101960121 0.10934526062484
0.156474778224509 0.0955291464005774 0.0115132164519004 0.288067296340957 0.0304237402866156 0.00209896010186264 0.268831428139354 0.147061434054224
0.0212369842618454 0.14076790788414 0.0611193675443793 0.0791054796155998 0.190861734096979 0.223836944654668 0.223239226257912 0.0598323556844758
0.0946357934054251 0.110081131800437 0.0800146460147135 0.165180119243642 0.186299647074435 0.0516646875752089 0.170100350842102 0.142023624044037
0.17350206264113 0.0323676188543709 0.0962678499403606 0.102418859893614 0.156793694163654 0.128530052394722 0.059649529695014 0.250470332417135
0.125462362044543 0.10389396188033 0.108802631640895 0.144119792613624 0.135919975629327 0.171217104013095 0.0408998497604042 0.169684322417781
0.18379514370508 0.0824594991276462 0.0903245903518662 0.102121816415873 0.165345252602222 0.194235949546458 0.0804721816962489 0.101245566554606
0.234179077854901 0.0233338306359266 0.17214402814601 0.0852510279477895 0.054132881957863 0.181324753176 0.0586209346788693 0.191013465602641
0.0677169830625195 0.180215399014564 0.165354014645366 0.00626992707730264 0.0777500520158386 0.175810443342822 0.11976184245472 0.207121338386866
0.126322668240324 0.107886244462212 0.0942465550900685 0.153208941634357 0.140691270571929 0.17921546258136 0.150973614275004 0.0474552431447461
0.192386058090837 0.114661338658782 0.0916851920126022 0.166874724218134 0.0195270773181289 0.265491580127164 0.0533842117588785 0.0959898178154735
0.132208624917672 0.120821833500568 0.0822742349790237 0.228148292748501 0.0992596015339018 0.0436185374270712 0.106568710726067 0.187100164167196
0.194590235044158 0.0930445273714002 0.19550283366333 0.0455260039278219 0.190088261351073 0.0689261126792581 0.145465442587189 0.0668565833757698
0.0198449218229009 0.155757561491243 0.190543625169585 0.0808045316241219 0.221146003413007 0.096611918197049 0.129360599951962 0.105930838330132
0.096675976076114 0.192392501693272 0.279348947517604 0.0877545854465234 0.0137734984210165 0.106881985746643 0.138202541624177 0.0849699634746498
0.0397545745085281 0.0608658739447855 0.0101174121498366 0.127178028890623 0.12958035030938 0.165382618385426 0.222198058270604 0.244923083540817
0.235330499333588 0.00783529454787549 0.00978892075361177 0.134997160641515 0.225370227266657 0.211357105489934 0.12277221208751 0.0525485798793097
0.177999963683329 0.0697722521523896 0.123354029405809 0.134939888462224 0.049227566443933 0.0994589400172454 0.176762412727448 0.168484947107621
0.060407562836595 0.0736600582072664 0.203511883797084 0.0973158596055624 0.0655307268230514 0.222951131671827 0.153660824475281 0.122961952583332
0.114108203519339 0.162210897091226 0.147489937432006 0.00572313927901272 0.0857102513647033 0.229292688392835 0.0787138038623492 0.17675107905853
0.00241847518436132 0.15131028822282 0.00514019138056329 0.217996902200891 0.145985098625774 0.13406101588383 0.149273785523536 0.193814242978224
0.200815562271077 0.101113963766756 0.131491506512092 0.0744342840954339 0.138696920892064 0.0987691464013602 0.14920793779268 0.105470678268537
0.160481406119419 0.151917513054635 0.0401608934848513 0.17157552464104 0.105420569888577 0.169037561189194 0.114946877133607 0.0864596544886762
0.0914386267951965 0.223826377650819 0.0773494888522265 0.204477099233846 0.0889393156251279 0.216589351848077 0.075537565032099 0.0218421749626085
0.0833720974176608 0.185684152511827 0.162626335971526 0.174456653432567 0.158127921965557 0.0407809828919095 0.173393897444247 0.0215579583647049
0.101146695450657 0.260863739128744 0.042837878433577 0.0534040411487927 0.0217973817030584 0.100872177284957 0.197296316277712 0.221781770572502
0.119993822460729 0.0625070756118071 0.127186410972194 0.123690580428594 0.165257366688553 0.162558062760393 0.15910933036195 0.0796973507157792
0.0726217167122924 0.113981163099717 0.151164150341461 0.150702584013461 0.0930565596935801 0.0813179026797568 0.157424175888921 0.179731747570811
0.146781859164152 0.0996497900287832 0.0904186361175485 0.11243201098214 0.0470633873831721 0.122343221519807 0.187534478717791 0.193776616086607
0.17030708153019 0.191618871443117 0.00920230197788846 0.0639809076455208 0.112354849177727 0.223114358270965 0.128822463839635 0.100599166114957
0.142728404502771 0.24241770826309 0.0240328009297363 0.228875095806013 0.0528294127622424 0.00620866192584341 0.188851173721266 0.114056742089039
0.0505025827808749 0.135211760429919 0.184040515295353 0.0905400776561558 0.0647964326546773 0.202234158330628 0.157817118509292 0.1148573543431
0.215701528592259 0.0788857470162575 0.0830744940417329 0.0832774673658557 0.0229375493111838 0.172429326256875 0.213892553649024 0.129801333766812
0.164453622675705 0.117523762029099 0.117483391414907 0.199518754280066 0.19368351261964 0.0586713301069126 0.0158262171171371 0.132839409756533
0.18798272149113 0.189878290321499 0.00350452196811668 0.0317642305275908 0.172960207066337 0.161725772460199 0.151531838314483 0.100652417850645
0.00730455192757792 0.239996826863065 0.109273195942102 0.230506922968122 0.0921274519776102 0.126696275514897 0.168025692023548 0.0260690827830771
0.173708472429539 0.100096822739476 0.220536676823971 0.10214779622738 0.0659612422196812 0.0190110188461385 0.156324320510665 0.16221365020315
0.139321606375783 0.167428540475688 0.161036018281868 0.0685723363154489 0.0762931057006861 0.145082896205694 0.0742234979444051 0.168041998700427
0.0887369972006378 0.161769020940894 0.10594911755069 0.0496984998205614 0.22918162111258 0.27084412017166 0.0306351464169008 0.0631854767860753
0.0173823060318701 0.300660462744763 0.148144446349517 0.079617603211602 0.164398235083671 0.0532374148149532 0.0333406088322285 0.203218922931395
0.144385447280126 0.183228210190493 0.200046923410143 0.203086513888838 0.0113793337947403 0.238087679117268 0.017903897869405 0.00188199444898643
0.19933761536874 0.0729461590392716 0.0890264454767151 0.206683052496531 0.189983626398959 0.151784629250717 0.0143738824625303 0.0758645895065359
0.195824505665381 0.100048527205566 0.192232633078794 0.110583447824672 0.16292590083552 0.0870270853228875 0.116571278669354 0.0347866213978264
0.338269177504403 0.23655212234772 0.0222045365634609 0.0706297855614298 0.0672835124643646 0.00993351875928609 0.0765261829881197 0.178601163811216
0.117427781986196 0.201536698087606 0.14368568889385 0.147389451636712 0.148569627695217 0.0323019859526908 0.183133487097441 0.0259552786502881
0.243864527828168 0.0724551623501179 0.00951909353031166 0.0843009052455936 0.163930875535053 0.0975917228101811 0.291658476973908 0.036679235726667
0.181081691893184 0.179262174563609 0.000704082755861771 0.243028321508971 0.0295839377880282 0.122465137354716 0.0843258182681509 0.159548835867479
0.135215180532641 0.101790832296318 0.121118745994515 0.127552158649877 0.159285207253892 0.166196075020558 0.0410533782619448 0.147788421990254
0.193266008523081 0.0476418138821755 0.249008860398253 0.0645207053524031 0.113187557612012 0.102226571890129 0.0832027088604565 0.14694577348149
0.00648862768060179 0.207629280456583 0.0755053133529272 0.128313422627634 0.0894858054241801 0.0947252684531102 0.264795851650453 0.133056430354511
0.264869357309096 0.0188361536821601 0.0767152586508773 0.0831627426149673 0.00215253547076064 0.13772968712956 0.213400150281636 0.203134114860942
0.228161509853264 0.0351961478810308 0.109810050614231 0.108135960985375 0.0448753282482736 0.208845810396086 0.10499225658912 0.159982935432619
0.114503230985907 0.143733714981264 0.212476279674381 0.183716082568231 0.00106983918629704 0.148582702888865 0.17590434682885 0.0200138028862052
0.0234717903038806 0.215196896295682 0.188543785643998 0.139967143516369 0.0687861348241542 0.0859652926680668 0.111903550594529 0.16616540615332
0.185426922164666 0.0131164533990374 0.0539659641821339 0.0349879940078399 0.206773294862005 0.0688411102628122 0.215733965825131 0.221154295296375
0.111501463429633 0.00508498825205982 0.141966648653281 0.0891161396622728 0.178095648381594 0.148656079986652 0.167379020749924 0.158200010884584
0.24638155378033 0.109477318945941 0.191974261249863 0.0935904654901813 0.119852396097396 0.0167327890326574 0.202710653876468 0.0192805615271625
0.117905723347424 0.200017361599817 0.109428773053643 0.228746679667305 0.00777237798788478 0.142582424585179 0.091172751567173 0.102373908191575
0.194137114746806 0.0706381340805003 0.179319352785579 0.137670435214666 0.167447324758498 0.0759896534979584 0.0708405342658418 0.103957450650151
0.233151837812175 0.220318888533067 0.0667425491945859 0.00875650112331179 0.20594861268804 0.00967021112801787 0.225800198658722 0.0296112008620811
0.103195428423236 0.23753848078884 0.192014503299632 0.160065102032728 0.0991517358571733 0.184152991954265 0.00621771704880742 0.0176640405953172
0.0507871548485477 0.128699569356167 0.0353952411196089 0.0254706472218477 0.364705574423275 0.243362781855272 0.03735380033905 0.114225230836233
0.195072459713365 0.12935822942786 0.209285854035785 0.133131186373473 0.0131396621623038 0.0257865266445444 0.0788784987455703 0.215347582897098
0.315774349174587 0.135147040090644 0.0349154753091889 0.0585771796538426 0.0508657239531586 0.186370847698893 0.166902380578066 0.0514470035416202
0.128638011699608 0.158755819718097 0.0455641383934807 0.240171635640077 0.018931805870056 0.0978231350338213 0.18645753556147 0.123657918083389
0.160061847022323 0.113509192185649 0.0116471736931619 0.144680843509718 0.07828357221698 0.176707498220295 0.186346074128042 0.128763799023831
0.130295088367482 0.100504789997253 0.0735964985647227 0.177603272049266 0.157056194147962 0.165940407423098 0.181980842742086 0.0130229067081302
0.193164062222681 0.0739275570350113 0.213257243646561 0.00933184550216227 0.134267502896502 0.225287966727395 0.0853161106084409 0.0654477113612473
0.206469314192674 0.0463496901006371 0.0554483808107185 0.0786427410749971 0.127748508560774 0.178266254891675 0.113400377672057 0.193674732696467
0.118435656397008 0.0290699130293928 0.144714924960438 0.128515271123718 0.228399915277036 0.115420788891346 0.0842024590408875 0.151241071280175
0.162705321053242 0.108143001939884 0.147357963224678 0.0357382967642976 0.101361494804485 0.125549051842689 0.162109929700042 0.157034940670682
0.0206717562924484 0.151221483547374 0.0164414865423 0.0620278693351156 0.221134459961699 0.0571239017412822 0.400827307511538 0.0705517350682426
0.210241095330059 0.0640267699349089 0.125680475840528 0.12003323538002 0.195540973865448 0.0853789764103202 0.0954039039270836 0.103694569311632
0.0099525964552502 0.210884912072011 0.102957835201415 0.23282372344696 0.0797985125952921 0.186140239194389 0.152872167812099 0.0245700132225831
0.171185437345187 0.0896005745082698 0.152548937613105 0.0796202179811215 0.142708522689625 0.167541942867662 0.0775444639658916 0.119249903029138
0.160363975561326 0.0905306775745158 0.0356274141215428 0.097383114888299 0.14848244220039 0.1111747299863 0.141232788533399 0.215204857134227
0.205606079471024 0.0452453086807933 0.12254160935192 0.123143816188382 0.115515488174277 0.100144135920167 0.21050334818513 0.0773002140283073
0.158446904932804 0.101654724870419 0.0368648809478465 0.145535597967818 0.207862944632556 0.0738707233869733 0.125289269443381 0.150474953818203
0.0590981386297352 0.153103212080951 0.143279360104131 0.139545534710645 0.182559565907511 0.112811146371238 0.178135481126026 0.0314675610697629
0.110740809656874 0.09098444113256 0.0156947091343993 0.160953096993878 0.124861099422225 0.131884198140749 0.185179144906277 0.179702500613038
0.0193993661044361 0.335130841120214 0.120473467836165 0.261100857900822 0.0882162152882833 0.120657073161892 0.0328367184030285 0.0221854601851591
0.136259405444521 0.00940222780635048 0.0486725779395272 0.226568460105124 0.218292669679306 0.133831953673848 0.130263281599652 0.0967094237516708
0.0171455922979055 0.161667047203186 0.098656105213083 0.132266851805471 0.141062129992091 0.163101235265113 0.176496165972759 0.109604872250393
0.170251794195103 0.146668212269358 0.0545368258584628 0.0984991540402631 0.170274235440084 0.115827453561103 0.0739476213116563 0.16999470332397
0.113225338736954 0.128049833678896 0.0732538456351577 0.0825670386029346 0.138478764301389 0.158825412263424 0.0722163408435506 0.233383425937694
0.100792530749873 0.0192962988465683 0.193312893353374 0.190993219829097 0.112779792551891 0.173091270351505 0.0253806468700415 0.18435334744765
0.105799245939101 0.0460121456117228 0.170398844453524 0.343832709625772 0.0779432475979511 0.0366376362235485 0.0866880874054388 0.132688083142941
0.162506409832924 0.183827324764093 0.0445479852330237 0.0712860117874593 0.143498874565494 0.0862441539299312 0.140080241254145 0.168008998632929
0.194882956987777 0.110094570355176 0.0445936750846121 0.198563156047128 0.0907905547561696 0.0945294699491012 0.101925041860972 0.164620574959064
0.153376764656201 0.0998400822442179 0.124464219895046 0.170020624873927 0.0759396916101197 0.176134802260495 0.0809915775055662 0.119232236954427
0.150234094747407 0.0551955722158868 0.163061459834339 0.199258245913159 0.174885692139347 0.0186038316686802 0.0226328059386963 0.216128297542484
0.231296695833131 0.0747118453084644 0.194207459763554 0.0375080819985347 0.236296127891067 0.142649152121187 0.0789340320465896 0.00439660503747351
0.0513836977746573 0.177723936733016 0.148527261670767 0.279467618953849 0.0771642300428351 0.219371720257399 0.00663172030271149 0.0397298142647637
0.138830170403837 0.0515889273910404 0.225689363176684 0.111637805583205 0.222099630078822 0.0516001540086298 0.145419949829745 0.0531339995280362
0.178920152596254 0.205193588600118 0.108960920513563 0.158614880067998 0.0778413819947867 0.155541447185722 0.0490560153917192 0.0658716136498395
0.0841687975282691 0.223785635535041 0.208743500339979 0.124441581706299 0.113758827895683 0.213723275270457 0.00246365919021542 0.0289147225340562
0.0269183180772233 0.281068302149235 0.0182395877832113 0.308792833717786 0.168245207158884 0.0582906373653639 0.0719925320874331 0.0664525816608633
0.0370414765920211 0.0370059292117133 0.0643201539803733 0.105672629643517 0.148481128979066 0.213748429903233 0.245544476985404 0.148185774704672
0.0490628786179743 0.105387149088389 0.0327230144428364 0.0275487528515174 0.0377213879233691 0.292014024396263 0.195313817675893 0.260228975003757
0.0929341091362367 0.244673291124642 0.025098566976183 0.122395805745679 0.197632476339485 0.00383337248292598 0.171121394131533 0.142310984063316
0.079315925294361 0.0361044957629511 0.0557100236063819 0.150539496039813 0.0513139533132059 0.300584125963921 0.161119482354916 0.165312497664449
0.138927451607242 0.0760752301037632 0.1588892298706 0.116532294298747 0.197188430614126 0.071877120347383 0.192374535113219 0.0481357080449199
0.249102159058738 0.243671278708468 0.0357358921466121 0.13989446192846 0.0283052644665939 0.10211996717488 0.132334121403002 0.068836855113245
0.19323712872397 7.95829139904098e-05 0.0259933641417131 0.210999292246847 0.155757165521561 0.152556872891308 0.180798983178217 0.0805776103823928
0.175121309182465 0.0552865687642693 0.181373085599924 0.174763240893895 0.199612004645552 0.202658768197182 0.00018861219153371 0.0109964105251801
0.103862522463735 0.196489655109491 0.0908145325276292 0.194759968092835 0.0558931568494346 0.165096217124028 0.102943369971166 0.0901405778616808
0.0502914570954702 0.304545886710623 0.113473695970402 0.0231175951849976 0.153202164047959 0.0450638200912149 0.055662713009839 0.254642667889494
0.0876675531154256 0.205040787035233 0.0621962502047033 0.211093948718653 0.114451811049455 0.10522372182455 0.0321992072452148 0.182126720806766
0.112313078702872 0.198599157572407 0.0447054916584838 0.126194058593933 0.0643134269292574 0.252322306372294 0.108952703631132 0.0925997765396201
0.163047459435566 0.124466172675121 0.166201437129531 0.073604553073148 0.256215598441233 0.14877008972829 0.0575503576607258 0.0101443318563854
0.236674451301 0.239214445469571 0.14516413661653 0.0186673625154363 0.0215459113762133 0.240819486907854 0.037595408932238 0.0603187968811584
0.114464411630551 0.13391620993907 0.121180360605814 0.195366419111096 0.0913282643011052 0.115819208399659 0.154825021419783 0.0731001045929207
0.0464309290806964 0.0990495283119626 0.251445702783792 0.0945662153843815 0.0725471971436236 0.0264629217007781 0.232343422316425 0.177154083278341
0.15898746137309 0.0904673915497132 0.0894869445724108 0.206714805144798 0.159045380265319 0.119303581364328 0.0869060104634322 0.0890884252669097
0.286812624319973 0.273074351941187 0.0627011339603437 0.0339540800293002 0.157313857743908 0.0294812292225518 0.0844894340004661 0.0721732887822709
0.0439695758110735 0.221006717345119 0.189847924544212 0.0953173933529595 0.0182102420753263 0.159176611742141 0.161759561367733 0.110711973761436
0.163498780247682 0.176162090877054 0.0892427941282222 0.146980351522936 0.190210983117847 0.214084124616524 0.00105084820748823 0.0187700272822462
0.133560315076949 0.0887008677940873 0.145794357520535 0.135103444881144 0.0563027196003729 0.136398575512898 0.106923930957907 0.197215788656106
0.159470628268245 0.244933279186254 0.105936867812371 0.00240784546293219 0.145161307852217 0.0518754882556233 0.00230882029387441 0.287905762868482
0.240120845812717 0.0165197416990884 0.125969506161968 0.182877286420458 0.0472953311165628 0.202858208964118 0.0551651461306774 0.129193933694411
0.151522376572749 0.115297704147723 0.0700868157285962 0.151006027917443 0.175593645486574 0.0466503939398451 0.175348746946365 0.114494289260705
0.0171149877397972 0.056748992401366 0.0683680368584108 0.0218437548166511 0.288094194473381 0.294066357772939 0.0393024472316668 0.214461228705788
0.143253863392203 0.175813387006572 0.116958862069782 0.160955533633345 0.0891902970020716 0.151780736738729 0.0861509020355865 0.0758964181217121
0.272897435730111 0.0387159999621946 0.218333758958018 0.0761069282686951 0.159417215578399 0.015195744274033 0.0466606160350599 0.172672301193489
0.0857542289218482 0.105796742015721 0.216059532878864 0.0855252185775616 0.0868178457060418 0.0509388043081339 0.20103122583184 0.16807640175999
0.161185598690058 0.194219267217173 0.131217581706643 0.178509887451459 0.109005221309247 0.101449588009221 0.0990369229671008 0.0253759326490984
0.244609831915937 0.0977860734015533 0.0740338760466341 0.0323211458268059 0.0946479757889061 0.114457199445054 0.218761708173602 0.123382189401507
0.151921471448547 0.0979655382253848 0.0993796907984571 0.0902681715559063 0.140862448872985 0.140619399864182 0.17020195995221 0.108781319282329
0.0521718877255283 0.185498079366435 0.170777720798659 0.110267296502671 0.120174243302904 0.224378248630674 0.109305895047453 0.0274266286256755
0.0567206100889526 0.0233568866859797 0.32166482103517 0.13563629896427 0.0136945277827706 0.263039784990703 0.0135932266225324 0.172293843829622
0.00657170100590058 0.046587545815538 0.11225651095238 0.028056337954064 0.218388247166813 0.163892439446153 0.227669728900086 0.196577488759065
0.120280568994005 0.192918093449761 0.078482191414838 0.120464113977638 0.176577499258098 0.144531395398455 0.0135563109982301 0.153189826508975
0.0835481996448894 0.237311160979061 0.0641961425704216 0.004136046491836 0.214637944467529 0.178759524011504 0.0722079764490702 0.145203005385689
0.162407256558427 0.180763418193591 0.0554394397316958 0.18773532179412 0.0788348413106529 0.145779448955965 0.127545915071493 0.0614943583840557
0.158603969374086 0.0615872293535968 0.171707670223918 0.152310989559344 0.171227459761693 0.171319726236225 0.0856064922736181 0.0276364632175201
0.0624096400610567 0.153810725616316 0.0847689739962392 0.0145522876156951 0.12672413706135 0.168242043691733 0.2053467342675 0.184145457690109
0.0604884878911944 0.173272965163528 0.206905950670583 0.101692986876866 0.0159950300345883 0.195048248802654 0.132991728323905 0.113604602236681
0.157571353354095 0.0605081098116885 0.267786742944801 0.0494025246635306 0.1990012110993 0.00569741614504712 0.0599784703489054 0.200054171632632
0.184689082026337 0.0761642755115381 0.0438077925443509 0.178403831124897 0.168370087590249 0.0541705019069966 0.14331501543756 0.151079413858072
0.293761561639709 0.034588290869848 0.168130222487351 0.0112769652206088 0.115158184335142 0.0585041299967623 0.0293721485510363 0.289208496899542
0.0271377680280631 0.0491808617178297 0.139174826733589 0.0842407734027458 0.181183597513933 0.156967556501825 0.185502217915408 0.176612398186607
0.259496066917395 0.242903028784917 0.0388761585927918 0.0954846593153122 0.123648707024645 0.152788160100815 0.0446442320441868 0.0421589872199374
0.175791468330615 0.0142164947532428 0.0668381103680377 0.245481199475376 0.140152828745968 0.00541445989302784 0.258434739577045 0.0936706988566872
0.0209180617653539 0.0463075770541676 0.0386637957346385 0.209315711251505 0.230091252286263 0.115659249357723 0.131749236715641 0.207295115834707
0.123948661048426 0.179869130302002 0.170538990688162 0.0717338735887691 0.149482007977882 0.0727717544386058 0.0729194223495466 0.158736159606607
0.090982798424123 0.0506059409974268 0.216213022977301 0.102858134576056 0.0622657942444165 0.0402577716250286 0.182556798587664 0.254259738567984
0.211684989729311 0.113700825000416 0.171942201465424 0.0469341508802736 0.161432396655937 0.151647601485378 0.0521899253772444 0.0904679094060168
0.0307977918159252 0.030163183861758 0.221216892706181 0.00203957827734993 0.175005251290891 0.255090695360488 0.172449838475605 0.113236768211801
0.0137416489146448 0.118846137546841 0.30028954580456 0.179983539418003 0.0035828720114611 0.24758414994537 0.120652834688023 0.0153192716710975
0.147162462344867 0.135270289434155 0.19471331761682 0.0633334590887471 0.0528262930764227 0.181091366802385 0.164025975519476 0.0615768361171278
0.165122487082511 0.0959347882564163 0.135458535733353 0.147271811033213 0.0308519108274099 0.132043496224587 0.135178184784246 0.158138786058264
0.217255549389383 0.195432808719404 0.0403479629264674 0.148597542540189 0.160101241133079 0.0066277701808528 0.216523886138788 0.0151132389718368
0.154142428257227 0.00985861746365147 0.0650177427203897 0.128028746731778 0.148679460268135 0.199566475884862 0.0912852696116433 0.203421259062314
0.0960533577266327 0.0884120101631551 0.165093496845951 0.103345441938579 0.131237872695143 0.161546933904012 0.0558979652802677 0.198412921446259
0.0212816018848008 0.172315718444637 0.0652269723620876 0.256919467424735 0.0308522630667672 0.0680253636732916 0.229664765755564 0.155713847388116
0.157235221526496 0.214796335725899 0.0672395764306267 0.0782833756650221 0.17396210786916 0.114086750040368 0.00496049917199282 0.189436133570435
0.259377430793221 0.172586554147898 0.0876348481176189 0.103105957828291 0.081039284506342 0.0549741686739928 0.126207386774311 0.115074369158326
0.0756336405157614 0.238334845074563 0.168543133868733 0.0216761564587542 0.141153748236591 0.145465692790378 0.203725987242962 0.00546679581225797
0.144642912157403 0.0351447545428351 0.188545822082006 0.19088562856124 0.119698788404132 0.124626276930707 0.115400396817741 0.0810554205039364
0.083123620761633 0.288065890413262 0.280648005434674 0.0503524742678016 0.0455817541206618 0.0788413692884653 0.0136640993849229 0.159722786328579
0.135167725662916 0.200039548123127 0.102175327283242 0.211341971349628 0.0407895808577674 0.0997479677183648 0.149604372088557 0.0611335069163986
0.0325415272243133 0.155816709781628 0.233479420919637 0.159929144890694 0.112269299612393 0.0842013543871879 0.016328723290494 0.205433819893653
0.205337423659978 0.107678672057887 0.0152451483267661 0.240625950346432 0.0573243062342343 0.0449398749362823 0.134497837632789 0.194350786805631
0.141975689111933 0.0608159275211206 0.186357101609134 0.25293314231523 0.118273999002977 0.106693440227789 0.0216852157978053 0.111265484414012
0.11741028136563 0.0571382211000408 0.0353459783911356 0.169369437094326 0.241675932086284 0.206451007978018 0.133026364103971 0.0395827778805959
0.192702604476858 0.0760870861098113 0.147627729676115 0.132360915174575 0.0865684843070292 0.225475715459316 0.0679020485316731 0.0712754162646229
0.116952362450022 0.166259086801093 0.0804133199540743 0.127196068946195 0.20503829621393 0.0398216636571325 0.201567043944098 0.0627521580334548
0.0754637092828369 0.146510357975852 0.153870056608121 0.106065692718586 0.149816610101758 0.176657437007746 0.121983992265305 0.0696321440397945
0.184767479830173 0.134288835914488 0.0108266317389527 0.0473869049109273 0.242485930969592 0.0758981972299368 0.0668454285647486 0.237500590841182
0.0724278165103429 0.139953548730296 0.142565806474381 0.173928482924159 0.0606207060748762 0.0364781484003088 0.228540973220671 0.145484517664965
0.141923283266191 0.160744804800254 0.17783406547076 0.0155449264406057 0.000726835085392316 0.13369700055611 0.18493412953615 0.184594954844536
0.0965975103327353 0.169786129737092 0.0624047474815162 0.181490511444222 0.033816323917449 0.175986918485686 0.107023081863031 0.172894776738269
0.286961320516602 0.0589198708535454 0.0670872012842163 0.18543635905335 0.153372014744134 0.0301614169922085 0.0182314120266716 0.199830404529273
0.172644080113449 0.13039348164416 0.040320444229722 0.137314171674363 0.20761820210116 0.104468488542901 0.0369815732308161 0.170259558463429
0.144057600197352 0.172348083474125 0.0415632715449452 0.186284832806349 0.095168380552253 0.0424193894825333 0.0602818249381149 0.257876617004327
0.113664752698312 0.205160451695308 0.0851009195435898 0.220479715321802 0.0901630236742819 0.0866443446608222 0.107861142251522 0.0909256501543629
0.120496685234682 0.12040514277854 0.0740642601605239 0.141731322591284 0.0261385922243723 0.217787422737206 0.131668233500261 0.167708340773131
0.121330555358904 0.165595023945752 0.0141918233710158 0.20431530064989 0.120332893388927 0.142395033283626 0.161080885916853 0.0707584840850317
0.122164425546263 0.173860732846014 0.181430656668862 0.153548972265355 0.207139358188376 0.0198473970888296 0.074125683640169 0.0678827737561312
0.00172617635762251 0.0513164395180122 0.213651019142742 0.103907475833036 0.0583601497002541 0.239158332751758 0.135878351860689 0.196002054835886
0.0508205213920917 0.116566191430784 0.099063657972937 0.118460703260263 0.222660050237613 0.222173653177412 0.0934083689806114 0.0768468535482878
0.154205481515243 0.0854610766545876 0.00305237989862747 0.225167543656729 0.128961082975356 0.115938103715323 0.209701500931576 0.0775128306525574
0.139386897117227 0.0641601932327238 0.29563159961119 0.104925696551224 0.0646235834712613 0.114230205054688 0.13001518510795 0.0870266398537358
0.150974698027009 0.105607223466765 0.0782430883849323 0.145660916181866 0.0311743199370017 0.0663480427352893 0.268002211972046 0.153989499295091
0.0248140853256965 0.205334023484267 0.153696492573858 0.0564481142769182 0.0916919838073432 0.142732122800826 0.213471573681537 0.111811604049553
0.0815467740505704 0.111514525108895 0.00708090110207041 0.22769137842228 0.0672099419210592 0.185223004900976 0.14208061928392 0.17765285521023
0.160774466464695 0.0931849667995032 0.154983881370362 0.0193332626198241 0.0240409848203006 0.192635337596624 0.160313970370999 0.194733129957691
0.0998667222915573 0.107018308587192 0.211013096551641 0.0275589148686359 0.130090977878633 0.146442453003932 0.241299736731169 0.0367097900872398
0.263447744585877 0.0837248498723894 0.120520559912898 0.0956433979456268 0.233822642945778 0.00735416518015365 0.0179489974391208 0.177537642118157
0.123949127494854 0.0267155956770863 0.083187552940635 0.123074988771799 0.203915776314151 0.0982966486879064 0.125160569099778 0.21569974101379
0.0863337797908979 0.0139122370494822 0.218759272430038 0.123622631065009 0.101451428969373 0.141988269626483 0.203620761574403 0.110311619494314
0.0240767501030329 0.114046090106889 0.147595639495466 0.221554788756363 0.0989041919135727 0.125656017555417 0.209285164940257 0.0588813571290021
0.0886387432137978 0.0503515283934881 0.294688930864165 0.0854000000991478 0.0473808822345903 0.0239767843478786 0.0844971207649074 0.325066010082025
0.269551823136577 0.288884337182593 0.0334009504021552 0.00272098203029395 0.0993469801140695 0.0930605407743107 0.0906947220712912 0.12233966428871
0.142185155155184 0.162842176752508 0.0765479978458827 0.16139340359848 0.016435716939947 0.198514853990393 0.0272785857116834 0.214802110005922
0.0991290945654309 0.186922691216226 0.0150294432888421 0.0582645090701198 0.150280163929755 0.239585592276407 0.171292656757349 0.0794958488958702
0.19173091932587 0.0146362264838723 0.212023044746358 0.114384795659582 0.126869613440036 0.117603862837326 0.0706146801671801 0.152136857339775
0.172069300453337 0.13180332930547 0.0385073136960785 0.00549800768801951 0.187232783504273 0.210694082481224 0.0463195693033285 0.20787561356827
