0.228516996207765 0.0505984333422902 0.12428582272596 0.218264372020359 0.228883388402355 0.0531246732031385 0.0065822351133262 0.089744078984805
0.191833414032035 0.00223955243597635 0.0750157880495167 0.0422451630917 0.094497346208449 0.163365269125829 0.22505773178114 0.205745735275355
0.0952633762336896 0.0479706321009053 0.0757312340535871 0.188645485611761 0.0707987749386959 0.193336890966523 0.1247289539172 0.203524652177638
0.23838074949472 0.158944263921767 0.035003388778929 0.114013047387563 0.173882094048252 0.0496866951989127 0.13763769584915 0.0924520653207064
0.0122334127118119 0.0963493766539454 0.0468719507965558 0.0365353429851254 0.244812570543855 0.177727735749392 0.162434194983455 0.22303541557586
0.0950218704869535 0.0057088886249661 0.240539031850768 0.16812783726344 0.125261138804913 0.0494051736021569 0.0827916299367541 0.233144429430049
0.195786876578196 0.0974455422526896 0.177101945174479 0.150595688873111 0.0699590637804706 0.0730766629795724 0.0531263128913148 0.182907907470166
0.0793817949947511 0.0412492940338484 0.18255443009211 0.120137675477524 0.146565663603901 0.110563887402438 0.128790351071786 0.190756903323642
0.0917792878939121 0.0422987293997431 0.145854870320564 0.0639445531262228 0.138186750332167 0.210316253552812 0.207338551880244 0.100281003494336
0.109490100198909 0.100124106424047 0.134263103631778 0.0751522817294442 0.122677475257229 0.104552697810936 0.158818139995972 0.194922094951686
0.0539112703060184 0.197340570383996 0.116182934505289 0.120428964751244 0.177863551268506 0.00766464924467772 0.106345938672592 0.220262120867677
0.175380083270152 0.0127957476888171 0.195620190507158 0.0126134016164421 0.0104598780899959 0.320009630126093 0.254859377780887 0.018261690920455
0.17455291714868 0.215074719705807 0.0696816161081263 0.038170013393896 0.014435662811539 0.211526283975923 0.0666850136780719 0.209873773177957
0.0306647638020367 0.0472808816924889 0.084917645098733 0.172949794751875 0.153251111858925 0.191339733176977 0.168256184998058 0.151339884620907
0.245262284344966 0.0641539546115413 0.196865112573555 0.136678686342759 0.172816572177606 0.100324832902463 0.0351310192955793 0.0487675377515302
0.0692606635653782 0.0171762206955539 0.26133974561726 0.192202387552727 0.0891188669580227 0.245027804875377 0.0337048102201235 0.0921695005155579
0.110236142025038 0.228752669317867 0.128307855672217 0.252178430915364 0.0106974666042196 0.209381095098773 0.0267591593516923 0.0336871810148293
0.0795057550138855 0.0560449069109763 0.0542354946776802 0.279309798194374 0.183506647808052 0.122485263512739 0.142864262201959 0.0820478716803338
0.146266217419955 0.107433324894021 0.0716896543755663 0.192037013551893 0.153194226738728 0.00408764240126325 0.147106236884902 0.178185683733671
0.0586724580502722 0.15277727359952 0.167271611085781 0.12493982006858 0.126394853330579 0.169870271784639 0.142924537468799 0.0571491746118295
0.0773033817048832 0.168540234503025 0.173210673374011 0.113437356651094 0.0806975716232554 0.103066783604887 0.216710901206027 0.0670330973328177
0.168880669299594 0.0959615248731447 0.0492403432034238 0.0706239899671573 0.201124648329181 0.0874080433246669 0.0967041054872904 0.230056675515542
0.182819758267117 0.246114923932169 0.0750285247551133 0.180260305557673 0.0987375678962003 0.0483856018689818 0.0770285516050565 0.0916247661176897
0.190036411833196 0.106535701339448 0.15851198030076 0.13102634118981 0.193792834819874 0.118904451531868 0.0295917688257458 0.0716005101592988
0.202159122511393 0.137921828638401 0.170158822934948 0.0261643083759015 0.0859695364746516 0.153220258801636 0.0728443051828274 0.151561817080241
0.289879709502018 0.123647038840694 0.220506209191475 0.156414252307172 0.122067564115885 0.00284771056574242 0.0617916015931742 0.0228459138838383
0.123572399337282 0.110622470795564 0.054947401963868 0.0864841753054679 0.150574059409341 0.155805801353326 0.149914801678452 0.168078890156698
0.0933383161588375 0.188374434120597 0.247421905943609 0.0558230122670834 0.110059588291052 0.0411188058912558 0.190209226577192 0.0736547107503735
0.0792386506289309 0.25092606477179 0.0742069095578282 0.193487762172975 0.000143339317771976 0.126938820952434 0.0965727020079328 0.178485750590338
0.0156354027732121 0.098380331408208 0.206113353168633 0.0170324110298268 0.0450699787228008 0.257549776181958 0.19069047160199 0.169528275113371
0.0330448060633402 0.000823477139166266 0.16881970872119 0.221264714313676 0.00822860528108075 0.19628011826957 0.22783404392895 0.143704526283027
0.106825907264476 0.154821742749194 0.122717650405204 0.149659028569529 0.112466797993095 0.19108000620929 0.119074977187038 0.0433538896221737
0.0144180193636614 0.150448618638716 0.188293744214664 0.152220458975381 0.0040930351761507 0.217825924931147 0.231945317067806 0.0407548816324742
0.0709027936684725 0.104999823940026 0.0948441155631917 0.208729311358479 0.161615767275911 0.126922459068599 0.112346680332239 0.119639048793082
0.186062654507694 0.200667522915701 0.192335518417199 0.0399163817005282 0.158061425468614 0.0799987537326586 0.137779038123811 0.00517870513379365
0.209058168486534 0.149744544904704 0.0250370660952429 0.151621037934082 0.194962886131395 0.0712046103163145 0.114038645990852 0.0843330401408754
0.0693443740830359 0.178879791658227 0.0730856877823072 0.193865854107933 0.209450774550561 0.11007375898685 0.0897814326262447 0.075518326204841
0.0977777319829003 0.165159800221317 0.156290803063739 0.120490875519055 0.0190424885777862 0.137257399372716 0.184881847742834 0.119099053519651
0.0859931804256456 0.232499214122095 0.17062068031822 0.186491280350552 0.0186646689526197 0.101269098854458 0.0543393910746037 0.150122485901806
0.148377148373045 0.130333977145871 0.200085735767047 0.0161649926586612 0.108406481135397 0.169364388038478 0.130575763344795 0.0966915135367046
0.0703685742604138 0.065665774376392 0.124085942104263 0.256264898145189 0.0863490364015508 0.213714458737809 0.151361443631389 0.032189872342993
0.179324043712669 0.134563928929322 0.0400534182739411 0.175876177260507 0.138747839541054 0.0883787778732237 0.129235734601343 0.11382007980794
0.065187398032775 0.146280968496735 0.0277420992639834 0.176900528491822 0.0453994052554308 0.184304563685736 0.225728122129284 0.128456914644233
0.063137502080254 0.217113047253332 0.141509767921649 0.196930575213224 0.0145006436283442 0.0714681052827649 0.0553232827636393 0.240017075856792
0.232551583025154 0.0144195683519535 0.208534766220942 0.127209121766362 0.187020828046894 0.0853015981783838 0.102716674284434 0.0422458601258751
0.0799457613944877 0.15437695941211 0.223694194766124 0.0606070278771664 0.125756805001888 0.165048962619923 0.0687493381017076 0.121820950826593
0.034263660006676 0.0812938070880519 0.0353705501766012 0.34399802642928 0.0699193161155431 0.257833124035945 0.0816166381455273 0.0957048780023761
0.128479762391419 0.0668255410004439 0.0937165989322548 0.0584982149729303 0.11738652266511 0.191749536762813 0.108378976189673 0.234964847085355
0.217356159176008 0.263634445156533 0.164306133912393 0.0575436165855332 0.0293780789759013 0.149706539578137 0.00451093385387367 0.11356409276162
0.23958129136141 0.0439010804669785 0.185621289679382 0.0724973169117095 0.088230943897693 0.128615125763419 0.129118529156287 0.112434422763121
0.0612992126842576 0.231876651055069 0.0176486654950536 0.224052918287728 0.148841934891478 0.0867761292463636 0.0181526570092126 0.211351831330836
0.122888391037052 0.0837121320818932 0.0785156302114617 0.0590433013824368 0.296134842652922 0.156385928501995 0.16534681278454 0.0379729613476986
0.130775597045004 0.147742153939415 0.0351006456968939 0.141162661640389 0.174737658351408 0.0778088353108766 0.137545798886885 0.155126649129129
0.176022191489489 0.122116906448881 0.146478401992825 0.14106290949407 0.172638655591653 0.100971568735124 0.100773186687798 0.0399361795601599
0.0145156349359819 0.131414661642536 0.26178553599077 0.0389933229292334 0.189464711835055 0.166246369820266 0.0598175729569872 0.137762189889171
0.124847741277105 0.060868464916836 0.142264878857033 0.162857538793976 0.165200729353127 0.181248382062971 0.148249756814489 0.0144625079244635
0.117906426070198 0.0947616437757269 0.122113056648583 0.217241742217078 0.181233778517029 0.0328794673712823 0.203778963640277 0.0300849217598258
0.0464187312081101 0.239939695700473 0.0272649644251924 0.166832803834473 0.146128808027794 0.179474081924076 0.160642101396162 0.0332988134837195
0.153810860457926 0.183052554581322 0.157496066243286 0.0262973416775494 0.0835940976916717 0.10135234523587 0.0972329046166294 0.197163829495745
0.0545305322578174 0.0783537764445745 0.186232416273369 0.171858353121996 0.154205619276302 0.145089004229897 0.0349645417151156 0.174765756680928
0.126138484212 0.154572113819028 0.188284944981263 0.0935926759912257 0.046442206406102 0.173371470332846 0.111551141956671 0.106046962300864
0.0412100219441173 0.198430278616145 0.210971751255878 0.190151153147184 0.090762204643897 0.1337118941436 0.0252990601063546 0.109463636142824
0.0903823736867509 0.150344599137523 0.0912791948097616 0.187929581207004 0.109580695080925 0.180103218346799 0.104520890885345 0.085859446845892
0.142327569007737 0.0634105823988877 0.0962618419758409 0.0263175174431947 0.146610418008059 0.265571815673819 0.240069610016585 0.0194306454758771
0.186670457595112 0.0968309083360595 0.179724541228877 0.0582926038478581 0.0691334865685283 0.173978753756466 0.149358651937716 0.0860105967293816
0.0270101000102648 0.011778468743494 0.172709248477826 0.198263905542496 0.18656571631448 0.14273672283798 0.0998206629687768 0.161115175104682
0.12195688913744 0.0606701004365303 0.0571315645499229 0.0625293779824312 0.261328932418589 0.0828115271336811 0.121059157547903 0.232512450793503
0.15447355939804 0.0746927754684156 0.172187831871989 0.0260392834333245 0.215983477846013 0.236376964207147 0.0629597640605698 0.0572863437145011
0.187921360996703 0.0205963701659856 0.10872636339393 0.179644353609249 0.16781240890247 0.0475585915765985 0.102002042301925 0.185738509053138
0.261084544047234 0.149100875566567 0.0814913116573814 0.276753925621785 0.0195983035787449 0.0979873938086065 0.0684168690153771 0.0455667767043049
0.0573057204404673 0.0222850164326874 0.132019527893517 0.141175865968164 0.136527157761608 0.191105973772951 0.155844120162692 0.163736617567913
0.0340907608749006 0.0557629366763108 0.12069935175085 0.24902499087902 0.259796466246132 0.141974036151616 0.0213837201282135 0.117267737292958
0.182724033003169 0.244543168528564 0.0253772186707507 0.101259338293708 0.28224983533511 0.0538959498613134 0.0355531395260635 0.0743973167813215
0.167556719349125 0.0449792395035094 0.102347890705684 0.105663137942614 0.178204473737525 0.0489210726796327 0.169406270069811 0.182921196012099
0.286915882675433 0.164900580634018 0.0887227490885511 0.0545410935226213 0.0726615043173007 0.00973103902365141 0.151299408705108 0.171227742033318
0.101775051607626 0.143562034384115 0.0644701699744557 0.011173537830945 0.189400094347893 0.246635215375479 0.0164499639768617 0.226533932502624
0.160808992456958 0.1167372261696 0.231981966025548 0.0971581600241394 0.0597988047012845 0.243055749923309 0.0612881317779542 0.029170968921208
0.0696724996223882 0.105756709311181 0.168138223309622 0.199392696718261 0.0108348067621507 0.226829276259615 0.0122889418875784 0.207086846129203
0.156528140630999 0.208248235323264 0.034635762055747 0.086363268107533 0.131531426851297 0.186477015321824 0.0746280525140276 0.121588099195307
0.113491599539466 0.0736320232692213 0.185757875218801 0.107847269932919 0.0463527919807821 0.280679104604331 0.0426967856690343 0.149542549785446
0.0547578138712029 0.0495074065735197 0.143752479030203 0.175031358021225 0.205725573455218 0.0650391886027178 0.129318378573251 0.176867801872662
0.0093336304850604 0.252066406395512 0.0886854242777493 0.0897527009892966 0.125237720670181 0.108119800075312 0.197879806565757 0.128924510541132
0.172441365815867 0.172700513428984 0.0439714143895 0.200191430945741 0.202614399439682 0.0302155734791791 0.0318704242356089 0.145994878265438
0.059302704863553 0.0570068144842931 0.0700338473114564 0.0982031114879873 0.225109441064323 0.080902926596136 0.23171712396991 0.177724030222341
0.147818325087143 0.096287682290753 0.151541376739297 0.164967163747906 0.127872366413122 0.0445089990863126 0.170900884421957 0.0961032022135085
0.148495415234956 0.0692986889235652 0.00308871959238078 0.0802309036646009 0.208251073062988 0.193821124008696 0.206501582410907 0.0903124931019066
0.114340319943958 0.0586147525958312 0.00872243233355873 0.209228617023342 0.184422074045618 0.0783872121389677 0.111074004571321 0.235210587347403
0.0994740864481198 0.0149936761504878 0.287244296666312 0.013890506484265 0.224031100966965 0.0736397235930169 0.0233016310330811 0.263424978657752
0.188614371385672 0.0379050338443297 0.137483464088062 0.190546591133047 0.194253474848047 0.0815670452387529 0.0538678385664979 0.115762180895593
0.172155486126638 0.0505157084364001 0.151279417247516 0.10086050283243 0.24446493144028 0.0224123177278876 0.236079511425488 0.0222321247633609
0.166770806824046 0.294142654834643 0.0429242677349327 0.306844424419472 0.13269058754005 0.00175189701995629 0.0445038354206534 0.0103715262062462
0.163946946769712 0.105335776130387 0.159715009132251 0.100365296432005 0.157345142809136 0.0548804803255118 0.114061865379198 0.1443494830218
0.222618502050189 0.0699357648098423 0.0484618911407688 0.0992476248735644 0.140617802043816 0.191394799068565 0.00178965689233919 0.225933959120916
0.0406866637748935 0.186414630801957 0.285425069728134 0.104031993689292 0.0837558135292306 0.0569515154151764 0.23112837230825 0.0116059407530667
0.0529012291180214 0.217174016860052 0.151008401205978 0.192825388042052 0.110799739647247 0.0469016767181336 0.123869223447744 0.104520324960772
0.104037516103137 0.0321400135037596 0.269797696714597 0.00639160430097595 0.113521575724718 0.143283538814145 0.0851915824297292 0.245636472408938
0.205245243937438 0.122631192828561 0.0576797028899703 0.150027749739099 0.124441294112574 0.0831197707419425 0.191199549473126 0.0656554962772895
0.0733212111983917 0.146191660944742 0.0912083787858576 0.0942845635843799 0.130538974316633 0.193677314487097 0.15759388444867 0.113184012234229
0.0947013982455257 0.0488768407434509 0.0783964018500672 0.132857199505297 0.231108361477488 0.193067241082172 0.0787716201062831 0.142220936989716
0.064993372751489 0.14095686573521 0.154257227123181 0.0884761249205246 0.168092655121291 0.16928884335555 0.112930009276044 0.10100490171671
0.10574753767109 0.0607477542908136 0.146411743385917 0.184177281432819 0.198446538696423 0.0283000807924842 0.195829594390903 0.0803394693395506
0.070070401972087 0.0713709251657315 0.0279328469316076 0.230803728236136 0.0834161273259153 0.240035254227871 0.0529467123613986 0.223424003779253
0.123732281705927 0.132170742598868 0.0331589193970072 0.000454911296311848 0.230947547891216 0.114482260679528 0.334464481921345 0.0305888545097974
0.041398682342672 0.0135411823832173 0.190667181779465 0.206617726032327 0.0837851092632169 0.303574170957381 0.105185027098686 0.0552309201430362
0.0616066802243653 0.221023120429104 0.171989487170751 0.14950953244208 0.0125707276641903 0.0689665144156746 0.105391491735872 0.208942445917962
0.0926190203742185 0.00720288196923368 0.0687585946424771 0.146352410568146 0.180750990199775 0.227406765942199 0.235995009611495 0.0409143266924556
0.205012424834836 0.168362819827423 0.0683487697864122 0.0199598909127137 0.189400706359017 0.0452536326310827 0.253811998731764 0.0498497569167509
0.142562723117604 0.128773308077157 0.0867248546631825 0.241875895879058 0.0407202604937993 0.00889385263369502 0.133970497800249 0.216478607335255
0.130673418274642 0.213077543677969 0.10624240559764 0.0132222896731635 0.155210895089717 0.0918392187170119 0.11780644919717 0.171927779772688
0.0698395273314445 0.0665236132382061 0.133497374096995 0.0107512945548267 0.200673269349856 0.17115016825378 0.102129281959211 0.245435471215682
0.108211062803702 0.248862853760626 0.0427050687324186 0.0356709997361498 0.17595354806497 0.0858545024901953 0.216944227831003 0.0857977365809354
0.168561585459373 0.175340050945405 0.0398870712554662 0.200483227601233 0.0703196461571041 0.159787078709961 0.106032231044179 0.0795891088272795
0.162221909132335 0.0435100133771608 0.0577557715901175 0.200156177953711 0.181393331060894 0.0771469353008944 0.151401011910126 0.126414849674761
0.0959064711459702 0.166314871255245 0.1518679077176 0.110026581649658 0.0723899287268805 0.0608346383600193 0.102247670254229 0.240411930890398
0.170080776092275 0.169593195619348 0.113406027951553 0.101558539433708 0.224959621072175 0.0683732961620925 0.130344106714405 0.0216844369544438
0.0128753907755749 0.00742593439995175 0.328550674483546 0.0405747179870529 0.103229315673264 0.169217965285459 0.30216166929192 0.0359643321032309
0.171797144162867 0.150929979019368 0.193672445349948 0.196694391322557 0.172434069817868 0.0232700319035392 0.0185462773729622 0.0726556610508908
0.199840410613791 0.0964144797680513 0.192301993257286 0.174132623916424 0.16118868665283 0.021080407798642 0.118205966052881 0.0368354319400931
0.0608637993168852 0.0176394310972628 0.215793897194592 0.16617253758593 0.146860118479272 0.22305210499282 0.00846290136696044 0.161155209966278
0.015520615403651 0.177944674842956 0.132238640508 0.170278702498402 0.125694124904131 0.201283753739916 0.0984682723833406 0.0785712157196042
0.180924999714172 0.073995419401605 0.126924009235325 0.143654501350534 0.158215106510631 0.0806189978431082 0.119785951951198 0.115881013993427
0.123839214516464 0.10887555204955 0.184442404867668 0.00190278046101856 0.187762272126088 0.276639932512456 0.0742293098553793 0.0423085336113751
0.09270587958177 0.0447940664029799 0.196567661737078 0.0200141116135596 0.195532438664724 0.164997531389338 0.195334609371638 0.0900537012389122
0.128124133964999 0.159224681930165 0.0845861069780138 0.0690414734910223 0.113252497203932 0.184476795678336 0.132186884826983 0.129107425926549
0.143267807367014 0.0853687606783143 0.205911339945501 0.0812159422383799 0.143840874594949 0.148019154926453 0.00675084175760114 0.185625278491787
0.0916028333238096 0.158246115395525 0.0658165392641984 0.253502200904893 0.191542184594548 0.183345937633291 0.0207444247006492 0.0351997641830859
0.118921244341439 0.167239443002587 0.0581835089595635 0.144478940991331 0.159397109830514 0.0963749121280168 0.141010590075308 0.114394250671241
0.044399358061796 0.0518848427917985 0.0146993923976419 0.0722969437294939 0.252009962423638 0.151030484880313 0.244117270023889 0.16956174569143
0.197553906023481 0.104630931797257 0.145776449692005 0.0828281913640789 0.0298371862478414 0.214293961265285 0.13934023306211 0.0857391405479418
0.241910562680098 0.00281559624272471 0.0572897176187123 0.0924676263989165 0.251841788990537 0.157574134195137 0.0499856669576874 0.146114906916187
0.128239969623643 0.149801327832657 0.153978627700562 0.176956429037846 0.134198936044568 0.188964638269314 0.0436554600017715 0.0242046114896383
0.215428192353487 0.203157862876128 0.0669710684804293 0.107337049510684 0.231561011883797 0.093168838986308 0.0660134712419168 0.01636250466725
0.195903250434277 0.13454938620086 0.0991451261124546 0.0588385756316228 0.0348413147059633 0.139493880458596 0.142110047934778 0.195118418521448
0.135340692948368 0.20003228078718 0.182653821473486 0.194194779629625 0.0534117513312614 0.149999253979693 0.0756187855405486 0.00874863430983792
0.153360605002628 0.0260049419581886 0.0542477280598126 0.0500156314909098 0.237881389763447 0.212881616960202 0.19062212830748 0.0749859584573326
0.196879550563693 0.134631384417169 0.0413873375485934 0.00496579515557552 0.0907028742329333 0.170763686282942 0.275172944970084 0.0854964268290103
0.194936930562374 0.102488778809834 0.153156269749814 0.138400029632549 0.162921342485904 0.191058128681831 0.00969473429251174 0.0473437857851818
0.0873322065789168 0.140763440882848 0.175077629414154 0.181297777105821 0.147758205850666 0.0974721151625357 0.102456686779624 0.0678419382254343
0.1571448055528 0.106631891531095 0.178999568617385 0.105013974029748 0.121751227665873 0.0540124740973735 0.10302857937473 0.173417479130996
0.0245652518182464 0.0325706218876185 0.0246419788078709 0.173427360437214 0.196238762532865 0.252025738190068 0.0363424479192893 0.260187838406828
0.0537599179592052 0.0683877218091497 0.185136921928969 0.0505701641661317 0.159607997590726 0.210163014148915 0.10146812901255 0.170906133384353
0.0723348803445432 0.062967799990425 0.0604756710918234 0.167539278998315 0.0528930851185387 0.199718510577514 0.201099105806501 0.182971668072339
0.217732745133586 0.185088285373246 0.0820570773343082 0.0575883995816787 0.0629535109984722 0.0798027705497762 0.182301163760956 0.132476047267976
0.194386812486011 0.0980982612017086 0.280480801288706 0.122675186271827 0.0738767139586241 0.0297361055296566 0.187762481041765 0.0129836382217006
0.112095807592594 0.183808716930952 0.150667042880255 0.0931886358876279 0.148876822979828 0.188992854364153 0.00958953628377805 0.112780583080813
0.0419828419538131 0.112278028380364 0.0831148134132456 0.15595105617362 0.14890276584588 0.152606896185217 0.196646339405143 0.108517258642718
0.142482433130342 0.182765982313975 0.00863248013772048 0.15921422327824 0.128065107307932 0.103231892992343 0.170115602795305 0.105492278044144
0.211236432122286 0.0226062631858427 0.184949464428104 0.138477637866609 0.221592783969976 0.132200118065686 0.0112942989540895 0.077643001407407
0.112265745998784 0.198231958283596 0.0631939120314488 0.251080238171223 0.0174833841093274 0.0581380040945463 0.203688681483282 0.0959180758277921
0.218051295017574 0.0687403645980678 0.1086172207845 0.166369393892621 0.134073664429078 0.117162536786596 0.155339168745907 0.0316463557456557
0.181882220116571 0.152446429243727 0.116884341982289 0.118806270518726 0.129960167345991 0.197807519187155 0.0831595149080436 0.0190535366974976
0.0867279525865264 0.00634070503089314 0.248425468735851 0.253340060112373 0.0843104213587455 0.148603049125691 0.00125564321659683 0.170996699833323
0.102849465936193 0.199258888715752 0.185276020595231 0.084749801945782 0.145717367898938 0.108580944196494 0.120899074448842 0.0526684362627675
0.136531878200723 0.214611445307772 0.0219294563628855 0.116330645026722 0.118816307223687 0.190510799446977 0.0286603192984319 0.172609149132801
0.171352166978256 0.0874933309669504 0.120350076493967 0.165618539429848 0.0313340559627307 0.144451716226871 0.157450164537569 0.121949949403808
0.15054995326032 0.186031298732469 0.185955983614847 0.0748151675425737 0.0827253332415496 0.116474903391989 0.106542730667841 0.096904629548411
0.212900443238902 0.105491937070218 0.0791502893138868 0.219501083048173 0.0911968922936848 0.0564390457773459 0.0947277394454425 0.140592569812347
0.209485000647592 0.0775118612990905 0.143008440973639 0.0257026604241089 0.149460658136938 0.16358675291824 0.110685082934432 0.12055954266596
0.182678695554787 0.202051978656229 0.149830764446035 0.119839721271119 0.111694997477074 0.0693166279071858 0.103059634633814 0.0615275800537569
0.207583650625875 0.0489123587091486 0.127205503084765 0.0198999308437639 0.234597388508042 0.216602154541694 0.00330804115823148 0.141890972528481
0.119142683967482 0.0507474814893974 0.133278840623667 0.112091570908946 0.0229091989039254 0.214513380064836 0.204699916625843 0.142616927415903
0.102429644074004 0.158550893441601 0.187707063186865 0.0220892251820313 0.202465740696056 0.150288184296911 0.10718677563906 0.0692824734834713
0.173888092568752 0.131413483031861 0.0813444736481045 0.155491171379931 0.173217368033357 0.0724492418159237 0.11426033872037 0.0979358308017003
0.171139615235483 0.144727757347935 0.125637788300055 0.0973813171603644 0.050727495434256 0.075319935807954 0.145879962768118 0.189186127945834
0.0838871129714333 0.211594020700555 0.0961723298675044 0.134509496359566 0.014765968121388 0.0929050056248124 0.158809394280656 0.207356672074085
0.242620638422332 0.0483712998528479 0.0335831812941643 0.159904268725337 0.0512747352209452 0.177854660901833 0.163028946568591 0.123362269013949
0.121737275011014 0.222808002283257 0.151941907863665 0.199516725863588 0.15892584981857 0.0387465423919075 0.0210080443001592 0.0853156524678395
0.0323198246434622 0.0930058827093043 0.0905882281786378 0.00241698544370962 0.0922087161351452 0.26963816019884 0.249668376506229 0.170153826184672
0.124864215732084 0.20995550654101 0.0902685673902693 0.0469705642006482 0.147487451517328 0.0741672220475712 0.164068396248413 0.142218076322676
0.198052687382833 0.229726293110531 0.047693283357797 0.00701865472826124 0.145052526402964 0.0862258584228853 0.167974391751875 0.118256304842853
0.0931781011879375 0.119619421342247 0.115743832466415 0.140128805465323 0.116541336236061 0.16588346970147 0.146475580668134 0.102429452932411
0.0968829639762981 0.142073268154151 0.14792758515304 0.0503711824752404 0.26470338237664 0.0580275122363441 0.0388170772745269 0.20119702835376
0.0106454053480136 0.289612113269213 0.231778630890782 0.0855640826112354 0.202435446279154 0.114692410502127 0.0353414566085091 0.0299304544909656
0.0796783507031152 0.145888081066021 0.135517289109775 0.101350426764684 0.0590108577503696 0.153983895710082 0.215507630121875 0.109063468774078
0.0537522200683669 0.181077611962873 0.0641462288706754 0.19608525430648 0.0905052618136767 0.202206860941015 0.108369443869481 0.103857118167433
0.212417059802284 0.00973175398544665 0.103168394954187 0.084939239441155 0.213708708667886 0.0600458992248343 0.1103922060416 0.205596737882606
0.246340142768024 0.0563742387474387 0.0566263977725165 0.28130137350261 0.145894640854249 0.052989405964228 0.0227001190573184 0.137773681333616
0.109294496057847 0.14563286238469 0.140100799966875 0.187396569404367 0.173704704253068 0.0546511507754286 0.0710995571288787 0.118119860028846
0.124920360715341 0.154797671340139 0.120342669800747 0.132577281811054 0.137455031558163 0.0980238487032096 0.106486747758791 0.125396388312555
0.10868951230384 0.156871839455068 0.0737694074716333 0.0896861287760186 0.102424925318096 0.134619038584822 0.112881246369039 0.221057901721483
0.0697124547521277 0.113653010027404 0.283339112374881 0.0539106158238323 0.144390905788308 0.0728600544508351 0.209845595645135 0.052288251137476
0.0551222531095704 0.134035589438926 0.158904485076671 0.159930091390205 0.104980284131688 0.139496991112081 0.0642194979041887 0.18331080783667
0.109865318623709 0.150328447377635 0.178058479027423 0.0393160793091132 0.0925886916499492 0.168998042049968 0.153218715671573 0.10762622629063
0.134130350671293 0.0526491535563378 0.0513902461581727 0.0253630474573876 0.21730736129946 0.20063582075474 0.17977036409585 0.13875365600676
0.136646204852966 0.0684494629316903 0.137385731789484 0.222380135181921 0.122403643025162 0.121793684006496 0.11045166018241 0.0804894780298707
0.13654423959603 0.12756821743605 0.0294984409347288 0.176773967328455 0.179507779042157 0.0913916337900529 0.0461646880519383 0.212551033820587
0.0297216654540303 0.274565884707754 0.13513751482835 0.139007562092323 0.0142116173068525 0.0472607954603912 0.143434101433689 0.21666085871661
0.125345702396493 0.171096320801148 0.269297455704929 0.148804324717506 0.00486284806025328 0.0153888977547864 0.00682327420413844 0.258381176360746
0.191369768486522 0.0787301982644205 0.0974569426232396 0.102063308679739 0.211483139209277 0.0124141452843645 0.209816241777748 0.0966662556746899
0.210970731886022 0.185630081053882 0.042837397826658 0.18925809085472 0.107804315444046 0.0897754925808466 0.0481328645665255 0.1255910257873
0.0642446960147814 0.144390529147421 0.144793601550332 0.0312634919494868 0.200801627430934 0.160125787656762 0.122845268541941 0.131534997708343
0.0417744241951812 0.135406677933274 0.00763358717216931 0.211563079883319 0.257814139073862 0.133902025661162 0.199156225606586 0.0127498404744456
0.072919643128686 0.114794533950331 0.117952353850552 0.121261045170076 0.211033483790821 0.0652970280995099 0.0741214612414596 0.222620450768564
0.181144122805685 0.0717677600208857 0.0444483287168335 0.241952377030033 0.0111720125829043 0.179861658799068 0.189461588859603 0.0801921511849869
0.0345924575872551 0.128728528965617 0.253276228515523 0.14787873401969 0.142431907720358 0.104125791467067 0.077604887831923 0.111361463892567
0.147556348308503 0.223287674190573 0.113315827323709 0.106889166048761 0.048087201119404 0.0389322458403594 0.102199703760124 0.219731833408566
0.253676686947901 0.00514410555727722 0.0822769904827185 0.00320266387421435 0.228308492169332 0.252053949001059 0.11760894556783 0.0577281663996689
0.0596531958555551 0.0445508604173385 0.0859368688754436 0.230683747102433 0.223352810637647 0.0752214212453832 0.228178844051633 0.0524222518145671
0.0947390970881929 0.187005448675672 0.0779510475114168 0.121251362382202 0.0954801246588796 0.246781141091123 0.00903236858550241 0.167759410007012
0.152617895079515 0.185318452856261 0.0769974473687859 0.0873309754515975 0.0631272558045682 0.229954516032906 0.0487515441667329 0.155901913239634
