0.182069769028018 0.000146237027776572 0.0503800605189667 0.0546926065658054 0.191533766406384 0.217605450049096 0.19447876588787 0.109093344516084
0.0970957797329449 0.136060496791832 0.284312382102667 0.16569869792667 0.0138514604712274 0.0517381953179192 0.0838424944776584 0.167400493179081
0.255226032524893 0.125243887471663 0.210745542477289 0.0836216423720919 0.0484001014392575 0.115593144905493 0.136649282398405 0.0245203664109083
0.0525167462757976 0.0397644828496778 0.0960019526628303 0.217835718022674 0.201967497038307 0.212219845600014 0.0436983031253096 0.135995454425389
0.174716815126017 0.153210710882893 0.141970957120915 0.169072107373483 0.0417552405776575 0.184337074969114 0.0743726230765818 0.0605644708733394
0.15717215470574 0.185770166427132 0.0869866251235879 0.1087292807116 0.151200235597772 0.154218943918709 0.00153220972126111 0.154390383794198
0.0494795606165432 0.145590587173112 0.143537623270913 0.162123433963893 0.118074481567426 0.0368215863804751 0.183466730581876 0.160905996445762
0.0735193535542094 0.228440283875634 0.0104571669512835 0.234117640861869 0.092661493468689 0.125545060653066 0.166167631602599 0.0690913690326501
0.0571854118932491 0.0644678430396646 0.195924418348431 0.217960069282724 0.179210108351294 0.171808657575551 0.0554836052060272 0.057959886303059
0.147662214359792 0.146050232490237 0.0608180461452175 0.167060348705206 0.183293315327786 0.0572340022581388 0.20069052461665 0.0371913160969726
0.168251435978833 0.141034318108134 0.144981746006391 0.166256414471295 0.121873664683231 0.0952980846462655 0.0794548660892357 0.0828494700166152
0.209090841825969 0.153904106477443 0.0425436540161469 0.226229462765392 0.0708273237015939 0.179985861199373 0.117061875334422 0.000356874679658451
0.0488408345215927 0.143356146873591 0.225501381599894 0.0835008568356094 0.173232828044762 0.13162621038433 0.0347435877991573 0.159198153941064
0.0757284446485243 0.154827997992634 0.223230895021453 0.0518920514206914 0.236870932943055 0.0498444654547054 0.120555460559824 0.0870497519591124
0.00542905105813733 0.160820918297387 0.104633094795292 0.0193316423959883 0.269566665453583 0.157900275383091 0.189507862059877 0.0928104905566442
0.0751882113117747 0.112347132003816 0.0865317278970626 0.0190014269019182 0.124990627988403 0.264950703038138 0.24211877941308 0.0748713914458083
0.240584672136493 0.12897094602042 0.00769454994668117 0.228546697795617 0.155304586357625 0.0720852254120335 0.0970586625823053 0.0697546597488252
0.0596626309848556 0.182375238025617 0.160794921539717 0.166254189136398 0.0316634515392994 0.145312097807353 0.134902591629456 0.119034879337305
0.0292792017932486 0.199597678008618 0.0296734436388713 0.116840840889005 0.0638992011495029 0.229908415787727 0.16347202144281 0.167329197290217
0.0977847736304478 0.211046485280674 0.175358943177233 0.119889113689005 0.0199134788623604 0.11551915584943 0.0909284586524883 0.169559590858361
0.0860369391934989 0.126077864136916 0.173349580680514 0.0362717959684965 0.0727010433309681 0.131280522672178 0.178012779550948 0.19626947446648
0.126570643500125 0.143938000780042 0.232565157522795 0.0640902685226949 0.114867776085127 0.0607186945666227 0.170400736087266 0.0868487229353278
0.0277301398230384 0.0745274134136401 0.0924614291132384 0.148379659789174 0.0154437894164551 0.203379132639108 0.188177067171013 0.249901368634333
0.0191234031055646 0.0925809110350505 0.0467519229047141 0.202834514629156 0.0870188591071717 0.216732725688755 0.177613559889213 0.157344103640376
0.0194122716827364 0.102050192210815 0.242629172835949 0.19773061762966 0.02352583311822 0.127013489027533 0.184146276609171 0.103492146885916
0.167991825601543 0.182605174285739 0.109139192868049 0.0311065260610368 0.111956551225603 0.13552288458839 0.0889007698417382 0.1727770755279
0.0144249864686719 0.163317516651351 0.142991730125656 0.0507674243299555 0.134116667935448 0.181293293239643 0.183514004764838 0.129574376484437
0.218493766508452 0.0372358344746239 0.16569010375327 0.23952060734048 0.0830409603484378 0.00452518425690272 0.19258317388829 0.0589103694295434
0.164113601065403 0.120658518673062 0.0972192786004191 0.128035853950477 0.177906742387499 0.0434852323172812 0.175553450265276 0.0930273227405842
0.181531118188701 0.167866083522222 0.130901133683096 0.00155926568646644 0.174404682279493 0.102309841729968 0.144549427121768 0.0968784477882857
0.246719629209003 0.106930191864189 0.112380402999715 0.158246278866204 0.120127625399609 0.0225661258062708 0.128572676803002 0.104457069052008
0.064906225695162 0.173867101387789 0.0935228093387327 0.0274539116516675 0.0369993285779846 0.167749692719805 0.066899034314171 0.368601896314688
0.20689250158021 0.0503908367436931 0.109830988097302 0.138705449081974 0.166349882319019 0.0117903616429748 0.15865302157549 0.157386958959337
0.225151759729924 0.216927887845281 0.192205381453102 0.132318202824949 0.0701803916296676 0.0196551831101982 0.122648000325778 0.0209131930811003
0.21900889343815 0.0667814524975711 0.0753208825582806 0.119329453174851 0.215418587866282 0.0439654293129048 0.0562838303155467 0.203891470836414
0.107561971935474 0.0531045878222326 0.220147291644071 0.00280027561919531 0.0607705084667707 0.274447260183121 0.0302870137981891 0.250881090530946
0.286806330776441 0.13261411529223 0.122168182594762 0.148269628155886 0.125683598155661 0.141434752036817 0.0325155331027269 0.0105078598854757
0.192693290682326 0.0505541864753489 0.0102051159935931 0.211021236527718 0.0381055538413988 0.193028477524047 0.122163826306345 0.182228312649223
0.0735961983072203 0.093580323036965 0.244774041033212 0.0301113369199526 0.0692902933962653 0.0167204276128477 0.237243015395664 0.234684364297873
0.0444975538571932 0.141481037362341 0.187842049473116 0.176559981841293 0.0226524061716059 0.15394602396561 0.118435452839362 0.154585494489479
0.086336922850287 0.124369066058703 0.0352198194252083 0.242500446954598 0.11471888686886 0.27166533480092 0.107755248443712 0.0174342745977133
0.16047405634058 0.124042110819416 0.12825281749214 0.0781851353881502 0.100255494585945 0.184254855213016 0.0591431054560559 0.165392424704697
0.0142037926334378 0.0684568226597107 0.16394942285494 0.167398505341562 0.215425306109774 0.177883322141616 0.100020944614971 0.0926618836439876
0.0846270281972544 0.168920675638405 0.132263558030392 0.0395425575452981 0.111455720073926 0.168848203240076 0.165654863921476 0.128687393353173
0.0882732704052293 0.159714006492402 0.167582164171488 0.195883797323442 0.0144034543542156 0.169106192059976 0.0138494322497644 0.191187682943481
0.0911929501417502 0.158892969865849 0.0750928094040824 0.0383079234031317 0.18295905509474 0.053155999381465 0.204752582367141 0.195645710341841
0.145699787562516 0.0127999882896401 0.106926192038777 0.0488840567401711 0.187263776061986 0.226772485518678 0.222377931001359 0.0492757827868731
0.107914578729081 0.209222665253257 0.0603611430330549 0.145120558087023 0.164753920997064 0.0644485147383684 0.0885075578138403 0.15967106134831
0.118757026155234 0.0835307883447418 0.0814656636823526 0.158735618310553 0.113099329523974 0.144639057438642 0.138002846478887 0.161769670065615
0.154286680186077 0.140277317420545 0.0477934812078599 0.247909883491388 0.0512206086031469 0.130112975887843 0.212823927300217 0.0155751259029231
0.1663808800982 0.0989191622573221 0.0832975374401236 0.0701941215417887 0.176295718975792 0.0810189832437478 0.129522870668561 0.194370725774464
0.116975462320736 0.17923519769976 0.153317359763387 0.185983343888988 0.0676342121074202 0.0428397361415699 0.141690145200905 0.112324542877235
0.160268692276896 0.138563703640744 0.053384038731645 0.0895116639722175 0.124639972554484 0.198477489008878 0.0834806038339899 0.151673835981145
0.0636755670855235 0.20404837850414 0.0491246199845301 0.193168132325679 0.211669783285522 0.147124711800162 0.00894282074542143 0.122245986269021
0.114506359388998 0.170860514856848 0.0969727937991712 0.0662827892496724 0.164942671947301 0.0974696487748304 0.117507901824867 0.171457320158313
0.0395419254861741 0.138278491134261 0.139406302858992 0.16304833865245 0.130877409870671 0.120512121032002 0.0986356267987309 0.16969978416672
0.06249959545196 0.0895802718088822 0.0543587145864851 0.176470743615797 0.119653764475008 0.207793825395641 0.12573476443661 0.163908320229617
0.0259709910007254 0.0982060637851375 0.242993692563082 0.00469125743577194 0.270537124861129 0.121497385886415 0.102954626326361 0.133148858141379
0.149431395453051 0.0153898338002424 0.170033129101141 0.099636490708237 0.129169737153095 0.169376464320462 0.0652214768492483 0.201741472614523
0.232055854747038 0.0450364974561129 0.154257523415734 0.12754942911292 0.00130325288926078 0.170717956147632 0.100314573185962 0.168764913045341
0.0716630251516214 0.141743628083117 0.0132514797289601 0.177283828379972 0.0392439029526278 0.164528761923835 0.188471880688133 0.203813493091733
0.0781739289688152 0.0982706579338744 0.169405013106216 0.141625511794662 0.172514100981259 0.157939521362621 0.132122825603098 0.0499484402494545
0.231537617154712 0.0348187846143463 0.0783137593141204 0.134381675931158 0.118287495307569 0.0211308714159593 0.0871113814332811 0.294418414828855
0.229053538955006 0.0554514715562956 0.110670806101426 0.0768061533629619 0.230252107785121 0.0477145320533001 0.154254738502854 0.0957966516830353
0.164074406583691 0.261126751007689 0.0329953299112214 0.00263665652819063 0.229115044991665 0.131137879309074 0.0819296448825136 0.0969842867859542
0.051762742113357 0.229195956266698 0.0414791255652229 0.117020152940869 0.155735504268593 0.123286881963064 0.172037511288992 0.109482125593205
0.117587922328786 0.111165688353797 0.142804542726492 0.145527475843419 0.145905629801522 0.0803482387578037 0.14902649516084 0.107634007027341
0.168624657809126 0.0737708319547767 0.00414825973580079 0.156801953677919 0.117863891080894 0.186487739458094 0.171612234903673 0.120690431379716
0.0886798249647036 0.0546811372060799 0.0946242000189712 0.136565753207939 0.0713770942791651 0.24753614626171 0.12339997205813 0.183135872003301
0.0836497117728703 0.0453458637424797 0.038276118889355 0.115189445909296 0.208598505415886 0.0455386384032729 0.236762756445996 0.226638959420844
0.201692997527968 0.0636445451478884 0.0472793162870536 0.163994401185723 0.0521922775040457 0.0497526530155716 0.215945519415563 0.205498289916186
0.133985350911519 0.113172487262938 0.136320105738083 0.11906035590821 0.0673585482334369 0.1744469315345 0.151752794595214 0.103903425816099
0.0658508828038194 0.221317907078546 0.174625285145796 0.20193836152691 0.113261268658167 0.0926618404686251 0.0488556749622197 0.0814887793559167
0.124326988507029 0.00669755816426261 0.166331905601643 0.131202681568174 0.108173936303807 0.123048909930761 0.167331026950559 0.172886992973763
0.126701639738565 0.031951408122004 0.244897732054161 0.0724397753206526 0.0915509100650116 0.101918622118024 0.0929717229747075 0.237568189606874
0.21216469045159 0.0643894123077374 0.19194507800672 0.202626711616148 0.0862826725897276 0.0337669271853903 0.141867815855525 0.0669566919871612
0.0215836334698562 0.131875344896453 0.0601184919508632 0.358665580468118 0.00969871352007816 0.0663548940680544 0.0888565351574368 0.26284680646914
0.213514171546583 0.178670383773159 0.113771212433382 0.215438676505786 0.0758173249873555 0.00918823527968832 0.00917512779722572 0.184424867676819
0.0835905477156871 0.131311128984077 0.174081461907253 0.0696404069263391 0.1647126107535 0.158603582552823 0.118378660541831 0.0996816006184905
0.190162601677955 0.0744352793819112 0.216180590439717 0.0243136787025738 0.0974613944517442 0.189808515193032 0.0291558758135427 0.178482064339524
0.0314053885904795 0.124555790280336 0.128486504266189 0.0920134853870173 0.145342781333597 0.0250696125297888 0.171270156429969 0.281856281182622
0.177249709415163 0.04099211881636 0.195229477187225 0.173096476131904 0.0526922518321323 0.0195571564375352 0.0840837950306074 0.257099015149073
0.108783588162338 0.262127970741575 0.186784892178214 0.0246768096737663 0.00423000453991424 0.211444043653799 0.184033316586941 0.017919374463452
0.161196456711587 0.244514328910024 0.0418819150959754 0.231057851578822 0.00841895345430098 0.0359662689088869 0.252736114159119 0.0242281111812853
0.079125663137898 0.159739641016621 0.189296536928963 0.297487625178824 0.0178090927655972 0.0383422370480002 0.210269715601385 0.00792948832271153
0.0491805226711292 0.0979349564283221 0.129090981563061 0.0322456601273358 0.256540588433571 0.0711396863279385 0.120762077969112 0.243105526479531
0.0396128903403173 0.28532155796514 0.0608137423535848 0.178101437819425 0.0489524466240065 0.127282483932388 0.0439185409054685 0.215996900059669
0.198423794407463 0.10402910978086 0.0235833275017326 0.151454998430268 0.11145827890348 0.21210052858717 0.0765305470278616 0.122419415361165
0.0623664441776172 0.16280127902992 0.209784233606483 0.0740396623306971 0.234565972323446 0.0548392088548678 0.080052419118191 0.121550780558778
0.0258057105161058 0.0594499040341631 0.0637363651876121 0.221792188852235 0.0947733396562881 0.160276131690927 0.164874450420432 0.209291909642237
0.20976717300968 0.0413068336350436 0.00656609195943771 0.0471556708323108 0.191221409861799 0.054416332678953 0.23886298516006 0.210703502862716
0.0234428334666029 0.144851392405096 0.0898626156988629 0.230811974574678 0.150281012013663 0.090259524814892 0.152673839137447 0.117816807888758
0.0745406408050303 0.175242168598557 0.333576530659463 0.0180522691086348 0.139938394540628 0.130746514826 0.0222346529375896 0.105668828524096
0.0537603714049399 0.0158539422060512 0.31593071978279 0.12594544910055 0.25802246458257 0.0767841482072166 0.0301798926161639 0.123523012099719
0.112835190082666 0.192697378766283 0.0159101763326954 0.0571900111867645 0.214182690924658 0.200727299373001 0.0994269013685143 0.107030351965418
0.0101450085118945 0.140630875638697 0.205569976988662 0.212017400110049 0.0162896669978036 0.158595163374531 0.0805539723006941 0.176197936077669
0.0354204774094876 0.0839190578912149 0.143650721761751 0.216846928510136 0.182895026587517 0.160952019258028 0.121982241928405 0.0543335266534601
0.0710558023842065 0.196233406989243 0.099455648231447 0.0876379280035331 0.304759818664951 0.0158374100606445 0.0798239422698202 0.145196043396155
0.120869132967918 0.226688998891171 0.232167371374239 0.00057116298860568 0.11332938084938 0.0135305116175213 0.142426777371396 0.150416663939769
0.101238954679158 0.193417152300261 0.0343384664446836 0.238192903169473 0.114512110391405 0.0894391929445511 0.172718759454645 0.0561424606158238
0.158277071461169 0.0235266230965646 0.206745936660265 0.128985551421144 0.116195331997006 0.149740291069234 0.0812226964804297 0.135306497814188
0.0855244926304105 0.0821431133194236 0.183999977893089 0.0969657380906452 0.202057617709138 0.0752639656077905 0.141762972199458 0.132282122550045
0.0248149698893836 0.00398298810814955 0.185580710862992 0.0482950864645272 0.200235991126646 0.230807775534241 0.167746090619986 0.138536387394075
0.0763078666296534 0.0760892932832553 0.170165947780134 0.134870293031592 0.142798199348365 0.173433262208887 0.183395754138309 0.0429393835798039
0.110476478787919 0.060907421651519 0.262876090266958 0.00835480993823351 0.182734914387357 0.0490024119879835 0.10017539216014 0.225472480819889
0.15999380372992 0.0887187962409788 0.00887600289551745 0.1531451300174 0.150457692735768 0.160097925365769 0.115185061578043 0.163525587436604
0.127172262770405 0.12682348139508 0.108321614752417 0.177611329897341 0.0464744104262939 0.0313356640383685 0.139434724651322 0.242826512068774
0.0724423673347418 0.0124922010280509 0.197157628526863 0.110143020750658 0.170175712710723 0.0792796638360101 0.165474822543994 0.192834583268959
0.140115873814238 0.131948195201624 0.0231086504957316 0.208826975787404 0.0582919906466881 0.175598287631527 0.116562062177955 0.145547964244833
0.0410239921391155 0.19123140835775 0.0116590454536631 0.2285533513953 0.145021310610327 0.258185999127533 0.0874546012673728 0.0368702916489395
0.163920593752938 0.174278218702938 0.130595141340188 0.126481209712538 0.0661910956251368 0.0997433749946831 0.127964848863228 0.11082551700835
0.164132183448282 0.184423430903043 0.195751437080929 0.00747614256941249 0.00923011904520226 0.125870870853001 0.191871980639472 0.121243835460658
0.0121211200885538 0.140647592223429 0.066615463928526 0.0788955481167938 0.184718479561369 0.241964306971941 0.210657742820082 0.0643797462893048
0.0765154308806411 0.164536372184084 0.0452207166073783 0.169163047215889 0.171770151464104 0.206283092833356 0.0928877251374077 0.0736234636771404
0.102175164173358 0.0764682019044776 0.035707937826024 0.163140283266496 0.0974133642416421 0.165935227788554 0.190485374605486 0.168674446193963
0.141280232501612 0.101030505754055 0.15210825445862 0.174976501375401 0.164329190078497 0.0414934382750319 0.0923658721922836 0.132416005364499
0.096593510817135 0.0853181132677866 0.0514384150927506 0.176839850748138 0.23455979387354 0.175713443189335 0.133137283394227 0.0463995896170876
0.141338143960923 0.069905961422626 0.0787738856739147 0.106124957194051 0.129481351594978 0.197136233090332 0.180556384112834 0.0966830829503422
0.116543170675133 0.0594063087967977 0.169121415648575 0.174069855661012 0.172446419771579 0.159887197213877 0.0945309239754669 0.0539947082575599
0.0560712008668641 0.0612764597762588 0.0785065778631919 0.084228595918138 0.225449138977579 0.124127634300619 0.0949616268106742 0.275378765486675
0.19798390501291 0.133484859668122 0.0638985788489919 0.0913158577692832 0.215586571981167 0.0791305222765371 0.104160419088259 0.114439285354729
0.133241447632019 0.126454161740368 0.153574234458301 0.104638808145774 0.259685939390525 0.0517701565319368 0.126148315602684 0.0444869364983922
0.159284028601507 0.0218003114450826 0.209669307196623 0.0177841092242448 0.17190961495254 0.0977848040512821 0.138052144420196 0.183715680108525
0.211210657791418 0.0653990942040604 0.0466126062458846 0.143289659200259 0.196465581743849 0.121973550789531 0.0612187354953718 0.153830114529626
0.169763682683682 0.00841658531282263 0.0607206359264369 0.180009655347546 0.093340049866169 0.179814583538086 0.148260118222298 0.159674689102959
0.226423492395897 0.0820582916215703 0.0124892500895302 0.293308860229489 0.0356636033054063 0.0397618905385619 0.283245618341998 0.0270489934775467
0.144649134706953 0.0660196832099258 0.0258608045667312 0.0711917323147545 0.0651506104996369 0.211830363987433 0.120795070782438 0.294502599932128
0.150397266831515 0.11979481904922 0.026008540855161 0.248548290921667 0.068177546315037 0.0599262489170614 0.044928655167011 0.282218631943328
0.12829046518428 0.14892596310904 0.0737754264713627 0.132500061893284 0.0959188486106873 0.0944909550551521 0.162559572448705 0.163538707227489
0.0814650855593588 0.0312735448736414 0.105918280185454 0.193367319065565 0.0908809655087693 0.156682918286772 0.236342318119417 0.104069568401023
0.137875406736119 0.241317120898206 0.056567370113914 0.148509786344089 0.0594349882135788 0.0419292279253766 0.0635000611923315 0.250866038576385
0.0525655856321021 0.189211163014783 0.0967978515718584 0.177039806299739 0.141871821207622 0.136361264379652 0.198297177011707 0.00785533088253639
0.188839024181656 0.0727596902435985 0.167596373089382 0.107646144364802 0.146323351202438 0.173123767693813 0.023998280932194 0.119713368292117
0.22999185736555 0.0734520388064328 0.254799461600507 0.0357417940089465 0.0037251106051012 0.0543256119816454 0.116313377520352 0.231650748111465
0.173494817691542 0.152541862733316 0.0254996293117478 0.135216653932819 0.0590072381579896 0.25090042461724 0.131671581284227 0.0716677922711181
0.166026505311784 0.174870996294894 0.0200455003868689 0.0974455570090577 0.00297547026848649 0.192785200811107 0.139651954535887 0.206198815381915
0.199454481412259 0.0721454546963436 0.0713740915137021 0.111898524568813 0.0590518156799915 0.195179105691938 0.177581574417714 0.11331495201924
0.162140395820809 0.132007451224417 0.10984569958623 0.0888874568712662 0.131800594833164 0.16011919212714 0.150719211700546 0.0644799978364276
0.181950986313052 0.0188913469853934 0.139541473685003 0.1687076383728 0.182372337805583 0.142898613836279 0.0480589675948338 0.117578635407056
0.15503334561874 0.048591470610665 0.0158172520621434 0.0818742531089975 0.299166679942168 0.200822866519032 0.0970310628352097 0.101663069303044
0.176386117230744 0.101814873364314 0.176698347468586 0.131403798594336 0.108416219742398 0.057075799358764 0.096785035233855 0.151419809007003
0.138443564938727 0.0854841526916719 0.0170753781402461 0.169674518801377 0.141259502837803 0.148056683457265 0.11338214500939 0.18662405412352
0.147664745831778 0.208306010804388 0.145783510342305 0.034383505606082 0.100992404270427 0.0365308737130819 0.264411512218679 0.0619274372132596
0.211938201156226 0.027303202253092 0.1884622373505 0.027516155273185 0.0836294122515411 0.0907324592409113 0.188076018327991 0.182342314146553
0.137740821706532 0.10604467612149 0.0812786649915692 0.0910485107615502 0.175067018712092 0.112673369893789 0.147152485262787 0.14899445255019
0.256804198148054 0.0062936386192928 0.0898941487615218 0.0680479013314731 0.253725274233498 0.0151931329865311 0.223564059507772 0.0864776464118571
0.0570887513983965 0.0792997903166682 0.10263274654135 0.195096314647501 0.0324989777271732 0.186594617976003 0.0345403001878777 0.312248501205029
0.0127578054804562 0.157937111954794 0.106445422466998 0.0626247560385092 0.239638581741783 0.134715056148646 0.0942851537734664 0.191596112395346
0.280311612197951 0.0719040131231817 0.164786260118147 0.107066018722529 0.0874662889341165 0.0352850091535173 0.0863883503985649 0.166792447351993
0.0618403285965679 0.193264523859981 0.109024845313282 0.150779622493182 0.11326644548202 0.130293010920599 0.125894728033608 0.11563649530076
0.216045839616917 0.135585616560657 0.049429670780807 0.00959506220741935 0.0506937848502629 0.241955041661229 0.182001304603809 0.114693679718899
0.0841734432549196 0.179090344794873 0.238006587724341 0.28759966647383 0.0434808925871398 0.135546456502093 0.0311821659582873 0.000920442704516187
0.120674135669922 0.0957538186297414 0.0378460256732768 0.231278450081494 0.120708096715148 0.20802068515979 0.0382223164581314 0.147496471612496
0.122095030768232 0.228157290520069 0.17320037927151 0.170188017343855 0.116198601857447 0.124409850613158 0.0276486112518006 0.0381022183739273
0.224134824983547 0.191886021741761 0.0647157901238842 0.205560542038101 0.126727975625071 0.0584257860341606 0.0724793074945849 0.05606975195889
0.157859814918117 0.0625083058150501 0.063330633220164 0.124253756960562 0.157633776856724 0.211104337988578 0.0787278321377277 0.144581542103077
0.190138096247282 0.148920878320968 0.180165331062463 0.086020828587555 0.0927696557545049 0.137142430982831 0.0520139495122296 0.112828829532167
0.165271348501571 0.203069598522936 0.0393249831750993 0.168134962853181 0.0678177024794328 0.140718400983291 0.150457835225633 0.065205168258856
0.252492047473788 0.0146624042882451 0.260766241557205 0.152079843795903 0.0181763412599012 0.0832026703868796 0.144054342376781 0.0745661088612967
0.151248251151249 0.0729429192337522 0.000760724803736356 0.0436530705942266 0.248258808702559 0.143682596499333 0.258170611754081 0.0812830172610623
0.18307224971352 0.286030414629558 0.0351307375778036 0.0915784228063716 0.0377197618119113 0.137963831927054 0.149483711294337 0.079020870239444
0.0319761569494496 0.116774545456524 0.0843042347465496 0.187426733425486 0.0386528933576936 0.133178822611589 0.183446981102555 0.224239632350152
0.164946170235189 0.237678956203222 0.0799749691809174 0.0388287514115149 0.0531038262130697 0.201253023291093 0.184835133528009 0.0393791699369859
0.0874526128800666 0.246449791491311 0.224719308890311 0.0505427496331992 0.0889316599093901 0.0554791884703375 0.235193629444376 0.0112310592810075
0.190501249469584 0.0553717129588539 0.0795287950220426 0.278608123267134 0.274676044399301 0.0339810862347121 0.00603521249438201 0.0812977761539899
0.00183718338969987 0.0071708717711316 0.181662788570173 0.162979535896447 0.240258584542064 0.29296021547503 0.110643712286881 0.00248710806857387
0.140492017420844 0.0787377498464066 0.141928578488388 0.0627149278099488 0.190935855509056 0.133681035176702 0.125189140223917 0.126320695524736
0.0510093377805669 0.242820717692887 0.0979764668098563 0.186811120615697 0.0373764757085177 0.162095827438069 0.217984628436759 0.00392542551764681
0.208306348437204 0.0276817457687949 0.218585480974099 0.130177345299853 0.0845334796716332 0.00954171596114414 0.230542363079917 0.0906315208073552
0.176531061074204 0.0817448892676266 0.161196725895994 0.0577947287317956 0.0876185941275548 0.218099909280149 0.203290225904506 0.0137238657181696
0.0514322266210602 0.0148787689991445 0.190244486689711 0.174241143499362 0.165617125608595 0.0535799726247735 0.159672634629676 0.190333641327678
0.0885480732619735 0.00929310593090223 0.142382776548299 0.099286142461171 0.219510341181022 0.0683626457343204 0.111485984219045 0.261130930663268
0.155102430989365 0.0019778291740093 0.0925134487731853 0.0516792615329805 0.188617600897973 0.182345748146619 0.198477297545838 0.12928638294003
0.123592565482376 0.125998792378379 0.197774330264769 0.0535315360061666 0.157302158353061 0.0388332112893567 0.107313622868237 0.195653783357655
0.0998790534525044 0.203467453125127 0.0205378218138712 0.22546839945388 0.0609522251610873 0.0349112550356261 0.289214434693666 0.065569357264238
0.175131691610472 0.134853340229381 0.11615194639421 0.13470667039877 0.211233728229673 0.136542955166435 0.012475503276303 0.0789041646947568
0.0734622606610423 0.0378470292012344 0.154153740796457 0.152967867436948 0.0189179689828928 0.234539918037001 0.105598089007496 0.222513125876928
0.0282809761001367 0.157980285274949 0.121332701887143 0.248462731051884 0.00630773969452855 0.230239800077476 0.110126629947276 0.0972691359666067
0.185519325222799 0.152377386511327 0.0807170562824747 0.207360125533306 0.170082446068289 0.0226431037211174 0.145314352032193 0.035986204628493
0.194715363005859 0.0391052184323686 0.182454956560607 0.0993915186515201 0.187650528539429 0.0434001302303718 0.174835855587882 0.0784464289919631
0.0663330280523034 0.199702309714804 0.186545573948135 0.0293556218240083 0.161047887621317 0.1189826612149 0.122118152523131 0.115914765101401
0.175054925186637 0.0287303321197858 0.105184479557885 0.200888590960997 0.174267163765191 0.08395223349645 0.197077578286661 0.0348446966263927
0.0108016534417291 0.167690785151531 0.168650950001378 0.108545419308141 0.174623140591381 0.0999500067407344 0.158942569989554 0.110795474775552
0.187281709786437 0.180945608629275 0.0645621703470629 0.00733614724736247 0.111674792132848 0.181580039535232 0.123546168790833 0.143073363530951
0.15490585326277 0.0239100030533867 0.184274632621797 0.0572335608035122 0.0135124172026629 0.282042259706047 0.124044757309069 0.160076516040756
0.129523364580205 0.227365299877101 0.119212113599437 0.216177907598826 0.103764943626973 0.157361859027448 0.0227165981000924 0.0238779135899186
0.145752849866069 0.110491010457572 0.18999619238364 0.0965073558915691 0.011175007646607 0.185338102768316 0.182191983662241 0.0785474973239863
0.0873908788851062 0.173472659684819 0.168889991315344 0.073086998874831 0.153265658923221 0.137013649097829 0.103140251271872 0.103739911946978
0.0844474774983074 0.218771354676486 0.133641941214929 0.164278268851217 0.00530661495077069 0.168026973448028 0.192969128428572 0.032558240931689
0.0557782748066925 0.159829614725056 0.116991444960006 0.0988117191908681 0.149437774079191 0.162632566510903 0.132416642215626 0.124101963511658
0.177353326073758 0.114360917198752 0.18041956813784 0.213105951269217 0.0751209483299764 0.0300352050470189 0.0645160280042016 0.145088055939236
0.00822780986145844 0.0859980416036648 0.284997325997053 0.316277805350185 0.172966134281773 0.00870984726212649 0.0152793196832575 0.107543715960482
0.135426955146452 0.164054126338866 0.112293077525851 0.0518788841162758 0.251961296945953 0.0795227425412025 0.0962387656390258 0.108624151746374
0.0231483642457763 0.168037877599063 0.133331453969294 0.181825143644578 0.0483674972656804 0.187709881876339 0.155642042824393 0.101937738574876
0.0805817359834183 0.134531462126975 0.174097370681476 0.161296931737574 0.0921059876244985 0.112603405973822 0.127793401610095 0.116989704262143
0.0289349077129001 0.202642805826062 0.235862622402421 0.150966537128559 0.137599619174861 0.223230697012986 0.0133881275759281 0.00737468316628281
0.200985078504363 0.205432702751768 0.0372343745172843 0.180524795636022 0.100322053063822 0.115210493946218 0.0943279289180388 0.0659625726624844
0.18149494844169 0.104307537644015 0.120852957849695 0.123203857040504 0.0397485468072315 0.0370508008139419 0.211791141728119 0.181550209674803
0.0622513839599477 0.137959480163983 0.0329563666846934 0.164146154875565 0.230387294334572 0.00755454260110151 0.249033597168473 0.115711180211665
0.108929806663963 0.278985786586486 0.119791501536206 0.0808216575159154 0.061463775100008 0.080936886036581 0.168750856958441 0.100319729602399
0.205435334765962 0.118386794198603 0.156935997166102 0.197692662080204 0.049421201477137 0.197234183855426 0.0151435622205289 0.0597502642360363
0.0304866786483088 0.135605812445578 0.240387184689511 0.158078554924616 0.104867990339959 0.0677030093755232 0.236087720974961 0.0267830486015428
0.0407611247427509 0.0269035082705181 0.248499226486309 0.183898053999316 0.124193617771858 0.140413817940942 0.040718231177205 0.1946124196111
0.00576296079465646 0.0958369367797069 0.0371151350476019 0.143602049909395 0.11958388616117 0.157604851030288 0.245451044492063 0.195043135785119
0.0771836243036689 0.126359431022852 0.0127181090441599 0.150181530599294 0.115835426378222 0.198114459499309 0.161159206903002 0.158448212249491
0.235512717418192 0.109342413277594 0.225505419623947 0.121399452172558 0.0512729949094205 0.159939213233995 0.0188584387239524 0.0781693506403398
0.111485359351783 0.180891977408324 0.185964987117626 0.0405517427440626 0.13605284415087 0.0808602921915575 0.146515435206439 0.117677361829339
0.079406213972646 0.0948414212614444 0.151394532434267 0.0891425053202005 0.110488905837881 0.173273442582271 0.131726366216911 0.169726612374379
0.0428054631234192 0.171395060132775 0.0236583958093914 0.00184403515003154 0.14545477201172 0.222545808186222 0.110535083496605 0.281761382089836
0.204337925925597 0.0712910403784417 0.0546356324770538 0.152191177943971 0.181510716253602 0.148175552766998 0.141995086274685 0.0458628679796515
0.183108150898507 0.173107637068594 0.109742153407211 0.196790754346493 0.140923245331824 0.143471504633563 0.00858281470944991 0.0442737396043576
0.0261822072409472 0.108117513709348 0.0292678427352199 0.0723359535546715 0.265615059399589 0.160316724484164 0.181243025223893 0.156921673652168
0.0837983647210317 0.21457020000862 0.0124615314442165 0.215515075085574 0.0710193846570434 0.17100715606932 0.112114786354816 0.119513501659377
0.109410994111957 0.17547554198575 0.120105150740477 0.136990947894748 0.145677882621876 0.137176085731745 0.0611027060245998 0.114060690888846
0.160816593645783 0.197007836832167 0.063421249882788 0.120864386195077 0.195029921058942 0.0989577408474568 0.100592715556203 0.0633095559815827
0.207652699443552 0.0548343929413194 0.275894909351446 0.0839103056314747 0.0245742082283241 0.0941484094607891 0.0826832123731892 0.176301862569906
0.267000552060499 0.0485302954683597 0.166611516347414 0.210035745373862 0.166482262310256 0.0453565139538079 0.00385071914569883 0.092132395340103
0.0387313960900987 0.0458841153868495 0.0623894622321338 0.2664485156982 0.200750387429289 0.095631374632155 0.143819488448606 0.146345260082669
0.043777191092785 0.117105716514388 0.383458473065634 0.111540266947187 0.0206605657119688 0.10616118777036 0.124759414007835 0.0925371848898418
0.12088813136339 0.073753246443286 0.170165312885729 0.181454252390692 0.171869926262603 0.0639137799070814 0.0651382061765738 0.152817144570645
0.0144448153602561 0.133324280439346 0.128383834870395 0.150302906168672 0.306033723159092 0.0734375904015522 0.17215104002387 0.021921809576817
0.218306575245679 0.0919837128402232 0.228624371791957 0.15066340964879 0.0828264716506952 0.0920217917690615 0.0962032193185934 0.0393704477350009
0.194035392336476 0.0325088801926021 0.0545251904842629 0.0381483889346308 0.153846532481996 0.251133023939511 0.0235466338643117 0.25225595776621
0.156272720504423 0.212590019382449 0.0221997440537402 0.212997475863277 0.118779167942989 0.0944167968672167 0.0345173436055732 0.148226731780332
0.164398665049106 0.125269829506661 0.0239212440735883 0.0120367323580834 0.145950596230558 0.0741738547098068 0.0624474464558178 0.391801631616378
0.0169662202736129 0.17106815492623 0.011857844679472 0.191739221738989 0.127497046595456 0.164217734910109 0.13256492840262 0.184088848473511
0.016282161046774 0.141348858384551 0.0311985593953715 0.213237241913683 0.0106214775171311 0.0662168979376906 0.26892513372372 0.25216967008108
0.210312578564325 0.230374396942613 0.194386136521135 0.112467751106576 0.0638734852808301 0.00442923276261617 0.00703449601242086 0.177121922809484
0.159657496600142 0.069249570956374 0.326273592295633 0.0328264283943573 0.153244588640225 0.0400136784333058 0.113991851540892 0.10474279313907
0.0419083194171166 0.157792244496031 0.22102247547229 0.0991523126756855 0.132011749923317 0.000100901338490576 0.130193719180214 0.217818277496855
0.0301186218546901 0.124731985718114 0.0582306823501351 0.11429378321 0.293744169627344 0.0918492124371325 0.271205644476709 0.0158259003258752
0.211686737243061 0.200149984331684 0.0521446521846284 0.173272847940922 0.152715884665125 0.0356230300513842 0.104247050468776 0.0701598131144186
0.0258536664043884 0.120743827148295 0.155963622931987 0.12295322849542 0.199972353417996 0.257830560680808 0.00637761764850722 0.110305123272598
0.010234671829146 0.0507537124134758 0.256607956873993 0.141189366083829 0.156883292223505 0.20702285893059 0.0250027353112527 0.152305406334208
0.0718754731911481 0.347016790238729 0.145964915292936 0.0538614925934177 0.0143578690728609 0.290507536013864 0.0618319004803947 0.0145840231166499
0.170580869890562 0.177817516853109 0.0524465922243228 0.13048396946036 0.0659947829168609 0.173036925827712 0.0694778573973033 0.16016148542977
0.10823916481849 0.193171767541017 0.144953230270354 0.112935352299317 0.0249633329909882 0.0975010880868988 0.161150608437599 0.157085455555336
0.240147700591044 0.192478926404565 0.0696965454748541 0.0577312246524936 0.183126630111036 0.0459732430207116 0.0271585806535248 0.183687149091772
0.0842745450817468 0.132987932426973 0.14462730251155 0.104371025877033 0.0507869262270782 0.184546587994461 0.135755551127733 0.162650128753425
0.204426509501271 0.112034208024566 0.0895699153226596 0.0318453466460356 0.0649292023497443 0.0326049357628558 0.18553595512661 0.279053927266258
0.0145602921334972 0.17033965976119 0.000434015398862375 0.200033965975412 0.209457421177973 0.140960559032376 0.107011561503981 0.157202525016708
0.166061981064531 0.141444953962589 0.0360490154810047 0.0568531969781801 0.20733606293188 0.116855043119666 0.216558638981715 0.058841107480434
0.210350566167861 0.201643907223466 0.0522910646329785 0.159861517157448 0.00777954262419862 0.0358730254146566 0.149890332279843 0.182310044499547
0.188522122701714 0.117116373958646 0.0907962976412999 0.188786807857495 0.0675296607697173 0.158980619257717 0.147000050569876 0.0412680672435345
0.144524734089264 0.0518708127523418 0.15708675890331 0.186352779349549 0.104401417659111 0.0356994094140494 0.131055163609127 0.189008924223248
0.166949032397463 0.11694010976262 0.0533231757998989 0.137890955051467 0.123600685018432 0.0695419543522525 0.134326703150758 0.197427384467109
0.146788306815804 0.232291789877722 0.0508014866643831 0.188768371705615 0.0836522553965233 0.0157772129185509 0.0373190131977521 0.244601563423649
0.00153296963719813 0.13471104477184 0.00715410288364156 0.272464432446781 0.0746245709943417 0.288879738766287 0.0937568780504964 0.126876262449415
0.230442930562281 0.10308308858635 0.132510963975517 0.10922549277833 0.02570266932941 0.00287965727583568 0.127848490971849 0.268306706520427
0.0714848629642139 0.163874143201782 0.168398180711485 0.151495776464075 0.0547128298658177 0.176446686240775 0.175146966255386 0.038440554296466
0.0625116017390897 0.0813317023989261 0.00753002218458337 0.0628303510715243 0.281410174114664 0.291435891631215 0.171972850918465 0.0409774059415325
0.118609048165688 0.0824676012371221 0.168421430314383 0.0839320090133599 0.111003483909139 0.151643802406655 0.130811036367009 0.153111588586644
0.267910628314611 0.0978708580257374 0.050332152334138 0.236173824597957 0.00012459590181475 0.178585677197058 0.132125127440358 0.0368771361883257
0.148676560247652 0.182802126820706 0.0138744252925964 0.0997433153886676 0.183939691232593 0.186805770376109 0.137818762457752 0.0463393481839243
0.0964114148277269 0.0411518106190483 0.0532268856553782 0.176394815577014 0.234843727852345 0.152871159491082 0.193420481019004 0.0516797049584028
0.00923900903869352 0.22212479334162 0.0824541025632459 0.0210929948958116 0.235373468584534 0.12572196483191 0.225689669495852 0.0783039972483338
0.157095296132218 0.180248117602384 0.189253694829393 0.0473056070745197 0.13165216850075 0.0549102035035433 0.0869588000639141 0.152576112293277
0.258094886647851 0.022903709061775 0.118355904601602 0.280268455185861 0.142800723258738 0.0779615175217322 0.0963120699146814 0.00330273380775954
0.135363596299173 0.175279395916956 0.185376728576069 0.147541905663996 0.197922639058613 0.112301416995941 0.0427377668123832 0.0034765506768686
0.144181919780383 0.0765812093819255 0.165098845434392 0.0898160164410635 0.163884548437941 0.171499716273849 0.0331724716488497 0.155765272601597
0.313229166936451 0.0894959701222003 0.0341810357769148 0.000532632374009471 0.065958994856343 0.0947875702727945 0.135445197573032 0.266369432088256
0.172965201237359 0.209969928479751 0.0050751408122342 0.0596872403311047 0.0847202658613064 0.145522269923188 0.256444938873109 0.0656150144819478
0.254772750454548 0.0535938784067649 0.104813324231988 0.0311691293521506 0.326573485365228 0.000497008336180873 0.00258441180845772 0.225996012044681
0.0671495937012566 0.114354196235237 0.208037863123854 0.102310028528707 0.0544329236681728 0.120652943414622 0.104653389304823 0.228409062023329
0.0376493479076404 0.010983005302913 0.169686109577289 0.0760241363783948 0.215942926477364 0.0903229512608376 0.23232598893982 0.167065534155741
0.0594026103402371 0.0488113448487521 0.284447128060947 0.165098399928956 0.0415106734264136 0.0751387729880374 0.0286246372656912 0.296966433140965
0.142816391581278 0.180196627960224 0.165082988021816 0.167814464673264 0.06843868474576 0.154040945690245 0.121542535882093 6.73614453203691e-05
0.0176147067258661 0.235335458897567 0.23671561666487 0.14262793351333 0.0858946264264755 0.00749529613843184 0.0882104572073407 0.18610590442612
0.179231906173287 0.188069248238383 0.0187884860373813 0.0846355377777888 0.218204229314168 0.154560372007151 0.0410191918722998 0.115491028579541
0.170361424006439 0.149293761587546 0.153277949030006 0.152929123427383 0.0586327709619308 0.0334273889971525 0.177549162142026 0.104528419847517
0.0721092167812077 0.145117228950276 0.130712282691129 0.0531888816266412 0.160358187254322 0.167698560420525 0.145660529214381 0.125155113061519
0.285259062131657 0.0313657775968876 0.00432291911598201 0.149680298817464 0.0904603948300627 0.119273482885155 0.0609552822995029 0.258682782323288
