0.0274549006959109 0.149733649494096 0.193469616115573 0.230086715819445 0.214034790328904 0.185220327546071
0.0493831352488053 0.158561119761564 0.200517937653026 0.160058838677978 0.333927438816868 0.0975515298417582
0.0738498141109827 0.0922932351887045 0.268721091496492 0.208868930684162 0.263195378195687 0.0930715503239716
0.204164380128068 0.244363017482377 0.124910306357264 0.179828294623648 0.244473497677426 0.00226050373121613
0.1829143555915 0.214966686222318 0.200396494069246 0.178968369698793 0.132890683569478 0.0898634108486647
0.266339684748707 0.23302338628519 0.330092058600278 0.0135317554492126 0.11280981740807 0.0442032975085425
0.181107244817966 0.279021639242896 0.23394396611028 0.132602812512701 0.0302152209704777 0.143109116345679
0.246966866187304 0.0188177535807743 0.0399825051569891 0.274579078318224 0.21854316817388 0.201110628582828
0.0784692279624664 0.440388016564702 0.0776295177236432 0.0577367115661417 0.114507604317107 0.23126892186594
0.0526860339684134 0.0235956365989527 0.22017517957431 0.432744783188981 0.187663240091739 0.0831351265776045
0.150996081832778 0.0750956757662621 0.14826110009883 0.23568577654399 0.266629117980017 0.123332247778123
0.306056167999483 0.0763949815603798 0.114445216797692 0.0813111227600777 0.121154818123951 0.300637692758417
0.266598659439674 0.274400544695312 0.27832608923625 0.0792258641167254 0.0466972819932478 0.0547515605187907
0.169044047861881 0.23437876574032 0.106801795114909 0.263394478049976 0.169076455065023 0.0573044581678907
0.251312561397544 0.211585550496678 0.084187499806004 0.250927157599963 0.0188749408426013 0.183112289857211
0.0569678328489359 0.0133043243008688 0.361290316750178 0.267834607942415 0.0791143898474772 0.221488528310125
0.217212290132555 0.115458930945332 0.194672689952835 0.238469482463758 0.225277655602248 0.00890895090327233
0.22751231558023 0.198239443509626 0.213787546597295 0.00722832210395059 0.0983038051608187 0.25492856704808
0.0300678199611985 0.0662888423555609 0.0791061230073307 0.151816224245722 0.376225732728922 0.296495257701265
0.298299605126229 0.219115748429068 0.0424791247957538 0.179541133656392 0.168125544126702 0.0924388438658557
0.0263329191376468 0.131752294953046 0.207442878976707 0.184330971869222 0.158688943458971 0.291451991604407
0.0488860744063582 0.20998385389379 0.28912095098569 0.0291883002531561 0.119203153154831 0.303617667306176
0.33842252581342 0.105387478185512 0.0783681160335096 0.104758093236553 0.287939671875946 0.0851241148550593
0.00490803172831085 0.227230508791886 0.184289559073465 0.143143736722369 0.195324218118741 0.245103945565228
0.185309126364201 0.139618113427281 0.208264923876252 0.182043343632248 0.174180022364543 0.110584470335475
0.189039431472235 0.127503813407828 0.167182159244145 0.0264032199948583 0.246447529600534 0.2434238462804
0.263106466804591 0.0166787141317758 0.146594366711102 0.344733952863591 0.14461998357291 0.0842665159160298
0.201328231557454 0.271944102528656 0.0388304392339149 0.201641987428588 0.0345658228935155 0.25168941635787
0.0116178584172262 0.303926908986519 0.262377271429307 0.146194940920755 0.0643128370175424 0.21157018322865
0.160562634023873 0.194159751138075 0.270495364504208 0.278356035841903 0.0582442190161213 0.0381819954758189
0.189073594026706 0.207658359069435 0.0132466461058242 0.218965610404761 0.137434074411069 0.233621715982205
0.228861971387421 0.114498996621065 0.211817597359088 0.18827459748325 0.203758412623161 0.0527884245260149
0.343557455952176 0.113862534454558 0.0866072654326721 0.173664818951793 0.175593746978551 0.106714178230251
0.214069493092643 0.136328112749797 0.186610526879263 0.121147002582727 0.234865649302679 0.106979215392891
0.197853260638981 0.116319578126816 0.197055289976428 0.209432158189399 0.122007243247723 0.157332469820652
0.339368801456239 0.316097449341981 0.154810356169529 0.0363016823274876 0.00999203816238422 0.143429672542379
0.181418640653867 0.200426583754508 0.208225732445151 0.122857811230119 0.171224303501025 0.11584692841533
0.0832339722724622 0.103698153644228 0.225060769412732 0.139697514371637 0.213290977485276 0.235018612813665
0.0881462251439314 0.395565764230694 0.0340310654233634 0.132459820641732 0.168418892138182 0.181378232422097
0.107104751005053 0.148615348106246 0.190193245034845 0.204418315611915 0.0262294818010986 0.323438858440842
0.0374280163148042 0.159587488136015 0.184110747674842 0.10917478772556 0.263300438833574 0.246398521315205
0.11782071079365 0.298619674937842 0.0376840647688494 0.304453236339974 0.111483581948432 0.129938731211252
0.0321954783041488 0.339703216976465 0.116488813851463 0.0476694796921926 0.236080021708373 0.227862989467357
0.22133704018851 0.107538419977511 0.00141243375964519 0.252348214301849 0.105413074977569 0.311950816794917
0.121378495787786 0.27734671803849 0.314890044099426 0.0641277251266527 0.218484473515088 0.00377254343255742
0.255622283788078 0.350219363129638 0.0272724902360103 0.105073269174647 0.190739029436938 0.071073564234688
0.11587404008448 0.209935761778829 0.144679779150849 0.217184620873706 0.121703671766831 0.190622126345306
0.0215049094660128 0.291259911157343 0.144929383752383 0.0175534529156276 0.357296387884749 0.167455954823885
0.0880726100465893 0.0274740736577013 0.200532900922392 0.225466222652945 0.134364256695911 0.324089936024462
0.134146672343303 0.104824629278424 0.213992474726428 0.0435310119129926 0.128823119294212 0.37468209244464
0.0103844969653002 0.154722476982036 0.25310616837835 0.227080651178249 0.24472858855311 0.109977617942956
0.0301466015699993 0.178108720849164 0.146696617705412 0.28136768743616 0.202273948059405 0.16140642437986
0.176306312295701 0.0502034982536932 0.293131627742705 0.210092603611819 0.118472792732751 0.151793165363331
0.247823372698862 0.0118407141584715 0.167013398788875 0.196499803444534 0.254564428642191 0.122258282267067
0.147315279898008 0.195291383932349 0.191200410397679 0.290179857152448 0.00252952310145929 0.173483545518056
0.247403054508743 0.185715047693037 0.0535541564875978 0.0806897308567137 0.259471556428378 0.173166454025531
0.234568858865303 0.118654755378604 0.246466672376632 0.120353452713724 0.278895467551853 0.00106079311388387
0.0906425919297813 0.133086770956176 0.0715504427008999 0.245123358894671 0.132985434326073 0.326611401192398
0.157993069497486 0.187210665789752 0.0934341108688413 0.240793597824204 0.274382149724071 0.0461864062956459
0.312653567217432 0.245980106727469 0.114394438843417 0.228967695053955 0.0874174780821659 0.0105867140755611
0.0407794869100271 0.0402226110289739 0.259471876470551 0.0266661749816861 0.328126939253573 0.304732911355189
0.146333549798478 0.0761344371235863 0.227038478764122 0.056255959964857 0.22392737401044 0.270310200338517
0.160711834551663 0.275720666326389 0.0825289670632664 0.0794435157878235 0.234633526774764 0.166961489496094
0.25957528519603 0.212939184023015 0.0322547074681066 0.12389978018527 0.360219369425552 0.0111116737020259
0.289958468592248 0.155723278744194 0.331852990386164 0.108914862596011 0.0406793969743205 0.0728710027070628
0.212704441925018 0.14733782856184 0.0508613811346988 0.125938787656304 0.385881244324251 0.077276316397889
0.159997760089448 0.189778269043085 0.0459497750189912 0.161904282851078 0.186592569470813 0.255777343526585
0.272203962306837 0.0598417410662293 0.216551337457124 0.0239090189976044 0.367953241538678 0.0595406986335264
0.19178896013765 0.295848780217073 0.206088384921599 0.166075895061319 0.0378565562002643 0.102341423462094
0.17269275025041 0.198113967376755 0.26951374193462 0.0358322331378408 0.117300121094323 0.206547186206052
0.0339827093579999 0.254444502840665 0.269113465986751 0.198294886138682 0.044128414146423 0.200036021529479
0.0917559120662235 0.0516344781068344 0.280730727427452 0.157567656374389 0.162322762202093 0.255988463823008
0.139450047277048 0.11150668659129 0.188003393011034 0.134730614620302 0.231465530903064 0.194843727597263
0.203183029994955 0.242477990425825 0.147568697790428 0.134397889832025 0.0403149137167023 0.232057478240065
0.0862887611811708 0.104525350364749 0.136729250360619 0.310415240513164 0.189872518659918 0.172168878920379
0.0919805165897449 0.174564741137641 0.0755272677902818 0.162436266459582 0.2901044449806 0.20538676304215
0.468526367178147 0.142563043170947 0.0280043148658004 0.32360134462154 0.0367437665434768 0.000561163620088072
0.121941183092674 0.327796439306062 0.105947505192992 0.0930446480704297 0.223515859148383 0.127754365189459
0.178135925552188 0.200519417119333 0.0281513848238686 0.335823422045127 0.0826778692510553 0.174691981208428
0.103304015654766 0.307934163732959 0.135511306087174 0.049905901909662 0.176377968824165 0.226966643791275
0.100821468629967 0.00140116893293824 0.281070248821729 0.291138473375624 0.320297472583087 0.00527116765665516
0.215425407573704 0.0834114434212478 0.450330609147089 0.205723259121459 0.0255851181851053 0.0195241625513946
0.148945859960138 0.14437252966573 0.146437340021987 0.197345312625909 0.188676828165377 0.17422212956086
0.21360346079149 0.21931348146555 0.323644606782758 0.200747203839371 0.0028391028255866 0.0398521442952446
0.176978497887943 0.188102245281725 0.0117908915700445 0.111792699601954 0.272427826529564 0.238907839128769
0.1977744572533 0.177299557256934 0.0441524586185499 0.223062530695488 0.236718198515355 0.120992797660374
0.203758260329175 0.124020700246369 0.235935920886046 0.124912502567818 0.177755737231771 0.133616878738821
0.23575988746943 0.185883427161408 0.095433936678443 0.224543901476664 0.0497052557708152 0.20867359144324
0.271447173691206 0.171142284600913 0.174599015059224 0.0208470552507009 0.125523342511867 0.236441128886089
0.0706562324889551 0.0275372825042294 0.182232033014828 0.0876813277648496 0.286585626009779 0.345307498217359
0.291187236074727 0.158673078425853 0.00984171091104184 0.29387502642466 0.0513750250124954 0.195047923151223
0.212632855306222 0.0497580785005435 0.085164263187723 0.102693852487009 0.22677037177342 0.322980578745083
0.228679731418368 0.18237129089825 0.1334726483948 0.0117821200390797 0.24037325417502 0.203320955074482
0.201156584472718 0.168404724497034 0.0488501608450713 0.203638484990998 0.127557607227494 0.250392437966684
0.242254442907049 0.231372785387945 0.024087680767265 0.191336284971156 0.28515170266056 0.0257971033060249
0.167397514463319 0.213564743816328 0.00896386916101979 0.243167237111522 0.262468879562502 0.10443775588531
0.238687805417781 0.110361758332889 0.126342142126662 0.152311333979915 0.16451044341962 0.207786516723134
0.271134436715057 0.257241831334061 0.0346841805242307 0.0990660428498829 0.117608087102347 0.220265421474421
0.094665869469071 0.238414372894857 0.186469829792244 0.212812435969358 0.0805706554357766 0.187066836438693
0.185096298378551 0.113432001380808 0.0477642349811633 0.323035863487997 0.317303831889837 0.0133677698816435
0.231828163864014 0.083728501813051 0.279190915262851 0.145481538409156 0.196594762224629 0.0631761184262987
0.114117118170392 0.0507160878970226 0.196445592935508 0.216654944322047 0.237829438285102 0.184236818389929
0.177813824079973 0.00756627986782257 0.163127360818661 0.249707808285075 0.18323090625461 0.218553820693857
0.229867748828728 0.0288346548008443 0.280416526885727 0.22868032180023 0.174704329881915 0.0574964178025553
0.198826855927747 0.0938890178608302 0.272464073959753 0.220778136699724 0.0764838008007738 0.137558114751172
0.0845781960087662 0.115821262479164 0.324364738194477 0.291077407018283 0.0326481543408978 0.151510241958412
0.0267699271742791 0.000917787842436622 0.195472574817472 0.110604399829997 0.380789791588546 0.285445518747269
0.0419168752238333 0.14595937224492 0.1104254942433 0.280252780843399 0.252707736464239 0.168737740980309
0.0911598728071272 0.514342047470395 0.0965187070111872 0.0809778852748152 0.130634787390223 0.086366700046253
0.228528155183113 0.245028747403786 0.232024249011709 0.0920766895523818 0.0752157479543759 0.127126410894634
0.235717064361644 0.0373687069005967 0.225141770749419 0.0333126459322907 0.248627656327779 0.219832155728271
0.00279783639922722 0.259310804614871 0.213124244560014 0.157048943434986 0.157249457676497 0.210468713314405
0.000388926800134117 0.319614656155605 0.182544352521452 0.137100107023998 0.0898608095083124 0.270491147990499
0.302230139100496 0.040667110282895 0.379762962313786 0.00298184531297195 0.0623198803122847 0.212038062677566
0.0982967281429317 0.115343794743602 0.207146920064475 0.367678685621892 0.164096369509116 0.0474375019179833
0.00292544373086214 0.284315524359499 0.255571316833791 0.0164130993268619 0.0458132970379787 0.394961318711007
0.307430723112192 0.302226832797 0.011793590019765 0.308607335512433 0.0111689773617718 0.0587725411968389
0.0994039264958861 0.100276429176111 0.165003885780904 0.149952002696676 0.256131845604432 0.229231910245991
0.261209358562301 0.16116527077623 0.203164699767263 0.273681992899983 0.0316009864841013 0.0691776915101225
0.147698199460162 0.137804731735479 0.169877011119724 0.202367312317136 0.109025211769047 0.233227533598453
0.0907854180363406 0.242770770694246 0.303876466787585 0.10813076868665 0.0877484062071464 0.166688169588032
0.0664856975461061 0.200728934387119 0.238810465055043 0.234066719513945 0.240682933151238 0.0192252503465494
0.0653481949812128 0.132673359670367 0.211842673845977 0.146374508952299 0.214491654318494 0.229269608231651
0.0712023493258997 0.254640826036264 0.119222278283975 0.139872690662453 0.192945411382365 0.222116444309044
0.119605476451936 0.266991624764318 0.0510033545736673 0.151025362838314 0.261127216075455 0.15024696529631
0.0177248487564465 0.306950757822623 0.137513790863786 0.189806137561007 0.316529203719276 0.0314752612768615
0.362320523457582 0.145660467052347 0.022240509848739 0.358880269287525 0.0342670740945378 0.0766311562592697
0.194220572472959 0.226980343633722 0.0700180437916204 0.32943087121577 0.134526818982835 0.0448233499030936
0.186395845551921 0.20370650264799 0.265269620538625 0.243225819402205 0.0757644317134023 0.0256377801458573
0.170977705660938 0.135688523224338 0.0791848022909183 0.210797239091066 0.195611852740424 0.207739876992315
0.0552352138267908 0.272754683247269 0.216792890462321 0.127567027637798 0.0817667114004674 0.245883473425355
0.0935306690652322 0.315515979566012 0.162364591268489 0.0286051938853973 0.394139043726829 0.00584452248804036
0.471854634822485 0.0189218281971343 0.164839560606441 0.28147420176692 0.0156410616165772 0.0472687129904416
0.0819048462820501 0.242908663271347 0.10871724543402 0.115426685656279 0.203875265410402 0.247167293945902
0.12253659615974 0.18174659107273 0.27202773204832 0.0286430539236971 0.144492620657277 0.250553406138235
0.181014094855115 0.204119425366093 0.157177961720816 0.135102932384059 0.139072701734676 0.183512883939241
0.352057505394057 0.0650408679403486 0.0736092897355636 0.189999905427135 0.0716649044372077 0.247627527065688
0.223817177549472 0.208935389692772 0.0383888967558081 0.105356284817504 0.211116819820765 0.212385431363679
0.17697653908255 0.0526013421488616 0.158957030890953 0.187230740156176 0.106313117472858 0.317921230248601
0.271623641830937 0.00512120987175441 0.232557076098957 0.100831207015008 0.0582225083854832 0.331644356797861
0.0631643754541435 0.215360449136175 0.161557601200527 0.110206049029372 0.188494624950634 0.261216900229149
0.28687082393876 0.0885001668857677 0.10007298174076 0.30964093159568 0.040568124620517 0.174346971218514
0.363977690834143 0.0877068313018849 0.0708973590178509 0.272951361860199 0.0385795273151191 0.165887229670803
0.0733785930441457 0.234069403861444 0.0643496778025656 0.216720889527822 0.18057235601993 0.230909079744094
0.327579955503442 0.0813557244697647 0.199368670528379 0.152659028781343 0.141199572500648 0.0978370482164238
0.0550421897842452 0.30234842806603 0.0561000618142653 0.0958798512275337 0.235873565121326 0.254755903986599
0.124457785279412 0.176267142856671 0.00990154592579215 0.281775353389289 0.127802537790737 0.279795634758098
0.251146180563033 0.0728727864186359 0.0275962751650849 0.196256723535788 0.225834160666957 0.226293873650501
0.270848841045646 0.289428574629816 0.121963463773006 0.037437440776828 0.196435119548162 0.0838865602265427
0.207282642436081 0.0102745923229164 0.216125746218178 0.196995177638556 0.131756309458813 0.237565531925455
0.237812419146081 0.222388737925571 0.202341163949932 0.0965685555133471 0.0629924447760962 0.177896678688973
0.163865007099532 0.146016810723604 0.080088541322968 0.177872811788829 0.24351707498242 0.188639754082647
0.310699422551439 0.169309569880443 0.00505152857774235 0.290152347723828 0.0327807053673903 0.192006425899158
0.233926590451332 0.196984240576258 0.0287725431226371 0.0420553383416515 0.254868930397128 0.243392357110994
0.307697825761741 0.0853221275034417 0.0154782259036883 0.285573839674376 0.0245674893316045 0.281360491825149
0.227854534600625 0.0945812650356586 0.0227651266159797 0.208888411086094 0.0450233597986788 0.400887302862964
0.214740545585288 0.583222912108214 0.0227602510344327 0.0142438612731613 0.089917296417855 0.0751151335810494
0.0619547970942202 0.29084100154147 0.244952436613357 0.283996196829495 0.080451970376544 0.037803597544914
0.0303288922185457 0.242407392935859 0.394029750576156 0.149208976751266 0.154660478225356 0.0293645092928176
0.286523052019331 0.165455491120496 0.145763714403484 0.0397813112954715 0.230969839847378 0.13150659131384
0.229455113515785 0.159022542558589 0.10695372783108 0.030847224278696 0.283890842091161 0.18983054972469
0.390652269608073 0.139820658593937 0.002098372265812 0.336276166821324 0.0557962156849633 0.075356317025891
0.0143857559274077 0.130168957058973 0.185251298347522 0.0727477536423617 0.136636406446227 0.46080982857751
0.111224211280389 0.113780703308225 0.180284895136868 0.358442509667399 0.0697912244815208 0.166476456125598
0.0431908367894795 0.167417417858559 0.263214642640157 0.254918712539366 0.0219594719733875 0.24929891819905
0.175138561686862 0.0399137982302702 0.44306572911762 0.192468786199374 0.132059812825087 0.0173533119407855
0.195056312302055 0.0941401216692288 0.183488524688338 0.337626796246886 0.0614802740038926 0.128207971089599
0.215707161116014 0.238894950755923 0.0894029492979374 0.131670881637597 0.183022050612822 0.141302006579707
0.122033051088655 0.224470026825038 0.278178308383396 0.00808978552494125 0.245487961268634 0.121740866909336
0.413095426537813 0.113213961856497 0.207003435239411 0.123549816000672 0.00648506231109899 0.136652298054508
0.107252155851374 0.207913291943628 0.244633684464148 0.292051473128163 0.0510056869858305 0.0971437076268569
0.0715076988372834 0.211976710827445 0.169744086415136 0.0757181197260238 0.181441672542545 0.289611711651567
0.251803227685017 0.0878279954729176 0.281470941455841 0.00968877067390198 0.198092021474869 0.171117043237454
0.082761677877627 0.207210083055126 0.258996817232409 0.243082116682594 0.0420516142603661 0.165897690891877
0.116982258281045 0.093618588041124 0.227803676299138 0.201721793318579 0.19003998335483 0.169833700705284
0.184739169401462 0.0365691173898838 0.202480051184102 0.256066405912105 0.161678650445856 0.158466605666592
0.230851477092309 0.146836253899203 0.252161578156617 0.18951929365337 0.0733564304407539 0.107274966757748
0.226469399173137 0.219050980917214 0.247349087360028 0.00799468215569026 0.168060630796954 0.131075219596977
0.298874251892432 0.325092292448453 0.282479241456766 0.0299508000087709 0.0623053563252633 0.00129805786831476
0.378551747230172 0.0546074885832826 0.373600928199044 0.0137460361737767 0.102661168878422 0.0768326309353031
0.234488162859702 0.220136875734963 0.0472233229457272 0.177534905610426 0.20702266812585 0.113594064723331
0.142402351137454 0.22816534695282 0.198255735114439 0.0703673833172386 0.348224602057735 0.0125845814203124
0.131598448003874 0.236662248917239 0.0419042695849414 0.238158286682419 0.0416636158935997 0.310013130917928
0.071669503526284 0.194108902573762 0.307227284344026 0.332414423424287 0.0830277530779431 0.011552133053698
0.153026032788501 0.0516132954242321 0.0317324549026863 0.210660058252994 0.197405010511038 0.355563148120548
0.232156835548088 0.290994893060796 0.170674175874674 0.139110548198785 0.0703874684575765 0.0966760788600805
0.117352585114531 0.0275535720199703 0.328198842709949 0.0746476365738932 0.154079894293923 0.298167469287733
0.207357855834314 0.265105888104589 0.0386782571821968 0.237139117164722 0.15679502692765 0.0949238547865287
0.168140230282596 0.232466801622895 0.0957769215428257 0.220589311882304 0.131872568514868 0.151154166154511
0.218233463384789 0.23412059692341 0.0565904463400185 0.106685362030725 0.233969581438271 0.150400549882787
0.0652984189052076 0.264593053775283 0.250999622084068 0.14123207067038 0.11985751975652 0.158019314808542
0.324960425605731 0.220345453132778 0.0672773021557458 0.00125486260059213 0.32644291644982 0.0597190400553333
0.242443836376564 0.108488567021741 0.203858622814971 0.178395866019948 0.202963530471281 0.0638495772954948
0.101450108323429 0.116142249205609 0.302662566233051 0.0374978737907565 0.237087228376325 0.20515997407083
0.157115035320755 0.243615814311188 0.0657546606842203 0.169581303027101 0.175955050116106 0.18797813654063
0.24937209890132 0.0385629940309999 0.157225913288129 0.124496029116118 0.221760960995063 0.20858200366837
0.000736545924090318 0.16140623988258 0.0219599346736704 0.131714031807443 0.415881122966169 0.268302124746047
0.0618883259950017 0.146775590143527 0.195833402756319 0.21645194211336 0.198218975169972 0.18083176382182
0.175651040371536 0.204119885393887 0.00757684017057694 0.211541782584848 0.17100391834323 0.230106533135921
0.105128341451589 0.319697734908224 0.256227467486841 0.0500135622761624 0.263676950523055 0.00525594335412852
0.0624598844876273 0.172126193187881 0.336521391111524 0.0038782206930061 0.363620953309554 0.0613933572104077
0.286208030269929 0.198800748062779 0.176843273468496 0.200117172801985 0.132144406004189 0.00588636939262252
0.215020677934087 0.258868704600344 0.0974134033898388 0.103666296799311 0.0713549604386792 0.253675956837739
0.019585238912264 0.172596924791387 0.193526914846958 0.184463001337881 0.220446619624447 0.209381300487063
0.00491888808935698 0.260736915097223 0.146626511579662 0.0939670623334209 0.289022494801454 0.204728128098884
0.0288891229356911 0.140138238930093 0.176440371788684 0.338349055229181 0.241751151658568 0.0744320594577834
0.284557347459962 0.188366334579189 0.165701601649757 0.163259711077921 0.0252285513963519 0.172886453836818
0.106206378639856 0.261993352289452 0.218997830927442 0.219943543218373 0.0764549398036112 0.116403955121265
0.0574833892524926 0.0624951876187617 0.137524657470288 0.319775081497356 0.175702512378295 0.247019171782806
0.233372316673383 0.22348283777504 0.0703837754351291 0.0390661521692802 0.311513379684741 0.122181538262427
0.163075048934489 0.102806386153498 0.178481059524137 0.173025154064605 0.206338066939675 0.176274284383595
0.0967871431001768 0.264697412281711 0.197826382494072 0.0431244876967703 0.0999277244227103 0.297636850004559
0.148664958245854 0.129736124910121 0.0919829733258646 0.146421344677036 0.229892073824984 0.25330252501614
0.230261973347227 0.188526864960523 0.217550500414725 0.0976037411071293 0.119008379510335 0.14704854066006
0.0200557196640731 0.269956072665106 0.0655156232605268 0.238245707174702 0.08948392315857 0.316742954077022
0.325410985359173 0.0240273351137954 0.0297338966416747 0.0628506119797517 0.479597915763036 0.0783792551425697
0.168038308252209 0.0569782209862833 0.339779765870603 0.254144749155802 0.0215796270576766 0.159479328677425
0.164402756041067 0.178127312054313 0.19457064103085 0.145671385005248 0.191491014218584 0.125736891649939
0.131311613820046 0.104745221094128 0.176403671401371 0.162185187323543 0.247844902442904 0.177509403918008
0.188743199782846 0.0868768326951445 0.275514389980153 0.20241217735837 0.0301744989444758 0.216278901239011
0.183463013598668 0.38006137063158 0.0302356045314511 0.0378894162390939 0.303902749048985 0.0644478459502211
0.305955568655316 0.070206064934532 0.121825483091326 0.11390697249084 0.178676573698475 0.209429337129512
0.0916435323695917 0.0727505053255696 0.259455400220832 0.238274267404234 0.235879315845842 0.101996978833931
0.00708359962495524 0.460707403274991 0.193167512896446 0.203779019719233 0.0698133933609114 0.0654490711234637
0.198047978752358 0.105764266029724 0.185462296182165 0.206642949722931 0.111558201083303 0.192524308229519
0.249938101313312 0.245999260266235 0.202619908394411 0.126291480940866 0.0220778861434991 0.153073362941677
0.118836047684801 0.232006369286983 0.138034079437922 0.180121421344958 0.211450643781811 0.119551438463525
0.0208023620383791 0.227475729568641 0.146990582200396 0.223214862006315 0.357520674398977 0.0239957897872923
0.092278585345872 0.348693974184776 0.0200617866004379 0.285564103332256 0.025448990628859 0.227952559907799
0.182203497206761 0.435501240998032 0.034597141405236 0.029708118233284 0.0182815815105232 0.299708420646164
0.11059504539915 0.246665205880743 0.177806024644365 0.21315223965432 0.102802954769008 0.148978529652414
0.0461276682026295 0.184858491690049 0.0071394271245912 0.308512593486675 0.115960403660807 0.337401415835248
0.247594200831851 0.165293211468572 0.266130119722522 0.0631487181445211 0.213955223428143 0.0438785264043908
0.218249949422519 0.206118229137394 0.117416061156493 0.128562695345356 0.222442053436184 0.107211011502054
0.227744520659462 0.216051028365453 0.226431139102153 0.271778816915697 0.0376997822525544 0.0202947127046803
0.18712376627889 0.231723509958475 0.0494592326707309 0.224914928180384 0.260854272294242 0.0459242906172783
0.0939480627270015 0.00405963062401454 0.176562144593394 0.253786217975569 0.262581298990608 0.209062645089413
0.0272296424435941 0.169096877559326 0.172162874387847 0.259102200243113 0.360856832603981 0.011551572762139
0.00495455348759352 0.0424540699084629 0.313213275554711 0.240244396469578 0.289171139344344 0.109962565235311
0.140685309717269 0.204411046932078 0.121639756431981 0.193396472929446 0.184526030779861 0.155341383209365
0.254301133795434 0.0870414163499045 0.293687200559487 0.0633725653561611 0.284894926033731 0.0167027579052821
0.141545309914908 0.225872416888125 0.203217465141653 0.211619128491263 0.0381200462430833 0.179625633320968
0.182332763173686 0.217895414262845 0.131563946253416 0.0280250543388014 0.244775610628861 0.195407211342391
0.204715082470776 0.143756356434241 0.252294855051453 0.138956438998528 0.222829806397523 0.0374474606474785
0.19931857282976 0.306019915927979 0.0999248390862105 0.202571140417843 0.138181437798905 0.0539840939393027
0.174490394855663 0.199322684055105 0.101536270117308 0.196330853546062 0.274670016705616 0.0536497807202459
0.214831443417295 0.115795221823343 0.168347712574212 0.134832326652254 0.256480492813847 0.109712802719049
0.279732797624869 0.28755881809564 0.168229512660224 0.100440561630607 0.0287289737044096 0.13530933628425
0.198502310601873 0.00914478630863505 0.13696442705483 0.265435466795241 0.32497649847864 0.0649765107607815
0.149508327859333 0.330991165672224 0.175458974324873 0.0105411882548825 0.0431228510678354 0.290377492820852
0.391655177437738 0.0401496842048159 0.0807966228873667 0.051540022996607 0.247017950579885 0.188840541893588
0.260665213950241 0.377319628221572 0.0508675165707662 0.203730363198551 0.0781232248955198 0.0292940531633499
0.0180079516557013 0.397170469209947 0.158979988927756 0.0996481565142005 0.0877783674656061 0.238415066226788
0.00112968623357488 0.268067222879597 0.136247368185534 0.000841849385620561 0.243345827963809 0.350368045351865
0.090823083096054 0.015093164769656 0.180313811025232 0.266610741037411 0.226631797685369 0.220527402386278
0.194132170839871 0.184993986323824 0.111741038589984 0.152386785417197 0.191575739548569 0.165170279280555
0.0550841252447551 0.0133515675947493 0.20796238817866 0.237143676434178 0.151723149042661 0.334735093504996
0.171180602451342 0.166358783265359 0.260981480376196 0.325009016328962 0.0411142377581203 0.0353558798200212
0.00315625782596856 0.152570668398461 0.244733395820093 0.236312992084494 0.205104664477286 0.158122021393697
0.0623715817116927 0.126303852928244 0.401273486783463 0.0444701251997608 0.261884348450581 0.103696604926259
0.164178682301914 0.292167279034616 0.124567784277145 0.322568787628872 0.0433681730841322 0.0531492936733201
0.142865049389734 0.248964905952769 0.0588136184471436 0.0660348067855742 0.180380384117158 0.302941235307621
0.311200427675012 0.114810973806511 0.012546093560035 0.278825175275913 0.138497469051892 0.144119860630637
0.21666610500309 0.127511884790299 0.0474957638597169 0.041550715383476 0.289124477878921 0.277651053084497
0.00531039587858721 0.215346782190183 0.177280515712809 0.0683774006712762 0.27863873059795 0.255046174949194
0.183168437306134 0.0951808428744761 0.128713930211636 0.229795683665341 0.185241772160132 0.177899333782281
0.0125485666997046 0.43922856046511 0.0349273254614795 0.214693962926484 0.211468475754287 0.0871331086929339
0.183347299852654 0.0836701553544043 0.255927345973763 0.195098188758877 0.177486627486878 0.104470382573423
0.284636887579457 0.0694492835423108 0.187115192591554 0.173385849626552 0.107227928588062 0.178184858072064
0.103643218541289 0.226074833033848 0.280965187854902 0.315204248496666 0.060450456893128 0.0136620551801663
0.223161734091309 0.0227492588748892 0.290758282059089 0.221935180135582 0.154090159578941 0.0873053852601906
0.00853408306618793 0.111218975470954 0.177726191389762 0.144415040929324 0.533884182974076 0.024221526169696
0.214134504191837 0.244312260238595 0.188437448430624 0.0656112150308803 0.118704524089046 0.168800048019017
0.345362365106395 0.291172358883275 0.0327532382402841 0.00640488982173577 0.19943196049311 0.1248751874552
0.161309664013891 0.191538270847197 0.159996958558287 0.0692193245985628 0.148883658561484 0.269052123420579
0.132636182274971 0.141488081179721 0.155056645285358 0.23799413561692 0.183754538027986 0.149070417615044
0.285683394094156 0.00812976320949958 0.218625354916643 0.0733220555728717 0.168796317352192 0.245443114854637
0.090735116530657 0.281725626427705 0.229135255219396 0.0554319996570925 0.210134189744877 0.132837812420273
0.211041262710418 0.156710521450379 0.186965961260268 0.151975889760634 0.0650251468909846 0.228281217927316
0.190346929294155 0.131734882906902 0.133295278340993 0.226454248904316 0.234439840051925 0.0837288205017083
0.15194604899755 0.164516433619366 0.418283500651238 0.0387145871468094 0.0348883054786408 0.191651124106396
0.137795274736772 0.0589952633144189 0.212996020392493 0.274307227860735 0.0141391905909735 0.301767023104607
0.15169723367958 0.177461975348555 0.140987682856185 0.184127671000591 0.164615016143156 0.181110420971933
0.0313945555383436 0.0394501541263005 0.356295171516791 0.402989574292396 0.077960747028409 0.0919097974977603
0.013611897884966 0.0678764171486425 0.0131626478728946 0.474216200055013 0.197057301673625 0.234075535364859
0.122934064451087 0.237590048999098 0.136104989072391 0.215534356747216 0.17227136304522 0.115565177684988
0.048099806104191 0.0622171432541121 0.383468724859577 0.042800275267407 0.351009432716683 0.11240461779803
0.0334503667842341 0.253769835280299 0.268091222720554 0.175333804557328 0.149185460373268 0.120169310284318
0.20115602535914 0.220060323454742 0.180311744086689 0.11270311708245 0.159262082236476 0.126506707780503
0.27091953491387 0.21607885702903 0.190913708991577 0.0662415272664308 0.240103862790873 0.0157425090082191
0.0873304242979622 0.0577482103582148 0.244344733899147 0.229634241570713 0.224145985860792 0.156796404013171
0.0882856255728885 0.0680070109030494 0.101417409941937 0.378067122514055 0.176632811150776 0.187590019917293
0.0755846865822899 0.143790263872011 0.386644158955407 0.113082051199793 0.116302050857888 0.164596788532611
0.0326891106721723 0.264777327224136 0.071061984329835 0.235964044160444 0.273574040331189 0.121933493282224
0.217623777922939 0.182896890634108 0.153296254155693 0.162553622771888 0.0658241113666132 0.217805343148758
0.208101124070163 0.219037216102896 0.111032562118632 0.0828825650615469 0.20343118028479 0.175515352361972
0.254884688945019 0.108658204499793 0.022348808985039 0.140540210805699 0.269952980526226 0.203615106238225
0.1000367156065 0.245845032559942 0.162360222680246 0.148226459859079 0.0693661337379218 0.274165435556311
0.117935501331165 0.341080852193811 0.0283276002575299 0.090392123109458 0.26486536497602 0.157398558132015
0.00773033927954934 0.0336860755966382 0.160283798714023 0.352075344380563 0.193032517327846 0.25319192470138
0.166700763298038 0.236083424079015 0.110077290403824 0.138520830086165 0.251817070394525 0.0968006217384336
0.120658541203202 0.176872340356565 0.121135598328283 0.133160123950836 0.227028828057469 0.221144568103644
0.26929610388456 0.212398390808991 0.115130468521878 0.279361283209433 0.0835034327812467 0.0403103207938909
0.0858349561742355 0.126816636082647 0.18789623198521 0.192645167511571 0.213605656180388 0.193201352065948
0.130351168294028 0.20334651392535 0.139231373422513 0.0954866289253631 0.169274936896926 0.26230937853582
0.120759250385691 0.00221148867519296 0.258032541711392 0.18358529148245 0.109379507875566 0.326031919869708
0.116354314179032 0.0121739889412387 0.186716262103334 0.0583007112676433 0.307190951943113 0.319263771565639
0.306294044645674 0.0161986172722723 0.21778731640639 0.0364586138879883 0.165645483139701 0.257615924647974
0.113140442130312 0.00739922455727923 0.331859516434404 0.079901868823918 0.103144873952472 0.364554074101615
0.088936680134143 0.189235699638269 0.232670455476955 0.222411348753334 0.107158488058159 0.15958732793914
0.125416547109348 0.2120615580507 0.0633169899905495 0.454993690794036 0.0851053840172541 0.0591058300381115
0.138357752025097 0.102472775368727 0.205251608139859 0.0268572855845564 0.229541420685257 0.297519158196504
0.239455767519551 0.127462380281188 0.0730277732644107 0.050438616973176 0.243143655683726 0.266471806277948
0.122460738834053 0.130860755174085 0.164956002623389 0.175710901013722 0.140323805362136 0.265687796992615
0.305834614523938 0.0516531088322135 0.300252452636654 0.0482838051775803 0.0631959557568373 0.230780063072777
0.00867814061571196 0.358467970455435 0.137213900935488 0.139923062430473 0.26211944867916 0.093597476883732
0.15486312593072 0.394855978896298 0.155478474483723 0.0354098954232341 0.024064814998913 0.235327710267113
0.0878532029045252 0.399881255847248 0.0247182309816845 0.0700324844139836 0.18306408523069 0.234450740621869
0.120099775280167 0.0932285703213284 0.225104447861149 0.241165027684681 0.238855306376027 0.0815468724766471
0.224666176741596 0.268821296192221 0.147261645863893 0.141724312845995 0.049067047829237 0.168459520527059
0.0371111039056404 0.285077182457487 0.284942132223229 0.117110053955153 0.25185530216477 0.0239042252937195
0.0932242098252422 0.0842801114607704 0.256797131168479 0.028442687346969 0.381815214591087 0.155440645607452
0.15824263777977 0.291110018898935 0.0348403672576013 0.0469716380159082 0.390133875024983 0.0787014630228029
0.139473107668849 0.0258053161137316 0.224469613690565 0.0225603972861867 0.298899210909091 0.288792354331577
0.083898076075083 0.125290819269514 0.110152079201084 0.311710184162317 0.199790726667489 0.169158114624513
0.060888401360535 0.216594131632744 0.355687239802234 0.0233990902508079 0.268644058500588 0.0747870784530922
0.192289656021129 0.0318393857220295 0.0596569811473422 0.311696727262593 0.275446558203715 0.129070691643191
0.106036141893497 0.287111680798424 0.0915279152815726 0.239327631625218 0.119872428604347 0.156124201796942
0.143346285880032 0.239796685424456 0.0233601788591397 0.134057906154887 0.22606052111573 0.233378422565756
0.17556244091499 0.119703060107298 0.254916640481828 0.181491089441567 0.193998890038689 0.0743278790156283
0.373981460095533 0.220223227733589 0.105254835164106 0.168656762626449 0.0603421771524518 0.0715415372278717
0.0873348067984344 0.0311077918646564 0.0659361024980528 0.0233857143379832 0.38997082686291 0.402264757637963
0.226548452498586 0.315740443119802 0.149958873374263 0.0820732440734371 0.215246439714267 0.0104325472196448
0.236250432917308 0.134443486997689 0.0895284550821934 0.149935004467301 0.225813452312948 0.164029168222561
0.274455969432064 0.215623667921911 0.0145941183267137 0.160410193743619 0.198236156176059 0.136679894399633
0.13811191750159 0.0412109944977542 0.251893305090935 0.234427745080671 0.280215401421958 0.0541406364070909
0.254015957182658 0.107299653461333 0.169390013351397 0.167668912063171 0.0839094071050798 0.217716056836361
0.21293068663394 0.0664764627553826 0.141486361702081 0.251931208407903 0.287100441497042 0.0400748390036521
0.185344838096308 0.173376511809644 0.0424175880953025 0.0859840014893353 0.213363144475611 0.299513916033799
0.040610159483691 0.108078949654882 0.220971591370927 0.251873055693476 0.151976293115088 0.226489950681937
0.134626193229654 0.340489468848265 0.151607652214116 0.137419938655545 0.160899813228812 0.0749569338236075
0.039035702278029 0.257263025220409 0.292153262522738 0.083981212750629 0.00147856750136867 0.326088229726827
0.0991073801998684 0.17199288066428 0.290327910603142 0.0107001080610046 0.313061515820257 0.114810204651448
0.312853795153385 0.0619291742224418 0.136911792389619 0.0210172786274086 0.38416260980973 0.083125349797416
0.0898850855035709 0.17667759385819 0.178548818390012 0.103133524295179 0.212296912574478 0.239458065378569
0.11681348895383 0.0155736054543296 0.269130906259241 0.224713284188135 0.191786851874536 0.181981863269929
0.0327545414500356 0.117178412910894 0.0184448910669238 0.130611767656205 0.353052330372009 0.347958056543932
0.039847257515848 0.213876633903452 0.0854497019724753 0.182764393969924 0.425119208866798 0.0529428037715032
0.31629173681646 0.138700291036524 0.122211555612533 0.100121457405562 0.0156806657945004 0.306994293334421
0.295508903452165 0.0914593259224493 0.226036706307449 0.0301172777391155 0.278762620227212 0.0781151663516095
0.177959180454456 0.208389875204747 0.204630402702017 0.082126688130554 0.202059519836108 0.124834333672117
0.00886270123491269 0.322587762202445 0.199167699581564 0.0242621440074685 0.17094199178836 0.27417770118525
0.00834558418208495 0.117109197538855 0.296549969099928 0.0257794164180129 0.28700670043841 0.265209132322709
0.17517098150069 0.0912037528309485 0.221489368590798 0.0676280522715202 0.0756824292032119 0.368825415602831
0.326391064972687 0.210732132275828 0.155529619186843 0.273385603892054 0.0147008298428464 0.0192607498297418
0.0163415996327327 0.0494626835253651 0.0227498208922846 0.379317756614375 0.445389080676095 0.0867390586591481
0.183600540659099 0.179343101175458 0.10481149598189 0.235294070167466 0.0566097766735128 0.240341015342575
0.147016925121785 0.222751812642764 0.305668205833835 0.0993978698009052 0.214371305626146 0.0107938809745644
0.107392862846983 0.158639054463339 0.120631826914399 0.238470563975113 0.237375558824869 0.137490132975297
0.34092913603257 0.0161667291695518 0.250848706046577 0.104703746487867 0.0962254901465198 0.191126192116914
0.154801421191368 0.237651333617352 0.196979609287937 0.131757218526378 0.0528493209903117 0.225961096386653
0.0850338904870176 0.208044652613206 0.161785212843264 0.195894863612661 0.191776362224627 0.157465018219224
0.228297825688934 0.171340963989972 0.224984350458318 0.13168291968686 0.0240679573081538 0.219625982867762
0.335473952736111 0.0114491771685501 0.214759488829822 0.339588348149794 0.0659831537451692 0.0327458793705535
0.131161856760465 0.00922525393319253 0.135683085792362 0.323369946116829 0.0670853803453444 0.333474477051807
0.145265378576224 0.327349792713012 0.0662023728276522 0.228530432142836 0.144175135941643 0.0884768877986331
