0.147912264870837 0.13790543470818 0.165225947662413 0.128529061701883 0.216857797735157 0.20356949332153
0.125602321504317 0.31607412943441 0.0117937387366366 0.0960184096887332 0.0656595400143495 0.384851860621553
0.247624055919662 0.0990575626700207 0.11779378695464 0.191891349121681 0.107067043892342 0.236566201441654
0.180372102034038 0.201541609411395 0.115026145555901 0.208323178859926 0.193142140144033 0.101594823994707
0.129544380346912 0.156748515841361 0.151931384993252 0.15804798699199 0.18262559919555 0.221102132630936
0.185071033600752 0.13999624548957 0.0907195411527258 0.245916956385232 0.218539134750685 0.119757088621035
0.0530732778188836 0.22212538125757 0.240390471129392 0.189491449328699 0.198791145232943 0.0961282752325117
0.206139631050909 0.245865507710633 0.149023628158193 0.237305834443259 0.121028225448596 0.04063717318841
0.244934769714886 0.171537928853994 0.140130591776103 0.196659258292124 0.0388339630747151 0.207903488288178
0.207040354810618 0.0246032112836611 0.326910776590685 0.309734204845726 0.0886478590215095 0.0430635934478001
0.0778567389101673 0.198238693067557 0.143006675479392 0.266623818204498 0.230630079383948 0.0836439949544366
0.28294270453869 0.164718054951671 0.0117841958912042 0.28712358785525 0.0663274834317356 0.187103973331449
0.250440232588471 0.136093718551112 0.0645872910953939 0.0383821658046712 0.413459149884061 0.0970374420762907
0.128711497327896 0.27515617987598 0.106863012783309 0.200330833066806 0.0553734921407351 0.233564984805274
0.214211071495299 0.150724135520645 0.128621592501805 0.352271580586782 0.0332596990268148 0.120911920868653
0.158505376548436 0.147567418783506 0.177647184900564 0.100029408523067 0.161895389249235 0.254355221995192
0.115262739858353 0.192277947283853 0.237754136256205 0.0866765069779536 0.0969519274611369 0.271076742162498
0.214259045364949 0.257230164072431 0.14560020882843 0.149080482851199 0.190611357619907 0.0432187412630855
0.013516464474206 0.215792088803744 0.18483981627088 0.229180256331768 0.191976943814323 0.164694430305079
0.266324574866846 0.226232609970029 0.217956389863114 0.0970905416359243 0.179276844785719 0.013119038878368
0.247727282764948 0.172681105080907 0.147000018993878 0.145241225327859 0.0556193323018836 0.231731035530525
0.209579554319596 0.0322749167021812 0.212548058071426 0.136251695916928 0.220524890630243 0.188820884359627
0.227834396653669 0.269471247927505 0.297020117113845 0.151161941268164 0.00489655868002792 0.0496157383567885
0.285764512981793 0.0411639916161975 0.265748567442288 0.329506581108353 0.0460476191966758 0.0317687276546933
0.151230602243896 0.187157273428497 0.124800389945671 0.0246826582044617 0.270304963158646 0.241824113018828
0.032241094380121 0.109376461058032 0.272631381573529 0.0726984899708677 0.247039452563831 0.266013120453619
0.116418145417216 0.285150618367875 0.242408680201634 0.164434560475829 0.0285137530038332 0.163074242533612
0.258705419193744 0.157275541738464 0.0304818605078032 0.194752450625384 0.26341888387137 0.0953658440632339
0.225164984238526 0.1679426769853 0.0994325208898574 0.102511930411528 0.129503711712457 0.275444175762331
0.160077742676185 0.195911695437343 0.20056574001145 0.244182026649186 0.018758015611329 0.180504779614506
0.237110439838295 0.0562276929880535 0.0681155580871582 0.170761342121081 0.171200205687128 0.296584761278285
0.182228036357173 0.30295293272838 0.149017189103989 0.192232603108128 0.0268409970659124 0.146728241636418
0.026476316432601 0.305534918516931 0.0400896224771458 0.236281792153422 0.273127126008811 0.118490224411089
0.119476166777272 0.077164952704907 0.0924460738282605 0.111666721039903 0.41127086399847 0.187975221651187
0.15144426300151 0.205989886087912 0.0577213749309243 0.244800095966771 0.130170205857799 0.209874174155083
0.204055767518269 0.219886954186092 0.104269483082217 0.155987618926053 0.138502321451385 0.177297854835985
0.405155544543195 0.0141340666882924 0.107058406819293 0.153452046226448 0.0593758408326319 0.260824094890139
0.0820673981647867 0.210958487056994 0.25899125042716 0.115171240375528 0.14256940384023 0.190242220135302
0.00266151190417842 0.242210535398633 0.0717492140938708 0.0807609656402208 0.441208614259418 0.161409158703679
0.180240834274417 0.213371304493339 0.0184984993695082 0.128276565280209 0.240018839334315 0.219593957248212
0.190359277491345 0.0605033383656517 0.285825461042829 0.0885149853788191 0.250812077752148 0.123984859969208
0.302329975249411 0.0993888519626383 0.16672135227107 0.0329821313112283 0.224716872295567 0.173860816910085
0.275009665619621 0.131516702442822 0.264847232694679 0.251128282331546 0.0341970637946534 0.0433010531166779
0.0167189587908873 0.160397058871384 0.365529323677933 0.0591278773371405 0.373710174703942 0.0245166066187128
0.13449553313078 0.327101488758754 0.0718678634169355 0.130832923809642 0.267042987719069 0.0686592031648202
0.222547368212857 0.163329345467831 0.223525352679162 0.238253343365718 0.144142749085152 0.00820184118928022
0.00618854461986976 0.189193132986956 0.093221750742896 0.261590537554998 0.227990392645758 0.221815641449523
0.0958623593815248 0.144161018336076 0.204076660257674 0.210153706976492 0.114987004578462 0.230759250469771
0.0536052106692784 0.125507839162777 0.112426967891705 0.239532847108639 0.191463009360788 0.277464125806813
0.0193255215888477 0.247094157062554 0.0691387912447537 0.244695256825253 0.11847287224312 0.301273401035472
0.234604766928113 0.0853388658012511 0.0961689114953771 0.217544227020243 0.0534679576034887 0.312875271151527
0.206030101359658 0.0318999016095054 0.307310830677484 0.113176824376649 0.301609363396788 0.039972978579915
0.076701956382628 0.217587765466906 0.20226274570646 0.120132823597259 0.118785649904823 0.264529058941925
0.143954716677504 0.230807789395539 0.127021059830662 0.204838125451666 0.241612584369444 0.0517657242751856
0.320970628326656 0.0163269726544811 0.00706675596081604 0.313671672266392 0.147515240054903 0.194448730736752
0.12288464187484 0.182626672969377 0.166146135674028 0.0378705997378249 0.244972936217755 0.245499013526175
0.421100507854043 0.0141409475852491 0.499557160172814 0.00582904142912398 0.0419532180634337 0.0174191248953359
0.252126668591629 0.110674620525617 0.0472079219219919 0.164784984635161 0.306841816294482 0.118363988031119
0.226002781245087 0.213165622082643 0.260124888704713 0.247875224624421 0.00966780784618264 0.0431636754969537
0.109141780828818 0.160753488570067 0.0753242993771011 0.370262387333754 0.143867738238372 0.140650305651887
0.243547331448284 0.0461647700613182 0.0250663941402992 0.382938258691534 0.079917177045815 0.22236606861275
0.0768781443364608 0.313599451756523 0.168575326047675 0.0085287689245501 0.319329483908352 0.113088825026439
0.234794349140333 0.139451189420121 0.327337526991487 0.0125124030657924 0.095254579542244 0.190649951840022
0.0268918240393701 0.491711916083719 0.126363783521971 0.219664350087955 0.0641589135534202 0.0712092127135644
0.306220135141628 0.0353643402745183 0.291209304203956 0.277098444580726 0.0706072583685073 0.0195005174306639
0.180917526095206 0.172424148773055 0.0458165979150247 0.188255188350829 0.0781078943794587 0.334478644486426
0.306936963804345 0.119345684868363 0.139242326065881 0.195231346590653 0.0583463668986241 0.180897311772135
0.195532797518257 0.219129155753492 0.150408111580751 0.325728862819953 0.054098317936588 0.0551027543909588
0.249793689267331 0.201242645413604 0.162024857927176 0.108475069166377 0.0454616012583073 0.233002136967204
0.0955863100039781 0.121773162984542 0.223595261408903 0.138110746403293 0.212893098420293 0.208041420778992
0.119375196300473 0.193120724970385 0.126267844583385 0.0719656563954222 0.313195925021765 0.17607465272857
0.222212783540785 0.0774263668926142 0.222084216584751 0.111700327837619 0.248892248326645 0.117684056817585
0.249983282242074 0.215216681676044 0.151106348474432 0.0424923833690443 0.153987044897434 0.187214259340971
0.0271653847840348 0.283669810785427 0.181003104937266 0.171586386306979 0.137222044864496 0.199353268321798
0.171392480009714 0.166333053650348 0.23995226514084 0.132768390232696 0.0262616874478585 0.263292123518543
0.2705945557823 0.199396734896918 0.0291188430393683 0.245650577989766 0.0671284535188538 0.188110834772793
0.00763140246794375 0.054794969878754 0.205098773001935 0.242063558341413 0.272915601516094 0.21749569479386
0.156634754523489 0.258672307650924 0.0378039449838716 0.416697450913389 0.106057100438642 0.0241344414896847
0.13456903755541 0.216932673392924 0.00374543850448172 0.157868583483741 0.305430930215484 0.181453336847959
0.113875534459553 0.0593269179123494 0.195116391182501 0.15879748680267 0.283511615823304 0.189372053819622
0.18259287136206 0.126721649944543 0.0956205835172659 0.0647095689230467 0.298156021810475 0.23219930444261
0.127843004755767 0.141684050370703 0.299005927295518 0.248260344889816 0.14735754099747 0.0358491316907271
0.200771142213332 0.035865891291197 0.16523850309638 0.225680258651191 0.228909518970768 0.143534685777132
0.241417709639291 0.201893988251946 0.0638122603105572 0.230780255836428 0.244286491929678 0.0178092940320995
0.273202804531085 0.254619859386829 0.105059996790706 0.0102966701583002 0.230408082741101 0.126412586391979
0.124395845406716 0.217423111802191 0.235946497908706 0.250940723776594 0.0523984295023259 0.118895391603468
0.07870535794939 0.329697419787031 0.172366349469345 0.156638464729819 0.101600177386251 0.160992230678163
0.188089582459826 0.186610612647785 0.172104005768903 0.164036886375678 0.121990939658365 0.167167973089442
0.204543552750814 0.157758481027841 0.12715726655368 0.165554825392568 0.147682194049602 0.197303680225495
0.206185023322498 0.0643763202207263 0.0751725378618305 0.204305887067643 0.222474669788155 0.227485561739147
0.170169079059433 0.0522848631804589 0.467152780159141 0.100342586500682 0.0938586553179101 0.116192035782375
0.200599794947011 0.169010428041793 0.199041871526209 0.0770649814279803 0.151254058787698 0.203028865269309
0.197316804287415 0.0556688326714836 0.191575925895045 0.0993214464486531 0.431914321653637 0.0242026690437655
0.452317075074503 0.09136128999937 0.229479367931729 0.0440108666628063 0.0267193483962003 0.156112051935391
0.177588910637556 0.183941592313394 0.175420658983077 0.10945857329536 0.160998787833792 0.192591476936821
0.32582093651645 0.0942686436031475 0.0564381719372778 0.28584629401867 0.0452791483186669 0.192346805605788
0.270501227015461 0.188347882572916 0.266752871098431 0.206192962779254 0.00116920605636594 0.0670358504775723
0.00464735758232338 0.282696014950195 0.115484141670722 0.398654849878205 0.149706565123521 0.0488110707950335
0.267740962863792 0.0150236110017049 0.157267113405695 0.110244902273584 0.223112395729897 0.226611014725328
0.245638107462577 0.0600145077901167 0.114306581121158 0.213135733188281 0.169526166763898 0.197378903673969
0.206349160000643 0.0168643870091762 0.204300460413597 0.239758359790888 0.0598985078983709 0.272829124887325
0.250070579755107 0.375960536658428 0.291908227823213 0.0416736236714297 0.0317853796383455 0.00860165245347724
0.0778537599447242 0.1762104716818 0.237942171681733 0.172735794978911 0.291442502640289 0.0438152990725436
0.0995362815756361 0.331798454088236 0.165554123206833 0.24925310817281 0.0812013315109476 0.0726567014455368
0.126092853139646 0.271713632476528 0.0838059623082029 0.188593254054262 0.255267912911232 0.0745263851101288
0.0636007159051838 0.259672088252018 0.0627606651577408 0.217560498583509 0.14634452270834 0.250061509393209
0.0799886714895026 0.239918037587698 0.0149894289133415 0.24445055834938 0.246340326731842 0.174312976928236
0.373633303313621 0.0732377274389346 0.0844608613103872 0.155186119379509 0.160825817907707 0.152656170649841
0.229516240242282 0.14862014661411 0.130071989580362 0.146818554384658 0.187608786480453 0.157364282698135
0.0918090110120791 0.518511015027984 0.0247223483229383 0.0528621426626418 0.282586754759034 0.0295087282153229
0.203602358594006 0.155633519550357 0.149173322463258 0.0288588106647297 0.283710674622887 0.179021314104762
0.204439258953451 0.258232077006468 0.233312126733031 0.0853085458787281 0.17304862450973 0.0456593669185915
0.0356681327042971 0.0909738499669592 0.261150055582256 0.191132015885512 0.167601802012211 0.253474143848764
0.262835548338152 0.247963038840509 0.0881677442398119 0.161686247548513 0.0280932032223266 0.211254217810687
0.229739918216876 0.0257704735369462 0.156515158008659 0.150289834210498 0.30120023008614 0.136484385940881
0.26947277352079 0.129931380393402 0.15237323713908 0.00115739736980194 0.281857623191178 0.165207588385748
0.109439864985338 0.181165135608407 0.140236497935027 0.222437860089956 0.237016795741371 0.1097038456399
0.307355755390205 0.0654249330696765 0.336286010172299 0.145739076300781 0.0174402909300584 0.12775393413698
0.207459046662162 0.128420709689246 0.0377417184152968 0.225351860602554 0.177476699067117 0.223549965563625
0.0683076849437392 0.267530966770136 0.234573278361509 0.224240128998137 0.126845206254745 0.0785027346717336
0.177031490749369 0.270799558084943 0.087379398711241 0.321651888696692 0.0917510174505071 0.0513866463072475
0.381571257109996 0.0159602202923314 0.164247663059106 0.0488267145154999 0.255210789884491 0.134183355138575
0.304451462280076 0.130144252628027 0.100431732491927 0.339153602019966 0.0456239292194568 0.0801950213605477
0.0887257704750884 0.234789540256022 0.256340249492864 0.14179956982891 0.175963211658661 0.102381658288454
0.0492046300515122 0.231790137923705 0.175343841745038 0.104350433706594 0.184164274572126 0.255146682001024
0.119589077849152 0.193031650528614 0.238615016543451 0.0590177938422625 0.184478959118672 0.205267502117848
0.218235244415476 0.258911025608971 0.0937995435219472 0.243890551086342 0.0686292414790158 0.116534393888248
0.0790470012764692 0.246812995332804 0.0122493157980948 0.252543273036375 0.298903593371432 0.110443821184825
0.072375260231854 0.0696151251494158 0.293595711586586 0.0983221577105112 0.280256658560637 0.185835086760996
0.263907788747176 0.243463886529451 0.0963103346925751 0.175971523166404 0.0881724343028664 0.132174032561528
0.361390508735666 0.146128057855814 0.0406916812296171 0.368142168280261 0.0273537459650112 0.0562938379336313
0.216951496375389 0.442077411424224 0.115360608457382 0.0697254461458731 0.122014196675623 0.0338708409215093
0.145735188834663 0.0659952428613186 0.207900174856988 0.180954240256285 0.203758449403709 0.195656703787037
0.0460818923420559 0.00522277286992548 0.17729042120129 0.432719739602134 0.0946047408548172 0.244080433129777
0.289477458305055 0.298678869357154 0.0553750579517043 0.069517157422966 0.0784870388249867 0.208464418138134
0.308678956512068 0.119101534869246 0.10697184248818 0.173602832742299 0.227131551692614 0.0645132816955932
0.257528613205276 0.141298745418554 0.0377041716111539 0.272278156713406 0.0200723560812708 0.271117956970339
0.116854222104975 0.0875590536752987 0.0907278571160196 0.159371628090433 0.227968600378054 0.31751863863522
0.0386566639328122 0.0902489164572631 0.164379642901356 0.329370298790495 0.101281950222544 0.276062527695529
0.076550153156051 0.0130700195396347 0.323677393603118 0.292317435674897 0.222263833246726 0.0721211647795734
0.214282210028409 0.236301717972423 0.0980070820936528 0.0408132735994654 0.00452406578162227 0.406071650524427
0.0664516139963161 0.166284640563264 0.160462261775286 0.00849227018858329 0.522680464718956 0.0756287487575947
0.0896007854907217 0.222132802641441 0.151663168348877 0.244273874971622 0.0393813265758821 0.252948041971457
0.0368991949703127 0.0693165412944556 0.546333483602267 0.06759422345238 0.223024792154936 0.0568317645256485
0.13805187226224 0.150894341952561 0.226339411698331 0.0869098272828921 0.187685621267737 0.210118925536239
0.174110949170759 0.385498846446353 0.146218418516246 0.0572765887537053 0.00331400297691741 0.23358119413602
0.104994518148462 0.22307365997279 0.117056696594212 0.227121062340819 0.130854955370514 0.196899107573204
0.198672122308451 0.118219083479654 0.104412528599411 0.233714650212921 0.274663245626427 0.070318369773136
0.159043909188523 0.0232565976513385 0.054645993551588 0.238130057038531 0.221467332261728 0.303456110308292
0.230296498043889 0.185468683004978 0.162483671258104 0.195972958431506 0.207069064344215 0.0187091249173078
0.147880251438403 0.0832191715916797 0.0938847299965545 0.252961434200642 0.0890452029266804 0.33300920984604
0.203624859624522 0.0641379138488998 0.254639621453983 0.256850074753399 0.0157081337445304 0.205039396574666
0.235490919584172 0.217257127482243 0.113529078055645 0.0366644370234097 0.188869839090266 0.208188598764264
0.0178151304417328 0.362931354463815 0.102858762011176 0.431520154694636 0.0604602183842938 0.0244143800043462
0.194090563332828 0.296315894510723 0.0629535910048695 0.231988913942215 0.048845151015735 0.16580588619363
0.137628595836197 0.0751248434037248 0.197120356316753 0.174857737122916 0.13599245737547 0.279276009944941
0.218474877882999 0.217597755601584 0.0498733349104205 0.0539870084334339 0.311390101500568 0.148676921670995
0.227066021063933 0.229533340184275 0.080849523500518 0.199950542691152 0.259731062229538 0.00286951033058388
0.118915456889624 0.313502874194007 0.0278549972237953 0.151141234608401 0.0842816645268115 0.304303772557362
0.185134651725145 0.341593598568542 0.048142745285814 0.025793507323973 0.122286163281674 0.277049333814852
0.0458612636723243 0.218416814642732 0.148679479764416 0.195697102644955 0.197331079034741 0.194014260240832
0.205566031419819 0.163057573505148 0.133963787338483 0.277122469168152 0.0631388352878565 0.157151303280541
0.322636496700405 0.135446111091384 0.113262375376346 0.0417347906918439 0.154725201447231 0.232195024692789
0.242492303562651 0.0187077771423928 0.236930039572809 0.0157949427049423 0.238402457165564 0.247672479851641
0.27042802225898 0.143581393509834 0.045612603656456 0.250223013596086 0.00440065209948157 0.285754314879163
0.0935787825147311 0.23745391116913 0.339605492376824 0.133886323302481 0.185554819099059 0.00992067153777503
0.108209671272433 0.0592452942040868 0.214253447366558 0.222644452609797 0.233899251144632 0.161747883402494
0.0686565472623662 0.24403296907806 0.220990757980176 0.0754133717979689 0.194828567411961 0.196077786469468
0.267019306497422 0.217132741399313 0.232078110079245 0.0301765943303599 0.199853001314659 0.0537402463790017
0.246185656306 0.20535638277983 0.037725246085074 0.149209371200652 0.178472918934935 0.183050424693509
0.184595632063955 0.19112146457555 0.255370731078371 0.012202121029872 0.120464675035328 0.236245376216924
0.0502308906513397 0.123156036107726 0.0350381774034721 0.290001603661092 0.241993441579633 0.259579850596737
0.278668387276007 0.0521137715824128 0.321732460553279 0.267246432136464 0.065856155722484 0.0143827927293538
0.247461417966356 0.122735731942807 0.110679850525797 0.100219228915078 0.225386541680238 0.193517228969724
0.00373828395704365 0.0760823912582127 0.222587223123353 0.173083166283997 0.259150089139941 0.265358846237453
0.0901286470098085 0.163334878095938 0.126848203455996 0.251797080853827 0.216587896143345 0.151303294441087
0.0523264535897466 0.0275247293253843 0.205512271096892 0.236211434240391 0.113038475598001 0.365386636149585
0.0992556950707881 0.295804040157833 0.0542060831121842 0.471597711707453 0.0708698536276122 0.00826661632412967
0.0976189701438874 0.101129721103755 0.19321844871288 0.152476009343596 0.256608739328505 0.198948111367377
0.238806056828701 0.0484056489471014 0.0726315914649124 0.232090871963033 0.248329614894975 0.159736215901278
0.156411150947199 0.071937584963757 0.196633769153944 0.177499337914774 0.0830380366095913 0.314480120410734
0.17612631150913 0.0147006018890034 0.340964931785024 0.213788824708938 0.040012759210255 0.21440657089765
0.148438143144923 0.14803076011812 0.248279662056412 0.163146050117479 0.165258542032 0.126846842531065
0.206503785418706 0.228980878077138 0.244783686007468 0.131854050236859 0.024478715919768 0.16339888434006
0.276172758061984 0.265744034533018 0.0371276688951418 0.036180330181946 0.105025409685268 0.279749798642641
0.0165833073665373 0.260163508653001 0.287726876699269 0.245593914929914 0.127861725485762 0.0620706668655169
0.171576566723172 0.256960235099558 0.242431227680407 0.235819705230461 0.0898045803032565 0.00340768496314541
0.0106380272824952 0.0444765217567798 0.218976961314252 0.176792373746068 0.233392203965037 0.315723911935367
0.233704330763239 0.139159734952154 0.0813000095184419 0.198081337788099 0.21011973427483 0.137634852703237
0.288165257546218 0.0217841991064814 0.1564538451299 0.221531130493963 0.180183091376936 0.131882476346502
0.139459500944322 0.0921305345241871 0.239019982864839 0.22801555211508 0.074020773226807 0.227353656324766
0.00386783270905597 0.0091030961718541 0.358108381535805 0.323599292083489 0.0528617488707315 0.252459648629064
0.174282906465119 0.248735112841991 0.127207137806494 0.110357727887766 0.094499032097881 0.244918082900749
0.416300083794163 0.101750592010775 0.000337545327606311 0.0363751890113141 0.387017610689698 0.0582189791664431
0.205787234509746 0.0667668004478388 0.0659768981612864 0.211138006856275 0.274954277784195 0.175376782240658
0.0381054296947272 0.0693875955816773 0.208059886384584 0.581098786105352 0.0114486045107187 0.0918996977229409
0.223543037909689 0.155911475570383 0.338377928011242 0.172479056823676 0.109379556677431 0.000308945007579643
0.0643231507363284 0.239602290296315 0.10137481266483 0.18884249242943 0.268269818207168 0.137587435665928
0.265712616988239 0.185485987246533 0.0139390271186479 0.116898642133052 0.0698081492030783 0.348155577310451
0.326256951888873 0.0789057062932166 0.310141398413439 0.187560091679129 0.00735965287711756 0.0897761988482252
0.328722370506976 0.0927573645347992 0.0649072168714464 0.213404695966966 0.134520459137465 0.165687892982347
0.224231245757941 0.221368700579761 0.200862416025487 0.0810308282461998 0.167541108122361 0.10496570126825
0.113447189108737 0.155313237889799 0.130095186703673 0.311910875583896 0.0363635571583229 0.252869953555572
0.159786121081139 0.238535313230378 0.211492731348793 0.118900883647184 0.0865038214587731 0.184781129233732
0.116234433953302 0.23690802126639 0.0280110082253453 0.42225942221484 0.184509028211967 0.0120780861281566
0.263531538313382 0.0238663297678148 0.280629733469528 0.0658393007729958 0.134239692119797 0.231893405556482
0.0671584415995909 0.147476184062069 0.0390423839016377 0.309312001366241 0.340780658774101 0.0962303302963603
0.116013932340741 0.309909532034892 0.0848226549894441 0.0326510200964579 0.261667882683122 0.194934977855343
0.299555476988842 0.00689815588299109 0.181821160080157 0.285167698503803 0.121349432174787 0.105208076369421
0.0461033502229483 0.129270379095053 0.167933154326712 0.119271559779485 0.325752270928153 0.211669285647648
0.00773714620827508 0.232964355660611 0.274944884604662 0.228358816980767 0.188385108995484 0.0676096875502012
0.316036284738517 0.389549736977905 0.0800185044748467 0.0592805786832111 0.0631374266124418 0.0919774685130787
0.233630935038199 0.137799740126147 0.238678178442971 0.218747096542786 0.00282381197038023 0.168320237879517
0.0870991726965645 0.268173240060869 0.0788249864204849 0.356885338750077 0.129652223448793 0.0793650386232112
0.00846178696565454 0.323116517542135 0.167902658361516 0.177400388198772 0.318567633774828 0.00455101515709465
0.169948221412922 0.0839909534856627 0.168149706317938 0.252113031044298 0.0816057372678865 0.244192350471293
0.232790687339439 0.230866330465572 0.00541954456998732 0.173905119974407 0.132693698652983 0.224324618997611
0.0722112601948666 0.11756671227891 0.341246394550612 0.314213552930436 0.0900422371583097 0.0647198428868656
0.0234511167865488 0.21242252723538 0.173825186405439 0.0281664844684649 0.422774257425977 0.139360427678192
0.0558967321359726 0.311348936307182 0.204840955013469 0.0272443396882979 0.104844923266512 0.295824113588566
0.404715850062312 0.0559438590054176 0.204623283484165 0.293136103248659 0.00897749110158274 0.0326034130978638
0.154275861128287 0.234495003415209 0.138301095851713 0.240947616242775 0.178423003140585 0.0535574202214305
0.218687887133034 0.234352458972968 0.0929197146561565 0.253449876236052 0.0713959392093977 0.129194123792392
0.00843612432685226 0.30333859011958 0.0657490775672501 0.39696377384408 0.0230657538185123 0.202446680323726
0.184835226836725 0.216844897207432 0.0168477573366288 0.254868014509192 0.116068463092702 0.210535641017321
0.287472077535548 0.0628516330799419 0.0191879705453853 0.276154467265601 0.0982725058078509 0.256061345765672
0.195916637932315 0.0975060320261801 0.133353415463833 0.184037929713716 0.203565144494219 0.185620840369737
0.0432359834546614 0.16197445082748 0.0789662511564266 0.276154049657894 0.26629442956774 0.173374835335799
0.269170709271432 0.109107752024282 0.268789867544328 0.0364256814527032 0.255871106329423 0.0606348833778321
0.226036197991768 0.154391279012578 0.286911263351467 0.0398872172548665 0.228544091572147 0.0642299508171745
0.144435434170921 0.0540887534690448 0.279802163089611 0.0676918421201629 0.297586822381961 0.156394984768299
0.169724842973903 0.175252888760936 0.053437530439417 0.227186272971934 0.0881552212520924 0.286243243601718
0.0818633082465618 0.260423334535008 0.0887748917388725 0.296636711330046 0.0371207658304997 0.235180988319012
0.216945923319747 0.258981272142833 0.11662374760031 0.105674908979607 0.0996863047604079 0.202087843197095
0.222883892090641 0.0893572190270752 0.218732463190623 0.210011762809701 0.137572617945803 0.121442044936158
0.325516060133656 0.17891584648133 0.0497867177995161 0.317722896700428 0.118709389423384 0.0093490894616856
0.253778862964256 0.00640938234511428 0.186548213776452 0.137387463159463 0.287669704445753 0.128206373308961
0.174808765550916 0.234627298475698 0.0136742382060255 0.152435732808125 0.253511094594148 0.170942870365089
0.0812526758501901 0.226822300056151 0.109815749471483 0.0684573574174903 0.49584987366631 0.0178020435383758
0.280152414707165 0.294073470624829 0.066283046614597 0.0972659070844614 5.30004451688138e-05 0.262172160523779
0.0509609037646588 0.275114294341909 0.243956430249211 0.201893847649848 0.210626211070366 0.0174483129240078
0.198086116360234 0.0848414351035858 0.182670377483163 0.166666046080541 0.11151748795854 0.256218537013937
0.313704468148182 0.0053432360400869 0.273109360609613 0.270983620497198 0.0912326847888839 0.0456266299160358
0.0822600258273755 0.408581051102737 0.0480211319538448 0.060331572974251 0.291871049459439 0.108935168682353
0.184431427879837 0.123045318143639 0.181598992942806 0.183063783431039 0.178610524586833 0.149249953015846
0.153244752972536 0.230693096725389 0.243149624010847 0.0419917417466227 0.228264532742104 0.102656251802502
0.117576160330488 0.242612312660774 0.104806098560032 0.288829137267475 0.0220805433726508 0.224095747808581
0.157332484835844 0.127044101452712 0.198729663472899 0.191639494060999 0.0690003027715857 0.256253953405961
0.226528230201862 0.19605070242523 0.0877937652412494 0.0947190492482495 0.146140491968234 0.248767760915175
0.0759878597881913 0.27899741966275 0.0436604907739777 0.0138889130234722 0.283315142359998 0.304150174391611
0.265108140888407 0.0361616578215553 0.286926791199437 0.102048532297636 0.0833266795696316 0.226428198223332
0.244588068520268 0.0893055625673283 0.14182170809524 0.197597583714705 0.0549499251298744 0.271737151972584
0.133668191159974 0.0585781878701275 0.137466120836711 0.241227670465573 0.22399479336357 0.205065036304045
0.0618612553934961 0.288291722097127 0.137662866774682 0.157039055177388 0.145383511784986 0.20976158877232
0.0897323583143804 0.142365510347143 0.0914161916069645 0.243601538542031 0.286535604839805 0.146348796349676
0.0967880156048671 0.0779547533577324 0.236444278403838 0.182276371972711 0.194674109272211 0.21186247138864
0.224103443406052 0.0886027725277987 0.205601395150694 0.120215531002788 0.213027719622437 0.14844913829023
0.300925409855434 0.221816580281805 0.0736116409362192 0.182116444664195 0.029689467451292 0.191840456811054
0.380860060055011 0.0399887234402102 0.0623107441635911 0.403663658133283 0.0672404057352398 0.0459364084726643
0.153476249495751 0.0710465053760111 0.228751558901397 0.330092818042669 0.0441543524802914 0.172478515703881
0.226797143520368 0.209158891677026 0.0645756607500114 0.299549153097274 0.00761369968294062 0.192305451272381
0.183831094912417 0.0386319177932157 0.149820740280039 0.202904803517814 0.229079647431971 0.195731796064543
0.486036490215215 0.203696098436682 0.211504193655051 0.00174311790839236 0.00209772146980631 0.0949223783148524
0.0107892648703974 0.270860487001404 0.262576130752409 0.297930437865983 0.0941503537735671 0.06369332573624
0.230054323404523 0.101214557591637 0.0590135608427131 0.238070180584374 0.259385823842091 0.112261553734662
0.307367857560029 0.359818849402217 0.128689268690254 0.077250063636483 0.0961647617536841 0.0307091989573324
0.186949540480615 0.0776799869075859 0.136975464124669 0.0859907003333785 0.235833034532155 0.276571273621597
0.139679534520302 0.276714338841066 0.421305785546276 0.0296168986277559 0.0829333302056815 0.0497501122589189
0.126713427655593 0.221273541571394 0.219711549584848 0.0904382523842617 0.034293484442062 0.307569744361841
0.13088390122648 0.040313160944695 0.218178901554639 0.10724432159815 0.304056740416012 0.199322974260024
0.175022447066995 0.165069176945034 0.0387686082920245 0.291251955182206 0.0368691200219519 0.293018692491789
0.209064521059611 0.308212811286168 0.148848564002876 0.0977265322658319 0.203143865574586 0.0330037058109275
0.192527046700023 0.304376078987899 0.125457822135128 0.0363551132692105 0.0957701326494898 0.24551380625825
0.315588765885515 0.196119687860915 0.125987745414523 0.215086665868661 0.133056458235294 0.0141606767350915
0.250399931089614 0.316931978449835 0.0363156372534079 0.321204726534965 0.0440334005903808 0.0311143260817975
0.0261587648750625 0.11806855752114 0.0219493920227832 0.122760387165356 0.407240844922864 0.303822053492795
0.312458303126234 0.0739717847691749 0.0413847071252297 0.165214695713207 0.280990713975365 0.12597979529079
0.0797012094538435 0.142382066636877 0.0455522593329709 0.256223712400997 0.111423240471886 0.364717511703426
0.00885257801597998 0.108846191667607 0.0541171982480011 0.335888821400061 0.237745529795578 0.254549680872773
0.252451997850265 0.209888094428028 0.108799598735728 0.149215442209925 0.0366290710182471 0.243015795757807
0.250745278839115 0.196119470314691 0.0056084517637719 0.0231335656559866 0.332228693193128 0.192164540233307
0.0929590105290978 0.183529431793591 0.27764474854618 0.161890515274534 0.181931492762255 0.102044801094343
0.0303501686361809 0.0553092839721298 0.203626314814738 0.298112262432843 0.344947900971898 0.067654069172211
0.143710252654137 0.538920898725298 0.0126876854161963 0.124060530822339 0.078351902084742 0.102268730297287
0.0391949056410008 0.0329595973835509 0.0872845557591065 0.24200539296805 0.360051969011923 0.238503579236369
0.144823639934052 0.304047219058058 0.255621311135455 0.076970173357435 0.157703560647606 0.0608340958673945
0.212599302470955 0.160941842195521 0.125736197325292 0.174125626977075 0.142948447354879 0.183648583676277
0.338868779441657 0.113401362879239 0.174198326319246 0.0448461905760994 0.0909924891465659 0.237692851637193
0.107592305350236 0.127006407454922 0.184407347660279 0.234593257498557 0.151122558046038 0.195278123989968
0.130565849887245 0.344369239125894 0.0271462890102191 0.28523062307727 0.0693037625572293 0.143384236342143
0.195369602266205 0.187405245845494 0.21061526167988 0.224609880948981 0.10978355167363 0.0722164575858101
0.364474915235036 0.067465519578 0.0919598987874328 0.236022726170848 0.16939912938264 0.0706778108460422
0.28945949734625 0.139583857261306 0.0134784759478898 0.0439179952726866 0.229233774000241 0.284326400171626
0.160035443758217 0.01943492474167 0.367866881867637 0.0170088936505664 0.119678663715175 0.315975192266734
0.251023214473477 0.201399731687614 0.0389076952149175 0.332187347836584 0.0461437895894409 0.130338221197966
0.157860458727648 0.108573933748449 0.23001648153611 0.101307732935548 0.302274268357488 0.0999671246947574
0.0230634225902811 0.238835646300478 0.0577559041132198 0.185337060047094 0.307710680814856 0.187297286134071
0.267117992877465 0.105753002007058 0.176270485374415 0.249553940225744 0.172612278176861 0.0286923013384561
0.237440762083565 0.190184161369872 0.068190480446295 0.000339989171901186 0.353323492618248 0.150521114310119
0.0431696458541011 0.206975350970841 0.254094970699783 0.209760713234089 0.0457856011713724 0.240213718069813
0.196348191198218 0.329044888768767 0.301858403071476 0.103123328773054 0.0346333603984468 0.0349918277900393
0.0519818579885714 0.226880133476447 0.0697247355168468 0.332505587344609 0.239159065300393 0.0797486203731329
0.148235241999467 0.0248403552100934 0.344712443567175 0.0531765089368556 0.258254940086289 0.17078051020012
0.176318163173682 0.0725704489138322 0.298426024403896 0.0486013602896812 0.166029894681518 0.238054108537391
0.153911555709211 0.174094469709905 0.108276592375875 0.202608238795219 0.209313321971919 0.15179582143787
0.051014323839846 0.328656967444727 0.0243843599746875 0.260515720808683 0.0255668482520683 0.309861779679988
0.15837779161979 0.0769028473977477 0.268282042021135 0.148577213052646 0.260043480391574 0.0878166255171064
0.273737164415464 0.0996606684294613 0.212692200672113 0.0932268528015316 0.107688800394977 0.212994313286453
0.253284517654123 0.119782471381223 0.067351044703801 0.167967441637903 0.141556823681235 0.250057700941715
0.130245138843289 0.251955768084059 0.194646441792323 0.0684943874438186 0.271453278382798 0.0832049854537128
0.0999523009184523 0.0507887519411757 0.204119191291814 0.291622706393518 0.305978030927797 0.0475390185272426
0.0620964178555926 0.0746560458147541 0.183931116811453 0.100022909027749 0.229106207430781 0.350187303059671
0.213935794461736 0.278920074171748 0.194376266349217 0.0162527766724897 0.293823602473388 0.00269148587142045
0.315088560607077 0.104056162089841 0.0241328409309674 0.218821827141673 0.0732792846436809 0.264621324586761
0.00566155939107527 0.399290705691241 0.0654626006991579 0.0214746159776134 0.362266438183567 0.145844080057345
0.170897794894962 0.066954391117872 0.29351651496264 0.12961520442392 0.0645040110704991 0.274512083530107
0.206645689334864 0.0832698441282673 0.0630405200004523 0.245328121652602 0.236986642546274 0.16472918233754
0.114468481708147 0.30891581912408 0.150702992034476 0.171752983612167 0.162252592125324 0.0919071313958061
0.140812419097643 0.188217586610802 0.0945088852420585 0.0467056767016388 0.424881269182602 0.104874163165256
0.253194447573461 0.250406063781687 0.0858539201367411 0.0283508957706538 0.221433432266266 0.160761240471191
0.131418106944863 0.265125228477867 0.0168243801155631 0.149383161813601 0.0615998513573355 0.37564927129077
0.135932924129479 0.0969825232106735 0.233399661616179 0.213287545301572 0.2268947874061 0.093502558335996
0.179021217601005 0.1866950452335 0.0470021287518448 0.0403478952051342 0.191118592633278 0.355815120575238
0.248067510789658 0.276198518909856 0.111681667895513 0.0753036562924393 0.0168758804141416 0.271872765698392
0.385302376104357 0.0403305057305396 0.0358682729745347 0.210346271559862 0.0314452740607421 0.296707299569964
0.0754223132140519 0.195097863670876 0.0319638559105117 0.194905847653294 0.276599224032818 0.226010895518448
0.152984317460464 0.0340708647008102 0.160184135119773 0.216865530155659 0.187515607157156 0.248379545406137
0.0761109888278696 0.195780771830781 0.159673897230931 0.290884653769702 0.0152368372326276 0.262312851108089
0.0617136846015028 0.212793504777214 0.0271469249307895 0.134030142130381 0.314548462604807 0.249767280955306
0.162742896095342 0.00716830472789925 0.113603304720493 0.334704459428991 0.256062517651203 0.125718517376072
0.0234688998620851 0.157917660115469 0.202869837637348 0.250440536188832 0.261632966964584 0.103670099231683
0.271025894906128 0.183791110092149 0.157019941580045 0.21382829749799 0.164685103119632 0.00964965280405603
0.189541788099926 0.226771740193535 0.0289953428355071 0.183253841736597 0.126009006039995 0.24542828109444
0.0942386835464747 0.176036933168969 0.0520694943196981 0.195894225073607 0.378616370128436 0.103144293762815
0.19263334915177 0.120968938221942 0.205649812755782 0.191054533739424 0.151759314692395 0.137934051438686
0.0896480948103786 0.0368120627013909 0.223934482251554 0.224946014169443 0.220564476075929 0.204094869991304
0.0160611775480545 0.219520201438988 0.389097578898751 0.0357694652279689 0.0613183623030015 0.278233214583237
0.242731786278334 0.162181504159081 0.118115432322841 0.233074716577936 0.126086673785323 0.117809886876486
0.0386967382767255 0.368838421317546 0.129104980734293 0.247480471316129 0.129328970759528 0.0865504175957778
0.258571290915586 0.101054400853097 0.0993898264264093 0.220718592414655 0.145535856074416 0.174730033315838
0.159235758253236 0.145641455576872 0.0167994379031057 0.266584915209492 0.198869915174489 0.212868517882806
0.118597575352447 0.268439929458349 0.25719042019907 0.194577848329726 0.0364183940167885 0.124775832643619
0.108651464754675 0.28311231277012 0.0222810143491833 0.220106771164238 0.251157289548512 0.114691147413271
0.126503658409121 0.23869096519961 0.0193080595093084 0.159714521301816 0.193932402388597 0.261850393191548
0.219441643674488 0.101162789873525 0.345503801045375 0.0397306017952892 0.0210428340086679 0.273118329602655
0.100217641041281 0.222087316787241 0.187957816634381 0.153125821677642 0.0106561209866058 0.32595528287285
0.0592522203080698 0.0973219401669385 0.112899450622928 0.216650045764006 0.180179417208818 0.333696925929239
0.164539375281691 0.281719204319227 0.055681777896165 0.176417506021477 0.0671130088142334 0.254529127667206
0.19506728140826 0.184782753745919 0.104438373246646 0.173075533919357 0.208552151520064 0.134083906159755
0.301103061584619 0.145353107412071 0.045077216197352 0.178746223300947 0.154047679621668 0.175672711883344
0.197679989080633 0.0332697728964449 0.054918251936448 0.311300317696843 0.0403888733524705 0.362442795037161
0.203842209125119 0.216152671338445 0.225563355276896 0.286435318125373 0.0113382842279048 0.0566681619062628
0.0810003296848688 0.159427094434129 0.154304895895272 0.0384954735169981 0.390347475299307 0.176424731169425
0.263938363276438 0.164711183320558 0.0746102160396191 0.250165447067593 0.127752184884448 0.118822605411345
0.242449457988022 0.185879723294451 0.0578899077599239 0.064057287885609 0.160978272711043 0.288745350360951
0.0609503017324561 0.200085851471474 0.117248595112792 0.194248433216621 0.19975654436793 0.227710274098727
0.255698808879115 0.143001081810181 0.11836966760095 0.102425617681308 0.195375928105893 0.185128895922553
0.146805958731523 0.127358591468185 0.237809906946654 0.161170562188688 0.140784422310168 0.186070558354782
0.195635258875779 0.10008540443356 0.203639763716391 0.28168729016692 0.171860844670219 0.0470914381371304
0.116218074497077 0.00626357981113205 0.228799653949953 0.211341980550037 0.252778035768362 0.184598675423438
0.0879038279381476 0.0375591294219218 0.33842734939386 0.117430920682289 0.26831660327353 0.150362169290251
0.260842906964734 0.0500171560608143 0.138031199779497 0.14240952040744 0.159666240082114 0.2490329767054
0.0161535743373229 0.0357850056637812 0.282691704740436 0.303094765182335 0.27313318289997 0.0891417671761544
0.0610033951464201 0.0041835299009321 0.314891284226222 0.217934211397202 0.306477251696268 0.0955103276329554
0.0274553059680209 0.224865928760791 0.0687941381898405 0.20962002550551 0.258560015571872 0.210704586003966
0.00490455831705366 0.0589130426512466 0.364064909474587 0.119512106070404 0.286544709658701 0.166060673828007
