0.121083150006661 0.221680036501687 0.0203456577668327 0.14060689099871 0.0317308189917391 0.153879959569688 0.0274475144996568 0.0461690766959613 0.196735887712308 0.0403210072567558
0.0721022201484145 0.0711274251487523 0.119229266673872 0.157442275785367 0.0944927884497981 0.0101668377480012 0.179156802599135 0.229912127254434 0.0405450639458825 0.0258251922463436
0.0250313318030985 0.194504024812385 0.131203870651037 0.069753919289809 0.0220754543057553 0.132427924520252 0.170920457289448 0.0536848810856958 0.160226847507124 0.0401712887353949
0.142972903275068 0.155706531158168 0.0178956403657548 0.164673829782343 0.0496512951039992 0.103237212420031 0.0641243666565716 0.0421135556316697 0.136763984182581 0.122860681423814
0.0312127428892252 0.0576879849963027 0.0200715811017306 0.130103884718716 0.130838175752483 0.141114743453067 0.185162239226392 0.163321809068903 0.127354383961757 0.0131324548314237
0.0653535917955637 0.124352033294356 0.10198223037273 0.230267695929421 0.0229022927033409 0.0249014580489973 0.00808069653150365 0.235445077910968 0.0108253155086165 0.175889607904505
0.0906629264884487 0.165865163445405 0.114806387777493 0.114912554017295 0.0597875995797776 0.0565775851406594 0.0818664928596843 0.0974150513780906 0.13272190651034 0.0853843328028062
0.114917822834982 0.172545171775677 0.0048284049850883 0.00740132828055573 0.154141371745767 0.0916010234990835 0.0697347767132886 0.111951623028745 0.111233281764353 0.161645195372461
0.0834853762523223 0.0637935875868131 0.133554650426751 0.104735884929678 0.00488670542512256 0.151421003359732 0.0851526796077036 0.0453785915056507 0.150374216642924 0.177217304263303
0.144441420727699 0.0824068806453225 0.0548320031823745 0.097649106502071 0.019680338339292 0.12843951364241 0.147918355387768 0.0588994501203368 0.116405726541775 0.14932720491095
0.0658880829461603 0.0729510505134325 0.105389278241778 0.0347169627718243 0.00469854110189705 0.118725151190192 0.15143420963611 0.13664026565435 0.169860107272248 0.139696350672007
0.04863201769869 0.0989593059234765 0.163827154072227 0.00803932619383304 0.0513457100297339 0.161600129892953 0.149137563061108 0.209010848681714 0.0518979715066815 0.0575499729395841
0.0919121543925127 0.156335710735108 0.0423199780787879 0.176354933124032 0.0345434718372828 0.119200573515748 0.141994439843511 0.172912349007483 0.014608985476614 0.0498174039889212
0.0925892913093359 0.00739995599387961 0.016757763559593 0.130509865759897 0.149027351880196 0.0913280276119762 0.12043008438492 0.188384179719317 0.125071231887347 0.0785022478935388
0.0875843274963606 0.06064787295147 0.0262798802199323 0.0219759053192683 0.0855092645878198 0.149892529726943 0.0814451040525371 0.132974093215206 0.156448010172642 0.197243012257821
0.0447322357355123 0.0560413343291467 0.0241044963185696 0.0376721112477566 0.149163733146812 0.159193592355986 0.0898091034298857 0.112127907146679 0.182862885393656 0.144292600895996
0.0869688714290895 0.0915067510362322 0.152697323877445 0.0939297537908096 0.188122883779312 0.113251952553045 0.119790026815769 0.0348460127215689 0.105975015769204 0.0129114082275256
0.108063915714925 0.131495166137095 0.00411412659588684 0.0836593674603972 0.058442398731029 0.0799487247224852 0.122688776871141 0.118011700902345 0.135883008911448 0.157692813953249
0.135834056960629 0.189767868348618 0.0255550293678521 0.139656682222385 0.186118454661799 0.0562445695486881 0.0112153681870461 0.0321286604297047 0.0378576703959868 0.18562163987729
0.112892924075195 0.0839396456136041 0.141380887529195 0.157269828899227 0.235456864675036 0.00293526770857426 0.0980230459467395 0.0967866917255168 0.0610906056616024 0.0102242381653087
0.0208550682669441 0.195118827351903 0.0252309033050582 0.0494377802213578 0.204298630939847 0.17174127672132 0.0520244252379309 0.0574704707941555 0.0919966828255743 0.131825934335909
0.000165471955632846 0.0329823633648118 0.11044181858523 0.00803837817203763 0.152086426743884 0.128629948743264 0.111521768460115 0.175993462638659 0.159969710338252 0.120170650998114
0.133804125116904 0.0288478712511406 0.104996006874782 0.121168224092513 0.0916080975512206 0.0455194024093052 0.0762765598950767 0.132911068390614 0.14221498769394 0.122653656724503
0.103795736325404 0.0753340905241819 0.153743215083533 0.110790286545338 0.118392900185958 0.158106065616447 0.0810572267153648 0.0711627633761505 0.125317078596181 0.00230063703144168
0.135428392995366 0.0700644665987312 0.0414892294881737 0.128201252201826 0.120235756751414 0.0597844948299927 0.0747641485178991 0.165040258472641 0.179751146178282 0.025240853965673
0.0266725071967031 0.0900081740234202 0.0524005627234509 0.054544426047336 0.107811518318331 0.16462767571225 0.170352851344311 0.18288800812544 0.121958173617441 0.0287361028913165
0.133351326942599 0.180809161448518 0.131423359716085 0.0618059388705579 0.108475693885635 0.0403927874041231 0.0149681514473094 0.102494143322888 0.0704715389098413 0.155807898052442
0.164292088275431 0.0690657444439986 0.0104877215670073 0.0557047909579308 0.191571794070133 0.00568294879551943 0.00212560937996635 0.169547412313789 0.188878327289534 0.142643562906691
0.184270553733884 0.158050152054968 0.0474120243571857 0.0101180761812551 0.100869503365549 0.122654823447581 0.12584207111797 0.0661831943285394 0.0729013284062139 0.111698273006855
0.100448141885614 0.150274915697996 0.160264502943186 0.145750659562412 0.112009819790346 0.0122020032446827 0.0976473332171902 0.00521302810135333 0.0968080616376723 0.119381533919548
0.142811999532595 0.0875687839269811 0.140484005623122 0.148461292107024 0.0756530465363523 0.101874149512767 0.0279766957009762 0.137079117310327 0.0663689311827855 0.0717219785670692
0.00594100946937078 0.166050326093745 0.0596150192637355 0.13011546599527 0.0144275124793931 0.01578180425585 0.141765493836078 0.207626666621868 0.0366653065138563 0.222011395470833
0.0821585675298852 0.0362105266334008 0.0451092569235146 0.160129619642691 0.158419870668957 0.0749713356337682 0.140933792868232 0.00102002442870427 0.145440303874213 0.155606701796634
0.0523301967444877 0.0791437775523267 0.0608589101130233 0.00984647222694661 0.131693785664071 0.159795561019733 0.0944479287756137 0.127580470656719 0.154068025558678 0.130234871688401
0.078298429220079 0.0379705113023351 0.147555823249119 0.123770670671004 0.129201831661686 0.150921775067115 0.000345793221608574 0.172915579631816 0.0817837161468833 0.0772358698283537
0.131345257214332 0.160430166815956 0.143424359339968 0.156154034101495 0.0277109730437076 0.0755878024250428 0.125745391335872 0.0600022271373831 0.117803305606781 0.00179648297946241
0.127142755901794 0.0821508638742745 0.068478246409944 0.116436788376231 0.133715775672279 0.0770202485861759 0.129354578759816 0.0298161324343762 0.111298257005408 0.124586352979702
0.0588414430169506 0.194144633046634 0.21493611760522 0.139931950129452 0.0287348708078997 0.0265511637470363 0.11218123459323 0.178039632426399 0.00174636928894303 0.0448925853382364
0.0768763951348642 0.060818267633913 0.180231812407768 0.00520119783637373 0.0472862772781844 0.0277207115603427 0.238375857359191 0.0729822590202109 0.110256330738521 0.180250891030631
0.078713651933278 0.0443398423594615 0.130395995588914 0.140887167013049 0.00478790433095667 0.164758895895025 0.109325748338884 0.0499976269402338 0.0964039489084919 0.180389218691706
0.0409824447450321 0.183663292527862 0.0629680379568837 0.0161835225227842 0.143711518907495 0.160248104215719 0.0585806829043769 0.0862898547984116 0.0818732474329851 0.165499293988449
0.0165413903947361 0.124044855481753 0.0319922415018048 0.171593473193686 0.125103043326075 0.18060204079656 0.0460584734089055 0.115791116760896 0.118191280780371 0.0700820843552122
0.015253963245252 0.0489821562987995 0.116355407646117 0.00559132925114897 0.176033074925344 0.120044047786645 0.163028493009452 0.223454379417948 0.0767750900922659 0.0544820583270278
0.196969816425611 0.173544443866948 0.0655970698711876 0.0776432953525859 0.0608294116953302 0.051428546609737 0.155562527277379 0.00307612628835512 0.123225122613561 0.0921236399993058
0.12161200267927 0.0242521150483419 0.0492030484863256 0.159200325356897 0.0692935659714665 0.158800994869666 0.104784424765201 0.0712621117278554 0.126380484930271 0.115210926164706
0.0218756081292003 0.0338296579727971 0.000630957739610682 0.0142406650777166 0.282576975490239 0.261515376129177 0.0724649771595538 0.152987411166431 0.0205890931744586 0.139289277960816
0.141678923916092 0.181248199200767 0.00431300677977965 0.0741587152535526 0.0880626493708821 0.198356202898162 0.00688113837405867 0.0757109730639869 0.00654407989464011 0.223046111248079
0.0625663387471096 0.0956837669189739 0.172628637640038 0.060067268677606 0.0908707436680678 0.141180259115738 0.0131010562583418 0.213045537846688 0.1350321376483 0.0158242534791375
0.0279049947717312 0.14352155357822 0.145537545012684 0.130704756811663 0.0758584393318165 0.136032600944668 0.0292958756937501 0.110412920316434 0.124395824198385 0.0763354893406481
0.160170660747089 0.173371954150662 0.0905206190137502 0.0467357615860842 0.1257842225518 0.0302170342999885 0.111380731205691 0.0380133264120665 0.170384245967912 0.0534214440649575
0.156702458757911 0.0657037956140416 0.167438576966251 0.155070137412539 0.0782502747716853 0.020603478751763 0.0522119649091803 0.0791969464780918 0.121497961887744 0.103324404450794
0.0780429342480526 0.16138004493197 0.0445284652626857 0.117622832549139 0.0812643140821664 0.0918379060528596 0.131050348196557 0.0684155422563271 0.0751182664430594 0.150739345977184
0.0723075043134011 0.0944234167530878 0.0517492484295517 0.0805201512883879 0.11128417856942 0.175180334394996 0.14563794644656 0.0288822844944967 0.080524802616955 0.159490132693144
0.0551524205759587 0.162082392543965 0.0968854714916134 0.163590437395064 0.0612745858789339 0.0569975687330493 0.0859498117880645 0.156110483190876 0.0470939009797204 0.114862927422755
0.175333864851194 0.136395168272398 0.0521162164970372 0.0633041776999789 0.06655737083611 0.0277217224497198 0.150602383961794 0.184260208644866 0.0156712125036309 0.128037674283272
0.153864307483465 0.00155164014060788 0.103522475782533 0.107143906902046 0.176927920263615 0.01229952719907 0.0168458915735659 0.106463207472837 0.163238262290058 0.158142860892204
0.0401370373937977 0.105845593126519 0.0234866212732358 0.0463169814565949 0.0562462604503556 0.134809443487087 0.0650046127158456 0.227686795000244 0.16045078274482 0.1400158723515
0.0200185523488289 0.0106918140048523 0.071774475178008 0.0972008007322207 0.04301649032204 0.0899726737331805 0.205328221435592 0.166104824719115 0.128959157879154 0.166932989647008
0.121542169900641 0.108211880813095 0.121223120245203 0.11334243417139 0.0312550845585681 0.0445042461334972 0.14678639077687 0.144231795055425 0.052762643207259 0.116140235138051
0.0869688660996481 0.0942598741137256 0.0892344914769659 0.0884540237989835 0.114915198686828 0.153311765296057 0.162913376554817 0.0697374395173712 0.139360197515741 0.000844766939862957
0.242568744419965 0.0928144362091449 0.0294959900377945 0.246050785990478 0.0348327730157472 0.0895368988634371 0.002795565476092 0.0663608240370744 0.17643469522671 0.0191092867235573
0.146498098899941 0.0277576459771756 0.0643229128047691 0.10608057338492 0.0295620877322902 0.134235030550476 0.133396467203454 0.0704492579172527 0.159029293548868 0.128668631980854
0.168500347545744 0.0757321469491322 0.102232849844989 0.186633959147213 0.0649932028198039 0.0380714050279942 0.131745938895365 0.102535964153916 0.00324087888715795 0.126313306728684
0.0472353380163974 0.12848987756321 0.0975651492541784 0.175857464082173 0.161495205779006 0.146515525323328 0.0965573870730289 0.0224990901297907 0.0143167762729611 0.109468186505927
0.049789990867993 0.162927617592423 0.126545889794141 0.152164441820337 0.120918232906142 0.0173001556718853 0.0312519279658128 0.0293639310461744 0.0995293476715192 0.210208464663571
0.0442016268490057 0.187107915209169 0.087321679800453 0.199140007346889 0.138310259939127 0.0355038663262007 0.116113027949322 0.0306774807721347 0.105202601441365 0.0564215343663339
0.0495107805093516 0.021103284827502 0.273913296072343 0.222206253377735 0.0534130488231721 0.0594797326477492 0.0129806184722831 0.128260624908382 0.0297446448067756 0.149387715554706
0.0498024392426228 0.0200927425588796 0.188968007018995 0.15102036313748 0.0510007174100326 0.111494891914426 0.0965376067455857 0.114732357810558 0.0300304290549694 0.186320445106451
0.0566671444512196 0.084235119349929 0.222823179263222 0.12213154316353 0.211723153367652 0.0147927137940635 0.0221377486326207 0.142852242857578 0.0963561075641764 0.0262810475560078
0.0199590296210986 0.215441047104373 0.0344035411414929 0.0173835122469803 0.160252313809644 0.0856303514823446 0.201266645238234 0.0367827628296621 0.140319261231393 0.0885615352947772
0.096009795970886 0.219655571711641 0.0657172694272528 0.248557967445298 0.0317797416147366 0.10598799881128 0.185769345847469 0.0206923077686048 0.00968490691286477 0.0161450944899663
0.100218714425066 0.00259229719916448 0.0378882310873878 0.157036837573897 0.00590838998427737 0.14607185146671 0.129482737969328 0.12746190802984 0.147375388212773 0.145963644051556
0.0951320900393681 0.0149074735450775 0.150786246912322 0.182343839230758 0.0482586716413026 0.0349197060665923 0.178400673973718 0.155731204686855 0.054952342428797 0.0845677514752093
0.10234801369045 0.0472500596770941 0.133377659649229 0.158250797345326 0.187283770299095 0.0888645719928859 0.0825602905406887 0.0195314011140743 0.0889471970324218 0.0915862386587351
0.0805042778328858 0.133462147013391 0.137903943773087 0.0606852087106731 0.0384250341763285 0.149368279961385 0.179711849618103 0.0413697166882004 0.0086534059980645 0.169916136227882
0.0380667436381064 0.121659051939912 0.0950376628244449 0.208934562197846 0.111923025220016 0.0586035649141972 0.0576870651531165 0.207374311607349 0.0512226622956862 0.049491350209325
0.00803515967905451 0.0314675434821286 0.0304913812867923 0.0462522230117631 0.103563548821722 0.279681206244516 0.241993572408558 0.047090498270037 0.0156003145389347 0.195824552256494
0.124206783288116 0.00639346337185952 0.101460776231395 0.171029652143437 0.0557743331095918 0.0735050572150156 0.168735801815207 0.155823426805593 0.0233995773481388 0.119671128671646
0.0433875735238838 0.192660143084506 0.0537989938148778 0.0830094842613132 0.121606354583807 0.0191689128125248 0.163072916560315 0.164371831398085 0.0370743930662288 0.121849396894458
0.0181633936556465 0.207142697819612 0.0931346976820506 0.183069375079089 0.0529169377549987 0.0374459291795314 0.154636782558293 0.104394287251203 0.0500718747226195 0.0990240242969558
0.151594677883222 0.00999653329453896 0.285410159310841 0.0937653045132038 0.0486631451439351 0.052173146199147 0.184265769463598 0.14575116843289 0.00664095609958172 0.021739139659042
0.19541950850977 0.108013503659808 0.0353165344343185 0.0166413062622529 0.0747874832848882 0.198316576612336 0.037703879290299 0.0904636590882607 0.0582676158728342 0.185069932985232
0.0783069954168898 0.0639827650371757 0.15956311587427 0.0531715867499979 0.0324406677253113 0.0282340551959372 0.208916799961501 0.14618976157176 0.0973905014922779 0.131803750974879
0.141063416727087 0.102874777056038 0.0888053252311746 0.137093178384397 0.130616576231505 0.0929626533975894 0.108873030075988 0.0434372533785859 0.0774903471854192 0.0767834423322168
0.160956343691262 0.155594379115437 0.136446757567353 0.105475273571846 0.116799118843643 0.0902517103933915 0.0018207250545461 0.0523213842347882 0.111674439187883 0.0686598683398498
0.128170031134078 0.0907412796733875 0.0857650719971961 0.105706370567518 0.0941220985122154 0.136759960084297 0.0640713737166532 0.077704342081573 0.08890828203332 0.128051190199761
0.116410905144317 0.225632072984618 0.0656473630698427 0.123439659976092 0.0147268399045813 0.026931663353122 0.0975960937123488 0.0365618586671578 0.174760833731016 0.118292709456904
0.0158139364496216 0.182681525701993 0.0206861100609819 0.130470051971213 0.101450313167592 0.135823214537384 0.00550025177594009 0.163964579681751 0.0517162475354416 0.191893769118083
0.0484667398370239 0.0969083518881946 0.167279815328077 0.119239210425986 0.180906721754672 0.143527949343821 0.130729236759101 0.00578449239632736 0.0371318199914991 0.0700256622752977
0.00102690739497771 0.0927622219849401 0.0909179836084828 0.073192634512048 0.0823022476334141 0.103375269408093 0.195287311935002 0.107323343816842 0.183711809083451 0.0701002706227483
0.130980323365175 0.109218925237823 0.129875799301188 0.042031533952352 0.0722950876907121 0.186177789345399 0.108227120853452 0.0785063371197054 0.0048425694601948 0.137844513673999
0.021809721137743 0.206121186260823 0.0473446426996206 0.145422903832581 0.190802241450747 0.199062295920464 0.0133155153592897 0.0731149881969991 0.0854051058220295 0.0176013993197025
0.0218151522864874 0.0641285048592976 0.130232517200082 0.0414302763150698 0.0640499630727875 0.0173810316004382 0.195158240497763 0.172091081257747 0.18047511796741 0.113238114942918
0.063848376273394 0.0243248274886903 0.115552819546566 0.0896415114549531 0.105234856884665 0.0990649318262942 0.173740966278757 0.134346612717304 0.140099287075491 0.0541458104538858
0.0177077548340087 0.0273604373029191 0.147135942370685 0.102306311610452 0.104734812905841 0.101447402770143 0.0990675978362104 0.105393760185573 0.166253652782944 0.128592327401223
0.159312731197065 0.140742331575354 0.0796637015855607 0.0887998286145984 0.128054410533598 0.134119528835836 0.0252623021225295 0.145372913001354 0.0529673897577257 0.0457048627763792
0.111677912336747 0.0560664745693873 0.153128478823453 0.0665880956208353 0.0701849210756259 0.141584367150229 0.0905036438433105 0.121823758430155 0.133249647413298 0.0551927007369597
0.0950411479842306 0.0947328620755801 0.125276550647316 0.172877413953784 0.07855887113447 0.0331792437445672 0.00403292513086322 0.144208139526157 0.132523156148572 0.11956968965446
0.089508363821919 0.130128918333103 0.119055752275204 0.051430225556893 0.0685165962968382 0.113933868723446 0.0873212612891808 0.10004167060966 0.159795025849206 0.0802683172445506
0.10130580919339 0.186444375776703 0.0718379647382439 0.0970389385180654 0.168317898193822 0.0356300340584359 0.145792535342828 0.11720218084757 0.0444683300941776 0.0319619332367641
