0.131197442910715 0.180287771209826 0.153871547770598 0.011178141917602 0.0290757854892166 0.0625946533025655 0.204416101681999 0.19509309682188 0.0322854588955975
0.107460433764463 0.107261903063869 0.087625027310721 0.0908560074790509 0.105080977881688 0.0653197292040266 0.137692508056014 0.0856896055753569 0.213013807664811
0.168065062422491 0.185874555497702 0.0146670279565887 0.140738138813106 0.0835788706726833 0.0162594685699318 0.174410618084676 0.0597627890492398 0.156643468933582
0.0901548248668006 0.113979925464144 0.103972986239523 0.188961383511867 0.00466803935058177 0.242460059040669 0.187820715866778 0.0195745120428542 0.0484075536167819
0.00491069771108931 0.0131314277534962 0.0395216760409929 0.245895658282659 0.154884855702606 0.0107244827500845 0.255478460382273 0.175821916406415 0.0996308249703851
0.0944051711192396 0.0819630744936174 0.173880230345937 0.169911166827769 0.179885881794297 0.142160405188368 0.0172123624068204 0.0687682918816085 0.0718134159423434
0.122615530453832 0.118187722864278 0.0861127331267879 0.0788162364568098 0.0632465019133668 0.201774998907161 0.10960898453331 0.168401786301437 0.0512355054430172
0.147812577681902 0.123827046203387 0.081391417413134 0.0267343306790608 0.151294618644598 0.0779348638848407 0.1616978423057 0.111720189186302 0.117587114001075
0.000980565233961572 0.0887003133846537 0.079147398365283 0.151129279291641 0.155841119006021 0.150837115977203 0.0853577205366599 0.122209028891189 0.165797459313387
0.109644955107775 0.161215105861158 0.0765159203816323 0.0580994209342574 0.136805263404981 0.0400066483714854 0.0873567712984144 0.154727746669032 0.175628167971263
0.0110144620686015 0.190865284052798 0.180018353818089 0.258030677085354 0.0407245615193457 0.106796695765572 0.102794362536488 0.0649251641681872 0.0448304389855642
0.121621437542477 0.132650465785765 0.1024315692068 0.104584888248493 0.083331766353107 0.0251066912902107 0.166018049436418 0.12107224587723 0.143182886259499
0.0466373744820293 0.0727003211056467 0.133185706480492 0.12904055713888 0.156792197425654 0.0915510850560754 0.142524665833723 0.144003397496195 0.083564694981305
0.145159173508598 0.00162037905773358 0.0713608794802219 0.111440240107352 0.0724994146905192 0.171130983819096 0.201810493808864 0.0632087324010497 0.161769703126566
0.0320638335623796 0.128508064117404 0.0858449285952249 0.152819022977896 0.102574341170717 0.139073242197657 0.15408876313908 0.108042207001722 0.0969855972379191
0.133280736683657 0.192400904864157 0.178073367652679 0.0443866350274083 0.0190367056887069 0.20888274134977 0.0654630113304141 0.150410659358213 0.00806523804499439
0.177133192424053 0.0471097748779552 0.0692838448080855 0.0416977473847392 0.0279686387288915 0.13343995766208 0.173986399972311 0.182782415074113 0.146598029067772
0.156517346942247 0.0468126060190414 0.0619557233248391 0.0824550768495884 0.136543763672997 0.177302464136574 0.151470516932172 0.0296182031861028 0.157324298936439
0.0871681846452584 0.242136007538457 0.109869029268009 0.0526431097884033 0.0297591281068176 0.0157513809410047 0.106986674059312 0.175948118617679 0.179738367035058
0.0117110761883896 0.186662649506152 0.0674099096487475 0.0520955049379578 0.125762890511265 0.226292554460072 0.0556768910363027 0.104394995086258 0.169993528624855
0.0509704777890015 0.00908824517818107 0.035800802488426 0.236498182902372 0.24493646089237 0.045513278383472 0.0952786707588858 0.166751921760912 0.11516195984638
0.0647560459281699 0.103971259159784 0.0857504620347188 0.186480232083459 0.107688696818958 0.177968721582871 0.0720778456549223 0.12823610080751 0.0730706359296067
0.0468859034874936 0.136949643244077 0.078387337522079 0.15108582133644 0.0708143392402387 0.114520742831977 0.208062008416199 0.0986912649165338 0.0946029390049607
0.181916922896934 0.00187887857090752 0.129281479086067 0.161022909449257 0.220024771313188 0.0213020563327187 0.202606797724326 0.0674636609293563 0.0145025236972451
0.115938868292627 0.0853955870019878 0.0149917613254951 0.187246395422441 0.189608583017647 0.0763223057285642 0.178111345789541 0.140142761762854 0.012242391658842
0.0399515947987518 0.217124397261169 0.148483342496634 0.0406445073620961 0.196406774927947 0.0461073710137804 0.0548338076198705 0.0755228201182838 0.180925384401467
0.0138720698370538 0.176406370792152 0.123897222516409 0.0182427802466084 0.154213985509742 0.115758440777084 0.084651478614646 0.231075995622502 0.0818816560838032
0.148665781450045 0.118975519194235 0.177736643706234 0.0219949217275148 0.139832032789839 0.169916215871273 0.0644650157295217 0.027457024250237 0.130956845281101
0.131728564957227 0.137873320383273 0.14185395643123 0.129240450490896 0.113891818684263 0.0602162565111955 0.0657120162772682 0.15000957575755 0.0694740405070983
0.157481129873953 0.136190984127785 0.154439066689948 0.0672761227282897 0.176584723153084 0.073319033916406 0.191084089095119 0.0289639353213991 0.0146609150940157
0.0192349147992044 0.134678372754088 0.0278416072605516 0.0982363726694371 0.305318937956799 0.121548954723184 0.0739636479909344 0.207434992736769 0.0117421991090316
0.223462783636727 0.203046793602514 0.1082652063694 0.151246551208301 0.177512673723534 0.0811953010953885 0.00930945996111857 0.0268312364795666 0.0191299939234495
0.133249342865533 0.0701648588669498 0.0246509361368419 0.125832770283712 0.160433682098443 0.101378932155767 0.116519081928253 0.121971973451701 0.1457984222128
0.00290579300417632 0.215620461847317 0.0540082489890641 0.203587208765943 0.203859893964562 0.00140285154221753 0.0407682662929457 0.20614246678073 0.0717048088130446
0.178598828044101 0.0821651609279147 0.0404839830489488 0.0443862075846313 0.00849719875337657 0.0455602800212714 0.238608076192039 0.052220654778923 0.309479610648795
0.0893366294144733 0.187905351817712 0.216193928786445 0.0826887358982811 0.12581355218765 0.0218669757324455 0.069574422533529 0.104976697353327 0.101643706276137
0.170399083506144 0.0148147837169266 0.0877447781069896 0.146832278422302 0.0505345923556146 0.185311999292197 0.0454344341427317 0.110524150357806 0.188403900099288
0.0823700386269198 0.141866214877626 0.0965555288669759 0.0533184289723934 0.13305275343144 0.269143439492568 0.13340201914539 0.0471756093269282 0.0431159672597598
0.119723927255542 0.0426591954871822 0.116927113617008 0.12253655920654 0.0573720519870691 0.169765002006188 0.205543415047261 0.0779638719820142 0.0875088634111961
0.101989158585133 0.10653524458654 0.0862770356229124 0.0665791677443467 0.263017574335985 0.126492002974273 0.0958358983656078 0.092849006377646 0.0604249114075564
0.0480502105682445 0.0209145252427384 0.16368531164244 0.172081865133512 0.157042747615177 0.192517177344549 0.025740257255186 0.207815717850569 0.0121521873475844
0.123535609495504 0.0695824055080645 0.168346603943271 0.108876397614341 0.0370850734894861 0.0178923364904398 0.177533103240246 0.157428327906733 0.139720142311915
0.137715722719134 0.00514208326986992 0.197729489587886 0.143962398677089 0.172072784834389 0.15153753115738 0.128267020724559 0.0158666254534257 0.0477063435762676
0.0910333342586872 0.127224210321616 0.169661743573431 0.0492805845058155 0.0779712344742186 0.174827742076823 0.0789099737703887 0.103638228452781 0.127452948566239
0.0782893007601184 0.14329681731879 0.128498667194391 0.316878675783627 0.022980948438223 0.0816940655054386 0.0492641910864432 0.0309791050136362 0.148118228899332
0.159062297672576 0.11122797104445 0.180350694574631 0.110912035121536 0.126867335959945 0.103908394788226 0.144875203131059 0.00882897252311095 0.0539670951844649
0.23524057285442 0.0695677308441662 0.0192591172490907 0.0508486839172446 0.0889051344188033 0.229265489583204 0.16716775045455 0.071831192807752 0.06791432787077
0.183565343073154 0.0353445953696042 0.0354066467117977 0.152131577553778 0.0570047933324392 0.233599846849589 0.0351030210287816 0.194647380813764 0.0731967952670922
0.0095551860851834 0.0352775206119524 0.186300956519213 0.0527206961665249 0.179707765221123 0.123806097105558 0.16918297522733 0.238574437139023 0.00487436592409268
0.201749151065041 0.107079440733472 0.0393333430342123 0.173533168222054 0.126076430971025 0.0648758855738259 0.0682623076720623 0.105435283912268 0.11365498881604
0.161097861420526 0.0978981795083359 0.103873146202288 0.202602721676091 0.0516170608217353 0.115426871649079 0.0175565091629989 0.0418040731970865 0.20812357636186
0.141152307888372 0.123777088376257 0.123300674987381 0.0196027453073726 0.179884372390609 0.077238346903218 0.0456822399681589 0.136395987096149 0.152966237082483
0.104081409190059 0.112874236063301 0.240565979074776 0.219174307856955 0.0878184221257614 0.0092825540606737 0.0466129109601223 0.048912634843445 0.130677545824907
0.225533956458367 0.120126070628812 0.139161208796646 0.128010983407122 0.093951763021184 0.0450283706004871 0.146908781726416 0.0703533193958011 0.0309255459651651
0.0551933407517904 0.210855551172383 0.0662214303699662 0.177614911919987 0.0451392535089125 0.093210018190295 0.10631094207562 0.00507751184851716 0.240377040162529
0.133939822444686 0.134761740405231 0.0182453868323386 0.0728410200926858 0.22651125627112 0.00304319701986266 0.109187416567392 0.0495861055785281 0.251884054788156
0.161953485764355 0.0366364749751047 0.201148538659638 0.229632930075826 0.16227043955194 0.000562941209894422 0.108879250123628 0.0737518239181189 0.0251641157214946
0.168295829422458 0.0175913301413769 0.0310104361671879 0.306682833556574 0.00496414027513014 0.0155796820871727 0.114140610635439 0.299714550116334 0.0420205875983273
0.144855418782123 0.0669293568054097 0.19746867541404 0.077949909755565 0.140016886217337 0.0144831971276037 0.102012539870963 0.0587312682479466 0.197552747779012
0.0340246393119015 0.025091005481946 0.166506469270325 0.254928690505196 0.0667860743810256 0.296218882715972 0.0454378669038604 0.0537138074580583 0.0572925639717158
0.0875859971346975 0.0773670139748215 0.124368542543792 0.0719174183087485 0.210108098718918 0.163266678335839 0.0158721106031559 0.182979343538908 0.066534796841119
0.0956855486492929 0.185211117251851 0.186203579474229 0.0625699595687487 0.13469285185291 0.0618380323844005 0.110358355001293 0.0307571759087778 0.132683379908498
0.0364364947945211 0.125529335687632 0.163239830683123 0.0243767818643926 0.128008986987759 0.174385929040726 0.108852254863161 0.1642759891205 0.0748943969581859
0.186977496829984 0.210903278238497 0.0118228762611662 0.137206920999457 0.00213056418312792 0.0328800061562218 0.0553370831161732 0.261854844627131 0.100886929588241
0.0602004749002491 0.101784846525602 0.0586460476892433 0.0941642172632856 0.00757770482513082 0.26864261993351 0.365689942427738 0.00350616562610568 0.0397879808091353
0.110676425123954 0.0675962842316161 0.203822594965963 0.250196328168291 0.0252869892314882 0.15023979076076 0.0285477014243786 0.11039768263346 0.0532362034600889
0.150523796894836 0.110234662714792 0.133367529955627 0.138880980862129 0.0970400775938814 0.159393296592458 0.11465731065585 0.0748368784787339 0.0210654662516938
0.0350476045817901 0.100440589134962 0.13109280515994 0.148286840019462 0.165773651885332 0.120134916367962 0.0601618723805746 0.0945764090085472 0.144485311461431
0.122258050319337 0.186734009578511 0.0150847815037548 0.169003714212743 0.135691609172737 0.0306198212941354 0.0340112563054749 0.207013609891791 0.0995831477215175
0.0870287525948242 0.178840897063689 0.0737150567320316 0.0518343811994274 0.170992427682583 0.0751954441707584 0.125647280972641 0.138271418300871 0.0984743412831742
0.19438207415453 0.145113166916982 0.248414782004614 0.0598216661333214 0.0965059833981957 0.0477735152012968 0.139326408202234 0.0660213192030939 0.00264108478573251
0.153843294396423 0.0632254755984477 0.0820010435237579 0.130189904196055 0.000938689470953359 0.114820432573795 0.096484397696349 0.151182169532265 0.207314593011954
0.195209566853979 0.14312350727628 0.0971692363127378 0.0259478565405678 0.0636988049941407 0.0777335209208415 0.149484233264475 0.134060576885957 0.113572696951021
0.0115169235432372 0.164851006730004 0.16030730526069 0.0235994659405657 0.202473819210396 0.109306324336658 0.0937543366210773 0.0293828047313052 0.204808013626067
0.148099207121963 0.133582130201788 0.0459896300734896 0.137296286037096 0.137927010815266 0.0881993135241691 0.0849787732821192 0.14634322587273 0.0775844230713793
0.15738712611736 0.193845959009131 0.115541052390688 0.0598855630741263 0.0013438536809444 0.118296608858919 0.139220313793538 0.12529224302039 0.089187280054902
0.00527929782448155 0.189539083566291 0.182948238346669 0.185573353957203 0.192254169871317 0.0255269678201916 0.0162830050767869 0.0511314594638707 0.15146442407319
0.0127736372871088 0.262227984723535 0.0758245493588855 0.0344524674580255 0.100656264817001 0.0583873671691549 0.0428319907695977 0.194387973694865 0.218457764721827
0.0399345743990793 0.151848384517069 0.101963278903194 0.112537221164019 0.120033712252566 0.147127994391999 0.179936274203219 0.0277588647531872 0.118859695415667
0.0939838393656524 0.179916233614751 0.00450765498343062 0.150002146457152 0.128501845846722 0.104833012193004 0.173954096311048 0.0979856398532143 0.0663155313750264
0.0161257060182332 0.0725045732056366 0.205061480451833 0.0435699440592379 0.103873391965206 0.06262334811508 0.212198580696609 0.0250193832488417 0.259023592239322
0.128183980182206 0.134334974505243 0.0752145806291414 0.0979172692888457 0.124684370580865 0.140556634875404 0.136717813314888 0.0663920954680288 0.0959982811553789
0.238007552608212 0.000753252943816532 0.12132826064286 0.0300340731278015 0.0111772048848768 0.0273795190536576 0.0745389030221865 0.255052686723198 0.241728546993392
0.166372766134434 0.145235193774917 0.0619855993742565 0.139828279836153 0.0373437262466709 0.0527514835953702 0.125284283098684 0.111514385255899 0.159684282683614
0.0430749819059062 0.244453111122911 0.20283160715796 0.112269555056112 0.0290440947147421 0.154654248881355 0.126492457230827 0.042569972836282 0.0446099710939058
0.123735865151713 0.119671075870018 0.151362692590715 0.128317849479925 0.177917605282493 0.0220005328369225 0.0520364428442361 0.113765210742263 0.111192725201714
0.134220102949216 0.169421104987684 0.075811715025012 0.0476421922069832 0.0108757901576425 0.104980438869741 0.181041936030654 0.130150062426243 0.145856657346824
0.23209084536607 0.149291173964798 0.243620687824667 0.037730019692601 0.111975698178319 0.00353286146010319 0.0850326725429308 0.0740665753884639 0.0626594655820472
0.150827976232567 0.101065212517907 0.0716620390964271 0.177879274333329 0.166962517997331 0.15914873319181 0.0187913762568021 0.132879446701914 0.0207834236719134
0.00848691035170931 0.0860139517907969 0.216979716357511 0.00168763130418051 0.151137104332079 0.0923876175729576 0.209050141381603 0.0334053259787979 0.200851600930365
0.00580938804674002 0.0826922047385616 0.0323165963726415 0.175998308328272 0.209145515958591 0.0475476288511739 0.185517427484421 0.0487601382002932 0.212212792019306
0.117099215894224 0.189131452873581 0.0804355677937685 0.0252599832476543 0.0382769348997949 0.186140868295482 0.0954752679000503 0.0522794969296285 0.215901212165817
0.102706544952244 0.0264303355570542 0.10152849723157 0.0578337690784216 0.0656016600237819 0.120409604124609 0.211405661292737 0.211711055115611 0.102372872623971
0.191326553159596 0.0385994797638862 0.0897870839977923 0.023354934222295 0.1843464142393 0.181804762889112 0.00171898575432649 0.0818143571817327 0.207247428791958
0.173314126181215 0.130586081349415 0.129659705365177 0.0311618497874648 0.101010456584953 0.100728702398559 0.0553117234832989 0.05449642623685 0.223730928613066
0.047524895365408 0.161609293964758 0.163360773733682 0.126759256499628 0.00230421680386189 0.00715891989793042 0.180455238999124 0.172477358333411 0.138350046402196
0.0507461522524654 0.088127687391648 0.175654468869139 0.010329883028126 0.132783458767509 0.199570617589631 0.0788352576315082 0.159131148557806 0.104821325912168
0.165776998885505 0.0438538519906366 0.131218205866264 0.140844522453188 0.131469005969782 0.0453064810315662 0.194673790892322 0.0696500392633481 0.0772071036473882
0.163220474402702 0.0737614477504122 0.164013119917688 0.150821773466521 0.0537249957006431 0.180484377505528 0.000187389463474031 0.0423752278014636 0.171411193991568
0.150812722126048 0.114802085722831 0.146515070763618 0.0674691601096086 0.067449098198474 0.166935343815569 0.103141299843432 0.0235174022848495 0.15935781713557
0.234505618995697 0.25839244232023 0.0904400375642442 0.0403009257961976 0.139702839553503 0.12395479904413 0.0750034663330703 0.0245084991535576 0.0131913712393706
0.0562418697572172 0.0690594057312624 0.162087370268359 0.159168547241378 0.103574663181871 0.12528933523457 0.00858691318327726 0.134894252073524 0.181097643328541
0.0551530740826 0.197143922256725 0.166841427906695 0.0312805381540295 0.0896612500780328 0.100190127313501 0.0430110370217048 0.0725599967632672 0.244158626423444
0.150170832737313 0.137332351383668 0.144380062388174 0.0860123345525299 0.140968795159875 0.107449403263477 0.0769997903115507 0.127672868067875 0.0290135621355376
0.19285870574154 0.0924608176809937 0.0622882276902988 0.0089685512513504 0.0195033840343139 0.249405651673576 0.21412601810142 0.0872771982106886 0.073111445615818
0.134087720740679 0.138011616553621 0.0202888726607487 0.0032819870270848 0.12848135337892 0.171943437853831 0.151801098744301 0.200839000874433 0.0512649121663814
0.115312296515399 0.144538315972763 0.157538439842784 0.113772965617601 0.0805836077589111 0.020101421391442 0.0965585424859124 0.115054092453034 0.156540317962154
0.0518042462782211 0.0408338952172986 0.0805436560445965 0.217386230200097 0.17432899507392 0.182546648315442 0.0254429984688169 0.122603717341465 0.104509613060144
0.0488956869956476 0.191781215174913 0.242339705905643 0.138434352574044 0.00170137161602685 0.248889571777791 0.0192559306970536 0.0643236077797959 0.0443785574790843
0.0779712297769621 0.295078884077066 0.01870304074662 0.072050822837829 0.206329083511236 0.0533342860288135 0.0540251807207893 0.138536243185167 0.0839712291155175
0.116470758517609 0.24846871791347 0.0636366522059763 0.185908066124006 0.0106972915160868 0.0487277704815787 0.165060999102987 0.0717629077177772 0.0892668364205099
0.014022702270049 0.155713450305175 0.0413462472805533 0.175767357178243 0.165955819779352 0.104465716445236 0.105137608663776 0.093446753403721 0.144144344673894
0.178425346622538 0.0233297170407274 0.118390574272877 0.0192747065812226 0.0344908799073506 0.278511926055246 0.230881030401586 0.0621880190811958 0.0545078000372568
0.0877085271165792 0.000327712117512776 0.146165726818596 0.130345681792223 0.042530825653286 0.171407975891405 0.0918252455753771 0.15693560540572 0.172752699629301
0.0210655539223299 0.169973517672625 0.103524397796486 0.00761778839420855 0.0708651978812924 0.182031817373203 0.0937715945609189 0.168202199701457 0.182947932697479
0.166699971458087 0.0619912321995751 0.0150955082975014 0.13354590392319 0.174389662279518 0.0750722568048342 0.0802741995510306 0.0855725333233203 0.207358732162943
0.144603876726438 0.0453735492763919 0.0326665530547615 0.187231257942914 0.17365247047858 0.0482131005773022 0.193650895285995 0.0306068440783203 0.144001452579296
0.146368211827258 0.0754932514155186 0.0122020723974756 0.0732161266888748 0.175512989452352 0.161976872213523 0.184711852253377 0.0943937970844373 0.0761248266671836
0.170047895226802 0.139214319957854 0.0640978374568136 0.0967389590005674 0.0922638908327293 0.0872308282735532 0.128481784391659 0.0482731849880888 0.173651299871934
0.165994853280668 0.171275103813394 0.138911255353423 0.121129411173254 0.0572169922660634 0.0342171833387985 0.0718256635356471 0.0967446162143386 0.142684921024414
0.133717579192802 0.0538171586943215 0.189520858621974 0.0757416521205449 0.0784941694950197 0.204181321858582 0.136748330820641 0.0363636620025349 0.0914152671935799
0.0775793980350446 0.220280632433493 0.00361170863375676 0.19845079273267 0.0918902526745984 0.0568329553763914 0.0958238755215842 0.0784861553315542 0.177044229260907
0.202331248049133 0.00657488232903017 0.0511704800130867 0.113341741186881 0.138122621041597 0.0918017734067739 0.136702458772331 0.149282599936266 0.1106721952649
0.114871207229165 0.0321627624465919 0.166181068239039 0.0152794249487114 0.0959093587877521 0.0503138629015962 0.134186916575524 0.218449169106098 0.172646229765523
0.248949495812572 0.0490196025888699 0.0172521958470559 0.131565775794994 0.0118412921491598 0.0912034756274074 0.193784901695114 0.231520340220297 0.0248629202645294
0.0547832418683205 0.171400870085821 0.111763838712453 0.0529713967040561 0.115200118449218 0.0961721530133526 0.143030052394103 0.126515095541426 0.12816323323125
0.0761751953584517 0.155151548918298 0.162442661339563 0.0987038928989184 0.121082626155775 0.0804274436310885 0.0825286195923526 0.132672290932226 0.0908157211733273
0.0345750003792267 0.136348327458153 0.0989601175943114 0.0703012281472038 0.0591886833484084 0.189350982062949 0.0922482203972114 0.0724234095094122 0.246604031103124
0.217260311451106 0.135215627882753 0.0954523976996592 0.122860109239954 0.00880906446547851 0.102440895496054 0.0802118364689729 0.19588027303255 0.0418694842634719
0.00238936267934357 0.10470242577855 0.236384825227467 0.091792744655635 0.256176628290804 0.00284690261325748 0.132897001553733 0.0459044956497948 0.126905613551415
0.157617917600738 0.121467704066633 0.0647567298359509 0.107477437867442 0.0192498950402939 0.166889534929551 0.0833956879163137 0.140712188497189 0.138432904245889
0.059111523216889 0.154189105794583 0.1545470612066 0.132122219584189 0.10185354072276 0.114483141101827 0.153840878156049 0.0376350577010428 0.0922174725160602
0.0155215417407963 0.00910392971853681 0.0409641205901017 0.207221634856058 0.0340397155188295 0.169221827181863 0.191043200935792 0.155439923366071 0.177444106091952
0.105271837658879 0.0919718193526733 0.144698665898291 0.161770339516902 0.0853449220631022 0.0440771688144783 0.16401442125629 0.0538078871117415 0.149042938327643
0.101595029248837 0.161024571879543 0.224302319688776 0.102115187196429 0.113993611939077 0.0500029361070192 0.130107011136902 0.0439095835419145 0.0729497492615024
0.0211044278456066 0.0639157492453548 0.0701994007506363 0.148906581353811 0.0464202781907926 0.208464981158776 0.146215832551072 0.103376830410857 0.191395918493094
0.143883169348875 0.102212360310906 0.0736783268262774 0.0759674819920888 0.0978290424161209 0.148027561250561 0.0529655597225388 0.183689451773892 0.121747046358739
0.181842154435002 0.168080917975591 0.0899155530764009 0.108099129617996 0.108435233544721 0.0662862155353806 0.0267128676626113 0.154934192149783 0.0956937360025145
0.0228668349087541 0.0367897134559715 0.0653357142790304 0.174256303201521 0.0222434758525222 0.144554226506943 0.207427353671503 0.131673746387106 0.194852631736649
0.186221961253227 0.0189964632481662 0.197857138358121 0.120909956773961 0.0817688267420273 0.0587997472731694 0.0419960615751231 0.145778045543469 0.147671799232735
0.0904735939908672 0.167922793206886 0.0713728058981081 0.157783768703191 0.115828017655981 0.0374278548975436 0.0673431465132375 0.206815792740681 0.0850322263935041
0.0619473536992627 0.151019702046767 0.157956153685202 0.144845890302364 0.120993885339391 0.116132323795802 0.0178400732083628 0.156050559875104 0.0732140580477446
0.106403936633134 0.0933366312225516 0.160694693846138 0.00926643245662002 0.161735786929417 0.142786425377133 0.0283035429089863 0.123023271980887 0.174449278645134
0.0657195222836018 0.183375720812577 0.128903176309749 0.0323499140515594 0.161466420994785 0.012163916509048 0.147497955201173 0.0895499895844881 0.178973384253018
0.0675804072690908 0.13754983912962 0.157956669912343 0.143578545225026 0.142824911138747 0.050066313492312 0.0606588591385499 0.161113138809079 0.0786713158852334
0.220669759435058 0.137668593036035 0.00621205041606574 0.183875942316858 0.0897812065161309 0.0612024338754148 0.121004273762034 0.117152997560591 0.0624327430818117
0.138901081107168 0.207180069742218 0.060312839910583 0.0938648436828048 0.2250373365671 0.0980986141379755 0.101668420729406 0.0444114613216463 0.0305253328010987
0.180574537718204 0.0332802208573932 0.0888610983701076 0.0113228696142641 0.173708046053873 0.077170531590842 0.166663670975629 0.138055814273605 0.130363210546082
0.135983556068773 0.0504395130853316 0.0239743690608534 0.021139507104421 0.0557764616466169 0.11493354919756 0.0525516908188145 0.296770073764614 0.248431279253016
0.257374043341048 0.0556115126311792 0.0134963922656763 0.145540614138071 0.0365136904481375 0.0589019558818913 0.0734501042873287 0.219146145418846 0.139965541587822
0.119595814989862 0.0250806565211202 0.118645888937921 0.0878696060492853 0.173057241525172 0.177089030147338 0.0173383249124263 0.155839612968343 0.125483823948533
0.141012685716916 0.108220065680097 0.00532341217320647 0.163731815831877 0.153357962076602 0.0834158922377894 0.145686067164288 0.0701801727815353 0.129071926337689
0.00825719930853758 0.0797267655366749 0.114100529281415 0.27046337065021 0.00610391198079725 0.0475155556501965 0.311042005488318 0.128268158324767 0.0345225037790833
0.0301481657169914 0.0747491687477326 0.188381369996573 0.120883524118245 0.126323574726896 0.0615250865610972 0.254735652515874 0.0581925573323853 0.0850609002842053
0.182682059643643 0.138659422681055 0.0887094220993778 0.0554497103792179 0.187322936096661 0.00389178573780191 0.0696478941121624 0.128500359276045 0.145136409974036
0.0646498024488486 0.085984913179754 0.155497662223996 0.0919500900370888 0.139471029998323 0.179830980239961 0.150118161853984 0.0434169405483144 0.0890804194697305
0.0464898733431188 0.0396235094053844 0.210103489167796 0.177880887797691 0.0742389404956692 0.113400508412252 0.0586212842880977 0.137062677384982 0.14257882970501
0.0708439263242259 0.0882259792222211 0.135745304240202 0.0644480396759301 0.144860893540153 0.157504724599643 0.145148156334021 0.0441489120084863 0.149074064055118
0.0364066856562389 0.109255391390461 0.177896278786159 0.0590967952601916 0.0571902591034537 0.22690279669387 0.0978810484373524 0.053461401918099 0.181909342754175
0.170192777601076 0.133646022861369 0.0436139988461199 0.0935414655996712 0.140424710117371 0.112837976660116 0.110565519612911 0.0639194424137591 0.131258086287608
0.139485031503129 0.0893113362761213 0.23146311195932 0.160426245976182 0.0152363827998656 0.0362511087630844 0.113941241643714 0.183459880728367 0.0304256603502168
0.180366679362453 0.182435041042702 0.130805403608517 0.0651905725619643 0.0176648473191763 0.10334042205274 0.0559505851461495 0.174095993239195 0.0901504556671036
0.145828248858016 0.151639444648653 0.142519978563841 0.193179737011016 0.147244832578019 0.0333802399429165 0.153562153538342 0.0047642027888229 0.0278811620703729
0.127734154571423 0.167132595055736 0.0885981382616628 0.091105759434721 0.0138698288727074 0.126606016263723 0.041646730810394 0.129596797053317 0.213709979676316
0.0821437167982425 0.186022048984286 0.115188061941242 0.000318424990925589 0.124406945366441 0.170953561386116 0.199075323191055 0.121122144926052 0.000769772415639879
0.00127423223589842 0.217533369070951 0.221486367233766 0.0579030557652379 0.00953851629547014 0.191770587263854 0.106186544958674 0.178393806340904 0.0159135208352455
0.111845889137394 0.15440475978656 0.124452452431563 0.0927407750251179 0.11718194245412 0.0362731324803606 0.13359986721742 0.155372040086182 0.0741291413812816
0.150966578014914 0.175141820332817 0.125544621053049 0.0507273034495727 0.0812224616117795 0.153150147683609 0.0537167747322508 0.117879921637575 0.0916503714844317
0.00386302007348946 0.161202762976998 0.0225444644489591 0.200492485613197 0.0923509019780013 0.103398156030358 0.149450927105386 0.0341211322158767 0.232576149557735
0.172779545813034 0.0787384848364288 0.10072116083321 0.166142393774488 0.175445864166161 0.106997570778388 0.0949939705048434 0.0610821536387538 0.0430988556546938
0.0890128087907086 0.178340696128183 0.196048578790349 0.121951965346895 0.0555792170718919 0.167318600523437 0.0931932236692932 0.0073662508487904 0.0911886588304512
0.186403170809019 0.0486471176109184 0.0800904555799148 0.119914430156644 0.0425303673482106 0.209561054780773 0.172267773969346 0.000836878231570002 0.139748751513605
0.0757207354073021 0.018338832449298 0.200106256512648 0.135542847750931 0.0481475241628745 0.126901545216304 0.168794901548469 0.197123330953945 0.0293240259982285
0.0384547990926899 0.118581216333348 0.0597421737501542 0.0816900552693555 0.0950691516448179 0.220118499167124 0.0651875840297642 0.194184583653667 0.12697193705908
0.0719550690984579 0.220286851908943 0.101157739227672 0.155061214482232 0.0509931622724577 0.226731497301991 0.0484390956969156 0.0155323805981997 0.10984298941313
0.0570123091088987 0.0357694871810479 0.0743111090868684 0.0637992540073139 0.102207755774604 0.17006988892889 0.161676272110476 0.137204081925391 0.19794984187651
0.016693161105595 0.132845016587289 0.0635132684187224 0.0888829924235169 0.154863383242911 0.16648370005046 0.0254864732180601 0.202153458400044 0.149078546553401
0.0158562405958025 0.069071865750148 0.00612444202761456 0.222019759498195 0.218871723253386 0.0292396808634938 0.0137140473493948 0.212404911185058 0.212697329476907
0.133887639636294 0.0685644582740721 0.181148931163909 0.122965327847061 0.0828857553106797 0.211465697996453 0.0928607079959132 0.0609270363054136 0.0452944454702057
0.119780863047349 0.220650193193171 0.0197753785232009 0.0656570146548995 0.182965396038918 0.0687584129160434 0.176029550039789 0.00639561006192651 0.139987581524703
0.143534817995592 0.124741256585899 0.121153151545366 0.126942378571942 0.00495796581838589 0.153793491522423 0.111936397379513 0.165879698705397 0.047060841875482
0.169626721805537 0.124072293076705 0.1644889225781 0.146954053157064 0.0904090801513053 0.0280342993430989 0.0425815486117363 0.0541718497158542 0.179661231560599
0.021716136900999 0.149917586925805 0.100115184271762 0.180065398357755 0.162334659975538 0.121967580652748 0.0159547876687182 0.0822856038217228 0.165643061424952
0.0479065987868328 0.0635936976349802 0.140986344329285 0.134199124254093 0.0578038628405283 0.175680910445496 0.159559900987068 0.142211205708589 0.0780583550131281
0.0088261049333346 0.187936795537545 0.0426920838988739 0.183858701426426 0.0511270873052165 0.180573653287155 0.158136175138711 0.018783383604375 0.168066014868364
0.11288897692043 0.164699829929366 0.13701640381423 0.103490723013248 0.0973541372016606 0.134537953190349 0.0854351637306169 0.0248001488475516 0.139776663352548
0.225680736074442 0.213510186699255 0.02401146797514 0.220420242036347 0.0701574966611843 0.0491928043497423 0.116606229526777 0.019018438953612 0.0614023977234999
0.0580429526162323 0.0323484532825751 0.189920965029366 0.184583745826846 0.0378284595099681 0.186120018257063 0.0111965661753265 0.130809845473604 0.169148993829018
0.0226594890648841 0.179983104017988 0.0628271648588074 0.0312930679632876 0.187263594456354 0.066987750645541 0.254449819937685 0.109892049139203 0.0846439599162496
0.0277769070384536 0.0373400432763705 0.16042336031356 0.197421667389871 0.0784183399423662 0.154160370642145 0.189869479753834 0.0568854721329096 0.0977043595104896
0.059343668157305 0.144065332759769 0.0106217792696014 0.285050571485465 0.159267072757584 0.108132517782771 0.143898505708816 0.0780688551497059 0.0115516969289825
0.102761709678755 0.138901595302638 0.0275352342035731 0.110060229346565 0.0994467175073481 0.00135098174032028 0.157670717769319 0.188199221769491 0.17407359268199
0.107128800453647 0.187821577472962 0.160949125017404 0.110335352161381 0.0406006863777915 0.0513143382732367 0.0660775876057391 0.13789352385389 0.137879008783949
0.117455393099161 0.11693762225119 0.102661015284803 0.0397986253950429 0.19325511319481 0.0617010715543677 0.0853933506766005 0.054761655127759 0.228036153416265
0.13765819362381 0.0429854198622656 0.136107315203267 0.10316244687784 0.117605570641084 0.135547251609574 0.0632492163375198 0.141923864345029 0.121760721499611
0.118174372998396 0.131902075838394 0.0126726697174384 0.143651290632675 0.181261671189723 0.137883870919407 0.0504761618770765 0.177570512115665 0.0464073747112245
0.0368475593770515 0.220772606399934 0.0149992203783252 0.1774572104341 0.00372451764045648 0.030724648752177 0.156180495282162 0.202789214741948 0.156504526993847
0.0992694829297257 0.107130022671607 0.184959746519262 0.0178156049774542 0.105304747242277 0.184958561840958 0.0452250906447089 0.155080626599077 0.10025611657493
0.0134274559997605 0.164513371523082 0.0600353720106785 0.105656152650477 0.178794161083455 0.127299468257987 0.105466941220297 0.16293586345924 0.0818712137950237
0.0879841134698506 0.164952576931537 0.0656342769132294 0.107877751908919 0.0544716489807003 0.178315657152319 0.169683619090453 0.116714851227654 0.0543655043253369
0.0984379887460427 0.0414236392850931 0.0424837710897879 0.0909819894367078 0.16681962170534 0.0334917744446944 0.240315715726243 0.161465815692939 0.124579683873153
0.0310532519475767 0.148563271490118 0.0489102405434932 0.0546301633158279 0.132344176422434 0.159251305628782 0.139334565438219 0.0953745612297007 0.190538463983848
0.131985072467306 0.196168144008728 0.0291451667340016 0.0297061314172733 0.099435997528813 0.0266432101122851 0.189591254081814 0.237099264259578 0.0602257593902012
0.168564674776136 0.118079399829443 0.2129802788337 0.0783061042005136 0.032860813337705 0.0597260403140489 0.20066233513949 0.110536955761571 0.0182833978073923
0.0669793663302637 0.122509268949166 0.0613959714325313 0.175283323533133 0.0763703224076401 0.0915806090997547 0.0873200048543647 0.0665903821574073 0.251970751235739
0.0888059056156534 0.182158914943793 0.0463818489436953 0.0179277143797869 0.142901602646869 0.170181263286721 0.159734634755916 0.189168288156878 0.00273982727068677
0.0209510098230236 0.126006907198316 0.182055619341766 0.146651106562883 0.0783300000420516 0.0916433261719361 0.0956473110087769 0.208021783204188 0.050692936647059
0.0685215918510828 0.0388747592052806 0.144405843912161 0.00444615054566367 0.17558950929137 0.157834136242384 0.121560531294121 0.191442544019171 0.0973249336387654
0.121710346499721 0.112469659643861 0.136281273230786 0.13929044257441 0.0784640970461127 0.0803953638878507 0.142061545259259 0.115728700161248 0.0735985716967527
0.138076369034738 0.103421854212912 0.0951558118484416 0.135892491966329 0.0388657535931473 0.180963727068022 0.0871245132080492 0.0533518314657277 0.167147647602633
0.08870457354915 0.081074044448614 0.0885647237114282 0.0075155766681906 0.0278658433692524 0.175746572281486 0.250368624013909 0.154188362743267 0.125971679214704
0.170818877552102 0.177084889990721 0.0215336133730786 0.141864620954268 0.150461853901322 0.12638576234535 0.0275202519471749 0.10292097065364 0.0814091592823438
0.156967303862792 0.094772355804794 0.096923389525124 0.121107215000234 0.109057147703089 0.07969258635053 0.101181529424712 0.14347769850914 0.0968207738195845
0.00952476662471425 0.0458115134963418 0.0868941845226242 0.120912473545348 0.0793495721299683 0.234893680227906 0.0227672969165572 0.194482020698579 0.205364491837961
0.160470849275456 0.146920582271385 0.106296625431323 0.102549316726577 0.0159313956169657 0.0330469763744841 0.170828508723049 0.136700655938326 0.127255089642435
0.122111677590842 0.0438099058275805 0.236968769691401 0.0171923819884224 0.167526102080031 0.0547845771840267 0.0369044741689503 0.188732791009449 0.131969320459298
0.163448729626833 0.20305467198663 0.0383448788179517 0.142680695611018 0.136235207588391 0.177039624997678 0.109335522734579 0.0113923952210706 0.0184682734158485
0.161883706774246 0.0456110944983664 0.122759651517186 0.0887417495236136 0.141478266044744 0.161044460259062 0.0279858478821174 0.159243791374035 0.0912514321266299
0.195211564727216 0.00244152195698972 0.145585370576686 0.172572334898305 0.00972798428037599 0.0205623847792653 0.293473623360775 0.0292451103683236 0.131180105052064
0.153140849342667 0.117149493668703 0.0321815344935852 0.152706648063937 0.034932004787787 0.104021814327772 0.20201703657802 0.179635985351925 0.0242146333856029
0.126773292187649 0.1385045300209 0.145986786199243 0.00497640345355156 0.00552761961855897 0.0439937241005103 0.200949162900936 0.164994558490951 0.168293923027699
0.0905628868967879 0.000995818250503276 0.142329733450542 0.0329692339127852 0.225018825704103 0.107785344383609 0.224208586940846 0.03416473427925 0.141964836181574
0.12973643642781 0.0794150031475575 0.0787415366216426 0.176144122640864 0.0552931044344483 0.192768613006857 0.0469376568333209 0.0312293802243689 0.209734146663131
0.00722337482476829 0.0666476516775082 0.198327639176405 0.0953033080822642 0.156986309068972 0.195939046276829 0.103361502103982 0.115656784398953 0.0605543843903176
0.0106385409709616 0.00453715009657562 0.156536184255727 0.0335002920437938 0.138911486313612 0.128733492423343 0.250552928886475 0.102523608830826 0.174066316178686
0.0219738156516946 0.221738831994218 0.0717675085905041 0.155373668044611 0.08466244951305 0.0202122023484769 0.171663307148933 0.216864839370087 0.035743377338425
0.0309682923418489 0.0184888475354512 0.0634623784111777 0.0255616070408643 0.122695036164176 0.111783470914748 0.234615845371205 0.165863935324738 0.226560586895791
0.0520812170131671 0.103828734641511 0.0579408893577701 0.0350805825732158 0.185830961219464 0.10265417703665 0.224701216656198 0.219775819639104 0.0181064018629209
0.105000137614576 0.0755680961571976 0.0228092491523594 0.051547779948599 0.206819809752916 0.18510895792291 0.0919845783238162 0.190218160362507 0.0709432307651184
0.0196789905507788 0.214307828342386 0.205500056867783 0.0412490256970554 0.110003926432309 0.157188600570716 0.174404957090044 0.0623615866134126 0.0153050278355167
0.185116176248295 0.0883205262331899 0.00118549108497565 0.238714926379831 0.15157341080162 0.0616826414728063 0.0897951207049756 0.176699815860099 0.00691189121420755
0.188717048383238 0.190176893480636 0.0276511078019298 0.0276288537371066 0.136013538261604 0.0779995934789902 0.0676421218462171 0.20766838762506 0.0765024553852178
0.121111497203685 0.0838065108263352 0.00387557113463436 0.104007729890537 0.117586965542747 0.113491276656144 0.127916149927145 0.201390581246373 0.126813717572399
0.193720294893167 0.116351254919497 0.114933433925758 0.149127922901059 0.209573603831285 0.150621601269608 0.0101291696598629 0.00929068569986098 0.0462520328999026
0.0211674334532614 0.0304276153387208 0.114136012516585 0.174609433702716 0.000478695116206029 0.246543112327071 0.124043541218377 0.000355298336505038 0.288238857990558
0.159245342257801 0.106753040040311 0.099219535920153 0.118448624756397 0.0627171906386726 0.146189976349451 0.0492690563250855 0.115873625953936 0.142283607758193
0.126904206716178 0.0301705710619415 0.135277743118193 0.18469878898513 0.0393608907403915 0.181323069137726 0.0423935959177985 0.185525253497856 0.0743458808247858
0.182181642094747 0.0944124055466277 0.158116203173929 0.0122166993811976 0.109721537155599 0.115256091953693 0.100429767596595 0.0851939143182215 0.142471738779389
0.166898967493388 0.0317971547346691 0.163479047213437 0.143170162229266 0.132370330331769 0.143402547784186 0.043858809702698 0.0497979072010815 0.125225073309506
0.0747717865818767 0.161243383930561 0.0555237105479018 0.146754104679117 0.192337752446264 0.073115625682523 0.0177531818509007 0.0556651181906936 0.222835336090162
0.0669514211285913 0.146333750953285 0.048581325075352 0.130869464718713 0.21306034425548 0.0467269776017392 0.0590840107656549 0.176270780003245 0.112121925497939
