0.178662822409224 0.252758827453282 0.0961742236813586 0.0301221929974927 0.175842035994492 0.0438582629967093 0.121001739605793 0.101579894861648
0.0260081912153972 0.265494297580126 0.225138632019119 0.215045943599229 0.0885770709935048 0.0065376271144115 0.020694400479015 0.152503836999197
0.138574671299556 0.199794581508038 0.0103562346245592 0.183629962574436 0.015697004381814 0.137856048596628 0.224087878702218 0.0900036183127512
0.120080101996089 0.0331542029468752 0.12876344443804 0.202463239113301 0.133971404923397 0.236227297094802 0.0827553575370285 0.0625849519504679
0.0447109614875019 0.0894214041860064 0.144942433038977 0.179654387013925 0.115569325147583 0.112712496547208 0.163518766153473 0.149470226425326
0.130720711249062 0.0499613405220235 0.00328491787977071 0.234643736633834 0.162242058036383 0.259113885415839 0.0148791198333045 0.145154230429783
0.0154301382436367 0.0820536260055764 0.12958311039921 0.128213322590018 0.0857628659703059 0.0832469254695121 0.281563311203962 0.194146700117778
0.133009730627463 0.154367005622838 0.166408711396459 0.183186156724978 0.154188627587284 0.109643907895533 0.0840848764795922 0.0151109836658542
0.0563725167883796 0.0528029534944476 0.180484757051572 0.0449910521799654 0.170396150067228 0.15425916282882 0.321707874910027 0.0189855326795602
0.156570475504757 0.086065381325516 0.0779889928883696 0.0707545542684335 0.219682756058361 0.0639861393776921 0.182768730178217 0.142182970398654
0.170864216201826 0.17302433988774 0.0544368111703209 0.174929142329637 0.00744867517962683 0.104243387540838 0.140741254759614 0.174312172930397
0.231152171294095 0.155572643959739 0.187891043616855 0.00515216975426206 0.176124992399336 0.0523377818580673 0.162005051629104 0.0297641454885419
0.044215405114916 0.155414283611904 0.114125324242484 0.0236910121417617 0.157659398884669 0.222812334653346 0.0546714572274746 0.227410784123445
0.0429525757996829 0.205303450962743 0.164832009855614 0.138406270448037 0.00176138077038205 0.114440778632379 0.141302674693358 0.191000858837805
0.0636359975299505 0.0606876388066983 0.170980063419331 0.0269594109254519 0.0725531853424088 0.168696005488527 0.2147997012699 0.221687997217732
0.0353810472008824 0.0255666599982949 0.170230454516451 0.182698929932035 0.170244972483486 0.113991760874298 0.112336438140623 0.18954973685393
0.19471140624849 0.0653496925352082 0.19754123885223 0.0996968475716956 0.198704053836734 0.0323043367729546 0.0238636754971124 0.187828748685575
0.0362420767041863 0.0796198078644202 0.149630858897779 0.16696336647754 0.144071237865763 0.134603496557461 0.194225171061859 0.0946439845709907
0.0356326971648805 0.172581162012658 0.17761072392694 0.0860533494153976 0.0498381260685856 0.112901437512854 0.209248037253788 0.156134466644895
0.120298598495206 0.250790929028085 0.0813784979133085 0.13153651283931 0.0734317675868201 0.0411335973080594 0.188642031075935 0.112788065753275
0.052706448876862 0.0706050583299457 0.164208360172759 0.172083747301114 0.17906935037996 0.0738126186059893 0.153339988748854 0.134174427584515
0.0894207374241131 0.096869109927685 0.0537596686064251 0.204444249300342 0.252850230022559 0.0691828596041695 0.146758879069464 0.086714266045242
0.17732559980531 0.178397043252131 0.107108468805949 0.247551810810672 0.0475327614759686 0.0930191954567423 0.0667670561299295 0.0822980642632985
0.135043096082272 0.077549623457316 0.207162704292597 0.212122334357496 0.0146582476365789 0.158720848500176 0.0150553123956445 0.17968783327792
0.261877139064633 0.0947359063843116 0.0212489617630536 0.204820098420863 0.225250322905302 0.075693381746391 0.00880859243937497 0.107565597276071
0.123872636340793 0.0753565765154372 0.0143364392361672 0.131024279678594 0.213355681020498 0.218569310429972 0.0105889332344789 0.21289614354406
0.0239773373261964 0.185897432123641 0.136120414069439 0.0850186508753183 0.255152024583098 0.0547299358343986 0.173056589189145 0.0860476159987635
0.114413173814082 0.0687530640159421 0.130263461431221 0.147146126419363 0.14236436140502 0.0431728602024334 0.152752086113402 0.201134866598537
0.198254321191771 0.00145715203989382 0.15059910681469 0.119568046324263 0.171586737051721 0.0110094926315534 0.190258366976802 0.157266776969305
0.0972361636847767 0.178455851324057 0.138700797954981 0.0507585835322907 0.0383804315798628 0.178743120874228 0.140365823379972 0.177359227669831
0.201340064795698 0.149791817240081 0.170987987949268 0.0474394098936115 0.0325274325310579 0.109496725676433 0.0765272170769234 0.211889344836927
0.169011808736123 0.117961310949599 0.0108622776084489 0.108900131182655 0.114948053855379 0.118209846557926 0.0734355270227992 0.28667104408707
0.149449763120173 0.0345817867301357 0.0999669596831759 0.191808493416441 0.198960471346302 0.197180205613874 0.0709375859445123 0.057114734145386
0.0603784931032236 0.142416290803709 0.0747340740795237 0.0061826128696003 0.293844410331067 0.259229350616628 0.115506474844554 0.0477082933516946
0.217650578640239 0.213843874351948 0.0833080403727971 0.00767201841998675 0.0178796564847066 0.154810675169018 0.21992309071276 0.0849120658485446
0.0662968507533129 0.229400671769227 0.22301418887393 0.0960388410405953 0.042688314031618 0.230282002660961 0.0470704553496386 0.0652086755207176
0.109552160102609 0.120665803711503 0.102304333096525 0.13187495838147 0.0901279106487483 0.0761483530585994 0.191195336148101 0.178131144852444
0.173906199634838 0.164184062258045 0.0990634314088824 0.188015968990615 0.16720117796717 0.0172982573423144 0.0819065507507966 0.108424351647338
0.074734470171791 0.106065996335234 0.0356441650762585 0.116378727174043 0.176232959386026 0.114809063296632 0.205606057707673 0.170528560852342
0.145783591307283 0.0728490303277172 0.217086573561404 0.119922432559585 0.130288303285441 0.102956724741575 0.0691295831914515 0.141983761025543
0.130719252360074 0.192736743075813 0.0106352503816294 0.198395077792066 0.0511075136435855 0.179329812108297 0.161416202091907 0.0756601485466275
0.171598947066419 0.119398314508648 0.0266125226677147 0.255331288195954 0.178842750634186 0.0566133831892096 0.0212238018911754 0.170378991846693
0.274236546699516 0.140244383947971 0.0303003737014873 0.137855580341636 0.203026199280009 0.0933719191809868 0.0616993324214103 0.0592656644269845
0.124928155862476 0.0962807295188327 0.119072927874476 0.171861094555881 0.0687808070861068 0.133890441806738 0.133724140819595 0.151461702475894
0.0782772543178519 0.185341114654589 0.209853047035592 0.168211283644864 0.215775948722432 0.0899631925335739 0.0228998174655673 0.0296783416255296
0.174900866996683 0.0805537175972821 0.153509670256555 0.237580529553329 0.140744710719616 0.141594424575895 0.00644782772341766 0.0646682525772222
0.20249702845547 0.231766593461851 0.110962057637832 0.143545571582871 0.0389697741983467 0.100566724855125 0.127431161168622 0.0442610886398813
0.168728328732567 0.166580950131329 0.101739222432757 0.102451841468466 0.149953048385858 0.104167524565298 0.0914477295908552 0.114931354692868
0.0473074301103428 0.136940456314667 0.122188737955426 0.222691481531769 0.19365454253174 0.145211216214373 0.0410244463639816 0.0909816889776996
0.230277841817098 0.191055940173652 0.0366913352434406 0.135898017173971 0.117910161951541 0.11430694841153 0.167996898921469 0.00586285630729911
0.182485020284355 0.107020695532833 0.169301646924541 0.11576453463823 0.110290790785588 0.083704938712791 0.139688228300084 0.0917441448215777
0.178633189231921 0.137754374410627 0.168925891185326 0.100526203887843 0.253647731606344 0.057836029331202 0.0938800630738859 0.0087965172728511
0.33899588159937 0.076682327917131 0.234959247342774 0.0655459769487266 0.106910691516519 0.031804806585188 0.135849827696209 0.00925124039408214
0.206578860824906 0.228144398453282 0.235924306038198 0.166682269347858 0.0112732337478648 0.0163855594401855 0.0718991293722362 0.0631122427754704
0.124528345578294 0.237089714354917 0.167743605744187 0.0943615905539313 0.0330605403410506 0.163972437901966 0.150050348187198 0.0291934173384548
0.0593212929276506 0.195889210107813 0.0353905408124969 0.189411964768472 0.212649629919623 0.087738646351988 0.180971663732316 0.0386270513796415
0.130750856651533 0.139314036597511 0.00777470420196151 0.0154899323934094 0.186290789781954 0.336547163365254 0.0969621477580519 0.0868703692503251
0.0216555774491446 0.039945696033936 0.059437295585764 0.0531176017198681 0.152714032647158 0.242763821545511 0.210628459817625 0.219737515200993
0.0448889184285405 0.144508862436653 0.128063456784121 0.149588071801396 0.15555013504289 0.133106789169158 0.165630214819843 0.0786635515173996
0.191064212095488 0.158753975637442 0.209999553824775 0.0382475272226285 0.0872002780164347 0.133969622589798 0.0843724270366915 0.0963924035767419
0.0618151500716368 0.251028100253242 0.153427258636627 0.0141191321317835 0.0565844071510464 0.213674369671446 0.0947080976643581 0.15464348441986
0.198023670798737 0.0291731849072365 0.135626262063279 0.219458379648172 0.0944985788249788 0.215976633002032 0.0308273833198399 0.0764159074357249
0.0645381367559733 0.21292929916273 0.00335285508861067 0.220899677842242 0.106488062043739 0.0194596620066711 0.105304370793696 0.267027936306337
0.20948853862743 0.131297448260272 0.0275814856853891 0.167007266814295 0.0418967238532326 0.038036089205769 0.205952928700299 0.178739518853313
0.219362620551048 0.00356149001388532 0.12465406015416 0.189395563053883 0.0486103383496957 0.0883047442882896 0.148703717071763 0.177407466517276
0.00615423382832299 0.159948373424639 0.156117149960666 0.123057243566634 0.162806172410948 0.0294649692181784 0.174318423610919 0.188133433979692
0.184097288107482 0.137749569381142 0.0883089995204686 0.115108810243482 0.135685197110381 0.00165071926380926 0.129633290416646 0.207766125956589
0.0576176792714928 0.14084137615705 0.28061605320151 0.115964919488376 0.198598231203461 0.0933760833406134 0.0936107919809589 0.0193748653565379
0.175124861219899 0.11065395895873 0.0600313165172276 0.0840291403947494 0.145995979129704 0.106794732446066 0.158192639099989 0.159177372233635
0.190058382367827 0.180307694113658 0.0758889005597242 0.161871754832664 0.0443810483108996 0.0807928059529769 0.210107309146181 0.056592104716068
0.19814761220091 0.119030917268336 0.215335387547908 0.0533552932556272 0.0510118049317374 0.199646880061124 0.0662505881288506 0.0972215166055066
0.192347954786047 0.106765969112278 0.0297483632825555 0.124840733139845 0.144929152650016 0.167400351293037 0.179553206382902 0.0544142693533188
0.0127154592090106 0.142751400337123 0.0987690787951509 0.221701775851825 0.046020253641286 0.0820874996044769 0.217409670841187 0.17854486171994
0.11924571442767 0.104098155420825 0.162855546413226 0.0099171714296685 0.00673475045044679 0.211986821946311 0.169922788757105 0.215239051154748
0.0933915003043153 0.194882268188788 0.23181802576274 0.0243997205441834 0.0155970995348023 0.0877707621367352 0.117709101503167 0.234431522025269
0.136859047639266 0.171225743540996 0.0507631489710237 0.165073143849483 0.174903517104397 0.0509502505684752 0.184662343967086 0.0655628043592725
0.18694208694706 0.048131703586109 0.154490949482112 0.0497311804906073 0.0816843994730278 0.190944960764903 0.110998152709863 0.177076566546318
0.199753878611265 0.103925068072948 0.0314458994407206 0.123716528418228 0.118133880044219 0.144502006137893 0.205288382600851 0.0732343566738753
0.147574065339648 0.00422283506672947 0.124088975754322 0.105571460873074 0.152126362808167 0.157825679738818 0.129637529681205 0.178953090738037
0.146537549206418 0.182210713574475 0.179285988868245 0.191993880149382 0.0509025714454268 0.00383505529442849 0.100370796743427 0.144863444718197
0.231263755308409 0.163834257547561 0.0523914550492422 0.0124231234625606 0.116208021443787 0.165654266137686 0.0373777104721974 0.220847410578557
0.177795450969122 0.00706463998369319 0.172727145372717 0.126314324814195 0.151847775418204 0.14200651257393 0.159336076343383 0.0629080745247559
0.116582834511062 0.164902491304561 0.0380678427783789 0.155579418908048 0.157909004846543 0.0605099923811741 0.145854070975732 0.160594344294501
0.065970256111067 0.109404966224861 0.165713660025088 0.182704132352474 0.137699374664356 0.176772810746059 0.0133453912307667 0.148389408645328
0.169354932990506 0.105436869286835 0.0917593342529145 0.027679959541979 0.155536531027551 0.0852822239653992 0.178644678608828 0.186305470325987
0.170960649758609 0.21333161838553 0.0296952271796264 0.0565185357593146 0.201729221150081 0.217679109812188 0.0573136008669309 0.0527720370877205
0.112641010680038 0.195078336710659 0.0411920525494244 0.122854095899984 0.221004458932625 0.0611199205673921 0.129185040424295 0.116925084235582
0.0705956737834036 0.118912913684864 0.00120669151017664 0.270675989888174 0.0858470952564114 0.256860227733045 0.185821166910945 0.0100802412329793
0.0809770753630139 0.0244264611462607 0.202855813376 0.147331113190326 0.159596754861037 0.102816460475361 0.15980055173909 0.122195769848912
0.0975851502341996 0.0675330817796755 0.280751969203847 0.0774148004894035 0.0451227256503222 0.240120953364254 0.0851677785188385 0.106303540759459
0.0995139189064644 0.00271585704481678 0.153585524725909 0.088944008533307 0.193247783168518 0.135342005673724 0.163493584136407 0.163157317810855
0.263918675320066 0.0264818837203279 0.0474266564824503 0.116381318568725 0.279968444602007 0.0324395487223302 0.0800275337182856 0.153355938865808
0.182319091857346 0.0406760867900214 0.0623121135072876 0.149764199904225 0.30943033343816 0.0710832840265086 0.0719187678635189 0.112496122612933
0.166448233988863 0.192133380530665 0.0449198704916556 0.0589275308550066 0.192673739432044 0.0896984664751337 0.160001384235659 0.0951973939909731
0.161817365835258 0.239443898762181 0.175477477211341 0.0601124934550681 0.105603607247623 0.0277910549059629 0.085186322566531 0.144567780016035
0.0181693750973095 0.0492290353763695 0.12507183467794 0.188113133622313 0.183955474369374 0.188995930708026 0.132563811068781 0.113901405079886
0.174059189180847 0.0735845769942774 0.0969997083694301 0.173821020137496 0.190834097899442 0.0871129591217123 0.00162083369462685 0.201967614602167
0.138419682628357 0.184719823604842 0.123411632258651 0.203472488136804 0.104428776588536 0.0741799799448503 0.121073884916859 0.0502937319211006
0.181902311436754 0.0333121450829636 0.16696021670274 0.143803790786839 0.112600906585369 0.0756244121283104 0.170380736704566 0.115415480572457
0.0123775817267405 0.19957924096733 0.0908493893270821 0.147569893946829 0.225856545237868 0.147344421450633 0.115819104815605 0.0606038225279113
0.203744264746413 0.15116798598982 0.0765567969517281 0.13426422155675 0.00964602906311804 0.0097364247242435 0.200605460302073 0.214278816665854
0.117146528030883 0.184744826460243 0.150250018403307 0.120508997097069 0.145658381719066 0.072005306073913 0.0536295740627184 0.156056368152802
0.0270375246967727 0.00379978687786736 0.205179453369637 0.226801345076011 0.132490300487212 0.192190850808537 0.0657066228130583 0.146794115870905
0.131231730813948 0.0301945624156507 0.138076427499485 0.183320037984076 0.178850398016622 0.194965110320105 0.0424967202784852 0.100865012671628
0.029189243715276 0.200099041179016 0.0539023322060071 0.290855237047691 0.0586216228392446 0.0149396625356892 0.235160934421571 0.117231926055505
0.136941789513184 0.158066709041874 0.126312017683891 0.133014807909661 0.150208795113309 0.106764302054934 0.145486328013565 0.0432052506695821
0.253786891113041 0.0701753611007578 0.124411147589857 0.0120915960886668 0.0307343949023624 0.254512279321474 0.161648425477682 0.092639904406159
0.167058475416716 0.0734384201601941 0.180157639215876 0.109605914255588 0.217320757068584 0.0564943944573561 0.00749215006604645 0.18843224935964
0.18853191117652 0.0153681013099564 0.0471397552143582 0.148478251022389 0.164910493093929 0.164945835841332 0.0581260751889578 0.212499577152558
0.0735552744513908 0.201564850277688 0.135466897306113 0.184346410072931 0.0706782890426352 0.0971039141902983 0.0869052884320447 0.150379076226899
0.173405953777144 0.165516638547175 0.143007756935446 0.060250023542127 0.081633259183329 0.120685797103076 0.102658425445733 0.152842145465968
0.0638502765388942 0.106390696691551 0.227654632534423 0.190304546297225 0.0417417207203172 0.141587280065737 0.0421071828606688 0.186363664291183
0.149436982217745 0.0864128290275275 0.0994209857449934 0.110840003795147 0.167438945842135 0.00923104637238378 0.186872254183502 0.190346952816566
0.259979196112731 0.181755861970126 0.122776039128174 0.0434290036716746 0.258791494531816 0.0788775845599396 0.0261410128726943 0.0282498071528441
0.033935792921137 0.0499368017143937 0.174898091398861 0.122458939855712 0.167070207646523 0.115568254770574 0.173702800997773 0.162429110695025
0.120901369363035 0.034368085821076 0.190638900993137 0.182902754889153 0.0436285521677244 0.195863021744612 0.108496921645331 0.123200393375932
0.142738268721359 0.0260862526224789 0.0841579900900649 0.144261513611431 0.106998678040784 0.284854470233916 0.0301347724567454 0.18076805422322
0.0485881140273949 0.230437804125068 0.0810981955053719 0.209632007360983 0.195704948324372 0.103000597353108 0.0558626854177257 0.0756756478859766
0.187093387938078 0.134864499772442 0.0486635720603723 0.10581134907217 0.136756679895288 0.112559688540545 0.109140295772175 0.16511052694893
0.0256600838214259 0.078027286034656 0.174976385982052 0.0307418164655683 0.192495116557148 0.157314269682767 0.167447912975166 0.173337128481218
0.185688886839144 0.1405099166086 0.00541283163643522 0.207614410473892 0.0403345002325727 0.0227161091519815 0.232380840099611 0.165342504957763
0.127403670112762 0.127182213330164 0.0966945015002355 0.115696437371188 0.0313657725937464 0.0326879208732152 0.320243975639657 0.148725508579032
0.299784655117604 0.0850236088575177 0.248158860728323 0.076387800695794 0.0118620156181412 0.247706410016816 0.010855457438273 0.0202211915275316
0.165144380142657 0.166086857017065 0.0735992832099169 0.218547405388794 0.0689746603314171 0.207361773242977 0.0749754191555433 0.0253102215116288
0.147298873614009 0.135100824740536 0.332315683539077 0.050157304629809 0.0532835457584444 0.172485802153595 0.0985971513036667 0.0107608142608631
0.0620365137644383 0.0419898561933533 0.268857732846017 0.068312457738226 0.26519511685363 0.122187862597114 0.0154235641234404 0.155996895883781
0.10737100942746 0.205452537822097 0.220789629721412 0.145195566925744 0.0675957382105311 0.200830858987832 0.0183363194343676 0.0344283394705553
0.0935508947757348 0.135275294336751 0.0181085004952924 0.0852606721675904 0.217846417004403 0.30006966928785 0.098622990503381 0.0512655614289974
0.0743318983202033 0.159295212750339 0.251218795480497 0.167042566437995 0.126881014811125 0.131600611882985 0.0781568336671758 0.0114730666496798
0.206396474432641 0.110299618407605 0.167088872228599 0.163393425230763 0.220933820079991 0.0808417902289976 0.00899075498523855 0.0420552444061637
0.314105917699354 0.0198656441571328 0.0420405690656927 0.168859950924475 0.0625719798636545 0.116858366308968 0.0731872607547154 0.202510311226007
0.190325969706434 0.127943555021775 0.183828963969851 0.192669900557685 0.0146475833986019 0.0760566034659506 0.108944634668153 0.10558278921155
0.0787109301461284 0.191258297937833 0.0863184265862199 0.105685710343629 0.181442824018338 0.112203339505651 0.103734384358208 0.140646087103993
0.247272986798722 0.258532663301946 0.112495572581447 0.0222102611615264 0.0760369048691998 0.0682743998210651 0.117792313960636 0.097384897505458
0.133725566239723 0.0846404847978634 0.162248210861282 0.0336236351243927 0.0417546224446559 0.170837777442389 0.191666658311631 0.181503044778064
0.10483830606628 0.0466305287443457 0.220176669320578 0.177076498689467 0.166590377438834 0.113285205462371 0.122418365513152 0.0489840487649731
0.142708284258719 0.237342594023821 0.106247705767439 0.0362587702063949 0.0225553939971795 0.130104229638228 0.0962894332233633 0.228493588884855
0.132579536275578 0.0760239077711287 0.0537800800985431 0.0785798326506627 0.271990802081976 0.276740482913369 0.0193044309486045 0.091000927260138
0.296778046877001 0.0474650458512317 0.0148136968203966 0.127799714331018 0.00622998546085118 0.0320843389171473 0.182138439610715 0.292690732131638
0.0942426439691902 0.0449370060433105 0.0360790520740861 0.137305929771199 0.214805725998104 0.166697137784569 0.171893295455694 0.134039208903846
0.153056069463929 0.177066667182857 0.150866136195622 0.154406361580893 0.0160309065115494 0.102601931059488 0.0981259535044071 0.147845974501253
0.203217356925393 0.2666520183284 0.0208771666596718 0.142945403517857 0.046353830817646 0.012617824185571 0.0909171513827175 0.216419248182743
0.228003824784079 0.0438901447826369 0.136336335504007 0.160188732135981 0.174930649735939 0.176428176028932 0.0365470237033511 0.043675113325075
0.080733129964253 0.172569012720958 0.147936022105473 0.150928148800564 0.00012239441867957 0.0806267092823711 0.187033283230264 0.180051299477438
0.117067506989508 0.0154556772764745 0.304421420813448 0.215980522450057 0.127786702143902 0.00948910241143321 0.0302814931117882 0.17951757480339
0.186100267468304 0.0433899947772286 0.119421717436658 0.15228563345147 0.108523599662536 0.182912223412166 0.135514862355448 0.0718517014361888
0.00789177589762743 0.196310300003801 0.184484269389419 0.123194742841263 0.175312754248014 0.12474707789926 0.00773871891828254 0.180320360802333
0.0899865568988455 0.247956559823395 0.163004704073771 0.0246232885912424 0.131701662673213 0.072879245033842 0.0648028599274064 0.205045122978284
0.186998877382281 0.0668004581992871 0.156606222408964 0.145588773939873 0.261026163168111 0.0624444737988668 0.0976139039217331 0.0229211271808843
0.145572216745808 0.188987548037575 0.135769154693291 0.0445978624037181 0.192114117727418 0.152461269182936 0.113213812287811 0.0272840189214423
0.0384162742780878 0.0287330264967569 0.293548130987998 0.156280725190941 0.247499577229644 0.0118110947317141 0.00154147973700992 0.222169691347848
0.0156987464421142 0.202303700432773 0.00329020788990934 0.199042061437854 0.172704873569391 0.193707078258394 0.127631896756406 0.0856214352131579
0.00630094908744579 0.257515087855812 0.0790081871639771 0.183874827890532 0.106851252288169 0.0311483263701563 0.175861123106861 0.159440246237048
0.145920055780435 0.0414143194944312 0.22455962663223 0.102010448090835 0.0244245343476662 0.162047091226377 0.134367955899511 0.165255968528515
0.0937407993854281 0.060387583185384 0.155127986888376 0.0273489052572406 0.165146253901394 0.15868699602522 0.148666256915038 0.190895218441919
0.254272398269991 0.0219977577034036 0.00346102577880334 0.0523484416258181 0.0260849513752262 0.145235103462179 0.183077332279175 0.313522989505403
0.031271031148043 0.210974876130741 0.0616165374437227 0.0380179254396774 0.175239080126352 0.139804754515342 0.16812277536466 0.174953019831462
0.103989186220902 0.139181574823558 0.0702394839451393 0.217424348310661 0.227363734532569 0.00989723768514475 0.205797438470175 0.0261069960118516
0.228118106504375 0.0335974590795022 0.135143567624475 0.135569901131436 0.0439281520116115 0.0237719313917706 0.197707039838159 0.20216384241867
0.199364305087394 0.179142779978231 0.108619269142421 0.0565073324097376 0.175446530970952 0.0155103859724149 0.178606511240823 0.0868028851980265
0.0331099493795161 0.183203870165082 0.0432639873322446 0.0274542444333406 0.302326758227529 0.0917474403467218 0.145457424653945 0.17343632546162
0.0376527798549173 0.0797604121324921 0.213310432466852 0.0569971486200617 0.00204845265433124 0.293234220596955 0.0403122982827887 0.276684255391603
0.164998924344803 0.207453910565165 0.075456639147329 0.163114318131098 0.178742088697614 0.029066527814306 0.0542924137951994 0.126875177504486
0.238986045982214 0.190321675024919 0.0277451938660465 0.137151684726824 0.0159936474309544 0.186261951363593 0.178039263105606 0.0255005384998424
0.0690220657202078 0.104512189110194 0.236327598394994 0.0698038652744735 0.0307699489676048 0.237002938719002 0.218155340998885 0.034406052814639
0.172364171967751 0.0346162628302764 0.0465171591802053 0.18519164832257 0.131196751539069 0.124231963573109 0.148035284150142 0.157846758436879
0.037552324001224 0.179130857310383 0.137167158141004 0.0426998823053674 0.0995764935076542 0.147573917988821 0.221512194500199 0.134787172245347
0.19298199832902 0.246580813548326 0.0764062150797545 0.0502202238795313 0.133040230185462 0.0862206660099642 0.0707653339241453 0.143784519043797
0.211679592839542 0.164900096478203 0.0417198098859577 0.286659879406252 0.00192191138996432 0.0378329257410499 0.16390438553746 0.0913813987215713
0.0116968358200366 0.0617697564149778 0.298664304247436 0.201247689078122 0.0266885247503531 0.0928595249912976 0.210025582722484 0.097047781975293
0.0116696252443378 0.148483109213367 0.190085722164488 0.0367782553364759 0.190571124567207 0.163469548433135 0.174264901616386 0.0846777134246036
0.0804301671375318 0.0639885842620452 0.160650273028113 0.0424986062177169 0.300433709550728 0.328484023722254 0.00917215509959781 0.0143424809820132
0.102454156176455 0.162957365983491 0.184632898075027 0.080035846159564 0.125402090078441 0.162727496267014 0.00106872764618702 0.18072141961382
0.309052004169783 0.205877434201557 0.0142132831528567 0.303606677262623 0.0180518297487601 0.0668862567724157 0.012659038322489 0.0696534763695157
0.169379277199334 0.0797554759204517 0.10666050217154 0.132930402990405 0.122008870719526 0.124939019964572 0.0756121003215105 0.188714350712662
0.0695448306338633 0.176377711904596 0.150398872534888 0.0190229337448072 0.199264684073691 0.0596795870251618 0.212734063917905 0.112977316165088
0.0201550759453884 0.150098685934826 0.128960220691598 0.0471963154098519 0.0487504122131297 0.256120104817362 0.14692596185188 0.201793223135963
0.147080459789172 0.153156791940051 0.0240205592579703 0.192203489517523 0.146879122927391 0.0955194366588485 0.14404731720218 0.0970928227068653
0.00822319301438948 0.220083254386613 0.136564814304235 0.191467224054601 0.138082478146733 0.182419240942756 0.0400670718741186 0.0830927232765533
0.0518936679123685 0.203504803835436 0.0153596005586913 0.148677415057046 0.0969412162008258 0.0494917358230807 0.208409653894326 0.225721906718226
0.0123752519900953 0.135523231158944 0.0404021388319258 0.0623914187628841 0.172006904129903 0.206759383916865 0.206849531814405 0.163692139394978
0.16369461045371 0.0834272551600662 0.143057596695146 0.151955090762209 0.0158587385787459 0.155039023490924 0.117617074074417 0.169350610784782
0.178880562245852 0.271608767605971 0.260733118999097 0.066613645156725 0.0927767087414513 0.0361244751617806 0.0449832282300496 0.0482794938590727
0.121374986776021 0.225405314509726 0.201568385113938 0.0191709953338916 0.141655449835787 0.184127501451931 0.0417796488006488 0.0649177181780568
0.0427009101361978 0.173201927515693 0.270716021973756 0.198263053820974 0.0265980694901608 0.174566590239127 0.111792441572663 0.00216098525142815
0.197846762063582 0.00163923265249222 0.206269578030624 0.102352244052905 0.232862239176091 0.221559678328254 0.0114067347040473 0.0260635309920048
0.0871338135799487 0.198567826457691 0.096707611392899 0.0260402076278777 0.0668531325749406 0.175804186223528 0.210478696252744 0.138414525890371
0.181948691801174 0.0665977741849273 0.148755782222267 0.0455282565009025 0.0164761937774558 0.196110509311728 0.170127893375171 0.174454898826374
0.0342561558494154 0.108430778960485 0.246386398594238 0.143546030929533 0.159562956261215 0.212699943251872 0.0103030709640248 0.0848146651892167
0.0966742782564973 0.0758090548487061 0.107822962045474 0.155557765903308 0.153394303062934 0.154045762001758 0.119657177816399 0.137038696064924
0.235740620051217 0.0831517540947541 0.0373134010866505 0.208121460896332 0.106633148437834 0.00937233449692803 0.0705003466656035 0.249166934270681
0.00641482915363445 0.0246779212660315 0.225764350503906 0.0378639948476431 0.159920548477729 0.0927176965056105 0.204360022369548 0.248280636875897
0.162411511198832 0.0812298255769746 0.192082557492396 0.135152844148297 0.123393328350869 0.238773778956064 0.0390435652184834 0.0279125890580849
0.114460871622176 0.159079443088817 0.144532775325037 0.169454174488595 0.0751264216863638 0.0514126253729192 0.0568816684549119 0.229052019961181
0.16386218626646 0.0515960115445395 0.194034967683103 0.149256212572441 0.149077856813442 0.107873718173104 0.151561845137205 0.0327372018097058
0.173758859006356 0.0875137024981486 0.146087832426352 0.174944450876376 0.163134991084625 0.0765801988918674 0.0713190091017503 0.106660956114525
0.136686022256724 0.0958501834933379 0.168420109064476 0.170454423787412 0.0631387607847069 0.133575582632765 0.13227158723914 0.0996033307414377
0.122659378392819 0.102643382556639 0.0688558468343679 0.140569737018725 0.155336994541036 0.175155674222672 0.0517477412185229 0.183031245215217
0.131492916244364 0.0544796620451211 0.0782066749108044 0.185232159976663 0.110581621421711 0.0835908109720458 0.248080039328465 0.108336115100826
0.070938266407372 0.12825356636474 0.0705145635949896 0.217200227999129 0.0810976195719957 0.134822966681781 0.241126698268031 0.0560460911119618
0.115618489197556 0.000946639887352383 0.165169209166264 0.187943448939207 0.0638380721221133 0.171868191261575 0.02266390635609 0.271952043069842
0.137669132524388 0.143120742760701 0.050649623588477 0.0709525681426518 0.372059785955221 0.174879597065877 0.0129881431731747 0.0376804067895094
0.08035956563683 0.238050061408781 0.121042293919198 0.0779708487903749 0.209708152490131 0.0216555724100344 0.189609365829597 0.0616041395150537
0.039975562968878 0.156679439226497 0.163533771031241 0.0569540938272639 0.233406399479424 0.0392496155187197 0.255394604132184 0.0548065138157929
0.0283199395102872 0.18577321804165 0.0279822278080406 0.193733702061877 0.276585009882974 0.102295949958359 0.0249007923856486 0.160409160351163
0.0871904381222296 0.202066342365813 0.101729249203487 0.144808012339858 0.173488013022589 0.128711018658277 0.131433782339863 0.0305731439478837
0.122222048364788 0.175493415803913 0.0525737584684973 0.110523779274245 0.165210595295187 0.175483169548639 0.0955166364168386 0.102976596827893
0.0492217234826633 0.188963080934247 0.0111742703639598 0.00504379799690475 0.158280094517415 0.139700147512531 0.281651268079576 0.165965617112702
0.232008763286707 0.014862987197425 0.0354014862688784 0.191867410881996 0.144963030701971 0.0841102738016026 0.0262191773266901 0.27056687053473
0.0607214623636006 0.00262668192216678 0.120730977397211 0.251245512621202 0.165339880555408 0.0271254847976553 0.175402573976247 0.196807426366509
0.0216808327014062 0.192706143099037 0.247729664883609 0.102354822774128 0.0462751323836352 0.000781583565126982 0.250435836953504 0.138035983639554
0.211985539816041 0.1120077983762 0.202981203039244 0.16209459401584 0.174537819783169 0.089730106363523 0.0436721128004866 0.00299082580549503
0.0226552436715395 0.208598661094933 0.00707390133589271 0.0614333923987482 0.296855754503329 0.0393114606958145 0.0947716923982534 0.26929989390149
0.230719541308251 0.032390804492685 0.237960386765999 0.203608384939509 0.114157448632618 0.059531371802861 0.0558880469008258 0.0657440151572518
0.1223092131003 0.168804366155571 0.112585549945692 0.0335944813422523 0.195079876441682 0.164645103283809 0.0617804906045251 0.141200919126168
0.00880885683271691 0.068327575972915 0.0379448115818112 0.0237233838361641 0.00434571446997064 0.334220977290284 0.376410281762986 0.146218398253152
0.202541883336433 0.0804785417121493 0.172070155803038 0.0956610234919772 0.0455580691402837 0.050944594163996 0.224516479262756 0.128229253089367
0.196122388879887 0.0879790713122431 0.202820369722841 0.0307004426887263 0.0356046913504773 0.202867896589648 0.149797822880957 0.0941073165752194
0.0772908196727398 0.153906324881001 0.0123976095290747 0.209517430323098 0.167848401496138 0.162141049042541 0.211106922856371 0.00579144219903596
0.158905761897659 0.175019198699515 0.00691827208172866 0.307831240772228 0.238499424776594 0.0193336001793442 0.0749745935402869 0.0185179080526445
0.104574500588292 0.162458683012395 0.0598196034584897 0.240369339787341 0.0933319167277241 0.162193022301127 0.0159445336504323 0.161308400474199
0.0821377411078589 0.227616043458764 0.207217167829592 0.0962783016832474 0.0495852891458926 0.101482410480403 0.0697623943581438 0.165920651936099
0.0750750722275951 0.0337432400721857 0.154218491988938 0.172081658800055 0.190603317098273 0.197893562863262 0.0707877687518488 0.105596888197842
0.177847989898355 0.119216887954736 0.0500177862068012 0.120826995644539 0.123855012303214 0.145709253957276 0.138659244044995 0.123866829990084
0.247951312595634 0.16210645019527 0.209092004383578 0.0634294164897887 0.00616781652443684 0.219973221780783 0.0773692913426989 0.0139104866878108
0.0297026577134566 0.0990877665118084 0.22630071706961 0.065168621561978 0.0707254488756496 0.0657571904084576 0.16593895756328 0.27731864029576
0.0540128262250575 0.20882160839956 0.15332056429907 0.263769849052575 0.00385275947934946 0.102632927027576 0.104015088380243 0.10957437713657
0.210257520242168 0.170379613110305 0.158158029928559 0.146134142471361 0.0118735404308553 0.147482514892051 0.0867527468149626 0.0689618921097381
0.00662883676989014 0.0566662238723858 0.159807205336171 0.296726995697568 0.027087303410212 0.205297403150546 0.187031131650503 0.0607549001127239
0.00123233209572045 0.0583706721007558 0.159221120723921 0.221404181864998 0.0321034328740884 0.260757138990924 0.213187375301238 0.0537237460483537
0.27422209095572 0.231965517852114 0.0244088558861548 0.0251601065404595 0.0204695733216472 0.119475815836494 0.191328985181098 0.112969054426313
0.221004289692101 0.0469968391457445 0.182041147992773 0.240856246442999 0.111492079038604 0.0240248651921727 0.0365118227150141 0.137072709780592
0.142896877082291 0.140671053489674 0.253692693195642 0.0647237285465517 0.0157071456804274 0.139832799218993 0.188849169817507 0.0536265329689144
0.081492031014059 0.0348341582616295 0.22707623807235 0.119640171456132 0.169588989358154 0.168943409497231 0.0515857710030054 0.146839231337439
0.157566885327128 0.0488780652372983 0.0748328616370215 0.0214832181342803 0.0241152724077596 0.0649223376898024 0.00721189509501218 0.600989464471698
0.137195216277655 0.144411625968505 0.16041649727987 0.0615526117945239 0.151092448907013 0.114619185410334 0.110204287713798 0.120508126648301
0.118444540918811 0.0322503374042999 0.160205734367729 0.133545959690119 0.160876231935295 0.00677113831955111 0.189965605347659 0.197940452016537
0.0549346426171267 0.200130392169211 0.102747525689297 0.0606999116711847 0.0506452890126513 0.188515828207151 0.123523580763669 0.218802829869709
0.0159810288820014 0.117357821475604 0.215383684070184 0.024676432579303 0.175316343657398 0.121367305920585 0.19853648056026 0.131380902854664
0.128915198322606 0.155194113869901 0.137779876942812 0.156883607182785 0.0470395148205724 0.13064942816197 0.0826696105217962 0.160868650177557
0.145031925491876 0.0616090852919328 0.0691115441798181 0.0799687019561876 0.0406811557291828 0.13376767892788 0.289762646256807 0.180067262166316
0.0878657681486028 0.158436043240105 0.211288785209268 0.135914746758975 0.0460306947356142 0.183850920520527 0.131066810210721 0.0455462311761873
0.0502498465437317 0.063208538135781 0.0791723808286809 0.236931270517572 0.0847964191010905 0.15982996834514 0.102666622845689 0.223144953682314
0.169039469360503 0.266652166694317 0.0917807574715774 0.089434291563843 0.00920532627815529 0.0378329951194485 0.145302227270067 0.190752766242088
0.087080090883471 0.198089534095964 0.147894324074664 0.169754122457566 0.145375163548876 0.0556311130636125 0.121681702478993 0.074493949396854
0.160640648928396 0.114815388258754 0.133082557964768 0.147949546778825 0.0907132541428722 0.158541631441328 0.158104135813086 0.0361528366719715
0.0377109498055575 0.0314094508441084 0.0953442916136705 0.197631532405501 0.139442565220033 0.131022868401705 0.194587887501548 0.172850454207876
0.200939365170102 0.137394494804689 0.052471320109033 0.192551053629288 0.116938642520669 0.107781548326446 0.0725968548845662 0.119326720555207
0.0874413307997293 0.17791899269517 0.209589863830961 0.0828738393830063 0.168745814640904 0.137179246457549 0.0362336742531043 0.100017237939576
0.0253294827228679 0.157764811516145 0.0744194390492929 0.22629660990235 0.199112297070112 0.193290852584013 0.0989707508692328 0.0248157562859859
0.174545984121078 0.17392521260802 0.1142784995948 0.0181473404990752 0.181327514395632 0.169617983049994 0.0839090591575472 0.0842484065738539
0.175181234295174 0.164908434486573 0.109963113406004 0.0403664657856973 0.103014518806112 0.168296738490046 0.0516014875405884 0.186668007189805
0.151646651116217 0.112180570596336 0.125125369279094 0.0679124554344766 0.0879838822900103 0.198042903267118 0.0898494593824871 0.167258708634262
0.0244727344277592 0.138094293099744 0.0765763730965506 0.0483473302408943 0.206556271154722 0.129249741427938 0.222966091526241 0.15373716502615
0.211727959915347 0.147316600005142 0.188702429510523 0.0295404430477904 0.0272312008023932 0.13382699040967 0.11698737452451 0.144667001784624
0.0838582903798362 0.150078634270594 0.176066488086686 0.157019196981183 0.1425364797668 0.0782742579334131 0.203176289562646 0.00899036301884083
0.00593300413904806 0.0690829699046288 0.148802281387149 0.118382813780472 0.139319460898079 0.196529148517348 0.167869639346524 0.154080682026751
0.149078178751522 0.0928119138439855 0.00147724179353575 0.317743997526067 0.122971152745015 0.0334749161154689 0.275715340647525 0.00672725857688077
0.131001872475369 0.114461661537972 0.187589486092878 0.00919754125919446 0.134469457218668 0.0805941366830286 0.187957868739029 0.154727975993861
0.0666270511071023 0.140197377717916 0.165001067528136 0.0774565099345579 0.129756096731879 0.178708233757775 0.171427535856746 0.0708261273658884
0.0269153341781227 0.133658831776062 0.176182190305729 0.123464811559036 0.120379309843595 0.197843223835089 0.166281289416136 0.0552750090862292
0.257426464762051 0.0256807165085771 0.0227916678585834 0.0259253481808056 0.0867536880770861 0.152647728070461 0.230046949378712 0.198727437163724
0.118396738605569 0.0667682116312346 0.00656601293710949 0.213766612595585 0.125031492273404 0.242582669578633 0.00742107205113116 0.219467190327333
0.0551925017527971 0.0674630823464888 0.00311404123079421 0.129942616101988 0.224741566319842 0.0429691020478883 0.206202059610113 0.270375030590088
0.180514388414305 0.273300388961095 0.0608450591578404 0.0348398266311101 0.129534573438232 0.060147880856176 0.233313178714888 0.0275047038263535
0.182253614200916 0.0653246524115011 0.163176710506769 0.100351966817044 0.0812221252033505 0.179087867556411 0.020186512277927 0.208396551026081
0.0293376484431194 0.174261538937149 0.106475839398385 0.0309260150968584 0.171145963390579 0.111573266008683 0.184957915906928 0.191321812818298
0.0259832857988933 0.138687288026994 0.0595781919086092 0.302690410467488 0.14601599361381 0.0182303368278476 0.267755961135362 0.0410585322209957
0.0564578735525251 0.14650959541861 0.18077825419667 0.0881063885582107 0.124203392710786 0.187350825596718 0.170537369644677 0.0460563003218029
0.106861639168311 0.227757143938264 0.229952622437575 0.0977770822426695 0.134620398545943 0.0913463283779628 0.00433895032214822 0.107345834967127
0.0950112385894941 0.0794368610500945 0.0323314930166691 0.111856480313712 0.217013396755237 0.240602818151 0.0425136665585996 0.181234045565194
0.295815187088383 0.0582420160714642 0.0207129112752763 0.0165471152572741 0.151433212634411 0.261071483082466 0.17214114326407 0.0240369313266553
