0.0998055624476291 0.0947661550993359 0.0350961862921417 0.0856029515460415 0.0294088378717275 0.167968561417446 0.107274132295996 0.153766873536712 0.141404148568093 0.0849065909248769
0.122169213755811 0.114179962013537 0.152004600090655 0.145536251942779 0.0590759196900248 0.10118145234052 0.0483109073102931 0.142151885865272 0.0256515899967984 0.0897382169943094
0.122612659426617 0.0599442877724296 0.111716233208564 0.0843664156138007 0.169895595298698 0.0721412340093724 0.126927995802349 0.0830388047117817 0.0565556985231064 0.112801075633283
0.128336517189405 0.0621810204366387 0.111579329812962 0.150279820347824 0.120223288156012 0.087790063921341 0.0181894437297368 0.101866436824306 0.16392052479381 0.0556335547879642
0.065878067648118 0.0504824054889032 0.124554819588618 0.0712421979305431 0.139928499359452 0.0694035466146802 0.161606558824835 0.0991840290532798 0.105161812083382 0.112558063408188
0.183900803131556 0.00965646648340228 0.0202568441276293 0.153733899644074 0.051947894863348 0.152521405521784 0.0420710155978658 0.15213121930445 0.12877813778138 0.105002313544511
0.00313935024151071 0.158924444084293 0.0310652699658402 0.216142372770474 0.145876104560797 0.131827597718126 0.157731811512275 0.0525413285967102 0.0189346806339887 0.0838170399159849
0.125707287465944 0.0356203164343439 0.0690611379262546 0.0615409018343061 0.114512693195684 0.138023065017098 0.0538301909729478 0.116945473110046 0.174416964288201 0.110341969755174
0.0752364215634248 0.0948376640792524 0.129320466582467 0.104771104727235 0.146376828711726 0.0785233672182796 0.11635125652211 0.0611445775625267 0.148551335375477 0.0448869776575009
0.083773985422304 0.13207988942889 0.183858419207363 0.0350937293027574 0.120751196058756 0.132763320635277 0.0158704017353347 0.198712403473115 0.0553173911403839 0.041779263595819
0.132837867988771 0.106354763981213 0.0385319011969316 0.00474568196628368 0.158971210757491 0.119206595077941 0.146306731128712 0.0363640207063681 0.0874881028618724 0.169193124334416
0.0716037331085344 0.110110798418284 0.173836847610043 0.169334998202221 0.0128750063567986 0.110431517963321 0.114081562099211 0.0774032268449796 0.0599282027507594 0.100394106645848
0.0143466446281162 0.199316713795352 0.00953297035638237 0.159110459443307 0.128565703904438 0.0709364769020682 0.183930661041909 0.0406038111732098 0.0136493306781396 0.180007228077078
0.211513179103664 0.000152814807541256 0.0116247932264871 0.189128868093513 0.0616553411205062 0.106106921339994 0.156097319438811 0.0597272463761489 0.0883435473552268 0.115649969138108
0.0632854736921473 0.171040713895705 0.153737441786794 0.0176220737571564 0.0196893624471031 0.166641475832698 0.148062725920467 0.145880905252447 0.00481211454876943 0.109227712866713
0.0641169775988453 0.12531397582207 0.0909702843875356 0.217861934541753 0.0284109872539717 0.00322420737699546 0.171025763016575 0.0554081851022742 0.177043557777655 0.0666241271223248
0.0900976685276349 0.00224885008490056 0.154062731355574 0.102057402022046 0.0409546291072685 0.039480451086688 0.0968660514410214 0.115115630309369 0.151356687107816 0.207759898957682
0.137099441880258 0.093090946873293 0.108494059118805 0.14255187491836 0.117496766655815 0.13130522913213 0.0689264147047527 0.0929057461609443 0.00699850801324995 0.101131012542392
0.0585249988098065 0.0812368088793113 0.117054226773713 0.110376337417922 0.10769542575153 0.0868634207900018 0.0800976185395703 0.128770588798292 0.126907370485701 0.102473203754153
0.115213267683827 0.0546465129059475 0.124361590990995 0.0814995582017237 0.0998704492754082 0.0798215370380958 0.162305128122889 0.17179513711822 0.00450640103485406 0.10598041762804
0.0421088698271344 0.137149472725578 0.111960409590329 0.13360843367461 0.121190075859373 0.0493000998794672 0.108999371969839 0.0319646410860318 0.114484964009189 0.149233661378448
0.177928775143778 0.0267832208575069 0.13599805284519 0.143637557172086 0.00425516216211671 0.183112785366457 0.112082373671167 0.141652009256678 0.0405692566581972 0.033980806866823
0.0274088967247173 0.170281067167417 0.184718291919656 0.00374234993310902 0.065696988855145 0.167902665092321 0.109079172410789 0.00665329262216197 0.152929531865577 0.111587743409107
0.122396274354555 0.104287633209692 0.161624492754091 0.0942742214627947 0.101376063550882 0.0631110413946818 0.12402945056228 0.13358098347554 0.0365035110442931 0.058816328191191
0.0897589352485638 0.129516383510798 0.0264259061701665 0.190992508574783 0.144275199984684 0.155450555774078 0.0815359229775578 0.0739998584111545 0.0459064341207475 0.0621382952274674
0.0278013897799575 0.110307545335023 0.110324985478109 0.0708326298691576 0.0209339492857783 0.163130660014574 0.146745552822757 0.104702811270774 0.153942222931123 0.0912782532127462
0.197151655559439 0.0192685517037992 0.000688913506973956 0.0208965895134432 0.196908806611198 0.141307070789169 0.127417749226362 0.0886051091847594 0.15933177985466 0.0484237740501961
0.0449670788461811 0.0785440117579456 0.151259828964994 0.201755881822392 0.197703525781545 0.131407061513246 0.0275584667082455 0.0872710234442622 0.0153289200717992 0.0642042010893891
0.0661362749183554 0.00294498872403384 0.178870675630157 0.0895410047338511 0.0911116086282562 0.134449173814001 0.183353118060837 0.102522907363806 0.145315019252677 0.00575522887402504
0.0640974771720386 0.115544165609395 0.142830585626735 0.227793666647635 0.235950751284738 0.00329223683478624 0.0715468710519999 0.0151737741641375 0.0410574892081309 0.0827129824004035
0.0825914522396781 0.0983212957182614 0.16872308217575 0.102380400167426 0.149576366938218 0.0226364132271593 0.0153605080192945 0.118335859665652 0.067642446725066 0.174432175123494
0.118166427445241 0.00885491939348976 0.120697972272532 0.224679904606779 0.0858299589794535 0.115053495723283 0.136057394810197 0.0760823913779354 0.0730059086374917 0.0415716267535967
0.0958201853426173 0.129074672220064 0.0564422715671207 0.164301065045043 0.0622270743196198 0.032717071348868 0.062013828217348 0.144889773294597 0.120520381889401 0.13199367675532
0.0828673967887305 0.0562095161243323 0.0392582119044623 0.0270049732424196 0.0341083766723458 0.0986950643804793 0.184022365245575 0.145119930229886 0.13053541215438 0.20217875325739
0.209819776189891 0.106563057382938 0.0768303312914163 0.0827628646462985 0.0635906829220523 8.82465558790191e-05 0.149189376733339 0.0635977419663528 0.102002550143577 0.145555372168256
0.00816217874074034 0.154633643308933 0.139325702008892 0.0172214404933277 0.174051586474867 0.180434228099243 0.0494073693302514 0.123924894554933 0.119366995488579 0.033471961500234
0.131779947694662 0.0739801937487135 0.0999789181671915 0.138391414824796 0.135768896607091 0.134206898618308 0.0650245398310371 0.0598928136227845 0.0484581183557688 0.112518258529648
0.0894491942868687 0.0521734410023622 0.0710730976052565 0.125368003745429 0.136619505877812 0.116940878319064 0.0209941014707339 0.0905821830192453 0.15756651267054 0.139233082002689
0.0533807739481532 0.107797412743804 0.184016459509704 0.0633733709665405 0.11401566043572 0.00868290713852666 0.171479848271758 0.0294788726352047 0.122418497911635 0.145356196438954
0.016052092998006 0.0963000867451957 0.0795811343449657 0.219063744200782 0.112777719935225 0.056155905818412 0.174467941594683 0.103295763483524 0.00539558124907797 0.136910029630129
0.0376599513101221 0.0898426811396593 0.0345791259442221 0.0669728728341724 0.0562185626528381 0.150201246427888 0.176681981202364 0.0196788431182939 0.198274065939997 0.169890669430443
0.14866318976395 0.13588562582411 0.0268339978114876 0.0920308790745246 0.12908986785374 0.152187251186348 0.138179108919322 0.0528022605553544 0.0546124123887537 0.0697154066224083
0.0794418332439613 0.157001006047033 0.0781064599794278 0.0920405605901336 0.105151986558549 0.0711799933977139 0.0905056586401476 0.183586099256959 0.0898683002048937 0.053118102081182
0.079339392016311 0.0426932409808098 0.100984349868583 0.103385789130338 0.101974753202086 0.138757386506014 0.0957640950759012 0.122610580406885 0.0917707722260044 0.122719640587067
0.037987318361239 0.165249691143546 0.00743131180045246 0.167547074472782 0.0955610689262224 0.0131933378548108 0.0956945613944041 0.124201743354997 0.145103554438344 0.148030338253202
0.0261491086226777 0.0963827052990074 0.059265629275991 0.205204802606897 0.167761510935347 0.0717314763639327 0.0364043433387332 0.0935633828935802 0.121808830879883 0.12172820978395
0.0717671132706257 0.143746077057101 0.0361309183141553 0.0140464437391405 0.225301336828593 0.132718034953704 0.0486002622771339 0.0763606033647116 0.0720172653473223 0.179311944847512
0.00204213366333137 0.0596946846867246 0.0815615677819859 0.163350135222929 0.197220333918761 0.0346102609090916 0.237937717828655 0.129970377110492 0.0266220362696901 0.0669907526083396
0.0754076318036818 0.0165937396481997 0.186144534907141 0.110136454209908 0.0772189645059411 0.165092772542449 0.0837836564293169 0.0720596582074699 0.0356835874843703 0.177879000261523
0.075897863883618 0.00285113960089541 0.156244189684991 0.0890946463304617 0.162731980526461 0.0134771636003531 0.157181791690869 0.119140636423554 0.182728493813285 0.0406520944455119
0.188079914679226 0.0154342834430323 0.201477005865257 0.0710138822662125 0.105416892293113 0.108934570164475 0.0315750079155378 0.0213657619046459 0.146995060828411 0.109707620640089
0.139536739816555 0.139305201614425 0.0107009642959123 0.0881456595635576 0.114765057953012 0.0892927457398231 0.105644546166913 0.141093173338013 0.108096754290342 0.0634191572214453
0.13901067027363 0.160625905224485 0.0757073983513341 0.152636217947776 0.0273888350930577 0.121193593292075 0.0723047005636121 0.0622860801866688 0.0724262162600131 0.116420382807348
0.135203728541495 0.0537279753324503 0.151622135959879 0.202931585445914 0.0946512245052371 0.123813201232777 0.0267632919171379 0.0885672621412677 0.122108631879736 0.000610963044105802
0.0609140929503211 0.120793315919617 0.00683357648692996 0.126948542005962 0.145873274891617 0.173703998823905 0.151040876274351 0.020056923658557 0.0135691607779878 0.180266238210751
0.19824566213113 0.0445249256052928 0.0818544869049276 0.0890599861009807 0.028531601033033 0.14777805616816 0.0058556336577039 0.0820215213819069 0.121176782965043 0.200951344051822
0.0493386095997475 0.163684373732073 0.0630781795199877 0.0649650104220292 0.212069951839193 0.0189780950068607 0.159831469035046 0.213623406398767 0.0201794982182911 0.0342514062280047
0.123385225924683 0.0159587071927277 0.0198327141491583 0.0197945194729474 0.130405973089809 0.165334924840393 0.0885268947317765 0.172030638758935 0.086545827294987 0.178184574544584
0.0215645664573441 0.0593299362214923 0.152056524518037 0.114309428005121 0.129040508695326 0.150494583789184 0.0827916706924742 0.0933959322802012 0.110286666285981 0.0867301830548387
0.119398343773373 0.0796681829114249 0.145712590925647 0.0292421112680076 0.119851510039157 0.121306327751241 0.155719561713967 0.0441515424724011 0.0608510459543963 0.124098783190385
0.15467443137761 0.0446446140273596 0.150157442292124 0.090054751456827 0.0897301926744826 0.104397718934515 0.135853114967773 0.0432897436844539 0.1521321816988 0.0350658088860562
0.0716886850328103 0.150109968372314 0.0932379061719895 0.117811857652389 0.16468782375052 0.0287992869890268 0.147931374616417 0.0649233616127235 0.0976905112983091 0.0631192245035016
0.00156053458402692 0.181561250583751 0.044699883189123 0.11337193625888 0.159668735890307 0.129523038814969 0.105797785551343 0.0154387881821755 0.199467364876496 0.0489106820689281
0.190799578527664 0.203715786402635 0.284292579003864 0.121116696849753 0.0679143356910376 0.0428460497382248 0.00421823515000833 0.00312812054581086 0.0307883245989574 0.0511802934920456
0.126833880827084 0.0999001749450644 0.132597526472126 0.0572010961915254 0.0839548229031309 0.03407522636745 0.0691985457746754 0.161400004127431 0.156448838063623 0.0783898843278888
0.059378855804594 0.159622392213747 0.0550962281532046 0.0236537220124521 0.126823536690888 0.152199412829647 0.0529838675053369 0.152393589270655 0.0862431514217855 0.131605244097689
0.0515496578154422 0.14938481327981 0.0112726036160759 0.221115574538884 0.0967973071331162 0.18415176849563 0.105287000673868 0.0811727781388985 0.0574808600030438 0.0417876363052311
0.150883803357031 0.108883551348548 0.0481698415058995 0.194948936633446 0.0809840472385348 0.122609912887506 0.111034837915541 0.127927704249229 0.0498391410820027 0.00471822378226286
0.0141525591066772 0.130136329893029 0.064205041593123 0.0351852710484863 0.190155266209804 0.148910616605424 0.0657696530896367 0.10673199251394 0.185987180221431 0.0587660897184498
0.0141908632680936 0.163796302421855 0.112323283168932 0.0230122781516934 0.200743517760465 0.0735723626089328 0.136230133651295 0.161892571297192 0.0314895832270018 0.0827491044445395
0.182592869256469 0.0442180359268659 0.0591687458122847 0.0987459008220019 0.166295202068631 0.0678103918987243 0.0364906851216473 0.130629977268004 0.0319036004352878 0.182144591390083
0.123624105362499 0.0274023693172028 0.0591006869110301 0.105123631364194 0.141543314712812 0.123244330975432 0.134548413949476 0.129790558259009 0.0637381785359625 0.0918844106123827
0.119196236053131 0.146240840001844 0.119409543295004 0.010522346895538 0.0832581535032302 0.133332825276319 0.104506639740612 0.0348007268951593 0.11905431576457 0.129678372574592
0.12565534413069 0.098259015659966 0.00326997982546143 0.100100718208099 0.00151218950561021 0.235122064344971 0.16992440670191 0.180397980071653 0.0584029539964527 0.0273553475551869
0.0443063900786616 0.108154922726746 0.186310285466901 0.112071574284197 0.0819133612258196 0.027461891685981 0.0990163486191208 0.187519937375338 0.126895007812426 0.0263502807248081
0.164095365242792 0.167978640067842 0.0331645023616687 0.0565315557158098 0.00256049844914561 0.0158221955339586 0.130492256249483 0.108619257304755 0.142577156396959 0.178158572677586
0.212974400837026 0.0656721128427417 0.145139855274991 0.105487600002183 0.0071716925508815 0.0649987199443088 0.151681162349953 0.110291599913738 0.0785326609213678 0.05805019536281
0.00781145451342703 0.111033100632155 0.207243957889994 0.0396414619451218 0.0953041311715342 0.0349454706291312 0.19168672315252 0.0997879022713955 0.127801694175521 0.0847441036191994
0.149871774959501 0.10726408496968 0.00785914047429041 0.0751120176905144 0.162731722637518 0.106640906083953 0.0944653266849704 0.15511286096103 0.10188785884979 0.0390543066887538
0.170388511773197 0.195295823206195 0.0932725569340759 0.0121552714193365 0.0167974028530259 0.158182962435124 0.0550435674024884 0.0454009921446468 0.153290368009764 0.100172543822146
0.135700181435455 0.00698354530207514 0.129456737041633 0.0376628349830707 0.00177574110770151 0.116715569235204 0.116801124603112 0.085395929079278 0.147384407086898 0.222123930125572
0.0187979089963355 0.114703000928822 0.119510187765186 0.151213532989671 0.050249113205309 0.105311483650638 0.0981094726068129 0.0851443092210734 0.110364455902645 0.146596534733508
0.116171832419962 0.0865085839271531 0.17274346316992 0.135709463508722 0.113515147475388 0.067422481175953 0.048446268539405 0.0646910032481435 0.0412920906216103 0.153499665913744
0.00174904680641058 0.138550839294574 0.122513213988503 0.0907626632476079 0.147783188860985 0.086700484052905 0.113521232069174 0.0695142849878472 0.132108643623407 0.0967964030685859
0.0888403070849905 0.0211978711190256 0.202584076952107 0.18746498789535 0.148454883864557 0.153731453156545 0.0550321696339621 0.0268641198923609 0.0160639537921958 0.0997661766089066
0.075439595408371 0.202218983464815 0.03384117338209 0.150333747611093 0.0484339431940521 0.049450839029206 0.116737673551875 0.0287382257054962 0.173253347438219 0.121552471214784
0.170816623624982 0.156939228654436 0.0640284105102424 0.0834377544425589 0.0906796821616004 0.0615187054882093 0.0969108382865426 0.0172770160003296 0.0933257325767185 0.16506600825438
0.0915895321628799 0.0969006885592982 0.0253496522484647 0.0602611759687561 0.155965559929033 0.0103276962717396 0.143438487149128 0.165545197665904 0.142075322528715 0.108546687516081
0.213391785499409 0.0569209086161199 0.0267642832653161 0.170354244985385 0.0591654820790597 0.0570778444637033 0.105985428161276 0.0149071450530896 0.0715031456023476 0.223929732274294
0.204070752147006 0.081480229271079 0.0382349375221693 0.0135422131310345 0.195053792334843 0.0636575948766872 0.130594916830473 0.104409844199349 0.0431876050509754 0.125768114636383
0.000622249309097435 0.0657503577741585 0.0439629917274161 0.049257051528205 0.053684781016545 0.162903567479404 0.202317613417166 0.0917001215277157 0.161081727967748 0.168719538252543
0.0524513790412849 0.0358914805491024 0.046032500535802 0.14674856584739 0.186567978198011 0.191981375477154 0.163705521431413 0.00737658987576205 0.0810920572647557 0.088152551779326
0.174973732884594 0.0569864337754354 0.116561486965577 0.13440293304731 0.0987594817816243 0.0529122179379869 0.0410644418244504 0.0417918350779646 0.121041776589706 0.161505660115352
0.00622176063089996 0.15988496648465 0.165122540315284 0.00404849764361924 0.125457997855657 0.146687539613678 0.0585284728355365 0.126727500677013 0.0747811872471594 0.132539536696502
0.120640485943867 0.106453179678206 0.130331431098631 0.139910292466499 0.0200626324889792 0.1266878076141 0.013957094471744 0.147738264364024 0.178423995005619 0.0157948168683305
0.158890923149257 0.0818682889454953 0.124230568111185 0.150955768340452 0.02474746153513 0.154125922352266 0.0797504417570364 0.0678613252328844 0.0468424471303992 0.110726853445895
0.101257093908218 0.0270980667841781 0.157491904951485 0.197687313913234 0.205367973914839 0.0104312265431588 0.0652766588462831 0.0252552159318143 0.0153804421025004 0.194754103104289
0.0631170265102925 0.134287724407201 0.0873756677407491 0.0034223968373306 0.143560864558913 0.213017903321472 0.0212779622343879 0.0724329463472838 0.198786010021441 0.0627214980209297
0.110785778426129 0.0820382131801704 0.0453903546439586 0.0948867170625575 0.247808618489531 0.114224430677692 0.125964236534125 0.117105385762548 0.00451000989569004 0.0572862553275991
0.155222890813069 0.121222196106824 0.0418910245213552 0.0261512501754943 0.0716386544782812 0.123033753064443 0.10702704547173 0.0814028989402414 0.147742289093318 0.124667997335243
0.0459710063585858 0.0995301660312982 0.0732708358019137 0.00449958651771832 0.0294255541762634 0.112582114591201 0.145740505781491 0.133342534948273 0.281207783780601 0.0744299120126544
0.233528141534853 0.0321828776259315 0.134749218968733 0.190190850366285 0.013212396246652 0.0901020575938223 0.0480485008094142 0.0495191394379176 0.0599745452435006 0.148492272172891
0.0199077314556547 0.108293247403793 0.0731845402938241 0.123172969984759 0.132943599306026 0.254685084067848 0.124335814988594 0.0429181506229377 0.103838789727026 0.0167200721495374
0.287756517756689 0.144798033229687 0.078415249915239 0.0341900496145945 0.0311363530438365 0.135876690749714 0.129469610392712 0.0992484740871257 0.0570016559451156 0.00210736526528713
0.194363078218755 0.175267979797591 0.0022421762035128 0.145005319914466 0.0390331219115953 0.0136485164266905 0.00108818408703855 0.195474103345485 0.132934746905624 0.100942773189242
0.00164155593485327 0.0315661403226401 0.0201393327119061 0.0899954053642954 0.128863200000437 0.206257333107352 0.079382335986052 0.166486842023637 0.218789821241145 0.0568780333076828
0.0642782725627914 0.129563965486584 0.0279893030498874 0.124957415294525 0.135001042484542 0.123658272194337 0.0892186000501553 0.147786939451788 0.142133607299976 0.0154125821254123
0.109526482490982 0.0413646967480459 0.125056073811258 0.0155069618102469 0.13413238694765 0.0492912977214309 0.0775205805455857 0.148056317362286 0.145751344574654 0.15379385798786
0.191571070589042 0.00237620200819525 0.159728447473021 0.138819336534427 0.0778624448028876 0.075656745814123 0.00724561331347152 0.122443953412182 0.145714224719552 0.0785819613330978
0.0619288679078927 0.0477826757228984 0.11396240976996 0.216887898035552 0.0782782251261301 0.0926014138051484 0.101406989103824 0.0481149528410861 0.0132569569647888 0.22577961072272
0.0325106796303465 0.0748890209117244 0.141503765389688 0.128338912852523 0.094066358548293 0.14384528220963 0.110586285654197 0.130786856208849 0.0445822328983972 0.0988906056963529
0.0518763282589991 0.103675550254936 0.0993157013388181 0.11429828822389 0.037303357652261 0.0826707130648448 0.17578119738386 0.0814065783247974 0.141172367080298 0.112499918417295
0.0263106431678328 0.136362606113667 0.114498062844918 0.128190475441784 0.0695734996437859 0.0761437689179957 0.171313736817779 0.145267134819837 0.0936680043479663 0.0386720678844351
0.104343879936824 0.0255548709617073 0.0488878581489257 0.135274329196075 0.0752051183769169 0.0332931233345268 0.0946693378029811 0.186844991597735 0.113199100609244 0.182727390035065
0.108736753085398 0.178799393016211 0.197624845444532 0.00484639528715729 0.152491152499014 0.103350624347583 0.0481003234009093 0.000840091359634758 0.173518423748223 0.0316919978113376
0.136216400239767 0.153800842665476 0.0314747901738498 0.114919429069697 0.0641075238179777 0.132357094903538 0.121653279513939 0.0771823353125265 0.15358519200907 0.0147031122941591
0.0717742018504296 0.0778026176815027 0.166500550642747 0.165327441235161 0.0032500726749439 0.159488762087935 0.018960049584644 0.192899455675075 0.0638648491696886 0.0801319993978731
0.103606073956247 0.0752238254497261 0.182970195482782 0.0330014623207007 0.122807974299706 0.111053460249579 0.141319213628509 0.00799138106676593 0.0372878519353364 0.184738561610648
0.119889758898477 0.141834255134147 0.0926864941643058 0.0406499607255639 0.0256792312559072 0.174849600682166 0.0360400563838249 0.0545561059533155 0.142433581088033 0.171380955714259
0.0783425611895884 0.0340583858037565 0.0748263056642047 0.0413144524079311 0.114031362654312 0.0453977974174637 0.208006416996073 0.184370590614894 0.0417924546257293 0.177859672626047
0.107879158025567 0.180664094801311 0.202913306216827 0.0634293646129474 0.118939554154115 0.0649176927684878 0.0325035044238539 0.0359826297225726 0.0676400357246032 0.125130659549715
0.0791738645174346 0.114329167378728 0.0569056294538333 0.046529529668449 0.0868925021104815 0.207809061457876 0.130762232737953 0.0406230666558259 0.0510977446448066 0.185877201374612
0.00602651120841214 0.180347296869687 0.0572930203633435 0.13733813529555 0.181317882906121 0.119360443959375 0.0903762294595387 0.00817662900890338 0.0649801697405236 0.154783681188546
0.025207481607949 0.135585032212559 0.141338274958049 0.0130196333776853 0.0167336008077476 0.154647780619894 0.097522367577074 0.0979006332399522 0.185160563546593 0.132884632052497
0.0378707050742516 0.0470176486552203 0.0891760910607154 0.00578526394370761 0.173712935973105 0.105611015453582 0.0641862214204303 0.150957937091847 0.154225806714667 0.171456374612473
0.262328027569583 0.0819690708998332 0.0564491769615249 0.218834154194094 0.0690478419532078 0.0417610763640889 0.12344820979978 0.012513644878137 0.0247622828196565 0.108886514560095
0.0781076130043086 0.0659564831941679 0.174495259293165 0.0823619316503109 0.177384246917801 0.103487059701805 0.0215604175563192 0.123899380992537 0.107773877934038 0.0649737297555461
0.112321733868553 0.165571871260051 0.103029974422335 0.164816130193273 0.0129808817271537 0.016519012565257 0.0816992770045465 0.125005166739139 0.0625228154965767 0.155533136723115
0.0566862145048352 0.123057433293363 0.0532548507254904 0.0423950871247265 0.128065157173662 0.0654691301084701 0.0568911168480643 0.108835167314943 0.181229499583218 0.184116343323228
0.121826165649516 0.0697587407048296 0.197886093302575 0.0945152620085312 0.131776604444924 0.0663749901957508 0.16270728047309 0.0585306220062131 0.0718506841554765 0.024773557059094
0.108670259235047 0.0856600261988865 0.150701012172518 0.0762658191798173 0.0385264286809779 0.0301541213894268 0.0654825368020707 0.235349116010171 0.15029733249705 0.0588933478340343
0.117058535948621 0.0954402436253356 0.0575499314737209 0.0640667115814549 0.0931468658698142 0.0939405089766891 0.148874951338997 0.200569406621188 0.0651586160734203 0.0641942284907587
0.0527140694627317 0.162794083289678 0.0229253760149094 0.130381459881439 0.0573070148167589 0.130453346916825 0.216164842636102 0.11439100579788 0.0969355629345825 0.0159332382490942
0.00667834511549941 0.231646071694222 0.197329082517014 0.0866370796431011 0.00676310130911004 0.233328228936902 0.00959634040626613 0.101228542506227 0.0606009968357794 0.0661922110358774
0.00918542719069975 0.0178595498196622 0.0871336709634506 0.142139126942786 0.0731626000665812 0.157141169343613 0.0710163138791169 0.18197880577927 0.0769944439625483 0.183388892052272
0.12911534394202 0.120745574053477 0.121400289206591 0.0875091266972136 0.112321073014425 0.116521424133858 0.121807288415131 0.154340391596419 0.000984478175793477 0.0352550107650714
0.117141601329105 0.20148954778574 0.00670853929454016 0.0623908449327782 0.170111553459131 0.0904955592997829 0.115956004209027 0.149161129834059 0.0789107668593338 0.007634452996503
0.141592771439927 0.212295162266295 0.0622742951146321 0.160442762978643 0.0998675308462191 0.0393882127727899 0.00120362927333316 0.00478624987102898 0.226126807332783 0.0520225781043488
0.0603118582255576 0.102485293366571 0.139409180039145 0.0133048628716873 0.158470811115743 0.114534833494611 0.0211576435089557 0.155724482514428 0.140029670882416 0.094571363980886
0.209724751734552 0.131264652772688 0.000888949779757503 0.153091707547861 0.121049167826223 0.102541541604665 0.0790130341094975 0.0494116309359238 0.0966125232912388 0.0564020403975933
0.122793748906862 0.100538680994935 0.125606640439224 0.125047206877754 0.134398569869866 0.0563768315098493 0.11717527136501 0.0764582900098015 0.0675858789332885 0.0740188810934096
0.00340422872468266 0.202171452041448 0.0172867635218283 0.106838030599496 0.220712559912079 0.0982927415422696 0.0708870531358522 0.0904049983111648 0.0112601229848043 0.178742049226374
0.0110844350552151 0.180306825773793 0.00405851582467842 0.186487166437069 0.0190290830203359 0.0455206910430581 0.085937736815505 0.180095671059496 0.115073601214904 0.172406273755946
0.0164333758970649 0.176816153072906 0.0198262399549419 0.160486744837487 0.0126000788009544 0.106504002915065 0.121284803304459 0.161425234528468 0.0453786591210599 0.179244707567594
0.135456981113601 0.0589559804289289 0.0676870383691681 0.0781495729047818 0.137187222308601 0.0472427622613637 0.0720115349117722 0.152923651458184 0.136979002251627 0.113406253991973
0.00848763758857744 0.172739004491808 0.190901115404948 0.0162412538967283 0.0705256795964538 0.0299567687950688 0.056504576225368 0.150695474635717 0.0767180098279412 0.22723047953739
0.00560191377538478 0.197503175680364 0.227792031094226 0.171289043900333 0.0909621335296984 0.0470674797032773 0.0212833958808364 0.110076534779616 0.0921422740216005 0.0362820176346639
0.10129726004401 0.118120288064951 0.0324560763711393 0.0224193769983324 0.0943880551852557 0.0908727016871732 0.0114021005684323 0.152518170619273 0.147026596981955 0.229499373479479
0.0153876450247917 0.125837822331037 0.155571407177602 0.138165134846319 0.0217919012898337 0.0575943758297506 0.120511917571494 0.0866644605773031 0.164213292612003 0.114262042739866
0.136206589707302 0.0633289827735704 0.149838390921578 0.0596856935762369 0.0355871671864268 0.116568653179371 0.0467326069438139 0.168128818539161 0.0455589400261669 0.178364157146373
0.20531576755973 0.158200383941973 0.166975323068396 0.00280549693479069 0.214033279727975 0.008105543549621 0.0189148663181302 0.100926518656947 0.111759036039915 0.0129637842025208
0.130481528810314 0.0438964654998811 0.126685479085673 0.163315183278989 0.0788027783066608 0.096811092501676 0.160504368657414 0.00516802513609229 0.0627296186717717 0.131605460051527
0.0732304289195229 0.132853584449901 0.120047678307986 0.100060655431551 0.135782538658642 0.118764606358759 0.099645410388802 0.142746340723852 0.0662538231086917 0.0106149336522928
0.177290504384384 0.0868506968199491 0.059244519473018 0.0157842234273153 0.131447080574057 0.175693522589946 0.0810751601562192 0.00867243867788416 0.178038728418116 0.085903125479112
0.103363085071425 0.0978964377204138 0.129147372605657 0.127383931209698 0.0556131832346335 0.0985674372079834 0.122324904207376 0.0244118528467778 0.14501128054195 0.0962805153540849
0.0035886504982384 0.119253414640392 0.133537049706047 0.134846608850071 0.110820516833205 0.0521600604061361 0.187211318898637 0.0363254545258327 0.0443199626692905 0.177936962972149
0.000699023215778264 0.129133092173108 0.0960573444622531 0.119566966933938 0.0192948718888521 0.0301607108812239 0.176187639042778 0.236254473880976 0.0478547245075763 0.144791153013517
0.0224569751127537 0.15767670191769 0.161820182702288 0.149770637031544 0.154141370722788 0.0681524548270148 0.00648681478259398 0.103330797141295 0.10615982821544 0.0700042375465916
0.0291748178244849 0.152176350290034 0.162828774048283 0.18831510703436 0.104414923583208 0.0245407792010911 0.118436064278617 0.0640574717434943 0.0843389972877838 0.0717167147086435
0.0932225441628004 0.0213363579546939 0.0601281699962453 0.142756025475403 0.196714669742282 0.0336199327641384 0.156015184571359 0.049790003770133 0.0359848597156641 0.21043225184728
0.0224968559698307 0.121725173867143 0.118159669667698 0.140088464282779 0.0964253482459393 0.0869272908553176 0.095092834839072 0.157293248012508 0.0762457730344477 0.0855453412252642
0.00757761356486961 0.214262261343167 0.227464714644963 0.0790595898451818 0.0140647127389843 0.196126968866279 0.00368894120503448 0.045137218070165 0.196502644801474 0.0161153349198834
0.0895101151367662 0.127582402104812 0.119944151928256 0.0881185605663303 0.14502784769217 0.00188093090124719 0.134682611416994 0.128793674941987 0.126751970009073 0.0377077353023634
0.0670783041027506 0.0131679861577871 0.103171393613899 0.136990998883746 0.208966330251486 0.127884055048116 0.205229406762755 0.047108448852108 0.0444841020344297 0.0459189742929227
0.146141524671594 0.0742859171566952 0.17788651783764 0.114256874316956 0.115851486984516 0.014895889420605 0.155949914890486 0.0470418282279545 0.014501567263375 0.139188479230177
0.109122125752262 0.114033371664338 0.148014292867821 0.134514959168338 0.0680746941989644 0.0607162572397925 0.112268962326665 0.0668898571249683 0.0974677267526357 0.0888977529042164
0.254986956577212 0.0165222450116559 0.105678907816425 0.24957506715574 0.0896211114712833 0.0849113785965499 0.000358771813365836 0.0728166282350048 0.0611440826778958 0.0643848506448672
0.0648055939085653 0.133189189808411 0.05950715756378 0.0902632489073384 0.158169520380785 0.119202266769021 0.145771381904681 0.0910436701059083 0.114540023539336 0.0235079471121744
0.0590807244481391 0.160104369266743 0.0389445592610414 0.140738908672851 0.14258082069682 0.0686535225545441 0.106396709705363 0.0402524106645482 0.0862185850685987 0.157029389661351
0.00538378653879387 0.120699772991207 0.113733203460969 0.111536091295681 0.0973163637870823 0.145331667659901 0.0212714647738324 0.0898616970072984 0.130066739134191 0.164799213351043
0.00442825405611615 0.0372476286843665 0.0112873919461721 0.0429101811744685 0.158082124157634 0.136288886578795 0.157047056574211 0.194148099559074 0.102878466451104 0.15568191081806
0.064579357696897 0.12322819854122 0.076677940525533 0.0569754315206273 0.14954187886103 0.0663794626126492 0.056148335541867 0.126349448792917 0.192166508877388 0.0879534370298716
0.0083242864449426 0.230525852852288 0.089436355024726 0.203434085304665 0.000201520037411729 0.103237714464623 0.0279691604891305 0.155763757887447 0.108048036391271 0.0730592311034957
0.0861780099006645 0.0448424753054579 0.0419269615607082 0.172763187856547 0.100911506282105 0.0991006809785457 0.112369136463352 0.164518953417287 0.171243955732672 0.00614513250266034
0.0272750763890661 0.0465873182561819 0.189322322913409 0.0343361558492012 0.0694366349277217 0.226412419544796 0.247330793322336 0.0408311877175415 0.100271286909392 0.0181968041703547
0.167699762066804 0.176866749467378 0.0728854286372942 0.167441880872793 0.0628508566337866 0.002797127351341 0.0621617184115402 0.131814719061615 0.00122504066225933 0.154256716835189
0.135867223793584 0.179670420932628 0.0207139227572858 0.00774950395210385 0.155429505102125 0.0311072125361168 0.136045127513843 0.0485000820816621 0.186996253475736 0.097920747854915
0.195956635593608 0.205529620211568 0.0901360349536753 0.04545761889609 0.0881209542410878 0.0391580827285856 0.107573037599629 0.131412992848579 0.0319218960405056 0.0647331268866712
0.167935123362664 0.122550186973099 0.0720317351609044 0.0703292649069854 0.07179442338655 0.0856812499729211 0.0929175732968739 0.0276740857653964 0.158923233546263 0.130163123628343
0.159180259322281 0.0939409997485343 0.148038306951299 0.161267482615678 0.118056262535055 0.0251715679930956 0.112543553732285 0.0418010927581632 0.0383207747688712 0.101679699574737
0.0769529746267337 0.0747647661223286 0.0991321271707567 0.0266150831117699 0.154988808488492 0.176201561358039 0.108661378068485 0.0178146178903542 0.13419706433284 0.130671618830201
0.0717264829296555 0.07416899119056 0.166256593562277 0.0972795655065757 0.186082645459591 0.140483599840236 0.0175436321356726 0.0962634344377543 0.13451428999014 0.0156807649475366
0.131100383301737 0.0488458298445205 0.132831708983913 0.0842878250136262 0.0667674695689138 0.0680946494752216 0.0327073628404086 0.192167245920767 0.0849119315603313 0.158285593490561
0.0957576792286638 0.0798309636547573 0.044785325691308 0.144897023550883 0.132995333927745 0.124085192017286 0.143761584737328 0.0623312912719096 0.0413691904971317 0.130186415422987
0.0830074581885036 0.174452779452396 0.065400937479814 0.0775403502818314 0.0810953211409605 0.14208326099234 0.155019485710889 0.06071402305769 0.0603271882507978 0.100359195444778
0.109520211140159 0.0601414717631246 0.0951969184257344 0.141156262409477 0.0428547985519046 0.0305552960644181 0.0660446702601863 0.197471311699172 0.112005690293014 0.14505336939281
0.193960087923147 0.138995904726448 0.169397264080369 0.0908395942913037 0.0769521783647267 0.0738540549421571 0.0180441380409971 0.010530077190788 0.150418923475351 0.0770077769647122
0.127757614464683 0.151285237470808 0.0753905788484652 0.030336617198585 0.136894902528741 0.141767811582419 0.100289363749904 0.11054837830317 0.0608854982216793 0.0648439976315448
0.0130220624005877 0.170867442655174 0.00879347445288481 0.194335152322172 0.102372206113462 0.190237462054383 0.0975924417053626 0.0421507752763112 0.115715436303135 0.0649135467165281
0.129756350949378 0.20195682774628 0.0270733677824124 0.0250771501441226 0.0506885132276932 0.16658301759818 0.0426320158272731 0.0940290396350515 0.132239048489841 0.12996466859977
0.0546279010028018 0.120346009405416 0.128919932447948 0.0509927990344384 0.0717728588829327 0.078886729635647 0.157675137945064 0.144934719574258 0.0262688345244411 0.165575077547054
0.0749780337153272 0.109326831694514 0.0770663716826482 0.0815194323229157 0.00334218260777986 0.163929288858993 0.163217183675806 0.0496569239023623 0.116297819827558 0.160665931712096
0.0297711118649029 0.1686697653021 0.102145853709596 0.0481497432464736 0.171892554533822 0.0651530298953795 0.0185017929289129 0.122147492100218 0.0990114536733748 0.174557202745221
0.129882683356301 0.133929163730639 0.0682660099967572 0.183772975281699 0.0562411743605105 0.145546996705164 0.069613505064979 0.0486013637718917 0.0965722652162219 0.067573862515837
0.0565604453325557 0.1509366298831 0.0249428892458537 0.107189764021212 0.0806898809270842 0.252647875089488 0.117146937046587 0.0106308000197194 0.15114099668452 0.04811378174988
0.119615931620582 0.0588448324031498 0.022424892796598 0.141911034197935 0.110326130013927 0.0744546822145318 0.131760464001054 0.176990871844905 0.00929477573558053 0.154376385171737
0.156030575480957 0.149956184741926 0.00993402163146023 0.0498830866822972 0.139991410427957 0.124105474737577 0.124232445829743 0.0769093811883923 0.0932695240478324 0.0756878952318583
0.137544107933592 0.121511177071805 0.15451623088514 0.0360515150709803 0.0169608644097779 0.045488027995131 0.0787593358180487 0.143399819667842 0.171364335026814 0.0944045861208677
0.096473930900234 0.0916709284206808 0.147744442105063 0.00475676063998539 0.0465541527457031 0.0967483493323723 0.129138203016816 0.145258485816524 0.0993458809327863 0.142308866089836
0.10043946355357 0.108978896079772 0.0726833007629439 0.157735763555102 0.0836970929013642 0.0122754925623842 0.174437711006872 0.01626959593825 0.168929722934654 0.104552960705088
0.215298105933069 0.125430633466313 0.0661401623465115 0.11266359445687 0.208699212420952 0.0124398548797051 0.168986224126079 0.0145727993566157 0.0533641653341374 0.0224052476797469
0.0989956404949904 0.115181043837004 0.143988308616634 0.0113573537122806 0.166256965245697 0.0901220858422524 0.0758315503495861 0.00428014785735829 0.197466024875466 0.0965208791687313
0.107390162014461 0.104755111039903 0.120435070915781 0.129387194852634 0.140588168059565 0.0816215195313863 0.0159729444554551 0.199382687713421 0.0754472412118786 0.0250199002055146
0.0309237841152657 0.169762496484631 0.0510433345124656 0.119498134125115 0.0994120021037968 0.0282831091972334 0.076106259887147 0.194223216110642 0.0963874358741176 0.134360227589586
0.112380658835873 0.188524764760535 0.0363287976040391 0.13150572910824 0.0263098436187081 0.170337286001632 0.00901230681558746 0.119175300064303 0.190291630552647 0.0161336826384352
0.0841787167531241 0.12780565476487 0.0576952081566083 0.112439801691232 0.0957463298752068 0.130201468253983 0.128174513977148 0.102520934916961 0.0594657476956056 0.101771623915262
0.0627523380532638 0.040660384373789 0.0806050984647391 0.103645068074415 0.198288287527904 0.0179103029298508 0.100901880492695 0.238263681106334 0.0704379308464864 0.0865350281305235
0.258593312405226 0.0349742354850656 0.0779936956309566 0.00618063578234763 0.0408328770062395 0.161825887108595 0.131185835392424 0.164827114332316 0.0509766484400234 0.0726097584168061
0.151483632653534 0.157072057268068 0.083039646519236 0.0982509838723224 0.104596116520043 0.109406722239147 0.0848153936733808 0.0381285834196016 0.147182878316365 0.0260239855183029
0.0346697944100913 0.00759253996021119 0.0352349356250303 0.13578433531043 0.0814432206183093 0.0507567641041225 0.216326980995075 0.0887950079749414 0.2600465205295 0.0893499004722886
0.00710562667853099 0.113127465002184 0.129914474382633 0.0451106949547429 0.0131886040012843 0.202274215436537 0.0827794960380532 0.0944282927514309 0.171472961751321 0.140598169003283
0.158761566019389 0.0960506809584669 0.0907340058612026 0.158299887296945 0.00801631655062384 0.0742032445899923 0.109976677910445 0.126826852741005 0.139623479272052 0.0375072887998781
0.101915501010819 0.0363771543172574 0.103591500630446 0.177321912862577 0.183513713419456 0.0817968529785282 0.179214422669821 0.00290765043087604 0.0645952692029627 0.068766022477257
0.0631964655906839 0.0380997769338102 0.0368954814910549 0.0858023581041677 0.165967380904731 0.151615935570913 0.141877397937314 0.100309038586893 0.0667451793661579 0.149490985514275
0.151562287826872 0.111325540544618 0.0633285085265682 0.0119228227306776 0.07897028125366 0.0853763880947589 0.169500395370198 0.119396008801987 0.113345883187877 0.0952718836627839
0.0093021525378224 0.0154600622489827 0.189448104240905 0.0407550030610491 0.250255498617097 0.0437853686351418 0.215764153697513 0.0127750243435772 0.153779885344113 0.0686747472737989
