0.113227306216809 0.0423956764124596 0.0566864920107769 0.202606730625778 0.0822060710970288 0.182372727174213 0.0304886779210908 0.151630513718934 0.0483983124976517 0.089987492325258
0.101900329073549 0.17890662089636 0.143582694925291 0.126555619620012 0.108657041670056 0.00983496563992472 0.185406970183587 0.0759326432948877 0.0130955587093308 0.0561275559870034
0.082117591436558 0.0770130623915609 0.156185089619467 0.0784202028487003 0.0612901004333375 0.152038582470184 0.081367768962983 0.0873320538520544 0.123111334216609 0.101124213768546
0.111144969982751 0.0923070737110693 0.0623053882765918 0.0778914242286814 0.156189515726203 0.141225833832941 0.0804709730442667 0.057237438923804 0.0615232416219896 0.159704140651703
0.0147394490783824 0.119084419204112 0.0630441544253398 0.0110661709851134 0.168477713224845 0.123346856925837 0.153975101543043 0.0467633490007961 0.132884327350704 0.166618458261827
0.0480417976297347 0.127958629043402 0.0768677267709704 0.0728240770325275 0.0702446126748155 0.00887092020935025 0.131474814332128 0.134419588527508 0.168725252804979 0.160572580974585
0.0811386402583555 0.16668132527514 0.0568883479834085 0.0164026559658339 0.0428018743115013 0.120452050549659 0.201008041779097 0.192669430823458 0.0926355884337786 0.0293220446197684
0.113960241937384 0.139121287778956 0.0730140704432954 0.150112025514319 0.0647314436088304 0.0464551917790933 0.11151586222359 0.0686683903074916 0.105592312153921 0.126829174253119
0.0194742037764923 0.066630848982867 0.107994571071404 0.0704605757398042 0.136883686436618 0.116187141459281 0.0532571674039423 0.180886405864162 0.106162196410027 0.142063202855403
0.114600980466318 0.107879318367494 0.0780727721391229 0.0681087532855021 0.0458356747420053 0.0892435878726743 0.179424889216297 0.0594687667741875 0.0762634347805759 0.181101822355823
0.16322515806247 0.0548325260990257 0.14477161063292 0.0189124621956622 0.0441914394185036 0.116110590288349 0.066982170592587 0.125373279582731 0.102825053906876 0.162775709220876
0.0277363962379803 0.0599752264098203 0.0338860942156862 0.159020896966307 0.149057386308671 0.140030748262825 0.0942903431741517 0.0181106821547411 0.183611786538687 0.134280439731131
0.174878793759087 0.0658168639111783 0.0938525349265457 0.12872577443501 0.0997729915972477 0.103336747689983 0.111909893540695 0.0433516038119665 0.0535824011894461 0.124772395138841
0.115666767127339 0.155754774790002 0.0359950067402847 0.0304194227502072 0.130805860028329 0.0437693436704764 0.133275795252686 0.101045183315572 0.130226762049745 0.123041084275359
0.0473256701375387 0.161871822249776 0.111839317967089 0.00027689688823636 0.180478370052849 0.167566500379457 0.0704766466449515 0.0181167955549087 0.094832242290178 0.147215737835016
0.185596449646578 0.218525191077516 0.0526020510590001 0.0619575418139843 0.00885953706586884 0.121260534796181 0.112220991297625 0.0322755779412879 0.0279474000967353 0.178754725205224
0.156303588281132 0.191792213008612 0.0868485835232511 0.210494123061156 0.078245828586069 0.0134684000679772 0.0408060883849794 0.0325297794022507 0.0111253520723596 0.178386043612213
0.0447753102446027 0.0878924842496869 0.179436628543754 0.0661193885916196 0.127924001300887 0.0321371766658407 0.0866511499364428 0.190779574444919 0.124068332034642 0.0602159539876054
0.158890926265327 0.16049641336734 0.092091297654385 0.140861191839091 0.0676609896387835 0.063838060901319 0.0856913969328939 0.104816152631203 0.0566144917157591 0.0690390790538994
0.0608497137066262 0.0428644561321668 0.19239356201069 0.0702765815621675 0.0533874767051162 0.190461737628064 0.184928852108126 0.105516075032886 0.0643016676471057 0.035019877467051
0.0456980228790945 0.0989297520786512 0.120484873129551 0.171088973060884 0.177636149846372 0.0970222887464388 0.0382321338747575 0.00681500694126762 0.153229074055552 0.0908637253874311
0.118493696817381 0.16433071424968 0.0611196609757881 0.0801964830125892 0.176599432394168 0.0774854351603073 0.048258671587814 0.138819043519211 0.124418169578193 0.0102786927048679
0.0813585568980178 0.104087969562663 0.0797743241579015 0.113973565023421 0.107672215003685 0.0598937140883266 0.0416259284537161 0.125809798618525 0.15495241354195 0.130851514651793
0.0676084215149903 0.142163578377442 0.120000376231819 0.151918564547977 0.164106620495404 0.0634405791686099 0.0359409441876559 0.0869985139391491 0.105599003356059 0.0622233981808943
0.121824731798707 0.0173361155317763 0.0329891694446732 0.107997158690612 0.119276177063723 0.00724147937727048 0.0272945033620629 0.124916921248628 0.23124453753921 0.209879205943336
0.0579697315015254 0.23524710057449 0.125932893266265 0.00561957724232289 0.181189484844202 0.053312467613017 0.0213174621795232 0.0588471951249524 0.196939118096738 0.0636249695569637
0.132433267412551 0.136198218958936 0.0904383721533116 0.0530051313752476 0.0378522458550755 0.0815820451475842 0.102387937310597 0.131777399235033 0.104157235955387 0.130168146596277
0.237911047938573 0.0324238893052907 0.0214428596654808 0.0874716881565908 0.041720833180127 0.19600060087158 0.0838440543725845 0.0120958668481589 0.139175748299758 0.147913411361856
0.102855272462026 0.195829721554606 0.100157360326205 0.0414419736037389 0.0366570831087719 0.00219516314657541 0.199770389081824 0.164314376147591 0.1532677804972 0.00351088007146327
0.0884237537962864 0.0640239899449522 0.111412113065808 0.102927080671058 0.0790129594352259 0.0869797115544094 0.140026272042048 0.140629145255849 0.066836167726486 0.119728806507877
0.165107984381236 0.13758605000748 0.0910591115233986 0.0690189110461373 0.0486490585242034 0.0356816739029763 0.135974715621806 0.122622727020342 0.0354439308508829 0.158855837121538
0.0361705279024584 0.0610917400177228 0.168598465857041 0.150200859812507 0.00565612135155907 0.146260618058158 0.0581027453632628 0.140704437046376 0.0339296661218408 0.199284818469075
0.0921972561235337 0.139828560136848 0.0906081852073266 0.150666122404131 0.0212429851941365 0.0965431200004295 0.0875237349083071 0.0625306896308569 0.139862581570883 0.118996764823547
0.149467519801845 0.124685454006485 0.0189388626893285 0.087746424093717 0.108320187912458 0.0482087145466182 0.0932772389130968 0.215641965655574 0.0246496860160447 0.129063946364833
0.114571902844798 0.193383109936207 0.0408154831453329 0.0498042398638382 0.0337541354850701 0.172537438481826 0.0211010545528423 0.156288661166912 0.130534590847957 0.0872093836752154
0.153586357680478 0.0985509428153306 0.0454778830658608 0.137538303677052 0.103525988305383 0.181215528904854 0.0654930866497195 0.00598630326619193 0.0337858762706304 0.1748397293645
0.146191775547992 0.184404434778093 0.172273798804066 0.0984001741593086 0.0754180331006687 0.140259072794294 0.00833200280554097 0.00449864923918593 0.134671622903858 0.0355504358669935
0.0171942915782952 0.0909087956312419 0.15314568564808 0.108157066517933 0.179263984816829 0.0750117637217087 0.110586770617922 0.120864321179371 0.0985342455252527 0.0463330747633664
0.140621423307864 0.104974059149753 0.130345106526059 0.0655937048689559 0.102731983305246 0.0535639238085263 0.116982567520105 0.102584548327186 0.0852455972763884 0.097357085909916
0.19443647073635 0.213647127939179 0.0060931272196788 0.0115474124403466 0.107323001265825 0.113694706795458 0.0280712668953485 0.14358196008791 0.06303095391499 0.118573972704914
0.0108098362100639 0.135839737584203 0.0598753917707183 0.141462674017403 0.114079885358778 0.0984706670679369 0.147553160202432 0.1383156954827 0.101310589214541 0.0522823630912248
0.220173534588083 0.0523113011522669 0.205951989754707 0.0631143346550678 0.0476944237496159 0.0137425412803695 0.017757888149982 0.072302688458648 0.160108007940366 0.146843290270894
0.153467203593307 0.0393399872081905 0.122297571462055 0.0363539923810898 0.15778146111216 0.113215991762048 0.184709988631749 0.0833608709361946 0.0359476714877541 0.0735252614254511
0.113184849061291 0.0923528094470115 0.00324891686400217 0.200962575411171 0.012448063618171 0.189165439032503 0.0114263101479921 0.146119613230469 0.153726807197121 0.0773646159902679
0.0490112331181479 0.105223571414287 0.182646910842186 0.139179383650763 0.142346744880229 0.117575453006805 0.00211587663636568 0.00922532085029544 0.143143767969212 0.10953173763171
0.158083436695918 0.0806862759058441 0.0556717710247538 0.123192215202741 0.162447466822921 0.0609845960515101 0.150530960932322 0.123640836691411 0.0422362733113828 0.0425261673611959
0.0111031631878657 0.074291403000918 0.110186726079618 0.17449620734467 0.207825527420864 0.222135762957722 0.00654037280063459 0.0488501033637096 7.47203886519581e-05 0.144496013455346
0.142530395009305 0.105295746402989 0.130264962740365 0.15973814534279 0.0352333621086762 0.107555696912552 0.0181314891815865 0.160212538571719 0.0976277927963109 0.0434098709337068
0.111177607557678 0.0208336909020251 0.113077878819885 0.103958319266639 0.0928399097945013 0.125263648085825 0.0882313213731692 0.125113130284517 0.125528414078665 0.0939760798370964
0.172439134829318 0.203168635351169 0.0495649589600445 0.0113990797738344 0.120848118758401 0.114305626460653 0.0258892400041403 0.17548327554259 0.0762637150826086 0.0506382152372414
0.174045683198371 0.0677506612665901 0.189274565132803 0.0568155826385424 0.163330793623812 0.0356954454137756 0.111775341105093 0.0412471425396538 0.032068563544289 0.12799622153707
0.039315438022632 0.180831935867602 0.166085071241343 0.0314066685194523 0.0616846970061434 0.138521595202303 0.0307777079360758 0.0697552937000879 0.181520114097522 0.100101478406838
0.0119600229701208 0.149098363832105 0.0601868553117274 0.0896002607562545 0.0588733369412872 0.0580395911286691 0.125460937231863 0.117457178882765 0.200735381468352 0.128588071476856
0.0381775331372605 0.138706255571068 0.00473474306871497 0.148222585842398 0.0381889962532302 0.0832825078662839 0.124602621177911 0.143280260047324 0.131508624788944 0.149295872246866
0.15134075812673 0.0953891623069998 0.0398067726275542 0.0684597202876553 0.0533594056692279 0.0292976892110119 0.124676901827363 0.174012692707395 0.136232721693088 0.127424175542974
0.128091387360314 0.0846123389885174 0.138174936884962 0.0751123268702086 0.151092602147539 0.0964703619190434 0.111575192674824 0.0901892141417749 0.0842201961624427 0.0404614428503744
0.0266083072714319 0.0405405968456727 0.125100943386681 0.129555255090598 0.120793868812754 0.0827101723152029 0.186280022466212 0.144947475009749 0.0937589979712245 0.0497043608304745
0.0161789908043217 0.0183923044611256 0.038906883254887 0.0760642769072377 0.167768741660254 0.111359098008491 0.170884222098471 0.164085561440564 0.169392404038699 0.0669675173259499
0.0463012130332749 0.0560553166707846 0.134955672849792 0.183220215670713 0.1246263473067 0.0393209528724832 0.044546370597253 0.0292497990859793 0.15678833913212 0.184935772780901
0.0637664132595214 0.204554675537921 0.0789257580078134 0.0559644358223815 0.0671368205671512 0.173443990684549 0.0927430848929965 0.0926868189994072 0.141778088146234 0.0289999140820244
0.00764277131783009 0.179005766254448 0.0538587755609909 0.0576839457661582 0.163980084740596 0.0255845978537411 0.0935265452740871 0.129072871640328 0.0989972983319919 0.190647343259829
0.113129151764261 0.0512043354022416 0.116572598747611 0.0688961562751222 0.0530251202501326 0.108895722984933 0.0519626056188296 0.151208039803948 0.135905602109549 0.149200667043373
0.0179562686420507 0.0760133179594843 0.0841194956980333 0.173426297042534 0.210942561080384 0.0880037962771021 0.171995223498354 0.0614685994190418 0.0659649004598654 0.0501095399231512
0.154235035343665 0.0638767278074958 0.0597770138860399 0.128271798686426 0.127649167163462 0.15194558005219 0.024502105286874 0.153604129910428 0.0767945883365734 0.0593438535268472
0.129346037369057 0.108043075537233 0.109177666652202 0.143606571011364 0.00582846256288758 0.113806148208717 0.0677206369289185 0.108980681914839 0.103064518119311 0.110426201695471
0.0270020826157694 0.068997484848553 0.270018880450516 0.0391346297981167 0.0254936413055136 0.200930697307115 0.0419625070200284 0.208192222836562 0.0659521537185597 0.0523157000992658
0.153996437229805 0.035129261383624 0.120603627191988 0.148739930931491 0.122121901806374 0.0686403696774554 0.0267929158380422 0.16324956994809 0.0598267697116898 0.100899216281441
0.238560551980933 0.118267887841483 0.00302599594978647 0.116974730601177 0.00381064499794473 0.153188126986514 0.107745301807228 0.223447150447292 0.0198716353846115 0.01510797400303
0.0504460689572421 0.0916145465623748 0.190712065282718 0.0507818569591887 0.188584869805583 0.0218117174714216 0.0968898051773918 0.0789815105865378 0.116906596196659 0.113270963000883
0.0574656858975337 0.114421359599532 0.015052376425836 0.135613322523719 0.191263165027143 0.196758435688546 0.133534837988071 0.0225171414875266 0.129538067140783 0.00383560822130975
0.161502343397548 0.0988282491120214 0.114744002125705 0.0374570287752727 0.225392186782223 0.0477413986722653 0.0688366861972907 0.0789589920214615 0.0575092483700935 0.10902986454612
0.0603027205512522 0.0665900654350274 0.0837378007591332 0.0980026121881788 0.0492501924750893 0.135058968624963 0.212456607046213 0.0670776176523195 0.145871985201096 0.0816514300667289
0.029802034403492 0.123018514756801 0.0815480323780585 0.0562044357509846 0.0456235119464608 0.0402459734750231 0.261346340181144 0.236513606318333 0.106629526304669 0.0190680244850339
0.0691829813084701 0.138352746852011 0.143289666062369 0.131185551102917 0.092879111598062 0.122344249904466 0.0801394055674812 0.0434834389057632 0.144034365674255 0.0351084830242057
0.0351432894969925 0.033589774045526 0.100517887230015 0.220188132021024 0.00381307991181532 0.0298114708635056 0.157771618403691 0.151937747456556 0.100207548304463 0.167019452266412
0.118818123303814 0.017855889254297 0.10185959854277 0.133472640729063 0.0461805085886735 0.130931000828187 0.0939376394378388 0.113464849088512 0.0696793092869066 0.173800440939938
0.0632540804927754 0.147932245455602 0.15568554051007 0.0831662297869685 0.0794127130869525 0.0637690020678875 0.0702934343451892 0.129771563495628 0.0530422110825685 0.153672979676359
0.0781556249376622 0.230687585966661 0.0874148345586078 0.0917615183425098 0.0455351128014197 0.0718209794028754 0.0550180008877656 0.0769258904369017 0.026716476983452 0.235963975682145
0.159241220151118 0.168374228110433 0.0260421396119733 0.0526483097577331 0.155198440249197 0.181792797090337 0.0304788707530635 0.13458607398603 0.0409270160388268 0.0507109042512877
0.172064570564104 0.0129157908221965 0.0230236804305313 0.220406372117118 0.223896709800771 0.189543969216861 0.0464916221963277 0.0149547056455141 0.0723127772308071 0.0243898019757694
0.100807032601115 0.0963589385256394 0.0539246269798744 0.144382614051536 0.0357337091261392 0.163292426934675 0.12533093045519 0.130229658611547 0.132149899545688 0.0177901631685965
0.0328225613010474 0.0093113525342255 0.0502563590014715 0.122156818184017 0.0337031661086844 0.208896975252088 0.0115447422707501 0.225818615166878 0.0775168158582468 0.227972594322592
0.0519929827650087 0.0384020535162764 0.0308703671421243 0.157773516469032 0.041979950042211 0.0859354070777767 0.0942290748582888 0.220264778747013 0.204962448253564 0.073589421128705
0.117668197708467 0.0459556587008063 0.00134137039783228 0.23317019904228 0.148919895907625 0.0696908554764544 0.0185284855333019 0.14653560466991 0.17753403794737 0.0406556946159531
0.0500676499610273 0.0399135566373708 0.169851364747139 0.136285987803203 0.0823335597218129 0.120937916716466 0.106002042053177 0.0278605472440505 0.179611819619709 0.0871355554960441
0.075953545403255 0.0396187394474188 0.116266169677038 0.0626128111162167 0.0137246904536519 0.155940064178469 0.0448900758927843 0.167559616915178 0.155367579510424 0.168066707405563
0.0695106390028787 0.198228021529877 0.123406998671198 0.0277314782448212 0.138877213933669 0.031424788669435 0.02397553247828 0.0167442353689611 0.173148494405615 0.196952597695265
0.106481269660601 0.0809756460470543 0.125534244273851 0.064345431244898 0.0101789188663999 0.083163863162 0.0999607304514883 0.100066395064953 0.14733534565154 0.181958155577214
0.00534462737741386 0.0557559574781313 0.00901423545842776 0.175845520696198 0.0790179037036094 0.192104328882997 0.0222886887406821 0.138062611667434 0.180045521914873 0.142520604080234
0.0319694470890931 0.0481810808858216 0.0479200188687885 0.190168959917383 0.0842959485534263 0.028559545371528 0.109967019592686 0.144054274218938 0.190730171986121 0.124153533516214
0.152606843464335 0.0977303833063407 0.151265984522592 0.0456947943570464 0.0940789540039146 0.171197892071424 0.0270687567799924 0.0983480118650515 0.158201955937869 0.00380642369143505
0.188964487011494 0.0291681507597778 0.0600000607135591 0.105147867517278 0.0120489861730306 0.169791126022682 0.161400838606215 0.0593739140690816 0.134573379750528 0.0795311893763528
0.137852970542945 0.0386051548921284 0.11982723002516 0.0666116545349098 0.0328740984794872 0.165432749951918 0.119399594877159 0.0949724462117258 0.118462146598346 0.105961953886221
0.120523598268548 0.00790713559800241 0.151019532728283 0.0842394927104972 0.149965695703995 0.114308855705221 0.0599226576911742 0.16928739247199 0.120901464069257 0.0219241750530332
0.193518423936398 0.0199209296022848 0.0562557952106491 0.185710282685624 0.167421175270806 0.133245448881891 0.0860527234657785 0.0275034659144064 0.121038924719849 0.0093328303123135
0.159452429250024 0.0777505021702256 0.0747390461532293 0.1363224835937 0.0949392159034196 0.0554449170091149 0.135797710550668 0.0595996385935519 0.017070173950859 0.188883882825208
0.0351774110000036 0.145435765324857 0.104528026552707 0.14673893429 0.159374880403403 0.0618394363283817 0.0872526950037861 0.0888531211597673 0.0108927128305699 0.159907017106525
0.0832473222397414 0.171568831102347 0.126613420984367 0.104121566996016 0.0547674367794607 0.0770218738126032 0.109968007119935 0.038017800342317 0.107661105381855 0.127012635241358
0.100426557172826 0.00902587301008781 0.109540465740828 0.000757867351442881 0.181393192694705 0.181693305082166 0.071614834601967 0.139644294245282 0.0798218542415028 0.126081755859192
0.0308028074801316 0.0986796092374849 0.179045454447176 0.131912113785255 0.0450045881293303 0.100684197744113 0.114629912360586 0.249849058002258 0.037020982571314 0.0123712762423512
0.0616227754252662 0.10551995665322 0.167444970221984 0.0567326402730894 0.115139126522734 0.0954869925497124 0.149979565501361 0.0132825646490812 0.0504393291292313 0.184352079074321
0.0364869683073381 0.140085260666092 0.0278873187859552 0.178537742998921 0.0696294099662273 0.0774657440037221 0.0597328830253271 0.199788855444213 0.0489944771851128 0.161391339617091
0.103551068639575 0.0734158630543287 0.0490765689663568 0.0257211176920202 0.214507478086667 0.163092119658761 0.0492599334417599 0.130798260828118 0.167071796751475 0.0235057928809378
0.120468544920375 0.0322219608898467 0.176316632914158 0.0894060149679603 0.0773404289412388 0.0427339926439605 0.0548538585846172 0.154243962366183 0.0863939657421785 0.166020638029482
0.0141644462221341 0.00793566361998051 0.092427688497158 0.083865653965401 0.163162354131195 0.129217540097719 0.15223088916567 0.138389245895193 0.178018308527133 0.0405882098784158
0.19469021742571 0.142831342847465 0.169091179132036 0.177070443727947 0.0446452793992489 0.0151951453721975 0.0115812261642281 0.105856528969711 0.0327935222618638 0.106245114699593
0.0682215787784175 0.186403823915195 0.183078786517064 0.016671745296485 0.0295698326377007 0.0543999996731268 0.115290380045374 0.0464075604560396 0.103274402371543 0.196681890309055
0.167300189927025 0.192084695743351 0.11546194998508 0.0284301544112355 0.0957380075970643 0.102518034395597 0.0913113947949148 0.0191961347371313 0.130696062375761 0.0572633760328405
0.0420527180765281 0.165065425315249 0.0148157808863331 0.0518724696093034 0.127739786851868 0.148800801454207 0.164815469688517 0.0912260483308713 0.0183059928490235 0.175305506938101
0.124414438826485 0.137473624186402 0.0318610423416651 0.155435616526261 0.0664159272621282 0.114929724306691 0.0364652644889776 0.0226940852060367 0.151715415800098 0.158594861055255
0.0204113249493087 0.14258248300558 0.0675481426893685 0.117808794848696 0.166737306203126 0.0170438976082791 0.11358184187345 0.166703510342675 0.0218899415602402 0.165692756919277
0.0823145390562131 0.048333023104303 0.113454258410931 0.0835049943064936 0.000985762519939244 0.193878197356719 0.12303728111045 0.167455371581255 0.0922784108856866 0.0947581616680101
0.137111536449828 0.0596645382059017 0.0250168196119392 0.107177372229556 0.0485354552708092 0.136453153657045 0.144235907078016 0.127048248775561 0.157454693417748 0.0573022753035961
0.150040442015935 0.0513190198104575 0.0277652161002235 0.0995002187135273 0.185590397078709 0.141035325820922 0.0364177825900849 0.165312513483851 0.0564617710303829 0.0865573133559066
0.119915960663179 0.0364219363401047 0.0965960073926985 0.0842224705676585 0.161642978007413 0.149269422300834 0.0787708775307777 0.0860270555106355 0.0721116265358348 0.115021665150864
0.186377914685064 0.0610792216747451 0.112183912460728 0.169829484957159 0.0202274581899291 0.0705789961110559 0.0108956325358309 0.0341991302767499 0.0905035979818887 0.24412465112685
0.0575031087849032 0.132454126382423 0.159800071328218 0.130132322132835 0.0727730067458874 0.0056787191394988 0.0567348927684397 0.104969216068297 0.134263660086636 0.145690876562862
0.0526203734466373 0.172503473958185 0.0091389406615084 0.155285091401692 0.109497174993263 0.149026060790114 0.0231380520930105 0.171930084752767 0.0319634277151857 0.124897320187638
0.220283473021791 0.0315127475036891 0.036357996576725 0.19370901209231 0.079653888622962 0.152647211645848 0.0676263431086872 0.101344427476434 0.115608419114105 0.00125648083744807
0.00682716804338461 0.0779635291785307 0.254454503249941 0.28205167236187 0.0167893668181783 0.259871162879522 0.00171364210125592 0.0512481007839579 0.0462397180448822 0.0028411365384773
0.166168804565405 0.128907029711579 0.00427863769854551 0.120907825863094 0.122643895750124 0.048261528280572 0.000724180221038803 0.124632284745893 0.128595665751101 0.154880147412647
0.184246463552497 0.132593902679649 0.0995719603824164 0.124218012191136 0.091919608627719 0.0150688811564649 0.0195753009419827 0.140758523303747 0.101006118608894 0.0910412285554941
0.00268354881092768 0.155070962964293 0.114790009891311 0.00940560122784889 0.183478984021695 0.110962883841802 0.0462241298615065 0.21733370654983 0.153880444809528 0.00616972802125809
0.164440204780199 0.0500047871346726 0.0414744266452722 0.114200921210816 0.10600901245656 0.170126351871695 0.0821472474577244 0.0281011838558435 0.136163345192482 0.107332519394734
0.0120267924401468 0.0961832106714582 0.064828324048274 0.178136850183303 0.0937046918482085 0.153828951185013 0.132379645414908 0.18116300123844 0.067786779942429 0.0199617530278204
0.142810353885112 0.0266790179286631 0.119392918813808 0.0852375740121096 0.0592674685069973 0.0624803632322369 0.185255099702852 0.0958431615326998 0.12594588112926 0.0970881612562619
0.0238626901436572 0.0997600932116799 0.134384926554968 0.0164269032428433 0.158218465990902 0.212961660551274 0.187356841864508 0.0478552614174748 0.0516481486399596 0.0675250083827332
0.125962401850026 0.0219175207739691 0.0547774262449902 0.161671412541566 0.100519114450272 0.03789872982756 0.158578985733826 0.073216717936822 0.0868294057391531 0.178628284901814
0.0118746489246359 0.180049803510591 0.0864856226485535 0.0226690981537988 0.0123814133098755 0.201124939997655 0.11681385408732 0.177314683109527 0.0156753185124497 0.175610617745593
0.0465988397945372 0.0603778246341728 0.132566949951404 0.15728236261666 0.107274273679602 0.155799552128787 0.0534462516922614 0.0307819579943214 0.155055991912961 0.100815995595293
0.0726418579014634 0.0134143879012875 0.27605053783919 0.0949776625337373 0.0281940043045605 0.0713711890604572 0.206914764158017 0.12007472722944 0.0237012131065962 0.0926596559652497
0.089774369016087 0.147635167384515 0.19272978301203 0.0697601187416662 0.146349559663507 0.0298326916696007 0.162823055039932 0.0748806848060607 0.0404248571457716 0.0457897135208307
0.0894183336427938 0.124582059777108 0.154947413791652 0.164578861630945 0.125003479603832 0.033607912329285 0.144600333302935 0.0311673748322403 0.0363440865238204 0.0957501445653882
0.133302872742062 0.0661584502644705 0.0876979642747329 0.0202178527624744 0.176218954176896 0.142638258620102 0.131548918784201 0.0517765665700405 0.0246691819438361 0.165770979861185
0.0739620455333164 0.152323267911748 0.0287764698986508 0.0723691963585522 0.075895607651862 0.148022928758071 0.161069190334953 0.0387772554504649 0.0881747010908019 0.16062933701158
0.150218355320764 0.118095609831322 0.037211726611668 0.154883471341811 0.182645134855299 0.00240296151532592 0.0883665847240084 0.10609883661443 0.0439733413762815 0.11610397780909
0.180480936370115 0.0224708883500178 0.0705780436899993 0.139140683434167 0.00359233996615895 0.0803147615848542 0.121588396657392 0.130434008930258 0.0128644942321782 0.238535446784858
0.132443350369497 0.0645047131639043 0.170515724374516 0.145501984639638 0.163232632773026 0.0233000672104886 0.0391656867315414 0.0711690966064882 0.146088045769549 0.0440786983613513
0.0802664138422462 0.0367045879840522 0.106128470822588 0.0383514263154269 0.138020106737854 0.173585457466921 0.194149442663701 0.00238973230156621 0.113470138028951 0.116934223836693
0.115474134787374 0.122119281605988 0.143646381934339 0.00762668469914273 0.181616212837287 0.091093732553267 0.00238591352004594 0.0295031140931749 0.249351675930249 0.057182868039133
0.111816049153761 0.162198261386164 0.0284360899985637 0.000880155495927391 0.103744774772595 0.113056266424433 0.0887245794336364 0.0617507315547376 0.120938323703566 0.208454768076616
0.0493009966525165 0.00847744057067216 0.00574295046467823 0.108145152284361 0.140795579727672 0.1462762105771 0.145184497759615 0.196482438864693 0.196800787471749 0.00279394562694251
0.110120090695017 0.103450399538435 0.132888570204723 0.126750939649533 0.0565570823568268 0.095920299579574 0.0874039196072386 0.135814399878005 0.13876250134464 0.0123317971460077
0.108357593632072 0.0748705491896197 0.063208706795378 0.146976182118762 0.252160458712215 0.0571383655999704 0.204997740556429 0.0190294690447418 0.00179139122460479 0.0714695431262061
0.00319182350858158 0.0875137979966263 0.0730134058939587 0.119605248863029 0.13814606445891 0.122893325716682 0.0842341910901385 0.114689749119989 0.125209203356074 0.131503189996011
0.00481787023018515 0.104664096825969 0.0410144581261662 0.12608928927746 0.149120269589081 0.116491071019178 0.147930452739162 0.0682010013907067 0.121378094072174 0.120293396729918
0.133371931153003 0.06706540356498 0.126545684617408 0.0137203727777088 0.114950000157895 0.186828042354411 0.0921001449082753 0.0678704040293085 0.107230109600424 0.0903179068365866
0.0142304621980357 0.0887655184724907 0.0514829421459313 0.107889093519455 0.101255415969888 0.179675155786829 0.0863827450613591 0.0316242364133087 0.163204250298318 0.175490180134385
0.0257317905430204 0.0892319434415552 0.0712922187488648 0.104632499288863 0.122194539920371 0.157303286565021 0.125337984788737 0.144604948104264 0.0951899949642734 0.0644807936350302
0.04623820711911 0.134986242929106 0.0956694095757742 0.128724694943746 0.0484508783157423 0.116553297694904 0.158056701070921 0.0743140088560967 0.0347774397976713 0.162229119696928
0.0957733345650843 0.0719389891359858 0.106862656963527 0.14632121537178 0.149204718023776 0.10807617746622 0.0586718771660917 0.094480875025521 0.0850964369837822 0.0835737192982322
0.114947658664325 0.126607412370851 0.126824789253796 0.13347954040887 0.109126139619792 0.106721336352135 0.0694367969418647 0.0325984755843498 0.0733640009244314 0.106893849879585
0.0808877987970465 0.0263000199814424 0.121702000812753 0.0680974200210428 0.128472237226486 0.183942706039168 0.100489681377181 0.0778447793123663 0.110313449525494 0.10194990690702
0.0575886719649888 0.115037253668304 0.0242644503084842 0.0811501530946306 0.0200197332911525 0.186033690393368 0.116578088765197 0.0602390235455413 0.159024387606438 0.180064547361896
0.0435143227921366 0.0424717201442473 0.136788602323824 0.0986397598253456 0.166014498461341 0.0676170325086871 0.263541011742146 0.0945128105298378 0.0132860313001682 0.0736142103722674
0.174386058464332 0.0857336993284334 0.111699622654996 0.129673783844509 0.0251861745230824 0.13892307493223 0.151013405338672 0.101165645002287 0.0329595487902244 0.0492589871212332
0.0537986186886327 0.0996684478918354 0.120845465887403 0.0938321738009984 0.120609345693933 0.117672339506331 0.112394211527238 0.0958669089459594 0.10171820663551 0.0835942814221585
0.0334631016631465 0.1623626089028 0.00372084949400196 0.0402940047917916 0.115596557123541 0.136425827881936 0.138274991817227 0.181410074112087 0.140028104898171 0.0484238793152967
0.0889668327841842 0.0379511330494301 0.0923984295215839 0.188858389388657 0.0844333916420044 0.13019601976362 0.0899955125213127 0.144207839716262 0.109770016077162 0.0332224355357837
0.11134547750337 0.165801819603626 0.0301496829753796 0.126844029135927 0.179094211831047 0.0347789902102052 0.136598468961088 0.0975434188755944 0.0523116768753775 0.065532224028385
0.0364954925897651 0.0321349568292045 0.123801983078353 0.207142099150668 0.0855771432784616 0.053716854066991 0.178869864432749 0.0253121537078002 0.0980547782061209 0.158894674659887
0.241874928513083 0.0629360252586737 0.122258197461326 0.0559596673776718 0.0972460905417118 0.0112181930903313 0.0762772110662595 0.133154571925795 0.156438212107234 0.0426369026579143
0.136259748922672 0.0284872853446602 0.0984870162066264 0.113639384328487 0.00932098066410079 0.107883344183695 0.0672788787714497 0.0635534501740605 0.174611741343913 0.200478170060336
0.0615637355564118 0.160776523941767 0.0911941233553038 0.173236408457233 0.0969652316934588 0.099836874552188 0.0961162508800653 0.0609822488674836 0.0358879241874526 0.123440678508635
0.123464905677446 0.0529401965731151 0.133226050781198 0.0880423206828205 0.12836853192878 0.0590355793339293 0.100010557739629 0.202798449595757 0.0386678990630974 0.0734455086242278
0.0349347516453607 0.114250711614258 0.0224436385938739 0.0986310814677431 0.0868994242542916 0.0788096937011548 0.164875491686304 0.297101605207518 0.0602655383435825 0.0417880634859132
0.012742422933641 0.0617238422689763 0.0366040731126445 0.00664809046936019 0.173432665582775 0.158980765409934 0.202497244307803 0.0370544432226313 0.171069727113464 0.139246725578771
0.131462874633148 0.0264484932558838 0.075203214973276 0.0929057124583472 0.109338123745435 0.169547024913222 0.121204831617189 0.0110336855724715 0.0737043916266421 0.189151647204386
0.0371476000588944 0.11693494737855 0.070703538172451 0.208772819440422 0.0443699457921902 0.0752515525476559 0.0161453953143659 0.108761316312966 0.144860937158811 0.177051947823694
0.121946495711202 0.148095867082773 0.0749447317653764 0.0915144794509136 0.0175583381628372 0.161150182688973 0.095077176855874 0.140873946278546 0.0332051608122604 0.115633621191245
0.122814658257254 0.0453882670688128 0.0884634003754123 0.154908852800405 0.126436990311411 0.120918529147837 0.139073744901586 0.0315185216447432 0.144111426233599 0.0263656092589396
0.162237464929681 0.0958770482290765 0.164355024549995 0.03032576372807 0.128826200478259 0.132782750496748 0.119434538754349 0.0655052434688224 0.0704167302182965 0.0302392351467029
0.0299339873006132 0.042989303204488 0.170193185832192 0.13050000983433 0.0682071194418875 0.183519519163819 0.0273879634790249 0.0540258349858535 0.152140766376535 0.141102310381257
0.116084195413059 0.132354181823041 0.08494018160328 0.0184003603550713 0.133056456784998 0.169894022428739 0.0987048207380668 0.0285671586799059 0.118368868639175 0.0996297535346646
0.0498879272219052 0.0775499988298055 0.133187499586983 0.0647345780486548 0.163493389859346 0.0704870362949104 0.0422995056900593 0.0737912433456718 0.156526972906199 0.168041848216466
0.136437079165637 0.0421241383840795 0.145874168448555 0.0598479793025258 0.0846815765660562 0.0764503853332072 0.0624981522496801 0.158436554987829 0.0761873970943251 0.157462568468105
0.183971018685374 0.153635839175845 0.13066256960547 0.00582855846843031 0.0108891006286855 0.0654894589697878 0.171556767358453 0.155266271430642 0.109271966125993 0.0134284495513192
0.105459682787607 0.00280170197094157 0.00104215312346656 0.00312694835229585 0.201628071531743 0.147209994376073 0.103851670892308 0.175528496141698 0.159682027851788 0.0996692529720798
0.0715494422369272 0.143333187430224 0.0841521539083852 0.0494433667962008 0.154458921965925 0.121341661958844 0.0781771955014542 0.108380174038394 0.0391048194850537 0.150059076678593
0.0777906596705778 0.161351274290531 0.0155498889895795 0.110061642804425 0.0960211012107837 0.0422741465817047 0.168189869767097 0.173244619474295 0.117079105591041 0.0384376916199657
0.200012927734889 0.136687444283407 0.0986241431595122 0.0203149735708505 0.0967586267903785 0.0843450158960826 0.00939091813503214 0.184912564062049 0.0168511880756073 0.152102198292191
0.00873127710248014 0.131566539601755 0.122654012126167 0.17058888890946 0.16240416425017 0.09455184676175 0.0728969153575614 0.161491556969311 0.0527782329173213 0.0223365660040243
0.126077115290068 0.101056983628586 0.0556130734516476 0.0201437214746542 0.121654070969171 0.105495916909907 0.106851624168873 0.179990032263306 0.0770670702790484 0.106050391564739
0.17272891957676 0.208551178763221 0.0172596437654411 0.081545051393403 0.159291303830433 0.0898461930287045 0.0258693208435847 0.158405486408018 0.0638996424453714 0.0226032599450634
0.067752342279554 0.148743155203197 0.0486303109205105 0.177213008506242 0.119352478472471 0.147836003578093 0.0658754079951245 0.0317142516657746 0.0938635068345353 0.099019534544498
0.12547355386456 0.124973719286336 0.0626058989357701 0.105630404810912 0.152251872038214 0.0593807514638252 0.136375848443931 0.0884192196949659 0.107928818622097 0.0369599128393905
0.0637784465443025 0.15322728229588 0.10630326704742 0.0908996427248582 0.114928882255324 0.152138000619525 0.236853736152382 0.0348035610342249 0.0435705884243073 0.00349659290177517
0.0595335506625551 0.00612994668230032 0.198609196347028 0.0687266838377436 0.0723652462037156 0.0631651119523265 0.0843878746427269 0.0149284399751241 0.240855686065472 0.191298263631008
0.111186325708943 0.099487822213624 0.0549083121446096 0.0942608121617599 0.123562068187814 0.0868568790683717 0.195550075640478 0.131563297726074 0.0105332141222851 0.0920911930260401
0.0357232117198389 0.0781139665376255 0.155068247151822 0.1726514680957 0.109049832660233 0.109178010233826 0.00192677630134281 0.10933655450138 0.125298399228805 0.103653533569427
0.132582587227683 0.0798646936620046 0.0113396991136075 0.12908020078012 0.14551858564718 0.15736114847713 0.0630117105715644 0.168549405568178 0.019247982094345 0.0934439868581866
0.14021835952296 0.0386628526919227 0.0437715271856484 0.0800013323366654 0.0922808974735299 0.0840404250647401 0.113074501591474 0.135564001949603 0.144441807562234 0.127944294621221
0.120605736711391 0.151822374379646 0.122594674943586 0.102525474678418 0.0353730596551796 0.0645854582989369 0.053073914929587 0.1349803814529 0.104274093968496 0.11016483098186
0.0601281085397638 0.0870011460151449 0.00402882044677809 0.0115515940002507 0.105143223377675 0.205600141178733 0.129914614523721 0.203493822337597 0.0653416107980138 0.127796918782322
0.0189090410585168 0.150360720143058 0.117817522689389 0.142792205410477 0.018209849458446 0.162289801094976 0.137004559611363 0.0649079005238786 0.0746751389223327 0.113033261087562
0.0943372451515532 0.135795515946431 0.0778577815973547 0.0849016290228344 0.0175818229419753 0.0100351253508272 0.106674036276446 0.164370631109264 0.14808151824605 0.160364694357263
0.13954175038065 0.157934485099777 0.0360314398271165 0.0497502494225512 0.122659045536501 0.0635546180438812 0.169412314737983 0.155727182939287 0.104937563302133 0.000451350710120229
0.0639054717950745 0.147981629927381 0.134078083329801 0.0580738567994086 0.124198516318347 0.0937738746785317 0.0527230042340569 0.079214132752654 0.128161057557196 0.117890372607549
0.00477882411828916 0.104851217029938 0.170894036945738 0.0747054196091775 0.116183169119778 0.1506598304434 0.0877237267141788 0.0993125492898565 0.0672639486257208 0.123627278103922
0.160862399396414 0.133355715965332 0.169132190524984 0.0664283524521157 0.0360974810639302 0.0897522341397087 0.146556899109267 0.0536677146569307 0.0977607002303412 0.0463863124609762
0.120674960947163 0.0237288214901637 0.0507742554524181 0.0338243932335228 0.209129342540718 0.0704941820019167 0.093184850715854 0.175937958629156 0.0905781344876095 0.131673100501478
0.206127769318274 0.0469522580836294 0.200545136799941 0.195871595811319 0.0133869734401732 0.0350617571322348 0.103416788980077 0.0853527112700266 0.0334235847564099 0.0798614244079149
0.0729974485831078 0.0880508797999731 0.0733755528391573 0.182892882529416 0.0121892119662423 0.122458960394206 0.0347670162570593 0.189973791274588 0.129048211781741 0.0942460445745095
0.00652907752547935 0.154949292939954 0.112651393133149 0.151117440585788 0.0081050757271569 0.0164208310853146 0.0706394676838043 0.100078822058088 0.18916440755106 0.190344191710207
0.121004265979435 0.0903814430176845 0.108000648661222 0.122621505852295 0.128783658317951 0.0450498799926048 0.11166334301651 0.116477228591546 0.0933370090017019 0.0626810175690502
0.130288143669554 0.0611249182612775 0.178924975844448 0.131675205942115 0.0485013206475029 0.027563583152043 0.215405313154539 0.122497690804182 0.0308772404965296 0.0531416080278092
0.119224533110897 0.155162191997825 0.0748122619058128 0.117320760601483 0.0362557555929168 0.101437660731604 0.0777713835529497 0.0989722224928197 0.151870080536172 0.0671731494775192
0.0109669339560989 0.168228367134531 0.0893852259112811 0.047621183981106 0.0284343612532274 0.164873147520832 0.150055819813572 0.16582935921372 0.0726960205667128 0.101909580648917
0.163936565399473 0.0671882081376936 0.0974784245177793 0.146741378121485 0.0956105675809396 0.0860280068422137 0.0619606149859128 0.11213737231402 0.0606708573378133 0.10824800476267
0.0867546517863305 0.0837424685185403 0.0768487513985854 0.0724235666775857 0.0585933657233509 0.14527267734046 0.0955066359000922 0.162188775580416 0.160044971670134 0.058624135404505
0.115510812138762 0.121101753483562 0.0475633777763975 0.131163759331969 0.00935590046723961 0.0615737048936922 0.122274036685347 0.142895013377082 0.0997329075089719 0.148828734336976
0.0248362322587914 0.0677429772861286 0.0831420893883814 0.14058628685639 0.149285234474815 0.111365216187092 0.109027976087889 0.149898478395875 0.135886988704681 0.0282285203599566
0.122445410886429 0.0927172891045309 0.0830500718048495 0.174743339750885 0.176563456066881 0.157877058163118 0.0543473978283119 0.0150652634944814 0.0188956852321424 0.104295027668371
0.14731393435688 0.042763493713241 0.092891451609805 0.169328761550693 0.0486325346868564 0.120101335645522 0.0667404379857328 0.127554592298623 0.173124038007539 0.0115494201451073
0.154705425224458 0.133177707077372 0.0923314016701368 0.052090107071051 0.153702087379063 0.152768773553826 0.0247371827420807 0.15166901418229 0.0322797164549291 0.0525385846447937
0.0731352668076728 0.178648132015641 0.0700688104102403 0.0153575916913054 0.0369863592984039 0.137334262819077 0.247576355823915 0.0558230362605435 0.137104506782586 0.0479656780906151
0.120200403833155 0.0703029068528466 0.039790434779847 0.184066951669478 0.0596208759784922 0.0910696603698196 0.0708647649028622 0.163753138518526 0.0903879673747959 0.109942895720177
