0.0294647243527783 0.127354110873906 0.0605870305658707 0.129225078798095 0.209470826347503 0.0251054939457033 0.116561744360808 0.069503468654743 0.218944737639244 0.0137827844613484
0.063469012575066 0.0611178304761473 0.165939890080826 0.00571735750414814 0.146694536329712 0.177247285229746 0.0467527873043758 0.12725183114536 0.122282612031175 0.0835268573234434
0.130758805267394 0.142460207723284 0.0863218699902793 0.145431002254628 0.0545856100349672 0.0563821681582532 0.144982726860915 0.0529459463415659 0.0443098230584279 0.141821840310286
0.136551986499425 0.110780168541273 0.0551935227567097 0.211642410431587 0.141266743724972 0.0136022210826868 0.137014597568561 0.129570956226542 0.0500713370039508 0.0143060561642929
0.045153754252736 0.038343821002927 0.17426788038474 0.170493445117198 0.214599434237048 0.0967744070726204 0.057774982859797 0.0605101031673924 0.139339332648368 0.00274283925717224
0.180932416832246 0.180485732132587 0.042651178953337 0.0129280449559553 0.10096849234559 0.108543725534437 0.158098269978356 0.0721475987251785 0.0847996264721103 0.0584449140702025
0.169355070291841 0.0424779900143449 0.0454632714661984 0.0310673471587276 0.158583782608347 0.0174798336102186 0.205702724194181 0.11817526619749 0.0272986971201052 0.184396017338546
0.000530724116659483 0.16551662347388 0.062193331636484 0.156522294602352 0.129855346061673 0.120097649555451 0.164060145355709 0.00945255219690506 0.0950423114819677 0.0967290215189181
0.0516687256508013 0.0398064382800195 0.179683206716075 0.179362703400246 0.13302569382054 0.0911960281129896 0.121269715577908 0.076776728455565 0.00611668176395552 0.1210940782219
0.0287666462580626 0.0978338737886104 0.0383766321026451 0.0324854092359939 0.24598609913183 0.119029193298127 0.106464090876665 0.0854421445777751 0.183904565380504 0.0617113453497869
0.168013397773969 0.00312878630821128 0.0733519362812532 0.0752477099741878 0.214438606563634 0.0332546167408497 0.145277604379113 0.0179780093649885 0.0940407247256276 0.175268607888167
0.0294919737683308 0.007643834464571 0.163487039197837 0.133098418461707 0.120866306875623 0.0426502741852202 0.165000169674814 0.0255249066961452 0.145081993451983 0.167155083223769
0.191109760496878 0.042119814666589 0.0705427897836416 0.0170356878851026 0.0655169090783611 0.0155704098686505 0.106491780168193 0.183790751573949 0.173348086539074 0.134474009939562
0.126437730132799 0.0332872769198172 0.20285215406882 0.0445644163146141 0.0894915352937186 0.0510917930040903 0.0322901533057653 0.24115381669359 0.159359525392967 0.0194715988738178
0.191261676110773 0.0642205401917988 0.0131862570404877 0.147173438620925 0.0999220826742792 0.187769522471865 0.0930168376727199 0.0452292282409335 0.0147975899414552 0.143422827034762
0.0335404025360114 0.0324040068512022 0.18576071175388 0.0426374408695009 0.0260303440698022 0.0953931478861763 0.161027944910724 0.106234748373526 0.133992608677112 0.182978644072066
0.00412504540735404 0.0215805949605827 0.0135523095299775 0.067834263951492 0.0954415109630915 0.0984426136658617 0.236720216850159 0.24803934159334 0.0294959275155219 0.184768175562619
0.139577682492474 0.0568014251026346 0.0914628941196383 0.12442672532914 0.122454470310869 0.0913031204009398 0.0697565097170113 0.0853151372940003 0.107171419090057 0.111730616143235
0.0513558052152745 0.178316808005924 0.0694934608069895 0.0203192898307233 0.17234224848439 0.147926116630638 0.0472148288157895 0.151764742064898 0.0702144443096762 0.0910522558356975
0.000101668151905331 0.0656590368485562 0.123816212693269 0.0964235354914059 0.0898783224559649 0.0727814990236814 0.184250680493719 0.159936079155482 0.0806423135296928 0.126510652156323
0.0469581617494481 0.138592011541902 0.0934516300049499 0.0909023429154392 0.0733946406118838 0.0869003270191245 0.177220186829116 0.0377609781914857 0.0729825362287725 0.181837184907878
0.0542020569425757 0.00885574093275573 0.0578920807964661 0.104980057083544 0.104855521348786 0.18135605450123 0.181481345096117 0.0861077607164893 0.144977679435538 0.0752917031464972
0.127472862904918 0.190358872381668 0.0479763145378108 0.103516068740315 0.143219505166909 0.00258128601557733 0.122238800217179 0.130635818547496 0.110703603024628 0.0212968684634982
0.123381775703456 0.0356007137495939 0.0883891952221693 0.167271009322657 0.0011933092447306 0.183838893253956 0.109475152191221 0.151620041284511 0.0625305758465128 0.0766993341811921
0.162480832189574 0.120102741367269 0.0470611285314454 0.0335661499400576 0.173429635689534 0.1481435439849 0.0722617593622264 0.0878762232953609 0.0583499517863513 0.0967280338532812
0.17875091100564 0.186020624815956 0.153813299820186 0.129874757074519 0.0232874808609415 0.0820729904883833 0.0446315278608669 0.113028939577839 0.00585312628430463 0.0826663422113639
0.119168733439663 0.0654705272135531 0.0366741528188266 0.161036944843153 0.101829877663527 0.181746914195439 0.0355712844328317 0.092663321604702 0.188261873876629 0.0175763699116761
0.0372959472848833 0.0352264478481316 0.137262503544176 0.121196041066156 0.0661474746844663 0.143795509160401 0.117054506919608 0.0656935851399667 0.150520261144481 0.125807723207731
0.0889741743110079 0.0102961884571679 0.0310198554866919 0.0719051873759456 0.151974722075002 0.269933122224054 0.179302112303746 0.0479933184631036 0.118910550885262 0.0296907684180196
0.118545334991133 0.025353413983404 0.015354447438406 0.13811875729562 0.176459111239445 0.0531845561720307 0.100315291549691 0.177079000090512 0.0442324417463426 0.151357645493416
0.030551601870694 0.00325500465548555 0.169287153095892 0.117336484995479 0.179944178187454 0.0818366507212289 0.130390664817021 0.144618560046166 0.022876907574883 0.119902794035697
0.0348505411536952 0.114033178890242 0.148691096867507 0.163615548966028 0.0457893595515782 0.0179116062135992 0.010708029032993 0.215592618613271 0.122348856086012 0.126459164625074
0.123455228839776 0.0725342043064625 0.0880908900990427 0.113411253391097 0.116859447892644 0.105985788695427 0.123806606405191 0.126128246410838 0.0786019412018493 0.0511263927576718
0.0888469816188749 0.0936516358822758 0.132469206507149 0.128200535551759 0.118701108225013 0.10378074069124 0.0306706034102601 0.0993747016412336 0.0948781063255588 0.109426380146636
0.192346182669117 0.0477845962128586 0.184410005817173 0.0437218765002555 0.0436985280193521 0.109815719080612 0.0587018397695782 0.149924465203512 0.078867588050893 0.090729198676648
0.055583329646474 0.110418534581516 0.00714015023505109 0.140205206093993 0.00465673849716438 0.114005377064369 0.152895970364028 0.0604717075974981 0.16325061605617 0.191372369863736
0.141606074760242 0.148493929464822 0.143985220549531 0.0190049913622492 0.123971705708221 0.123775836798319 0.105529535057143 0.000142252324617038 0.0539164177929084 0.139574036181947
0.117426691504509 0.0264572897977483 0.130723857391664 0.0712745703106874 0.160093944426639 0.086778046374791 0.0854406205997704 0.129228096366338 0.041016654259652 0.151560228968202
0.00994299874040628 0.135070924007368 0.0416012178774396 0.0500330542616912 0.117157293269999 0.15050180731534 0.177257506393397 0.0716426831245663 0.113236245136234 0.133556269873558
0.0560837603629985 0.0981898712473854 0.125017377612708 0.0490990163901421 0.142700647455297 0.117098944677172 0.126008646949577 0.1005116697522 0.0912474787209053 0.0940425868316154
0.0579065945113914 0.183010444110443 0.0574254933331298 0.0677812611390925 0.0759426030175308 0.0428824832972962 0.0220798956589033 0.141163840763786 0.179268949279167 0.17253843488926
0.130257503793154 0.0971810686007827 0.0138284945848771 0.0270763676599589 0.158551066495989 0.07659593065383 0.16573690294434 0.0555057954547445 0.127726946701111 0.147539923111213
0.0207186293708547 0.133477157495614 0.0791020030596254 0.0940324623969225 0.151742046719705 0.0663406922241849 0.0319132720882255 0.123809983682222 0.157923096241146 0.140940656721501
0.0698143815225181 0.0176919963720053 0.116122756883557 0.105790263299803 0.176822406546056 0.135336108414657 0.00943570891732173 0.054376837723377 0.160218357561362 0.154391182759343
0.0999519091450437 0.165347314087051 0.136747827402034 0.0483069002240281 0.147097139546796 0.0745243565444217 0.0620045929698522 0.0126679641406816 0.127766278652468 0.125585717287623
0.0310649588203385 0.233834009455441 0.135096827381768 0.00613001321741947 0.00762671848097001 0.0605693000933643 0.106556104683663 0.194239270309901 0.0270085333177875 0.197874264239348
0.0151223061116858 0.0840095160849588 0.141912927102854 0.0165876488420709 0.0549997132999161 0.159051836636393 0.200036821707801 0.15242932273217 0.0415159399594106 0.13433396752274
0.136908113753867 0.137413241925414 0.0766861657833592 0.0976486088745696 0.0687816271512309 0.0738068396261057 0.121422350053317 0.0787397872410483 0.103353147995831 0.105240117595257
0.0175908897481796 0.138759080981726 0.1269644139374 0.00478965078672007 0.0737126765591252 0.118035108552941 0.143480998441758 0.0815790789719216 0.140114888931543 0.154973213088685
0.0150500665034817 0.0854671256302674 0.135790507828627 0.10727778391562 0.14571845299409 0.0817847674718408 0.062306013335642 0.0649777908208733 0.148295581935209 0.153331909564349
0.0153097886754731 0.0827292394737983 0.105032320081497 0.14546235775056 0.101467074799705 0.0821036209111072 0.177592178964558 0.108866930410099 0.122703629509307 0.0587328594238947
0.0404439215636112 0.116413541843519 0.157863139136658 0.0239408050910574 0.0964933263582111 0.141452628369901 0.0793768213698405 0.10981922435958 0.117120299869002 0.11707629203862
0.114880047712131 0.0795568808065882 0.0395975804916434 0.00265789100131887 0.111667269136593 0.0205586359160297 0.142849736028887 0.19105152626404 0.138036472865247 0.159143959777523
0.15397501972023 0.00295311457361044 0.0688583961751199 0.0155045168599539 0.187177048684556 0.0397548240280465 0.193393956031986 0.137439675457175 0.0734053652602823 0.127538083209041
0.175510288003463 0.124940084227804 0.0315156997671598 0.0490747520577402 0.105259532261995 0.18109178377573 0.138727801390757 0.0777534328568875 0.087240000472949 0.0288866251855145
0.0520979134197429 0.157193618356882 0.164845920895698 0.103759335547809 0.113658149067668 0.0953386588564247 0.0862097142813033 0.0648699352878297 0.140811539569505 0.0212152147171382
0.0236717743625982 0.0770532794200203 0.165671267949701 0.10729671339824 0.133809507676825 0.10355371360358 4.22702399115517e-05 0.085139446312309 0.181469486151019 0.122292540885797
0.0463273505484892 0.0688774944372551 0.201044787604746 0.124561596946435 0.137864075734218 0.00802238101918362 0.0216909967107505 0.106659097480789 0.102534195672014 0.18241802384612
0.111449740792256 0.119809619328411 0.143555670398894 0.0329731195499842 0.064729953149228 0.0245437195887872 0.161122167094006 0.0780184215607115 0.134163548647206 0.129634039890516
0.101390756001282 0.0841128869222878 0.0909725072211449 0.112359435069779 0.162137697575067 0.0706954924008025 0.0719785974731934 0.0842720787684263 0.0614142987510567 0.16066624981696
0.218324082709116 0.136673765922304 0.0425854227259821 0.0252385242900615 0.00542474535895124 0.141363962183511 0.0783602177653997 0.0681950321840349 0.106633305342429 0.177200941518211
0.0538736354005561 0.10660320976812 0.0585640397788341 0.178947155782859 0.14844765938612 0.148838401554697 0.123718050011027 0.0477159917455153 0.10283029111492 0.0304615654573521
0.0430817738363039 0.0158571950074583 0.196698213657132 0.0459804622214704 0.192873110071807 0.0226870716006538 0.0221519674897833 0.19865196291725 0.0601160525007034 0.201902190697438
0.100032058647436 0.158711872415018 0.0985535546269156 0.036878941937293 0.102295869820478 0.0368503799117479 0.149748496827394 0.0844611626505162 0.154894193305926 0.0775734698572756
0.153934098872651 0.0552552582673804 0.18028074384328 0.175598116377452 0.0907356519904691 0.104724819372963 0.0100527297201994 0.0683211789646328 0.113218656205623 0.0478787463853497
0.133830458602353 0.208552486364918 0.151485704614494 0.0559412521627865 0.013798729362044 0.0143949937143645 0.152354029394343 0.0592621512837895 0.196633220641483 0.0137469738594228
0.130205815642574 0.16534706831212 0.143719545563527 0.166439528699594 0.19834871343925 0.0690213559485029 0.0261699932309564 0.0145094903277086 0.0163491242366966 0.0698893645990698
0.0821020314919401 0.0361354781889271 0.299197160465973 0.0495690044851447 0.00723871686528406 0.0717086814700294 0.0664558673655206 0.0854412716646077 0.235532833448171 0.0666189545544019
0.128704981964619 0.0862178792692333 0.0720721516617482 0.106570852308696 0.0440291164263602 0.0891447919396817 0.0983492530859593 0.153511170000483 0.148156679461088 0.0732431238821321
0.166644223269569 0.0428824291189157 0.040015279106801 0.201740139329882 0.0781515701922733 0.141716052995713 0.087596891761972 0.0171294734912492 0.0650068913504085 0.159117049383216
0.00179688864244183 0.117691925336951 0.150871042823366 0.076989097127502 0.146388730152462 0.144635276386491 0.14131522745815 0.0765074309682468 0.137204332742701 0.00660004836168917
0.0241519604728244 0.142730250190629 0.141950742135429 0.16501574814026 0.01248858067522 0.175536110574762 0.00311800704523222 0.114414294953078 0.168378389585414 0.0522159162271515
0.110950918277032 0.202138633269655 0.0234823164905951 0.0797550945648123 0.19381721028403 0.00965628715508488 0.217795086395397 0.148112058107058 0.00146081636374185 0.012831579092593
0.128016496627508 0.094140049230514 0.0287661973755187 0.0271860883740296 0.15241073716571 0.133777041720176 0.10546684910101 0.176759402839047 0.101049257225948 0.0524278803405382
0.00154911846888835 0.167676078419618 0.0511466495967278 0.0316862893264862 0.00353673882469154 0.284020579379704 0.1100861290495 0.117412280392219 0.0385678693367312 0.194318267205435
0.12173471081057 0.0649106457847062 0.149697400897596 0.0382880227792078 0.12501605720819 0.0687963874342806 0.0630171307807841 0.161219594068626 0.164924000591277 0.0423960496447614
0.0493002408551061 0.000843115477159642 0.194673685312364 0.124968406856649 0.144384673671161 0.200116042412388 0.0222417588935847 0.140013512910746 0.0581886382901356 0.0652699253207067
0.0674227071838667 0.0965892802450381 0.120698161750516 0.142487956059563 0.114327957158127 0.145918688285267 0.102203583550916 0.0652590337869136 0.0937584695575463 0.0513341624222475
0.0410718630393246 0.0961337987775826 0.0855382694024711 0.024540011307243 0.0766918298261678 0.144165173719694 0.209321306448587 0.168432309803895 0.122953905089427 0.0311515325856081
0.18473298723949 0.0173875056460631 0.0630028592666063 0.141838487855318 0.196938406165899 0.155068907933287 0.149574250539245 0.0247658257024732 0.015231834243149 0.0514589354084703
0.119928831323036 0.0300178164111184 0.107606152047264 0.125246674608776 0.074429408840175 0.122240417381214 0.0253930772928162 0.097635173057469 0.152854113548001 0.14464833549013
0.0441665541158244 0.177191273301072 0.165690271297318 0.137050303261367 0.0781525540358739 0.140268515460571 0.0884174684868786 0.0169733750810375 0.0792159791808511 0.0728737057792056
0.146718937774553 0.0921704314813226 0.0903047659955228 0.0524004117564592 0.0783299643028231 0.0560835505546507 0.164304762906227 0.0163780223172596 0.154078862798242 0.149230290112939
0.158495677026766 0.144548761360897 0.0138844417341074 0.160895716393651 0.186826147703102 0.00397056518244404 0.0402733142604062 0.0611844185472661 0.0932294395912277 0.136691518200133
0.164093447971109 0.114689590872794 0.0272818469129426 0.0258508455822361 0.0169126989702011 0.128969418873415 0.191573997341855 0.131115324139996 0.171477096712885 0.0280357326225676
0.148358644131714 0.0392101266042392 0.047332081449242 0.135335210433807 0.131646896142022 0.117831350746249 0.130909260163096 0.0279297355612511 0.0781417465232593 0.14330494824512
0.152682743093939 0.0723593501359173 0.0484989307563861 0.0938061395704773 0.108366598315026 0.0663194827884785 0.144496581062608 0.0863996607739703 0.0691149392559023 0.157955574247296
0.159888067184293 0.136251538304989 0.121625019622556 0.134356038324374 0.0118466030571204 0.0467141644665424 0.00818138283268665 0.127534534639046 0.103408596813417 0.150194054754975
0.132726326134651 0.118566164242101 0.0667010138251918 0.147828239456537 0.0474660979106204 0.120335805646047 0.00836162335440064 0.13632247659063 0.0707138246234474 0.150978428216373
0.104073041874111 0.134544776335482 0.135802880524167 0.0633591954975965 0.0539521004760441 0.0720518901080095 0.149901645537957 0.209545532053509 0.0473389280902841 0.0294300095028401
0.164251310163461 0.0736328530573068 0.0203398858374602 0.0405467360325592 0.148757091451975 0.0211172552978586 0.182132952006775 0.159309811417125 0.12909678765849 0.0608153170769891
0.0345563778299364 0.0868181529542756 0.168045841047357 0.0039996796280265 0.120341281059161 0.135669207510668 0.151220106000925 0.137151630693279 0.0376182577638883 0.124579465512483
0.152854017039184 0.0924060981350952 0.00596352117318473 0.191691607949298 0.123223604519857 0.0690016008929623 0.00211492473653081 0.143946556132131 0.0982388730695177 0.120559196352239
0.083774847440713 0.111086068932575 0.142370100092664 0.127692382928896 0.102565184904402 0.0358130333404681 0.0359589056845604 0.142632087667054 0.117010152685818 0.101097236322849
0.0963874792132129 0.0896638082098488 0.00491967916202465 0.191751304507841 0.0221374267956531 0.107730367120885 0.140153472333975 0.0959280131985026 0.182270676172017 0.0690577732860392
0.115150985609702 0.0137057232293339 0.0732173168239718 0.20846674802525 0.0444562490825478 0.0173784609769557 0.193894301271574 0.0943886453794337 0.220152256972039 0.0191893126291919
0.22663713131227 0.114066867439908 0.0390820539727008 0.00284730894452192 0.0384143660298994 0.0523925324618606 0.0115315817809779 0.256058641848189 0.152869600400471 0.106099915809201
0.143360836696537 0.0473385075599913 0.147455485583124 0.025390320864259 0.152057378707064 0.116332382244373 0.0790273381798444 0.135326098509581 0.00999573287707099 0.143715918778155
0.169580539363828 0.0503695659383171 0.0726032283031151 0.00393882111976344 0.0278650597944247 0.152115740439647 0.16236841689395 0.107866105908974 0.126614124333008 0.126678397904971
0.095042066160444 0.0201912179721082 0.120634064726202 0.145424702347828 0.0897640159814336 0.14602484187965 0.160443522882106 0.0651776663780537 0.070262004631547 0.087035897040628
0.126766019928073 0.0218661562235754 0.120157347585838 0.120238854151527 0.0894308622577605 0.0987777830982997 0.0317923084988548 0.149571445548579 0.137513648580449 0.103885574127044
0.183079573205013 0.0923652286875543 0.0776907309028498 0.0307441615778717 0.170451627357551 0.154642995266669 0.105313521566601 0.0126688466580761 0.138432224888461 0.0346110898893533
0.138302594901715 0.169457598488593 0.035701783389797 0.0196581245779472 0.132725063418597 0.128140079728326 0.114630956762463 0.0159543007125233 0.149868006933804 0.0955614910862347
0.0604807187963209 0.137352618286023 0.103237193664628 0.118415622474205 0.114787532998301 0.105481684426296 0.0134337227927774 0.073536263161408 0.121638697125455 0.151635946274586
0.00494080422269277 0.0700199459437073 0.193976166038638 0.172997752251865 0.122564019279995 0.107009835839971 0.171486216063387 0.00405101560114888 0.0226133117378393 0.130340933020756
0.141190079608291 0.0630843450072279 0.0454661816948981 0.142752948407627 0.185305753979654 0.146363305933206 0.0564115610354997 0.0189140327365316 0.0131213082075725 0.187390483389492
0.146012888027165 0.0275105097052718 0.0809960353393172 0.119610510784804 0.0118003399893078 0.170217794395218 0.0806403775894137 0.0338058896841025 0.174942480586684 0.154463173898716
0.058878655394354 0.00182461486369096 0.0769879521405173 0.166806704158377 0.0545855213662711 0.133100515874371 0.067823885574803 0.150547290884207 0.129477513901761 0.159967345841647
0.0480490791826381 0.155840394362699 0.00666904577236669 0.149583468661792 0.0752657157420594 0.0941699899052094 0.114659545611581 0.153840383278084 0.073863978924329 0.128058398559242
0.154756113266844 0.247501181982124 0.0692486785360501 0.109775893918843 0.070675824904807 0.0585722104906522 0.0892860795851503 0.0792588946307102 0.0148908891120504 0.106034233572769
0.0475054846174264 0.117093231978673 0.078597161918699 0.0869106237378933 0.144594997953288 0.136398287132551 0.141605125047287 0.123708695000209 0.0967709739271997 0.0268154186867731
0.110850307680155 0.0317612847458415 0.116075184096375 0.0871043911548733 0.0811795205069804 0.100238022115297 0.155459215232536 0.0995574510567829 0.0994481527324615 0.118326470678697
0.146364321427099 0.0917171584678995 0.152574632904909 0.117165418683183 0.0932430453553579 0.0230006950062687 0.0798823347211282 0.094140207502906 0.0907565577642873 0.111155628166962
0.0826605231441509 0.0610205142962952 0.00411889363444168 0.0725015411870752 0.0341826883391228 0.198884527786224 0.140056721938846 0.166139411454061 0.127201748341232 0.113233429878552
0.0529077787406617 0.0045009139437087 0.120702342244576 0.230435020888421 0.177273833741445 0.0493746626600762 0.158440094487745 0.0343566665416818 0.113189673532355 0.0588190132193298
0.0967395186509599 0.0667052180862603 0.180353961730244 0.0762910014081204 0.172394788848731 0.0725309401535272 0.00513994758690843 0.138560185674332 0.114642336197436 0.0766421016634802
0.125587988166781 0.0994572260295993 0.0895741801910331 0.135612011288623 0.129255482622258 0.137695002403396 0.0252567050375093 0.121206336945212 0.127178753776213 0.00917631353937511
0.0127753512591312 0.140314815715695 0.0516883153968403 0.0194343018118969 0.0367441588425392 0.105058388605732 0.225178596908008 0.216782449216466 0.0548675605385732 0.137156061705117
0.0349418937593823 0.14430929478892 0.138150990489842 0.153465428820443 0.150481179948314 0.0627757170041908 0.0972098322024578 0.0962354961507165 0.0355234431084625 0.0869067237272718
0.0100528943526788 0.0785579949102679 0.07921534563844 0.0666274063885432 0.179911123082269 0.183333912787538 0.0275722047327995 0.161791079336415 0.147127509554436 0.0658105292166132
0.0291771089671659 0.117222102057147 0.0409592582314824 0.102911599785993 0.096290868131166 0.143448197534558 0.083030323216543 0.128331956167584 0.175725086624991 0.0829034992833699
0.12661113915828 0.143933224845782 0.0238154122958812 0.0754689246375319 0.0370322980734846 0.106505954845403 0.132247438663636 0.0907566792718514 0.124451907978202 0.139177020229948
0.140635069096082 0.0600070758703111 0.12381511114537 0.0134379749318468 0.125000935332562 0.132231997470419 0.0883460597258953 0.123074649338567 0.134039426719222 0.0594117003697244
0.152955039236274 0.163266746178853 0.035553226937486 0.090911037673354 0.0992946177430698 0.0284458001765911 0.112675575032923 0.108855846029687 0.00986427259882573 0.198177838392936
0.161306679454113 0.130496141869083 0.0107709466501468 0.0770172284787542 0.125606151324691 0.116711907735237 0.129355362150145 0.000326380886225549 0.0790254877575855 0.169383713694018
0.113613616156539 0.0365741318847172 0.164824576364593 0.165906912950598 0.140118722987733 0.0156933330558007 0.0597189343489095 0.133339666647114 0.0454640455604362 0.12474606004356
0.155638664468098 0.168634546499781 0.0876516463713293 0.00461740257769414 0.0682448265531261 0.0890891694669853 0.120374035484257 0.130193060329838 0.0963197050384788 0.0792369432104117
0.214294808024977 0.0402245301438935 0.158697668594825 0.0313563451508212 0.00969460151746387 0.00125415216543521 0.201534314032018 0.0653191858235146 0.0777314555207224 0.19989293902633
0.0355338337405366 0.0881393072233495 0.0323982793599879 0.0230817262506484 0.143979736524083 0.157548040204214 0.140408672590005 0.1292142305535 0.176562464149916 0.0731337094037606
0.0850703230704993 0.0924838151004705 0.13842252294185 0.130767157860648 0.0466511018030302 0.138160106534634 0.0985770834056182 0.110492718705749 0.0907729791521499 0.0686021914253494
0.0716264383788591 0.138509215761226 0.00994215035500857 0.179593668384036 0.107242785037354 0.096253177163265 0.0823962452422323 0.142111056683271 0.0478314587998398 0.124493804194908
0.0249562520279131 0.0824925375145667 0.0283258415595219 0.116559281278732 0.0936188226110039 0.184900498731972 0.11688793230679 0.214999430917234 0.120352035820656 0.0169073672316092
0.146117901020979 0.0207402159563512 0.0253514273840746 0.0996332699790882 0.121047748559875 0.13642739210822 0.140285549200433 0.0926187572467798 0.121021621520939 0.0967561170232595
0.0199383206507022 0.211007974332893 0.141681548058096 0.00885550847878214 0.148365875480656 0.0660163712677193 0.0331202005001869 0.126392030183983 0.0370652747770862 0.207556896269895
0.102408541113128 0.160343040544145 0.147102701201826 0.244999668102774 0.010213662790531 0.0477416825203343 0.123992629556829 0.115445792259364 0.038165589774592 0.00958669213647531
0.160641297937514 0.165253222312778 0.0640016402051414 0.0784102890452986 0.0529879376287142 0.117552052105711 0.0648897182150394 0.0987193810357702 0.0210944660801039 0.17644999543393
0.0821296517101885 0.125033545193158 0.109029155324039 0.166532896904832 0.00702215926805004 0.094877749199363 0.13650752894605 0.16797425143226 0.0832950747968747 0.0275979872251846
0.183509332147995 0.170216575745996 0.0327833114627007 0.0203362755773819 0.0312945229395926 0.115424876424409 0.166010513109936 0.0193731395880006 0.0919300575985153 0.169121395405472
0.103590579578723 0.142748883607281 0.151647769221511 0.0260490987967391 0.0967051013593524 0.00412897908978866 0.136217930634886 0.0940283084508508 0.123026647448059 0.12185670181281
0.00135377138482523 0.147635202354495 0.0480269620995721 0.203011260041675 0.146585019224377 0.0787154543469461 0.093804520104382 0.0188802090114486 0.199828417980536 0.0621591834517432
0.0904343073540576 0.128816884140546 0.100353557241041 0.110812420161592 0.144496888181278 0.135198286198456 0.0176067639727842 0.0644939279909916 0.110662204884258 0.0971247598749951
0.0583939667741704 0.122572071407914 0.0744372892923407 0.126795515971941 0.122930301608725 0.108124638514425 0.142901151036903 0.0886555762589873 0.000236386662244496 0.154953102472349
0.0337654500297101 0.0150129051596813 0.159377397415801 0.106925055941551 0.116851833649511 0.102483985500496 0.0375803636094841 0.103035935370723 0.160640304567945 0.164326768755098
0.00081585730977279 0.177747289623275 0.0921507097338507 0.0967729732910583 0.148408273132173 0.0641136575282939 0.0755920530490522 0.0496912736711965 0.148434776274143 0.146273136387184
0.0249259027676918 0.121081738135454 0.0801755409517742 0.144083345271632 0.0555989074519188 0.154088744537559 0.12451795291201 0.0400568548736248 0.157567394720151 0.097903618378184
0.0242041577733232 0.105863417182437 0.0984014016283174 0.17666471281093 0.124164208116501 0.108748229052697 0.0373350892763426 0.135408966085879 0.149840350027345 0.0393694680462276
0.0471206882087514 0.169561341570913 0.00324728539644107 0.0545853962410341 0.188037737798224 0.116100792312682 0.13374872210732 0.0536290956721486 0.0284499622390492 0.205518978453436
0.10667068240846 0.187216675167684 0.0179375504758512 0.158786631613199 0.0670838372363723 0.0706118311703945 0.132863971109599 0.0873351526226362 0.121705157455234 0.0497885107405696
0.16484953181747 0.170895113105756 0.143108939543803 0.146359728878638 0.135276021322823 0.0203953000473038 0.0966953738655658 0.0516853383286785 0.0400442184037531 0.0306904346862078
0.0402428913858558 0.132546650177075 0.127136145516526 0.208564489203284 0.141977142224333 0.143228616565314 0.0606207630143665 0.0190700922263423 0.0845653575807852 0.0420478521061187
0.0957923546191194 0.0509725293105082 0.0901361118507627 0.151385127206966 0.171897500222168 0.0877399284414215 0.0786627874996886 0.044487908857658 0.0741096949530054 0.154816057038702
0.0410796538420246 0.0220402085757846 0.130388210569799 0.0746287917299898 0.109944689569396 0.0914471376132403 0.144351940815018 0.146990146175367 0.142901148014833 0.0962280730945469
0.104318217119939 0.140640264791619 0.116759486415435 0.143779379181998 0.0130897513575539 0.0483421454279416 0.0279368040846689 0.122351112722029 0.122124794150348 0.160658044748468
0.0182663857238351 0.14597490470537 0.111158265898087 0.121428997794349 0.161791041631213 0.0965052164803743 0.00299318001036234 0.211893119035233 0.0509091024478493 0.0790797862733272
0.112981977112005 0.149920120586944 0.147358097677204 0.00754601612405095 0.0254581458209285 0.0675067306826825 0.103841911803382 0.0993426915546309 0.134825327094213 0.151218981543958
0.0604043693947016 0.191793957457235 0.210693076239177 0.0599578319503682 0.0371700252607938 0.0152025022102963 0.0455802612022297 0.172595756606374 0.0520328611990503 0.154569358479774
0.0633601876999625 0.237297426684583 0.0495530019577098 0.00217714917360394 0.135231542711442 0.186506980143442 0.100149475608852 0.0971379743000995 0.0586876292568814 0.0698986324634239
0.068372968498314 0.0974734534349603 0.0252764745373681 0.166810652319672 0.00124372629169711 0.130926877248986 0.211739389214274 0.0545499451942515 0.0294304125276982 0.214176100732779
0.0318522269879527 0.184957906706191 0.0386671550392568 0.087714346801642 0.104221641101155 0.0346346865521361 0.0487384384064917 0.166006487104604 0.154243812803769 0.148963298496801
0.0111761306170576 0.106046351715354 0.21141370327074 0.13695816853997 0.0018370247953454 0.017115264996249 0.158651828065746 0.0753811996360948 0.116504274973103 0.16491605339034
0.0395643215006036 0.178098869901842 0.00871049561150574 0.159758457891563 0.16028106702152 0.140705138737257 0.0998908949511766 0.106673669629379 0.0889022331925112 0.0174148515626423
0.122031165283934 0.168472673321967 0.0205254808231636 0.0194839268659262 0.10578709267733 0.103213385934032 0.117856536404036 0.169509224570131 0.0312108768508343 0.141909637268648
0.0437387147109566 0.0893016770417333 0.0200707702394809 0.0766226849683437 0.0259296748900588 0.230243779304323 0.0744911663369344 0.163903587777455 0.159093207133138 0.116604737597576
0.0812671083874653 0.215817112462991 0.20389782936858 0.0135757047277519 0.0262746984867214 0.00454742006877984 0.17624264283659 0.0685387419344655 0.0311980681559221 0.178640673570733
0.16163388415171 0.0152357913348755 0.07505125745913 0.0475258683258433 0.139233861510099 0.137359862882357 0.0761804251646614 0.148117262145141 0.192474656468104 0.00718713055808023
0.169976983562614 0.159002341692415 0.15091626615622 0.084386886964391 0.092602826122367 0.0951780546359832 0.00272902678889552 0.126575687213679 0.0514665986197057 0.0671653282437285
0.119707873724756 0.00806956954483353 0.139985963434291 0.140978527759928 0.108586290018718 0.146093502369664 0.108288472783856 0.0421751214803517 0.0958745997960062 0.090240079087595
0.167995799747239 0.144561069366653 0.104287461486149 0.0624015218848249 0.0933066521994532 0.00367562688427009 0.0848849894968123 0.131265996137952 0.170947420769856 0.036673462026791
0.152340226030154 0.158450073199085 0.143131745917994 0.0655116093345605 0.0284408655676348 0.0486370436346323 0.0121845423556341 0.116764825398228 0.160767490157941 0.113771578404135
0.135006958851858 0.0424806009299081 0.133244517367873 0.0997234921285368 0.122647426819957 0.0770751380559498 0.133410506520612 0.0941589948295539 0.107466822269519 0.0547855422262325
0.0701357659134772 0.0182502224719502 0.0245396316351555 0.214702507950407 0.0500869202786991 0.183810812692967 0.24743893857664 0.125063831410171 0.0240282606575681 0.041943108412965
0.0317765820783245 0.20791824557426 0.0949517508396657 0.185342443812839 0.0227803315215294 0.0317784041773089 0.196118625957304 0.181272578315093 0.0137658879540505 0.0342951497696241
0.152334121243178 0.0268148272665684 0.0846846998993137 0.0461799216294908 0.117241840788037 0.0757836618310917 0.0248550426566092 0.14382702314999 0.128810902448372 0.199467959087349
0.141246799729385 0.075432763054223 0.058549453012285 0.0878465536888369 0.114582815332181 0.0645166826092887 0.044330073872071 0.111683987246473 0.141372224796984 0.160438646658274
0.140627797412076 0.129550311219228 0.141425155419479 0.084642388349352 0.162052208718744 0.0949248325300871 0.109277112372835 0.0399619507066504 0.0728118862065516 0.0247263570649967
0.170960698074986 0.1963085606906 0.0181203515342504 0.0567938257862608 0.0706947879112324 0.0223257543222185 0.0612766450297194 0.0722598950798598 0.154122739806186 0.177136741764687
0.140225693218253 0.0824719085917575 0.0594359334657105 0.0856989668957025 0.0753703539617025 0.150404918469896 0.0957995184309433 0.106963589875254 0.0633590533764464 0.140270063714334
0.0389830802952306 0.0854242167812336 0.175113565564276 0.102493045751912 0.11569057067005 0.12865880972501 0.201644762876223 0.116177914281987 0.020509950307649 0.0153040837464277
0.18650612803024 0.0890413549432919 0.110897623162321 0.0824166733579148 0.118652665154357 0.0294100028606955 0.0703407417271625 0.189669041842316 0.0799600754052903 0.0431056935164105
0.0186441548204012 0.0345898075598512 0.170298804293513 0.0663145174958109 0.0508953642564971 0.0618331015411762 0.150952834588136 0.107664889876782 0.137344733771954 0.201461791795878
0.0693897912476484 0.046000081548085 0.0152178843895509 0.244374927077015 0.092398638859265 0.220368547116628 0.0568565297053016 0.146463080501797 0.0729007016912245 0.0360298178634855
0.141060874626397 0.047327537907286 0.188484079743603 0.167924879454866 0.115904633212372 0.0330642319697326 0.0679833476750575 0.0556190339277646 0.0735690198304014 0.10906236165252
0.120674061209108 0.0254631081036316 0.175445743299275 0.121059129889713 0.125814470050958 0.135088192475149 0.062183517537852 0.103707233970253 0.0610206138054827 0.0695439296585774
0.156196372459631 0.0230140952931382 0.0999853341168865 0.0032850175822418 0.0140405153968305 0.022288177929565 0.20602991436438 0.197613229385851 0.10284460052749 0.174702742943986
0.109389859845577 0.132736003905873 0.102070403112394 0.135853596124643 0.141185432477667 0.157526689455547 0.112626091251477 0.016071807210018 0.0539235584892163 0.0386165581275883
0.205768086457503 0.0690013491776462 0.0553656888631714 0.146934360696237 0.0504105558497152 0.0999685082811668 0.107061652352307 0.0527796749810671 0.0342178024794916 0.178492320861695
0.0377020492254852 0.17856302109536 0.10601455242255 0.00144275537001849 0.0584958035017287 0.108421850013789 0.183873957181334 0.0327927502127622 0.12225027740652 0.170442983570453
0.018723762035682 0.0639404837291669 0.0840388111939259 0.137405490833655 0.162768894404039 0.0357578151684524 0.0462557445649749 0.107167643798772 0.172991422435901 0.17094993183543
0.0863718766865283 0.234914904285228 0.146781288877888 0.125266139863372 0.0795545524930748 0.0804173877326047 0.106581137290022 0.0529532234815433 3.76487076265017e-05 0.0871218405821117
0.0198051606743685 0.149915239376977 0.0761726455998674 0.126950570100164 0.108410290680149 0.133275916909682 0.0548143970951856 0.119612761276226 0.131208198512735 0.0798348197746447
0.0659492150436712 0.180559758327407 0.181787687323561 0.0317675643113108 0.0287374123838691 0.0455442394607539 0.00791844078174262 0.218368776512699 0.0818391999580555 0.15752770589693
0.147726359580164 0.0699955505211151 0.155957072920967 0.023244916560139 0.241028761186283 0.162340935920641 0.0427288349000466 0.0839785772592899 0.072594829825847 0.000404161325507476
0.0178386519480448 0.121383892218791 0.0288525653075408 0.191113790584366 0.0357787827227427 0.0202831995097858 0.102650318894645 0.222913669970732 0.117311180244559 0.141873948598794
0.0934026068284802 0.0479839470798289 0.080527078904451 0.136332365535073 0.151707399461702 0.0853641093060109 0.114742001867902 0.0154155749485729 0.134657832284267 0.139867083783712
0.12415007294254 0.121782199562516 0.0773861521203351 0.0535142042907258 0.128782005667996 0.190323391485813 0.107590584874197 0.00730679652560276 0.0834455908074585 0.105719001722817
0.00946710250853311 0.115998421943881 0.132875775760921 0.10843697628334 0.116929722125621 0.13195114630089 0.156296731630242 0.142150447158398 0.0249682257958504 0.0609254504923236
0.0873918231768418 0.0456014196843127 0.0910424405040495 0.0833349439441844 0.143899034587034 0.0930491469615377 0.18193386759127 0.113190608653883 0.0114326734661231 0.149124041430763
0.0407726705128971 0.112982122046992 0.16476243616064 0.0083043245547392 0.173151063486109 0.164677886239937 0.103816455163718 0.00797654264741055 0.0931493905640989 0.130407108623458
0.0437950575292307 0.0660396020407933 0.0238418755748564 0.0463987686179394 0.175973935050555 0.0323554404309559 0.020260142658855 0.219017817630683 0.116525480717069 0.255791879749062
0.0319849366184192 0.0744930186926654 0.149260766753823 0.149617797742894 0.18847555622334 0.111684549298371 0.00752631598270959 0.109679384967757 0.146528900278578 0.0307487734414435
