0.0575527739032624 0.155075902967892 0.145974877679976 0.209970246267617 0.118365348463373 0.260470360108353 0.0525904906095266
0.0152540241991038 0.238637696079114 0.16315124972095 0.132905901092524 0.17916858455221 0.210922561376896 0.0599599829792028
0.131813163477372 0.305191309292295 0.0485139295895238 0.00204087282605241 0.00918442081284675 0.0750263791978791 0.428229924804031
0.2496829877077 0.192477525133145 0.178652352333202 0.101822032904992 0.0676416692705061 0.0317521573796046 0.177971275270851
0.148367390092636 0.129933232450752 0.0940025676626532 0.0686748437145625 0.268339254470647 0.117973814889998 0.17270889671875
0.121371459410669 0.14044501836179 0.121042344455845 0.143385594754489 0.17091062043024 0.140962527927322 0.161882434659643
0.0899140033353019 0.227092662682456 0.108352933486476 0.00226288096284748 0.18516035199483 0.319343251548773 0.0678739159893148
0.212298902947732 0.211546284321161 0.105253519843837 0.0431678804364995 0.0493136365860379 0.248820444355931 0.129599331508801
0.228851137693172 0.223792140036706 0.108142733490668 0.131649461613933 0.2083710414744 0.0580656863064862 0.0411277993846349
0.171190181046161 0.133038919074761 0.0628066990321946 0.16708739725522 0.0809660084663743 0.216306952333264 0.168603842792024
0.161134078187778 0.0634961858669525 0.343948903508917 0.11531870115683 0.10826975670232 0.0640211084447043 0.143811266132498
0.221340961169648 0.100973603055099 0.0216593580680386 0.0714897025949894 0.210870420170474 0.121649153280572 0.252016801661179
0.14805706106532 0.142832263584729 0.23848796984903 0.110924564761564 0.0668081990598444 0.06480906600791 0.228080875671602
0.168357661705078 0.206872727298274 0.0353039561233142 0.0753094448741549 0.204441150058781 0.130386284070885 0.179328775869512
0.212821051710423 0.00366105415860382 0.114258353279077 0.0243070949676092 0.219248670390716 0.228103352489809 0.197600423003763
0.0196851032838652 0.0497997875996671 0.289075029254487 0.116712650251919 0.238137992420098 0.0219721777066019 0.264617259483361
0.175449855725958 0.025539160930088 0.0470057871649566 0.167400732884349 0.185590959390973 0.284407656893311 0.114605847010365
0.204365777977505 0.181780223513927 0.111835431863395 0.0700320960059502 0.097974172143014 0.19416881984267 0.139843478653539
0.021447326415823 0.243559687792918 0.142153035027802 0.0784393985730315 0.330966610300591 0.0514882691218724 0.131945672767963
0.25418439555434 0.00832844667289402 0.0958270717962609 0.147306242799067 0.121806836468085 0.151005206659605 0.221541800049749
0.0602559818267653 0.140167817258406 0.155865016830531 0.128263268708747 0.256252120674385 0.248663468476155 0.0105323262250109
0.27066436536435 0.0209420660680904 0.053021318491957 0.318995477607186 0.0992568427732014 0.00409856062227698 0.233021369072938
0.134672226995977 0.100005724698631 0.14378908451162 0.176179226261603 0.121241435789515 0.165440420503372 0.158671881239282
0.12790497126814 0.109560179136418 0.182612605897023 0.0424965314029246 0.153383379730769 0.191118116030393 0.192924216534332
0.115989796859867 0.178758492856056 0.224831784951677 0.151349584957886 0.19384772902866 0.00079459127246128 0.134428020073392
0.276320114090091 0.0144373663936326 0.00774654338205325 0.0810209729896984 0.286674904634701 0.154696103072466 0.179103995437358
0.224275304680946 0.0301616676136394 0.175528037448051 0.0347755470740253 0.270726492807869 0.219863055519189 0.04466989485628
0.272013809627056 0.251985605004584 0.117034795458053 0.0264636564511921 0.121807073883105 0.100699166349117 0.109995893226894
0.115285017863303 0.219742295973079 0.0928262426706206 0.0759168639207713 0.12224210445217 0.175413108466834 0.198574366653222
0.162005214632453 0.0580059796347897 0.329870891380672 0.0655445327269246 0.137844534591821 0.151473902464727 0.0952549445686129
0.210072517171057 0.109308678095442 0.116597467598942 0.0959500318592521 0.264442476504544 0.0187844703899981 0.184844358380766
0.19292785862589 0.170939993525916 0.134163432900182 0.121198965028231 0.164529450732714 0.164254607968538 0.0519856912185288
0.30459560182439 0.0512055974760753 0.164303522192919 0.0884814011880575 0.239263376799893 0.0829406910132641 0.0692098095054001
0.0236797488368469 0.208226030700432 0.221770068801292 0.0721385794055692 0.0992230240847226 0.161611721640963 0.213350826530174
0.239727470664299 0.00439650737500099 0.0167239790447264 0.148371118430266 0.276075015259257 0.202283247581044 0.112422661645407
0.286149621678233 0.128941253529786 0.224832338237165 0.0497856533538744 0.0600736131145982 0.0488462855453238 0.20137123454102
0.201835604880193 0.0938092118950742 0.16380574776894 0.154082368286566 0.0568361332982994 0.22105563810459 0.108575295766337
0.293785095759078 0.0655875734893579 0.181171739992424 0.267734742911699 0.0417008675320458 0.123031358905856 0.0269886214095387
0.31878539665922 0.0144929930572976 0.209380988819133 0.0144192602928839 0.0440451096333205 0.273157482296668 0.125718769241477
0.275942577360345 0.198110192114396 0.0913176305657935 0.0788054204606213 0.151644267518427 0.122584210995939 0.0815957009844785
0.186339104466629 0.165629515668615 0.0414574735839833 0.24599007964668 0.0779821404784248 0.11422588929712 0.168375796858548
0.102896169467697 0.132125146750381 0.0760458218947085 0.119523151411436 0.224908057004309 0.283106162878458 0.0613954905930106
0.0319811582879007 0.241699484417712 0.212903886556654 0.115495241534476 0.0225321929677176 0.189635798190177 0.185752238045364
0.050281055800613 0.205728366782017 0.147668413421066 0.180324305690379 0.061880246084869 0.159101422332167 0.195016189888889
0.135662114459534 0.09445452709983 0.103231453864944 0.152065550071992 0.20299796839383 0.155265662528628 0.156322723581242
0.117960390604913 0.0272067917299994 0.214399470731405 0.022957125648926 0.230418826578076 0.283490414736024 0.103566979970656
0.116254417390141 0.261005951459129 0.230497820365134 0.0389898343946562 0.188542871741387 0.0106538386876999 0.154055265961853
0.135782040318755 0.183887504644072 0.2217699577767 0.126283759267961 0.176916566589716 0.0907063735865387 0.0646537978162562
0.240173425801866 0.0157602347004095 0.239838816860485 0.0487978171439377 0.177311734313791 0.0487299045466634 0.229388066632847
0.166420546644926 0.0753166079357509 0.0829689861710412 0.0508747671587163 0.244552116535919 0.25029180187112 0.129575173682526
0.119850122937663 0.0180680649875567 0.00569101697959507 0.318688017784006 0.0646717179999706 0.220301366298207 0.252729693013001
0.100364663109144 0.0916387831953224 0.0935028514255535 0.165231464505456 0.0178776100686668 0.335935183316386 0.195449444379471
0.188929698406784 0.207340947944878 0.0428399722340543 0.14321350727236 0.0812574241607905 0.172548750539467 0.163869699441667
0.166446148790502 0.154520950234131 0.157102549480502 0.126401085227522 0.129590131890905 0.180838742723819 0.0851003916526197
0.191741637276489 0.140802690304595 0.139358878479967 0.0758187370866735 0.191100857416961 0.0890876464769019 0.172089552958412
0.145903817082218 0.191162763386 0.108324605884155 0.213149082707599 0.162557620429474 0.0990839421441072 0.079818168366447
0.112931721736756 0.150341554500876 0.147393718882491 0.163347539365234 0.236357857019279 0.0368189062251462 0.152808702270219
0.0134955670849957 0.342614745761063 0.0117567885894938 0.385521280719609 0.178339824266574 0.057708804872252 0.0105629887060119
0.148215904501758 0.108837706590644 0.256681589129324 0.144557440302915 0.195027764703163 0.0847212373655779 0.0619583574066184
0.200162156314106 0.131411581391098 0.072177502990111 0.150922814686542 0.0419603926849562 0.203923652697101 0.199441899236085
0.197437590915456 0.199931523921081 0.226333464308331 0.12659470669842 0.0313166028148323 0.0153219985230636 0.203064112818815
0.213325780975804 0.0677657609273591 0.151401734329493 0.0384356537449733 0.146555971537609 0.209236958770095 0.173278139714667
0.00467944798622856 0.0105696778545691 0.165250999268763 0.267533073367224 0.215335515921768 0.190485092939215 0.146146192662233
0.080649252299007 0.263836630854285 0.0164373873828055 0.217287413086547 0.184940009463151 0.187365223610235 0.049484083303969
0.157339558529598 0.15679098287476 0.150606480045211 0.0870867745971913 0.187154044722873 0.0556415344186645 0.205380624811703
0.199289643702163 0.0170763876440817 0.2212032779995 0.0184280641065293 0.146057993059161 0.203690089627505 0.19425454386106
0.0593520953093311 0.123444825108883 0.233076437955518 0.0320239095090027 0.240200993861016 0.273022596153407 0.0388791421028419
0.112968041978038 0.104850031325779 0.313212118714902 0.171641002799998 0.0732926768109911 0.032102873836805 0.191933254533487
0.08302080456879 0.138404749000465 0.394430366567813 0.0481967845625666 0.0152648970776782 0.243613982563447 0.0770684156592405
0.0701338079958467 0.238502477021251 0.0769654313341271 0.153389757944982 0.252979201867271 0.155796825065912 0.0522324987706102
0.10522224333054 0.235199950988135 0.173416385587995 0.0816678782869944 0.15819709169627 0.100281252456166 0.1460151976539
0.255421629679004 0.0668789694752251 0.178847607301014 0.0830520057382082 0.117247602549357 0.00309440741405622 0.295457777843135
0.198988567782808 0.211222242967479 0.0772158425885381 0.121554794266736 0.151007102015042 0.202896210472116 0.0371152399072808
0.215080501037465 0.166885978268258 0.120609854329535 0.219624635975859 0.0507074505528464 0.0192149491527368 0.2078766306833
0.00982326471260119 0.111420506884885 0.237798996819717 0.0729723267235682 0.0784941255596548 0.243275162218874 0.2462156170807
0.293817897376186 0.11649421024702 0.0515446572034054 0.247066886974488 0.17726199102696 0.0155863368431924 0.0982280203287491
0.163753615511515 0.0998184952617117 0.0708619796649039 0.164854881941796 0.21389395143324 0.2374863958042 0.0493306803826326
0.233599006823145 0.182076864721459 0.0846526391216908 0.119332265678397 0.148064563703529 0.16601918715816 0.0662554727936207
0.149738078318614 0.143320155930816 0.212611869729025 0.0828200972661746 0.131578265561889 0.0814873962023883 0.198444136991093
0.142587148673323 0.126445892550931 0.175685039192236 0.114877706830173 0.170929860355539 0.136678091528252 0.132796260869546
0.0125321908929947 0.284007555889981 0.0489455008079004 0.18705583120908 0.112791764328475 0.0617010130991829 0.292966143772386
0.0177569866407755 0.100866818014352 0.197036778094402 0.331292703607947 0.114911659621917 0.0730295937620936 0.165105460258513
0.127077433614572 0.197104226085647 0.167262017882156 0.0813516797664967 0.0767070140689219 0.218431139528957 0.13206648905325
0.165282443340044 0.18885352494453 0.178090942134627 0.135029741153614 0.119071830276868 0.0401261194103248 0.173545398739992
0.102381558237392 0.122892750061732 0.154260655597712 0.128795391779467 0.197390486212507 0.0800906639625845 0.214188494148606
0.056112494463843 0.0820868624268572 0.0552745610846928 0.285765368459372 0.213986678266657 0.147822653287364 0.158951382011214
0.035868164234774 0.0206643410139306 0.229812636085351 0.171465826896414 0.254804814768016 0.241595988926109 0.0457882280754049
0.0119575630835403 0.256996579535138 0.284857354761608 0.0521742867207469 0.0938597976791535 0.289070183933069 0.0110842342867436
0.105165501663494 0.0442723822245106 0.311554162558949 0.131278518652568 0.205313183103983 0.123419046842003 0.0789972049544918
0.00953009866907151 0.18864375807816 0.135869081649226 0.172752489675085 0.0814080118920857 0.232861079324542 0.17893548071183
0.0668160541449576 0.0775487368159917 0.181794592362956 0.194231337423922 0.241049145621694 0.0792259506958014 0.159334182934677
0.136146534089223 0.210422037271435 0.0115037051817402 0.25789188297175 0.171011373991179 0.0505125024807924 0.16251196401388
0.139302385549167 0.103714770109999 0.209443819232951 0.148593178841298 0.0230985394604141 0.134110325677393 0.241736981128778
0.204829146372602 0.0467595877830888 0.202778181751566 0.219282937379041 0.0351675068502553 0.202790408476279 0.0883922313871687
0.18781841920631 0.147122818676086 0.0179130371863965 0.132875476287005 0.168399515542596 0.172298646197093 0.173572086904512
0.0821107142117765 0.042295444546449 0.279046208076034 0.178420274920101 0.136173409292518 0.0693951929466441 0.212558756006478
0.0820426653280278 0.277010837382142 0.231096655477934 0.242389804385661 0.079765040499646 0.048728670314909 0.0389663266116799
0.288711872430443 0.278247333035985 0.0178843565501109 0.174672118197412 0.149395281937996 0.0527435258734435 0.0383455119746101
0.0337390423562363 0.220269745952815 0.120922036452083 0.224346255420452 0.0892657942530088 0.189306110253168 0.122151015312237
0.1712950430035 0.06057283423783 0.191542718566247 0.0303802453720571 0.283769189622483 0.231139084281692 0.0313008849161906
0.142693909130719 0.191318293499099 0.138624175239048 0.103192514416859 0.126555449130791 0.136144247356997 0.161471411226487
0.0728632507569467 0.0973094957550991 0.373889632910712 0.100740358471725 0.033616672181009 0.0170146438075847 0.304565946116924
0.169846741416709 0.108044415256867 0.0181702365298291 0.233539656649155 0.247838355615868 0.0350014478190849 0.187559146712486
0.0956054854603693 0.315226222830309 0.0621112417668033 0.315977315363267 0.0370603749707712 0.164465189974436 0.00955416963404371
0.208173796350348 0.109816895537436 0.125264966396952 0.120153054351576 0.10443010119645 0.167039917508361 0.165121268658877
0.237330350171195 0.119381025544985 0.292591363381136 0.0818336061781777 0.0760571663106182 0.182162631196322 0.0106438572175663
0.15293724162357 0.142537207286814 0.0805344401158822 0.247402957501016 0.290318233780029 0.0612531250691168 0.0250167946235724
0.080142816577386 0.247741373248297 0.177005638251921 0.154177463496326 0.0361374764917101 0.264792226754169 0.0400030051801912
0.0111366913647253 0.415405642357354 0.0671699377968521 0.106888016612635 0.161140623187465 0.0640443844544384 0.17421470422653
0.198989890005117 0.148411974668054 0.133942351370014 0.0820275934450422 0.055980595753213 0.36630488280831 0.0143427119502488
0.0824161804757724 0.232616571570793 0.0150884327904211 0.185447168571931 0.260022375530342 0.147291839075953 0.0771174319847877
0.0280855810682236 0.183445925484048 0.208802037620326 0.120052421239453 0.112793927417612 0.230388654156568 0.11643145301377
0.231241175851778 0.0666974572823045 0.18745018374919 0.0139085760333078 0.112523870997739 0.158050379117942 0.230128356967738
0.197636695700592 0.200377895843736 0.0984304576849822 0.209613607980209 0.0837677888838172 0.0206514285166889 0.189522125389976
0.0404887672939149 0.214028403725681 0.0566097796492598 0.102369182961205 0.247619752261355 0.165972911819069 0.172911202289516
0.0541641159798414 0.04280981616655 0.148093197176132 0.0580125461939981 0.305220521233024 0.250595028048343 0.141104775202112
0.190571537708047 0.190880041016519 0.0927680846859785 0.104938178516928 0.155670790821434 0.0661278312974296 0.199043535953664
0.0392646327870308 0.12107877310692 0.206283973837578 0.19116284192392 0.183727527837863 0.12714756238253 0.131334688124159
0.201475317109563 0.0717905664623707 0.015332773506563 0.22582191859156 0.170279333498761 0.0524236983350312 0.262876392496151
0.0111111315724713 0.222501442441844 0.180665267160932 0.205973454530213 0.0980758188574732 0.164594416063707 0.117078469373359
0.137020634692721 0.151523148286506 0.129755407261156 0.189487703611949 0.124211119988181 0.0749982127713943 0.193003773388092
0.25476588197255 0.143486658899945 0.0398503526304285 0.112158942184533 0.032988269890132 0.220657574468092 0.196092319954319
0.0858552613579864 0.180113427573513 0.0575060553082338 0.101409506424777 0.246981419317835 0.109240288897639 0.218894041120016
0.119861868414018 0.0885367214876696 0.0133103489967466 0.291277037368435 0.107919594871097 0.341512550540084 0.0375818783219501
0.00738853811991322 0.190584643644087 0.0304131158399318 0.0611774924286485 0.2347380517138 0.23720834946453 0.238489808789089
0.142619447468397 0.214069653869364 0.0789346206591115 0.198236295877425 0.183057817235484 0.176591957958109 0.00649020693210846
0.0361801743960482 0.315018644753404 0.0426428173070453 0.158627600660319 0.173192674340239 0.0490650322435524 0.225273056299392
0.276404901724426 0.0986793715790395 0.0733207049121152 0.262973506296097 0.0443371606163869 0.058469473569641 0.185814881302295
0.16976435071705 0.16564361683325 0.176559516223382 0.100864703180749 0.129226591501156 0.0375790180615352 0.220362203482878
0.139165895566215 0.00319904281106378 0.230272012791824 0.133244673115127 0.134656801926407 0.14156246334959 0.217899110439773
0.204612574932972 0.1910777108114 0.226543419829962 0.0472551462632234 0.0540120816614309 0.00793906781517694 0.268559998685835
0.0481860964682375 0.214090429835181 0.131331407415601 0.166520176708342 0.324175761858093 0.0148525329920401 0.100843594722506
0.137562954903317 0.172719781209731 0.166799770885201 0.132550233133976 0.139318639362352 0.153010907664305 0.0980377128411173
0.198383406392087 0.068297587891898 0.171659844947902 0.185443612765202 0.0594541125275364 0.129097579498126 0.187663855977249
0.117807166478043 0.216356694631428 0.206021697541585 0.211061562252819 0.114327224446757 0.0984946232079009 0.0359310314414682
0.125060046513568 0.107377034904404 0.204295528722014 0.0120398529651582 0.22131023513211 0.154585585089037 0.175331716673708
0.0929525194509196 0.140112500725028 0.214969695788916 0.168687212500936 0.0767019492237977 0.102408921336692 0.204167200973711
0.0140377972486749 0.108539246407462 0.207618600619301 0.142250960148414 0.188750719503719 0.144507322877862 0.194295353194567
0.211861171706177 0.148741112294096 0.181040276292661 0.0998928310228302 0.152745102152253 0.0452244304011595 0.160495076130823
0.00992287378268212 0.284939907009356 0.267151703881277 0.139861238241198 0.110542657109285 0.116853753201692 0.070727866774511
0.30017734765948 0.258617396945494 0.219767034735099 0.057723741496519 0.0116734487753598 0.0722710074244739 0.0797700229635736
0.192840031714822 0.11027465226252 0.116102580865062 0.237000125226901 0.00574636403171916 0.155842022820834 0.182194223078141
0.0934533803468194 0.215174846901431 0.13696722627274 0.122361892893282 0.0902640715743467 0.15742470598362 0.184353876027761
0.0327184639563935 0.148822792476482 0.259836643966639 0.112064105225315 0.205205069828516 0.0705672906574356 0.170785633889218
0.0231754784281049 0.198985578155017 0.1236650114725 0.159971165955891 0.222232117766379 0.13257058126864 0.139400066953469
0.0096664547473977 0.22549070402072 0.184830551786783 0.232896185490173 0.0289745048541735 0.0830998525579252 0.235041746542827
0.0927511903064962 0.00775768620325042 0.2100872032285 0.224399500458082 0.222294846617678 0.0284937128514513 0.214215860334543
0.200097397474769 0.0399621078242581 0.363690435796925 0.108512962963972 0.136634072034422 0.0835248987168138 0.0675781251888397
0.0721410163210111 0.0347762520365908 0.289000992468882 0.0314443652869029 0.335003977283267 0.234972449692591 0.00266094691075582
0.190003286014665 0.0594612681519595 0.174915556489699 0.170281139156776 0.159514113728061 0.0675016087481855 0.178323027710654
0.1042672782397 0.0234962007359276 0.314255312490556 0.348756474268671 0.012613167409338 0.195852609986207 0.000758956869600414
0.0374625498974469 0.151355862019909 0.0106638257387596 0.148110331396066 0.177509686919061 0.223717415530752 0.251180328498005
0.0548393361618464 0.283441775880939 0.129591336777571 0.216268404502873 0.0329108820661324 0.0185745082582973 0.264373756352341
0.0752215054941527 0.244780096377716 0.355749051290535 0.0748232305243436 0.0735283746731057 0.122783251846799 0.0531144897933482
0.233149211312373 0.143199613862923 0.0912629623755933 0.00924376245186064 0.0365645038548184 0.228532174552702 0.25804777158973
0.128234051747727 0.217811772478004 0.203121306389247 0.220796287793785 0.0425467634633056 0.0546804294717134 0.132809388656217
0.272421943511906 0.157798379987134 0.0768770943478124 0.244521321822121 0.0580881037894104 0.0804287215814838 0.109864434960132
0.051981818964067 0.186804632125824 0.0615425142571075 0.227394777640997 0.135747451140169 0.174012568880597 0.162516236991238
0.0843669279147459 0.280200404518791 0.0616791660950591 0.0180219707261219 0.0894818885356997 0.264243803449136 0.202005838760447
0.245863117191174 0.0164616937346217 0.0919803042408455 0.0945168945340901 0.0559008966657331 0.212795632121822 0.282481461511714
0.166054606127031 0.175411612534275 0.146178251578331 0.152194834694539 0.0340104684164992 0.169454269927522 0.156695956721804
0.0853468089839021 0.215984287665135 0.17667979371511 0.00762289537710854 0.198386067104577 0.14858816660232 0.167391980551847
0.076811676347871 0.0823675866728714 0.148172731980778 0.188123509483781 0.211527346734991 0.0909018452519827 0.202095303527725
0.0319397606533615 0.0903905146333874 0.263039319833517 0.153326007087396 0.182313821951729 0.225838050983001 0.0531525248576088
0.224454860008548 0.0402257380472919 0.131068542500302 0.102437091474391 0.210546964650942 0.103778288181845 0.187488515136681
0.125203206099988 0.010615663317783 0.214200033608503 0.0880945907695086 0.201186244172975 0.205877164227848 0.154823097803395
0.137514391787603 0.125432057423406 0.157919856924419 0.175203784990156 0.0291241181078833 0.144976711360496 0.229829079406037
0.0615389162519276 0.094887652816206 0.306358404547469 0.155324334141479 0.153819131517672 0.188135807497075 0.0399357532281704
0.293729371749359 0.067722993368413 0.0579151792342702 0.310666909824165 0.158719417289274 0.0684357115145624 0.0428104170199565
0.0671082695149426 0.166761959412201 0.115765869567289 0.259371656250458 0.089444093373833 0.0868498605786511 0.214698291302625
0.228630132125572 0.0583284208662816 0.000490761239465209 0.0695585902389704 0.246638776770818 0.253105519685241 0.143247799073651
0.256133592964074 0.290476144468543 0.027919970648683 0.151715654098421 0.104599510629458 0.0383331371597388 0.130821990031082
0.104803032870485 0.325882809254545 0.167047832367808 0.0401392246750195 0.00247068993006603 0.111318390371295 0.248338020530781
0.229721956804311 0.22501850828995 0.022787813606959 0.020117040748498 0.191880736722332 0.134529236219969 0.175944707607981
0.310927557008652 0.103742235404483 0.0982228138240189 0.0623669439660822 0.249039504807383 0.0265298684601395 0.149171076529241
0.197380198241881 0.154661463338476 0.110147068096682 0.115757985685616 0.155410512533378 0.0141408144514132 0.252501957652554
0.229558685448854 0.205565272142595 0.0593962518030912 0.0444392039566959 0.180263569643174 0.0358039185409435 0.244973098464646
0.179336670212503 0.206047571242958 0.20890018392439 0.0523853145201679 0.191080840883711 0.161733257696415 0.000516161519854469
0.0393498236559817 0.254278321015948 0.0368816710036199 0.168129102824373 0.0945466625816695 0.27006872471845 0.136745694199959
0.217214474246216 0.00243811535317161 0.092207095962076 0.111926849125091 0.0862362569924049 0.212998130104063 0.276979078216978
0.0592647979582433 0.101782685451317 0.0671182607902095 0.326811867483818 0.0614991395692565 0.168219315666718 0.215303933080437
0.0629345050431651 0.220183315092461 0.354673063176681 0.116309372861382 0.0683171155650407 0.047825385433361 0.129757242827909
0.156362591149944 0.12595407259084 0.205746122424548 0.11726660099133 0.0521970139392779 0.259929642931355 0.0825439559727054
0.235278894963381 0.0168701586925594 0.0574748352582134 0.0343574166170976 0.131847546478476 0.263204629272819 0.260966518717453
0.35778992847248 0.0896174412981822 0.131682395356046 0.131690710218882 0.18714810328387 0.0343005592079173 0.067770862162623
0.250574182833838 0.123577982557863 0.170411369326156 0.181128032362964 0.0526110216429439 0.213958641161024 0.00773877011521035
0.187380148920297 0.216824612938451 0.213622780773286 0.0758597188870886 0.0730719132206803 0.155971579402893 0.0772692458573035
0.15204124343594 0.19030154067509 0.207434825215977 0.0630838577553397 0.105090105810157 0.0263233973735729 0.255725029733923
0.082269229152309 0.129763498882787 0.168756281657467 0.14599118386155 0.170317722548703 0.140483642825979 0.162418441071204
0.15968745334033 0.188844722395182 0.0297145314253725 0.318495235251468 0.0339031089463274 0.217854307715484 0.0515006409258363
0.223941844973261 0.0133291876412361 0.267942129267881 0.0602373120540332 0.00131927484562829 0.171106367273198 0.262123883944763
0.116537007333744 0.11834263676308 0.0290347927580986 0.267045886870628 0.205812315501733 0.192261655480635 0.0709657052920809
0.229392378593044 0.168449738344363 0.111111583555695 0.136068814853469 0.0419249228943827 0.174378689318178 0.138673872440868
0.257773789204459 0.0688154050157695 0.00759692524752025 0.194872323436914 0.181285799512733 0.0612672927569045 0.2283884648257
0.230921542356517 0.191879561432601 0.106637286436803 0.23752514162715 0.132538862936085 0.0615667729776809 0.0389308322331622
0.125747417671557 0.0421862276447232 0.0690916439208005 0.151513305959953 0.193022266178718 0.320189141520255 0.0982499971039929
0.137083877101321 0.217691064788536 0.269952955983066 0.0246958456006444 0.160908121455067 0.0564436791652827 0.133224455906083
0.13876437436984 0.112706490726535 0.229603757220221 0.0414169128207435 0.237888492472084 0.201734110827209 0.0378858615633658
0.0925098428707549 0.159837859632333 0.0302854820675215 0.0590764741382196 0.24680140303383 0.220177918480172 0.191311019777169
0.151568501692537 0.121361898549943 0.184007220485379 0.0575847552019597 0.176331283835164 0.211969914513845 0.0971764257211716
0.176709561976675 0.21714837524095 0.193864932671117 0.094555177398169 0.186879262503255 0.125338571507563 0.00550411870227186
0.178468287753442 0.196945695596427 0.146865067405883 0.17602786447838 0.174852087777881 0.0394059137188084 0.0874350832691793
0.183694664928929 0.208460452402647 0.0545647872459736 0.122376846141247 0.215334109113239 0.121386915649354 0.0941822245186102
0.13992503480082 0.00755135201252183 0.101875633166165 0.18223518748728 0.16324887261718 0.20129100092619 0.203872918989843
0.159449349155893 0.0419068178741123 0.11581906425406 0.286304714254763 0.138067649091925 0.189718632793343 0.068733772575903
0.163249151440624 0.188729907219949 0.0650527761916441 0.054009645693118 0.0752265412682918 0.160891366016593 0.29284061216978
0.162104321400693 0.0768590087147644 0.305889638850791 0.114864678443686 0.243123075034973 0.0915775201873777 0.00558175736771515
0.144408931887913 0.144169164152381 0.00954209067162692 0.166719584015993 0.218990660802911 0.249362561793413 0.066807006675761
0.239828464330974 0.244480389075402 0.046043423716068 0.0493683717256209 0.021769690913849 0.213445236341319 0.185064423896767
0.115207829398784 0.00451952897123468 0.0714530174964583 0.2978057277861 0.229060930395246 0.212868041263821 0.069084924688355
0.169290296150884 0.0467086462714365 0.203747187915887 0.113778184556499 0.297353123811144 0.113917712194367 0.055204849099784
0.177903114949552 0.0290219911183048 0.219872647299965 0.111562278538492 0.2170376711377 0.165123037512418 0.0794792594435682
0.103171662705222 0.147003081017539 0.11909901333691 0.153673116386411 0.174066503375822 0.25764259961556 0.0453440235625365
0.0524785923689901 0.184564636997075 0.0980672604870452 0.290266451484715 0.0752257166336298 0.220161113994744 0.0792362280338013
0.0619567302853243 0.207388372576795 0.0835305848956446 0.0656345505456793 0.186330580530314 0.187702598003536 0.207456583162707
0.0338571975168459 0.462525058986279 0.0794372858449395 0.257571149363504 0.00230464530123065 0.115501066726859 0.0488035962603415
0.19282497074021 0.0926919174597182 0.0726197507983754 0.108299234830354 0.179880575779255 0.0924714501566826 0.261212100235405
0.0177961907802641 0.0644171919481403 0.140819878278117 0.248217706721249 0.289466182905105 0.0651662373444788 0.174116612022646
0.0285115811814682 0.21365634816293 0.181728740343413 0.0651847457738028 0.0248495662743537 0.245816811279465 0.240252206984567
0.123567076226147 0.00434194365362724 0.246409506660803 0.328478294518811 0.153151607745163 0.083616483066706 0.0604350881287436
0.17574251921275 0.0198518635323281 0.144752353751352 0.257738528159003 0.243549504126857 0.019360474685405 0.139004756532305
0.0060677416179267 0.131826855409774 0.198956361334795 0.227139594479245 0.0774223127262474 0.140055493928771 0.218531640503241
0.242615616786982 0.184636720847817 0.26281188594971 0.0803288712696449 0.0266863954655372 0.0267609528056998 0.176159556874609
0.0914621608434606 0.0698165773433787 0.190244865293153 0.207315385444473 0.204338064552407 0.132982155538964 0.103840790984163
0.135372850364657 0.271132536999491 0.00735877120143071 0.271373758944502 0.184638645506319 0.0031563647660336 0.126967072217567
0.22224206975209 0.175835565035146 0.119998204415606 0.122898900480991 0.00723521381273065 0.203213473415761 0.148576573087675
0.174980622857622 0.212945709735614 0.142465459719622 0.132169928477532 0.171593866354609 0.154819079802512 0.0110253330524897
0.0376033263588363 0.214153008061934 0.176823420097242 0.146111621651066 0.213045359678773 0.00188464207589235 0.210378622076257
0.123393603752799 0.0645214569374081 0.295469101144446 0.00211313097591727 0.0117695473855567 0.275654183942337 0.227078975861536
0.0156945437045342 0.109242828515545 0.251426072500017 0.237093468313511 0.0609844473918874 0.0918254532659169 0.233733186308589
0.0990023463335055 0.177420126680553 0.166127013933031 0.0305013647556423 0.12605412163377 0.23255241491226 0.168342611751238
0.241593462792609 0.175610836695555 0.186427665441574 0.00190688006938004 0.104033820831881 0.193370059230983 0.0970572749380181
0.0311322072231122 0.270430253928554 0.158819512280985 0.0705974330264836 0.221559059645001 0.0511536212119214 0.196307912683943
0.0413013273027989 0.20011392277148 0.155109051293626 0.0320319879342479 0.172084939991209 0.211116518741745 0.188242251964893
0.0624938406479573 0.205850291010291 0.0262978242923388 0.132175996227844 0.280630649655734 0.0158520659492185 0.276699332216616
0.141458188051995 0.094201323971217 0.200025254917679 0.0841369981151211 0.119333338894804 0.220912917368288 0.139931978680896
0.265761612473265 0.071639452641922 0.337990457051132 0.103305397674513 0.0636910036524984 0.138544567402653 0.0190675091040155
0.110287148322772 0.281393070452168 0.0069016762707641 0.219138282863249 0.0575175166559381 0.299399579244895 0.0253627261902142
0.0315530400621276 0.20019212777056 0.0225985959474642 0.125858866170644 0.172890869283988 0.203195064629108 0.243711436136108
0.2102021300845 0.256761495933209 0.0259382867842682 0.059090107568372 0.112672230934581 0.102762932241779 0.23257281645329
0.00494385978287547 0.131011898712027 0.13612928127725 0.15518689989874 0.189831659231132 0.189975282512484 0.192921118585491
0.272265493609526 0.275522174579772 0.0351020709311475 0.0349041921758046 0.0416712522704148 0.302659813848111 0.0378750025852233
0.0184936067763183 0.194928870627426 0.17997139349938 0.179906138777531 0.201869591106313 0.202478891144165 0.0223515080688672
0.0435386206359735 0.270323355560486 0.231526869496048 0.138041996343681 0.0293471596377143 0.079582510070206 0.207639488255892
0.201148006948277 0.0333008221415383 0.0899086931254638 0.241986347975018 0.163492584480875 0.220141239329039 0.0500223059997879
0.172486508833126 0.102586071939751 0.178153548105835 0.176013782408036 0.183356746549917 0.0940322672922322 0.0933710748711039
0.198344404957152 0.105643049507989 0.129422992175368 0.118682544252842 0.164859666981639 0.0801120872950893 0.202935254829922
0.0114885257111442 0.209410644524399 0.252258862367964 0.218708848505985 0.03887303164636 0.00418949787205624 0.265070589372091
0.173028280023401 0.118450592466744 0.270114909688904 0.0289794779994937 0.0314394136107893 0.304654644689229 0.0733326815214388
0.165972061050739 0.0295605403381319 0.230765205946573 0.0881827698031912 0.249251290545895 0.226987949119304 0.00928018319616532
0.271993625732177 0.234929469850614 0.103331721105716 0.00439976456838512 0.0255480342640345 0.211230333110682 0.148567051368392
0.0551638357339595 0.060475046345552 0.298435111324324 0.00281462159389959 0.184689469329009 0.243991065943709 0.154430849729547
0.128699967926385 0.219171736174139 0.0158191365934703 0.161918147451972 0.22995444500312 0.172550656281739 0.0718859105691749
0.290795361674203 0.0830184263308329 0.132922050895565 0.17867066618346 0.11348576957891 0.14925658214418 0.0518511431928501
0.165517126038392 0.168486757637324 0.147316183477507 0.153165543603598 0.205951694247468 0.041358496868945 0.118204198126767
0.0203521828526833 0.168695103191881 0.222171169068656 0.115649061947788 0.289859407032079 0.117808633958566 0.0654644419483464
0.022774002388892 0.253590772280679 0.0926096945551566 0.292340498223157 0.00774214256814338 0.080773548738693 0.25016934124528
0.1524876482841 0.225358846509952 0.00544065725537161 0.28421832877941 0.045670163161063 0.18705978361505 0.0997645723950531
0.158623815041159 0.108206907251462 0.117880410807495 0.244131907861072 0.0390029196756889 0.0926943415892677 0.239459697773855
0.2211907311681 0.0135825670671634 0.147021721742432 0.0646664396528594 0.195172109049297 0.186452946388984 0.171913484931164
0.0375509937089999 0.106079652668957 0.0964308260887303 0.26264705928718 0.184238901757559 0.170128144535064 0.14292442195351
0.114000610109359 0.261240441654643 0.0538798792553747 0.174957209777269 0.25528990020427 0.0269452378525806 0.113686721146504
0.265258300515931 0.0128485710371949 0.236234843441709 0.165857118014426 0.105693557989995 0.0999133961827491 0.114194212817994
0.229718271622341 0.0712228028820613 0.0729275009873736 0.110965338293399 0.00420249643703759 0.126931332280152 0.384032257497636
0.00450068723165175 0.139482309079157 0.123262164721012 0.170203285682313 0.182113041942759 0.14678166835918 0.233656842983928
0.230527700599762 0.245972146397222 0.0994592699100868 0.106454115573617 0.0342377481517425 0.178581169025943 0.104767850341627
0.224905826224823 0.0605612704144062 0.0373335115900515 0.217154134880626 0.226647334340737 0.0719853843758154 0.16141253817354
0.0687724475589272 0.228712027610251 0.235971109309184 0.14814976523966 0.0322370594427938 0.152998541988857 0.133159048850328
0.111922908613267 0.145527595379034 0.220943491099681 0.0947074620270656 0.0936877933450981 0.131748723497766 0.201462026038088
0.170774108022728 0.16026769476854 0.00961973111545616 0.333570848418986 0.21066979520825 0.0898497181492813 0.0252481043167582
0.104662739922285 0.19071700098846 0.223529718483848 0.119186220616889 0.0976360211436324 0.0453928207225576 0.218875478122328
0.26048279405212 0.0936512861086273 0.124175310153761 0.194927391322831 0.0428558067452451 0.184950796739907 0.0989566148775081
0.0225189695133749 0.0631870977954286 0.228040402377668 0.0939509615320313 0.21390584003492 0.223125596807397 0.155271131939179
0.324648922411083 0.0338606832442849 0.382683665665022 0.00267471069249119 0.144305438171842 0.0215821732909449 0.0902444065243317
0.175469976594009 0.223333981749155 0.14060020949917 0.171554574053467 0.0203625588808753 0.111690425139802 0.15698827408352
0.201890953886448 0.100728187742147 0.150989459955008 0.0720276360030042 0.0504879870559279 0.224484750794652 0.199391024562813
0.0642217003680886 0.0888993062807545 0.19177539909421 0.161492597749815 0.160969891318393 0.132059049505801 0.200582055682938
0.203249525464041 0.185928437650416 0.132515734511547 0.14681648605491 0.0247173325532688 0.256381921623313 0.0503905621425049
0.171885307747291 0.175609411980334 0.0376237440934305 0.072385189958555 0.11546745140439 0.236418350573215 0.190610544242783
0.0494980822392455 0.272610786503873 0.111782222761132 0.14963150117254 0.0223725989856801 0.304392110129457 0.0897126982080727
0.20732269851728 0.0301907818992287 0.206943023388807 0.0885956546853087 0.0188501505826168 0.303989275703378 0.144108415223381
0.137879934087684 0.0397463910086909 0.114087142464388 0.147518911165607 0.173024262868811 0.0655644184202976 0.322178939984522
0.137718484441184 0.169053543239631 0.0389933064632707 0.118229864233513 0.181544675832171 0.203190700159996 0.151269425630236
0.149250796872244 0.243272810806632 0.198719958269421 0.0354312722851712 0.122601416424749 0.193795597394884 0.0569281479468979
0.162779379739221 0.174799910374549 0.188077429381686 0.060387716872745 0.164946137254297 0.119733620937383 0.12927580544012
0.153132785998638 0.134840121568795 0.263947616324809 0.129219187952394 0.186492159976451 0.0988799037039467 0.0334882244749668
0.022766112009098 0.244750088000197 0.105314696634071 0.160130223563959 0.00762814389820757 0.222773384136382 0.236637351758085
0.218173855301368 0.182906293150441 0.132865878519091 0.232306740445804 0.0328817739209864 0.0855484671352317 0.115316991527078
0.129774794602211 0.131820257514483 0.180130934350734 0.196875244591066 0.136374228068432 0.051979199114085 0.173045341758988
0.124366606264719 0.0817262323799155 0.184003431073525 0.2119172018299 0.187535415081949 0.167884324849387 0.0425667885206045
0.0344694079149606 0.123338277189637 0.275495437554942 0.122997103019705 0.0737531752945164 0.0592454913169826 0.310701107709256
0.288872718661373 0.0505223083423061 0.129124674808424 0.0667964203499185 0.115739464607981 0.104314129167028 0.24463028406297
0.208576587834579 0.138053033993806 0.0582747194873846 0.12146928056877 0.231837752998627 0.216857181617066 0.0249314434997665
0.286261333352603 0.0645449151251602 0.104882854732693 0.107446884767813 0.167339046543608 0.00827700775838162 0.261247957719741
0.308770696005662 0.0373357235596789 0.131254903957442 0.284707930375515 0.0394761841805998 0.140712173168094 0.057742388753008
0.373702422528016 0.378803691230466 0.0652046925551637 0.0433291220751743 0.0586821624592793 0.029398595956289 0.0508793131956114
0.253892306994844 0.0544035465986561 0.133031854511937 0.113620306926174 0.0135948218112474 0.214433916632251 0.21702324652489
0.0762296191483993 0.17229314750016 0.114095220486225 0.163365369240849 0.190752608218293 0.142657000098151 0.140607035307923
0.00553407255361277 0.215837908559877 0.175823544446617 0.110358821217275 0.0316030490103185 0.242561844614055 0.218280759598245
0.158910840963475 0.11902748954983 0.172428352844067 0.0707949584675008 0.105524856854559 0.207467419144586 0.165846082175982
0.0474080737861912 0.130988646481759 0.223711466389353 0.0678215575484445 0.127417291377424 0.195889746582354 0.206763217834475
0.174436610533674 0.0125965016016136 0.116916305075783 0.192123506468271 0.28207070801581 0.0051278922909939 0.216728476013855
0.281580889576111 0.0850698501260519 0.231689418768322 0.101521864372136 0.253132886854767 0.0307597591546531 0.0162453311479594
0.0428224578939773 0.306401963877022 0.260959843165488 0.180283869379846 0.115775788037956 0.0552294905605134 0.0385265870851955
0.0807267214841782 0.258900712683653 0.17418288368444 0.0315513932177073 0.149485792816819 0.119768920137252 0.185383575975951
0.294112282226891 0.0878315915068776 0.0819545974784686 0.272925074733248 0.00387194624861801 0.247741876467051 0.0115626313388454
0.204015870937181 0.101826475466912 0.124228667104047 0.0727424156495485 0.15280426667998 0.147302771163351 0.197079532998982
0.0420999701602915 0.0356877520155402 0.283321792740523 0.133164570918381 0.290229693923352 0.0480343600599836 0.167461860181928
0.0919629144306478 0.0718125260393386 0.179046222111509 0.206809533072507 0.151168864388238 0.104985908619981 0.194214031337779
0.32035493649499 0.0789410338816022 0.273875439926295 0.104656486454211 0.00358664871965609 0.168783632007866 0.0498018225153794
0.180978575962255 0.288089606809051 0.273398948221175 0.0213280729987887 0.0670755896278081 0.00464146554530647 0.164487740835616
0.0368611217266743 0.21332600758658 0.099365222811125 0.0796826053171357 0.213126827371767 0.233401380677723 0.124236834508994
0.282019087680843 0.284477138564332 0.0842367856481115 0.000104815936917587 0.241833219443966 0.0416823194976418 0.0656466332281882
