0.404232037898979 0.267299406694501 0.265062236098898 0.0634063193076222
0.439157916755945 0.0695595056309485 0.340539443853387 0.15074313375972
0.248118726612889 0.307439472100515 0.282361930853764 0.162079870432831
0.184640189597761 0.301587172640785 0.317401943769469 0.196370693991985
0.301211628218172 0.267873117533733 0.0511736988755771 0.379741555372517
0.102748356580729 0.0702228391623546 0.213539887783891 0.613488916473025
0.18676445213239 0.279175858490328 0.241134336104722 0.29292535327256
0.306425272264794 0.187990189715048 0.301219957405888 0.204364580614269
0.207172635771149 0.456869525021586 0.0455212356413265 0.290436603565939
0.335716143141268 0.165081952311024 0.174495737515605 0.324706167032103
0.177528205939901 0.376630539750601 0.343894667051527 0.101946587257971
0.188226077483451 0.203970776677008 0.125793741975808 0.482009403863733
0.0245438873093953 0.357188471497676 0.269203477847935 0.349064163344995
0.255100245344578 0.196861828653864 0.0453185704936569 0.502719355507901
0.433491894474294 0.0426059676876753 0.437793335525073 0.0861088023129583
0.439344790993264 0.0685864548414713 0.302353154227365 0.1897155999379
0.288625597686843 0.32057558677043 0.37335325728812 0.0174455582546075
0.0237212275411628 0.418390387556744 0.299077090181637 0.258811294720456
0.111035181414063 0.326535919645184 0.34681864852474 0.215610250416014
0.253536147819498 0.147609969789463 0.264444708809352 0.334409173581687
0.00143141459579726 0.530952547431988 0.200410895270678 0.267205142701537
0.411311465729758 0.185777657881611 0.25926798106914 0.14364289531949
0.150716452688726 0.41065404884938 0.0734332929975755 0.365196205464318
0.0314896248839653 0.190633178460715 0.487722290994627 0.290154905660693
0.392325449300012 0.15140124650221 0.434518192008394 0.0217551121893833
0.207666285135131 0.0301360043147771 0.442521165212689 0.319676545337402
0.122328958206793 0.267884941176585 0.0972716771199095 0.512514423496713
0.216055774122263 0.357570690279112 0.0621728179017689 0.364200717696856
0.234250302864116 0.356404636597359 0.111158164638938 0.298186895899587
0.263031461469535 0.237742302081342 0.247035993764648 0.252190242684475
0.178352376489009 0.168742126184646 0.270312359396557 0.382593137929788
0.169992084795743 0.00113227908125746 0.512232087550732 0.316643548572268
0.137565942902243 0.286920777851065 0.170867995691118 0.404645283555574
0.374839406967547 0.2111301690516 0.356891348753648 0.0571390752272048
0.294984977683413 0.340673501427378 0.12082587980304 0.243515641086169
0.192102517967361 0.259493630275305 0.27670170005581 0.271702151701523
0.320884125690116 0.155984631586054 0.435636734309194 0.0874945084146363
0.155714124185658 0.419338274012436 0.0974838647798002 0.327463737022105
0.32776207096628 0.0555715098252594 0.416097176019272 0.200569243189188
0.156884895266871 0.288016780274433 0.272726379556177 0.282371944902519
0.0785721228779651 0.426518393250436 0.322447672446616 0.172461811424983
0.239077840167467 0.338212559939002 0.212406331936701 0.21030326795683
0.246672296840293 0.0103269749899373 0.212573681808951 0.530427046360819
0.128069521448086 0.278728855618732 0.29620143274908 0.297000190184102
0.0641691375707888 0.256722131534216 0.505730926341282 0.173377804553713
0.238112079844732 0.363655381834905 0.0918324514413481 0.306400086879015
0.346628535758418 0.16926305571089 0.0518615852124669 0.432246823318225
0.140911780477318 0.258364736522769 0.380988480079204 0.219735002920709
0.277687693079893 0.338745951556162 0.00561839030054398 0.377947965063401
0.181346911825854 0.37833004686054 0.110826610452682 0.329496430860925
0.0306258337047153 0.53086726622693 0.367665385065536 0.0708415150028185
0.319215803668129 0.372031452556491 0.136296834180308 0.172455909595071
0.513717221227575 0.277585789188756 0.131972804920454 0.0767241846632152
0.0820173253986168 0.333025748258537 0.262541184192114 0.322415742150733
0.299623278636765 0.345229457585183 0.147853119693196 0.207294144084856
0.273401645813421 0.219921719700876 0.308131014944512 0.198545619541191
0.00358259623817635 0.305807730591054 0.391477706452487 0.299131966718282
0.143499066155136 0.351017216817822 0.341732200468767 0.163751516558276
0.026683523657509 0.186096063140375 0.437706721286759 0.349513691915357
0.207625233145987 0.244313662609457 0.291265408375475 0.256795695869082
0.261647805123898 0.239821582611378 0.203914123578759 0.294616488685965
0.383572521953092 0.214780646979069 0.0127241563170194 0.38892267475082
0.000975929480416671 0.30504050862393 0.49185626891274 0.202127292982913
0.375798153591001 0.294047669352582 0.0263740989190991 0.303780078137318
0.214804067069995 0.245212976558883 0.17251703553401 0.367465920837112
0.399161839716481 0.260796860005485 0.0921406641072911 0.247900636170743
0.336750693968409 0.477591155290369 0.00945121788336157 0.17620693285786
0.0950954785832928 0.605030158010041 0.0203728215332578 0.279501541873408
0.278141028462599 0.095770328913317 0.147719579354557 0.478369063269527
0.648859509268899 0.0116716096089962 0.0943156036253187 0.245153277496786
0.289237489790696 0.418843778748958 0.0404734046813044 0.251445326779042
0.382051578179895 0.271627454353061 0.324095571685443 0.0222253957816019
0.504685981466018 0.0441395692412275 0.0826789874815031 0.368495461811251
0.277013256894194 0.253166044880829 0.289188215088461 0.180632483136516
0.0456198781391566 0.237636835137938 0.359721342718991 0.357021944003915
0.414477991702543 0.24620887687238 0.289506266256591 0.0498068651684853
0.121313445296513 0.337598317104604 0.231598820098885 0.309489417499998
0.214465783280535 0.248384632786837 0.30174341094815 0.235406172984477
0.470964818997147 0.147957557889521 0.237869422429013 0.14320820068432
0.307587914639601 0.194695283585594 0.186913383079618 0.310803418695187
0.277189920156281 0.202900753256498 0.379716426474344 0.140192900112877
0.261203083938659 0.0311843199732059 0.211349714939759 0.496262881148377
0.0937175905145647 0.436729345286435 0.196663016447866 0.272890047751135
0.27427877731855 0.303424830026158 0.248031841269284 0.174264551386008
0.3096430168762 0.266917255886375 0.172853055808606 0.250586671428819
0.284605691486208 0.0238935117104987 0.430000637803042 0.261500159000251
0.416363278706408 0.0305955782020557 0.182530039166629 0.370511103924908
0.105940184691942 0.369447675768589 0.0794443438587292 0.445167795680739
0.39051598302897 0.0563013245651732 0.301507656839341 0.251675035566516
0.203004630259714 0.306415896836976 0.139759182366495 0.350820290536815
0.114985625053532 0.257915339771558 0.142161038274022 0.484937996900887
0.449832769724141 0.252464098195022 0.175459960146401 0.122243171934436
0.445006584827421 0.0678042089808855 0.0778112096733837 0.40937799651831
0.198869559115902 0.30031551930953 0.14821247960487 0.352602441969698
0.291711874770985 0.329438210628874 0.182901927720509 0.195947986879632
0.166994774596927 0.230419319226697 0.196654393564152 0.405931512612223
0.285224194302358 0.196634850670107 0.242996056254744 0.275144898772791
0.243094851317785 0.0488242932315327 0.575028183440598 0.133052672010083
0.270460097492911 0.0700525290956012 0.303521685313067 0.355965688098421
0.409008856601133 0.191019496226361 0.258536436581853 0.141435210590654
