0.0498921113746856 0.0318170342275415 0.130615187809427 0.143333404559625 0.248116579942081 0.396225682086639
0.027544992266395 0.167040898533975 0.00691881804662574 0.370540073610469 0.0881775112801796 0.339777706262356
0.232062281459466 0.100888789452276 0.20740682781498 0.053997004943641 0.241355313251735 0.164289783077902
0.106902888413511 0.307658197094065 0.034588366190871 0.12796245981106 0.206736657042665 0.216151431447828
0.000206609459493794 0.305596145999149 0.202913130674519 0.0300162591100678 0.253388774887187 0.207879079869583
0.256048365750438 0.250754677430249 0.207600664520271 0.0818258612825706 0.170910729537347 0.0328597014791246
0.225304376596078 0.238293090108766 0.247900411696057 0.256013313385853 0.0293402915917515 0.0031485166214947
0.214937776354938 0.196298411024816 0.174235543528473 0.124703298828458 0.0406184970844651 0.249206473178849
0.195991275379682 0.221899351365511 0.0818568220627935 0.101719354033604 0.208105932699009 0.190427264459401
0.0836208744503342 0.182467283847221 0.224058306376164 0.26437253377992 0.0446510279683858 0.200829973577975
0.232457547189564 0.266665594846478 0.160984748615133 0.0150311896017388 0.0599789854361058 0.264881934310981
0.127656129843675 0.173442565972887 0.244973216142494 0.0773143210699822 0.194069749008994 0.182544017961968
0.0916134798588331 0.0396999061675559 0.186362711624299 0.0883249603063791 0.27967658099219 0.314322361050743
0.1989274904185 0.245150199945776 0.0371081503583414 0.117525681303583 0.259136228281933 0.142152249691867
0.231215395512903 0.190190177751059 0.0909870140299648 0.0697073254064761 0.179430120411018 0.238469966888579
0.122122571008667 0.140677692773211 0.127525419684238 0.253700022815345 0.148033030594404 0.207941263124134
0.203117622110959 0.121848335874658 0.326086320581754 0.1616771831535 0.0713691223538831 0.115901415925246
0.0723311434667532 0.0575651705137416 0.160399137345613 0.283076212690796 0.151289102674102 0.275339233308995
0.303798746319807 0.208506795282479 0.202149189050466 0.0863102978346497 0.11495555223788 0.084279419274718
0.00971146680100073 0.310865258881661 0.106619601938803 0.240934961204858 0.331048095840909 0.000820615332768082
0.270536942217142 0.120497194833427 0.226097596457461 0.0364684216235734 0.24688145296123 0.0995183919071672
0.141851387517091 0.151615163703887 0.036585179847361 0.254148590593998 0.213517695830891 0.202281982506772
0.143238006868314 0.279013607838926 0.105827306873898 0.170648804048026 0.169316050179985 0.13195622419085
0.306959141381441 0.00712919581553113 0.0526266953073367 0.251649365149554 0.115163981163901 0.266471621182237
0.196525087598371 0.213325163071129 0.179013014446816 0.230043185632158 0.138741003922958 0.0423525453285683
0.36120502526027 0.153652698879857 0.121418888087274 0.0708047517199967 0.196565025386256 0.0963536106663462
0.170941262365523 0.230918819891644 0.21943254035168 0.00493805528932813 0.00582020938461997 0.367949112717205
0.22878080793928 0.014734648389112 0.393828645448322 0.0774330873098751 0.00575344256265142 0.27946936835076
0.302021102919764 0.023218804271456 0.0209988537549962 0.309159983106987 0.0331104838079545 0.311490772138842
0.0457359596435501 0.128607334628016 0.024748178060476 0.442399111547748 0.0164652866582979 0.342044129461912
0.00561371440551632 0.0691900208265414 0.0384829828804154 0.289527553946725 0.311142025308081 0.28604370263272
0.141824027021992 0.18575182425496 0.262909516058553 0.0662499179963933 0.2699969147513 0.0732677999168008
0.125579213767928 0.0685822523695487 0.179434909528607 0.227206558101989 0.218944707936092 0.180252358295836
0.155064754193631 0.235229340770374 0.0119793916680666 0.203584345331963 0.251563264719826 0.142578903316139
0.154939225291157 0.0628686718954854 0.385451591028852 0.00218039767236522 0.38444730391192 0.010112810200221
0.236584790473603 0.196955773374172 0.0345905246699952 0.182555437221496 0.266768358573277 0.0825451156874569
0.142425002199033 0.0845334696362387 0.251181629916505 0.226483017049213 0.0681562171583964 0.227220664040615
0.157880699391047 0.229509903784198 0.299120331340322 0.27111676727683 0.0127347730349767 0.0296375251726257
0.133619204942482 0.0856866997054477 0.281567046321302 0.131456220696641 0.142540756653481 0.225130071680646
0.141872551349361 0.146583522285266 0.275478498291528 0.153011447193146 0.0556872490976521 0.227366731783047
0.0512020228689094 0.224542012617582 0.142367634933806 0.160391872443658 0.199669435643527 0.221827021492518
0.135342249044409 0.247060962102629 0.208659537746228 0.229972208096688 0.0721951034578245 0.106769939552222
0.0540513016699702 0.284565325608733 0.152522637906891 0.168498884933685 0.202899493614931 0.137462356265789
0.006367721977527 0.234285585873416 0.219941461555284 0.225190080305343 0.0220554381968143 0.292159712091615
0.115250763766685 0.21537888963916 0.0560683648739465 0.298391996600022 0.168839246222982 0.146070738897204
0.0391933664175483 0.215976603996755 0.132207644282678 0.231141840432979 0.194542210781378 0.186938334088663
0.176593378048357 0.170630402578642 0.162010704647703 0.163346381525316 0.128423026529572 0.19899610667041
0.286178886646041 0.113230658943915 0.0395361935472058 0.0875703467180766 0.0125797803933018 0.460904133751459
0.112942514877787 0.183642135159789 0.228105325500986 0.116172803597527 0.112457012341086 0.246680208522826
0.0850316189920556 0.0223707487585728 0.288780254814571 0.340570597621706 0.168277803613734 0.0949689761993615
0.146330560913373 0.25277399617954 0.123885951694799 0.200192820222989 0.0559713884796835 0.220845282509616
0.224698880486897 0.0695530688861922 0.124723304186473 0.245569052123903 0.123605928658435 0.2118497656581
0.138806072270064 0.17252875113556 0.0824877714277933 0.185988978208174 0.21528168682516 0.204906740133248
0.0650971501095442 0.339430156314803 0.129964352575413 0.303160534120176 0.104227197376679 0.0581206095033854
0.128245262617759 0.17298034802484 0.307852166369556 0.136501796805367 0.0153136745540101 0.239106751628468
0.125374244299518 0.114334370289529 0.14950256021088 0.279103504437966 0.0597419620375896 0.271943358724519
0.192543110050667 0.23166177118511 0.112050109643416 0.00067358899130848 0.218571387976273 0.244500032153225
0.230257333286755 0.127045317997818 0.154786015941043 0.143264003008367 0.0747336657792043 0.269913663986812
0.222773164482271 0.277059031128415 0.0590749241160264 0.0811081410549701 0.185703288281981 0.174281450936337
0.240785808267011 0.176717741960754 0.11018586481512 0.128290429597739 0.0656519111696972 0.278368244189678
0.191782612512486 0.289999986282338 0.0780600290216755 0.0816193376801651 0.136457169177469 0.222080865325866
0.0347167995596498 0.277111080981776 0.264605207125237 0.333735932273729 0.0653918656749833 0.0244391143846249
0.0839767262032998 0.0697506942962788 0.314454179935496 0.120764106071336 0.0905391493283601 0.320515144165229
0.0321084628314709 0.207245297809162 0.239864616700842 0.0920434576930611 0.240563548278408 0.188174616687056
0.00231087182226099 0.218373697633015 0.00461101922352064 0.185986961808824 0.314062754396333 0.274654695116046
0.217610360616568 0.134680497113972 0.0606667895749526 0.0332552442448609 0.163780478937376 0.39000662951227
0.155306410098648 0.22645057357597 0.0883487009261466 0.230425778823492 0.120491501825742 0.178977034750002
0.103191349849285 0.203437893503932 0.0814822996119839 0.138976791567379 0.299971475582738 0.172940189884682
0.329696088544705 0.161433560249106 0.322717135086072 0.00464298461122346 0.078766520654117 0.102743710854776
0.239008895897499 0.103172631144136 0.181493268281857 0.213739595571153 0.204880938605299 0.0577046705000567
0.0325961868732499 0.171912916047554 0.227818220341787 0.240891347531856 0.173235066876284 0.153546262329269
0.301454868439423 0.0516727959904226 0.280986857213265 0.0946960570727002 0.126334187543175 0.144855233741014
0.159454689769048 0.176356037129459 0.137919380329271 0.115375394670868 0.188234814446506 0.222659683654848
0.25485938435018 0.0492378043771754 0.183147918166826 0.0549970250491161 0.218926049453478 0.238831818603225
0.192846849073276 0.152457328662133 0.294718499022806 0.0100594762846207 0.332748130484134 0.0171697164730304
0.00630442392708132 0.284425656152649 0.200127620138655 0.198145218862449 0.275790001707744 0.0352070792114226
0.257273561494239 0.0585615510225016 0.14390357391105 0.0998094590524753 0.276549428592864 0.16390242592687
0.179162849420864 0.192013722406056 0.147798868022564 0.27485832079575 0.139528823005635 0.066637416349132
0.032261152610993 0.243211826547448 0.130230246950571 0.285144949994706 0.0535403027094446 0.255611521186838
0.251107448521907 0.141484355285236 0.123261125662787 0.149720015849566 0.255785912121934 0.0786411425585699
0.229203372868304 0.00525174305318687 0.313774313311795 0.0779836598444601 0.137700667393862 0.236086243528391
0.00552963346637527 0.159638438875275 0.0912386846498846 0.0713140839425797 0.331989986917515 0.340289172148371
0.125249053159856 0.127241650647512 0.008879894771985 0.101078955567763 0.351686477668366 0.285863968184518
0.0514348082755662 0.402441271922623 0.112123368207198 0.0791327626927054 0.310848994207841 0.0440187946940661
0.31970905715087 0.18551869073992 0.00547177037115004 0.10876897862874 0.377232535996807 0.00329896711251354
0.120017059441628 0.228764458913727 0.129469280173976 0.199614517714184 0.151778866402563 0.170355817353922
0.131009712412298 0.184215660842416 0.113822133156394 0.134361392508491 0.200227612990979 0.236363488089421
0.142958170417914 0.279615217591781 0.166732061095272 0.0692335895840172 0.178967544325311 0.162493416985704
0.0160544886286106 0.355161769641128 0.131241945522193 0.242053129097348 0.0554581767398868 0.200030490370834
0.226239526281812 0.0756002049818261 0.204766509200053 0.109547480023723 0.238258288658753 0.145587990853833
0.253674141588768 0.081090596383319 0.0440350296033243 0.131402175259639 0.24266950825232 0.247128548912629
0.0342135192186324 0.215183175696136 0.068537984687942 0.217610890673764 0.180698174074085 0.28375625564944
0.096001743229571 0.273447923690944 0.293894805190659 0.0381640957235288 0.130197202542561 0.168294229622736
0.214159402592118 0.24544952884071 0.256415230963933 0.0800693713600171 0.0652679696581959 0.138638496585026
0.256321342900892 0.0113353641389637 0.27087816154089 0.100521160667368 0.142510509384247 0.21843346136764
0.186153467696577 0.013574989508472 0.0136137753744833 0.161591052605855 0.368459700923484 0.256607013891129
0.14967391987562 0.138963222030603 0.242578803671484 0.216133387596712 0.232286182016033 0.0203644848095475
0.169516350424223 0.116326010552048 0.264278484001092 0.0436798446126297 0.228545754337301 0.177653556072706
0.331303671984176 0.0151236940727319 0.117941024319151 0.317648040663251 0.150004431363299 0.0679791375973902
0.276850249976802 0.234393286585001 0.0550669350793029 0.217694102916462 0.0932546849337843 0.122740740508648
0.252586160460887 0.178126254526421 0.226748972344208 0.129106732996997 0.121687899286877 0.0917439803846109
0.301742360103 0.144656857107775 0.045779503680447 0.0491367832736852 0.173046099712669 0.285638396122424
0.159180738896167 0.0726015910512659 0.0379574703846615 0.308451812016259 0.386353344165615 0.0354550434860318
0.0346042426485577 0.0299810162117627 0.139185335756147 0.261789136178891 0.220635104478665 0.313805164725976
0.0299728933959861 0.0764121539264552 0.234286473581797 0.0817883186020219 0.378045155267484 0.199495005226256
0.162277832884906 0.242094382444252 0.240766468183861 0.0320446719271668 0.147940843161878 0.174875801397936
0.15425071327065 0.137069823267685 0.179431538450981 0.0917050827267347 0.141489997158636 0.296052845125314
0.222413305362536 0.249300841156326 0.201037737283954 0.0335136261524844 0.161942582832137 0.131791907212562
0.217252942752466 0.278260501385125 0.00995055418411974 0.224982259384416 0.157389554546216 0.112164187747658
0.0398641807496192 0.258914198844704 0.184838124103519 0.245533796614149 0.149701736778578 0.12114796290943
0.241730194887725 0.250859048040617 0.0163746218962368 0.177835950463914 0.203849077564875 0.109351107146634
0.315128502404306 0.294046604957161 0.075173615089916 0.0907195836846636 0.133497021897064 0.0914346719668896
0.0804593231964335 0.0603012233578771 0.213450995454596 0.39154662951283 0.123163489419991 0.131078339058273
0.111155398767872 0.103589167676941 0.0207183141274689 0.479093020087316 0.247924492440702 0.0375196068997007
0.235726994516534 0.0630473373164647 0.239314701953562 0.283629163422948 0.171840421720733 0.00644138106975853
0.290886694279964 0.286189066772233 0.0256730068049397 0.0775696072801199 0.119801234272294 0.199880390590449
0.198810586240148 0.147212948655114 0.150615089616797 0.159869310176175 0.182506809052189 0.160985256259577
0.13767560375548 0.227502003583021 0.195917841495035 0.0536141315006439 0.237330212333308 0.147960207332511
0.190461348032411 0.157064599255034 0.196087042824558 0.159090557845135 0.178445922697596 0.118850529345265
0.273005868981122 0.103003971094564 0.0222765491298144 0.218288617801953 0.227603614397452 0.155821378595095
0.194252987090742 0.347216495374388 0.172476309446405 0.0412033918450187 0.170209702775658 0.0746411134677869
0.287781122368057 0.247918823364498 0.213077695865139 0.131162021540518 0.00114202745704907 0.118918309404739
0.115654436921826 0.319025892049013 0.173059298323678 0.0160583562959983 0.0818558889559292 0.294346127453556
0.270405454215863 0.0872371248690893 0.23552096711036 0.150594983335814 0.194220268729826 0.0620212017390474
0.219954827851346 0.184243245432155 0.153612651104091 0.226390347474081 0.0300269984446295 0.185771929693697
0.144293176823612 0.112719678145805 0.246056869628417 0.201120695806436 0.0416205542423164 0.254189025353413
0.107820415006161 0.281815256558131 0.160262674531983 0.0722212405210717 0.203591852619152 0.174288560763501
0.35389633533646 0.0942645487543612 0.086419007030142 0.106574283450318 0.189821271962803 0.169024553465916
0.0944219729805957 0.251402919603623 0.183378973672074 0.22538748909843 0.146768134647592 0.0986405099976849
0.122676086009209 0.184526573021776 0.276289606948563 0.116738309970988 0.216118239434301 0.0836511846151632
0.225469071863065 0.255342607706395 0.177178299263011 0.0935314388945771 0.202396697276244 0.0460818849967086
0.256547946901414 0.166475027179275 0.246697058674815 0.257910596524317 0.0679228410914912 0.00444652962868761
0.0972074055315648 0.0266688741688844 0.235457107510184 0.044454459718489 0.269444527175974 0.326767625894904
0.0233068010050162 0.239261792456721 0.00803453440099586 0.172515736098648 0.24761565853409 0.309265477504529
0.315106715668503 0.295194123668848 0.0443123043403656 0.241881550612395 0.0364572644473735 0.067048041262516
0.180229092166788 0.15611525042116 0.248340206237969 0.187887785228193 0.20951818905811 0.0179094768877815
0.146190322018008 0.0454184694642791 0.20087169285894 0.188454335127456 0.23009323874426 0.188971941787056
0.195600742339322 0.185463744550698 0.209660106468433 0.0213589865952044 0.154802165983166 0.233114254063176
0.136772748859737 0.194710917171202 0.175922838137024 0.182085958235205 0.143971116685884 0.166536420910948
0.250866497869199 0.0717758511395403 0.18360415906739 0.165352110514452 0.0124298937934376 0.315971487615981
0.245265629482127 0.162535415531849 0.130493177052277 0.0503277161248128 0.170962953172957 0.240415108635977
0.154732225643181 0.25893687789947 0.00664058471392046 0.280271776645419 0.0133338803187813 0.286084654779229
0.0153317000576407 0.059963898069552 0.260811842623494 0.301418448370835 0.276223658543146 0.0862504523353327
0.21915783649637 0.269967678063381 0.073646999417581 0.000692782591052529 0.235926536639665 0.200608166791951
0.101463924470008 0.236228723114043 0.172963366399063 0.1971805975855 0.0553225744618912 0.236840813969495
0.408528224051674 0.155213671808874 0.0632805566190858 0.0290524162573845 0.335717474449995 0.00820765681298674
0.222401601501577 0.0506239472730858 0.25356158653173 0.0313883529058744 0.10444098350265 0.337583528285083
0.20111744964859 0.261922073111826 0.1378105558174 0.021862222563931 0.225825249520288 0.151462449337966
0.126318446966406 0.238856419269224 0.127282706610965 0.12307114405841 0.259502911872583 0.124968371222412
0.0955443906947221 0.124398677758241 0.0081608150612787 0.0113443697712215 0.378528577799809 0.382023168914728
0.0086245485505565 0.0805986127923372 0.406910909556192 0.113335674506317 0.061870134012826 0.328660120581771
0.12012928175651 0.264904773319219 0.195596966307548 0.244258721201266 0.107575729442483 0.0675345279729736
0.263147763772257 0.100794377850073 0.231934633719918 0.150662281272177 0.0909332093622381 0.162527734023338
0.206374976853085 0.0224288680929561 0.222575823526203 0.0507734267558186 0.103919003651787 0.39392790112015
0.252953689975696 0.119984334363518 0.155981420161098 0.199276340269403 0.145425418553126 0.12637879667716
0.191595467474841 0.317481182678027 0.0561165275845826 0.159570101059803 0.0794458277894028 0.195790893413344
0.153780093516104 0.166751999861049 0.147893567691289 0.128985782091816 0.211629560993374 0.190958995846367
0.358627098561262 0.0685037043819309 0.22235948478157 0.221527868410828 0.0333161794024154 0.0956656644619939
0.164928417995861 0.115001506945697 0.388531732654721 0.154282765988362 0.0992213101844205 0.0780342662309377
0.235406504830742 0.300748245678199 0.195224952759561 0.188719439961052 0.0654664083691636 0.0144344484012822
0.147198960418482 0.0350210830454052 0.222585490936099 0.0891676543802005 0.236888589836199 0.269138221383615
0.112833899955163 0.134023530772907 0.186633301813363 0.22730511254982 0.279944181164906 0.059259973743841
0.306579426901129 0.0143622618036653 0.0282100060817496 0.00949980063558715 0.283481841291236 0.357866663286633
0.0428139586756081 0.101319212475362 0.163247915529278 0.232191624455342 0.172429107176625 0.287998181687785
0.208646562359171 0.0342353110137321 0.186037460653628 0.217236022040003 0.214833499362327 0.139011144571139
0.156234848399036 0.0610171338127364 0.262394132591038 0.122752195604865 0.208675505659408 0.188926183932916
0.14963485750511 0.120012681539058 0.212360886914641 0.138450500553895 0.271745737397152 0.107795336090144
0.151173971798655 0.41123687181991 0.0214155602065863 0.0553871327092846 0.101921330397962 0.258865133067602
0.111893930887064 0.291181112094421 0.143898150876505 0.00235006955991825 0.160779208189576 0.289897528392516
0.121169378580192 0.0301347176815619 0.224770783081739 0.0636283221383671 0.318210513834941 0.2420862846832
0.11945345910047 0.194347808255508 0.185276266315428 0.190484446376132 0.142592674932491 0.167845345019971
0.174493954557228 0.213014140038441 0.208703694778741 0.157700733309525 0.0191815945818984 0.226905882734166
0.22922176841426 0.103319547109581 0.263454569513219 0.0238050069856899 0.200477545502804 0.179721562474446
0.0878108013265253 0.0169114950701673 0.245754704377942 0.0788363358393969 0.215010424871731 0.355676238514238
0.189201699478585 0.132104025044685 0.0355646093845876 0.235804155365166 0.228753189224519 0.178572321502458
0.0644764729469469 0.226399025183263 0.310481029311393 0.0541981290459022 0.036082505187408 0.308362838325086
0.265881782235478 0.156333762775499 0.129896109484182 0.124499487953379 0.114063469330601 0.209325388220862
0.258502487604278 0.24771237166344 0.0810148002251388 0.251855785675895 0.0285214826541889 0.132393072177059
0.00345951748979004 0.169993660631391 0.194618494787708 0.00883985634208534 0.277899369957172 0.345189100791853
0.0291778330305255 0.228637507763897 0.163712786245064 0.251799386425494 0.116507022911452 0.210165463623568
0.0627899884230256 0.214331220448003 0.239087525719685 0.254635685851984 0.122668421711163 0.10648715784614
0.144145095794754 0.159973499012509 0.168578632742691 0.104762622895469 0.112593220135935 0.309946929418642
0.0204456351374548 0.292059993137273 0.193702615043955 0.13435119015851 0.100654374457098 0.258786192065709
0.244086137023908 0.271227254067525 0.0696487971822134 0.0812372534365487 0.231970091251421 0.101830467038385
0.226906537643533 0.234161465064586 0.227742994149559 0.059578401969223 0.104419154516161 0.147191446656937
0.157195319007062 0.176507873891456 0.189070451330197 0.197854663778923 0.124915183818678 0.154456508173685
0.0260178772326904 0.0274821115175677 0.301210787221313 0.0234568325978282 0.251936373860978 0.369896017569623
0.0160362019751559 0.0395167940433082 0.158818690164029 0.710624127793847 0.0117206285705889 0.0632835574530707
0.21201749480993 0.0629382918604689 0.172328485564248 0.203644813178318 0.140678811504063 0.208392103082972
0.156851018941659 0.257720732290121 0.117160051864424 0.244050484347164 0.171638399726678 0.0525793128299533
0.237428395138507 0.0239577910539646 0.208411779224509 0.194274111051308 0.297555968731523 0.0383719548001874
0.0905779449472968 0.250549814192726 0.0980815153225117 0.256593058803667 0.0952255072135888 0.208972159520209
0.31123817043365 0.200774210859584 0.108914484959942 0.20206585573878 0.129273426305284 0.047733851702761
0.338689235518475 0.0539720844297913 0.351824926817862 0.0672761927300957 0.0203201362764412 0.167917424227334
0.194021404872634 0.0777160259731164 0.1050843794066 0.214153159212192 0.198679879133268 0.21034515140219
0.101680517052611 0.255105300197417 0.184978721322323 0.195483472422542 0.212096982647849 0.0506550063572578
0.025916370124275 0.123096119414854 0.185809170528471 0.143960430437591 0.171721862254975 0.349496047239834
0.16837442088362 0.179122206088136 0.074524855810321 0.192871201122086 0.205812974152669 0.179294341943167
0.0890083752887074 0.235046251883465 0.0708171218652056 0.269824323774953 0.213873554054589 0.12143037313308
0.275492080681418 0.180208650432211 0.308777652783059 0.156470347263938 0.0305909073022009 0.0484603615371729
0.0302549240719273 0.391068442841417 0.180873583641626 0.0276873715414903 0.157109003327839 0.213006674575701
0.23082006814371 0.148962852959454 0.20652347834719 0.0432547578066887 0.180182840444242 0.190256002298716
0.304998005588838 0.137494307220133 0.222904781944199 0.0962711195853647 0.105709748405811 0.132622037255654
0.129046939299831 0.0569705181170786 0.236574479579978 0.242370237211895 0.217296275611591 0.117741550179626
0.301160074423345 0.119633362004495 0.203612793045215 0.124315566230609 0.220565992237685 0.0307122120586502
0.20812425090488 0.150722845755403 0.146067839474477 0.200712991135049 0.235725427815784 0.0586466449144078
0.201973662494963 0.294321187661106 0.139557979581234 0.134814623391385 0.20794414002706 0.0213884068442525
0.0394737096282848 0.248566606202444 0.0898559141138638 0.142747632730783 0.352969385990805 0.12638675133382
0.0477544024025537 0.0328434572714317 0.1395017598121 0.216031638255467 0.277977053006568 0.285891689251878
0.356075008231425 0.097034435600922 0.177581860658041 0.330765861142681 0.0135107573524862 0.025032077014445
0.268541495658466 0.230200815358487 0.116648022515132 0.0278164939091326 0.208821493324898 0.147971679233884
0.224020538341816 0.0067145886516842 0.190176284038474 0.252436404340062 0.22915264155143 0.0974995430765348
0.102833368226693 0.18122912730768 0.284254238537148 0.280411135653289 0.143250987899508 0.00802114237568207
0.277212104435444 0.0630696789241337 0.0420296535132585 0.341112213975677 0.25355842622801 0.023017922923477
0.206455526802771 0.219559754397368 0.0332162519584682 0.181805721006004 0.227760136101519 0.13120260973387
0.0809822808943097 0.173203069843896 0.0105230515207484 0.11743009574358 0.280090625749591 0.337770876247876
0.010739491870411 0.28096215497658 0.350304829914665 0.087706138695126 0.163752485630006 0.106534898913211
0.0369329446218562 0.026310913983585 0.32529800419178 0.324255004298658 0.224790288959077 0.0624128439450439
0.214904798202783 0.0832312865703909 0.187400368192167 0.234425500143254 0.231115738648178 0.0489223082432272
0.248085057363249 0.106310682012753 0.0843991454629243 0.175932111475132 0.180529463364917 0.204743540321025
0.0512063256384229 0.292961907102065 0.35413878936194 0.242469760941342 0.0347610371357183 0.0244621798205108
0.275680724641179 0.0837940335564139 0.0350713096235733 0.173226573346259 0.149002372003827 0.283224986828747
0.253785801759698 0.0646977455016923 0.35121190686874 0.0172488041976789 0.181676723486699 0.131379018185492
0.0484900180292931 0.202228439415787 0.373324462103642 0.0519859151347308 0.0330374367958376 0.290933728520709
0.130243446916647 0.456765147789621 0.0933294571247557 0.0891615040408182 0.225009936115437 0.00549050801272043
0.215490032353287 0.0704913562744728 0.247267635542068 0.12140892066255 0.149918169150255 0.195423886017367
0.230728550893439 0.244963442134948 0.214035437432364 0.00578694520071232 0.128530669434562 0.175954954903974
0.307074159779358 0.0160615096606502 0.0628080315905617 0.0725526126580679 0.231871544994465 0.309632141316896
0.0442180918473134 0.180735320560521 0.220008869481778 0.247883071573099 0.231574339735369 0.0755803068019192
0.146492242099785 0.163657903783507 0.167139302866606 0.132336566246013 0.213930289963943 0.176443695040146
0.263018002944595 0.265451643944238 0.121139354230747 0.124995830774563 0.20476550093792 0.0206296671679354
0.105556236527293 0.26417833734638 0.261849313797863 0.0845206813768116 0.116938860928454 0.166956570023199
0.0485738647679347 0.390523982648309 0.30645020483393 0.0411548268947672 0.179503758468438 0.0337933623866212
0.232284446876839 0.133111307345546 0.224989328910378 0.012252630887935 0.194147270881662 0.203215015097639
0.239575812819544 0.121339902695933 0.0893466539118299 0.0861481705089691 0.228515694098647 0.235073765965077
0.0278477945371374 0.221638949393195 0.244488526715815 0.229598105184427 0.129173352801931 0.147253271367494
0.198239978852856 0.0106051549609091 0.166082308819247 0.356281845757025 0.196093712328936 0.0726969992810273
0.149183773858649 0.0867457160910366 0.257020837407543 0.241344083815291 0.167048428605421 0.0986571602220594
0.297696223328863 0.269237661758947 0.0329041776298368 0.137255695665567 0.141599548888867 0.121306692727919
0.0637863409042497 0.327473097211653 0.0451215172164548 0.229060755060826 0.199974090178598 0.134584199428219
0.192020963976267 0.066689612944134 0.147999272837286 0.217517287847122 0.202313156775193 0.173459705619998
0.220952502126886 0.189735655465985 0.0517738031774384 0.161242495637985 0.1734436285473 0.202851915044406
0.0743725046872507 0.166679482751731 0.18279400106774 0.314853581750314 0.0485220047158466 0.212778425027117
0.279104153554196 0.0175549951235475 0.0586503820403277 0.290501555480043 0.157768331297783 0.196420582504103
0.228291959424827 0.173563187457271 0.105944879591691 0.13177692274904 0.175682510038718 0.184740540738451
0.121105149549442 0.031008462934313 0.327312372412827 0.259740339481269 0.2061489833854 0.054684692236749
0.183579519557517 0.122121896836104 0.00507292896210818 0.321371987532491 0.130427494285769 0.237426172826011
0.124413471405572 0.0154506021980451 0.13034675683178 0.214780710649938 0.231290487201089 0.283717971713576
0.29761800502462 0.0923897162382643 0.266339551436697 0.00955366475360934 0.200468072291855 0.133630990254955
0.244917356374349 0.146105677954039 0.189249657753234 0.117965826814102 0.145195214337251 0.156566266767026
0.0401762354954075 0.231312216670671 0.185116214259268 0.240927712143745 0.0238086155793178 0.278659005851591
0.171452837541481 0.201812450425919 0.0901262650420488 0.12333536658719 0.284224973227645 0.129048107175716
0.201451733244153 0.175603290900325 0.249932700044403 0.188455020173085 0.0675067660292117 0.117050489608822
0.215858432376216 0.201510528658067 0.174582706100318 0.0167179562524486 0.219008311002912 0.172322065610039
0.109070238146975 0.242712272041642 0.309507918699255 0.0393639566914677 0.0485589094298604 0.2507867049908
0.192083013288426 0.0493690851275835 0.373707663276872 0.0131897555404115 0.354259986032153 0.0173904967345542
0.164598147026556 0.188312495378344 0.171477437959417 0.193421541120677 0.0887571914203316 0.193433187094674
0.24247862557211 0.0906751077047695 0.249877786800994 0.0437588691276129 0.344744508369605 0.0284651024249083
0.115056202417929 0.216202278243716 0.231467361175005 0.234371453730187 0.0936791802028107 0.109223524230352
0.215474622784592 0.0888184258585544 0.208320770891807 0.0740266693465542 0.159879331755298 0.253480179363195
0.181115779814373 0.0224444297524766 0.148750397470201 0.319332475588076 0.0621258119569898 0.266231105417884
0.0896979616843033 0.309508618744042 0.0312246332763768 0.281486903057216 0.0172356468985205 0.270846236339542
0.13012223717409 0.0152837131005704 0.357338451382317 0.22920883163311 0.0179805712873184 0.250066195422594
0.488293094737608 0.170300752773917 0.0193881129319569 0.205254506612363 0.0618902633496189 0.0548732695945365
0.0356490046559929 0.0248190475568103 0.401944247877532 0.462969031848413 0.073505965885046 0.0011127021762054
0.174829109664183 0.238040233172875 0.153309656429096 0.268145551752441 0.09767643965576 0.0679990093256451
0.217884931945237 0.110679738860991 0.212239558967902 0.173333748143077 0.1130981269563 0.172763895126493
0.203312745751327 0.167135941843467 0.262940127209457 0.0989543285272746 0.0521049678629961 0.215551888805478
0.190280821711341 0.192126847180376 0.322959534608566 0.0570603037140386 0.027822768931359 0.20974972385432
0.122549251717687 0.165755287951541 0.0422943038847129 0.276761206125305 0.0679972183714335 0.324642731949321
0.249261762002493 0.143091980726624 0.0427165382332674 0.250554957812786 0.11768640536109 0.19668835586374
0.190633421317893 0.168205744452795 0.207374455502727 0.062396198957236 0.11330531037408 0.258084869395269
0.0452641379026424 0.195137599409411 0.174052400451857 0.113120347084144 0.233631005414662 0.238794509737282
0.086549206665127 0.339701008501299 0.00873982374117586 0.237734181619876 0.219329814061049 0.107945965411472
0.289813091419502 0.133826001148463 0.138988728082606 0.118611932964991 0.200221158343084 0.118539088041354
0.0743967969920399 0.0420296810110306 0.259341547946872 0.00300030845218939 0.524858441916619 0.0963732236812493
0.145121978405455 0.0446167055433085 0.242097438568332 0.281218164926102 0.177381349994732 0.109564362562071
0.151886608402937 0.356230457406657 0.136591882272681 0.260572360573563 0.0552698614824157 0.0394488298617459
0.00816278718295208 0.278054296711845 0.200079034989862 0.233669478014667 0.0857461361490542 0.19428826695162
0.0667057738832217 0.00309405330699333 0.306322408677883 0.0644330500882767 0.288532657057821 0.270912056985805
0.188031025889394 0.166362610384024 0.168875469002244 0.133928231966281 0.212732117935576 0.130070544822481
0.31606328728079 0.0385712663336346 0.107877530400239 0.179507267951488 0.104553503784436 0.253427144249412
0.152442328515622 0.226283068879008 0.123926831181802 0.165651966364437 0.183699970535216 0.147995834523916
0.215384720959486 0.122236562758554 0.137437666273764 0.220796120504937 0.0676084601052603 0.236536469397999
0.0662003607428937 0.389595280212027 0.168555147465043 0.0255571846272754 0.189318429271255 0.160773597681506
0.206165678943775 0.24453735805777 0.120378869964605 0.120867222958002 0.213300234042403 0.094750636033445
0.277526196556827 0.0705368245824937 0.0513873607858949 0.290733936073555 0.177137076990099 0.132678605011131
0.274691137827156 0.130099769241654 0.351761444993909 0.0986842917987345 0.0651482864746552 0.0796150696638905
0.173224192898649 0.211048213444624 0.119338105474306 0.198665100349351 0.0821187009825186 0.215605686850552
0.138962793404379 0.00335198354306901 0.0683522790205023 0.298107657336974 0.290262221370187 0.200963065324889
0.0726646863523866 0.101775969483278 0.104430092939591 0.233905420729049 0.259155395340511 0.228068435155186
0.241919585518249 0.0815949918518668 0.219339834295389 0.21832268613494 0.165119015122158 0.0737038870773965
0.24983855706866 0.191431599494998 0.196233087237964 0.150761337663836 0.145218605726904 0.0665168128076379
0.14046357402522 0.0202477524127519 0.216619418499116 0.196425672142025 0.200566252660892 0.225677330259996
0.176977521121202 0.151822559390033 0.202756398197939 0.224003348759505 0.191887713359468 0.0525524591718527
0.203578224634938 0.247212011979727 0.176287977559279 0.196338607864344 0.0980929926853695 0.0784901852763425
0.231414819333995 0.121497843931113 0.00551390801422842 0.139807312682855 0.0370540013785105 0.464712114659297
0.265922439097462 0.230400937330846 0.204895288943853 0.157876757796743 0.0122562305661974 0.128648346264898
0.231128709610314 0.0993257077691683 0.214908137199138 0.124165951037455 0.0396419980283186 0.290829496355606
0.237762877579644 0.184505778689357 0.0755578360148532 0.156818963495629 0.253194799231238 0.092159744989278
0.0944872248894861 0.251401030398365 0.0750619758512355 0.215970535314083 0.190987230738668 0.172092002808163
0.295876503684781 0.0790844557422797 0.313164139532822 0.0268554854527485 0.0630785604378836 0.221940855149486
0.0623053408121247 0.215668596285847 0.037941736443271 0.24140106054891 0.241350878217894 0.201332387691953
0.113348452055484 0.216732324346411 0.178866327390252 0.27223798433406 0.108065774072783 0.110749137801009
0.157802495117087 0.248841591423116 0.199566010915298 0.149916137936325 0.202072691140971 0.0418010734672041
0.0286231871475276 0.00436877805507326 0.103521318324894 0.34045554402476 0.252621955196499 0.270409217251245
0.146022084382084 0.230450485286011 0.247108565741741 0.104364311047413 0.0978107081704182 0.174243845372333
0.291203302679688 0.157332444016275 0.208239554038299 0.00396343549495904 0.0469083075734769 0.292352956197302
0.237807479437188 0.0636877957502556 0.239203669133621 0.200082721175219 0.16148146532302 0.0977368691806952
0.128852033660756 0.144734309644419 0.282897660581607 0.0693412136451553 0.219964833214504 0.154209949253559
0.243674828300367 0.18590813771596 0.153787741527512 0.244365996202887 0.0624002880076065 0.109863008245667
0.257214229186764 0.165954701099789 0.082572157825543 0.0715147114433225 0.191953903952046 0.230790296492535
0.0746324720789361 0.276109503182374 0.173073822404459 0.0252162538177196 0.247546064909166 0.203421883607346
0.204528608119193 0.132967740494477 0.237997556484811 0.243138959954573 0.101837887790015 0.0795292471569315
0.182801473194687 0.309894744822959 0.0207125448813267 0.16725802726176 0.0993426580112703 0.219990551827996
0.33802998441077 0.194511571362871 0.0531794459748455 0.204752419562674 0.0610302316165393 0.148496347072301
0.0484687819270831 0.202937800744397 0.36716973601175 0.254690759432652 0.107877483208596 0.0188554386755212
0.0995594250350381 0.330372575349068 0.017314314654664 0.0930529362224718 0.132949357939333 0.326751390799425
0.145228237108211 0.192726924025331 0.0851859226258324 0.275290000352381 0.242228542521947 0.0593403733662986
0.0901078612917964 0.338927237942572 0.0606815707822846 0.0371121166793087 0.36392351557369 0.109247697730348
0.210180472077576 0.221925296276762 0.161680247165139 0.125507525285484 0.0742685650650387 0.20643789413
0.232257426392554 0.182539086472778 0.179688092914191 0.19303014155665 0.104823137767275 0.107662114896551
0.255576193276953 0.190444245390967 0.121236697691703 0.182749500146707 0.110975828696989 0.13901753479668
0.136847766438418 0.285541639395178 0.00156663075029231 0.247035785645036 0.295634715645565 0.0333734621255109
0.18177261877123 0.11274180365151 0.0405324149401305 0.200826682702863 0.240494124979723 0.223632354954544
0.130818899183221 0.274526774146806 0.133799035568047 0.0541914534675861 0.259591885625465 0.147071952008875
0.250824099804838 0.259099865709998 0.142293470282816 0.0769128676537798 0.0670876515006417 0.203782045047926
0.207540582311436 0.0653423304180998 0.203455156283618 0.0310609453529992 0.302502117441865 0.190098868191982
0.195350125257351 0.0300856284889991 0.0158281938537103 0.308080422108925 0.381624512973835 0.0690311173171797
0.0608043442575529 0.331915653339807 0.130999590755163 0.0471584901673509 0.123860441081736 0.30526148039839
0.189081200570809 0.0783242426093099 0.327807707722934 0.0272461786614538 0.199297238724834 0.178243431710658
0.0387895022867648 0.0197948312713627 0.0867218945799986 0.247937113784434 0.376909019737124 0.229847638340316
0.0683664764742192 0.330808785663373 0.175160849490577 0.11359403441596 0.0604045539277443 0.251665300028127
0.276889500647722 0.0828818574723329 0.262140240587318 0.142055647433878 0.230448513432041 0.00558424042670786
0.23066160658666 0.243378230347292 0.0869069158453299 0.135042724817929 0.223741657170993 0.0802688652317957
0.237770479883644 0.125794889583399 0.269328329164011 0.164382785521581 0.112728900223253 0.089994615624113
0.0440189907298319 0.136766358189648 0.157150845490269 0.423139520542749 0.045329466096189 0.193594818951313
0.187489564877416 0.180815493634586 0.0204011198367448 0.331940992888636 0.0586383076199443 0.220714521142672
0.100043132299725 0.27509793599175 0.350120390029792 0.0171661422672583 0.18660604279321 0.0709663566182656
0.307258115285759 0.0343767858162442 0.206513299129955 0.325551133359737 0.121608126092153 0.00469254031615188
0.131698907576477 0.206503762419539 0.219070616279694 0.126015541746044 0.160514297198952 0.156196874779295
0.0180804258116521 0.220153709141494 0.0474884378457928 0.163927888090044 0.284973500405359 0.265376038705658
0.253340637035861 0.250474614213911 0.0745090239656168 0.0514226243076767 0.244588736787876 0.125664363689058
0.137330110496154 0.136294156973188 0.168882991284713 0.224307873974884 0.179066862570524 0.154118004700537
0.0304503722585885 0.289133080022226 0.404192721522022 0.104450299425979 0.0673344511124683 0.104439075658716
0.243252067568572 0.102299206326172 0.11360467184177 0.179873620177108 0.262653593187 0.0983168408993785
0.161032773091591 0.102480717276557 0.0643597430493485 0.091531006863639 0.335595035096277 0.245000724622587
0.272290414857699 0.0251751834606614 0.262903732263113 0.00765603061057614 0.13611394536816 0.29586069343979
0.243974874397147 0.162923880984177 0.109581943440912 0.0337870876223755 0.235901849686945 0.213830363868444
0.020524018697928 0.239557688440398 0.166203769293669 0.219078095270694 0.103895760665867 0.250740667631445
0.20357315935942 0.282531661111202 0.0040982277999696 0.247579822376694 0.168422007770173 0.0937951215825405
0.200168951074117 0.209539468780161 0.106089215093129 0.226649707398033 0.196989391108943 0.0605632665456172
0.267688303997551 0.183217288737791 0.0234624229026337 0.114267600881283 0.267890597643937 0.143473785836805
0.239073919164242 0.218150427608849 0.256363925424809 0.0764122848848727 0.00781188101305497 0.202187561904172
0.23721460273342 0.114647287217686 0.0177012480325594 0.20531878194044 0.217265385872415 0.20785269420348
0.0725099259466734 0.116604550311956 0.0870568660414507 0.199619353224831 0.222698167238415 0.301511137236675
0.134879209045667 0.302871539173766 0.0704012652363165 0.116111182426385 0.140784749363646 0.234952054754219
0.0735991592521051 0.031840085871884 0.273311395619393 0.252484044749059 0.142380245557205 0.226385068950354
0.310866790841933 0.0209959763250252 0.0589973320243515 0.313413297561465 0.213974214387957 0.0817523888592682
0.0349415816460065 0.486909646154018 0.0457402787703103 0.225371558716303 0.0233620625285591 0.183674872184803
0.183952863217148 0.109295288427698 0.144330950117843 0.126857286974174 0.216724014854533 0.218839596408604
0.149187038350304 0.168461881274343 0.196968793989923 0.0968020501746709 0.132012069798303 0.256568166412457
0.133878831271032 0.0604259071790576 0.0963598621834055 0.21221252558292 0.34536641028324 0.151756463500344
0.0454168865035311 0.220931401736956 0.265291426142864 0.181360234116923 0.0392220539476241 0.247777997552101
0.172220616297915 0.16022832690714 0.152735796044203 0.195535173947541 0.170496722653007 0.148783364150194
0.27747091599699 0.0100737925329724 0.273932751361524 0.14339229773652 0.259122867033315 0.0360073753386771
