0.0817497570324002 0.257337122745973 0.0810250489432003 0.208211757616275 0.0208893678878691 0.227910093388016 0.122876852386266
0.01396198403099 0.281149362463165 0.322148562942966 0.110620461079578 0.0886290692695031 0.0690575495924704 0.114433010621328
0.166695847204155 0.100271738930996 0.226790068469703 0.0561064743478904 0.221244744214459 0.128914737301946 0.0999763895308509
0.159434531060269 0.115752626993803 0.0303438922366995 0.115079439636498 0.250230481402124 0.189793897908745 0.139365130761861
0.0398377762104231 0.210055591716819 0.205413861365125 0.140373960984809 0.00498533972199597 0.166682695018718 0.232650774982109
0.0749734125602116 0.23608447278825 0.0699054613317804 0.151549030348287 0.208579310667812 0.233225960454266 0.0256823518493932
0.198788744815534 0.0460070274736225 0.0566901548782124 0.0774339068528731 0.210446720533626 0.118541647046928 0.292091798399204
0.242764627462657 0.227799627414739 0.0404101082432385 0.12944859362247 0.0647336103751885 0.217650915345299 0.0771925175364079
0.0482188449903337 0.118345944380584 0.100387524161249 0.226869477054841 0.230348573013043 0.0375551857997604 0.238274450600189
0.197271838265381 0.15927759944375 0.0461202885521915 0.207568488401333 0.115047990353087 0.137732389727968 0.13698140525629
0.0957623176439994 0.230212544588327 0.0924231128951885 0.199273011849138 0.0972120170087043 0.0701098238374206 0.215007172177223
0.187248592332785 0.0585443258659658 0.133443906333772 0.159676549179314 0.211630726359311 0.169698573291657 0.0797573266371955
0.177084066916994 0.19420097588243 0.187035529172767 0.0900269978628754 0.162773248073733 0.124592716654344 0.0642864654368568
0.0330895293038169 0.114500931439553 0.280968885541737 0.0832207445667098 0.00531542087957713 0.294975337998515 0.18792915027009
0.235717481309793 0.136092728372013 0.0854349880380814 0.0182019383346578 0.166399031300216 0.127657010027335 0.230496822617903
0.046575796640372 0.161885742767069 0.0274198642597169 0.21300840326375 0.23250279221398 0.119711821242128 0.198895579612984
0.243610358461863 0.0234009943865083 0.0198200326521023 0.312083008452368 0.1082654231238 0.0149228614545548 0.277897321468804
0.116042391924872 0.146378326459203 0.188760843859669 0.178228845919905 0.14594975185431 0.193230313975205 0.0314095260068361
0.0479468601375668 0.13497027134374 0.0951944450527346 0.101229612478079 0.265762437498059 0.216046632220053 0.138849741269768
0.0736597636318596 0.1953200281571 0.0350869636855008 0.240110720370406 0.258050796962339 0.117279392592596 0.0804923346001981
0.0243439483145598 0.160887253858906 0.165727869860158 0.277364061154066 0.26026126105687 0.0378274928590095 0.0735881128964313
0.130560003221497 0.0474213730820771 0.144019886850875 0.223978648892743 0.188464248768719 0.157045946867439 0.10850989231665
0.0449295644087579 0.245203567772155 0.0501555871481752 0.092662319768699 0.0198146388477486 0.249500611886882 0.297733710167582
0.20116200546033 0.187545899193124 0.136163064172036 0.121196304375166 0.163450776873622 0.133624516687186 0.0568574332385361
0.222781943174977 0.257779693235925 0.168027428233823 0.198629983086558 0.050004127236375 0.0688333062901498 0.0339435187421925
0.022669230411002 0.209918252392826 0.182796622462721 0.138381278329523 0.0613164523549496 0.0981621921990391 0.286755971849939
0.0581030056492596 0.0995494341852166 0.18624469116888 0.14490208350974 0.259322403814197 0.025767695462676 0.226110686210031
0.0932195729095909 0.0985590422499516 0.116023445655912 0.25170450029303 0.214239516217227 0.151425807233923 0.0748281154403646
0.197210918859586 0.167174309682243 0.0723495245310957 0.131463381694912 0.174685746658467 0.194331681592852 0.0627844369808438
0.197477590077243 0.167138849243356 0.0609266284063835 0.151131568111046 0.0521934034651838 0.234516213215344 0.136615747481443
0.0931681443835665 0.058486718069137 0.295039129879849 0.156609912395341 0.270181362538586 0.0458145274040839 0.0807002053294363
0.0377185733722207 0.122993817061832 0.126504858483619 0.251588754836695 0.286090370635405 0.0793566977455229 0.0957469278647047
0.137113361925151 0.120758138855674 0.0939858789905544 0.328715704532904 0.0226764209899314 0.243337247603299 0.0534132471024865
0.192119448928745 0.252709752522112 0.0704466088077291 0.188860311567782 0.106720582699576 0.0380715009063438 0.151071794567712
0.0068918774661945 0.0685324802994334 0.175686542119081 0.226754796803911 0.292780502686901 0.0983564240107221 0.130997376613757
0.0161587839243705 0.280936048838803 0.157227868768225 0.18589241617597 0.0355607071908925 0.271477503138451 0.0527466719632871
0.120558081561512 0.185925271435422 0.190587968106518 0.166212884332357 0.0563882366041914 0.0884207139488833 0.191906844011117
0.188878616143232 0.127048072207428 0.148206708138536 0.0109062740951091 0.0221748960996355 0.25739663236343 0.24538880095263
0.28923817846865 0.192772615964478 0.0858042532935595 0.0426941038539692 0.130547445493235 0.144325716028015 0.114617686898093
0.00720014113804244 0.111914938398844 0.225424889237943 0.149358865417786 0.207901525454127 0.0709966781881436 0.227202962165114
0.059670358399162 0.226438602793927 0.261230109189832 0.223517291832553 0.00779759917097976 0.0247939125082064 0.19655212610534
0.22718971204942 0.0190007820030029 0.198663793023359 0.0940354339584407 0.128758875733468 0.127336763936009 0.205014639296301
0.185101133246925 0.112462232048305 0.148882597445031 0.0950113274142236 0.282047151495565 0.011203266501879 0.165292291848071
0.0741071307688305 0.0599192273587025 0.11681693124466 0.278929533229394 0.133546027148852 0.250882844838505 0.0857983054110567
0.044985800092845 0.0702679986261448 0.250186004911647 0.209858485827032 0.0385216222719539 0.212187305803436 0.173992782466941
0.162210434512206 0.0598108192855011 0.0486585533725533 0.273766476359423 0.0980865247594665 0.207329958647227 0.150137233063623
0.181298417547094 0.0666235899408549 0.159548091631683 0.196654195435831 0.141871730444176 0.119311087330819 0.134692887669543
0.0366872654989772 0.2746783514787 0.237348759992314 0.0427919972111356 0.129571231604944 0.0236462279101677 0.255276166303762
0.0845497072741019 0.0430658915743426 0.313398272025693 0.0902984461440282 0.146768620068747 0.107267408320346 0.214651654592741
0.0022255315509506 0.178936180373766 0.235420115214489 0.222352558436419 0.0817657439903325 0.202400385930583 0.0768994845034591
0.185514086016367 0.0320608830639397 0.287168257071369 0.0517735749945113 0.188762161633706 0.202967722305536 0.0517533149145698
0.143414737680734 0.208845370860773 8.68783902409484e-05 0.182216125225419 0.0930952730937695 0.143581726280674 0.22875988846839
0.157877521940764 0.204807623434588 0.0555121146339037 0.224949763743538 0.128523486590391 0.0133403698522967 0.214989119804518
0.232009074281158 0.0407126776873203 0.181021682385267 0.169324518689787 0.0913598551433161 0.205671249700797 0.0799009421123542
0.214874134603359 0.0983119740967917 0.0790060530747721 0.0197474767266545 0.22483835240917 0.156343237790686 0.206878771298566
0.185362676619702 0.120845276621694 0.0690342484701244 0.044626795839427 0.22033810626167 0.210312444751215 0.149480451436168
0.141681938244446 0.0870069652272244 0.190615635863777 0.0779319097789652 0.130622327740794 0.191161127041764 0.180980096103029
0.202216745394395 0.189197622982393 0.0596886453897258 0.223991028653378 0.0892175009923842 0.00791761817771167 0.227770838410012
0.24113345839967 0.264172936216654 0.184919944772047 0.0355229047132554 0.0114997091622327 0.114041906480179 0.148709140255962
0.033648018969702 0.00292327694252565 0.252616546926717 0.344722120200087 0.0851632085979877 0.000315056406328817 0.280611771956652
0.18978151374519 0.227534898956742 0.147560406901659 0.0595590802468474 0.190065431428315 0.0543868835988085 0.131111785122438
0.307565728352648 0.179648044842685 0.224526143392636 0.0242074030292678 0.151691595523831 0.076087693816506 0.0362733910424266
0.0123977159189477 0.274471780344291 0.277015454668739 0.217548520183756 0.108305618460791 0.0943302554407836 0.0159306549826923
0.11104220192761 0.033053794394588 0.107442795404837 0.134037754807687 0.153503637875302 0.212601434428361 0.248318381161615
0.226342235787141 0.063966818135297 0.135048085599999 0.2352225282877 0.0364799589443648 0.0536634256507129 0.249276947594785
0.0133449611160837 0.254209770117474 0.161917351262512 0.211328561358479 0.117678536419146 0.0325793335031925 0.208941486223114
0.122932518737824 0.158091017833189 0.0823351261895865 0.151989650094204 0.153008733091894 0.14626947726975 0.185373476783552
0.113718463177142 0.136901679641563 0.0932288221284225 0.196011238808566 0.185024628386712 0.0218061556248013 0.253309012232792
0.266250937066208 0.213962557808636 0.266856393032678 0.0556582585137227 0.0882074268900885 0.0641207577791159 0.0449436689095509
0.220633120048588 0.153930184969948 0.160033404307861 0.205231207413731 0.216339083742782 0.0127345439567246 0.0310984555603656
0.147687241263438 0.16683925654317 0.0707050809127974 0.0552871496732528 0.182056503864022 0.183032460456806 0.194392307286514
0.0891710955804699 0.0747019312882731 0.0447836449358538 0.0375819872258203 0.257405341447293 0.272408049797985 0.223947949724305
0.282359296231616 0.0592480202191264 0.163048445060069 0.0826127353401119 0.11637502195105 0.184581282698161 0.111775198499866
0.0391204799414465 0.145046544760877 0.190846907585656 0.239688400289112 0.123006552746918 0.0330223711862971 0.229268743489693
0.149854813268455 0.132302214560242 0.181909379216315 0.110331863482554 0.181966730636883 0.0579994111154809 0.185635587720071
0.0516976454460461 0.114253026310384 0.24043071672807 0.300843504488824 0.218275440814523 0.047631006223759 0.0268686599883931
0.0876602250994945 0.181989816311327 0.0473698543624284 0.275316383172449 0.0387591399667023 0.181537209577031 0.187367371510568
0.137057137192072 0.0113926460242791 0.257774298220102 0.177081363390178 0.192711745096903 0.0547659286076651 0.169216881468802
0.0602912884434596 0.301630612812762 0.132483992196214 0.157732517307046 0.160131092582678 0.140409275632562 0.0473212210252783
0.248867580129108 0.0854131591134229 0.185646046049648 0.0897885284980032 0.176843439486995 0.186548648690986 0.0268925980318367
0.111237280197324 0.0997687299355351 0.173256480347421 0.160624804651954 0.196601544227131 0.162812946458902 0.0956982141817322
0.194371825463054 0.0732608348734625 0.15264332867748 0.0116212450147507 0.19480736185863 0.198402027931074 0.174893376181549
0.16198312200217 0.130223033262767 0.120600760010289 0.122584450532946 0.124270101213687 0.159547815239599 0.180790717738541
0.249179811538436 0.156037385245308 0.240419324216802 0.0325749205618089 0.129448680681661 0.0429647254710492 0.149375152284934
0.125640682432159 0.0997265894040191 0.305962265169097 0.285102780946291 0.0243235424100443 0.0147519522498293 0.14449218738856
0.0470306211721559 0.103438183417464 0.174791057009539 0.102206636979302 0.195267135446871 0.12584154169868 0.251424824275988
0.314324114019555 0.0320577290915902 0.0187622192378554 0.28321471947993 0.0133469589293846 0.162058571940914 0.176235687300771
0.0918769969287339 0.18200627386268 0.20728747037449 0.200079917184311 0.0294537541337829 0.00653379095997971 0.282761796556022
0.201936524082962 0.071256034677255 0.206630231839505 0.170294046090286 0.159828477903165 0.0829302386036913 0.107124446803136
0.0277512281645267 0.242532189181315 0.224889446044032 0.0472047486019629 0.277445735230025 0.118561200814032 0.0616154519641065
0.327762857533893 0.111578086476605 0.069467056797453 0.180669064460744 0.138159647729984 0.0420445421280542 0.130318744873267
0.0522651744157577 0.0529116002183564 0.19537846689602 0.130739028408575 0.270950389861153 0.149032943461054 0.148722396739085
0.0453676044467523 0.1522672094947 0.232879974724977 0.172495721973421 0.0238615265344955 0.166268774465108 0.206859188360546
0.186742327277019 0.0750818518988428 0.097898933132845 0.169283125914343 0.182357156462253 0.168896029087138 0.119740576227559
0.0248799414276177 0.32089488956389 0.200146281963725 0.12230532397369 0.29578249661251 0.012208481077715 0.0237825853808522
0.154046461349779 0.206967077298124 0.0751984020521541 0.222767680094746 0.16089182971374 0.0422179287380902 0.137910620753367
0.227690648845015 0.374987922414519 0.0314330897967782 0.207729137472653 0.0867662058458258 0.0321109483995733 0.0392820472256355
0.167677328146627 0.225179787023141 0.0899483929208114 0.0674224662010379 0.16403292503702 0.0616346608573753 0.224104439813987
0.169824751475431 0.0774740737449154 0.299157590271451 0.0132540177642979 0.104058772609781 0.0262181028884895 0.310012691245635
0.239038553167616 0.147503548588988 0.111606713983382 0.0398725905285997 0.197981859383046 0.113727035377091 0.150269698971278
0.172440809379702 0.20511705596017 0.119239216318828 0.156050568449712 0.136989840592914 0.208104270844211 0.00205823845446306
0.107284233130094 0.0546581808221752 0.118140190713678 0.120653085551244 0.274811721034929 0.213801555210058 0.110651033537822
0.209294714615459 0.10291679709269 0.143934133341506 0.147943982498569 0.222585892752268 0.00635133846783838 0.166973141231671
0.20407343998564 0.168992915340412 0.0253831836816582 0.162679738789031 0.13512940105171 0.132449239948595 0.171292081202955
0.0217598985532093 0.14131887448554 0.0486073208353702 0.252424525130607 0.119754420003231 0.12755216739245 0.288582793599591
0.18180755401259 0.265650901807835 0.109055413709558 0.0210982861810201 0.0502321285950826 0.0903535452958228 0.281802170398092
0.191588617150425 0.0161243809669687 0.158967060760689 0.211072002113182 0.307691912176542 0.0850270275236749 0.0295289993085185
0.12992057672754 0.0964059689503155 0.184004754149995 0.150597330611569 0.108664826328145 0.152343177966133 0.178063365266303
0.0505678481502736 0.0184975759256674 0.0653541923231846 0.27204855629203 0.0355191999449922 0.300187717882138 0.257824909481714
0.0344301029430695 0.117983036198208 0.201315477846983 0.184524535204554 0.187141286724091 0.155233134159151 0.119372426923943
0.171162931257038 0.161688776080065 0.218006664983601 0.0209342850129414 0.189803026413462 0.0137027726574433 0.224701543595449
0.0624622486315805 0.25208384611989 0.124176023350015 0.179411404809087 0.144519833942859 0.149395187820113 0.0879514553264556
0.156039658515749 0.0183827753179782 0.242156868437753 0.258097135413689 0.0618690096825942 0.116183598474088 0.147270954158149
0.0606918469153602 0.0700065592959271 0.150561008603278 0.140690730241892 0.305311003970799 0.083618982053209 0.189119868919535
0.205810796552722 0.25995385962919 0.0539045131883108 0.0322978958620636 0.0293349383948496 0.326141984170607 0.0925560122022561
0.260307363420869 0.0104356570520252 0.106667053885 0.00203373590844264 0.139813796190766 0.256742747020977 0.223999646521921
0.129653343770684 0.199147728454942 0.334244815085338 0.10984088402883 0.0614308743284864 0.0700639051995117 0.095618449132207
0.234623705192074 0.00448750773136673 0.250283656785906 0.118421887844642 0.0825609805368983 0.250877050886922 0.0587452110221915
0.222488487463665 0.0320014200611725 0.16403983182506 0.124208765098149 0.0516861193964947 0.133613461735419 0.271961914420039
0.158751399424318 0.184800622805486 0.238975153815955 0.129552399321929 0.0061936522447598 0.12783682237492 0.153889950012632
0.218226393152775 0.101036834987957 0.256171253877086 0.0628604157781894 0.00418582943658667 0.0938691243396043 0.263650148427802
0.0747152106079663 0.100071355958815 0.161114722305395 0.0214177771513956 0.198214079739841 0.19186606672081 0.252600787515776
0.0637854653960097 0.199352808945323 0.188225658467482 0.248964189469012 0.214578451330161 0.0601733845289846 0.0249200418630283
0.0208213775515969 0.155110935512397 0.0203620575610893 0.191145080914684 0.307920787256625 0.0073083441991594 0.297331417004448
0.194447474114262 0.0101452706333357 0.0294040115415064 0.235028166232041 0.238060719565213 0.209711838516671 0.0832025193969701
0.00265640162676495 0.131431093130156 0.182329973260869 0.222089075036007 0.188192836795609 0.08921632204027 0.184084298110325
0.0768738879524794 0.229015599794807 0.0690101918450587 0.115751306683591 0.216652170306577 0.0994295622947445 0.193267281122742
0.202215704837202 0.0267807172067856 0.184910044349148 0.179720149811602 0.0882874260452854 0.145207924188706 0.172878033561271
0.311599765438699 0.210366644685506 0.00855806468931775 0.119416201372832 0.0801124344654281 0.144766520424705 0.125180368923511
0.0867937474049279 0.100458302110154 0.173977870716893 0.27488852247847 0.146308665056885 0.156451019436337 0.0611218727963329
0.163428843100564 0.146040754309641 0.170225391746642 0.0757807224438824 0.105568243707798 0.241585042552411 0.097371002139061
0.175810436524302 0.172475129814473 0.028330154029893 0.200012259294412 0.206561096604248 0.207829506000734 0.00898141773193761
0.240319081546098 0.225663273660004 0.0830731230979429 0.0729500652329971 0.112203437281715 0.0123853892731601 0.253405629908082
0.164436758297003 0.15521120867534 0.200342308131614 0.238340166017318 0.0203358389867647 0.114838992185436 0.106494727706525
0.0340062454182708 0.210993799603655 0.17990554963733 0.175152135017919 0.145351551538017 0.173433740967969 0.0811569778168389
0.0508212710583111 0.221852091976215 0.159675893040805 0.181760135389709 0.211260563968554 0.154742755964439 0.0198872886019673
0.156594157759541 0.262821262207529 0.226524793192351 0.165050306175342 0.0656143423651414 0.100378883883002 0.0230162544170939
0.0995966898060182 0.0909279939268947 0.225551403532108 0.219865246704462 0.169170178342185 0.0924260440106695 0.102462443677662
0.287263958380879 0.0935314952899292 0.0696002147174209 0.0324312523007671 0.144153972417232 0.348258746837515 0.024760360056257
0.108537733822044 0.115324134298576 0.219511646289732 0.0885805589773841 0.23185367984534 0.114131845033015 0.122060401733909
0.243949319792568 0.0429952407365559 0.0537577712493213 0.234833059160886 0.00808984322150693 0.142647270874084 0.273727494965078
0.222519714154439 0.116252291740184 0.162236638745311 0.136986095465257 0.0865735188398372 0.168123840155394 0.107307900899579
0.153414133480091 0.0308853483877776 0.0876451629565328 0.185246009085234 0.17060725638771 0.200517280988816 0.171684808713838
0.0872166858330108 0.0171436377485962 0.206904844082117 0.0657097708486591 0.212442587408802 0.332644298494932 0.0779381755838829
0.186627241125724 0.116518988495703 0.164747320987502 0.196047902483036 0.12062675956227 0.165186259193871 0.050245528151895
0.0522898289545961 0.166710316169371 0.0537972648454562 0.332307356633339 0.191915099983749 0.096462492359227 0.106517641054261
0.287061200784849 0.00137096373605663 0.0335935430737411 0.13209256202163 0.292596809684068 0.0502802910163449 0.20300462968331
0.0266839351865118 0.136089989216406 0.230268165308372 0.236482109360489 0.0876829372684041 0.0402120871760229 0.242580776483794
0.137108278957501 0.096999243080067 0.0160899466587736 0.239729067553068 0.230725009024907 0.0901941979822033 0.18915425674348
0.152570076191718 0.060098163798164 0.142662757331814 0.11883745900247 0.0837118343090964 0.110637057972911 0.331482651393827
0.165849034081216 0.0837034061428545 0.222510034681694 0.0781875982316722 0.107000628379231 0.153502043530109 0.189247254953222
0.0359017793040707 0.23336350476495 0.212128070986216 0.113178996134992 0.0892964585581123 0.102787959335933 0.213343230915726
0.131403434943066 0.0623599552127712 0.342454443219498 0.117562440407355 0.0199375984836258 0.227769094097586 0.0985130336360978
0.356656309406293 0.0346161888072522 0.054618473076005 0.148593567225128 0.0213260898235032 0.0591460668878568 0.325043304773962
0.238634000451974 0.0931449387810798 0.204875937009054 0.182624022521734 0.135191042587456 0.0695481304310689 0.0759819282176327
0.0102326301788387 0.354826055016296 0.0899812136340244 0.0321313492713218 0.191443452114755 0.112647409420936 0.208737890363828
0.237994614677774 0.140916665109784 0.0228778331117115 0.0182198636854574 0.312611983101806 0.0685558611774627 0.198823179136005
0.242969222625285 0.184411619577685 0.0932217526939426 0.115462726355752 0.00771819396281165 0.0919812160194263 0.264235268765097
0.109334845534517 0.0544576614631561 0.195031273218193 0.191525901877774 0.236069441002641 0.0275556909509145 0.186025185952803
0.177231992505178 0.157612794706048 0.089064085906763 0.147430580285495 0.097594528954837 0.18282976632907 0.148236251312609
0.134658616509324 0.171637627028621 0.227361975567976 0.136749780632656 0.0025305803853014 0.113338488146504 0.213722931729617
0.088346590201051 0.308301371090502 0.25502668614424 0.0469823793036956 0.108823454070018 0.0771957938800947 0.115323725310399
0.109890373966812 0.27281115261333 0.0652597816307325 0.336904408900363 0.0356029947443067 0.1088785399826 0.0706527481618552
0.0763964715917571 0.115061970402548 0.213937243752023 0.164186050539209 0.142829162645595 0.118641765697529 0.168947335371338
0.30264573484475 0.189610979530097 0.19699781864921 0.108272085016809 0.148264518710391 0.0145469213757177 0.0396619418730248
0.0403572428001986 0.205623022358967 0.23004468157305 0.0735176578160266 0.152218076177515 0.137288438702194 0.160950880572049
0.153553079218381 0.215751686697845 0.0402075787116447 0.176864359949718 0.0602601089479833 0.227150179207294 0.126213007267134
0.312914589650481 0.100229198545852 0.101127048899824 0.0904538654860466 0.233954118231117 0.0946073823820648 0.0667137968046153
0.143822212555991 0.0928234544146589 0.313397028614933 0.304494507585951 0.0877822187297149 0.0103040470773611 0.0473765310213902
0.0325694500437996 0.0355409901072245 0.0545458275447058 0.0206496845411053 0.393345505943715 0.317542283288512 0.145806258530938
0.0982782047094256 0.137830137350076 0.100158780903622 0.162671584349477 0.122899728747152 0.186921967780827 0.19123959615942
0.195471728312186 0.291045199618405 0.0427948974755769 0.246936628264859 0.0376318938914712 0.0364384624654668 0.149681189972035
0.2125903079765 0.00759705321209037 0.15883855300575 0.149514080267365 0.248639741689434 0.129534492639327 0.0932857712095326
0.0955155477534851 0.202561881167289 0.0575372678054518 0.165504147968424 0.0958224110214447 0.274471911082395 0.108586833201511
0.115390217490372 0.116981313839323 0.0554758007701896 0.157024249515249 0.221124208725428 0.131939118681313 0.202065090978126
0.264711281310224 0.0619278801623994 0.0297382625992324 0.172281512921702 0.0483895197749045 0.193119303275224 0.229832239956314
0.213561005644769 0.000636216053593535 0.199118598896778 0.0169247979219297 0.185428975395744 0.205465152832614 0.178865253254571
0.243513140254733 0.0848793115799125 0.116462972998105 0.227926895476493 0.0384055840909505 0.164487665016549 0.124324430583257
0.174820947450275 0.211118824054968 0.159377379455901 0.115931662184928 0.0889766049998002 0.0597224571223633 0.190052124731764
0.0681401709770456 0.168922592282701 0.102420985355079 0.0641406207755618 0.225480231441674 0.233918814601593 0.136976584566346
0.00275348673053084 0.215590773881471 0.176964908624708 0.0240975214440591 0.203289690267294 0.24807127126515 0.129232347786788
0.0757288662821536 0.00284925962660345 0.12659620889844 0.112038145476733 0.187865528959402 0.257910256914746 0.237011733841922
0.250161968271945 0.0497384121470918 0.230801559613241 0.113577769900436 0.083933263352602 0.0705088232959165 0.201278203418768
0.261562170746866 0.311044494385844 0.00238229339801876 0.101935162966522 0.00586239692658788 0.155064584988505 0.162148896587655
0.185742056163327 0.180794272579101 0.096839252991506 0.186683114741693 0.103721986602388 0.135850649664352 0.110368667257633
0.239943757444461 0.114090125208706 0.093940085553433 0.16545094203842 0.0176356715777213 0.168643892790542 0.200295525386717
0.068843586179996 0.308776046413378 0.0258953567087485 0.092103700377095 0.320217826304459 0.0653592086803044 0.118804275336019
0.247887845195176 0.119524988375626 0.285235228132549 0.108387349112707 0.0833604241909284 0.141052287879251 0.0145518771137626
0.122694424226447 0.242823471206057 0.199478972597854 0.0453603438588511 0.110826930265379 0.238883832569171 0.0399320252762409
0.107854633553014 0.20617344991266 0.13897437503932 0.163104809893314 0.231990479583094 0.0128494478017938 0.139052804216804
0.0466543332489645 0.174756331442253 0.0716821651153672 0.270549966538712 0.142527927166203 0.0650083460107263 0.228820930477774
0.0722419284818468 0.21525396609248 0.0852764298499114 0.317046833760782 0.181995002763091 0.034329150736318 0.0938566883155705
0.169635143645285 0.12793633460491 0.166729957060886 0.195289632280297 0.102291408637094 0.0408500649360613 0.197267458835467
0.139019479195734 0.00429965938714119 0.263471592425204 0.183490846690205 0.263742324057827 0.0507248068025588 0.0952512914413296
0.0914749210581958 0.203344425381979 0.00782891253384751 0.133113801000222 0.132037340909681 0.12052939255279 0.311671206563285
0.150939300086651 0.0234030555999684 0.228744604746007 0.163591295521488 0.0769768021201399 0.187055569203253 0.169289372722492
0.0708787043125774 0.185955119228342 0.0581256928395047 0.125190857385981 0.208537581270475 0.228553817449985 0.122758227513135
0.00544021751737751 0.0984622523867276 0.160207479493197 0.175754763547582 0.459976793713058 0.0221029271348149 0.0780555662072431
0.133960664708917 0.0731239512025808 0.185264872729608 0.0155455613285579 0.0536098047351754 0.152107556297559 0.386387588997602
0.247717425497485 0.00868975229467253 0.198102467830423 0.0600413655940603 0.22211715360715 0.0735598728077228 0.189771962368487
0.215762015266546 0.169505548566966 0.213159067991079 0.189766406342756 0.0465308951971149 0.150277367584988 0.0149986990505491
0.141552218434577 0.214755712206103 0.0780530984258902 0.102888391530255 0.128986571364954 0.116807106692701 0.216956901345519
0.0689812064758352 0.0285472261761667 0.124733574710759 0.233335105034462 0.186580705083995 0.0647768781615484 0.293045304357234
0.201659200842605 0.198827036087177 0.136611487487386 0.0703522277704114 0.095215756636143 0.157287324409178 0.1400469667671
0.0404827754201411 0.0972548940951946 0.201595598946641 0.0737007179593128 0.228078195234609 0.158501612569981 0.200386205774122
0.165095130485906 0.153377510789495 0.0776605506827808 0.20003934043401 0.0122418076384766 0.179524976553078 0.212060683416254
0.197770676267779 0.0635236347225562 0.219351647112531 0.216224651182438 0.154140551247017 0.126064355902755 0.0229244835649243
0.145555984658229 0.0211698656141916 0.218567794867931 0.15053662453692 0.109746132376579 0.115352039219354 0.239071558726797
0.132301258640071 0.128757409964241 0.0595581377673895 0.171754307279761 0.150607915477004 0.17045507243891 0.186565898432623
0.168289981240307 0.091802006494856 0.282291134785261 0.155839023480863 0.0313673387593127 0.198742367756877 0.0716681474825229
0.108184131143407 0.359943595611563 0.00431450496143522 0.0772397546851514 0.102089199109736 0.165153823325302 0.183074991163405
0.110308057472152 0.164999878417805 0.148378596816121 0.0784385123115022 0.14938601580119 0.225117587429423 0.123371351751806
0.224768361812694 0.00126535781744683 0.152775014007235 0.0285664358471591 0.215020889785257 0.145659579065774 0.231944361664434
0.13508991632799 0.221595730380628 0.229084346621839 0.193474284350038 0.127993676293668 0.0519170776323566 0.0408449683934798
0.205548115613041 0.11066580171582 0.181164474827434 0.127672658290134 0.1797924804553 0.169796327581438 0.0253601415168334
0.145205756782315 0.0291211254324337 0.240520286735856 0.140376825204148 0.148766435651951 0.0467713161890058 0.24923825400429
0.241105242396714 0.0423969891797541 0.0552969706732748 0.271447163095586 0.183591643541637 0.0154860274595613 0.190675963653473
0.0685291366266982 0.201310129295549 0.237762082353815 0.0757501269747938 0.0455473685913484 0.303404109847073 0.067697046310723
0.023809659129841 0.31717692914578 0.115797156859874 0.0677727683164653 0.0753309425752576 0.328024412355277 0.0720881316175056
0.0966723987586515 0.146287239434949 0.0530426801503629 0.216723576006064 0.117433192528656 0.111842702612906 0.257998210508411
0.0120967730608624 0.189906563343027 0.0227468707848215 0.30198336598547 0.0788725443333435 0.323548314178632 0.0708455683138444
0.193602561662806 0.146252561990197 0.179679137158608 0.189098783439694 0.153176520869072 0.0768457688109905 0.0613446660686325
0.160530570241834 0.165460212243346 0.0440543808352595 0.149714958527944 0.195249087918424 0.148690029845416 0.136300760387775
0.175311580062186 0.14407815523029 0.158498448352167 0.054354722170144 0.0110071770410906 0.260227307122752 0.196522610021371
0.153643708732399 0.0597652352731317 0.262247209983163 0.179761707346604 0.204368223026644 0.0156016499177562 0.124612265720301
0.132049268233112 0.0343118343692395 0.274679090259552 0.24866312611218 0.0534501567048219 0.197933464795133 0.0589130595259617
0.0109295656053275 0.0753112964699476 0.0758109023684112 0.315751632586513 0.028588886084639 0.457140210515903 0.036467506369258
0.157263476601263 0.170236188052013 0.188538278002086 0.109288178421936 0.124890783204757 0.0285303524615632 0.221252743256381
0.25956333249066 0.337124600777936 0.0351642267590069 0.129511530506009 0.139610916229307 0.0420382809761008 0.05698711226098
0.226170976637363 0.151219024758159 0.0992233388199935 0.274381465084417 0.0413815956356819 0.0269022558247769 0.180721343239609
0.116133467287093 0.108939101744264 0.138535048116102 0.165307551817879 0.173652762971206 0.180770284664211 0.116661783399245
0.237084079119815 0.0267487994097828 0.135044810863863 0.0412057980486092 0.220116116895733 0.311745730609939 0.0280546650522586
0.218560745698576 0.202422332759023 0.0862945283496733 0.153186080772591 0.0967155951382938 0.0554543889776172 0.187366328304225
0.0533968618076992 0.0107468512349363 0.248501693252106 0.168766768246572 0.186561417038709 0.0963994636333817 0.235626944786596
0.0637881429900068 0.176622221786197 0.176836847666015 0.142928160002309 0.0608129706798559 0.195156152466576 0.18385550440904
0.182449891277381 0.149300861098419 0.21460965420023 0.0985464718357124 0.150453361310164 0.0796779483356325 0.124961811942462
0.153069690211192 0.272150175386167 0.263188563760254 0.138812008307187 0.0337556977825792 0.0515536528242778 0.0874702117283436
0.0498814389974514 0.234691154376156 0.151682952439133 0.202476478530152 0.22242366829655 0.138588127041469 0.000256180319088965
0.0588256713042132 0.264709872490441 0.163648345790503 0.101024493983106 0.189256495094773 0.0150429588460498 0.207492162490915
0.129166737543708 0.225663450713653 0.0705973069357284 0.156401587384778 0.134861492360369 0.0834799837468351 0.199829441314929
0.0556037781591727 0.0666358531737436 0.187997224353509 0.300967277832391 0.0685429164404778 0.120039376922539 0.200213573118168
0.19486952773689 0.0977046351773033 0.00236038664809034 0.204233753134892 0.0525552510386683 0.220840660513544 0.227435785750612
0.25309388965168 0.107569212205691 0.155285409898889 0.191599924621655 0.190935199093755 0.0938529706384686 0.00766339388986154
0.119747819892316 0.0847824577828153 0.465182510311735 0.106118090035602 0.0242991262915638 0.0190895251321721 0.180780470553797
0.164182040526472 0.168067087143087 0.107564809032835 0.179064851178801 0.0343259188138266 0.110214522423004 0.236580770881974
0.0556411355713994 0.0345495523366337 0.20218541770655 0.2417337814616 0.137533208344543 0.0777286281528437 0.250628276426431
0.171980029839364 0.0707990077148105 0.180181042496605 0.17862207958943 0.141976633422837 0.0965859652346333 0.15985524170232
0.0728181196393782 0.161139721971846 0.0623809853146999 0.20155071296313 0.176512076639164 0.175921015054651 0.149677368417132
0.146550341477426 0.158819887372524 0.207665432873634 0.0740299900102654 0.202992725967558 0.173111355641609 0.0368302666569857
0.147722169952163 0.246257416511854 0.0105432176172463 0.246987560212196 0.256565566283163 0.0777440596012385 0.0141800098221389
0.0111010356683373 0.293986642724975 0.0473945602557656 0.0620892662466753 0.238210891334048 0.160782447913197 0.186435155857001
0.328377419947866 0.118760735019566 0.122273938049392 0.171977374564219 0.113047587762868 0.0511916303324005 0.0943713143236878
0.0724645079952602 0.254178667907606 0.0622743600097448 0.0614785772713359 0.246246498906741 0.100908826746868 0.202448561162445
0.117923684933586 0.168479608560063 0.250850078474268 0.144365951299946 0.0710314137501349 0.0192549559802238 0.228094307001778
0.159345868738285 0.127258949487359 0.0552981862715987 0.153339179823525 0.0911981249283857 0.208080314869612 0.205479375881234
0.0255755675163565 0.0306736065272284 0.181636202074376 0.166969625927229 0.275781758882073 0.0768545559671007 0.242508683105636
0.193230864664401 0.165902011097151 0.115261600939336 0.183958104754618 0.191453157503137 0.0334401820538702 0.116754078987486
0.217856351402407 0.104194115014033 0.0235220913058089 0.216948364844624 0.0188364015909308 0.293163486644008 0.125479189198188
0.18576297156976 0.107083626949895 0.202234017960586 0.0749714990349014 0.151133193482943 0.131598729915094 0.147215961086821
0.00812842599482069 0.367285113647166 0.0111902337309589 0.0612248145217317 0.0232504368634785 0.297920507272778 0.231000467969066
0.0214109819202132 0.059993357253913 0.0881329002919149 0.0087694551489298 0.485598434904745 0.229994345143448 0.106100525336836
0.250294669157471 0.26693324926416 0.237970842542125 0.114929271106179 0.039247356452986 0.0376742964615215 0.0529503150155568
0.172160014719528 0.0860386339270444 0.102846174535499 0.215425793766287 0.0498582557564969 0.0936850944789268 0.279986032816218
0.232222093357 0.0807891899567125 0.0916807879158373 0.246742218540827 0.171899090094918 0.109389940027151 0.0672766801075545
0.100180167032091 0.274800621018686 0.0374059590535645 0.0311681310327434 0.400771460640553 0.138336894893898 0.0173367663284654
0.151757673705617 0.136470777808798 0.145553438065556 0.163095390669676 0.125572491631441 0.159768429767867 0.117781798351045
0.163506317333172 0.215056834173489 0.0685822557870363 0.0148715708682583 0.18373587844483 0.117487485798487 0.236759657594727
0.253290893543649 0.168779781492652 0.0817836831382876 0.192855933428089 0.235261370612989 0.016759371130755 0.051268966653578
0.186471887106562 0.121775449845354 0.0112143576213045 0.210593007350561 0.185660727632608 0.111141079216255 0.173143491227355
0.0685640587362552 0.146677667004381 0.210883057398556 0.0972032771504954 0.219610696597667 0.078119156953993 0.178942086158652
0.141992924489368 0.191883068953344 0.0246669875403842 0.159463432399261 0.161023680836191 0.151744627106347 0.169225278675106
0.207140744848209 0.10465794933588 0.28195137551753 0.00227087442834248 0.110646752507838 0.0162645685895016 0.2770677347727
0.00809519644006135 0.233344524092986 0.0556765338940533 0.126177315088764 0.118524777271448 0.224834123750529 0.233347529462158
0.243747705103134 0.246479021689565 0.134200522352248 0.0603273354156574 0.158371714212155 0.104763553637922 0.0521101475893189
0.036342272704157 0.307185824777447 0.276685987590648 0.196280134018392 0.163826612414567 0.00632735613353775 0.0133518123612506
0.164734843135177 0.198843120215043 0.150337676708613 0.0142694123404895 0.209597977258074 0.170929166749839 0.0912878035927648
0.256588345542521 0.255598555590575 0.0696669820651889 0.0355442401777695 0.115136601077619 0.0977259071874681 0.169739368358859
0.176071615597234 0.19993098525336 0.0649220596314654 0.213165544961397 0.160448599820996 0.0403483440224769 0.14511285071307
0.147921173540029 0.117403124443644 0.227326031554943 0.183084928224378 0.165786178990501 0.00797358812329963 0.150504975123206
0.303710863606406 0.262873615322736 0.184626925651393 0.0635692737718644 0.12609424070899 0.0192366562396948 0.0398884246989165
0.0471577641460377 0.0847790705602081 0.26005630116637 0.211341655817168 0.152011111253172 0.173296363534577 0.0713577335224675
0.151649235273662 0.0082534452239418 0.157312002671651 0.136901052604337 0.233159338315305 0.125749272312742 0.186975653598361
0.149103422248785 0.339169862552493 0.0896342440469564 0.0576939161910261 0.200626820811344 0.0410628445933672 0.122708889556028
0.0576951912616817 0.126066523607834 0.0619108103268137 0.125663202666778 0.15013451883607 0.227088936942923 0.251440816357901
0.1609196397116 0.260342468854472 0.243308413734196 0.0166635117975046 0.173202056395211 0.118388524170879 0.027175385336139
0.0796873646162659 0.22870220158385 0.137544900989658 0.0755173012292507 0.135933470243383 0.157453321637721 0.185161439699871
0.228827860170142 0.294817691884311 0.0366805989390114 0.0247393063014961 0.282860521453532 0.105258342314403 0.0268156789371041
0.0959960739519148 0.34176806781477 0.0802062889063057 0.225719570297389 0.0109620021414007 0.232859871860414 0.0124881250278067
0.177913070155948 0.073378773146047 0.211889176815386 0.10465560961882 0.27292884927604 0.00188741140338695 0.157347109584372
0.0766186020398841 0.270274476925671 0.344431885769638 0.0641045443400435 0.0896367669289926 0.0319100674499506 0.123023656545821
0.297093166490763 0.185629229543153 0.0672119439773674 0.0240436924208554 0.124481289731757 0.127000908873655 0.17453976896245
0.211402899042647 0.191296595787579 0.0735735460119919 0.0897685459863294 0.0153318063098453 0.102832582767566 0.315794024094042
0.177912857332973 0.115911983310807 0.226666771247538 0.0460265864465545 0.0492577333539319 0.232686070154293 0.151537998153903
0.105877451708029 0.324045747294205 0.208211625637432 0.212334729868518 0.0495649520802878 0.00167178405926761 0.0982937093522601
0.318714609399507 0.180939952771328 0.02811724252366 0.207641741736638 0.0333233578086301 0.0433538400815141 0.187909255678722
0.239543890989988 0.11402923672077 0.15748382797745 0.188606953378605 0.00806785169651475 0.152960990422213 0.13930724881446
0.0810060934732025 0.146826626236859 0.172566126084501 0.1948247230649 0.17081525057794 0.0829595193272677 0.15100166123533
0.1608415857695 0.254368384532411 0.176723554988305 0.0572083328335997 0.0846456798199869 0.19821946164282 0.0679930004133777
0.20029187775348 0.235341011750271 0.0929581274729739 0.0832262814779077 0.0100194436446863 0.121458887868052 0.25670437003263
0.170338314232968 0.182503398081804 0.152421263161543 0.20189253063512 0.196861550818973 0.0806481888447111 0.0153347542248812
0.246713236542503 0.127756248007924 0.129501694555054 0.263269243936812 0.0519438789441864 0.00290802625924592 0.177907671754275
0.185317793982538 0.109113909509735 0.216357237793141 0.0160723331899375 0.0237084643936897 0.260232158439396 0.189198102691562
0.0279201958729206 0.28930176091273 0.0323367048873552 0.265951371216575 0.036701151848325 0.0324198330402194 0.315368982221875
0.189262114085383 0.18274849511091 0.0922434069909369 0.104332822720771 0.136331710939561 0.211753745445256 0.0833277047071808
0.161236413191688 0.139295172461927 0.178270184654756 0.0433213132883503 0.151512160786994 0.153412248228619 0.172952507387666
0.139490117031473 0.227434582898068 0.235659400933097 0.182254545548598 0.094276019589993 0.0677651847477364 0.0531201492510341
0.29246297145921 0.216937450573439 0.0950717607231022 0.0415905094024228 0.166513874379495 0.0121254430876174 0.175297990374715
0.165742130469643 0.106146139131869 0.238365327252094 0.169167910981032 0.0880885273965689 0.139045038010437 0.093444926758356
0.204349364257159 0.0822321220207081 0.193103285319246 0.183098943201733 0.0562552837331349 0.19338785379656 0.0875731476714596
0.0335397708846065 0.264006380439838 0.225428618576708 0.0923798658183877 0.0501486951054948 0.0233981020390394 0.311098567135926
0.0853867850734991 0.275289418986843 0.0614839923792962 0.150992794406528 0.183862082998418 0.0462489658718146 0.196735960283601
0.164259339029383 0.146439208819707 0.0290852021625425 0.242920227334513 0.280627625383994 0.0383823741439919 0.0982860231258684
0.0689549940523329 0.0964390733683952 0.21101784032095 0.187970176827061 0.0968728274937695 0.161433972350319 0.177311115587172
