0.119313901168598 0.142294468396231 0.114641926226254 0.181739575352168 0.0629563490492226 0.0182568333580178 0.181818770691708 0.1789781757578
0.0142653196128846 0.183354425375725 0.142508829096784 0.204265448789741 0.136814117305449 0.157290631580477 0.065385569651253 0.0961156585876872
0.136050728376054 0.196659905123076 0.0568084868528156 0.068885448471539 0.213101205375047 0.0278963249119758 0.198215398701042 0.102382502188451
0.0113010793210395 0.109408620080411 0.178925487312434 0.159005349328489 0.0102087600594587 0.00465111720364192 0.272611624213289 0.253887962481237
0.229181159809987 0.0872846828841915 0.125395255253717 0.113950291061913 0.144231871223924 0.0718760841226016 0.0348098631548659 0.1932707924888
0.13198652043192 0.231128589592881 0.11639962136015 0.113883828912359 0.176342745125904 0.016791225743298 0.0586042314214451 0.154863237412044
0.0338192851514073 0.176005008804294 0.0114848528859223 0.148907949851512 0.202604892818379 0.112752220154067 0.115173383392066 0.199252406942353
0.119900012904422 0.123191758820374 0.148620605047846 0.0892987867450223 0.195050377687705 0.12576624580227 0.195643719763682 0.00252849322867768
0.0332205221769334 0.0686961849794381 0.097966520978996 0.137813643162039 0.214903222008163 0.180420145893872 0.207399334568261 0.0595804262322982
0.155060545419631 0.0813378356547963 0.161184544960597 0.108844727844498 0.0660003959272255 0.170071607435061 0.11269377550373 0.144806567254461
0.167371693096634 0.109035648353487 0.0879460355048425 0.14674087811164 0.0794331370627056 0.165173426221624 0.12091913687464 0.123380044774426
0.136946837314942 0.0897238702038624 0.168724989761622 0.092935794738173 0.16020328306621 0.182738331493682 0.0746973424608892 0.0940295509606187
0.17739323219379 0.220933992531492 0.173180628133405 0.00919282820772442 0.077943494839566 0.0927440267470792 0.0411104306945911 0.207501366652352
0.0142956813762931 0.245007235506303 0.159480922241104 0.125615017259777 0.252617485933184 0.10022273285005 0.0691844902439977 0.0335764345892921
0.0533937496728302 0.112542196845156 0.151691083066665 0.213011861350761 0.190269902785957 0.163741253095885 0.0300061517680051 0.085343801414741
0.206954439194305 0.0150933891529015 0.0505403140693215 0.0101854255883553 0.143351322157132 0.291395586736417 0.20963751644371 0.0728420066578585
0.140905618848087 0.256893980870215 0.0929051698834232 0.156308354243901 0.0649352537754444 0.186119318514419 0.0255178770049122 0.0764144268595991
0.0905157396248363 0.169996988236458 0.211991305521295 0.149566471062531 0.0581321711615907 0.117195389777049 0.0370871342709312 0.165514800345309
0.113342654335734 0.0186003222410615 0.392675330289845 0.0930614277719558 0.0969872787629509 0.113270344050105 0.0276977309371279 0.14436491161122
0.045005126669777 0.127502558434844 0.139003141417673 0.115322626949044 0.131020131882802 0.149512140609492 0.130568464302774 0.162065809733593
0.290719399618932 0.0133557419838698 0.0301984295819429 0.179334259188682 0.278393078283459 0.0116078207906893 0.056452000164713 0.139939270387711
0.0913051864576674 0.213036762812784 0.149749363705129 0.0491930665526576 0.108036659168538 0.217727254164663 0.0371984924064899 0.133753214732071
0.00760846788345668 0.0249359897347398 0.329039917826429 0.039685807348737 0.149684466039098 0.0473812823001598 0.202527204891471 0.199136863975909
0.236307894263825 0.0858524560141399 0.152597704185285 0.0975283443281673 0.0420569522286241 0.192243606370356 0.140549982755063 0.0528630598545394
0.116909004391137 0.175676385981537 0.133655660569353 0.0504719491202049 0.112476550223545 0.185840107792511 0.0411981452725534 0.183772196649159
0.227038061343949 0.210434039406226 0.0417244290170001 0.208887279169523 0.0588016915584807 0.0545316536396124 0.0618366921299764 0.136746153735233
0.204841549763988 0.249817407260173 0.0570073743535631 0.143413622355856 0.0342493461031701 0.148291052636863 0.0655760638808521 0.0968035836455353
0.25581490341626 0.0582114057658475 0.153734179263595 0.113969983411503 0.0740932419341654 0.131775684904415 0.144024921092284 0.0683756802119306
0.171375548918231 0.204153161679045 0.0632712155863994 0.153252756488695 0.0420525737390383 0.203223657156077 0.0433860935204888 0.119284992912025
0.277988869825847 0.0922995406629419 0.139424810014093 0.0516161013932052 0.00342792743852872 0.187815359543564 0.166204621214057 0.0812227699077639
0.250626534622315 0.0783302442472118 0.0931623351425651 0.102535790671872 0.177189834843073 0.0251808673135504 0.0162110760874608 0.256763317071952
0.13098121602491 0.157417045452166 0.126821418951779 0.029159561075243 0.273346745683154 0.180842987547891 0.0956194186273401 0.0058116066375157
0.235853588012185 0.0414462771101043 0.223316537897162 0.0860489439949177 0.123629627847047 0.104347979356528 0.0964669347692731 0.0888901110127824
0.11708071050584 0.0643667328030284 0.150121344040751 0.089381789092297 0.116813116501317 0.226839036318675 0.0306357849426476 0.204761485795444
0.0804412475591433 0.214335960579452 0.167672322708387 0.222961618850852 0.125233295474988 0.0700838915735627 0.0985292280154381 0.0207424352381766
0.151449373713091 0.0392710596962093 0.141303129821407 0.232817123403359 0.181048396757009 0.146941678873782 0.0338317322917623 0.0733375054433801
0.0850047371239606 0.153162257651123 0.0389800260835011 0.240616103135953 0.0427765040457744 0.108412558204319 0.148740350904372 0.182307462850997
0.151908986730497 0.243526417033814 0.0350156902075408 0.117334372080358 0.244817360140349 0.0297580134842521 0.165541836938955 0.0120973233842339
0.0572129431190362 0.0888846365112311 0.16266149055498 0.0940403730390178 0.209204972165269 0.139856497414895 0.0731422359807577 0.174996851214814
0.0248050697151487 0.0316615590414209 0.0698424530844133 0.254098482851406 0.173740483012512 0.0809387921238602 0.129622786596527 0.235290373574712
0.126523556412585 0.0952399007500606 0.00117846295483783 0.24299539751847 0.232690616471203 0.104422241773817 0.112491155104761 0.0844586690142657
0.00534630349984353 0.141446241526865 0.23016358906039 0.282757677660333 0.0572619892781283 0.00490993841164477 0.129969601975292 0.148144658587504
0.31787870887409 0.295095701744251 0.0247437803611259 0.00134355269925179 0.104150912344672 0.0658431315652461 0.177760937546679 0.0131832748646837
0.0512815578874271 0.242016441841019 0.100125417881739 0.0196699233432411 0.119156160568277 0.137544789427867 0.12609540078967 0.20411030826076
0.17211017810678 0.0933291765375538 0.145500507587643 0.181589165160756 0.144369054455142 0.0732399887178844 0.00208959857334251 0.187772330860898
0.05234998753853 0.120985967522988 0.023676605494446 0.0667038055435878 0.142533486440323 0.117554533150714 0.172600381554072 0.303595232755339
0.0123124646646968 0.152382752413611 0.128570264413844 0.0963867548482592 0.0532280784834355 0.217350507810356 0.152006751267228 0.187762426098569
0.124518286196092 0.04141268862542 0.233396796268976 0.0347768367615305 0.0343510646480044 0.170146318250256 0.153762335955102 0.207635673294618
0.0138595286590362 0.139370034482461 0.111167084096553 0.0613689345297967 0.0034258773243202 0.26858514787293 0.254290691561254 0.147932701473649
0.164500386324651 0.163430079969978 0.164362630686819 0.0579760060517772 0.051369984430147 0.15330636112753 0.0895915389346624 0.155463012474436
0.0732207010867308 0.205185751425123 0.178412631379023 0.196970283550482 0.0321451153167654 0.166242316189683 0.0830841599006598 0.0647390411515317
0.12216068269444 0.186299506320256 0.0769419842948184 0.188525675501325 0.131103796542743 0.157816730452786 0.0377506226739611 0.0994010015196705
0.127391303005852 0.0421743390795609 0.132241341900529 0.191911158074707 0.133075448545623 0.206801636242972 0.0136276015457126 0.152777171605043
0.258553121660744 0.0365310813500892 0.0376318365797986 0.115355636543092 0.135809862553008 0.251708219893729 0.0385961935183587 0.12581404790118
0.140244712444556 0.0773245206065525 0.126441328648466 0.217875185324384 0.177368448287001 0.0535888008563363 0.19982334929571 0.00733365453699429
0.0159275341119122 0.2211090232438 0.0234233383906899 0.161353772828977 0.0716990748783993 0.182551228660535 0.156959018819444 0.166977009066243
0.149306083100686 0.278412703899464 0.0823951406242464 0.22852763212708 0.000172904180453205 0.0645327243220475 0.174783781397967 0.0218690303480563
0.144611594610568 0.0776478226048478 0.171585658423823 0.165275984854536 0.195268449094554 0.0284524800059215 0.161981598289577 0.055176412116173
0.288145192954672 0.107377124199631 0.0506993134677279 0.05391536978534 0.0990540560616513 0.119394882801898 0.00355803102978604 0.277856029699294
0.098494453018756 0.243989026662837 0.0675247315050597 0.229048847217925 0.0861715058267761 0.167122437912609 0.0531635251663725 0.0544854726896656
0.0257092085015924 0.0712156070507937 0.0589551854410629 0.119547437479572 0.212873763366533 0.0902616732720963 0.204707980885789 0.216729144002561
0.175225694223256 0.192671448525576 0.140288901779248 0.184667179780038 0.00918699371697375 0.0846216802157263 0.190361911210457 0.0229761905487258
0.279861479086275 0.127151959550937 0.0439264617756604 0.146131185316684 0.119927679023976 0.0742392563909203 0.2008726833178 0.00788929553774623
0.130240050840671 0.168572010111593 0.0334665353735334 0.031164120342951 0.156997754314511 0.250386016743385 0.185062100522204 0.0441114117511518
0.0926688355546349 0.180170417929606 0.00971189824011102 0.090511526250526 0.120047219766897 0.177140359482539 0.196048208786539 0.133701533989146
0.181564086499776 0.214974655323109 0.0279156779947053 0.181255993928821 0.0655825260912871 0.0856201719873343 0.186329870192009 0.0567570179829576
0.156820045278224 0.152064950290493 0.0336816936842007 0.145383884988203 0.155267741187277 0.0470884391354681 0.135114937061114 0.174578308375019
0.255101584034458 0.229857888904842 0.0573155189074103 0.0496651252855421 0.00304197940430356 0.0208868624556187 0.129666250371717 0.254464790636108
0.121148421750642 0.280635623952001 0.137325323907178 0.13112638009092 0.0461483385264026 0.00198961898480595 0.068838746338558 0.212787546449493
0.145211527909937 0.188652910490049 0.188932843875436 0.0858932666336737 0.00939812152882741 0.17452319057986 0.0820586478403113 0.125329491141906
0.0298416547993472 0.0542524953560158 0.0258659687138192 0.245840997056262 0.176499197101054 0.277961437910942 0.0733989780859173 0.116339270976642
0.20599776124075 0.0925525759434091 0.032593494173191 0.235316694018753 0.0110250452578352 0.205296240264582 0.125790493840986 0.0914276952604935
0.196307109132395 0.175809695124352 0.0819731607449156 0.0612634645988852 0.0499435175276701 0.198199267407659 0.024578830578841 0.211924954885282
0.281749345375558 0.100256101252292 0.244336401442581 0.158207386862395 0.00582950443083386 0.0986773360194286 0.0418825605590307 0.0690613640578805
0.225672427145032 0.18771633106154 0.182474172751272 0.203741482759616 0.0414348758039121 0.006057560727692 0.107117404942995 0.0457857448079412
0.0218058570034542 0.155716736128682 0.0683133558103393 0.145908989154025 0.0215661311798397 0.443529140187707 0.0362587441115966 0.106901046424357
0.160086021710788 0.166394439346874 0.0848498954279953 0.113609464016337 0.140415232615547 0.15241093427413 0.177304332409781 0.00492968019854822
0.172527996492152 0.177916601784564 0.0725513806594135 0.0330988112577767 0.0285569021978638 0.186560406171867 0.185517287137581 0.143270614298783
0.200619615924088 0.0237717121700313 0.143074097073215 0.188274132022038 0.111986107208067 0.0828979571536402 0.147463534747313 0.101912843701607
0.239737166520345 0.244187891084542 0.148481819198076 0.0261324860982797 0.0877666910361447 0.0651826656677517 0.167733692811257 0.0207775875836042
0.0410448515109149 0.178417183095789 0.00743457595792933 0.042031839204408 0.160143562687653 0.244308860783201 0.225153407896679 0.101465718863425
0.232052823275386 0.0676926840511252 0.0898416546482032 0.0159647590518736 0.222942811009485 0.0733916071289982 0.114617932532908 0.183495728302021
0.118649884345375 0.0932676566287474 0.289903436486949 0.0369924447397532 0.2181683096046 0.133825078307081 0.0859006215778475 0.0232925683096473
0.092480202396032 0.185171420261448 0.167536718629044 0.0864092794126775 0.0676863486936037 0.169084952880641 0.110472132495346 0.121158945231207
0.0442500604504469 0.244134897847818 0.0931757648494444 0.0618395718822284 0.0542271711627029 0.314480504538664 0.105918672549425 0.0819733567192695
0.116374531824321 0.153144979776326 0.159065945864376 0.219426238887166 0.166337398487107 0.0209660523176172 0.0389381022506496 0.125746750592438
0.203621521735789 0.164342957101685 0.00564725120031055 0.337440509037818 0.182545955256634 0.0554416968110553 0.0285816842783493 0.0223784245783582
0.00801660236056366 0.0459969354983138 0.136722097344099 0.0664508079832358 0.131287431749082 0.306964421285234 0.130695051789919 0.173866651989554
0.213032738082197 0.124065989199184 0.0530782629826904 0.00521163066945917 0.0634595940636705 0.168828824913343 0.166137856408348 0.206185103681108
0.0754111095116762 0.104003961740936 0.0174307825901873 0.189644923895065 0.154715834418496 0.172004945307133 0.100057096662574 0.186731345873934
0.0918227575469499 0.156160621433523 0.184017060815255 0.170107706245753 0.111519816261286 0.164383175348664 0.0348465034407215 0.0871423589078476
0.199544397182462 0.152375000694966 0.197196822766535 0.088593953760278 0.104513800700043 0.0559722312640457 0.076788776637329 0.125015016994342
0.0207569451687708 0.140898486494162 0.105888524412741 0.180460793282687 0.0618969029582255 0.261159712033078 0.114394895080682 0.114543740569654
0.220844824418148 0.121685574059122 0.0389644944158382 0.235447636938341 0.251626251873853 0.0424449808213028 0.00213849637448484 0.0868477410989102
0.0980797636408222 0.1375754210215 0.0663064091072135 0.184049484966375 0.223756387438298 0.0538099070232471 0.041385904925036 0.195036721877508
0.0259101983316308 0.195586532972314 0.209011076017842 0.0466721717591823 0.197919219919412 0.0564098796966985 0.165506018870783 0.102984902432138
0.0403881149727802 0.15097366156797 0.15704169088295 0.155171583352568 0.0551967088536958 0.170128610593574 0.117262924408226 0.153836705368237
0.0713533268029674 0.211734772127183 0.0343602205265579 0.183863313820778 0.155160688661425 0.20822411308005 0.0297594122100956 0.105544152770944
0.0462891811553246 0.146034879349742 0.234521686152625 0.0798543600691131 0.106361597129693 0.0606239302943882 0.136843905139236 0.189470460709879
0.15586221036856 0.187492901409581 0.0546304231657918 0.0668683199592981 0.195612424805043 0.215661343130928 0.101783532449223 0.0220888447115755
