0.334254607499009 0.0699752668107118 0.355319238127917 0.240450887562362
0.32030036207795 0.333098535259437 0.192737119593485 0.153863983069128
0.1634505196685 0.598992459550288 0.217255499909873 0.0203015208713392
0.338844312006107 0.390929021990093 0.164853791244286 0.105372874759515
0.224580244995977 0.0957905522817511 0.360637493972082 0.31899170875019
0.327279626995243 0.241170927634651 0.271301800644544 0.160247644725562
0.373420399521761 0.283078243869047 0.245667028654712 0.0978343279544794
0.443291232364355 0.441554032278972 0.087371910165961 0.0277828251907124
0.233554441713391 0.0310025914262594 0.138707316815035 0.596735650045315
0.240839727563821 0.016812085155751 0.523468088733055 0.218880098547373
0.0189414491975457 0.0655390677993865 0.34008088080329 0.575438602199778
0.0595833059538858 0.199410696798211 0.196666354196671 0.544339643051233
0.377862843632349 0.230733036592358 0.121311000732389 0.270093119042904
0.418288399641836 0.07907042404393 0.245604122401637 0.257037053912597
0.259769192644844 0.0798520427558273 0.320541249942396 0.339837514656933
0.295105297964886 0.273896990213245 0.155085551178256 0.275912160643613
0.23515609875397 0.47825822441586 0.0645318976337639 0.222053779196406
0.111476986516371 0.402934532794329 0.102138643872587 0.383449836816713
0.189267208100934 0.354644854780923 0.157353371220178 0.298734565897964
0.275174958686643 0.160567117963601 0.110851595388833 0.453406327960923
0.021372343334342 0.0237480543719069 0.172394499772143 0.782485102521608
0.303088378202649 0.279608110472508 0.167074157048503 0.25022935427634
0.170074385936052 0.222209594910392 0.259798150542 0.347917868611557
0.11748502409882 0.525855666385172 0.189698434309912 0.166960875206096
0.206575780363425 0.249465908861823 0.216038096132832 0.32792021464192
0.144701066311771 0.392905727483924 0.166804278381753 0.295588927822552
0.264849633900259 0.347743494254245 0.041900497496675 0.345506374348821
0.141112186986267 0.19511689489629 0.326485205538265 0.337285712579178
0.0443360721017689 0.133826766501778 0.529598960613034 0.292238200783419
0.291628008733549 0.35412871491281 0.105407297604875 0.248835978748766
0.198080385397369 0.358720827534352 0.120252529145417 0.322946257922862
0.242722967999926 0.123460072063183 0.308828337938924 0.324988621997967
0.232664360637445 0.203027767773415 0.28927871222307 0.27502915936607
0.328054254497421 0.31967177155759 0.314580369834095 0.0376936041108938
0.307305203983693 0.395100930886613 0.249177005057179 0.0484168600725153
0.1688577042638 0.172072367093067 0.317605338474657 0.341464590168476
0.423604820250087 0.0724669845123522 0.283332841895707 0.220595353341854
0.266121728643721 0.242747843868484 0.224079665099521 0.267050762388275
0.179788288643559 0.280592574583883 0.309155095407736 0.230464041364822
0.332031404936593 0.199565325608539 0.0588284847255454 0.409574784729323
0.142436015597972 0.328518910919506 0.247072028704595 0.281973044777927
0.104335715495773 0.330256497898323 0.222551614180124 0.342856172425781
0.21965007195533 0.281554198358618 0.203061147338024 0.295734582348028
0.324517708218463 0.410789055997723 0.0690757620951744 0.195617473688639
0.0396482854586175 0.389239968177975 0.221743883611619 0.349367862751788
0.216227892721391 0.305440081511219 0.0782436720574344 0.400088353709956
0.279598073175594 0.402436277736139 0.0283863228455338 0.289579326242733
0.252487905884892 0.0361939650421176 0.576414005724189 0.134904123348801
0.193760108511884 0.0407243498241123 0.734515133380627 0.0310004082833775
0.447676826225799 0.0828368060813225 0.0977409078457342 0.371745459847144
0.281071409816468 0.247288174912555 0.37125943589406 0.100380979376918
0.341726732044886 0.067506084844452 0.322433701865614 0.268333481245048
0.380870789401188 0.255228405514245 0.0649626533260277 0.298938151758539
0.095064260674015 0.205260719954629 0.259437655254843 0.440237364116513
0.152343601468546 0.308931262417425 0.329091951400079 0.209633184713949
0.0167437990122811 0.341700142622152 0.226550935126977 0.41500512323859
0.339973835178748 0.0991274993508073 0.459084576393331 0.101814089077114
0.0693470187483403 0.0194059485719284 0.147841636563649 0.763405396116082
0.15487452578737 0.364930945066518 0.259340983895456 0.220853545250656
0.568758097176644 0.281256915132585 0.0762233065712275 0.0737616811195435
0.0672576969766092 0.350488146608539 0.173072266939333 0.409181889475519
0.431763701664317 0.132925889081856 0.101998613905704 0.333311795348123
0.259865961007305 0.3974068984076 0.308693184916685 0.03403395566841
0.162155459347751 0.27908819538304 0.314930158493381 0.243826186775828
0.0633766460327535 0.345577968390514 0.369123820788885 0.221921564787848
0.339518234811041 0.236000594834258 0.120946251935858 0.303534918418844
0.416504354299046 0.414418223708511 0.0203658482221245 0.148711573770319
0.0831197232739625 0.157948377764123 0.105536449225966 0.653395449735949
0.120126363006963 0.394959776004557 0.286550265500201 0.19836359548828
0.225073667860218 0.33647224220459 0.337668050655771 0.100786039279421
0.142432006099655 0.379421801612725 0.402606435125035 0.0755397571625851
0.264323874082514 0.210686698147048 0.414189810979432 0.110799616791006
0.205190313883253 0.078337383304461 0.386780450843356 0.32969185196893
0.228872221497236 0.1686601494529 0.0128369060393641 0.5896307230105
0.0914753128831714 0.440601031610528 0.37339414448477 0.0945295110215315
0.252537033438189 0.182423706854874 0.401875529335066 0.16316373037187
0.349091300416209 0.243269493985904 0.185121518470969 0.222517687126918
0.477104671877807 0.232636311047667 0.0785898979702797 0.211669119104245
0.295649389735932 0.324796858497255 0.17530132872681 0.204252423040003
0.413479279149746 0.179181221284026 0.184261948108591 0.223077551457637
0.152019363554677 0.306509524618711 0.264110164543948 0.277360947282664
0.302115462555243 0.13602668131108 0.422888291778853 0.138969564354824
0.147814619848919 0.299648783064512 0.240825754760047 0.311710842326523
0.135664551978937 0.193477912966825 0.338673961914873 0.332183573139366
0.654517842531454 0.217315098307125 0.0552619638198019 0.0729050953416183
0.324437141168189 0.0144305474730099 0.453881408305931 0.207250903052871
0.190035503510887 0.043908663948525 0.52465462657568 0.241401205964908
0.43315653335027 0.0140605016791771 0.112498069245696 0.440284895724857
0.118058742639258 0.196544450147724 0.512661156574934 0.172735650638084
0.267090503001145 0.184322386236137 0.267875291430256 0.280711819332462
0.290638868143084 0.30351547124097 0.390188208794805 0.0156574518211406
0.0706261672014196 0.417257024522054 0.203829599722467 0.308287208554059
0.00192336944917257 0.311462766198817 0.0466380618326573 0.639975802519353
0.365052484800848 0.364825886028671 0.0321834495577831 0.237938179612698
0.405462672471324 0.0723215071022555 0.167491606472778 0.354724213953643
0.335418119741013 0.214492757046303 0.227058574625395 0.22303054858729
0.279751083406522 0.256015761045306 0.0547868011586593 0.409446354389513
0.249727349452222 0.32020517374305 0.186210027064558 0.243857449740171
0.410618703852127 0.126828832104967 0.247078946850459 0.215473517192447
0.0262859479601004 0.461052534160119 0.286934473722894 0.225727044156887
0.0772372489220556 0.3698579900384 0.337806976667243 0.215097784372301
0.0907045640594473 0.302971296062693 0.262078338164997 0.344245801712863
0.200060951029919 0.335744615802956 0.0896669736487252 0.3745274595184
0.0287984170906226 0.0814566339112978 0.502506130530778 0.387238818467302
0.375133959766603 0.230294019107689 0.158108031971005 0.236463989154704
0.304065159579849 0.152710974575775 0.153737931994641 0.389485933849736
0.532312763198596 0.122770813563695 0.237569677235987 0.107346746001723
0.384073705531984 0.374070307862826 0.226108821152448 0.0157471654527421
0.156126014879532 0.216604224184929 0.342305571827538 0.284964189108001
0.46217206594504 0.0268200849870409 0.300712404818936 0.210295444248983
0.210692092065912 0.0135305453951099 0.270971503918725 0.504805858620253
0.33743840147692 0.179578623852595 0.450220375428421 0.0327625992420633
0.278662748832481 0.153623628844722 0.309194965459875 0.258518656862922
0.171474052949659 0.434581555035256 0.0844050759629115 0.309539316052174
0.463474868657747 0.372163841401794 0.11359806894212 0.0507632209983388
0.222975718959976 0.282706514974596 0.279883569858703 0.214434196206725
0.217260821876631 0.239892624995199 0.264174854952115 0.278671698176055
0.348759974607878 0.107424177553568 0.53843947500796 0.0053763728305951
0.289587082912562 0.123640416174145 0.242017744006642 0.344754756906651
0.149884409751034 0.13879687246003 0.417012727175822 0.294305990613114
0.0323550422647431 0.121442611325803 0.47526822065807 0.370934125751384
0.220236604575433 0.227735037939815 0.111355265262379 0.440673092222372
0.0816667807429715 0.137790002398601 0.515498854989887 0.26504436186854
0.0985010215011186 0.422905492890368 0.331940799866644 0.146652685741869
0.236072305600354 0.366859153433222 0.0006057254188018 0.396462815547622
0.0452555153125924 0.299800520261025 0.582674530647992 0.0722694337783906
0.251239998781552 0.0392304326269992 0.270865977668247 0.438663590923201
0.321404224753631 0.150923711819771 0.471863371027736 0.0558086923988631
0.182392154444424 0.0346241876714876 0.0286819769851161 0.754301680898972
0.306330257856748 0.104466364747917 0.188514624304793 0.400688753090541
0.181192832723825 0.0697238981935075 0.494637173923999 0.254446095158669
0.256015451249041 0.386096082633618 0.0350823691133507 0.32280609700399
0.347885202532617 0.166869388638784 0.237871210954611 0.247374197873988
0.143970905872744 0.355470162828973 0.341536286052573 0.15902264524571
0.344799708304528 0.122757938337971 0.463176048418841 0.0692663049386599
0.261729022262041 0.169142346033983 0.258869963368584 0.310258668335393
0.190028621342841 0.222976069160956 0.312228764092931 0.274766545403272
0.257042003122149 0.368773758591666 0.281151212854463 0.0930330254317227
0.25333050904045 0.389369976894473 0.254316288965942 0.102983225099134
0.398734835299965 0.32679256611169 0.00991088450302355 0.264561714085321
0.373481832430003 0.114832214356081 0.281082803810129 0.230603149403788
0.585083974443272 0.164020699717531 0.00957372561262152 0.241321600226575
0.220027632691171 0.235022339791681 0.204660656240833 0.340289371276316
0.156439486626679 0.431738274096834 0.136014837869658 0.275807401406828
0.380329385097 0.336521880803519 0.245014577431772 0.038134156667709
0.0858392203341545 0.363402691939535 0.485701849001714 0.065056238724597
0.181514691334664 0.11605541259965 0.142211908464962 0.560217987600724
0.330304269684135 0.208419390045755 0.0742275978998727 0.387048742370237
0.000713712805456842 0.309624000406117 0.307507139282947 0.382155147505479
0.274709915213431 0.174084099147424 0.461369311494106 0.0898366741450394
0.265336916739209 0.410796513012567 0.238507272687443 0.0853592975607811
0.208984154759283 0.427670474758623 0.355823738842825 0.00752163163926877
0.29163916813686 0.0196738223353053 0.438006600356655 0.25068040917118
0.301680670422016 0.235318587412691 0.173135588764778 0.289865153400515
0.494665751280991 0.273872962868907 0.006427043121573 0.225034242728529
0.241484244301761 0.317341489913115 0.11936888811112 0.321805377674004
0.298732989563994 0.297811703557926 0.120835901189356 0.282619405688724
0.377545159645629 0.136549283665769 0.103601688629531 0.382303868059071
0.0753502757026876 0.445547955824609 0.0458964729387179 0.433205295533985
0.0465066897202185 0.470815344961961 0.139286265600264 0.343391699717556
0.394449484131843 0.160324378002031 0.421367816623884 0.0238583212422424
0.341236774010176 0.418015165230976 0.0339094756402134 0.206838585118635
0.334925235395906 0.571448336217893 0.0635931220346744 0.0300333063515272
0.208217230130276 0.373816985377707 0.327928157520431 0.0900376269715858
0.220709315472594 0.329973189786246 0.357933358742302 0.0913841359988575
0.0373287121928211 0.290905206924952 0.402500953203133 0.269265127679094
0.536244751509393 0.227338354326901 0.0859601112201608 0.150456782943545
0.257629361089581 0.219927193880514 0.300411583464028 0.222031861565878
0.0626087849185111 0.455532213380913 0.0670858526634218 0.414773149037154
0.236365464070214 0.178786403242682 0.242218319634573 0.342629813052531
0.0739675669758623 0.421117131820744 0.171668485082904 0.33324681612049
0.162838199599237 0.359970263968139 0.235031141910157 0.242160394522468
0.240305199766291 0.278011530166585 0.25383182879486 0.227851441272264
0.33222576933419 0.175749920306952 0.335092581951585 0.156931728407274
0.23569607432774 0.323627513313486 0.248919232019171 0.191757180339603
0.155400390535077 0.487644279911701 0.211707119221745 0.145248210331477
0.158511538623746 0.285235484109115 0.540311119391179 0.0159418578759586
0.277602731789269 0.0381061729647583 0.224096366103055 0.460194729142918
0.0742202014874101 0.315447151488963 0.281046261589158 0.329286385434469
0.385240399039602 0.267072336073115 0.0271451347644243 0.320542130122859
0.285085163219995 0.381270065917832 0.0921007102707238 0.241544060591448
0.465160032150993 0.0854713509364093 0.378653247372361 0.0707153695402363
0.281185281698307 0.223472038245937 0.198669714763388 0.296672965292368
0.255891660875628 0.217645730986042 0.365387847102823 0.161074761035508
0.186817800440402 0.468841256935825 0.177448832004049 0.166892110619724
0.202933697913904 0.191236518581999 0.131476108549476 0.474353674954621
0.258579796652538 0.329286467256025 0.046716046043695 0.365417690047741
0.390522093352497 0.421885783250637 0.00646258720812327 0.181129536188743
0.0932398394480133 0.35737874853083 0.216401273550085 0.332980138471072
0.122820655165394 0.187992713193785 0.446992394747344 0.242194236893477
0.325954260369086 0.137328385598718 0.24907978614827 0.287637567883926
0.262292766328044 0.267657477991908 0.195036073885667 0.275013681794381
0.326320071908174 0.292530471493709 0.314027286503693 0.0671221700944242
0.0308518244121619 0.59667435136661 0.0653226098951258 0.307151214326103
0.158033347814177 0.691568556844682 0.0538615566820484 0.0965365386590928
0.346899206139623 0.329901748909417 0.202032990923115 0.121166054027845
0.0915625069252599 0.351609634982651 0.376798925396482 0.180028932695607
0.0883788350321987 0.369223649255383 0.350184916245911 0.192212599466507
0.271546551082838 0.0463009240510977 0.224582716443666 0.457569808422398
0.415812666954385 0.333929905639924 0.00154645967519156 0.2487109677305
0.506603797551963 0.204154640744197 0.0460283025277248 0.243213259176115
0.270911382368023 0.232466674169446 0.176019921427714 0.320602022034817
0.145865598432503 0.33183713498809 0.374815870034126 0.14748139654528
0.00760083891954182 0.244430436801181 0.103589645702277 0.644379078577
0.27667531511856 0.125778141465356 0.36601524563825 0.231531297777834
0.284266976666174 0.29191355724217 0.247333715934723 0.176485750156934
0.153467724330676 0.51734378506905 0.323988681742274 0.00519980885799997
0.132765758575081 0.343362245267542 0.416800233358831 0.107071762798546
0.189268353766109 0.185497820011415 0.323903463308406 0.30133036291407
0.12031290504395 0.49450469451091 0.137842356678929 0.247340043766211
0.361552229046255 0.349947767150364 0.0866184652148923 0.20188153858849
0.158874578608825 0.281106539178178 0.322138008750943 0.237880873462054
0.355799771664159 0.365665204804158 0.196759684812238 0.0817753387194441
0.187207719475851 0.264030475797264 0.491229825691781 0.0575319790351033
0.3355886923592 0.198955852377548 0.291913867279071 0.173541587984181
0.390814680302922 0.330193669762934 0.175050710699842 0.103940939234301
0.0108098400928361 0.220791400762466 0.22272866415713 0.545670094987567
0.162223607490353 0.593641796884065 0.0602566770222664 0.183877918603316
0.156449501644397 0.296825525501199 0.354226567546832 0.192498405307572
0.227718734498059 0.238983933948041 0.211126486111441 0.32217084544246
0.0251809460440397 0.124044380485919 0.410976211486635 0.439798461983407
0.120330599478798 0.583426327868526 0.094379617463451 0.201863455189225
0.332762498175668 0.0841962350730944 0.39281339955806 0.190227867193178
0.468438639689681 0.231753895398587 0.270742513286628 0.0290649516251039
0.426831972708384 0.131516099025346 0.00840972807144908 0.433242200194821
0.129323357763706 0.523818517750799 0.346604781127454 0.000253343358041852
0.620322563204824 0.121418205375479 0.171187215970311 0.0870720154493859
0.156318662129139 0.317480205827883 0.111447328477165 0.414753803565813
0.17892734441941 0.266122119704989 0.222270229881024 0.332680305994577
0.333838556208509 0.34169443621516 0.28745511672213 0.0370118908542007
0.360286754170758 0.358973174129267 0.0152861170728748 0.2654539546271
0.0475380068845017 0.587584626396157 0.111028091257023 0.253849275462319
0.0487431729288097 0.298323767716192 0.312234937581299 0.3406981217737
0.273339025139121 0.174491958523483 0.288225134496356 0.26394388184104
0.552489447141871 0.0234909699017047 0.0838815808297224 0.340138002126702
0.544635275289974 0.0823635994045536 0.283347723298581 0.0896534020068913
0.18649550781512 0.31080496099543 0.449536343958427 0.0531631872310238
0.55356256833835 0.0214504039788406 0.156676125281562 0.268310902401247
0.378357454893637 0.157983164043862 0.401668444642489 0.0619909364200113
0.332868262533774 0.121062934528494 0.203738884627128 0.342329918310604
0.246953424322764 0.480877851145991 0.0250632373330997 0.247105487198145
0.373330428722305 0.119631480918809 0.448596765290035 0.0584413250688514
0.434664767679253 0.202963616078056 0.235752175104903 0.126619441137788
0.471765170193191 0.400852973527632 0.0865791927899821 0.0408026634891952
0.100706148797592 0.139563286240548 0.615267029376088 0.144463535585772
0.220111453066992 0.137884446098325 0.318794406528895 0.323209694305787
0.264670271279682 0.0272458174046638 0.470837918838369 0.237245992477286
0.294420961149628 0.337481387241108 0.199111293491594 0.168986358117671
0.085839094130093 0.287745083339359 0.524758428958702 0.101657393571846
0.246216523626592 0.223969837041791 0.394964058115388 0.134849581216229
0.161115669605075 0.150812382553912 0.4973193930595 0.190752554781513
0.275107049392457 0.255665312130831 0.295481797127973 0.173745841348738
0.320149369728015 0.335361232660145 0.217161940830391 0.127327456781448
0.19968669050431 0.261218388359352 0.254354909163945 0.284740011972393
0.183096155695762 0.153948295672102 0.396105577833844 0.266849970798293
0.320160761699316 0.289748998823783 0.150177316365377 0.239912923111525
0.184137243931683 0.406942931138746 0.284114898702772 0.124804926226799
0.272436675912977 0.42533697343032 0.0764972309341747 0.225729119722528
0.147487598974336 0.687264225162767 0.13105229834746 0.0341958775154371
0.109752465589358 0.469695821657392 0.1644454761726 0.256106236580651
0.209828503041768 0.322587433399266 0.252624440308551 0.214959623250415
0.0325596898275486 0.517531938368919 0.270547638128853 0.17936073367468
0.506417000956954 0.252801294454487 0.117598902803185 0.123182801785374
0.281952885681619 0.322232852428159 0.134567764161024 0.261246497729198
0.0476543886331267 0.1996036820652 0.439247614374424 0.313494314927249
0.276273115493352 0.334804266418596 0.178145962457181 0.210776655630871
0.0191059615092745 0.216390522097597 0.302205231077304 0.462298285315824
0.676057193048466 0.160359144621176 0.0564646482402014 0.107119014090156
0.352256849595659 0.2848455323441 0.129531550815616 0.233366067244624
0.485318634373025 0.0392376041601415 0.400336865263469 0.0751068962033649
0.362552798138586 0.052924986184331 0.20721986592923 0.377302349747853
0.198037514645742 0.43947165733117 0.0298102761905906 0.332680551832497
0.00348906619056003 0.474365710811454 0.128037224224631 0.394107998773355
0.305375781917756 0.329824401308379 0.0108219412400821 0.353977875533783
0.0939008780146783 0.164969081092733 0.359172894365202 0.381957146527387
0.280111922393716 0.287780194867262 0.278957798718069 0.153150084020953
0.41711932855014 0.0798545075486049 0.308360547713227 0.194665616188028
0.0482855714244786 0.323974498889119 0.163963458367864 0.463776471318539
0.24535422400038 0.238368084574462 0.287921072042317 0.228356619382841
0.371518395298417 0.028937585868854 0.270451094118639 0.32909292471409
0.0186932095941824 0.251163634275887 0.328150353937611 0.40199280219232
0.507103941461563 0.344407512706787 0.0705085254757793 0.0779800203558704
0.38792711961225 0.323839572565664 0.236495449147233 0.0517378586748536
0.185799523888029 0.32317191249351 0.242651280482543 0.248377283135919
0.354246547099127 0.174921934963502 0.171082307756804 0.299749210180566
0.464512314208846 0.353542902024566 0.174569584805754 0.00737519896083376
0.153292652413709 0.0697041348806526 0.582711218283583 0.194291994422056
0.145339375070649 0.3939868824197 0.15675243235807 0.303921310151581
0.0490470958951296 0.630854832737293 0.131785608746951 0.188312462620626
0.227971687184767 0.268121608177744 0.159092790333265 0.344813914304223
0.148678312795033 0.346190295403645 0.355479419708964 0.149651972092358
0.0491064665735848 0.29865206196637 0.396602798792581 0.255638672667464
0.261557366395382 0.0313692187233532 0.417267179946793 0.289806234934471
0.188406209580907 0.260880089315602 0.336804721957296 0.213908979146195
0.0729803649468372 0.091503105988913 0.317361006075731 0.518155522988519
0.218910833288669 0.237160118461106 0.361156854488267 0.182772193761957
0.0262718885563462 0.660140275667449 0.0859071728029033 0.227680662973302
0.070358711535396 0.310523420070438 0.147817460116801 0.471300408277365
0.302209405375572 0.00807526027276839 0.394733756849875 0.294981577501785
0.290139039604693 0.37091877515862 0.334249010378099 0.00469317485858865
0.248613469552413 0.240092245980346 0.196675446893093 0.314618837574148
0.328741499040977 0.102713132780326 0.221666555513588 0.346878812665109
0.224413556832206 0.21961423568074 0.285769289872488 0.270202917614567
0.0977990438019022 0.268634947815527 0.534336774758092 0.099229233624479
0.248227183038231 0.207085801991779 0.346987418721338 0.197699596248652
0.31223611880211 0.296799502860967 0.234403568345483 0.156560809991441
0.343851037187926 0.156153923121162 0.218907350719902 0.28108768897101
0.409678039291913 0.077402461747401 0.44724758667834 0.065671912282346
0.286903990307677 0.230081432354072 0.190805506788483 0.292209070549768
0.225680466984705 0.0895460908560621 0.321292527562147 0.363480914597086
0.293800389919005 0.305894489133066 0.104381598864398 0.295923522083531
0.27420112512134 0.238257545843624 0.308017848172193 0.179523480862843
0.295427779820684 0.0325935351752428 0.304570945402645 0.367407739601428
0.129221083309716 0.352093320234854 0.15052588608103 0.3681597103744
0.260127821144045 0.332493455801785 0.274294383079351 0.133084339974819
0.0152376899939226 0.247403126559534 0.459847851585307 0.277511331861236
0.110703306254827 0.42272685097826 0.180530941461916 0.286038901304997
0.594310690331763 0.102764899899951 0.0597034413325281 0.243220968435758
0.118963774652994 0.298616671639839 0.194326690795785 0.388092862911383
0.390381408299415 0.223286617939753 0.00947085006513311 0.376861123695699
0.191014404263667 0.379526282077572 0.117910774486745 0.311548539172015
0.200863359538533 0.343085561917971 0.134559633231972 0.321491445311524
0.200181820876292 0.365499192518526 0.0572939779968181 0.377025008608364
0.0601832068290161 0.15051773956777 0.437032632743744 0.35226642085947
0.54811645091166 0.119419128064063 0.198880793357586 0.133583627666691
0.376190906043755 0.231682933546928 0.0087443616337561 0.383381798775561
0.045887023021362 0.123132354138307 0.464675218915057 0.366305403925274
0.281940538242989 0.337844181766819 0.175840759193374 0.204374520796818
0.166630645427704 0.129373292147761 0.601457961141649 0.102538101282886
0.206044028932357 0.103306558660535 0.362373699996212 0.328275712410897
0.448025596139146 0.0740968423940238 0.105261172591768 0.372616388875063
0.335729893175749 0.357799699886196 0.114429580628543 0.192040826309511
0.0781500816025485 0.338359533179809 0.308364326917338 0.275126058300304
0.335418993925616 0.329497949782339 0.331853280162102 0.00322977612994218
0.282949377013652 0.185759490266761 0.0937270695137737 0.437564063205813
0.23331808229834 0.41818865007949 0.186366089352562 0.162127178269607
0.381110544642414 0.0763189884442339 0.181087244019218 0.361483222894135
0.167441980984847 0.209960059339904 0.260446117142032 0.362151842533216
0.3148052665326 0.289507805959776 0.00809265296723109 0.387594274540393
0.0931004394842479 0.341008866937165 0.205047389934985 0.360843303643602
0.282207081391317 0.151757107955639 0.499241688349829 0.0667941223032155
0.465858927133231 0.0991222509828264 0.23604195491754 0.198976866966403
0.0200403520965903 0.128317018899888 0.632891736013668 0.218750892989854
0.104311664405828 0.397180090857674 0.0986327083994561 0.399875536337042
0.288114264841948 0.269002606295697 0.19252768136023 0.250355447502125
0.0702566661359493 0.155032553958578 0.266908245640782 0.50780253426469
0.343525429089611 0.235109056086811 0.240994238210739 0.180371276612839
0.181900816575028 0.357156505858494 0.143011116893754 0.317931560672724
0.055304895038978 0.428643863992251 0.10795780184052 0.40809343912825
0.221381094338976 0.283248262202361 0.303317130764334 0.192053512694329
0.201672296933984 0.19024650443379 0.258129928388468 0.349951270243758
0.142201786925104 0.309686171610581 0.443505303442203 0.104606738022111
0.350153571069577 0.347272128706845 0.0253093487388338 0.277264951484744
0.39376471121922 0.207887797197896 0.230464893600546 0.167882597982338
0.0583769523211815 0.100508861595373 0.390046365247797 0.451067820835649
0.104487482234536 0.3037268122873 0.198070282422155 0.393715423056009
0.242569231714008 0.233320282598378 0.309012226296999 0.215098259390615
0.642512499639261 0.0500384823000388 0.223661057877679 0.0837879601830211
0.377883663946175 0.0112777850558996 0.0562900864674856 0.55454846453044
0.221110438258037 0.323400469106841 0.258163032706188 0.197326059928934
0.276759983420776 0.341136971235776 0.191679499967127 0.190423545376321
0.490561766170537 0.0614099702143744 0.139867824074957 0.308160439540132
0.248867767225342 0.0434702624087719 0.392593046597234 0.315068923768652
0.235400864755608 0.218761608726291 0.358714278390707 0.187123248127393
0.409323878338648 0.0203702839869663 0.280407751774889 0.289898085899496
0.221336338821353 0.198119821487475 0.306356373419829 0.274187466271343
0.166274038728269 0.177611239553959 0.175978163866415 0.480136557851358
0.149948289446983 0.148482596406949 0.442124625470696 0.259444488675372
0.463772419249517 0.179501624258493 0.292456529581915 0.0642694269100753
0.456957544093297 0.0241035452877128 0.414607340714271 0.10433156990472
0.358861018739795 0.017446172973679 0.33157131234142 0.292121495945106
0.0850856135939392 0.224022731525605 0.238892007771198 0.451999647109258
0.0520798630605988 0.0080823385008437 0.495833819034173 0.444003979404385
0.3494900089038 0.0988772997946733 0.385546294802067 0.166086396499459
0.289553420109263 0.415143875400984 0.0467849304133955 0.248517774076358
0.0975021904803312 0.496610422804658 0.110463486274653 0.295423900440358
0.181803523871367 0.248617343599981 0.280775487598691 0.288803644929961
0.338050879862152 0.0315510283346433 0.222933726814204 0.407464364989001
0.491503565812229 0.12796668511661 0.0182529401319528 0.362276808939209
0.334869177270875 0.119962014537545 0.359958961874577 0.185209846317003
0.227202264893795 0.283025732120995 0.273036059958281 0.216735943026929
0.418811350806241 0.120791001482071 0.40851252365135 0.0518851240603379
0.0809425130979164 0.378500187184266 0.343399728390974 0.197157571326844
0.239110735707824 0.337436439640932 0.358878125158603 0.0645746994926402
0.0444530897580561 0.370388208107915 0.341840725244321 0.243317976889709
0.312755165464429 0.182109027602285 0.17301432763212 0.332121479301167
0.232560768897429 0.136716364662306 0.419995806703914 0.210727059736351
0.351766846733663 0.0805831047993573 0.214568890066895 0.353081158400085
0.160706205463279 0.12751416764818 0.352569874552888 0.359209752335653
0.284162093487082 0.157700726455481 0.255420713446879 0.302716466610558
0.350637335077337 0.0828734061695531 0.248764837329629 0.317724421423481
0.245307567195548 0.25417111749532 0.241508594478695 0.259012720830437
0.271040375713505 0.222627371926306 0.0533455551473072 0.452986697212883
0.2897848486792 0.185175106828931 0.234404798250493 0.290635246241376
0.10769308820362 0.707043112571088 0.018334917499248 0.166928881726043
0.122840906106981 0.0456665486088511 0.578768649581217 0.252723895702951
0.304666010842595 0.332347373737186 0.00674811558349517 0.356238499836724
0.0992612736566095 0.369374958670262 0.0830064285399666 0.448357339133162
0.21324843021092 0.292440634856547 0.28307846338365 0.211232471548883
0.336547535136788 0.121350694269786 0.465656527485552 0.0764452431078745
0.303571459961449 0.227422523671241 0.442457124511624 0.0265488918556866
0.200948938108461 0.434012318412692 0.140830973614295 0.224207769864552
0.188427162584357 0.413551448905821 0.264951758593176 0.133069629916646
0.329578607192483 0.00269308609302179 0.282402627963144 0.385325678751351
0.189018768189834 0.464360672535035 0.242882237362257 0.103738321912874
0.322325162951971 0.344793752165725 0.317202026895842 0.0156790579864618
0.349636366145667 0.311607103635935 0.114795902759516 0.223960627458882
0.36042449659188 0.0487250271656022 0.119833957731614 0.471016518510905
0.00500674107379967 0.185650898117841 0.483029496291608 0.326312864516751
0.195294680231052 0.315221295455157 0.31445311993196 0.175030904381831
0.225026102588507 0.284612743306496 0.405300179538595 0.0850609745664025
0.0328299969981933 0.303502894269213 0.318873108965861 0.344793999766733
0.339801845656763 0.255127878885586 0.142935835920727 0.262134439536924
0.252192389826444 0.331665067845301 0.29432007783641 0.121822464491845
0.292763363724095 0.254372853130136 0.093786301202476 0.359077481943293
0.367218681640433 0.317057975701424 0.281117081473642 0.0346062611845002
0.344753182347104 0.0388756582266569 0.485089702621921 0.131281456804318
0.127704180967413 0.248478783314836 0.261207019716988 0.362610016000763
0.025700603711881 0.392390871594054 0.174070222565956 0.40783830212811
0.310997988869611 0.181581875834796 0.0150992388221338 0.492320896473459
0.404160659239606 0.192270512686641 0.312869941121728 0.0906988869520247
0.319260597777571 0.350588678494068 0.067693737133891 0.262456986594471
0.577803773866904 0.146199398707088 0.229828960862915 0.0461678665630921
0.320560088318296 0.216632208333686 0.144376342645758 0.31843136070226
0.336375881931987 0.382182843054629 0.217192883618708 0.064248391394675
0.353629969816601 0.298726105028226 0.144263250556335 0.203380674598837
0.0303791693501355 0.384181729968277 0.427788825766093 0.157650274915494
0.264449912191404 0.00328337779213743 0.0780298563599514 0.654236853656508
0.197580499416198 0.374495567993174 0.286608520649151 0.141315411941477
0.109474627205297 0.436677983408856 0.13451090459741 0.319336484788437
0.303141996084841 0.278022743948844 0.265575977891573 0.153259282074742
0.0548655109197685 0.142824758364516 0.41513914808163 0.387170582634085
0.38449200018173 0.283577388729753 0.315754709672235 0.0161759014162827
0.177005515875579 0.398099883146816 0.0939799336188851 0.33091466735872
0.394138348927853 0.0116760978301196 0.111996497079822 0.482189056162205
0.143574070145213 0.149353937290904 0.308925914118853 0.39814607844503
0.249588317210212 0.137193300046611 0.131049599125328 0.48216878361785
0.0145113982291915 0.44443630741594 0.405131022589466 0.135921271765402
0.256359426978348 0.159465835174466 0.568923654165737 0.01525108368145
0.251510952227066 0.215323790142304 0.246960556458851 0.286204701171779
0.0163702678882717 0.192181820289212 0.410083017689214 0.381364894133303
0.208263470423361 0.132905634578279 0.632268031613672 0.0265628633846876
0.184491907050691 0.33421194351137 0.315341641388532 0.165954508049407
0.32785112209105 0.268170991315518 0.158163699507605 0.245814187085828
0.4905322720378 0.0768349176325115 0.39613630724461 0.0364965030850787
0.229691540932312 0.488504175795367 0.275351821172548 0.00645246209977267
0.217812067092428 0.430054219743138 0.343685393929096 0.00844831923533819
0.0649851544612993 0.336384739928331 0.57837302498092 0.0202570806294497
0.0506623584222289 0.495396437272555 0.24551173218284 0.208429472122376
0.365774758679722 0.271730747483492 0.0511500997829223 0.311344394053864
0.268992052534094 0.220712575976301 0.27086207160081 0.239433299888795
0.381488363261958 0.0790349348191197 0.267358454128774 0.272118247790149
0.186284815926912 0.253950951867266 0.145311163043211 0.414453069162612
0.0529366588413318 0.426984074267454 0.134984995854111 0.385094271037104
0.125589911507412 0.175975906390803 0.3519826404172 0.346451541684585
0.274533625986875 0.294206157693781 0.314862929964164 0.11639728635518
0.154543090425054 0.169393481988116 0.387842881168643 0.288220546418187
0.50288928222022 0.25588028064154 0.223451906838667 0.0177785302995737
0.495606047987232 0.42801660547278 0.0702438789483255 0.00613346759166175
0.0251292195837844 0.492318920893714 0.0436590730898247 0.438892786432677
0.127297547312105 0.319307889900467 0.265995920824288 0.28739864196314
0.201715481111742 0.259451133908487 0.254513794676945 0.284319590302826
0.189753541640385 0.357602046818666 0.112322339372554 0.340322072168396
0.0474407809858779 0.53004207060081 0.0398734673046626 0.38264368110865
0.0191141062367923 0.34876836700752 0.575185331365381 0.0569321953903063
0.292377345859582 0.352733260914051 0.0141368859866379 0.340752507239729
0.427711700158859 0.10492919806567 0.211569691156006 0.255789410619466
0.0899122511440911 0.226129456187132 0.564125385908098 0.119832906760679
0.384849354985586 0.161744978114426 0.31438570485611 0.139019962043877
0.474268539525441 0.016145287708442 0.25646429082825 0.253121881937867
0.401187755823724 0.256221323220908 0.104737908878053 0.237853012077315
0.484176880416341 0.00163404399597279 0.382420435664987 0.131768639922699
0.502068974195575 0.459307582038788 0.00538177447646976 0.0332416692891675
0.317374412752842 0.30240283681111 0.0527595671175981 0.32746318331845
0.223734806910813 0.350904671698523 0.265630615817557 0.159729905573107
0.113041110134088 0.284290104898682 0.263280369987009 0.339388414980221
0.457369897407278 0.131962174601779 0.322019733783338 0.0886481942076055
0.388304227993534 0.227867485545595 0.0300328698854308 0.35379541657544
0.0968281674849577 0.543581680073088 0.295729112967372 0.0638610394745821
0.258360464855478 0.267618499424915 0.289697914069377 0.184323121650229
0.180217996402947 0.0243054623660167 0.315817670702304 0.479658870528733
0.0250403048265934 0.212638421960223 0.405359548864674 0.35696172434851
0.323367456891056 0.324719969210447 0.0582794179431487 0.293633155955348
0.582377030874077 0.0347546252519465 0.354379779096924 0.0284885647770526
0.312476368262581 0.136794894943908 0.0903523172874299 0.460376419506081
0.321027976209528 0.266784313878005 0.361468073468888 0.0507196364435787
0.301019325010338 0.200681662011239 0.159693094137886 0.338605918840537
0.158337830019468 0.682188640183504 0.0985914438674527 0.0608820859295749
0.105901311027502 0.270337541307918 0.0914260758375019 0.532335071827078
0.313013551750024 0.0780522112463438 0.594539550274688 0.014394686728944
0.422351294349133 0.255617989333368 0.108028550270198 0.214002166047301
0.144597677363544 0.254259096927324 0.271290029145708 0.329853196563425
0.017414388010716 0.212809232786535 0.237094385820347 0.532681993382402
0.344897181969362 0.145817659626956 0.491603163865966 0.0176819945377153
0.360284709096948 0.307523232453523 0.140879886075737 0.191312172373792
0.392724189637985 0.259306413025167 0.254999265106257 0.0929701322305913
0.247551143501782 0.241626067433397 0.429564831278928 0.0812579577858929
0.330986546545873 0.105263898884342 0.398714442013607 0.165035112556178
0.118356231913257 0.440971289404296 0.234617072585762 0.206055406096685
0.487042157449049 0.220055553482423 0.28522254188208 0.00767974718644847
0.218059859865053 0.568056321042655 0.116339824471511 0.0975439946207814
0.00529497391194281 0.201879135004528 0.208710993142627 0.584114897940902
0.0901759065974623 0.372114093670527 0.272691228818114 0.265018770913896
0.108807211635107 0.159805610478485 0.334138826209357 0.397248351677051
0.235952847868748 0.170670350070773 0.538828981716795 0.054547820343684
0.0705602268696279 0.105676851460213 0.42212821630283 0.401634705367329
0.266042130579993 0.470544528391437 0.227437602998291 0.0359757380302795
0.164533805686581 0.227657394330203 0.298147256695484 0.309661543287732
0.518358988415407 0.0523779723795234 0.110894886575212 0.318368152629858
0.261688524964672 0.212509932543316 0.325578407305088 0.200223135186924
0.198583617553567 0.325881913011969 0.0832904818652872 0.392243987569177
0.2446465339966 0.341083569681114 0.174276682275045 0.239993214047241
0.408264934322525 0.0160641800952174 0.29860656424139 0.277064321340867
0.216108561699018 0.058919973041618 0.552244872488411 0.172726592770954
0.102623033956114 0.116198516796601 0.698319923933192 0.0828585253140929
0.0302403991618077 0.356263075466977 0.208426763942529 0.405069761428687
0.21504031423331 0.105285398003742 0.521544536853681 0.158129750909267
0.344086534651926 0.0133800836547046 0.233145767121287 0.409387614572083
0.232906742367649 0.268526806298865 0.292617645913928 0.205948805419558
0.265955949586446 0.355875488249542 0.0718930466042343 0.306275515559777
0.258159710593697 0.241432622640756 0.35585572562234 0.144551941143206
0.447710942265625 0.387657237294867 0.0795422322128711 0.085089588226637
0.348639138178604 0.488003814032434 0.030251959777358 0.133105088011605
0.313257061736322 0.105233739838674 0.289606783722396 0.291902414702608
0.0462864887496404 0.434405599067904 0.178520553533044 0.340787358649412
0.266550018227779 0.199908384585843 0.237579625622763 0.295961971563615
0.343900190727268 0.251481046503881 0.364251821424308 0.0403669413445429
0.0352100010556991 0.194614747716003 0.479849167013106 0.290326084215192
0.23524072685612 0.15547161251783 0.496740571275144 0.112547089350906
0.00344172916563054 0.042830128994796 0.607352625348228 0.346375516491346
0.111715150063263 0.217605051047859 0.43464480964871 0.236034989240168
0.101138807247998 0.256808588122637 0.472040574932715 0.17001202969665
0.267202215625313 0.359594186114025 0.192913381260562 0.180290217000101
0.225092508031881 0.211507324142201 0.5628498473974 0.000550320428518535
0.213358557109456 0.225257254015131 0.300169348876851 0.261214839998562
0.275753627839047 0.288862656819571 0.189309114403908 0.246074600937475
0.329983065291258 0.0477985037649883 0.280890666559368 0.341327764384386
0.175956544580191 0.232034559766266 0.221025500397296 0.370983395256247
0.245782330521425 0.522188628932113 0.104190938793321 0.127838101753141
0.350229396359597 0.0859204494503765 0.396715611710276 0.16713454247975
0.145418947561331 0.386295604972562 0.216356539740129 0.251928907725978
0.131045403731653 0.338099544763474 0.423275110846846 0.107579940658026
0.294327236106753 0.272394254964391 0.175523399735905 0.257755109192951
0.47647276273631 0.334278344112419 0.178279050719168 0.010969842432102
0.193427855411896 0.712630628409665 0.0376232782663081 0.0563182379121314
0.178005118564174 0.253089691785465 0.347611902720627 0.221293286929734
0.227329973812606 0.162551258570853 0.266178598622888 0.343940168993653
0.407094929879291 0.315634717425278 0.2701306704657 0.0071396822297308
0.452623686950884 0.158525369462497 0.141050416827415 0.247800526759204
0.133658334492198 0.240147453203491 0.333367132231343 0.292827080072969
0.166646969645297 0.27140856595508 0.161353822653558 0.400590641746066
0.376216815138356 0.317952301364277 0.256369069119259 0.0494618143781078
0.168959870764103 0.202294566612837 0.29084277380761 0.337902788815451
