0.322923590763959 0.3871865694963 0.221214560990465 0.0686752787492765
0.302425348108821 0.12500415096495 0.177080803542477 0.395489697383751
0.233582932798196 0.394124321846769 0.0894023111663481 0.282890434188687
0.270121622007925 0.277031782295556 0.215921279335747 0.236925316360772
0.237166829362929 0.149543551441256 0.223278806894028 0.390010812301787
0.213101661261483 0.193689065352455 0.288529555370388 0.304679718015674
0.272860082163603 0.348678371607331 0.208381843050645 0.17007970317842
0.200326065754899 0.267527338028445 0.328597527873911 0.203549068342745
0.425239742179254 0.198654430075201 0.0796765059366688 0.296429321808876
0.230694953587491 0.160636066141356 0.374241245650018 0.234427734621135
0.0211384266557655 0.133108996420951 0.50301201532436 0.342740561598924
0.370207037753342 0.0479852797719068 0.313689533151879 0.268118149322872
0.013135237690597 0.465408264655829 0.347140262143855 0.17431623550972
0.326293333364454 0.356262083404886 0.250371893599116 0.0670726896315446
0.444746033725082 0.0920472712712073 0.116703008118017 0.346503686885695
0.470000624026027 0.165222633048369 0.354224055471351 0.010552687454253
0.289478875890611 0.227798768789911 0.198149806041941 0.284572549277537
0.317194111234911 0.0870409894922419 0.272244530287625 0.323520368985222
0.305291557299757 0.158669892545392 0.203310195764124 0.332728354390727
0.126588623256181 0.112225442793808 0.316895103398226 0.444290830551786
0.188781707425328 0.265800521450537 0.0537737449577178 0.491644026166418
0.431687886500548 0.339575984435917 0.0314134225445077 0.197322706519028
0.0160042843881883 0.54923211992565 0.106602967870336 0.328160627815826
0.393929326773156 0.537190317084921 0.0364584294205207 0.0324219267214025
0.423981923072992 0.215540913857191 0.0247822349253431 0.335694928144474
0.0173209441697497 0.525599114182385 0.189316054676983 0.267763886970882
0.120241286288663 0.290847457618653 0.521266026282865 0.0676452298098186
0.369780871301403 0.116494933212295 0.465383159328671 0.0483410361576308
0.292538696133652 0.126616095690289 0.232115258517071 0.348729949658987
0.272563587511223 0.0964178918967654 0.0626937406487278 0.568324779943283
0.345217208271226 0.287052133719658 0.205053955655997 0.162676702353119
0.0100098728946518 0.207649532214691 0.42957192207595 0.352768672814707
0.387164340650137 0.32056441829912 0.168864409599653 0.12340683145109
0.159603473879735 0.0764042463086985 0.596466566405307 0.167525713406259
0.148676569671011 0.0520689667359088 0.383406921571927 0.415847542021153
0.291599341928273 0.405367409894842 0.27880620424532 0.0242270439315646
0.116352540026292 0.102492569257278 0.54813183859489 0.23302305212154
0.0487061236745731 0.135715040003525 0.694520993594501 0.121057842727401
0.419855396966286 0.226556737346082 0.104292552650054 0.249295313037577
0.211309615022718 0.14637153576201 0.29321602989513 0.349102819320142
0.116024835650727 0.377847866826078 0.0627504786140994 0.443376818909096
0.362797123106249 0.138332284050523 0.17702992264426 0.321840670198968
0.125852218648191 0.334160513366612 0.173889020050215 0.366098247934982
0.18672262019059 0.300577026115849 0.363911491516437 0.148788862177124
0.139683497436564 0.351970573279782 0.234717134478003 0.27362879480565
0.249890456546746 0.349838121137309 0.143538613150365 0.256732809165579
0.0677650370931338 0.312365491362421 0.357083885742694 0.262785585801751
0.276090682783469 0.20129852850717 0.248419933437099 0.274190855272263
0.308441526657451 0.351226866211181 0.273355391545721 0.0669762155856475
0.294309066011819 0.358268488132553 0.0453159914822047 0.302106454373424
0.0492928866749159 0.319297427487707 0.437564731134056 0.193844954703321
0.0164402181018635 0.243331671493076 0.38625357346071 0.35397453694435
0.0929076501117061 0.367632617028221 0.351134343692469 0.188325389167604
0.398852309401366 0.229547570279717 0.123824395453378 0.247775724865539
0.164500684358687 0.169310384031772 0.320094176332789 0.346094755276752
0.408702870773774 0.142325400813679 0.05422560286855 0.394746125543996
0.402000510739773 0.348089821362332 0.010235479558835 0.23967418833906
0.329598121530738 0.273622095352524 0.201301671324745 0.195478111791993
0.54341098270928 0.168334254235015 0.228561500582428 0.0596932624732771
0.249515023227988 0.0534215773134939 0.412054929201524 0.285008470256994
0.0420532182571366 0.313374094710818 0.129036629907823 0.515536057124222
0.235411377108715 0.352157387202627 0.128210723335192 0.284220512353466
0.274637658598279 0.0275055041069021 0.39691155866327 0.300945278631548
0.28721071693344 0.232722518812567 0.0695795438834581 0.410487220370534
0.238155545386738 0.00779822141632972 0.263213292942654 0.490832940254278
0.430406332480239 0.242263230090702 0.291548066151029 0.0357823712780302
0.20897642062799 0.0535111182864307 0.302685309588225 0.434827151497355
0.375264027219476 0.197221620707614 0.110880735458216 0.316633616614694
0.311311270813466 0.29910133101301 0.0591010269252368 0.330486371248288
0.222483555782654 0.400030638290244 0.275023889648565 0.102461916278538
0.267779146838626 0.220070862466005 0.250103217503561 0.262046773191808
0.480669359306881 0.167371877837172 0.351371501960122 0.000587260895824534
0.00885248736254926 0.410330488668213 0.303467826131335 0.277349197837902
0.306093051258334 0.303865065495449 0.237946456716285 0.152095426529932
0.0219275774811147 0.486207620114692 0.206190202998557 0.285674599405636
0.316264533826002 0.315471934308486 0.362230374356891 0.00603315750862129
0.322696498363339 0.168033724445459 0.234352908183284 0.274916869007918
0.399426178135452 0.106550548118505 0.0743827197423601 0.419640554003684
0.155504356671583 0.655250369840153 0.16342867733241 0.0258165961558541
0.00129918705964374 0.333767320421642 0.449769718022684 0.21516377449603
0.0602132848129401 0.0611245825742634 0.710805315415144 0.167856817197653
0.121783796302836 0.164708492947835 0.188182361870753 0.525325348878576
0.100506440612255 0.122343978030183 0.354759948539867 0.422389632817695
0.391808394592795 0.0979541811597153 0.227754500661229 0.282482923586261
0.157791866734482 0.180015758368784 0.29049107728055 0.371701297616184
0.296430000919152 0.261578642566563 0.205044068875982 0.236947287638303
0.274339211259911 0.377393942187775 0.267875251941844 0.0803915946104698
0.0587211904397699 0.312116473247434 0.515112278615631 0.114050057697166
0.00431802527321916 0.600796182046208 0.105808016622929 0.289077776057644
0.33806543108699 0.119380068032782 0.24231407853233 0.300240422347898
0.39739306062258 0.262678557866471 0.273310829505907 0.0666175520050421
0.154257076932203 0.401030834648829 0.0237266706998069 0.420985417719162
0.276970180915947 0.246525971639228 0.252336875751466 0.22416697169336
0.170529666400927 0.455331865706943 0.152479662978812 0.221658804913318
0.307562499346573 0.284849268112122 0.256396363366243 0.151191869175062
0.212359969766519 0.331217544744542 0.037287766716433 0.419134718772506
0.360253218230518 0.25919413397435 0.28030075925267 0.100251888542462
0.250970622237747 0.140397197791066 0.388366269795657 0.220265910175529
0.298740716883824 0.214805769457425 0.124275605939645 0.362177907719105
0.273980577618822 0.0708502465536305 0.213510670995248 0.4416585048323
0.139223357313208 0.0624000548852309 0.406150753696166 0.392225834105395
0.285428739314564 0.315774212992257 0.177797446042147 0.220999601651031
0.23060955160284 0.172660427881321 0.338731281238272 0.257998739277567
0.227452371134109 0.346613566010864 0.141256076038768 0.284677986816259
0.213494785083616 0.232055301960631 0.0829187716908082 0.471531141264945
0.123020260685626 0.286957111843749 0.277743371119428 0.312279256351197
0.197301163721356 0.0217093894292116 0.551509636288981 0.229479810560451
0.38816859924572 0.24732485674855 0.0869096852271769 0.277596858778553
0.38584757814658 0.195561283659173 0.29141188236422 0.127179255830026
0.30272907354004 0.243074061398016 0.199190780956281 0.255006084105663
0.0810374798608497 0.356545897660034 0.198896830548027 0.36351979193109
0.268678603849161 0.463540410849029 0.183325741243604 0.0844552440582067
0.292073621718199 0.411016005832132 0.128784163656797 0.168126208792871
0.0209981427861596 0.490980733990697 0.0611093541454068 0.426911769077737
0.248671688743438 0.121258494281573 0.414490748288843 0.215579068686146
0.234493311221081 0.220747619583657 0.375247950116278 0.169511119078984
0.169353153564282 0.504447106879439 0.293333801444324 0.0328659381119544
0.24689059568643 0.28423843119386 0.207051208643208 0.261819764476502
0.342080282630786 0.23527237805139 0.298916397461123 0.123730941856701
0.198365916392251 0.329499552744132 0.312866837147244 0.159267693716372
0.0851790709109767 0.24338825353138 0.536688816445372 0.134743859112272
0.408517417371311 0.0309070096603745 0.443016618126264 0.11755895484205
0.227037502586779 0.0511249364466425 0.330392938000811 0.391444622965767
0.452189798509911 0.261517860804523 0.21249821992552 0.0737941207600465
0.192145567910679 0.239060664380784 0.458060408348214 0.110733359360323
0.518891814915187 0.351156774489704 0.0988556462502939 0.0310957643448153
0.234166501609438 0.146029228388978 0.283619344495712 0.336184925505872
0.230165181118565 0.0695663448428354 0.347903556809943 0.352364917228656
0.324273130838075 0.144228249990263 0.225208666126115 0.306289953045548
0.365869351884893 0.28596920625505 0.0206348898465444 0.327526552013513
0.284592045204484 0.293417519438162 0.0318228291927403 0.390167606164614
0.0777253450569788 0.178507887182005 0.438702006381625 0.305064761379392
0.0290992239803012 0.169140757266057 0.248527890667893 0.553232128085748
0.254359888129022 0.205448778438017 0.260232006565635 0.279959326867326
0.447136050919437 0.477798262106622 0.0216036946043609 0.0534619923695802
0.288355159934252 0.284570623263493 0.200575133424165 0.226499083378089
0.44768406745624 0.0885435581918599 0.0895321923049689 0.374240182046932
0.536378756379899 0.339431806504826 0.0948678715523524 0.0293215655629232
0.113246195817425 0.312947510079817 0.109126998668998 0.46467929543376
0.0766399200951419 0.327974879912737 0.392834320733331 0.202550879258791
0.314581485615675 0.281434700109501 0.29963223814949 0.104351576125333
0.0971855314405018 0.132090706692688 0.286704748674754 0.484019013192057
0.42912147317606 0.42621942887656 0.0152903592467118 0.129368738700669
0.535236387853079 0.190155191149766 0.245874924670834 0.0287334963263212
0.430089564708577 0.162927772405218 0.240727853620924 0.166254809265281
0.305574356053306 0.124600784703483 0.124266008069802 0.445558851173409
0.238521568350937 0.350890496610616 0.0619472616746156 0.348640673363831
0.283887236853285 0.193505007633332 0.268460143626989 0.254147611886393
0.0747517592692278 0.0185877409894054 0.359540938596154 0.547119561145213
0.0514702643914881 0.339002902530155 0.157784819490444 0.451742013587913
0.354469809594742 0.389888884036421 0.240439081360788 0.0152022250080487
0.109714665170021 0.147426390559236 0.556986707312931 0.185872236957812
0.182413648171504 0.163521411132523 0.443584048120567 0.210480892575406
0.118184441442277 0.456468411643203 0.256191225648074 0.169155921266447
0.338607392080288 0.300373051053126 0.162123475234518 0.198896081632068
0.186407388592958 0.199997855828747 0.265239849264832 0.348354906313463
0.379688826576342 0.338314232460292 0.218864383834394 0.0631325571289727
0.210621327546196 0.182228211061666 0.2461049778439 0.361045483548237
0.544021610403047 0.337221914784338 0.0714168763214582 0.0473395984911565
0.426474133728212 0.553092837736849 0.0141154445905336 0.00631758394440575
0.211751782197946 0.0462513071231709 0.465700972459006 0.276295938219877
0.24231231611105 0.262112349257675 0.213463752961403 0.282111581669872
0.34172003751332 0.0956836418480917 0.0490689036148199 0.513527417023769
0.297170052265195 0.0621558483622977 0.399891967347436 0.240782132025071
0.130852822978513 0.119404714010584 0.495650162485359 0.254092300525544
0.222671796367989 0.55327815011237 0.088671268290765 0.135378785228876
0.163076777950247 0.169333357968028 0.355218615649803 0.312371248431922
0.148246244706151 0.335869960360819 0.217235181201422 0.298648613731609
0.213555751278404 0.427704540523886 0.107255951988694 0.251483756209016
0.110695340173359 0.403452136974806 0.0706048454823237 0.415247677369511
0.244952682677121 0.329501027029436 0.190657798559632 0.234888491733811
0.165977703209926 0.528986504973276 0.0560083009204944 0.249027490896303
0.0477910998630353 0.112604730518259 0.542774610917117 0.296829558701589
0.350275114244413 0.223150137740194 0.217966931849294 0.208607816166099
0.140326424672947 0.143278992562882 0.648671828524633 0.067722754239539
0.323274756734243 0.169786521833568 0.394024851037709 0.11291387039448
0.321141100524028 0.0154030724240769 0.26847825612122 0.394977570930675
0.225367314486934 0.177571608954323 0.467181089788601 0.129879986770142
0.220010683258126 0.255306661927155 0.406230805544379 0.11845184927034
0.0168100313002355 0.15820639237098 0.408119107207987 0.416864469120797
0.365805859207257 0.388389425911766 0.184362609032108 0.061442105848869
0.0510545658331688 0.101114608132118 0.241789503997806 0.606041322036907
0.248630967838619 0.09913659992807 0.219258147108186 0.432974285125125
0.257672752358255 0.312479723456871 0.171049178057049 0.258798346127825
0.234355475574672 0.126203240038359 0.340428833196381 0.299012451190588
0.204515124582169 0.310783278294195 0.171428166247122 0.313273430876515
0.207479854561443 0.27501546687131 0.308901360058239 0.208603318509008
0.0219003279147513 0.44933516753258 0.214002533119107 0.314761971433562
0.195927203224114 0.297565165751881 0.222151776975107 0.284355854048898
0.0992197411299194 0.247956501647421 0.133687095350713 0.519136661871947
0.0617678155294624 0.272001899197842 0.337791484215902 0.328438801056794
0.307282292055822 0.139444259979283 0.305098312340938 0.248175135623957
0.293289037831577 0.317712289763055 0.101765521366921 0.287233151038447
0.0576891378352168 0.55060749773672 0.0465489758244539 0.345154388603609
0.271266147593095 0.345369038449008 0.278969173283557 0.10439564067434
0.3921403631179 0.15713359108554 0.31221431789768 0.13851172789888
0.377450798851676 0.164277335116469 0.415437680658247 0.0428341853736085
0.586831025402333 0.0369714174286934 0.332226288908251 0.0439712682607225
0.0495795862972067 0.0436500454382285 0.320521260607773 0.586249107656792
0.284410573892626 0.35632174859749 0.0575535178540852 0.301714159655798
0.241410557589293 0.359864634802053 0.139871395503627 0.258853412105028
0.0486883971558016 0.214390766183032 0.301043684234239 0.435877152426927
0.300548365938875 0.174977908610869 0.430835678221081 0.0936380472291757
0.163755587230094 0.216807240789296 0.328636168776968 0.290801003203643
0.137634311522643 0.427828850401938 0.415045697636634 0.0194911404387856
0.235252159968092 0.182470686047403 0.386211596597968 0.196065557386536
0.364531263351713 0.0985931407564124 0.133832102624167 0.403043493267708
0.355554103765114 0.24340346429944 0.294959190583887 0.106083241351558
0.117352244463691 0.320561592484949 0.150027662382998 0.412058500668362
0.336184501554278 0.381947514983579 0.0765128003182241 0.205355183143919
0.329893977275373 0.113807759214238 0.288158144807741 0.268140118702647
0.040077996236236 0.353141611915954 0.559596668017102 0.047183723830708
0.144360404222564 0.219691501327382 0.208140136702574 0.42780795774748
0.187956528159619 0.289250507377912 0.303156756530109 0.21963620793236
0.317196729014245 0.3140110267698 0.200350685865201 0.168441558350754
0.0795485163690072 0.343679933446542 0.212746511809464 0.364025038374987
0.237962835292058 0.352162962683293 0.408326832576312 0.00154736944833719
0.00315750390094425 0.477334622123549 0.266411344961508 0.253096529013999
0.20140616438322 0.264737460039375 0.31993500818322 0.213921367394186
0.347810781712759 0.16312955034144 0.0740622922745322 0.414997375671269
0.198541824529611 0.112410474571713 0.327308783859689 0.361738917038986
0.416031647107564 0.0124234683181427 0.496830547863223 0.0747143367110706
0.0311610398639357 0.378543017658861 0.29021737721215 0.300078565265053
0.070076652335119 0.214714785659472 0.65341241774594 0.0617961442594684
0.381219821382559 0.232101474565301 0.0341031154894649 0.352575588562675
0.43321102250279 0.203468640514645 0.0319580484449026 0.331362288537663
0.301151603740475 0.436996476132399 0.19679201516521 0.0650599049619158
0.0511608252710402 0.461102823641772 0.224675242453703 0.263061108633485
0.375877869342388 0.420717114421024 0.143035514876625 0.0603695013599632
0.475293564316312 0.410913445840461 0.0396169329630662 0.0741760568801601
0.321060886862326 0.275898960848212 0.220968304302785 0.182071847986677
0.371770403691824 0.0784315313353264 0.332527832396617 0.217270232576232
0.0568078257843557 0.589393778094784 0.26280652118347 0.0909918749373897
0.157424467448001 0.103829748357586 0.412241390683567 0.326504393510847
0.398753127564777 0.105390027722779 0.468639060853116 0.027217783859328
0.286650251886532 0.19228018248246 0.175120255750491 0.345949309880517
0.20834341970914 0.529121626013922 0.0836680194805783 0.17886693479636
0.438251933567318 0.135631528838399 0.387404268370188 0.038712269224095
0.368538738163595 0.0892903523472462 0.192517979013449 0.34965293047571
0.173103379083467 0.379230788890661 0.11398635736619 0.333679474659682
0.27937584923792 0.161726128050142 0.486359414806719 0.0725386079052188
0.3969104368939 0.420048949223185 0.0763302236143556 0.106710390268559
0.345973758118897 0.127321503393056 0.239427743244037 0.287276995244009
0.187228463492705 0.0890891396681136 0.440709530202182 0.282972866637
0.347185337031288 0.101151957089105 0.383990476289464 0.167672229590143
0.303724013491593 0.0285357901446908 0.38110833027423 0.286631866089486
0.376711017892106 0.322651443594211 0.119564549409002 0.181072989104681
0.239910467670672 0.190045152351751 0.164295083138592 0.405749296838986
0.331181304548347 0.335405124095491 0.0292698408156737 0.304143730540488
0.0463765942260594 0.0781960351588846 0.410839480369898 0.464587890245158
0.0644965703303881 0.308395638467654 0.566172484571199 0.0609353066307584
0.0524121517411662 0.416506761387755 0.456502871429434 0.0745782154416456
0.0185884818155916 0.389850970690873 0.126781467716303 0.464779079777232
0.153951213406708 0.398560091020839 0.388365430765979 0.0591232648064732
0.278747318976168 0.194801085761479 0.20133406450053 0.325117530761822
0.28632510037539 0.2086157214994 0.216985424715138 0.288073753410071
0.311591039479955 0.330852169846623 0.198188266192285 0.159368524481137
0.314919241617078 0.168263062282803 0.280356762407161 0.236460933692958
0.119669088076747 0.526896210844499 0.160247175713728 0.193187525365025
0.407451362764133 0.259322785445949 0.127250125588013 0.205975726201905
0.368283598510676 0.237119331745272 0.170901727453361 0.223695342290691
0.37351563878956 0.174683365786875 0.308466488536489 0.143334506887075
0.40895521270761 0.311245926130937 0.206730477351297 0.0730683838101566
0.220351332542611 0.216048136894658 0.184600110913974 0.379000419648757
0.0823762270759554 0.442693177149492 0.378609667382837 0.0963209283917156
0.140025704113093 0.105502558926482 0.319389786953491 0.435081950006934
0.34482669594569 0.0167054815771018 0.365247315218283 0.273220507258924
0.328523043200786 0.0317641132358437 0.438874598389256 0.200838245174114
0.203291388514576 0.348437921221244 0.0403759531409577 0.407894737123223
0.339290962926532 0.363544716540793 0.195204332097986 0.101959988434688
0.327030800486727 0.261272109124588 0.0576175675131425 0.354079522875543
0.638066709917683 0.0726675930903657 0.248549443119175 0.0407162538727771
0.274068619053042 0.171296634875882 0.515632292593187 0.0390024534778885
0.246218869579615 0.271306991635485 0.21738888767824 0.26508525110666
0.0912417280803212 0.519785953348201 0.278141167847941 0.110831150723537
0.43155739647664 0.131216011645637 0.393208947124098 0.0440176447536243
0.152314723750178 0.0959070409692424 0.369411792112129 0.382366443168451
0.160491135357503 0.240990625504859 0.214633002459592 0.383885236678046
0.16299941490575 0.0342704796908325 0.330719605189541 0.472010500213877
0.338700831242738 0.0835334081266318 0.338807668224196 0.238958092406433
0.368520959560132 0.0269464154391857 0.313890544430993 0.290642080569689
0.289065567018313 0.172962348669668 0.16403840225267 0.373933682059349
0.169775280132574 0.28191726613327 0.326490547234236 0.22181690649992
0.129904173817229 0.248474354003947 0.462713102458361 0.158908369720462
0.178428076559343 0.327794684725954 0.110562860540801 0.383214378173902
0.292135375832637 0.115987871695138 0.178667816679253 0.413208935792972
0.0705241237940704 0.0737891058545035 0.382279198258378 0.473407572093048
0.0903601215864982 0.416916214073289 0.308950598613376 0.183773065726837
0.398859977880897 0.0734792675880114 0.14584153764035 0.381819216890741
0.0806065244813164 0.354275469069438 0.041664227166385 0.523453779282861
0.141616734710473 0.258860026533266 0.230659746471525 0.368863492284737
0.0975300966613106 0.147373487782102 0.47912477747866 0.275971638077927
0.445261428096507 0.0386860805889354 0.17468194486621 0.341370546448348
0.0450273922430316 0.354961815795454 0.196427121386548 0.403583670574966
0.0947379771992265 0.594042732063011 0.0986601348913604 0.212559155846402
0.40681394125687 0.143523305550427 0.436507223808687 0.0131555293840161
0.670721668537362 0.0763700158801672 0.0258610165100283 0.227047299072442
0.160063701938726 0.263809299607177 0.358792756203513 0.217334242250584
0.0786029935174623 0.336994144977356 0.229609536982419 0.354793324522763
0.113358488203728 0.00496917311517691 0.641624880873898 0.240047457807196
0.206621058971113 0.623606648287941 0.134257116462637 0.0355151762783089
0.015406139191234 0.096045961881249 0.246542425326598 0.642005473600919
0.24872970815007 0.0955299591668675 0.248797355138588 0.406942977544475
0.010207541391545 0.0845053992221186 0.432475609938369 0.472811449447967
0.251834476413973 0.240822687285154 0.279946761493339 0.227396074807534
0.271971009786586 0.220585403988422 0.213859847330015 0.293583738894977
0.199682136942369 0.290000915059208 0.202876904209954 0.307440043788469
0.232597836564574 0.341449874449385 0.199806567844237 0.226145721141804
0.254343108233587 0.266950952164553 0.0718929244769251 0.406813015124935
0.0350424504810755 0.273956650662539 0.451019389746619 0.239981509109766
0.240805009434037 0.481899999537517 0.0100210152385557 0.26727397578989
0.332815314072504 0.307362130586663 0.133891754448536 0.225930800892298
0.0770709649806479 0.205754614573561 0.396946578978615 0.320227841467176
0.240380592837525 0.237483074845664 0.202140488433652 0.319995843883159
0.113861642361197 0.358685359692357 0.20790172880951 0.319551269136936
0.265561666878766 0.359489770406902 0.208508876586869 0.166439686127463
0.241626344931001 0.0347539884297401 0.33936941793292 0.384250248706339
0.290550804401162 0.217146740699945 0.33003742250064 0.162265032398253
0.371540384743996 0.405371723314867 0.104910448222466 0.118177443718672
0.332204210291626 0.48794539664967 0.139963278654273 0.0398871144044314
0.134436446757557 0.333938342726652 0.210454344511413 0.321170866004378
0.333283821854056 0.354876045081685 0.0589081660860785 0.252931966978181
0.231063289471108 0.0201340703463072 0.251079434016168 0.497723206166417
0.353474126840311 0.131765816473882 0.104487572426526 0.410272484259282
0.151855814650324 0.284393735184363 0.215401787381522 0.348348662783791
0.0510532668569143 0.501448262371109 0.131074082474669 0.316424388297308
0.153268616409103 0.194331678016843 0.422175094620576 0.230224610953478
0.110099289688562 0.0875325321775651 0.36051540732061 0.441852770813263
0.273940193258901 0.332458495071264 0.236690013127442 0.156911298542394
0.357325858605985 0.272724876676748 0.269505764027622 0.100443500689646
0.117827698938799 0.332002276007905 0.351988962987316 0.19818106206598
0.44412907863753 0.207628459707628 0.177571104828215 0.170671356826627
0.00709479925696874 0.281559896956662 0.270925247101583 0.440420056684787
0.385394951500339 0.0513887958517824 0.062097172560091 0.501119080087787
0.0883514373765447 0.0546202824224832 0.456700024481071 0.400328255719901
0.169199906886364 0.381180445814934 0.124331838040007 0.325287809258695
0.33752493517813 0.396457755355186 0.17234259088843 0.0936747185782539
0.162666676919336 0.0947894359376829 0.484109227851557 0.258434659291424
0.387827843150784 0.235060404062191 0.0890590178864755 0.28805273490055
0.0595507561595282 0.363809848289216 0.339012238684098 0.237627156867157
0.284561343837152 0.304206383826448 0.264768387381105 0.146463884955295
0.0967932352912412 0.30824058093155 0.0544852944232438 0.540480889353965
0.421293147103697 0.0737158694730547 0.217373965634348 0.287617017788901
0.28597962438939 0.333435018579533 0.0344284865231703 0.346156870507906
0.256699080612291 0.486093405974935 0.135896922416677 0.121310590996097
0.486759219638365 0.191394141499172 0.178659887338832 0.143186751523631
0.250790872836508 0.209968149075886 0.350035162469797 0.189205815617808
0.262127763527677 0.109241549639134 0.270668577403467 0.357962109429723
0.273398673271144 0.304324961948987 0.11592043618896 0.306355928590909
0.153919813585292 0.368805078478063 0.157418006071107 0.319857101865538
0.449116848265807 0.159576212232751 0.185300065189256 0.206006874312186
0.0494420636513695 0.236166211317135 0.488102395466289 0.226289329565206
0.0776301704949619 0.14924371552882 0.430127458571492 0.342998655404727
0.0938822421494128 0.472067341929961 0.409965756834211 0.0240846590864152
0.354366835172342 0.119722113669188 0.118037424212539 0.407873626945931
0.314103673497487 0.208435521461611 0.289919787574128 0.187541017466774
0.352748275889645 0.148471400965569 0.284273006858752 0.214507316286033
0.29886982038185 0.0753442387062197 0.310653801558798 0.315132139353133
0.0175906507022097 0.509761381360546 0.0870634402075546 0.385584527729689
0.249370938833951 0.425225604517775 0.194916349800688 0.130487106847586
0.0992171295179217 0.397343365735301 0.173918024829779 0.329521479916999
0.390703461039656 0.240436363374426 0.126498385854828 0.242361789731089
0.339604153621623 0.391919852516935 0.151679447978932 0.116796545882509
0.172005542581129 0.374417758576916 0.286337875319885 0.16723882352207
0.0929257613576926 0.237390117511677 0.519984334569391 0.14969978656124
0.530977714445319 0.127232937062354 0.0119235132413311 0.329865835250996
0.203741838796663 0.412138345317052 0.169587339029879 0.214532476856406
0.346439483575612 0.240718065255407 0.13485250215868 0.277989949010302
0.102660284809011 0.35250339010767 0.185045819698311 0.359790505385007
0.185112114166935 0.357573858374609 0.219167004241538 0.238147023216918
0.27792853593335 0.151063603694407 0.229635840795358 0.341372019576885
0.203834360976469 0.341680243358853 0.105648882160556 0.348836513504121
0.226953792797579 0.107085588865812 0.343935755551721 0.322024862784888
0.35490259602546 0.415178315128197 0.0150123467114365 0.214906742134906
0.412387129321452 0.166986969031682 0.0496606664101699 0.370965235236696
0.110974911660033 0.465514879867352 0.370517063169398 0.0529931453032168
0.109399860751997 0.357425631022465 0.210371967964364 0.322802540261175
0.351394307816532 0.434902020180459 0.0845866146912787 0.129117057311731
0.181325076460567 0.227079072990232 0.380197095429703 0.211398755119497
0.290447949330814 0.239968166666458 0.331976441204163 0.137607442798565
0.218180998735106 0.204260617402538 0.147246905468106 0.430311478394249
0.0849532027667606 0.515673100081007 0.26207917274077 0.137294524411463
0.175251528486002 0.267052755616048 0.415229953213666 0.142465762684284
0.246754002349132 0.322805420144014 0.298110955066616 0.132329622440237
0.0440010367583564 0.269802434098488 0.309022530774534 0.377173998368622
0.167397784161934 0.171795342368239 0.282912694217255 0.377894179252573
0.284989297005796 0.318787095924216 0.127149235446665 0.269074371623323
0.192943615682214 0.274563056100918 0.144254379495005 0.388238948721862
0.127562877352329 0.425187870298665 0.0284490500838916 0.418800202265114
0.0962724072862114 0.247839781348458 0.318629733797258 0.337258077568072
0.164738288518195 0.333166359732172 0.124278866925118 0.377816484824515
0.204358583927413 0.320482521846567 0.382845623741765 0.0923132704842552
0.456014199144606 0.148992115290533 0.265961962169831 0.12903172339503
0.370134523714732 0.142430312215858 0.0896103909268422 0.397824773142568
0.337475836302405 0.107998269115071 0.506991508077946 0.0475343865045771
0.511449406674615 0.219068222893661 0.170807933154758 0.098674437276967
0.239232369109292 0.372755862573549 0.293544163980158 0.094467604337
0.219023731252254 0.23480580217768 0.346919264942888 0.199251201627177
0.0452069537897638 0.330718689300175 0.184140980754734 0.439933376155328
0.382703227329732 0.211424383399231 0.00476737169768618 0.40110501757335
0.302210256817768 0.259426863181463 0.435090167883512 0.0032727121172565
0.149693831357485 0.272875483685363 0.29993601056128 0.277494674395872
0.265235923512685 0.162760288176896 0.314310526065559 0.25769326224486
0.0425178267548179 0.440378765905457 0.122441573469776 0.394661833869949
0.195223380958755 0.0080605123709854 0.0443046234324357 0.752411483237824
0.24543463469755 0.14938641596876 0.277830731243892 0.327348218089798
0.261402827931787 0.224765212556796 0.298769526645331 0.215062432866087
0.104994312464263 0.319557386188233 0.0984410000471966 0.477007301300307
0.381566547757718 0.22733300269372 0.0407928707732657 0.350307578775297
0.414552655480385 0.382854967182225 0.128292954047105 0.0742994232902859
0.758179605174404 0.0153841726454496 0.0161207049796754 0.210315517200471
0.375369900609447 0.26973282120779 0.280684784269546 0.0742124939132175
0.0898979751983813 0.143135257240306 0.70071926959883 0.0662474979624828
0.068994220859919 0.0728834118014151 0.812893104845869 0.0452292624927969
0.396889590026123 0.167069076795994 0.0988582991042219 0.33718303407366
0.412202628786845 0.426858270917646 0.0233656377353978 0.137573462560112
0.233744861520831 0.0656698228543114 0.320738441507168 0.37984687411769
0.197014479515695 0.24783948592061 0.134324828882889 0.420821205680806
0.0757867409241973 0.123986840170867 0.144308129982283 0.655918288922652
0.362714692981117 0.0294345165871319 0.274565302457432 0.333285487974319
0.020434817946071 0.444557731527169 0.150516914838537 0.384490535688223
0.112108072098243 0.324512259613535 0.0508904427801277 0.512489225508095
0.187721371173546 0.250899795351452 0.0237387612395128 0.537640072235489
0.276892042095605 0.53530367744095 0.0955282562231176 0.0922760242403276
0.126260879630626 0.28864805349277 0.264573571722793 0.320517495153811
0.4055616766303 0.311672437232069 0.0580958244570908 0.224670061680541
0.387846468527107 0.136238567843656 0.254136677442102 0.221778286187134
0.352880980921184 0.216848704185638 0.148458700876217 0.281811614016961
0.0939687450248437 0.276515012108857 0.365483595456819 0.26403264740948
0.415997987348581 0.0906652033965789 0.0177429573520633 0.475593851902777
0.382455211199164 0.270986059288594 0.235115490759762 0.11144323875248
0.178149500973573 0.383178816151024 0.0487138103603413 0.389957872515062
0.136993517087898 0.569575192853724 0.237425078045737 0.0560062120126411
0.233893740877922 0.497576895920714 0.0818661901736094 0.186663173027754
0.275797594575717 0.180942148475793 0.259211407164709 0.284048849783781
0.27977421631496 0.221272037228757 0.0494811716712561 0.449472574785027
0.250566249624066 0.283994506785409 0.170803427907119 0.294635815683406
0.149364943899071 0.385329715559823 0.359366175849629 0.105939164691476
0.377294661891203 0.453370986803339 0.141238341149031 0.0280960101564269
0.244130569932948 0.1160422561898 0.324296962996379 0.315530210880873
0.462986649899539 0.146492755799566 0.260477709045842 0.130042885255053
0.225614079934873 0.324154219354212 0.159978490356823 0.290253210354093
0.0546353035844409 0.477679675621466 0.236331004512724 0.231354016281369
0.240270893907846 0.328002999611043 0.168219043355919 0.263507063125191
0.388610911294246 0.311443534620731 0.0540681060959765 0.245877447989046
0.330800893947042 0.0939907293229407 0.175752339292988 0.39945603743703
0.396375459507889 0.33024109338634 0.0638553894851347 0.209528057620636
0.0272847618455012 0.198110701310468 0.656838699049986 0.117765837794045
0.302444708161661 0.271790545450331 0.22654676752367 0.199217978864337
0.432076147870032 0.0177663817152019 0.184147053525363 0.366010416889403
0.273869397379901 0.0367163114728429 0.326530808943516 0.36288348220374
0.366765102707586 0.302813498870545 0.16706301117996 0.163358387241908
0.0581552015803965 0.224277278176754 0.30083080364533 0.41673671659752
0.0667545126831893 0.36167934162129 0.391812498814017 0.179753646881503
0.130330117302093 0.246017935208177 0.0860716470945321 0.537580300395197
0.237767750695292 0.305155492324213 0.299188163113211 0.157888593867284
0.348756907156036 0.14950718807014 0.28116030676145 0.220575598012375
0.333336873111508 0.0599127870512831 0.240167697079729 0.36658264275748
0.180768728073768 0.131746804941088 0.285926172204907 0.401558294780237
0.342755358647516 0.276588635815737 0.132430094564681 0.248225910972065
0.412679459849768 0.209516444871017 0.374094624357984 0.00370947092123057
0.155665996330816 0.181720289011093 0.32011251590787 0.342501198750221
0.437327600571971 0.00659260836271054 0.223561088017905 0.332518703047413
0.290458960923502 0.336084811474893 0.317998512359139 0.0554577152424662
0.196711105281218 0.348026287337071 0.265875994560493 0.189386612821218
0.238174609594705 0.240839082097346 0.0854639195548965 0.435522388753053
0.359689372934731 0.0742145288613152 0.504780097737069 0.0613160004668846
0.457734392729855 0.357196079101118 0.120587575807521 0.0644819523615056
0.35923287669549 0.119070059825615 0.105751907366037 0.415945156112858
0.0476632509500886 0.239816181327767 0.453159752474964 0.259360815247181
0.140334335565193 0.272932406022449 0.0417365129331239 0.544996745479234
0.384417111125989 0.236895872642857 0.275253112224587 0.103433904006567
0.215205811794453 0.378024031736188 0.317129565207194 0.0896405912621652
0.0194482238077346 0.263941270307924 0.319828242085125 0.396782263799216
0.260498925844258 0.116005135806625 0.261791503437994 0.361704434911123
0.382146139510549 0.514649240317494 0.0148911537845185 0.0883134663874389
0.0821604284330089 0.415989148008714 0.391396495921685 0.110453927636592
0.400355869376605 0.435485499105989 0.163337037663415 0.000821593853990537
0.00251089489940865 0.53704741238572 0.077659074833639 0.382782617881232
0.377016694721908 0.188046483556039 0.107813652777606 0.327123168944448
0.348610353290323 0.0508908334463883 0.553028204151967 0.0474706091113217
0.214819791040133 0.212912933269106 0.52526503861839 0.0470022370723698
0.51030870980536 0.0316647409165264 0.0126347590075158 0.445391790270598
0.43669793133165 0.440358268550557 0.0717607211698143 0.0511830789479788
0.233563046505802 0.32694030694107 0.0896664200337065 0.349830226519421
0.017829086915978 0.449256777004446 0.398071526672011 0.134842609407565
0.229273274894503 0.0861749722797103 0.415961650137138 0.268590102688649
0.303490828072784 0.237775294702092 0.174418362248633 0.284315514976492
0.0204119618531634 0.378696075790137 0.31988892192627 0.28100304043043
0.191106422440195 0.27406079096209 0.167478507782427 0.367354278815288
0.340716592241473 0.24891351258263 0.142290192361736 0.268079702814161
0.0915814369161268 0.13438159476594 0.294670776228309 0.479366192089624
0.309541665297459 0.0836899521732566 0.328502875624967 0.278265506904318
0.76902469376395 0.177315408589478 0.0475943401694396 0.00606555747713174
0.366560063837393 0.198219463613368 0.396662969681912 0.0385575028673266
0.339281312914371 0.32679923559823 0.0737355733996395 0.260183878087759
0.171238684001419 0.315442175652206 0.0054277060808764 0.507891434265498
0.258987707939517 0.0875478306003272 0.554817054786926 0.0986474066732293
0.225179842096659 0.346334671093254 0.210518244369472 0.217967242440614
0.194976821189123 0.317670487410448 0.189028350273469 0.29832434112696
0.184737679589132 0.202062164588339 0.311984106577311 0.301216049245218
0.220327642991495 0.378670349312067 0.117638127740002 0.283363879956436
0.0777089149905969 0.324305486488956 0.0169993259210786 0.580986272599368
0.336642297934978 0.324210857979187 0.285726693068964 0.0534201510168714
0.069088727620757 0.283311691868293 0.292582926362556 0.355016654148394
0.209811805801469 0.469607765079349 0.105504091183985 0.215076337935197
0.323841259295757 0.176582623052997 0.302799102407768 0.196777015243478
0.424874251421856 0.412614176099968 0.14349567612843 0.0190158963497452
0.010144571104807 0.118516024630072 0.6599244039824 0.211415000282721
0.182560981259395 0.21039021603216 0.418345506127928 0.188703296580517
0.105928723169945 0.416288985290095 0.160794926549749 0.316987364990212
0.271537453816258 0.116664385360505 0.226915258434356 0.384882902388881
0.319058112975044 0.249912088153422 0.158970509357381 0.272059289514152
0.325379743522552 0.388281397735061 0.247267721548831 0.0390711371935558
0.163524740311333 0.49363496535564 0.249706423468757 0.0931338708642702
0.23222750963144 0.24357984579809 0.240605389479439 0.28358725509103
0.179710713160038 0.15830356129534 0.214326393723879 0.447659331820742
0.306494664543836 0.392555038352032 0.253855233786478 0.0470950633176536
0.014774603383998 0.112629870713721 0.466887337869737 0.405708188032544
0.312874580462667 0.291871246729627 0.260495786720261 0.134758386087445
0.156040087854697 0.0782060749756124 0.352430954958636 0.413322882211054
0.171268566924036 0.136164871798716 0.198838380141063 0.493728181136185
0.0215687323357827 0.0418958768102851 0.743223166467012 0.19331222438692
0.679847325726837 0.0375092830430363 0.00257279024365679 0.28007060098647
0.230149835562317 0.297216428510338 0.14367268375757 0.328961052169775
0.0758134798534446 0.321143735936123 0.316681821866102 0.286360962344331
0.326282813751373 0.3932185599043 0.0157812269560338 0.264717399388293
0.111745090748669 0.40675301849535 0.0101372385260772 0.471364652229903
0.371543596822993 0.292997991163464 0.278372679947536 0.0570857320660075
0.124662271225412 0.0259588675929938 0.538012107198008 0.311366753983586
0.292735807522636 0.023750756683963 0.341362476106061 0.34215095968734
0.364166585049246 0.143039093138239 0.396389684415406 0.0964046373971081
0.153235601620233 0.229193690635699 0.382250616572944 0.235320091171123
0.229713086048142 0.29994874970454 0.240226897787248 0.23011126646007
0.0506989685321351 0.547597842864836 0.116950988599895 0.284752200003134
0.373306238570088 0.116994855169221 0.375782748452706 0.133916157807986
0.405199573553174 0.165831423397612 0.343193198364649 0.0857758046845651
0.0697567010758665 0.330702407790796 0.222608331254174 0.376932559879164
0.108767885749301 0.330901615758888 0.442741853586706 0.117588644905105
0.262602348237839 0.3035682719316 0.136034330978309 0.297795048852252
0.355262085250239 0.286818593476969 0.0844626485565778 0.273456672716214
0.328319772351597 0.332034327817931 0.21019982214033 0.129446077690142
0.127052394247643 0.248073575655702 0.31736923595864 0.307504794138015
0.253620892202485 0.184877287359662 0.245219633594767 0.316282186843086
0.181528382382207 0.665037976095474 0.1278839614658 0.0255496800565192
0.0504798375177797 0.552051769392724 0.324846287243277 0.07262210584622
0.200722574702582 0.262126580413431 0.26780753298781 0.269343311896177
0.338127703495713 0.0194245346087222 0.338239509148607 0.304208252746957
0.306399491266477 0.288449063136743 0.259327332703625 0.145824112893156
0.124548281502535 0.455583399881691 0.376869207850424 0.0429991107653498
0.40099284685723 0.206507138253379 0.0156777710329756 0.376822243856415
0.295909978809724 0.237412967154872 0.158723102420278 0.307953951615127
0.160617113184325 0.076368013490214 0.236413221315048 0.526601652010414
