0.203349768251577 0.0532535949798106 0.109043454253107 0.273105860149293 0.230472659894022 0.0796151751864543 0.0511594872857356
0.254177698829341 0.146879912946993 0.0276534782931991 0.30839573857089 0.0700462092752631 0.119803620649733 0.0730433414345806
0.0917653264716917 0.218023287150886 0.04199027409641 0.171571701605599 0.171913697531062 0.160540858402168 0.144194854742184
0.041912189786116 0.120165514466292 0.201250816533383 0.178013172459749 0.115526496116747 0.0786015629209856 0.264530247716727
0.18180269025749 0.2429966499457 0.167123872808253 0.0109410619988301 0.0713833075703208 0.270128031266177 0.0556243861532295
0.156550467451819 0.244070135716624 0.156539700535427 0.136044421352773 0.045982059983322 0.0656175492236112 0.195195665736424
0.161822525146475 0.135216474069381 0.00673779931972131 0.158347712018397 0.167746005089734 0.201590076494752 0.168539407861539
0.0630346753796295 0.260949373863296 0.00216008094446974 0.20390639478468 0.155488696324161 0.0178300504623581 0.296630728241406
0.0126249766667768 0.10093754003882 0.0532147184141481 0.28943322050991 0.236612480854512 0.0424729112726864 0.264704152243147
0.135144814176088 0.200435949981149 0.0716252408021598 0.0329996141275468 0.26868796424255 0.21451078052121 0.0765956361492961
0.360932827006375 0.15433645421955 0.0708578938928915 0.0760832460888148 0.16338387467685 0.157604675766233 0.0168010283492863
0.0639372717534034 0.274046290573354 0.187585391310738 0.287221112586589 0.0195512487201973 0.0236216077276531 0.144037077328065
0.100293854784094 0.00976878842473587 0.315319974219654 0.126324812761337 0.34761431157046 0.00193032491609362 0.0987479333236255
0.099150087340505 0.0936426052600737 0.283944461213142 0.192494883750123 0.192606791739664 0.122797527154654 0.0153636435418392
0.0852889633357258 0.0431034584806471 0.159536941901817 0.130417686086118 0.230166667349775 0.342040036685133 0.00944624616078355
0.0978889785658512 0.151562867946349 0.143358509113047 0.170665884197419 0.0354612737032128 0.295753249092235 0.105309237381886
0.0727656202213348 0.243903323142818 0.00434819984879292 0.0684155256832118 0.265413632796152 0.335825800248384 0.00932789805930634
0.222208330107117 0.170495769291615 0.0270366426338385 0.254358285034144 0.0347025685079931 0.229135183806581 0.062063220618712
0.317213038954427 0.0980559068388398 0.0157763959051447 0.0766243489384925 0.0236387281253535 0.0685270973085134 0.400164483929229
0.0521552960331426 0.096869612561855 0.122875816447469 0.0745514270000655 0.204779216780396 0.122828601569465 0.325940029607607
0.0201102097755171 0.220279359685652 0.135032864331022 0.261292835764748 0.0119376867062352 0.23347942398311 0.117867619753716
0.0310191196899356 0.245291610364583 0.21824335069098 0.118039232276703 0.0926602189567523 0.111707080829452 0.183039387191594
0.0860927995526968 0.138891231776389 0.03688345948267 0.262661452654313 0.191412464160771 0.105031994396236 0.179026597976924
0.170593339559885 0.132703636736132 0.157807348276502 0.170448695920795 0.162476942944899 0.105882139153774 0.100087897408013
0.15088277654661 0.214842593401446 0.207103528341347 0.0391124165247213 0.133277083733317 0.0482233319281421 0.206558269524417
0.00706622875027591 0.00440325696872342 0.213128145145513 0.0879726784921956 0.0710900052633931 0.0661489962246667 0.550190689155232
0.154946843764799 0.152497794139197 0.0745960526948656 0.187845433822926 0.186912089549774 0.142890182431235 0.100311603597203
0.00475346658113529 0.0420654819538426 0.440037123367869 0.0801732305679886 0.0399470819809757 0.168559787442557 0.224463828105632
0.0267596655313575 0.280966314960671 0.410133404281474 0.0425105857647946 0.020604729837061 0.100751522139043 0.118273777485598
0.148456201153134 0.0849647872103669 0.142102955892555 0.216879031697298 0.211561146809695 0.189187292733716 0.00684858450323509
0.195661525770563 0.12436754510207 0.00793968146594851 0.103606277598383 0.173317487981099 0.201416944602937 0.193690537479
0.0152078426479061 0.247038126325638 0.0537502797783048 0.207241726693554 0.209424835315543 0.164517083905291 0.102820105333763
0.202296917155636 0.0854882900545188 0.0705599895019875 0.180503563030739 0.0875408961421878 0.185771301460302 0.187839042654628
0.108749781972968 0.209655388819687 0.00574719218428039 0.0331828145197228 0.232854021109626 0.260127911845869 0.149682889547847
0.198245148556827 0.123346933606997 0.21546675855149 0.0451222308195222 0.234690850124083 0.0271441814145584 0.155983896926521
0.278348505450245 0.139325390010789 0.198428521708143 0.0646317142492007 0.097621635507077 0.0820267774526761 0.13961745562187
0.225471186423717 0.137061804722526 0.181096242785264 0.209812076769077 0.0399572735060374 0.16577021887683 0.040831196916549
0.216604251579299 0.0473168380608153 0.147105312618452 0.159373948633523 0.0665485844315575 0.198725593149427 0.164325471526926
0.159153460045809 0.146791634569237 0.0507408960560914 0.12153384906112 0.137919679516303 0.164176534739975 0.219683946011465
0.264571198439177 0.0129139135307716 0.15357132257598 0.0657478397503413 0.210519169265992 0.0317093303269241 0.260967226110814
0.0422542947795032 0.270620820553652 0.15510278103467 0.144954860698505 0.163701151582169 0.205255077901712 0.0181110134497891
0.184923934447685 0.0224218206012568 0.121509822326652 0.25933835664832 0.10811521340595 0.0682854302734851 0.235405422296652
0.306825208393436 0.0655092789176621 0.147096559303942 0.0670715620743461 0.155250886079344 0.133209458807662 0.125037046423608
0.0901155064713375 0.0669150983014761 0.0690950639402275 0.189085053829789 0.308295548614704 0.27220101414427 0.00429271469819486
0.187040953031846 0.137534876562072 0.19579769711623 0.150838439317043 0.0999530029997521 0.176080518039293 0.0527545129337645
0.0978227438718808 0.0820320683023014 0.145950530630172 0.149825927819603 0.220400968539169 0.166952264412797 0.137015496424077
0.227112759424172 0.190468577256766 0.090536840611104 0.0733911437355302 0.214612208945407 0.0414886366261229 0.162389833400898
0.189254328312987 0.0683640246158548 0.19803486107966 0.103242260980065 0.00136135437884175 0.244868469994023 0.194874700638568
0.0860929514059184 0.0383967422388745 0.188952300334852 0.258105121599212 0.0262689813266657 0.257841127746521 0.144342775347956
0.185793014272331 0.207287321263068 0.1017059127397 0.0422544904440327 0.145336043157828 0.0739221404929148 0.243701077630126
0.231694087955115 0.0935291417625776 0.0764634848393862 0.0729052096993214 0.188863206483079 0.165297870179739 0.171246999080781
0.196412820618499 0.32397182744787 0.118573425097851 0.0663349286641379 0.202095422020037 0.0687264492022507 0.0238851269493549
0.14178567728713 0.257917273249268 0.0619014850012016 0.247081514191035 0.034907573540438 0.132591476798756 0.123814999932172
0.114154739846394 0.19764074917861 0.0140721530085864 0.208687902114934 0.177920288056529 0.0667230363086968 0.220801131486249
0.281205940166788 0.212882650586043 0.179768239626193 0.080097233960792 0.0939553654241356 0.00136478861414992 0.150725781621899
0.234471318970554 0.086222436593792 0.288505613386974 0.0780638995049718 0.032057576480317 0.182578613585287 0.0981005414781042
0.0961390576773067 0.196356112721272 0.0412283788345144 0.133460237385586 0.0768417474448354 0.2673415158529 0.188632950083586
0.20627014762317 0.27946535300967 0.205068038641982 0.198156774416004 0.00230988458117705 0.00927424016436366 0.0994555615636338
0.131000800630915 0.236807992727324 0.0959328254262837 0.0990849860155476 0.0143174132074271 0.174130283890541 0.248725698101962
0.0751049793506456 0.0521092596868604 0.121662773348514 0.0462200334308108 0.215972026711773 0.243749364642949 0.245181562828447
0.145183495444004 0.115021697990036 0.121754834073232 0.162800439013993 0.126238186186277 0.177177219218146 0.151824128074312
0.165429017643703 0.189232590828385 0.154342255035397 0.0592543035694231 0.195829413694127 0.0707365631160937 0.165175856112872
0.163191736706304 0.279431467860146 0.0366416543962177 0.00656827410849091 0.138809359716289 0.0381870224136086 0.337170484798944
0.0238741757295261 0.188589875500353 0.157594362009382 0.229784674400201 0.308241350827292 0.0769900319625738 0.0149255295706727
0.125011642983169 0.206986361540414 0.0382911109864112 0.159180275252504 0.063974132625942 0.21116492421252 0.19539155239904
0.114659606262486 0.18253767826855 0.186885798195407 0.165549271830934 0.152848329673967 0.189346679869835 0.00817263589882171
0.208327300551725 0.035742196697973 0.236552918842978 0.0400691802927028 0.111036511255295 0.133125437531883 0.235146454827443
0.15024340755807 0.103274591756191 0.24976268563287 0.147488319478528 0.0695403323978595 0.153411028170284 0.126279635006196
0.159432012435767 0.198086353097775 0.0558078165974301 0.217691940907524 0.0755984644835244 0.185217095209167 0.108166317268813
0.247336957762053 0.180422971954246 0.215896978726096 0.185681258762321 0.0731924351385883 0.0903151335212669 0.0071542641354286
0.110309701639534 0.215381552503895 0.275494576888781 0.00802240983846632 0.0970847426157266 0.0913217658569743 0.202385250656622
0.100058646767475 0.0946495924003271 0.305866725007733 0.0310976421693938 0.325329466569326 0.0920933628802515 0.0509045642054938
0.0306862792111472 0.0717389593834575 0.131174986700507 0.181119587104613 0.178432585405898 0.21692064403935 0.189926958155027
0.0129479183751519 0.0942677010239938 0.285019421585912 0.15778615294663 0.306285181942479 0.0717685525969924 0.0719250715288416
0.130375942763771 0.149840805873797 0.173079393043551 0.191844108245243 0.14865482389514 0.126208639867582 0.0799962863109159
0.0117597734447412 0.23518637707796 0.00957365716223036 0.221706698343139 0.157555448019969 0.29109262365913 0.0731254222928308
0.249708281525053 0.0112566777062093 0.0730651957711449 0.208185623935284 0.10318484086068 0.140871555998898 0.21372782420273
0.139291095407997 0.200605348963409 0.0259638638672986 0.121616738679676 0.190143688168706 0.223783831505756 0.0985954334071583
0.212531740713841 0.142354864553859 0.0810771606090142 0.16723923540518 0.269805128135726 0.0430095120575526 0.0839823585248275
0.0872596046716396 0.204244008661199 0.0464090293290673 0.126846422215841 0.0966778808695672 0.218539030629781 0.220024023622904
0.0345707539688869 0.124995633552175 0.208460062876591 0.0138912832848294 0.192932789042758 0.20293390573704 0.222215571537719
0.243088450185403 0.198110795749599 0.207493072560052 0.0299814052206821 0.152983709915374 0.0213257822181191 0.147016784150772
0.260465583077803 0.178883735041174 0.236028108644136 0.154280890978192 0.0459424135207807 0.105015003701232 0.0193842650366823
0.139381674840984 0.104841921483748 0.0585544869295733 0.00658198713545612 0.268245087392915 0.150580169729543 0.271814672487781
0.0291101179072265 0.219188564627085 0.117550712971418 0.272324243135018 0.0695780152225646 0.226862848092054 0.065385498044635
0.0288115311879973 0.240910746005549 0.187270222690231 0.164791037685358 0.120135306931516 0.125931219197303 0.132149936302046
0.188838125560264 0.114002150856496 0.222456683268958 0.170057323808409 0.0305675005048484 0.0415405763180413 0.232537639682983
0.163049117012408 0.181885496555374 0.175783177187667 0.203761640975499 0.0338949454913059 0.173260079601416 0.0683655431763306
0.0279943391937179 0.0606295322680357 0.203616242559108 0.225002281484052 0.0593816770579848 0.268930846128985 0.154445081308116
0.210005630244172 0.0321559732640606 0.156561530647335 0.104463945108322 0.105301961463557 0.376679197622314 0.0148317616502391
0.211529766973316 0.00148763291523312 0.163897903501689 0.182990057174076 0.0355381701090464 0.225515564905957 0.179040904420684
0.170567831543833 0.193495661559877 0.161226090573253 0.148868570565918 0.0843456416461857 0.172386042076797 0.0691101620341369
0.208793952795652 0.140104456939965 0.118757099067383 0.0733496517296388 0.0903011022305471 0.22450336490019 0.144190372336623
0.0246284070035598 0.119113358869936 0.25623358107264 0.0789228141462449 0.233687044606395 0.10426596368424 0.183148830616983
0.246126558628152 0.223709363816107 0.130082191505692 0.0486129680585777 0.0968901079385827 0.0495847798058134 0.204994030247075
0.307698309917699 0.0248947490352618 0.0458681312376976 0.243524628373466 0.0444258847449331 0.146684332410109 0.186903964280833
0.223854584116758 0.0141377225980061 0.177307901882585 0.249832504766316 0.0690590802292377 0.143324128059725 0.122484078347373
0.0837754911480568 0.24213608921619 0.127951155151487 0.275227743788959 0.00726239726015966 0.219576720243922 0.0440704031912249
0.240229612172363 0.117093129716048 0.226569278914543 0.144581652825171 0.146760695604378 0.0201918940358604 0.104573736731636
0.276331139237497 0.0535665565130344 0.129882152713052 0.0194828002856488 0.268479398804631 0.0500236340610638 0.202234318385073
0.0244979788399785 0.224851563918496 0.200984862831285 0.0789954183357994 0.231152433094003 0.181964939964707 0.0575528030157314
0.173612284526453 0.140825118173839 0.0672804052501113 0.119903531151613 0.172731319888725 0.161219421899579 0.16442791910968
0.362220156087592 0.178789924448762 0.0433295959829741 0.0905241659294333 0.0845632287894657 0.0702961095571204 0.170276819204653
0.194547585669323 0.207973342164362 0.041689863208746 0.100023587101671 0.242997839240248 0.199901623254989 0.0128661593606615
0.136377266093379 0.206148427495765 0.199378428051898 0.224420657271936 0.0191226373027497 0.0930796056299149 0.121472978154359
0.127941901268017 0.0262121857474157 0.117912910190138 0.268957922382436 0.277709674750533 0.0827984314922643 0.0984669741691958
0.024278468638649 0.116582326975517 0.023056542390606 0.233605135986133 0.122975872317486 0.328178561960231 0.151323091731378
0.267126141488714 0.0486768469704953 0.158779157535661 0.171182099441742 0.0674708242705666 0.0957029759732075 0.191061954319614
0.148743893040302 0.186265630587408 0.180076553785515 0.0394527902231945 0.17810547067797 0.188926221046618 0.0784294406389925
0.125272474289873 0.151664347432018 0.183577999553428 0.0864982153019207 0.1810789728901 0.0685662001431625 0.203341790389498
0.225862054101621 0.207339218777775 0.187501133986555 0.0617675900604195 0.0917779822090269 0.153554083684745 0.0721979371798582
0.0838039120249317 0.14297934703305 0.0657792805945355 0.265021432789084 0.0406926432103303 0.268001807472281 0.133721576875788
0.18035640160303 0.182355581692074 0.0373137795164203 0.152522256151842 0.0958079313132913 0.351270475992634 0.000373573730708878
0.261405938199732 0.0872628831221555 0.276386779297008 0.256185911195353 0.0230862132569168 0.0420559990897366 0.0536162758390973
0.169255115909113 0.128517954425361 0.1476018613947 0.188674652077061 0.056210585501511 0.126501305613091 0.183238525079163
0.23464832716691 0.153210580505076 0.10169941199462 0.0654067374804835 0.129752246714133 0.213899185788618 0.101383510350159
0.150879040125902 0.194802140503711 0.00444129062621862 0.150460618216291 0.204554611301466 0.162527148127549 0.132335151098861
0.101834646050361 0.113390881987496 0.035862046236691 0.167716045737894 0.141793557726641 0.213792266317084 0.225610555943833
0.202878947772894 0.0939130884815154 0.22076521675024 0.0408164793122592 0.175869939677774 0.154414102512684 0.111342225492633
0.071303311913538 0.024381300429441 0.136140792214158 0.234080459679393 0.282071824845852 0.178223639862359 0.0737986710552587
0.132330082627057 0.315410995164234 0.033235469225451 0.219561946090298 0.170984462744329 0.0988972950124187 0.0295797491362124
0.0471531046540642 0.315933928217172 0.0632118179735947 0.0854256960963487 0.111758423614752 0.11652575157496 0.259991277869108
0.184105686657421 0.206262057131497 0.300494306256341 0.0561407707907048 0.00136167315838348 0.12082027650801 0.130815229497642
0.152545486409193 0.0775711105539018 0.286510521127053 0.132379952330226 0.0973002062167592 0.0114013901606712 0.242291333202196
0.136666428176687 0.248543542297398 0.0664049715313225 0.154411187981094 0.106833633271421 0.00995399483548489 0.277186241906592
0.169741650164452 0.151768218029084 0.19105177031131 0.189888919156287 0.0741315099358379 0.0470623977693847 0.176355534633644
0.299800268629601 0.0199096029410359 0.0216347316119545 0.235154310143218 0.170214461502082 0.10811136841164 0.145175256760468
0.235367751635838 0.298664635482524 0.0548712061950029 0.104321211248197 0.286218571970699 0.0201762623257079 0.000380361142032189
0.154757632995846 0.124707959348567 0.204236638485921 0.1437406016458 0.0532692448153085 0.183633782538573 0.135654140169985
0.140251034751191 0.0212162133196862 0.123095064039702 0.127204158838674 0.307786046673183 0.0852046678707855 0.195242814506778
0.085977585773887 0.0818050776651339 0.260063591521397 0.10723028042432 0.0766313355464222 0.173686944046398 0.214605185022441
0.123214081847293 0.227177468974671 0.105518595255286 0.099639364761449 0.149741495593481 0.0540550548596191 0.240653938708201
0.191807404038014 0.213575009469043 0.216902523795471 0.172117635367885 0.115484415881953 0.0272665110714922 0.0628465003761417
0.298707654075947 0.0303169694378988 0.23598312794523 0.163335192945594 0.0163444127214959 0.0831321845316925 0.172180458342142
0.131714414519319 0.169689588912463 0.0257440670106003 0.243909579941624 0.110492107673697 0.0623692563174332 0.256080985624864
0.00240084078370963 0.227940649700263 0.0721690320908381 0.0804533885340338 0.234404787519692 0.151889495726357 0.230741805645106
0.142505276812465 0.0281347292728447 0.0590673298209956 0.155333727224482 0.0836194846138326 0.156627529818695 0.374711922436685
0.0918318018847476 0.116864390630942 0.188656582566762 0.0115518509157415 0.173038345368821 0.21086226118637 0.207194767446617
0.200117648890657 0.0796119757492552 0.108800328764597 0.0278608661481497 0.0607886361163938 0.248193552356897 0.274626991974051
0.0418671404800769 0.174301689327667 0.0992559260982165 0.201544181196702 0.17735331057167 0.165932678297486 0.139745074028181
0.116630495183762 0.0887552670741988 0.232071657235627 0.0257018335043524 0.150293733552394 0.258825708879503 0.127721304570163
0.0396817706679338 0.22227563334199 0.0918495107223463 0.216245126096242 0.0332933751500714 0.195252806895776 0.20140177712564
0.0737644492207735 0.116140783472915 0.0302752641514814 0.223801220656896 0.059702462008419 0.345129355296905 0.151186465192609
0.0858154642224234 0.226520131923307 0.175525777162575 0.1262068863471 0.0312112198322693 0.145637053489337 0.209083467022989
0.137077961014325 0.206562796708282 0.17261808577736 0.0490438404018016 0.218725331821669 0.182309473919401 0.033662510357162
0.100913234048441 0.311791679903855 0.0227653361058373 0.0700399724782933 0.144605952270665 0.152159067327108 0.1977247578658
0.0474083336378867 0.100990752986203 0.279879319721401 0.182962366610126 0.24147869929358 0.071287612318118 0.075992915432686
0.0441173537707322 0.131532173269226 0.100705474427693 0.173876084955546 0.154154621038318 0.169359865635055 0.22625442690343
0.163211523354826 0.0292127406116717 0.147187052126601 0.196245083021183 0.0982308349931299 0.0778837113398742 0.288029054552714
0.144381714858361 0.161813300002909 0.1693728689026 0.120061834595319 0.102551693236486 0.172429418948716 0.129389169455609
0.20022709430113 0.193571185849802 0.1908333263233 0.0165039542045491 0.261718924668586 0.118268207862922 0.0188773067897102
0.350778703154894 0.092385529727988 0.0129343497041614 0.100232559235235 0.187345327194237 0.0429007724666641 0.213422758516821
0.00289319415319375 0.205005214399359 0.240455194978254 0.091964230139686 0.199069826069252 0.123066731040784 0.137545609219471
0.0890490072480085 0.204214333790251 7.11438719588105e-07 0.00715512242793206 0.181393464927353 0.29089632463281 0.227291035534926
0.141460451135907 0.0653861235643945 0.257443134641965 0.119521896274993 0.0183382394893097 0.136531958548806 0.261318196344625
0.0452710549156842 0.0884112666755468 0.14518035974877 0.222674292226731 0.00813121984075161 0.248505031914541 0.241826774677976
0.162121314659073 0.165431645240826 0.147783630626765 0.174165768864522 0.0871227685409605 0.0589933601533003 0.204381511914553
0.263798981142297 0.124604695031182 0.173735042451843 0.119644919653681 0.156780989132481 0.00776165851298944 0.153673714075527
0.0750993401157398 0.176399947675883 0.107733755732945 0.319712549762987 0.138822190003786 0.0246003747225981 0.157631841986061
0.0601275810593236 0.181293993689951 0.0442202511666598 0.0102408844372048 0.168934604048604 0.45775659511785 0.077426090480407
0.171115214835498 0.0940852629872906 0.102405143989734 0.122744449722225 0.202255467302776 0.147775842873912 0.159618618288564
0.0240145617679279 0.200305389291004 0.238333826224591 0.0779427837532524 0.152578126269948 0.224121393136372 0.0827039195569052
0.216235532229598 0.224361382170041 0.143512092969819 0.0637926426063584 0.096859917352592 0.0870797318097499 0.168158700861841
0.180869684885578 0.120809808821241 0.175528050581602 0.0355268748721223 0.0867660704406212 0.209284024773735 0.1912154856251
0.155823071492747 0.231085627963513 0.101131350639606 0.118476818161708 0.0277371785989037 0.15734516772265 0.208400785420872
0.175958506578471 0.0977183893623821 0.242273829984389 0.193117372130443 0.0991333368398791 0.077232341922441 0.114566223181995
0.162104393215064 0.099453807272805 0.181888280153546 0.160638020150271 0.0336338520110454 0.228662207044383 0.133619440152886
0.131010415704642 0.213578562863215 0.0949187613466481 0.162500429625989 0.108723452672449 0.137713221438368 0.151555156348688
0.189462192051986 0.221772954928865 0.0939923880612872 0.216331892441659 0.0255065146819237 0.180578782303061 0.072355275531219
0.10960902411689 0.0830006011357946 0.0162591073145094 0.0849437612484524 0.492667276629965 0.0981394826961578 0.115380746858232
0.0158202297653013 0.214831970307087 0.235587243081911 0.128825178869807 0.119803315720696 0.104963848817353 0.180168213437846
0.18450077210252 0.121935977218799 0.141186170795057 0.0855307621176825 0.0766999324388308 0.298097268077162 0.0920491172499482
0.343787457053454 0.0106019924088142 0.112041300803794 0.0827150514222575 0.279603033035456 0.142689335014595 0.0285618302616286
0.0505030112598424 0.0594763270764196 0.10820276118596 0.0668024071927663 0.225381610660296 0.337520050329719 0.152113832294997
0.085531737199648 0.0235294745393228 0.0187362265243721 0.058260415969114 0.305574636978 0.229148666421314 0.27921884236823
0.090928657368663 0.00543147911223524 0.0979199647843754 0.0631220850777936 0.333920151158683 0.25661327406361 0.15206438843464
0.135342937257431 0.242432998928138 0.118085735586384 0.2481353205463 0.0137809800247638 0.0383065233663693 0.203915504290614
0.295519685083164 0.272924965592685 0.017027939086121 0.136186270784483 0.0396195998179643 0.177308941542194 0.0614125980933884
0.239380267883652 0.201205339012986 0.0546722929637166 0.214291827287732 0.0257547226777652 0.198155107290237 0.0665404428839107
0.0472518370532126 0.104548803670458 0.0575177248617993 0.398488136397332 0.351148516698334 0.0117436486277578 0.0293013326911064
0.173345439374925 0.185329799875385 0.0684852050972926 0.205093353624833 0.279898115832927 0.00743200126927114 0.0804160849253661
0.0192868171099192 0.153919663722109 0.169665643601521 0.273472271100987 0.0956004228342321 0.195264905948942 0.0927902756822892
0.1273703649392 0.0910031582522746 0.266174720376345 0.245658845871438 0.202585436529848 0.0668102614700391 0.000397212560855129
0.00782047681244877 0.0305162142567948 0.0369860543826189 0.201141754471704 0.274196978324983 0.207695006781041 0.24164351497041
0.276825438463188 0.0508157217351384 0.0356206636145844 0.102651579466187 0.131465110093055 0.0634734591026744 0.339148027525172
0.0302573839643857 0.145099627469947 0.178824017052929 0.164730640020178 0.284293718486384 0.180647678458738 0.016146934547439
0.0909633801930631 0.105005858039083 0.116424466341967 0.11891874807725 0.179353771489341 0.178237871219207 0.211095904640089
0.351753685523891 0.151964697730789 0.197098245116239 0.119781129249909 0.0401735810744209 0.0928328678790165 0.0463957934257343
0.226187825074394 0.16398060394964 0.259590408550723 0.190872844690551 0.0435433803288887 0.0730761140089004 0.0427488233969036
0.149105385528099 0.178484998828631 0.0385892722366895 0.0737583767750974 0.199745932720869 0.0632174653622062 0.297098568548407
0.18899327316059 0.230689757731635 0.137573324915481 0.0920476355755368 0.0144496461041824 0.189461069191482 0.146785293321094
0.164966200628493 0.188815662100266 0.117414318882325 0.156970113643962 0.230671462523166 0.108682223437105 0.0324800187846827
0.17211176247568 0.127484551168122 0.221641449248801 0.229570598232252 0.173549043636522 0.00611619941660222 0.069526395822021
0.12808763325893 0.155274236499704 0.389648432276432 0.0652200003577869 0.0292952023524894 0.154886749216245 0.0775877460384124
0.183639160301758 0.050903239364641 0.178117191379589 0.134162028145537 0.211149911772067 0.15539891320414 0.0866295558322685
0.12494444341945 0.134402065317335 0.254966842768818 0.133191949610462 0.00548744443043943 0.151476181723408 0.195531072730088
0.0973824423171058 0.160048507147846 0.0411356858285408 0.191849526647584 0.00751522119804003 0.259900043460951 0.242168573399932
0.124505997987964 0.175136998807336 0.0799213439376566 0.151565754547739 0.197779926434617 0.197744025494639 0.0733459527900486
0.130462221334183 0.217790621641054 0.140539092935529 0.0467251091661167 0.190654743630277 0.0890315662122785 0.184796645080561
0.0358657148616645 0.457266627943717 0.0488677322302631 0.134038268759377 0.0814703695405374 0.155139368062583 0.0873519186018584
0.00401219961981812 0.139070048751784 0.171037330146106 0.185741687273275 0.165261445949681 0.20485428505311 0.130023003206226
0.0269181011962915 0.0229680898478442 0.207437864785029 0.175613021076051 0.181013156746984 0.190981968888309 0.195067797459492
0.224449832847608 0.0446484890769156 0.261300345627874 0.183944157145275 0.099174336893465 0.13037698673454 0.056105851674322
0.0490402238609221 0.15798425397648 0.214902990537698 0.212481980278962 0.12151972822835 0.160794539098383 0.0832762840192055
0.107648058804874 0.337150326502498 0.211053536550058 0.0640208603094809 0.0306626312960746 0.195809346750093 0.0536552397869208
0.0284836554900713 0.0257247205505157 0.282433226643843 0.225468132273288 0.138821480184413 0.133739410405121 0.165329374452748
0.118495512379617 0.227348156986665 0.23006704402195 0.121927555503053 0.069216526353073 0.148179212550561 0.0847659922050818
0.097496101980973 0.268155104516324 0.299271959849454 0.13777942116904 0.115134132054485 0.0814652325038908 0.000698047925833945
0.185935112275136 0.147829211869704 0.0355589090674219 0.0776848802581784 0.283898004977248 0.0686661167095018 0.20042776484281
0.105834424028121 0.0686376257991305 0.106400381018532 0.221045009451965 0.0437387789992058 0.259082122187319 0.195261658515726
0.159198520298796 0.0112563296543315 0.277123060375436 0.132799039279745 0.037368852934972 0.263833489995715 0.118420707461004
0.215075306348716 0.163797330719181 0.299009281780106 0.0801963304267923 0.0170893906634 0.0683917528824475 0.156440607179356
0.119271197090813 0.297058440789561 0.0939217459099304 0.193928860276685 0.0184021468521367 0.0439417677359463 0.233475841344928
0.231390325761515 0.0291460578347894 0.248641555607233 0.165014021028495 0.0892970767989831 0.0672587104498807 0.169252252519103
0.26011909987944 0.154401009202977 0.0649808400877134 0.139628545739649 0.218636106532854 0.0111945890968719 0.151039809460495
0.145879982314122 0.194977399269509 0.365923656454909 0.0967348355033065 0.0292385653048395 0.103432587230304 0.0638129739230105
0.0134371424285057 0.128643354706395 0.195600150970662 0.0175347031938462 0.196733687052252 0.215995512467067 0.232055449181272
0.149251621436897 0.0390927070805204 0.142534663093877 0.167144537568012 0.187642487592122 0.0827617873325535 0.231572195896019
0.0430280406710741 0.199467134582918 0.245008200524742 0.125537357178855 0.137841679813187 0.23279996821546 0.0163176190137638
0.0637697194094081 0.204472984987797 0.0321797486458059 0.200042252600796 0.28660306872546 0.115058891674172 0.0978733339565616
0.23745798070285 0.00433259971012276 0.201014765887409 0.124640791815871 0.203290518211734 0.144940592503102 0.0843227511689114
0.13664403910491 0.188576646173933 0.122483199840842 0.197059536835738 0.0983714545565319 0.052112074766529 0.204753048721516
0.0609173634868291 0.120870744676762 0.00650490359060391 0.192447722042659 0.134091725710645 0.161714580336559 0.323452960155941
0.160974206938687 0.155033495441301 0.146163191002001 0.0781866993494419 0.120386908585602 0.170569682812276 0.168685815870691
0.251368428771907 0.146470950848284 0.0977978517860709 0.0682214118133946 0.220944602087257 0.032025039301286 0.183171715391801
0.116351624659151 0.0227563576090123 0.0506243367603617 0.301007747060073 0.234738315427539 0.155719926935993 0.11880169154787
0.238208275783431 0.146152443340005 0.0509904821673014 0.160468852555638 0.116666668928944 0.186813107189252 0.100700170035428
0.201812119882486 0.0716915303271476 0.206251685412185 0.0360015340402604 0.114863293119511 0.20592663947595 0.16345319774246
0.0707065946743661 0.261872468863802 0.264206917469675 0.159772218094434 0.09413073506128 0.097469183330932 0.05184188250551
0.204483983539869 0.217450440189814 0.0809203870330008 0.178340480072493 0.0899226701990016 0.0526089744105333 0.176273064555288
0.06801688613548 0.195854987047982 0.105696438150916 0.167327332505474 0.203844978802353 0.196097763197006 0.0631616141607892
0.222471765126817 0.0447437076730023 0.18812264829472 0.113145679951666 0.201982340673608 0.113390470160568 0.116143388119619
0.172673425392658 0.0938528662247581 0.20327720003083 0.235892441574462 0.015364973296326 0.00841781783330942 0.270521275647656
0.161340552301541 0.244102974268109 0.0838526163390042 0.0185441898923452 0.147958736053399 0.264372279397225 0.0798286517483766
0.211465791200041 0.119467681098076 0.135171578516536 0.0694673511337765 0.17203758240554 0.18533950718552 0.10705050846051
0.0833031521184794 0.15833700187004 0.0618578750019226 0.17739255117639 0.158811212613757 0.227310316520571 0.13298789069884
0.193808956100113 0.0493702978194769 0.206170445581727 0.0902467260585739 0.117378951129396 0.237784359153651 0.105240264157062
0.0491827900409432 0.135052771772727 0.0994812161939805 0.140418017124599 0.217744779392481 0.206306765619768 0.151813659855501
0.142978169654562 0.104301727474447 0.102557838029547 0.16860796898464 0.17176988964922 0.213040353606729 0.096744052600855
0.216673422433473 0.0668581909315004 0.10580579181663 0.0905949391647362 0.211963108423458 0.158403114100229 0.149701433129972
0.161910758861381 0.217738917471497 0.0815176255104124 0.224714224085038 0.182764254574464 0.0873788281684566 0.0439753913287505
0.173461698164312 0.0889024781504119 0.14339433459545 0.113304130732403 0.0986117458910279 0.121054794415209 0.261270818051186
0.00358344111502426 0.281801559662252 0.0427382668574163 0.215968528896797 0.112929940204882 0.221729229044201 0.121249034219427
0.15257975196987 0.0913488873565007 0.333509259577795 0.065399187844038 0.27353891217212 0.0226605680860411 0.0609634329936351
0.1431555871195 0.0999350175563721 0.0858610514527731 0.0242447266859521 0.238328693587306 0.209257315549175 0.199217608048922
0.0642031113579418 0.319430140879702 0.156936776485044 0.225183017067866 0.143427472574412 0.0782080420368172 0.0126114395982162
0.246212126751585 0.145291196617577 0.11841397415203 0.122711689033775 0.0840652257032913 0.21777513244485 0.0655306552968912
0.144946629794214 0.0866322102203236 0.0265519815415101 0.2476910528222 0.174278657318272 0.167695359189896 0.152204109113584
0.00311293288141782 0.352901287391915 0.287971047832295 0.038453363324387 0.167109281795555 0.0996790507661474 0.0507730360082827
0.0202654156293706 0.135675883827662 0.110355969401334 0.154487288856995 0.215184497579826 0.149746217551708 0.214284727153105
0.16332761896493 0.180567730900092 0.159180385386579 0.0247245830121523 0.158220908020018 0.189500615136153 0.124478158580076
0.2319920043627 0.137751211347268 0.136881124397913 0.00770690888265213 0.250605177172457 0.00645419504764841 0.228609378789362
0.261073323514814 0.0877566758365794 0.0878628043421559 0.119668845028311 0.233805479459992 0.0682889281024387 0.141543943715709
0.0995090111585589 0.092044281342506 0.292952927379383 0.0283506050792408 0.00294561117005487 0.243383642573678 0.240813921296578
0.188899811694855 0.221828601262793 0.24201277254213 0.019123181546768 0.0158143598824437 0.121737963133998 0.190583309937014
0.147789816514334 0.239554642330964 0.012169070441007 0.210417190727831 0.247648114822698 0.0368785490513108 0.105542616111856
0.182910411041893 0.106914699883925 0.0987005718058881 0.112968627824376 0.210484402873973 0.148207594819758 0.139813691750187
0.272496153673939 0.0326687129357204 0.00648285161645759 0.0572619742329069 0.0991715523897565 0.391505741599663 0.140413013551557
0.181282698838685 0.0711340509045264 0.0678035912651049 0.114648074513695 0.131811918586012 0.306170759054114 0.127148906837863
0.0457639975782818 0.112090956494922 0.047066400331843 0.16777357188702 0.13579760517967 0.22973067150544 0.261776797022822
0.0529472419875766 0.311020561662803 0.193246453304129 0.0605176969312788 0.0222304742173102 0.302968813974113 0.057068757922789
0.0198090018161932 0.0817072071343496 0.320824513941594 0.0644663048937206 0.282052886770396 0.0559298550655035 0.175210230378244
0.0307842963293937 0.0292803540711846 0.0555880160751252 0.132222999311457 0.362729913765016 0.16863646692378 0.220757953524044
0.0690099081388477 0.0741340416008547 0.318324388368093 0.0458995484546932 0.0623295459735446 0.129779746758554 0.300522820705413
0.211960103424221 0.0961177287363484 0.0616806887469184 0.0982086520450055 0.0816164925806197 0.255884574449918 0.194531760016969
0.259386993172392 0.175081653447906 0.233481068245292 0.0265342057622985 0.00736428501374909 0.262427711589266 0.035724082769096
0.12567843351379 0.147037792136107 0.226562814705096 0.237598565222571 0.00915782651341483 0.0583784108334912 0.195586157075529
0.0351390819501033 0.0859766234267397 0.262229746925789 0.0103270878814191 0.0352647568571635 0.378385287288827 0.192677415669959
0.0215376915488239 0.191930866288285 0.0792149591620802 0.137666215021 0.213476975604987 0.174382985822795 0.181790306552029
0.272494624883265 0.0536112959371257 0.228518849233213 0.150758826097819 0.0526915111778421 0.201660384622668 0.040264508048068
0.106114068800877 0.188754342044113 0.214275698319255 0.186591049023448 0.0150320298222493 0.184519998416515 0.104712813573543
0.176056735502748 0.000459082610191205 0.0833840091905682 0.256116400472983 0.235748289971636 0.0251656977638564 0.223069784488017
0.152674743637054 0.045761092967599 0.133048287822058 0.242687994759415 0.0902505059839713 0.0915055938476512 0.244071780982252
0.149900999258275 0.116204144940102 0.221202991541321 0.153700107131947 0.138893864261059 0.0907156266336596 0.129382266233636
0.0364134402029097 0.0802330023178149 0.217197326480878 0.13644712351933 0.223587207358024 0.215263292988377 0.0908586071326678
0.00774745213174023 0.18503789691739 0.0490670523315661 0.137501291042311 0.120877925703999 0.259073569289566 0.240694812583427
0.103102367583982 0.0250451602861142 0.180399937663525 0.170977500463848 0.105364667501458 0.233679181994893 0.181431184506179
0.0817309787607972 0.285534254742952 0.252634664070257 0.139222701314259 0.0271922939371387 0.177708761640002 0.0359763455345955
0.189038539233237 0.012269181978488 0.192835570187639 0.185243042150973 0.153569543821298 0.0856797704169034 0.181364352211461
0.269394014189203 0.0108614559838472 0.247086065542487 0.217180779703236 0.11673285956565 0.0863307703391303 0.0524140546764465
0.226438799556032 0.169392819298636 0.153894364087147 0.209984214854449 0.201454459635948 0.0386070527782834 0.000228289789505662
0.121345158726998 0.222059108926523 0.108704166273295 0.0732426192029192 0.190848569909116 0.104551454826145 0.179248922135004
0.14720622055366 0.298220528347116 0.0768193416652978 0.0325413764013567 0.214580290966728 0.173727529103498 0.0569047129623441
0.0976528191470618 0.163629951577251 0.133819057958014 0.22612043379443 0.0127917221744329 0.155668870846974 0.210317144501836
0.0140089247879684 0.333209747934273 0.0652873562511078 0.16346662340757 0.162226011927871 0.197266947870437 0.0645343878207725
0.0135919908443363 0.0321382052723583 0.184874860794212 0.162640428691823 0.0992476495410365 0.303196764957659 0.204310099898574
0.239100869895631 0.154802078832755 0.0749253607977535 0.0336263679478748 0.240172678356868 0.0837045591906698 0.173668084978448
0.159319678693337 0.177199376271449 0.273612527308071 0.204416984482273 0.0562504548266888 0.116642879568923 0.0125580988492587
0.114122923499132 0.0963669318366429 0.187684640560206 0.175022589623129 0.0323789362968112 0.246097988061755 0.148325990122323
0.201938921292395 0.155167773359023 0.0985597133582929 0.159917284552765 0.129635366432953 0.229624743898056 0.0251561971065143
0.0471006187656434 0.223162277982205 0.152547539983265 0.237633524644597 0.250985473650463 0.0733722432821746 0.0151983216916526
0.0408193637290857 0.239875856476677 0.157824342759164 0.160003150583884 0.0290073976571428 0.176331269806942 0.196138618987104
0.159372748990089 0.210829821402996 0.205736546775273 0.320180987249105 0.0673030627099906 0.0316738500638175 0.00490298280872977
0.0654680467454435 0.219524218701441 0.0517897903160053 0.356075870090518 0.0324373879452808 0.114123377990481 0.16058130821083
0.22893020579005 0.158331455824623 0.231916726119795 0.0416003189624208 0.00583615802273381 0.259659831530275 0.073725303750103
0.1445492005515 0.167142597454722 0.230613193001491 0.148823461961424 0.12129130329693 0.132823770039813 0.0547564736941213
0.480899897603376 0.010923774062553 0.261473344515187 0.0489152197556511 0.0673500041258408 0.128909700529027 0.00152805940836464
0.0942745745864989 0.146590869234289 0.285761646389639 0.227806209822297 0.0666396967855353 0.141134429541714 0.0377925736400263
0.100468303806227 0.186459828734986 0.224045501029329 0.012253622925266 0.0305131387869655 0.207539531355077 0.238720073362149
0.105398831684931 0.0437733712239576 0.242202044461695 0.201361552967198 0.127698380384835 0.176489470655033 0.103076348622351
