0.152397362836427 0.143000381399988 0.0126517022906784 0.0653692724661831 0.113607348706559 0.186499326929471 0.159486785099839 0.041511493319952 0.125476326950903
0.0929626702307657 0.151535272164494 0.0786681986789424 0.152217401919579 0.0899844847519639 0.0959913457400895 0.136665588805795 0.0947850494471308 0.10718998826124
0.276470989717958 0.0102606201307174 0.158609418515368 0.0407863419724275 0.101061520066746 0.0816465397477558 0.0755104650456153 0.0880021367986456 0.167651968004766
0.0595982368596864 0.154370114444452 0.116134015790818 0.371782550841302 0.0145524465377429 0.102198250292018 0.0339720179005633 0.142288626303045 0.00510374103037221
0.107891043606251 0.072609332684521 0.0887318760134392 0.241490394866923 0.0816269626619111 0.0486360112979869 0.152147047980259 0.00545589606906295 0.201411434819646
0.00745123695912806 0.0861164099510795 0.12100592924984 0.1761407575224 0.105680129065606 0.156814281287388 0.148426313797913 0.10340155648533 0.0949633856813147
0.153984073215989 0.14366641297528 0.1318815120418 0.0387140312445983 0.0618454629842256 0.136579632653089 0.109010673801402 0.150591674122857 0.0737265269607584
0.165564192872659 0.248208527843392 0.0846015654967493 0.0507100938671638 0.170786829588208 0.0923591070430722 0.0502796060314048 0.0459044730687385 0.0915856041886123
0.0734165561449674 0.0821811298255659 0.161195211994685 0.0322574916999385 0.0774093334901725 0.141008115384634 0.162909904791771 0.0995746760116661 0.170047580656599
0.0956648175633897 0.14447940884338 0.0352453055883376 0.172773613390127 0.0883124090765102 0.180823287955135 0.064595355264451 0.117550854301995 0.100554948016673
0.177978224876453 0.0504565301659826 0.116778767113428 0.18242916120559 0.0394107430195276 0.148264286297771 0.0168859497149944 0.16878042881841 0.0990159087878439
0.106538693827983 0.066265604409419 0.0353528974520324 0.187756578689304 0.172893029384575 0.072035275457429 0.146857047263475 0.100526069133015 0.111774804382768
0.106696953325106 0.122248475509869 0.0808905152059611 0.195914801439124 0.0505830280637001 0.0848987982799647 0.00381103442790694 0.203731826042222 0.151224567706146
0.152674429755991 0.130315200355799 0.158608014441244 0.07067957913701 0.111267414916615 0.0762485067380351 0.112004057496153 0.0671613526882521 0.121041444470902
0.147655275793945 0.193712348179082 0.0604082976046598 0.00733631089486294 0.212287309364013 0.106302963403963 0.10975718044128 0.0142413974023172 0.148298916915877
0.177416938214671 0.09629531053606 0.200096547667047 0.187865656580745 0.0462833505792194 0.00461492764988268 0.150464139321616 0.104949841075893 0.0320132883748652
0.129134925733609 0.0329830060007934 0.217124074473813 0.100837417207434 0.0958954264591735 0.0468507951106269 0.162868794878639 0.032494587883731 0.181810972252181
0.182513895682242 0.065141303652057 0.179162898705111 0.050858111771897 0.0906226716213833 0.0229076026442036 0.168192417275621 0.0732651036528025 0.167335994994682
0.083645510657907 0.0795455041446097 0.198267692761908 0.0309854278205233 0.114361816711586 0.155241917824355 0.0370397963536144 0.180621109029187 0.120291224696309
0.223500656287198 0.0957438832136763 0.049299496885842 0.0254003494913486 0.212596523698565 0.0410185638523883 0.0305832118891695 0.0878176712617918 0.234039643420021
0.091527331110066 0.111966602683781 0.110187654256089 0.0439282497546118 0.0231546928531072 0.205780544797607 0.148160843983889 0.204322955038649 0.0609711255221997
0.120915058267733 0.102643493548531 0.0544934834893019 0.198680743778414 0.0318147115801628 0.186686673948718 0.14746204627669 0.0131067491382172 0.144197039972231
0.00853687054300806 0.178033119899566 0.104443126084003 0.0629062050608803 0.0873701311774557 0.181060939098145 0.155298049246764 0.0545856486118592 0.167765910278319
0.240897644952788 0.0586889622926943 0.00921628586642084 0.154452250008071 0.0931656261166672 0.0345382024991403 0.0941507153782084 0.20485721345475 0.11003309943126
0.136608135532218 0.147843769021047 0.0614942451217104 0.113224910294836 0.0945792000742707 0.159801533660618 0.139574733364066 0.0676252401971649 0.0792482327340696
0.0630415182128503 0.17024639287739 0.0492773461846975 0.0142015076491905 0.262328290407463 0.271313017489021 0.125832399223578 0.0261454599054352 0.0176140680503746
0.187922468064227 0.112457479381358 0.111483211731509 0.226084156125353 0.115046195674959 0.0483825954801329 0.144811103498993 0.0111915980266576 0.0426211920168114
0.0457099184600425 0.00888405991174144 0.107595118275921 0.125644856455762 0.141968892212318 0.182020534829222 0.0752529758642637 0.169787665080398 0.143135978910331
0.148804488964907 0.151606099336599 0.0149214790600662 0.148720452201162 0.0112485579170233 0.103071829191251 0.163683518754179 0.105392005202764 0.152551569372048
0.151096237072881 0.103506964316283 0.108052044143244 0.0412038502292097 0.093801109966154 0.0305926194608991 0.125896484228505 0.180479752321252 0.165370938261572
0.0421219203601026 0.178050659576474 0.155809370509061 0.0521610203785803 0.152323797827137 0.101828362272429 0.0971216037386548 0.186192104849965 0.0343911604875957
0.13010144230763 0.167465149911683 0.0995468323654952 0.00763159631602593 0.0658343149141632 0.107221115360387 0.181365262169764 0.197694427630738 0.043139859024113
0.172443953738448 0.0573081234401389 0.0219574345714225 0.0686061265927224 0.11784887390014 0.141594093268728 0.109897118734908 0.159732755417203 0.15061152033629
0.15689643232514 0.0271156057544768 0.186636185496434 0.195772399099738 0.111688311478897 0.181353039066603 0.0439665250934949 0.0108823424252175 0.0856891592599985
0.258794103189304 0.287228472924732 0.123525046735218 0.0329962918599921 0.0156066740846844 0.0267704420654091 0.151531863584068 0.0394536438153818 0.0640934617412108
0.0164636247508276 0.18767013391974 0.123420193355134 0.0343462059393606 0.00649629656124694 0.00776837336613058 0.00449650089261721 0.275355489268095 0.343983181946848
0.0651342027723584 0.0479465865069146 0.0102210659114016 0.178261249799366 0.041590223991429 0.192158656533985 0.184540270986471 0.180271776465628 0.0998759670324464
0.205341594548774 0.0848752987165199 0.0857293068238822 0.131736682898168 0.0676012974622993 0.00748655506252462 0.0883077279211244 0.108068006044023 0.220853530522685
0.145009388068501 0.0385064660981427 0.0813382584909223 0.158915138214665 0.0236040827600051 0.146496314768794 0.101843512595871 0.168064553372861 0.136222285630238
0.0886893870589686 0.112793751240589 0.0460555595637256 0.161860516448393 0.16856340962978 0.113130507091804 0.0274202236112259 0.229120880365273 0.0523657649902401
0.170237897558561 0.202589078801813 0.127906039400314 0.0157802946672585 0.154220128158277 0.16977322360377 0.0121916366037105 0.0107146118901816 0.136587089316114
0.141473606590701 0.127210622269757 0.0267523249740614 0.0798104108159522 0.126977341888466 0.134957403223325 0.0857678431101398 0.132552218644812 0.144498228482785
0.0052962227324815 0.177591197419494 0.17402396841099 0.0852772553738132 0.203830051464493 0.131423307818543 0.0161423928123518 0.181415469737135 0.0250001342306988
0.134404759443323 0.184325788275724 0.0888984343909783 0.0743555898730388 0.0362339757167927 0.153567656351083 0.123296871258709 0.0749887034912068 0.129928221199144
0.154377714286076 0.115820833779478 0.125329263431316 0.096480257305887 0.0601614517215447 0.143735103620642 0.0677246945153195 0.0840188841492043 0.152351797190532
0.12359271408205 0.00789267815996859 0.0827518153207381 0.15272968458839 0.039192649962125 0.158710292995445 0.00567483187618057 0.222038368930173 0.20741696408493
0.0745368942716299 0.1202638290304 0.0664491280116437 0.129222678805963 0.0794514593883958 0.132708630619783 0.123534509884042 0.136587327058173 0.13724554292997
0.169279040857787 0.110874588790745 0.0767924679631208 0.0112593963878724 0.0266303431835746 0.106935851653574 0.21001083859559 0.148853391218118 0.139364081349618
0.117461823391297 0.108723644770255 0.0612581239459298 0.216807257849832 0.111609671743135 0.0922138633502882 0.0104055425031152 0.22558082919008 0.0559392432560687
0.193913018500357 0.11446934585437 0.160424257454406 0.0971910565857897 0.0853777633563832 0.142175975629811 0.123909181735776 0.0419168071529018 0.0406225937302063
0.158406237614423 0.0104423242216078 0.13195772320424 0.128136380966465 0.112300682936409 0.0179711975774909 0.156260164843325 0.124535192175549 0.15999009646049
0.149229689938602 0.175169262136157 0.164668503119554 0.101620218779709 0.120752893141325 0.0546370260328612 0.039540656523242 0.0693044089570218 0.125077341371527
0.249131609746589 0.0124509021863124 0.0483398058540919 0.0267077418954255 0.11719796986483 0.262455838518152 0.182511308315977 0.0863959508215625 0.0148088727970598
0.00925466142635544 0.098185534082852 0.106717828694197 0.0630814329234548 0.127034539696948 0.108287262346638 0.185889300401526 0.133360306777566 0.168189133650464
0.164827253851266 0.149006866591157 0.0305664742024527 0.043772992528175 0.126893388837114 0.163077068304428 0.117083296880774 0.0885820920914052 0.116190566713228
0.0674810331459369 0.0894230290521369 0.0746236051055251 0.133064563090635 0.0653840952851824 0.0384556054910523 0.281523318521932 0.166086031305618 0.0839587190019813
0.0437988929573651 0.190214604427509 0.0916987164644407 0.265878078494394 0.111160800157372 0.035735428941712 0.209388288025406 0.0187839707738734 0.0333412197579273
0.0759113204758186 0.159003736408336 0.166287098407824 0.0304395572701915 0.144260270190081 0.145729917885305 0.0701270435091412 0.0475437999550105 0.160697255898292
0.00381470100316407 0.178308944775347 0.220707248769226 0.126967549976318 0.154753379432085 0.0407483253395688 0.0863487894603787 0.109379534098547 0.0789715271453648
0.120759637928056 0.106212533172823 0.169994762590084 0.135648980254429 0.0488076049073846 0.074266994597128 0.19492608692814 0.0260992144729228 0.123284185149032
0.0654129978444519 0.0756254452095231 0.198519506218063 0.0860553608773059 0.133208025915217 0.0498056320391677 0.145818475161154 0.201991099361365 0.0435634573737534
0.173085106461482 0.195637839596353 0.15219205389885 0.0610072379133776 0.0280314494984107 0.17516579578071 0.0635324814173536 0.110463748038358 0.0408842873951053
0.0330414954420337 0.090883909935075 0.224682732427472 0.217786280787077 0.015092878115025 0.219084429943417 0.0684319244007695 0.0767608926022235 0.0542354563469068
0.0145787432729155 0.161505501006212 0.0951327209839392 0.0046250785407964 0.117631395234734 0.151512084417713 0.209735132833675 0.170318311144301 0.0749610325657146
0.0786754990760229 0.0132497847114339 0.133734067023975 0.0920406562631701 0.0253063983977507 0.0286699193162941 0.183788479541572 0.192412568547745 0.252122627122036
0.0473946347223669 0.19433227055307 0.204027209149263 0.00846698722990421 0.0503872097284224 0.0885844716029255 0.120171945392642 0.174038407124523 0.112596864496882
0.0254038735528439 0.0468631721005752 0.187917371785605 0.221583688599173 0.0176295823598968 0.22802785981108 0.136999263888015 0.0788227544794465 0.0567524334233653
0.112196100287271 0.00299364152594309 0.122056050714903 0.102433252995332 0.133718073764795 0.160633499283579 0.0856987463267466 0.156204080896838 0.124066554204591
0.0385319342663384 0.0567116082806311 0.0904376918793214 0.0891571664195541 0.0790547150928734 0.174148326908382 0.11240447808858 0.114624792381957 0.244929286682363
0.211931174871827 0.0850474079209135 0.0562823857582967 0.125272960384807 0.141251403242008 0.0557597088330301 0.196678071374129 0.00250380571213126 0.125273081902857
0.0252923277463464 0.19268129152203 0.115420724619816 0.0879512052288447 0.0880555765975637 0.0891537235623837 0.112860099476642 0.188276280780821 0.100308770465552
0.0463073342172715 0.106832011730303 0.170973483973995 0.125906987897015 0.0308907576580816 0.150631035797689 0.135882724460651 0.120873042137472 0.111702622127522
0.011545768601711 0.139704404715047 0.0623263206215081 0.0648841794311625 0.0462903045127974 0.229268267654936 0.18718074642598 0.150025675340293 0.108774332696564
0.087318135569199 0.152914652151992 0.178132933986181 0.17055605728308 0.0355261091067791 0.10973440538851 0.101395023123366 0.0415594935899631 0.122863189800929
0.0665556582828182 0.0768579063800394 0.0384158641846678 0.140916116668763 0.127113535303359 0.179177807081147 0.188909235382812 0.106145892634923 0.0759079840814701
0.178659386051456 0.1051227109329 0.177535369252534 0.0599156810927425 0.00478860043096365 0.163857764678729 0.00613776628942244 0.159273713325023 0.144709007946229
0.141963998083971 0.20809782106699 0.145260244313063 0.118440835302324 0.0106688427426843 0.0419949093161715 0.169004141550661 0.0264643752376608 0.138104832386474
0.0623144833194705 0.0506947589047996 0.0562552361044349 0.026579542315555 0.0615716393081655 0.221472113050804 0.109154980849048 0.187548477825966 0.224408768321757
0.0768863211054627 0.048430392756487 0.0392781278642207 0.136326535720276 0.0569739833768057 0.226988542800038 0.125284928260441 0.129538817894946 0.160292350221324
0.0357651767804526 0.0107137373418375 0.092179913537101 0.235280094048631 0.126483329103451 0.0213857027382552 0.233533306481974 0.198313200183576 0.0463455397847222
0.0919496953185143 0.0444448039263388 0.0368784861258336 0.204421316894833 0.117436856257067 0.180692610347256 0.0242173440884757 0.184958721044963 0.115000165996719
0.160362108955047 0.140211844041159 0.0822794100588048 0.0824412278972813 0.0307383040050248 0.104375343463766 0.185119723264253 0.149365291795941 0.0651067465187221
0.189529147076256 0.0965608575407839 0.0955013562671032 0.138961409925114 0.000120581529883821 0.0804144066248498 0.201092531899827 0.0313870221849153 0.166432686951266
0.164668229204011 0.0505029506393566 0.0821225370835782 0.237222514461655 0.0155750153660931 0.261446918531254 0.0354196437823492 0.151498151569712 0.00154403936199154
0.0421835194469803 0.0740194750096329 0.0111335375613137 0.178469069654516 0.216412411207626 0.0721542948906677 0.0264074348393297 0.21621298356666 0.163007273823274
0.213661966749478 0.222116732722655 0.109382504339063 0.0865928953334889 0.0197069341892286 0.0179508081675877 0.046399913163048 0.0692042491492168 0.214983996186234
0.125513310716569 0.14785592711118 0.0471818051397231 0.0462808725886681 0.172397499344268 0.0558633601254307 0.163326542425211 0.175507930837284 0.0660727517116654
0.0339592772870228 0.124344255502582 0.0137007007100719 0.10440389562195 0.00166204588616638 0.150556010691587 0.140403593889276 0.268693961689008 0.162276258722336
0.124901275632277 0.174371616957114 0.161341042043351 0.0284953321948846 0.0133705000813574 0.145960145645202 0.0827327297100115 0.202880549037837 0.0659468086979652
0.121135538699965 0.151107939084965 0.0910911721152377 0.0285825933647975 0.148604601329904 0.0865455756175643 0.1738419724428 0.0989666820035577 0.100123925341208
0.159185850856181 0.152762484272563 0.0866672351764201 0.0073066625992505 0.139872046083658 0.131912174272739 0.092421473743457 0.134640225431622 0.0952318475641096
0.0719460549380068 0.128341836443717 0.198361849324127 0.0998576059855408 0.131249397590486 0.0393332801066834 0.129771715095297 0.101609754194688 0.0995285063214538
0.167489794043837 0.084386979492307 0.126195826060497 0.150339384072274 0.0274791033682291 0.0992451239595177 0.145084612659742 0.129457718854209 0.0703214574893872
0.126657917249667 0.149164883317785 0.192527980386882 0.135311361793945 0.0294985473353661 0.0286542064382112 0.041793452660148 0.0947206827638811 0.201670968054115
0.0630313811377279 0.0283848489819454 0.061682474180513 0.0897368323997277 0.176938910703359 0.187244224050814 0.174333074288531 0.0904982221974697 0.128150032059912
0.0447694207504453 0.159773566753827 0.127811069289554 0.0625824103111919 0.153697047275886 0.105941164915904 0.0437088282027365 0.176418493137153 0.125297999363302
0.0876533359565614 0.0571499223783917 0.0474128773268262 0.148150478871622 0.115750512624616 0.112456386125698 0.178492754755366 0.0981953838070469 0.154738348153872
0.148167376502389 0.158575320482438 0.146855389234842 0.113003531491379 0.162007001065865 0.101771903107445 0.152495674673774 0.0138520559419201 0.00327174749994998
0.00718664495135886 0.157662613000432 0.192417113995723 0.250872568344175 0.0525743717509331 0.0839329496009749 0.109294869277719 0.10640480878478 0.0396540602939046
0.0363755670872264 0.0976564775634555 0.225690418700242 0.0491136165894393 0.140723112541213 0.11301204771356 0.0904262301026029 0.229662868605809 0.017339661096451
0.0148455246203263 0.167060687759298 0.104813362669896 0.0787449762701316 0.169277723757906 0.0576680094657015 0.180124231210367 0.185588094301697 0.0418773899446755
0.109375807264625 0.0652869252117895 0.137329169249117 0.0140204596692374 0.193091094849305 0.188877220782554 0.0489333292044303 0.158762129787902 0.084323863981039
0.0227768168417804 0.181691204926967 0.0754153523051778 0.0268762789946602 0.167844923421973 0.0724748623636759 0.235611091762466 0.166102034629729 0.0512074347535708
0.183009558398098 0.082266731899424 0.0124249290416111 0.0609686743832487 0.0198437903699836 0.139093052815901 0.230285807212464 0.0390118225355272 0.233095633343743
0.00521238651497699 0.102367284233483 0.0502221463637511 0.158375924625939 0.13873599230203 0.123961597102489 0.115788171040807 0.111225003388684 0.194111494427842
0.11203571189654 0.126385064009198 0.104435249785664 0.0877878817862121 0.112585397192877 0.130849566079277 0.0676510449218354 0.141611163698391 0.116658920630005
0.200731501608247 0.123260125907481 0.0587585020931544 0.0136235837141706 0.317218170139229 0.121547575296443 0.0359402461390117 0.0604609159137474 0.0684593791885159
0.149234932996704 0.0149050047097205 0.200596565013859 0.046814315818483 0.0290175693975137 0.26094465615015 0.0284959345888738 0.0677111522840417 0.202279869040654
0.194466996209908 0.100653211122916 0.0418313159551172 0.0858962288706897 0.100808510757497 0.226054631466205 0.0769081248953723 0.00471395286031329 0.168667027861982
0.214013028578553 0.158319528359312 0.0545136033768795 0.181188049502176 0.00944517005962006 0.13947550880591 0.155538531419028 0.0169883064596566 0.0705182734388653
0.0817098540960724 0.00662873182488076 0.139559460715908 0.205989914684566 0.192970193577279 0.0918580678007676 0.102007099987127 0.160938219132066 0.0183384581813332
0.029108360851022 0.110097821659532 0.033534352160883 0.098527204681295 0.190951464983251 0.18477476398492 0.156035647728847 0.0389184076721308 0.158051976278119
0.0640741925655833 0.132981003016122 0.176701539229105 0.187717001001759 0.157899522053489 0.0656167470755821 0.0788224911646663 0.0513608044628795 0.084826699430813
0.0847274891087277 0.0553883491547965 0.0276536535523326 0.191144210159522 0.0388387270361876 0.0193932403060775 0.235486110860806 0.13687279019893 0.21049542962262
0.129313441854708 0.183758074107257 0.0727406366230271 0.180480381668487 0.0234050889478809 0.0814269022218453 0.085567697361309 0.0852920690986421 0.158015708116844
0.122635260027126 0.209387530122136 0.161867966553307 0.111422545745076 0.121495388553584 0.0549089096516516 0.0645573131109542 0.064556040548416 0.0891690456877502
0.00835501644762895 0.198824427624774 0.181692859674905 0.0493266454973611 0.00488185017774063 0.264362174153792 0.0347597605503319 0.236983145325004 0.0208141205484623
0.124941754551031 0.00402344555637656 0.154376871082471 0.145929575474413 0.15264292336345 0.132579004739875 0.138366526803993 0.00689535128326839 0.140244547145123
0.129852827942905 0.0428592048885961 0.0943085043088747 0.153684980249974 0.0320650198525453 0.203463339085585 0.0502615635688744 0.166712822292788 0.126791737809856
0.142363767120864 0.136707631614596 0.0958897661168595 0.079314899225872 0.0161046191333225 0.0901429794719852 0.0945156490423406 0.0902763736848091 0.254684314589351
0.0237152589844023 0.205032826746731 0.0851735205236831 0.107493636053074 0.198883476555595 5.50186263052918e-05 0.117342012306823 0.054967967383925 0.207336282819461
0.127010144104116 0.0570445144101892 0.144759002341304 0.164891885246757 0.195239021408277 0.146717072752336 0.0805277013927491 0.047136077788445 0.0366745805558266
0.00629383231908542 0.167840642193067 0.203798819811946 0.0746844693729258 0.0278549425795701 0.104114392403821 0.0500944602768647 0.203728872180953 0.161589568861768
0.185370184356151 0.160556827558111 0.0488946728833101 0.00768868172775426 0.203104856399198 0.065304387425635 0.0341717683653822 0.126349621288858 0.168558999995602
0.0578167112407652 0.00248912279805932 0.0940932195157876 0.11716343549969 0.193621541243482 0.0289682140578701 0.0852987209669035 0.203392902028006 0.217156132649436
0.103071071589759 0.00325594867814257 0.197948830276927 0.157901965397236 0.0865350044786375 0.058806975907662 0.0933933647932814 0.143298559426337 0.155788279452018
0.184914933594471 0.178997560671832 0.0392065097072142 0.109577309122001 0.0182986770066395 0.0324543907971327 0.190796216417038 0.10027032633518 0.145484076348491
0.153255653682033 0.0982471167530467 0.167412271087918 0.0166173710090784 0.0431096701069501 0.189417574576713 0.00970137739055031 0.132833524522167 0.189405440871544
0.0742125203474303 0.217020420719868 0.0303127705440941 0.0313936440925451 0.097557284078229 0.185844803515606 0.172350581467311 0.0440749553778576 0.147233019857059
0.116802975821958 0.178295993748264 0.0833236698698967 0.0564537123836489 0.151817454360236 0.176006665516029 0.126828013364118 0.0619377895959489 0.0485337253399015
0.123230122580674 0.115035775005336 0.0371225269683104 0.0455565188642775 0.183847610385747 0.194707322580555 0.124591469115935 0.101929906514457 0.0739787479847086
0.106549140287182 0.110828240049807 0.185615584946985 0.0233496495377013 0.0151361698176376 0.108532166052284 0.100339162997756 0.198073029923343 0.151576856387305
0.197393940955001 0.199605694569453 0.140324894773722 0.0535184845990043 0.143580778735006 0.0242952282282419 0.0995624116779671 0.036288341449737 0.105430225011868
0.0042123932334106 0.214927634789092 0.0445403458963781 0.267764117247987 0.220437795830723 0.163169363835911 0.0121725161064478 0.0288917829168334 0.0438840501432173
0.137030750571767 0.152594898500938 0.0615077011221237 0.052283558646421 0.10208053897901 0.118738656347784 0.123814038693502 0.105514074807538 0.146435782330917
0.0909471498948615 0.114768374935419 0.213232941552935 0.0650307230262728 0.250479232917352 0.00038499737070392 0.134959882389187 0.0852984274677161 0.0448982704455521
0.0533992271137831 0.222021162278421 0.0182677036967211 0.0167993635161492 0.21513631159441 0.119816769132116 0.18700443322369 0.146910822904847 0.0206442065398621
0.0397700847402243 0.354597551852693 0.0129882746520087 0.0191348154994137 0.0921281863973764 0.0282869857548204 0.109793175564521 0.13799537943412 0.205305546104823
0.0881114253512528 0.0242780143406276 0.0515231145166242 0.108542635375095 0.199051058696834 0.147584774361151 0.296612157381473 0.00162657280375977 0.0826702471731838
0.177839609486448 0.00898483841364249 0.116486715891098 0.0705262804899025 0.0790224561795801 0.0647397514675288 0.10409242086733 0.212270845077212 0.166037082127257
0.117033296169956 0.0105117909979337 0.0973301314793596 0.198724926256915 0.205615047533681 0.217163461063623 0.0672866540326413 0.0806886960138067 0.00564599645208308
0.127751853199441 0.156895816010961 0.0233546840956377 0.144685162474386 0.141326781319346 0.0148415109025087 0.0439575897611756 0.161417905083378 0.185768697153166
0.18082665750803 0.165486568885695 0.0547824746677851 0.0444176501228003 0.103893236841038 0.114180307965179 0.156054847441772 0.147139812289351 0.0332184442783503
0.107853255038146 0.157665328331832 0.0172645029283969 0.0841837336742678 0.119752133763337 0.171804677884308 0.176823904825722 0.0534768090235106 0.11117565453048
0.0195205553185809 0.180373313451346 0.166698636946698 0.151361446245549 0.194939359705876 0.179617272797847 0.0736029696299568 0.0259664717196875 0.00791997418445837
0.160482459500698 0.0115895604256868 0.137861362604683 0.0410022540878101 0.226696319595758 0.212087584704696 0.0743579985739225 0.059540340760947 0.0763821197457981
0.0806185034862691 0.152833154981699 0.00499032534986374 0.0285712802407234 0.156427033827042 0.156408783963863 0.207383041186346 0.0269922328554482 0.185775644108745
0.108118545518097 0.119917679982629 0.0147376445797044 0.0654713251885231 0.130308414492189 0.0734234002375155 0.175532746986175 0.176848010552038 0.135642232463129
0.152581039270602 0.0897031853326998 0.16119831751082 0.100298912450173 0.144992220459234 0.160568829491908 0.10924088540544 0.0596136276406591 0.0218029824384639
0.0869116568171034 0.146004581415326 0.139063668806363 0.154186133974454 0.0242716248541069 0.195278840213201 0.00763405364433575 0.084252192205369 0.162397248069742
0.120177674482899 0.173510412994757 0.226337230281748 0.105457671583283 0.0120578054094514 0.134084628425244 0.100872869683549 0.071300099790911 0.0562016073481584
0.190487113077424 0.049323826175717 0.183868246380229 0.0190485813795808 0.0941877401163703 0.0810152702149654 0.0809921629764221 0.209678747824545 0.0913983118547467
0.13662924658141 0.013758988110871 0.108918501931349 0.191373469662433 0.187038138773515 0.0420104681920538 0.120796797552187 0.145596205090363 0.0538781841058183
0.0963886277777347 0.211273665372269 0.106146716971508 0.00936379389783715 0.208968173144801 0.0773086745145166 0.088917711621382 0.0864608111949606 0.115171825504991
0.153733702124787 0.145891628798171 0.0796934657498933 0.107030490112607 0.0746299584841823 0.124475159764033 0.142035634907955 0.039755592201227 0.132754367857144
0.135618668123981 0.141180543515687 0.0133251110777594 0.183889378744714 0.0174883679539243 0.145284612902975 0.1402293388239 0.108062953260731 0.114921025596327
0.247366152944149 0.10886587021226 0.131158649802671 0.0875977578351162 0.00903335149350605 0.0623820232201767 0.00328285243005442 0.274860592205602 0.075452749856464
0.0365192846861744 0.0115457571595942 0.200658688441125 0.0770896543344491 0.159220994717763 0.0633208919152766 0.255086782960538 0.075135581772782 0.121422364012298
0.178530677422049 0.045074416953114 0.109839841491065 0.208354650789984 0.087698892505817 0.127971941781088 0.0398132239019827 0.132138041157112 0.0705783139977885
0.116574373316603 0.0525853104669235 0.233637681529247 0.206669140272485 0.0817054490985408 0.0483190441782015 0.0733404623887573 0.0057858412840109 0.18138269746523
0.0814615414617443 0.186768845245065 0.0989053051574289 0.131401337801091 0.01333071850694 0.171716730446257 0.0867424998466392 0.137494989715002 0.0921780318198333
0.127712952908823 0.109766119986471 0.0904194570879968 0.155744899616761 0.0315582179137082 0.174675010241999 0.121714191666968 0.0962231354375633 0.092186015139709
0.0711011550550502 0.0148474229788072 0.010999284394196 0.254078432751243 0.215395226903928 0.234230653857473 0.0786170940843191 0.0154992177062029 0.10523151226878
0.0269368698188181 0.168704506056765 0.179650438729606 0.147666821730225 0.120240691766048 0.114589556507177 0.0538994528294783 0.00752625099580289 0.18078541156608
0.261063755526657 0.0264043464463365 0.0041015772868789 0.0124680946241546 0.13775310660479 0.0887657982359176 0.229687021556626 0.0339907533745031 0.205765546344137
0.165036906747225 0.082537375998769 0.133154281785958 0.0842482083877812 0.0586135487433169 0.147700466543503 0.164986107259931 0.114750606982122 0.0489724975513945
0.158958190548145 0.0540253929893131 0.0885537118039268 0.0412771904589462 0.053763290994258 0.20919234373474 0.106974742169474 0.159675161883274 0.127579975417923
0.132397512771651 0.218921427963096 0.223974820510317 0.129746928180408 0.0422300629378942 7.15491992669494e-05 0.0220834793094711 0.155194781808831 0.0753794373190647
0.0685413771894836 0.0703173989894678 0.114015577866629 0.114217649059474 0.179556226501887 0.0863537441049025 0.050332156582609 0.13094283757755 0.185723032127998
0.128424884687241 0.133134056021757 0.15126047884715 0.0632549331231427 0.103825106533021 0.114492028057071 0.110825468556436 0.00135405546792729 0.193428988706254
0.168937916008039 0.069207529605584 0.176475681858491 0.197471253222116 0.129933264140038 0.0110210394802258 0.137787777500788 0.101898891810191 0.00726664637452783
0.046958890574411 0.164898267270043 0.163271061872729 0.142426551003979 0.0570248629949741 0.0451029374110318 0.165025907889549 0.0788599130442723 0.136431607939011
0.183124954395239 0.0170432861564914 0.0751359934535482 0.159487988124858 0.17553270517879 0.100488326400416 0.0926152747138415 0.073660858331781 0.122910613245035
0.0720174291378448 0.161428330475969 0.114038439908517 0.0208909050230082 0.0949184896774372 0.191000035946673 0.189754195655424 0.0304236140005209 0.125528560174606
0.0197811462158576 0.202135878852803 0.0946384520993594 0.166836191539132 0.0206404175724931 0.120827542122699 0.12779663692291 0.147138643700078 0.100205090974666
0.0287927382392676 0.122494063647597 0.126344414618778 0.0895134974682508 0.187070673795568 0.035327095314278 0.191735707714523 0.0465739818268744 0.172147827374862
0.179265933109302 0.0534786514856222 0.058901778859202 0.148346596146353 0.168085584236983 0.0223390416801796 0.060536496417151 0.154097921449471 0.154947996615737
0.129717838234472 0.117583140013124 0.0646355462773167 0.14070177710049 0.0885490908801158 0.0488992288465299 0.135736048564913 0.100904302276556 0.173273027806483
0.0544100426373209 0.214655979019933 0.218123309497657 0.173045097665527 0.06342235954956 0.040522862743204 0.101772021617869 0.0675154891347538 0.0665328381341754
0.137855027149751 0.0841681395362364 0.0628053306201937 0.0180473199510933 0.172701689608085 0.227196664821636 0.173643720133627 0.106004109225242 0.017577998954136
0.125854564102604 0.170852669773684 0.0201782466418536 0.17974248058169 0.175035515042676 0.0258437765446772 0.0424332761600372 0.0323168899769203 0.227742581175858
0.150667858938352 0.0366074773731704 0.200359085034461 0.0149558310088726 0.071376116039374 0.0200656842660007 0.168739594242186 0.182699000013848 0.154529353083736
0.000783741433897033 0.100116574190532 0.0655182897500649 0.103384754123899 0.13359835441816 0.124854944680267 0.107833727584008 0.162489419293721 0.201420194525451
0.0759496720130113 0.0495537587904275 0.176582153583601 0.145065394785251 0.000586665815977545 0.154775646607506 0.135570224625551 0.13436762286334 0.127548860915335
0.200208348158298 0.0635949592365206 0.126112635453766 0.0163383198140997 0.209376129443656 0.0893260895424879 0.193224467831671 0.0952928185343426 0.00652623198515816
0.120255586799772 0.15147051992445 0.0362967692710424 0.0508570714595924 0.165131749943296 0.147745886120193 0.146054215362106 0.000721046334105192 0.181467154785444
0.0283666300313049 0.230590831400482 0.120583124525796 0.0372080053192036 0.0333015724521192 0.214805633372717 0.144541465396418 0.0376299078628427 0.152972829639117
0.150420925605199 0.0829706962025775 0.114025020219462 0.119575701204778 0.193911667765157 0.184750891334367 0.03058782397858 0.0477947023192823 0.0759625713705969
0.0855476211782727 0.068765530604712 0.00898796035853515 0.0954209438644176 0.129842610591649 0.19944549556753 0.0236262831048983 0.219800811834393 0.168562742895592
0.113978422054501 0.0936913044345727 0.110709354193169 0.0776183172210177 0.149956111479018 0.169040904356283 0.00475035529914933 0.139540040673879 0.140715190288409
0.0616212271332853 0.115230758584827 0.0368146202705122 0.112187119474856 0.230871306980318 0.222058512330968 0.114888235881528 0.0436072949657254 0.0627209243779799
0.164503551496991 0.0703074338058339 0.140252242890799 0.0923512313743115 0.0490768426749154 0.170522599118002 0.0795684328570705 0.126323049727517 0.107094616054561
0.193405592272469 0.100198210648846 0.24997005379906 0.21179912584041 0.010110272081795 0.0383875943115086 0.0252359682682176 0.084378201187474 0.086514981590219
0.0755206498224309 0.145697635173144 0.201108408531268 0.0265574731934129 0.115332763514259 0.114850251487903 0.0430069725846964 0.226744470618409 0.0511813750744774
0.200826599354843 0.192075472361584 0.00434342707187733 0.195300924767528 0.0990689033523034 0.00760414964623875 0.0804051206124304 0.0460182337512216 0.174357169081974
0.169587767555657 0.176433991094416 0.0220463895761088 0.00125955680640286 0.177886713763045 0.0417818575728522 0.137553134484332 0.213178057913458 0.0602725312337285
0.21119597012654 0.0451734885121082 0.164964067601568 0.187022275992702 0.0318042118184418 0.0267542304122858 0.0893840864645133 0.174573663372472 0.0691280056993687
0.0628968930549513 0.11824952859707 0.229333041833063 0.0876436274733381 0.203277667534632 0.0602230564822665 0.0630444465012496 0.143012040047308 0.0323196984761208
0.166247679785555 0.013524458107899 0.116423459791844 0.136902588851437 0.0963598054938754 0.190623632808183 0.00155509801361242 0.0201715856679036 0.258191691479691
0.0795137134800854 0.173899216641543 0.0810698621525188 0.0143944981545818 0.131812800461355 0.180929260736129 0.111533771417104 0.0829865023734976 0.143860374583186
0.0757463661019541 0.111910643095477 0.066682540064522 0.120308883692021 0.16468800908384 0.11634340401532 0.0985325287869456 0.146656566361837 0.0991310587980848
0.189959721643892 0.220652607397334 0.132689675129008 0.0496931882801468 0.016061216137079 0.131346980867788 0.0694940317465427 0.12444126772767 0.0656613110705406
0.0633957347459526 0.170512167559155 0.127092770739848 0.048708022471951 0.101110243874089 0.062754797489575 0.178726324115049 0.0964928586568256 0.151207080347555
0.0686443564726603 0.1019879280044 0.179059296744425 0.194616000550231 0.216302663890394 0.0330778679144193 0.0473082644815209 0.0955004789631648 0.0635031429787845
0.122896457428595 0.0374746063001886 0.196673777275173 0.118652366533109 0.0628774025675953 0.189898730397026 0.0275286053303958 0.155308649250023 0.088689404917894
0.0834434288103355 0.196263819430359 0.155802590583766 0.157989811084231 0.0725327118095005 0.114346129946712 0.0222176956681689 0.0692225015531842 0.128181311113743
0.098710458610099 0.111560823475266 0.131764971075411 0.0957324130646457 0.0182106739940155 0.192960567906543 0.103910180073343 0.120797811036683 0.126352100763993
0.177697480647453 0.18032752285571 0.140528095260891 0.141386599275586 0.0638506601307798 0.035298410758707 0.0633375824125242 0.138877871542641 0.0586957771157082
0.206293182073929 0.0251306533190542 0.113172296258435 0.254838540629699 0.145573121065671 0.0221001334215462 0.0724572168528455 0.0618328599038557 0.0986019964749654
0.0217684812358544 0.108709013000033 0.183256582714662 0.1829928903368 0.157804468849792 0.0742207011219318 0.0752851423972904 0.127580569387964 0.0683821509556723
0.104758152892049 0.00221151082594896 0.0931267708543532 0.228279602849777 0.0616715214722498 0.086764370050775 0.185098686161863 0.121891963270795 0.116197421622189
0.044077632853742 0.0360852415060126 0.19155890343758 0.080401830047852 0.219268067336584 0.111118171729644 0.18207171967119 0.0116995121392186 0.123718921278176
0.0332453293070376 0.174835257461081 0.0706046476788519 0.0426353274786127 0.159262880434463 0.113994967102979 0.100714766703897 0.185704689130806 0.119002134702272
0.0331910204712171 0.115194832745171 0.0624827496228055 0.188490118508088 0.123017511038468 0.0189803259488815 0.148522143307576 0.182155963372638 0.127965334985155
0.0550750591456308 0.148509263027388 0.13198274971015 0.022935914687198 0.134164785115338 0.112959014273631 0.165998951157399 0.0998543326706018 0.128519930212664
0.111698226197361 0.18390650315827 0.0707710708680259 0.0177145871926531 0.177311095872595 0.211061438722198 0.103655293149019 0.101145911169056 0.0227358736708232
0.103491457120115 0.123974213309625 0.0428920532691894 0.143932840500804 0.0908688619137687 0.144371484412961 0.170024262761059 0.00480044008215796 0.175644386630318
0.240656789492437 0.00299892475528598 0.0185806059462917 0.00404822012437174 0.198910714860296 0.104160053562738 0.0122089149336894 0.142008601457179 0.276427174867712
0.177763226658192 0.0369002622326204 0.264029566240556 0.00911923673744537 0.0383954582752448 0.278347066103928 0.0657983685820623 0.104795892205401 0.0248509229645504
0.113205656194276 0.047734349611438 0.177301320470529 0.0118466076355377 0.186604336250427 0.118887964340314 0.0690338000508457 0.21185940909637 0.0635265563502619
0.0627469835783998 0.174155828660728 0.0168045534915687 0.156843593679887 0.066324710387805 0.129433153486361 0.204742808797714 0.0598969424363429 0.129051425481192
0.124735018040132 0.160931519426723 0.0932153067237487 0.0241851280843151 0.108276300117878 0.145100697788581 0.056160250300562 0.156454971658905 0.130940807859156
0.0820301056247147 0.061050429188784 0.139743478769805 0.131621689396832 0.131391034129453 0.0788272290403279 0.142847610281236 0.117069577343734 0.115418846225113
0.0908058182565096 0.159228388254376 0.222628904496305 0.0366542931319598 0.07099875558977 0.249583692406605 0.147025054360867 0.00258123783062961 0.0204938556729783
0.115012747418014 0.0157990199840149 0.078169401346728 0.204892722076027 0.0225884186662849 0.221178746372981 0.103185256215738 0.194747212602468 0.044426475317744
0.0667623525809657 0.110171222689344 0.0869820621018735 0.0293326083147951 0.224977490450831 0.106380719339652 0.156746728851821 0.0798480279512396 0.138798787719478
0.160332771648457 0.137654763541154 0.0623622757893752 0.0456551479704653 0.19908392286289 0.119779473517612 0.241057245452264 0.0281841482519836 0.00589025096579968
0.144834762106393 0.113690617294332 0.0990563239164472 0.136134318047804 0.150767378705535 0.11504027722654 0.0732938265808691 0.085077295439273 0.0821052006828072
0.123256022289603 0.0157539831148763 0.0625603670837666 0.18045784558397 0.0545552739967377 0.00547393509104029 0.168803516612573 0.234118333586184 0.155020722641249
0.0331164371750136 0.0922242020284376 0.133570304979659 0.0609843041080014 0.0261757469507355 0.134985747913278 0.217603248533818 0.197483186167055 0.103856822144003
0.0338446719230578 0.25537496499841 0.0125471109991401 0.103394688757666 0.0852794565031844 0.169367516835211 0.00953390598099507 0.17490072461021 0.155756959392126
0.0693766766105164 0.0387716790295409 0.12886062512348 0.180777248207513 0.0354844809900873 0.177448458950898 0.140274925643534 0.0620904301997493 0.166915475244681
0.138921891431307 0.0853750492430084 0.153590744580981 0.0309938876898728 0.0522115164495832 0.142334679254652 0.198108385818216 0.00467490830213059 0.193788937230249
0.0742444047231531 0.136497764193067 0.115822961810801 0.14764003340587 0.0746856963359367 0.110449608694341 0.053059160841869 0.122507323068718 0.165093046926244
0.097674861555665 0.166225568996378 0.111515409022859 0.11527820483852 0.107819033799635 0.145827222581834 0.0623850165446391 0.0681977116647377 0.125076970995732
0.121024820468052 0.0988401393058376 0.181439524422151 0.0795179822390037 0.0878971613972757 0.0317235299887302 0.0737029835570317 0.111328945098962 0.214524913522956
0.149977176536757 0.0119411422118436 0.149292161274349 0.00995814926919719 0.028259159377694 0.0866495691496353 0.156497016039937 0.166273890475015 0.241151735665572
0.186083062896779 0.0155257609462585 0.149139769217048 0.219117268259427 0.0355840526254339 0.0425310501804092 0.00284767640815042 0.135044150823899 0.214127208642595
0.0556211561782765 0.122659375050238 0.00614286923094315 0.0154020372710182 0.204637090867375 0.0878791567780681 0.163642559231685 0.175361249632229 0.168654505760167
0.181626728763245 0.192687106601075 0.0419813083866737 0.00194710698455903 0.0606328677082522 0.102683589447238 0.201548217834224 0.182327679388987 0.0345653948857458
0.0774396780394606 0.0418861846251281 0.0625316354989425 0.1487739356496 0.0097828765699564 0.176650094029446 0.147115360708421 0.15222545586451 0.183594779014536
