0.0172895045444609 0.388903263777595 0.166091938006585 0.0823668518964636 0.0122352296210657 0.214497415590839 0.11861579656299
0.236450955300437 0.09606382339809 0.0755480779442309 0.35354598065597 0.0634371392567964 0.134406569112583 0.0405474543318932
0.200168785520614 0.0870940075462072 0.173209215606852 0.105081677206891 0.042388579721053 0.209362674136216 0.182695060262168
0.190821284048443 0.173309720984109 0.171198729978777 0.209283882279937 0.0472293475560385 0.019918257674703 0.188238777477993
0.194704092298745 0.192464342696536 0.0871820519710734 0.0366951458599563 0.161083238779463 0.173277566730744 0.154593561663482
0.00920143347741706 0.325599757451577 0.315502032314777 0.0314967169744317 0.198696569172892 0.0847978680243496 0.0347056225845546
0.164774643668373 0.112939952526659 0.15477504018468 0.188804642508174 0.0744237987432458 0.0761799014096709 0.228102020959198
0.206260850333121 0.031330494476768 0.0170188912457816 0.192477861731528 0.099477452717636 0.186736693521365 0.266697755973801
0.341559691304028 0.0510833495708829 0.0638207898361001 0.0621849982444358 0.02251332239336 0.1850747557799 0.273763092871293
0.140034453606719 0.0874528517215381 0.146812759662807 0.350304909121045 0.113302959627341 0.15441775177394 0.00767431448660874
0.0742668426789406 0.365307394578776 0.0321044184506087 0.0409537267415954 0.160892782612733 0.0417412980427385 0.284733536894607
0.186094276673374 0.200411727108886 0.159139769443153 0.16634912353639 0.00701070715171917 0.242247178773027 0.0387472173134508
0.206748826094682 0.211137157784884 0.167883039508868 0.0444042360132864 0.0465111537118429 0.110223450711198 0.213092136175239
0.0663786843960975 0.0625484866733449 0.151898744333257 0.242894987840853 0.0076779124380154 0.156893233321092 0.311707950997341
0.205292176413167 0.00460380832482067 0.231825415816066 0.156670758591168 0.14954871325156 0.107889667369949 0.144169460233269
0.281371277917932 0.150208595175421 0.252641936128124 0.0420259957719262 0.102696376343443 0.159173659260988 0.0118821594021652
0.199167594075053 0.0807323028609802 0.286701821831956 0.113505227956054 0.00954426369250671 0.0551766127820568 0.255172176801393
0.195785992862796 0.0745775658603805 0.150487250545007 0.158042379266676 0.174339053233922 0.158597806598167 0.0881699516330535
0.207528974216156 0.0988750544037501 0.285733934520256 0.118333455341054 0.116857571573209 0.111557573571168 0.0611134363744064
0.0613574942433081 0.0867854131641421 0.0958245831872678 0.173927601238526 0.100863362873029 0.261789287767349 0.219452257526378
0.0935580647916593 0.0439895605678642 0.231217323946961 0.168428781437787 0.16786290406289 0.160044799883151 0.134898565309688
0.0714760952820224 0.0407913594899585 0.00468559315628868 0.234835466514416 0.158420205283255 0.267461972011785 0.222329308262275
0.202139016766435 0.123424378918539 0.211697461408283 0.0955398991414503 0.102292991418035 0.113633317755092 0.151272934592166
0.0452311944480463 0.18281434042003 0.0324826869950251 0.053187462138362 0.314832388021209 0.125079607193232 0.246372320784095
0.0565878788441802 0.187029290256281 0.00763317126819745 0.294376512745602 0.0288978414442477 0.289421698067288 0.136053607374204
0.124978889937633 0.18457587521255 0.203353003986313 0.10695469264222 0.123751837399801 0.0713109434848942 0.18507475733659
0.18843376178552 0.183770596378472 0.308284183638461 0.02263089604633 0.126580617282937 0.0495784792612665 0.120721465607014
0.165682407884145 0.0853076073439597 0.00535660953483243 0.16370370470847 0.276700082056597 0.101254151105464 0.201995437366532
0.057397814801886 0.0819774852207985 0.282074125201859 0.307619490705745 0.058726232404103 0.199305207998288 0.0128996436673215
0.131257322405929 0.22300537932139 0.159050968859575 0.20255734891271 0.0735213214129684 0.025386868171418 0.185220790916009
0.325065148170333 0.108814059373956 0.161366184798476 0.0572538985883889 0.0542430282728861 0.100167949972142 0.193089730823818
0.0193485243172438 0.262932542703675 0.340171008122316 0.0889995474820381 0.030023010681708 0.179405672545144 0.0791196941478753
0.125530108148759 0.197343824428056 0.0781569398186197 0.137500725545738 0.207968469996392 0.227678040474907 0.0258218915875293
0.0627543720602518 0.0212388939634449 0.127223853510595 0.335595260203787 0.0786046864187815 0.271415228404915 0.103167705438225
0.287131690475671 0.133908243065575 0.120150503009535 0.138425656600972 0.0520067526625536 0.0338004738874557 0.234576680298237
0.137607861213424 0.0109547141051562 0.16116673261173 0.10498593087681 0.174449095524689 0.297467761238986 0.113367904429204
0.138513001605017 0.229201395031368 0.0351769785988772 0.0122697867977313 0.195721508254381 0.210480846235846 0.17863648347678
0.163473663872483 0.106098188142397 0.176605310622472 0.144725022330537 0.122818360530732 0.139414274571267 0.146865179930112
0.227845313409558 0.117078878505872 0.0672773938952164 0.157554216268824 0.0923810767751912 0.0891625570102956 0.248700564135043
0.192904517972992 0.139258799699134 0.231157471821397 0.00719144102058255 0.124692900909109 0.142132769619041 0.162662098957745
0.147512749908503 0.204924076436667 0.132987857902611 0.155650238538606 0.228744237729159 0.059402403286651 0.070778436197803
0.168078900245931 0.225951546233382 0.0755475384821354 0.184786086457497 0.186513278780204 0.0682995926467966 0.090823057154055
0.0884000783138427 0.209706958492726 0.161229564019767 0.206941685770589 0.20141229983961 0.0941930257704097 0.0381163877930567
0.117531456233333 0.19712557050367 0.236814821373137 0.0856632846971275 0.117361939280728 0.157914999115057 0.0875879287969469
0.203167918629209 0.213241616043468 0.0137618023439964 0.208563008776976 0.159373587499825 0.0332787324791802 0.168613334227344
0.160370455087674 0.0824017032135685 0.188831558977003 0.151322209524791 0.19630612616831 0.152709347852675 0.0680585991759786
0.141102070466657 0.0983384186121834 0.105093292652073 0.129543640534504 0.209249182662279 0.125040385066068 0.191633010006235
0.0469983275851767 0.186881618606405 0.2562153016634 0.158890296505768 0.207233217263501 0.101623210411754 0.0421580279639949
0.227462268253184 0.0871888954368126 0.176410933216736 0.0554006649862525 0.262256089779278 0.0537340643491336 0.137547083978603
0.0289860138498817 0.201462326754833 0.005819472934082 0.132964096614528 0.197693490418959 0.298086949126225 0.134987650301491
0.00724537702155978 0.219081363293144 0.190070010077273 0.0955124810090177 0.175287661090746 0.122909745732238 0.189893361776022
0.171099284027275 0.162997827970447 0.210272046985377 0.135721253878924 0.0378968181772538 0.0591178394280945 0.222894929532629
0.0622217598660079 0.239411355588407 0.0161190551112765 0.279872815782356 0.103038138016427 0.118704207832833 0.180632667802692
0.0976416953049324 0.231535199137012 0.237473248796066 0.262324939845867 0.0601932670912643 0.0637917452947491 0.0470399045301084
0.149020983634129 0.074679504853359 0.0502853161991038 0.129791543330607 0.197645775260169 0.290565889823123 0.108010986899509
0.0422081414288834 0.179975009361977 0.144974259916948 0.150116249913154 0.173671405088732 0.0819152006589208 0.227139733631384
0.158548530506913 0.235661939250403 0.0941352923358615 0.15278638986382 0.00457656654311938 0.21222630646251 0.142064975037374
0.258412939422398 0.249649544701292 0.232828059460561 0.00120942796198923 0.131265720619807 0.00292038897593009 0.123713918858021
0.214678446316498 0.136289782872305 0.163779119845934 0.112302973638013 0.213478515794603 0.0410242990302013 0.118446862502446
0.267909674998611 0.230443339193254 0.0848763531450623 0.101776511150939 0.0265303160183029 0.139092926006958 0.149370879486872
0.099200614628115 0.265066342908906 0.091427587910493 0.0876142780777107 0.128746298338861 0.193262083967239 0.134682794168675
0.170815884713283 0.170483128943788 0.220201800603174 0.108551294234806 0.182086617855637 0.0901515679051774 0.057709705744134
0.024112993899805 0.000766245861651076 0.216707583365452 0.229355642574308 0.295935428172541 0.0551109119814364 0.178011194144806
0.20087335283205 0.0522160271721267 0.163278572684777 0.275886871211831 0.0586402339097523 0.027639760594914 0.221465181594548
0.197657786642904 0.216373643999012 0.153355664000348 0.168910447633317 0.0126155313870949 0.0484840720174172 0.202602854319907
0.155428981300599 0.266582490573456 0.141015910006863 0.183450214142653 0.0946812424101831 0.130626280973639 0.0282148805926079
0.217280996557268 0.0432015921021688 0.195807313390123 0.131073984311654 0.0336904279614354 0.154985172844212 0.223960512833139
0.0510362889520791 0.0919535511880754 0.146649286620924 0.108212527292754 0.265554738064135 0.235570173205894 0.101023434676139
0.219128881110789 0.251785588732924 0.0934034515910227 0.0370904728203709 0.195112254127693 0.142772808662242 0.0607065429549582
0.26459572026832 0.16221144367737 0.12005221899688 0.0900508303881771 0.0348252845331244 0.0504375138431202 0.277826988293008
0.184236238842897 0.152786127446345 0.0712131377884483 0.161423981588999 0.162774116626532 0.173020766724927 0.0945456309818514
0.176921787968976 0.195784126856591 0.0972168450975174 0.0149226762845338 0.115361298554317 0.20343770842657 0.196355556811495
0.213597076094576 0.18346054285262 0.185568626934748 0.0831901264116769 0.165682756854229 0.16324187150774 0.00525899934441084
0.0948862359118261 0.281748990168017 0.157753497551778 0.196182252084755 0.183931069291723 0.0128384324568848 0.0726595225350157
0.0320885792420806 0.0259387406393186 0.106143238028165 0.224418927577507 0.238907280605548 0.0921101610167426 0.280393072890639
0.163400016260003 0.213557731198826 0.126155046418362 0.198658096128299 0.138284001408769 0.136779256144206 0.0231658524415355
0.162204501302806 0.0448202993183363 0.0237407852070922 0.279029387891867 0.208723334696467 0.2332847131767 0.0481969784067314
0.171181160930919 0.228246860326996 0.26506769404898 0.00195775309711421 0.0899066327948401 0.0038002071083007 0.239839691692851
0.0180580713797332 0.259581073051527 0.0535251006517295 0.277716314818476 0.0123685221370697 0.0926617051542544 0.286089212807211
0.148655270395425 0.0364967447864076 0.145518666037063 0.0308232678342122 0.250307386753249 0.165771099113652 0.222427565079991
0.283930269838532 0.159105153981162 0.244580678994124 0.00115041162772136 0.0664489567361691 0.0943549927713771 0.150429536050914
0.219505841708682 0.0488867179008303 0.279349306651524 0.0532630342179237 0.103092226739104 0.206131397277444 0.0897714755044923
0.0792461750529116 0.102157845346301 0.165149814987995 0.0934924175967812 0.147828045241401 0.213666173301501 0.198459528473109
0.197167369651433 0.0798515126213547 0.186527467064431 0.29491373652672 0.0381605548619086 0.0883880056736766 0.114991353600476
0.2788647377726 0.0780044645796151 0.319991861735483 0.0742212831061182 0.0375944942206132 0.169020768440509 0.0423023901450608
0.150257275760094 0.148340020382305 0.209309940983879 0.020559836516976 0.0142973782952924 0.228640998657028 0.228594549404425
0.0184365223340244 0.187623276438636 0.0428067036186245 0.0358910811612111 0.17652372196475 0.512930019255528 0.0257886752272261
0.0445725920605785 0.190543225340643 0.132715944060936 0.110543195005986 0.0649571515340214 0.218862286697962 0.237805605299873
0.293754516566932 0.0370999913194101 0.206606536915796 0.222392439479867 0.0793426038322079 0.0174423311319684 0.143361580753819
0.267524552366504 0.0389641567900003 0.0396780318197796 0.0897034520127292 0.0358291150315723 0.275568107359003 0.252732584620412
0.148535059885896 0.151480776729102 0.266099475016217 0.0959338720604553 0.183155607976292 0.0770761847178221 0.0777190236142156
0.00289699796776554 0.242118407411698 0.123035466935393 0.191638256001458 0.311202415994253 0.0231860189373771 0.105922436752055
0.130884390662147 0.195603057376954 0.272311933443923 0.277096734490981 0.0221765364643142 0.0979058036591583 0.00402154390252248
0.222445530932503 0.171327123500243 0.0517657206947642 0.283630431672747 0.160280782562083 0.101932300889982 0.00861810974767786
0.213439587765372 0.142754225849689 0.214528017358362 0.0449580003665788 0.251909210074565 0.0535763941560111 0.0788345644294213
0.218284323098685 0.0568911317134648 0.010743153809212 0.273281991881224 0.0300366436065751 0.132148162950993 0.278614592939846
0.240839004438351 0.202729306799112 0.0866420052369677 0.137923312105639 0.0452745747242199 0.128597525150134 0.157994271545575
0.181448169632781 0.15790550638663 0.23234861296468 0.0167164809983232 0.239849197607995 0.0281658083524173 0.143566224057173
0.219222871960636 0.284025538291417 0.0997126724305518 0.155554693980475 0.135724379282593 0.0250906897611851 0.0806691542931411
0.228104654914285 0.0390667230316061 0.113752357979592 0.24995448832238 0.0346550957235704 0.205670331025467 0.128796349003098
0.178326273995473 0.191811053264636 0.00345249333616422 0.192966991406351 0.0879182741956279 0.159168056189901 0.186356857611846
0.122628785911263 0.219935639600252 0.157625488140559 0.158982229472453 0.0675961559189729 0.0657774508259772 0.207454250130523
0.0325386310289157 0.0491069573565407 0.085338134692678 0.257919033266461 0.241198634710544 0.0409914757705439 0.292907133174317
0.0526984177512078 0.207223969575343 0.00929517623494894 0.139411970626963 0.203615868814385 0.249575078767665 0.138179518229488
0.158455354490129 0.158948105204526 0.0226639324049694 0.246377263393196 0.0287292834130666 0.119932615246862 0.264893445847252
0.353080873705539 0.0599591940346713 0.0548310736241827 0.0584365905745685 0.106712620936665 0.298220641361197 0.0687590057631769
0.0499583964732134 0.117394440393247 0.116134802346625 0.225409878410811 0.214744615866273 0.0810206429226215 0.195337223587209
0.0731100722010831 0.205900532043674 0.0138239556790482 0.208940194262996 0.206486314542957 0.087790179105837 0.203948752164405
0.233194876945593 0.103953889644776 0.0261471394879951 0.0192632114098142 0.256547039341487 0.123698664186055 0.23719517898428
0.0875607087274822 0.0619119942483908 0.12459338521614 0.316235458204215 0.0384538958037561 0.265446599888284 0.105797957911732
0.22275147923473 0.0368664083412463 0.00731392000577461 0.16811776458381 0.119109095091883 0.0962794500029944 0.349561882739562
0.0794748232587894 0.0675382355737565 0.210057931947417 0.104178005930449 0.21486158490343 0.194433675819505 0.129455742566654
0.0245305004586022 0.279536458100796 0.118625656651647 0.0934185045685617 0.194914398711508 0.0532834247358237 0.235691056773062
0.279769437988747 0.323607498339284 0.0945922020523039 0.126846614413626 0.0961229954560901 0.0422810175942575 0.0367802341556913
0.187414708576781 0.0720636219316905 0.167385495532078 0.103572160798569 0.259766460933288 0.0499278590195038 0.159869693208089
0.0529477399373461 0.154655796105864 0.261400725950253 0.278903495812497 0.0913612802155376 0.00988182132886213 0.150849140649641
0.20471863234554 0.270047908617063 0.118345415465718 0.282972999057892 0.00397798514427464 0.0103880907827017 0.109548968586811
0.0652264961003347 0.0316286704142198 0.201204176109314 0.140965731978396 0.137607729429446 0.184900011334976 0.238467184633312
0.182068944993747 0.0753969271742701 0.160195537029974 0.188291718006615 0.0640055795079226 0.195744163063801 0.13429713022367
0.223602353985158 0.199847287522982 0.0143264313484691 0.0943189904197558 0.243080409115898 0.0904558229585696 0.134368704649167
0.230010556741109 0.245895230507539 0.126276682432824 0.228658577153854 0.0266327438602572 0.0956530141475115 0.0468731951569054
0.195374266929442 0.0174826793628473 0.251220584859884 0.246110904749668 0.101190630400022 0.0152083644682798 0.173412569229857
0.07786560501053 0.198527947279919 0.0784371000481367 0.213575889068633 0.170918740567912 0.0907855295389908 0.169889188485879
0.0127728479393488 0.240362186305984 0.154133434645376 0.0380686786131961 0.037093651380221 0.270738312842149 0.246830888273725
0.00438586484415101 0.21272147281163 0.132937542458989 0.213297830180067 0.0839784108173137 0.192792464420347 0.159886414467502
0.164676199177747 0.0882700798963958 0.106493796405174 0.289140471817322 0.246451672700815 0.0480890719269831 0.0568787080755633
0.139030823156795 0.06639600691022 0.0853930133982492 0.0835613734649127 0.254630773474815 0.119706347219678 0.251281662375331
0.102813538117849 0.131905815742848 0.258684153478465 0.160010867629942 0.167678273506308 0.0273645677930566 0.151542783731531
0.116253381767743 0.119782728574058 0.0482899062730323 0.118840187734238 0.234487578742831 0.0970789357222743 0.265267281185824
0.233796652013403 0.0726174512080264 0.182263187099018 0.073174801817603 0.214049025893751 0.123749896520294 0.100348985447904
0.239098326548963 0.229923071083629 0.193017707965739 0.123712053045505 0.0235421432853094 0.019429309421816 0.171277388649039
0.127718140501308 0.0911700809130863 0.0643898636461656 0.179469488533086 0.217087243676163 0.233746712269292 0.0864184704609001
0.176802848013404 0.213407120781566 0.185795402719877 0.0456645546498784 0.129612044162709 0.0540790908854373 0.194638938787128
0.139480442997122 0.20672320821176 0.143518064037838 0.227178660917574 0.0454548289065627 0.227358838492944 0.0102859564361985
0.111930825448182 0.303646443947452 0.199444412655101 0.226964397304298 0.057643089958099 0.0224705596521918 0.0779002710346761
0.217825565459918 0.0996888013930289 0.103805353521212 0.075756874218129 0.0263771818188786 0.210373155273536 0.266173068315297
0.145761344102779 0.249998672654643 0.0505732675036836 0.232046435593132 0.113655851219687 0.0954607146195479 0.112503714306528
0.117719711288799 0.35668781635532 0.105117673646207 0.0285940836953978 0.0915532415738662 0.0272370651842917 0.273090408256118
0.207162655374957 0.0546869269175267 0.123203279702894 0.0735175310013692 0.0597097122480162 0.244372619312043 0.237347275443194
0.18277809798326 0.24708183007486 0.243612913809162 0.0634236684259651 0.187512328885928 0.042165738090014 0.0334254227308105
0.104546830845427 0.00896325977026666 0.00640478229770607 0.235940289694395 0.257236052890125 0.247145690571541 0.139763093930538
0.264857706843839 0.013095606442758 0.115525517893879 0.0714402673101324 0.279195069207653 0.0810448635402483 0.17484096876149
0.243303786213479 0.129263654616043 0.0422715263395872 0.221921647169047 0.106065949884147 0.142822097763893 0.114351338013804
0.215405364669226 0.199826267644486 0.0645225826050174 0.0344568373611674 0.165535130853873 0.0824048159268057 0.237849000939424
0.0476960937440278 0.299427022548495 0.121441347377663 0.000366515651586799 0.187189900983776 0.168353935236275 0.175525184458177
0.251715468085031 0.190080187521622 0.103206474574035 0.12957250221657 0.166266652563778 0.00983159571906925 0.149327119319894
0.0717565532156123 0.180525087209841 0.183128281739144 0.122075688383289 0.133941804619036 0.178469229954483 0.130103354878595
0.181364068935368 0.244067095780197 0.228302496402602 0.0778905566631894 0.141087466173521 0.070182450314802 0.0571058657303195
0.237243910476553 0.0248573402676981 0.229217473557533 0.170103808813001 0.0867396813725696 0.105691079273467 0.146146706239178
0.0266288387003939 0.0228247520186892 0.439340687853554 0.0692926739710455 0.141496277046404 0.130627600047793 0.169789170362121
0.210809342409333 0.111209242430774 0.154909761397574 0.0686611820188252 0.0069682743259372 0.222478014562738 0.224964182854819
0.146194086285853 0.102074615503073 0.124404461091472 0.137750082402012 0.153418920385147 0.176095365553839 0.160062468778604
0.0994983475413746 0.182842419079306 0.0715848880646914 0.252305334733423 0.0220248147218618 0.303851132507839 0.0678930633515048
0.112858273670203 0.159134100216648 0.0980843741595685 0.133225406246413 0.229831066391836 0.0706129719243305 0.196253807391001
0.259657043931897 0.161992822440543 0.278184111782285 0.00555085448218165 0.193855546007313 0.0555219532008689 0.0452376681549116
0.170383186243128 0.134991629707043 0.141464478539522 0.120297832606287 0.144847806590947 0.132092481838517 0.155922584474555
0.111757105040282 0.161047257564054 0.0842850755645499 0.195056600534468 0.100788118094375 0.195066964646191 0.15199887855608
0.163167836882405 0.147403212374423 0.231122793663564 0.0348120119527632 0.0314329301029619 0.204518756763174 0.187542458260709
0.141149476759236 0.126968330472089 0.0426902187331962 0.143132673199224 0.30652276069142 0.0662041907925415 0.173332349352293
0.105819460387085 0.227557495269663 0.0332754123841971 0.218833674256775 0.229138729215289 0.038460420141042 0.146914808345949
0.185099027951196 0.139359365800626 0.149056179369717 0.0979043445739109 0.140752301484206 0.143718968868532 0.144109811951813
0.101020317075765 0.0859905833253742 0.294734467596471 0.201170168597872 0.0741086086223663 0.0228400055386973 0.220135849243455
0.167334534251763 0.146700739314641 0.14938519219154 0.121364401550081 0.0612830291670201 0.163550771038599 0.190381332486357
0.136623301868857 0.19306897207607 0.0892501399741704 0.176331139055722 0.0916547765095489 0.0897669363203142 0.223304734195317
0.0733476204602362 0.183731515133972 0.178121176054029 0.150936531428345 0.0523285166572245 0.168660412590601 0.192874227675592
0.0856286592428447 0.0844166024424949 0.320701112333728 0.312669870168561 0.0499288831188147 0.0376565829755771 0.10899828971798
0.136113858235018 0.10830695220622 0.165753511852232 0.214709588598499 0.132724890626594 0.190332520014052 0.0520586784673843
0.181541387106544 0.191306884064263 0.0815168852457861 0.00252015055836151 0.246754608682243 0.165488929450609 0.130871154892194
0.252872793683457 0.0338290934265857 0.0124068313127091 0.153441516141397 0.111767120677005 0.291477369107344 0.144205275651503
0.141505385195539 0.137910777430773 0.151859361462105 0.137443585266138 0.200291578435017 0.0978652799430838 0.133124032267343
0.241944515604187 0.112075071923365 0.0172506154152658 0.161162938925829 0.193733577766374 0.231362358111932 0.0424709222530469
0.200299310611677 0.0334736982198254 0.0849306184794283 0.19773830267159 0.116592726961696 0.141654886213181 0.225310456842601
0.235466333584833 0.0556316227894981 0.286284098072624 0.00130852151933108 0.102930069882573 0.261580805719805 0.0567985484313356
0.234315971529738 0.223518498928223 0.0948722605534211 0.0896665444082837 0.0415503153015442 0.196271133479914 0.119805275798875
0.153119441001047 0.186383280353496 0.17228300679985 0.172385651589766 0.217888853553893 0.0963474196297205 0.00159234707222752
0.0425529591604527 0.0907348692864397 0.0930193758334067 0.188366200816807 0.167383536984081 0.203658703299761 0.214284354619052
0.00596233153837154 0.177418342859667 0.263646866837835 0.100637676222235 0.138567053979171 0.238129521469188 0.0756382070935329
0.102524123176511 0.142365629347536 0.287292415950875 0.214432377811367 0.0894082633619537 0.121059994628368 0.0429171957233905
0.188001393278747 0.0637849282382496 0.146977332454957 0.0609175175942431 0.151751095917867 0.354516050597186 0.0340516819187491
0.00423640799386689 0.19261425153703 0.206266821615969 0.221085596322296 0.0141168033469971 0.103822018744576 0.257858100439265
0.121393169360203 0.0350089174875511 0.22554829445268 0.187105701118114 0.0130056682463222 0.173598853361876 0.244339395973253
0.206744542252983 0.173483381974711 0.00598795458351713 0.15630867557829 0.0669280871090968 0.137257359391369 0.253289999110033
0.175209125342266 0.0414703425599318 0.178443358872326 0.0890778006241722 0.0853263191643813 0.218398864104171 0.212074189332752
0.186513293686378 0.227325523114899 0.149333218372581 0.0171308108211096 0.033137147942644 0.109353495489516 0.277206510572872
0.0766822758283529 0.267406437717786 0.0532573963035152 0.000629663281248569 0.239370309322318 0.135606440437307 0.227047477109473
0.0773656231101354 0.0402726021291032 0.278439568353163 0.0629699494221674 0.19069672418245 0.164372009103374 0.185883523699607
0.108354784573864 0.198449830995111 0.138434188009431 0.151370640331423 0.126545117392996 0.133520279788195 0.14332515890898
0.20402504424915 0.227614536981012 0.108433501264563 0.110203511263816 0.152905360961217 0.00354883779440855 0.193269207485834
0.0304932006262915 0.124669355195691 0.0343444456194215 0.264813240840627 0.180362610108288 0.13061756645338 0.234699581156303
0.136032739755024 0.102381840068852 0.160381433772051 0.179594586455849 0.200062838180708 0.0329260985922217 0.188620463175294
0.18550845568133 0.0453401487652877 0.141803638817427 0.119510644504444 0.179447399081511 0.164162722981056 0.164226990168944
0.203924584439201 0.0102034266916278 0.227950437777055 0.0130926361084499 0.0650229537563958 0.391062742772912 0.0887432184543579
0.20840103043438 0.0615306488593179 0.286917262900933 0.14990733494256 0.0743859485958151 0.0215359579103021 0.197321816356692
0.150978987021579 0.0446153351553995 0.0822057957316051 0.216006366355073 0.196601677492705 0.185492224224087 0.124099614019552
0.16419499070643 0.0987544209188044 0.169051266857592 0.162950653884168 0.0862533971080632 0.165209346286334 0.153585924238609
0.215592522026985 0.162465154752363 0.194392558912816 0.0328849377647477 0.0688724712515417 0.170643738530634 0.155148616760912
0.179715944343211 0.123600694685101 0.103393393463103 0.115364159010088 0.202762245091764 0.115336964902694 0.15982659850404
0.203474538404738 0.201955205755115 0.169151429886967 0.038347212110342 0.0481727655272802 0.137785214389145 0.201113633926413
0.169656273526812 0.110874592820192 0.156625251709704 0.138266258711794 0.194855707806544 0.133987614615677 0.0957343008092781
0.0541343913160172 0.0357824670717043 0.33255451792933 0.308721566022621 0.0200551089085049 0.230280519080503 0.0184714296713192
0.0700796805841184 0.127120855558352 0.220203678758896 0.00436274614550769 0.25968206245322 0.207628889231184 0.110922087268722
0.152167339330705 0.210711893394444 0.139876401136405 0.166392833546285 0.167767711111365 0.0939107337721127 0.0691730877086839
0.0680318781767135 0.310673294815505 0.00581842174821575 0.184005774280663 0.17367408407647 0.0657224767146844 0.192074070187748
0.244947727492389 0.0746977716938197 0.117183616223476 0.124264221489447 0.165056039622422 0.13067254353059 0.143178079947856
0.0225137374781076 0.232480913959582 0.224111022800518 0.205648970021247 0.0879905532592549 0.0509325174027533 0.176322285078536
0.211758730219722 0.0416784074374728 0.148786046486994 0.163396299868622 0.224222716369241 0.0140557482944469 0.196102051323501
0.0204226798688699 0.199290427081108 0.0464846607224187 0.0127797569555073 0.311154038492459 0.134305361061592 0.275563075818045
0.259402122161973 0.237016092562565 0.299588339600975 0.0654177798651169 0.0766689423710452 0.0565038539704339 0.00540286946789079
0.158629934023792 0.0736776484192438 0.217216549133627 0.105894423795712 0.172761828296772 0.103012481818292 0.168807134512562
0.161686657024936 0.211109525550096 0.00430088031383712 0.190196577188676 0.142296414861977 0.074503898692161 0.215906046368316
0.0659119803837496 0.266553005125728 0.207779924027353 0.263978285504482 0.0110299201308214 0.0605112003900205 0.124235684437845
0.243220824671234 0.199231674268037 0.0601778454833267 0.0547580235537158 0.259652898839374 0.00267565817487817 0.180283075009435
0.0784358957022299 0.0144629363130491 0.111912653098067 0.0223993591313603 0.257551042809267 0.196013434402983 0.319224678543044
0.211753112948532 0.221458685357455 0.022463745050791 0.00857308382117215 0.180316821922436 0.154643762211072 0.200790788688541
0.0911235161612697 0.226491551913916 0.200751503860614 0.0293829842786207 0.175376901316381 0.243748342118757 0.0331252003504414
0.181948080936955 0.0851257775459479 0.118231081426169 0.0399138597671785 0.176201708672516 0.22286013155138 0.175719360099853
0.267277421918088 0.00485706860511996 0.0128259489619589 0.17393316257223 0.172672013762944 0.255028433636679 0.11340595054298
0.300290494966255 0.0132302397420128 0.211047868171071 0.0732031197304147 0.0249711562242366 0.0860967332178988 0.291160387948111
0.262727063066632 0.0246378670838072 0.203795655883568 0.205761063611496 0.0718851330928487 0.0437858298535792 0.187407387408069
0.203546621166799 0.124222880036372 0.0622568522730638 0.199376805613041 0.157585113537672 0.17931793947391 0.0736937878991427
0.168765569511514 0.255822977851314 0.0689381760343809 0.107258258884504 0.15267092084063 0.0426094466458015 0.203934650231855
0.0614859527093334 0.145103348835871 0.24866656551594 0.262558420144432 0.0999466876695558 0.166401014772874 0.015838010351994
0.0273063369005942 0.0997371347277266 0.22957277079127 0.249364077753905 0.11638724282905 0.0845998973252421 0.193032539672212
0.228659376565792 0.139266517242137 0.162258188469979 0.147551908072411 0.116502638577411 0.0900198679614987 0.115741503110771
0.0619803419329463 0.00355190072270786 0.276874515260828 0.232071903737809 0.18593649246791 0.165637291713584 0.0739475541642146
0.220480215219652 0.238963837987203 0.0632402668404335 0.0222843991838187 0.151845564879295 0.240165257686578 0.0630204582030196
0.220178786697483 0.164552427419391 0.166972656132787 0.0329242948756189 0.181361633234137 0.106016869913521 0.127993331727063
0.132401509542031 0.144580543801808 0.046641627259424 0.155486239830521 0.229661882218791 0.0104112581205526 0.280816939226872
0.201586065581872 0.112206615069045 0.0727858584563255 0.200180907186048 0.240282575247734 0.06422032704175 0.108737651417225
0.225758174223125 0.153410468472479 0.140705291342073 0.179271195281941 0.208332594173984 0.0361997286174764 0.0563225478889219
0.127522129228022 0.111363724530489 0.169474514329971 0.138400113273576 0.220583093375972 0.170581419479953 0.0620750057820176
0.0464595660771174 0.16726775664863 0.217520437100464 0.106317248515384 0.134143019604676 0.145307672814309 0.182984299239421
0.212315759121855 0.16600519196531 0.147616824271457 0.182143339467725 0.0744006136898057 0.128918611230979 0.0885996602528671
0.226201773643377 0.142439552614656 0.255793076916662 0.0923645361925615 0.0216212148999472 0.128767527424389 0.132812318308408
0.246611363011761 0.0960019599811353 0.205516309033812 0.137836492817591 0.192689605556794 0.0598292944616773 0.0615149751372297
0.0596898022154409 0.36543805700189 0.0502693951041656 0.0904332914350914 0.0682949109918108 0.0633183572172166 0.302556186034385
0.164489332942542 0.164886663620685 0.161655596274285 0.161399092563381 0.131583211257016 0.0820749588777783 0.133911144464312
0.137795586450588 0.195655809611251 0.0366778253219423 0.154877474508285 0.0828631640856754 0.13734182947246 0.254788310549799
0.00912033003772462 0.249388965788804 0.191090120152176 0.15789851346171 0.24383285394483 0.070490509185688 0.0781787074290671
0.27896136443839 0.101477383551447 0.141657874234112 0.0344389883071168 0.0603838213839704 0.191959100413262 0.191121467671702
0.176910733902527 0.0852923418674443 0.163718414182332 0.218335375659982 0.125459722906271 0.0108293395212016 0.219454071960241
0.0644107674799185 0.0487202905939333 0.236430828074692 0.0990012569106833 0.108184928548651 0.247628908221929 0.195623020170193
0.127704865955284 0.185969054925833 0.123610318745408 0.192872534293768 0.0918094877901576 0.108190622270186 0.169843116019364
0.362473405766809 0.17246735153205 0.0202181189429436 0.0421735012555341 0.058404008132107 0.273843068067125 0.0704205463034303
0.153899941409881 0.147192618309974 0.174291005708648 0.111137375765285 0.168722190790317 0.107655527656766 0.13710134035913
0.0255316065174952 0.146266107009547 0.21582171025111 0.190699859850611 0.169588754925271 0.162953019500745 0.0891389419452211
0.0701705502486291 0.140991605282978 0.236170500880637 0.107646538382618 0.152696113252556 0.0645626510842913 0.22776204086829
0.0106723947862478 0.224154107337112 0.100384754241783 0.196166551432264 0.124555331809317 0.182755909002645 0.161310951390631
0.152690322377683 0.176885867638441 0.0807119927862927 0.19378044890007 0.188934807316892 0.0745345581222402 0.132462002858381
0.11113983727662 0.140725579672044 0.176933717900511 0.0735051240292373 0.129903396185984 0.182203179114781 0.185589165820822
0.217488359652236 0.121720370800261 0.209086635930991 0.169044383112278 0.143247179789424 0.0883803120578638 0.0510327586569464
0.193193761109711 0.114568663953147 0.222866702399486 0.0719157459228639 0.20438406923876 0.0816329701980186 0.111438087178013
0.129697027031533 0.199970996283637 0.0622955639028129 0.201669630285748 0.125815309666796 0.217405861638155 0.063145611191318
0.223377580049863 0.143213727852519 0.0731654456911728 0.204778706548972 0.0844058478393547 0.0818707982744338 0.189187893743685
0.226031076920328 0.120276484308043 0.216428315344778 0.0982394391817793 0.0289697269008576 0.23029861860037 0.0797563387438446
0.106283648241433 0.119167323233024 0.075310697104329 0.213448006329008 0.201801427535172 0.0975588918699914 0.186430005687043
0.037710075301925 0.0729390753206113 0.321642477390899 0.0568197444498917 0.269028843416247 0.236459427283786 0.00540035683663983
0.224714483684949 0.161835217068339 0.107049705819241 0.231929730724676 0.0225635638417907 0.0247516244166488 0.227155674444356
0.0462654033168304 0.0549554389811285 0.271615527963481 0.0656437872342329 0.0526475447552596 0.245797647091916 0.263074650657152
0.032690144471992 0.167941462620586 0.120744472542634 0.113554228618393 0.203519690343348 0.115315605590781 0.246234395812266
0.0760939259935925 0.228855469866318 0.18523832247579 0.13237527155085 0.240821812525017 0.0488887199872083 0.0877264776012242
0.00590575395636986 0.204309999625741 0.169596367427465 0.236923517863697 0.132727457846245 0.0270981502793687 0.223438753001114
0.213183802399275 0.249082790161783 0.242370869236588 0.0155911237676242 0.0779390107430838 0.0495001116861934 0.152332292005453
0.108976921621819 0.0995239438496359 0.297044318785631 0.155497116198841 0.166872742951509 0.00616911532655198 0.165915841266012
0.0938844916561179 0.27921514803305 0.0583330863400509 0.341024640098397 0.00427715574291662 0.131760648258532 0.0915048298709352
0.0488762502429498 0.251910833291992 0.174526449407461 0.0229058696720009 0.249460806898983 0.225084717482406 0.0272350730042073
0.132316888416804 0.316681642259899 0.052428122827801 0.140631974444476 0.0531987314565652 0.190629000102474 0.114113640491981
0.114176597254988 0.0754532435458814 0.17857033207905 0.184640448164581 0.183384389802089 0.16708689882205 0.0966880903313605
0.167438111018918 0.169204730978242 0.0705366045505812 0.165065391204973 0.218574520203132 0.0949513668315417 0.114229275212612
0.0562815167977469 0.228327475334094 0.194935041527354 0.183750484506356 0.131109842828353 0.0744582660140729 0.131137372992023
0.103158322996118 0.225353284770537 0.0418497071908205 0.150357945321557 0.108646252798871 0.33978490993946 0.0308495769826364
0.201880067176479 0.00686608051175904 0.0387737690127202 0.149513512376039 0.216812532738528 0.200452013196202 0.185702024988273
0.0493651855200578 0.137752632397801 0.24799453336504 0.123390914373517 0.0107401550111011 0.155176808627535 0.275579770704949
0.219150336269873 0.0649127034244946 0.0647758871699919 0.111673373717621 0.182544908338769 0.157839248818174 0.199103542261077
0.114835433341923 0.0207097501490856 0.304963287522136 0.203444323866764 0.175330138276758 0.013181890174116 0.167535176669217
0.133595585517141 0.120358019015735 0.151536824537665 0.116082325757253 0.163295834820416 0.170438987152221 0.14469242319957
0.0105471000972034 0.0991667796695371 0.244839357290593 0.286655379229623 0.0579050166945996 0.193795663905909 0.107090703112535
0.261120316893645 0.0121482064673573 0.0127453946883242 0.156022753026722 0.158543382029259 0.177399741661401 0.222020205233291
0.0460243996558742 0.151019210529251 0.194157711761996 0.00678168253725702 0.187701727538719 0.211395626469058 0.202919641507845
0.118877191388049 0.152241333673557 0.0549324053894935 0.00765873688839466 0.2308010522538 0.2431721285464 0.192317151860306
0.131707786221288 0.14280349460044 0.204641116919596 0.0532128708473721 0.186887073074887 0.199711085666248 0.0810365726701686
0.157136066270583 0.116710092953031 0.0688109618369049 0.183936545547813 0.112062839399778 0.346251092754485 0.0150924012374063
0.0505407135892216 0.156022901996583 0.06576844095921 0.179976492494016 0.110837445942187 0.233542182585647 0.203311822433136
0.199717576442612 0.0555335314345162 0.00925930958008234 0.107824992034348 0.209068002996059 0.21837227885037 0.200224308662013
0.107748304203249 0.099023825441921 0.146731409711512 0.140777146054967 0.182099695444809 0.138531826022921 0.185087793120622
0.145475955899225 0.0648348065817802 0.296587782786837 0.075601564904175 0.24410049834767 0.102965185174358 0.0704342063059545
0.130614559548035 0.163531343390923 0.0234170162613586 0.100145214921275 0.178828402352736 0.199490924103721 0.203972539421951
0.021181042555239 0.0372278931292707 0.270650530970312 0.207666591532636 0.11517419349953 0.122879446134403 0.225220302178609
0.0503731681939373 0.42776910394156 0.0283332035172931 0.0857544351363177 0.0685781745123504 0.304204171218235 0.0349877434803063
0.0406712298778303 0.160024528645543 0.159455340976076 0.176186941770173 0.0859597805169153 0.226481349300723 0.151220828912739
0.0282894984975874 0.0162398756673134 0.331484731556438 0.437229672742029 0.0231183277648238 0.122136204587073 0.0415016891847351
0.0405711881637956 0.239961314641802 0.156638661588114 0.0182871226255267 0.0890905602079679 0.217010835133953 0.238440317638841
0.197148344206859 0.099492670688276 0.155388237606054 0.078550338272316 0.140992048736223 0.205591011374775 0.122837349115497
0.233034975717696 0.0307654398438713 0.04241769864422 0.18464795637057 0.149500165607999 0.10810732640667 0.251526437408974
0.279046790972399 0.213836967409015 0.090985603806999 0.21857658411106 0.171817728170741 0.0149601324337988 0.0107761930959872
0.140121567795512 0.23180882068611 0.0160471172656079 0.200958077327674 0.0871210205799462 0.241184881672015 0.0827585146731353
0.288336262246847 0.103701358389384 0.147630486478336 0.0279552211007245 0.236959733731244 0.00035340458280498 0.195063533470659
0.0570334868220937 0.213319406302195 0.0810665847213938 0.176243987333896 0.206537939133243 0.0634934093434515 0.202305186343726
0.159318104223781 0.281718052784659 0.0817447166754859 0.232825005371674 0.161992224412933 0.0718941367124562 0.0105077598190118
0.269589409063833 0.28431300151082 0.0243625799234176 0.14365857180986 0.16014289706473 0.0521303864735867 0.0658031541537526
0.0400774123663038 0.0743703675917239 0.183180844919501 0.231326991772157 0.219763027547114 0.109373780342993 0.141907575460207
0.257756836832327 0.251617375872692 0.00324370585426654 0.164476812679305 0.0142260180441242 0.163538678263551 0.145140572453734
0.0770525774663518 0.236069633339173 0.195192194335428 0.0630506776285287 0.0964155035986952 0.118478674294473 0.213740739337349
0.172432509413234 0.0255301971030913 0.23978035838463 0.202057114196301 0.0351751874333182 0.217971305746756 0.107053327722669
0.148803355586108 0.251805098087294 0.106814219750256 0.119909529907132 0.0973138990754914 0.0549768174152078 0.22037708017851
0.0258401273575853 0.110535799549547 0.357027094555067 0.375475469017521 0.0330830552013957 0.0258885786632119 0.0721498756556725
0.175435822194306 0.147757855651439 0.120243107496093 0.23711623725668 0.0546954491508503 0.122652965075237 0.142098563175395
0.0990114067356682 0.146033581527302 0.154171306932709 0.112158963787061 0.16472257132906 0.162563437349772 0.161338732338427
0.153275761269514 0.00706377722309333 0.301675619023057 0.102795225884903 0.23696027889613 0.168294934531407 0.0299344031718953
0.0462412064608388 0.072889138528598 0.211682343993672 0.202242278544813 0.210238142750213 0.205457146591597 0.0512497431302687
0.161324907579351 0.207856556506519 0.0937528408519491 0.127797895922917 0.131472528458703 0.268752798332211 0.00904247234835059
0.193003440844019 0.213432000100895 0.0272124907806462 0.187718674218132 0.133337142460949 0.0519391013703299 0.193357150225029
