0.0921828584413917 0.0127251170419001 0.0642180377592831 0.288650790821588 0.0574171448306603 0.123793661297396 0.194225131230704 0.166787258577078
0.136542947435187 0.016654121590985 0.0817069972653683 0.174531301946316 0.20524699052722 0.127886133112779 0.0824331090128957 0.174998399109249
0.162328598629283 0.135603157738978 0.0464993381702645 0.135617858555899 0.126490888207338 0.169957439059609 0.127376816211343 0.0961259034272859
0.138341933023513 0.063839173426806 0.117785275503127 0.113851687669488 0.121900533463871 0.0459202828410761 0.263972190615747 0.134388923456372
0.180302216468244 0.100091044570232 0.0253023433629171 0.041559170231651 0.159725632493163 0.182679284686548 0.215969170417822 0.0943711377694223
0.0462659281331755 0.112883294177787 0.152666752568304 0.115051899349614 0.182785702751368 0.0830883328660433 0.0197180844386108 0.287540005715097
0.153286736508488 0.174324440751572 0.0481849768369732 0.0664850044255213 0.184710509710666 0.222845904140399 0.0557540838236119 0.0944083438027682
0.121836668845219 0.0589739619882265 0.124762466782874 0.269537950505216 0.00866675068697997 0.126132295815241 0.187885153858938 0.102204751517305
0.0319306576892808 0.0855814051038219 0.042445992349058 0.27039005014065 0.272369061982156 0.0438905111268436 0.0196384043005662 0.233753917307624
0.146280274761141 0.173006089579028 0.0705507411656955 0.00882158653050096 0.166266053125195 0.136700490059588 0.16593242429058 0.132442340488271
0.121178521058214 0.25496387465018 0.141246276692439 0.0191485000950625 0.34729431512833 0.0696151710917828 0.0367265454511304 0.00982679583286189
0.110540490606155 0.120516830147326 0.0897890144101204 0.0424588138387037 0.0746024271129323 0.173575970752403 0.188308955008446 0.200207498123913
0.124484100462923 0.14596360537379 0.144432616736291 0.144280768634539 0.158078280215386 0.106450006125655 0.0386016532234311 0.137708969227985
0.114834212517708 0.0758024791256524 0.217396424426763 0.144197983267255 0.166762891155101 0.0763169223137265 0.13763401374797 0.0670550734458241
0.0695932300197297 0.0447196650985506 0.113401087394499 0.081227256901718 0.167991725176358 0.0980794280152049 0.222830100957582 0.202157506436358
0.0347818865061514 0.254641323772167 0.0425054002105662 0.240057370296327 0.0287241919501802 0.0928777103402815 0.179582815581079 0.126829301343247
0.101534106962938 0.0454896370533834 0.0305528893346971 0.184500476327926 0.099867717467178 0.26292617257577 0.072926723588992 0.202202276689116
0.112812356643201 0.151883777925123 0.13897772049021 0.0478284156510104 0.155156176914411 0.109351164129647 0.122906086960654 0.161084301285742
0.189339503327331 0.176499974808866 0.115581782995403 0.134089664265309 0.0450049520701753 0.0514049638154904 0.264968023285387 0.0231111354320383
0.01830930999095 0.0223540584981505 0.0713730491608292 0.15315541745561 0.18104118227624 0.261285775061781 0.0639935396432304 0.228487667913209
0.0275677768510858 0.0298722244642921 0.196862052581412 0.143998919780328 0.0646954282108808 0.116619539180675 0.150664758310537 0.269719300620789
0.0327094287021077 0.15718245891714 0.260364053723492 0.257027702898669 0.0204754510608423 0.11924402471067 0.113774261668216 0.0392226183188623
0.0328825811290845 0.273178042922653 0.0648184995248733 0.22701293463939 0.0477810517896711 0.262569574665373 0.0152833160800616 0.0764739992488931
0.281104751535742 0.179873261879984 0.0545918608835746 0.174857629726305 0.0239541775447318 0.0863539903879966 0.0479538914254916 0.151310436616175
0.217055947536615 0.0528848289171202 0.00348310050401753 0.0144392286644611 0.175262201038202 0.207092455953952 0.157258423334143 0.172523814051489
0.117192254329765 0.01954465555178 0.202989095228242 0.133625784736651 0.146091046773557 0.0681617395944114 0.183945094579598 0.128450329205997
0.0429068663603993 0.127073036192064 0.0273379688348749 0.188086839377712 0.122345352346207 0.21721642455996 0.173152552786707 0.101880959542076
0.0986836122423994 0.21906124393336 0.251087236580174 0.0324183034221548 0.218086717161615 0.0600798385376644 0.0495088015248699 0.0710742465977629
0.0881682410832732 0.216682615727527 0.213455635390913 0.0746565496808593 0.159894632517942 0.0272830868734052 0.0205147055431832 0.199344533182898
0.00861174526332754 0.159133771464267 0.204851600555859 0.122347621508954 0.215363331989313 0.182251719021681 0.0511066830841397 0.0563335271124575
0.1527497066978 0.176176972284426 0.028043357657195 0.150740298039297 0.139714970246906 0.0702960753941809 0.192509619338337 0.0897690003418584
0.124825269835608 0.16513666651101 0.173921218218181 0.115401943124243 0.0852927017348182 0.191049828044295 0.0062026796784887 0.138169692853355
0.173164608582477 0.136173328828195 0.18487431007767 0.173162426772097 0.120818057097217 0.025282851051163 0.106255266324765 0.0802691512664171
0.165089759448431 0.15026460462554 0.126925076188391 0.135617341826852 0.183304570040423 0.0963369795673742 0.0781873309624829 0.0642743373405058
0.202692105606019 0.0213738004957183 0.0147778986119954 0.264459509347321 0.089823943704555 0.220339112548961 0.104502892258565 0.0820307374268658
0.151816173432623 0.201428004411883 0.13111842953225 0.077355389578414 0.152382719221693 0.0503912601360971 0.125311957468899 0.110196066218141
0.0524165864695369 0.0709469809682019 0.114909301555028 0.0996736150036854 0.202364975658262 0.0580342335107624 0.182065557110236 0.219588749724288
0.0494183533915983 0.0925594354889817 0.190045992531996 0.11331347183915 0.210044865565279 0.133513121567675 0.0537361619466793 0.157368597668641
0.149845805761987 0.240141481870575 0.0538954440475489 0.0430435045442322 0.2192159792165 0.0112057324217071 0.206742337740318 0.0759097143971319
0.0429124264443276 0.178610233974819 0.0924763081560813 0.11748108911659 0.16531052449205 0.102554470076726 0.0537221360198718 0.246932811719535
0.135130648858611 0.214065368099413 0.126253995952349 0.115443104304513 0.0532000611959726 0.211120023917097 0.113373847613835 0.0314129500582096
0.0433619199058666 0.0899999034383636 0.157690043344266 0.0260964032412254 0.189389454719417 0.149878108910057 0.141606291395163 0.201977875045641
0.049520492157884 0.192012022190368 0.119347284070087 0.160938589587398 0.169059104139125 0.116007934988107 0.0891864776975195 0.103928095169512
0.071554717819541 0.121670577612222 0.175692381704079 0.115040987579671 0.158445428810693 0.189680523611878 0.0237526108234983 0.144162772038418
0.178862130602851 0.208735683361489 0.154336725234747 0.099802283326267 0.0351481487149447 0.124531849181978 0.132169354596308 0.0664138249814141
0.195261710064702 0.200328765022183 0.221817660838367 0.00550144277667892 0.158821353392734 0.114924050331962 0.0642461577806243 0.0390988597927492
0.189648190680018 0.0512428176803765 0.183856691824154 0.062833477579026 0.0336059195318986 0.122592225514157 0.177481337558432 0.178739339631939
0.0460310176973486 0.0723627342248275 0.138150983752289 0.0794390387429359 0.195848056570393 0.239087244824428 0.200467285113554 0.0286136390742239
0.1180353191423 0.267830907547806 0.164977775910243 0.182054427844786 0.00844795704502977 0.113602568901812 0.085803798242367 0.0592472453656548
0.15868153692708 0.172544035912169 0.0972790297847105 0.13822082009715 0.0823400343458583 0.0860588532180497 0.0959164295457404 0.168959260169242
0.056725392327988 0.175335817066229 0.123058380320547 0.240068408908812 0.220232710209271 0.037434000329495 0.0299772149367126 0.117168075900946
0.164273981458823 0.186571391168199 0.0620773163848605 0.0548330179089461 0.00941469373347228 0.163107741172404 0.156894633034648 0.202827225138647
0.215903990145467 0.156807227418999 0.152131076038866 0.135094016703252 0.0211720692090197 0.181801744777003 0.00372244701866194 0.133367428688731
0.211406400359732 0.0671194259815727 0.123183667074931 0.056815173960757 0.171038982897091 0.248097170583972 0.0973516209629874 0.024987558178957
0.141275307985979 0.0292924154326989 0.227031561396384 0.10834117219794 0.0852839357617979 0.0996795488353313 0.255811454414566 0.0532846039753022
0.125341173151126 0.138785651731205 0.178741624032722 0.139390177844979 0.0570936972705737 0.0918638672482203 0.182707722641629 0.086076086079544
0.143792430543177 0.206471071111407 0.0264635158881041 0.0429433706697538 0.0857081884983812 0.124468094619523 0.195323846187527 0.174829482482126
0.0686645580398648 0.148269096049363 0.0772550698021562 0.0891349194724364 0.22314279811564 0.105077852002365 0.164152524174479 0.124303182343696
0.165502626529148 0.123998506808564 0.00276115577074562 0.209058360327544 0.20891699955462 0.10785434745381 0.0766115371174308 0.105296466438137
0.141937448040144 0.194737980371853 0.0362808152107001 0.0849209914878161 0.162574827559337 0.0864637091316226 0.196154871742356 0.0969293564561724
0.172712153072604 0.166362631167313 0.140232088680808 0.213915890260284 0.0575406110088036 0.00164804444510643 0.131504760168997 0.116083821196084
0.0790284006616552 0.254578600593863 0.1175616405214 0.109922657932274 0.139704913001535 0.0702366797320114 0.0907955366277097 0.138171570929552
0.113471751469582 0.0518027590244256 0.194352290954748 0.15044016107332 0.0679133079692879 0.14115643564554 0.0860165318084633 0.194846762054635
0.182358155778727 0.052037483791758 0.00258177992588279 0.142349535643543 0.00959366633879883 0.116893500824464 0.201658541963364 0.292527335733463
0.00373486746818904 0.199192393907685 0.164236826981493 0.102451260139334 0.0678657332410742 0.191680618107191 0.0553156514596423 0.215522648695392
0.0567712337532627 0.304028789661902 0.0551669948913986 0.0728882362270901 0.0962385334448405 0.300929671032416 0.0689988553089831 0.0449776856801073
0.145492465811866 0.0601417062116444 0.0714614999586962 0.173991207981663 0.0114658033308646 0.151955020781125 0.354736549985463 0.0307557459386769
0.0249801412041383 0.120337476194813 0.00578220164571339 0.234370451739253 0.118241985299261 0.109340152833225 0.240381995358116 0.14656559572548
0.00490621900408612 0.189390042244309 0.20319724720338 0.105835945245354 0.1888287291343 0.0350263906064391 0.0717119132235921 0.20110351333854
0.165856123000397 0.0884485934552491 0.124249041305157 0.0953208117262947 0.16177380398205 0.134241565025671 0.0517538711763961 0.178356190328786
0.244290158992597 0.068968703767093 0.114725736994625 0.17892955631564 0.122953156296388 0.0274644996699879 0.1209213818682 0.121746806095468
0.136409986916834 0.19234397040911 0.164444426494378 0.100697116522223 0.102124736827276 0.00927356296914995 0.107641781554371 0.187064418306658
0.100322204378934 0.0261879649003936 0.116947829096059 0.229886972283936 0.0723253922328638 0.13927681409986 0.15153666476861 0.163516158239344
0.0605454497127449 0.183601617835495 0.127444651387887 0.153798648953331 0.144163013533652 0.100740785601501 0.0362205965686544 0.193485236406735
0.136792270773527 0.164972124827759 0.100861725542564 0.125301129831871 0.117575176964172 0.0333734500261675 0.131270968450367 0.189853153583572
0.150467925479545 0.183708865447686 0.213280841150517 0.19882811305615 0.0193603134235612 0.162675037924667 0.0292221093684285 0.0424567941494459
0.125627833410831 0.152717770034849 0.175540247540304 0.166740552402646 0.0904452124404787 0.069751125326601 0.0474733422270832 0.171703916617207
0.336061725443672 0.0632382730658143 0.057688249124829 0.152048877514086 0.0887482201015787 0.0901384401318046 0.0894227623031092 0.122653452315107
0.0677129872407449 0.217864716780935 0.16996391069212 0.0979523085000524 0.0860856504871829 0.149517590104822 0.113902098749065 0.0970007374450772
0.1551645018745 0.0842578890505806 0.118018065045578 0.158339419722324 0.188161259286815 0.201792625546708 0.0705902394662841 0.0236760000072096
0.0389035083731101 0.0845640157728778 0.142329079627297 0.0686412671117206 0.174677706845131 0.136004502661194 0.337093997943759 0.0177859216649115
0.0635951987021836 0.166801977672765 0.143180231520502 0.168907083553031 0.154742157552338 0.157280754843646 0.0211682287738966 0.124324367381637
0.0370870496164482 0.100144843508849 0.0935110365329064 0.168490314644565 0.158790608866892 0.167125505776724 0.134190113393619 0.140660527659995
0.251771649113559 0.152985609994237 0.168547323147429 0.0103542384059012 0.111142727142534 0.164026497762425 0.00342947389529883 0.137742480538616
0.122561267362674 0.143294061149364 0.168263510804576 0.183453664455103 0.140491117244108 0.0226494044543918 0.166840829622842 0.0524461449069417
0.0664385081260438 0.0367272329625528 0.161478005085286 0.107022345426519 0.111067590311204 0.18919746746761 0.0811895422018413 0.246879308418943
0.152404411579205 0.153837907097818 0.201265183139752 0.0629185185954541 0.174767299600339 0.0690742609475385 0.132899525689812 0.0528328933500816
0.0860102113666775 0.12286539039517 0.0978301491065585 0.214477930988457 0.166704015017289 0.115158177311977 0.174927764151819 0.0220263616620514
0.180812414708276 0.105570555974402 0.429986084817516 0.017643072905683 0.0353384989814599 0.113844009385305 0.0416583546654782 0.0751470085618801
0.136279909691129 0.131543003837518 0.0707087323295866 0.118243738721281 0.179600380639272 0.198554896707642 0.00018323827232643 0.164886099801245
0.163612777299908 0.150003678567417 0.132935681370497 0.129948405816467 0.160399974859856 0.081793500972656 0.148273723806311 0.0330322573068877
0.272172657125095 0.123299834229373 0.0153373956166709 0.128732038373926 0.0740044361988667 0.0538282540534037 0.198173277346849 0.134452107055816
0.00924947550778132 0.182509078201746 0.0983119908804202 0.201021257508656 0.0936018257980438 0.260482923556832 0.0620461709979446 0.0927772775485766
0.109367782447421 0.131648887310265 0.00376613062363289 0.0348955624808848 0.16957862262605 0.204205387278604 0.15708863202681 0.189448995206332
0.00806221191881971 0.265358846830749 0.197197126305294 0.122334346757889 0.0669211250409522 0.0367402797318547 0.143015889663717 0.160370173750724
0.1159029592576 0.1914566178126 0.193125509430456 0.145399100696076 0.00566550115476857 0.187676224257871 0.0278155549478947 0.132958532442733
0.127030276186369 0.110135080266204 0.16215679902976 0.151891380801255 0.107345041257709 0.0939080877338953 0.159007268191774 0.0885260665330331
0.183502397318321 0.207652276472097 0.0647418950871981 0.00067458356997198 0.128163191140466 0.193901047997189 0.0477432010280891 0.173621407386668
0.0503434621015216 0.0473782626153239 0.224096128301641 0.105595620192621 0.0711263755388035 0.173194862836995 0.14751241587187 0.180752872541224
0.00302684042431799 0.219092126958993 0.172020998099227 0.0617962507323857 0.0569172710597334 0.141212413835955 0.148434814342899 0.197499284546489
0.0148880567716535 0.26567214737639 0.00460712394776756 0.091937827115749 0.191275322759753 0.0189332941134396 0.228897777819737 0.183788450095511
0.274007562999633 0.259380924721836 0.00420966878284975 0.04942426037047 0.0882079756916934 0.157632724525131 0.0246851359615617 0.142451746946825
0.147703691460065 0.149511090284464 0.00545711097889593 0.119237375798285 0.171959666412429 0.165669358432726 0.118800966312704 0.12166074032043
0.145904814376903 0.195140381470581 0.120459356310081 0.122251849722145 0.0470895025523454 0.0526951626048466 0.175980340498858 0.14047859246424
0.17417211736253 0.250139673627595 0.118035181706219 0.185855486025045 0.0273994505007297 0.0639059807332708 0.0395927669623895 0.140899343082221
0.185310872210146 0.134581823427185 0.0430218681256031 0.0905609594719484 0.182226774883438 0.136526890917269 0.175654386550234 0.0521164244141768
0.0419605991109985 0.0663879635814527 0.0570383039008624 0.103760395131922 0.109937220747083 0.289752160412415 0.115900544897087 0.215262812218181
0.0563580449194348 0.186823091142004 0.186796485799903 0.0836242373569748 0.0811552022578517 0.126759817766953 0.112968133141043 0.165514987615836
0.214277005513497 0.0598024370425171 0.0405927479423941 0.196582341995847 0.0317475211410453 0.162594218408446 0.16374653955255 0.130657188403703
0.00876943758999653 0.222461081089065 0.0587845450210418 0.113283658784939 0.200981973979497 0.0109356038298704 0.209130954376399 0.17565274532919
0.277482044714536 0.0695299745300851 0.173137466632222 0.0391406303152389 0.191299480629995 0.0123715098838919 0.219779002277981 0.0172598910160504
0.062796998458459 0.152218624614605 0.120444535885623 0.0666221236283565 0.215480111540063 0.18065665700439 0.125957689282591 0.0758232595859129
0.0748888326419395 0.14793828653553 0.13925353638989 0.117457084791519 0.149802518147643 0.0934073477147542 0.117552347386694 0.159700046392031
0.0515921456266708 0.196762153707131 0.173922585936336 0.158383963866418 0.183425879487514 0.0359052480294452 0.0462676362010117 0.153740387145474
0.137264182764739 0.152925967637934 0.143687696549573 0.0997128661326242 0.14285512609917 0.125466371490697 0.144811310794487 0.053276478530775
0.0668589502609124 0.151457178371823 0.174381957177764 0.0786548987880602 0.0783382993780597 0.159002482407875 0.186104737306479 0.105201496309027
0.128776592903596 0.117866022583584 0.145936212070117 0.128901825604891 0.0535084174238104 0.140798415451039 0.144756111889784 0.139456402073179
0.209211658233351 0.106464892717957 0.0981587054232995 0.0231157187726317 0.204999229459603 8.84636699035962e-05 0.182416357467005 0.17554497425625
0.0605606098917095 0.0458615525819605 0.12227584836036 0.0441384904936654 0.159149676791592 0.188925750710698 0.204182746982799 0.174905324187215
0.0301852112359665 0.0999948026755652 0.202625839055997 0.190855209526464 0.00495458141394362 0.1225959790309 0.175800292306383 0.17298808475478
0.151896211309321 0.174923005007499 0.165582786016235 0.047757597147939 0.121863323521294 0.0866355293330812 0.0612440348011272 0.190097512863504
0.0769540089430307 0.00692655164529309 0.177154904542422 0.251554818221016 0.257604188855699 0.081819099101415 0.110353690407876 0.0376327382832481
0.0721067542227345 0.0819927871507601 0.160972550612658 0.116087856045266 0.0336070578336954 0.250378868664555 0.193805854528683 0.0910482709416483
0.129115703237348 0.04143228641033 0.13005810782411 0.169623851953214 0.14161343416252 0.0978651742695498 0.159167572110847 0.131123870032082
0.159967549508241 0.0591055260047744 0.093781822936853 0.0295597487186969 0.0391064642926375 0.325985868007628 0.0962139686244275 0.196279051906742
0.269325222856985 0.100748900682266 0.156057171711725 0.0860875586277586 0.0526642437370173 0.0677615722059057 0.201683458978982 0.0656718711993612
0.178501987043586 0.214237946880679 0.0287712372628208 0.058181807070954 0.327292066727613 0.024269899044925 0.10515964925544 0.0635854067139827
0.15542426488834 0.0761422469524482 0.223898060688412 0.0270994563945788 0.262428865048982 0.0649574857076533 0.137569417750904 0.0524802025686812
0.161426518861386 0.103340651620807 0.230791416399697 0.102028986547956 0.0782401582228387 0.138664064561713 0.0269907495597794 0.158517454225823
0.00895647163502708 0.167831011056193 0.0431191937013863 0.0926754827058764 0.224382550972509 0.179857814387222 0.0834106460436508 0.199766829498135
0.185755137557502 0.226336860421085 0.0949561420465451 0.0954653132617617 0.226307373733863 0.035147072025633 0.0329155113629176 0.103116589590692
0.0921980425056928 0.188693842026903 0.181564387468475 0.0139314692565002 0.260506557061187 0.0913000765925521 0.00288796180309375 0.168917663285596
0.13001370700568 0.0368495917067103 0.131415383883813 0.217919121388726 0.0502383439228856 0.173285025325961 0.0637817870046479 0.196497039761576
0.0387058600800746 0.0167516450109687 0.0935093471316763 0.140012413449294 0.0760289272638407 0.0972231955627161 0.324524681993952 0.213243929507477
0.169454653506521 0.0418448809366816 0.201129266256982 0.118429534725425 0.181909016983833 0.0317279799114645 0.114282152614925 0.141222515064167
0.0608403724928607 0.132820423351103 0.295275138653987 0.264028747163981 0.179856432014773 0.00887131621813008 0.00602812148653976 0.0522794486186255
0.0626091887772443 0.129347028667456 0.0111686807092809 0.0719012108728621 0.274822905251714 0.0896072211525071 0.178708669133452 0.181835095435483
0.131795606169552 0.0535652857309099 0.310761244598687 0.0837927722531259 0.252919130869136 0.066410606456178 0.0792564747904513 0.0214988791319592
0.00216844353719763 0.0930015518375794 0.235153356545081 0.0862968418289374 0.0604004855116905 0.254203173780246 0.246097937616523 0.0226782093427442
0.164323065410666 0.150330065842581 0.241306648391126 0.0835835328850116 0.0928825945063181 0.00858623256771741 0.0945678821611737 0.164419978235406
0.230113189536071 0.0299105757644367 0.250114918054939 0.0245695734535611 0.0140822561722478 0.00703122469908393 0.18357376201511 0.26060450030455
0.110037705658014 0.136507958796703 0.148933032571193 0.0892678004831925 0.122791442323011 0.0546587735469273 0.142483366631483 0.195319919989476
0.223460516068827 0.0848779618805746 0.036420513543646 0.0985473827880803 0.124773793340996 0.182584117695625 0.16196312037207 0.08737259431018
0.164076499605139 0.0577880633934274 0.107027901991705 0.127276578467673 0.109892235180983 0.201645071740895 0.153150332423184 0.0791433171969935
0.15008732200182 0.0194174514335861 0.183669101652386 0.113306437813354 0.190518561377211 0.0710009731820525 0.0609463476391082 0.211053804900481
0.141084961826474 0.131166956201496 0.15101593732865 0.206383825292823 0.163019640592699 0.162658459493639 0.0200033219931881 0.024666897271031
0.243888549307727 0.104823145600202 0.0511955907507914 0.0823738838771707 0.0706865217786196 0.133909119491114 0.213402309107348 0.0997208800870275
0.178869868892129 0.0971581100568077 0.142279021753131 0.0692624919400952 0.0573848870941079 0.0852742636274726 0.186237702584721 0.183533654051536
0.112424163756412 0.0587005318395952 0.0592998867574232 0.0139955486894695 0.161999188257428 0.0943278725365177 0.324944895971127 0.174307912192027
0.103551837827859 0.183167373933471 0.0332242982872155 0.268992864920834 0.151566235315585 0.131158190675053 0.102546406560509 0.025792792479472
0.0992391264092584 0.251662373467092 0.212709985183333 0.136677928578289 0.0422806757235429 0.0365131466649984 0.0751572986209811 0.145759465352505
0.0689725713861994 0.138179925348729 0.11668162340693 0.0838025624428323 0.106892834318332 0.162881871600342 0.131283913688424 0.191304697808212
0.224727085607509 0.145557229253402 0.119719740887914 0.225708663646748 0.0461162434860351 0.153925662557022 0.0492974668158368 0.0349479077455342
0.0725562533789816 0.119602681925436 0.0757433077171142 0.247081405414039 0.00984940695552259 0.108437920160201 0.189323291914902 0.177405732533804
0.205091944113365 0.0623675323416385 0.218872934127815 0.165070142546652 0.0485250511734538 0.0731643902804888 0.182697890612816 0.0442101148037701
0.0246099526816837 0.268543329990426 0.0230978247842516 0.173440061741581 0.293701175633939 0.01019981012838 0.188401943552257 0.0180059014874824
0.0767025366376697 0.205698980329817 0.206528223460897 0.175732530005806 0.0558437457604481 0.0804870397556491 0.0818628630454206 0.117144081004292
0.152546137888954 0.236746189198087 0.0885794025660818 0.0300677238214045 0.0787279461093795 0.184676147041833 0.133014922439419 0.0956415309348416
0.179254721527841 0.131529938038017 0.0426834982387618 0.0803388906890063 0.249112397087464 0.0580149689462496 0.0248346087150978 0.234230976757563
0.0746160268911054 0.0925511133123476 0.185905138085482 0.0730864094045903 0.14457440493044 0.0808134808083119 0.235057275193053 0.11339615137467
0.0320302500241192 0.0980903375640017 0.199240052677581 0.163149591385795 0.0800743178087807 0.150760566486458 0.108915076169984 0.16773980788328
0.0847557271746961 0.155123430665525 0.208351169251101 0.0123557906495645 0.168383838818294 0.10358383697818 0.186191419944548 0.0812547865180911
0.199290666060146 0.131398434742173 0.0632240143531303 0.200809582194129 0.0907467665376655 0.140483439069582 0.0251166089195932 0.14893048812358
0.164646409981053 0.144110363335904 0.149835178612025 0.156630712374249 0.107889963231361 0.0129326183517295 0.14648819577723 0.117466558336449
0.286583063857022 0.0678741060403377 0.0105001904066179 0.0088130056543158 0.110162623667557 0.2283565760935 0.080944596414793 0.206765837865857
0.155646168921275 0.121904649362435 0.120464528813867 0.15314744132006 0.0643012558687157 0.156793974622243 0.151084234455523 0.0766577466358818
0.194290123368206 0.0517867387485684 0.213456248882037 0.0180621787775437 0.216898809364404 0.191492993806456 0.085512876490976 0.0285000305618084
0.185834450492587 0.179492850760384 0.146127070880308 0.104061123268085 0.145311522718386 0.084388133636659 0.0441369185759761 0.110647929667616
0.115957017208014 0.00570052182318727 0.168554750436264 0.176251053529453 0.11089244401676 0.2056855554729 0.152789716661974 0.0641689408514473
0.179079531033952 0.194922506208093 0.142584562012142 0.122464255552941 0.155283886415986 0.0305100086783239 0.0538947257440805 0.121260524354481
0.0150269947266714 0.112567997010943 0.214053301903239 0.229454150923936 0.108344305495244 0.0318783936562188 0.0569189884215035 0.231755867862244
0.177105533648981 0.152425178900236 0.173412512955327 0.0185000660088725 0.135301790799089 0.14631050992616 0.100015758326236 0.096928649435098
0.204284971465497 0.121037357895504 0.207071363189588 0.111557495064812 0.00389247587584372 0.170349748859818 0.0184222908202443 0.163384296828693
0.0828430577671259 0.169722507193305 0.0753735829563806 0.129784322935782 0.04624073395906 0.164432985538198 0.108490088926061 0.223112720724086
0.143618473322483 0.161577280529979 0.107726868230156 0.108908311887753 0.177304135468007 0.208193018897644 0.0137361911702624 0.0789357204937157
0.0989008614799867 0.176266097053935 0.173486042675332 0.0936990847221506 0.0372827691360058 0.0836406367455169 0.163175527002776 0.173548981184296
0.539334720795493 0.0890048536987316 0.00570272291473972 0.108843831038237 0.120874186958996 0.00299206939080433 0.0880335881608055 0.0452140270421923
0.238302476794952 0.0852311398090376 0.0471986974288293 0.3248792397449 0.00732596937099236 0.110722734161364 0.185258150283927 0.0010815924059971
0.107160331161703 0.0275594053749587 0.0108242866307691 0.123188962075816 0.122969917003396 0.240564854596639 0.213216898123165 0.154515345033554
0.131721285552443 0.213754094376715 0.103895727914407 0.0051508315017454 0.0537595030330331 0.0392636195852148 0.278309211095683 0.174145726940759
0.185435732790874 0.114165825117519 0.095388000147948 0.0109446196717831 0.0930103565948002 0.171119442725305 0.174163822145042 0.155772200806728
0.0363732138005259 0.196323019953114 0.219319502197812 0.0357249513193166 0.105025223207464 0.158173821845171 0.151015392015354 0.0980448756612429
0.163571708803895 0.0534175212840118 0.112677767953302 0.140912668743809 0.025956734800726 0.220623438169534 0.107887155329763 0.17495300491496
0.0884074283264595 0.207310877308593 0.0471791314003759 0.0615000298861369 0.195643146390943 0.202386566740733 0.0707256760216711 0.126847143925088
0.128810810697851 0.163662431850336 0.1797804093958 0.0162399974771289 0.0726749083053995 0.0848688366752231 0.171361242671593 0.182601362926668
0.253547620598045 0.260476908241495 0.0539086582702187 0.0420820759589511 0.0424695897464686 0.0111978102949962 0.207233175684098 0.129084161205727
0.182446479129976 0.137453012062989 0.0722847570609653 0.256779820441774 0.0046007174282777 0.13689591425674 0.195778222120503 0.0137610774987751
0.115253994518516 0.0234175159404064 0.262866361183318 0.0273487800299301 0.155586024615369 0.125285805036781 0.24570934403871 0.0445321746369695
0.217688656908729 0.0551855432178794 0.113792250980148 0.0642009717776494 0.148115239054052 0.200642824354791 0.199130936228116 0.00124357747863617
0.129113533356263 0.166620301199487 0.128171738150579 0.0722884922904145 0.0716035401587503 0.121731409954875 0.184315975134209 0.126155009755421
0.110334763819176 0.124885383452987 0.0060780111307833 0.0723126390790275 0.20944688914033 0.273487038835947 0.088395616812998 0.115059657728751
0.0710236634785571 0.0727710682293959 0.0516868568466445 0.143505812556255 0.171511014046843 0.155783966301986 0.151189879332691 0.182527739207627
0.181061948783503 0.0238060881680866 0.150621094951693 0.0645606251864483 0.124331077477686 0.0514992146198405 0.159030747712977 0.245089203099766
0.11042693774352 0.0756717396983947 0.0703966184206513 0.0315052692947207 0.197196965038393 0.228797426820164 0.248548568504153 0.0374564744800034
0.0454397068240062 0.213197320154741 0.0455291804019112 0.221402915134879 0.154133058149849 0.023201900360052 0.0939102012855286 0.203185717689034
0.0592188586621168 0.190904838941489 0.195018820006533 0.184037638600595 0.134118375719972 0.0808677536708174 0.131064465242922 0.0247692491555544
0.0620667104469956 0.0562845909336811 0.0725558753831053 0.260548306407498 0.114984652734988 0.0802819838110582 0.0670792484463896 0.286198631836284
0.0290962332558712 0.175613738951757 0.269031385342107 0.154200889057412 0.0266407209721309 0.0313187368306534 0.22800713315092 0.086091162439148
0.0325994990396392 0.261456353469864 0.0964429650417279 0.00540153016003391 0.0246977853210019 0.169479217040966 0.268054117215732 0.141868532711034
0.0921478595661514 0.00968451536513449 0.156866783076945 0.221205399751346 0.196428856062459 0.18362475310888 0.133833174828095 0.00620865824098924
0.254423654276649 0.142203991476229 0.0863475618984702 0.00782173201591269 0.190034493028955 0.070917091466001 0.0036250748228241 0.24462640101496
0.157934314399027 0.0759155906630693 0.188765000329291 0.257559116932489 0.0637822770090775 0.064178914701387 0.169202842300387 0.0226619436652715
0.0490221982358616 0.0700426452642985 0.161526146494675 0.172282910627104 0.129592715911311 0.157672764453149 0.104813695648431 0.15504692336517
0.0310665218177262 0.126348894137588 0.237907260391518 0.0296870316655174 0.20102654822049 0.0567419884063564 0.100858995013992 0.216362760346812
0.0155645068473766 0.110357915002781 0.0722384111359615 0.237192560990012 0.0438096736270888 0.196200329426549 0.191582349264443 0.133054253705787
0.0981983230404413 0.0984387743183712 0.200383540254349 0.0305984456711448 0.099779861401813 0.195446950921709 0.122972682341889 0.154181422050284
0.0972289305106927 0.215206204389377 0.0263162507540712 0.0568602481783116 0.104533050218917 0.0731603806975351 0.377591529370059 0.0491034058810369
0.00266558111144961 0.204158214790685 0.0692808646165333 0.155861391933602 0.204061837077712 0.0146001371542056 0.174004966512479 0.175367006803333
0.232705091307964 0.0359695421532209 0.15662767120927 0.120814442922015 0.159008629035571 0.118521549195714 0.0855175999319561 0.0908354742442903
0.05980993730294 0.038470648826814 0.0770363352986563 0.162580507707391 0.213232077218624 0.17057153463703 0.107105790200349 0.171193168808196
0.187324901860553 0.0629727764377079 0.0422542300443521 0.159396680602558 0.141194727071406 0.03434499672988 0.22809875811415 0.144412929139393
0.1394457995876 0.132669547698924 0.0449911173198356 0.0665326395276964 0.15861078462027 0.164479476383959 0.122849135728976 0.170421499132739
0.0914025588738199 0.269993450991375 0.0688932399621794 0.0553251299234694 0.00584556008576818 0.0744036380263644 0.236387517102573 0.197748905034451
0.0272883841702859 0.0352509369089802 0.249468012706518 0.159087245063788 0.27458301548165 0.0632534115302889 0.0792087208385588 0.11186027329993
0.0750321391510637 0.109453872695737 0.198412113248456 0.0723485542638685 0.183846869793043 0.00765047564759388 0.30117521658297 0.0520807586172676
0.00871334939188234 0.00710542734834832 0.198092829436225 0.271210590518099 0.239747299136865 0.112082317586882 0.149444048523588 0.0136041380581107
0.0816656902603413 0.00647281899769719 0.315344924263732 0.045606579409365 0.0528753815104863 0.241268397426262 0.0484967124638003 0.208269495668316
0.00448281311243795 0.144156273405403 0.0181759487265739 0.128020937792309 0.130984512786826 0.319315039147239 0.0211841925353517 0.233680282493859
0.105120597460954 0.136821137471964 0.099269960024104 0.0792046729710704 0.00369588116970345 0.116148970943213 0.20257672342883 0.257162056530161
0.144776881088901 0.0282215378643076 0.140744750915107 0.153915908784004 0.119441898451246 0.212248512398722 0.0331316534595364 0.167518857038176
0.0555256390159916 0.00202688580694708 0.0935932226315983 0.0354793618618152 0.183875806048799 0.256541378282528 0.240237937607616 0.132719768744705
0.138664421475014 0.108938307378872 0.184929695177703 0.0262155435414525 0.0880513009326889 0.125333389002964 0.119482383828514 0.208384958662791
0.0145310356294045 0.127203561246556 0.0938613506011821 0.0873435713991107 0.143996749616355 0.133600462663387 0.190503112743916 0.208960156100089
0.102490137100242 0.0707761743957748 0.166083962793833 0.170123573334404 0.180402704338775 0.0468586268692012 0.145483607601679 0.117781213566092
0.0521759405401887 0.142846213567548 0.077105300575068 0.0613807563357464 0.18292075627118 0.188080655135239 0.141878915844184 0.153611461730846
0.189792919430497 0.14426163093178 0.116069043252299 0.0794600073549187 0.0824719612853964 0.222658464504218 0.122359806022236 0.0429261672186561
0.212819767595631 0.0212130056452079 0.0128695526952299 0.0662786184363887 0.11061365990524 0.275693547640757 0.124350173818995 0.17616167426255
0.204251511126511 0.132345976121966 0.0113447470988989 0.129408439094258 0.227828624643553 0.110377993808024 0.159343157429288 0.0250995506775017
0.104436301962071 0.000575099929848753 0.202769000539644 0.200979793279534 0.212216982129056 0.22342616540145 0.04469429078824 0.0109023659701561
0.122346124733812 0.17729911777457 0.158304080415688 0.215560167265216 0.0240486230286998 0.189984667404357 0.0607149110478773 0.0517423083297793
0.27581716882728 0.063168716397559 0.103594910784905 0.0616413995617952 0.104395374152894 0.0805110107744297 0.21797397892048 0.0928974405806568
0.093247116676355 0.195055528916651 0.196778171104685 0.137299800099642 0.131922522222989 0.0157103525127563 0.0300217559526644 0.199964752514257
0.195187420758141 0.0440845201091438 0.139991899659027 0.191517879363966 0.073383768905408 0.0512829639590697 0.182612809288113 0.121938737957132
0.135090746394353 0.159025144347868 0.21486516886401 0.23367338294357 0.00282586088848893 0.0783357802138594 0.10962601937436 0.0665578969734918
0.139240748841954 0.0610380454464987 0.131914183011084 0.199779401159819 0.0802955689256691 0.118006937006603 0.0197983670501057 0.249926748558267
0.222094810503638 0.0930590615095345 0.0782675602080959 0.246608598639699 0.0682754782086921 0.121492389997191 0.148636050557377 0.0215660503757722
0.185885042799132 0.0769592335685081 0.154564232391454 0.217755780879582 0.0852133439514717 2.76535502425257e-06 0.119307492688459 0.160312108366368
0.130187285578388 0.0494669314827782 0.2086417563155 0.0980700544379935 0.152491738922322 0.0868112693647517 0.0675248285312777 0.206806135366989
0.1810860965108 0.115462956855447 0.176585471600467 0.169698163215986 0.21893943845717 0.0620681588865744 0.0193388639544056 0.0568208505191491
0.0673510748535933 0.229666999000899 0.309277504164559 0.0763669285096812 0.122018997353577 0.143119156689667 0.0425373635160531 0.00966197591197005
0.0386381530012658 0.289631729260484 0.148300890891194 0.107111105960206 0.103227409368054 0.0630886800906796 0.246933223256289 0.00306880817182788
0.0829658400937383 0.0893739230181479 0.222973897156428 0.0492077293785999 0.0486044786551865 0.187842389808313 0.0909063660676754 0.22812537582191
0.0584262551661659 0.199659624856093 0.139839454204238 0.14702795369538 0.135188975397263 0.160813204689323 0.104705822111654 0.0543387098798833
0.0194151073728356 0.123416065410222 0.197193656201473 0.270080019147619 0.120384906020067 0.149322026208677 0.0508491049153528 0.0693391147237539
0.119062631771263 0.138903071990809 0.112729348173635 0.175331705543339 0.0893225104069865 0.116809540076902 0.181580350363745 0.0662608416733202
0.092289881660258 0.233913833077769 0.0732323142290414 0.0943508163816337 0.0316841447225147 0.0853567830411704 0.169696029536504 0.219476197351108
0.103679752025365 0.0949605234076693 0.00181681953169817 0.0252428835299644 0.214711463269077 0.275967861365915 0.162753249483332 0.120867447386979
0.125829460840045 0.150617898322111 0.180425695638661 0.140002565029433 0.0540170457634593 0.116783361655543 0.0794306606021063 0.152893312148642
0.016388489110131 0.0689976241251422 0.171177752108269 0.0572266655759001 0.170317437236338 0.149951007792729 0.102130056277449 0.263810967774042
0.234886017851781 0.0536216575078457 0.288155921206898 0.0151140562327421 0.00582256567728012 0.315053389520919 0.0422600273297234 0.0450863646728111
0.0945222044117729 0.0205778442622491 0.165748646410982 0.226816107807975 0.165099635898832 0.234335391945437 0.0698514444128293 0.0230487248499234
0.140238227077435 0.10360573290103 0.0853730921786337 0.161584583640498 0.129449960481255 0.0908834417326686 0.137533848324083 0.151331113664397
0.069107500948413 0.0149060901992391 0.0398716620082805 0.216028725514911 0.00558120596463037 0.235399077853438 0.21967173346707 0.199434004044018
0.19422576294886 0.210715308385344 0.120784268675599 0.0783940160387485 0.0883498018700919 0.192289248983691 0.0122675000417026 0.102974093055963
0.210270565081113 0.124181701933857 0.0211624703574902 0.0651030768781631 0.0883311333959542 0.113950418416223 0.23890926430601 0.138091369631189
0.00354141918396307 0.154374762653712 0.128811638577777 0.175614602426794 0.1592250216971 0.110810430645837 0.127207511950384 0.140414612864432
0.0984944738629256 0.16587655423165 0.134061271562166 0.129150500163413 0.0172621186902953 0.156429015536884 0.14136644664505 0.157359619307617
0.0346684154075314 0.0522101036004046 0.00820579160527108 0.13631118758773 0.236594804176124 0.214585440236504 0.0950772362991733 0.222347021087262
0.0296418552905534 0.171417181305787 0.154591748222781 0.209455060743856 0.078532480556176 0.11879092211765 0.158831809627242 0.0787389421359557
0.0318328914609947 0.0696637961428765 0.194319415349041 0.0534004767300106 0.177384405594269 0.019765128673067 0.173009923753407 0.280623962296334
0.159326963099138 0.0200638029736971 0.0279340387402613 0.0224127449741346 0.0599311673667655 0.243311219158877 0.249544547572704 0.217475516114423
0.191965944646333 0.0900612741674298 0.0605207341826772 0.209861028795986 0.145266804302038 0.148747309954844 0.0751028735471614 0.0784740304035316
0.242812033060132 0.196277593317244 0.17690433473673 0.0192733286538758 0.139251606361968 0.0596179193277918 0.0495700525413093 0.116293132000949
0.182659341801873 0.125676691080471 0.0869728555092077 0.0373151945951621 0.0142525136594282 0.163969757882467 0.232583925027627 0.156569720443764
0.169820212835951 0.12657639932912 0.0832101935749279 0.184668983600198 0.174692529502257 0.0125475126712784 0.100688881036837 0.147795287449429
0.155222041708399 0.150155713268737 0.157067345933946 0.096794123216268 0.0859681575271351 0.11556535077645 0.093638365966517 0.145588901602548
0.0710962227384504 0.0739426520934199 0.14379298874711 0.185635017680983 0.130667796957526 0.0994538362953896 0.166695165091649 0.128716320395472
0.072663245787578 0.245991637940444 0.252286087765848 0.0748097066901218 0.173398170112858 0.105954862751257 0.00602167428835684 0.0688746146635358
0.0940808526856449 0.0934809385856253 0.181700166425468 0.084337263552192 0.179451083455171 0.181543612890441 0.170827576405967 0.0145785059994908
0.228218628283584 0.217205206971027 0.00931282231001239 0.109979625285475 0.185726176255618 0.0465119899188537 0.192639274840608 0.0104062761348221
0.133884211411044 0.103943404065455 0.269807433308801 0.076817523579091 0.026368364582808 0.200770539355634 0.104042005340455 0.0843665183567131
0.0413604289682383 0.102222482152763 0.117124319697436 0.177304068152119 0.202315342822191 0.259646295367233 0.031087318871568 0.0689397439684535
0.128933777713283 0.288243379363272 0.0416971041641847 0.0182800963759924 0.276526778632851 0.0527415747506483 0.189991032149221 0.00358625685054856
