0.603644791411306 0.0861086930452441 0.269440476520236 0.0408060390232143
0.553194126594065 0.22015132217974 0.214950490883874 0.0117040603423208
0.171246691204125 0.189918194698249 0.234797564174854 0.404037549922773
0.00543271218321083 0.338828412605704 0.0903404644403996 0.565398410770685
0.18102327235772 0.246957801775784 0.29221111164626 0.279807814220236
0.375348414593139 0.127363061650619 0.102933404428904 0.394355119327339
0.403500202702652 0.177431694382277 0.0284854303405214 0.39058267257455
0.209090786225159 0.444229024086913 0.0513991708818681 0.29528101880606
0.424764698270574 0.233010253541768 0.0776004470927237 0.264624601094935
0.28017080440536 0.355434699937146 0.21257984467699 0.151814650980503
0.294759849278485 0.119334579576454 0.278085333775257 0.307820237369805
0.100765030551909 0.32072148256295 0.256201140729265 0.322312346155875
0.0456480508879048 0.41606114938813 0.112573634518406 0.425717165205559
0.233905720561874 0.398326427835485 0.137094211325828 0.230673640276813
0.0807623320016875 0.273537976336167 0.57090511810016 0.074794573561986
0.215264424550813 0.201010895022547 0.329319286621309 0.254405393805331
0.0298730119689684 0.416619342149284 0.460794878601064 0.0927127672806835
0.139377636101377 0.0738395573496421 0.362661072911194 0.424121733637787
0.49516823526044 0.220849825023982 0.240764564840646 0.0432173748749314
0.244244117743888 0.517200677438926 0.0738972520719772 0.164657952745209
0.38368094223985 0.0340155830195431 0.421078616213586 0.161224858527021
0.246528118650479 0.424841573608354 0.156835889370641 0.171794418370526
0.283822672495495 0.162011419195275 0.171419618045503 0.382746290263727
0.190418850711379 0.412649746191765 0.239906661622071 0.157024741474785
0.216243572810634 0.0459589033677704 0.441961567846289 0.295835955975306
0.217124129849795 0.331544626173036 0.193041069394105 0.258290174583064
0.319084977982545 0.173702290911038 0.171266809986613 0.335945921119803
0.367348995918208 0.387034816676096 0.210121105061852 0.0354950823438442
0.294482888753305 0.19229129870748 0.25846619895719 0.254759613582025
0.0247380487128149 0.283259605399191 0.196088476078118 0.495913869809877
0.0134298763404208 0.308528578846801 0.436303570222908 0.24173797458987
0.309558669689283 0.209875881490582 0.165616088022664 0.314949360797471
0.0846082206967142 0.179701822678014 0.333543687789099 0.402146268836173
0.151693180004484 0.339030581415955 0.337283818567845 0.171992420011716
0.427238700951659 0.0814868912882678 0.0419757571864342 0.449298650573639
0.254966968252454 0.444014392471722 0.24708991499764 0.0539287242781841
0.305996075164228 0.220285421810922 0.287459621524661 0.186258881500189
0.000660731269668617 0.431542722851685 0.118728912516405 0.449067633362241
0.420446182712441 0.437321282329255 0.00655032742808796 0.135682207530216
0.0706057517802511 0.208349655821504 0.323237377884917 0.397807214513328
0.275196878056634 0.082119439834551 0.158369705801545 0.48431397630727
0.28117152989616 0.0808653334484577 0.265724305622683 0.372238831032699
0.389615774338453 0.274159905141009 0.13369625362623 0.202528066894308
0.442370660854275 0.088347341938405 0.225033561160054 0.244248436047266
0.201355822781578 0.119752483573765 0.652803889642703 0.0260878040019534
0.335359132539885 0.297052171490171 0.246743036691037 0.120845659278907
0.122164027392257 0.369444791792216 0.227120321082096 0.281270859733431
0.170588625855848 0.385296440756365 0.265776571698925 0.178338361688862
0.264152783667438 0.284238077080445 0.155563002527565 0.296046136724552
0.239442298591427 0.0420760634231492 0.262088436323688 0.456393201661737
0.205690125583476 0.0137015638082681 0.399923252353126 0.38068505825513
0.241502708822103 0.174330178863543 0.312319047231073 0.271848065083281
0.550328809596093 0.0498060921701026 0.100522898050482 0.299342200183323
0.128905380989161 0.112815585883601 0.364009381543706 0.394269651583532
0.0253456785219683 0.486537653328719 0.344187358036633 0.14392931011268
0.334560077929033 0.128245966047977 0.367119837759374 0.170074118263616
0.383036957220935 0.536161240973177 0.0297525980922729 0.0510492037136153
0.308779653917481 0.242656943180017 0.214645822327965 0.233917580574537
0.205244739756765 0.223756076518492 0.339138008327094 0.231861175397648
0.48763120860383 0.11519958797758 0.00344346927043549 0.393725734148154
0.180405860809358 0.296255643728177 0.32216514988467 0.201173345577795
0.127165400378213 0.490767958904749 0.156414770626404 0.225651870090634
0.0618604931180739 0.303681758321299 0.191645693775446 0.442812054785181
0.169416281689777 0.141038984335064 0.223832143999226 0.465712589975933
0.201383647637062 0.348587524580983 0.241417726499852 0.208611101282104
0.269984529199647 0.291458466451442 0.219826768611859 0.218730235737052
0.206638191863445 0.27685076046739 0.399318926485462 0.117192121183703
0.24051348474669 0.242070973353658 0.295671386868276 0.221744155031376
0.285935665532807 0.0848778160605435 0.2751118442222 0.354074674184449
0.145307318431881 0.291533104443359 0.159542325592767 0.403617251531992
0.476377705314224 0.162133110332235 0.102611711758815 0.258877472594725
0.398130820971185 0.039714423656707 0.269184495991318 0.29297025938079
0.0490931365867071 0.395142632057778 0.464012618515647 0.0917516128398676
0.171658844418562 0.285635372566226 0.248618583570845 0.294087199444367
0.100622629365558 0.430137399183408 0.294567640809491 0.174672330641542
0.269979301813359 0.282663493700495 0.325082136374707 0.122275068111439
0.423945031691093 0.54343304305844 0.0255233061367898 0.00709861911367693
0.284822799659059 0.368700995217107 0.107260177949971 0.239216027173864
0.0654880398786067 0.383504790688964 0.0837513512094785 0.467255818222951
0.41089671424576 0.219738910419766 0.34831255143442 0.0210518239000549
0.115187247503747 0.131001138749264 0.449950343178309 0.30386127056868
0.175892184067141 0.155782947143101 0.417225157126513 0.251099711663245
0.289884141395149 0.217854656077277 0.130167245358347 0.362093957169226
0.0696075184791379 0.341987307119952 0.409041692705016 0.179363481695894
0.36675786727748 0.380381966188459 0.224829746552234 0.0280304199818273
0.355975045318181 0.122160670820835 0.17447599322677 0.347388290634214
0.421986032443161 0.15651407960852 0.0835613362744271 0.337938551673892
0.0640498706723734 0.194657515311804 0.459133833894781 0.282158780121042
0.298885550598719 0.0507689718996154 0.184698970226526 0.465646507275139
0.397012739183198 0.302303842364924 0.0477052948491059 0.252978123602772
0.15742640403675 0.336305046841536 0.148839314153345 0.357429234968369
0.243906174028243 0.0712503291363287 0.502130266479404 0.182713230356025
0.573468695389773 0.0765787162438836 0.144882228736306 0.205070359630037
0.385979191464108 0.216436097395367 0.278422231731127 0.119162479409399
0.260596466060054 0.40247547462069 0.1053144275287 0.231613631790556
0.638869728095997 0.296699839871536 0.00165542968798094 0.0627750023444866
0.0413406399038068 0.584546103815859 0.283880634326079 0.0902326219542555
0.348852585237847 0.154982469399776 0.144509836899586 0.351655108462792
0.205973404177173 0.307718767870982 0.252625555463878 0.233682272487967
0.183383976273648 0.27748133226998 0.335879557970988 0.203255133485385
0.278554441600315 0.222948174172183 0.282954586338851 0.215542797888651
0.258782252036271 0.243269489364596 0.130686078975418 0.367262179623715
0.176872734435788 0.338551348744138 0.26330931379467 0.221266603025403
0.488960597215513 0.0593924921003263 0.236548618872047 0.215098291812114
0.20544646197699 0.309972388694566 0.202631265434798 0.281949883893647
0.266712660183472 0.389684612780842 0.154173614237384 0.189429112798303
0.243908656978242 0.136240123720779 0.239150483389822 0.380700735911157
0.166764977729511 0.497836785163196 0.192175391488859 0.143222845618433
0.161491323962 0.480625838940664 0.2631645394474 0.0947182976499358
0.206667116393532 0.254494980308995 0.274714701493832 0.264123201803641
0.292300376038685 0.289918959097184 0.138977922774019 0.278802742090112
0.168239854919821 0.321384033396732 0.265922063688766 0.244454047994681
0.174169976839071 0.551050777921849 0.134877318155691 0.13990192708339
0.314676893137829 0.286806399027255 0.259093400027154 0.139423307807761
0.575444187043101 0.168841257376597 0.218149564089392 0.037564991490911
0.291541110851001 0.297018293208928 0.185604028848714 0.225836567091356
0.126950919340028 0.356575890439706 0.22200502974948 0.294468160470786
0.294768429647484 0.180828666214943 0.338966943878132 0.18543596025944
0.220447360756137 0.362242326247118 0.147829247326496 0.269481065670249
0.295464423131617 0.0852070023544345 0.306688899472815 0.312639675041134
0.00969419971357232 0.143236565529679 0.111699276507522 0.735369958249226
0.268625070977629 0.23011454918187 0.218314662202919 0.282945717637582
0.353130729845708 0.364556485245846 0.281696297583809 0.0006164873246361
0.291944385611591 0.324425556247455 0.306078217297525 0.0775518408434288
0.283428502733673 0.246854240353553 0.0811626017911352 0.388554655121638
0.0146639676818935 0.299691619227592 0.448668952909994 0.23697546018052
0.262967495798813 0.381261167875 0.248613656572614 0.107157679753573
0.42352725106404 0.00449137758560379 0.447628843870995 0.124352527479362
0.251431060114328 0.194896583189633 0.277868259470492 0.275804097225547
0.101200439326065 0.145060333407193 0.204258689081601 0.549480538185142
0.410435918009474 0.00313206371438739 0.322290676100553 0.264141342175585
0.400378656997941 0.127641773346457 0.263070290991244 0.208909278664358
0.269240492574777 0.25925950194619 0.0892145386560937 0.382285466822939
0.351412188217032 0.140360454790133 0.220375527172279 0.287851829820555
0.119156422342955 0.216539994324103 0.363254240112781 0.301049343220162
0.298942766438529 0.319082418457857 0.0830560431795957 0.298918771924018
0.3177401171489 0.240101450979139 0.335065991648211 0.107092440223749
0.309479666003419 0.301042373566008 0.242388158289615 0.147089802140958
0.507442223789612 0.0482735825925668 0.176829668628494 0.267454524989327
0.27816266763429 0.133698077257063 0.302829182623294 0.285310072485353
0.00282048567771812 0.26062805143337 0.514073559045449 0.222477903843463
0.114762062985558 0.290951631732803 0.247913540336109 0.346372764945529
0.320806267569337 0.480585467160115 0.00563335599457175 0.192974909275976
0.430412314054187 0.148831466081877 0.0549172059033154 0.365839013960621
0.369190291284025 0.15093858278322 0.105380280588123 0.374490845344632
0.295749641961994 0.310435630622717 0.346212227313164 0.0476025001021255
0.690400109914474 0.0498930630143524 0.0826877736762866 0.177019053394887
0.294328551518182 0.218416309189815 0.0324221353026854 0.454833003989318
0.224147159380271 0.186384775884802 0.404610291247971 0.184857773486956
0.351030089005119 0.407164934122227 0.0340294423854044 0.20777553448725
0.0365862233721138 0.226890248178882 0.504482890585367 0.232040637863637
0.363520742019409 0.272989269095212 0.217549601405997 0.145940387479381
0.017858634020493 0.240915622000513 0.229078004018428 0.512147739960566
0.486333033682215 0.101243050767178 0.31716628210456 0.0952576334460461
0.0262582623779854 0.249107458224702 0.163232426642141 0.561401852755172
0.268045358347074 0.0355512102441456 0.318861020496442 0.377542410912338
0.221668576253677 0.247498796197389 0.307937543833248 0.222895083715685
0.346675468781101 0.269956156027084 0.135548982493942 0.247819392697873
0.262599957560134 0.446282791527492 0.134495014846935 0.156622236065439
0.286617564964032 0.195443821165799 0.196634666580744 0.321303947289426
0.18296030369837 0.530281997853083 0.233917588800917 0.0528401096476304
0.0324232024004431 0.29565894101697 0.339227447971665 0.332690408610922
0.247733909114291 0.189161066793777 0.120229209933628 0.442875814158304
0.0959214887709429 0.05622259850154 0.421020026419786 0.426835886307731
0.46311849692512 0.248589701789568 0.146052161156042 0.142239640129271
0.273068728425686 0.159514761441044 0.280036766837463 0.287379743295807
0.278657984198761 0.0876828684396722 0.221853526145721 0.411805621215846
0.196658888520998 0.023904745962902 0.220033371920057 0.559402993596042
0.273376524083742 0.146596674886616 0.300322898793943 0.279703902235699
0.066472866188221 0.374463844614759 0.555143304185034 0.00391998501198665
0.0494589486876723 0.390500163011998 0.338824943002246 0.221215945298084
0.0384641302126159 0.575581587020228 0.20851610966697 0.177438173100187
0.260807543117664 0.227664111817924 0.26760436900465 0.243923976059763
0.32468018126037 0.312404913057862 0.103560116813856 0.259354788867911
0.31079029009029 0.353599646310581 0.0550791946622587 0.280530868936871
0.205810590561559 0.243805823265372 0.269942308117863 0.280441278055205
0.124335419682714 0.291548176520826 0.269460562295316 0.314655841501144
0.326292794622666 0.111673746441729 0.505222879688725 0.0568105792468805
0.298276929304461 0.25129456606907 0.327791234699775 0.122637269926695
0.510403303749832 0.219233630316182 0.00712669697911836 0.263236368954868
0.274389107044302 0.17448422055627 0.362728807775986 0.188397864623442
0.251062393736155 0.1958129814628 0.275599940955451 0.277524683845594
0.426483012155024 0.158646522991207 0.0214937035145451 0.393376761339225
0.345435406958822 0.126552672444073 0.2419948516136 0.286017068983506
0.261090318663478 0.297745643642652 0.37809657312841 0.0630674645654598
0.0835654691475366 0.159723830740178 0.401399812295666 0.35531088781662
0.0228670852383366 0.332573758407306 0.243864570621549 0.400694585732808
0.0133312227680505 0.277619788745697 0.284938983593567 0.424110004892686
0.198750167254907 0.322340684497952 0.191760698329871 0.287148449917269
0.20462765285657 0.293424142743748 0.351891905527563 0.150056298872119
0.109948473201911 0.103589028167596 0.0790236540529072 0.707438844577586
0.365488220879965 0.405860290828372 0.0201169221439044 0.208534566147758
0.178324007313795 0.143627121543048 0.252353885399752 0.425694985743405
0.131759079681239 0.286407057046685 0.367695409904503 0.214138453367572
0.277378639148874 0.309447870897766 0.329198360767596 0.0839751291857636
0.0359566147735461 0.425867766715243 0.422611131220737 0.115564487290474
0.119030835891793 0.200680948109693 0.41794349009605 0.262344725902463
0.332735475575697 0.263944335819747 0.251154161245946 0.15216602735861
0.497982320809659 0.352517212441511 0.122982478447273 0.026517988301557
0.233428775290419 0.297819443903556 0.407572464205161 0.0611793166008635
0.213595549194824 0.409561394812597 0.179323568900234 0.197519487092345
0.0273934211831679 0.3587045286488 0.524353199463764 0.0895488507042673
0.113135626659232 0.221558729950154 0.280980740169806 0.384324903220807
0.40999224772301 0.0728970336544537 0.0315646209660866 0.48554609765645
0.232895684945508 0.216919816604513 0.500009090112032 0.0501754083379472
0.171356300525181 0.248018529798663 0.191360077974651 0.389265091701505
0.124893604041275 0.295979108332932 0.271289043773655 0.307838243852138
0.265665557267398 0.0462667265330254 0.347845688364579 0.340222027834997
0.289256545543032 0.284940581287394 0.332088052127303 0.0937148210422707
0.164389563297277 0.274911449913762 0.285773271150203 0.274925715638759
0.345198546944761 0.301895490674528 0.27788326669609 0.0750226956846207
0.242109792390597 0.174117085931545 0.39852501950365 0.185248102174209
0.240504102620506 0.314930058519057 0.0684033952543438 0.376162443606092
0.276150634507908 0.372736031902238 0.0595480151906685 0.291565318399185
0.484652671537101 0.135517264656653 0.160717427192656 0.21911263661359
0.302709589216128 0.0575194981268682 0.29281578883705 0.346955123819953
0.432940274347291 0.163107152400984 0.243187201472348 0.160765371779376
0.353386842860895 0.383356565337639 0.251643218321454 0.0116133734800118
0.235125771599178 0.374090994390363 0.0826496561974432 0.308133577813016
0.108095445882918 0.228316107824176 0.378978289962618 0.284610156330288
0.244083311097892 0.161434914843139 0.274452344849911 0.320029429209057
0.375123843930047 0.0219249531922408 0.217429650696895 0.385521552180818
0.230728248927601 0.225862551477161 0.397627992636475 0.145781206958762
0.127679496425911 0.0151135084829522 0.433333602293913 0.423873392797224
0.576927283982197 0.198349111687418 0.0166702610722017 0.208053343258184
0.196245055736129 0.239552309045993 0.125166123279148 0.439036511938731
0.31359177291717 0.270642155179665 0.340458646018619 0.0753074258845468
0.137944048750008 0.444901425684391 0.34363476902253 0.0735197565430703
0.647924218185292 0.0171747675410284 0.292770748569048 0.0421302657046311
0.166027241167781 0.462190874284667 0.0507860213752463 0.320995863172306
0.102997070242837 0.391132505473048 0.343802607456935 0.16206781682718
0.468925394854256 0.0240436659090989 0.295361778172396 0.211669161064249
0.0512546635568838 0.210035098442526 0.257538020956855 0.481172217043735
0.129755883270264 0.343004657153371 0.249076491312034 0.278162968264331
0.0198649108336551 0.449558341541674 0.39372281930839 0.136853928316281
0.424126789340473 0.235478244359415 0.25204050266996 0.0883544636301518
0.258983649886183 0.259258200036363 0.177463513203313 0.30429463687414
0.0128398372425248 0.229082186105612 0.00984776916880229 0.748230207483061
0.0636759538809302 0.367149702336948 0.478354577162845 0.0908197666192767
0.412947092364106 0.159507733616155 0.119582783436213 0.307962390583526
0.271174921819428 0.291312193553211 0.245974616651518 0.191538267975843
0.37101583885467 0.245947099532317 0.251430452911769 0.131606608701243
0.0497827177533428 0.454674923043255 0.0941233833783132 0.401418975825089
0.265201166143578 0.31678434125784 0.192027843043185 0.225986649555397
0.0595208339891039 0.2643953485081 0.471090761579016 0.20499305592378
0.375123145017618 0.399403063769298 0.0715682573530608 0.153905533860023
0.0938714251073855 0.379568489577981 0.217754892813536 0.308805192501098
0.324167412483705 0.133666706783372 0.235055634704193 0.30711024602873
0.196501688285032 0.361740719461557 0.311524768113688 0.130232824139723
0.327297321210555 0.489760566331167 0.0782363489459621 0.104705763512316
0.0832869973164391 0.0892134841550305 0.498381959853435 0.329117558675096
0.0509316397020338 0.285526032127455 0.26603699485277 0.39750533331774
0.0591262401430547 0.0368755678603976 0.333933093341338 0.57006509865521
0.523516701573403 0.177779987727046 0.20754364209353 0.0911596686060202
0.307159379646604 0.110488318563597 0.0710496858788386 0.51130261591096
0.0608438124160823 0.270969771170517 0.422376336913703 0.245810079499697
0.413883851681752 0.221872473449288 0.0359813195989844 0.328262355269975
0.64428871884202 0.0170893586184492 0.335703635593021 0.00291828694650938
0.465441515922985 0.472256987077765 0.0564062804535638 0.00589521654568601
0.189905284672741 0.312780992314918 0.000274061343600994 0.49703966166874
0.268918596507651 0.306018321857169 0.123792882033644 0.301270199601537
0.273239766858879 0.286105629316715 0.187539372645719 0.253115231178687
0.0238778488394964 0.267570650089279 0.694237144047391 0.0143143570238334
0.265937992010323 0.345042854207507 0.341816552394195 0.0472026013879747
0.129025473107444 0.285845337375454 0.2671903692137 0.317938820303403
0.0354257248574677 0.295069586309431 0.33398579036083 0.335518898472272
0.371436870526462 0.117078379335453 0.367271620297319 0.144213129840767
0.00888926033000458 0.234839463254392 0.472503913926604 0.283767362488999
0.328893135881713 0.280887148485666 0.310510073992655 0.0797096416399664
0.333701003129916 0.0238947588505614 0.371380022551123 0.271024215468399
0.492942734526334 0.158210857474847 0.268228222133457 0.0806181858653618
0.169765753089381 0.279609632377413 0.227202711057153 0.323421903476053
0.255751772321015 0.327764377767248 0.321602955448158 0.094880894463579
0.437585724945812 0.0174121795732437 0.35856365216134 0.186438443319604
0.0270925290194635 0.586186494373018 0.361775792709016 0.0249451838985029
0.143728459890965 0.281298009426542 0.226134535663911 0.348838995018581
0.213500853386728 0.267890560025948 0.242062786344355 0.276545800242969
0.464048261522734 0.0540156515298784 0.379519189403987 0.1024168975434
0.278410315364017 0.416287988208528 0.244837728893955 0.0604639675335005
0.277700877099027 0.0357879616060136 0.300289957334495 0.386221203960465
0.0941871753412548 0.334956440889214 0.339633167364679 0.231223216404851
0.174578366043882 0.215528739606093 0.137515014463092 0.472377879886932
0.441532632594306 0.171942031477974 0.132893409300331 0.253631926627389
0.170526890478409 0.307630292613109 0.335014288476369 0.186828528432113
0.115578658684922 0.160084279829918 0.567063475719866 0.157273585765294
0.11448011397441 0.386404140973832 0.314086689784164 0.185029055267595
0.49519965960452 0.176155658298444 0.149243524984071 0.179401157112965
0.234251904937861 0.206555263296813 0.263566760402217 0.295626071363109
0.19761975303324 0.114880932598529 0.445399592873326 0.242099721494906
0.313777470810913 0.273430612437296 0.227609738166097 0.185182178585694
0.491991838446621 0.20918597520566 0.145148099413886 0.153674086933832
0.253680641474502 0.00701226092170555 0.452825731503091 0.286481366100701
0.294229949116687 0.275727485846096 0.192623979210387 0.23741858582683
0.147404395753907 0.214497430528742 0.289604092208662 0.34849408150869
0.138441952779456 0.279594093996582 0.169628305213989 0.412335648009973
0.274195884674748 0.538182164370229 0.0706900562814167 0.116931894673606
0.113304398461251 0.404915175308089 0.117592037566386 0.364188388664273
0.0782242175095892 0.284558419416687 0.545330628361574 0.0918867347121498
0.223985843612302 0.12727422253015 0.365372937441747 0.283366996415801
0.20114434255608 0.520569174804744 0.0169294144281501 0.261357068211026
0.104398008756836 0.28109928246513 0.609983072495071 0.00451963628296287
0.239810969681451 0.0751626131663418 0.314143847177448 0.37088256997476
0.377271290852558 0.0355049447273617 0.236870141379275 0.350353623040806
0.218815593692297 0.113939359073772 0.296975122160968 0.370269925072962
0.033111723594405 0.526986236601081 0.415108771202271 0.0247932686022425
0.0943718295892505 0.104454716509766 0.453190692132307 0.347982761768676
0.25135623752901 0.389816322242331 0.0148053205457791 0.34402211968288
0.129007471192111 0.278285024463935 0.304072834592693 0.28863466975126
0.209923546065056 0.213310499173644 0.317821719928356 0.258944234832944
0.28094828827548 0.231677510435437 0.170651641419733 0.316722559869349
0.447441727956091 0.273288981933584 0.218391130494662 0.060878159615663
0.405101146376628 0.349222917945611 0.0823984847450219 0.163277450932739
0.523101824337173 0.21227872159853 0.259126080330312 0.00549337373398471
0.224220779026589 0.0358978162028419 0.429971275931161 0.309910128839408
0.12620505622233 0.439299530553667 0.15869387665423 0.275801536569772
0.476427670979929 0.307925519129223 0.10330419440962 0.112342615481227
0.336025753115394 0.0729043907108069 0.192445606233493 0.398624249940306
0.340609419234224 0.0411011527592285 0.262749293421743 0.355540134584804
0.234397788206377 0.393923921045574 0.119819391535362 0.251858899212688
0.102013205136135 0.186033422717974 0.208420804551592 0.503532567594299
0.136388375484079 0.33090262839685 0.272078796394643 0.260630199724428
0.275543910044914 0.231335126694587 0.20549074193119 0.287630221329309
0.114264699897047 0.45015290040409 0.073298012323882 0.36228438737498
0.539661947429915 0.129570452728537 0.211586610055758 0.119180989785789
0.204067030350972 0.128908522934025 0.205788285222442 0.461236161492561
0.0698928445597146 0.348460941047736 0.0547393617827702 0.526906852609779
0.200996249195589 0.265496033125091 0.296704088812655 0.236803628866664
0.0520074670324436 0.470014890900743 0.142681325861428 0.335296316205385
0.259031999151472 0.424928354082082 0.146993574664715 0.169046072101732
0.285161631467475 0.262641263296548 0.213749663907179 0.238447441328799
0.00298160566459841 0.248039009539486 0.602851518442565 0.146127866353351
0.249018967231759 0.309990615155103 0.371072107946092 0.069918309667047
0.213310348916677 0.374834260872172 0.0225735917462649 0.389281798464886
0.297982873069794 0.192285637119574 0.216062544093113 0.293668945717519
0.0253386985750305 0.506475455133366 0.129181275068876 0.339004571222727
0.122297598087879 0.164608323896171 0.0703812033425551 0.642712874673395
0.0321355528425887 0.758951264977761 0.0792096109432602 0.12970357123639
0.368319415006204 0.0352523981725797 0.248895893989291 0.347532292831925
0.281226936058667 0.289264562406633 0.230129984283476 0.199378517251224
0.0292944738575453 0.132187276719659 0.517562979695987 0.320955269726809
0.293389470065102 0.0891721127984825 0.314051693352023 0.303386723784393
0.0625264605420071 0.338208884607028 0.206316001030257 0.392948653820707
0.195640618856388 0.176777582631243 0.333575973226606 0.294005825285763
0.0766635512815583 0.369561765955457 0.403748046204086 0.150026636558899
0.192888765570831 0.28654850479369 0.358526743159372 0.162035986476106
0.261938051075789 0.23783833494308 0.159847554049986 0.340376059931145
0.416143431765919 0.0504135100509827 0.182281430145203 0.351161628037896
0.281360873057791 0.306351348018482 0.108971637523286 0.303316141400441
0.413304028807994 0.0253050557822617 0.398833909659616 0.162557005750129
0.334947478031145 0.315930440177652 0.282573877160762 0.0665482046304406
0.226851188932476 0.072730445187364 0.0907339088330835 0.609684457047077
0.2507066407486 0.318637275786455 0.0736770015844144 0.356979081880531
0.184196833179027 0.281500503832344 0.280467983172605 0.253834679816023
0.271871230533196 0.308352969356391 0.0411675339014551 0.378608266208958
0.296040173015981 0.160341555230019 0.0386775004663223 0.504940771287678
0.397722303039068 0.261587260771626 0.28816731869741 0.0525231174918963
0.332708141473934 0.417954812471606 0.184293315815179 0.0650437302392812
0.346002398529378 0.363167377644696 0.0650600711139274 0.225770152711999
0.126065967162776 0.186419941782903 0.233062982374842 0.454451108679479
0.302875813169741 0.00563346472205106 0.257742371573067 0.433748350535141
0.0407060144657399 0.407961932001357 0.49667225478148 0.0546597987514235
0.208864846799155 0.169033468943579 0.223088646997779 0.399013037259487
0.291581171468684 0.279681662029314 0.304605555573427 0.124131610928574
0.540253737423429 0.160783190598747 0.214613386147153 0.0843496858306715
0.104036432791964 0.278094802884485 0.582461135453411 0.0354076288701404
0.392882630333004 0.219071953180867 0.360195273619654 0.0278501428664743
0.351493447686384 0.175285152138449 0.143584952350791 0.329636447824376
0.0858339598404639 0.342141864706935 0.17601146454302 0.396012710909581
0.351638609641656 0.214368204599526 0.119957073534922 0.314036112223896
0.169534194294405 0.321055056716458 0.506204866562602 0.00320588242653598
0.315056118876323 0.33663916634316 0.322320459545357 0.0259842552351599
0.579601344428077 0.281155709031362 0.080455410906656 0.0587875356339054
0.0432545812333369 0.165722170348548 0.482040244889721 0.308983003528394
0.0743574695856073 0.197245586003553 0.0901997180172595 0.638197226393581
0.1629985795387 0.41046879808097 0.312047976444519 0.114484645935811
0.245473084328492 0.306254839410153 0.197608243272059 0.250663832989297
0.342769013073492 0.53943316194107 0.0777208084328184 0.0400770165526199
0.158245160613257 0.15498740707229 0.312489243858042 0.374278188456411
0.448840314272079 0.000589436111125675 0.433514029569749 0.117056220047047
0.272339546465084 0.151635458615626 0.267033518611299 0.308991476307991
0.212659357790669 0.0114543113379895 0.233394915489892 0.542491415381449
0.234138223648749 0.436488992845311 0.187283738999969 0.142089044505971
0.27298137028463 0.229225733203535 0.00150768207750949 0.496285214434325
0.410660017588029 0.198255422543969 0.0596695328365084 0.331415027031494
0.164346750904332 0.228219846233055 0.46861051537849 0.138822887484123
0.353320815887372 0.313327182201053 0.173729631723642 0.159622370187933
0.0539631157019528 0.348039636748053 0.28614378303075 0.311853464519245
0.301308875095297 0.353915523534903 0.294566377745881 0.0502092236239189
0.30206959079467 0.31863026072406 0.0273076529927034 0.351992495488567
0.205325442765798 0.243811108391334 0.418918413398974 0.131945035443893
0.0320755710811595 0.177335593562856 0.372394687797003 0.418194147558982
0.481810107365768 0.120048775158486 0.0477889488849323 0.350352168590814
0.432347638070696 0.000492523198897676 0.314582069282968 0.252577769447438
0.0982069005799529 0.375625876459234 0.185067814111078 0.341099408849735
0.0950952643414793 0.297322354049942 0.32273454216803 0.28484783944055
0.330669889356137 0.188108718149954 0.194643325454943 0.286578067038966
0.0568339325224026 0.287474928457131 0.541762660970712 0.113928478049755
0.206637247848651 0.162367965888265 0.133837350178761 0.497157436084322
0.142780911551648 0.291062968543439 0.126787203177872 0.439368916727041
0.169635917394634 0.232738628204477 0.498703126954772 0.098922327446117
0.180647947296416 0.256040668244647 0.471309871830152 0.0920015126287839
0.35117559474451 0.208114073005223 0.432898578919492 0.00781175333077605
0.401727081988182 0.10577114168964 0.103293830653806 0.389207945668373
0.115319838909063 0.238473020238677 0.381958504292747 0.264248636559513
0.312837442980497 0.141144664852342 0.276572534478057 0.269445357689105
0.00235649956554392 0.328454858510567 0.357762200290525 0.311426441633364
0.371200352775047 0.185912157852162 0.385725310203358 0.0571621791694335
0.425443440489493 0.326672292987375 0.103636600287432 0.1442476662357
0.0438482804695365 0.006968164523226 0.59347468602484 0.355708868982398
0.18243208960091 0.371500888706208 0.260876481438195 0.185190540254687
0.136705981484694 0.411779946435774 0.368463486266286 0.0830505858132463
0.388580117964838 0.0671772567468794 0.30539008276163 0.238852542526652
0.176602452616208 0.146721234797152 0.0469618656732439 0.629714446913396
0.120556651643238 0.640020256335183 0.0779188723393335 0.161504219682245
0.121283244253368 0.33446148535035 0.18746156282576 0.356793707570522
0.0947169746659462 0.442305665912734 0.138153525210737 0.324823834210584
0.374297823627647 0.129189144205081 0.429700669850828 0.066812362316444
0.369984651320924 0.14200254391187 0.0546450281782816 0.433367776588924
0.13641593651726 0.157359527521861 0.364921838975159 0.34130269698572
0.211392745001974 0.127681069615346 0.34821113663538 0.312715048747299
0.0752836221503359 0.29778157213733 0.400878410473592 0.226056395238743
0.392360456861091 0.328870308390132 0.266113459061799 0.0126557756869787
0.231807061155584 0.10594840063269 0.229988888838003 0.432255649373723
0.222030194048222 0.261511257603164 0.324893979249744 0.19156456909887
0.307752773294445 0.309323243114721 0.0381876550504133 0.344736328540421
0.120397226926958 0.323853994967921 0.232364086207781 0.323384691897339
0.31669747685909 0.328412494394163 0.0280620514699912 0.326827977276756
0.565927808336259 0.147002566954004 0.0049804354132045 0.282089189296532
0.0543845628984122 0.201148878703095 0.355972323288665 0.388494235109828
0.342500427876143 0.125100098285217 0.352156244587867 0.180243229250773
0.531815096763168 0.00418392228651814 0.448634738261508 0.0153662426888056
0.0346182611118713 0.2699305579227 0.542015989418965 0.153435191546464
0.354180322137338 0.570473456193415 0.0146768615553812 0.0606693601138655
0.0446400718313581 0.145705380331912 0.19519066376862 0.61446388406811
0.0735102318664036 0.343369570216574 0.237458989594568 0.345661208322454
0.264501625276385 0.269723958072513 0.103343273674812 0.36243114297629
0.274763796762347 0.370333346871366 0.0858779105597748 0.269024945806511
0.0206317780156219 0.60402316980447 0.265831327220986 0.109513724958922
0.351168359806786 0.236547074889943 0.103415578267599 0.308868987035672
0.341153176401195 0.263600766843515 0.22693416889993 0.16831188785536
0.361824452925339 0.134462911514657 0.366168375726107 0.137544259833897
0.39530703619299 0.0836360922596691 0.0931039495113375 0.427952922036004
0.217316772977369 0.479391323861418 0.280348797012756 0.0229431061484569
0.00708066039502047 0.300084739898164 0.356229584652717 0.336605015054099
0.0298897156980219 0.040058189118563 0.440860635920328 0.489191459263087
0.313492612628681 0.327084742659907 0.161946079553786 0.197476565157627
0.180081497957531 0.412111608301405 0.358315837799488 0.049491055941575
0.201806593214686 0.325232891014835 0.23332479973392 0.23963571603656
0.0817455565594454 0.393934560837224 0.087216221822846 0.437103660780484
0.00437005355936493 0.278512656095226 0.329170179560733 0.387947110784676
0.276889387292976 0.201247066092021 0.387829513600539 0.134034033014464
0.292862167765768 0.358511412532712 0.0517314154782891 0.296895004223231
0.108269732130241 0.16007377047236 0.42762573235276 0.304030765044639
0.0168812800340763 0.554518137772893 0.235409212695337 0.193191369497693
0.17985978874486 0.316693580919331 0.417171141535153 0.0862754888006563
0.513196456780567 0.0626925950057513 0.156687634136757 0.267423314076924
0.116135365217919 0.329233884801916 0.330160174015993 0.224470575964171
0.477293367730923 0.300547785699392 0.0582098201090818 0.163949026460603
0.373830137476014 0.501486851635737 0.0354914397251728 0.0891915711630769
0.0176638885340795 0.516702817889448 0.0761368055421826 0.38949648803429
0.273903334480873 0.145359583337581 0.15632803513688 0.424409047044666
0.264191136999201 0.468104627968755 0.257753706782714 0.00995052824933037
0.339124836393311 0.228087897813416 0.248342909038738 0.184444356754535
0.0952415770528673 0.183926339368694 0.224179440275357 0.496652643303081
0.248457864557951 0.0164000779270725 0.39497061221831 0.340171445296666
0.309142628229191 0.423329105803751 0.190817547723149 0.0767107182439088
0.122101331324041 0.459915886437264 0.138404663711863 0.279578118526832
0.369263833269881 0.334363701700998 0.0999226449170676 0.196449820112054
0.285955114698342 0.25044426978362 0.281433993603687 0.182166621914351
0.265862102366199 0.376871352393227 0.0225324508677704 0.334734094372803
0.0839578226470062 0.422801165762775 0.431816524728507 0.0614244868617125
0.240055096112093 0.336756200535229 0.1551780772101 0.268010626142579
0.103944662198893 0.246709047023288 0.565697508744364 0.0836487820334545
0.0742528004989568 0.695261721726646 0.141419259497411 0.0890662182769854
0.3821812993147 0.276384968387146 0.034835525337174 0.30659820696098
0.204916048926854 0.225218689005414 0.295316580891036 0.274548681176696
0.230044205780147 0.382578513131517 0.118453574002682 0.268923707085654
0.392791852474388 0.530095726403385 0.0606955769645455 0.0164168441576814
0.148364132634323 0.311820628494098 0.206934752273296 0.332880486598283
0.0597821104206399 0.0702930143256607 0.452840673639709 0.417084201613991
0.134372318406898 0.491199043877242 0.172643446880437 0.201785190835423
0.255410395812521 0.281498228657436 0.203921413103467 0.259169962426575
0.425134827488732 0.146851009669988 0.32917646417525 0.0988376986660298
0.0571018412512155 0.120417569528419 0.434427154679751 0.388053434540614
0.0124929927539834 0.01888868917953 0.414466003574899 0.554152314491587
0.0437177275399474 0.098015922381363 0.599135573840044 0.259130776238645
0.409751853725789 0.151932752195229 0.339962781375489 0.0983526127034932
0.283385645426437 0.129563451379706 0.27871090011465 0.308340003079206
0.14576093012756 0.283430103306174 0.384923209835784 0.185885756730482
0.18560053098762 0.381518374310087 0.142466473023585 0.290414621678707
0.0489902325658575 0.174831627470399 0.444610920087436 0.331567219876307
0.20468226214181 0.0679570117506303 0.246848620174012 0.480512105933548
0.324007625285274 0.265877543003338 0.344737198331532 0.0653776333798565
0.203786160620828 0.196231897690685 0.343288190386237 0.256693751302251
0.104736616862853 0.410066160912225 0.28105519885371 0.204142023371212
0.0522457331026963 0.380806530432624 0.294414180630187 0.272533555834493
0.265922991495526 0.353481502187501 0.10164169128329 0.278953815033683
0.274186408678738 0.272464145947101 0.349460300042867 0.103889145331294
0.0698920104577564 0.138622811670943 0.5383194816883 0.253165696183001
0.023968804751882 0.305900459680784 0.361365117617085 0.308765617950249
0.177753290853903 0.164781511181298 0.207754056393277 0.449711141571521
0.228953444341439 0.298348390139276 0.391608094261115 0.0810900712581699
0.280965169138261 0.0970445103616127 0.527417264999278 0.0945730555008487
0.00650039620019214 0.748983045951128 0.0645834007301449 0.179933157118535
0.0873047249272805 0.0721484848569588 0.478366753015259 0.362180037200502
0.360137438667335 0.247417776375913 0.00110805910951915 0.391336725847233
0.55246056723136 0.0782067309673367 0.25240908301503 0.116923618786273
0.182999374194584 0.259277241920538 0.427296757782088 0.13042662610279
0.284052420559271 0.372217634598443 0.197896040303859 0.145833904538427
0.33774559876337 0.0132582605537441 0.398049885345357 0.250946255337529
0.223805715172133 0.220004270146529 0.3468869608114 0.209303053869938
0.00987162464470487 0.160298652263677 0.489084837239842 0.340744885851777
0.242068617048072 0.0876655052672879 0.261254921540882 0.409010956143758
0.225948384349217 0.0875483791494481 0.531841296932018 0.154661939569317
0.419180446788881 0.305900719713426 0.104316317620569 0.170602515877124
0.171185083994061 0.178491143678941 0.481981818792998 0.168341953534001
0.128356910252257 0.353491272693325 0.111550989663898 0.40660082739052
0.291806094469207 0.137522888117792 0.323872785590447 0.246798231822554
0.0118455710984312 0.23200962906653 0.341471229604726 0.414673570230312
0.0674619292491932 0.233539665951604 0.333869208821212 0.365129195977992
0.380851223146788 0.0651255852616728 0.126419857525956 0.427603334065582
0.439192279553123 0.427235892165658 0.000977558671137543 0.132594269610081
0.209096050980025 0.206228998207859 0.23411999515763 0.350554955654485
0.0101988706364692 0.105859477529279 0.239377461402515 0.644564190431737
0.301710993070078 0.185418180616055 0.232458301124092 0.280412525189775
0.278943637208772 0.06482748709506 0.345063412938989 0.311165462757179
0.358244953779831 0.0610655466947177 0.173600235997486 0.407089263527966
0.156909756227647 0.197438592388288 0.0833376471156492 0.562314004268416
0.394767992443901 0.103942188184158 0.0714324336018154 0.429857385770126
0.185980402618539 0.269686313006009 0.382610491075198 0.161722793300253
0.319024653381179 0.164809611228863 0.0617355265292086 0.454430208860749
0.385915951363239 0.503379198010691 0.0442761031785803 0.0664287474474894
0.170094532774192 0.51876976687149 0.0971598165847927 0.213975883769525
0.38517032032288 0.135401254658233 0.160473785320149 0.318954639698738
0.450751362537599 0.140915585645482 0.324032725702884 0.0843003261140346
0.263587093827442 0.321725674841608 0.195265288093469 0.219421943237481
0.117059085822389 0.776378813893632 0.0294479426053959 0.0771141576785837
0.239469867663434 0.0313979982540338 0.316132882474927 0.412999251607606
0.482038326603916 0.0124907257901375 0.0821160180995677 0.423354929506379
0.366821935945562 0.335882095917119 0.152637007978064 0.144658960159255
0.0249881718248859 0.253172911480279 0.448342068372296 0.273496848322539
0.130747339126932 0.3492887047593 0.365223498103665 0.154740458010103
0.216092827640637 0.255085367417675 0.275599337618321 0.253222467323367
0.114599883159626 0.358841723734344 0.335016181088483 0.191542212017547
0.280427583976802 0.0819934348696502 0.352628519201005 0.284950461952543
0.0824084443138711 0.454762885257265 0.0501259964035891 0.412702674025275
0.285210554495649 0.276196976116165 0.368384365946167 0.0702081034420194
0.404822848826639 0.44403209409287 0.0303173118508262 0.120827745229665
0.237347050835642 0.144968602812429 0.225076007112848 0.392608339239081
0.368927497058843 0.212481623609988 0.0894559095991942 0.329134969731974
0.0759124604559483 0.0995347268677255 0.716727212976181 0.107825599700145
0.321615391245047 0.526373551740131 0.0239460947519247 0.128064962262898
0.288189221340033 0.108118061781767 0.344245609581689 0.259447107296511
