0.118119784149067 0.16159525500018 0.150019257528131 0.0665016213035276 0.14114710556359 0.0211479361044749 0.0537848457753994 0.08697287639188 0.126435565353229 0.0742757528305222
0.0908088484934435 0.0901084022550901 0.106978678368235 0.161086472276728 0.0880122864121631 0.156649391431376 0.128686551643704 0.109523070283167 0.0497225258201811 0.0184237730159132
0.165861942644133 0.0333246879286171 0.168933196445352 0.117659552665926 0.111131563581383 0.162036004518971 0.00183848591079848 0.133281324710856 0.0385896953537713 0.0673435462401929
0.0701859927290345 0.139697458057126 0.124418352990943 0.00777045446676938 0.148187308344996 0.0841792913844356 0.0753583564966611 0.136355774790675 0.058697985817207 0.155149024922153
0.234036258433966 0.0315801864046064 0.00387454934097734 0.0125528897265563 0.095211308502646 0.0793738530896285 0.155743374837972 0.0341616898260611 0.190131890661833 0.163333999175754
0.0825467405359421 0.105690540407384 0.0641308880901002 0.0359755452043645 0.161425902646526 0.16907810384528 0.126845838552029 0.0166188416421324 0.0716503419509055 0.166037257125336
0.0892267307236996 0.107766522742404 0.134560646906395 0.122869971712478 0.107675472890564 0.0834904353944599 0.0352245766690636 0.125071014120954 0.0516431857196625 0.142471443120321
0.133304634145416 0.143325235497549 0.121383743944475 0.176377696328074 0.0227009652373102 0.0906392206812024 0.0749859270567764 0.16031121372013 0.0592869643443117 0.0176843990447544
0.1414936779339 0.111206502900143 0.0720211812036569 0.0938370568948629 0.0347842596865229 0.127648057800559 0.0868371884892033 0.148623763867979 0.114262998304861 0.0692853129183124
0.131632673576096 0.0767709213105086 0.1421543980313 0.224151575651152 0.0681966711859484 0.163848303406778 0.0340661096283857 0.0877236690174231 0.0620701054360629 0.00938557275634527
0.170537233556318 0.123970988501586 0.0595414190620655 0.0223839664121463 0.119977682928467 0.257931032663458 0.0586562556227297 0.117469283349858 0.0423322278860996 0.0271999100172725
0.135062227479343 0.00883909148778125 0.0590421844013278 0.0422787910340172 0.116781628056497 0.102704533261468 0.17054682816923 0.10115512301928 0.115800788568334 0.147788804522721
0.110955142502118 0.100770344038355 0.165820266621617 0.0585210604564876 0.0224146526589847 0.0209628524623461 0.0971678439348382 0.130612936530044 0.136816517100466 0.155958383694744
0.0767703544989721 0.011171844203016 0.164631991261096 0.127704860545482 0.113465174398134 0.130789769524364 0.0497717605650225 0.0614223614475388 0.161433117893445 0.10283876566293
0.189928178559961 0.0765381814165765 0.0483035746803259 0.0713050567451141 0.088133732277185 0.217336327911297 0.131770621374438 0.0209073434960771 0.0134398621474012 0.142337121391625
0.0307056484080638 0.131695970460269 0.0647542953200616 0.19643309393107 0.0647902038779286 0.0202306826429493 0.0790448347720468 0.0662314355431615 0.149208815002356 0.196905020042093
0.0228249282652089 0.0140884234597205 0.178289764817232 0.171298072391384 0.104499475272482 0.0123815740574702 0.029034804037453 0.18071017512336 0.158324931192681 0.128547851383008
0.26401492379507 0.118157112842523 0.153900716121132 0.0671751592667076 0.018727261726835 0.146968084406549 0.0145536712352514 0.0652442782587996 0.0543860974503343 0.096872694896798
0.10158318426181 0.0504469466441565 0.187458136646898 0.0162834073812636 0.237577831266993 0.0153635968178404 0.0863044441261916 0.0670825442133371 0.176662257562358 0.0612376510791507
0.018655999848472 0.0440879058391531 0.207247088293428 0.0868890097507772 0.00349330672016705 0.114030897819587 0.142565419105632 0.0994418140344656 0.137583350354928 0.14600520823339
0.153718792484905 0.0160466760335286 0.134780597085613 0.122644550454387 0.0764847941237984 0.097499016553234 0.153149648203458 0.131283727157967 0.0396847805862151 0.0747074173168921
0.0151637729075819 0.0357884224775013 0.123831592505299 0.178207726074949 0.133752016665613 0.146965184774734 0.00923473546512948 0.141380569990905 0.147698943353092 0.0679770357851954
0.00611604595555628 0.146766674837125 0.099664483373095 0.204339146691209 0.262161885244787 0.0756267883828116 0.021861932353385 0.0841146961564656 0.0957989479612799 0.00354939904428553
0.0936989708799026 0.14007989406981 0.0989905630303246 0.0498592971854946 0.132326135719898 0.10303275769798 0.108186395952914 0.094259078416337 0.149980415191518 0.0295864918558225
0.184205694501703 0.167288202965744 0.133512312263376 0.189894294039641 0.109102421256596 0.0450309015184322 0.00886275626088327 0.00141824516433827 0.0296792680413699 0.131005903987916
0.0561549777135179 0.165604303376402 0.0979620626813207 0.0647653845998228 0.137819083781856 0.101994443401629 0.110051898306075 0.158337667120122 0.0986134348451502 0.00869674417410387
0.0451536082259961 0.110231946743562 0.156488472602939 0.0572036183549267 0.164078761599463 0.140195201915664 0.134311627618572 0.0615315595467295 0.0740015430893708 0.0568036603027778
0.0569454827591902 0.137614774220407 0.153464739811107 0.152420978855323 0.112930330491226 0.13529612818243 0.108951235085886 0.0505151002257116 0.00316650885411439 0.0886947215146057
0.0995761247581894 0.13513845366534 0.164940876894475 0.0568402422662158 0.152465141521542 0.0827827992217259 0.165209048988102 0.023680032791515 0.0666925915918164 0.0526746883010787
0.1027791180383 0.0102892184524255 0.0538114229186599 0.114421103839666 0.191125927061568 0.0431398765606321 0.196661123860384 0.0680373674689248 0.119421106713083 0.100313735086358
0.168832540167868 0.0453259477879448 0.139185119708698 0.0445777036752531 0.0101937849241855 0.171971144387884 0.0702646077553463 0.0610541557589527 0.19677419540742 0.0918208004264479
0.0880079199259362 0.0814159831420745 0.0328415752342974 0.12793970592189 0.0476155159715015 0.0275477153177781 0.207140240443978 0.0811783099350478 0.0698648325301679 0.236448201577328
0.200965990344348 0.0470412836713094 0.139393978730832 0.023499064788323 0.0711861512173171 0.111283800057979 0.0888868839665398 0.118243917571441 0.123811941158454 0.0756869884934578
0.075397660771843 0.110863318712406 0.116811184710402 0.0319594468140805 0.115965445662569 0.0882394042349337 0.0948813516511621 0.150671364908106 0.0166040211198994 0.198606801414599
0.0248459403589189 0.107211992427738 0.0932623524733167 0.0939876237737225 0.116723447406289 0.0864649213957944 0.162645234139088 0.0579725174898601 0.0918823698746706 0.165003600660601
0.114136672634932 0.157453003785729 0.0144506685333537 0.0576181135345863 0.205730063234488 0.139799773068016 0.037189325088669 0.159316127206431 0.011999334534844 0.10230691837895
0.122197088638089 0.055325737979901 0.0309221564337097 0.165744519073599 0.0487776122599571 0.151041789123196 0.0248447065753933 0.131036545787973 0.181825706117991 0.0882841380101914
0.16012461929442 0.0214971201841831 0.189867929807344 0.069312504554006 0.013595138501829 0.187821253425846 0.133117882507385 0.0471108197669357 0.0424146734314918 0.13513805852656
0.129137188102489 0.135513133155211 0.0552370558338522 0.0714847800478556 0.0784507214092313 0.106678981073555 0.211166932920821 0.1331299036686 0.0608692227335284 0.0183320810548573
0.111890672049931 0.0602691638591197 0.16547192907158 0.126732530507289 0.106386348156198 0.0494683515745152 0.0782423734531954 0.0249634828472406 0.109882567870358 0.166692580610572
0.162862400376326 0.122464476882951 0.0837088242086639 0.0389239989609911 0.0228484097366867 0.134837661225119 0.046653768766631 0.219925251106379 0.0664878903958515 0.101287318340401
0.0665490721832256 0.0927876784994509 0.174288256052641 0.0174805282959479 0.107422241614883 0.152648145857149 0.11235092106097 0.113047770583517 0.0790753157517308 0.0843500701004855
0.245094370958598 0.17510555988739 0.00742363024226586 0.144598802158057 0.00117722630952804 0.0550669320387043 0.106555439956184 0.0364242221140705 0.0558966545871049 0.172657161748097
0.0225547244019969 0.136452160883312 0.141401802453126 0.0470989855374666 0.0445619257456638 0.09619794332652 0.156441515750164 0.132986045344558 0.126388889867207 0.0959160066899854
0.0332919228041064 0.100782126617709 0.044508836971394 0.0495125227273444 0.118323933879246 0.0926354007317823 0.179051045308976 0.0909872494336957 0.113774639848724 0.177132321677023
0.0106053945439629 0.0713558853622721 0.125161818779387 0.154103295461426 0.0204116743344577 0.19717034489805 0.182532730289466 0.0315576944607056 0.151661823901021 0.0554393379692528
0.150328516383199 0.0526282828018352 0.0129697415374569 0.0149395430236203 0.0925866386419659 0.10181212641475 0.172592998876678 0.0286250267986559 0.168772382721192 0.204744742800647
0.0696417246259624 0.0924805144463247 0.00531343590943784 0.196884746628921 0.124448696636011 0.0396375314417167 0.207699041202509 0.0867395258132003 0.169894027278552 0.00726075601736437
0.169153548153087 0.0708982737464675 0.11902502071109 0.0725784881777832 0.0671570737536921 0.169516151545575 0.0752804739425585 0.0606035440983705 0.00804748024100268 0.187739945630373
0.116569479856698 0.156039686256848 0.0883325714300878 0.128393129116892 0.0224177505564582 0.041076274435548 0.160448157156735 0.206536735237937 0.0111477183982229 0.0690384975545739
0.0882028841702855 0.0420617590599031 0.114353200744308 0.118031354053411 0.0741976167892478 0.0730610111080827 0.0487129664579495 0.145845933296118 0.145645724810402 0.149887549510293
0.0626823224938371 0.100038042967161 0.136830518159009 0.144082827694901 0.114301910837413 0.0584867249446638 0.135369880344649 0.075305048281304 0.131740017732143 0.0411627065449189
0.0264076671559201 0.154485638167123 0.149789578734005 0.169900766337096 0.00601019215607119 0.0362390417717134 0.0633673327072745 0.0852918822541541 0.144910238069042 0.1635976626476
0.0441256381853143 0.0665421639136299 0.213286262047794 0.0313887036627783 0.148553332127192 0.00516820667785375 0.0978365289655535 0.133115056705507 0.216914888193174 0.0430692195212038
0.0147666282836171 0.150298394894602 0.123438210733256 0.160156198214293 0.13852066965846 0.0637341973406042 0.000400404559316587 0.140162292350688 0.0931712191297313 0.115351784835431
0.124262605576816 0.0489715131323105 0.131773469304676 0.142083871383958 0.124335111629052 0.149893835553073 0.0144237954659252 0.064750179380862 0.0658625728839313 0.133643045689397
0.120346168365031 0.050039291598987 0.113623869563821 0.0607072448306001 0.0329559413261194 0.16131507477944 0.111510617628014 0.108745066391064 0.178479783060635 0.0622769424562893
0.138513678291542 0.0278835792931404 0.145371288656979 0.107967996013193 0.163797407916931 0.0696756334522545 0.0590746506664264 0.0315486485420217 0.0946992895269025 0.16146782764061
0.102805368050992 0.161721353189215 0.0065592475910173 0.113771228502133 0.140168901535689 0.182390335341123 0.146357817349337 0.113693422263936 0.0274087559553914 0.00512357022116523
0.102865998694897 0.0179323971052445 0.0524022398211211 0.0845931086512764 0.168738978565602 0.145916667506433 0.0719938922906003 0.109817496301223 0.104305454808652 0.141433766254951
0.0384519214611023 0.128462955832604 0.0136007848044781 0.110312048538465 0.105755166784325 0.113115536623864 0.143119150650691 0.100201845747771 0.0933985101215169 0.153582079435183
0.193003787927263 0.124307666859469 0.107013159860484 0.150433591409936 0.027985465739408 0.0238675799113698 0.0190336757820969 0.0346393407980244 0.225616634095513 0.0940990976164356
0.110774140419027 0.0925786719778119 0.0411695399312063 0.0653743311278756 0.177986686280366 0.0668016318881057 0.0490608608667876 0.124779853009167 0.142918650877386 0.128555633622267
0.00119626535366798 0.156354190798387 0.0322848929356931 0.142335830236412 0.165085474364038 0.174920821326469 0.078337515576345 0.0415226956177678 0.105050081932087 0.102912231859133
0.18149980962648 0.196153813404474 0.0456410669384679 0.0355940102018392 0.21394704308557 0.00899814472331124 0.0558978405452111 0.0987490597911619 0.0909344365662947 0.0725847751171899
0.0686220283787119 0.128952782501076 0.0897532123202616 0.124859858619782 0.123482257819553 0.0818539060232753 0.0857741273888276 0.0845295259916488 0.130338882526151 0.0818334184307124
0.18569229067046 0.181684769785969 0.123445700783534 0.143593585257477 0.0589135459309729 0.0901305817622583 0.0442990431515858 0.0718306713743918 0.0819151930800397 0.0184946182033121
0.0346554959624901 0.00918920102225017 0.0388520350896999 0.170928980296019 0.0148065126740005 0.183045163954721 0.0996473419899969 0.153841561071357 0.155765001345351 0.139268706594114
0.16062980433109 0.0833672901957142 0.0344794458001067 0.109843840865892 0.146379101370481 0.0143038298823983 0.146010806525036 0.0167199749919928 0.165781672527317 0.122484233509971
0.0344803362956886 0.16335093487353 0.158480721751803 0.065579959931506 0.0446481042390018 0.148686675951192 0.17315002348587 0.133970823438233 0.0557112863977567 0.0219411336354189
0.0976031499541539 0.176053277218749 0.118761764181537 0.0465218382093963 0.0604912745518747 0.170241780336705 0.112932536596837 0.16218515771481 0.0524855502791213 0.00272367095681623
0.124736593186979 0.078857984490659 0.144445641924764 0.133092098137275 0.0943558168726427 0.152362813550488 0.0936162843753907 0.0983827232838012 0.0766751218705842 0.00347492230741604
0.121955249067734 0.135613825485494 0.0652059968565423 0.0206176793808087 0.135419280289045 0.122248722338552 0.15262271381816 0.139030661598953 0.0858242986473657 0.0214615725173461
0.14647275794656 0.0990708729196181 0.0564370144401568 0.048625215205912 0.0788932588881544 0.161404535811392 0.114449328466286 0.15455473925816 0.123167021679517 0.0169252553842432
0.125914338678439 0.0573294173628445 0.123814874263268 0.113993047682033 0.098843048457435 0.155754418501414 0.0343796193502805 0.0158064362724992 0.144901457483938 0.129263341947849
0.129987357892578 0.105262781881491 0.0778747523265737 0.119063637410124 0.0819358189045231 0.0909551661973266 0.142208656360196 0.0898717573401565 0.162302641430935 0.000537430256096046
0.115580381603966 0.179599475207443 0.050867045681318 0.181910202802558 0.0524097669773802 0.018917558390913 0.105326058047422 0.110209550521569 0.134681788994388 0.0504981717730419
0.0518648935265379 0.128369449254385 0.00555990562811034 0.154030142136343 0.185585519398208 0.0559042452031987 0.0704430900405365 0.156240437145278 0.0687239391471193 0.123278378520283
0.227402727928868 0.0662792038674775 0.060966580652007 0.219404002585167 0.0153341605334302 0.135913473266172 0.0180206303180343 0.0824340964308447 0.0694014972688181 0.104843627149181
0.0628460573198458 0.122424979408765 0.132343858277805 0.156788126696013 0.139383818200662 0.00463670621665299 0.114107783461505 0.012468500790444 0.199015251007141 0.0559849186211654
0.0881565569850178 0.106457191107708 0.0982842656882227 0.0221528748502487 0.132527140369252 0.107087640887711 0.145942988977743 0.0571778769331406 0.105873233801433 0.136340230399523
0.0792840472498828 0.019725068454289 0.093752562895919 0.171270384046264 0.101939987139569 0.117764550763527 0.0418153585125597 0.0361400969730417 0.19446493871609 0.143843005248858
0.0132678789660425 0.0813842567289493 0.132632036919804 0.0799540592334357 0.129513209607628 0.0575884465410493 0.123252526008339 0.0933442330800482 0.15831485396239 0.130748498952313
0.110882859657777 0.0724731283966451 0.0243286171603556 0.0198874741102847 0.195207303626039 0.166332877619478 0.0219715174830253 0.0525930276149898 0.0264968614531013 0.309826332878305
0.216807616270564 0.0548809010665614 0.015395911042028 0.0436011915604449 0.169826123172769 0.0369998832709789 0.0507922108638392 0.168077111122923 0.0736862206140453 0.169932831015846
0.0851132789291995 0.0425485838289911 0.171210813613077 0.0438118835619977 0.0626966111945881 0.166439297151016 0.119450875635314 0.128637955125135 0.0144330742566027 0.165657626704078
0.0807447400869905 0.117324319461677 0.103832032692466 0.154070883472007 0.103189824986321 0.143308222531128 0.0802011098701571 0.0283665230136729 0.113252253807699 0.0757100900778829
0.0955414871869047 0.0453541215076384 0.138723924149427 0.0810518744098892 0.157031682417255 0.0636827320320421 0.164066104053401 0.115530351785387 0.122241514315079 0.016776208142976
0.0172758103202472 0.040750172583436 0.138429408272297 0.102930818906458 0.00167308052867666 0.0890386293601197 0.153793380566786 0.139347134166209 0.194480941576389 0.122280623719381
0.107316066729206 0.220909962031908 0.222806988322124 0.0569237269581561 0.0392830892864303 0.0449823346464729 0.0317962347124262 0.0828054853953729 0.0482010634058156 0.144975048512088
0.0746880005059861 0.137597093699374 0.118078311765995 0.150990390766464 0.0923803195802532 0.088656424977399 0.134488372077157 0.0686038211940576 0.0559379529118515 0.0785793125214631
0.0972117532869932 0.216673011928159 0.0439869477534396 0.0854655022680237 0.0501665354699244 0.0727664325273942 0.0146278773413741 0.034684980993209 0.143219828101161 0.241197130330322
0.134483115303443 0.0155956176825277 0.169624489828085 0.0164257180714808 0.144334285046598 0.148533418212303 0.124704168331782 0.109478283508072 0.109774431249385 0.0270464727663244
0.060391935450413 0.149570489893883 0.114119932479852 0.1619197991801 0.0350583897981165 0.170244073566789 0.107290658468517 0.0801182835902744 0.0116844336716234 0.109602003900432
0.116965223752468 0.111270196961344 0.0870628894860686 0.038023559737109 0.150626302602475 0.152727330542609 0.0869954817686265 0.141733204551843 0.108918973753137 0.00567683684431961
0.176156641641827 0.114196492930527 0.107847865736805 0.116404284149937 0.134801149429147 0.0766839216491589 0.126503094434788 0.02124333454363 0.125597510757865 0.000565704726315533
0.174971851257856 0.0116972091677093 0.0349818999011009 0.00213554935179808 0.146698936390987 0.169456217551727 0.0468759918089184 0.117930473052508 0.169409156808118 0.125842714709277
0.121511308875297 0.0721612481807036 0.180329250888861 0.0894476081629382 0.168623016130363 0.160584348511814 0.116062798438447 0.0310026417943495 0.0294686171497221 0.0308091618675037
0.156129722623925 0.168256791827244 0.122028135434519 0.0218014868427655 0.0761344892380723 0.111255782947503 0.128376043345971 0.0267539111000496 0.0791428122516328 0.110120824388318
0.0764468995813163 0.221405847169261 0.0348225024051976 0.0582038508531782 0.0286254028186902 0.0026407146380128 0.188502829130508 0.173905278360634 0.162748343745062 0.0526983312981395
0.112900210419577 0.12401268673354 0.0588023291884416 0.0854385292306325 0.105851660918994 0.0725062901603609 0.116575605750734 0.104286276390033 0.133011463881598 0.0866149473260894
0.126242728317193 0.142519198981212 0.0355194805415993 0.136289647797058 0.140725097685486 0.0486175354336442 0.132730837893346 0.151524292290091 0.0601018605810657 0.0257293204793054
0.121162627493162 0.0758923323188408 0.125094927057583 0.0535858587644334 0.0740497646553013 0.143588680226697 0.0857651051324737 0.103390106640173 0.0991183255728271 0.118352272138509
0.127291114355317 0.0361043377996379 0.00697018609021096 0.181935470022308 0.176830656090388 0.142518029812911 0.0711877533514744 0.140776390974116 0.112962403483934 0.00342365801970307
0.0555746185190346 0.180635596775989 0.109859152207764 0.0688349702738511 0.000407692162689302 0.0866630135011429 0.138226334647491 0.180538735541118 0.174145132052479 0.00511475431844159
0.0443783521329392 0.15828079180268 0.285873776781009 0.076120316056402 0.0191569554621512 0.0224574935029269 0.108225632794078 0.0179597069647055 0.017041741786088 0.25050523271702
0.130667760914974 0.123292851665882 0.114585474147884 0.105246990105367 0.00674721749400315 0.112410683254361 0.130997115597229 0.0791814494812073 0.0723389647135068 0.124531492625585
0.20031444762505 0.0817160363614831 0.0533962801587405 0.0307451530441745 0.0463995807739402 0.158371151398927 0.182217140269107 0.18076635583383 0.0273125165331485 0.0387613380015989
0.0431585223568855 0.0446213044507527 0.0787632139166022 0.127822224305529 0.150618251096953 0.0730091869030436 0.192254503070083 0.126973682992069 0.0612438107991669 0.101535300108915
0.158761512306821 0.114169678366913 0.0323669795376305 0.18226046078942 0.00786457130880302 0.143645540547821 0.148729095652138 0.0355659936175617 0.0709650778396056 0.105671090033286
0.0392742264336074 0.013409547686223 0.0779582267127374 0.192525171013658 0.0868191162904825 0.0758707671432852 0.0452382664782417 0.100034760170471 0.104947608439875 0.263922309631419
0.101493060958476 0.125287916558504 0.134763134716636 0.168125864775038 0.11565063578617 0.0153965897017574 0.106515086083931 0.0745825718526759 0.0551302257759128 0.1030549137909
0.0821014960085689 0.0384490120304538 0.217953944211067 0.146391541377355 0.106673851763504 0.0497131603320308 0.164640436699466 0.0993270940719778 0.0100042552296196 0.0847452082759577
0.0386882220756486 0.0836367803189113 0.0264730181758001 0.208759553455601 0.11399366788736 0.157897119174598 0.0936938599577084 0.129737234763312 0.00458653266927413 0.142534011521786
0.116066293590064 0.235942319028976 0.0145015801207499 0.0330164850640319 0.0817826146822308 0.0551435848232575 0.073037150858928 0.192243857642793 0.11521850724212 0.0830476069468494
0.0669790030080028 0.0767370648387698 0.191782822781339 0.172284324145026 0.00239188853695547 0.119811970724469 0.0282593900844802 0.271178725053472 0.0385927809118632 0.0319820299156218
0.0629397577274977 0.0701620741918119 0.0567152519215997 0.120507001741773 0.194230452835021 0.0267806998395134 0.127669692329616 0.093580682788433 0.134455033557244 0.112959353067491
0.0418934560780855 0.172815778993002 0.128995484588826 0.133035347465918 0.174068570429851 0.107189924344414 0.062210888182066 0.0357705692872143 0.0565739207965257 0.0874460598340965
0.139200462557789 0.000758275298159743 0.155103334614285 0.148188251868653 0.0360989566981332 0.0615724863777473 0.0966165539213347 0.147602727751339 0.11278021854807 0.102078732364488
0.094201768115268 0.183793054929905 0.0930403240267643 0.0785260519841324 0.0612907038448919 0.146721529170307 0.197523940726785 0.0615941600651363 0.0155286245409904 0.0677798425958195
0.111744506320678 0.128856019627066 0.0562068704408126 0.0197350044855629 0.190484348147542 0.122912937511894 0.0325065289281643 0.0823960037173283 0.0893195521735276 0.165838228647424
0.0186002125689676 0.141872267721145 0.117496698366136 0.128908793642486 0.106158366150278 0.197990663765634 0.0395718076606402 0.170177153601663 0.00327092371904585 0.0759531128040038
0.0577264955940611 0.101971549659423 0.0238272033004628 0.235963468588172 0.223156286701987 0.03962824853877 0.0120115948160679 0.0189655605419583 0.0501644453498696 0.236585146909229
0.102686042325919 0.106393179284659 0.0695033669768736 0.0599544558346547 0.0712261488146666 0.122808040112164 0.159901357252203 0.110236114874731 0.153394589597313 0.0438967049268168
0.0686969601869972 0.0087546004275049 0.134597552626863 0.0531679449222787 0.0255195578761584 0.212753678678387 0.141205149837317 0.0475975046879541 0.196044945029109 0.11166210572743
0.00867490317961563 0.122490985923864 0.0615532337470355 0.137714635580531 0.0951280859774357 0.085923333780818 0.150744842020178 0.0669199033140065 0.163633112591453 0.107216963885063
0.203076040576376 0.0957132589513674 0.14369945913888 0.0457148764792305 0.0897670543950236 0.0849663786103711 0.102123643066384 0.104830465700187 0.0221097293999555 0.107999093682225
0.0157828029909973 0.0599537616449749 0.176787461901295 0.117083744360307 0.0673475778034063 0.0744973564502621 0.0280971202198267 0.172210464615242 0.125676556072739 0.16256315394095
0.129517438921413 0.17698662924052 0.0512309121858908 0.0533103468371837 0.133145580548135 0.0845283884829513 0.0670672352022168 0.0348999205031019 0.128177241176084 0.141136306902504
0.0388755398029431 0.139927792528508 0.0093807739898556 0.176826948098697 0.171967324840817 0.0933219412853537 0.0776696162379557 0.187020972464037 0.0458632137376924 0.0591458770141416
0.098069184943407 0.17345660809569 0.101762203177776 0.184556481859569 0.0431071063776959 0.0940399652062133 0.0254854479934511 0.046998882640588 0.182162915502664 0.0503612042029461
0.117745039889505 0.0936782371855366 0.0505970744042101 0.14684723183814 0.0989114844986051 0.110282025962333 0.00694289309868886 0.175124895238516 0.158757483567765 0.0411136343166998
0.125875335545609 0.0169884427787086 0.0189731585005934 0.0544517223220141 0.14873786766757 0.142339438496138 0.151472420331492 0.151076561036022 0.079599433429525 0.110485619892328
0.00751287898119631 0.0633253271768972 0.221763242764238 0.159845652012027 0.0402522111414266 0.0488460411979091 0.0300098408474211 0.1947521348151 0.204075509155705 0.0296171619080803
0.103065980662454 0.00931028362113158 0.129306289322975 0.217596717346771 0.0437884672086726 0.0566603239957635 0.0909267610249247 0.214818483076021 0.111001490217442 0.0235252035238446
0.0892996266864391 0.0291093467034978 0.106763094838473 0.136065822547505 0.102844096445601 0.14511754713809 0.0524486257055354 0.152638982284678 0.0826193070984865 0.103093550551694
0.317430930173347 0.00271292181898829 0.0100032158818102 0.104950948009275 0.0635569081110373 0.14449795823749 0.123115064395405 0.0308605030639329 0.138295369897352 0.0645761804113622
0.118218456443259 0.110665903190846 0.0468780577966096 0.00920354857814818 0.0472702429185927 0.169036403936085 0.170031880188813 0.122698818590182 0.163139719677112 0.0428569686803519
0.251367494813875 0.0480050761646229 0.147854320319822 0.2276244957964 0.00550395194708608 0.000415167253903266 0.165971132108405 0.0417384380873964 0.0469628279478305 0.0645570955606588
0.0794660231256779 0.0854753549065497 0.171145765555974 0.0901225377160068 0.103941081392758 0.101232795544499 0.108527673308731 0.0786847376254893 0.170975353862941 0.0104286769613735
0.0786424925095426 0.149575049257659 0.148812050591947 0.106285862473768 0.0877434117345049 0.0413815501929906 0.0309901073489567 0.209940268250839 0.0808376753043353 0.0657915323354571
0.165367168669017 0.0296174227766894 0.101152287046289 0.00547727125787813 0.120271693421462 0.168209449721063 0.145091672963675 0.0796253221879089 0.12810809268588 0.0570796192701379
0.00595945308227735 0.100224697185386 0.166073103000863 0.137837476112327 0.0314660155444874 0.165951000603673 0.00782711141761273 0.0766805604574584 0.212731979577275 0.0952486030186389
0.00852434542559988 0.291796167353485 0.0068110730567811 0.305799611674386 0.103761281163659 0.0429097988805986 0.13407805302969 0.0649279638092726 0.0409267147852808 0.00046499082124647
0.116474400569743 0.125259726575856 0.0859199648375852 0.113257197934254 0.129250134483806 0.147744764525393 0.044568405908713 0.0879729035584133 0.121786823081822 0.0277656785244159
0.166632566161784 0.0213615719210714 0.13895129637571 0.0457077457503072 0.12821799774877 0.106438577146239 0.213770289955185 0.102100662790161 0.0468837753948922 0.0299355167558809
0.132297530234647 0.0313078913324281 0.0662237826588775 0.112211207943631 0.166669409424993 0.118305703683457 0.042324445814889 0.0688761970208128 0.172516411743695 0.0892674201425693
0.113109262499467 0.127640825834692 0.0577650284680242 0.076948211705714 0.137359304768287 0.0693920686328823 0.0154722754592369 0.151085627664663 0.0960912760500347 0.155136118917
0.139486097105499 0.00976756475135709 0.203227204208796 0.236249117840748 0.0800894772897649 0.11318899852874 0.11727246159042 0.0263953565716556 0.0419660311917167 0.0323576909213025
0.177983300567816 0.0469125042497529 0.12711392485061 0.0396963080181358 0.179744790747981 0.0748918740441294 0.0487224948086338 0.165035692619268 6.4610955885879e-05 0.139834499137788
0.0208042509818829 0.0673820434491995 0.179081538778267 0.00276535862450727 0.0361561801511559 0.174653087226599 0.167532191519112 0.0733313173920642 0.12490095285356 0.153393079023653
0.175288833929638 0.0752556039487177 0.0365508632064251 0.166021153130125 0.0951261095124538 0.00498426393958696 0.14558958835984 0.0802122137444117 0.181674122852314 0.0392972473764868
0.0467229842232762 0.128769038489065 0.177007738321768 0.0958563270326575 0.0199906537790035 0.12891128646817 0.123404165781151 0.0638396984220057 0.189715606586842 0.0257825008960608
0.207230077031586 0.0111172609998768 0.0222857450981726 0.0352780723218919 0.00170658052981623 0.193368023070771 0.140866878406688 0.0596787963856894 0.0166720322513607 0.311796533904147
0.150084839563991 0.117118388620865 0.126043277634385 0.149473803613757 0.0171564415306007 0.152522122892135 0.129840952209101 0.0148772875808175 0.125735537114045 0.0171473492403033
0.0832846166108008 0.132876705896605 0.0390187379779088 0.170155062639261 0.126396455010816 0.102962520625044 0.00391648546627706 0.0685649721511724 0.139401654910677 0.133422788711439
0.149126542480847 0.0116528940663015 0.0420627368534796 0.0976162136277484 0.0504594447630993 0.120037413392132 0.122173695719972 0.173333327229453 0.138096345155241 0.0954413867117262
0.0950212113356792 0.0101956002507046 0.0395972516313673 0.203997341581895 0.0461613957581797 0.139827715891179 0.0959105058447042 0.0113998822637392 0.217729361621442 0.14015973382111
0.227904336701301 0.127057723203501 0.241415657980486 0.00144226870929028 0.106680276226594 0.0177123694724282 0.0758818340211752 0.148773408076099 0.0217759321566698 0.0313561934524568
0.129223848660395 0.0342522779580537 0.0663075394849635 0.145807131801498 0.0725823167965683 0.0982658655492502 0.103296999426876 0.116621108864811 0.11225928180735 0.121383629650234
0.0429457866262967 0.201157449465787 0.0551788268702631 0.239848468961751 0.072563633029064 0.109619146717799 0.216435265643409 0.00413759342085342 0.056788579542363 0.00132524972241445
0.106753503176285 0.22627668960644 0.0484210192293289 0.0734270843611896 0.110329200092369 0.154165324377485 0.00385072871334491 0.0519087456997349 0.0855912183609509 0.139276486382872
0.0930154212336474 0.113977575001258 0.0756106540009481 0.129176560224573 0.11789258726462 0.045454801429794 0.0966323919386075 0.101827601211422 0.125143034116091 0.101269373579039
0.149048077432771 0.069675386269688 0.135668308737888 0.0860737872092343 0.13289184788577 0.0863071821243864 0.111941471317746 0.0649967256323587 0.125738503767244 0.0376587096229141
0.0983653333008716 0.0767951048174441 0.0789868343240459 0.124685750276615 0.12458459387438 0.0806064120077126 0.104592822790752 0.0403479298346525 0.161821880416034 0.109213338357492
0.0418651888862063 0.151519228383077 0.0061281556310306 0.0970419800422493 0.158605542100879 0.218184104169481 0.123584981675602 0.173363584678798 0.00545119745926979 0.0242560369734068
0.0181671924449202 0.018619285298763 0.0893928716386065 0.193029544896847 0.198289758638157 0.0979414549210289 0.0835263602028347 0.207573909696286 0.0776260595250666 0.0158335627374907
0.00549157200315947 0.0539776549376258 0.209794395747385 0.026064897744204 0.129192477975706 0.228894933903556 0.152692593088451 0.0558092572973399 0.0492885781707954 0.0887936391317778
0.0964011790451938 0.129065497786429 0.0870404838598919 0.137321760272693 0.103998948042095 0.116477109300196 0.0716489147577391 0.0285552005019633 0.098412091994095 0.131078814439705
0.00433438063131875 0.105839847003938 0.185806687017862 0.0436525147301603 0.154272683479962 0.0350222328143596 0.19152463975497 0.101068977691976 0.164116095032154 0.0143619418433002
0.00755514748117111 0.159459091757884 0.0864228610249713 0.137599593506097 0.00285398320220704 0.107831479204139 0.0686670484793395 0.137430246754816 0.130971315480797 0.161209233108579
0.145180100925928 0.0540049480786666 0.00188218249310336 0.111107291354905 0.0823311597906066 0.0990371848699752 0.132081765335378 0.14270437639161 0.183824285537194 0.0478467052226331
0.0356514190854382 0.0218672608040481 0.047200950012564 0.134445261219643 0.126848574242418 0.131451223029072 0.210099365932799 0.159996946756841 0.0999304671034077 0.0325085318137689
0.201622693894763 0.0794036374325034 0.110124022238197 0.101132898354356 0.156083170271211 0.0351620802595373 0.178239187044084 0.0348207777185331 0.0323737269991301 0.071037805787683
0.00609039301669929 0.0300920784842239 0.224840074170452 0.123739027608534 0.293419872731744 0.0187172342810826 0.114484963981504 0.0124110778769777 0.15241061534523 0.0237946625035523
0.0158025627592242 0.144476969265362 0.0142443583698591 0.142016927515593 0.124180505495136 0.17783091996395 0.156972861443058 0.142086375794188 0.0810577756418981 0.00133074375173106
0.150039915991022 0.0743452118024563 0.135566501215003 0.149748904447055 0.0659646416862383 0.0976965968139157 0.0192195350607797 0.0960256969943129 0.125797571052286 0.0855954249369306
0.134411244800871 0.0113674351375221 0.170148621599722 0.133590692715458 0.158632514670448 0.157722084998793 0.0258568356619711 0.106159414374426 0.0317392151451618 0.0703719408956276
0.0931756278188488 2.10124019533533e-05 0.103919925247809 0.0254096892538431 0.168353633556473 0.0780284886590517 0.114251575925493 0.0715858208967186 0.121303583333141 0.223950642906668
0.0273824602986612 0.108484090678966 0.0240577161460375 0.0989208561855682 0.286370071000444 0.0112723169571829 0.226637295689374 0.0944663201369372 0.0717876727885544 0.0506212001182743
0.0818209902523124 0.0610989671493522 0.144506190287688 0.107534038251997 0.0890838136942124 0.112768164696591 0.0466537122223362 0.169349268687774 0.124749628738097 0.0624352260196385
0.184561476708165 0.249174879907881 0.0798525984542914 0.000986667038408107 0.112844539115803 0.198209062269485 0.0419209230197684 0.0358504489619056 0.040053439110087 0.0565459654142052
0.0614869187749318 0.157879286932717 0.0131525251074351 0.158126805800157 0.169344749521835 0.0821536588088186 0.181216085600611 0.023227923707794 0.0597362577230133 0.0936757880226868
0.033796500370381 0.0723418627095765 0.123972333639264 0.15929736832663 0.0649079701795212 0.215801386416945 0.0588670358851766 0.0568357689953571 0.0356578961000139 0.178521877377134
0.200846556434968 0.20345132128029 0.0406153762283782 0.0842090163257989 0.159747709066695 0.0128837240009448 0.0328091173889129 0.0920479483090222 0.143423460220526 0.0299657707444644
0.00793792180126501 0.132173162553217 0.0761617241415842 0.13298589125705 0.121876788693468 0.137119838135335 0.0895080910052803 0.10030037304188 0.130406679662966 0.0715295297079546
0.00614003970824892 0.192390528682869 0.0747341265498167 0.0200326263434136 0.172907147753741 0.142827795112998 0.0803432367423468 0.00850165258304001 0.118689154597993 0.183433691925533
0.0513830592523688 0.179266297977421 0.0417345233263098 0.108899086024963 0.0497070956025282 0.17666901773354 0.133987466100749 0.108980610491838 0.145482338072875 0.00389050541740666
0.104125553447496 0.0207085211001508 0.165217564981723 0.104843465807185 0.107338744668159 0.147389504410708 0.0390565303011961 0.166429031854329 0.122322399211363 0.0225686842176903
0.180724691650856 0.0920274921253046 0.154705042732668 0.0378580957468133 0.015194320640218 0.173312022679384 0.0902386810849267 0.101507539172825 0.123612030009523 0.0308200841574824
0.201680977195498 0.00694438234473665 0.056105831798705 0.133017151344995 0.0424886852916202 0.21182549168314 0.0861008801609294 0.0220559944382233 0.125850725731693 0.113929880010459
0.0482270282900202 0.150882044014463 0.106989644806026 0.0805909482433133 0.163831779541346 0.0214656603643374 0.119031613004275 0.0592537507627594 0.140389253465552 0.109338277507908
0.00484010104629038 0.169189728579466 0.0698047760776933 0.173898017378021 0.0323491613075789 0.0592057339444014 0.0695544412735341 0.151429769779289 0.162408658644036 0.107319611969691
0.0684805695574521 0.151579440816721 0.0255353541591488 0.00279180561554668 0.191344428437391 0.0846287587009873 0.159163253031195 0.0166451647542304 0.1108513480137 0.188979876913628
0.128583374944921 0.138175081401033 0.116934865991958 0.0386292415723531 0.116886121860831 0.0507326032372307 0.0967057192762165 0.125992788054628 0.138085704472857 0.0492744991879712
0.240831032644435 0.00881204839189836 0.014038576898115 0.0484271492755578 0.192167877111777 0.0139628186502607 0.0996612099163452 0.0277541904918266 0.0955242653821794 0.258820831237604
0.0320580181661356 0.0185735925214284 0.228859490901764 0.153900598145569 0.143930698099931 0.0347004492946034 0.223004392319094 0.00749592165859488 0.124838553665484 0.0326382852273962
0.168135274163081 0.0918220701082421 0.137147526464443 0.105060265039682 0.0829564086024795 0.00814354080043041 0.115739643802386 0.0599966642184701 0.161308735789648 0.0696898710111376
0.187710192595516 0.122889464621038 0.138272106027523 0.108038855096728 0.0901734269464442 0.0225958069429847 0.0626442768928263 0.118305544013339 0.0360870614107918 0.113283265452808
0.107489768566336 0.00072241210351963 0.132348149837094 0.0632812221902524 0.0153469101113604 0.0316232971372236 0.176879953656973 0.0985231581571328 0.196426537326986 0.177358590913124
