0.123510510752927 0.134293558053681 0.0468131650732596 0.164635897954855 0.0315256026695602 0.0193429690474304 0.142200724377343 0.160298731404058 0.124531585458988 0.052847255207898
0.205979001938876 0.0970043201219087 0.022197042182237 0.0952484152911831 0.107803493408801 0.0678889133118409 0.155515820867083 0.0673488207862427 0.0204407447545555 0.160573427337272
0.0599250470932715 0.0839659996310443 0.189232973735735 0.188949685700759 0.198493026983628 0.00604080561823234 0.100306927831974 0.0126404855363787 0.0205864920199537 0.139858555849023
0.076799723090059 0.0511459325487058 0.0776469179366322 0.0203267102869277 0.127247196641351 0.190282601195375 0.00852386147093748 0.0984079946583425 0.191823322825556 0.157795739346114
0.0348595498961859 0.086126452160413 0.22586593225947 0.085201560291393 0.193382346326886 0.0618324822579599 0.0544355357257773 0.040153326743864 0.0391081037885226 0.179034710549528
0.15658771973051 0.0331168616989331 0.14286216186021 0.109479285945358 0.110787898723479 0.0315215819047789 0.0277648075698779 0.0189902577424321 0.241366390786537 0.127523034037883
0.0259498894954194 0.175467793584772 0.113252151761398 0.00555721496443739 0.0894087911014564 0.192375704628694 0.12495329741919 0.0389588923389048 0.170261591185966 0.0638146735197618
0.0442485483581872 0.0727264055181465 0.112130315870009 0.0591722296929822 0.19622778343879 0.0237837071639421 0.2280773515437 0.177033595980779 0.0343667211997169 0.0522333412337469
0.0845383567150003 0.0456568402096181 0.0778374880735788 0.176809341569669 0.0787976399542495 0.0287937268237937 0.18507303328151 0.10574487714385 0.110486886487533 0.106261809741197
0.0372213114780287 0.128474067426527 0.115507632140168 0.118821740778922 0.0725282455301844 0.0950230387216268 0.141078439611702 0.144542429691035 0.0117241548682898 0.135078939753517
0.0641854896405248 0.173885672908381 0.181251520002723 0.0820376471267351 0.174190053930412 0.192659110989448 0.0318966827936636 0.0531721226043707 0.004590033246306 0.0421316667574351
0.146488057900704 0.102447731573326 0.0842114937458828 0.115142116512359 0.0373486641004596 0.00244292622040838 0.175375566911264 0.114152172186513 0.0709957333063737 0.15139553754271
0.0500153879903322 0.0592222834336865 0.140928218911501 0.0866170864564232 0.0672362241825135 0.0743804128154199 0.101882249475059 0.13229235834403 0.139630164442845 0.14779561394819
0.0260066512196586 0.00729296050837812 0.10597463352939 0.220962598160852 0.139134903472681 0.140339551561752 0.121783134862801 0.00345969385619313 0.212514963935999 0.0225309088922969
0.140297104648842 0.0180410952775876 0.159441779367386 0.059607202804914 0.116858707529078 0.0231364298529129 0.156393165401465 0.0605362237559021 0.160885941644358 0.104802349717554
0.168011290012079 0.170521710594199 0.11450562818575 0.10152667175227 0.11361820041581 0.0664510922336311 0.0256081905975575 0.0515685092279089 0.145140701070899 0.0430480059098959
0.0407426570235975 0.185496871344982 0.127680973857107 0.0436627470009991 0.0912491706293492 0.0767038112942772 0.163079186361497 0.0774122133569192 0.161607830922976 0.032364538208296
0.106286613762568 0.1485576689609 0.00749286569717146 0.0964321452509584 0.142720952119477 0.0246219177022598 0.130889560736746 0.131890846854787 0.138055910401241 0.0730515185138917
0.154389858408565 0.0371010662055427 0.0909471227245247 0.157507839911024 0.0259011014788859 0.139939271019487 0.116366562461608 0.0725471494501713 0.0704451438599381 0.134854884480253
0.0692286610344406 0.0298840328437784 0.156861373514718 0.11351029664147 0.160654306171512 0.027674186853937 0.148445987170622 0.0668208611558757 0.0364833426378444 0.190436951975802
0.232503060486795 0.00129492737914867 0.00158719785203736 0.161027287682011 0.194892165605891 0.00128296546098854 0.241472514814803 0.0773501176001051 0.0536304523281303 0.0349593107900897
0.121620161672187 0.146802013470861 0.0914244207832907 0.140323775958748 0.0189030486994356 0.0342147013993308 0.114954918676243 0.12720347382948 0.135749620917018 0.0688038645934059
0.0579157518190225 0.142977151947986 0.110334148910267 0.121944625637737 0.128507018823581 0.13446405205662 0.0660132639061839 0.0311431401166746 0.117616004838218 0.0890848419437114
0.135131510116855 0.101706560672255 0.132486910405633 0.100037048898849 0.168263001348001 0.143691229290336 0.0769200001860299 0.0642091852951162 0.0121989032305028 0.0653556505564216
0.113394909398751 0.0097828195311614 0.0827894716705787 0.0819992819234847 0.124394172253696 0.130164587580075 0.0757430622928028 0.153546917181509 0.160967449529349 0.0672173286385921
0.135276489741106 0.205450966812926 0.0162321339052496 0.0655519611942098 0.116861349790606 0.0985686565051143 0.0675669347526272 0.10739086429932 0.0384210704318442 0.148679572566996
0.0821361032281782 0.205412161839963 0.00874094853297872 0.0773703678709797 0.109309324478627 0.0671793404590334 0.0886726148049937 0.194441357086254 0.120713099936619 0.0460246817623738
0.117213019593151 0.0519772357212627 0.0721119937538306 0.113786322108754 0.0808937989606379 0.178216157136354 0.114666636811221 0.0350183100896479 0.115379457106202 0.120737068718939
0.0617531349699954 0.160141465508729 0.151604275932012 0.0869798451360996 0.0681333989841325 0.00791058733323726 0.150349725954178 0.103920834186656 0.112531558130701 0.0966751738642588
0.0573517969496687 0.0584631917085806 0.0419486474630139 0.112730475812496 0.210564167889366 0.0407298720064015 0.0874354197860544 0.121730313147011 0.0577480659697279 0.21129804926768
0.143529735989446 0.162411737524747 0.200055976125201 0.117361250933513 0.00255679314425787 0.145473799347691 0.0715435100040978 0.12774069125082 0.00612162077185252 0.0232048849083735
0.0332954733507617 0.0314652657686709 0.184496128672576 0.000183404870632889 0.0707479064790866 0.0873338079204571 0.136329171606028 0.195827031666889 0.14847392898613 0.111847880678768
0.0041889057539967 0.17231094419871 0.0744609876779923 0.263111301748396 0.0036359401622874 0.0371328256017877 0.205323094000303 0.101117905452038 0.0250878460399386 0.11363024936455
0.00745196508180617 0.169353771467775 0.180412221713308 0.0307424260937288 0.0711823824269866 0.0706773371659382 0.0828570361626589 0.159276032852834 0.096523795746644 0.131523031288321
0.165147682988697 0.0673782241880289 0.0797768956399444 0.109148821963643 0.171156598243399 0.117419205820546 0.0206670620944637 0.0657292818066597 0.0589074562009799 0.144668771053638
0.0614967378413522 0.0384086886170417 0.209203801343283 0.254425670361118 0.0442345620005075 0.075795391155456 0.0537346759577751 0.179440095768949 0.0760907622040506 0.00716961475046742
0.11611099495629 0.165578565764233 0.0470018258631057 0.0868567942695018 0.195909736098971 0.0174316309883631 0.153641894479116 0.0895636276254058 0.106852682898392 0.0210522470566216
0.09891410469308 0.0359109457595455 0.0310996079282811 0.295996971063116 0.262137329735445 0.000258060559048373 0.162880708085308 0.0645836987525223 0.0289416614139751 0.0192769120096796
0.137014729168653 0.0378715278389708 0.181072281631723 0.160989415666031 0.113141886282845 0.0489896623043306 0.135241952626305 0.126948269143111 0.0208302552016213 0.0379000201364087
0.114638271218742 0.11592111702694 0.0402059548092311 0.167333567770667 0.101390180855832 0.147908313003949 0.0357288559673365 0.165219402484568 0.0971960973167432 0.0144582395459908
0.113735414923605 0.0641203617890698 0.143051580661714 0.0363052604439373 0.0499117511515727 0.109270689720811 0.135962969273541 0.118515426977497 0.131939188100671 0.0971873569575813
0.0125194451106398 0.125132906175759 0.175756606423081 0.112125305081283 0.0095956340897782 0.0581247153956905 0.123693496807789 0.173100572614922 0.12487155876527 0.0850797595357878
0.0374011924219013 0.122994255353267 0.197795003888309 0.113477336377743 0.136200351221053 0.0115302053784224 0.172303137508516 0.000289997474801213 0.102607400779587 0.105401119596402
0.105188474459761 0.119826514644642 0.142332709029046 0.0633966472869623 0.186287376419971 0.0130999015030654 0.00790304787113308 0.094576047910957 0.0963726601699949 0.171016620704468
0.104719758168181 0.00169296069268327 0.168062860907333 0.168513318417595 0.0934798951542142 0.035704870061768 0.0486303141972015 0.0275941232739934 0.0887459687346323 0.262855930392399
0.063503503055431 0.00793963938376946 0.047109054356094 0.150570673588721 0.147384360188862 0.0860955991108244 0.153640772022766 0.126417239035098 0.133662424473863 0.0836767347845712
0.0956190816895334 0.148151610122313 0.108525209711156 0.0435867802421119 0.132936652296344 0.0842503887522309 0.10665152803178 0.0816746727382945 0.074783786545986 0.12382028987025
0.143830954548899 0.133331159918825 0.0542309676606945 0.125195416775889 0.148634799553921 0.0322175020735613 0.0635222216174485 0.0747609798145851 0.156036594801396 0.0682394032347797
0.140803432440426 0.0230953219183509 0.045275069704711 0.165465339397487 0.0483274624375703 0.0881667315742164 0.088545112093316 0.175289132433735 0.150600047960018 0.0744323500401689
0.0587371870930252 0.0803937795510295 0.136056159398278 0.189524276385452 0.00765287385637533 0.0987897471214499 0.0483298614664239 0.0384936882342111 0.163005438520072 0.179016988373682
0.077580569481418 0.0203890550151582 0.19949018547903 0.104677293516927 0.132520439963139 0.0875980506781676 0.22641013644278 0.0386132146669569 0.0129940803473469 0.0997269744090751
0.128168275097826 0.149579654719099 0.0303426252493305 0.270501901315169 0.103865549948762 0.105550372446947 0.102669447750987 0.0193486227008799 0.077289866032383 0.0126836847386164
0.0460426653044382 0.0531433849958565 0.0886017430593179 0.0953157175291305 0.145939201476723 0.113711557029616 0.0616382607676527 0.170498915467875 0.167371917349221 0.0577366370201702
0.0675688576448578 0.0788440378102612 0.0567126989202441 0.133535089379503 0.160402057462247 0.147036754061339 0.0484109209441023 0.126504905202931 0.121757271229299 0.0592274073452156
0.186864701704548 0.00454788748802659 0.0396997549087471 0.00580799361653112 0.106030816017892 0.0745935298730202 0.195085761899339 0.203417259044391 0.10740183193096 0.0765504635165454
0.19281338797389 0.026844261469027 0.0269812181869812 0.166146646792888 0.0577797290640223 0.15639171106671 0.0166338740627065 0.198956146959767 0.0943394143577014 0.0631136100663069
0.186949933361682 0.0691142118573075 0.180437439014785 0.0971350569672015 0.0830743942173445 0.098791805232685 0.145286386105224 0.0401088068900411 0.0960364994812909 0.00306546687243877
0.131141240327618 0.0649404666412681 0.137630019537208 0.145579397473478 0.158097420778282 0.0387910857227005 0.144001929921987 0.0781707481376159 0.0904234893594377 0.0112242021004053
0.117603624446965 0.0369703812955027 0.0394675436062617 0.141397654999337 0.0188853702853694 0.120949293776211 0.12283153794326 0.143092596433891 0.129072759559804 0.129729237653398
0.0884936543735984 0.108588832724787 0.0789272128836314 0.0761844223115729 0.19717740193243 0.221184869168568 0.0140256598257084 0.0747721910274506 0.0591828036888694 0.0814629520633842
0.111283591941475 0.0912826640999268 0.0437943498066224 0.146290498312223 0.0873431729712301 0.151514790816486 0.140409100996179 0.04846396966176 0.0924693107777556 0.087148550616343
0.0778838648512735 0.047091904293141 0.0903576574872827 0.179061138057148 0.0186817897159246 0.156486298443695 0.0167432482537473 0.176020131973118 0.0522336808883868 0.185440286036282
0.0814497875658402 0.00877409781278039 0.157530026438286 0.131650142449111 0.00632711851000391 0.174765557905035 0.0220352752434712 0.105227968463332 0.137138463140031 0.175101562472111
0.204273623202015 0.0166754712257468 0.118322193663385 0.224495616381712 0.149110523711122 0.0907732922741882 0.107047508880005 0.0054941518002919 0.0151285024642482 0.0686791163972861
0.14150213213597 0.156855762834766 0.0190533449725107 0.155883515520657 0.0903691723414572 0.0121860428197602 0.17090668837555 0.161782499063918 0.037079240748814 0.0543816011865965
0.051971493031569 0.121253551466534 0.0511640143677405 0.0316378150723971 0.0897812266746661 0.0639154398272674 0.195781050552826 0.174647666757884 0.0586857360907109 0.161162006158405
0.16298042171991 0.085297981073676 0.098430605095624 0.127101465521201 0.0168557495973563 0.122362894895215 0.153831579314639 0.0612661009088952 0.0391176945462066 0.132755507327277
0.159425521334498 0.0141743777172655 0.139466529655935 0.154158074869533 0.00102528747833109 0.0463110523795358 0.0673794811380131 0.113638033150288 0.137218752693428 0.167202889583173
0.102949399076852 0.107976820161509 0.100929817523194 0.0376593326581635 0.0314691928931705 0.167121620314021 0.167646126315146 0.129695290654238 0.152215054155906 0.0023373462478
0.147781185119158 0.131668545898605 0.0470358660834201 0.0735873685605274 0.200735036244628 0.0076121504654616 0.117868685308289 0.127414678869256 0.126036191158009 0.0202602922926459
0.178246734471548 0.0628566993895185 0.178272357166682 0.119741037446054 0.0604543381130218 0.00703155048726334 0.215685373115923 0.0761970378226468 0.0497765421375708 0.0517383298497717
0.239884257866967 0.0594872789846338 0.0155604159225055 0.130653726099761 0.161631258003593 0.0747888400271947 0.161315953834397 0.0343516051368094 0.0689122146010155 0.053414449523123
0.170573323328055 0.0404645043064367 0.00780168442514947 0.152275518128849 0.0859542913339043 0.076189867272993 0.172454352355131 0.16556285839712 0.0405658360495547 0.0881577644028079
0.0920797698734124 0.214192112625035 0.0209401971803033 0.0892832727632574 0.168454024872588 0.0498651755960193 0.171526131945689 0.00729969907689958 0.139524279062283 0.0468353370045131
0.0256602604185287 0.0462169350605858 0.089186015102784 0.159780560088549 0.197767476873533 0.168668567641103 0.0344683339416282 0.0620107556858483 0.172456863733597 0.0437842314538419
0.13823862943623 0.0965051765148044 0.111276798684779 0.0668635877500905 0.110297911955035 0.126857330308681 0.125069324206038 0.0741135565759767 0.14335178378203 0.00742590078633588
0.0754818097635094 0.144496730827846 0.106599508686755 0.123478289995856 0.0786254640810502 0.128525625986801 0.12591565216588 0.00597867839236906 0.128941192608715 0.0819570474912185
0.128264526253718 0.0123299957627772 0.144723640834542 0.0988313383465328 0.0511739916187359 0.0150244445422449 0.0417694805001943 0.0312696962335966 0.231694620563517 0.244918265344142
0.0813791730538452 0.0406535845843431 0.195053036534286 0.192074685548314 0.0330726082968547 0.0935251350189109 0.092436686520008 0.111895689449631 0.0523156424028797 0.107593758590928
0.0906220714799558 0.134142246106731 0.00138503346176119 0.213226198031149 0.153551762533148 0.177619824779949 0.0383709586283723 0.042176718512448 0.0908312276703481 0.058073958796139
0.146838868624479 0.0230485247174681 0.104811038300641 0.145801701616937 0.0940419335202729 0.168637066147256 0.120157987439412 0.0199180013133567 0.0289069020185815 0.147837976301594
0.120711275291505 0.0980486264176696 0.0975618458937906 0.107703315059811 0.0470443877372252 0.153429393051072 0.107751883130235 0.0608166531719095 0.0997215981004864 0.107211022146295
0.0556676775421362 0.035996971236796 0.177460105715191 0.174888521092227 0.171399840864026 0.212976603051803 0.0416499227232429 0.0510546348917688 0.0467836321756891 0.0321220907071196
0.231362684974229 0.0537687750291815 0.112366651846423 0.100878051849779 0.00395681516876243 0.0685131488525127 0.154009144636089 0.107165934653377 0.149178291826321 0.0188005011633253
0.145429720176022 0.0783496236299814 0.00418446075664204 0.0941906944173293 0.273017191154891 0.000414030901976228 0.0139942136594584 0.282992513657996 0.0442819671217395 0.0631455845239638
0.138974479026838 0.0899934409624482 0.125139821718473 0.0414663485445726 0.0476889942958046 0.0917242275115515 0.16993067894026 0.110171763272389 0.156718856930633 0.0281913887970296
0.165786665112178 0.265202380793196 0.0500344245473591 0.149187478573789 0.0620259203640196 0.0669856866493429 0.0746348633922354 0.104566350921565 0.0575845997155237 0.00399162993079033
0.0414445732077008 0.0841885201401039 0.175529258238051 0.0713713390413163 0.0938410710620671 0.129736437534006 0.0093592073420963 0.14926180105589 0.0709905507906462 0.174277241588122
0.0334166526374357 0.119602904047329 0.120580360444033 0.013322868715217 0.0456980577071039 0.0805341456597262 0.0389422546919069 0.165384322745827 0.203115995044721 0.179402438306701
0.139795027308539 0.0609197565493738 0.0260476313727155 0.0343581471615874 0.101882644097957 0.168361297393598 0.0948824752289041 0.111260320490813 0.0884657440811664 0.174026956315345
0.0197896119997921 0.0412877920685757 0.129040597430084 0.0418303691283586 0.0950273776979929 0.151481554505898 0.177781772377123 0.00202309874049964 0.160603236881342 0.181134589170333
0.117666639578315 0.0624633419167678 0.212336048171457 0.0914131019409412 0.217071566520978 0.131000815414579 0.00118835372592778 0.0164662528377353 0.117470002759224 0.0329238771340743
0.0320212091932631 0.00493852352820528 0.104338967638837 0.141830403569254 0.1304281676954 0.126857644081323 0.106969410626257 0.0946950009954978 0.145487655210834 0.112433017461128
0.128567192259083 0.00177961322752998 0.160779587258126 0.136836936161214 0.142908648591296 0.0271117910118452 0.109076892268354 0.101959830167483 0.156795220613942 0.0341842884411264
0.0861832020839325 0.147925138790299 0.0513293759517436 0.065688525496149 0.168419134122514 0.142145050639465 0.0727916271844452 0.127871017777917 0.110891518173832 0.0267554097797029
0.100794221963987 0.00271121443572389 0.156034449812783 0.12622778652637 0.0765404388069948 0.0652640099831217 0.149258478185667 0.0894635997374357 0.119878041420344 0.113827759127573
0.0536244177950465 0.0448787210575472 0.00221041922071672 0.203113553304798 0.178534765539072 0.00995075100864918 0.13816045593986 0.0777602282404265 0.0719764725377291 0.219790215356155
0.123729017095225 0.00911464125472219 0.0655460934118367 0.137488902452427 0.13753221736421 0.114396871676114 0.0386495786311395 0.160426379454315 0.140950856673886 0.0721654419861239
0.0953512350675326 0.080549512458155 0.152057191965955 0.0937626621842515 0.154387856002588 0.0403222940145979 0.116590336664615 0.0265968947878027 0.122656485353754 0.117725531500748
0.0949270591866532 0.11099307980843 0.0451557611319237 0.0692724227137104 0.17688214592229 0.107984966319617 0.131031885855159 0.00940288080529917 0.178845214105155 0.0755045841517634
0.10818500460063 0.0884691208283299 0.117159342478864 0.100547655578289 0.114101055905703 0.114734821317719 0.162325281042459 0.101981972533742 0.0274942626582041 0.0650014830560598
0.0607432704578351 0.0792454932644693 0.122092831970823 0.125581500902892 0.0676707723878446 0.0921604676635869 0.0949403550334128 0.137665493925516 0.121564229332299 0.0983355850613213
0.164490115347058 0.140917429266573 0.032121934871385 0.0986074241492498 0.0241872208562485 0.103709553703333 0.00402512174837855 0.0709770921299793 0.275870964730532 0.0850931431972628
0.00296590491820286 0.199725048551465 0.17016546021981 0.0536902951720686 0.0711540048896646 0.173571125004038 0.0373479851162024 0.126306980109871 0.0200467632552244 0.145026432763453
0.00900139704726478 0.135440643137154 0.151738660168373 0.078540789113917 0.135985266949961 0.114959617633091 0.0731107666812809 0.0710530673683812 0.132313657673512 0.0978561342270654
0.0351079667603892 0.0379033491261258 0.105066598889491 0.1861712440612 0.175779228614009 0.0231465314787097 0.15719474441921 0.135932695748346 0.0664083557267081 0.0772892851758118
0.076094705345171 0.0810499963604655 0.0763559192785165 0.097314772419215 0.072144648969684 0.0698276520032982 0.116532524413219 0.150843894922321 0.125825107607188 0.134010778680922
0.136910534202979 0.138404986153607 0.112533130285369 0.171131205850382 0.0199935448545143 0.0393302906730456 0.0119995329820491 0.14764725733371 0.0854753408360423 0.136574176828301
0.0642278250562307 0.121598398630949 0.114779935443389 0.0395042713491668 0.152274172590078 0.0145689689651246 0.0880005315406737 0.171805043520574 0.0590726791600279 0.174168173743786
0.108226678791661 0.0951879295072861 0.0331422132288768 0.0743711303153315 0.0130374636697076 0.194458066242313 0.0547628242392648 0.116383130586198 0.23010804738036 0.080322516039002
0.181693950852356 0.0368968202893995 0.00949693083415592 0.282433271860589 0.0942232798617263 0.113518255264623 0.0218411409399109 0.0304563540462759 0.202304381435635 0.027135614615328
0.142208184006094 0.0228520343349717 0.0851826422966295 0.0647205262322769 0.0198595027592811 0.0700412735552541 0.182675440093017 0.132476311336279 0.102357153148255 0.177626932237943
0.163768048857147 0.10502509496508 0.0484910041013978 0.0709610250419239 0.0675142681382894 0.0461350591647902 0.0976634346693958 0.14983131789145 0.162991206123894 0.0876195410466322
0.17133973283077 0.118251125244491 0.0406777398592225 0.11429958615658 0.140300431083846 0.00658753101633345 0.0107218471667768 0.167878318839887 0.0960887694194517 0.133854918382641
0.0380746064025795 0.0581693799363224 0.0615876372979231 0.0790226388210413 0.0880580566377765 0.0829087880769822 0.208495786551281 0.174138042156961 0.0297632701166962 0.179781794002437
0.164564785139714 0.124729764581353 0.182928536784246 0.000760689832701385 0.148752399372368 0.0352586778245877 0.125880008398448 0.0388866612242495 0.0264417713053802 0.151796705536953
0.0826754580512368 0.0951048402955829 0.106724298690509 0.0343405967805913 0.157812607317043 0.134887815003737 0.0478076731515727 0.167756578214084 0.0906126919216326 0.082277440574011
0.00639109231010896 0.0289079379886797 0.284184301203288 0.121958790684637 0.0973122036768289 0.239739493072842 0.0107178039903902 0.0859638102071529 0.0954375602065837 0.0293870066594883
0.0680483242987249 0.119652985808166 0.0807272903405072 0.139409351163056 0.139384315004002 0.15815831484359 0.0686486129424943 0.158787624646613 0.00200427403580226 0.0651789069170438
0.154029430904644 0.0994446461166321 0.0998505408281873 0.111407130887864 0.00959541745224056 0.0255343942225022 0.0712959399014237 0.142338390108736 0.177542626175103 0.108961483402668
0.116037207884034 0.104160452263775 0.159763143145576 0.0451845918493704 0.106408722082433 0.129928347958108 0.134755408417766 0.125251582929799 0.0103970810685147 0.0681134624006241
0.137115368956998 0.122799321491598 0.135495468470217 0.0507259539100949 0.0764458258773727 0.151856790570538 0.0788297453032878 0.133155416498824 0.0325459627980447 0.0810301461230252
0.17805778431466 0.10913918856017 0.106690817021286 0.0294083193736265 0.238697169718252 0.0756341185135745 0.00952225186774963 0.0950275485790158 0.0882979928801633 0.0695248091715024
0.229423820126648 0.0680295905961235 0.0547724565028913 0.0780144603752164 0.0312681720911235 0.22334745763635 0.0950637669509547 0.137592570440593 0.0472333647959943 0.0352543404841052
0.134611687248967 0.0531805258766489 0.0370363781720264 0.0554079191809329 0.0274414365001938 0.197063144508599 0.0776784850052252 0.162164632010282 0.150554351895271 0.104861439601855
0.111623673221667 0.0545149724441509 0.057626556716169 0.0822103560506677 0.0260204239237861 0.145235734703888 0.0828913280507679 0.196584952102045 0.0980175545992774 0.145274448187582
0.12651162012343 0.0725531516570129 0.15486800093207 0.176828583572043 0.0409931957581788 0.198528835452483 0.0409205066725866 0.0542361943023432 0.0983389603308933 0.0362209511989599
0.0085242579999112 0.000781096263516228 0.160081018088879 0.076704790374303 0.205879062726736 0.215982806191693 0.0669609980099514 0.0662472539784754 0.170542907763154 0.0282958086033803
0.113839929501309 0.100905068238237 0.135176202369479 0.0620286526734518 0.0563860757172909 0.0302495304824337 0.138146636607901 0.148769695309731 0.133936095415063 0.0805621136851034
0.21212606174851 0.105026636808803 0.00603623514775734 0.0158402459611717 0.20414181599225 0.1133581750265 0.0386681556564529 0.0626841815394016 0.0448993090026335 0.19721918311652
0.0641355492101355 0.0393478007898506 0.184308317633648 0.0243695221126306 0.046725244079933 0.129116150635257 0.168389508993722 0.120869229334204 0.134871227174589 0.0878674500360294
0.0396389151816076 0.0704964690420023 0.162548793346853 0.100529261237804 0.0501174679115578 0.0215416262723836 0.170970599655173 0.202303056099899 0.0395780359838357 0.142275775268884
0.0878147112401541 0.0497129436057572 0.090897481806315 0.211394313007719 0.0395121066023896 0.0968388599345129 0.189236791758354 0.00222362804957836 0.0179741210311873 0.214395042964032
0.0594322724647471 0.0547067502162039 0.0794650001904873 0.154338410708316 0.188155423979455 0.0494094846941669 0.107529140762932 0.105967144505968 0.0165004322379895 0.184495940239733
0.0798920189921465 0.0297091796685876 0.189729066530301 0.0538019361757891 0.151252248184239 0.189418142592545 0.1704904899297 0.0463907838199539 0.00425206747044978 0.0850640666362893
0.120538026597412 0.0955617204077603 0.0112642987400868 0.107875416497588 0.0489856797331093 0.100828289742716 0.145566853369195 0.131309471663022 0.12730783882844 0.11076240442067
0.200221687847384 0.192327135822258 0.0836346606185686 0.0682717863861724 0.0406718535042819 0.187553285904189 0.184372917543033 0.00196793770244406 0.000347133635632327 0.0406316010360377
0.00573364149586685 0.0596909354118907 0.0310397979358839 0.0299564075096135 0.217693009902987 0.162337680125646 0.0878918502965503 0.138264497213976 0.132022010221024 0.135370169886563
0.0399683642889273 0.090008824551575 0.128737103646016 0.149078089280302 0.0827368810258347 0.15445692571625 0.118541361682944 0.0582407295949486 0.0769055636916045 0.101326156521597
0.0429778172421226 0.0167545643015253 0.078180599653213 0.0798119825659074 0.0606520627493933 0.173198453655802 0.101295862320522 0.124159615450876 0.189039283754563 0.133929758306076
0.0464018591229427 0.021234348272064 0.19079496369209 0.257947390680101 0.172723746711455 0.042263083062921 0.100543018534345 0.0426809577188276 0.122129852918687 0.0032807792865664
0.210280915847762 0.0273816728936027 0.0842545448630374 0.135658594710425 0.0677797162302637 0.156678976432121 0.0820864050515153 0.0315612742293037 0.0277537963778511 0.176564103364118
0.0121024533354605 0.170966275172352 0.0262106821400162 0.0731374502913596 0.160011152741465 0.132997954740737 0.0138804373946829 0.192242909773902 0.0226087220807197 0.195841962329305
0.0427006704775954 0.0208480003374178 0.111881414215354 0.177019752819089 0.0139774325280492 0.191529845560463 0.18354001841964 0.06176400200952 0.0452452097403558 0.151493653892516
0.130051708499326 0.104967277090977 0.0875311423355863 0.0394048182353213 0.180692435981756 0.0185270978876593 0.143063200581319 0.174457219504839 0.0381710047975232 0.0831340950856932
0.0804073885993159 0.0754875249140423 0.130459033360411 0.0258825311300927 0.143145408727917 0.157153237540906 0.0996996159557163 0.123556865428102 0.0649851156543845 0.0992232786891119
0.169632509526767 0.0449247927367213 0.124210123045621 0.311430772327948 0.0395871163302178 0.143812976116319 0.0160785397025026 0.0806071366310833 0.0455135398443723 0.0242024937384479
0.00863018776684777 0.141946589927977 0.126011251064688 0.00734135250896702 0.20796052234182 0.066789550145799 0.166458776748697 0.0036427112344409 0.145531423307666 0.125687634953099
0.0982418424157557 0.0660859651392876 0.0734653729838115 0.136825150559906 0.0607971476575117 0.111458645919024 0.110162544593493 0.0914106852495051 0.199074157270995 0.0524784882107103
0.0428046926619301 0.120150629621968 0.135115407622761 0.0570702809752102 0.0890604635392999 0.105960810084496 0.0120871234817885 0.177867664438753 0.147956939516731 0.111925988057062
0.0574695090699957 0.0901908870368709 0.0953317389674988 0.150720694345307 0.141536948767733 0.0995509944252061 0.0729837804855694 0.114536989690993 0.0237811542533784 0.153897302957448
0.0265579290281472 0.0440017833581186 0.0550201379972514 0.214896458909391 0.145719918572766 0.100484100665846 0.172711187272433 0.218292464362423 0.0050441375847021 0.0172718822489209
0.0852887512716411 0.0379125144753941 0.134935344306621 0.140486942401489 0.154688983259944 0.115283421252174 0.0368430973973968 0.117929323643992 0.100646361474799 0.0759852605165476
0.066938603647114 0.114921430754884 0.118310481272605 0.120570274901723 0.14770969526349 0.114713208349295 0.0895273728914444 0.125963028110927 0.0429466683534396 0.0583992364550785
0.116549325045446 0.0262732438597552 0.1619631433923 0.0127988800332525 0.193013409906964 0.0220303532262299 0.0530284975274347 0.214715563027428 0.178589289790653 0.0210382941905374
0.0491210854086511 0.129098209712589 0.110124274176121 0.0578946505455146 0.0936683997151727 0.152521392989882 0.0390188529598009 0.175780094408543 0.0873900383867129 0.105383001697014
0.189948980122264 0.0876982383637913 0.195073576968435 0.182010879292468 0.120215742616046 0.0410418236131582 0.000263380574304616 0.132984478780142 0.0313669380499797 0.0193959616194128
0.186467954966158 0.0873296041124549 0.17994287672377 0.0806112343577058 0.0125668424253498 0.0859752772986592 0.0968185343086464 0.0710727099395716 0.0117278455567823 0.187487120310902
0.0102325427880425 0.0839191535105099 0.0440932347424728 0.11538239561888 0.127996116665898 0.170046420266032 0.127427057540652 0.138633148923644 0.165540141040685 0.0167297889031836
0.0213351260434188 0.181387651007822 0.112612830011668 0.0574552300998668 0.0706987701870554 0.164565227823373 0.0479666857449378 0.201393100138409 0.126346567655417 0.0162388112880315
0.10582175771185 0.0695862492851723 0.165023149390503 0.128696817694382 0.113946092329788 0.0454947150753992 0.0959299776745434 0.079343027662413 0.0337006017289325 0.162457611447016
0.103077784607516 0.113175940828908 0.0999348936969641 0.152482065518152 0.148743811125225 0.0616973731812415 0.110348218177647 0.0231696500322594 0.111328575326823 0.0760416875052649
0.0253899147755372 0.0258255175451738 0.0960796136421828 0.141156691548569 0.0584439910812402 0.0828279673836016 0.0542874378224308 0.266993669307297 0.204387538704791 0.0446076581891771
0.00782968402532273 0.0530709341921528 0.0992802278570415 0.158355045342083 0.0443265728555074 0.0835985886457761 0.196573711909009 0.0455643461882013 0.0945803072136718 0.216820581771235
0.102876042224739 0.0907365716715 0.0511886179004463 0.117772168663475 0.263125414046191 0.12699785746943 0.0609567285215004 0.0880986008632165 0.0558794161669362 0.0423685824725668
0.224162014286065 0.0119535087650822 0.0825061476579549 0.12779610834783 0.0258398614655109 0.043389751233485 0.204276201221076 0.122144393002162 0.0878107754228909 0.0701212385979423
0.152999367023503 0.0811410383783551 0.108795714627193 0.045265429253346 0.0425321161101872 0.122382394911854 0.155878626652566 0.100562458518046 0.145455099749417 0.0449877547755329
0.0923897317231839 0.0927684798397592 0.0195620811689437 0.217097271645566 0.231990874337757 0.13007075897208 0.0100938312669691 0.0448170213575421 0.127230110060739 0.0339798396274598
0.0649977852517466 0.229665956315323 0.0493535407309645 0.133762722424957 0.0114779919355406 0.0502932289582074 0.116471635799362 0.0897292438413737 0.0512082791648867 0.203039615577638
0.213954178461249 0.0767739645374543 0.00429754762070128 0.259618507999018 0.0414095965154 0.0500846344156727 0.0419398359790411 0.0189605624143092 0.135644988465923 0.157316183591231
0.0655990796293361 0.0447371552370872 0.128792668508848 0.0409874529066361 0.12693418317974 0.16626932857797 0.153852153622328 0.0954083616343977 0.148031105501547 0.0293885112021096
0.164863963937383 0.108662689371137 0.0027241234959448 0.119693565150891 0.0325373660742562 0.150622313618483 0.0827789597972889 0.07512318853733 0.144320180326962 0.118673649690323
0.0811464554866555 0.110348720781146 0.0991248708188756 0.0214677467154039 0.158749273283811 0.129004308137165 0.130465612207026 0.149583734880858 0.0922266982838011 0.0278825794052584
0.0728376469371884 0.0934422862384629 0.0987839702942919 0.149513431697875 0.0209106599630235 0.230080963769579 0.183086074343212 0.024969019739132 0.0930519516255278 0.0333239953917085
0.123317291075921 0.12655116394019 0.124659489991537 0.0220001951260965 0.140987861969606 0.0689181515432904 0.140075063792504 0.0358463113379595 0.139909211838633 0.0777352593842638
0.0172923588970092 0.138914746137107 0.105229381530068 0.12039584344128 0.0501600062581253 0.140943275610167 0.063788701726137 0.11383969343354 0.182748808436947 0.066687184529619
0.0442785830270771 0.0248589791770145 0.0363446075896201 0.278620793019958 0.230778710601451 0.0478633200393631 0.219920526867088 0.00229040076815392 0.0381241006239255 0.0769199782863495
0.0550740551645975 0.135374697140712 0.126977117462043 0.0550178021258499 0.00347981787813277 0.190596633333741 0.111000061744773 0.0990935372486462 0.156851564187772 0.0665347137137327
0.128868441205683 0.11064802144073 0.117772035190674 0.141788218755171 0.00960001177979711 0.0528630428834458 0.122623070186905 0.129677695809007 0.0735444364460723 0.112615026302515
0.15125870527523 0.0428022676266207 0.155215769474058 0.160606808697203 0.0860121648647406 0.0776805776344322 0.121825698644464 0.0504637286205446 0.0506619486719521 0.103472330490755
0.130182075785589 0.0913781274868402 0.102310875641637 0.108030329474825 0.0146303059948145 0.0922848946082276 0.126842028827391 0.135429512557276 0.103903264896168 0.0950085847272318
0.0104743537823685 0.121807517809699 0.0473853964568702 0.0800688024164714 0.0460988415362018 0.142312496478874 0.0786190767504352 0.141601326836407 0.199979583475519 0.131652604457154
0.00497088935944417 0.0289036636119991 0.0684309195974559 0.0106889773275018 0.213524596546978 0.0236286908859082 0.132476290805201 0.241041966256605 0.148948064090362 0.127385941518545
0.142427005169327 0.13360702060849 0.0831856230519518 0.0814584543895415 0.00946968199105424 0.115115586073782 0.163676012124047 0.104327533168855 0.0277726674297085 0.138960415993243
0.189198937582517 0.168203469086375 0.0200867899468354 0.172385764540147 0.00956030796669642 0.118000422706445 0.0269941580044846 0.0843195188503587 0.146788580184265 0.0644620511318762
0.145461125390334 0.0610602983184657 0.0411340324660114 0.0822256283098821 0.00639509178381308 0.105821011865033 0.164706631312832 0.055747199988036 0.197816185365416 0.139632795200177
0.102485923110154 0.0216790031591103 0.102081856125842 0.150248229257273 0.0285599247158873 0.0680470516014767 0.142525772117025 0.216248890929201 0.0465225153419203 0.121600833642111
0.133382426227836 0.170960269186479 0.108379926240875 0.158123458185317 0.00539614517560575 0.0695082621055685 0.0450255389246799 0.0126779808610003 0.219386241096738 0.0771597519959007
0.00764392133150928 0.130420121849277 0.0831708695989277 0.00812429934075382 0.151417975517674 0.0780760584694428 0.210910806085803 0.0645719230257838 0.0645273966541262 0.201136628126702
0.150354418311338 0.0320155144383522 0.132321395096 0.0972589216071668 0.0577207982053585 0.160384637030364 0.13479083734292 0.117507669716951 0.0698038306211275 0.0478419776304221
0.104043731746735 0.13961295613836 0.0443225449227823 0.0821716917897314 0.0531930644661748 0.0899162412839511 0.152321788005169 0.061778927521471 0.1712343409584 0.101404713167226
0.114472429748878 0.0465269750912875 0.138616908467245 0.0618132841218055 0.137274613839437 0.0541689071697021 0.0760302679525857 0.116305837425656 0.0755427670978982 0.179248009085504
0.0285480118087137 0.010194838230188 0.0976099022794738 0.115391498119633 0.124938575936525 0.00771151907837965 0.0810691822867455 0.19010300739428 0.173134371789939 0.171299093076122
0.177051437135602 0.0162163286457142 0.0214629393401599 0.166256176206338 0.063401261698636 0.109594512625626 0.148029264826797 0.142975095693837 0.0454947727994283 0.109518211027862
0.0918892128740028 0.231665679969429 4.81143475267556e-05 0.0138304268441754 0.0566211073014517 0.136636347673556 0.243713919600131 0.156093921362076 0.027713241445745 0.0417880285819058
0.00611327842073607 0.162410259105576 0.142616745698513 0.126890989302319 0.131381097716649 0.07807053161637 0.0218817540388976 0.0863703738683621 0.131530169037151 0.112734801195427
0.213906764012829 0.0192567485803774 0.112993523383336 0.144565391268618 0.1063163378168 0.0499331553813483 0.175567499824775 0.0308793212150814 0.111363363144892 0.0352178953719434
0.0547812219568752 0.0290281632367388 0.169818118726253 0.208860786625318 0.0385604863066632 0.0630662129075952 0.0202704198131666 0.116143413318462 0.192183138945424 0.107288038163504
0.10380174206468 0.101059799103113 0.096723155028986 0.0698930019051827 0.0300273065451097 0.100622430798648 0.18913936324997 0.0269408819798214 0.149993778820924 0.131798540503565
0.0631819980049839 0.0511681521452891 0.218995006729719 0.0567819853280782 0.0683852193827249 0.177965707463999 0.145629025741422 0.0639848097658533 0.0265823840456414 0.127325711392289
0.158492833851413 0.263554412716275 0.0412199373109932 0.0785483934060148 0.158367736584993 0.0519504371838262 0.0976819820955151 0.0379992223094247 0.0897640439902823 0.0224210005512627
0.0117764033467003 0.135654127756016 0.200620016966149 0.0179429890346949 0.176796976662857 0.0449083098081085 0.102783288257104 0.115598207717533 0.0756865255583474 0.11823315489249
0.172209926150268 0.0728930808550511 0.06044575217653 0.137679214745309 0.0659754585008872 0.119724345523595 0.150537234313556 0.0546752556620292 0.0239150305592042 0.14194470151357
0.098518287667956 0.0544928670879037 0.0636687383164678 0.0613579622801091 0.159660836824886 0.136720736668358 0.0565406013106834 0.146523388150481 0.107141114420481 0.115375467272674
0.0309481210582881 0.127074008110172 0.0232062122202905 0.0678616463177685 0.0925235490322692 0.0320802800535728 0.188933233658145 0.109674879431387 0.184779232240651 0.142918837877456
0.0689713697505089 0.121054092041526 0.158236527108078 0.197575411381623 0.109282821243571 0.0518469823809787 0.0490601329506589 0.179493656893366 0.0168044935892366 0.0476745126604533
0.217426268331737 0.175657313635575 0.152784439293436 0.120557713811588 0.0202333417950471 0.0100197547136154 0.101307358916782 0.0243531311742856 0.0296887377886605 0.147971940539273
0.113523893627248 0.0219801333565755 0.134149686141504 0.148954744984668 0.124880344349986 0.118907670511041 0.187576819138297 0.0262093227304249 0.112401928992111 0.0114154561681455
0.142737522687056 0.15726478434937 0.164941212783984 0.110624029056848 0.0667915146610946 0.00563267542872754 0.0977658046163644 0.193956560787338 0.0267573687601571 0.0335285268690588
0.0819456758715779 0.104550899855358 0.128771188409754 0.0755733694491713 0.0987252033785447 0.146699386100057 0.0854591392697202 0.0874424844629372 0.147637299915947 0.0431953532869337
0.136167652383049 0.0976562149222415 0.152287482353534 0.100912180580664 0.0229550591144207 0.121453496719271 0.20278147849845 0.0529453062673825 0.0612012339561463 0.0516398952048399
0.0741954193695322 0.146927368078579 0.0452161837925874 0.128100827587345 0.0380521492929664 0.0690350621617809 0.102664011304044 0.172390262926001 0.041294091492826 0.182124623994338
0.0660716556374856 0.00290943587113012 0.126691833545774 0.134628961913147 0.147194918576397 0.148747878446086 0.0668957850309779 0.12237066690926 0.0296792134352451 0.154809650634496
0.0225977993951497 0.142753919532492 0.0529315164334429 0.156568092663009 0.129097839318806 0.0894415444339158 0.0612786151507935 0.161546343523457 0.00155870065433943 0.182225628894594
0.114061724613427 0.10704265334892 0.134863915209337 0.0915807193616868 0.113660487858319 0.0456613671729157 0.0413206382285169 0.153927609852259 0.117104800434779 0.0807760839198395
0.131292916305247 0.0575542688900494 0.0795330453715381 0.136347618286146 0.173984950591879 0.0145815182049348 0.194254584506379 0.0603402150486004 0.110520235954283 0.0415906468409427
