0.0811217514288075 0.152625592015121 0.14804970916711 0.618202947388961
0.131959057296411 0.392414170743006 0.0563975177633886 0.419229254197194
0.084945704714544 0.25074250626695 0.540380998816027 0.123930790202479
0.165560490156094 0.253402730420551 0.314191293641094 0.26684548578226
0.328729789166566 0.261333691750262 0.263952775913319 0.145983743169854
0.136399550933086 0.602599308076463 0.196108308866868 0.0648928321235834
0.128030642921352 0.376974695381199 0.273237788147963 0.221756873549485
0.256789313211169 0.0703468261760524 0.231504361090946 0.441359499521832
0.167212099342248 0.34481640384095 0.361744818660626 0.126226678156176
0.314028616719353 0.0324516171701097 0.586059608639383 0.0674601574711537
0.134230222724905 0.267937915867034 0.0781465900016335 0.519685271406428
0.242745264465307 0.0410070524628702 0.452781214550616 0.263466468521207
0.0432539613522307 0.318344411783789 0.546906520459428 0.0914951064045525
0.183991133706323 0.469700706179118 0.232108569602687 0.114199590511872
0.505080469976701 0.0194397466981398 0.448777119604407 0.0267026637207529
0.263419930152117 0.246992535082094 0.329592929824474 0.159994604941315
0.285027940753396 0.219158111156921 0.312771104261106 0.183042843828576
0.301763104072125 0.476289650407542 0.157011674764555 0.0649355707557778
0.175521564004026 0.366277288563421 0.167477517514085 0.290723629918469
0.305372530266917 0.228904880099049 0.323554000519254 0.142168589114779
0.225948725999067 0.605847170847975 0.147189811791903 0.0210142913610556
0.0767912077361984 0.2356256410674 0.200197793042778 0.487385358153624
0.527537697142842 0.28221796879917 0.0332181910811533 0.157026142976834
0.247559791521019 0.274385911304513 0.234622798373458 0.243431498801009
0.0621582010255065 0.139684643518442 0.365663253371181 0.432493902084871
0.353837142384688 0.528761346113757 0.0911143672590331 0.0262871442425225
0.159742101276676 0.39574720061836 0.332411557525927 0.112099140579037
0.092160591938615 0.107724659576698 0.466343354439415 0.333771394045273
0.142313503970179 0.314790723469268 0.20800276917861 0.334893003381943
0.3945123058549 0.0227943299384399 0.357910104988824 0.224783259217837
0.234543745050372 0.287606296722638 0.444797875928134 0.0330520822988557
0.328558879290409 0.12266822910663 0.190175157386177 0.358597734216785
0.341904769876432 0.261097436885537 0.216748048593814 0.180249744644217
0.280730066986199 0.608545928041808 0.0479419764298532 0.0627820285421391
0.588862811072823 0.22631028390239 0.0202904255601971 0.164536479464589
0.146808389130243 0.306725692531517 0.304384616037773 0.242081302300466
0.421114311191091 0.151506282053962 0.0488642808398218 0.378515125915125
0.00984166776784586 0.400723873274704 0.438270710215645 0.151163748741805
0.32262222311593 0.165461590039954 0.132311575262826 0.37960461158129
0.0906388757960812 0.257125889753386 0.450007803248885 0.202227431201648
0.454378484635179 0.0725339417961228 0.41491996475345 0.0581676088152478
0.104063346089065 0.0982655318053884 0.436715407894598 0.360955714210949
0.187559751978977 0.192808254521591 0.372308677813669 0.247323315685762
0.24745693780784 0.446048815382827 0.032406331303062 0.274087915506271
0.507874560183329 0.376451543648704 0.0193983841491551 0.0962755120188121
0.388435360422598 0.0837275642623594 0.298205893100701 0.229631182214341
0.215054071022279 0.406160025255673 0.361385614006515 0.0174002897155319
0.268281398043296 0.300037487393878 0.184595174427608 0.247085940135218
0.331578214366282 0.387438307788555 0.0507541517086951 0.230229326136468
0.256751842004059 0.448959406464274 0.289045766681249 0.00524298485041685
0.438882643039033 0.0393223980276771 0.141878679837503 0.379916279095787
0.350330157394056 0.172609241425223 0.116696266581902 0.360364334598819
0.312868692798797 0.349163761572485 0.0284229600822703 0.309544585546448
0.315025100857988 0.298205779891136 0.261065831548736 0.12570328770214
0.287060661111714 0.210256797870193 0.319685222577564 0.182997318440529
0.254673607759696 0.303751075125597 0.0992613451769394 0.342313971937768
0.0007107944769425 0.384931123789595 0.25542510074385 0.358932980989612
0.357244912290675 0.122162997976237 0.205906155921371 0.314685933811717
0.0755033222203187 0.206041792756895 0.409583581170083 0.308871303852704
0.230624508008803 0.543227916636037 0.128955020637812 0.0971925547173479
0.0715590280490015 0.291701883670894 0.318348579893904 0.318390508386201
0.196802376943944 0.337354816689276 0.200771762466087 0.265071043900693
0.130789017863961 0.382063977174454 0.234775347289326 0.252371657672259
0.444833818775374 0.384660766632095 0.0757806465649973 0.094724768027533
0.391651108069361 0.217710477446054 0.163631705415784 0.227006709068801
0.00318568260959952 0.483568706708972 0.40912778064042 0.104117830041009
0.241907153796205 0.220773738418319 0.472849932544413 0.0644691752410627
0.287029409197787 0.26976247047912 0.158096787722431 0.285111332600662
0.13384957798889 0.204825116972501 0.293357377791154 0.367967927247456
0.287555030835633 0.322356414795418 0.160188614385242 0.229899939983707
0.265920018377131 0.141218124490509 0.304064912988263 0.288796944144097
0.0385854060782241 0.347195435992751 0.410521980893786 0.203697177035239
0.311079610394862 0.245992292817696 0.167883105963903 0.275044990823538
0.184789841506309 0.250490111502303 0.275882187269726 0.288837859721662
0.469283931861103 0.241417862321077 0.084464934304741 0.204833271513079
0.319697249562395 0.0319846085055878 0.412914966583934 0.235403175348084
0.201826168681819 0.0696426039466555 0.607863950921798 0.120667276449727
0.0102309783194759 0.40111062191647 0.317293259729519 0.271365140034535
0.358302499144942 0.361548877220796 0.00430264566015592 0.275845977974106
0.311297662614412 0.251869738273838 0.159375663433205 0.277456935678545
0.362308388698356 0.330511018962403 0.148200395089219 0.158980197250023
0.257449481404666 0.423710112893095 0.26241173295168 0.0564286727505594
0.321179440711945 0.166153938493517 0.438323780348594 0.074342840445944
0.402461293380003 0.0851978258690557 0.387726782579046 0.124614098171895
0.102910618539373 0.069315398577711 0.343454654723074 0.484319328159842
0.534289511644467 0.208911184915921 0.12025903359305 0.136540269846562
0.468227091834882 0.0195910420615849 0.511838013729032 0.000343852374501635
0.423947955846878 0.0603922331149397 0.398036892713099 0.117622918325083
0.263683376371661 0.221682705440676 0.332619652219035 0.182014265968628
0.41051238315734 0.108745278944741 0.0920255078645541 0.388716830033365
0.257159217476976 0.258019115400715 0.248458963553368 0.236362703568942
0.308486424243635 0.411676517528333 0.0121975119717074 0.267639546256324
0.473009636060169 0.186937056234008 0.0366017220085454 0.303451585697277
0.0493367013746246 0.314728757689365 0.323743602208062 0.312190938727949
0.400631312970818 0.0430783759403311 0.308002815473682 0.248287495615169
0.435876404910899 0.355336125430585 0.183252160836842 0.0255353088216738
0.227531321711476 0.232886247117266 0.0702963482170121 0.469286082954246
0.0358363953175089 0.305837425448415 0.280587226902354 0.377738952331722
0.352734683763672 0.248793115393344 0.383235286500794 0.0152369143421895
0.306594315573318 0.218055644883294 0.123176860622072 0.352173178921317
0.0495627653545372 0.00392147494224544 0.424801997834228 0.521713761868989
0.11540635621471 0.461776067875984 0.0993148846728961 0.323502691236411
0.276783629579928 0.0622972358899932 0.434074215908874 0.226844918621205
0.361113519816641 0.120180853455442 0.419194567368626 0.0995110593592914
0.226980732916803 0.307784096871887 0.299583131402085 0.165652038809224
0.229960554835118 0.176380487846891 0.307253664549367 0.286405292768624
0.18394580201478 0.193408338387734 0.263437390507464 0.359208469090022
0.419972788543452 0.186457904501444 0.344089119887306 0.0494801870677983
0.395457139445714 0.335652480721598 0.01773595348526 0.251154426347428
0.150173610378716 0.01408169858655 0.46570271341123 0.370041977623503
0.280505871285758 0.175334108942288 0.144542963286541 0.399617056485412
0.459383179210237 0.169839565992945 0.0742837018246843 0.296493552972134
0.22442919309423 0.168904265207448 0.339459003673796 0.267207538024526
0.294243811655694 0.194408091747967 0.0798644802002188 0.431483616396119
0.339173299769898 0.143952533756493 0.22023680730268 0.296637359170928
0.304336373728784 0.0630698142271733 0.285404357949427 0.347189454094616
0.04297523560253 0.270794093627181 0.0252141010541728 0.661016569716116
0.449080621239334 0.0186924472436858 0.377323025072629 0.154903906444352
0.22226888941572 0.478753487086816 0.0877962861164124 0.211181337381051
0.104119191219464 0.291844960918567 0.322967682930792 0.281068164931176
0.0793667085966713 0.522130606246333 0.307388583504395 0.0911141016526
0.0564828805181634 0.305738408586174 0.456280279305311 0.181498431590351
0.306868088231703 0.190102659641733 0.278932731698358 0.224096520428207
0.0580687431366921 0.241327686702331 0.310560242756437 0.39004332740454
0.250373598728594 0.209133750563439 0.299820509464619 0.240672141243348
0.0161122242388493 0.181652584792984 0.593546157947427 0.20868903302074
0.292678484812881 0.354746000199286 0.233291845953669 0.119283669034165
0.366261909817394 0.264664291752023 0.0438264142423609 0.325247384188221
0.116955088469993 0.0989733877961677 0.518766303089912 0.265305220643927
0.319034849031543 0.365095814447954 0.132524047734516 0.183345288785987
0.454406260734989 0.0512537691411422 0.228377121545815 0.265962848578055
0.22678923219506 0.408287378700541 0.199305197570975 0.165618191533425
0.264455087476881 0.174181669785309 0.365711919180762 0.195651323557048
0.160257335420636 0.210143307774257 0.328697248922463 0.300902107882644
0.127694563940346 0.0641219309450922 0.537099532211934 0.271083972902628
0.425839601653965 0.322926768848536 0.120957335769687 0.130276293727812
0.167036074500207 0.232405297333396 0.310150126901309 0.290408501265088
0.264775110334863 0.285696407158249 0.23585857925734 0.213669903249548
0.148503337195503 0.290980476136356 0.344348076494828 0.216168110173313
0.190369954878648 0.320870502400548 0.298464792499892 0.190294750220912
0.212546492952926 0.422445163854209 0.112978824473299 0.252029518719565
0.116498115721877 0.622436382874792 0.230965646540438 0.0300998548628936
0.358677409625674 0.0142085633793395 0.155537006325423 0.471577020669564
0.351979093334636 0.36648192906937 0.00161767682766366 0.279921300768331
0.387360686071214 0.109212962203247 0.0971796645354181 0.406246687190121
0.0169036346765192 0.577465775590034 0.307682315357643 0.0979482743758032
0.428173837497545 0.229071692306703 0.0599376874540415 0.282816782741711
0.290482142892521 0.238814350480638 0.0193119280436175 0.451391578583223
0.0466145104792276 0.625883075142842 0.154851943766015 0.172650470611915
0.0636523397740278 0.194712218208893 0.35262315463992 0.389012287377159
0.580399199831561 0.0873229621982609 0.266561980691119 0.0657158572790589
0.308478702135567 0.361335289267541 0.0622316051453907 0.267954403451501
0.140621506217789 0.643995702123713 0.0245021055223697 0.190880686136128
0.106414941010739 0.215322633523546 0.140646382978158 0.537616042487557
0.0396564409973615 0.488593009144755 0.389352408695195 0.0823981411626885
0.340789017997159 0.3157449674081 0.10236502127416 0.241100993320581
0.497543912171187 0.270021318858355 0.0295075580926694 0.202927210877789
0.510083113024282 0.00120205940688779 0.409232768916445 0.0794820586523854
0.243353379745236 0.0140180876893668 0.640897112914331 0.101731419651066
0.387610018537687 0.0556808419050036 0.208988248274164 0.347720891283145
0.224358509803324 0.0598164269292159 0.531393756840402 0.184431306427058
0.103590804123255 0.123152414160796 0.388119221293175 0.385137560422774
0.309038526131257 0.296680429483729 0.34312722831489 0.0511538160701233
0.368426302337644 0.336361980062406 0.0346397807440951 0.260571936855855
0.0586751989076051 0.072679886529738 0.110489623075166 0.758155291487491
0.452085538886081 0.0436045295988005 0.370914182636784 0.133395748878335
0.198434173877661 0.366013656001412 0.288851126662953 0.146701043457973
0.33657764237608 0.188767325238161 0.342343069567551 0.132311962818208
0.0350522273726784 0.21492330241275 0.383598255340814 0.366426214873757
0.03776963459425 0.331612799005462 0.192919059228292 0.437698507171996
0.310180873661768 0.226774944501663 0.123192597012191 0.339851584824378
0.0877916569443609 0.235445024217301 0.204485451268695 0.472277867569643
0.311480388176712 0.402722431214107 0.23785913821908 0.0479380423901007
0.0688728381685506 0.0272743874998953 0.514068433304175 0.38978434102738
0.032547577676673 0.0838329691027758 0.31007251049173 0.573546942728822
0.219039899826592 0.329410256815512 0.323441522143481 0.128108321214415
0.219917284611278 0.297120112978201 0.311358266306262 0.171604336104259
0.183868734547338 0.186742087751726 0.388050872957343 0.241338304743593
0.116949801431942 0.380218535636784 0.39091520499248 0.111916457938795
0.335750358312394 0.0318128884864008 0.572345672385434 0.0600910808157715
0.254616151528968 0.243982928592043 0.205488665429126 0.295912254449862
0.441424801445443 0.173100672037645 0.116497318402488 0.268977208114423
0.216581184084982 0.235889619711628 0.188254599321918 0.359274596881472
0.379592782689667 0.160980870083136 0.354907261471965 0.104519085755232
0.464120937841917 0.0507997835821271 0.130074100503223 0.355005178072733
0.29415453297151 0.266186143933905 0.303085683716854 0.136573639377731
0.233218854421438 0.389557279940767 0.248930612395672 0.128293253242122
0.196445260211653 0.295668567526825 0.146081445096783 0.361804727164739
0.26818425914675 0.0511265188636137 0.376025148342433 0.304664073647202
0.15254470354761 0.346080686306735 0.315507185058363 0.185867425087292
0.260910460460786 0.223685478940367 0.114070148628819 0.401333911970028
0.390867420750383 0.147190323841976 0.450255542123789 0.0116867132838519
0.292597770802215 0.0927541361142691 0.312418355247197 0.302229737836319
0.295060536091611 0.124736996326344 0.338240513786328 0.241961953795716
0.321211769643088 0.167217783217023 0.40961016132626 0.10196028581363
0.00911386554937552 0.430250127247109 0.495236047666609 0.065399959536906
0.239845799111197 0.232596405452191 0.247198772681 0.280359022755611
0.304769762857606 0.318286315923222 0.150024726330456 0.226919194888716
0.144104238116514 0.573814418123882 0.232611984661875 0.0494693590977291
0.121128234100651 0.217694511056945 0.423677037907588 0.237500216934815
