0.272820936808357 0.24388467916184 0.0608342686600212 0.168341015047726 0.0127324930674687 0.0125999739599279 0.190329306726562 0.0384573265680975
0.171853010729422 0.0701363025467535 0.0702702733459625 0.126140962359071 0.16861016499286 0.098928735643788 0.184702951822635 0.109357598559509
0.141447040197991 0.0400652087905439 0.146614126074984 0.0595670402338885 0.216256949622859 0.0992094288200692 0.145550237680214 0.151289968579452
0.180943383865843 0.0646663510569385 0.165048681824705 0.214536411542904 0.0400988995700831 0.177716824322366 0.0487608187494483 0.108228629067711
0.225119638362048 0.0211290281234854 0.0715497249550547 0.0425570804636966 0.16319256149888 0.239097999118419 0.097743107654506 0.13961085982391
0.257372478774559 0.0383776852666138 0.0413702714991126 0.130242946670433 0.10104783535722 0.167054385539675 0.127067494182241 0.137466902710146
0.0323139886927449 0.18946312118477 0.160939940830654 0.022286116638584 0.109268229812381 0.232596077491577 0.045295154521686 0.207837370827604
0.00116907633929955 0.135190839835448 0.106912552155631 0.196712875523293 0.0663861074029452 0.0711793429680058 0.199172129806887 0.22327707596849
0.113845983522026 0.199287216540259 0.106593818473502 0.000143806722800081 0.151466842514287 0.190778774205831 0.127459663769942 0.110423894251352
0.142545804057865 0.168965047742166 0.0656114709115538 0.165286036257152 0.111089494379684 0.160440448112696 0.123919308727475 0.0621423898114067
0.344571805044888 0.275227114968566 0.0487657110940979 0.0962941582953929 0.0156891562244055 0.000274659567005386 0.0177728777055318 0.201404517100112
0.0197821477536852 0.140468804195874 0.0214450484584883 0.211431528213894 0.174923219029249 0.13257055170399 0.149854359538522 0.149524341106298
0.17403818121096 0.000117651737091158 0.0795842408886622 0.201234528925805 0.0640150840485555 0.124774727883921 0.165909927608231 0.190325657696775
0.208182283798566 0.0474467556375738 0.0493200695795024 0.0437182837140105 0.203319856562207 0.125211566598918 0.170146783117569 0.152654400991653
0.218891559686095 0.116174718830424 0.0930420316077812 0.106202165894203 0.132651288208446 0.115454660374426 0.0311896506145462 0.186393924784078
0.246597013177708 0.212633631242242 0.0786215344177451 0.0804159280542892 0.00524775260805923 0.187167160374316 0.163503878082465 0.0258131020431767
0.0625489292627809 0.143767467611876 0.171348261669239 0.215599130895874 0.0679028575370093 0.038048257637688 0.195362806729585 0.105422288655948
0.107199957156183 0.155746652442142 0.195663803231488 0.112484063883998 0.0459658952070074 0.176040866946376 0.172184707143959 0.0347140539888445
0.188769125213337 0.114915546665602 0.143210868063534 0.0743757779050547 0.139105268537242 0.176921658508186 0.142552422599314 0.0201493325077287
0.0501896274630841 0.25771776726137 0.175148360305961 0.0152510902846313 0.079166303092365 0.012715458663575 0.155137784689596 0.254673608239417
0.150035870140206 0.10560022554186 0.159130699016178 0.147153659284611 0.162895823724021 0.0929148877205534 0.0790512796780239 0.103217554894546
0.058178915200283 0.275772290579095 0.105981301229237 0.122228606666631 0.236924097028824 0.0993358869306053 0.0577309504236329 0.0438479519416924
0.19954866158979 0.0091668162278221 0.162770625678121 0.100323013368633 0.182292313266456 0.000703886901014331 0.240844012837438 0.104350670130726
0.0588731429719374 0.0477754439738328 0.178249350368182 0.0987756187891954 0.075995629020423 0.136071322021417 0.257999149860385 0.146260342994628
0.116783608484917 0.168542560539792 0.205943747161574 0.0592288976476327 0.0724460264193211 0.00219581196230092 0.232023016398339 0.142836331386123
0.0862980666085753 0.0138301939547892 0.0514076951533096 0.242115588279641 0.0401957006739862 0.226564565407878 0.268392421627438 0.0711957682943819
0.198771648938678 0.051443256829491 0.0169054595737122 0.217388409434214 0.0995573195089202 0.185332732771102 0.0444290954058032 0.186172077538079
0.060591433180316 0.126509572764964 0.0338549228138601 0.227529649482048 0.225871431984059 0.105809529322862 0.00140664622324068 0.218426814228651
0.133287209828459 0.0207693988266827 0.209590945464091 0.0819767137989161 0.210871730952942 0.161233739385239 0.0371860825043966 0.145084179239274
0.115031307490203 0.112216961139085 0.0244473020905643 0.201249237861409 0.0613145362354879 0.264517911732636 0.0611242340552269 0.160098509395388
0.143705029584055 0.241806428697227 0.225100527065128 0.184970330378835 0.019123361212483 0.0954126758512059 0.0481566703634389 0.0417249768476277
0.112024974679468 0.0845105452527049 0.124244328929198 0.133701510073936 0.068537503611184 0.272785535041154 0.121396049667385 0.0827995527449699
0.0948350782571383 0.159778133661498 0.206018375403758 0.0705297891807175 0.155213006579396 0.187876223786457 0.00293821247314987 0.122811180657886
0.254193159460861 0.155835779445497 0.174601055141475 0.0893934906223143 0.0166106107264234 0.206702237505348 0.0694563534359024 0.0332073136621786
0.197249799803197 0.067890745116448 0.245798434620502 0.123403692252482 0.0357607329418674 0.0416147705568579 0.0333894064143797 0.254892418294267
0.00428154630089063 0.0927989379329859 0.192763181858798 0.0585051433492814 0.110305379506898 0.209776627154561 0.181984425209221 0.149584758687365
0.00808454767718934 0.232012623959442 0.248376362283332 0.0981303825678385 0.182156340413343 0.0187782815268712 0.14220044281567 0.070261018756314
0.0610339791240594 0.236021116202375 0.0108555299762904 0.182311242518512 0.247101471841654 0.135281862126146 0.107706149543596 0.0196886486673675
0.101782339425677 0.00740783175586001 0.179615055403002 0.0103211578354683 0.198763153538389 0.204648007102729 0.0649681218084785 0.232494333130396
0.129643383922209 0.0710902305508113 0.129435229493656 0.045065409068927 0.0376395865704454 0.222551931710384 0.196239094255854 0.168335134427714
0.0068428447364707 0.0873318553135978 0.103238928577947 0.283079770980032 0.116969021566853 0.083772139200822 0.0890128705430944 0.229752569081183
0.12999273607063 0.063834036588137 0.15080228119303 0.0538021264617224 0.068331954857201 0.1951492809054 0.139237315084203 0.198850268839677
0.0176737930637529 0.03412130743033 0.207720367695895 0.183782822195141 0.107465982161575 0.148602823564187 0.206102731574542 0.0945301723145787
0.235610931602104 0.0126143634894949 0.0335054482397646 0.0645273396899175 0.199252938346672 0.10404513074292 0.231456318312455 0.118987529576672
0.154348395411979 0.130179025151837 0.167563223050418 0.077410117219368 0.156695835224914 0.0646615948092604 0.1041191384798 0.145022670652424
0.160338538934488 0.0977729167038855 0.100994429607466 0.102583610826758 0.132201222451654 0.0992541541221736 0.104888825709022 0.201966301644552
0.208088917285945 0.162974461863404 0.0979842969501144 0.0787549651044566 0.155184056370033 0.125591001099097 0.0647908892523119 0.106631412074638
0.203809312559037 0.0392657517406259 0.0841731827624802 0.112005923668076 0.034187057676105 0.134804456321551 0.150385885101411 0.241368430170713
0.0847801907025153 0.241167506592854 0.0296176530575542 0.200268615369778 0.229283932815817 0.0882480954446349 0.0940870302703142 0.0325469757465327
0.0951738159820703 0.0666723879080033 0.137275327484875 0.176804277724912 0.17469334533741 0.0302174397217203 0.239370130554102 0.0797932752869067
0.153206547060093 0.177436320536756 0.160296738699853 0.0886671568167311 0.163534062431335 0.0292147546850143 0.123773238956457 0.103871180813761
0.00513672676752347 0.208774206878553 0.119514448824931 0.208365158969672 0.195235425962201 0.0737363819713861 0.00329321767655101 0.185944432949183
0.0489992518519376 0.0261449101315683 0.238314255109523 0.236656212569331 0.19394982877909 0.09753743260173 0.0136076816849092 0.144790427271912
0.175319683359712 0.14660964949193 0.145132125040241 0.165729318911685 0.0166299840114547 0.207522428709651 0.0569676120558938 0.0860891984194324
0.134459093947794 0.154131470007039 0.227291416144886 0.0546406753755921 0.191741455667363 0.211273326891544 0.0101945596774297 0.0162680022883519
0.176186259304065 0.00533640458040038 0.162476206258596 0.242344022680062 0.10558926501638 0.0628194245612176 0.226978681256212 0.0182697363430671
0.00449654413783671 0.0745550757702966 0.234087368935025 0.04563464801749 0.189650073461284 0.259433520402348 0.0591338427211303 0.133008926554589
0.283505458892523 0.0117213318938647 0.199782031061243 0.031443965312963 0.232791445795554 0.0141719335261586 0.20976573181825 0.0168181016994439
0.0215995680692978 0.170196170419371 0.0183462587404653 0.0728714714375902 0.214372746353655 0.0717817466191311 0.247121399408388 0.183710638952102
0.0936444584215581 0.155667899077591 0.166429494148794 0.108657115280146 0.131140620785113 0.11963257644202 0.156514497298432 0.0683133385463455
0.212466232665154 0.0873419796679935 0.13329952854088 0.0783677747417608 0.139730103980523 0.0382344331982497 0.10940187271594 0.201158074489499
0.10990305764754 0.0295578990333094 0.00159138492693742 0.0704893431644637 0.0832130563294799 0.256488555643122 0.184675684686569 0.264081018568579
0.043658874581378 0.159763369254331 0.30767799511601 0.0961003295194181 0.0341908635423003 0.0457618742626026 0.153458193068042 0.159388500655919
0.0598225210676083 0.0456432022695926 0.273214775404497 0.145506550600896 0.0185894950582959 0.124911438314132 0.206486344255123 0.125825673029855
0.121002277288309 0.14574826604573 0.0921936708884346 0.0517852461039007 0.0931854804130115 0.196963479180642 0.133885971627382 0.16523560845259
0.181801900398187 0.0219572335861317 0.118762842640492 0.193912216246904 0.201125601554625 0.204072398896825 0.00138008872596849 0.0769877179508673
0.0443573690461026 0.0174181576515937 0.239581497322359 0.0830498284034949 0.132079950918563 0.261739498279349 0.0459133877332827 0.175860310645255
0.111045940858531 0.156389972501286 0.00123834519178297 0.271337730956246 0.0564908586521453 0.0802295646690892 0.220173064011573 0.103094523159347
0.173297109920525 0.23630613255632 0.0326896485414002 0.0415806553933942 0.0372224245853531 0.215301068799933 0.0754644430673467 0.188138517135727
0.0466658441787314 0.18564027704247 0.00382934510265364 0.171641997244825 0.0548852448576044 0.196036542582646 0.151632818879098 0.189667930111971
0.104152146387937 0.272813729780546 0.182488932966984 0.218942510933218 0.103949058231564 0.0331538057936974 0.0584668877674196 0.0260329281386339
0.213952125471615 0.032942850019699 0.225949537458158 0.0593241300804888 0.23119686201292 0.0406722079351246 0.162482077545969 0.0334802094760265
0.241518927332405 0.0427513325742573 0.208564064863454 0.0338556240781304 0.00200338631358098 0.0534029358325997 0.257387856250178 0.160515872755394
0.278414921011057 0.0982004817473451 0.131664407579281 0.104542897489967 0.120908924920169 0.0799830478721477 0.0624180636976681 0.123867255682365
0.172060022940914 0.0124811261370953 0.0613438037044742 0.0725220984382748 0.178981026415028 0.100200431105799 0.222398375946628 0.180013115311786
0.177692364476697 0.115872234252349 0.153985410317661 0.0681458675721319 0.0165398665915201 0.208739267028466 0.0415409099264825 0.217484079834693
0.186849526158683 0.132737627571515 0.140147035133047 0.166231063683507 0.00344599233834263 0.176068025305154 0.177912286752157 0.0166084430575944
0.0328102650038499 0.118335389916769 0.187387785830146 0.100588965479102 0.119118516626595 0.191958482520164 0.178468487790577 0.0713321068327961
0.117057264922042 0.0559962749771293 0.14940289460214 0.0422274300312747 0.121444398297001 0.11538248418053 0.140893159006039 0.257596093983845
0.152265028532416 0.107585617930676 0.135290527853289 0.203812003620293 0.00814197057536165 0.104188213238771 0.262549811315463 0.0261668269337306
0.18854850714694 0.216499648474563 0.168550604616056 0.143217843602863 0.17952768979943 0.0462811078070793 0.0351306648881876 0.0222439336648805
0.0411667664650407 0.148812552734525 0.105780742881943 0.241131465183098 0.0549802927288774 0.165562463637406 0.148975869980011 0.0935898463890993
0.175115649557849 0.143709710572533 0.0882538157343683 0.18459708446178 0.000375785094283608 0.147910142878462 0.155382149809317 0.104655661891406
0.0537925338322901 0.0926703501562146 0.0350514541281555 0.24469109554936 0.284260173261343 0.0992893754193012 0.0486947257443454 0.14155029190899
0.0918200240513392 0.201639682110854 0.0615877350963434 0.0708949658405515 0.000245125924916254 0.227138622571855 0.127871980380579 0.218801864023561
0.0343423384956438 0.210050281248943 0.166680127591478 0.195905171165087 0.0981733696762345 0.193459417725646 0.0800037634515296 0.0213855306454371
0.326612361458134 0.0846451341265791 0.00648884572381054 0.0695139441711176 0.10852087966803 0.0492279010337567 0.15102150781648 0.203969426002092
0.0341300924179697 0.0050519301727161 0.0733043480350908 0.371580955351526 0.0824566045433879 0.245628821079984 0.181716192710896 0.00613105568842924
0.101578433174461 0.187995468401461 0.0522798907582246 0.163314055783119 0.197159694824879 0.0712165302516866 0.0531804046571104 0.173275522149059
0.201161378049007 0.236325637450572 0.036887252425054 0.203149239785845 0.0126559930362763 0.00103533648678136 0.271006013007103 0.0377791497593616
0.0786065658813069 0.0781847894099882 0.212441285089896 0.0960211388863739 0.0404216263369128 0.168247489300197 0.163044839500114 0.16303226559521
0.139881517869205 0.124635428202086 0.105183976697033 0.0984016168765763 0.124323823402133 0.153360930303621 0.153818944923067 0.100393761726279
0.00805549318161516 0.0915553452035646 0.128816234165778 0.109584098281889 0.0890756836827633 0.175362148297886 0.133826063409794 0.26372493377671
0.00689960555214233 0.17733565940796 0.194217616385817 0.167283953308729 0.125542004597136 0.0256880315715113 0.134024631217667 0.169008497959038
0.125691452997393 0.185250874346734 0.114366179866487 0.0781008411088842 0.196040867791006 0.181635239898617 0.0339945400849744 0.0849200039059043
0.176054959713334 0.206233406934179 0.116485596819242 0.121438945444022 0.127730943041736 0.106536957785204 0.0755675912621411 0.0699515990001406
0.154168683048001 0.137768314029376 0.164938256101201 0.0509404742373169 0.103176837776932 0.133570703345832 0.198371457276686 0.0570652741846555
0.172815307539982 0.142388527753361 0.0368731483283965 0.169582528905821 0.10782185500303 0.166256909691808 0.154374100393507 0.0498876223840937
0.133260072554406 0.0418444807987881 0.142276942984856 0.148420410887937 0.0933078498227145 0.215130313196605 0.0849272396981062 0.140832690056588
0.123290711263088 0.104627280814808 0.177719728026934 0.0320640079565045 0.189803037306672 0.287010163650582 0.0130154539006414 0.0724696170807695
0.216194567161468 0.21040653220837 0.0140692397144606 0.10987949006317 0.0992698186744693 0.116009806049059 0.064283405199756 0.169887140929246
0.0698717950302469 0.212714738146804 0.0259562417859904 0.132538820740667 0.133118097903699 0.0867121309276836 0.138915100050637 0.200173075414272
0.113071851553024 0.175761979259851 0.119006425453867 0.187753391943917 0.0898959183880556 0.199002004702036 0.0681183457830124 0.0473900829162373
0.0734294733866461 0.0161649712370823 0.102358620544154 0.225846194174082 0.0230605822108722 0.193995216164259 0.176021966296084 0.189122975986821
0.0690967257826237 0.25672989948833 0.0124342409072437 0.137628111242656 0.0457092804273792 0.211430145031018 0.21836887032844 0.0486027267923102
0.0273979689107694 0.109555050132901 0.15677099957831 0.0956952248391128 0.161611636144731 0.156012742056024 0.137005823999117 0.155950554339035
0.110295346169561 0.125141632405025 0.108730314185379 0.148466715370749 0.151627980826884 0.0967810225654982 0.15891895173553 0.100038036741374
0.0714525771504752 0.154531262015081 0.144565752662393 0.157634165873382 0.13734618291641 0.104174756974634 0.0756907173224665 0.154604585085158
0.291036615533404 0.00217032941346932 0.235241602384182 0.0922757488603702 0.0160439172624361 0.088995608664126 0.112191223928739 0.162044953953272
0.00832094673301941 0.205511039572687 0.109220779441383 0.0752063622208815 0.0212313338234606 0.200826544360885 0.195963656564408 0.183719337283275
0.144425643883371 0.150359046261024 0.142037813052823 0.155175112663063 0.117717121817671 0.0524042703097807 0.0956742797424459 0.142206712269822
0.180755568315259 0.141082515345809 0.224148559907533 0.0342516118338175 0.0109396655933371 0.216166102422559 0.026204642478643 0.166451334103043
0.0865030126647787 0.056037549288551 0.0808280210851482 0.153262603982061 0.0949043720449986 0.153583288577198 0.193906120792322 0.180975031564944
0.148191324546519 0.196323395819785 0.0657375311892523 0.0572047116070237 0.0517467221549837 0.123870502782959 0.211758706464629 0.145167105434849
0.150619936522699 0.087622447439036 0.00673477183827327 0.168729531838702 0.230254032689886 0.0998406539211926 0.107782935091711 0.148415690658501
0.20103963389299 0.0262000132887149 0.120271042638835 0.134061260920368 0.141277127289901 0.0725715405895168 0.212792866564858 0.0917865148148174
0.0142412043683941 0.219266274600406 0.26231017108573 0.0786190561896189 0.0353944780122393 0.219568627396204 0.0641234920801882 0.10647669626722
0.0329193837195769 0.166922700274621 0.263101144194282 0.0317958339084222 0.0454514993831433 0.170232676467865 0.188459572827262 0.101117189224828
0.201215277293687 0.135037615401296 0.0527840913836827 0.101178326745059 0.21189611594013 0.095234096369119 0.137175338972916 0.0654791378941097
0.0754537858491145 0.229963309426011 0.0170266779285539 0.0321934350758623 0.16828107294406 0.0775970948887641 0.184227753860957 0.215256870026677
0.00662977065950769 0.159937326191503 0.0897657123805557 0.216899738541295 0.238732695195478 0.0389916125792724 0.178642711912929 0.0704004325394586
0.0606118060795575 0.180605674108699 0.18499272194743 0.00864569403611942 0.050166417769441 0.174926813158385 0.160115836464903 0.179935036435465
0.191944655654232 0.107478995105076 0.158872632491993 0.28415758643946 0.0380174766988039 0.117734888950159 0.00827584065979098 0.0935179240004854
0.0458195767311993 0.112940273622777 0.0789823598643341 0.159045243920121 0.229274381392806 0.140709567363525 0.145365669472155 0.0878629276330817
0.261776534806416 0.161287062862513 0.0110797454578981 0.0408308291247823 0.085021249766284 0.049848255744147 0.316067849859086 0.0740884723788741
0.0954606683381065 0.00104181791103771 0.214422515983061 0.214432953565197 0.156348671514023 0.0334172562409936 0.214913092164278 0.0699630242833036
0.092753079407723 0.156430015799399 0.166772628883628 0.03625691894807 0.0258890892983774 0.117868797186083 0.205501186407487 0.198528284069232
0.170914547837081 0.0881205849939956 0.0436032079058243 0.257082552566651 0.0108754919164843 0.157544096888694 0.0873699683163979 0.184489549574872
0.130836465428849 0.0410313778250138 0.0970614968809854 0.021843713831957 0.181521048299375 0.0412380546712258 0.252453126475845 0.234014716586749
0.00787983131552166 0.0414379171493241 0.108064805770819 0.107781279517426 0.238122951594513 0.217093659679373 0.133177527237956 0.146442027735068
0.0447594196376519 0.00381690747339397 0.221418958888612 0.230715935141709 0.231215531969107 0.0405406391088215 0.103459444992717 0.124073162787988
0.0192491822276318 0.055384820230984 0.190402894991341 0.234365757157886 0.0804600679250055 0.10070118326819 0.155500832968362 0.163935261230598
0.0791916903234766 0.133055250306994 0.0933021817399571 0.203621335734213 0.114141783168464 0.0832549499361867 0.151791667962694 0.141641140828015
0.332685872282006 0.00500183956403633 0.00221611222732688 0.243138717522723 0.0633334510149017 0.0698510592650113 0.28232082954203 0.00145211858196536
0.137735321078533 0.172797729739684 0.0196833665087544 0.0719409884290096 0.124605024497478 0.169499493358116 0.114497400710343 0.189240675678082
0.225988975997901 0.00824122208124642 0.237553392278025 0.10739308571595 0.00466556667991711 0.123925862268086 0.112439291778499 0.179792603200375
0.0734575278874357 0.0673734305865687 0.321422209054105 0.00606118018311902 0.121231870342734 0.192290348462624 0.169114893471079 0.0490485400123349
0.034098182876811 0.0229199220601359 0.109174764305053 0.196942303526832 0.237293506115268 0.174322385968851 0.19996016374868 0.0252887713983685
0.172705951603062 0.025934345830591 0.000776543748768627 0.108449952358035 0.2391120012199 0.0340625534187876 0.229604068060291 0.189354583760566
0.00779193352927275 0.177504174898328 0.136094718039698 0.219418056343281 0.137595356960764 0.00600380030365416 0.174503060853108 0.141088899071895
0.145678505014825 0.0229413138667692 0.0802340840661968 0.11275935356951 0.202777419482348 0.193286893341688 0.0687943251721825 0.173528105486482
0.18549686704701 0.0895925198376587 0.219858600062253 0.00333060579081191 0.21681481358994 0.0474732103699192 0.05549570329557 0.181937680006837
0.126579686293411 0.109224400062137 0.0956324553248471 0.165231295430761 0.0354545993232759 0.150129180469378 0.174967684271233 0.142780698824957
0.20549838935411 0.142981322552959 0.0529294356783767 0.0549545218235553 0.132983017224322 0.118775047987711 0.109112148894749 0.182766116484217
0.0212677832040103 0.00767515198871437 0.129993435667032 0.236358788116892 0.049108800856843 0.220663223412533 0.183030165247641 0.151902651506333
0.118867452561532 0.0540254514162236 0.0558193839038763 0.146113236433558 0.225267430200811 0.204093329676803 0.0277497800228014 0.168063935784395
0.186291445556235 0.161072680270532 0.0169286375950597 0.131051631935078 0.025565134501983 0.143309485313947 0.209202913882618 0.126578070944547
0.213812886851554 0.0449847030223748 0.296961857250396 0.158024463336063 0.0792533968333396 0.013440584775977 0.146370473041065 0.0471516348892299
0.11211484477865 0.0697146829247745 0.127550764709964 0.192336062343279 0.0694116380039987 0.111714838622492 0.167708710953851 0.149448457662991
0.108149915535719 0.159665882169331 0.165733293155951 0.126941884581329 0.137076466103593 0.23081427632463 0.0249468945816109 0.0466713875478359
0.245300773265925 0.0120524997024786 0.0843922865587939 0.00440576291748421 0.246107755401227 0.0972151640877494 0.143996483894392 0.16652927417195
0.0486390740743729 0.19809524458121 0.148199410653165 0.0730950599630846 0.184970498871668 0.0642146532441671 0.121670147816985 0.161115910795347
0.105628059230851 0.144622203868426 0.173167902688072 0.145244913463845 0.00766402666120275 0.113371934975322 0.139283066608409 0.171017892503872
0.243108819838205 0.114726477701263 0.200204042824063 0.126554852317413 0.0983798490450953 0.00548156463831116 0.13831571259147 0.0732286810441794
0.12112275651775 0.183523070764658 0.16817845189024 0.128327692981659 0.238920642572217 0.123645643611237 9.66438822938595e-05 0.0361850977799453
0.163677170004932 0.184525279803221 0.214814893936886 0.0623379002570145 0.091620353695633 0.109780376399799 0.0641777621615505 0.109066263740964
0.0497213306058358 0.136041876916593 0.148331576741056 0.199093568053532 0.0604331520817252 0.179172958764309 0.143042759107689 0.0841627777292607
0.136543214659948 0.0552232963608081 0.133540720466378 0.164455268898207 0.157343747482164 0.0613321951942686 0.151842134917466 0.13971942202076
0.0856933780970095 0.148734437569903 0.19705304062006 0.00113515684147344 0.147469486768644 0.105238428935277 0.129594551327529 0.185081519840104
0.0863468163594585 0.0502490178165071 0.190000967982206 0.0622778409601386 0.148684528980515 0.209461332221395 0.123179615230804 0.129799880448976
0.189799897974504 0.272565895571455 0.0501723294415794 0.0255993558525706 0.00576283394479891 0.0494708274677326 0.0651167027662353 0.341512156981123
0.174117797929767 0.0974328456945524 0.183680766314242 0.0241466955184373 0.125757962592106 0.102905113715617 0.142979952241337 0.148978865993941
0.00392729868162279 0.208720513625637 0.01519913303451 0.00632644985911339 0.0812730314409931 0.269669191520689 0.14091664387392 0.273967737963514
0.168405220602275 0.159036978126717 0.152926135977841 0.0395020117629733 0.0744843683348266 0.214718422955083 0.0879624407626259 0.102964421477659
0.174505259128504 0.112869330810144 0.166820139019356 0.140736941759694 0.0808476647598044 0.138568049323266 0.0429261742060144 0.142726440993218
0.143081837134759 0.042946806168866 0.135773246715251 0.142472381367238 0.106331897395789 0.100833695328289 0.141764233504366 0.18679590238544
0.145401512175975 0.0108613013983485 0.253563772888903 0.0543948488257349 0.246422816716171 0.102122864657568 0.147615760370978 0.0396171229663209
0.31076346047818 0.126158785703759 0.276456582326004 0.0217049907618948 0.0263785378373897 0.056899643672452 0.0864430997744253 0.0951948994458948
0.162382901129694 0.160558013122945 0.173106395720534 0.0617367446734161 0.0321550250286304 0.0813718105443484 0.15086465429857 0.177824455481863
0.185506580980668 0.000681753012226702 0.151470275995473 0.237434677400264 0.0969128481533678 0.0354460390468923 0.218665939943397 0.0738818854677118
0.0724576224636076 0.069999922069506 0.219546838558059 0.0868600973681543 0.151981950687085 0.153178719836611 0.0162398698270278 0.22973497918995
0.193990130669077 0.130796303411535 0.160627618841972 0.161735962084799 0.206531606998279 0.11495445802542 0.0111662672688097 0.0201976527001078
0.229174364462793 0.0861935572352739 0.057813047171898 0.236432334953753 0.0323033870196639 0.0658930010843981 0.199018536298492 0.0931717717737282
0.0299368161659855 0.00775974642010592 0.213034589277659 0.190652842212726 0.207355749886969 0.131764698335032 0.193444741420136 0.0260508162813857
0.033745317532503 0.253951698703909 0.0578325578134011 0.0600262058145431 0.0428986166175623 0.0433448238069654 0.329270822772647 0.178929956938469
0.189508724190328 0.168327431507415 0.169856699153194 0.0476226097431413 0.0606198362339149 0.19874181102169 0.023570130873937 0.14175275727638
0.172967714137267 0.143646488446683 0.0960255906769245 0.101750406116759 0.0767754886910092 0.162911870895681 0.15069609560647 0.0952263454292064
0.149823520481547 0.0899858943198729 0.154633802721914 0.156643116261363 0.0555551830579762 0.0584408692502964 0.246119448586984 0.0887981653200464
0.238030453334446 0.165567191184338 0.0819807985619047 0.133308194272387 0.0268353655355528 0.00847389018355043 0.223261152874277 0.122542954053543
0.206560879935063 0.0641186695990618 0.114961026426462 0.0474235075088809 0.122449995468493 0.0779697447500999 0.162972638600295 0.203543537711644
0.112718689835459 0.213043536631392 0.179719619740482 0.167417050146938 0.105490150709016 0.0392017616366049 0.106232673218416 0.0761765180816917
0.0664861227069993 0.182721201222422 0.0583314159117883 0.0202866348302955 0.169244469991913 0.162730990155343 0.167654383997431 0.172544781183807
0.0587793707608338 0.231234423177704 0.0463621380589322 0.0390606430617788 0.0607623343657645 0.285283133778707 0.109369090948731 0.169148865847549
0.0980722034489725 0.0540447292106686 0.232537512096394 0.019052420740047 0.13942796921179 0.2346233507615 0.161562911009272 0.0606789035213559
0.0275123976492714 0.0111304606008254 0.129477620931354 0.0165842702599096 0.157360730767474 0.238743840760313 0.215972276981777 0.203218402049074
0.137933520713096 0.0856899420502778 0.0736382517289679 0.151378467985116 0.258301602221626 0.0618733107058602 0.122975219581145 0.108209685013912
0.205001493648357 0.00292977187681134 0.052665941239915 0.119852781885879 0.222513007622649 0.0970472354839016 0.106115192523381 0.193874575719107
0.11036728446926 0.0970999441522279 0.122394160018284 0.0114458089835561 0.0403452533895085 0.210214096097415 0.164882570518579 0.243250882371169
0.158180902888295 0.0121961788693266 0.102981875270274 0.0251943987725875 0.216230749870533 0.239200100100144 0.17458637548758 0.0714294187412597
0.228219258781879 0.147298171618767 0.142825879740285 0.168775553132658 0.0085926498446389 0.0371963349405857 0.136148219268416 0.130943932672771
0.0630832838056838 0.202812713995205 0.100925045465259 0.0773326087110506 0.21204084963738 0.105639373939252 0.205335760575176 0.032830363870994
0.192266559255081 0.0423504023670798 0.233194998270596 0.0739477771701285 0.054030837328839 0.156554533867228 0.103266775010131 0.144388116730916
0.0785984828030449 0.141925834415612 0.160359143148569 0.169703543801997 0.174447833048827 0.0100093940718479 0.188339397820201 0.0766163708899004
0.212633133224723 0.0526520129147537 0.140489463551933 0.14138128230611 0.217532505351148 0.137104304515024 0.0507538536765128 0.0474534444597952
0.186160323915224 0.150052177426379 0.0444112356225518 0.146208368605008 0.0847361352112308 0.154432080931821 0.0941236042965068 0.139876073991279
0.231103227313422 0.0797283332741664 0.0302124177146727 0.00140379937774029 0.0800913918440505 0.275820465988705 0.154344257995646 0.147296106491598
0.162958125835143 0.229631886655165 0.0307943124918191 0.0537753758145278 0.131011518570048 0.0941636046034308 0.228080001610328 0.0695851744195376
0.136254864975647 0.181636964082844 0.0544132263249599 0.14932214003331 0.203516686645652 0.00363463069399574 0.15041933949012 0.120802147753473
0.164238405362495 0.119328486139319 0.0714450793419539 0.191798265276674 0.0829113193467805 0.157907177343399 0.12848905340545 0.0838822137839294
0.0490147721477701 0.178783602489148 0.148610180114868 0.0399941639601557 0.0949203085154572 0.1767932240048 0.123957679961085 0.187926068806716
0.0797392020898755 0.177239027548684 0.153967449321286 0.146106190705205 0.0487565027720789 0.197860620901882 0.190634642558671 0.00569636410231775
0.177709567250093 0.127388271741219 0.262507434229878 0.265778256499622 0.00771140895434149 0.0978158693877423 0.057441309640426 0.00364788229667748
0.0732848985605009 0.00803351276864154 0.141638557117585 0.228612015993987 0.193470497850865 0.135167062333771 0.00775985052891369 0.212033604845737
0.160198723692007 0.144724744504096 0.139532143333293 0.142748151665072 0.044511319746333 0.174828899368863 0.090570261135492 0.102885756554844
0.0682711850094466 0.18483569896193 0.175518246777806 0.0672561139187288 0.0779495490702017 0.214883897057378 0.0627359172409255 0.148549391963583
0.212633658791243 0.135536953342444 0.0660368727183125 0.0487180622078105 0.10684303728454 0.177185383666193 0.049264551964118 0.203781480025339
0.143073787982384 0.028806910379996 0.218538638620361 0.24610494165477 0.0240566257567365 0.186176530626366 0.130852705780635 0.022389859198752
0.176726853892667 0.115919966232057 0.0900769535041228 0.185968165397528 0.0376810515339015 0.231179651876255 0.138409683395618 0.0240376741678514
0.070671576887194 0.0661306656091205 0.224076321717631 0.209947241127284 0.0486980767122467 0.0561697060876872 0.0898392712562015 0.234467140602635
0.198948684033659 0.0312888394439061 0.196420843896718 0.146247283726756 0.0942439133489421 0.0748880355987312 0.140976737923282 0.116985662028006
0.0115667432509911 0.16651283007303 0.0965520758206188 0.201941303462462 0.182415565951193 0.0611543460107041 0.103558381432173 0.176298753998828
0.192297622018999 0.146077767006038 0.0311774584424585 0.0297784748803231 0.0351552979816918 0.24078941445171 0.160383146123114 0.164340819095667
0.124362705420637 0.102203863132063 0.257675467037825 0.0365214595104673 0.271957426624221 0.0496735295169745 0.12837601042869 0.0292295383291222
0.188294084734413 0.132862360415797 0.179332487852894 0.173408743536221 0.0528422662721801 0.025380735320861 0.134975497619374 0.112903824248261
0.10825396364357 0.136444887786814 0.0274821667442414 0.162844582595205 0.0149702183986793 0.184026356514331 0.188692816820463 0.177285007496696
0.0725118713132857 0.105202385205146 0.0605473206340318 0.22912576516051 0.165027540903884 0.0904336604694117 0.0966089972807138 0.180542459033018
0.027925539457214 0.0446662043573194 0.00953465303405645 0.20707932571322 0.115441334960109 0.214204055980032 0.130839701085286 0.250309185412763
0.0313779614084126 0.18319239384246 0.195576674607672 0.209817264802049 0.00601019472797818 0.045694301321421 0.19616754218099 0.132163667109017
0.00938807710139475 0.118766412969058 0.164790709550484 0.166015104945529 0.190066288603329 0.189566377159313 0.033339428698339 0.128067600972553
0.215711361522371 0.158691682941904 0.121128500621924 0.20386551661498 0.109569883498316 0.0465572375571336 0.0925243700703722 0.0519514471729987
0.10797030021627 0.215588316783253 0.107001391356262 0.0192578192397156 0.154679966042031 0.178162225120059 0.0741043680819999 0.14323561316041
0.16792439066961 0.0403005026624015 0.156109117108129 0.027616832249819 0.149556026088098 0.189826060548476 0.113458247422672 0.155208823250795
0.0778281089648043 0.0899171442663492 0.160931894706086 0.174581385266254 0.0776718260408161 0.19563059260712 0.128737331245339 0.09470171690323
0.00858153814989039 0.154532626528172 0.070536089942896 0.0548386756153391 0.117001901720754 0.210012048122029 0.14038275400914 0.244114365911779
0.103867723187893 0.150914966894922 0.130433933233243 0.17257610472123 0.115176504010493 0.110876157158472 0.163647888757767 0.0525067220359815
0.0748713953125621 0.235718507274992 0.0408825421508199 0.103040086412865 0.291834515022994 0.0291587960494272 0.105135037914691 0.119359119861648
0.1879007324278 0.186336871289467 0.201753710772949 0.140391111529195 0.0685145450118977 0.190633488174162 0.0044757627646923 0.0199937780298361
0.146446112382821 0.175872289694023 0.151041904065885 0.0848833970220414 0.0664792329786121 0.105557382682866 0.152631005654925 0.117088675518826
0.100224422414718 0.184536129361284 0.0154339958960311 0.140311090893832 0.190458467194669 0.149198956309956 0.116710707569339 0.103126230360172
0.127817752966627 0.174405101506255 0.0095191697821569 0.111124519935882 0.209190818766309 0.167671449165195 0.0924870623768501 0.107784125500725
0.0434604452011133 0.0265820369714233 0.252887360678996 0.154685198454513 0.211746410079702 0.0149837349477323 0.285497451092356 0.0101573625741644
0.0209465912610308 0.230188631172759 0.23980812688256 0.028358894439921 0.164782156813994 0.111014957390073 0.011518246959457 0.193382395080205
0.186783715132411 0.05057233287524 0.0971668136222395 0.131140819202879 0.155276084179827 0.022720964044313 0.18211991608896 0.17421935485413
0.173448468381928 0.109776617281376 0.0764630334199667 0.0380699067765626 0.114306612658173 0.254226246874648 0.228127945294438 0.00558116931290669
0.185221511419646 0.223368649235603 0.0978503476374099 0.0554093199707858 0.0314692100561873 0.180107822686716 0.178313151658103 0.0482599873355487
0.368789409925591 0.122788608785668 0.0415217207154315 0.0238913318306455 0.103660391221822 0.01451030681595 0.0924512191319702 0.232387011572922
0.150881873268905 0.166133117468568 0.14650432531316 0.0187213107087874 0.180384458273917 0.15660660326968 0.0171844193580257 0.163583892338957
0.0564101533153641 0.0052329785205393 0.215649732130382 0.158349068217776 0.16992217611534 0.116509419503486 0.223918508635803 0.0540079635613098
0.190238442303709 0.254128858180741 0.0667026530059392 0.173712165363372 0.066450706846907 0.143711461360902 0.0371245720533678 0.0679311408850627
0.0852094654764716 0.147583767526199 0.0871066048988998 0.18615608445134 0.237182912548876 0.0302063269801122 0.11193634878234 0.11461848933576
0.0379048191823456 0.195923313949702 0.123847553877235 0.121918912306187 0.122649480158118 0.0499390682675061 0.133338340657418 0.214478511601488
0.273156277201845 0.188565433182692 0.0326096864488701 0.110619299966137 0.142143213642542 0.108331450478232 0.0977125005779372 0.0468621385017457
0.0960961135422421 0.289880894740972 0.0189347678912169 0.296723571590403 0.114164579048507 0.0998061011794902 0.0687510838994104 0.0156428881077587
0.209013396572009 0.104050212186829 0.000316275083607032 0.0685466815410628 0.284864858251985 0.0202160820156299 0.086962591438199 0.226029902910678
0.082214159057315 0.134640436303232 0.0112245113688662 0.105911272069623 0.111385383245871 0.137413822342442 0.230078284831515 0.187132130781136
0.152924592429614 0.096031237383458 0.173130074858215 0.0394154851210137 0.173785247360587 0.144012050510577 0.0612049638350958 0.159496348501439
0.261003051246541 0.182796129465571 0.196069746165481 0.0871453751099072 0.0629417333297057 0.00903933549685731 0.0314865880070879 0.169518041178849
0.119933641335173 0.121260758837478 0.0943794350430107 0.171797318339655 0.175356717857208 0.0751870213686942 0.091209638428029 0.150875468790752
0.258530196355391 0.00753880528378753 0.206171643307666 0.0647867355236189 0.0336304389279802 0.0531336053023775 0.21793529491798 0.158273280381199
0.0919692702070188 0.213339979967073 0.215415882490227 0.201697407330365 0.0303732953900849 0.0213321428405559 0.120715816575955 0.10515620519872
0.0655675790434987 0.185370155667196 0.0778185675358239 0.130678934204729 0.194928986967699 0.106944512982895 0.0161258761422355 0.222565387455923
0.136100031004001 0.125284823437678 0.054571306519587 0.24798459982829 0.108712533066392 0.136543920415028 0.144579756834956 0.0462230288940686
0.29498651468568 0.0108359188568213 0.0126796101885691 0.124778368907053 0.133205601777764 0.0470289352028393 0.279475660699335 0.0970093896819382
0.0484790615433205 0.0741636865428389 0.0971844660072364 0.190945313353211 0.214081302272092 0.185892088305019 0.0278400192655712 0.16141406271071
0.0960354462043965 0.069447060131293 0.087100862117216 0.157973054316771 0.0113338757643716 0.1077229708849 0.234821804350928 0.235564926230123
0.0741848651923111 0.034310801288972 0.175128339742023 0.146795095217139 0.150530470915035 0.15465281263282 0.138993028306289 0.125404586705411
0.151686688128613 0.230344007422682 0.067629134524487 0.165762515997184 0.162925013036821 0.11735938528549 0.0449120129848259 0.0593812426198981
0.286433843202613 0.160587069826762 0.0602388928448912 0.123515138280235 0.0813458103167446 0.195293492290949 0.0393245713020503 0.0532611819357549
0.198181214600251 0.180381482597094 0.0334051471710272 0.150348385694638 0.065875648347952 0.0189310497912556 0.105457896317693 0.247419175480089
0.0553349942368214 0.0135638427312472 0.134183991737492 0.110246616671184 0.187091682461247 0.203153349269165 0.0780015325133381 0.218423990379505
0.0365737449219636 0.284122000484082 0.11224148535289 0.283290927765661 0.121544093312861 0.0275041418219963 0.0974286056087935 0.0372950007317538
0.226993657291216 0.178737752879796 0.150876116868225 0.0431494832973344 0.14709366269619 0.179964148625047 0.0259328678444323 0.0472523104977598
0.1979828648834 0.154677618096762 0.0664308888331778 0.102408050016685 0.0668157139772931 0.132023293483215 0.208294370140237 0.0713672005692295
0.208397775208362 0.0528853514416464 0.199069337871102 0.160273381270887 0.126848803414079 0.100376617856063 0.045389050415072 0.106759682522788
0.123291804535761 0.127128510096972 0.106037800091262 0.167032825351382 0.0827024277001351 0.166703499435313 0.0831154391138717 0.143987693675303
0.0526668881806832 0.070317552136492 0.0691087700548379 0.0207257785688115 0.233921778001792 0.09763368347418 0.235527401046716 0.220098148536488
0.0805612953738364 0.160321550250823 0.165134543586495 0.127829959487296 0.223408473430204 0.079931657953243 0.146786935417084 0.0160255845010187
0.0313044797411475 0.0344018190176789 0.206655233122305 0.0582873759750501 0.0686940822842864 0.124793548615481 0.226681990088169 0.249181471155882
0.0958428904825758 0.193610636130115 0.180142243468789 0.153632406727047 0.0344042834721363 0.156535384174807 0.0041719362079417 0.181660219336588
0.0850689914029749 0.287841856657949 0.0591693538091763 0.0241514567125462 0.219672508775028 0.10835227128833 0.0762947268255475 0.139448834528449
0.181254978893799 0.0899291184081491 0.149388562325874 0.136929080005493 0.0258123222733531 0.155064845607025 0.0980176341804795 0.163603458305826
0.141764987304412 0.143042785587525 0.193111599943634 0.198316443894656 0.00406850909957815 0.120896807541953 0.181955552776758 0.0168433138514839
0.18351794671096 0.203132449244937 0.138138426386243 0.155817349691248 0.0114607092547247 0.0385583216661075 0.236855660857994 0.032519136187786
