0.0884265467895751 0.309488875932497 0.319474793249731 0.282609784028196
0.39584808167466 0.177482980775207 0.172005780195404 0.254663157354729
0.341914596343459 0.102809917012193 0.333778771766972 0.221496714877375
0.136829693617074 0.496404418497621 0.121253734115435 0.245512153769869
0.487388002096309 0.144151769884618 0.121314494555919 0.247145733463154
0.0130082816120489 0.500732460924373 0.271781625109199 0.21447763235438
0.24860483965093 0.329580180315158 0.397315591778257 0.0244993882556546
0.0955514773295918 0.380040450808158 0.159903436260681 0.364504635601569
0.0834868946661323 0.28818208557302 0.12425569743747 0.504075322323378
0.232360245151677 0.118862929718925 0.324097301442146 0.324679523687251
0.227691611390472 0.260387375844648 0.257919748689094 0.254001264075786
0.201025273755263 0.159130238753361 0.254811440560509 0.385033046930868
0.226204110623975 0.26091478986744 0.255091677096102 0.257789422412483
0.441889786725233 0.297866603318751 0.218613103776518 0.0416305061794983
0.0306835500826326 0.00934489723665463 0.240913817041389 0.719057735639324
0.409352541736452 0.161995485029053 0.0170199539803784 0.411632019254116
0.319860617118346 0.252081287447493 0.186767261015928 0.241290834418233
0.175774116334451 0.326656825651464 0.141131303005769 0.356437755008317
0.0364122681419529 0.750634487393734 0.1402160393978 0.0727372050665122
0.287681016357645 0.211903687295505 0.248189473801686 0.252225822545163
0.0230265261407118 0.399960870163576 0.294455299722048 0.282557303973665
0.232886744653577 0.30368653397069 0.197446971165683 0.26597975021005
0.62919415605815 0.00911133704731851 0.30971841908192 0.0519760878126122
0.461108603681839 0.0525705612418216 0.0715182080592002 0.41480262701714
0.278674723923121 0.168317225392442 0.336489774797331 0.216518275887106
0.371867410921552 0.0436567751719228 0.20383940208891 0.380636411817615
0.134483953706202 0.545163076640459 0.0211253462108423 0.299227623442497
0.350101938154613 0.449649921872694 0.109507903017512 0.0907402369551821
0.272516732283238 0.309245910327275 0.249207515781573 0.169029841607914
0.280679462457948 0.28787663540866 0.145879409604017 0.285564492529375
0.0313444230431041 0.243414295851792 0.459018089452279 0.266223191652825
0.13200659980797 0.338217933974748 0.274159765160011 0.255615701057271
0.21754997995246 0.270438109124367 0.370674874005548 0.141337036917625
0.257394048231434 0.16460504606284 0.014815574869874 0.563185330835852
0.334317987344923 0.145721710207525 0.442560645257216 0.0773996571903361
0.161806841342733 0.312381391323177 0.250262595279453 0.275549172054637
0.254786044506741 0.626256617773856 0.0414566227336009 0.0775007149858024
0.263481423075272 0.410609045186292 0.129876417887016 0.19603311385142
0.240682616268076 0.135791865669891 0.270444171846961 0.353081346215072
0.311045755478744 0.321484323027769 0.31989345157097 0.0475764699225172
0.275268759313128 0.396615718299511 0.136049313503272 0.192066208884088
0.0657636843612254 0.105299742827253 0.483385482619914 0.345551090191608
0.0732114782181876 0.0994372080139832 0.502112938708271 0.325238375059558
0.327888568435693 0.251818911025326 0.020610976865874 0.399681543673107
0.424210834964235 0.205562012140765 0.199589730245101 0.170637422649898
0.211397590516824 0.0326364236761932 0.48151069619509 0.274455289611893
0.0101250756204642 0.456102640769371 0.0701392146895627 0.463633068920603
0.296416913736113 0.06261487768224 0.3500318643085 0.290936344273146
0.17558126147471 0.208687455789414 0.325570094727258 0.290161188008619
0.190075929120185 0.387166288479221 0.0851650162029435 0.33759276619765
0.11960286436618 0.286409667121199 0.178617345509382 0.415370123003239
0.343557042008745 0.0736062896935073 0.342237525326408 0.240599142971339
0.10115339007192 0.325076681473689 0.270854904081525 0.302915024372866
0.419059015735384 0.287497218615341 0.252692958083395 0.0407508075658803
0.0537456610443843 0.496187009040848 0.0161045072491707 0.433962822665597
0.389343210099389 0.286027774905226 0.133130264090399 0.191498750904985
0.260751379474766 0.250536581050833 0.243144014934422 0.245568024539979
0.0134818524107095 0.302416968121008 0.271887045900613 0.41221413356767
0.189052903141619 0.00425284721700091 0.499365856996243 0.307328392645137
0.279531309960273 0.231991831873734 0.0701610377537513 0.418315820412242
0.232007560646848 0.173466166791255 0.399906989107679 0.194619283454218
0.259281239188319 0.1127655595195 0.396091192096228 0.231862009195953
0.135427566167199 0.433934761659659 0.278328843140256 0.152308829032886
0.191089013143923 0.218997958929826 0.0826954113789155 0.507217616547335
0.212561889712455 0.39781143140927 0.158044337924804 0.23158234095347
0.162530627129771 0.423421946038233 0.344245067258637 0.0698023595733588
0.397199552447096 0.115974152610559 0.26465747076628 0.222168824176065
0.125447076003468 0.201802603233262 0.427123003610155 0.245627317153115
0.18753114295466 0.309647389945325 0.299625381712502 0.203196085387514
0.433478440087298 0.118495429282203 0.365239376802998 0.0827867538275014
0.373314188271703 0.138166359808267 0.0846138423229396 0.403905609597091
0.351047500751313 0.0565440325123469 0.429307769729233 0.163100697007106
0.122008438667532 0.145515682452524 0.146170083934725 0.586305794945218
0.0483421704166324 0.332023255525755 0.282780875687122 0.336853698370491
0.137199795151664 0.295673629398758 0.114730991046683 0.452395584402895
0.0452583821443104 0.244749145168391 0.441967700591403 0.268024772095896
0.119835907099676 0.522276990367491 0.0152852362669763 0.342601866265857
0.640768390115211 0.122298677899026 0.114852791636147 0.122080140349616
0.202770683514525 0.1589500439458 0.302543473146544 0.335735799393131
0.379403491651657 0.169135856091229 0.128358104120192 0.323102548136922
0.135140963541095 0.279432463693773 0.187109230562021 0.398317342203111
0.410717026545515 0.404708498991965 0.0878292106552958 0.0967452638072244
0.00761233296011477 0.456939116029479 0.18477699769015 0.350671553320257
0.0825870242987213 0.424402263168763 0.0775224326120524 0.415488279920463
0.305912090949591 0.33334462828691 0.135037302580944 0.225705978182555
0.0210446058654533 0.327478600369624 0.246532692742141 0.404944101022782
0.368153865954187 0.549900143265507 0.0617285415383032 0.0202174492420033
0.521264092906198 0.0795341301151888 0.102292255181043 0.296909521797571
0.357653138332411 0.0534629566513059 0.108067568685704 0.48081633633058
0.0603884663212706 0.480119432699116 0.253794761661078 0.205697339318536
0.291302357395694 0.182921600570031 0.0439929236869696 0.481783118347306
0.251300833502603 0.181126239088915 0.108911033743756 0.458661893664726
0.1091347758721 0.313026545858338 0.322629975419153 0.255208702850408
0.309077542878382 0.284411641332995 0.344242695711635 0.0622681200769881
0.0329848197572743 0.286622241749901 0.40199027201208 0.278402666480744
0.2350865102151 0.471670319489698 0.0946707611076275 0.198572409187575
0.334118873460905 0.0889306659884962 0.345380345452359 0.23157011509824
0.329372048060245 0.0687957113466838 0.278178811685752 0.323653428907319
0.160986570785964 0.114208791806262 0.252329854106991 0.472474783300784
0.325362058251253 0.309370363969861 0.329777951743599 0.0354896260352865
0.297688982536622 0.222788553288863 0.13299960168645 0.346522862488065
0.070373479285626 0.414674543181372 0.416647520231404 0.0983044573015976
0.0535454567769053 0.289689238453874 0.195087422597393 0.461677882171828
0.227900819938284 0.183712591927323 0.279113820904517 0.309272767229876
0.302689780721489 0.231211474266574 0.187004410558292 0.279094334453645
0.117552301516631 0.366118385304982 0.165587235960464 0.350742077217923
0.320962794743888 0.358230176807926 0.176121197319183 0.144685831129003
0.212485446975993 0.367469756443584 0.189647969583941 0.230396826996482
0.175325700412175 0.403276879285629 0.287353945648623 0.134043474653574
0.407130440797738 0.0214091479929528 0.331752549947113 0.239707861262197
0.216040046165242 0.339249404124729 0.34572928769494 0.0989812620150885
0.159615344291865 0.337320216970407 0.158577901808764 0.344486536928964
0.0998307344654869 0.306945213257718 0.152249278140638 0.440974774136157
0.0895225549909425 0.350754823757858 0.528957560923174 0.0307650603280254
0.0157561374979378 0.479046600537701 0.317810022902756 0.187387239061605
0.404352080309161 0.324576534823629 0.203165100972328 0.0679062838948818
0.162432629081594 0.316659567232403 0.258371971292506 0.262535832393497
0.0739113798219204 0.358581309090943 0.237047405043968 0.330459906043169
0.294153252458455 0.222522568763877 0.323677677428486 0.159646501349181
0.392677070238397 0.180362827889705 0.374266366645326 0.0526937352265717
0.0576232816858198 0.0134841024600343 0.463137909575687 0.465754706278459
0.29429231510495 0.121770408626335 0.489428942132972 0.0945083341357422
0.147292353576819 0.42722080059742 0.00726393504370417 0.418222910782057
0.385281958363258 0.0169016260276914 0.398555034609522 0.199261380999529
0.152130253948614 0.288926696713097 0.273926610284493 0.285016439053795
0.392984232153421 0.317584618129376 0.198370758621038 0.091060391096165
0.0770128216397078 0.461367461223565 0.00539948620981034 0.456220230926917
0.241887278183126 0.222585446907654 0.253053912234409 0.282473362674811
0.0319711253627851 0.437857479598479 0.420961282686449 0.109210112352287
0.259629912118687 0.299466186265809 0.362593388282437 0.078310513333066
0.156766126799403 0.117242634884655 0.537994605914941 0.187996632401001
0.163760093767382 0.552838481788828 0.079660663294731 0.203740761149059
0.270319516758778 0.26309758967295 0.359349146089889 0.107233747478382
0.149213591836371 0.417080527356889 0.408230991972065 0.0254748888346745
0.0800303689733397 0.34389580993685 0.452063107373069 0.124010713716741
0.19210548224792 0.204253026353258 0.296319019167267 0.307322472231555
0.252585194785121 0.329620037189957 0.131566331050003 0.286228436974919
0.188010294922301 0.297426208235614 0.256772592158419 0.257790904683666
0.252654800458964 0.283817616604475 0.126508242276821 0.33701934065974
0.382098267616604 0.206186484723283 0.14874929512859 0.262965952531523
0.524380945008892 0.0509314537129877 0.136883100058365 0.287804501219755
0.0108635166211756 0.290885930577867 0.468186852325909 0.230063700475049
0.0852959168221096 0.339336936673617 0.335086161143798 0.240280985360476
0.179966006285682 0.286645650636907 0.352454238641557 0.180934104435854
0.147183879354767 0.0470593331315848 0.520260282125608 0.285496505388041
0.380884780030131 0.434519591444243 0.107737003648393 0.0768586248772325
0.322640695676648 0.358814648236127 0.014402790544324 0.304141865542901
0.185394225056844 0.262992373328612 0.046083936738822 0.505529464875722
0.236474064534491 0.01795789638858 0.363633687217296 0.381934351859632
0.145819233633106 0.472311878394218 0.0659370397385544 0.315931848234121
0.107533959589905 0.0039350737584808 0.366092426678114 0.522438539973501
0.210132132700626 0.0586585525036277 0.388046880209746 0.343162434586001
0.243875585344089 0.298613258232566 0.292691794985285 0.16481936143806
0.347352891047212 0.183556114949608 0.231325439489378 0.237765554513802
0.293047459022297 0.246080689476748 0.13771443690293 0.323157414598026
0.439242322938758 0.0680261478852395 0.465158945146254 0.0275725840297481
0.0149726799776195 0.562843710219161 0.0189912447327507 0.403192365070469
0.0870909961820199 0.261735915499748 0.299291039587209 0.351882048731023
0.0411672372797768 0.634898504763288 0.106725429955078 0.217208828001857
0.190516284231374 0.0975005368195636 0.323813742784508 0.388169436164554
0.401900727347877 0.0763481359166827 0.413002957712273 0.108748179023168
0.136498489608382 0.304275946579728 0.256136748390992 0.303088815420899
0.225810278070591 0.248080785012233 0.0503623823428252 0.475746554574351
0.276999237066964 0.153508610032786 0.191521591848459 0.37797056105179
0.301026517382072 0.0916665945110712 0.270527063608412 0.336779824498444
0.294319563097155 0.165341056266188 0.33672716442348 0.203612216213178
0.484164496543813 0.398964371178039 0.0255393102678614 0.0913318220102867
0.334535807919729 0.487423420428014 0.0376721205280616 0.140368651124195
0.406182612787923 0.320443233293664 0.0130563414465006 0.260317812471913
0.310415591840515 0.255256171315483 0.0917225494571504 0.342605687386851
0.249307022489729 0.344467829886671 0.078434673840311 0.327790473783289
0.39240146858777 0.121815477416061 0.237133041982409 0.24865001201376
0.417980802681396 0.387155090961903 0.0153169071405035 0.179547199216197
0.232385313728026 0.07258228702654 0.129743219061517 0.565289180183916
0.327835086955868 0.100409448482033 0.267965583381484 0.303789881180614
0.292720129148287 0.351943743097801 0.0926085154308786 0.262727612323034
0.0213936879273975 0.258951023268982 0.129618606525322 0.590036682278298
0.46154793407171 0.152266567697771 0.214488189043878 0.171697309186642
0.0474985546317 0.609072231828602 0.00212420466412991 0.341305008875568
0.0827071368794911 0.357953337596739 0.373146218719159 0.18619330680461
0.371578811691276 0.259125737014106 0.278471278216944 0.0908241730776732
0.139558056782094 0.365953766748099 0.106636485053865 0.387851691415942
0.139273183746405 0.283318480383123 0.332929509105571 0.244478826764901
0.0494530022658293 0.339566126557525 0.386657287235092 0.224323583941553
0.178480844461996 0.394396655661298 0.0730673902664706 0.354055109610236
0.206318458492651 0.380711804598816 0.0950035265331315 0.317966210375402
0.140585989883482 0.390975460131502 0.166089338407781 0.302349211577235
0.0990743496842913 0.351885066845025 0.217401618794186 0.331638964676497
0.182365463379106 0.356202285891773 0.385376689551189 0.0760555611779311
0.096649305039597 0.329529181762581 0.0402952055691892 0.533526307628633
0.230289413789266 0.238444554089535 0.0047045628963243 0.526561469224875
0.394565905387995 0.147114204515754 0.0776317270485873 0.380688163047665
0.0415518394570949 0.372438080053386 0.308825229949085 0.277184850540434
0.289788762683091 0.413745154446215 0.238367688192645 0.0580983946780479
0.227955945569954 0.117019089048588 0.217448206407641 0.437576758973817
0.247592656126401 0.300939063175709 0.212467230763916 0.239001049933974
0.565220198943844 0.33469448612396 0.00392989022793497 0.096155424704261
0.283965359885784 0.290525837632396 0.154997802295946 0.270511000185873
0.285276328355538 0.370213295112546 0.0455090287276709 0.299001347804246
0.388418929616532 0.29958622853846 0.22167965857575 0.0903151832692581
0.480160753426675 0.138231530067466 0.253723721911935 0.127883994593924
0.234385486060799 0.468761228780321 0.211193420765059 0.0856598643938212
0.289385007073611 0.318504301100845 0.0432754512565039 0.348835240569039
0.390855216200793 0.0994988011769282 0.0934947097339831 0.416151272888296
0.710825474417523 0.229713799357029 0.0172901643216497 0.0421705619037976
0.15832383484976 0.016947063751111 0.368037109166972 0.456691992232157
0.325849395857451 0.0802973551547649 0.442204004939434 0.15164924404835
0.12368836834115 0.267213162152649 0.27691551262231 0.332182956883891
0.244179057032381 0.186425663899854 0.0178172152412418 0.551578063826523
0.241154288386241 0.219418876244105 0.0895868996861494 0.449839935683504
0.00653625572530361 0.0046234914276933 0.612816311346188 0.376023941500815
0.175418254147372 0.394131019865959 0.376542796774151 0.0539079292125177
0.100476078580829 0.214364838193831 0.375652095000714 0.309506988224626
0.190912302683744 0.0345583063187448 0.468723001839431 0.30580638915808
0.0244427891225683 0.243078403342015 0.31469796748351 0.417780840051906
0.14784182071427 0.383111615518457 0.26191903238496 0.207127531382314
0.454194899064425 0.277115646532465 0.184661468554217 0.0840279858488925
0.293778243164878 0.193039058336369 0.314907245546459 0.198275452952295
0.313794369262869 0.0115798724641787 0.461860486821691 0.212765271451261
0.503075966339208 0.222152978710373 0.104771579605969 0.169999475344451
0.173387646828711 0.058253856090332 0.625873974405135 0.142484522675822
0.212740249761746 0.573090409721781 0.0716506445245085 0.142518695991965
0.0786789045917338 0.433893072587397 0.179845579222159 0.30758244359871
0.0560187800195263 0.387892562314791 0.396927774011845 0.159160883653837
0.320088126336857 0.15073513743915 0.0979911076424503 0.431185628581542
0.2510933236988 0.271472371788662 0.270017107951395 0.207417196561143
0.249293734689378 0.100589464480895 0.427752139868332 0.222364660961395
0.369421352050129 0.214459037901133 0.120021194802006 0.296098415246732
0.226611998022731 0.12969524601943 0.305680250721735 0.338012505236104
0.0730164132651244 0.28564689018774 0.430748393228612 0.210588303318523
0.291788953332512 0.254308509718797 0.138066615119425 0.315835921829267
0.110504913344486 0.119011834016406 0.361515578535315 0.408967674103793
0.42154449406013 0.384207405972626 0.0245784714500127 0.169669628517232
0.125709388951071 0.106361439745726 0.464845253244436 0.303083918058767
0.200713083280313 0.235262926575619 0.0110783687344081 0.552945621409659
0.252422741617313 0.222280844941352 0.139283809882654 0.38601260355868
0.355690917122836 0.387542946553997 0.119805250389739 0.136960885933429
0.0323465995085586 0.515164320536625 0.41397493853433 0.0385141414204865
0.214520491032175 0.0964375526427558 0.417154162816987 0.271887793508083
0.0764471765586011 0.0374808480824846 0.525382371333194 0.36068960402572
0.271501694991334 0.288215527405713 0.166788898758263 0.27349387884469
0.324190359614857 0.13041406843723 0.367948685764891 0.177446886183023
0.0782444012017409 0.391520107304835 0.455348908769207 0.0748865827242173
0.31449604249126 0.0224916095044386 0.206506248178119 0.456506099826182
0.271079447633938 0.110003603636189 0.442913544105735 0.176003404624138
0.192521344583377 0.42228410895779 0.175338250940087 0.209856295518746
0.107031202494633 0.332535232653669 0.225337485977676 0.335096078874022
0.231650045505533 0.283925674254398 0.315506803787171 0.168917476452899
0.221139663000029 0.208048072949296 0.26901733614481 0.301794927905865
0.309109666849178 0.0906293417092896 0.301110383817394 0.299150607624139
0.286981590314327 0.313502332783112 0.272228179086489 0.127287897816072
0.304935312729577 0.363014811840308 0.302043935573259 0.0300059398568566
0.285901206892814 0.47195450549666 0.143495423661073 0.0986488639494538
0.448846005000472 0.0635739435362055 0.114835622497017 0.372744428966306
0.24498974339211 0.228880783328613 0.25612012456877 0.270009348710508
0.404657604845828 0.198581749049855 0.209003683409736 0.187756962694581
0.23588039873725 0.404231869444396 0.200873929512185 0.159013802306169
0.274638014434514 0.158941822163489 0.334414468631616 0.232005694770381
0.211013112915717 0.344614189545621 0.174684218631434 0.269688478907229
0.189674723880095 0.580408460072183 0.166092230095353 0.0638245859523697
0.204115104845164 0.150043743287599 0.631862209409069 0.0139789424581682
0.368062648351852 0.0507225225377879 0.544741299341317 0.0364735297690432
0.258648676385489 0.349827296503763 0.294992453784441 0.096531573326307
0.311809266541417 0.258136518221365 0.259735255337816 0.170318959899402
0.257742422293038 0.247968547344811 0.310498411098328 0.183790619263823
0.278688725294412 0.241303679097849 0.391209762860978 0.0887978327467609
0.123551936857871 0.425875910773753 0.437900820967561 0.0126713314008139
0.212495636609155 0.196605179948821 0.483120573280481 0.107778610161542
0.393546517292177 0.347138919846661 0.241639230023737 0.0176753328374253
0.240339553233533 0.381447905234857 0.294654817132978 0.0835577243986317
0.294402315989721 0.168775734156957 0.23643660801472 0.300385341838602
0.289802476264597 0.373103257451974 0.160780778764627 0.176313487518802
0.00862144491591041 0.540818448805369 0.262230943466934 0.188329162811786
0.272350243154837 0.113069392031199 0.23725583446944 0.377324530344523
0.368310979669693 0.173681236349023 0.0012968749606616 0.456710909020623
0.214739523640099 0.1400673761254 0.341385894958634 0.303807205275867
0.27360113113453 0.1925366670029 0.306895875856303 0.226966326006268
0.278974866140204 0.366510226160499 0.276900405277939 0.0776145024213578
0.337450452310137 0.0200225400169813 0.183217503917495 0.459309503755386
0.257635495201128 0.243986884073187 0.130204412889769 0.368173207835916
0.342862165780767 0.0970668608227543 0.262052567453085 0.298018405943394
0.104191078821405 0.0725885265041265 0.43292356130031 0.390296833374158
0.281126753632186 0.237045987486201 0.182264164091777 0.299563094789836
0.112833799662935 0.163303112469521 0.291003550010551 0.432859537856994
0.155697086792837 0.0660636093882603 0.363746217218782 0.414493086600121
0.0837857831019781 0.262967326105222 0.255780751722329 0.397466139070471
0.450372646976587 0.146010434338329 0.266944303881483 0.136672614803601
0.374670831264206 0.105772017238296 0.236291230816437 0.283265920681061
0.205515553713944 0.325945193827082 0.0720987509635335 0.396440501495441
0.0607886023949793 0.471443963050549 0.35996585592884 0.107801578625632
0.424775874978721 0.20572400802491 0.148559844009125 0.220940272987243
0.489567299571303 0.0034642888044493 0.487445204311004 0.019523207313244
0.145313421997569 0.498432172270201 0.283995542277068 0.0722588634551609
0.248954645054816 0.127968598113059 0.305360088200957 0.317716668631168
0.296079787127788 0.174358863383159 0.0474000622257705 0.482161287263283
0.368369116751243 0.362658067283989 0.123798739335161 0.145174076629607
0.182398770925759 0.0473359565894264 0.0450408696084925 0.725224402876322
0.262737672850478 0.309046955315446 0.279118683463458 0.149096688370619
0.429611105829389 0.345889489737815 0.167062638425073 0.0574367660077234
0.518710496118653 0.196036893184592 0.284984301834483 0.000268308862271747
0.0746506954752617 0.270343586804333 0.223858871696678 0.431146846023727
0.182759700573244 0.36421417868832 0.269456583166312 0.183569537572124
0.237624235792609 0.148165905672118 0.549562900854434 0.0646469576808395
0.314638295574074 0.277837814423217 0.221929585450678 0.18559430455203
0.0881207976789693 0.396070422546554 0.250507265372351 0.265301514402126
0.127279866449299 0.311410269366463 0.135492249220765 0.425817614963474
0.268426479560768 0.258148589015852 0.249725891164282 0.223699040259098
0.592737841304478 0.186133588422068 0.104777453434698 0.116351116838756
0.56785862798797 0.0123837111476959 0.372712014107258 0.0470456467570758
0.00248730024313357 0.479176169247762 0.420187660513272 0.0981488699958323
0.258553069328456 0.222506413093468 0.258019248662036 0.26092126891604
0.0585405891467658 0.376154370669699 0.321912847050073 0.243392193133462
0.0677110786577697 0.192930569463297 0.475826405359939 0.263531946518994
0.297892322062921 0.236601688731271 0.385180128712713 0.0803258604930945
0.414666594524054 0.132822229432392 0.0296541060003992 0.422857070043155
0.346735863992805 0.242647147015782 0.254141802993029 0.156475185998384
0.369191393174506 0.0174932488663726 0.24706070750945 0.366254650449672
0.219377053653456 0.153462018640434 0.27932663539858 0.347834292307529
0.161359753741594 0.12358699466174 0.383069029467052 0.331984222129615
0.0210437582836961 0.188469803567427 0.625924948206542 0.164561489942335
0.304077101128211 0.241900175645211 0.175790134361351 0.278232588865227
0.271513843017928 0.316674295042605 0.228840588533778 0.182971273405689
0.315079030830664 0.0803173161624114 0.356254202047584 0.24834945095934
0.0247926960025355 0.509878634060652 0.42980890028757 0.0355197696492425
0.621855831972818 0.129364220036749 0.185404245063894 0.0633757029265395
0.157402169357028 0.422114777864747 0.387900776819914 0.0325822759583111
0.181719219331837 0.389931097142742 0.187529165411571 0.24082051811385
0.281501015726833 0.0116231662377164 0.244868174755118 0.462007643280333
0.374971198217508 0.229212249556297 0.243689973550757 0.152126578675438
0.270196251807065 0.160764735331982 0.291167528060549 0.277871484800404
0.188495074400033 0.312939328067648 0.301528126896651 0.197037470635668
0.645092905069158 0.0862165500870712 0.130108265326248 0.138582279517523
0.12323568719901 0.252748742183205 0.380495569878715 0.243520000739069
0.519947430795281 0.0147846526816259 0.12142028805426 0.343847628468833
0.099071355829712 0.352710456124306 0.221642664658354 0.326575523387628
0.38875039458783 0.436029626863474 0.0604247650282908 0.114795213520405
0.43793926854613 0.337784893190086 0.198455787953954 0.0258200503098298
0.504671011390024 0.0156687620544369 0.191525295513414 0.288134931042125
0.393740322392818 0.227068230392884 0.332992800132312 0.0461986470819862
0.103640019891947 0.386171144293011 0.16340179598458 0.346787039830462
0.146884725614042 0.632169021217891 0.143772457685411 0.0771737954826559
0.0669654253293826 0.380392662190556 0.12529865702246 0.427343255457601
0.268591208238968 0.396571383137047 0.241148670188592 0.0936887384353925
0.391717201552751 0.0543257344860301 0.269647800691903 0.284309263269316
0.0306449473366298 0.21387127275829 0.410949731679378 0.344534048225702
0.298859674396797 0.307264322611726 0.0501275380104372 0.34374846498104
0.00476480438371154 0.288430874885507 0.184002678911884 0.522801641818897
0.395698683610688 0.410916151980825 0.0916708393806623 0.101714325027824
0.315588675996369 0.0866646161718766 0.439634885449785 0.158111822381969
0.423988600931598 0.0589064575611747 0.446520574692404 0.0705843668148233
0.551953160925811 0.0701777951681959 0.284273507120432 0.0935955367855612
0.0029573389163112 0.276143801132284 0.438999890015787 0.281898969935618
0.23193488353678 0.347605785468213 0.342118238948824 0.078341092046183
0.0968547987014281 0.112440888604933 0.306054613803863 0.484649698889775
0.231809777827548 0.319301838532418 0.289970493887047 0.158917889752986
0.31180369281068 0.24909875736609 0.310318856063853 0.128778693759377
0.157757268781509 0.485905915476055 0.0954334981016282 0.260903317640808
0.191241488792071 0.156972478746909 0.265925211406223 0.385860821054797
0.447794633858467 0.123132395521173 0.282943725249011 0.146129245371349
0.215611880548481 0.429619955982602 0.00393498853554974 0.350833174933367
0.532287475740038 0.158174394706832 0.306150479945129 0.00338764960800065
0.413504827622855 0.187802256476795 0.207731199639286 0.190961716261063
0.564811876634654 0.213567403269943 0.0947699888576186 0.126850731237785
0.387657759192832 0.11807286747304 0.294133392338033 0.200135980996096
0.123686352351478 0.294710434646575 0.296078417678534 0.285524795323413
0.323335950790407 0.160380587020679 0.114277596334371 0.402005865854542
0.227119195577759 0.188707557246014 0.106630753301789 0.477542493874438
0.333880321118607 0.170193588923459 0.396626254096882 0.0992998358610515
0.182262461193994 0.372215724009846 0.404028806648516 0.0414930081476442
0.362046402597577 0.330800740176948 0.0537439517935789 0.253408905431896
0.493712372004024 0.213277760147469 0.175533645300889 0.117476222547617
0.0765477244056653 0.40132920115562 0.480311321965211 0.0418117524735043
0.58519808216898 0.0734560351853893 0.0269834728853979 0.314362409760233
0.385716225942873 0.04719610444056 0.128655616644436 0.438432052972132
0.0669561276567915 0.138772286818999 0.308055456729809 0.4862161287944
0.305937368918091 0.184200189180796 0.351790695022149 0.158071746878964
0.190767846961204 0.233853276979036 0.187873406307952 0.387505469751808
0.0514097502724954 0.0528338376503501 0.160221078344943 0.735535333732211
0.183319073215794 0.138243096061291 0.273209379810777 0.405228450912137
0.0372748509720644 0.522345262895143 0.0331020216109439 0.407277864521849
0.325818847084751 0.289782264708627 0.263552974526373 0.12084591368025
0.227018779685698 0.197289978137165 0.323255222102926 0.252436020074211
0.173130882562332 0.303847298160687 0.16238616093695 0.360635658340031
0.208210609650977 0.346197692246944 0.172050964116691 0.273540733985389
0.194757934099184 0.51174179087329 0.00609397945740496 0.287406295570121
0.234828118992998 0.181021333034753 0.199136504237727 0.385014043734522
0.119255339837947 0.489352175219214 0.370083763953166 0.0213087209896734
0.0803869519397062 0.25707874798752 0.341329993320861 0.321204306751913
0.215732552385559 0.340071052631226 0.362092327791811 0.0821040671914036
0.157981851375993 0.384264541672523 0.262550329340104 0.195203277611379
0.33212659835588 0.037492834067492 0.247320495852928 0.383060071723699
0.307417119423698 0.311383912712545 0.15706946556688 0.224129502296877
0.212805434797972 0.254332351549774 0.292178698418271 0.240683515233983
0.288402266256975 0.114962793039239 0.360616701076728 0.236018239627057
0.310195238581003 0.502742288533075 0.104698475642169 0.082363997243753
0.354218361472523 0.223414247777353 0.228891159662879 0.193476231087245
0.667746663635944 0.010374632812409 0.0979704810173976 0.223908222534249
0.171303663140434 0.338850783126722 0.302190469068047 0.187655084664798
0.105177791124125 0.421387020466857 0.0542390077101661 0.419196180698852
0.156956611478047 0.227854176852771 0.267778945486037 0.347410266183146
0.44674505054849 0.0250995093211223 0.45452716284795 0.0736282772824377
0.467984672634626 0.399184837163317 0.0773824898576916 0.0554480003443655
0.0806139282892615 0.238616556812929 0.350528516774258 0.330240998123552
0.358038882814234 0.107805827314583 0.322358133495111 0.211797156376072
0.406010245047245 0.294394805262432 0.0629905183781546 0.236604431312169
0.206133459540425 0.372899108657627 0.367245426365677 0.0537220054362712
0.257399448953186 0.2457605780575 0.286853983016332 0.209985989972981
0.105000929000969 0.173203638091454 0.301261430612074 0.420534002295503
0.11304047987197 0.26357526413844 0.252277043983535 0.371107212006055
0.230928306302742 0.408310316960302 0.0190318536600737 0.341729523076882
0.277463835341882 0.244091550399907 0.222328892664176 0.256115721594035
0.218572483603273 0.300586357758108 0.2326106655382 0.248230493100419
0.0332028402820943 0.236969169160248 0.306553432154662 0.423274558402996
0.245064870985807 0.29029825375521 0.216240016512285 0.248396858746698
0.267093475678704 0.224897325362589 0.168442366776743 0.339566832181964
0.379099528044638 0.127841137327114 0.328509848428057 0.164549486200192
0.228205572425129 0.405581321835008 0.314367761297865 0.0518453444419991
0.392499185929639 0.0104045804079496 0.263224940087932 0.333871293574479
0.507298784232011 0.1471526638039 0.0437630301713479 0.301785521792742
0.239981050777288 0.246465476329679 0.372500319285227 0.141053153607806
0.291239439576037 0.0872836544092754 0.263455690821723 0.358021215192965
0.300538534838756 0.111579866349852 0.377520915644292 0.2103606831671
0.319298318600684 0.207883712643624 0.297567753799512 0.17525021495618
0.0257615274561999 0.473086481195799 0.116576091832007 0.384575899515994
0.633547324186488 0.169230191129738 0.128805854480148 0.0684166302036265
0.077241592933007 0.299108982820668 0.32643886485877 0.297210559387556
0.321398118482413 0.0365210512897588 0.493154227919688 0.14892660230814
0.39392123371337 0.16528403614594 0.410582201633654 0.0302125285070359
0.398636328102051 0.30597041030852 0.00018728726162196 0.295205974327807
0.179483410528925 0.326756724788129 0.433435484899418 0.0603243797835276
0.0436301716538018 0.249075801342083 0.312704388153172 0.394589638850943
0.234837968731836 0.344271371595354 0.371168648844875 0.049722010827935
0.357859322478343 0.565701075391698 0.0469713816524035 0.0294682204775562
0.412265200990497 0.124458328513738 0.227378677843494 0.235897792652271
0.345526547782741 0.221329702611973 0.224582844253979 0.208560905351307
0.32710810545811 0.296543842284139 0.286723394179932 0.0896246580778191
0.205012683910749 0.427503016204663 0.116260784523684 0.251223515360904
0.12789784880242 0.339205420261329 0.127093268402959 0.405803462533292
0.336145310606732 0.351380971965974 0.148118696811731 0.164355020615562
0.0568196717313762 0.383898777809916 0.18942467585001 0.369856874608699
0.265509250569441 0.0423843933529884 0.290708355664393 0.401398000413177
0.027369936829173 0.242702328452288 0.424782554238029 0.30514518048051
0.148905421293975 0.182546014071722 0.301056403435639 0.367492161198664
0.145412513076931 0.272703967694551 0.150452646285602 0.431430872942916
0.0544651047781368 0.426215664131933 0.244486010059524 0.274833221030406
0.0875983214006391 0.425169634656112 0.183233502286743 0.303998541656506
0.0205653832655513 0.611142820587243 0.317548090804807 0.0507437053423982
0.614806838238965 0.178083273015013 0.158826876185758 0.048283012560265
0.209135883236796 0.258994530812062 0.335273097751536 0.196596488199605
0.0195578728494814 0.251176133250464 0.480711640780525 0.24855435311953
0.126178825911461 0.0190686988190328 0.380637069388976 0.47411540588053
0.305219145490855 0.130664147129254 0.242834574284472 0.321282133095419
0.0666940390387368 0.711600096859581 0.196002807923733 0.0257030561779496
0.165732578466129 0.315664736184901 0.412357904792845 0.106244780556125
0.148155648704536 0.207450077417427 0.393336164774572 0.251058109103466
0.224206988665722 0.256504521760251 0.233717292249592 0.285571197324435
0.479890684275251 0.357043645699556 0.0896099324569488 0.0734557375682446
0.0142075561593094 0.378858655223359 0.389243135486258 0.217690653131074
0.204425464734362 0.341468376814758 0.1024521756991 0.35165398275178
0.390233415889449 0.413945955054327 0.170202788398017 0.0256178406582066
0.237701785021369 0.112982700163138 0.400818499814649 0.248497015000845
0.182954364611998 0.228023130178823 0.268991192911567 0.320031312297611
0.221476774196273 0.454427524900983 0.0667245473801306 0.257371153522614
0.311916738677976 0.0529191080604537 0.361781417134909 0.273382736126661
0.109185817210735 0.440525185054904 0.437583996727662 0.0127050010066998
0.214086309744282 0.338821726579736 0.289754042551993 0.157337921123988
0.245498831178149 0.278206058045815 0.196649743330698 0.279645367445337
0.158269070108395 0.218379345598507 0.304550584728429 0.31880099956467
0.178197748887396 0.0440519919365573 0.384856894485727 0.392893364690319
0.28035968529751 0.121721994655568 0.31189171663049 0.286026603416432
0.430022846812428 0.104537193068465 0.446678464423397 0.0187614956957108
0.424063390350207 0.177186158561196 0.0179545662579022 0.380795884830695
0.158442946907258 0.312462094594939 0.236062088377595 0.293032870120208
0.290753505201858 0.385701692496144 0.236149088295935 0.0873957140060624
0.101367824344129 0.364732263099124 0.139725441604878 0.394174470951869
0.378953498138286 0.24498242017592 0.128787488362691 0.247276593323104
0.349899306640776 0.344727205641842 0.0234696468817439 0.281903840835639
0.221872268489787 0.229919189339009 0.351081501608569 0.197127040562635
0.158698680661751 0.169531202900872 0.401804847492975 0.269965268944402
0.168054984019062 0.21065901753519 0.343845609082349 0.2774403893634
0.467413949335716 0.0579515825345262 0.180929347589961 0.293705120539797
0.484263855392717 0.0167338747734453 0.485072988635603 0.0139292811982345
0.0988283147363991 0.333524007470055 0.47631749517921 0.0913301826143358
0.285980149052288 0.144340131289529 0.148922987646011 0.420756732012172
0.0579176218910883 0.279345836478865 0.382918014011911 0.279818527618135
0.142319978200066 0.152325290086859 0.303037371258682 0.402317360454393
0.183826745287785 0.264609030716623 0.150675021111223 0.40088920288437
0.00913902219998817 0.3878500195631 0.396015168858036 0.206995789378876
0.32518521142964 0.239823612806135 0.0183548803655084 0.416636295398716
0.397615633159711 0.14129338504071 0.245335576621716 0.215755405177863
0.280603221945867 0.112717785242126 0.414660558551714 0.192018434260293
0.385224515570342 0.208454435553261 0.0499108129694056 0.356410235906992
0.358965232346981 0.179151998159265 0.177613234447356 0.284269535046398
0.309595823230606 0.183870346092094 0.229727860115058 0.276805970562243
0.485621523015208 0.379357669641523 0.0464979208845258 0.0885228864587427
0.00641267824543688 0.329537781656357 0.122696714095401 0.541352826002806
0.298590764133168 0.267664680273917 0.229467723942288 0.204276831650627
0.163188317550278 0.40066149675798 0.223815809731307 0.212334375960435
0.359272373781295 0.192318327326791 0.316144393038514 0.1322649058534
0.325147519338696 0.198068301373401 0.343181714607 0.133602464680903
0.350649029528365 0.331816466082783 0.138665937317812 0.178868567071039
0.347091628843374 0.0306235690281306 0.150987833368156 0.471296968760339
0.302339079109083 0.496794522088627 0.115443048027763 0.0854233507745269
0.566861392658441 0.0800074101746489 0.286970690107 0.0661605070599094
0.137087161592319 0.229617743780529 0.249936247764721 0.38335884686243
0.12832975303295 0.016720770037181 0.602718348702808 0.252231128227061
0.351960453645536 0.326100064994925 0.0461208932179859 0.275818588141552
0.00347377614430068 0.425191106642157 0.183141859183767 0.388193258029776
0.225967941823405 0.549726556156758 0.196272348665366 0.0280331533544719
0.313327837760398 0.313048079539702 0.358173016605279 0.0154510660946204
0.171857469162891 0.336277252132077 0.0166963455107574 0.475168933194275
0.231201076187192 0.13923357014592 0.334088824443308 0.295476529223579
0.0946378012535049 0.583201238778885 0.149823892330969 0.172337067636641
0.271356842026284 0.302731157747403 0.146877711629258 0.279034288597055
0.276617435847818 0.275154320503732 0.13553181890517 0.312696424743281
0.197684803216745 0.454885758879975 0.295600501060616 0.0518289368426633
0.376482701987681 0.0450692283766141 0.343341640131357 0.235106429504348
0.473672292571917 0.168423316134703 0.257663762791226 0.100240628502154
0.16193522352712 0.419642903522502 0.207658107430761 0.210763765519618
0.168737696918431 0.474354610910828 0.136263619023724 0.220644073147016
0.12978256599898 0.398793405057024 0.46346996277878 0.0079540661652155
0.632994878577895 0.0176621306096841 0.283035612220425 0.0663073785919959
0.43216721879994 0.216144107702141 0.230237119903497 0.121451553594422
0.0581033022154468 0.227980860220436 0.315076044144379 0.398839793419738
0.429158128177149 0.278275607023648 0.268967945651245 0.0235983191479568
0.19665451183977 0.136151038446056 0.534844920951494 0.13234952876268
0.146569392681167 0.376718065924379 0.230186796328043 0.246525745066411
0.324007118836448 0.0597420528577593 0.343702328663976 0.272548499641817
0.267194338091917 0.0459400774842664 0.519587949516998 0.167277634906818
0.611840539279298 0.0721285514778684 0.133025960951763 0.183004948291071
0.191536774656561 0.18706861505696 0.367452971492545 0.253941638793935
0.320627154632845 0.117975405750791 0.448364864154039 0.113032575462325
0.369801523756173 0.562678655692338 0.0194794192882541 0.0480404012632352
0.282336797862523 0.332158556149078 0.281969204554424 0.103535441433975
0.297484353988827 0.172242034529256 0.275062425331478 0.255211186150439
0.231917011566701 0.166143902065366 0.291158980377185 0.310780105990747
0.12299761804334 0.578322583487332 0.0874064511739724 0.211273347295356
0.307449036195833 0.349963342238543 0.231818629831874 0.11076899173375
0.310201616236496 0.191518618060665 0.350907432629546 0.147372333073294
0.720894442014237 0.142174934099119 0.0518493347147321 0.0850812891719113
0.324056021468512 0.326811208709845 0.331768988617542 0.0173637812041015
0.242930575430464 0.18776913124906 0.359037929096533 0.210262364223944
0.20188991900352 0.192299603064197 0.265450309984734 0.340360167947548
0.0528887219814174 0.568820919830767 0.338356606161249 0.0399337520265665
0.253355009534676 0.327165085598408 0.168289503557296 0.251190401309619
0.128209049296643 0.381738511305317 0.226194303129406 0.263858136268635
0.00657688096265805 0.0270886288631718 0.542005905741163 0.424328584433007
0.471495583018066 0.147867541818119 0.0154873287454348 0.365149546418381
0.425520580704706 0.116285779097827 0.398501327708112 0.0596923124893551
0.267177938200585 0.29549146250858 0.127005029516986 0.310325569773849
0.235633934895909 0.234489007875327 0.32243917611221 0.207437881116554
0.15039283322371 0.294899095520094 0.470158114791703 0.0845499564644926
0.17357428411662 0.126787216179231 0.127928031910111 0.571710467794038
