0.0493080193836041 0.338093811740642 0.123219415959019 0.019664559138694 0.325447761910689 0.144266431867351
0.0155115764127603 0.280301129456655 0.0754044170062153 0.0237871369336139 0.256530471380268 0.348465268810487
0.0869048702735969 0.292512093063823 0.00433588051076956 0.247076449870604 0.27619971789263 0.0929709883885772
0.0726648584839394 0.25762388803536 0.029166324516395 0.146663147771104 0.245322710970943 0.248559070222258
0.112847498119637 0.122043074097002 0.0479849235211413 0.451611597627076 0.0189679043978534 0.246545002237289
0.225534014367499 0.172401725900711 0.167322061603673 0.133732899828223 0.214537542457334 0.0864717558425601
0.234453915618364 0.163858790545798 0.177500051224907 0.15770129879932 0.0858116011374918 0.180674342674118
0.123848049448678 0.331997731787738 0.260087643495106 0.0371075046116059 0.176918572366154 0.0700404982907176
0.187584906928534 0.00595377938621779 0.131928608699287 0.27581719094871 0.0982351071640907 0.30048040687316
0.107455417371106 0.251426460284703 0.125076562271433 0.208997919803016 0.0595459743640871 0.247497665905656
0.215910421222124 0.128507194567517 0.0443582187621347 0.144567559579315 0.0805846000374286 0.386072005831481
0.170793890593188 0.185321805255317 0.164550449717287 0.190914692045846 0.0644995704014086 0.223919591986954
0.151561884360335 0.234078032461786 0.22043793724597 0.292676311056881 0.10086501834964 0.000380816525387448
0.0301470767719069 0.0495642816077573 0.161309578574175 0.289566783427607 0.063443916771304 0.405968362847249
0.00625238383532357 0.319035360523205 0.133308059342195 0.169610619094607 0.324111236293243 0.0476823409114252
0.112171341247591 0.208458169037442 0.114329758318661 0.203875831544505 0.147204740173542 0.213960159678259
0.0681747350842528 0.358266015625532 0.176566110851771 0.175463861167431 0.0965234337950939 0.125005843475918
0.202400444279266 0.112539679384363 0.196167013059581 0.0495547927138837 0.252615856095791 0.186722214467116
0.162386360566768 0.2306030218162 0.347128970968027 0.152525578185077 0.024634104487214 0.0827219639767149
0.0411822157428377 0.0622842727103194 0.250141516965918 0.315021188640098 0.29357565328365 0.0377951526571774
0.079863378880241 0.171397659984867 0.18265273946817 0.152622462235086 0.256099872267463 0.157363887164173
0.258049539513928 0.153247809868105 0.147394751203025 0.287677507214782 0.0750162679743537 0.0786141242258065
0.195979699435392 0.0321871078528751 0.29099593972981 0.143158621336332 0.159495086043791 0.178183545601799
0.246040257020802 0.232233958538035 0.12698704767494 0.143730435223387 0.0849882583279011 0.166020043214934
0.220497462748062 0.254796477417887 0.16364029918763 0.126355274246847 0.199823217331122 0.0348872690684519
0.163231197171522 0.111678946153391 0.213413428423612 0.116414630559102 0.149788383825741 0.245473413866632
0.0251000363539559 0.0862958945594723 0.228353069689238 0.139857934935226 0.270210004886075 0.250183059576033
0.0960357834790003 0.285849708730974 0.121213033051512 0.00100193609275504 0.240662434125171 0.255237104520588
0.33663095787331 0.248488762873818 0.0508617470826321 0.0823655359844556 0.0114908555880464 0.270162140597738
0.248718718555694 0.109835586129204 0.285519617672383 0.0498746011914804 0.292445536390839 0.0136059400603996
0.181372486646893 0.17726413283753 0.274536903360722 0.0183434543864017 0.0979923680155654 0.250490654752888
0.386651384517001 0.0466291819697231 0.0809268428622566 0.0524611444402866 0.408211581006764 0.0251198652039687
0.0801817336245871 0.221852767643933 0.106455762520204 0.198100325787366 0.213135999800429 0.180273410623481
0.233821579096486 0.154651709141154 0.0738839820390742 0.189667217250622 0.258676146130693 0.0892993663419703
0.0892657858489431 0.283403003415359 0.0904564592074189 0.0897935843814968 0.162986094316158 0.284095072830624
0.0491627256477097 0.189069132707393 0.0610251780667209 0.21269426994769 0.297420127902345 0.190628565728142
0.148999976415591 0.034887302065183 0.225910540335841 0.187469574367977 0.299439307272838 0.103293299542569
0.191858487324794 0.181841546627305 0.201219638346321 0.120160592619375 0.106549162121612 0.198370572960591
0.407047355454233 0.0161548936545873 0.12984957084224 0.00376188115521543 0.398568083671574 0.0446182152221507
0.222824083659708 0.169600544196447 0.146542408287177 0.154347419352726 0.137304752146955 0.169380792356987
0.119235304913524 0.326759421200836 0.02306220141876 0.179041055298402 0.0278653486042376 0.32403666856424
0.0359653608470834 0.168329920153812 0.0199274272552534 0.359916949988701 0.0748008821976479 0.341059459557502
0.271621969005479 0.0280961553631118 0.192835686679342 0.104878461986531 0.153739151084321 0.248828575881216
0.149510618730292 0.0945250593158743 0.138142645572146 0.218464169754991 0.194756607914413 0.204600898712283
0.241515625353879 0.024859455673473 0.373748878614283 0.186408793872829 0.104991426482749 0.0684758200027874
0.183609855861754 0.0768378258973194 0.31497937571701 0.145579985968813 0.248054665720649 0.0309382908344548
0.0599657362288608 0.237737222010546 0.0701697676033965 0.125482828158697 0.287925925095171 0.218718520903328
0.0708786218140038 0.186478127662834 0.259340706257523 0.0222567763286774 0.206218815886399 0.254826952050563
0.101156402660234 0.278649993243463 0.13505324733504 0.229057393468442 0.0772164185376329 0.178866544755188
0.203306297524896 0.393283563722844 0.110375998257123 0.130252564432051 0.0832572489562629 0.0795243271068231
0.108583292204287 0.287471937279903 0.0690207120646494 0.263551006291054 0.16975416790498 0.101618884255126
0.241164592626608 0.0439206135554336 0.227557031170177 0.355529847472903 0.107855816705879 0.0239720984689995
0.160634298900654 0.125686444617952 0.0969763185243819 0.197802830046967 0.189695946294902 0.229204161615143
0.161381606107666 0.132164178425321 0.272641189241961 0.264947729076636 0.0810232958272324 0.0878420013211838
0.361800650974311 0.119951179406622 0.280863616417196 0.029180252125003 0.0753537686014504 0.132850532475418
0.0338736754238699 0.20519627921317 0.144673266442133 0.20512517658076 0.203580560473301 0.207551041866767
0.105429277155328 0.198206559243697 0.213740878150149 0.100846757341035 0.275715399100153 0.106061129009639
0.192823478327401 0.0897711806662657 0.124320566296163 0.102926763239867 0.277890467430167 0.212267544040137
0.0310718571532257 0.416493779224707 0.0714455849616198 0.312014520797136 0.0576003470693394 0.111373910793972
0.0711053195443611 0.25202616816305 0.408100591521388 0.0520458703501543 0.146370497747908 0.0703515526731392
0.277605583127713 0.202632529450605 0.154022420178353 0.028550395689801 0.283251037793713 0.0539380337598158
0.033751096941154 0.505793676139681 0.213735102200223 0.011995627638361 0.144096725844702 0.0906277712358783
0.124181995042504 0.246367819749877 0.0154775432524205 0.221876750126598 0.258300043373672 0.133795848454928
0.142289486454962 0.105136772235956 0.295912615471323 0.345958742773538 0.0231647862052418 0.0875375968589798
0.242070335765485 0.199902568718765 0.127382968469393 0.0372441175622156 0.181070143746371 0.21232986573777
0.010199021933932 0.237328208278323 0.242692060779973 0.218056604518768 0.180883095745096 0.110841008743908
0.036288598904006 0.295916747515311 0.284294120522208 0.218037091154929 0.023626740727262 0.141836701176284
0.388324786052104 0.0580650728762759 0.105397142470568 0.0707008216412403 0.148922187335291 0.228589989624522
0.0811026969482061 0.0419103094081582 0.247864086248368 0.0441092028216608 0.227557856499392 0.357455848074215
0.241818952282667 0.0892435848826054 0.213962549381236 0.101630891285387 0.27302799614705 0.0803160260210548
0.282468082963301 0.249553140974732 0.0798416575912257 0.0216792506083458 0.135974706476844 0.230483161385551
0.102230806361718 0.189624657323591 0.286080546941513 0.0849226837071766 0.24570000280292 0.0914413028630809
0.30398451137361 0.0210644473633201 0.165205913288936 0.0685680226022436 0.345391091190123 0.0957860141817671
0.376019153429403 0.0542895925685719 0.111310709031223 0.0271135935931552 0.248857148547208 0.182409802830439
0.337998597754251 0.0770044412832115 0.277735926857444 0.271225816725991 0.0343511022691738 0.00168411510992885
0.211075865246199 0.0201058801099848 0.184408466983851 0.221805585089367 0.191388562252107 0.171215640318492
0.144469432224961 0.157032926957064 0.189760176248614 0.165840378803017 0.184004209409577 0.158892876356767
0.285542684965148 0.182045316751654 0.00565021356602021 0.2029262851645 0.140335277304598 0.18350022224808
0.245573464854912 0.173070150620701 0.204836505891074 0.00341259086246794 0.165135920708263 0.207971367062582
0.227721463834186 0.158102565882239 0.174262745886012 0.0386842226373778 0.15956272233042 0.241666279429765
0.10720119314992 0.177745636746851 0.203787505770406 0.00810397631510564 0.284196215682541 0.218965472335176
0.290406595294676 0.111719376620931 0.126931856464824 0.0913544250917814 0.0271248247880817 0.352462921739705
0.081163955495368 0.18476285571946 0.161123308629 0.151136923136277 0.207876493727012 0.213936463292884
0.278278544002085 0.209610911004037 0.0602081891098918 0.341404286948034 0.0559540021571609 0.0545440667787906
0.271873470813704 0.128252126522267 0.125103903330702 0.185493168183842 0.147178910373158 0.142098420776328
0.220220611894854 0.229633530504798 0.0513988485256248 0.10909988650901 0.232356725110041 0.157290397455673
0.168346220538313 0.225873928160105 0.0983505865141704 0.0679920372166461 0.212478971002972 0.226958256567794
0.0981978763763961 0.175293203233816 0.251259622868818 0.237612004040364 0.0350579751436533 0.202579318336954
0.106656342941365 0.223410257771134 0.0936529473793017 0.213102718495086 0.267803070682184 0.0953746627309295
0.0182486142967191 0.32423922577736 0.0590408954955926 0.270374475000342 0.297028726916975 0.0310680625130116
0.19998057501727 0.270584321407897 0.128719550266889 0.242498967041141 0.132377421913527 0.0258391643532765
0.095212211490387 0.319948129668914 0.180048307266728 0.0862963098139333 0.110788959560364 0.207706082199674
0.178660189032931 0.174087137960563 0.21696786939976 0.200704484931814 0.127755887760375 0.101824430914558
0.374725959285986 0.0187537294942852 0.156414472307435 0.161679348742934 0.0852370603586357 0.203189429810725
0.129929620917532 0.179434257442416 0.232404986256053 0.0872207810043537 0.184136609909508 0.186873744470137
0.224752806924013 0.000267844661042891 0.211498054404119 0.280762869948057 0.138658375816426 0.144060048246343
0.133498122171257 0.320881979947569 0.231222443059432 0.194780330629983 0.0537939358714092 0.0658231883203497
0.134096282702144 0.238782368584826 0.197832581739786 0.126932032483931 0.238208443695162 0.0641482907941517
0.245452261539969 0.228255288699923 0.172301875508604 0.134566930678162 0.0090335853114862 0.210390058261856
0.129902673315537 0.0495103531023612 0.289765106493928 0.158067043999861 0.0560509964835898 0.316703826604724
0.114930858723489 0.208615177537549 0.0743408196955484 0.197843323757631 0.204314397122492 0.199955423163291
0.0857693299304481 0.306935858985003 0.0031993834115424 0.166380787113375 0.225821667590087 0.211892972969545
0.247664989711189 0.241466223204781 0.0574643201591661 0.333484439562724 0.0928103893562711 0.0271096380058676
0.219034706129973 0.148497301454388 0.106268752214185 0.254113838261574 0.0284154514530684 0.243669950486812
0.154719269849484 0.195939248595143 0.148316974722221 0.289515485579955 0.173800938959173 0.0377080822940247
0.218463540986478 0.129368064813126 0.175555420015513 0.204711794156422 0.18429936550092 0.0876018145275406
0.0489409200149497 0.202723394707479 0.19397559702347 0.0656217474367159 0.251258327795156 0.237480013022229
0.188677074611891 0.0973105860171314 0.0531958422548824 0.132461117471011 0.251565566118635 0.276789813526449
0.158541802366274 0.0901725588096279 0.195276552558199 0.187001258315901 0.141187036938619 0.227820791011379
0.0416665195783578 0.181320918621344 0.22356626093612 0.11344654393245 0.220564036033371 0.219435720898358
0.123439944862322 0.0399432094292009 0.358861245000475 0.354312779584868 0.0446233719564471 0.0788194491666876
0.245095052008325 0.025374844504053 0.205734580092572 0.201734566811324 0.0549854949769808 0.267075461606746
0.160200383995573 0.180895142290161 0.21230476346246 0.0328547346778954 0.219490130220182 0.194254845353728
0.429383270647796 0.00428396499464928 0.104309808064702 0.130321807586441 0.278626756882035 0.0530743918243758
0.304223302274794 0.0157189723572272 0.00480772887624527 0.146692950153642 0.354618015227475 0.173939031110616
0.232998830633301 0.119141761959378 0.0132331172367465 0.297726368495645 0.141388099826346 0.195511821848583
0.0443021745176538 0.109011820763001 0.324509188768063 0.389613545896072 0.0613600475636935 0.0712032224915176
0.115016114829352 0.164918529586147 0.113726197506318 0.240721012704234 0.225726948553531 0.139891196820417
0.165438676828717 0.238237849843831 0.00678343351125244 0.261905088124136 0.0467245837944281 0.280910367897635
0.26663232785779 0.0396410581552164 0.106137956104037 0.149896631181664 0.217216381183392 0.2204756455179
0.134689475138472 0.00772431729603253 0.369103055699685 0.234416839197476 0.00793613494549036 0.246130177722844
0.176227222648471 0.334258914230154 0.133287458121793 0.180368216648599 0.14772257075128 0.0281356175997035
0.24668858139948 0.14538244738522 0.162636931877637 0.225111927500138 0.0839646281428494 0.136215483694676
0.256387526081351 0.046496505205299 0.0261503021269644 0.230853041108086 0.234120822149222 0.205991803329077
0.172476040285357 0.188634777468089 0.211446200587794 0.185098525730442 0.140997611337344 0.101346844590973
0.172718479463097 0.148246146297826 0.20375197297703 0.16177779199755 0.113494955858785 0.200010653405712
0.198841280139532 0.100745800664249 0.230938462412133 0.206399757042028 0.0349050121247808 0.228169687617277
0.086639193182189 0.500021010776883 0.204083288508212 0.146105021202071 0.0551642794863662 0.00798720684427917
0.165664422242131 0.337403575678424 0.0678920271140167 0.00713889633304428 0.177690267669488 0.244210810962896
0.0815073965942199 0.0309711620898165 0.30881950055439 0.291312695752643 0.228925772052795 0.0584634729561357
0.205334799237975 0.0988308304656605 0.17258398002572 0.0634752325583083 0.269411570083324 0.190363587629013
0.146637563830905 0.216058522162248 0.125574723136636 0.157352975551325 0.0878579737586709 0.266518241560215
0.185198505207294 0.197705314643324 0.116211777672543 0.161071012547935 0.197341959600878 0.142471430328025
0.225140197826761 0.366454377955692 0.0607597166006097 0.0693596041610709 0.145789839411683 0.132496264044184
0.391945362738081 0.112423146392411 0.0394277649477649 0.0383441675409358 0.332525614567597 0.0853339438132103
0.0472655806754707 0.0533507077490798 0.247487644370211 0.116427842305142 0.401857790688196 0.1336104342119
0.194379715614104 0.213343247716731 0.0389442894384152 0.206806586533003 0.0227738703274992 0.323752290370247
0.0878055217146817 0.0326667778844771 0.249089923252414 0.222255970434559 0.0364761965826303 0.371705610131238
0.298448251559307 0.286665172362058 0.153335645216465 0.0914283854642704 0.157922974263243 0.0121995711346566
0.295311740591916 0.0540456769131273 0.254951099701578 0.300171043338616 0.0167373447273775 0.0787830947273844
0.264017911017 0.3496994353292 0.0191435891136999 0.00165061464560906 0.116748758321849 0.248739691572641
0.133071061712893 0.218018263937857 0.127199737852774 0.155845926568747 0.125504470991983 0.240360538935746
0.252910592335079 0.0113585589391701 0.237440011703913 0.130569472689823 0.240945470758079 0.126775893573937
0.162405403370407 0.299671389071518 0.155794563202554 0.284642027272689 0.00455188428936236 0.0929347327934695
0.222647449935731 0.222134737286197 0.0787428050357635 0.144653288075187 0.179046065305623 0.1527756543615
0.242246111930285 0.203037257235485 0.0159668808473297 0.105405428389326 0.0954085306593399 0.337935790938234
0.201289168218645 0.197919900389214 0.0680908003898573 0.0577517794999681 0.259307234742446 0.21564111675987
0.151835727092408 0.172187562093706 0.0671000680348746 0.249017200949538 0.193570535925661 0.166288905903813
0.103985551362747 0.288557283946533 0.212231577706566 0.0775793051343534 0.0639726284946966 0.253673653355104
0.206167328837086 0.195678411395926 0.243037733334045 0.141395373845923 0.175216280222282 0.0385048723647373
0.206802983219654 0.275124104096003 0.0692012722662415 0.157966259181493 0.152918927576563 0.137986453660045
0.164109303433794 0.0605879866111657 0.0999170559632016 0.130339619659488 0.266688455097986 0.278357579234364
0.266406444000202 0.146786661228694 0.0498632177920249 0.115747138299059 0.257918013505608 0.163278525174412
0.0386792149336411 0.324291260168954 0.263316537514197 0.135074499029085 0.0891216768114012 0.149516811542721
0.253534383409636 0.230018102549295 0.132224290435064 0.0925858500948339 0.164851371753578 0.126786001757593
0.048643068087725 0.181935988240946 0.33391549914861 0.0686004847206732 0.108817505282736 0.25808745451931
0.0226540907897917 0.367293274140017 0.347346987414758 0.231608675616642 0.00181854409078948 0.029278427948002
0.255996243865434 0.209983752986186 0.104627328309582 0.159627129302366 0.247961431560009 0.0218041139764229
0.210031847916733 0.156540418851915 0.165205225656175 0.0791405569800099 0.168277802284205 0.220804148310962
0.254806719313702 0.226394185200872 0.146622956832197 0.079837483920687 0.139808939748078 0.152529714984463
0.0932350851150659 0.112249027711583 0.134335952017592 0.0908911756555282 0.247628957898711 0.32165980160152
0.146788587357481 0.145589377118882 0.191987223963578 0.0838590480360809 0.236491166025749 0.195284597498229
0.269439638637464 0.0541454936767133 0.160689009323409 0.0208520692130333 0.152247867398947 0.342625921750433
0.051716859093628 0.0797657508920737 0.130555585528898 0.0989438691401996 0.345147467589653 0.293870467755547
0.292956107724308 0.159729793414122 0.201229842645478 0.0653269902800262 0.154198308036842 0.126558957899223
0.127039937587517 0.12283972714536 0.165458816744084 0.176802400126047 0.214903470751179 0.192955647645813
0.0649341038321461 0.101688363835235 0.176660899340659 0.34826419928132 0.0126433019966812 0.295809131713959
0.20077735761738 0.110182844991351 0.296101553034756 0.284946351564139 0.0985120262901512 0.00947986650222251
0.0512369373631927 0.301958962496848 0.0814295358503291 0.300054755069907 0.117880756938247 0.147439052281476
0.204833852870593 0.181658586765483 0.217354627896384 0.0671362238185649 0.309842526292396 0.0191741823565787
0.139186497747882 0.2835140637423 0.110171768112378 0.00632095557695271 0.162768663634343 0.298038051186144
0.0464461247302003 0.240871002407797 0.0422566277346381 0.226130408733775 0.273356522185109 0.170939314208481
0.067637885416437 0.199316277020401 0.290083860910419 0.296853700261124 0.0637886015610212 0.0823196748305971
0.113177772042697 0.0898179345381088 0.308179395078982 0.304352103662519 0.175515590833884 0.00895720384380918
0.0128996569826031 0.00922051174085409 0.305338272746101 0.420389846153699 0.18929151425421 0.0628601981225332
0.183204023496624 0.158995701665681 0.00932966295947945 0.219551772532957 0.398035037332562 0.0308838020126959
0.162263384875599 0.00634354249952467 0.201731118361297 0.13888473445838 0.287985675472546 0.202791544332653
0.0431380280533763 0.0969466904434003 0.165639635726988 0.210056511240241 0.266349601816928 0.217869532719067
0.0583938431446834 0.240169772263615 0.221002717463352 0.010007767525944 0.189492676666021 0.280933222936385
0.225438202732349 0.2911810554609 0.00747528241709356 0.158367752514234 0.214960001878766 0.102577704996658
0.0306387797429881 0.158637963688713 0.140283410457922 0.147420206453798 0.249355449490421 0.273664190166157
0.236228785483892 0.207931036236962 0.22471013713767 0.130026533754098 0.0892753701796332 0.111828137207744
0.263935750492229 0.262530343105065 0.128455490554832 0.0237727378801945 0.191638991078633 0.129666686889046
0.301538741109267 0.203822570902267 0.118177697189322 0.0530964657626775 0.257572333456766 0.0657921915797013
0.25214403050371 0.144450079057539 0.131106970742076 0.113254260715779 0.131624582678007 0.227420076302889
0.2911712833667 0.0520801450582456 0.0527004290137569 0.15780299422432 0.115375515297761 0.330869633039217
0.377434292780681 0.015163755375195 0.00179996605378935 0.223923351552871 0.0997438648232917 0.281934769414172
0.101942898547157 0.345971788309878 0.243989329272731 0.0573231891824334 0.00378747583640739 0.246985318851393
0.102130134210989 0.017713917438816 0.308223798352262 0.261383766688259 0.2559484396297 0.0545999436799743
0.185048142873515 0.173041058567243 0.26143826989724 0.263614459069381 0.0337025435936078 0.083155525999013
0.045589873247724 0.326088232765319 0.312371620261981 0.23422888572682 0.0552279632288989 0.0264934247692567
0.299308980675487 0.0189512253857912 0.167105034559544 0.493344508987787 0.0190604308693363 0.00222981952205494
0.22551607998093 0.237337733557675 0.0190610985362554 0.207423526086592 0.187691028413081 0.122970533425468
0.163663351581664 0.196189183127212 0.0743212040296554 0.228607951069466 0.195456102090489 0.141762208101513
0.0436891637794521 0.178009169007353 0.242368593538359 0.252186908310033 0.0703002286397306 0.213445936725073
0.0231194329049037 0.267025904564687 0.0447130602768779 0.258434780684098 0.383674429360205 0.0230323922092278
0.166880699504522 0.238659068915074 0.191838038201181 0.195936585623596 0.186065436644535 0.0206201711110916
0.0588717133154735 0.161772500916421 0.164758873404199 0.0684526292629277 0.259346563306191 0.286797719794789
0.0397856931149129 0.303109822053827 0.173688124959493 0.085330356897447 0.0488989777849807 0.34918702518934
0.0450945273746015 0.195667189958395 0.221786758095752 0.186946733809537 0.124368127073529 0.226136663688185
