0.0220275507320755 0.0714229464867102 0.0765290779629083 0.177801126861745 0.0713395937430181 0.123121583988311 0.101454323453309 0.170254260415086 0.133468399408027 0.0525811369488103
0.176070077155291 0.151746954461039 0.0649389495063155 0.0473230347034843 0.135504666865966 0.234775643873693 0.038989896501728 0.0928811624221052 0.0506762377872469 0.00709337672313148
0.0764941614489763 0.131435750186454 0.140690496760484 0.155515823466125 0.131017947810802 0.0502749732080495 0.156726951398154 0.0557156621356791 0.0586081117384378 0.0435201218468388
0.0744640083604584 0.112090618184898 0.0135513468197293 0.0897261514523801 0.0638419961171872 0.101038794715925 0.189057677817477 0.0802797943728547 0.176202939366184 0.0997466727929061
0.110587384606836 0.163661417609875 0.0321124183579449 0.0649293084925639 0.0465082046914123 0.0635537358304628 0.167998436125595 0.098566325290561 0.150385069820279 0.10169769917447
0.0256597656033672 0.155871357994644 0.0287945551717083 0.167424068131958 0.00742530790877172 0.0188909311688277 0.153166473348415 0.112410087543117 0.144276100036148 0.186081353093042
0.0736455895454006 0.0285948405543533 0.122239608297669 0.113640379225514 0.103596282537061 0.163470097004674 0.0759276261379629 0.158819229439416 0.0628721293627657 0.097194217895183
0.0175692879098949 0.0283327998113333 0.155258157565458 0.17600197903512 0.0341095484894456 0.137240530713557 0.162312826433379 0.0357588144379116 0.166378696725122 0.0870373588787786
0.20927819037904 0.170718397635523 0.103962508203013 0.0961481706249904 0.205209338509358 0.00169719773005435 0.0752575405459555 0.0851106424115863 0.025410687029154 0.027207326931326
0.118851773054562 0.152162036799224 0.0788809059052625 0.0982326523643916 0.15496822805198 0.048684537025464 0.0493861600606996 0.162608384016528 0.113734750347873 0.0224905723740157
0.0412849565958696 0.0701750371776081 0.0486106577689692 0.0177198284201915 0.145308505315009 0.224305987899847 0.00489112289089775 0.116164495379644 0.272981447354674 0.0585579611972895
0.0705695781330481 0.14551904718385 0.0105287392818675 0.136531823467783 0.156544987687877 0.0678187565508698 0.0954275862923654 0.0890620183645983 0.073898509116092 0.154098953921649
0.0481505441420293 0.180455885625168 0.156644882719298 0.0523158547448968 0.044527684980795 0.117623201587868 0.0738392489509882 0.120137655297814 0.0334064180721795 0.172898623878964
0.108235060289557 0.124447275355787 0.0606930007311098 0.123240390657005 0.0635258723860503 0.00883687683344578 0.0936531248819048 0.151219806726815 0.160218410486397 0.105930181651928
0.0870951166023308 0.159677952017247 0.136232622167506 0.00482393743596738 0.183847166472252 0.129357354740806 0.136590321039458 0.0794764333672338 0.016149727556602 0.0667493686005975
0.0943922559285331 0.00411692086371403 0.113504378982326 0.0687129601996815 0.181745280429901 0.0883209510758154 0.161020495704271 0.0546998207013655 0.0743715217216375 0.159115414392754
0.179843044149492 0.0120200066202935 0.0230355877917454 0.0137958098268408 0.218825215878602 0.0877215892853158 0.0339814961199312 0.163607923731453 0.0772784943646825 0.189890832231644
0.0118638140935021 0.123635602518335 0.213824694598138 0.00606652193624491 0.198986315202754 0.183609543327664 0.0553651365344279 0.0854057400801967 0.0973359734504743 0.0239066582582645
0.151668057044756 0.0163163691400085 0.0229263736294422 0.089166029600123 0.163016072800338 0.0703148817526289 0.0938003920682541 0.0910385680132197 0.127484965729189 0.174268290222041
0.0554239803572504 0.0712483799716218 0.189181541731811 0.0586683774875521 0.121855960094883 0.0593209489055857 0.150825396315152 0.125216834663484 0.0352884524142185 0.132970128058441
0.0703050006706947 0.0070095092832173 0.0734797437210487 0.0606100575276839 0.112444523578651 0.126396822598307 0.155208048953055 0.130138601301312 0.161371371038929 0.1030363213271
0.069412171350634 0.200026359133283 0.0136912591064129 0.16303121240312 0.0161718114768337 0.145036980085741 0.0369011831315338 0.046551034470255 0.121124382988623 0.188053605853564
0.0558647547176722 0.133270350549599 0.136464554908447 0.0117373122708249 0.0361740631440373 0.0216379767887006 0.198910957268058 0.0715802336950793 0.209776521507056 0.124583275150525
0.0852980306944698 0.144518845147378 0.0669865221304594 0.161716074957131 0.177971912517821 0.0679488628624192 0.0603627005951398 0.138605045156475 0.0832035383456631 0.0133884675930446
0.172835568276415 0.156159413691162 0.0908363356526521 0.0638650164550255 0.0491877699173969 0.0350484543108545 0.123536345653012 0.0531046246998206 0.176628328432481 0.0787981429111805
0.0538792011153027 0.0982682789826233 0.0349222593648977 0.0187915507533157 0.0604377309447962 0.129392609410625 0.160743581188447 0.150959494709839 0.151328579064075 0.141276714466079
0.0845318553370449 0.207831664432041 0.00458436158695621 0.190590623021982 0.0630999820321574 0.119109455346033 0.0620244469700424 0.10391519546015 0.00816962434207926 0.156142791471515
0.159634606179958 0.076707048257707 0.0834013510162511 0.0910632844282419 0.14779450115829 0.060867536595935 0.00407810879442817 0.09021633208258 0.124021775860046 0.162215455626564
0.149240027333177 0.0369870756455355 0.0319090376049367 0.186674174070312 0.0506650563126763 0.0582135524601113 0.0680892379838258 0.089086761155839 0.190492634953826 0.13864244247976
0.0517933163081075 0.0346417514353146 0.187974858207594 0.0861517903050888 0.171530978816386 0.0881567963741843 0.0219737793367372 0.107544946428961 0.119187753422132 0.131044029365494
0.178019400720219 0.200773788082213 0.0824594111568854 0.0813546295424467 0.0534804508190351 0.0332751671960314 0.157534706851522 0.116021924176703 0.0867200074836686 0.0103605139712766
0.121816441696899 0.0969963262371546 0.0692686665664044 0.0336682130149285 0.140600544153962 0.186556208955695 0.0876756219918652 0.0264580640654654 0.218567621976306 0.018392291341319
0.198116496129651 0.0309557012823932 0.0993947953323578 0.115869980218775 0.0340559286287203 0.0896231743914275 0.0377524258058202 0.175306338675922 0.0401166957469741 0.178808463787958
0.171758403699341 0.186078617558547 0.234466580898946 0.0508076593496508 0.174019947822862 0.0353116990938179 0.0418628280916826 0.0596812782852245 0.0411019419819784 0.00491104321794942
0.078622936904937 0.0520736625540895 0.0234977406596433 0.0189701275714055 0.117893354729009 0.104917330759116 0.191122003674443 0.0448530991008505 0.224284448757451 0.143765295289056
0.0404602609510248 0.0340652702249997 0.048773919682794 0.148475233477602 0.145247079849516 0.0944876038984432 0.0969878849319342 0.148464765545242 0.122798347364077 0.120239634074366
0.0686988969700333 0.107164065835022 0.0197907900521905 0.0752369741363684 0.0451376410620033 0.112125720926111 0.0630166226913361 0.137761844940574 0.269698480298028 0.101368963088334
0.149429656347056 0.0857744423081681 0.0227477033380874 0.0684271283053615 0.0864539897515301 0.102456353174746 0.156495784050766 0.123452860875261 0.128098144036556 0.0766639378124675
0.115040201601468 0.0310882911486114 0.109942083105806 0.107871713647112 0.132610289588075 0.159287101278802 0.105649719371976 0.153831952745545 0.0150866679787462 0.069591979533858
0.0103400051883263 0.103951029173526 0.124464203135372 0.11145886028222 0.136339504004106 0.119149315893273 0.0215501027259764 0.139337163376024 0.117043697420427 0.116366118800749
0.124383561861906 0.0528149693740028 0.0618839711765012 0.0300398726813731 0.173340850844042 0.124211922355491 0.187611744994821 0.044711654087294 0.103450954418751 0.0975504982058171
0.167351189082898 0.135203877400391 0.0986926722932781 0.119296082459913 0.0119493181284198 0.0757934365334525 0.166413761773899 0.0268722598850199 0.0822636477919755 0.116163754650752
0.117162976015105 0.163739490486908 0.0565100766451935 0.181166142050971 0.157794596275718 0.0376492412100411 0.037516725138829 0.178897711719305 0.00355773936278339 0.0660053010951462
0.0676173530023346 0.101676372660674 0.0716691595028414 0.1448635230806 0.124144905188183 0.128787305895594 0.0266273345251233 0.1251200323332 0.0971683814013721 0.112325632410078
0.0935127730601143 0.137156568191989 0.0139259136465085 0.12214746684586 0.179977717004804 0.060435751339986 0.138728161420938 0.0899723172617982 0.124856217655798 0.0392871135722046
0.0315885175078765 0.0894003963008605 0.0230088716929521 0.193451239678337 0.0590411819425716 0.143398735520083 0.0498439957613542 0.219915997497593 0.168482008338979 0.021869055759393
0.161393162755013 0.167610410406102 0.0522009294758493 0.147615301810042 0.183671301678604 0.04536112450072 0.129970638213053 0.0855356867277173 0.020748941716042 0.00589250271685773
0.0329990945238591 0.0172143883282301 0.0407909163687809 0.205450713368334 0.0295682404678534 0.12717293511333 0.157578280877759 0.0976916114492461 0.20728046974476 0.0842533497578479
0.117105426814504 0.00216319034508082 0.230547062177742 0.0443065983382869 0.0752643120524075 0.143231589626428 0.117842726761455 0.0879342271724665 0.149689442997159 0.0319154237144699
0.0982861318103717 0.0749156727166175 0.0709863678405188 0.0955850172870238 0.11053098450399 0.226090500264324 0.052153606175575 0.167221528951248 0.0235090676165417 0.0807211228337894
0.0839780148192166 0.0529635481580881 0.0839772546644849 0.107017511853005 0.157040735620966 0.135576951858599 0.153828918156635 0.0970062243000005 0.0896677637132768 0.0389430768557272
0.119968317917742 0.0908453315223144 0.0796756707498231 0.0277927633525253 0.16942002411071 0.143947532644236 0.0841887862284702 0.00284845767630875 0.0422399763067182 0.239073139491151
0.0641825623448494 0.0580045120102188 0.0129882373219341 0.0806384257482492 0.111261498509124 0.186400501265025 0.03978814347958 0.238596057462147 0.105734233002269 0.102405828856604
0.114562655801028 0.0949827656760188 0.0481282135827409 0.179268122789433 0.146608724647848 0.0647663687420519 0.121559890169949 0.0580258054290228 0.0925105788468982 0.0795868743150082
0.16771201812093 0.152125447233006 0.122338998274791 0.00348207611234234 0.161319040518842 0.064035620263655 0.0927069016763487 0.0757156511869239 0.136136913665242 0.0244273329479186
0.0850048901991309 0.0188288081932835 0.28722721791036 0.0256928860647872 0.0460186099662394 0.200419428491418 0.026089325375583 0.0888649068044952 0.216582432690243 0.00527149430445938
0.209393623846364 0.112020493487252 0.034120020895575 0.0395722410835047 0.0978679565478171 0.0221935562369768 0.159343045558948 0.0664929548416733 0.0748249211415164 0.184171186360373
0.138077822424938 0.0495949104643884 0.154703062414503 0.0928369281554154 0.165221730287955 0.00988466625315639 0.138127434567307 0.0914523933250398 0.134539214905646 0.0255618372016509
0.106160780109682 0.189000096207017 0.0990760228953346 0.112700554610057 0.0694433206340448 0.0442823113351579 0.0434863582581016 0.0898645159366115 0.150257360221782 0.0957286797922117
0.0664370616548432 0.159798063988715 0.0452740518570994 0.159746150236743 0.16717739733546 0.0514186875592489 0.0497552243289833 0.0855758713098777 0.0485930264943444 0.166224465234685
0.167588414952865 0.113585876930354 0.00822546387201548 0.132416710269904 0.0445962981763141 0.0229453512927958 0.0069343569953196 0.0729672859586031 0.208156275250524 0.222583966301305
0.265758079316572 0.0390809870312191 0.0556931324995948 0.190476852149016 0.0603100482961522 0.0772000569550981 0.0854715726087468 0.104167481476077 0.0791802375780902 0.0426615520894328
0.0597817318042988 0.0310485992485476 0.0483876514213443 0.0195069522647391 0.144508655148311 0.13151821270766 0.186042087034273 0.0873287683566359 0.139947131135175 0.151930210879015
0.0975182246498849 0.155691715768274 0.180307444195687 0.0418516105933396 0.00981546405681946 0.13242673220033 0.00399019861964276 0.0584500162278786 0.0885772010231987 0.231371392664945
0.119413396628714 0.0715310877645312 0.0787933010116175 0.0545666994003586 0.0304061559295172 0.128055881521076 0.137576844342773 0.129323163092572 0.138092710904734 0.112240759404107
0.00773680198593625 0.0889390082040183 0.14280082907705 0.0639158166589605 0.031178832571562 0.153727048318368 0.156089725339055 0.131304968160563 0.0547406561183123 0.169566313566175
0.0849310368988761 0.102121770521686 0.108162482176485 0.0523981107912678 0.0965675382612068 0.0786164510287428 0.151878377492901 0.155543819605551 0.00944729821546393 0.160333115007819
0.0258750884730649 0.199655854121679 0.235256500413041 0.0172158197253449 0.0706928818273075 0.105611309719061 0.117066115123769 0.155003841864229 0.0172277481984215 0.0563948405340812
0.0411709374726243 0.0101123144054359 0.111042905329012 0.140132998932857 0.116965682125765 0.153634597146504 0.15756848189971 0.0417118504071088 0.0770936604252099 0.150566571855773
0.0564280647737664 0.0794051193386615 0.0905821413159209 0.0759903697926332 0.0869823044366416 0.118264039725115 0.16752293140592 0.0595280883957142 0.176170699841548 0.0891262409740784
0.134508514027735 0.129372769848673 0.0777674219265726 0.0849963335970006 0.168066612345985 0.0359931156537928 0.150829539192614 0.0545672788118529 0.0593288533493472 0.104569561246426
0.0513054970828642 0.0900345962758505 0.110578619029942 0.19357447233507 0.0630758784375812 0.0828803853698699 0.119736262002097 0.0638797439610521 0.201489671532056 0.0234448739736176
0.101595002061946 0.146360655961244 0.0287245967431893 0.0666068273039061 0.0985304097231324 0.094797527559897 0.158679289835249 0.0842902894298423 0.0349905071715656 0.185424894210028
0.190256405764605 0.135366023991015 0.17086006239701 0.153995546048653 0.0421751483424431 0.0500612055172815 0.0137172615990006 0.0160210536154266 0.171383017211031 0.0561642755135344
0.0887292242193621 0.118467419427586 0.0696029012741847 0.070597987569689 0.045256681742404 0.113281563358052 0.196389606038437 0.0951432720984938 0.131384515084094 0.0711468291876963
0.0856892720347028 0.167034271295115 0.0127323508093337 0.117888288535428 0.116006166084531 0.130933804433843 0.0177959221058559 0.161666374982616 0.0632792478859453 0.126974301832629
0.0148131469404442 0.102753935970528 0.164666222266689 0.0221152693870403 0.147515725575041 0.111224869766021 0.0385623587587315 0.0711013034339453 0.166523061128744 0.160724106772816
0.0973026495742855 0.10125229958978 0.0193748638554805 0.0852751149173234 0.132994599534756 0.133814945542277 0.0939641974541317 0.0140299537244282 0.167588428541846 0.154402947265692
0.0397498410464446 0.130037994514303 0.170981028891779 0.156393948371939 0.0724938927675517 0.0480183251885013 0.105208504429574 0.0608375123827674 0.157105938756463 0.0591730136506782
0.175334209427778 0.148275497383489 0.069216954227135 0.00268256864414981 0.179469610808805 0.000521405620507805 0.163686595187153 0.0222269325530199 0.106533575794009 0.132052650353954
0.0963138480904942 0.122325062225045 0.0398007407086598 0.0454087754108785 0.128343624040402 0.227938155681484 0.14187893833307 0.0844111098312012 0.0849028790298828 0.0286768666488823
0.0205847195928141 0.0114386687017034 0.103537137036905 0.200986578090175 0.113900854858996 0.0645321910337124 0.063212835142038 0.0701042697659075 0.0891445628345019 0.262558182943246
0.0355502398294722 0.0791286589534215 0.0553405795174878 0.0727066281301103 0.157965683878055 0.139560070159008 0.0120296555161272 0.148816690055385 0.153707987986248 0.145193805974686
0.0258285417259331 0.232506593115002 0.0882308756921773 0.0331788115624467 0.0478612318247317 0.118360291647624 0.101965299759683 0.162747950506269 0.132131987504511 0.0571884166616227
0.0138944189993173 0.152620984242943 0.017988174710811 0.0764268190648765 0.169502767844611 0.0950953700010963 0.171867358913153 0.0625731083869815 0.15426405281857 0.0857669450176402
0.0610504774849712 0.00515999003400305 0.00303730148034116 0.222717898338366 0.175253136616953 0.107122382204168 0.240021213575194 0.00161624198401163 0.000104218802215663 0.183917139479777
0.0833074752742161 0.156279224315383 0.0325857471929727 0.189618489340698 0.044722072622704 0.0788874416387667 0.158294474403674 0.14892567301379 0.0278835275854921 0.0794958746123028
0.0675768958957645 0.0494571209083569 0.152496450942193 0.169575937825866 0.00595361336889215 0.160160848866251 0.0760052444892325 0.13741984856853 0.0737215112066417 0.107632527928272
0.123351585466116 0.170219428567912 0.0689551812239671 0.0893826733336637 0.0922942527032049 0.0228780621696303 0.0619968079041212 0.0945908482531358 0.148192303938918 0.12813885643933
0.0554425329055847 0.163425578265745 0.0293908563687511 0.211628948027027 0.0529168464156634 0.152045337492178 0.0319622779706848 0.0245060544278414 0.0674920657746036 0.211189502351921
0.0371694944235522 0.124768166543875 0.0112577738949288 0.122768529375248 0.00591921767866516 0.0826106491744211 0.138968386210894 0.160873125360734 0.16021444077869 0.155450216558992
0.0513078236485532 0.0794090746643285 0.137407455931683 0.0286781689345147 0.188986118289483 0.0838589273950295 0.0524493708410054 0.0806360418060826 0.0858310372188857 0.211435981270434
0.00117406290541915 0.147062077440098 0.12369011182353 0.110860992402198 0.0952896563615372 0.103861259142737 0.025063983294825 0.0820539730766118 0.159003019751678 0.151940863801366
0.0389983569331776 0.153178849795872 0.072425510812472 0.0391644793801228 0.123763705165963 0.172077368187638 0.191320170696315 0.00234808003433864 0.0637136433061904 0.143009835687911
0.125893344444263 0.134177013012845 0.12615918551307 0.108706622058878 0.0154270662467042 0.167930285126972 0.0138305098902742 0.143382764626373 0.144185080603734 0.0203081284768854
0.153922385787944 0.0684182318437612 0.190640394681003 0.0414052747923618 0.131310772713386 0.0067109877539725 0.162081055856719 0.056214521469496 0.00690586857925934 0.182390506522097
0.0611910566548552 0.0785761055706463 0.14488105205217 0.10902920942134 0.0635912124423755 0.135320857697981 0.0613817942562266 0.0742704276037403 0.135956326727486 0.13580195757318
0.123649363441003 0.140364559962542 0.1069810468122 0.158619645865805 0.0973206945983609 0.122208882006186 0.102960510717675 0.0247953218871745 0.0953758204305208 0.0277241542785325
0.0705866090675467 0.197965050428943 0.165128090900479 0.0196141979242792 0.0323312758985159 0.0409570729462228 0.0228831045947054 0.219355710548887 0.0741859982313102 0.156992889459111
0.0934046408350159 0.115605167509262 0.029798548785946 0.122339798386768 0.111630909058918 0.138128279765033 0.050612245046563 0.0658043817431008 0.139486142219652 0.133189886649742
