0.132409628786575 0.0451815810409931 0.114088688932589 0.152461459349677 0.0864762535595767 0.129200857653694 0.0461026529392911 0.0136981508621713 0.158175891046288 0.122204835829145
0.182247381530204 0.0152567812256263 0.0953675113658787 0.202308706746533 0.142563312981131 0.110909303203885 0.00716497619853785 0.0832443958509191 0.0319119000376717 0.129025730859613
0.0691204324579086 0.22247292026982 0.00992280376529363 0.155669708691869 0.194995165128781 0.0598485643470415 0.114210177994909 0.0895146161212916 0.0779834917074825 0.00626211951560305
0.119921385994089 0.0708484516573652 0.109848233869805 0.0805133454119178 0.103612516560801 0.117394308202778 0.0920058424754107 0.0760811519312892 0.112337316147268 0.117437447749277
0.165521143385573 0.0654113554903905 0.150133441683117 0.0562946244437639 0.0727892951276826 0.0677921964506025 0.128300338041996 0.0515792199933351 0.151503364738983 0.0906750206445563
0.135393501573433 0.102447984482977 0.107462983327452 0.120235868786629 0.153772658048235 0.0803894590397658 0.00776167238726557 0.0972510630218571 0.0670316997126551 0.12825310961973
0.019923078127105 0.0648629587172319 0.0171463929912585 0.133085375681772 0.0683535757744716 0.174016690313915 0.113302663909464 0.117539015044647 0.0469430243564024 0.244827225083733
0.02784889828931 0.0744250420669448 0.161751849300965 0.00538268871833633 0.0825536562327074 0.187510917839362 0.133992739937474 0.103288205276737 0.163083430088311 0.0601625722498523
0.0421098706919967 0.043731728251382 0.176120878873218 0.0270706308590505 0.162567996140192 0.0359374979237297 0.0744876607330512 0.191722599369854 0.102488077105532 0.143763060051994
0.127513593302484 0.0176993898852818 0.0039022719776777 0.132400290747302 0.0280837984437411 0.1584400973998 0.0441670392100742 0.146240177450846 0.0969136692045316 0.244639672378261
0.158855036059706 0.0193335190229525 0.0913890033971853 0.142825587906766 0.148514196389965 0.0878934772767548 0.14775112296685 0.0834872119477119 0.0961488106434372 0.0238020343886703
0.157172675129418 0.0465375404032261 0.0669368771080754 0.0743959724310169 0.16073475599621 0.130868913983227 0.0671346139040871 0.138964167519331 0.0103711593985595 0.146883324126848
0.0129468540806922 0.154171481026033 0.171237580779885 0.0488267395034117 0.169924584622859 0.137459000282279 0.165673728451828 0.0734453762152071 0.059709503599484 0.00660515143832088
0.151724595258562 0.00447789970788308 0.0179942231658436 0.21109036483934 0.0735525503638848 0.116195974548182 0.0732416153897177 0.0149444172938743 0.206010876147792 0.130767483284921
0.109385940526226 0.0032616688960196 0.0660798398917568 0.161868556110987 0.0709921037877236 0.0538822329269272 0.133436392806749 0.183482523048095 0.0476359258949712 0.169974816110544
0.0608710618910078 0.0705454266748821 0.150789054138601 0.0893705534729924 0.0276300501285303 0.0788832164116512 0.199625847078684 0.168837478665433 0.0411903275462891 0.112256983991929
0.190630746709983 0.125209498847647 0.0356450121473614 0.173864412886996 0.115812287566707 0.156770970810392 0.0674802198088993 0.046080749558845 0.0614282994901494 0.0270778021730196
0.0243181334949594 0.219519827704724 0.0208748339657973 0.0687413792396927 0.141088231643921 0.157720615365556 0.190419784866198 0.108917332165825 0.0109343803471167 0.0574654812062105
0.0411401850585479 0.126970518525711 0.139796998739259 0.0208052076536324 0.210215705316194 0.0724152645204758 0.0349123661559149 0.0752291307882879 0.197410095561703 0.0811045276802747
0.208977827516944 0.0327823690218725 0.0276415243899514 0.0107435952018065 0.0934945842109009 0.115026017595346 0.10464329713579 0.225949545995454 0.0402155459233745 0.14052569300856
0.0350814012169128 0.177615398616388 0.0832974388456595 0.0735386565155329 0.00091951798390912 0.190527522352586 0.0274078480490842 0.177188814680887 0.205192933162853 0.0292304685761879
0.158882841092064 0.139417763897944 0.0715643717485618 0.164352302047097 0.0268458596964075 0.110485796303862 0.0569151487740874 0.0508079901641379 0.121520519495605 0.0992074067802335
0.0448819835208104 0.124967742779731 0.071878619992057 0.127126643366166 0.215728111452327 0.0388120429070238 0.0118510859430029 0.0956544158345545 0.151107099411421 0.117992254792905
0.164254234239677 0.163297103191901 0.0131578480816599 0.167699377481551 0.0611676433496452 0.0820164357284542 0.136947760089978 0.0739564836177902 0.0619106181845848 0.0755924960347577
0.00238042155789201 0.00315215156010817 0.145455602560124 0.171540431994347 0.11026037934454 0.13229390283891 0.12632874507548 0.105738089928719 0.0673211735466995 0.135529101593181
0.103579531527979 0.17476454158425 0.0155633520406392 0.201941317266848 0.207395761765555 0.0827171195584041 0.0406545637509946 0.0658467031166995 0.00326202331850019 0.10427508607013
0.0560568057412017 0.105197474079606 0.096993777056334 0.167095961505447 0.140151394732344 0.0611588288097313 0.0962774362878041 0.0658462198752784 0.0778270860138642 0.13339501589839
0.0972603635290845 0.102457259933684 0.117999082900256 0.109962555424923 0.150347516967072 0.10988522712227 0.098790938951768 0.0208430177613478 0.0558324546576625 0.136621582751932
0.00579837378433749 0.0464721039299832 0.152702342280749 0.114329577444711 0.0627216213004793 0.101352301657692 0.172089962614429 0.073345543450014 0.179646114556183 0.0915420589814212
0.16055508966685 0.0661714504984574 0.059157685279917 0.0814100168695205 0.0597433614474342 0.124640278680799 0.137026105571825 0.0703896618953899 0.0813557346610503 0.159550615428757
0.111752481856093 0.0959676820345026 0.145874881458132 0.0299108595489945 0.0995429511297243 0.13583410426334 0.0891459859822212 0.0773401503591782 0.097984626809253 0.11664627655856
0.159011654884123 0.0681586909176719 0.118753131375622 0.0537381963137777 0.123145561507937 0.000976677205568839 0.114709795986502 0.103831115985766 0.127985367994813 0.129689807828217
0.113726679904599 0.181620373787477 0.0611411592293357 0.117631663640502 0.0313730286831676 0.0479906581024 0.0893536172571011 0.0807597125437648 0.143924227375114 0.13247887947654
0.0675685781465675 0.089802604055854 0.0492445917834391 0.0815816630458948 0.198975107682446 0.180519762910886 0.0673871585700999 0.145577873142158 0.092449645472979 0.0268930151896754
0.104978402021168 0.145613312654894 0.0741340711839509 0.0210289250228786 0.155200248530979 0.1510073762496 0.109159725518771 0.053109560632486 0.0512878875174946 0.134480490667776
0.0372020294210002 0.0894704741695042 0.15822245509799 0.00712361518516362 0.0784854974576818 0.0200927886985457 0.127598475134075 0.164479165136128 0.160443442309781 0.156882057390131
0.0273897509880227 0.017696757503174 0.125447705275066 0.131795130810819 0.187011066525499 0.133059033404662 0.0429331987536248 0.0515717202808557 0.138346946642434 0.144748689815843
0.167247659961439 0.0559668818898969 0.10825625272977 0.106134187777442 0.0171815377362059 0.0355900704543398 0.0823517824729054 0.0715980279555821 0.170787920534878 0.184885678487542
0.0308947610137412 0.0283991864067236 0.0529124955718155 0.21137311065395 0.12090133552936 0.0307723720847835 0.104853357546148 0.0630306764060741 0.179849222592344 0.17701348219506
0.0925473248402453 0.136729984818934 0.00423012763733548 0.152398001577181 0.146842941843192 0.16187310822666 0.108289244744015 0.13474379333947 0.0150227803491654 0.0473226926238018
0.101027163742165 0.014515956217886 0.157594112556955 0.217614363684096 0.0149115801390589 0.228536232219248 0.11847479425943 0.0389042466769529 0.0935300887110947 0.0148914617931134
0.14449590780754 0.0169504829978485 0.0778829688870877 0.175856384776985 0.176511657326003 0.155367889016955 0.107186109072838 0.0253494975098605 0.05719322051091 0.0632058820939723
0.064691423517913 0.131950673213642 0.129617792043549 0.108432041277053 0.00391232676154827 0.115456892107084 0.141585103021621 0.0596383476259717 0.146184992726936 0.0985304077046818
0.184031681680397 0.0812594463496087 0.0476926196893652 0.134515535746733 0.0576931821831325 0.0365608154356223 0.236101527022802 0.187997102384905 0.0324604139314917 0.00168767557594306
0.0732729311383806 0.126129139948672 0.0596271991157623 0.139083992429862 0.0567953816352944 0.143693541709808 0.11102255585257 0.181128849263471 0.0510008337885959 0.0582455751175838
0.0349840828657964 0.0123954360897135 0.149632996886007 0.14373719542145 0.0145073049649922 0.0561178674695749 0.133964211990052 0.112120955969707 0.186054485097932 0.156485463244775
0.0237575236660543 0.165477913201082 0.134297497929677 0.0967490857377574 0.089731556232723 0.0724556085919322 0.0742623285143865 0.12460613444761 0.101472914005524 0.117189437673254
0.151101171201315 0.0475572998748321 0.132258238638504 0.150732514284637 0.0712054205764651 0.0131405939237396 0.116231557509318 0.0323477369620419 0.167958970702946 0.117466496326201
0.025965308786988 0.0429509277974423 0.127127445499402 0.163453300865562 0.118436022218496 0.127866251166965 0.064735234060472 0.0837247074891 0.0876560084038639 0.158084793711708
0.072780279887678 0.00437927713618865 0.162208933863062 0.0122500757745949 0.142639098333717 0.10797753753857 0.156055567659234 0.00478274414315166 0.170600110031934 0.16632637563187
0.164461759293296 0.155385495586157 0.150913671489828 0.108193200230848 0.014926668758562 0.0354457535714326 0.135816119570901 0.0238548039137503 0.128460256566329 0.0825422710188963
0.151305472259447 0.0711004661059163 0.0680347875842383 0.0967843239003581 0.0893307038007784 0.0337938816955183 0.0800855663258926 0.141216289010728 0.127010200638211 0.141338308678911
0.0465259646836174 0.179910223151628 0.00799590040419335 0.226635249673703 0.0601232212626427 0.153095174939023 0.118569196878026 0.0887533883041279 0.106014367199043 0.0123773135039952
0.0536529885918301 0.0976407057172671 0.117254785576638 0.131843669720982 0.176500751759825 0.123908058924438 0.150544050198931 0.0849479113283127 0.0173229329091862 0.0463841452725901
0.155408405256682 0.0379735257173425 0.0943271033459192 0.146926880433022 0.0420678058034056 0.106160532375652 0.157268175761495 0.103917510248561 0.0801903506575291 0.0757597104003923
0.154564666275349 0.00348317930770232 0.186444232733775 0.0916347115987838 0.0840984600931522 0.0644082505727899 0.187506230790837 0.03873175555844 0.181083638566737 0.00804487450243337
0.124916067285145 0.081562589709004 0.0864260126984843 0.104491924798692 0.101209559748028 0.0499909131377342 0.149246036893645 0.109062048021178 0.144361724194982 0.0487331235131068
0.123872249284478 0.0408175410862456 0.16050077718933 0.111264181947189 0.127008623488193 0.065639466891876 0.118300826651437 0.116267816119984 0.0443398600953631 0.0919886572459048
0.187657679982361 0.16947875530813 0.049988323923715 0.0197374007100787 0.155074903609477 0.0166770674462185 0.0234761643614738 0.203629972535187 0.0859356617269839 0.0883440703963748
0.0310461607921446 0.0554123514946659 0.242004222266118 0.0128298829845072 0.0894902510184013 0.04148150288989 0.0467550165144578 0.227485676784497 0.0650061187488195 0.188488816506498
0.164043530448872 0.0144373346966897 0.196482228086771 0.0409964584163469 0.0214205154037817 0.118907887260762 0.149345805274372 0.0251523863744846 0.14962284751487 0.11959100652305
0.0838357127960825 0.0126456266053289 0.106489173080517 0.145013214074223 0.118808730843725 0.140664269276909 0.0922092264789945 0.165946955996242 0.127457919767125 0.00692917108085308
0.176393677534968 0.00080202964552376 0.104450440308817 0.0917380747000841 0.125327493274866 0.055808084726992 0.116857568749092 0.102477733562883 0.199831309911479 0.0263135875852951
0.106015440762076 0.111114837491388 0.0696946010674742 0.117408423018722 0.0226316074695496 0.128923590183709 0.129805246509737 0.0629964384390224 0.152851416847781 0.0985583982105406
0.0811532991193661 0.164720921147924 0.139051766853701 0.025651652183809 0.150712058446055 0.000704938761641367 0.127751439546263 0.0935647502549545 0.144235603184258 0.0724535705020275
0.0820852524367019 0.0884776790294882 0.140845562573094 0.11196661155608 0.0821063686283813 0.0452712720719386 0.126045318729108 0.167757989028236 0.124266873855619 0.031177072091353
0.168992007383665 0.1221094161566 0.151947629489895 0.0248318598713891 0.096418799703071 0.0198139983554182 0.102234410600608 0.170920813831663 0.0236339903967127 0.119097074210977
0.112706313380334 0.0601408070331452 0.0790772426755543 0.12039703385425 0.0849493496583583 0.0774498045079636 0.125591846681927 0.117241586231408 0.102036129794532 0.120409886182528
0.00493121903460231 0.0454986551133313 0.0305665619367231 0.136320470159834 0.185844062139576 0.00956623936591893 0.102059758855797 0.177705329391468 0.124221710205019 0.183285993797731
0.00414522054272345 0.112556148286543 0.0551418532567979 0.011357696153185 0.0130885138488024 0.161422900450192 0.0977995312357445 0.10266651832842 0.25695907805867 0.184862539838921
0.0993941649516906 0.127022801494615 0.157043425270566 0.156744835582652 0.0266969854564282 0.0884323383619278 0.0284131862849882 0.153776379713225 0.0171177074234765 0.14535817546043
0.0574722917118882 0.0644187344271248 0.0776289952089445 0.130551510288564 0.0922758254641992 0.0617524926554604 0.15397127135766 0.16440371284667 0.166206526264017 0.0313186397754714
0.0779961807600576 0.0508312244668961 0.139066893950606 0.138410033839126 0.0199870823054682 0.178376924051895 0.0110438337989874 0.0752099246152035 0.0869472973963854 0.222130604815374
0.0638854394978709 0.0876558087606295 0.0846511477216727 0.157017537472522 0.0807471129050786 0.153447343868554 0.125273627914701 0.136184186126403 0.0991444588901455 0.0119933368424233
0.131170153856255 0.127739049248687 0.135200034325375 0.0704342163952631 0.100499362961603 0.0249070983248735 0.0405480966821841 0.121765506418508 0.120983484820904 0.126752996966347
0.11820577560785 0.0582939159942324 0.112469873989175 0.175215889501839 0.0150930456004455 0.00424864029016196 0.166744188010472 0.149275623213024 0.169723204877056 0.0307298429157441
0.0104581810378858 0.107924887373867 0.109508132057912 0.18905750462642 0.0866390311224035 0.0669929045477948 0.139084876235515 0.0337477573853025 0.0740844085035676 0.182502317109332
0.0273827915202251 0.0766311306609065 0.208307555960812 0.0175148890413218 0.153085814891063 0.221663025210952 0.0695620649853549 0.145151956464992 0.0315338908641697 0.0491668804002021
0.0918712109629937 0.0480232026224398 0.107419630388902 0.142200666728414 0.128664393297255 0.118011554709674 0.082952412504308 0.0529686352095999 0.10422181232756 0.123666481248854
0.145809959660046 0.109582098690426 0.138122388352393 0.0457546510442878 0.0286780431774164 0.0110379861085549 0.123261696433273 0.140892519337172 0.13392955680864 0.122931100387791
0.180596995422807 0.133394757723287 0.0446704655710123 0.0360494447666762 0.0746404915588561 0.192061235516289 0.156285990244766 0.155489560126234 0.00413605456996297 0.0226750045001096
0.180780534006581 0.0299723805273726 0.0215188761672436 0.0752553731882255 0.116487362545653 0.0845315973321154 0.171555130359188 0.013411962283827 0.204244712927044 0.102242070662749
0.190611452630894 0.0836571779591206 0.126383274996277 0.0914383014130764 0.0343887545925795 0.00497252752479904 0.137204773167307 0.0811507046004648 0.157619851104383 0.0925731820110985
0.059973183309223 0.00418520519251921 0.209901872355668 0.155691100234787 0.194332387151781 0.135438507610596 0.0035616123979286 0.0114297875439217 0.104876617457511 0.120609726746064
0.151609347229896 0.223477842197706 0.00314915654024279 0.0805698782078534 0.148413589005084 0.19119172209224 0.10394957293217 0.0232400154081265 0.023711921389717 0.0506869549969645
0.052104564882617 0.159091634141573 0.122338793890286 0.142957397397715 0.0245956593159597 0.149307861147841 0.100274208990751 0.107760696398303 0.104749589893262 0.0368195939416917
0.115685198322901 0.166115870248642 0.177426303039652 0.0934986882046989 0.0965692156407263 0.125656846567067 0.020706273140584 0.0564523826289459 0.0827004049690407 0.065188817237742
0.0199899915050346 0.171399506690349 0.190532891607347 0.179857709086272 0.125806275055585 0.024512833952613 0.190078803384677 0.0788571311158008 0.0088045906235612 0.0101602669787603
0.0244415762879982 0.014872045197561 0.0823311643751279 0.171540819578473 0.186887238631363 0.127553363743936 0.110263478522928 0.10852757178426 0.00981878711734743 0.163763954761006
0.00333864823822034 0.0575410264905762 0.16407881964674 0.228524757579323 0.0123560216779665 0.143252354993012 0.0547670632563006 0.0511235445816871 0.16490050305121 0.120117260484964
0.042154640102458 0.0962161737921998 0.138433926023396 0.155009803660854 0.0571685917142047 0.136518359745217 0.14543025319198 0.0343774312920366 0.047035725804887 0.147655094672767
0.116230956584448 0.00612908160522112 0.163646380938041 0.0804351591743237 0.205060829990103 0.155345608822717 0.0209719050777142 0.070376260339973 0.169202463240256 0.0126013542272032
0.0205148832424899 0.0261998956486231 0.144250195439101 0.0881957205700656 0.113994395001904 0.109185163566772 0.136548172300735 0.0499673640966967 0.153137924232333 0.15800628590128
0.196056001186907 0.123825735704191 0.0893043973205049 0.131917513246355 0.175810771337436 0.118761795699805 0.103398913720411 0.0131978208506484 0.0280426320261491 0.0196844189075935
0.132342975873448 0.028008713417891 0.0975312475728195 0.0201234874049071 0.269370623667355 0.0516577019894477 0.0213545098071321 0.0172225914604583 0.217143580943386 0.145244567863155
0.186649371813541 0.0527028253973184 0.0430361581514354 0.128317420191659 0.0675905151966567 0.00337806805092084 0.225127849033301 0.0361251513450693 0.0975096759413241 0.159562964878775
0.168657997414234 0.0683856715847837 0.123290014335252 0.131164179178604 0.0563649099199451 0.128477633372851 0.143039955171466 0.046963049722885 0.0642942801656644 0.0693623091343151
0.0571433212826496 0.0765401961020863 0.096790884707449 0.14821329313696 0.0204418341506266 0.144950121332204 0.113577703757928 0.204254675562963 0.0815095014732335 0.0565784684939005
0.176536473438034 0.182019783675533 0.120157790535414 0.0323202939711301 0.0495974690233797 0.0253653357934951 0.0336995681979637 0.169053173667036 0.180127347943281 0.0311227637547318
0.127258031212188 0.0694106152415241 0.0920412241605829 0.0799817602547486 0.0949468751633729 0.0730255683437379 0.142718565176917 0.0162663122497687 0.124029928284021 0.180321119913139
0.0218675104718199 0.0996850775303289 0.145535041372913 0.106688868637907 0.170164735315046 0.101039232544142 0.110195351721723 0.146038293350936 0.0381057125666817 0.0606801764885034
0.158896476938832 0.133411676047249 0.028311639289607 0.049384568159913 0.138802665785957 0.159216329615067 0.161478415401295 0.0500484331370073 0.104851021503919 0.0155987741211539
0.122882382033501 0.095723071049521 0.0974080082694303 0.140433244303362 0.0382696138264599 0.108839766758032 0.0788581380463094 0.117913994616991 0.120323363780126 0.0793484173162674
0.0707288126087251 0.0940597675932092 0.106334836029424 0.144446977911851 0.128610254908537 0.163671221446579 0.081071636217357 0.156885320941028 0.00754747905424783 0.0466436932890408
0.0111022189728411 0.2545421142457 0.140433167063384 0.0818332292966845 0.0229571826266132 0.0209371041033196 0.153729127774926 0.0806470962734239 0.0510984201122597 0.182720339530847
0.0754371952553514 0.0759064000978092 0.114810013164666 0.0391216014823303 0.125387869301626 0.0976843586217218 0.0212527045015429 0.162247683284047 0.233657591507579 0.0544945827833264
0.0766970002385412 0.101771243560935 0.0607560734755949 0.246695785991396 0.147211357387472 0.102433875639211 0.131518435904839 0.0663760874857045 0.0275299596095432 0.039010180706762
0.112260080929866 0.106068967423484 0.12885515810642 0.0671319387002313 0.00580355653015499 0.168465857006134 0.0660473718489596 0.1670045890076 0.0719495641542746 0.106412916292876
0.101016730356099 0.0435469744584896 0.188380881680553 0.113438583204375 0.0780116502249241 0.161676120521577 0.15085249898155 0.0111705420552025 0.0971157122564665 0.0547903062607628
0.00165064985780746 0.173296845563481 0.0718546695688032 0.133312689971543 0.158834551075699 0.128034876876613 0.0428336750807897 0.12302361186 0.126790450677354 0.040367979467909
0.0865167442013107 0.192304293893351 0.118952328804642 0.00215573166172555 0.104392222814049 0.206376729906497 0.0220490537940991 0.21639933031927 0.000224121733949278 0.0506294428711065
0.167450110251599 0.214807994604521 0.0953596818111474 0.0548690546003188 0.0752131496369144 0.106516750997722 0.0704133110913374 0.0527267913574459 0.0517508861125755 0.110892269536418
0.0586251144737946 0.20861184093616 0.0877826451568174 0.16394300513906 0.0176853059257826 0.0464165332560459 0.102262862875624 0.0898677846437412 0.20220694490548 0.0225979626874946
0.110049188326483 0.0276632855470723 0.0265733638957661 0.0177581050652661 0.0918119140033827 0.235420072685308 0.0935699300140345 0.0606439215624665 0.156413524167276 0.180096694732945
0.0486963926888941 0.0066687823887854 0.0226930499059276 0.0667529372402145 0.119581940544391 0.186805922946859 0.20617539311897 0.124754251286805 0.176444619741561 0.0414267101375927
0.106242172127368 0.0241066663347125 0.0237098835248886 0.184849633301559 0.142449700939483 0.200956571515625 0.0141584568727651 0.157331220868087 0.0184587910237308 0.127736903491782
0.0965735460946758 0.10524860753992 0.113366776822234 0.0644481063156032 0.00516435591356232 0.122994728157792 0.086909541560691 0.1460023290612 0.153875460112638 0.105416548421684
0.0280017619323136 0.125565520593299 0.116521503744436 0.141356698738469 0.139634141904207 0.0938191985913088 0.048862614536077 0.140626911528455 0.134902283720041 0.0307093647113937
0.1012538503071 0.0817041567906351 0.12228861380812 0.0951941430994686 0.0798445739690236 0.127495783466524 0.124467123509434 0.132517724512662 0.105259777331434 0.029974253205598
0.0269204719078098 0.201679495705103 0.117469730265847 0.0565886550258248 0.17239379655612 0.00629616165952729 0.0341243043503026 0.0302201809541671 0.225091972658216 0.129215230917082
0.198866769873093 0.149878685662799 0.0200857380268647 0.0296467349114257 0.125406021940685 0.0169746527470166 0.137827030850943 0.0796916325908253 0.20698619832624 0.0346365350701086
0.144676023957897 0.0183704902843262 0.0387707122112833 0.134753483600831 0.15680923797579 0.0827697945984953 0.0499414177995203 0.136412639118812 0.0854700197746219 0.152026180678422
0.114227682997081 0.120485445878871 0.119834430214589 0.0824819899843391 0.0643062477069788 0.105941940941093 0.116216863749679 0.122374646889664 0.0654127968738101 0.0887179547638953
0.0501527011930543 0.179133928553174 0.0788752806562332 0.200873763106963 0.122955759140152 0.157404967094319 0.0223381710146068 0.105394703579943 0.0793773207456345 0.00349340491592038
0.0526972865813176 0.121158496050413 0.228236996992403 0.154538792236686 0.0978866570941452 0.0497236938782387 0.128003226306149 0.135435607298709 0.0299767541019179 0.00234248946002085
0.00762143776826878 0.119250706678046 0.140205291608617 0.150563951311133 0.0826633399584418 0.00881018168575149 0.102472750585212 0.163665515907226 0.0458682646752407 0.178878559822063
0.068898287737574 0.102519222656622 0.0704882556101964 0.14058038518221 0.116595975084892 0.141527513145431 0.151585036477792 0.0147165964686869 0.113107230168327 0.0799814974682682
0.107851504599984 0.179929357599087 0.0303108671487518 0.166025100585293 0.0032555221836876 0.108285323857844 0.176709908557969 0.0520667796618783 0.00122284304642849 0.174342792759077
0.0442208997879915 0.0592709010435491 0.133987594946207 0.242989436907855 0.0719483868339291 0.00381566250332016 0.0298291766138723 0.0849433361646517 0.109720531338734 0.219274073859891
0.0186676210886892 0.0747225162722223 0.0116601732721147 0.0725619291781455 0.206893589030019 0.129837200161873 0.0549299045778407 0.146601668373682 0.242122024647879 0.0420033733975353
0.0502608165287312 0.09486180363005 0.0264027321293231 0.147109811235386 0.126199085949127 0.155959337615768 0.13629670097603 0.0988450122807519 0.0756998570007337 0.088364842654099
0.0800267270872948 0.0742020662322519 0.140302974983499 0.139123881057464 0.166076866045012 0.00879383765460587 0.0887744904846823 0.181690916876074 0.0646256248858883 0.0563826146932284
0.130991945921727 0.0799858335104628 0.0524254487365056 0.111734061643943 0.176824046873423 0.0353536719344398 0.0460079978693899 0.14979975199467 0.1375678013216 0.0793094401938389
0.0589507966028669 0.176685237045482 0.158668441113937 0.124715969650659 0.101793663153339 0.0378838935141966 0.0807781544756385 0.110605133087402 0.0233970788487404 0.126521632507739
0.0198316001192996 0.136386353074555 0.0105297501760618 0.094684276702011 0.0131482164324923 0.188675190201456 0.145911227360351 0.162448397366749 0.0896248789726881 0.138760109594336
0.15314230407002 0.104812546258008 0.0313151564404901 0.0599008495266725 0.0880481500299862 0.120576975683569 0.217734831410032 0.100304876285638 0.0147669893955982 0.109397320899986
0.0806419486493348 0.102106320004526 0.119126159843029 0.0344332688084817 0.0950207776254858 0.0950053024181437 0.100350396191773 0.110126072785871 0.108406385111635 0.15478336856172
0.0766535231400097 0.160802946125946 0.185488584088478 0.0644146310134226 0.0684586373733938 0.0626460775746382 0.0979789002826591 0.0461524449509817 0.0682755195126056 0.169128735937866
0.138194967485587 0.202831615894314 0.0488405604674483 0.0780744734132906 0.199608764854805 0.0482694143605323 0.0711614781229514 0.1132007427957 0.0937551083395199 0.00606287426585137
0.147235906617109 0.0359450964435864 0.148320913225053 0.0335208067091671 0.0869673576974358 0.0957945946811277 0.0148830258553301 0.126458666536216 0.155734345801189 0.155139286433787
0.0121122939614744 0.192373197914974 0.0214400667589567 0.00408888541256995 0.212905125941107 0.0129026825630818 0.103017162074552 0.128877124275587 0.154466939685736 0.157816521411962
0.0286027820461514 0.151956385526772 0.080742235114945 0.0826341881391485 0.070234561760204 0.155170506847673 0.150895242732672 0.0853004554619305 0.169218515768471 0.0252451266020327
0.108775933794731 0.0264240733321377 0.11968288218793 0.154432943549193 0.0660553663599217 0.0479385616946575 0.117035874338404 0.104350634208143 0.148866453519081 0.106437277015802
0.122448096642338 0.0557938813283672 0.180643451063653 0.0173173733161274 0.0878308751690236 0.128423374414675 0.170595922472917 0.0126615061644487 0.162933955516925 0.0613515639115244
0.150555343079528 0.0365715519705438 0.168590329471663 0.145081702211365 0.070885334739224 0.0858471914422569 0.0221210252890496 0.108840836439754 0.0522972276239236 0.159209457732692
0.156194351362452 0.0695087862158083 0.159590280468419 0.169552562745193 0.0967900835340821 0.00867372038586223 0.125894660802661 0.0324171598121748 0.169570769129428 0.0118076255439195
0.0906133237323426 0.124586747972869 0.188710914679098 0.0030955726707255 0.0775349307026488 0.139886301997038 0.181510037046007 0.016751279317989 0.0953293627830647 0.0819815290982181
0.0798499614690611 0.163748845453065 0.103366507905816 0.0119148337732983 0.0834257371207018 0.0694915185308559 0.0859903685573023 0.135439704399498 0.163261767176453 0.103510755613949
0.181348506033871 0.137154928685097 0.140723422168828 0.131140269713422 0.0352487134269506 0.0845031269050833 0.0460562122003342 0.120766976846804 0.00240423543321551 0.120653608586394
0.115314308532369 0.113844318391099 0.0376390620005783 0.0904528740751155 0.114010567872971 0.147759970431812 0.0565850991583191 0.185644050433379 0.0881927118552456 0.0505570372491124
0.0327906113690303 0.000401375220528116 0.167903943463072 0.200397075804644 0.0144310110919689 0.067560656842104 0.149230649394494 0.131289287047979 0.119790418460115 0.116204971306065
0.0732810195471155 0.0881258608204913 0.051545467599212 0.143992051632392 0.0557966490629342 0.125652841308917 0.168839567366437 0.113399462438345 0.0903830768926454 0.0889840033315105
0.0914303337459749 0.151474743669231 0.177978609261753 0.00657527014235561 0.0786343048748084 0.18165452050562 0.105596764041733 0.0595698918052315 0.0268766072801089 0.120208954673183
0.0321444755948242 0.0349631865907674 0.145254722077772 0.0977801091906184 0.132772156693924 0.0896052717203571 0.134303799805882 0.129335096182437 0.0843245279256346 0.119516654217783
0.207591892814776 0.0390970483234933 0.00190730402929502 0.0593554617486689 0.175784205734273 0.121095162044546 0.0806586394650998 0.0393902895637251 0.0736805147298314 0.201439481546291
0.0823862625521475 0.105266129110698 0.145515839262007 0.0518873277336905 0.12434875931548 0.0357037046842996 0.172862738468449 0.0574074019669357 0.0295662976502345 0.195055539256059
0.0874870802520372 0.130757880470293 0.0823627280311496 0.101705562206825 0.127700989711576 0.12366501998303 0.057424781596797 0.106353053199149 0.0529060870594603 0.129636817489682
0.0298321205023213 0.0395044222577008 0.161311162386481 0.152838420417558 0.109501035042433 0.163541653253502 0.119884468030097 0.0953256401768282 0.00602053073381106 0.122240547199268
0.025299964641024 0.00124940787500201 0.172130042155772 0.0684089865741093 0.104186925367946 0.101377494359361 0.171657351760797 0.145124200896392 0.143482743615792 0.067082882753803
0.0142217880454196 0.109626519580708 0.0869826992362183 0.171964730845807 0.115043817011818 0.160362260479864 0.0100975272866 0.199703210703544 0.0623019428358092 0.0696955039742121
0.171100025967665 0.151209855530617 0.109299400055101 0.163727291033288 0.0692754998121231 0.036955818959582 0.0931336085255948 0.0772774995404165 0.0714586445704219 0.0565623560051901
0.0212790353572438 0.128422403758366 0.0746525670705336 0.0426531433398502 0.137099287225134 0.163623935875011 0.160238273997289 0.0966282069361047 0.155757897887111 0.0196452485533559
0.0910869368453641 0.105124530802143 0.138137439250625 0.127340760888967 0.0707616065229495 0.134713866663099 0.00734269454323552 0.0129041889613444 0.142227989823379 0.170359985698894
0.0402966301346675 0.140454769159042 0.162906055278869 0.0543667433316507 0.116293311020817 0.175898053022173 0.0162677416516509 0.135963792627599 0.0398976533133081 0.117655250460222
0.0862485692225199 0.123145756239812 0.0343086471526424 0.143418696055285 0.110606667457169 0.122909848720954 0.00138247118065165 0.120970209173557 0.129522637179949 0.12748649761746
0.00349985761114612 0.113686088099559 0.0949746230479799 0.178811243036802 0.042508320385081 0.172868374936716 0.120601082918839 0.140865564655476 0.109409218501782 0.0227756268066183
0.108844202797399 0.0906334069945656 0.15881676162363 0.0436085999506861 0.0897876905271675 0.165892396100261 0.155591705061946 0.0842317619677656 0.0199356300180467 0.0826578449585324
0.101146053636555 0.0382034968183784 0.159835833622328 0.00245402558177526 0.123605254887525 0.200715791021571 0.163058176544024 0.00355558259992969 0.036488341885984 0.170937443401929
0.176423296994649 0.112862631250524 0.173723165766174 0.0680148286790792 0.0485328203355118 0.00261744702570285 0.0573272978723661 0.0855228975000133 0.138219728264906 0.136755886311074
0.0947861190467688 0.119137968499103 0.146259271329501 0.157175237599501 0.0381134101760697 0.114549721618713 0.109563056546746 0.0279131126091244 0.156539930909894 0.0359621716645796
0.148421223878084 0.065891859162538 0.0728450713308361 0.101525832054503 0.0408978833649057 0.0874579551144514 0.173863257387635 0.0298684253602814 0.12879200985201 0.150436482494756
0.235453716403149 0.0847154877978549 0.0298334075685064 0.120474548795284 0.0300279570532164 0.232741490048768 0.122874375375088 0.107484986613623 0.031202818233459 0.00519121211105013
0.0926435808915613 0.10483723484981 0.162772628816804 0.11038860905376 0.0903775656098788 0.0347512555096466 0.065815714137914 0.150748601114904 0.122776598132373 0.0648882118833477
0.0832266226465619 0.156086838278235 0.0251982581341312 0.0990407954417841 0.18397034534063 0.0539942015705556 0.181617479103727 0.175669309393358 0.0142148526527103 0.0269812974383061
0.127804928020042 0.131965167290457 0.217026203351281 0.138770406706499 0.120429037261486 0.0816550202584973 0.056291611200603 0.0287092845538589 0.0619796889614951 0.0353686523957809
0.00842678814070085 0.040350915621454 0.188513155050634 0.113219775723074 0.199277958409264 0.133058573198667 0.146805358033404 0.00685102973125021 0.0358319093368035 0.127664536754749
0.0705128373144281 0.102458954456773 0.137366745893292 0.0106431445883558 0.132020140883657 0.0967978820454273 0.0959231594805356 0.12622582004141 0.0831260506147942 0.144925264681327
0.0470036247756304 0.0392668974599342 0.102654889231636 0.00535712484865297 0.22296185844322 0.145220193004707 0.0308699747225463 0.0600676698867654 0.122109997673659 0.224487769953249
0.0610525141492645 0.00602317838249836 0.0482944299974557 0.0338077446616113 0.167991823787983 0.160882522578196 0.137959342449702 0.177009895577363 0.0664172158731547 0.140561332542772
0.0830613732205303 0.213157023832741 0.0552519644207435 0.0121543460376733 0.0199849083608095 0.20808614308867 0.0877620544823087 0.1202332084495 0.170078638507545 0.030230339599479
0.105192516539359 0.0505487840852193 0.0562520563899087 0.124112473137793 0.161499400381978 0.146480970484611 0.146931193780053 0.0271106442116248 0.137086132719286 0.0447858282701657
0.035851331807956 0.187827297453969 0.157285899026064 0.154937724432854 0.0625463430532714 0.0353761485193555 0.136398375569549 0.0256202841713891 0.0142188950238465 0.189937700941745
0.0606671653414453 0.211466501788764 0.212382951971664 0.0192134644859132 0.0290462584758633 0.245581763976382 0.0132164826291529 0.0659283741615916 0.0538070516478994 0.0886899855213249
0.161188168748369 0.113337219940309 0.0672441868527639 0.160366687487134 0.0648666289922307 0.0526378915178528 0.12868520770875 0.219020485053475 0.0071409106379053 0.0255126130612104
0.0297687050039629 0.0957487101652845 0.216703207985737 0.0184245719287548 0.078569441781538 0.168861733850205 0.0623373400684903 0.160024740273757 0.120040697292229 0.0495208516500414
0.142191855146753 0.110745524334759 0.0043656703713413 0.135145585331427 0.0216034167238749 0.114887374306932 0.115898159405115 0.119542399823767 0.194228797328424 0.0413912172276074
0.0707272114402374 0.102329681691919 0.162706967625823 0.0993539629134062 0.127511119017602 0.0841780484342792 0.152082998101543 0.0227847966975724 0.026035352002946 0.152289862074672
0.0330548579420623 0.010174234312359 0.161080432988014 0.139032327063449 0.0747916804591007 0.149924076668833 0.237504117820369 0.028039460364164 0.0695230620141665 0.0968757503674818
0.0831196310631912 0.0779271360297826 0.028300682696041 0.158205120579515 0.0633855789299383 0.172857400400908 0.136486446365299 0.0423594409885857 0.154586136340518 0.0827724266062208
0.0251026624964089 0.169384569170436 0.179038145967403 0.0311248878825839 0.0983495178853857 0.0249913571426858 0.108080998119369 0.0330038990247229 0.159196607416095 0.17172735489491
0.161495873235954 0.134290477576473 0.120299501700168 0.0254402830996494 0.167629290548009 0.193001635774585 0.0427931300177856 0.0528853618471979 0.0858459577614573 0.0163184884387199
0.0886880482027114 0.0120582026990915 0.0320984785328759 0.171751511780911 0.0849175419873202 0.239044454772855 0.035552839614695 0.121695229493888 0.186461510006156 0.0277321829094974
0.197851603775378 0.0141365490295005 0.142388316739079 0.0725767051318176 0.0585473788067548 0.153053756527666 0.0359669707949305 0.144162395526248 0.127129634653288 0.0541866890153375
0.104658283083162 0.0769879180558441 0.0883917390679148 0.0544340855381371 0.0921293305716276 0.0922445987106389 0.124936448766149 0.138000939952399 0.13400638360831 0.0942102726458176
0.0730552536697681 0.153550664754418 0.0747594054292689 0.161379151624656 0.12511704970699 0.0124032035580259 0.111919391420865 0.162695521187339 0.113909018771696 0.0112113398769745
0.176918288177596 0.0558619286772896 0.157775124617735 0.0114495195324112 0.0411099502889112 0.167261525168379 0.163048053292633 0.0937905910773972 0.037620261583322 0.0951647575843259
0.157545025842879 0.170748580059393 0.109208120275634 0.0367950785441929 0.0246945133504344 0.120001853289376 0.0223010356712684 0.127653385836762 0.136299339857454 0.0947530672726049
0.139388470972801 0.169922629717404 0.137089520071984 0.153692736895863 0.0251407048994522 0.0924205476410936 0.0432909738798578 0.0972757254060639 0.123354709275534 0.0184239812399461
0.113690468858552 0.111268420997676 0.117839062420735 0.142293194153542 0.124955584354396 0.0534753336906992 0.0496100951578112 0.0139936875346467 0.128493778248294 0.144380374583649
0.0599224693491469 0.103847894033639 0.10925141677952 0.0691885551429492 0.152286176558762 0.0697804063254571 0.147737385188995 0.0735426095766197 0.142839875289661 0.0716032117552502
0.160670431426449 0.124102058800612 0.0146865014564717 0.0800543519849374 0.0560362235474851 0.0657375401552137 0.142447627591063 0.0825540253006637 0.120412701757711 0.153298537979394
0.0691773349623927 0.131354417044401 0.158688250871228 0.189251230109739 0.0648924526306473 0.160705186124133 0.0296692783708 0.00612932201896333 0.0524114341315892 0.137721093736106
0.0883381004054791 0.0914210377388153 0.12299128731295 0.0299093582860831 0.129908862311906 0.031902933535205 0.138873747604816 0.160390308423189 0.117770524388603 0.0884938399929523
0.167510803513809 0.0531006057508496 0.178081686341258 0.0769866637674326 0.0983184728392939 0.00741024320686493 0.0951000473889375 0.144585607841046 0.117939597285631 0.060966272064877
0.0933981037620433 0.15287444735866 0.111168535927545 0.0622249850759925 0.0267196093917829 0.188819059079709 0.0849833876930917 0.105470625871705 0.0282801923832249 0.146061053456245
0.0876436122744625 0.045542038084313 0.102811228042022 0.209121265466304 0.149847837508535 0.180887086062478 0.0144466225474692 0.0598668335966422 0.108853823458984 0.0409796529587901
0.105607480067594 0.143198758909916 0.103654536634552 0.061143845977486 0.0688771419225719 0.139597680337521 0.133378762894097 0.109249202791185 0.0867646168366696 0.0485279736284073
0.00795634184628151 0.0881188318757425 0.180238942908198 0.117647169854323 0.0153871816358092 0.0636435402999106 0.122497848873247 0.158088664248405 0.110555621744096 0.135865856713987
0.174109951160313 0.123633603712279 0.169748816510149 0.0805040154407791 0.039537237188909 0.151154594693615 0.0879701460593912 0.082761351983673 0.00638081420357367 0.0841994690473182
0.177606685248281 0.0625909049144696 0.178247855823659 0.0153329015165021 0.132129922398308 0.0522398432429899 0.146001788804507 0.133794438383441 0.0622034888730435 0.0398521707947992
0.00241900041179468 0.0529030894121776 0.0302236434506885 0.243813355050706 0.14296814940892 0.0699276018795385 0.210567078492447 0.0484951956414651 0.118460565381012 0.0802223208712496
0.0740464009066007 0.129452749264123 0.186897729120517 0.118033376130622 0.0527020428915392 0.0435017936443277 0.00664033401192337 0.143265823278775 0.116974268863568 0.128485481888004
0.0764762557322424 0.102136055825352 0.0269967983907605 0.132741235488331 0.120789006059812 0.104400720560641 0.0655401883522322 0.13891769670483 0.116921848096755 0.115080194789043
0.18458448292818 0.0657711093514012 0.178567157129636 0.120178796087689 0.0837799052695263 0.0366678797141412 0.0844130410308933 0.016390156843866 0.00726696826345083 0.222380503381216
0.0825190387592833 0.103735813152861 0.0889788875399346 0.152856898879114 0.167507268241437 0.0333735255881183 0.127682335130311 0.145726947124506 0.0309831825704304 0.0666361030140035
0.274739200674333 0.078988478763868 0.0101306375660621 0.00560815399401622 0.0808191073484515 0.194187082085654 0.15002182153868 0.124984362777269 0.0184363787514725 0.0620847765001938
0.113216042735128 0.14187875983638 0.112820890627873 0.108612660735109 0.0570405939467383 0.0860580976066618 0.0716250635412454 0.173204279085474 0.0491848413386811 0.0863587705467096
