0.246961324453245 0.241524303508166 0.221617189610524 0.289897182428065
0.330604020864208 0.190219363629465 0.20425081208444 0.274925803421886
0.295425760461914 0.235295093490167 0.358274120605823 0.111005025442096
0.195252024998095 0.0553732049677584 0.318843047490062 0.430531722544085
0.155523576091608 0.332414702439937 0.155708289321837 0.356353432146618
0.373714084681377 0.166296914094543 0.181965061047928 0.278023940176152
0.261151628660821 0.165173346132415 0.0927070026113046 0.480968022595459
0.293690724686969 0.23367722375764 0.00725901933880912 0.465373032216581
0.208903402844738 0.0201651556582841 0.375914540804415 0.395016900692563
0.171702645745131 0.635636065793905 0.139857203294013 0.0528040851669519
0.0772277148863943 0.283546177795945 0.146085289278024 0.493140818039636
0.427209827227208 0.0176787778644793 0.222654558835754 0.332456836072558
0.394867017581795 0.0402790346875834 0.110479693660951 0.45437425406967
0.0403093213467336 0.232771559569817 0.495882224944954 0.231036894138495
0.153471524913387 0.264113674372907 0.352798088514701 0.229616712199005
0.407565562094308 0.0689470628111271 0.150332817164678 0.373154557929887
0.293861519804332 0.523233690558354 0.141823889173901 0.0410809004634127
0.325139548337323 0.177556673885554 0.321429145300315 0.175874632476808
0.127759549508054 0.343802651288148 0.344011826647626 0.184425972556171
0.196912198154063 0.331037321632519 0.117652673802472 0.354397806410946
0.301032563047641 0.231659477354692 0.446718273876709 0.0205896857209579
0.285180616225138 0.460050144137489 0.0906379241037795 0.164131315533594
0.0124723493357593 0.281499779829504 0.417079660194047 0.28894821064069
0.274591189150304 0.108769352812653 0.240277026376748 0.376362431660295
0.163551634895854 0.413037103051807 0.23179090068753 0.19162036136481
0.190987511307815 0.318854807465382 0.308660173561171 0.181497507665632
0.409652358613343 0.357275737447248 0.103678849843915 0.129393054095494
0.193857696953034 0.32063022206852 0.257100683000434 0.228411397978012
0.0296749021765091 0.00510651239586282 0.628027413507625 0.337191171920003
0.219788738500563 0.400370043456441 0.105933350318514 0.273907867724482
0.168847012217691 0.34348782557309 0.336009666272003 0.151655495937216
0.00828058102400353 0.225300223413813 0.391362313651674 0.37505688191051
0.181662640572522 0.205482812515737 0.425261582006902 0.187592964904839
0.249917584740548 0.388431302438447 0.139209812055904 0.2224413007651
0.466911692424491 0.276144551130109 0.0480169409084508 0.208926815536949
0.256490481625496 0.402176947964885 0.0693049249680319 0.272027645441587
0.430303802391295 0.064341760545626 0.0468118811674555 0.458542555895624
0.274013674270253 0.4031036874018 0.0513184450077049 0.271564193320242
0.0205635318802075 0.372033963762284 0.337970088863619 0.26943241549389
0.365728938133544 0.371446540734801 0.215043964177899 0.0477805569537565
0.171434665099907 0.104941735681048 0.492231913098461 0.231391686120584
0.364826555301546 0.295125642756392 0.246409614907315 0.0936381870347475
0.0316578436207824 0.179571085861435 0.288690878184183 0.5000801923336
0.16321131161335 0.109857447268864 0.256219779711761 0.470711461406024
0.341610603932825 0.398558929901281 0.183959134820983 0.075871331344911
0.295680269851442 0.319186985387557 0.10407635741862 0.281056387342381
0.255418347767612 0.299382274525148 0.186064946622458 0.259134431084782
0.323692029308509 0.147247057426784 0.191103015844794 0.337957897419913
0.0747431691657798 0.41487790314443 0.0408423466554473 0.469536581034343
0.293994000298359 0.340837257369886 0.254783406831091 0.110385335500664
0.423477724737595 0.231447508872801 0.109501559747236 0.235573206642368
0.304349068051459 0.143730754111332 0.379944573806343 0.171975604030866
0.0663871517722927 0.23200987353113 0.528518119155181 0.173084855541396
0.294883550733872 0.353929177156329 0.277124816585766 0.0740624555240332
0.18620043434096 0.0247831782886686 0.256255871945552 0.532760515424819
0.0711286397547141 0.359823706120786 0.246890211149223 0.322157442975277
0.261810734122595 0.221936150939309 0.334714115314478 0.181538999623618
0.20864336265417 0.0318868911045519 0.604894494190474 0.154575252050805
0.303414578949126 0.0689775603362653 0.500668384955012 0.126939475759597
0.394055621537101 0.175969443182724 0.332619903181777 0.0973550320983987
0.416828925186562 0.196188772805517 0.289684904787944 0.0972973972199761
0.221450000543261 0.000630625666829145 0.319879769246346 0.458039604543565
0.0841776568492433 0.107623461313804 0.468764590868696 0.339434290968257
0.372859922521377 0.119419072933152 0.023515965847609 0.484205038697862
0.181964310653123 0.13864600237156 0.0795453895999292 0.599844297375388
0.192757192845014 0.416073741268616 0.120792380791897 0.270376685094472
0.130917329165754 0.169241282559585 0.178387187270968 0.521454201003693
0.147902412842622 0.20258257699033 0.358522121784293 0.290992888382756
0.235705835572884 0.282078112918167 0.164114755979971 0.318101295528979
0.275343356390777 0.133592641326231 0.327206398383068 0.263857603899924
0.092574562325935 0.214055044588532 0.336882180424128 0.356488212661405
0.135174257711782 0.307231499643977 0.538789759047149 0.0188044835970918
0.100169441742134 0.451731706807049 0.248816512549258 0.199282338901559
0.268326830087856 0.0560903493975906 0.358641586272493 0.31694123424206
0.3771525836761 0.130494329395465 0.365481555441392 0.126871531487043
0.319833342075112 0.218003289601878 0.198376045580959 0.263787322742052
0.0861651097846601 0.19941302008852 0.23585700821688 0.47856486190994
0.408802502619973 0.354523681835886 0.187068568193012 0.0496052473511294
0.323607592091331 0.320610209163254 0.0315010447616175 0.324281153983798
0.377506570262974 0.0795539821955269 0.179575447773905 0.363363999767594
0.286617740377358 0.327874682922488 0.240172927488381 0.145334649211773
0.291566983679085 0.133206580571297 0.253830118324717 0.321396317424902
0.14466267490544 0.169048233163577 0.669664146505938 0.0166249454250449
0.37205705874594 0.176303357468161 0.200761938062903 0.250877645722995
0.219211156866182 0.375201327174047 0.0387749334011394 0.366812582558632
0.185110994536955 0.153648432455637 0.298881548899339 0.362359024108069
0.208066449333855 0.126304582278822 0.255853593541695 0.409775374845628
0.12095225829532 0.213042759996838 0.304544303630018 0.361460678077825
0.351898915210799 0.406431358524734 0.105687162819976 0.135982563444491
0.346607729402637 0.214044979066322 0.298582210202485 0.140765081328556
0.187309746245599 0.380763599379032 0.00968209753062937 0.42224455684474
0.312113223696583 0.0865998295574121 0.306603357961539 0.294683588784466
0.0547509274014624 0.225732250647938 0.338741540151589 0.380775281799011
0.208736840296066 0.104804916249664 0.529934686226559 0.156523557227711
0.156905298294162 0.427648239081197 0.239846569176751 0.17559989344789
0.228022949105617 0.0954590615940666 0.403074790362968 0.273443198937348
0.254301299329876 0.297308238273866 0.250248253289901 0.198142209106357
0.219239505664911 0.390688569828374 0.058720353737682 0.331351570769033
0.314480107209669 0.332352463948571 0.10994224068561 0.24322518815615
0.0478893875155216 0.307519527902533 0.156788480001465 0.48780260458048
0.266399412016077 0.233928721523683 0.279262459275705 0.220409407184535
0.226822422918418 0.28149846870057 0.373748592599692 0.11793051578132
0.122435474376844 0.316307396192912 0.393333375656323 0.167923753773921
0.217088214752587 0.28855584476072 0.253822025252299 0.240533915234395
0.259480751094736 0.063105754872509 0.295487660687167 0.381925833345589
0.138120779127188 0.334313638530959 0.289272719773819 0.238292862568035
0.0915794800095398 0.443326021353268 0.144486528470041 0.320607970167151
0.0271645556734595 0.410213072652048 0.145123398727724 0.417498972946768
0.0225190563301128 0.324652851297735 0.340253531278606 0.312574561093546
0.182564520950718 0.689270638582066 0.00617137212275872 0.121993468344457
0.446820494833865 0.0492469088282872 0.232383466692933 0.271549129644914
0.0730542706032793 0.393600747908707 0.0603483849209296 0.472996596567084
0.23575955113568 0.0332063955281188 0.434922044425426 0.296112008910775
0.738054390199766 0.224780014354896 0.015586068370494 0.0215795270748444
0.148069841682364 0.287505636563886 0.265132118008996 0.299292403744754
0.460886193331738 0.133524793958368 0.132741758545216 0.272847254164678
0.231981130959685 0.317287138773267 0.0969184074954784 0.353813322771569
0.585431918566741 0.00878594139307754 0.0587678268253707 0.34701431321481
0.38952795120246 0.251511041295925 0.34956264705505 0.00939836044656558
0.348198217265226 0.0144665457949144 0.199458625852423 0.437876611087437
0.00496801206396939 0.672723458589144 0.144849771456705 0.177458757890182
0.342830688494711 0.218510608169707 0.0590642521920126 0.379594451143569
0.0797797231042543 0.503598930543834 0.132628512856829 0.283992833495083
0.22981639623641 0.438466766976186 0.116600924293642 0.215115912493762
0.193814147340622 0.291608721190192 0.0811515821700605 0.433425549299125
0.312386901063195 0.0309319047386249 0.327843185446632 0.328838008751548
0.0397459249348399 0.206165363819561 0.340804508963766 0.413284202281833
0.0440241172085072 0.257408043114033 0.344879067716225 0.353688771961235
0.293187951707753 0.450862677249845 0.100859469355824 0.155089901686578
0.319703444108174 0.120639307770129 0.0823090918069461 0.477348156314751
0.391207840483185 0.23652741150162 0.1948339787844 0.177430769230795
0.188161284344838 0.338625974169772 0.0998590690138806 0.373353672471509
0.166737216234398 0.26047561685116 0.524948963213232 0.0478382037012102
0.155305057375 0.443150728483616 0.0645533886508667 0.336990825490517
0.203917980995218 0.0881628570387247 0.579774520970447 0.12814464099561
0.201365471916866 0.148538473707842 0.354769216524623 0.29532683785067
0.109118319837697 0.278898750352972 0.393575995231646 0.218406934577684
0.050392937802193 0.438591914017813 0.213232686591823 0.297782461588171
0.0267103594260577 0.300715206556125 0.454550279842559 0.218024154175259
0.18884297803661 0.21391801525225 0.341113145472099 0.256125861239041
0.144887376951274 0.130535462223254 0.532929313330088 0.191647847495384
0.106129990943646 0.36877759948622 0.359304647944913 0.165787761625221
0.344401079441533 0.0895907781903483 0.186668257384582 0.379339884983537
0.203912450724272 0.394922800206908 0.063803002266886 0.337361746801934
0.326590420205467 0.367744972413894 0.159301708638433 0.146362898742207
0.067214422366694 0.1996601339931 0.340216898123787 0.392908545516419
0.336593946240791 0.171838627458708 0.283061168971656 0.208506257328845
0.266421351790286 0.552627999920228 0.00337916583863064 0.177571482450855
0.0228609986790687 0.345068489587857 0.188213642533914 0.443856869199161
0.308339271923553 0.364189554319093 0.0110816233410058 0.316389550416347
0.219515507420589 0.396263212277874 0.141222918567546 0.242998361733992
0.00651474666730809 0.332276014579413 0.565119393274649 0.0960898454786296
0.384828225872559 0.314472555775241 0.103397098888805 0.197302119463395
0.450769957488189 0.117723692869347 0.41769811954261 0.0138082300998539
0.19820244881942 0.439284066995273 0.315973680910948 0.046539803274359
0.296893042011765 0.326238971697615 0.372497286526402 0.00437069976421732
0.186373070059724 0.308295897305161 0.0378916635919545 0.467439369043161
0.0731211878919764 0.431783484110771 0.299086948948414 0.196008379048839
0.317444688710965 0.17140133475244 0.164583958240871 0.346570018295724
0.438926492693957 0.0614097604128147 0.156113403071418 0.343550343821811
0.193873577695887 0.356147070540423 0.20205473091786 0.24792462084583
0.218146392792684 0.221387696567369 0.129971220841789 0.430494689798158
0.0210814449983044 0.59137761033354 0.0694951436374406 0.318045801030715
0.388145361987162 0.405409915803382 0.0419080445814976 0.164536677627959
0.318589232904015 0.336204618666736 0.00275353371679983 0.342452614712449
0.230000758510153 0.499458803160172 0.0594303363563915 0.211110101973284
0.251899576579398 0.2001955020616 0.47139547599846 0.0765094453605416
0.334368783191216 0.387019541626625 0.0699550984442902 0.208656576737869
0.218974201376096 0.328805660641482 0.324442118254752 0.12777801972767
0.325812090081474 0.256204413622289 0.179725176182124 0.238258320114113
0.192786285376869 0.463864454412311 0.113084745050749 0.230264515160071
0.390901603203694 0.0651797331970813 0.141459278334069 0.402459385265155
0.190476233300229 0.435949963381889 0.309860889978389 0.0637129133394938
0.344738955233659 0.347100338411573 0.126926599477905 0.181234106876863
0.288874899356717 0.152701645469631 0.337741620545585 0.220681834628068
0.353721346719226 0.0499645744347579 0.391134301540224 0.205179777305792
0.264286507442664 0.0152920821612544 0.542584970677932 0.177836439718149
0.133734937602644 0.315547703279883 0.316298849187055 0.234418509930417
0.570775556186613 0.344746166119624 0.0313158784507972 0.053162399242966
0.227923258027527 0.28981611420827 0.210913186555625 0.271347441208578
0.297622939700739 0.016273827211274 0.478504982870495 0.207598250217491
0.155037265401855 0.238712525401241 0.318004340428294 0.288245868768609
0.283026982389922 0.343348699576801 0.192881500335801 0.180742817697475
0.31342135676727 0.19810984154914 0.320510911589276 0.167957890094314
0.106358355822146 0.0568250254143304 0.390746895708627 0.446069723054897
0.198852918697301 0.203708884852632 0.452861963241652 0.144576233208414
0.0172026958702529 0.224355875863141 0.484490729414666 0.27395069885194
0.289089267468772 0.260406356331929 0.346367495146942 0.104136881052357
0.0985807437024044 0.316252005801377 0.305668309674616 0.279498940821603
0.21991659814977 0.260862256324751 0.113709054416308 0.405512091109172
0.224225729643081 0.559626513647983 0.0870310896554553 0.129116667053481
0.238312340795649 0.00668375953193614 0.462258776514147 0.292745123158268
0.137533928679688 0.282015870810777 0.201642865871886 0.378807334637649
0.0374155419509191 0.462081850116808 0.293437893453401 0.207064714478873
0.375952879543685 0.0892406498454656 0.379402000107294 0.155404470503555
0.0867481338454345 0.108121365260262 0.42016668440424 0.384963816490063
0.184954607817902 0.176506812426173 0.338036636545217 0.300501943210707
0.0288829989754684 0.129714696962348 0.389269862887084 0.452132441175099
0.256931075506068 0.24861676638583 0.172526927614795 0.321925230493306
0.128052377447355 0.184140732952867 0.357479930963691 0.330326958636087
