0.180268860672976 0.0203921391819052 0.0525008702943218 0.011166213470729 0.159062648306892 0.151604468648046 0.173829410158514 0.168647341135854 0.0250255183052158 0.0575025298255465
0.113044663377176 0.125461673357954 0.129539240614555 0.0280186433130753 0.0177953282716096 0.0892670874930473 0.0853022944705426 0.187350705877987 0.0566932675436485 0.167527095680404
0.106964237371492 0.0288352396722213 0.162134681885749 0.190062282394597 0.0614185569108966 0.0809593293523924 0.0997197365098322 0.0490955112822502 0.0595076552848964 0.161302769335673
0.0900880779642901 0.103080197204811 0.140340482955824 0.179622092678907 0.120780572873186 0.012454229217729 0.132843502594053 0.18917906759694 0.0282185004000626 0.00339327651419827
0.161502652718046 0.0193530982788839 0.217111292346293 0.170674693895283 0.0602272491221515 0.0376923587214268 0.14690791672584 0.0328036888479749 0.0984955644609511 0.0552314848831503
0.00941875753904539 0.102713051491432 0.151839797955427 0.138141571586927 0.167615454136662 0.160339119673006 0.0204693490134518 0.0036792402421836 0.165088036974237 0.0806956213876275
0.0806336763809117 0.188923117971412 0.149191854233793 0.164805155527989 0.177546581889287 0.0301595834093777 0.0478234577994823 0.0279904350831746 0.0623073592846947 0.0706187784198774
0.100286328514071 0.116760525151492 0.00708681536197075 0.0972575267988675 0.184332806190696 0.123766151781665 0.185738655474212 0.035440226693004 0.0545970061354847 0.0947339578985371
0.0845566294322204 0.0804904402310411 0.0443695116701206 0.162276445489662 0.0722851361693908 0.0710358211195366 0.0687319295400851 0.0996005562721718 0.152128287600522 0.16452524247525
0.0758339867251376 0.103990778663034 0.0575142915716506 0.139182146475431 0.00783618378277005 0.194199105912489 0.0688591716076991 0.0473652239978897 0.162974144332735 0.142244966931164
0.0415658825313852 0.208851865996987 0.132489273783171 0.211971119591232 0.0528702265530977 0.236289476869019 0.00952056589427884 0.0458904877115752 0.0233426873161256 0.0372084137531284
0.0994058917354973 0.0206113423803135 0.164753789202441 0.171404961814396 0.160334274998456 0.0337777595743138 0.0956682843784898 0.160904866281287 0.0385881945748919 0.0545506350599133
0.105542793305842 0.110224845478906 0.0844268268617402 0.0435771188469911 0.065543183136256 0.14091121508081 0.128417282580273 0.0998136663086559 0.0794896116914145 0.142053456709112
0.132274186820763 0.147099008957035 0.130182933838806 0.024776369480977 0.105652249120653 0.0369549213040733 0.129940560243466 0.137027860570317 0.0904724199860949 0.0656194896778154
0.0552141022669334 0.111097342405855 0.125189618180361 0.126288702384638 0.145598059814853 0.0415267742462855 0.155227324383598 0.0830704541895206 0.0807151292040499 0.0760724929239058
0.0026191363207773 0.00645297174483303 0.214396263065505 0.0198107999026479 0.109514997496628 0.120258562973785 0.110095125978379 0.111076154544656 0.185094443923043 0.120681544049747
0.150107279821232 0.151778824233203 0.0821892864921272 0.0788964229517069 0.0942724798323739 0.109502174314893 0.0161998817362877 0.0893422355763928 0.170712031305612 0.0569993837361717
0.0470337691036121 0.132060479556021 0.108038852673413 0.0579219534720658 0.125560625687461 0.163501814615603 0.116972338569395 0.0726909054353757 0.0774083001145259 0.098810960772527
0.126040078415276 0.130527083238991 0.113492915112941 0.117648294620405 0.0337364647071662 0.131324640681318 0.128931715936036 0.0342663516472478 0.0862957436832745 0.0977367119573442
0.158671179298419 0.160069030022938 0.0942862362899836 0.121145327169758 0.0214230674864027 0.0769595394996932 0.187763999773026 0.143051561326807 0.0216183648732708 0.015011694259702
0.087358242404193 0.151100364590056 0.145028500814792 0.120659049084179 0.0781538206650912 0.0924558120345615 0.140765074202511 0.00623996277703538 0.0292232854365418 0.149015887991038
0.0504263787842793 0.123298933976243 0.128153460246222 0.0435570397301902 0.076833151505347 0.113805497404215 0.041886486587999 0.127592549453759 0.138377586268006 0.15606891604374
0.0196500278197475 0.0582830085438725 0.0504150271009252 0.0101874830298123 0.065425901507731 0.237431373766096 0.0933083652036213 0.142274356599173 0.11591334811484 0.207111108314182
0.0264661882112291 0.0735589634378506 0.132840586177357 0.0434778466913794 0.179877585001102 0.02622075462968 0.190459362166795 0.153046037982012 0.17340064101536 0.000652034687234813
0.153197387964534 0.0177150774706514 0.127138446732335 0.0808484740124412 0.131099854954194 0.0215275148291002 0.0776652009798374 0.148737306003395 0.165386186349539 0.0766845507039731
4.56812283224982e-05 0.0996731602298026 2.27644522588232e-05 0.103909364244716 0.180574685918925 0.0806858392139351 0.0855217526283988 0.182502511949622 0.113648233189874 0.153416006944145
0.0175854153469121 0.261767898147179 0.213500882766381 0.247828359141239 0.0376118715013254 0.0990932681735548 0.00496556195741839 0.0758110539403819 0.028832622542105 0.0130030664835046
0.0746306185946067 0.132529568779716 0.059338521343777 0.0758406323250117 0.0385503753146106 0.155622742550126 0.0559205026115934 0.0628191737882433 0.15372078862195 0.191027076070365
0.0138449750801016 0.160737828450661 0.0444162875921349 0.116523757332471 0.11501680515375 0.0140897757905139 0.167219302472925 0.149480813604855 0.135265092657784 0.0834053618648035
0.132258239977585 0.0691096407245342 0.127426257214419 0.126315236458495 0.148653561508213 0.0228842116335401 0.0948147916884134 0.0839571262922627 0.190277683599265 0.00430325090327308
0.104355266306084 0.148684830643806 0.140095036388574 0.162916972300487 0.0176439368006313 0.125627428412657 0.0910484871923969 0.0157408602007288 0.163609218154127 0.0302779636005077
0.212930123060425 0.0114681964600786 0.0318782220372375 0.169262974854995 0.175529743306466 0.00952252904839819 0.00780076967398709 0.164815445166976 0.122688474895843 0.0941035214955929
0.129378442680932 0.153276576446353 0.174846677716058 0.0473665460755768 0.0174598680818573 0.0378009268484802 0.178496937758232 0.0479883009032802 0.00861943196787511 0.204766291521355
0.0889035406619278 0.116144046055342 0.0748237187048249 0.12563382131826 0.106243259953573 0.109038296262376 0.132741426103515 0.147136085210186 0.007631826403806 0.0917039793261891
0.0797287740340503 0.0876872744478828 0.140474144450766 0.0496319663869078 0.126126678434933 0.132438630487763 0.20482025512281 0.0743303262830145 0.0999847826707067 0.00477716768116653
0.0641567765088242 0.0446666203729331 0.160113369723295 0.064032919893545 0.107126946878921 0.100751831101865 0.119063960059646 0.0606750729775972 0.0950780121608259 0.184334490322548
0.0459930520905554 0.0351921535725854 0.168502217473926 0.0906751967388974 0.0336942172696946 0.198117368865977 0.173984098057796 0.0121104158033976 0.13354726558185 0.108184014545322
0.321075466090424 0.217879164372193 0.0254554919698893 0.0563997991576654 0.030892771170729 0.0592370597597743 0.00421581074815041 0.233752766821246 0.0143746120162313 0.0367170578936969
0.0342333217910317 0.185178880889698 0.0198895111502904 0.066247880395072 0.0354152976210369 0.0939533555422029 0.0944228174585323 0.177363656622415 0.255253065198213 0.038042213331508
0.137281399523886 0.113511678175327 0.0532866991120977 0.0649230211895213 0.0548213324235779 0.103405551681719 0.137022541357584 0.115042113136177 0.104216610394888 0.116489053005222
0.118025340035326 0.150744906035428 0.181468186029053 0.0945222910807787 0.0380352800962524 0.0274651121208206 0.0442951554076524 0.134034948011019 0.0410569341233943 0.170351847060275
0.0471844500438522 0.10587514426025 0.145135265153609 0.104737770691018 0.135631424077794 0.191826458851974 0.00976801150328495 0.143812859925867 0.109694936092748 0.00633367939960253
0.0629187811107665 0.0201794281052165 0.138373771067799 0.0237594702895266 0.168495065265768 0.199989627605992 0.13091167855574 0.0958293714632308 0.0213026397010765 0.138240166834884
0.125936424350181 0.143109411067148 0.106095837857916 0.0595803854808123 0.0482948856054313 0.138715510342764 0.0246583708318447 0.135953419333186 0.135025060949819 0.082630694180899
0.033117287797498 0.0698441859524233 0.151779871650035 0.112726005775257 0.176649109092739 0.169098380495737 0.0390206694421574 0.0803307246495114 0.107697772039689 0.0597359931049525
0.141668571208859 0.0203115596945376 0.147532597811307 0.125749566929403 0.0770848453867943 0.126079686253116 0.0200390721160347 0.13594926854452 0.114420954245836 0.0911638778095935
0.00742373464693672 0.131548208165708 0.0943291301029607 0.156693073097964 0.000795027147254329 0.00302512383450288 0.141946602614323 0.220925230137455 0.0158262601138796 0.227487610139016
0.0611875593948255 0.139798145083381 0.108869557631339 0.130685341914543 0.00874790614994157 0.135289831045518 0.140107272431028 0.151789481092886 0.0690480467864907 0.054476858470047
0.117579240530471 0.130627618520225 0.000451001455955095 0.109781954227235 0.110485802352349 0.107809205110511 0.0976880217127393 0.0855428803856754 0.111278978640987 0.128755297063852
0.0605733247346955 0.03143695449842 0.00983467540376163 0.0276148253502246 0.164476723151608 0.1331985924105 0.154174564757213 0.123107630395954 0.127555121082378 0.168027588215244
0.00899410805565162 0.16419089132313 0.0278649241871944 0.0838715709000559 0.0295733151889962 0.175640496502671 0.140780535199163 0.0741444105929136 0.188169745144347 0.106770002905877
0.127816484784882 0.140190397124168 0.111238625224766 0.0229978147709612 0.142412272135119 0.0863528153673051 0.00437969484994315 0.051815038804725 0.159858357318818 0.152938499619312
0.179885675954908 0.124458670827999 0.173160816733217 0.101396902732726 0.0557715097940707 0.0739927001799677 0.165337482508488 0.0279269427966252 0.036017621807234 0.0620516766647651
0.114360805399141 0.0394704923487513 0.20359731320825 0.0023645269040375 0.1635758846101 0.11613981433882 0.17110344377259 0.0917977232994387 0.0451914566656787 0.0523985394531927
0.0921310568293351 0.0632315546414789 0.0996031171148436 0.0963671818641727 0.200585736309386 0.154479750127073 0.0108430823980889 0.036232622082298 0.179882061077048 0.0666438375562757
0.165730537275377 0.0119391811813206 0.0856460522358658 0.133300008814278 0.0989790341821236 0.0117219430953784 0.147620035167991 0.0758678356473619 0.153368263069257 0.115827109331047
0.011456600040235 0.103278289813506 0.0427320096591024 0.140920153069264 0.141841444227488 0.117014550045934 0.127250178744481 0.0659042058985585 0.138644674472804 0.110957894028626
0.0289820074511001 0.119528137441995 0.190527211586368 0.167942243691673 0.248695941251227 0.115594954336507 0.0145587262503226 0.0343394945549629 0.0247477757964382 0.0550835076394066
0.0812321791176712 0.11564263466633 0.130412308095846 0.148795599159238 0.217299225783991 0.0275317101216439 0.076775923565096 0.0508254246910272 0.0625806594309514 0.0889043353682056
0.0683644309603308 0.0553714880956344 0.150768945435505 0.148207983585461 0.112434397944295 0.0999018609876623 0.153592188925868 0.102253338739577 0.105450564721311 0.00365480060435514
0.0805053886073782 0.112719756269851 0.0709404500365152 0.164150001996215 0.0282892986886877 0.0530159525810055 0.137723577233253 0.0425379013396425 0.0962933821641804 0.213824291083271
0.108423655291017 0.124670684989011 0.0748522343378665 0.0228429170393118 0.132798747688793 0.122679974706655 0.113493806100176 0.0621005520628532 0.115930058762586 0.12220736902173
0.0341457714254716 0.17212540085154 0.11274361686571 0.174295931692299 0.0413798642987585 0.0188498105638862 0.157213059082229 0.0253500486485321 0.165451085139965 0.0984454114316093
0.0782269989512495 0.0254825282054216 0.00455899898015649 0.213463377562058 0.136053177450873 0.226588979822703 0.174167720787979 0.0388129200871646 0.0736679588850819 0.0289773392673139
0.191655669186735 0.124954743411508 0.0410577221615225 0.0435054355344122 0.128610208119782 0.11362182924629 0.0558042490411919 0.172612537981788 0.108880230760957 0.0192973745558125
0.0974165540668814 0.109982056219125 0.200279063780028 0.0736101432360441 0.174066301336282 0.0660578857834888 0.0430882372587145 0.106657160899081 0.0268079261077831 0.102034671312573
0.0325646112242872 0.0172371265988749 0.01150239989286 0.218090806986909 0.114536436740884 0.00847242871291841 0.098908057684134 0.16404854856821 0.222001023666405 0.112638559924518
0.0651322724721047 0.135861009325912 0.00265222831657797 0.13407674642712 0.136813186762724 0.185267250054327 0.0536824958240635 0.145592681842168 0.013898572431871 0.127023556543132
0.104398098041574 0.1441560424562 0.0754130448599107 0.161239961386318 0.0827873380407454 0.140772918785891 0.0178302668309614 0.104937925362073 0.0905229347961544 0.0779414694401726
0.111110765047028 0.1294709325859 0.0769139016969812 0.0270743233467331 0.17613515521999 0.0627129818412109 0.073288500323886 0.13132162177705 0.102087655238866 0.109884162922355
0.0401758974826177 0.182583412231853 0.122578302884694 0.0528817151284588 0.128396019950368 0.0528106906819146 0.180444279395568 0.0252530275430018 0.0954085496776242 0.1194681050239
0.0273520048594051 0.154509708724106 0.146822881002894 0.0562834351769208 0.0171837093867021 0.0917789847685546 0.145040322548439 0.0815551254806763 0.166408300756691 0.113065527295611
0.18074557408987 0.0147057615487995 0.273034211294685 0.0299817839770123 0.021662434479319 0.120187400348682 0.0126339477028682 0.156656731397577 0.111650744136386 0.0787414110248008
0.156509010728202 0.177782725931645 0.0946288426374769 0.101932040316955 0.125973574027202 0.0675607950924162 0.047112230480044 0.100120779951964 0.0346758713048514 0.093704129529243
0.0585749846813528 0.134464373376262 0.12742967011857 0.082977622091246 0.137043912676306 0.0490965591740439 0.138420850865546 0.0712504230250226 0.0485316153780061 0.152209988613644
0.122321584525961 0.139279904010023 0.15729691871851 0.0506026550248919 0.047998067197717 0.00970292559672142 0.16215400898889 0.090121092252105 0.12386316071483 0.0966596829703503
0.0649848531825716 0.15693302348542 0.174802556410827 0.134832024477218 0.0383005491203089 0.0985278985833074 0.0431192215769096 0.118749605149231 0.0404686798564383 0.129281588157768
0.00588230462471888 0.126694743252229 0.0638555665772164 0.115518431801782 0.0416369694686486 0.145791640806776 0.121730695165915 0.0816208859527667 0.142264303738458 0.15500445861149
0.160078436211184 0.136851262668142 0.0651464653782142 0.0858775835081425 0.0508465776260289 0.00298967743746595 0.175007533742904 0.0231845786148681 0.150071593408928 0.149946291404122
0.0879689843244783 0.0204246848259781 0.164372862865671 0.146198231001953 0.0618638285914945 0.0488426701082894 0.0932164425798562 0.321513584447197 0.0370806316749058 0.0185180795801774
0.146756419757381 0.147286347994675 0.132774403558967 0.12068275763718 0.145788644463847 0.0465415888576332 0.0977619615425215 0.0400385897667057 0.0371002299115978 0.0852690565094912
0.0659668891973521 0.138689095946989 0.0599942683685075 0.126200429879861 0.0645859223490962 0.194032650083435 0.139756747977477 0.111615646554815 0.0113166646484611 0.0878416849940065
0.0927776532765893 0.036402417621999 0.0201717000234292 0.0232610299043083 0.17392579561125 0.149959747125818 0.0769112165565853 0.0202982921181467 0.154778608572998 0.251513539188876
0.184095282240696 0.0945375454126722 0.0353842577602728 0.0698001612066673 0.099622704474624 0.0978533498395874 0.172170063257402 0.0193746880576229 0.166709287437456 0.0604526603129997
0.0888505947194602 0.186300966792395 0.0310379216814534 0.0764620362708783 0.180712224766489 0.0137498495747764 0.0276408550080201 0.238066783714639 0.0010865780898023 0.156092189382086
0.0381600309073762 0.119310610132809 0.0712970234730711 0.106221052075224 0.0478611940610426 0.112066710722308 0.0464103615167442 0.177971656716272 0.0671706461886668 0.213530714206486
0.10932460940034 0.0200129365899511 0.0612820373651362 0.13730860194683 0.135089726148141 0.13266847330153 0.121082880611918 0.018070641609419 0.163819862873198 0.101340230153538
9.77516506776028e-05 0.125088230449844 0.141735807561776 0.0844973346402393 0.149792809249066 0.153392679746982 0.124485009319816 0.053853045072293 0.142524398561066 0.0245329337482409
0.164604455160829 0.0960872946608549 0.00175637252601729 0.0661293633340819 0.129377628759439 0.164470487996797 0.122732167617338 0.087989375709976 0.161417041970484 0.00543581226418344
0.0241335013721173 0.107523029939066 0.121454939195103 0.138123117661607 0.107573635258735 0.0821883425855612 0.0170197403476259 0.136022838158742 0.133342217136417 0.132618638345025
0.00968592680089584 0.211597761804534 0.0900808542682848 0.0342534584194055 0.190208387732235 0.052970344618987 0.217946743322955 0.0882651268040045 0.0102567946940936 0.0947346015346045
0.0597105793859999 0.182726757990081 0.15647875226615 0.185612297221265 0.0381640374205418 0.0194951418361735 0.0423587656015407 0.0202991953769784 0.138545849946857 0.156608622954412
0.061542811251794 0.107941983897227 0.168160795905033 0.059295805449949 0.0439458214200146 0.153092631500237 0.0728166726863207 0.100904370903237 0.113948644729544 0.118350462256643
0.0295805040904275 0.100660167977818 0.0688860350685636 0.105437615454508 0.105053167393433 0.190061085600557 0.06325552807679 0.201008763009078 0.0786984171076043 0.0573587162212205
0.139822694805767 0.00605277947937844 0.0807776109521169 0.158253741182958 0.183359251253952 0.113775450926336 0.178711680283383 0.0732538105482021 0.00464670027607367 0.0613462802918325
0.0802344271247119 0.1897691907349 0.0245115634488783 0.0749872679360276 0.161819388226082 0.0879110022882604 0.132242593369169 0.0765120431937401 0.0267888298958205 0.14522369378241
0.023935221398574 0.103255417606746 0.180403199975782 0.063687810875794 0.088308376595544 0.0731749435205374 0.0774837594341696 0.0399855859487716 0.157463263021139 0.192302421622942
0.184467162044659 0.021907650933887 0.0396065775236525 0.106091299131504 0.181636110232143 0.084193576729702 0.00569584255471616 0.137303781391978 0.175059268093073 0.0640387313646847
0.104235535356088 0.167844651272347 0.0629342496928104 0.0466336020078184 0.0533024890835198 0.172045930994312 0.162862357338787 0.151520100174924 0.0612680333098165 0.0173530507695772
0.0913758906869529 0.187079717566164 0.123208400862472 0.0931082844860692 0.098763174852493 0.0659268808529225 0.111969995236996 0.0779671428657375 0.115321947184745 0.035278565405448
