0.269883831553905 0.185882323081544 0.311780892002149 0.0936486142957726 0.138804339066629
0.40554159509435 0.468436887663949 0.0591307694918593 0.0278585631053024 0.0390321846445399
0.293537928661507 0.0566494086658305 0.198404088857093 0.353747153614286 0.0976614202012842
0.181784455783122 0.161053192601952 0.285926481382316 0.235128539262927 0.136107330969684
0.307682789590666 0.0597873407790655 0.0556963489016807 0.293225429960336 0.283608090768252
0.0721545052663039 0.275623584607595 0.17716072596317 0.269893381562038 0.205167802600893
0.366143110853091 0.205362555240206 0.262113917247104 0.135006115760697 0.0313743008989022
0.378794171045394 0.0504891424165551 0.1461526340538 0.403944770223916 0.0206192822603355
0.129644053461671 0.194127020763159 0.346718204223158 0.119783352175554 0.209727369376458
0.15834414401522 0.111492739748001 0.207785416977635 0.300433784136806 0.221943915122338
0.0858555122893733 0.243311127879812 0.0524368921808563 0.334234326634851 0.284162141015107
0.0588564345855042 0.286044266633779 0.209189439050001 0.177026673250629 0.268883186480087
0.00183321521535564 0.167463298159602 0.291556109678464 0.27625958477765 0.262887792168928
0.0607661287747178 0.0827615384275154 0.421290408424451 0.209313466677508 0.225868457695807
0.0285974329594477 0.351841798119134 0.0742665164792182 0.324547141520283 0.220747110921917
0.172130151232433 0.312578336958427 0.232401259065695 0.0408704812998371 0.242019771443608
0.254359646364057 0.0629859974700748 0.180171445877571 0.27538605783698 0.227096852451317
0.286360848325381 0.215368231772246 0.0908419111508602 0.279829099412115 0.127599909339398
0.432995031927961 0.14392257158491 0.267017867511988 0.139559107182491 0.0165054217926498
0.0845876288788176 0.0489039705164908 0.134480574239025 0.584931967649021 0.147095858716645
0.246110237121568 0.261142788463685 0.174241969995574 0.279221970097516 0.0392830343216581
0.0691522599837953 0.125308064851727 0.195671514941709 0.240823751329528 0.369044408893241
0.109367076115515 0.0357056495565944 0.325965976785279 0.440301485145186 0.0886598123974249
0.444133782071786 0.088777876175994 0.161129803867057 0.123905187585155 0.182053350300007
0.274930100665595 0.0385403932856456 0.00102810095121832 0.331597499797446 0.353903905300095
0.198937526782158 0.322638967773158 0.2130202246612 0.163390772439999 0.102012508343485
0.23844209554712 0.124246174100204 0.323797310306083 0.310925426010455 0.00258899403613773
0.495054407172355 0.0387741711940369 0.0130782263568974 0.253097497858819 0.199995697417892
0.0230657731671047 0.321527561445176 0.205514051036416 0.171239850047681 0.278652764303622
0.302927700018701 0.220936047015958 0.0419818728025739 0.198835943548378 0.235318436614389
0.105372796786131 0.133136018997931 0.189107573709243 0.308076536025267 0.264307074481427
0.257314926723831 0.017052191770527 0.177651090913403 0.313715016743121 0.234266773849117
0.300555864094925 0.0694581263594827 0.274746955979548 0.256809092945089 0.0984299606209553
0.0741218986076492 0.398834783817747 0.0311369388557016 0.407681250846532 0.0882251278723704
0.163514864957725 0.225389427893365 0.346948931607506 0.123558063868193 0.140588711673211
0.202225388246651 0.0874080036986331 0.218556386828045 0.0342208112931333 0.457589409933538
0.424416437615178 0.0941479382771004 0.289644184768932 0.122172405885721 0.0696190334530682
0.000538197239798746 0.188233082693536 0.294220513397974 0.185488553693012 0.33151965297568
0.0840968149422488 0.548074342689085 0.135676177288784 0.0789149785424718 0.15323768653741
0.216461659145325 0.328604330678621 0.214908491718801 0.0666093966648241 0.17341612179243
0.0273340914089371 0.455061848224116 0.140024520472481 0.158744182916508 0.218835356977958
0.0161814681234101 0.0399777426758979 0.0941756779804193 0.238464893754603 0.61120021746567
0.283239617739551 0.205060551709701 0.188471770276861 0.0188640350627811 0.304364025211107
0.128282051372032 0.168624264227609 0.292253112529785 0.111688283882279 0.299152287988296
0.135109272207946 0.180911054039204 0.200685366630305 0.00469589157618151 0.478598415546364
0.0467694498595121 0.473358418633715 0.043673565136067 0.349739105314019 0.0864594610566864
0.0497110428528839 0.263301179178166 0.157528669855314 0.283837979850371 0.245621128263265
0.0888245031183318 0.273194788853163 0.0823679182078621 0.146536898043142 0.409075891777502
0.339550436637232 0.145027226188969 0.281725701111598 0.206613437506855 0.0270831985553457
0.237399886268184 0.247296476421489 0.0785525762572336 0.0997029439664322 0.337048117086661
0.396319155058204 0.258112605714943 0.0479147004153239 0.110996172513169 0.18665736629836
0.037803443458623 0.265745872464227 0.173301292588329 0.338985557004499 0.184163834484323
0.218176966226671 0.178091340188171 0.0829273769597507 0.255360144067399 0.265444172558008
0.112958227673322 0.197285892424336 0.214972762369445 0.329662842464507 0.14512027506839
0.476086329660703 0.0633401612274893 0.0324880996473222 0.0705622456788637 0.357523163785622
0.286173796006526 0.32719361226127 0.132815854158046 0.218159124326644 0.0356576132475145
0.380287110348537 0.0160297692680249 0.394539759228025 0.0257770514569235 0.18336630969849
0.193523345641235 0.255918161208305 0.0416104516778845 0.193148374667964 0.315799666804612
0.0590520032429892 0.0321570661797563 0.299935099078974 0.362141968542656 0.246713862955624
0.0881593021084094 0.232103297461397 0.263552160765697 0.161888032202907 0.254297207461589
0.266621660369788 0.245177451672544 0.101668807207904 0.280469788417461 0.106062292332302
0.290509999998787 0.220790524890636 0.0545081444203603 0.207090634534314 0.227100696155903
0.136683567507117 0.213279299625546 0.328657075437568 0.220202988165162 0.101177069264606
0.25427326367204 0.219549439971325 0.144016325026018 0.169402570340909 0.212758400989708
0.324164825671682 0.0974964297084333 0.344948679962659 0.0595812607552214 0.173808803902004
0.197349625489714 0.137212137140813 0.0920428029743409 0.377779882010304 0.195615552384828
0.0271962628319348 0.337087745572893 0.151032820038543 0.283979996855765 0.200703174700865
0.315294471405756 0.269343884424749 0.233513202280676 0.00286409746572835 0.178984344423091
0.245793817620067 0.218820799627964 0.260535772600243 0.188936902830518 0.0859127073212076
0.18156737701099 0.209496915296765 0.203614789751612 0.185895936750661 0.219424981189972
0.395297601336408 0.049040086489946 0.0475704795484259 0.489024988223137 0.019066844402083
0.155581007500387 0.0896064326645915 0.297141734587087 0.243366333582202 0.214304491665733
0.440008777896985 0.0620824697134185 0.144555706590028 0.24560514305441 0.107747902745159
0.138785428147718 0.219291687591674 0.0728540780823363 0.300575398211213 0.268493407967058
0.272611271025469 0.149516108371748 0.243499773199306 0.230282833411485 0.104090013991992
0.178745428789985 0.198250723317624 0.257428056245761 0.313258492213097 0.0523172994335329
0.280437174988622 0.07425903925576 0.165364534837578 0.333793384288742 0.146145866629299
0.129256061049261 0.10407939940121 0.175665207940448 0.203178394591902 0.387820937017179
0.312944100878576 0.332247827899441 0.230350241246357 0.112489405019207 0.0119684249564192
0.206888640443032 0.100853330070806 0.257122711090873 0.183079458790654 0.252055859604635
0.218714263622991 0.262724212554038 0.268282000254527 0.046201457361868 0.204078066206575
0.237208971202436 0.169136230392422 0.271957936435403 0.107508920728432 0.214187941241308
0.145903669608247 0.323649944643786 0.0851148497002943 0.204606430890817 0.240725105156856
0.0502218117415768 0.291432768518737 0.173487636776093 0.229888314826954 0.25496946813664
0.0824895074247857 0.231676017016526 0.0209805634004564 0.459517006527809 0.205336905630423
0.282208991516932 0.262795424034634 0.0129582049575558 0.360119558833878 0.0819178206569996
0.0353920174454378 0.217473417640081 0.175137382342522 0.212451756435057 0.359545426136902
0.262531691282938 0.239558017416765 0.12776638755127 0.202513519851144 0.167630383897883
0.0974421233283557 0.182706208067548 0.259129042226957 0.236978224794541 0.223744401582598
0.255723643171637 0.530568251891312 0.0584551503328778 0.0261947647387743 0.129058189865399
0.144834408757314 0.12069499936494 0.196071468991807 0.281765581793287 0.256633541092652
0.0568225508738635 0.281626805029887 0.115188654260366 0.509771691029953 0.0365902988059303
0.230537228788697 0.201493261676372 0.0972138900826195 0.231250276876675 0.239505342575637
0.0593621771181491 0.0800740452375591 0.389393458011356 0.274173977880121 0.196996341752814
0.174052610166119 0.201837213357016 0.219777504355576 0.184389143948737 0.219943528172551
0.213198995384898 0.0258438163259953 0.128152259455645 0.479002338966902 0.153802589866559
0.290626646425809 0.0493126883586385 0.123653611499387 0.322398006285206 0.21400904743096
0.261699868516052 0.211733997223135 0.22014981178061 0.135065854522169 0.171350467958033
0.105532228514639 0.175541673869186 0.344940849823016 0.26029019853184 0.11369504926132
0.0614974189940025 0.227171847278039 0.0385835142337393 0.24802080288021 0.424726416614009
0.181236842409934 0.242871189839136 0.267576519779855 0.0900583166644569 0.218257131306618
0.171985549531099 0.109696854441042 0.253124928093325 0.223691429557131 0.241501238377403
0.291567261528423 0.193574864380603 0.0585856946239928 0.28521110683312 0.171061072633861
0.104243545269345 0.0799796957036681 0.201836326224293 0.49103758571256 0.122902847090133
0.179734259356683 0.0936510223384686 0.366796306840131 0.0152469879713718 0.344571423493345
0.201712102989187 0.201684838325543 0.3312959308978 0.257951252361488 0.00735587542598252
0.14860742739444 0.305315499885447 0.109851508622673 0.0945473773369956 0.341678186760444
0.11319223984685 0.147805493468732 0.108759771943057 0.232581838011052 0.397660656730309
0.505637941124509 0.0372610523360873 0.344392864480307 0.0799879321815192 0.0327202098775771
0.143261065759121 0.0739547854251822 0.0954631137888325 0.277414283974601 0.409906751052263
0.215335876424703 0.22660083197944 0.156345368105453 0.148616567512626 0.253101355977777
0.165561340596617 0.358992702268132 0.178174363744206 0.0182702378249984 0.279001355566046
0.107500795924934 0.286767445804226 0.207204244356458 0.0845040324844486 0.314023481429933
0.11506012465342 0.0557945524471398 0.319836551059896 0.337236699962392 0.172072071877153
0.211535235332111 0.221618794640096 0.33463584803544 0.158614426539431 0.0735956954529217
0.182885794258934 0.0403753712928229 0.284771791961291 0.344790431943567 0.147176610543385
0.000303847714502484 0.161165929412269 0.271357699552698 0.422754437621978 0.144418085698553
0.261882969356574 0.254657928705053 0.100204724880734 0.262432296971382 0.120822080086258
0.111944193664285 0.0968861441509043 0.443499712080996 0.0132027536980621 0.334467196405753
0.234430944361435 0.159623395158918 0.243965540860593 0.243703597304093 0.118276522314961
0.131264295757595 0.173396379473142 0.410010841716252 0.26147517075971 0.0238533122933015
0.230476018765092 0.420088914349397 0.0975510829261349 0.245795594567785 0.00608838939159086
0.138019178573069 0.306236350618284 0.165361189876647 0.210842669230334 0.179540611701666
0.0111001515412532 0.0626946753166827 0.133881822307902 0.480637907786218 0.311685443047944
0.0285046167542462 0.396271199150566 0.137577597241883 0.170646377469136 0.267000209384168
0.161226733647756 0.119099081778052 0.295498796530559 0.278533518701873 0.145641869341759
0.0417156201104563 0.387761333645493 0.2057165601622 0.179636086846288 0.185170399235563
0.0926499311309045 0.0435336608240503 0.57543549089987 0.0441780784535343 0.244202838691641
0.0334225811681672 0.309081600333092 0.16802105354118 0.181197092057149 0.308277672900412
0.288394447948506 0.177246602714049 0.259047516312417 0.129520759039671 0.145790673985358
0.190588922497992 0.350894844245429 0.108632951747835 0.272811891916966 0.0770713895917776
0.112025910295762 0.346134795314156 0.20403052580538 0.235824160465773 0.101984608118929
0.0751141845710292 0.0334118724275349 0.278129813822804 0.353152862560318 0.260191266618314
0.322950590759717 0.0203963684292547 0.305416483958038 0.069201035655144 0.282035521197846
0.250621006544825 0.0620420923198356 0.16914092547641 0.181858605609773 0.336337370049156
0.29489004290752 0.0332649318355227 0.273542492222359 0.222251043224385 0.176051489810212
0.161509547167752 0.233349892486902 0.109283939262988 0.111866694238728 0.38398992684363
0.222858193884571 0.307294902426483 0.192604214819499 0.260828375082038 0.0164143137874098
0.347138970750507 0.0266389450086764 0.161254798313932 0.0424152458500155 0.422552040076869
0.0993234411214255 0.227677143911074 0.261071844867784 0.162202076494393 0.249725493605324
0.0398186807069962 0.0195855492363415 0.379993117622678 0.234389060013247 0.326213592420737
0.213812728008487 0.231790012163755 0.193964114851002 0.251696879943155 0.1087362650336
0.420321428284961 0.131581435335877 0.184373948454645 0.0665694275163603 0.197153760408156
0.244589018181898 0.193330854507136 0.0294364403882619 0.334846324594425 0.19779736232828
0.0701877137057436 0.355749464780828 0.363355550935813 0.0490252280241556 0.16168204255346
0.0681527654749663 0.383981985597155 0.0512156032762237 0.272495273387367 0.224154372264288
0.378124722363143 0.131787031436658 0.18686942161243 0.0353145141117842 0.267904310475985
0.294844805743101 0.0126590550176404 0.137658492714491 0.364940820114406 0.189896826410362
0.263672200470776 0.0348503366710482 0.257163208747413 0.170979042121733 0.27333521198903
0.225495030228049 0.307324616968662 0.298288462154375 0.0265964751390694 0.142295415509844
0.00416562789018174 0.135103421258879 0.339479974473911 0.175888756309304 0.345362220067725
0.133510030680288 0.141385463076044 0.154999793316092 0.354126959374679 0.215977753552898
0.378452664217841 0.169358179369925 0.0493758109273653 0.377522366171802 0.0252909793130666
0.00546336447908435 0.245928471850832 0.311603854805337 0.422628504344422 0.0143758045203246
0.0470494836781747 0.143180733787669 0.108716044975048 0.417021786661238 0.284031950897871
0.167574172104722 0.240884957030909 0.23836765716145 0.146650764977128 0.206522448725791
0.216819546217991 0.300628995310358 0.180216639813478 0.070755068810127 0.231579749848046
0.386990082337114 0.373190911972029 0.108615467624084 0.103894923802348 0.0273086142644243
0.202822820723902 0.214940779909889 0.233711304903931 0.0930545052196802 0.255470589242598
0.180193691609309 0.162578552365135 0.396588733411411 0.071706172552912 0.188932850061233
0.437264707338755 0.222902871791571 0.282015300866972 0.00515571845014845 0.0526614015525545
0.190563136553312 0.23815000538219 0.316276072511353 0.20512201069213 0.0498887748610149
0.0387217525933057 0.110860155980285 0.343320920844184 0.298273745116501 0.208823425465724
0.00734326709326247 0.0816308780086756 0.378963423056478 0.422697928750631 0.109364503090953
0.183630567575448 0.188282556213613 0.312270562791348 0.00767375812869422 0.308142555290897
0.148183138845139 0.0673069617625497 0.406110557668644 0.0197183612467146 0.358680980476953
0.14614856729784 0.197551300394202 0.308268702956964 0.0759828487247978 0.272048580626196
0.256485359108481 0.262025726869497 0.208838703636822 0.270154164273663 0.00249604611153768
0.157458399385847 0.195053937885781 0.23531107205461 0.199221371977617 0.212955218696145
0.16585087117902 0.238674942767251 0.229280909676912 0.173343083820749 0.192850192556069
0.141690858422111 0.265769433022023 0.24530535639457 0.346626310270599 0.000608041890696183
0.252852339653835 0.341037477430999 0.0135696511557505 0.28984076756627 0.102699764193145
0.259136095490969 0.173703249181198 0.110573854923495 0.156959786219852 0.299627014184486
0.330514389521685 0.182871515952575 0.0969356678697435 0.232510236303725 0.157168190352271
0.417727564527497 0.0436265486394359 0.359360559949083 0.0244673627324755 0.154817964151509
0.218685190168392 0.291879436599037 0.168005310806284 0.119478923633589 0.201951138792698
0.321253440722291 0.239135157628001 0.111304390212857 0.150381782004305 0.177925229432547
0.417521969393565 0.0239144001396751 0.0520734565069589 0.22953913606123 0.276951037898571
0.349102931329208 0.233639767940673 0.169138490025302 0.0775747506183853 0.170544060086432
0.321543064598833 0.231667872431571 0.0809748069098719 0.226382369121368 0.139431886938357
0.0191313903698595 0.369955698598908 0.0811847381477792 0.279613191537742 0.250114981345711
0.0168216822778503 0.4267358118767 0.19724094858788 0.309913230912765 0.0492883263448049
0.187304386310473 0.166825607692101 0.136269204090569 0.284534591079238 0.225066210827619
0.0459849718437858 0.323628077456906 0.209434419968415 0.351964947879636 0.0689875828512576
0.430619057235723 0.151215164705643 0.0298269846582647 0.0102219612896058 0.378116832110763
0.123465767745435 0.16832066206395 0.218592162255694 0.16062419897972 0.328997208955201
0.26048674160959 0.115310589741192 0.125734699219782 0.187217288913803 0.311250680515634
0.194650712319007 0.0104404047040533 0.222982894911275 0.276587150337424 0.29533883772824
0.0897706636747597 0.304843238295172 0.357727958192754 0.044066357891804 0.203591781945511
0.151366051000473 0.173997190173525 0.211447805256818 0.269224041924331 0.193964911644854
0.176823413048827 0.322886052880338 0.177917895931545 0.0115862842936193 0.310786353845671
0.220338987825958 0.185709059702428 0.128999738709561 0.207215640075029 0.257736573687024
0.282392594667852 0.0717693939026351 0.357659667178341 0.166845599490428 0.121332744760743
0.222313284080176 0.198075875708641 0.173278890145388 0.192311691341563 0.214020258724232
0.201683983374456 0.129040181667757 0.366390043210757 0.0954020446231804 0.207483747123849
0.0289985414808186 0.29569494144626 0.146935618843221 0.267739239968941 0.26063165826076
0.240387405428019 0.119932591339359 0.231720601574189 0.115791380337215 0.292168021321218
0.263719066024031 0.138574774245691 0.300870596984656 0.00169424766240883 0.295141315083214
0.213487860719552 0.153459311683756 0.328749582872977 0.286620288053234 0.0176829566704816
0.179487954694262 0.0740046379424003 0.32928670125766 0.211877810925404 0.205342895180274
0.064279660935297 0.296415687441622 0.216772879460561 0.35964218569306 0.0628895864694601
0.220608918347342 0.441674148455777 0.0254331963744291 0.243039666920796 0.0692440699016559
0.186087528475946 0.225746562524224 0.0909754949573292 0.253832283189834 0.243358130852668
0.141816081822826 0.0515682762047276 0.443329206186477 0.10291923263552 0.26036720315045
0.22205722494089 0.0650978418672393 0.146368243643481 0.225786641438846 0.340690048109544
0.0519186342892899 0.319675552518077 0.266087482231341 0.2293378014863 0.132980529474992
0.293623741718539 0.209640820476044 0.248003447892571 0.223381277830366 0.0253507120824797
0.431756681010315 0.000884211779549086 4.11550640500198e-05 0.503233105321803 0.0640848468242826
0.289535684796495 0.342921074267822 0.0211309920125124 0.331014902300637 0.0153973466225334
0.012986121046197 0.404731938409688 0.209500828816911 0.286735127064102 0.0860459846631024
0.289413651589553 0.407011059541613 0.0919572850492252 0.209704098592508 0.00191390522709983
0.209630483871655 0.356009882871621 0.16803548164175 0.217989227143989 0.0483349244709853
0.213342214541572 0.264131149965923 0.2643334012926 0.176343369578481 0.0818498646214233
0.0771095980578933 0.494547152257333 0.234463268715566 0.0908284875775021 0.103051493391705
0.476328488325514 0.106046470759525 0.0136118519656612 0.0746709850177999 0.3293422039315
0.0789016724645701 0.226585307813179 0.234838873227423 0.214610210150628 0.245063936344199
0.19272771792596 0.0888755263452971 0.171942047139906 0.129034866705423 0.417419841883413
0.145708060482384 0.00259658772883725 0.2566498866809 0.281518900782145 0.313526564325733
0.115611251327525 0.425474745482454 0.122763876355945 0.290220025803403 0.0459301010306723
0.139024003429459 0.263109875454394 0.125479064002463 0.237974177362222 0.234412879751461
0.153132237509169 0.34850415630153 0.136689186333876 0.120127556322437 0.241546863532988
0.0862447794451395 0.391445242476301 0.148489018476172 0.199309838471092 0.174511121131296
0.260195004936682 0.321011240843495 0.167891720870498 0.0498350686944355 0.201066964654889
0.340996171995437 0.221056433711698 0.112335764629377 0.040213674726764 0.285397954936725
0.377940236423067 0.289138010247924 0.00577117184096406 0.181750379593778 0.145400201894266
0.156065190372381 0.206040447934635 0.304556751645361 0.0701056326683789 0.263231977379245
0.308639841156424 0.25300001907078 0.105906589309031 0.0320283235188285 0.300425226944936
0.278198105304826 0.225317810122255 0.192857808863514 0.167188074667 0.136438201042405
0.22667230742774 0.284871222240839 0.197049573805806 0.253060356379587 0.0383465401460283
0.482587636520079 0.0168824440357583 0.0168175452340313 0.0358938687767809 0.447818505433351
0.144621918272975 0.175247023350087 0.346441711433656 0.218280388579515 0.115408958363767
0.117986076544521 0.0853803649709621 0.242621225325272 0.178719597108617 0.375292736050628
0.122192835305269 0.234559440589514 0.241995545972213 0.176906550936435 0.224345627196569
0.175115065692375 0.0989676517117456 0.284117884937761 0.17916101343226 0.262638384225858
0.322774053671734 0.288237421340657 0.137032467809197 0.0945020461981231 0.157454010980289
0.352344918102217 0.36574507580635 0.0516623193448143 0.115337506848731 0.114910179897888
0.205087179320173 0.298185087448571 0.0231932692263133 0.374732933581107 0.0988015304238359
0.152550133733448 0.200805521009252 0.371286266445957 0.250235576590857 0.0251225022204855
0.161865977181496 0.018457328210173 0.27813651679336 0.071076403266577 0.470463774548393
0.304637708913716 0.249245533707139 0.229465477919197 0.0689242183368662 0.147727061123082
0.171700659316447 0.373779822508403 0.186622186388644 0.161715074469733 0.106182257316773
0.256261457885331 0.187573059861824 0.264958303186072 0.0718808559277377 0.219326323139035
0.297720307879768 0.23113094420357 0.23027503729761 0.150574155319002 0.0902995553000493
0.508926762998929 0.0371051545745338 0.0606267773955474 0.0198192245974221 0.373522080433568
0.178026236032455 0.0519287309816601 0.316728838721958 0.247296272276028 0.206019921987899
0.173583087827413 0.152982568791331 0.277096505688431 0.2662560891966 0.130081748496224
0.308205886548494 0.202428784365468 0.175168505410952 0.0762945881128266 0.23790223556226
0.0429598091180874 0.116849555851008 0.254319724439274 0.137144133565727 0.448726777025904
0.103056264174017 0.269453891001771 0.214327552892627 0.154966144658246 0.258196147273339
0.283821419808388 0.0430711100589231 0.250979995640108 0.325982945848889 0.0961445286436912
0.328381502330201 0.219063039255323 0.336138616876656 0.0334527240159949 0.0829641175218242
0.261858117515312 0.201944800797986 0.0731565630467552 0.238794837470685 0.224245681169261
0.121594072313956 0.365270483437841 0.131677006297079 0.0918754111668471 0.289583026784277
0.537345526176481 0.0585109848646341 0.284155354323465 0.0153376854822395 0.104650449153181
0.190350170054147 0.164988536560178 0.0562054993823076 0.194267175298288 0.39418861870508
0.369490257761555 0.109132804800159 0.247625524897144 0.114703511377408 0.159047901163735
0.273940386829445 0.0904385943235088 0.0526338805464706 0.243134050905552 0.339853087395023
0.216877673667572 0.0789597452963397 0.282191001453426 0.291027801156176 0.130943778426486
0.283662935395867 0.0756156286370753 0.272990061700147 0.259399114550308 0.108332259716603
0.214305861101696 0.100176051757311 0.260670353647539 0.13951673903062 0.285330994462834
0.131599281744105 0.23955186247054 0.2980600786582 0.0927250782131825 0.238063698913973
0.259899355749199 0.0808773131376625 0.339249689085697 0.00990966205694233 0.3100639799705
0.0221256885395692 0.112308977098662 0.309026432575713 0.319000661191226 0.23753824059483
0.0467366549068349 0.170130056636355 0.32419890464775 0.250619403478345 0.208314980330714
0.315383076017424 0.0445215140706435 0.120038396048371 0.306771565950768 0.213285447912793
0.0696266134680776 0.0891915936476772 0.339954811534292 0.291575246284164 0.209651735065789
0.183901817043231 0.24316936352026 0.215577252421576 0.158400933457808 0.198950633557125
0.125589970223146 0.302025631360879 0.204516038906758 0.302798366415414 0.0650699930938031
0.204435793781995 0.0563055888678357 0.40742181254888 0.271152940309081 0.0606838644922077
0.331383744237194 0.313212693710439 0.0577314180526396 0.214219642798163 0.0834525012015645
0.360045986899957 0.163298557803019 0.03970215689138 0.268887341852724 0.168065956552919
0.377998936735468 0.361276566571025 0.145900397313582 0.0589129884290505 0.0559111109508749
0.213926142105117 0.194528764945716 0.174981670681164 0.323171906561266 0.0933915157067371
0.469940891175809 0.0719975305101188 0.142533603805941 0.276617460026429 0.0389105144817022
0.285325854528097 0.0967192077440425 0.0818136965923243 0.404751532867781 0.131389708267755
0.150921975554599 0.0581197942549179 0.00834300264916637 0.371355505650318 0.411259721890999
0.331171971448 0.106883189476064 0.0227673990170852 0.413634161091193 0.125543278967658
0.0313943560017433 0.301463217110564 0.268994193711904 0.202070119357317 0.196078113818471
0.133773787665038 0.138520789092013 0.397232029532677 0.180232496966772 0.1502408967435
0.0638651236951286 0.193749150751072 0.436847156241479 0.190027155788364 0.115511413523957
0.189076263317769 0.270873398866915 0.0745327053210931 0.196677510147738 0.268840122346484
0.293695042315325 0.0678649895321268 0.136203071711154 0.258268857326817 0.243968039114576
0.195425535876028 0.332761005712948 0.144990656336485 0.128303516500159 0.19851928557438
0.38896639919841 0.181832467643027 0.194561967010024 0.141107176015869 0.0935319901326701
0.223434090700382 0.0801487071198604 0.342029027698816 0.341123914940959 0.0132642595399825
0.228697811601002 0.122105574671281 0.19961008706157 0.307178822048932 0.142407704617214
0.0946108853197926 0.316910623542968 0.239768384572514 0.16678281850984 0.181927288054886
0.300609603189463 0.324651216909307 0.249329442036269 0.0290966984661224 0.0963130393988385
0.169501177852184 0.231495086778507 0.278908055690575 0.169667260681849 0.150428418996886
0.193148369677357 0.0898159181246021 0.304181314927237 0.254987183067748 0.157867214203055
0.0851704576699189 0.0413593345648177 0.303000701498153 0.289983194985285 0.280486311281825
0.204294729959756 0.0420335810992682 0.319751315907287 0.143322303621596 0.290598069412093
0.223013934122133 0.298539997670939 0.194459835965398 0.230733987735258 0.0532522445062727
0.238887204387915 0.247288743364491 0.249634723206435 0.0946780855962466 0.169511243444912
0.19506261923091 0.0689863804338001 0.0663786123559747 0.501021148755672 0.168551239223643
0.277032345242614 0.149764443546054 0.195828472395726 0.150358710804546 0.227016028011061
0.157916963356874 0.111506891477154 0.361365948256864 0.256349797344563 0.112860399564544
0.205863498335099 0.164763897145302 0.232633359347887 0.214714739105765 0.182024506065947
0.325753039438887 0.0618388743823837 0.211438660409237 0.129452314862644 0.271517110906848
0.283224488583664 0.104410515913301 0.31477885111972 0.16182152372716 0.135764620656156
0.182014737561294 0.284251773899928 0.0819476899477535 0.314171588747585 0.13761420984344
0.0777646779011177 0.222642080316805 0.0424221309762286 0.19960612764731 0.457564983158538
0.0989667781623389 0.181976681590394 0.322942864478226 0.246549058398899 0.149564617370141
0.323277026457243 0.168504152391607 0.104085602774573 0.157642553098152 0.246490665278424
0.229247318680933 0.227637377470851 0.25122311858517 0.0606162076830778 0.231275977579967
0.262011334572629 0.237121071652698 0.0950976663471947 0.150574889778827 0.255195037648651
0.153426765591243 0.122511434040195 0.121243547143807 0.271438702448022 0.331379550776733
0.204702404177434 0.355536446726353 0.196859023503491 0.234511322713468 0.00839080287925306
0.231913455364542 0.0602100027370843 0.264218767925508 0.176306749890957 0.267351024081909
0.334360778541621 0.339306697162662 0.0107774968688163 0.295500953458748 0.020054073968153
0.00169846429578454 0.417351999882101 0.0316764515235115 0.384194557908013 0.16507852639059
0.155712171312361 0.148231462206903 0.334556649674214 0.218965519019081 0.14253419778744
0.105433331872924 0.0658992353801205 0.404489613861449 0.132108881446952 0.292068937438554
0.0754439970610091 0.165198967402649 0.12314733112164 0.371732644965563 0.264477059449139
0.370196804599595 0.0535462447557345 0.231337706470293 0.0680453479598992 0.276873896214478
0.229238539184901 0.050270291563202 0.377748644797354 0.0687268927329178 0.274015631721626
0.175501156361515 0.215334124660144 0.209406781080906 0.146437180315835 0.253320757581599
0.386908565977037 0.204969155306743 0.222650748588379 0.179862504046896 0.00560902608094547
0.256367218489703 0.239194828550422 0.0689209973480215 0.256215728415925 0.179301227195928
0.318647867514628 0.203001570212062 0.0357724635433221 0.215982520679944 0.226595578050044
0.179375788077422 0.259914823073696 0.408430729648991 0.0872717785054718 0.0650068806944184
0.319487006247284 0.0161379430821515 0.318038949890359 0.28831082325461 0.0580252775255952
0.0738106848561248 0.204711352738919 0.278887377953384 0.229782664531261 0.212807919920311
0.101094124955153 0.555004886125547 0.0273253460536454 0.187658411424651 0.128917231441004
0.251600026229485 0.259635634213452 0.19907010341074 0.0794152084311594 0.210279027715164
0.0458220115378986 0.437954246746518 0.302057632646243 0.0239355088883621 0.190230600180978
0.011095889648292 0.139556007555813 0.0211596325922012 0.472560939270159 0.355627530933535
0.0732899992955774 0.331358860619398 0.0616968295763656 0.0484192515638013 0.485235058944858
0.293494478424083 0.163399933460054 0.0642522785649314 0.157025340487822 0.321827969063109
0.256633022553439 0.241235753669607 0.298059581440732 0.00325944607067085 0.200812196265551
0.379802352917545 0.110914562878201 0.137096851940968 0.163405824866745 0.208780407396541
0.151285169749548 0.245354535737464 0.170675941896305 0.308223279824661 0.124461072792022
0.103038054893566 0.0324158446901986 0.0551258112832645 0.346610339589879 0.462809949543092
0.124905719603961 0.0675052731982135 0.247385630371363 0.298491090958075 0.261712285868388
0.0943888246347995 0.303686214681718 0.318377348899697 0.0103924784749882 0.273155133308798
0.351380902532391 0.0894504731601893 0.22754868619317 0.317684842647477 0.0139350954667725
0.317192646891001 0.291279414607257 0.266358397495437 0.0197293307059204 0.105440210300384
0.263806519067647 0.00199550531932656 0.239847710878895 0.108551630473634 0.385798634260497
0.112680151481391 0.148509763808864 0.401024227562112 0.170450887487588 0.167334969660045
0.095727691999697 0.163251798586598 0.261909315410863 0.220264448501501 0.258846745501341
0.273704902859131 0.305451860720863 0.266759240361304 0.0319553450468833 0.122128651011818
0.150885333976417 0.287760780049097 0.0711522669290452 0.264959203338094 0.225242415707348
0.282788332913001 0.225900962177148 0.243604773195878 0.106119044791138 0.141586886922836
0.0717472753284982 0.17546721780202 0.0504779994024945 0.357370097765703 0.344937409701285
0.367345278224012 0.0838502079695371 0.0717255220763952 0.0363057331160055 0.44077325861405
0.24272287788961 0.186753303601083 0.0711350642684783 0.214642484318128 0.2847462699227
0.0690125189378608 0.101894349535974 0.238597494663916 0.43991718256865 0.150578454293599
0.140794564868462 0.191390548377169 0.183665579090385 0.235637876948702 0.248511430715282
0.244485608801122 0.174763500690612 0.315471747890282 0.00286746459818388 0.2624116780198
0.51062903948875 0.12878446248753 0.0837320039116468 0.247646087695991 0.0292084064160826
0.158715735955315 0.177212565399117 0.124683089128991 0.296411991333826 0.242976618182751
0.466248095498196 0.208518390592279 0.0653149089940522 0.00223736364858242 0.25768124126689
0.294954486018213 0.0374095437978302 0.306183123635185 0.20242436992958 0.159028476619192
0.207740298448564 0.25220459258441 0.257674386394061 0.208609488676768 0.0737712338961971
0.485366220737489 0.0938177171359982 0.254824298189354 0.160876755165013 0.00511500877214595
0.499911168333815 0.0545086899903675 0.0260144964055556 0.220238719930784 0.199326925339478
0.224450630713465 0.126090424336006 0.15812557186213 0.183636945138135 0.307696427950264
0.217897868740788 0.00057704281427731 0.580120472660996 0.0503451736283984 0.151059442155541
0.0858586113269564 0.164429018586419 0.250681355708391 0.103981437099036 0.395049577279196
0.460313530503665 0.143675938379027 0.0168934841734434 0.291032302961283 0.0880847439825819
0.0237388580006922 0.235545836464913 0.107789737893249 0.152033367117329 0.480892200523817
0.145983537259317 0.121193535559275 0.204986497169222 0.210114542190714 0.317721887821472
0.290658614180413 0.161582640497151 0.385480782645714 0.109220662284427 0.0530573003922948
0.0119481065267765 0.334222167910406 0.284254557647222 0.242552311794925 0.12702285612067
0.339566796491642 0.070260365405038 0.349760988104003 0.0381608985925613 0.202250951406756
0.445709332217802 0.0275303525640596 0.282904800861473 0.0609190180351306 0.182936496321535
0.334379895045755 0.236953460938264 0.152873102325416 0.257300114516141 0.0184934271744234
0.376961819213126 0.0739788195405546 0.260344439445396 0.209589447292907 0.0791254745080159
0.204617473295073 0.272646082821805 0.066885445692011 0.208067754579952 0.247783243611158
0.27846439295991 0.233184282817786 0.104890493669288 0.110651954357358 0.272808876195658
0.338122137421111 0.0111816078486311 0.13583246334758 0.242384508213446 0.272479283169233
0.199039462867187 0.094890478280146 0.185833108253652 0.122112356846553 0.398124593752462
0.198408009364628 0.245448181276716 0.16617264000936 0.246810244592041 0.143160924757256
0.0692306306604804 0.382637893059361 0.11309181990344 0.224409287790986 0.210630368585733
0.113381969572317 0.190514412101268 0.128267772894482 0.492604627573739 0.0752312178581943
0.210133702783006 0.252247887077408 0.277967008602384 0.0453697060468484 0.214281695490354
0.0465535595918862 0.139005273119735 0.212688399636689 0.131767714526783 0.469985053124907
0.0227495284595279 0.426330508747312 0.0969612115527353 0.162149765923312 0.291808985317113
0.180656172944832 0.295639609846775 0.210633581773097 0.0415725974024958 0.271498038032801
0.38297439478062 0.0275841706260933 0.23728308606761 0.331820382700312 0.0203379658253645
0.261291843454665 0.172539172333259 0.250575642925787 0.100762267111314 0.214831074174975
0.0792817459854843 0.375091271729158 0.34931038330652 0.0865029916396421 0.109813607339196
0.0487552568050464 0.177370916085845 0.449866118754472 0.167566771909629 0.156440936445007
0.036359762175489 0.296280495201281 0.00826231564596975 0.355597200708284 0.303500226268976
0.343034705950572 0.293799785131732 0.146254318042622 0.0767390738904627 0.140172116984611
0.198633670200383 0.275958898754035 0.126392742179219 0.157005162909984 0.242009525956379
0.127312843594187 0.104089215242907 0.30057043475219 0.240208988387507 0.227818518023209
0.15066817369119 0.0431145017811962 0.314130925881188 0.332278604741064 0.159807793905362
0.394432539517942 0.440929065272433 0.0165971602030758 0.0462464385424774 0.101794796464072
0.0955623979907413 0.122790405895123 0.293285046649545 0.293747774960691 0.194614374503901
0.0999485615872774 0.32545624473747 0.47263450942865 0.0655274576030994 0.0364332266435029
0.10253449785788 0.113443195591147 0.134560180916777 0.243739380223776 0.40572274541042
0.149778132689879 0.25100406680733 0.270752482611897 0.31151896380822 0.016946354082674
0.249372995644604 0.236666984410525 0.271849059097305 0.0114425678221301 0.230668393025436
0.0397964806777487 0.130069472895093 0.270734604600955 0.211371154270486 0.348028287555717
0.29947931952024 0.0306149794049019 0.301213233815493 0.0989403375575952 0.26975212970177
0.190754551365862 0.240115473230446 0.0757762344331418 0.319484356880055 0.173869384090495
0.106638636985167 0.113823170923696 0.167728800975458 0.275386771433562 0.336422619682116
0.109665947120206 0.386634820024806 0.0205579648413973 0.112868570748935 0.370272697264656
0.113997188225756 0.294866728893008 0.101051040622671 0.241184705341072 0.248900336917493
0.0709446978103211 0.170373789342412 0.0717765296527992 0.0336184689732787 0.653286514221189
0.302570914674948 0.176515945870918 0.0458486953676959 0.299034470364631 0.176029973721807
0.248391090146377 0.166895499747049 0.0334529324161808 0.354779041660946 0.196481436029447
0.389790262160129 0.152926108720997 0.00585201322466908 0.00455426830442136 0.446877347589784
0.105657098444782 0.0594659584480934 0.342446376747957 0.176269813103773 0.316160753255395
0.126098678157967 0.170769625045906 0.197517413407983 0.239421871458551 0.266192411929593
0.295773747240627 0.393464166903187 0.0967380738425663 0.121970412299537 0.0920535997140823
0.106047605500193 0.00785242950934214 0.407544363647127 0.148036462763216 0.330519138580122
0.206156799381862 0.253785546264566 0.280151213869773 0.123558267749959 0.136348172733841
0.173408304157996 0.117384726655531 0.0235942418117803 0.328467786938394 0.357144940436298
0.342641526831435 0.542976820796592 0.0595019578731822 0.0222313360911513 0.0326483584076399
0.217853804115027 0.133703676528746 0.125786664275169 0.115304068061467 0.407351787019591
0.239916341936567 0.257696133708882 0.123945296028403 0.25316318943149 0.125279038894657
0.448426386316478 0.211541822724949 0.000537091242484565 0.303314776113198 0.0361799236028905
0.121695401147544 0.0491803515380669 0.533466170019307 0.216135907044421 0.0795221702506614
0.0820770271920126 0.286997421771769 0.124274932341951 0.25017303150963 0.256477587184637
0.411607522540065 0.137897032714195 0.186448531249969 0.0773494246118116 0.186697488883961
0.425847688743872 0.036698740931598 0.153334663056659 0.14750923817255 0.236609669095322
0.00720041061820363 0.355116436006976 0.102517463017355 0.390696331990961 0.144469358366505
0.187906641124267 0.242263892240868 0.302628242450316 0.0794485082626405 0.187752715921908
0.361699173709244 0.0600515678673839 0.294881570988354 0.0224269983053039 0.260940689129714
0.263881062374722 0.15572059281059 0.299154244532357 0.119457363347795 0.161786736934537
0.112181009660896 0.0171150672903717 0.313990256298225 0.232466179421123 0.324247487329384
0.0928719197145843 0.27313507645037 0.251149189820063 0.271604804112638 0.111239009902345
0.214330835998806 0.278918490424264 0.0144048850355421 0.220997379452065 0.271348409089323
0.162753499021135 0.100751140090663 0.26555491808096 0.313714783213129 0.157225659594114
0.322676854840843 0.12727393133781 0.125161771929488 0.275757215344215 0.149130226547645
0.308397534300406 0.158890094315788 0.357951408806323 0.0447710393325086 0.129989923244974
0.227922761638022 0.15638359123167 0.236167137768924 0.211479117059894 0.16804739230149
0.147322686987126 0.010273863187956 0.363576342954939 0.106973094170675 0.371854012699303
0.0405482530880885 0.0555130142919438 0.281106185350589 0.370325513107503 0.252507034161876
0.153883459643431 0.117850452274962 0.275726015065432 0.176745560555135 0.27579451246104
0.200042991086204 0.411469872413401 0.0584188014236149 0.0858601739208022 0.244208161155979
0.304281517928701 0.0750799067653787 0.0289996753894679 0.2576218837554 0.334017016161053
0.0832999997046196 0.362874135682528 0.138769828936363 0.145784085044778 0.269271950631713
0.334965615567675 0.394873521644231 0.0405641636634529 0.219825420328272 0.0097712787963691
0.0424644950577639 0.186453200913411 0.217975620050739 0.284431854772565 0.268674829205521
0.236625218310397 0.260479493384124 0.155073939254126 0.123760255909829 0.224061093141523
0.168575182255827 0.0836720693420459 0.103297718309221 0.299980315910151 0.344474714182755
0.333043981069247 0.102978078152435 5.02140026252587e-05 0.470911378337034 0.0930163484386585
