0.132836470563856 0.0216902210657724 0.0892260944693959 0.114734080504097 0.0701873036158737 0.161166175407121 0.0799996041895498 0.168973833190141 0.161186216994194
0.0362540620406783 0.0558981383722705 0.126782181209046 0.203487770463714 0.173806235994901 0.0484544580780969 0.109368000737103 0.17712958045925 0.0688195726449408
0.138336607780321 0.117763086428165 0.20302919687698 0.0600461530092306 0.126890421263926 0.0732576532007686 0.0469594619267493 0.0978536521134163 0.135863767400443
0.139069949490627 0.0987054705669309 0.0794732936280518 0.146850503394929 0.130612122345897 0.125976202426741 0.0438632194284595 0.0506520964407478 0.184797142277616
0.108817494326026 0.131670214269542 0.163999936976904 0.177149730872443 0.0290640743702919 0.0563165605690867 0.0755610001025273 0.214001794152232 0.0434191943609463
0.0833826349782573 0.145217260067436 0.152999396428884 0.1239696700205 0.131504144877036 0.151806126686495 0.0824599164365605 0.114331373663252 0.0143294768415773
0.0459129987570179 0.140090411009295 0.129386960134783 0.130809909963953 0.0844613054046299 0.0209184932429944 0.176576238321938 0.133966164552795 0.137877518612593
0.161555607528771 0.0574081624420176 0.11107473296362 0.110054503389975 0.16812042032175 0.0874631737193666 0.131710567013435 0.146425049535551 0.0261877830855136
0.000190926833182065 0.196382284086932 0.117349975475849 0.19089748263111 0.162720889607733 0.0133340130596648 0.0946260847119367 0.0698747532071984 0.154623590386395
0.13692871144836 0.155691430797997 0.0481218173794523 0.103201188001082 0.119583378198282 0.117327350832995 0.127954778240122 0.106571125564158 0.0846202195375511
0.0744257150729172 0.121255446500293 0.0418175958169131 0.0543962441772755 0.135530352382959 0.161895177575917 0.109945139054796 0.141030831858622 0.159703497560307
0.0560322291579347 0.0750776439850258 0.0715240212477857 0.0790679611011369 0.252547870327661 0.1594976104377 0.173282691803282 0.0812148751277609 0.0517550968117135
0.0155050393058041 0.000256827739616157 0.0575502050727771 0.126891722911401 0.125261945800778 0.153610956848553 0.120840537919433 0.205250973563273 0.194831790838365
0.158565304034048 0.169489616578436 0.146980139823433 0.0333272967791506 0.0458852001614276 0.12127236166089 0.0887469865311352 0.136865913858008 0.0988671805734721
0.0387218278416069 0.00392120108846979 0.119461953828682 0.209533437008559 0.0854075814134839 0.147511253085296 0.119089468928754 0.190106842856585 0.0862464339485638
0.231978030840711 0.0934533682541481 0.0991995158816499 0.0398952209188077 0.00906753484695651 0.12021947427225 0.183015648328477 0.0569042248217282 0.166266981835272
0.179752837100939 0.0304611589928827 0.0313237658632246 0.192254877603848 0.125853864215946 0.0257221118511275 0.162766858733031 0.0592277774394804 0.19263674819952
0.0784463243344137 0.138311688675693 0.168600727031812 0.0875804429685305 0.164463014044862 0.0153365482903533 0.147709578991742 0.135094229800869 0.0644574458617241
0.0901831192584844 0.13107639387343 0.022087602846407 0.00837987438940668 0.158775420136802 0.0531709041480807 0.177321634501226 0.156873515893363 0.2021315349528
0.13458948525579 0.16587862151756 0.1261068218773 0.158917421132254 0.0734234149976093 0.0385706082262148 0.117110380925302 0.161333359565359 0.0240698865026111
0.0372276882275107 0.106324645649077 0.0879988749284355 0.017004565128155 0.0544974652143695 0.168444825478128 0.20639124316646 0.174030258000755 0.148080434207108
0.0223135065737266 0.178597745753382 0.163468425192489 0.0419557655447944 0.103871513717145 0.146740336386803 0.173176988950234 0.13141553287004 0.0384601850113849
0.232551350712643 0.0387392546140918 0.034370512827248 0.069164092721961 0.0792819262783007 0.0968849857344743 0.00575241065406099 0.186375376454355 0.256880090002865
0.10824223551933 0.177704058931337 0.0236133029612962 0.0332191707971825 0.18420247519376 0.182285133045082 0.109539166661671 0.170012474118201 0.0111819827721414
0.0978003692860315 0.162186902733663 0.0856331936111242 0.0643947541778585 0.126323208980915 0.0344191241148051 0.160884549643001 0.125427715159583 0.142930182293019
0.0402586993801542 0.0195984720986718 0.0648386209018454 0.216237287121491 0.112299049809161 0.0953524483392209 0.194748352534178 0.145505390531584 0.111161679283693
0.134149818831253 0.122969716839672 0.0784742771210965 0.163599634153344 0.145890820231306 0.0915954883179691 0.0646014472326861 0.0691449126413586 0.129573884631315
0.0800055339331749 0.0878678588207731 0.115719461142156 0.135543922794536 0.0653470867160634 0.0452233656784053 0.132895502636893 0.156042653911819 0.181354614366179
0.01365330442164 0.0209999865457465 0.102530129759699 0.00776904484731802 0.2309701440632 0.218184912145842 0.107145664275306 0.262033684585828 0.0367131293554195
0.183107380591788 0.133035479854868 0.127023234533994 0.160417336128594 0.0645696425768363 0.0482680999379545 0.0086163688795109 0.186775991077441 0.0881864664190126
0.187705404390083 0.342758421956536 0.0213575595368915 0.0401893064983381 0.162294648559123 0.11226482033026 0.00985518586578945 0.0117202326371675 0.111854420225812
0.0319204456380316 0.205315626456437 0.0805983585799837 0.0638025050154048 0.141712779473163 0.00126485382100756 0.173319190097821 0.0780571718096182 0.224009069108533
0.0163189012503511 0.0847282266587337 0.26332162545385 0.0411124535271677 0.096300837823857 0.0262605794059201 0.189090452059524 0.0705709108083546 0.212296013012243
0.116704085290623 0.19365852783965 0.104500853935007 0.170880136041001 0.0561590355540185 0.00437293849826491 0.144486653855801 0.0404873068338015 0.168750462151832
0.0510137333565619 0.0697953460808126 0.131579838787757 0.189944923615151 0.153073343866908 0.0564868891545732 0.147178149399522 0.144948567961597 0.0559792077771163
0.169346382350494 0.0369618714039009 0.0441415653566328 0.17655257290141 0.154899944204616 0.103095308786623 0.0602219901583231 0.144056318730213 0.110724046107788
0.103488165240861 0.151728675961841 0.112791254316187 0.155430746614108 0.108889041388554 0.138923757949932 0.0140229674568205 0.071084178976057 0.143641212095642
0.0721260267145093 0.156496520149687 0.110039159874828 0.113927910261045 0.0599886305696606 0.0546410207919286 0.0204482242629848 0.206706308190913 0.205626199184443
0.0127809884338323 0.0876044217050073 0.178302389220718 0.0685293578671849 0.0387613212377811 0.183791835451726 0.11216474290169 0.181673756727723 0.136391186454337
0.168015855741454 0.130774496570052 0.0832161391475186 0.151327923820821 0.00704180722297219 0.17347455626323 0.102307210198187 0.0315474498289749 0.152294561206792
0.175721104631736 0.0966246832912276 0.172750234513427 0.0209275885960912 0.173505356449552 0.0616584818776224 0.113110867398482 0.137710805327416 0.0479908779144455
0.124361902345496 0.144738820820516 0.106886227312551 0.0905784380414411 0.17883836707228 0.139055531092339 0.0782418176457345 0.00506057177094959 0.132238323898692
0.0699152897676493 0.167216495817659 0.0388751488411144 0.121055697810872 0.0959449241535543 0.197343302236674 0.180764881369425 0.0980946240910189 0.0307896359120335
0.229695825919171 0.0166023157803537 0.0965371836283419 0.0812146099588098 0.0303170244437156 0.162300918873054 0.122685847465804 0.0303557514311845 0.230290522499566
0.027269706408659 0.0940692750594848 0.188973226566602 0.0193169845862648 0.14544731847144 0.207428696041867 0.15500082323927 0.0835604927570345 0.078933476869378
0.0656017172769494 0.155425670585741 0.127044994790086 0.148368282659239 0.0412391227152332 0.169997008769073 0.104237775367656 0.0712407185685404 0.116844709267483
0.0362963851715117 0.167364487591224 0.0671532405242216 0.139821578361079 0.144493089212232 0.151530930434208 0.0852077163093548 0.0651789411636265 0.142953631232543
0.0966644466673783 0.045177972493886 0.133432861374139 0.0679432603498249 0.0668049280855693 0.180046768589194 0.135839494337373 0.132263714100359 0.141826554002277
0.209432074150346 0.0845766365364763 0.00545556233038437 0.0720213363156663 0.0100818364486721 0.0424545102806292 0.217034644825146 0.231501565241671 0.127441833871009
0.0542247733556767 0.252344646403456 0.0908341538846141 0.211687423904571 0.00847591265486911 0.0801230146561345 0.0758102717559874 0.0608322360912966 0.165667567293395
0.220138089465086 0.136358008238793 0.0104522080251821 0.0914411145228422 0.192831140540778 0.106875945795667 0.00560153342199514 0.0739529660408231 0.162348993948834
0.170169056264535 0.24783816412982 0.238673681303601 0.0820642875071944 0.0150881205088996 0.135962377592681 0.00782297421328551 0.00578803920928518 0.0965932992706987
0.206261284094216 0.118097836149058 0.00963007396347395 0.232253310604829 0.00707445939231539 0.138881365260624 0.161276306568201 0.100796902270385 0.0257284616968983
0.197025711426454 0.115850180011238 0.0588352914771313 0.00550247358648257 0.185049486432827 0.0267957654864754 0.0255443477206455 0.150473487844214 0.234923256014533
0.0926376271789593 0.0313694708415042 0.14673623212067 0.21697609148666 0.0694564018338636 0.0348117504176472 0.116363764279872 0.157215147649624 0.1344335141912
0.224405033531298 0.153400607113843 0.0386092945740835 0.0309529148932172 0.162313403923119 0.00794583798648058 0.116021321147576 0.0357829684812026 0.23056861834918
0.0231355056932182 0.225442036097143 0.00315852800196733 0.0133798486640008 0.200327663817061 0.122408921077656 0.0287467403959022 0.297772898983037 0.085627857270014
0.0385335915717868 0.239065648536042 0.0379371583718374 0.160887804195639 0.0909328808504457 0.140354786367124 0.178560398813277 0.0855341821264529 0.0281935491673956
0.0926728442025289 0.0966268091453478 0.201721976225507 0.127300280025518 0.069302204305924 0.200299498291778 0.0943157071737336 0.0313295900893189 0.086431090540343
0.11275014860238 0.00811801450336197 0.0603344382398241 0.273649465447929 0.141534204375247 0.291483632897375 0.101071241299991 0.00829482659474727 0.00276402803914472
0.13677076414091 0.0887468981271416 0.173148285480164 0.128459938679865 0.057875852839601 0.097621111862893 0.110060070790583 0.172829393126144 0.0344876849526977
0.0152561888013643 0.0819281015895038 0.162489798175764 0.108159420877586 0.150464416564682 0.0721636673290387 0.156775246277804 0.138265649286751 0.114497511097507
0.0245427319945979 0.20122467090805 0.0527018509576588 0.184599443826072 0.15293941524775 0.082031600496595 0.244917925850169 0.051957883273882 0.00508447744522575
0.0871713232555206 0.0144007702289492 0.213632862551847 0.131286333203879 0.0115079866954896 0.211127156549252 0.0132931557756184 0.203765016031947 0.113815395707497
0.0700874985809867 0.0990601546011568 0.0346436820086946 0.210248029290706 0.161426941673141 0.104921265494806 0.0739467633959755 0.110196784914067 0.135468880040467
0.0532056621814892 0.107004631491477 0.157985701564047 0.191322048349864 0.00184843771377823 0.0262196589241161 0.148153963492055 0.188727295362941 0.125532600920231
0.164919678359604 0.0541575551883593 0.130937074281276 0.0844573832596831 0.0862439206256828 0.152308954466907 0.134178944719324 0.125019196617195 0.0677772924819697
0.0700987299460612 0.0394863325804128 0.0750315724273241 0.197589201012857 0.351427936897756 0.0576197797362844 0.0107791248095964 0.12112485062459 0.076842471965118
0.0631068751221091 0.303034237367947 0.0952521586573012 0.0575202816085541 0.00882120624101479 0.181188022385616 0.0166642925042981 0.0100939459505109 0.264318980162648
0.0954960702442738 0.0396630808788938 0.128156706693017 0.189198518631553 0.0315035901776014 0.105005776471305 0.172546405360654 0.105725766601056 0.132704084941646
0.138125942989789 0.0318049763307409 0.190501179442383 0.0580959767775085 0.112669663599949 0.154983229079326 0.0443966382627548 0.124882559898904 0.144539833618645
0.0536261320522997 0.189548235485398 0.0903748467750522 0.112017176975277 0.200670014167539 0.146772844134594 0.0646284309972512 0.0992147128637143 0.0431476065488747
0.0786557460923835 0.0241731417984611 0.139437110492244 0.0287027712261769 0.232636437175667 0.0154976931457917 0.119099261353639 0.153620066715941 0.208177771999695
0.0571772850382283 0.0994204062769949 0.0579783141626232 0.208469470884009 0.231292553091899 0.0276574711367603 0.137850911444814 0.152674776415729 0.0274788115489426
0.0757711519366924 0.208332004491399 0.227382015931663 0.0390008927847753 0.177662665439871 0.026852560502861 0.0448911337156035 0.0153299581595335 0.184777617037601
0.118577386379327 0.0398534103871141 0.102139040938904 0.108140849864788 0.0576392022390872 0.281338230412202 0.108799224223781 0.0305690576075512 0.152943597947244
0.180628391786097 0.00345362385663109 0.0248814615787714 0.176575623098588 0.0514836352475985 0.0937308588475876 0.0765955612522248 0.166543310764827 0.226107533567674
0.0984127760881279 0.253370477622776 0.00914098192786115 0.0354351237684267 0.108298797790358 0.0795224443945467 0.211978601205295 0.200574689164015 0.00326610803859404
0.0494704167357794 0.132772462537138 0.0686469457269756 0.0558450843973025 0.180204429621561 0.163362293906915 0.046765746432066 0.158381662639732 0.14455095800253
0.0706811985666919 0.00846159010874983 0.141957527601856 0.0365062892641305 0.242355986591905 0.169835769970747 0.0458454784477538 0.199844461005086 0.0845116984430796
0.255985332877968 0.01514766966113 0.0403412678555825 0.294094027454471 0.12344732825273 0.0640351648015013 0.0709838978319901 0.00179833546358854 0.134166975801039
0.132119360079488 0.178287546084201 0.104876393501341 0.164547657264811 0.117923755212246 0.111471069731961 0.098792264449841 0.0630999822625911 0.0288819714135201
0.0561236602190839 0.0181797757008493 0.223550947343616 0.020743901097781 0.0721330438851222 0.124254316953869 0.0413117204180008 0.218082149950091 0.225620484431587
0.0239077598320456 0.0574390016215571 0.0922792227279517 0.203865649335225 0.0587517633104632 0.190033005507048 0.0714013032952188 0.14736698832991 0.15495530604058
0.0431137063521838 0.0595144042224512 0.011749352266132 0.256951332178156 0.272798059273797 0.235283052762119 0.034822282562448 0.0182454484354165 0.0675223619472966
0.076514540804648 0.147955426675386 0.174204700918614 0.0598424752612237 0.132269841800003 0.0954970818200199 0.051380642066241 0.134196148474719 0.128139142179145
0.111377055105413 0.120978771177901 0.0886433170843126 0.160002337345378 0.0120444704502164 0.167618563991709 0.0726471031908217 0.128593895869647 0.138094485784602
0.125008882226745 0.129241787884057 0.0609091141476554 0.0606748019549244 0.136993762113898 0.145836725803864 0.0446434844559858 0.153257592479544 0.143433848933327
0.0576795197758345 0.0475750493255538 0.167760203379502 0.105398859797127 0.147509104150019 0.0771202747704797 0.128835398514814 0.16698987929936 0.10113171098731
0.147874089213724 0.161404083879458 0.150284908169594 0.0997566855620887 0.125635133788644 0.14794934956156 0.0573318789715334 0.056414323316155 0.0533495475372428
0.115692661255667 0.118042444602822 0.122473804148384 0.0190612989378167 0.106705748293997 0.0700353389659579 0.171415293087937 0.0960774873877642 0.180495923319653
0.0472120832976665 0.111544862198956 0.0869158020162793 0.125924559382613 0.0213749226967496 0.0610613662935671 0.131095102794469 0.182215185569531 0.232656115750168
0.145104287969366 0.0148269125588006 0.161599324316027 0.19480568276712 0.0342986801016642 0.134550005940435 0.177685767055255 0.0604121211180327 0.0767172181732992
0.0735887962927542 0.0732262465789048 0.124638895180522 0.125869194866838 0.0916221792704072 0.167762688233446 0.146095973127358 0.0816578586980809 0.115538167751689
0.00791537959179472 0.178348398464269 0.0403492618087691 0.0219050252702874 0.102246172335542 0.0983135358985914 0.169145433545489 0.18751504508928 0.194261747995977
0.125048580926898 0.114181070589497 0.183975817207571 0.135969101210443 0.106766965817301 0.026897366041457 0.0154757154785388 0.1157259027191 0.175959480009195
0.0366297937959707 0.150041450722474 0.16307784778784 0.111542979774585 0.135383211791158 0.0906938416760687 0.181303490709728 0.0239036294297949 0.107423754312381
0.135086966645486 0.120835466584501 0.152018745238986 0.0783857101970789 0.0839058789874643 0.149997502646514 0.0981754753663539 0.150749054379533 0.0308451999540832
0.140108053077866 0.159311307209707 0.167711622013911 0.144399828411347 0.0461169793152638 0.101957385854013 0.145478758821144 0.0329543164093402 0.0619617488874084
0.054037645545168 0.107182754190812 0.0478231118990182 0.189659452448541 0.0895329140682064 0.0533336816913093 0.116215827042182 0.235828097612323 0.106386515502439
0.176596372447444 0.160804508310033 0.20580391442392 0.100331116712714 0.0449301420452062 0.0401921534345108 0.0679527098763842 0.0224457631220764 0.180943319627711
0.118982232367817 0.13334153284304 0.107931406752364 0.0208075692194384 0.107098549692584 0.175038738345068 0.139866943191169 0.0294716204576104 0.167461407130909
0.133282569865252 0.136573117528037 0.0432123145696333 0.0937643965817559 0.151686646737976 0.15564271148555 0.166868548865152 0.0783574847251269 0.0406122096415174
0.0247957107213321 0.0394455894322986 0.0770049460549622 0.222110985982526 0.164624501598715 0.210229216305476 0.0699912780765027 0.127714571744751 0.0640832000834364
0.129907647372296 0.117177816623634 0.233291099775398 0.0174859132945413 0.0563980677284591 0.139925251547749 0.149906670697296 0.0647523791859481 0.0911551537746788
0.0489181653265586 0.056408714681513 0.197597026903057 0.1311649919672 0.0368110035512756 0.178135826177946 0.115997502505017 0.118868122410824 0.116098646476608
0.110370534047398 0.162669505472057 0.0820139518406465 0.101645585923844 0.00997229729811871 0.109833944866718 0.223449463793813 0.060380573200351 0.139664143557054
0.130979347346091 0.125740361171112 0.172288641591992 0.0261084068920253 0.0962185317376557 0.0839392807364279 0.168623810049307 0.0535774843862348 0.142524136089154
0.152129845140972 0.117216356187612 0.209972043396573 0.056650079943847 0.100430224450813 0.09249342875245 0.165968795637785 0.0829249921459738 0.0222142343439742
0.122990152271569 0.123792866047803 0.0879009932870739 0.0668975127070017 0.10261409867587 0.0929483053945178 0.0181231200701021 0.232948681809093 0.151784269736969
0.227316571384737 0.246841027796132 0.0863712904841384 0.0947783371280778 0.011681212866392 0.0185499846411522 0.0894147624425254 0.0946272255987678 0.130419587658078
0.102022162976263 0.136291737480651 0.129963993037115 0.182549304003146 0.0145652633540158 0.16323034935499 0.0834044322150106 0.0252959841889641 0.162676773389844
0.287466835621747 0.119080963034354 0.242163239348307 0.0787219978504208 0.0195687281899883 0.01859882229963 0.0818640846486619 0.0947732165594496 0.0577621124474411
0.0338511623036737 0.130665851864446 0.0645836624662027 0.246089044154078 0.0361494710629127 0.0562020872275098 0.025956055714945 0.222453906920275 0.184048758285957
0.123548468520972 0.167926875446312 0.125611355308921 0.0667923522655189 0.210408781327513 0.216638507427077 0.0499803853586914 0.00494708549727898 0.0341461888477145
0.0454208454745655 0.14867438838373 0.0488027206790251 0.049559384138465 0.169731903173038 0.149992833075067 0.069250857645306 0.156410483424879 0.162156584005925
0.144973356745419 0.201068164248797 0.181393426844106 0.0837340754258281 0.102468041850707 0.0640193432950906 0.0028405169598593 0.149336675470587 0.0701663991596054
0.0136948696693629 0.0130208999449996 0.192162149037564 0.211382760942255 0.00686743501202053 0.159380233359441 0.158403705425524 0.176068444958682 0.0690195016501507
0.130043670528056 0.160642965948291 0.0405576774471738 0.103414960790383 0.100460540023545 0.136212600207662 0.180982137651047 0.0691110241786298 0.0785744232252122
0.207618933659173 0.112823018397211 0.120513650572277 0.18571170354787 0.0204657620021061 0.0457166728731276 0.10671380460861 0.039288350882906 0.161148103456719
0.0163279583621703 0.152566171353907 0.157618348044292 0.00669333672519613 0.200370253659055 0.0365210057042571 0.192944857945297 0.101357901817951 0.135600166387874
0.207831673236896 0.13861938129331 0.124175637899646 0.0888330393306009 0.166624863796757 0.0320898147871473 0.0657663316772801 0.00613293944594069 0.169926318532422
0.143934241745489 0.102323484799566 0.156660440478533 0.0323871625203302 0.104540601384119 0.0827091203777856 0.127116973580869 0.0833520282739657 0.166975946839342
0.225417656023081 0.06757118088838 0.158690995847492 0.208626574147813 0.0600027441528419 0.0624942433162946 0.0840146801047837 0.109412788373068 0.0237691371462465
0.0503765593898799 0.180301431264429 0.00942188872143023 0.0122221293983478 0.187768591660193 0.165479346178545 0.0975832631044616 0.142024316767325 0.154822473515388
0.00845784509838404 0.0570212898797416 0.03947026528062 0.130036759356178 0.00455559318021269 0.242546972750994 0.190974626186234 0.307886414579183 0.0190502336884522
0.0320299488874845 0.128960496225491 0.176001188241674 0.0593635928127803 0.0688273545829825 0.139507590438537 0.173726084889309 0.170311389384242 0.0512723545374983
0.119845409266775 0.0614222171593605 0.123821005840762 0.091725121115895 0.0417285873118483 0.252479005106687 0.0709629486009176 0.156320221567537 0.0816954840302167
0.0995106369876553 0.0731260280270582 0.208988999311591 0.173666581154713 0.107786574213201 0.0568625142791049 0.196783856862003 0.0323779047498019 0.0508969044148709
0.189038255340942 0.129922273406777 0.189477110780841 0.167915404067276 0.0244535672579738 0.0657541943498082 0.107398086461085 0.0930367531744219 0.0330043551608745
0.104912882716148 0.189682544582035 0.122916813069467 0.174106302702658 0.112579095263322 0.14223789592051 0.0460136280785775 0.0351575587150005 0.0723932789522807
0.120838617991325 0.0253161123867835 0.141750535017878 0.13813032626874 0.125661631235277 0.107833990226254 0.132699468439343 0.0668863099585976 0.140883008475801
0.178478442313676 0.235118626610567 0.160884629594985 0.0217121035817475 0.00365450866970577 0.201865027337027 0.0186965717295797 0.0598943009038019 0.11969578925891
0.0821198653503883 0.0920886651066048 0.13386966225036 0.00438554181461982 0.178093177898284 0.0505945269307973 0.148899801030892 0.185180360148205 0.124768399469849
0.00924754761896261 0.147262832254778 0.0984838188879794 0.113769704362739 0.115698704315518 0.127052216678372 0.0579766870832459 0.140816870177459 0.189691618620947
0.153281417779986 0.168525608598017 0.0493613696071814 0.0995424058179462 0.106746996853012 0.142188920845308 0.0682574992314214 0.0788964254510889 0.133199355816039
0.21492287484964 0.182805429138092 0.117430561808356 0.105280209298373 0.137106512295206 0.0396909794002672 0.0520507745117429 0.0446424538567255 0.106070204841598
0.141167797673805 0.0250447117876484 0.115649258965846 0.113241841063489 0.154622380979539 0.121466728680448 0.0697531114203227 0.129505690039036 0.129548479389866
0.176215850315879 0.0705431252590613 0.0393765091083482 0.0325062173044325 0.125187842059204 0.175520535974435 0.174181506038425 0.157128715625466 0.0493396983147487
0.141064502612534 0.059407902923934 0.18475959453698 0.0471967720354709 0.052747816004586 0.127891270116602 0.165718479208358 0.0702512543870744 0.15096240817446
0.0951897911846492 0.112919418709963 0.0796830634023939 0.119188888873002 0.17062887611258 0.0703858665985337 0.102545704398387 0.165519693364517 0.0839386973559741
0.152146345525502 0.0311382986323707 0.0589307555973257 0.139282065908444 0.149538404503089 0.145605777605478 0.127160035627257 0.0778359371579248 0.118362379442609
0.133686830410703 0.0936112137885149 0.171904330666154 0.114161011159057 0.0368066922568608 0.174965797704498 0.0871791233774291 0.0405194483504413 0.147165552286341
0.110915575073314 0.00458323836533175 0.216840116922114 0.12302582461385 0.00410679980676645 0.186139492674884 0.0592727135873118 0.0941645953708635 0.200951643585564
0.168417632618654 0.145147063392587 0.102388485921829 0.165225571015526 0.0674498640007466 0.181820605473176 0.122910330086524 0.00575726051613604 0.0408831869748217
0.156881652601233 0.137331523115842 0.146177628589621 0.063804030299537 0.051964553063083 0.0250899465873207 0.275929352816959 0.0989808005925898 0.0438405123338144
0.142371386194761 0.0489141169144339 0.180799036648976 0.0856788655310727 0.118890692538991 0.0842948146153299 0.0597313918509814 0.141983342579953 0.137336353125501
0.122042381669704 0.109991082458548 0.104518024675514 0.000348834060559677 0.0724823599305588 0.172207629939153 0.221933687540274 0.0439803005643973 0.152495699161291
0.168634620672865 0.0888006384261491 0.126939058689914 0.0800187521850869 0.105626290358421 0.155265533855905 0.0617378088855767 0.16608856135468 0.0468887355714018
0.133539704068817 0.156677704265178 0.0493284242887088 0.00284978220032721 0.1748478095745 0.109725623829603 0.202317364349404 0.0404238962027012 0.130289691220762
0.0601971260617194 0.114883656998956 0.12805234295038 0.0161484675469002 0.190544652179462 0.0273164585590091 0.0988630865599103 0.18846729433947 0.175526914804194
0.246394152597726 0.038312209647152 0.25622593038602 0.131102744417839 0.0169993649032342 0.0325762445909297 0.0223669428559153 0.0620713592512933 0.193951051349891
0.104626245306887 0.0106077301423598 0.136383688423511 0.184357570756805 0.0725912343019164 0.0430694554069037 0.108956670446039 0.200112242721581 0.139295162493997
0.076485394677844 0.10525458917725 0.0736161002527436 0.0672509050294944 0.0908344116876112 0.132749489195862 0.161614971101454 0.067189728359402 0.225004410518339
0.162890091561351 0.154669463965352 0.0402146560046475 0.00111106838156535 0.255659323001627 0.00818435649538751 0.140914533469821 0.131479626930344 0.104876880189903
0.110025224937945 0.0683120668168128 0.141995909392007 0.10112485254008 0.0555828672821875 0.196958563722481 0.159029578644507 0.0881854179771839 0.0787855186867954
0.0636758298080227 0.152592588080052 0.137433061659337 0.0191389569599279 0.0943529997965836 0.0869628333155274 0.144185253555836 0.129640446088676 0.172018030736037
0.0610547931382006 0.315374765486385 0.169272988872137 0.0755415353980779 0.125049577794564 0.0318104291688735 0.0951278037583654 0.0904847022408729 0.0362834041425237
0.00598284439619042 0.0577447349373154 0.0545011936616836 0.190817708888342 0.0985802711488 0.127502347176387 0.190618156761634 0.227845506533587 0.0464072364960611
0.212792434099285 0.189648514771446 0.0379862014161343 0.0130376699441249 0.00205352594976964 0.15868185106642 0.204873138895183 0.169236888036803 0.0116897758208345
0.117902327794028 0.160658947764213 0.215979905560695 0.00528071166280545 0.0101343669446607 0.0505420507332157 0.190834584382864 0.111979389747811 0.136687715409708
0.0731747572697316 0.0300913437135227 0.165774288043077 0.168529434673745 0.115027682516826 0.156205527796683 0.136224642038128 0.0386098613069076 0.116362462641379
0.00478819872384501 0.118845693516639 0.114622703614894 0.160512606558346 0.0667621107907412 0.122684324923947 0.167712020408585 0.137419459157154 0.106652882305848
0.0483168234228686 0.11776261505076 0.173496821891993 0.0092669373703366 0.149686749994369 0.0717574684620336 0.138064889757894 0.159377459544871 0.132270234504873
0.147472331011792 0.166955230883932 0.188310205961174 6.74195385159178e-05 0.122757853759775 0.0152188028421451 0.123902184999167 0.186135576199737 0.0491803948037622
0.110343595214275 0.0568700181283268 0.00171624473659958 0.157614492302233 0.138208354648926 0.139660606776965 0.0995036799608651 0.157564458321956 0.138518549909854
0.0900377421012873 0.13340989167845 0.165341524345931 0.0461366002935584 0.103439194747889 0.0926321943968038 0.0340977522859632 0.177234059472744 0.157671040677373
0.0308738340050552 0.134132310697118 0.124898574512165 0.118387829907839 0.0366962681144327 0.172869471537691 0.00292013960105538 0.182977351177377 0.196244220447267
0.176453916475527 0.197771944879298 0.0961687771532462 0.0804651093133966 0.205033727807139 0.0134829744959512 0.213783297133337 0.0105195899562593 0.00632066278584559
0.184177411377015 0.00915530776269001 0.0964596044555962 0.127723746655979 0.0527353291603977 0.15259150577009 0.0780647321546305 0.0769843679317522 0.22210799473185
0.163251005247621 0.0165470403777588 0.169534995038778 0.050762137036388 0.0749530589196544 0.160002561763314 0.130388737691308 0.169549105764339 0.0650113581608386
0.161704862715309 0.0729708629137293 0.0744947134532127 0.0543355029882453 0.150470508205074 0.130888364461529 0.000398873648874306 0.175782135428282 0.178954176185744
0.119196243524815 0.147155910253216 0.0410753924102304 0.035834301882413 0.039025038919643 0.0852235057266274 0.233633254266655 0.069828398005859 0.229027955010542
0.0890952060186519 0.11842539400378 0.120104675377149 0.0723829068287953 0.202863655242129 0.122157153964643 0.0570426152073478 0.0467169896177938 0.171211403739711
0.105106812946718 0.171011311428201 0.0353175686560272 0.0712893516705402 0.0789104449199093 0.0593356169896226 0.17390061685578 0.131214219851185 0.173914056682016
0.355362327411016 0.0257704837433387 0.124394391536186 0.0845657301355146 0.0508815483298828 0.15318447341652 0.140908561867359 0.00523280429231474 0.0596996792678683
0.126779637165076 0.170893899418704 0.103061049571803 0.0217350568159211 0.0709676872461131 0.166788401075147 0.0890676314547095 0.158467916606434 0.0922387206460916
0.151037942252432 0.159204977618707 0.148299070334461 0.0986482467471824 0.199415662988686 0.0535815686169919 0.0821842296002256 0.0266516699131823 0.0809766319281322
0.12832465470734 0.0339083912163872 0.126383809173411 0.00599502630181163 0.0505733346849396 0.0188117437818197 0.264824330377242 0.320593949213845 0.0505847605432037
0.177689475993138 0.0301097720525049 0.215192841052514 0.20301792887897 0.0392833072913517 0.0841650573413496 0.0855392008310285 0.126331959416251 0.0386704571428925
0.0412864031946297 0.162395214929628 0.116295735793019 0.120748514076687 0.0260576514642059 0.111483405882467 0.174268621513827 0.0637299031663907 0.183734549979146
0.116393429829882 0.155989953586369 0.0506119142526819 0.0570795423569448 0.148772159504999 0.0277868398321714 0.166644743081724 0.168828702668437 0.107892714886791
0.1928840695388 0.149519356377496 0.168332907940073 0.119066887059499 0.0258252108919587 0.0437714699931773 0.172093697637499 0.0403609405787994 0.0881454599826972
0.0487141302452128 0.174168874780522 0.164012213615598 0.0225700430646961 0.0976441614060332 0.196577557309217 0.0695606290772648 0.15119821726268 0.0755541732387756
0.131606212421471 0.0814769885020798 0.183155661544123 0.137845303126204 0.133065743668175 0.12444747564264 0.0168992546476033 0.0183350046372371 0.173168355810467
0.0722771639703452 0.139797709579292 0.039384192063612 0.131378836910226 0.147534987984131 0.0665564557034267 0.0724137649311711 0.168580975034013 0.162075913823783
0.188304606573271 0.263565001346923 0.0490645434703121 0.0377969941891213 0.0367202694634522 0.00923289970400906 0.262335973129399 0.00510625168165546 0.147873460441856
0.0847031736228191 0.00537626936064458 0.165353472572011 0.126830489403028 0.123339358808805 0.169632281445879 0.135062180688959 0.0867681726623585 0.102934601435495
0.125956183485048 0.141039585239731 0.128433732348781 0.0290299560581696 0.0537587217603717 0.136392686017924 0.08836622346513 0.146604856220258 0.150418055404586
0.201065933729347 0.0518881888914241 0.209810945456572 0.056503317856355 0.0669191991686299 0.178668728590768 0.10992987131663 0.0497596622648378 0.0754541527254369
0.0632993409779518 0.0187779718198989 0.170664286526867 0.13133333322867 0.149925075692908 0.0950361745611346 0.152377176909954 0.069865953924354 0.148720686358261
0.00839492296261473 0.0769752106960263 0.103704898790817 0.122101936832722 0.0544380295858424 0.0885820962445872 0.208675492536699 0.205802207121688 0.131325205229004
0.14150585281912 0.123478872615927 0.0515465282018063 0.120668210047451 0.0710098878351018 0.144312111062508 0.0654659135162668 0.144263563405868 0.137749060495951
0.0894563384502221 0.159779781439491 0.000820453854079188 0.202393689979381 0.07687448526194 0.0965984068590078 0.164840924226786 0.0670673567142081 0.142168563214885
0.202159257614623 0.0526557524489834 0.166555167440241 0.0475233180969582 0.0900792495814235 0.02110284402449 0.158095560599689 0.22767386121513 0.0341549889784606
0.036178251310769 0.133968343162836 0.0493308067978953 0.205823419935527 0.0387988214162125 0.076418782278463 0.243033116519848 0.117338501664462 0.0991099569139868
0.16768724233464 0.0124948050757319 0.178753207243077 0.142658932891538 0.0445969065896963 0.123662490598843 0.0873877111481357 0.0447183818546938 0.198040322263644
0.139586014375403 0.0687343048693862 0.0759218724268426 0.0246201614838996 0.218091691598573 0.273209551003094 0.139416952247153 0.0525967395517654 0.00782271244388287
0.134545037211851 0.142311657388614 0.11692861226537 0.0843951383019936 0.0356428180275777 0.178155252766343 0.105121613594926 0.0755958188976768 0.127304051545647
0.101833333520969 0.0983010996410422 0.0321614494888617 0.0706186375506076 0.207630365189854 0.0800228375847154 0.20959226687676 0.135939010395321 0.0639009997518692
0.138815876857292 0.0162248036236542 0.145376202841873 0.112497899488836 0.264865514336667 0.0169977253289229 0.107166181188694 0.0756097185528252 0.122446077781237
0.0816760518252554 0.102482431753546 0.11281758471916 0.0855765677089093 0.07611014083388 0.14071042470287 0.0879072368296461 0.167040018831158 0.145679542795575
0.0478039128319434 0.0878704522366981 0.16108950534961 0.00805474126145054 0.186425434653282 0.105441256780125 0.0481618868604906 0.168754536962752 0.186398273063649
0.243074418492603 0.110087057724298 0.134762663065909 0.042365696497656 0.24957430790514 0.0710481526872005 0.0226588806964575 0.0142246980050177 0.112204124925719
0.061395968339831 0.0413722449057141 0.175505680352245 0.0439603700787691 0.0810213216720537 0.153942308025276 0.0799885766384531 0.223754743161898 0.13905878682576
0.0823487833536197 0.163368579311193 0.0149614336851937 0.19720981736138 0.0739992384034197 0.0962859870023829 0.171514097261439 0.101661431583265 0.0986506320381078
0.174994504607988 0.134385047569051 0.0958420131741965 0.180950411888752 0.00940956640488792 0.129558242402497 0.004916595741394 0.0866300012754235 0.18331361693581
0.145558641495584 0.136794609873035 0.16329161662068 0.131835781134365 0.0631913937336953 0.0512109410780675 0.0907794265424448 0.0837495233044454 0.133588066217683
0.00831239020150154 0.173183286360931 0.104262487185204 0.10790931069304 0.209429759564976 0.0589846583393699 0.0933577916129182 0.038326769570796 0.206233546471263
0.109172486237003 0.0951623696063362 0.131560270803068 0.188427630127741 0.0616287459358296 0.102253565386411 0.0539009054792857 0.168831802137857 0.0890622242864688
0.152768483735946 0.00449103935602469 0.101223309660234 0.0157431771004378 0.0974313920543887 0.123704074792186 0.192593198892063 0.12659722794315 0.18544809646557
0.00473857882287613 0.290875792904122 0.0550884295080206 0.0483951542785546 0.217841997926223 0.103478878387355 0.0241245240612673 0.123365396335882 0.1320912477757
0.178684517569472 0.00230217159416864 0.150119306014005 0.0470729435498249 0.0408549204134015 0.0841436955308957 0.0662761067310727 0.270412497225464 0.160133841371696
0.111597185990866 0.189217677046658 0.127303937744853 0.0609531763697839 0.131539529898121 0.0100769058903298 0.0509067889149424 0.229100740965149 0.0893040571792958
0.0377698078503119 0.0870528151121531 0.0171397797138103 0.0519924598732771 0.00796024535686585 0.206285341088464 0.200653539223812 0.168435467298268 0.222710544483038
0.0637931442148949 0.0661688822542743 0.155263540168259 0.137215781915956 0.0732502991488628 0.152037752003681 0.10717010768524 0.169163278757312 0.0759372138515201
0.169270306852015 0.102092935165002 0.146983709408322 0.0709105884420779 0.0333673837417066 0.158032622414955 0.112264959150558 0.110673340781252 0.0964041540441114
0.0763823866341266 0.161710117414036 0.140502091184937 0.130448375194397 0.0849260703148682 0.0474807786220844 0.205936817862707 0.0689158508180671 0.0836975119547764
0.0266664353422373 0.0480566179422097 0.212809611059005 0.172339775633399 0.238561276703923 0.106390029704584 0.131159446094971 0.0194928834762653 0.0445239240434046
0.170415612678879 0.0277777961591291 0.147661639435637 0.036686953208612 0.133463943502194 0.155173106788781 0.142768800384843 0.0761272820476382 0.109924865794285
0.0918047554383049 0.207660217234252 0.0649063119047181 0.0433081966975482 0.0757675705687509 0.0916487207674696 0.235895128410589 0.0726930316191043 0.116316067359264
0.0187351074304728 0.0930687123196436 0.151667369946396 0.0171924116397597 0.150472403591945 0.214374632574013 0.0367705469130621 0.201356158326244 0.116362657258463
0.136541942567293 0.0470182642022336 0.0934008275233064 0.165674368013899 0.0936018852247129 0.0758060071642236 0.102847793654213 0.141144904324293 0.143964007325825
0.0302534234045417 0.308528896487353 0.0479042676778765 0.00593740823687425 0.0425972867265772 0.0268342514478719 0.276993113827552 0.0204658514796453 0.240485500711708
0.0990120073251726 0.106352109153208 0.124561393559434 0.133168535983651 0.115696768128715 0.148649896616117 0.114016210959283 0.151570835184798 0.00697224308962005
0.111145763914165 0.182048163404987 0.14473090034086 0.00677168452843264 0.0359974093684574 0.113533129403618 0.132133653275726 0.0776642487042544 0.1959750470595
0.0704828138055052 0.0872846239029531 0.0994041135609208 0.252401590029306 0.252892014939883 0.00292230831099705 0.190927749472907 0.0412980907545504 0.00238669522297782
0.164510184234434 0.0553321861354164 0.191269120264978 0.0119433184739485 0.140181851972775 0.0166023042377813 0.206621073774737 0.120197969080877 0.0933419918250513
0.152607556196677 0.142399310446564 0.140121548709657 0.0793728118733435 0.0188093906458557 0.0698534929938189 0.0114355548299733 0.219753264107195 0.165647070196915
0.0134627837237043 0.131630231214392 0.139884325720465 0.200975328622376 0.204194085249711 0.141100848764965 0.0633943245591712 0.0651972783152713 0.040160793829944
0.0462521708520991 0.222976187603114 0.132087246360077 0.103461615093538 0.0202858196059552 0.199584541629555 0.0189616836761216 0.217257981114628 0.0391327540649113
0.112614490139181 0.237002413034417 0.046458467157459 0.0636000521603685 0.0576403025988415 0.13844324512827 0.145866231362709 0.11704318967293 0.0813316087458228
0.156963923314133 0.0745876494570998 0.0577584669050973 0.0933430185073543 0.0908687836792612 0.0986759915346267 0.15228718886998 0.184035848283221 0.0914791294492255
0.061922555286464 0.0747000184631325 0.000790328673908548 0.169436022693811 0.129443056609259 0.132463326264982 0.157017133550995 0.0930419771411114 0.181185581316336
0.0943603517496926 0.0431180924084546 0.0613978747007249 0.190738780179013 0.208830584237592 0.0262622232524941 0.280953741160972 0.027242331765493 0.0670960205455629
0.182063136085771 0.185051466626444 0.133433406042434 0.15132101714377 0.0122769672764334 0.0459111243677227 0.0386723392712406 0.175820603143957 0.0754499400422275
0.27470762920405 0.055180440625425 0.141563073287849 0.0698220753846634 0.0612487309530415 0.0932658797351485 0.237583887534271 0.0419360727831804 0.0246922104923709
0.0861494660907087 0.00498690508411428 0.185899121839235 0.0519101405119087 0.182147487052005 0.077762189410122 0.163762263688285 0.0709376978015228 0.176444728522099
0.285880154440347 0.0456579478237065 0.024672338352786 0.0722011218134684 0.14228055262191 0.127797821852592 0.150436215020397 0.129491031603426 0.0215828164713687
0.222829196007353 0.0518747016106447 0.0472567738872601 0.149603726533796 0.110646215345535 0.202598727374664 0.147404991154303 0.0205115680858036 0.0472741000006414
0.1595190629196 0.123087936927282 0.133148047940858 0.0800100048607422 0.122576483698932 0.09679518476573 0.107234994481829 0.116558011512094 0.0610702728929312
