0.363315050090926 0.0359021561352336 0.152036579242671 0.189165321222497 0.133604430346959 0.125976462961713
0.0838390259905012 0.186417345432111 0.198350460734444 0.174210240717922 0.206532971371286 0.150649955753736
0.0358180298907055 0.281308792566086 0.0406603280215807 0.234764767243932 0.324306359395057 0.0831417228826389
0.02038389793682 0.295871109090859 0.165617573109879 0.0426870932412144 0.0845095360872164 0.390930790534012
0.218630112515438 0.254439184546207 0.258806400630215 0.0132836992758679 0.0924123653260725 0.1624282377062
0.161014607808028 0.298716947830146 0.135210213597261 0.149968743091207 0.234339866102755 0.020749621570602
0.0460252728959373 0.0512658640344163 0.309714160737176 0.244871192403692 0.316290799974498 0.0318327099542806
0.0585030259889021 0.0712864688295429 0.166483322229337 0.236226637906911 0.277623281292884 0.189877263752423
0.222442192365776 0.137303121455445 0.349199428318227 0.0281650250873389 0.00684076399725795 0.256049468775956
0.115035578499348 0.215757086541056 0.239904991514118 0.164059193790255 0.122387233655557 0.142855915999666
0.0589634076155023 0.244608185102539 0.194541008388672 0.175300561819668 0.196197546251837 0.130389290821782
0.131044044312435 0.112356952749937 0.216685776493737 0.199638139651198 0.174188575415484 0.166086511377209
0.212049823545948 0.270326909178095 0.0355940119974398 0.214847110708532 0.188307319620117 0.0788748249498692
0.258399160409503 0.302303870339943 0.200956611971858 0.126512754990564 0.0184461936269646 0.0933814086611674
0.0433073264515568 0.210200896218688 0.32653021468117 0.155338688333123 0.227431730486349 0.0371911438291119
0.224552192872239 0.0391229751629051 0.131195361623861 0.304357748502025 0.157619061275025 0.143152660563944
0.0231742943887126 0.0395283170235615 0.0974932842487874 0.180253542347719 0.404678971509929 0.25487159048129
0.325083009860644 0.142528392327986 0.0189648939240795 0.120370843135238 0.03226237225893 0.360790488493122
0.0135400704214933 0.179882362962255 0.148475995263939 0.119453675790569 0.30024756311765 0.238400332444094
0.174374024411473 0.21410275693002 0.209486659645865 0.263025122473841 0.0840859800066013 0.0549254565321996
0.189396984053067 0.102820674836311 0.230878306524124 0.20734878221377 0.263867901889996 0.00568735048273158
0.317336916772813 0.00475216651789589 0.0422992560740841 0.10540233511353 0.359806332547155 0.170402992974522
0.142643337620308 0.269771590621962 0.0635810923678799 0.269712907157618 0.248126598851081 0.0061644733811507
0.215800090981041 0.146304910026315 0.07016608738044 0.192090564221511 0.147803540399234 0.227834806991459
0.246693692416434 0.175097287211895 0.027183509966582 0.127257172483632 0.338219474713563 0.0855488632078945
0.273580726006951 0.0308808906470946 0.297333397304127 0.126785612121445 0.26917460072595 0.00224477319443153
0.25328115594457 0.263956177176827 0.235052710588889 0.0454010255579692 0.148121438272382 0.0541874924593623
0.233697804197892 0.299267399612416 0.221822773252935 0.108800194804095 0.034584095877177 0.101827732255484
0.250797263303244 0.116765429057209 0.150882573924004 0.174396086311929 0.0445771945627619 0.262581452840851
0.077334656692312 0.212097302585645 0.192025425300037 0.244388963603346 0.121086898207511 0.153066753611149
0.00406334550563011 0.0593463139864058 0.275452221040615 0.284803401794498 0.361497450550994 0.0148372671218567
0.0241240587199828 0.271534051340091 0.326487448302205 0.119885861599837 0.189868835110482 0.0680997449274028
0.085575440243527 0.211386814493786 0.284880772943368 0.156946029667183 0.0114593637803756 0.24975157887176
0.194018808258057 0.100506755714742 0.0552182477072337 0.112713091212093 0.214721583407763 0.322821513700111
0.00260961479204302 0.0651323414939543 0.152502788827806 0.325785071858624 0.326371067646594 0.127599115380978
0.192497670326738 0.201224309491774 0.161890548287107 0.0514657275455866 0.126394372144092 0.266527372204703
0.251247011691281 0.192872677603465 0.318422992007296 0.0178794017624012 0.192073214390862 0.0275047025446939
0.0917507010868214 0.331810473200509 0.196910562897041 0.0408780421648982 0.118567033791235 0.220083186859496
0.16406191114758 0.0465562115740055 0.0519715963465849 0.181672842745451 0.282889214299946 0.272848223886433
0.0143092792562749 0.237066819905526 0.0697964031896167 0.202909689974822 0.219832612174559 0.256085195499201
0.140784619786054 0.159662428770792 0.147669240555413 0.182516719235576 0.0807099073212663 0.2886570843309
0.299783100321492 0.133317030216543 0.0428931074586098 0.186699409191961 0.155024786444905 0.182282566366489
0.129772404519843 0.00834407310272142 0.0866934039016717 0.100799973343858 0.37750708563019 0.296883059501716
0.287236426405661 0.354129615662145 0.0517040631194923 0.116127949417009 0.0251265558927059 0.165675389502987
0.187311806523815 0.263134587461945 0.143453194788547 0.0289030748687118 0.0454969827861811 0.3317003535708
0.228844738459234 0.2518081815415 0.251888117137134 0.079442587953768 0.176421829391294 0.0115945455170694
0.1570250377372 0.206867250642739 0.111480897875501 0.0563619927854697 0.232407394081082 0.235857426878008
0.0919577190583771 0.131138377998951 0.240186251840898 0.266382676252151 0.209419690569225 0.0609152842803981
0.187792066887397 0.177072642040888 0.129298270739291 0.258330749712754 0.0500988627619193 0.19740740785775
0.189191544458518 0.127918530162164 0.159547545522146 0.200797433862341 0.206407734382048 0.116137211612784
0.130384812786258 0.233602545595096 0.294220333776449 0.0387920385146424 0.0819136878160577 0.221086581511497
0.121504285297216 0.101799715210653 0.384461145348971 0.292646352525454 0.067141205120998 0.0324472964967083
0.149386634811689 0.162397076947539 0.302083761568263 0.105167398328793 0.127791873721891 0.153173254621824
0.0819224854919654 0.204364284758062 0.148068970071489 0.236245201977838 0.193200778325687 0.136198279374959
0.0920790636506992 0.224383473427907 0.21695797518225 0.0472190508329781 0.181780827154662 0.237579609751504
0.206506678639089 0.0514249862717876 0.201682923865605 0.274968993872897 0.141324777361179 0.124091639989443
0.0334754064306841 0.241589123980281 0.0919463865287975 0.177916349932365 0.175589169667942 0.27948356345993
0.017451913518343 0.123368089263117 0.309738342177052 0.268762927194847 0.0526113308033737 0.228067397043267
0.210538277190163 0.256441715271167 0.0890076311112836 0.207346053378069 0.0827441560770574 0.153922166972259
0.325877333861584 0.036421678000786 0.138397219327126 0.25026595699671 0.164441104248222 0.084596707565571
0.0067204399089131 0.0933691858239496 0.26970954390312 0.0860499076295906 0.270720477501701 0.273430445232726
0.076263815469368 0.119304717362966 0.281977755318336 0.082052400056818 0.310642952777062 0.129758359015449
0.28349274250951 0.13169605640573 0.0294810278080662 0.177744023727593 0.259080401096445 0.118505748452657
0.341457653283959 0.200989477579788 0.00696730087595784 0.109174198230825 0.0525601955025482 0.288851174526922
0.141643941336689 0.206746421372889 0.21338272205022 0.0596450287691229 0.175475672996379 0.2031062134747
0.213153336007275 0.183150761585615 0.189414688213753 0.0811205934142362 0.206528390612592 0.126632230166528
0.180770985583091 0.223656875618863 0.113447465097312 0.227763092342002 0.204153933670044 0.0502076476886878
0.141675550925895 0.154226932243915 0.151034202560644 0.223474335752575 0.288224094088769 0.0413648844282028
0.0956015833275236 0.0752899221290048 0.170424508228648 0.422675677615149 0.13273460680286 0.103273701896814
0.0392175534743912 0.230090745549157 0.199990241903418 0.20072088424034 0.209961579475844 0.120018995356849
0.113891257597907 0.226735598805134 0.223574670634018 0.241017831956876 0.103417180334703 0.0913634606713611
0.227889996711133 0.0957879873861161 0.100649470989205 0.20658328719286 0.242597853150205 0.126491404570481
0.360713996929592 0.00555100721940725 0.217697122628828 0.0749563614674026 0.330344970933263 0.0107365408215081
0.262745480496682 0.0493108232401154 0.252959347948044 0.212513261397206 0.0344616964314837 0.188009390486469
0.0912501735303835 0.174106028112552 0.0320101046549739 0.199910328258468 0.344436533044017 0.158286832399606
0.203060633278925 0.260804126867008 0.0268104324649445 0.015941087656389 0.0330917055018171 0.460292014230917
0.243404474544445 0.0904551655877862 0.0943729137964632 0.063333342247838 0.291711100209825 0.216723003613642
0.00340817305556145 0.323803224678448 0.126851992713706 0.181866271290567 0.329732844186527 0.0343374940751908
0.0455624898607175 0.0762467209578852 0.0360819220604006 0.148914428484825 0.304982825200806 0.388211613435365
0.283181042735809 0.220458689364396 0.0163924887591922 0.184919974023974 0.0972279338516141 0.197819871265014
0.0665513932390082 0.174480885109413 0.162794925946834 0.26044996387176 0.129828758047262 0.205894073785723
0.242738482362599 0.259255515204259 0.0995937767055336 0.0809692890921415 0.264123643244441 0.0533192933910257
0.236261095735229 0.110304470546264 0.194141224681742 0.00758615879812979 0.233430533149844 0.218276517088791
0.0976968906314218 0.386975738509309 0.189719785119711 0.0197425642906262 0.0127762376342252 0.293088783814706
0.194032641126709 0.130352695584122 0.229263822551195 0.0652251117149371 0.21901000187283 0.162115727150207
0.224000365132655 0.0228423563437703 0.246252754172624 0.0492840838755083 0.181360299629368 0.276260140846074
0.243045837551781 0.0969291745351444 0.233132646081037 0.228878241682152 0.0660400676558832 0.131974032494002
0.141962706565464 0.192174568376738 0.0662034573864719 0.469023496902878 0.126614631220697 0.00402113954775077
0.274297511529239 0.0967529777273736 0.0773349675861044 0.0295812926884601 0.265523904766375 0.256509345702448
0.303602432218946 0.0592127734111707 0.0454895658925374 0.12557475654667 0.25592590524849 0.210194566682186
0.158040458256329 0.147002561092969 0.0599817638106113 0.187887416554192 0.334646143160481 0.112441657125418
0.357874179699542 0.00664861677353173 0.00885524859120251 0.277500903084155 0.194634821197676 0.154486230653892
0.100073203058034 0.0566987595305818 0.253431666148376 0.176934890592885 0.19138897991478 0.221472500755343
0.0608767435256049 0.105202362655178 0.327087871825672 0.141414438784565 0.28858270016853 0.0768358830404505
0.0821437701280535 0.0878030355669499 0.265257196148382 0.0107873104094102 0.220101225256024 0.333907462491181
0.00884780390726219 0.38192514504906 0.310656583922515 0.0895412726279581 0.0954318063334895 0.113597388159715
0.323115381748353 0.0586246197390923 0.128097162647643 0.0143635011464062 0.206135082668496 0.26966425205001
0.0389257160070674 0.341712195168835 0.0378288875810742 0.114305515692058 0.251636818186569 0.215590867364396
0.181301910529724 0.178050653339207 0.229897156785389 0.149010853381507 0.0260670064360173 0.235672419528156
0.215965480678213 0.212542072550322 0.21748370364025 0.139363774342978 0.099548252500738 0.115096716287499
0.141647782266082 0.0706750173676943 0.0767523933095827 0.31328029702551 0.128401782654097 0.269242727377033
0.11764596864791 0.282670347618791 0.279849859178361 0.0611705203399291 0.246681791258284 0.0119815129567255
0.100507983112085 0.279142910882487 0.291039294873352 0.0220426420365102 0.0260886522946712 0.281178516800895
0.00996908950522977 0.0177188037745453 0.337613070993683 0.213233954847053 0.0441829836920759 0.377282097187413
0.20705106743204 0.106495601917435 0.240241574727242 0.177560908489382 0.193192871752492 0.0754579756814088
0.114273085707936 0.112899468690144 0.0457353753314882 0.145121829818494 0.0862304414755586 0.495739798976379
0.183208834620978 0.209250177220546 0.241744545493236 0.113247388993738 0.0857468240094298 0.166802229662073
0.269311961795427 0.0217986361103134 0.336886481798271 0.0122805263389246 0.0720426749507179 0.287679719006346
0.0173023150349337 0.207391109504823 0.206894147736569 0.224303656591032 0.140169737231576 0.203939033901065
0.229682203823683 0.111092870279822 0.118924289229866 0.0720363619831242 0.322597812627615 0.14566646205589
0.169482005092918 0.0920741078033564 0.162880771796236 0.16325303533683 0.209934451455288 0.202375628515372
0.125746414499391 0.258830815307314 0.0586846319424155 0.257988859887375 0.0964040008052841 0.202345277558221
0.00373952832908517 0.348125504137856 0.138452366818096 0.0613857850693668 0.280352667623578 0.167944148022017
0.254206821906842 0.27212193952523 0.22591662627815 0.0114993554642275 0.0322804369590135 0.203974819866537
0.150172870510894 0.0846289487858241 0.0703331980830801 0.082625286913308 0.271268713836154 0.340970981870739
0.00703313234017413 0.165334966572367 0.218284993895697 0.243402697496466 0.161345568809051 0.204598640886245
0.214804315509462 0.0528636692833915 0.0797983283448835 0.116193285644798 0.370745647961928 0.165594753255537
0.279171571130571 0.0338073702932852 0.0638754122151536 0.229229760266285 0.189255239000658 0.204660647094046
0.195582553604584 0.12872662378063 0.229539542560572 0.267416441401606 0.155803725517718 0.0229311131348906
0.0287059106345191 0.265510687500588 0.320516583501328 0.0502687396909081 0.0391453055227482 0.295852773149908
0.0138074980350439 0.0909823731884498 0.219857161889516 0.291838333794511 0.318217202390992 0.0652974307014879
0.0703310570365716 0.139828643461115 0.0328986727868165 0.292381125188116 0.252138462825572 0.212422038701809
0.18002997791091 0.22344037677179 0.193743597392091 0.0750596672162007 0.249509822197169 0.0782165585118402
0.0226831399291618 0.236846568266006 0.2017598179061 0.0210204772871732 0.151407188188275 0.366282808423285
0.0220711608473166 0.189753824310048 0.1693045066762 0.281889715787365 0.0681174337277131 0.268863358651357
0.0541639160939792 0.0556424644978041 0.183927596464177 0.161604065726292 0.233233228747438 0.31142872847031
0.304389402392053 0.263478222095799 0.128951310013869 0.0227193198334066 0.0594159024560674 0.221045843208805
0.335982351982482 0.0801411669005487 0.181561922547189 0.186785448971008 0.167954959738588 0.0475741498601844
0.154614418629021 0.00778997061602796 0.215840021073992 0.251141818491759 0.124961436364904 0.245652334824295
0.215547197090568 0.00296758480432869 0.318107247509491 0.239708004739107 0.00094767955443789 0.222722286302067
0.218409030217236 0.125206493227519 0.313563114008762 0.193797437773781 0.0591060406816788 0.0899178840910234
0.177994730472999 0.177323445148169 0.259711438285821 0.146315161244459 0.160584085955576 0.0780711388929754
0.206783992196615 0.137885355683855 0.232314753203245 0.17444746070577 0.238289074583063 0.0102793636274523
0.171015043127256 0.255731443553865 0.210420188883711 0.0782442544236708 0.0745156116085511 0.210073458402945
0.358734926212928 0.229018514852816 0.0705067757182768 0.0499716583259683 0.202351559953252 0.0894165649367591
0.168938218260791 0.0271538563368118 0.245930208596888 0.165217784969522 0.0955330831580577 0.297226848677929
0.101777701232566 0.073538814453946 0.285365480384643 0.220480090476654 0.270211666652579 0.0486262467996123
0.191602043607752 0.274810100508917 0.0736805557601802 0.07778774542655 0.0647605270491846 0.317359027647416
0.365443612134414 0.064374513014822 0.127180494170688 0.00421232017541904 0.292784570920861 0.146004489583796
0.203906642996491 0.0836208499301654 0.287059680638658 0.143985717299263 0.239684040275045 0.0417430688603778
0.0106924180333261 0.191902423498787 0.287153025591834 0.0237437624999259 0.237230809017968 0.24927756135816
0.0761820879918406 0.186103063474995 0.272114118965331 0.102630931317898 0.258494893480839 0.104474904769096
0.296684794149146 0.058147585879183 0.350128787812515 0.259422507380097 0.0152076184645845 0.0204087063144748
0.158304387860191 0.0816258006170253 0.206850356100479 0.231485289806721 0.12770039787108 0.194033767744504
0.0217549013763467 0.204593392268166 0.0985302339010579 0.151483902897511 0.337784066688541 0.185853502868377
0.316142948933163 0.307848225992829 0.183123930915564 0.010169714574029 0.160449885527613 0.0222652940568018
0.305615588227475 0.207113446192983 0.200240863263313 0.0875335162596171 0.0591128497124838 0.140383736344128
0.232578331929817 0.149724704516151 0.229043608923973 0.213392963710162 0.0745491889307241 0.100711201989173
0.228025710703597 0.102580618984827 0.35100420109544 0.237240484507306 0.0489400854429994 0.0322088992658311
0.218519983753659 0.279239339952555 0.181125376491928 0.015006341608652 0.162239613096565 0.143869345096641
0.262186946525613 0.0507650932573573 0.108112038093325 0.235827227476808 0.310085638157053 0.0330230564898426
0.0976419931442923 0.234677329132917 0.143517949964062 0.174951472659623 0.127749899063942 0.221461356035165
0.190395312400533 0.100340301050544 0.246919330032989 0.129411174983085 0.143644711732738 0.189289169800111
0.261794692715391 0.277807234375253 0.0821018817616033 0.220479034830948 0.0255131578926749 0.132303998424129
0.260467901403337 0.14935761912016 0.00519488115448625 0.127148683984659 0.103301658727514 0.354529255609844
0.196534039501314 0.193562771819847 0.106969685118712 0.00555595622236975 0.344278531442932 0.153099015894824
0.0810382734700745 0.259456788957845 0.300022269511863 0.0228229263535545 0.11095744350078 0.225702298205883
0.177190736221103 0.193114473266317 0.192954760946035 0.21407768649046 0.0261069137583192 0.196555429317765
0.136482134942905 0.12811675354157 0.251508797424621 0.279487733150182 0.0452665112165169 0.159138069724205
0.0914794799160181 0.0938098067716439 0.211793193860976 0.140790698888716 0.23102626024936 0.231100560313286
0.136336697561698 0.145545147922166 0.17466688287633 0.175858229309662 0.203049147456982 0.164543894873162
0.231841865850721 0.0696487672374369 0.198328210384038 0.184358476664632 0.110065936788624 0.205756743074548
0.182736632634771 0.313021067073899 0.0483075559061057 0.315513103467868 0.0772884920938295 0.0631331488235275
0.296860542499575 0.225001030072723 0.0732661856460716 0.0835058653776177 0.21613796933084 0.105228407073173
0.375056521571781 0.278576233715551 0.0195561911200773 0.0494637960301574 0.0431797967138834 0.23416746084855
0.0622386039982326 0.30625242667759 0.0760943370346554 0.104618098527131 0.213148983373495 0.237647550388896
0.178279546051251 0.284878370549302 0.201553574189968 0.042068294618171 0.146785472731832 0.146434741859476
0.047075676405341 0.253714243830098 0.258631371898859 0.135985203024548 0.239125887733746 0.0654676171074078
0.284547858656477 0.149274787578859 0.335183364963419 0.201294504825025 0.0132224353927933 0.0164770485834261
0.00857832214357522 0.215110276356767 0.225449996751968 0.0832305315199688 0.222746934217863 0.244883939009857
0.127923731321809 0.29902748636711 0.207043956173811 0.236017098529356 0.0672293840646868 0.0627583435432268
0.0345929085218759 0.0672288398109896 0.318071115365209 0.125083198004638 0.233140544052063 0.221883394245225
0.0930895780106401 0.23727103306828 0.0543422436413229 0.248883246098936 0.185576199011742 0.180837700169079
0.226254856964872 0.142517412642149 0.26032020520283 0.268445253228347 0.0271589086044966 0.0753033633573045
0.169885951688616 0.185336665753452 0.0596230070899266 0.131383817939453 0.25750955927592 0.196260998252633
0.290527786098204 0.124070421211989 0.0500121913196958 0.274022347779933 0.146485323449531 0.114881930140647
0.0350113827908812 0.120497614308788 0.216069978993551 0.19348380621366 0.232404637243388 0.202532580449732
0.298508660059615 0.18396646801148 0.0317551441243459 0.282877391011601 0.158035560059302 0.0448567767336562
0.365685404733345 0.269869030842965 0.227977423227634 0.0416791830664691 0.0869627019808288 0.00782625614875855
0.191189337998786 0.0151973397781509 0.250963124620463 0.306312967312916 0.102651021310037 0.133686208979647
0.221728244812753 0.168105413547863 0.198949521502611 0.156856408261946 0.141392981281999 0.112967430592828
0.22013122976471 0.254170176460976 0.260526313670086 0.0410252816026571 0.0258580603275589 0.198288938174013
0.201433706315176 0.0180507641899946 0.305962726500837 0.169353923822046 0.0905810950906605 0.214617784081286
0.0831527520627618 0.184029944393544 0.157159392330684 0.237716446810522 0.159637560536269 0.178303903866218
0.326758608706225 0.0231297366069849 0.14523711276605 0.168592193792104 0.146275325341085 0.19000702278755
0.16650899581735 0.0534731589300377 0.212543425428557 0.166755871012971 0.228292100260827 0.172426448550257
0.0955070784423158 0.302081142114602 0.319698498977642 0.0514676523447265 0.160152596061153 0.0710930320595612
0.0466779856857119 0.126880987966368 0.146775303612017 0.208821590443412 0.226157705107079 0.244686427185412
0.263169804473689 0.206476323025407 0.0833298120592567 0.069625242924339 0.224532867307523 0.152865950209785
0.181834549602388 0.212273319641226 0.271262974844328 0.197478675193091 0.130801747076905 0.00634873364206198
0.241258084009734 0.0661068387001801 0.320165901192759 0.0803682635181531 0.277693719892105 0.014407192687069
0.0438553280663741 0.207590123725142 0.220620987745816 0.248169148350711 0.101051727532804 0.178712684579153
0.228861062985499 0.218381590145861 0.17440512052494 0.101699684308862 0.115553776451232 0.161098765583607
0.0848196917094573 0.20769323222477 0.160637669002468 0.228167228905391 0.156785156583935 0.161897021573978
0.326364065984691 0.169441586735784 0.0569594643339907 0.125783213204925 0.107173743729898 0.214277926010711
0.181614790984015 0.129491465284471 0.198099163271757 0.0688183912556235 0.230916284550504 0.19105990465363
0.172432412424882 0.0924424470296744 0.219991858759215 0.217385575028089 0.0789108625518444 0.218836844206296
0.0488984090150438 0.232013774054737 0.174687638942441 0.269946769074713 0.083273908063884 0.191179500849182
0.393562462479796 0.00987987592319963 0.0705317235532095 0.180942831839477 0.0952751943091711 0.249807911895147
0.0732357914252858 0.0362930593317167 0.246541872176069 0.215635687441613 0.232469967548522 0.195823622076794
0.244762533783409 0.319463669787599 0.0350253928310832 0.199481911324991 0.0590674397971357 0.142199052475782
0.0535640002139096 0.137471866860699 0.162382872075754 0.238347481360421 0.156108087325452 0.252125692163765
0.0430738844346754 0.133095534173497 0.100679048572999 0.237239722252813 0.305001369977314 0.180910440588703
0.090203796775928 0.242522410382665 0.105264192145689 0.271851355777934 0.181492932075767 0.108665312842017
0.131521975384799 0.227506838587516 0.116702224745019 0.279751002770386 0.214740004399792 0.029777954112489
0.243845312889952 0.0860379278554554 0.240305922670469 0.0330013998079449 0.228127243100652 0.168682193675527
0.218169132363009 0.203164038505006 0.131607174012136 0.229567576676942 0.0684931526664963 0.148998925776411
0.160966286861666 0.144827670682383 0.0300963403075594 0.379418611050292 0.0275930817199737 0.257098009378126
0.16302169333699 0.276163321760291 0.0631217959429917 0.059734161984244 0.231741463421609 0.206217563553874
0.251240992257405 0.246447844287414 0.116942543535757 0.0683125210398695 0.136572478815984 0.180483620063571
0.0763497712754259 0.323217901572239 0.232241150340962 0.0146433080083807 0.253824205115418 0.0997236636875736
0.172350343611104 0.103215020065777 0.0710502732943791 0.0354497158760036 0.325851733577391 0.292082913575344
0.277417743851853 0.0242353273832822 0.128530253595263 0.230773450672442 0.314307809847924 0.0247354146492358
0.153571386452024 0.09208764454848 0.404277135624167 0.051420716590736 0.195593103504935 0.103050013279658
0.166405355909122 0.220033997136851 0.143974065175148 0.0734081068247242 0.186697569912348 0.209480905041806
0.0826852113202926 0.164438180212997 0.26373592921643 0.107083261453322 0.257505934952826 0.124551482844132
0.13325579658471 0.197162257556069 0.0429188754315123 0.295147265541011 0.0477319447898754 0.283783860096821
0.26296844418283 0.232777906686731 0.209614981878837 0.0200711522498653 0.207272392804065 0.067295122197672
0.0634780447388802 0.1562571337238 0.249823186271918 0.103857971586653 0.240056069332584 0.186527594346165
0.325422168552058 0.368098087997942 0.017925420360886 0.0934579418270845 0.0783077656688027 0.116788615593226
0.14404161782314 0.0239439083643383 0.210455563111376 0.303415136111795 0.130327021117819 0.187816753471532
0.197677196970085 0.137493837588988 0.0899554764464771 0.0217902796733967 0.242217881440081 0.310865327880973
0.195343611474666 0.187303413359367 0.019156624718029 0.152414238076116 0.169565137249202 0.276216975122621
0.0951825461005048 0.243950204589096 0.102574919436539 0.112862680594031 0.215551112852221 0.229878536427608
0.21214560499034 0.137339568404232 0.216390953496137 0.234163651962294 0.190912087839023 0.00904813330797533
0.259102069609856 0.134282543584341 0.325192552419717 0.0817809523520092 0.151156747615707 0.0484851344183701
0.172115437849983 0.16733493595304 0.17955995795226 0.232029967027191 0.235016665309185 0.0139430359083411
0.00730314345417505 0.301214377203957 0.283804756877421 0.131353068115021 0.107161790474974 0.169162863874452
0.250386259926651 0.238603608178207 0.167438361400417 0.144108872823062 0.111660630422145 0.0878022672495181
0.0449601614649899 0.0866191076962419 0.141866368552874 0.237182132680957 0.0980017156487973 0.39137051395614
0.28088081652494 0.10440432766195 0.0651839600770068 0.285121415562972 0.207976918752633 0.0564325614204972
0.203779332050853 0.229556793646269 0.244607194307417 0.173902238298326 0.0153865393398028 0.132767902357331
0.0290468788658935 0.320693278319582 0.126833077898505 0.136435036955665 0.287379851931223 0.0996118760291322
0.0822303201406405 0.168772599800879 0.130357199652598 0.287126687447963 0.0446311814669655 0.286882011490954
0.119158635937709 0.214791120663226 0.123392433523868 0.283753028482466 0.0323423018093813 0.22656247958335
0.127975287191449 0.357257647955368 0.147982547645624 0.144085994608971 0.139989677851373 0.082708844747216
0.0850500792711128 0.0775963300567193 0.304949961674791 0.268201781627058 0.181208383651971 0.082993463718348
0.185960555921391 0.270597250308478 0.11580267419934 0.139358073129323 0.133347536280742 0.154933910160726
0.253614828968384 0.126829625770615 0.277288788691594 0.103126417238139 0.22359072033872 0.0155496189925481
0.241473408236266 0.232519908153288 0.0267690164971809 0.238070440413208 0.00499560254798261 0.256171624152075
0.209441744962604 0.19198158710367 0.301292952216991 0.0222107866826978 0.249523300390198 0.0255496286438395
0.290928701614405 0.13281357553741 0.0423017721941673 0.147426037571336 0.0551865277070717 0.33134338537561
0.175303455874593 0.307101880352786 0.206741683474294 0.100631717182995 0.15410812105374 0.0561131420615926
0.245288076429988 0.0749477801443464 0.239352316303143 0.111907849436823 0.119566439618405 0.208937538067295
0.108723276839732 0.194393947476079 0.250260273741108 0.344315536151963 0.0457945373174463 0.0565124284736706
0.11480520361802 0.14078779642573 0.0854979224407907 0.118943559012322 0.291666122084367 0.248299396418771
0.102452469607647 0.300124612610104 0.291813113184843 0.244695395220086 0.037170394852259 0.0237440145250609
0.0963852745970119 0.216402174784894 0.238622517444392 0.142901324517232 0.0630252717886971 0.242663436867773
0.109927592233515 0.195965617395566 0.184834679311869 0.141239647342925 0.176568462549748 0.191464001166378
0.260112023552495 0.221831186415634 0.235509139685715 0.0499576638812778 0.051642611274862 0.180947375190015
0.257525113544982 0.148637671357194 0.128395722349825 0.0369168797767166 0.086824043896712 0.34170056907457
0.283546615196099 0.115553627642227 0.233099669925859 0.147880260141884 0.0487535142688355 0.171166312825095
0.0506734654124302 0.151477572685112 0.305710958783007 0.17198280891018 0.21607006192675 0.104085132282521
0.141913243346644 0.107822198208762 0.178075556072156 0.111469351835359 0.306467023910035 0.154252626627043
0.0803338855060105 0.240075873423195 0.178841627964774 0.202706795067103 0.164633660864457 0.13340815717446
0.00238819229118654 0.209059143598508 0.26734927295132 0.228297797174682 0.137515706427124 0.155389887557179
0.167644844694194 0.15811553003415 0.223551174039392 0.170222375835449 0.0423776752600301 0.238088400136784
0.202712979637971 0.233087490905662 0.274426789012433 0.0740173883739643 0.150499043838993 0.0652563082309769
0.234182960317795 0.164136643711763 0.100766605917027 0.128019596763014 0.140661951776248 0.232232241514152
0.190305027278799 0.0356049054936061 0.0643581487579256 0.279857524975485 0.167814288544531 0.262060104949653
0.226691608501859 0.11174015082317 0.23860127176526 0.255040395135112 0.0846833507716028 0.083243223002996
0.148223559274389 0.136609324394379 0.18174001917695 0.113207821363587 0.271557853506677 0.148661422284018
0.000867310906820846 0.24064466109664 0.207561361318167 0.161330509745031 0.145867665876733 0.243728491056608
0.102822030664085 0.0483190623749832 0.205879168430207 0.0835168031597089 0.249157945859243 0.310304989511773
0.137945768435277 0.178182440062082 0.171051689043274 0.16271220558281 0.172768288461617 0.177339608414941
0.170483272135951 0.170601830089861 0.34483184576981 0.000609511631566155 0.251325967234062 0.0621475731387491
0.173168438701317 0.102066178105109 0.0975491180450619 0.240447254970822 0.147101773502816 0.239667236674874
0.311644811188786 0.277298672702022 0.145215973314306 0.115653432581832 0.104478145990226 0.0457089642228277
0.227001692936568 0.2789349011214 0.211678854555846 0.0188821531988147 0.254839142845797 0.00866325534157486
0.00957461229201177 0.251776673594624 0.19074511014009 0.29299543529364 0.0677327332536452 0.187175435425989
0.14307029529408 0.230375440346514 0.147909860431617 0.216333100711529 0.038000936675008 0.224310366541252
0.251332995261589 0.261147566949708 0.215202736475528 0.154290072831883 0.113089144632714 0.00493748384857759
0.208763373041548 0.306773814136339 0.068347955000055 0.301519717234834 0.0937775528465939 0.0208175877406293
0.0906949377057107 0.113826168890367 0.18082390711548 0.184508241655809 0.200963785271042 0.22918295936159
0.193650449946544 0.116348831728392 0.186106494168248 0.119267024859605 0.196018597040607 0.188608602256606
0.153261301452716 0.298695335788585 0.0356581600615625 0.322924844983313 0.188778541935523 0.000681815778300312
0.168587947870367 0.161888084675596 0.101411310670772 0.234970576872594 0.179298428162391 0.15384365174828
0.294267310614511 0.105189859345588 0.0982949311724491 0.258749021917483 0.0341865722658377 0.20931230468413
0.178253058094623 0.284172888624202 0.287435865876233 0.0749817007832107 0.0908376763169993 0.0843188103047327
0.334327769741682 0.0234553567749775 0.242072875557525 0.253555235549634 0.117132994777982 0.0294557675981993
0.200035766657214 0.153974420658073 0.175780250192093 0.188764245979012 0.183885018895146 0.0975602976184615
0.205167550042411 0.0616626423382549 0.153921811956934 0.198345049615706 0.205852509338722 0.175050436707971
0.278929249433105 0.247453199857414 0.0881976235487501 0.269317132752671 0.0344458375028742 0.0816569569051846
0.217633703703207 0.267992922758491 0.0609923429016747 0.156395691158577 0.0131701177361973 0.283815221741853
0.101409714615208 0.318988953165999 0.169377438846703 0.0410989305089225 0.122817607590768 0.246307355272399
0.156699524514543 0.211921685458639 0.238963652909418 0.10709869026421 0.19740521701648 0.0879112298367094
0.0187268577053311 0.213672244845239 0.22191809184989 0.125011329885545 0.224136989461787 0.196534486252208
0.011128292480571 0.11894703566899 0.327609142056071 0.356963878237852 0.0680446726199057 0.117306978936611
0.11798005410936 0.183404462448565 0.180710489069351 0.210101424769123 0.164817491451731 0.142986078151871
0.0303296986225655 0.379954290639608 0.238047966736765 0.251462759148323 0.0170772974953028 0.083127987357436
0.366567420759322 0.208373511163065 0.041372280715752 0.0383361134330189 0.176991226661418 0.168359447267424
0.103982549548041 0.158254221768517 0.0567356269315611 0.118702117800008 0.310572094516979 0.251753389434894
0.240481981549756 0.0058479779140744 0.0615500993722068 0.311817185276649 0.155030100373562 0.225272655513752
0.223621039835807 0.188998537969409 0.216858380109369 0.141877608756367 0.0337114007265189 0.194933032602529
0.0516005520787346 0.369780371659019 0.395643432501542 0.0872644875147783 0.0324420859346053 0.0632690703113207
0.135384652913516 0.133418752728401 0.274443125437474 0.0165863606196464 0.275235639611695 0.164931468689267
0.318022340044429 0.0480669347354469 0.0622028988890166 0.274408447821728 0.167691061143715 0.129608317365664
0.259915071967751 0.265176249558562 0.169165561351762 0.00587572969730424 0.241329213976284 0.0585381734483368
0.0404920016529935 0.0146098870677255 0.157243137123863 0.217870747953796 0.313726276018323 0.256057950183299
0.215110479463562 0.183852305776552 0.179192508083793 0.135023471967952 0.182002909298999 0.104818325409142
