0.191774932971076 0.14029418072618 0.101721329443996 0.107373914365855 0.181268671306707 0.277566971186187
0.223691693225554 0.289470059525325 0.0955825641151434 0.0728419627581615 0.160864925974493 0.157548794401324
0.140620369628271 0.0124166766410301 0.123552128271878 0.295632851172959 0.18871146651527 0.23906650777059
0.254929814790204 0.00784475351418322 0.219438120760388 0.0787736840063849 0.253190438873621 0.185823188055219
0.179162370798141 0.102348258425095 0.0398065269819394 0.242037634278211 0.185719576345333 0.25092563317128
0.305297252822776 0.0939262922485172 0.0297814612369251 0.212650000599087 0.22050145083174 0.137843542260955
0.248010708156884 0.261672210972313 0.105691125835332 0.114043780900811 0.0117596074992418 0.258822566635418
0.160820584967484 0.170354547808552 0.121204806829638 0.0670684678503575 0.296339690722313 0.184211901821656
0.12100106093486 0.12511114963874 0.246813212348305 0.199778740026763 0.163235450104286 0.144060386947047
0.0265172351077273 0.357666310796661 0.0249215999681029 0.185793506152532 0.0604495191457217 0.344651828829255
0.195047984816991 0.163511089333747 0.311450339397725 0.183079295083192 0.100060500373151 0.0468507909951937
0.27310671368349 0.17021624914338 0.06479964283789 0.253384960337254 0.192238391879404 0.0462540421185828
0.0472513964239645 0.150140878932279 0.39946633623618 0.0548618009816306 0.0507941173004806 0.297485470125465
0.160873978063528 0.0780458335058539 0.100073356196436 0.20407684759113 0.373326805823695 0.0836031788193583
0.162888205419018 0.114614182914355 0.0958498145084167 0.197325422969856 0.104327804345039 0.324994569843316
0.054974358411065 0.157086538461369 0.132083710562169 0.054418390332213 0.270941879596275 0.330495122636909
0.0340980598066553 0.292819193451183 0.140905635101793 0.0888300665820488 0.275902275645173 0.167444769413147
0.098336272309655 0.0331670712209222 0.274461763653302 0.131340547076414 0.239456207867997 0.223238137871709
0.122490009868734 0.298013150489047 0.140998278899697 0.00870516710836651 0.30565412378403 0.124139269850125
0.204050158342298 0.261069543943093 0.0155007653852348 0.0884632921141718 0.254128917381221 0.176787322833981
0.243066849831515 0.258877003750521 0.355159364226704 0.00483090348976442 0.0701319892449221 0.0679338894565731
0.287778902194553 0.357445393790084 0.105628378896281 0.0290562967784395 0.060984775946579 0.159106252394064
0.189552238032912 0.291542087245472 0.0723985383602418 0.0247749499213218 0.177160712217295 0.244571474222758
0.258684274910023 0.213999023514957 0.0463521612473381 0.238389309729464 0.228601064853984 0.0139741657442336
0.0786169368550596 0.21455954767226 0.24443985044432 0.107539092831311 0.248530065446027 0.106314506751021
0.0995726474252683 0.0400826324541345 0.0255507782699839 0.299361738984557 0.111298218944666 0.424133983921391
0.19524238906554 0.130224393423885 0.0845716343350968 0.230816260286547 0.20287486826285 0.15627045462608
0.22862627960424 0.0524320826899245 0.100228350783214 0.198085603407922 0.262055075402465 0.158572608112235
0.0178940204538743 0.381572968863088 0.285742915424737 0.169631187801015 0.0384068374518336 0.106752070005452
0.0856299935256545 0.152872605475124 0.148879153020402 0.233939819989689 0.186296789094321 0.19238163889481
0.0183943628791425 0.246630741431187 0.0197383063477484 0.342698436967544 0.108717277299751 0.263820875074628
0.0807142855284057 0.361532267709112 0.000965628323684091 0.308281572925385 0.0743324805903027 0.174173764923111
0.281044963331534 0.0915994331693639 0.0683413655823299 0.252278299007946 0.288157109632716 0.0185788292761104
0.118362925540688 0.248693037594961 0.230795380205442 0.27909175157502 0.0953801336338136 0.0276767714500755
0.273339471889095 0.0446045204159724 0.191619750533564 0.174726863923378 0.289469470907287 0.0262399223307034
0.306386035997443 0.240975947920151 0.0674475057376739 0.0014466105046479 0.329822465116585 0.0539214347234995
0.175760794839629 0.0624094251790473 0.201172903164749 0.210136019270248 0.191780973218186 0.158739884328142
0.200749743570528 0.128486617874262 0.236040354667144 0.241746882962893 0.0565880911402985 0.136388309784874
0.197441345825867 0.233072404628079 0.202541728890969 0.0899497315903119 0.0932009745962685 0.183793814468505
0.259721587833354 0.155137503207132 0.0907659591719185 0.00509209270637519 0.105410785975124 0.383872071106095
0.00385328539921733 0.184503320211329 0.0702079436861268 0.287073531166608 0.226369586372039 0.22799233316468
0.259580279600045 0.248763895477692 0.268495714874374 0.0990650772514644 0.0612046857453902 0.0628903470510343
0.0320037703451573 0.0919536585672955 0.345949276411629 0.0835312532453369 0.102258321626811 0.34430371980377
0.0430685775328434 0.114646020240259 0.363544835682691 0.138615032255118 0.289079555299887 0.0510459789892023
0.0471787482760633 0.120443740736618 0.34422559774884 0.358524283595609 0.000620733318907167 0.129006896323962
0.00311770781437544 0.170210369236101 0.0741332330862816 0.279090091364351 0.334363906252443 0.139084692246447
0.212095734748779 0.0600506689648696 0.105197117940354 0.288014701239184 0.0564990408118622 0.27814273629495
0.195238226664852 0.185484987310606 0.185656042908399 0.0652001937947466 0.323068749834323 0.0453517994870738
0.138696064909099 0.0424512450586445 0.298678355260534 0.118900836178233 0.119071142150946 0.282202356442543
0.01909690658603 0.245393470370925 0.232972073086991 0.152856591677498 0.157886822612829 0.191794135665727
0.0983908745771649 0.241944634828359 0.0291934969533408 0.0887924697491194 0.269805868595276 0.27187265529674
0.207031580755688 0.15754214572107 0.24824786348967 0.0197380708185095 0.223661737314849 0.143778601900213
0.023113482824787 0.106481630404131 0.0234089549859756 0.461416449032183 0.224589192214569 0.160990290538355
0.00519336932616876 0.0411491650555717 0.302359451675837 0.24980285534015 0.282909969011768 0.118585189590504
0.0713949595671879 0.235994835161337 0.0184317087898718 0.21631048786087 0.183195012602407 0.274672996018327
0.371420338730005 0.129286332728031 0.0745885501618234 0.0977460441172362 0.0706744531004165 0.256284281162488
0.255177505304158 0.218264933755111 0.0528178775192584 0.252391885006148 0.0795492841661299 0.141798514249194
0.135884243341158 0.0121939301295627 0.298976885908722 0.0745881294793617 0.317519252361135 0.160837558780061
0.0674986400387809 0.334541660512283 0.175917226691746 0.131954116749048 0.258395446369377 0.0316929096387643
0.103392572274567 0.0830000237461016 0.303822667213335 0.190632623471588 0.0436871513990717 0.275464961895337
0.0536411067925374 0.0309936910037243 0.212085508101565 0.333061909257363 0.259129829601658 0.111087955243151
0.262327278487692 0.0473389980547925 0.0987468101568819 0.166546255685391 0.223769953471651 0.201270704143591
0.234703933420554 0.0618764261102721 0.00722188100678275 0.282547068702515 0.199615977762883 0.214034712996993
0.169184529217509 0.114946645572415 0.181227509901131 0.141035622929273 0.18168251214119 0.211923180238482
0.261785672459089 0.0783925516889909 0.258706097487733 0.027057651826347 0.0967484875939535 0.277309538943887
0.14046302141822 0.114051963873425 0.116492285775317 0.107106857528713 0.298645999940776 0.22323987146355
0.0487532416619605 0.182542121284393 0.295123061090932 0.0596873355049984 0.22527207735706 0.188622163100657
0.307042740433441 0.0107886132423754 0.0302983927706758 0.0836452717110008 0.295866020214914 0.272358961627592
0.156526310271366 0.333031315710959 0.0818361874609947 0.0863323935981018 0.226435991488937 0.115837801469641
0.0938888238525544 0.18424004620272 0.264464366248107 0.131892838369396 0.0420061868473574 0.283507738479865
0.0310230739526638 0.0517660852278036 0.113613628032937 0.172950268135487 0.289145368561825 0.341501576089284
0.194421558446732 0.181401925421362 0.0842354614881522 0.212396775308032 0.0141410188667259 0.313403260468996
0.321326014356166 0.135196631312128 0.0533594278680138 0.131040472166518 0.118936517899163 0.24014093639801
0.215346975384612 0.0471363074063939 0.154844484816805 0.287123374788426 0.241864447610696 0.0536844099930677
0.210455118026452 0.124301847719025 0.345669793708892 0.0476160267559831 0.042871960912464 0.229085252877183
0.00559987962705316 0.381650818514391 0.032202485234682 0.240747092974741 0.0878207506046441 0.251978973044489
0.435234529275518 0.416143835635729 0.0404449554268333 0.0737411115297736 0.03320180959465 0.00123375853749677
0.0383363732290825 0.127101102206978 0.0741219086868291 0.16976250023792 0.290646540813745 0.300031574825446
0.263865825076237 0.238527105152299 0.118377055104581 0.185973259206429 0.172023710489053 0.0212330449714025
0.166292219466558 0.234441818747892 0.242567493515445 0.0787278152663289 0.187101047121737 0.0908696058820399
0.169626566353165 0.2046032312274 0.119027574550281 0.174482458305488 0.209422229345829 0.122837940217838
0.0707819337998642 0.197231207620136 0.334291484128792 0.0277516485712952 0.071700944244704 0.298242781635209
0.266284931863665 0.00132513742296095 0.314689435107737 0.32895735017508 0.0522813644468503 0.036461780983706
0.25225833669495 0.200192834707596 0.272210819518551 0.123280498480823 0.139440946905102 0.0126165636929783
0.200300337909471 0.0882477095749798 0.175799414035483 0.18085375395576 0.170051000904709 0.184747783619596
0.342825317885692 0.0430705400441596 0.0617823330569135 0.299563450064469 0.22382331036516 0.0289350485836059
0.122647746935541 0.170088549565476 0.165103333573114 0.10279621265117 0.228666718505742 0.210697438768958
0.0524738010806186 0.113667321383181 0.362671843489733 0.0859671304235872 0.383656012061122 0.00156389156175725
0.177993348960559 0.155918001475481 0.150439200601956 0.143453913209321 0.184678623520673 0.187516912232011
0.210001416842792 0.229983693680581 0.0830863575468099 0.175430076555076 0.0913562616232006 0.21014219375154
0.223099436381345 0.0784223812552814 0.305380616912481 0.117197068282769 0.0865057933190336 0.189394703849091
0.0729145961115673 0.225367190724532 0.0471212022634399 0.230536440427598 0.260357564239308 0.163703006233554
0.158847322205485 0.310552480758893 0.31906717150018 0.0491245449938274 0.0396460342505425 0.122762446291073
0.0824876410174115 0.32621702651197 0.0125756536455028 0.0110362258001018 0.1515664657639 0.416116987261114
0.0793223236489427 0.278644772542151 0.326673965360829 0.0322057508407069 0.090101186898095 0.193052000709275
0.186881518068986 0.1352568235318 0.0378494659031713 0.0249945614920409 0.284016454741761 0.331001176262241
0.00418232588637494 0.123842091379318 0.195894715454749 0.114781640463943 0.238833252036472 0.322465974779143
0.0844005610571305 0.189372437408277 0.22152605038617 0.135246897817194 0.318703269927878 0.0507507834033497
0.215996747702922 0.239850668188168 0.0606618210156639 0.123123022460673 0.218118926762498 0.142248813870074
0.119511244955207 0.0738919644662731 0.22209125648673 0.289534243316273 0.275523692660894 0.0194475981146224
0.163410042751609 0.156525198309851 0.177272966739777 0.187613083385611 0.172095486324887 0.143083222488266
0.0204934708742876 0.0739762096280694 0.186723874515953 0.106731351072564 0.312119870442379 0.299955223466747
0.0283432928119143 0.21560735867572 0.111523793797679 0.120821734435898 0.282734710952887 0.240969109325902
0.262472542470675 0.265168258547828 0.136668307671572 0.19104452339095 0.10346727593291 0.0411790919860648
0.160858036425008 0.225767742026851 0.152127670911614 0.199808455680106 0.241405091586713 0.0200330033697077
0.252494694237487 0.112268683515128 0.10443987472901 0.143175649222482 0.180547399325118 0.207073698970775
0.0736593515338144 0.276759851596007 0.172071155540791 0.199442310854307 0.183207561498121 0.0948597689769589
0.313111102597965 0.0372609538852512 0.0755114758592945 0.0893881849618737 0.108185663641789 0.376542619053826
0.0874790457082415 0.0902652326632037 0.238399450993121 0.229372856702899 0.29459566284629 0.0598877510862447
0.222327637763368 0.25788018368469 0.0228268831191541 0.0170656143674702 0.240638700179571 0.239260980885747
0.106646192844621 0.218625587387738 0.194726166028126 0.171493776007522 0.193996768436785 0.114511509295208
0.0387816156158588 0.151477778624729 0.429898385972304 0.252219773659311 0.042807642269453 0.0848148038583445
0.0677278737454546 0.00673616426902271 0.316098441066386 0.15433153635433 0.146622612213545 0.308483372351262
0.0875425706571754 0.0993085960949056 0.0614192246425658 0.364276815446972 0.000919158684422349 0.386533634473959
0.067676646411367 0.220474882566839 0.274759747492618 0.225561867884188 0.131072324644117 0.0804545310008716
0.0610852705526956 0.149416892934923 0.135717554165855 0.20866137249716 0.251279184547861 0.193839725301505
0.23604600265484 0.0605793002720115 0.166386589856868 0.204331888837474 0.161361614758033 0.171294603620773
0.0711709559107871 0.153594382616275 0.0939427996991928 0.0254358007144942 0.398707347830782 0.257148713228469
0.246459652308704 0.119613121024118 0.170545179168345 0.191768783823983 0.0765385705641486 0.195074693110702
0.212286192873078 0.301641765886587 0.0783446256698483 0.228893731480911 0.0710062023354594 0.107827481754116
0.0604801534765761 0.243305932304172 0.279342999849571 0.118807007717693 0.125001388536072 0.173062518115916
0.0519637993384071 0.0238658685138457 0.0693985634655399 0.0528931836231567 0.501073919365398 0.300804665693653
0.280706193120525 0.288337420815217 0.121990537714008 0.217736989280494 0.0580032128586727 0.0332256462110839
0.21536878979695 0.405690829541475 0.0436925757258048 0.0397571666784802 0.138060040499925 0.157430597757365
0.0631550400730681 0.14654772076201 0.182434825244153 0.221410487935469 0.182970062402296 0.203481863583005
0.0486374173482772 0.0384854378938688 0.182900362991517 0.327196406335203 0.261586892559909 0.141193482871225
0.289428916189796 0.20980271848778 0.111548474514511 0.0447119782866145 0.119883997181055 0.224623915340243
0.145470043416191 0.264609805727035 0.16434133574565 0.0416914479974793 0.110975710401033 0.272911656712613
0.0656387295402416 0.118564372994442 0.335716040648317 0.2772098289716 0.0184038451445349 0.184467182700865
0.207020805327798 0.087815989720391 0.22325187806603 0.232891399562604 0.0168225025564757 0.232197424766701
0.174146258106486 0.124107216318718 0.248330753455792 0.234382907549419 0.124530386619214 0.0945024779503713
0.217791134549105 0.169766191788583 0.0342356655372416 0.201938316558026 0.181688382827794 0.19458030873925
0.225283214155585 0.0941300529052749 0.202239713488393 0.0128392412362008 0.189053510415659 0.276454267798887
0.261456872497929 0.342287288709459 0.122103038852407 0.040385478891032 0.0653205374071511 0.168446783642022
0.247555009903341 0.196851405682662 0.197649286775267 0.0608380157148021 0.250500084150728 0.0466061977731993
0.0511063392526113 0.183522171237427 0.0692324552577361 0.296282747574313 0.3159555656669 0.0839007210110129
0.0734627034549043 0.256233738024953 0.120304339004167 0.0932574528402389 0.184898119742707 0.27184364693303
0.102743150744313 0.137434511646978 0.0764375707687438 0.266712477494619 0.0936339153587695 0.323038373986576
0.228041585603078 0.0441248336963403 0.0895202651328099 0.140798887311464 0.254515080568121 0.242999347688187
0.326816105731784 0.029577976629594 0.17035693287832 0.168524370961635 0.170232949615523 0.134491664183144
0.297832590326929 0.0443447201344168 0.285007069567652 0.104778101930119 0.00936481553899034 0.258672702501893
0.209391010652968 0.231230801036707 0.24421453857892 0.187838120462379 0.100115798857277 0.0272097304117493
0.348256345305226 0.035426837870354 0.214124237320582 0.164757464486871 0.0748009968047673 0.1626341182122
0.224766221145964 0.165736247284355 0.0355789383547255 0.166885600319255 0.265102579679275 0.141930413216426
0.216769927885113 0.209730301731378 0.272180435113453 0.0190673479769462 0.0180262731059462 0.264225714187164
0.149613405977078 0.0946627814312961 0.217568711092918 0.0526110384155899 0.286086049052573 0.199458014030544
0.184337911334699 0.184959780539529 0.265018749152194 0.0419820272395495 0.128023186739302 0.195678344994727
0.00779469500763439 0.21414477136238 0.0925371009485273 0.0549287664473421 0.383879858862905 0.246714807371211
0.130185327481129 0.290232083086209 0.250366393344425 0.0771796462956493 0.13019659299641 0.121839956796176
0.145016165805696 0.326982050401351 0.156953524491243 0.0577040553503783 0.107834105449061 0.20551009850227
0.115817743758283 0.108089102727192 0.316139330893445 0.311888370977517 0.147442820117161 0.000622631526402759
0.247875401874034 0.440215354258957 0.0406229556948723 0.133838053748129 0.0504634168704368 0.0869848175535712
0.0681223336943516 0.0752624783782954 0.303083439079143 0.0830067076850244 0.371900706201036 0.0986243349621492
0.232371944399141 0.0239916494239043 0.255009732091432 0.197714012448835 0.263982152341095 0.0269305092955928
0.26427953620551 0.0047613446450523 0.162114108181665 0.272467726638742 0.178383754435607 0.117993529893423
0.161521093497382 0.115353561501955 0.178836303598814 0.175181716818114 0.141736402138532 0.227370922445202
0.202634294960512 0.0100164983247416 0.296732782841029 0.168887148140309 0.17327920738404 0.148450068349367
0.0689725619086865 0.218542997879947 0.130715649047463 0.270835546879742 0.244519442102135 0.0664138021820267
0.0974935436351103 0.0185696678932576 0.27936889555469 0.265061782942165 0.050289847134583 0.289216262840194
0.286368015884407 0.0372690739297135 0.0811974256493035 0.0407986229606846 0.320288883636929 0.234077977938962
0.201108490022214 0.184392347929577 0.161073368575885 0.216559251092438 0.109586597753859 0.127279944626028
0.188686064675019 0.105341642232158 0.1488763229645 0.178006111496237 0.188820809105703 0.190269049526383
0.106743573780281 0.208449894580462 0.241499212738246 0.239777708884083 0.103193386859159 0.100336223157769
0.0627512835942209 0.27650105738338 0.239287357853669 0.036795001573845 0.081726552747892 0.302938746846993
0.0253735265533148 0.143123760034757 0.0525246545390303 0.186269790208021 0.179245391656541 0.413462877008335
0.165998803818103 0.330541284546987 0.140802902229192 0.145147103426765 0.127216949342015 0.0902929566369378
0.344166274095937 0.0865468321372172 0.0738312839472011 0.115161185414163 0.0884858258627746 0.291808598542707
0.0145449330537734 0.0190533545540176 0.105881573595845 0.31447866921028 0.361567381202841 0.184474088383243
0.236831031392231 0.146304440948035 0.133616747444608 0.0990168247310991 0.193195098416972 0.191035857067055
0.191782375146117 0.0198925774236234 0.148219589245288 0.175361520074297 0.43328585901886 0.0314580790918147
0.138028841680521 0.258019314182065 0.208955663463236 0.0685680271744962 0.131954478578059 0.194473674921622
0.210608020564472 0.193176796631544 0.0290032352214044 0.228473094857642 0.214902226586706 0.123836626138231
0.0465332656027962 0.26977887366909 0.120957811604351 0.276695351799409 0.076886626314285 0.209148071010069
0.0943098358451522 0.145707492296936 0.102303720189119 0.219224512088918 0.119104114145867 0.319350325434008
0.0753466762982745 0.0679790849217037 0.301892262782244 0.271691029824875 0.257947862763057 0.0251430834098465
0.151353030841217 0.218851210697118 0.275072538572403 0.0145642225948781 0.128867306914569 0.211291690379816
0.18947731111389 0.135859550704136 0.00992072861386318 0.145014902771633 0.206252238467097 0.31347526832938
0.256144461141133 0.0307449444101286 0.316908851310097 0.182822128174412 0.145362922261506 0.0680166927027246
0.0612089981571456 0.317593497170767 0.0222943664264808 0.22180686097588 0.176384777127028 0.200711500142698
0.258882917643953 0.172655583394183 0.225266493241498 0.0595641517918664 0.192868608503174 0.0907622454253256
0.214865576999228 0.188217190996408 0.193730428422552 0.186752718886102 0.0152644500228319 0.201169634672878
0.259207960872475 0.0990589125849356 0.213814702135051 0.226805036393541 0.0241725039940097 0.176940884019988
0.0550769743404955 0.22976079043224 0.113325367906898 0.182094678247177 0.178723544884594 0.241018644188596
0.0288848809712309 0.104387058334138 0.213298850701913 0.471768625343129 0.0659462068951587 0.11571437775443
0.249286185402834 0.0823979310402109 0.0505224612263496 0.169937634333408 0.273850555853916 0.174005232143281
0.0237538874684111 0.00795750227276386 0.157724834836244 0.0583128032309441 0.373984063616459 0.378266908575178
0.230305321266064 0.185519073473606 0.299141448489404 0.196036572227541 0.0441412695499804 0.044856314993405
0.0264635052639684 0.0861519586664884 0.214770078681601 0.339675453080257 0.159256829365361 0.173682174942324
0.0868768201276013 0.0796439119235798 0.115714256252406 0.372241294014783 0.168111823194209 0.177411894487421
0.129047111149884 0.133404550132015 0.34463948617647 0.163710658953154 0.201229983234642 0.0279682103538345
0.0546864449351183 0.225719671355318 0.0275485798087249 0.0270024255406687 0.330765054247276 0.334277824112894
0.031431111511398 0.287301143054048 0.127649157785318 0.0348910084679291 0.245416414592944 0.273311164588363
0.116701758545968 0.140260636421392 0.17517476960858 0.218415796018402 0.180380472265954 0.169066567139704
0.100051211870662 0.163931420436616 0.169748624201688 0.183724422444866 0.206058163496099 0.176486157550069
0.152803992513978 0.12360055659769 0.0253560077715885 0.259571461629095 0.125645714097917 0.313022267389732
0.355169739599747 0.166178953861083 0.133942184722007 0.158209930390414 0.00816497729542597 0.178334214131322
0.204411841968999 0.250502015804553 0.229439181752317 0.157940853329151 0.0554005051757218 0.102305601969257
0.197704512350569 0.210636687731885 0.0966082335689231 0.123710415004771 0.161120984708309 0.210219166635543
0.182564518302242 0.108283645422664 0.114282382011567 0.115518613870634 0.20548842656007 0.273862413832823
0.149107463723755 0.154422684629466 0.150943839678186 0.193739092575503 0.326948810600615 0.0248381087924746
0.276425922074504 0.188829268149059 0.135860190556643 0.12312152880651 0.111811846002385 0.1639512444109
0.233105771518163 0.0867305248565046 0.199524825287121 0.0104746827899069 0.225989617990599 0.244174577557705
0.295468122863957 0.257527969979148 0.0857254113174379 0.0660719048634318 0.0742629101014899 0.220943680874535
0.334462561026002 0.151236775136502 0.0946414806909245 0.285592244263501 0.110627579646085 0.0234393592369856
0.0168418798114052 0.0844135898738265 0.183099600110478 0.293288469362506 0.204756470333027 0.217599990508757
0.286334840603358 0.0998029552735702 0.0593358163054814 0.250999185118998 0.0830965954666404 0.220430607231952
0.176526790461316 0.342665821444446 0.207816376888467 0.224721430756151 0.00997334821234069 0.0382962322372797
0.300506188550111 0.276142129925722 0.0152653692578567 0.083494814399881 0.179921532662299 0.144669965204131
0.0398910777031224 0.0980447520580077 0.167297542002928 0.142171825627601 0.231210549831548 0.321384252776793
0.250139113763687 0.0925801914525441 0.101612355289173 0.277953590419548 0.152584989294889 0.125129759780158
0.0285212397380474 0.360315526398676 0.0775537031339759 0.0641960985769732 0.0668020359259473 0.40261139622638
0.15072177886005 0.136698127050779 0.0282968750614737 0.252071552708321 0.142770163245825 0.289441503073551
0.262024634302121 0.0264519288309555 0.13836345955894 0.0989162063905211 0.307050109061237 0.167193661856226
0.0134727054747751 0.368768263716186 0.316379750860156 0.219636904806093 0.00891048815120572 0.0728318869915844
0.246642296235533 0.0272043533723244 0.165600234913201 0.183453601357268 0.152083966095842 0.225015548025831
0.164776854073403 0.125919590741056 0.239827013840534 0.0111278890912113 0.135991450539265 0.322357201714532
0.0403139540438362 0.160119619611611 0.171490871332668 0.219992285364213 0.202643680330037 0.205439589317635
0.0182062376060931 0.269408109953424 0.0517478839011415 0.269300592904023 0.0414942975738697 0.349842878061449
0.135029418820372 0.164640794139783 0.375308252057939 0.0394850143858338 0.0623772413600401 0.223159279236032
0.0029340862758148 0.0444309915759707 0.334395986413278 0.083332046707404 0.437168512042213 0.0977383769853193
0.286213469438999 0.184131653837236 0.13403496027744 0.226944154631096 0.0417454013345986 0.12693036048063
0.188455264353468 0.215315361976798 0.103840448594894 0.110879362269103 0.158153441576947 0.22335612122879
0.132112756897752 0.149311626524246 0.150362633017598 0.225419052869745 0.213539979730791 0.129253950959868
0.129161213608467 0.0713618258014927 0.190292351191659 0.275703016591456 0.160225341318219 0.173256251488706
0.196999868674785 0.175062003878284 0.22465455190695 0.272364421752725 0.118785311467526 0.0121338423197303
0.252212305715726 0.15912080872049 0.129125409648345 0.0608027390472013 0.189834073004479 0.208904663863759
0.262590075954235 0.0124411152404472 0.150179466588049 0.0545087648290008 0.298064950704381 0.222215626683887
0.0477218522508668 0.060934676926477 0.142125303999101 0.155011111243445 0.396195023907982 0.198012031672128
0.0660793737342229 0.223027317969648 0.244147967344263 0.0677843015218464 0.0734328082195094 0.32552823121051
0.120907656049585 0.190832546598348 0.242521192016851 0.0891244810205815 0.195803757274135 0.1608103670405
0.0739537760930742 0.326914333690469 0.0546674936506824 0.282515834099446 0.242995501078116 0.0189530613882124
0.132311424532802 0.209869516033753 0.367631979821274 0.163205122477804 0.0374106383755009 0.0895713187588661
0.0658457787786941 0.513722202665318 0.105820004842 0.117959876478013 0.161945354542017 0.0347067826939579
0.149975852013516 0.285812945214936 0.0975971571491498 0.200820719191282 0.0361993678126583 0.229593958618457
0.277873422218133 0.000712065855079688 0.221156062689194 0.0962297125854687 0.220788307707976 0.183240428944149
0.207696931427226 0.221832473938126 0.132316678465942 0.0940760171546507 0.163840921412275 0.18023697760178
0.207821918016544 0.112445468452194 0.252375722248774 0.214273203051222 0.049642614371907 0.163441073859359
0.0435398103115452 0.43263120261338 0.162714725043071 0.0074956536753111 0.000771478055341615 0.352847130301351
0.229642864403208 0.209180328571319 0.0156881530408928 0.200950188870604 0.004387663941156 0.34015080117282
0.0850235279186312 0.0477507542003286 0.268104414246623 0.3102102545342 0.0329958817730313 0.255915167327186
0.142726580797174 0.153655447821473 0.195865720549839 0.0543298676062912 0.245304778684109 0.208117604541113
0.196435597266929 0.156777467667104 0.203669850146195 0.0344404875220947 0.171402318549886 0.237274278847792
0.205761944234435 0.208293926182118 0.0950773606101363 0.0766070473422215 0.21725988956402 0.196999832067069
0.30844731407614 0.0823703091548794 0.147917010164875 0.0982519457629581 0.0178226001204982 0.34519082072065
0.150441446272995 0.190778884040191 0.0119931435222457 0.0532369650880704 0.35373899686866 0.239810564207837
0.294754487202303 0.27986216178951 0.105628212054731 0.0716221011079981 0.175772266476733 0.0723607713687249
0.272328674889156 0.062114581192029 0.0705337146894706 0.255561642819501 0.173839122486453 0.165622263923391
0.140160497659557 0.154007047454253 0.0857024772031544 0.25069032774734 0.185612132346066 0.18382751758963
0.241342374231555 0.0344604474332346 0.21103220724244 0.0685367665903217 0.180285142850599 0.264343061651849
0.228532983046433 0.30892674515517 0.108346594233004 0.223226867644831 0.0253974308183954 0.105569379102167
0.0720473091986667 0.105966951111735 0.292634056765247 0.355627615296519 0.0136172009516967 0.160106866676135
0.251917639216769 0.0971182289914944 0.122230571705574 0.347985257974577 0.110647639517358 0.0701006625942271
0.238611302163821 0.0451501485013572 0.372103337695856 0.128447900961558 0.141494836568021 0.0741924741093861
0.287063929410981 0.128396784237998 0.0106277724327534 0.193956127672423 0.089127416053714 0.29082797019213
0.21471551546973 0.211280416552475 0.139429505371346 0.186368969654799 0.125384519042386 0.122821073909264
0.0593547996898849 0.252708294097959 0.165671709305107 0.246659846789608 0.0639391480301913 0.211666202087249
0.0470214887610644 0.136752643516348 0.278340400316968 0.175506355820751 0.104732962471961 0.257646149112909
0.268379683621898 0.197325048923609 0.212589704272615 0.178286700705087 0.0831874877025157 0.0602313747742755
0.210705098550728 0.316810120735855 0.0480612438581613 0.288015585387282 0.0615407597405693 0.074867191727405
0.204572702037105 0.179234713011438 0.175554306954441 0.196975732234667 0.164915526831663 0.0787470189306863
0.31437691934732 0.143664344257185 0.139764591163189 0.0991721046424391 0.030048902696214 0.272973137893652
0.10734075364881 0.218742309831345 0.0849844771971995 0.130571608460035 0.206976211616604 0.251384639246006
0.152473000495417 0.110109582599175 0.123056972555105 0.298184978802492 0.264640114670662 0.0515353508771489
0.0810599472985726 0.216079509254285 0.186340841006255 0.0729833059842182 0.264204337284925 0.179332059171744
0.0702047497849268 0.289458608351967 0.0167092517400335 0.378798825391588 0.0317854098619771 0.213043154869508
0.2259694438371 0.137594425691795 0.218064172828569 0.14948456080354 0.145307278342515 0.123580118496482
0.237555785566278 0.354319272527837 0.0528998715721574 0.026639621824398 0.0522374338301463 0.276348014679183
0.284985630643282 0.199182007908685 0.235358536930965 0.178061368097599 0.0882634136036729 0.0141490428157963
0.184122363603552 0.247438285425493 0.166790163229156 0.0646741593079782 0.282199896387628 0.054775132046192
0.153404247452302 0.124383717219583 0.129640037825004 0.382111809018779 0.0390290151685757 0.171431173315757
0.177219281150215 0.0570322475374975 0.0298405392733318 0.184834412793361 0.138459338907335 0.41261418033826
0.208995231014417 0.199094624619288 0.0514563315615293 0.2841440138379 0.0378836390998414 0.218426159867024
0.209155978946063 0.0446485532080227 0.0154268478972473 0.114271958801549 0.285882008599987 0.330614652547132
0.072317456447418 0.134948063988695 0.209539670078918 0.131720990450271 0.301130783295204 0.150343035739494
0.211359369491935 0.161321183567438 0.0697088083563136 0.261666392086007 0.106498698558647 0.18944554793966
0.361040232126354 0.104662267714658 0.195431768245635 0.159097128531864 0.0231344260394709 0.156634177342017
0.199637012379218 0.259583292031007 0.0526712506642738 0.205277106558064 0.220601801940115 0.0622295364273228
0.14497064459431 0.0868778608759616 0.208702497109171 0.140998973657074 0.210455667182886 0.207994356580598
0.0901245114422898 0.210865978738466 0.180405062169651 0.154258080676088 0.137176439057378 0.227169927916128
0.217175207031102 0.209043576950434 0.153057190109481 0.203621330784693 0.0662894249130969 0.150813270211193
0.187181726195232 0.139199044087529 0.221325704784885 0.072519391156968 0.161103147649101 0.218670986126285
0.435726470856868 0.172458447595337 0.0369689170919112 0.104016705031025 0.159387418062167 0.091442041362692
0.189455401955637 0.228869150940909 0.186507981820967 0.182933593411924 0.008238729521492 0.203995142349071
0.0550106017466897 0.165079231027741 0.0766717627929117 0.263990481242347 0.251914049563278 0.187333873627032
0.187189257102402 0.141733239025646 0.228482256882042 0.163150352015422 0.112503888576609 0.166941006397879
0.0205221614549549 0.417917198575806 0.0203621787772388 0.227723034069829 0.287865004888424 0.0256104222337469
0.0860847790109119 0.0740375853955268 0.374640194383268 0.133215200283029 0.244301340985311 0.0877208999419527
0.0167127241802718 0.100340334388147 0.0225549170713229 0.184455236965825 0.246296977404835 0.429639809989597
0.0750573625041233 0.241832211756247 0.230822575248393 0.220843433727564 0.139317252904461 0.0921271638592116
0.0649943329025056 0.0649376152732454 0.225586561514519 0.274411587332993 0.0768808719974781 0.29318903097926
0.0989452966725067 0.257560008039434 0.0376307242331315 0.230453881723335 0.0736446145757577 0.301765474755835
0.19934213991295 0.202186944565455 0.0935098275340656 0.0816086804979756 0.232159866642125 0.191192540847429
0.0512139494584639 0.12708599032476 0.314296552943431 0.0991080698011236 0.286325902004839 0.121969535467382
0.0273075343424009 0.0360624810371521 0.0881425140869867 0.256844806310359 0.0941089479211954 0.497533716301906
0.137245915075082 0.0922723281759186 0.241990273569517 0.0469519860973491 0.347191318457939 0.134348178624195
0.0313079205186586 0.281305977238752 0.531956344777494 0.0124169357547654 0.137675965284172 0.00533685642615769
0.267363692071439 0.333302877034331 0.0536680947428569 0.0418579011937717 0.130440673090221 0.17336676186738
0.290047629089288 0.278261996992585 0.0647262872214742 0.0138724701223097 0.227730283413587 0.125361333160756
0.222742592140038 0.0860943429779366 0.154473099758917 0.143918045805791 0.182280122264822 0.210491797052495
0.0909697165519761 0.283467757130654 0.287765148518148 0.259138094501574 0.0754065307997205 0.00325275249792724
0.176558597199233 0.252361699850739 0.187744469382188 0.0512805263834342 0.0737728793716459 0.25828182781276
0.225443508159802 0.186886166388338 0.185076666410082 0.103358188186913 0.249434306609276 0.0498011642455893
0.216382860500586 0.207596387474317 0.148699267580495 0.171154193061708 0.179514321389632 0.0766529699932622
0.0351703797485037 0.31197618090824 0.25203584708196 0.0415712430105016 0.145947543248172 0.213298806002623
0.230494555966098 0.163448319031162 0.182447286037791 0.134519467434553 0.101939977936575 0.187150393593822
0.179319096851763 0.186774484640169 0.178908039125005 0.143562984301106 0.146543376245808 0.164892018836149
0.3289498046566 0.124903299491823 0.289290647954306 0.214329401071494 0.0338120194945671 0.00871482733120961
0.132337051828819 0.144564041156103 0.196387789740729 0.323431250882447 0.114891859262701 0.0883880071292028
0.220380407184894 0.176214269777914 0.108970982083713 0.283268531762462 0.0610266983825661 0.150139110808451
0.00789396793352175 0.210992413734999 0.323500937912683 0.0775497552166154 0.285299159894141 0.0947637653080402
0.28183867638701 0.107733390977316 0.277874349415845 0.0304206197113821 0.167685682915011 0.134447280593436
0.111635988053216 0.217059962331558 0.139037436520055 0.11580184774439 0.290826371299119 0.125638394051663
0.292313322560055 0.0643569068815155 0.0815656406052866 0.389256198163953 0.145675108246902 0.0268328235422881
0.261233929308738 0.0533534957341433 0.291326745184712 0.0653954923966787 0.306461420289329 0.0222289170863989
0.558117318332093 0.0499726717903947 0.0241422128106576 0.0261952408728215 0.0602109017292125 0.281361654464821
0.216833880761661 0.223302480177951 0.276061780097968 0.0757323830374277 0.0488172497113396 0.159252226213653
0.218463728846914 0.0559600263554739 0.186205641585305 0.1500614548641 0.159132656798581 0.230176491549626
0.128188700926432 0.127405778879692 0.1340530369187 0.0702577638472023 0.284248275223308 0.255846444204666
0.121683967101921 0.383676181773079 0.167388427474215 0.024448431521237 0.22978520527807 0.0730177868514788
0.135728885705004 0.292082822104361 0.0234535668983345 0.133391615940985 0.222334839506928 0.193008269844386
0.198224497279498 0.190508919550554 0.192975495712989 0.0200927406204442 0.242451608678578 0.155746738157937
0.324998048439824 0.209947484116316 0.313923365468562 0.0371860422476754 0.0123516701974033 0.101593389530219
0.259908409193732 0.251703858407111 0.216621289609271 0.106206084394541 0.0198610599667215 0.145699298428623
0.439830245269646 0.125514514405389 0.0242751128452401 0.0811011094771936 0.224150569758827 0.105128448243705
0.261035027315993 0.118396146613703 0.0462388222195649 0.238009965363662 0.182201011232983 0.154119027254094
0.235686336010416 0.269684735409072 0.210046934278318 0.189381101802503 0.00878745219232212 0.0864134403073691
0.170677530004302 0.0287841881916429 0.286835244581789 0.0820568693041687 0.193249089790431 0.238397078127665
0.241411588206911 0.252870369902974 0.00614231900105243 0.238172638063853 0.118205423100881 0.143197661724327
0.208660747820929 0.203512864912623 0.201174177923127 0.0869851999872956 0.134437427644551 0.165229581711475
0.193162638534378 0.115457765455706 0.171491349189883 0.196312483696956 0.165411485636934 0.158164277486143
0.0867285955928522 0.0988278740769785 0.148562861631699 0.192009406467494 0.295923423587932 0.177947838643044
0.119174101601585 0.371061081821687 0.298662650765858 0.0900082573802821 0.0499431029258645 0.0711508055047235
0.0914746693459161 0.054919533159519 0.258339469513406 0.146019752589888 0.330503004581345 0.118743570809926
0.231920906120784 0.208988625206433 0.0509199970777211 0.204220794857174 0.0479806222591617 0.255969054478726
0.0134551177159328 0.0653978786206643 0.337394777929037 0.100982009107218 0.260529317039151 0.222240899587997
0.256684583062155 0.070756811120212 0.214159387015201 0.288218364982842 0.128731891717838 0.0414489621017527
0.138650170452845 0.0124539682889217 0.0291811230073463 0.328655719272017 0.285702167422314 0.205356851556556
0.344518561736796 0.250230244295523 0.0057056888033221 0.0612417325881869 0.18371677126408 0.154587001312091
0.20764017607867 0.104360511568513 0.264812161936246 0.112134561769632 0.0433252699065052 0.267727318740434
0.213555817597417 0.244501160003804 0.0725984026922121 0.109687573784639 0.123556571569982 0.236100474351945
0.0841311726744702 0.0832909060817282 0.288019625343777 0.0900100371843988 0.299929322686729 0.154618936028896
0.269800151234167 0.0178151444496078 0.109710732084527 0.239937742359314 0.29650273025012 0.0662334996222636
0.191905901660721 0.155290304110076 0.207799337031581 0.22247404307299 0.0166440602560811 0.205886353868551
0.280447382966324 0.0664137633195454 0.0135122810031428 0.187594829740893 0.202835415078298 0.249196327891797
0.371168698406973 0.272821437714884 0.170576628196893 0.0217342708984229 0.0717715649269367 0.0919273998558905
0.268343287890868 0.00333999177490368 0.245965473689585 0.150748566422842 0.181122679567209 0.150480000654592
0.241097975531492 0.330325661940881 0.192915985119259 0.0499491351285599 0.0433085572645463 0.142402685015262
0.134577347349112 0.33670413259306 0.028132240518388 0.12604924471554 0.140175671778767 0.234361363045132
0.03575372188604 0.311100174191721 0.080182440975476 0.231442427688786 0.0251924188102048 0.316328816447772
0.0121185784116627 0.0608027178059717 0.221686201809126 0.225356441597862 0.212990529290992 0.267045531084385
0.0626311554119816 0.0255528966520796 0.334913252794503 0.318039523066157 0.185614058626739 0.0732491134485409
0.0303074411551616 0.0795753062417368 0.205025282879662 0.240680470805582 0.30642652478871 0.137984974129147
0.101928728083235 0.26262446096653 0.187549867296591 0.121407803016553 0.237343886130182 0.0891452545069078
0.234015812812269 0.294480914810339 0.0623982058944808 0.183420020724819 0.208523335074138 0.0171617106839541
0.0306303490027524 0.297642756311732 0.134093970319204 0.272254488905264 0.238846628250627 0.0265318072104198
0.297423918590605 0.00639016256949926 0.207370457325797 0.126494178895828 0.302523133836699 0.0597981487815731
0.137531300063285 0.184611500278011 0.0862581187173863 0.159259474178277 0.178723010267276 0.253616596495764
0.0769368843253533 0.0810836050138234 0.0591385031840514 0.279438366159472 0.0585091483677505 0.44489349294955
0.0675643385275912 0.200248316327806 0.204196584660071 0.193455132256083 0.185356327304251 0.149179300924197
0.0902717109050425 0.269670332374748 0.324477069985773 0.0436321952167222 0.0253932024976873 0.246555489020027
0.134996256793268 0.149297367238239 0.286195703319046 0.140431653256366 0.135854583987162 0.153224435405919
0.295036418802437 0.0341367390248184 0.155190244980175 0.104555312198375 0.236136024612206 0.17494526038199
0.143341018721369 0.228375301166364 0.160692254144738 0.0568231586655755 0.199363546554356 0.211404720747598
0.290246758056984 0.0279895824165149 0.116278223011551 0.219204883839391 0.0565884542370339 0.289692098438526
0.126441659439221 0.0710322640608496 0.216831741897543 0.160912990942829 0.18317028189505 0.241611061764507
0.267575505526653 0.25464405474662 0.201282158647965 0.168560624355271 0.073881655201961 0.0340560015215299
