0.36591336133525 0.207484854765961 0.0531729943843239 0.251539335289102 0.121889454225363
0.311768331131456 0.210781219117156 0.0372258686731065 0.365466541006584 0.0747580400716985
0.455621453533425 0.212524418460601 0.0467455610632386 0.0842532978171747 0.200855269125561
0.0230327345902465 0.14270681335821 0.462599219283576 0.0703323968847023 0.301328835883265
0.211697466109328 0.322015916011025 0.129507916344997 0.21476276961446 0.122015931920191
0.286681830591462 0.269803770921495 0.201205463470159 0.133840492315632 0.108468442701252
0.257092156914139 0.118496644524702 0.368791191501248 0.0170210751385818 0.23859893192133
0.200892420808441 0.331291061319145 0.00979374097687928 0.0973563818204814 0.360666395075053
0.305909695295072 0.093660234504933 0.288653483018857 0.272856600321813 0.0389199868593254
0.170168554731424 0.0740092115437759 0.335595044241434 0.370712124006605 0.0495150654767616
0.0898111897298065 0.0593920114532091 0.297509994345241 0.2701783252841 0.283108479187643
0.060497945363496 0.210414029820269 0.254742968743562 0.216710387883838 0.257634668188834
0.0651740247857977 0.333153622308405 0.122844357822003 0.251227826643057 0.227600168440737
0.35456157417666 0.17618805805888 0.0450827622911702 0.301716943606001 0.122450661867289
0.216052380228707 0.206089355112513 0.345691164178659 0.0915841187366982 0.140582981743423
0.359906456520825 0.271223695282205 0.28896044216244 0.0351200023761985 0.0447894036583304
0.130276257218307 0.432659246003146 0.00453433423911922 0.34157181315931 0.0909583493801181
0.351630122914663 0.242341218165142 0.0284986158112402 0.340433354363697 0.0370966887452567
0.181611711950128 0.162811760096471 0.356625446500976 0.0997442085121982 0.199206872940226
0.30236771217249 0.290484492882306 0.188248009433837 0.00937972949501909 0.209520056016348
0.28751369333947 0.295672622951549 0.0211746705864705 0.0639778314335289 0.331661181688982
0.0153168133312994 0.403513136944005 0.0246612836769446 0.440770923943436 0.115737842104315
0.148345326719441 0.186619139451355 0.268764335824737 0.266649199084326 0.129621998920142
0.0383482966856408 0.349931677008853 0.130859576038641 0.397841230745 0.0830192195218649
0.290943155158533 0.0799357838717707 0.321542531674663 0.0637970739590918 0.243781455335942
0.212376868299864 0.246948370034846 0.0463730785168624 0.194290655445126 0.300011027703301
0.100501091373429 0.164522258314897 0.288213302699702 0.237288280074478 0.209475067537495
0.256367955821724 0.222800503050076 0.30102150070563 0.0159330875711386 0.203876952851431
0.109436285523936 0.00488477843278638 0.412835298588198 0.233143546419133 0.239700091035946
0.395200786536322 0.239674984308032 0.116380637136034 0.184139601656016 0.0646039903635963
0.290025740923401 0.0176349147517001 0.0765106730626788 0.299413376935457 0.316415294326763
0.136624302737944 0.268303397103615 0.000179250578570624 0.260385293604549 0.334507755975321
0.201685879199156 0.235945235095345 0.230237008108758 0.175112209533844 0.157019668062897
0.0854874479295158 0.268056163855162 0.3787690730625 0.137081843593487 0.130605471559335
0.242838502838937 0.236217003583104 0.0661716084403708 0.224138437068995 0.230634448068593
0.0829708529773084 0.022333048868913 0.318296231518803 0.266411000598134 0.309988866036842
0.0492530746685569 0.274956428442867 0.159961753849174 0.114936879624582 0.400891863414819
0.405035038108245 0.202215291755529 0.157221807423937 0.0415179881689672 0.194009874543322
0.346586019273611 0.203930836543613 0.276389331881544 0.119644036172351 0.0534497761288806
0.250982171003077 0.322639355820528 0.1176292045066 0.0832926599917584 0.225456608678037
0.210186088089572 0.302362747635943 0.090603871477537 0.177043506877018 0.21980378591993
0.134440523882841 0.165034640544253 0.0423380284452635 0.332983052814006 0.325203754313638
0.284523869021695 0.216685014468366 0.133973013560852 0.077852476553397 0.28696562639569
0.144461472389659 0.199816963830271 0.274504152640744 0.260145086528577 0.121072324610749
0.234829361934098 0.375620113930922 0.317080426686868 0.00852490166962026 0.063945195778492
0.381467655659829 0.0609166346516243 0.236263324005718 0.205229497831618 0.11612288785121
0.283389564270197 0.0978090763820715 0.106919639263934 0.191346925609459 0.320534794474339
0.105195036878775 0.255595973478114 0.159973214365427 0.250375474164633 0.228860301113051
0.0758024085355478 0.260339191814769 0.232952265264839 0.325312306784341 0.105593827600503
0.0134338171222222 0.361283794537141 0.441342333541431 0.0822547432853261 0.10168531151388
0.403307314707401 0.0360048664761318 0.333971618516166 0.200719618769237 0.0259965815310639
0.274460651752114 0.372828614563079 0.235380915932102 0.0636233817139153 0.0537064360387896
0.242691182724612 0.0962379674120821 0.110554009456846 0.448908323787027 0.101608516619434
0.184263719433655 0.228373212612332 0.197942022907544 0.00148402034800693 0.387937024698462
0.356439743294784 0.0680775987202837 0.154870203301329 0.180603636317827 0.240008818365777
0.0220252232680153 0.137442593482993 0.276907556825238 0.513411861928825 0.0502127644949293
0.24382708029078 0.330126724202563 0.170770852660116 0.0902195750227348 0.165055767823806
0.15228253056551 0.190007062974004 0.255708150532877 0.178823839101009 0.2231784168266
0.0872332117242231 0.221366003585604 0.168348885809635 0.206509565105873 0.316542333774665
0.24043997291142 0.224639112273285 0.186717202207243 0.242542750328574 0.105660962279479
0.0892237955020836 0.240005280883624 0.0936563589981774 0.296579596413161 0.280534968202954
0.201565405138664 0.219957964657788 0.267915221526142 0.293219048345504 0.0173423603319018
0.218106589400327 0.255188370828478 0.0952325136351129 0.165663186074364 0.265809340061718
0.357780021676898 0.0156503368876102 0.297865526583472 0.234325627218047 0.0943784876339731
0.16762684529662 0.316942155557092 0.0499065692098653 0.225391443671659 0.240132986264764
0.121971964953494 0.242423618039912 0.0641520781703701 0.331482668973627 0.239969669862596
0.328331028734062 0.200327005347947 0.263995814129558 0.14233970901978 0.0650064427686536
0.199510889224769 0.312052674131653 0.271676203832031 0.0969939348930485 0.119766297918499
0.137997487661641 0.344132535783258 0.0657775258317282 0.19600690157479 0.256085549148582
0.113982457489574 0.0824640710241973 0.425580696240237 0.309880807302104 0.0680919679438878
0.0136410366188905 0.298034281120382 0.0590750097937573 0.36786950345661 0.26138016901036
0.128618251877488 0.206688354416905 0.264100854034321 0.215622260658502 0.184970279012784
0.429680618127079 0.145921747289154 0.0110715578244983 0.387536194433606 0.0257898823256629
0.171912809991358 0.156527774956164 0.117035496348653 0.553297239287657 0.00122667941616836
0.373233572335769 0.0757213193920004 0.21351353710438 0.0113771391433148 0.326154432024536
0.310802679024668 0.119681161948814 0.0407931687626558 0.306034081929299 0.222688908334563
0.201580103882193 0.166168937348388 0.27450487979242 0.169867964107925 0.187878114869074
0.210009301945843 0.179064516056955 0.201842992305196 0.199453925642936 0.209629264049069
0.322976663595352 0.0645887664638197 0.369803812989251 0.0364184238644064 0.206212333087171
0.303988182754149 0.0406668123488754 0.296269350620218 0.134379052943293 0.224696601333464
0.00612121467928449 0.143119713631938 0.156362790107591 0.217255003991848 0.477141277589338
0.0217981324224539 0.00776645944647481 0.398200431805331 0.229048902105587 0.343186074220153
0.0825201367784295 0.333968233048164 0.0372646949745771 0.341476250420662 0.204770684778168
0.137238027007512 0.0765599711051986 0.349245368635444 0.252994001654674 0.183962631597171
0.174340100134434 0.476328367342828 0.191463707987603 0.0253338069994254 0.13253401753571
0.217369397703047 0.225605497256495 0.364528424583277 0.141835551266124 0.0506611291910577
0.176472151554374 0.234432271669908 0.218280895539513 0.184124681709479 0.186689999526726
0.237839694197503 0.357855357530049 0.213523874087685 0.0923472878460906 0.0984337863386731
0.0921062549731216 0.233945737787539 0.0467198540703761 0.301233290870288 0.325994862298676
0.242614785103954 0.0473825705632829 0.432065004251653 0.157442988867141 0.120494651213969
0.018872791371576 0.207071872233673 0.162431423847969 0.281572162217433 0.330051750329348
0.312448945670258 0.186808545807215 0.287620520766259 0.203732091663948 0.00938989609231991
0.332595336569517 0.152176742505295 0.240128746851618 0.0618591665042474 0.213240007569322
0.20591633704681 0.211530258964626 0.137616174549921 0.162458539983725 0.282478689454919
0.135710056047479 0.226956151452928 0.249455583909562 0.0858347948581793 0.302043413731853
0.214543751703295 0.0524349182552493 0.0962778975004318 0.189208755720805 0.447534676820218
0.12890148830758 0.375071100741339 0.294581353952927 0.0576134530775234 0.14383260392063
0.0643589493674555 0.0597656702379662 0.355933650621122 0.10860916193387 0.411332567839586
0.41816695639365 0.0433298314144045 0.0263308148377512 0.461394396341786 0.0507780010124083
0.159980663946531 0.26435419843204 0.0439457405601003 0.409438981287698 0.12228041577363
0.170662974819088 0.390346136173653 0.0652411167801675 0.224527761422261 0.149222010804831
0.243881901689222 0.0333812397178006 0.293017891389076 0.181098473060346 0.248620494143555
0.168334639465889 0.196255905019541 0.202430499329111 0.188599540570614 0.244379415614846
0.381585053073275 0.137579193387347 0.16806292209707 0.128430748339112 0.184342083103196
0.176536913668011 0.236748055153764 0.000617153678895086 0.171441263773857 0.414656613725473
0.0516824919292265 0.492770649228343 0.0609735590693058 0.310920931228425 0.0836523685446993
0.0697812613550391 0.304827536815448 0.193633339216675 0.327495675927752 0.104262186685085
0.0420995995556391 0.171010341590476 0.5767922389758 0.0124960982029332 0.197601721675152
0.371793708948255 0.0132820727848208 0.153408797600101 0.282856945715895 0.178658474950928
0.212969438338561 0.207658694524477 0.160969279293981 0.204847867104302 0.21355472073868
0.0190395386219424 0.244134828771551 0.360706548495181 0.242333545452812 0.133785538658514
0.270370287131537 0.266459359504354 0.0564396541775902 0.118971381118802 0.287759318067717
0.150985167338079 0.164404740307064 0.326502007880896 0.129259853991568 0.228848230482392
0.267016992045169 0.255978111584824 0.23656039889552 0.141950763341338 0.0984937341331488
0.277526074481391 0.242094094410572 0.0866443932950434 0.293546755641918 0.100188682171075
0.315484861514574 0.265491164062088 0.131697239494617 0.11596406879594 0.171362666132782
0.306628810237238 0.235506035868091 0.201641612667589 0.148124239973299 0.108099301253783
0.180784968232435 0.27879393761651 0.162431336430333 0.216048994521359 0.161940763199364
0.173630412290099 0.151685704881324 0.184105964996425 0.227811518147669 0.262766399684483
0.0724958950824156 0.358030185714775 0.273794369670956 0.253522625313237 0.0421569242186168
0.0362592058546966 0.301220694565822 0.217489075901886 0.158055533981925 0.286975489695671
0.299900133269132 0.255638059088027 0.319699500938581 0.119245393564174 0.00551691314008473
0.169766579267724 0.0447549152298545 0.018105631855305 0.164742292946489 0.602630580700628
0.20331857303998 0.0741206254116564 0.291262677135708 0.307300148950626 0.123997975462029
0.0237160330432416 0.370369449529312 0.332087005656077 0.139475920634052 0.134351591137317
0.399138868676913 0.0252182490267245 0.135100366521912 0.270556706672805 0.169985809101644
0.0297853056746048 0.363776842866134 0.0730861354830349 0.269580907879308 0.263770808096918
0.0223994275979957 0.448047608219897 0.235216859132518 0.112193222680724 0.182142882368865
0.202783042701988 0.221425675330197 0.194583192750008 0.319016216212487 0.0621918730053203
0.296058592863035 0.324106163151681 0.0939717540187779 0.28068852979974 0.00517496016676526
0.078289183278694 0.409369738843257 0.292133261024374 0.206560777177946 0.0136470396757291
0.0538009721068044 0.436500410180879 0.00800084196241215 0.308597054187724 0.19310072156218
0.197605798081045 0.444908906021376 0.0213624670152097 0.1602758323564 0.175846996525969
0.123478944526354 0.302852385439642 0.00149129268122079 0.231647807386461 0.340529569966323
0.434207215431163 0.0774944829568942 0.0863836786730797 0.00744032952713532 0.394474293411728
0.158452782913106 0.18512170524109 0.309381115508417 0.0296783855129642 0.317366010824422
0.0700531832320136 0.358104314314611 0.079869549402108 0.272497274601356 0.219475678449911
0.404373209419463 0.130491842663975 0.0705845699392247 0.0533123780248833 0.341237999952455
0.308687064877371 0.170452692775061 0.103374578285744 0.261248323776602 0.156237340285222
0.341794448434324 0.167433540820241 0.0214034904366061 0.136309563865564 0.333058956443265
0.342819763413587 0.0516078334208367 0.137222466152482 0.186042281475022 0.282307655538072
0.178768466605318 0.149606084353197 0.0853432662605513 0.153284763768195 0.432997419012738
0.113543251639628 0.204467926461452 0.113595914772041 0.302009120933282 0.266383786193597
0.211320800416382 0.285860117568784 0.270798502017486 0.0622900240619802 0.169730555935368
0.171356755352444 0.177830659001185 0.249414344777454 0.171008207005165 0.230390033863752
0.188294810479144 0.279271806134953 0.050515453489148 0.304414993974704 0.177502935922051
0.18554496260169 0.0248702855964437 0.2675042623896 0.164279716023604 0.357800773388662
0.0159157747470624 0.303363389614603 0.143802454231377 0.253924949334341 0.282993432072618
0.375265899717813 0.0412686602162345 0.183313812256612 0.131496318067247 0.268655309742093
0.146810802151085 0.248294697951971 0.23145642562131 0.134557288624723 0.238880785650911
0.262104479620855 0.299845503775491 0.0461321336228716 0.191689943878204 0.200227939102578
0.251615723095533 0.309168999440336 0.141806063470745 0.232266593754308 0.0651426202390777
0.0838439005242221 0.0827033348358849 0.00399129876750118 0.47657173234819 0.352889733524202
0.21406489900018 0.205407001919649 0.21602713408673 0.0554766469235709 0.30902431806987
0.0652338468870296 0.229788445295197 0.251435210795716 0.0962674437707371 0.35727505325132
0.219101974576339 0.124258267505194 0.306927198255594 0.177742331762339 0.171970227900533
0.11908198841514 0.165237789732769 0.209588085291182 0.348026086781226 0.158066049779684
0.137994233207746 0.31580866718609 0.0219102669722528 0.268192278785104 0.256094553848807
0.0648770407826555 0.165173281768944 0.340876144263608 0.139424910558163 0.289648622626629
0.194260590537467 0.325024321074838 0.0945322039423726 0.106635468168364 0.279547416276959
0.00565668911566333 0.21237121463152 0.273257936061308 0.487097148874133 0.0216170113173751
0.441562504174719 0.10456379035725 0.0372748249982501 0.00930754844657775 0.407291332023203
0.0885337889050163 0.348454451581911 0.479885200069 0.055092848527018 0.0280337109170551
0.0829500949268853 0.412211981617228 0.352444993299089 0.0393404143378717 0.113052515818925
0.389379109783998 0.0650686329654289 0.409101852965416 0.0968812863773172 0.0395691179078398
0.220480999418122 0.0903370548148666 0.214310065261315 0.280927343341674 0.193944537164022
0.362790696910399 0.0901522731334187 0.16174152027231 0.0591059423572725 0.3262095673266
0.281329138380736 0.349277626348168 0.1414280346967 0.0136718398340135 0.214293360740383
0.135204129016062 0.199276310986525 0.0277355841109952 0.30546863255204 0.332315343334378
0.255586522938712 0.304261324116293 0.162626935688142 0.159079418074374 0.118445799182479
0.202780632600528 0.0683620215942751 0.0769433184050347 0.342045645142115 0.309868382258048
0.270700659698164 0.015724949091475 0.239785898748028 0.12670085313131 0.347087639331023
0.167191384191256 0.165224217856873 0.167558728417984 0.0366440755900011 0.463381593943886
0.294917861738705 0.204181181793919 0.0542011183557507 0.130523179002737 0.316176659108888
0.177480262728968 0.241359021020781 0.180736705717728 0.324030637594701 0.0763933729378229
0.0973903021773877 0.326893119536348 0.149069201630756 0.127329887979332 0.299317488676176
0.0812226520319028 0.0801266147964563 0.257542009780448 0.369215692266157 0.211893031125037
0.0802777270919411 0.336337519472161 0.290902683901097 0.135218076166313 0.157263993368488
0.185359577534357 0.264176184015011 0.0480156661997467 0.174456488739058 0.327992083511828
0.0861945179840976 0.212347739524126 0.0926001861032976 0.329283721254418 0.279573835134061
0.183418358474298 0.243399500157968 0.101255328317184 0.228867486149097 0.243059326901453
0.0542235344199445 0.33272146845908 0.0513278639783433 0.258350483284814 0.303376649857818
0.240388887616976 0.36375558965165 0.105350064081077 0.0622039274850593 0.228301531165238
0.136672012762932 0.141970271112883 0.245091464799055 0.11255767789707 0.36370857342806
0.415044955025862 0.00194515791283167 0.0542681921247637 0.176378914301491 0.352362780635052
0.292964580864261 0.304652757792928 0.0738410996350702 0.0401886194703636 0.288352942237378
0.134052633168684 0.0969666632767441 0.345137154183302 0.0757268284877528 0.348116720883518
0.33290774899288 0.26517939767552 0.0468562594896702 0.135655378640479 0.219401215201451
0.0822294775989883 0.431711204014381 0.268068931311048 0.18221207875969 0.0357783083158924
0.0465926585452388 0.269130493899363 0.179808298886523 0.247985507919859 0.256483040749017
0.119972197998691 0.0122764880721852 0.285591447728003 0.53278192357107 0.0493779426300509
0.26809477212024 0.226719070829554 0.0985759338564422 0.152925587092065 0.253684636101698
0.231323435336067 0.0887365879017314 0.195383197316496 0.136654500930447 0.347902278515258
0.247661790787356 0.0586160173939335 0.0790833176524529 0.276800224472396 0.337838649693862
0.123776310764677 0.296375790602708 0.306745421928143 0.239571754239892 0.0335307224645797
0.241351377444781 0.0737575979421817 0.0441005331561458 0.327146590938911 0.31364390051798
0.363638824405501 0.11323100802074 0.115343973589715 0.257960843192776 0.149825350791268
0.168976149673095 0.383597184510364 0.171699606593848 0.274417230011376 0.0013098292113173
0.244599612567202 0.0781820799514873 0.330190431662717 0.3138871242435 0.0331407515750931
0.295724585316678 0.278714778303453 0.0462779824198295 0.153688008347697 0.225594645612343
