0.050214905277034 0.0806271070171514 0.00688966334199152 0.244559093086551 0.377927461252641 0.139397536341148 0.100384233683483
0.191215039378705 0.144718172933865 0.137517743801858 0.072679499788643 0.257987259024089 0.153689034682004 0.0421932503908366
0.242061067087522 0.16821151068188 0.0614044095027818 0.236506891118137 0.0674310518968244 0.182738512619554 0.0416465570932996
0.18194767712156 0.0330056952809477 0.0655115816479182 0.152773320326256 0.187634913902488 0.226766331638883 0.152360480081948
0.142245649846812 0.202387729506467 0.222176082336355 0.0358390361396428 0.145804449652256 0.209842663287974 0.0417043892304931
0.129277607358737 0.0280134256386458 0.199611002726767 0.117821514670416 0.233977714889305 0.185992985584248 0.105305749131882
0.127122166738909 0.14456122231419 0.228785035095521 0.0856551245762858 0.175186660434715 0.220726126211386 0.0179636646289925
0.0431574674335153 0.106211163011201 0.0538263023168096 0.232316500974486 0.230646695043409 0.148942499215857 0.184899372004722
0.0822486917409402 0.010361452185813 0.191030552961814 0.0611578825708045 0.237433381788968 0.328525863358728 0.0892421753929316
0.188714157479381 0.0308638238172301 0.101558909858358 0.153562987674803 0.17796334649683 0.091683508185966 0.255653266487431
0.160135791185236 0.148594394031249 0.218913310668048 0.153730503795192 0.080246461948145 0.149423794351024 0.088955744021106
0.228631194629116 0.109775539423932 0.118474051177963 0.192555563197871 0.165435050075582 0.00650481458816221 0.178623786907374
0.0630572238816249 0.0780000449229193 0.10904719265261 0.0550295751744482 0.451410427242329 0.200570361736848 0.0428851743892208
0.0555130465605468 0.0946964296822874 0.181626100451688 0.236458220293871 0.122803736255211 0.0799989733761132 0.228903493380284
0.210082642236173 0.309204494873121 0.185561877200831 0.0602571479967615 0.127170943081551 0.0204908939052801 0.0872320007062822
0.0782636700510399 0.0481406171612574 0.274226674302395 0.249555317947767 0.0759309864917701 0.0184242318359447 0.255458502209825
0.107202729007194 0.145832257684379 0.118444886695395 0.131656293097162 0.269635788219437 0.0929732409068957 0.134254804389538
0.205787466767985 0.153165492540684 0.254803676530871 0.194194587055934 0.0405090722614188 0.0153546374173825 0.136185067425726
0.159679272072348 0.0535490642621274 0.190805319099998 0.196306108969753 0.124767042173432 0.0844867365758392 0.190406456846502
0.0756295782060532 0.156089574864615 0.1658485440637 0.111439726441492 0.00237279609699849 0.247387535111464 0.241232245215678
0.176457143278607 0.0464281468353526 0.229470246881278 0.133409640372099 0.0608151885261751 0.114682943030712 0.238736691075776
0.246782460366471 0.0761555839683428 0.179730052961997 0.17950008375128 0.0761932938921477 0.0422679386596328 0.199370586400129
0.128972645580302 0.252136579232846 0.19792780160012 0.142394237685099 0.0668535525022398 0.0916120818591194 0.120103101540274
0.0895420064542279 0.224558533040611 0.170237537872801 0.0732509468212243 0.159368349049042 0.197189605941601 0.0858530208204924
0.158778284835714 0.191673141796759 0.147141797627952 0.0254129936366633 0.193388708056202 0.18047098170968 0.10313409233703
0.0649457927826912 0.127589400737032 0.0263333579390758 0.178063679527894 0.211071233036214 0.210323094959483 0.18167344101761
0.213673345879001 0.0863120713715698 0.0352679051940159 0.207627182602733 0.227703588958937 0.15730952130022 0.0721063846935219
0.0728284081297202 0.130578476581225 0.297580199421533 0.0786775778109022 0.0393575815883621 0.246213661273991 0.134764095194266
0.231890823545819 0.128162874808187 0.0214130429137756 0.137338088688747 0.268516732379564 0.198228084297353 0.0144503533665556
0.191210824560178 0.121508743952804 0.0434641267196249 0.0564523868198145 0.197768773082488 0.126974682399228 0.262620462465863
0.0929979695783851 0.187307202068537 0.207441420219892 0.0539108794425244 0.20043338332243 0.129746774577765 0.128162370790466
0.235253696329526 0.151363825535275 0.167058912649659 0.0595950764038061 0.251090620475401 0.131704926729532 0.00393294187680028
0.0177052965775642 0.141466231104084 0.266747971508595 0.148107952735058 0.0106716753915963 0.140952894258315 0.274347978424787
0.221205981433472 0.0602687171752554 0.213647207954468 0.16187132582746 0.220540175929709 0.0329343282726634 0.0895322634069734
0.163103177045379 0.148281062125164 0.219042659346717 0.0530748443464654 0.151947597806291 0.198263926199907 0.0662867331300768
0.0907898539907508 0.0997312355422646 0.146896348773526 0.125544626228378 0.197831655407849 0.153900548860186 0.185305731197046
0.0972971251055318 0.0849314884565615 0.106941371451781 0.226068415885623 0.226703732104957 0.0793486026599329 0.178709264335613
0.2885310993743 0.00211050209442958 0.0855584108052843 0.0514152402607235 0.196135315934475 0.259179198665155 0.117070232865632
0.202181076603894 0.0451517200610243 0.197410211626895 0.196327461397787 0.0354829965980176 0.151669597208755 0.171776936503628
0.213795231173238 0.120084114948323 0.0585766333675598 0.0753081909152246 0.0717373877084581 0.207667692924039 0.252830748963157
0.189035346195416 0.181809648133138 0.14159788896206 0.186584291082482 0.0897000912082881 0.115892664132933 0.0953800702856835
0.125356854010165 0.121168446829352 0.129862322065611 0.218813012949732 0.160635730796507 0.237236307288412 0.00692732606022159
0.181210182252002 0.0547793277791446 0.083814099218568 0.258172568332334 0.147808814736514 0.0873490631636781 0.186865944517759
0.19370577220686 0.0325081273775241 0.0714115029906766 0.194070687110746 0.0597513473083965 0.267270365580905 0.181282197424892
0.0175800212262615 0.144648309421632 0.17443664684876 0.0608245085867233 0.210086764376541 0.174635873694237 0.217787875845845
0.211378391566683 0.0944552943803718 0.101798138181613 0.197060185034507 0.149879128311602 0.239806714075092 0.00562214845013137
0.132994660458817 0.189113206446716 0.238121585088529 0.0429619562617552 0.155849759882971 0.119694714600213 0.121264117260999
0.192890991117406 0.139334081961104 0.132807276835355 0.101783605000641 0.147224072474951 0.099002025551753 0.18695794705879
0.138407721735862 0.0503590941968655 0.108127028770386 0.104243506998424 0.145315529610419 0.27167583216943 0.181871286518612
0.0206624323970452 0.246335046635478 0.330393678165994 0.0523180881259115 0.0601316013891863 0.0861561892647981 0.204002964021587
0.0579561428665211 0.304585558892964 0.250459632076439 0.0776185165412785 0.0974632964785175 0.0539777623669333 0.157939090777347
0.243393206007042 0.280156269290977 0.118338548947445 0.00314157670953414 0.00217583928400102 0.290421322373512 0.0623732373874884
0.102592519837931 0.272133990234519 0.155136556316896 0.0976835297430159 0.00251848928206634 0.174086744339312 0.19584817024626
0.218798907322285 0.154610410170124 0.111174708813107 0.19283304027326 0.0613819261957671 0.236690242940957 0.0245107642845
0.0338260668277719 0.0673116536397402 0.103924537228248 0.30538533419444 0.0723088766352071 0.147559817406928 0.269683714067665
0.271061354014408 0.0861210179485674 0.253170028587696 0.275062401428137 0.0530171475462395 0.0327971172657836 0.0287709332091676
0.12194798845346 0.0709629361807999 0.0136092130081156 0.208160937873676 0.218178431841038 0.252239479711173 0.114901012931738
0.329412253190731 0.144571270747568 0.0461935333874107 0.200106328971761 0.193053156623322 0.0218822694762361 0.0647811876029713
0.29112721181619 0.138110762220482 0.223782340244564 0.249008337154203 0.0228273919437629 0.0632832855371919 0.0118606710836068
0.227052739789563 0.201491104727042 0.0966620566388368 0.0615367210597298 0.251578293055828 0.143452382996114 0.018226701732887
0.111167440207749 0.135115938988508 0.149371727667703 0.0625412724738481 0.0482222742902098 0.377975617287565 0.115605729084417
0.30834548549044 0.283485920212869 0.00221949771714813 0.126595188957692 0.00926357735683065 0.0845734922347187 0.185516838030302
0.189756272081452 0.131387617695436 0.123808784073359 0.169132876855884 0.204862649039882 0.0793821073901155 0.101669692863872
0.0903574762496133 0.0121792669022114 0.0840811978808117 0.143407771879489 0.296332289927926 0.0948608064704167 0.278781190689532
0.132757560530158 0.166305135827379 0.193551055705952 0.134217314701633 0.0889804976354405 0.179807777525272 0.104380658074166
0.155377738368941 0.109959959634714 0.0577168973925659 0.0887202878391759 0.206457268669567 0.189994657297552 0.191773190797484
0.197010099504759 0.290517392555807 0.129994327044669 0.162917539566973 0.0719620654648965 0.120919577642488 0.0266789982204075
0.0178819604521769 0.20786302747282 0.0251488319097969 0.258863191344142 0.0371040107916793 0.0573445320822315 0.395794445947153
0.191519547681458 0.017068015400965 0.196058149476561 0.134052378625709 0.188136403618672 0.109885375489016 0.16328012970762
0.183319031262005 0.166365097673408 0.0119248071349667 0.24860629833449 0.117121141108301 0.203207403467771 0.0694562210190586
0.229724597533399 0.0146305196031794 0.15533079953283 0.11738673183375 0.191038031449524 0.131495412822365 0.160393907224952
0.242262503924818 0.0900488787965912 0.215583165770841 0.0995453157910851 0.169525374493175 0.0894835449232944 0.0935512163001946
0.000468329480162159 0.248986088737033 0.170498922806977 0.0477888737341835 0.240079774220233 0.197358865979001 0.0948191450424111
0.00906973141073241 0.388239725921967 0.0752926129460912 0.162235195175656 0.272662204651608 0.00240178957643831 0.0900987403175081
0.229385464647863 0.202580367558232 0.161259739604978 0.0868710556458925 0.0275298392969808 0.221639311793308 0.0707342214527457
0.121838480727831 0.00196731404353367 0.000983517332502943 0.0754088745907236 0.362047469134136 0.100089284855802 0.33766505931547
0.142967091024893 0.215204149163042 0.172191220930824 0.137353679434233 0.0312014349800741 0.0884009663423913 0.212681458124542
0.264151459654618 0.01865920268291 0.0964389298823124 0.429787219911894 0.0133063079181703 0.0631366052621331 0.114520274687963
0.113488339893586 0.0603382066944556 0.230159484671951 0.183881781023526 0.280441244792451 0.0210236884804149 0.110667254443616
0.14342341488911 0.16201562021962 0.00962840019872483 0.236085548769901 0.115568228467935 0.200112999159056 0.133165788295653
0.092184161505511 0.0437494069634801 0.212956172385732 0.137950437417253 0.199571914553872 0.152004859457031 0.16158304771712
0.0854990137589249 0.114317794651456 0.218626326990625 0.184023804595801 0.211842486821461 0.0919652602659875 0.093725312915745
0.228963930175972 0.222332510448068 0.189936855591019 0.1891515201333 0.0117775299492918 0.0823768711138798 0.0754607825884696
0.197878317818257 0.101743030265939 0.118483137042809 0.0292012646067938 0.215865699511637 0.160595038246337 0.176233512508227
0.000897734392688984 0.295554384387454 0.134912226499665 0.156637891407705 0.271847079159066 0.107727419971299 0.0324232641821221
0.2400788447102 0.0777418249265617 0.189383465887547 0.0985923012737445 0.0900151946010401 0.10406843842902 0.200119930171887
0.1829168253586 0.0135957820691031 0.138263805942556 0.0585713333325721 0.204501527961611 0.267845893720597 0.134304831614961
0.0727222350331043 0.166148597213846 0.220626982388323 0.105886587859422 0.176585638810684 0.0458546311811564 0.212175327513464
0.13440759519935 0.159417819859755 0.115090927586314 0.186050957523061 0.122099451314937 0.154812453885137 0.128120794631445
0.0180442467461197 0.20324385521119 0.102922469155377 0.268552640431688 0.212374232418019 0.169794030615284 0.0250685254223231
0.0100390730609075 0.184466472846598 0.132496345749548 0.278805753039612 0.107254686191922 0.0534082110086626 0.233529458102749
0.0373010877784082 0.0445562372347175 0.146910335579382 0.284021069652477 0.0978430017419998 0.178968066835869 0.210400201177146
0.157380518457141 0.0739735152640925 0.235260910516313 0.109052467613545 0.104058592025111 0.120385371945599 0.199888624178197
0.422551339562237 0.00130946365163971 0.375697684822217 0.0644700501040186 0.0282820863750218 0.0565489759949529 0.0511403994899132
0.143097610403058 0.239844218040016 0.242341086439565 0.0672916110264699 0.218828856555646 0.065735755591184 0.0228608619440619
0.245353710384386 0.135908180615826 0.0717350571569813 0.0411597856954838 0.172257039112642 0.203605750955581 0.129980476079101
0.253156439107317 0.0827529065866095 0.0830813184315714 0.246999229072214 0.147762161414323 0.123160045934993 0.0630878994529723
0.298807903917937 0.230796635253002 0.0478262873426697 0.0316765190085363 0.211406797612895 0.114380210310922 0.0651056465540382
0.156247455917708 0.0596341719138113 0.246355530177158 0.174436885086883 0.162669109775452 0.0801742162178115 0.120482630911177
0.194402091927123 0.0668344962542156 0.192464095736491 0.244277430702337 0.157754250028011 0.100488621403893 0.0437790139479288
