0.0663716252962064 0.212892965279157 0.300730437082486 0.0340905352598294 0.131552498765847 0.254361938316475
0.0410514891805566 0.3081993669437 0.0739553597613806 0.316676796818951 0.13163852824009 0.128478459055322
0.129861040777881 0.105502554922564 0.179730755844773 0.17965407839033 0.176556062341441 0.228695507723011
0.0999008945008684 0.202315679086631 0.149724820801172 0.177600201027231 0.178498654593948 0.19195974999015
0.127820961589629 0.178737541043669 0.184419883050164 0.181605451114294 0.281406344396305 0.0460098188059387
0.17061098202158 0.210964000795493 0.201982750340107 0.256765906330515 0.15432546851788 0.00535089199442462
0.114371839578232 0.182148688770182 0.216098075822548 0.258833393245031 0.0751613824611499 0.153386620122858
0.185248070206762 0.13937146819012 0.269879495268015 0.080828020491498 0.267676496455595 0.0569964493880097
0.206798947605485 0.204071462780035 0.0233539935856993 0.221056863258164 0.184055405908096 0.160663326862521
0.204292814978553 0.262834832194154 0.265613366809968 0.183949077608992 0.0812128458318154 0.00209706257651669
0.207346042937635 0.261969522583721 0.307238378750568 0.168539555944863 0.00190112471700889 0.0530053750662032
0.159449770521354 0.249293187397179 0.149465414712447 0.179756917210495 0.0935512198683247 0.1684834902902
0.0938011647710915 0.268752271837622 0.0934267121062146 0.226947667701224 0.0624574800250061 0.254614703558842
0.186646421874274 0.232004946663527 0.115106081464676 0.152630135142734 0.212874537331256 0.100737877523533
0.237700104574697 0.017009491698283 0.217896633705631 0.000534105144444439 0.365282353632465 0.16157731124448
0.23484754494581 0.224858798108523 0.254518391152 0.162463745661026 0.0794034727409259 0.0439080473917141
0.263809536870566 0.135152969114496 0.181037542841701 0.0815048209417944 0.0760220122987512 0.262473117932691
0.24769595024961 0.0358234228539924 0.053539847481959 0.0467135880536655 0.301211094984594 0.315016096376179
0.184650031308328 0.256692732599668 0.176466587377468 0.127678303253256 0.0760221235182001 0.17849022194308
0.297642755869756 0.0088334961091008 0.245295633086637 0.0941274998492256 0.198248217440381 0.155852397644899
0.346043952005501 0.183885334362281 0.124967879094951 0.0385710941129784 0.291043923601362 0.0154878168229266
0.11347291859655 0.173161614697187 0.248632741658101 0.10675496401867 0.251539941616701 0.106437819412792
0.209895774461674 0.13150790245079 0.249935893574907 0.0240663236193762 0.261937617909856 0.122656487983398
0.0587240196225499 0.188275155584449 0.224822691083026 0.137863918417567 0.180262218691273 0.210051996601135
0.204389320643416 0.0673255665759871 0.089520481503013 0.200827794172147 0.189261680163444 0.248675156941992
0.216187807271528 0.226088961036019 0.22213357863326 0.141254683723963 0.0463881424633671 0.147946826871864
0.172346597136687 0.205062438446857 0.0665471619937452 0.199982497385067 0.193020943190866 0.163040361846778
0.151750732638773 0.186840143340987 0.268761584526153 0.0984085683082183 0.0979225242769637 0.196316446908906
0.211978780079932 0.00205687398624496 0.176408778458645 0.167207692191536 0.248036067692541 0.1943118075911
0.189343024073512 0.335130881162924 0.138749716596665 0.0679630176783376 0.132235964679374 0.136577395809188
0.178283839913339 0.170559278571707 0.110420962802102 0.174168882689126 0.19075875450331 0.175808281520415
0.309676435277354 0.120685083903405 0.0832449226652864 0.259033350844854 0.0404703205645316 0.18688988674457
0.124194053762109 0.0267229399187526 0.00883201468136571 0.31291430558026 0.463620120792382 0.0637165652651303
0.296253500162481 0.209305821983118 0.0324665937636666 0.0143264527119179 0.355769512705686 0.09187811867313
0.150323496485486 0.254591349283932 0.144312039521343 0.0213004085775941 0.32873326601898 0.100739440112665
0.194027987825982 0.030284837053366 0.207841910117501 0.126851649379305 0.358677313755497 0.0823163018683488
0.206465362802693 0.170915913289474 0.0867658056052295 0.0947345724991402 0.246820236248545 0.194298109554918
0.357237095378042 0.203167604990719 0.2207235757728 0.165749037727229 0.0256493198924535 0.0274733662387565
0.124162381697784 0.0378826543701194 0.3348512323044 0.13865598940098 0.184143061952188 0.180304680274528
0.260349913762764 0.153460266840477 0.0299891873468142 0.267324191500688 0.0679630964956044 0.220913344053652
0.125761885657326 0.137127854052472 0.181953544328278 0.278083887286907 0.254236720251384 0.0228361084236338
0.133844948050056 0.175006675325584 0.00273189198821373 0.288734563694306 0.20202800243834 0.1976539185035
0.181721709371398 0.127987608927295 0.0876657410848395 0.155600984721798 0.282630876339894 0.164393079554776
0.00470770551681051 0.150681979405803 0.0239285698923156 0.330734088410419 0.159721658536957 0.330225998237695
0.271068888643127 0.145746131956868 0.0345690105975442 0.233853530271765 0.284195491567866 0.0305669469628294
0.140114112045021 0.18254399283578 0.16515629698637 0.13594672955569 0.163635526109589 0.21260334246755
0.182575858767293 0.3222094485915 0.0274986974655782 0.177147701540434 0.14097181806693 0.149596475568264
0.06989878303292 0.150505004261498 0.321686302538253 0.0820937358327326 0.0709060671688392 0.304910107165757
0.044249889623111 0.331278129227699 0.209555813151924 0.210034976954608 0.0690404649595912 0.135840726083067
0.260259993409775 0.0920232575450878 0.183338437623324 0.0908490628020193 0.267227859624043 0.106301388995751
0.0548308659076732 0.0116402422148459 0.1258609071706 0.35871088020054 0.201132060522214 0.247825043984127
0.148071789807272 0.199960541130794 0.328928538687337 0.0526922589144612 0.0170079296379846 0.253338941822152
0.168946137161424 0.139472910719198 0.141717949456702 0.213024865264982 0.167932704491349 0.168905432906345
0.107574973617766 0.209418420936031 0.0268191655490784 0.145904826868269 0.108159369836859 0.402123243191997
0.087116191855043 0.305199780657799 0.0264217979367994 0.266454100867052 0.016927013744866 0.29788111493844
0.161715728839541 0.0828207528071624 0.200208384948222 0.202838060354921 0.17321756068583 0.179199512364323
0.24521762700459 0.227114223466854 0.199873288035882 0.1463826398954 0.0175125350586908 0.163899686538584
0.0134591189258363 0.399697787856131 0.163060484846631 0.364994639578181 0.019749930565697 0.039038038227523
0.174148694566744 0.206134512614889 0.0623678632957189 0.140350674547081 0.158617748615785 0.258380506359782
0.0613469426558331 0.206534336156508 0.190926803299394 0.222381660828153 0.0814285334561328 0.237381723603978
0.282169727517583 0.230306246989371 0.0596217317461713 0.178663766845332 0.142083108940199 0.107155417961344
0.087024723463823 0.0312896622304058 0.054757352730786 0.309777515609475 0.26983959607037 0.24731114989514
0.285973974209255 0.0129230033108523 0.308566655108479 0.31761677736125 0.0645557109381813 0.0103638790719817
0.182335590399771 0.00540293098301636 0.28576562747087 0.0171709716471514 0.251112025300795 0.258212854198396
0.0678081659135124 0.130593490297268 0.255177172972992 0.177634707224059 0.078757492704289 0.29002897088788
0.173064254135843 0.171522039673674 0.124437576681405 0.0833275282313156 0.324004497638513 0.123644103639249
0.160214194914182 0.226418429003623 0.174530821474122 0.153289623693027 0.0707150432941178 0.214831887620928
0.150962750507945 0.21769161869006 0.0237019691173121 0.262618651409832 0.255484272450657 0.089540737824195
0.00681752803678649 0.303777168469991 0.175314238451837 0.192263548149563 0.04609011070214 0.275737406189682
0.0602698464371535 0.0533301841433432 0.0734403953828386 0.139291330335478 0.405272270224792 0.268395973476395
0.131083995194816 0.153332035567814 0.0211144269695446 0.140992517784532 0.285621751448477 0.267855273034817
0.127771036769192 0.190541664636929 0.232429092588307 0.0912495253682359 0.193125221641403 0.164883458995933
0.209014850397314 0.0705626941370459 0.0917932477407513 0.231636903155232 0.155105245782475 0.241887058787182
0.182652568512084 0.214865796748041 0.17659947180383 0.0296697284214028 0.198574843891169 0.197637590623474
0.0899071660799542 0.261911947957844 0.247996259429282 0.073412830188355 0.037684112512377 0.289087683832188
0.0164655343494817 0.0103250614578458 0.132074175476254 0.266138152181386 0.263988536329142 0.31100854020589
0.265988047674227 0.00445273217681782 0.0658220697749836 0.0877495292717817 0.180070356586452 0.395917264515737
0.265702066566104 0.0639749968648194 0.187808463856502 0.0845893263095198 0.13238564310222 0.265539503300834
0.100170147831203 0.0426080240461956 0.328859533299949 0.0675524706363006 0.107878041410375 0.352931782775978
0.137615202913466 0.210010517123509 0.216085007608528 0.169142496025186 0.152267830415977 0.114878945913335
0.101806544865777 0.13956998292711 0.359007357338056 0.258215720916511 0.0498165156069332 0.0915838783456125
0.222378785356184 0.158032878476196 0.233252780647253 0.0617096965114041 0.17093324989688 0.153692609112084
0.197723861207232 0.215978737665713 0.07249111860596 0.198527355379174 0.228178128740634 0.0871007984012873
0.129433180457189 0.108378605531533 0.143335421963642 0.154329526076477 0.315514398282433 0.149008867688726
0.162672074768606 0.221667918515813 0.0340094224009231 0.183874052764397 0.161506442236392 0.236270089313869
0.189742965366132 0.0474142732467789 0.221515941250296 0.234946281024737 0.168010642642242 0.138369896469814
0.246718689754851 0.0760053272902993 0.186760393520128 0.119064692979699 0.139486435067327 0.231964461387696
0.343679183319821 0.340591017279045 0.045736156331636 0.210496370722694 0.00337850747196657 0.0561187648748376
0.239806721404221 0.134901297359995 0.181762715243125 0.240474486494561 0.110707096554527 0.0923476829435702
0.144487720431981 0.0268216966917712 0.236319776247865 0.271595308383331 0.137561574128251 0.183213924116802
0.172026018326216 0.108331890061812 0.00732537856182434 0.317756449595553 0.164203003533567 0.230357259921027
0.267009436732592 0.207528939941313 0.130723727617989 0.119952331505045 0.180243508608374 0.0945420555946874
0.204161337252425 0.0201718749773202 0.112490949338974 0.110593976778141 0.239055726545243 0.313526135107897
0.170700093685576 0.278933279468515 0.248045250317849 0.0894063948437188 0.159533245193157 0.0533817364911845
0.292863606248984 0.183214238080055 0.13061052067589 0.0750776827655133 0.0530175561464481 0.265216396083108
0.0170220957129257 0.109051238706924 0.364455415812712 0.00826947853567993 0.419619817965041 0.0815819532667177
0.286079831420446 0.0155202669438149 0.244744664425215 0.148062806150386 0.0605489434489947 0.245043487611144
0.0441756583950357 0.132871056427457 0.268721461002774 0.300076135640652 0.14618150565784 0.107974182876241
0.18873917478732 0.183606459835947 0.145698745511521 0.118849090091936 0.117522150002076 0.245584379771199
0.13733452442247 0.301236905943361 0.00205479222270884 0.262836201159723 0.0931279914105299 0.203409584841208
0.0544093634697366 0.235255535905483 0.334039481096588 0.0718869154983817 0.164432481160956 0.139976222868855
0.242955437932195 0.2412179161342 0.287384300798885 0.0291305408025802 0.168179797809142 0.0311320065229991
0.114727924742197 0.341247513617917 0.149267044049272 0.177839223781051 0.0243292753991565 0.192589018410408
0.17986442311074 0.11975382311564 0.19577372992531 0.082847617056432 0.211034779244703 0.210725627547175
0.237288811642201 0.115702813574983 0.22710479390016 0.146082968472553 0.23403367619423 0.0397869362158724
0.221131220342929 0.227362753249711 0.132524892802312 0.14524695819012 0.076942287844644 0.196791887570284
0.151271770732651 0.279381786231402 0.034425249826592 0.225984050609676 0.123846521501901 0.185090621097778
0.134228082156042 0.145723009659918 0.318166521701385 0.0294152100754347 0.233385860824084 0.139081315583136
0.135017400376588 0.125244315722308 0.263254437660666 0.0239273828584445 0.214293351349468 0.238263112032526
0.165474359990602 0.188828085743003 0.245605777036531 0.182519628249378 0.201608241032146 0.01596390794834
0.105348929297401 0.20277214348951 0.125385372028266 0.216613385946052 0.224717134847592 0.125163034391179
0.248701618719419 0.12246285115536 0.0208085041798099 0.319973934957661 0.0611664016962569 0.226886689291494
0.0334321532444882 0.215194715425178 0.369313730965587 0.0376039690228382 0.155047640669035 0.189407790672874
0.339822001066305 0.133265163324102 0.0987883371495746 0.244667988162321 0.0527365256519325 0.130719984645764
0.367231732633754 0.140589735607421 0.0549342422986344 0.00678180749055236 0.36136234118436 0.0691001407852779
0.320750372723218 0.1360935455582 0.0542864094525178 0.173524198956413 0.263215446551072 0.0521300267585786
0.234696534576665 0.190070672172579 0.0276540276508174 0.0947283787358801 0.218320161050069 0.234530225813991
0.0167718042724745 0.302200823778308 0.25394741702942 0.0289290277344877 0.14625621240829 0.25189471477702
0.122998178520467 0.175175896212806 0.141000881163072 0.21863353048038 0.239495725009034 0.102695788614243
0.214174050719373 0.152303262733909 0.00294112014614212 0.223293207720101 0.297638589354773 0.109649769325702
0.0701416443018314 0.322687579905266 0.170904461944832 0.0328499798628793 0.212214638254777 0.191201695730414
0.131845693739294 0.154009233667629 0.250923923264912 0.237829898266775 0.206036171852233 0.0193550792091579
0.0184016690740257 0.249406323112668 0.0608875597901348 0.271874234257923 0.224872537580972 0.174557676184276
0.118598542378338 0.299863674195946 0.0328738689165622 0.188919950967677 0.0588896200306494 0.300854343510828
0.194338598729616 0.179816897325125 0.265561496376841 0.0356150166405695 0.115844479105336 0.208823511822512
0.297516421483116 0.0750223199196314 0.0260669810971243 0.230144234621347 0.364445622278205 0.00680442060057657
0.031810188478177 0.230635105425808 0.0479842874747183 0.105297129700934 0.321625239023239 0.262648049897124
0.397203560979113 0.200125204978371 0.0923211069996033 0.076517807917691 0.216251929554747 0.0175803895704738
0.190416201598925 0.0196512167390563 0.0781839582061524 0.140672207101866 0.279859010036353 0.291217406317646
0.189663962327502 0.210568274472613 0.13852819917803 0.149189773695206 0.281642988609218 0.0304068017174307
0.00513601114185713 0.239509529475917 0.361891387102348 0.0620915873994963 0.185777924744195 0.145593560136187
0.236620183692671 0.0983749941275264 0.213856505064658 0.141982525955061 0.0849214393113751 0.224244351848709
0.238839934362097 0.228207041948533 0.0943406573139321 0.03336164958495 0.174700498678755 0.230550218111733
0.130267879218343 0.0146429182138476 0.279256526621849 0.242645453163289 0.111356203694589 0.221831019088083
0.103618237379263 0.0961536313296575 0.299046637430504 0.240131522207242 0.184652073179838 0.0763978984734954
0.214461654524247 0.18606281610786 0.192112822241472 0.241787340030511 0.0300642907000299 0.135511076395881
0.1281468427152 0.203712460165755 0.0235666387466144 0.203195138254923 0.197477894582223 0.243901025535285
0.129404905067211 0.175798035043694 0.39682167576959 0.0427400349297957 0.241036668859071 0.0141986803306376
0.00936722103120131 0.188850930453543 0.0404146019943501 0.323439943008816 0.187391549834429 0.250535753677661
0.254176155469712 0.200741186236131 0.180229338148611 0.181343601346326 0.0877336260344226 0.0957760927647976
0.232228671985912 0.00591202376822435 0.223397556790708 0.216476697009565 0.174855485764849 0.147129564680742
0.127868123898632 0.296461126685888 0.124270891073062 0.29000676024208 0.104462590940756 0.0569305071595809
0.217017096053751 0.170310449159272 0.0742556165124844 0.201326412095161 0.196995529599883 0.140094896579449
0.31272015350751 0.285179594472436 0.1068973434384 0.0664204823310893 0.0172730097878684 0.211509416462696
0.311959630551282 0.00383186712372853 0.124618944332915 0.388115614999206 0.000730858510964295 0.170743084481905
0.204977443526255 0.24178436954463 0.196888138771715 0.180340869504264 0.0971897272034068 0.0788194514497302
0.146094435161968 0.0989838239114102 0.0578750557816193 0.302759875324551 0.185208085475049 0.209078724345403
0.134301416934356 0.224453811107271 0.140227613329624 0.185580694807044 0.251815716394313 0.063620747427393
0.130534255693021 0.202623997744265 0.194638376359502 0.259453642046905 0.167771619251061 0.0449781089052466
0.345698307572775 0.291142289204797 0.0868951200457109 0.100281354301338 0.0980633456469165 0.077919583228462
0.0492883275522846 0.382864382651823 0.28738153873541 0.0145030783433679 0.0796188191881247 0.186343853528991
0.0699773885731429 0.0860903930691297 0.323325933128377 0.0920319850264743 0.261453104931308 0.167121195271568
0.249748496752608 0.150949702773486 0.166329380520051 0.253510111143603 0.024699619976686 0.154762688833565
0.275482548211456 0.145658037122865 0.118575632737365 0.109115183494743 0.181930252753193 0.169238345680379
0.0307772617736141 0.248525215209797 0.189089722450369 0.157831869329525 0.257074761445297 0.116701169791398
0.00919264503438683 0.21115421718306 0.199304922278648 0.176628443348506 0.162986447765866 0.240733324389533
0.256273508399238 0.179682254805035 0.227958273143066 0.254327176287427 0.0600721717201335 0.0216866156451009
0.0746356701915526 0.259318450178265 0.0970104357317203 0.0810581746631093 0.301404741999809 0.186572527235544
0.441689255849099 0.00631294773860769 0.0674929784593547 0.205701978584483 0.12670016825256 0.152102671115896
0.0933359644999741 0.304684971184427 0.316453334709622 0.0417807681911013 0.195241128121451 0.0485038332934238
0.216566416229134 0.176515678701926 0.0165760091894914 0.201319855835817 0.252271411156424 0.136750628887208
0.173017211248047 0.158595940218756 0.0234137970047618 0.208843613852418 0.205772512001925 0.230356925674092
0.107690661424334 0.201472185606831 0.111597464548904 0.0166185801116739 0.281537465108001 0.281083643200257
0.0305946461022213 0.292765235812369 0.291305887421004 0.190023732057926 0.129834972195672 0.0654755264108083
0.0164468297196752 0.372989536637028 0.388679522797453 0.0168531157993168 0.00470317910974957 0.200327815936777
0.293952541726978 0.213868748797328 0.143601536686328 0.147360617899759 0.12104412030737 0.0801724345822376
0.221252282867513 0.0783423434443166 0.282191350305978 0.0769698693209672 0.142050737035094 0.199193417026132
0.178594423959765 0.281731279616753 0.167523897370286 0.0246386780403938 0.112750700520803 0.234761020492001
0.193585723222417 0.255711994665912 0.0583362207580446 0.275550252524924 0.21362523045507 0.00319057837363261
0.187818038873105 0.23683344873836 0.130474305991255 0.170162371475182 0.21156432500302 0.0631475099190765
0.195184629010498 0.130406653745454 0.232789557378721 0.227077669288724 0.146308225924119 0.0682332646524833
0.232133540879158 0.176098314675722 0.203798463870685 0.149851631813244 0.0665183232229475 0.171599725538244
0.119899106074673 0.10878080320241 0.304375890998415 0.0084761599294827 0.277915448727182 0.180552591067838
0.096350341211061 0.182721035378892 0.238595942437735 0.131555856036277 0.166352367854152 0.184424457081883
0.117047904304595 0.113761221997069 0.238395877218298 0.20480656632725 0.238074498013253 0.087913932139535
0.0704762267538744 0.0426502318327919 0.239511226309656 0.121799287260459 0.265816056066863 0.259746971776356
0.163626891698334 0.122893909999818 0.100021691782988 0.282861184234893 0.0830618584889691 0.247534463794998
0.198999192246819 0.0436669766810131 0.233908946503816 0.16092116470796 0.202133752990639 0.160369966869753
0.21013007115249 0.000991443554102549 0.0751785733961433 0.220110009615868 0.218979082988552 0.274610819292844
0.017723467122999 0.000744421933888246 0.0569640141022642 0.464326716244649 0.422921436943026 0.0373199436531741
0.222683434860521 0.205666350858192 0.221647447998007 0.0264350040432015 0.181895581793848 0.14167218044623
0.132314376761063 0.25402488507349 0.00184052658753171 0.19109257400067 0.204381507581371 0.216346129995873
0.250317530334167 0.149053895755167 0.125504984072171 0.185300754619831 0.18415536008468 0.105667475133984
0.0683300975746535 0.367181838293314 0.318861285781083 0.0296095792778785 0.0677807490871667 0.148236449985904
0.241320964128748 0.112596637565865 0.14881419721786 0.189845217925616 0.127981419915106 0.179441563246805
0.109000129735149 0.119744325497358 0.148407578850991 0.158257299330758 0.244955212766198 0.219635453819546
0.118730244095617 0.180201832803325 0.24253696843153 0.0717892294893041 0.170621143712369 0.216120581467855
0.192426508306908 0.189276921449344 0.147047721847916 0.105283193108388 0.0809075336554419 0.285058121632002
0.0514256237459845 0.180283830517573 0.201625863272856 0.0302598755350996 0.210837998799807 0.32556680812868
0.14064064008102 0.271330820290119 0.201452452085082 0.0341200780829935 0.0960214990097992 0.256434510450987
0.190315243113951 0.422566346547863 0.0579597130396713 0.0321623141760217 0.160469865423486 0.136526517699008
0.0156758465807457 0.339967951151262 0.0450975167379709 0.120706482622367 0.00816160500403964 0.470390597903615
0.0508862080591275 0.247881944650456 0.225785315345403 0.189153408725484 0.217235845184134 0.0690572780353967
0.0626374807750546 0.240599335410326 0.00806335451841929 0.213044666176453 0.263346435700232 0.212308727419516
0.1063087418861 0.142924141130485 0.137628988828523 0.151080822186096 0.322609516824322 0.139447789144474
0.0595696418676553 0.235818553201727 0.198022600734906 0.204020523779127 0.180818221042376 0.121750459374208
0.058702839849743 0.140055045418327 0.276209824056835 0.0905265261469537 0.199329644086745 0.235176120441397
0.230658538345965 0.23818958621214 0.10578503467224 0.166209445264706 0.0534355455011341 0.205721850003815
0.261308747272359 0.0148020611700133 0.0129330807130413 0.28373105089954 0.0372719509946512 0.389953108950396
0.275431993028614 0.0519749282434725 0.0938078037213182 0.341137071959811 0.00436626449495108 0.233281938551833
0.147561232657785 0.00307995362387128 0.258759509755106 0.284935649945326 0.292234850521552 0.01342880349636
0.0699306836491344 0.365519602836629 0.053981995322987 0.36720921441175 0.000953708438433308 0.142404795341066
0.273957292695645 0.122654065351969 0.0502452737995503 0.309347989928781 0.232609183686102 0.0111861945379534
0.0630447808794383 0.222341910837335 0.147050559602325 0.152307415075498 0.216067985749031 0.199187347856373
0.394425952915453 0.0682457304827749 0.0543897688490768 0.0287665472447692 0.330757930008217 0.123414070499709
0.334367503874366 0.11078271674531 0.104330934213589 0.180541964078851 0.0668924255833928 0.203084455504492
4.98498830964759e-05 0.243328596956663 0.329652505398314 0.0266045784103206 0.350871752309114 0.0494927170424911
0.112473683031543 0.357620307056904 0.110411734729708 0.0817651564446697 0.299988048020483 0.0377410707166929
0.24049278777287 0.272759334591053 0.136086729979463 0.0521261580529727 0.0308885810585672 0.267646408545074
0.333040810358259 0.12662104484466 0.172187693960625 0.206360044932515 0.0253245078208663 0.136465898083074
0.202049760320076 0.17521349380669 0.2114724209268 0.15431349404272 0.131535290322137 0.125415540581577
0.213403002562306 0.0987951434309814 0.195409012769603 0.17669891483685 0.0528747875810742 0.262819138819185
0.0344889671104091 0.0930677463184283 0.28415556776825 0.154528218417474 0.277259374965791 0.156500125419648
0.34000015794936 0.254955375780252 0.0754502058905124 0.0229522729013589 0.198219049156627 0.10842293832189
0.0573625140320671 0.0748848618370184 0.3933510021596 0.038313332705032 0.233450098925004 0.202638190341279
0.225217358418621 0.154389756174828 0.0799082258199222 0.274829162355054 0.265586612431376 6.88848001986861e-05
0.136908358261779 0.112630567972162 0.186703547213766 0.121149997745345 0.224633449424335 0.217974079382613
0.157066363491592 0.195103252494879 0.196488989409738 0.130318284572828 0.127151353298827 0.193871756732136
0.234000015887303 0.233673831699953 0.0997056299767445 0.132262641513975 0.200425029116922 0.0999328518051028
0.0677778120217169 0.0960030173322056 0.242639014051322 0.243092718776445 0.21428101304448 0.13620642477383
0.143418505485252 0.205609056128584 0.157988217130361 0.20094945077756 0.24461693907871 0.0474178313995334
0.134915773014782 0.141024809016679 0.213420257956293 0.127512357414965 0.197785487493714 0.185341315103568
0.249015212824757 0.190953739306448 0.0556479756459738 0.128356670362556 0.354109081239748 0.0219173206205163
0.134815530079333 0.318782016273714 0.0614270864982483 0.185931022910227 0.177710103136051 0.121334241102425
0.208807620299688 0.179835166175112 0.22033729528503 0.0178113492543702 0.21614451323917 0.15706405574663
0.148833673746651 0.278312743419238 0.105046417781045 0.133399179577272 0.0947088066085488 0.239699178867245
0.167522327544256 0.146046520974531 0.0412872931204708 0.236116727578737 0.2883376682269 0.120689462555104
0.126719772334613 0.133001673753452 0.203282710833868 0.113201354948032 0.132816948185025 0.29097753994501
0.178423602204974 0.205237396160686 0.150848881531697 0.0844620386095616 0.253778374759445 0.127249706733636
0.178709646285601 0.193754803761701 0.285503781080419 0.20792089786107 0.0282772001677928 0.105833670843416
0.296537615239021 0.262755254194259 0.202059239685901 0.0604162511425325 0.106395970068755 0.0718356696695317
0.088126397198897 0.21108725706669 0.145060847646753 0.224312182724435 0.105550860448433 0.225862454914792
0.292561314857309 0.0828587274143514 0.20502766006276 0.104266474676729 0.283892211670107 0.0313936113187435
0.239361105539805 0.168329103526251 0.145939509171884 0.15326583878601 0.108051713315899 0.185052729660151
0.125356785355206 0.127837024367302 0.036868340391215 0.255744257338509 0.321237105337164 0.132956487210603
0.200286721634293 0.152798564263843 0.131264859629712 0.169944464286322 0.150661789314284 0.195043600871546
0.252254783100083 0.16422401581551 0.113174170844394 0.0798429018929791 0.362722649380196 0.0277814789668379
0.270118455390896 0.0623213819925322 0.258456308294258 0.0483389948308944 0.221183245636061 0.139581613855358
0.312583341576972 0.180869404865395 0.0841719461531337 0.205576908407741 0.157489899134546 0.0593084998622115
0.155977582524041 0.171001231423266 0.251605265136005 0.269002622400182 0.134642144401488 0.0177711541150177
0.165693511097391 0.257246899673658 0.078191629299236 0.254628010191271 0.125562997659173 0.118676952079271
0.0814173340982858 0.226838184099555 0.235467554601218 0.228828048477198 0.160023636567838 0.0674252421559061
0.213634483052891 0.0372498112402513 0.146735602448595 0.159225637229458 0.175187037680139 0.267967428348665
0.363846125281475 0.0749628024432268 0.179112087664901 0.118764846986768 0.113641775251995 0.149672362371635
0.27300582779361 0.13883921691053 0.10417654772197 0.113469626269037 0.279255599072021 0.0912531822328314
0.205300357146597 0.261172921917482 0.019358575123573 0.0645264541922334 0.213988417368698 0.235653274251416
0.152409445933397 0.313081563085606 0.0322101328016292 0.297094483817603 0.184499835572018 0.0207045387897477
0.202028848398689 0.117975588341761 0.238962405857239 0.0876250745474556 0.225093851633699 0.128314231221156
0.336604143359258 0.141847516283334 0.16922595583303 0.0310558216585016 0.220168383969549 0.101098178896328
0.227483362623527 0.0161113143860464 0.220602455627657 0.337394854053017 0.171342800162552 0.0270652131472011
0.252760221155898 0.0237186809764774 0.179950069517656 0.270805928042142 0.131561551509936 0.14120354879789
0.196251236423087 0.220381430567106 0.155656543833603 0.10111937449938 0.234984597776828 0.0916068168999956
0.341725278490104 0.0279942700000495 0.0379835441054492 0.114762305654214 0.225574614462288 0.251959987287895
0.0464212173351572 0.184587656385764 0.164507343207527 0.200583458498398 0.107089972104366 0.296810352468788
0.170246909980264 0.2044646556049 0.200939002645312 0.0775284430666569 0.194206528936491 0.152614459766376
0.193848613831307 0.0890623098539807 0.297017893954389 0.028473318597544 0.34055148329153 0.0510463804712487
0.126100053554981 0.154790753719635 0.330634111613356 0.0514210441628346 0.0825785586128141 0.25447547833638
0.191732146750723 0.173701291461803 0.16292107311973 0.178493827241668 0.227170992583071 0.0659806688430045
0.182654409553084 0.0962002357175063 0.221169319790894 0.262077949586377 0.0282378809180388 0.209660204434101
0.314412342556433 0.150378209448472 0.100761725970951 0.150254127563938 0.202783582948681 0.0814100115115249
0.253328448416906 0.0717275853277863 0.178951795713214 0.372075935403767 0.00403221801405825 0.119884017124268
0.161472190381092 0.0145686961990565 0.0543094995675295 0.319516453551002 0.0719014621477822 0.378231698153538
0.138182238770714 0.0898479322616471 0.246057580523025 0.214715273329155 0.0676526272315922 0.243544347883866
0.200834060200207 0.111615967766102 0.110205272372289 0.123620093799519 0.21323252062709 0.240492085234794
0.242714930004831 0.252271001699418 0.0699033383029493 0.077149746378593 0.0449356654898403 0.313025318124369
0.259299223327429 0.267675627141274 0.0548439549824252 0.202685959725322 0.174118639374619 0.0413765954489314
0.128626713478845 0.0161949704326477 0.276810399231133 0.225943914664506 0.200416068433165 0.152007933759703
0.196561974912334 0.210090597682079 0.0701634068593919 0.105814072361161 0.198577856271338 0.218792091913697
0.305460994804037 0.229203811654566 0.113198327720283 0.142305747848026 0.110648506127834 0.0991826118452545
0.039807241696539 0.224310458974462 0.0196308544316426 0.36951506020774 0.194721212419604 0.152015172270013
0.193843022725543 0.256533056520436 0.0705229343253774 0.231804520353501 0.196400574513487 0.0508958915616546
0.0698225361977384 0.193757426546271 0.00333348299995537 0.0931398881783767 0.455568803917296 0.184377862160363
0.233636048209065 0.131671473313751 0.292732543677998 0.160612629549746 0.0683655227513378 0.112981782498102
0.184313028312765 0.0418323793309223 0.0528805639045985 0.371183132027977 0.0554048117576348 0.294386084666103
0.22085060892132 0.0129592720841998 0.20713441549546 0.114434813323194 0.281769137621175 0.162851752554651
0.073602136362377 0.246004216487265 0.270264488207362 0.0593171305277825 0.0206400768202205 0.330171951594993
0.267058461857978 0.166745768875201 0.281460432896169 0.0436353369740278 0.107949144413256 0.13315085498337
0.214072280763535 0.1869685807675 0.00429350807663423 0.252196017615609 0.193794183252843 0.148675429523879
0.171243045667394 0.21758229457519 0.0982040135503518 0.189023413414032 0.146708814442119 0.177238418350912
0.170752179911811 0.0349356239924985 0.258944630598208 0.171798646681344 0.135094289920382 0.228474628895755
0.139859485060763 0.141331360213623 0.200172658243879 0.174607729472423 0.136349066678284 0.207679700331029
0.212613149745398 0.209236076698001 0.198740164207151 0.124669418181899 0.192569220698392 0.0621719704691601
0.185510963211965 0.239274069919804 0.125520817891657 0.21880476025233 0.00524253440643913 0.225646854317804
0.0785907897389341 0.239610032008076 0.211076500839019 0.102607498179209 0.162089786805195 0.206025392429566
0.169332286611838 0.0613049345167323 0.167087109516442 0.258529781146204 0.0704467738798739 0.273299114328911
0.234618637080225 0.0307284605613267 0.236829176008211 0.105146226628856 0.264036909376473 0.128640590344908
0.0505561667930619 0.109773836101565 0.247969583754785 0.284274214599301 0.178562220824405 0.128863977926882
0.273081382512122 0.0926250193800706 0.210347113063543 0.0978240292246499 0.238297765592342 0.0878246902272727
0.0559626334200038 0.321925538670458 0.206018824980805 0.222461254855069 0.0328502326039497 0.160781515469714
0.265390693386053 0.274436187860473 0.126316653365354 0.146510682063953 0.155229032976017 0.032116750348149
0.243205775575157 0.147565708008404 0.00639723271396732 0.230708169151776 0.216826937914623 0.155296176636072
0.160417740550263 0.062551676628495 0.37020412452046 0.39044515245564 0.0122576768987883 0.00412362894635322
0.0527661994266346 0.232077536993474 0.289572485696827 0.119158393801401 0.00562797299924784 0.300797411082416
0.101849106103083 0.207678984238409 0.189225391264329 0.0783306200506556 0.0711944201453566 0.351721478198167
0.313292424635037 0.24033953551961 0.104167324036974 0.0514190300827503 0.0390569163152164 0.251724769410413
0.248176703350037 0.209581092445989 0.120752900693359 0.0597601652126714 0.165473863224232 0.196255275073711
0.53381073331276 0.142433713569581 0.00302057706562472 0.215102567095666 0.0126151350315275 0.0930172739248405
0.108998370877744 0.108041592122717 0.248018231056764 0.179937936261439 0.316358665010014 0.0386452046713228
0.265849433469093 0.0958599969589743 0.184557942680632 0.134878724138847 0.137993528965358 0.180860373787096
0.181305188599038 0.263561315889668 0.0461710742748504 0.0448857985693418 0.268028410821621 0.196048211845481
0.18282244554031 0.150361958479016 0.175051714933342 0.175481050963025 0.195903507769246 0.12037932231506
0.236929663353375 0.164423185481261 0.0820137390415482 0.062141295278326 0.194217609111332 0.260274507734158
0.245179386389927 0.184786070177112 0.247979366552881 0.141824083814639 0.137189701248661 0.04304139181678
0.23236892377412 0.23125008855689 0.0907225506683065 0.284401455214579 0.0809725478404961 0.0802844339456082
0.0944518236038652 0.236928213074398 0.158136609092945 0.12969793867304 0.168228509942138 0.212556905613613
0.303721151378308 0.10214774405534 0.162768661958665 0.111641697792844 0.24275764698639 0.0769630978284525
0.236196470011269 0.198700461356671 0.0622685080054194 0.122558852279663 0.256118424970705 0.124157283376273
0.13358221187742 0.267606421947294 0.0840691203541402 0.222387401137946 0.173602115254953 0.118752729428248
0.079227172816937 0.08715447765808 0.220764528370599 0.261225052077835 0.203964118290897 0.147664650785651
0.193739384041772 0.0873589039460269 0.135355397127756 0.282535951399631 0.20305417101798 0.0979561924668344
0.294317407087166 0.0409869455590354 0.0819868994230637 0.365346189931765 0.187982506199333 0.0293800517996367
0.195947235538734 0.187268126717395 0.167889183383252 0.0140684843205193 0.122085123375405 0.312741846664695
0.199166878487089 0.133210748288252 0.239190170893529 0.275586601232003 0.0749584366487538 0.0778871644503731
0.201379297282658 0.112408010470099 0.116061968982171 0.313075830562468 0.233029231909491 0.0240456607931142
0.0442416814563759 0.0750610732441703 0.285073622323075 0.0371470878396038 0.531885913653462 0.026590621483313
0.163474686048109 0.166325352542053 0.47265140849236 0.119207175023479 0.0524676821833378 0.0258736957106618
0.0891487276304825 0.122008947964295 0.382326612682202 0.0903608124086982 0.244876616373431 0.0712782829408914
0.115673325070508 0.441592147097321 0.0416057479003055 0.0318122118437599 0.171080085770045 0.198236482318061
0.181238226390675 0.23248215493533 0.105023192377956 0.205315296186956 0.132987653144319 0.142953476964765
0.263438235347525 0.10242104980196 0.0352545722348948 0.245646921183275 0.10746542432366 0.245773797108686
0.329540817164839 0.0637808772217457 0.303490550335824 0.051124894864813 0.0285770020064793 0.223485858406299
0.177627588225021 0.134790979742206 0.223281741976881 0.114402960186323 0.235333713181762 0.114563016687806
0.17254682282432 0.158038705870576 0.136491385007801 0.0709410856568064 0.287812279183654 0.174169721456842
0.241342344269798 0.0521677498707782 0.125742336593023 0.101112915856709 0.210508420071267 0.269126233338424
0.142463236568315 0.20670362558389 0.0242529936909098 0.0982115228657432 0.361209773597477 0.167158847693665
0.198600933670049 0.0487032610661333 0.145591187952983 0.18397871260834 0.228033793847897 0.195092110854597
0.0600496593865424 0.234107930735813 0.265038614530232 0.156955664076103 0.0809148370968693 0.202933294174439
0.0911843784137859 0.194670936456418 0.200114407887889 0.150695558692836 0.29015014844768 0.0731845701013905
0.147850385241511 0.156456776536634 0.146576973653357 0.105592101936352 0.296541988447406 0.146981774184741
0.0745358458542428 0.0779249520780216 0.2403672126215 0.157923008699575 0.190306886632891 0.25894209411377
0.143053490670024 0.186184436093933 0.0364046409420934 0.346298019996783 0.126591148212182 0.161468264084985
0.0353812638765988 0.229618835732854 0.25911446958589 0.168452678619068 0.265491341005032 0.0419414111805572
0.157159980791819 0.196339435464655 0.0837862174872819 0.195185370279586 0.144485325657283 0.223043670319375
0.228122438224174 0.38587877103118 0.201622769092171 0.020631797065274 0.0796893550170572 0.0840548695701437
0.0429227852838623 0.146113995449436 0.258669447638943 0.11391518414018 0.204391711743512 0.233986875744067
0.0574348884375953 0.212324859656133 0.194800758458103 0.161729236210986 0.167917611808983 0.205792645428199
0.0510227641086369 0.215558778938376 0.18274000053769 0.111157813695029 0.317589742059193 0.121930900661075
0.073801450117985 0.322287297310585 0.0276398479157547 0.0692117861135608 0.181441782932322 0.325617835609792
0.226439571280424 0.200402519950077 0.215245967205577 0.217691940498193 0.00214962106205992 0.13807038000367
0.0327541060184358 0.23019308509715 0.2323628567596 0.187275378551816 0.13084181728539 0.186572756287607
0.218847403096688 0.100894691121509 0.203937427087009 0.207740333869109 0.0333936732282155 0.23518647159747
0.129513728721313 0.129110712177806 0.196056751796367 0.0453545031232922 0.246223294904528 0.253741009276695
0.105006776553611 0.273717043033032 0.0170372479304218 0.14832131918202 0.309522689990515 0.1463949233104
0.265330421077103 0.281950201741008 0.238556078210024 0.0946953190615691 0.000912249882282012 0.118555730028013
0.223227940395851 0.0681940189438958 0.250198292704068 0.225845646300283 0.00771670527326332 0.224817396382639
0.291017918343691 0.0690046529106266 0.067331051489628 0.222496511596615 0.192072286953787 0.158077578705652
0.248539150321405 0.161984242679645 0.289097067659473 0.215960801644592 0.037610740230772 0.0468079974641126
0.301492159292012 0.31536965916509 0.000963373998492779 0.0182092993943564 0.0368510199209806 0.327114488229068
0.038187860070357 0.15399635724336 0.209195125769559 0.192993791674921 0.200115462291684 0.205511402950119
0.158204445268398 0.303947990021981 0.049519191838805 0.140209797033449 0.157010731828078 0.191107844009288
0.173400871014851 0.24383829916873 0.0443584335503384 0.33089813489502 0.124439800914622 0.0830644604564379
0.274340081689618 0.0311936208491284 0.210075833542361 0.272409641099248 0.061341906072675 0.15063891674697
0.0824420307851028 0.115134796245994 0.254153192072412 0.0755862878552015 0.217232780497002 0.255450912544288
0.0495839083191034 0.236161225929115 0.197302276477627 0.0216541862045547 0.0268515041686498 0.46844689890095
0.0466633754505016 0.336222730472625 0.188398260205081 0.341105342851464 0.000872805357196672 0.0867374856631321
0.0824229025914678 0.260104710595278 0.06418436177987 0.212235880771059 0.21340678768575 0.167645356576574
0.27161025526964 0.056112337661941 0.187370259424052 0.269441462017747 0.0460193573177921 0.169446328308828
0.366684395571951 0.0121627840603001 0.00796778340316929 0.204978082605208 0.104354285020579 0.303852669338793
0.000225246854910138 0.0639189098911588 0.423335274059542 0.350211345265252 0.146157915079101 0.0161513088500359
0.152714737371198 0.220379596715685 0.0654702379880039 0.286238957434028 0.0931563335701862 0.1820401369209
0.201004785811861 0.14527625709862 0.143710907517723 0.215317770916574 0.123666015159336 0.171024263495887
0.211288736591549 0.194683735812457 0.143633864810326 0.0364255233065156 0.330400989908813 0.0835671495703391
0.0041681100758483 0.231766012312544 0.368254892310783 0.173034202209515 0.0924255703083276 0.130351212782982
0.0631220317828733 0.075357185664907 0.312092521591711 0.126183348380315 0.205849712713132 0.217395199867062
0.200591352607344 0.180163212635208 0.199607229219583 0.10520632806903 0.110896384099642 0.203535493369193
0.158895901807839 0.24001917141517 0.0341640911275069 0.169233984368078 0.119071590344931 0.278615260936475
0.0632050309844251 0.143220244008151 0.234724749682554 0.295062682812345 0.0973037824507673 0.166483510061757
