0.157819169252969 0.178210994377742 0.320077459348118 0.343892377021171
0.168772252401842 0.219751806428503 0.340419582550035 0.271056358619621
0.0959846089199709 0.00267787803377135 0.548586970796982 0.352750542249276
0.107460283725633 0.17555421738478 0.315179420198024 0.401806078691563
0.169805951105946 0.205592703793748 0.289749799780245 0.334851545320062
0.259615377099007 0.366142187799194 0.243164726840984 0.131077708260815
0.277221023142782 0.368075069410923 0.104675885511777 0.250028021934518
0.368818617861168 0.175832047669065 0.0951954714713848 0.360153862998383
0.224716969655535 0.347846893865584 0.32714641259416 0.100289723884721
0.170958064500967 0.299957826367331 0.259282969791351 0.269801139340351
0.405508859816984 0.220685300749705 0.277884013397926 0.0959218260353845
0.144871802308611 0.657278480815926 0.142071302297201 0.0557784145782625
0.117868244082522 0.0138685391015399 0.040198022393113 0.828065194422825
0.18177606494154 0.23819620056741 0.259340691194078 0.320687043296972
0.442169247466051 0.175487771340361 0.0622292055146695 0.320113775678919
0.153735099032635 0.642809353946797 0.181535869787236 0.0219196772333323
0.244569464588494 0.0087466569389382 0.176873294140222 0.569810584332346
0.609802134112879 0.124197152285077 0.264836525425107 0.00116418817693703
0.396594857184275 0.0256956456475667 0.159514085655287 0.41819541151287
0.384620905743235 0.24483223787098 0.0231299448533069 0.347416911532479
0.0782347237446651 0.217052947834383 0.269722545824831 0.434989782596121
0.353378946494778 0.237722022341634 0.127168736189508 0.28173029497408
0.350455598416561 0.300089130997135 0.330188129227089 0.019267141359215
0.229867280486018 0.163512359230596 0.365124679823762 0.241495680459624
0.231004650084656 0.436616500789659 0.202983257605008 0.129395591520677
0.0584896832915451 0.0205989866217258 0.553908650543346 0.367002679543383
0.3143018222244 0.172512252072182 0.289217649014518 0.2239682766889
0.067468136785086 0.394317388860969 0.49310377185165 0.0451107025022948
0.188913299105657 0.213123392470022 0.200942403951083 0.397020904473238
0.364781405915808 0.345629474492197 0.246633293851254 0.042955825740742
0.1315954960859 0.216788929500044 0.297158587845934 0.354456986568122
0.5246597785769 0.225128227826811 0.127899689488187 0.122312304108102
0.306379602749312 0.154569131984491 0.176832566055092 0.362218699211106
0.0128316507412304 0.208599191783746 0.369840756854151 0.408728400620873
0.137957062332494 0.235334505367705 0.31687274492738 0.30983568737242
0.260808689598085 0.246163964983505 0.249283162595175 0.243744182823234
0.23034492848505 0.26815113562037 0.25004896203368 0.2514549738609
0.36355353494815 0.26247196934465 0.322687914333632 0.0512865813735686
0.0332594405635285 0.362431431539997 0.474585032356973 0.129724095539502
0.367838732350937 0.253846820605261 0.195582363030415 0.182732084013386
0.206578692861582 0.255571886812212 0.273302151452605 0.264547268873601
0.169349978143845 0.34207808395651 0.439862637901179 0.0487092999984661
0.137200350167016 0.228711819772835 0.219091600468156 0.414996229591994
0.0755607877733603 0.374627622225857 0.0377582024466494 0.512053387554133
0.229704632776023 0.264464758024245 0.251921043540609 0.253909565659124
0.258092993724038 0.48520945462838 0.235817969688664 0.0208795819589185
0.0721800746187811 0.312471535276134 0.41372346768073 0.201624922424356
0.142635226899031 0.511134351388944 0.321716146183028 0.0245142755289962
0.190919558887489 0.182093484495381 0.233468386847528 0.393518569769603
0.408454417175586 0.00175546884175863 0.250767125961356 0.3390229880213
0.439701584269784 0.170848889074862 0.342296508642534 0.0471530180128201
0.158825942219407 0.304267943008524 0.353274093218405 0.183632021553663
0.439693154128047 0.264254051227708 0.245882716374658 0.0501700782695869
0.259699187566972 0.396732617182615 0.118596139584434 0.224972055665979
0.0489829314942518 0.443919843311573 0.0364275893991909 0.470669635794984
0.311326656787705 0.151619816959357 0.323147964884632 0.213905561368306
0.153369197017427 0.287476928666295 0.32450113046224 0.234652743854038
0.479408331484549 0.185103984398613 0.279395528837494 0.0560921552793443
0.305838947600014 0.411098951811805 0.226548185835253 0.0565139147529283
0.392106207318977 0.386877120102316 0.205920289295382 0.0150963832833256
0.175324373262888 0.314487775808566 0.35975836228517 0.150429488643376
0.407896364883652 0.272479919970323 0.0513512073305355 0.26827250781549
0.485593342999453 0.0946866619110924 0.133278288913422 0.286441706176034
0.233642766935721 0.288914309200559 0.34918711908047 0.12825580478325
0.410662143824205 0.00794735279559957 0.217852495188087 0.363538008192108
0.62055324121319 0.231979781177505 0.0138906751339585 0.133576302475346
0.422028609471523 0.0215151841031913 0.444777952351606 0.11167825407368
0.0441671567363782 0.518781543860873 0.175378819435465 0.261672479967284
0.151132401274459 0.278787070337131 0.0981956991136645 0.471884829274746
0.192038200981082 0.408302139086032 0.270201855531708 0.129457804401179
0.105675749594169 0.648615563929623 0.0517968852504113 0.193911801225797
0.072392177892422 0.132316444700819 0.558377010964596 0.236914366442163
0.123696619027609 0.103727668650418 0.369020923886784 0.403554788435188
0.455974378631371 0.308718894067676 0.04145385705845 0.193852870242503
0.0719262675558226 0.415759799080242 0.0820317478978736 0.430282185466062
0.0981467025047705 0.197395494784555 0.616308461607598 0.088149341103077
0.443205293594102 0.386626634565546 0.103593573271353 0.0665744985689996
0.465863207064125 0.0324109719733714 0.262824361324159 0.238901459638345
0.0422581009468585 0.403085591608115 0.30601220847742 0.248644098967606
0.353012961840816 0.0517402888032805 0.275434833872726 0.319811915483177
0.243380739958773 0.297118814127729 0.225988733259971 0.233511712653526
0.318157322687338 0.0796474568699107 0.453078010408119 0.149117210034632
0.304108698003811 0.29154964263321 0.144398625666198 0.259943033696781
0.245029208544891 0.434888614370096 0.0575533061367102 0.262528870948303
0.292990560898668 0.150138154831677 0.288210025902193 0.268661258367462
0.352991204937373 0.224315487663157 0.104443791550067 0.318249515849403
0.36766726798087 0.12617688871577 0.184000037529142 0.322155805774218
0.228102854580477 0.27664588663383 0.244542504303781 0.250708754481913
0.31594212785869 0.281426976656255 0.136449898846639 0.266180996638416
0.0564924006823835 0.374027304650619 0.462799370830041 0.106680923836957
0.193271332823933 0.293720202637161 0.249574015811947 0.263434448726959
0.392737736449982 0.0527885201373387 0.345434962233049 0.20903878117963
0.0158217706518615 0.255815518328773 0.44396481580078 0.284397895218586
0.117299012658766 0.326451866503046 0.358851392731135 0.197397728107053
0.481026920751213 0.24980040615367 0.0869889227679688 0.182183750327148
0.110735158998085 0.31795551006712 0.239517326322621 0.331792004612175
0.381991433800912 0.198379086152802 0.109928472406037 0.30970100764025
0.018121335171197 0.257166150941191 0.332701662646617 0.392010851240995
0.086747100606269 0.362830771594478 0.122505895824583 0.42791623197467
0.349126726730567 0.26168950339293 0.229958333690553 0.15922543618595
0.0692561045315592 0.168382791752726 0.472155126619089 0.290205977096625
0.227844062955543 0.338020826158711 0.132068091984936 0.30206701890081
0.414262354721757 0.113547960075447 0.198434859416004 0.273754825786792
0.16644111712149 0.384739851364092 0.0872499737192765 0.361569057795141
0.494075374031389 0.0892766933169891 0.2357759120459 0.180872020605723
0.192432555242041 0.366012263476413 0.192456025166782 0.249099156114764
0.175420651889025 0.242064557187102 0.288871702615297 0.293643088308576
0.627833840027278 0.00123866484474537 0.240122833147141 0.130804661980836
0.284654296602919 0.216728951637765 0.203291519229617 0.295325232529699
0.309478974271978 0.274235447690425 0.224776450853243 0.191509127184353
0.34933111635952 0.463765775045894 0.0589836277265298 0.127919480868055
0.223866156391297 0.457792598573608 0.219609684644008 0.0987315603910872
0.287256437142364 0.333248829732474 0.00940520099012235 0.37008953213504
0.282805299881893 0.304674813666818 0.191262607527637 0.221257278923653
0.38414364813221 0.150731554619239 0.193658014691056 0.271466782557494
0.251030285245032 0.1936800324609 0.116025270693437 0.43926441160063
0.0703094914730715 0.373459619253283 0.35061678991753 0.205614099356116
0.405717517152466 0.106596744799601 0.0701367039094631 0.41754903413847
0.307771149428723 0.220729814636337 0.1033105142306 0.368188521704339
0.24929831221225 0.201619625068647 0.337237150518203 0.2118449122009
0.29665539006582 0.286251953403606 0.0848448304459536 0.332247826084621
0.207647889464389 0.284507395958933 0.227820883527544 0.280023831049134
0.410845615434311 0.145770678526079 0.0641419042848386 0.379241801754771
0.410154990125277 0.240945203735433 0.164832893558182 0.184066912581108
0.187596923812246 0.273460106820209 0.270797742704156 0.268145226663389
0.434646350018326 0.18620438729634 0.0750098738697452 0.304139388815589
0.205569459117334 0.190960140559892 0.363108351424051 0.240362048898723
0.167191079862538 0.190971427473032 0.408576033317203 0.233261459347227
0.066800414463369 0.45950168843986 0.171646445052349 0.302051452044422
0.0971924408621306 0.15129528736482 0.648215793864938 0.103296477908112
0.241263406680143 0.277666827459468 0.139090170817864 0.341979595042525
0.430536541713446 0.0392729684844828 0.386990131309848 0.143200358492223
0.10892076305142 0.312466964434318 0.398125150475278 0.180487122038985
0.413946712561462 0.327391476368389 0.123673030578452 0.134988780491697
0.393522779785318 0.102891080665717 0.258963211803952 0.244622927745014
0.272927101338223 0.270846478969512 0.208260450049899 0.247965969642366
0.562894117296153 0.168302405218944 0.0271087558584496 0.241694721626454
0.306243741376131 0.164056686407534 0.280408176606114 0.249291395610221
0.179243491800324 0.419782416414838 0.28127213762501 0.119701954159828
0.293221751377986 0.154100940226942 0.281262734962849 0.271414573432223
0.171504275952436 0.291189939885093 0.189217975605341 0.348087808557129
0.122629333717203 0.413222568226989 0.183961229728504 0.280186868327304
0.310323929165201 0.155810135644249 0.152427775401353 0.381438159789197
0.112832440448403 0.271008268025194 0.264890100800503 0.3512691907259
0.257648566636219 0.195426359582906 0.337721572359954 0.209203501420921
0.235932168540086 0.354430392063931 0.0932141760836564 0.316423263312326
0.387795403831777 0.360415879975697 0.0323716808835928 0.219417035308933
0.354617701513003 0.136901971946122 0.345675957414996 0.162804369125879
0.13382709293899 0.367844732557682 0.317224658863137 0.181103515640191
0.28003272917528 0.350239497896218 0.149590401701274 0.220137371227228
0.311513951513594 0.307625005502846 0.0748032042219935 0.306057838761566
0.126016696499674 0.287916067193552 0.256027946287944 0.330039290018829
0.516323945333563 0.245103433260868 0.0770985123068315 0.161474109098737
0.0836708832365207 0.565333467763323 0.246619162470238 0.104376486529919
0.270496407018242 0.129494628143472 0.260487542424116 0.33952142241417
0.510795244732122 0.0321937357596206 0.338630741974511 0.118380277533746
0.276008210361177 0.255280876696108 0.45710256549347 0.0116083474492451
0.260156730854808 0.329566195926044 0.214497205927735 0.195779867291413
0.0295704533341444 0.440387094184083 0.495495329867783 0.0345471226139893
0.358995573300372 0.136845430907502 0.348433262091372 0.155725733700754
0.472542694212215 0.192297608959705 0.192855932443071 0.142303764385009
0.287208087357918 0.0024900895291778 0.487552736855678 0.222749086257226
0.170906863956796 0.466672884841441 0.0489221469584396 0.313498104243324
0.137944543730936 0.444741058435486 0.396011892186507 0.0213025056470704
0.13669868268158 0.203765404898455 0.470699338713677 0.188836573706287
0.0268488893354304 0.56858506152736 0.316135644730779 0.0884304044064305
0.230838484268074 0.216118380188499 0.254834267524312 0.298208868019115
0.249226535435515 0.222849042689084 0.252029447795201 0.2758949740802
0.358522968777104 0.00219553238292153 0.299842858094931 0.339438640745043
0.244917692900182 0.356460083994668 0.0122520135280483 0.386370209577102
0.197742786478662 0.482813538594628 0.138991317815109 0.1804523571116
0.552610528243299 0.092694071646131 0.101367924818463 0.253327475292107
0.151035563442921 0.318678364706392 0.43363244475207 0.096653627098617
0.193058324213134 0.574385686469503 0.088214711273124 0.144341278044239
0.243765126463138 0.026797634825044 0.200412875365729 0.529024363346089
0.176923257955555 0.141601582695101 0.567570586633709 0.113904572715635
0.298286477255818 0.347174756678387 0.00952215104853528 0.34501661501726
0.111554835001149 0.250462348045992 0.403509688382676 0.234473128570183
0.332169699132965 0.3019501869633 0.196939242127488 0.168940871776247
0.206297428983579 0.408216451077853 0.274666352560279 0.110819767378289
0.122696097450984 0.33877205915979 0.291165974066859 0.247365869322368
0.362026788191263 0.0908194924601968 0.229873049692236 0.317280669656304
0.138129481121153 0.26230650327359 0.403556415648921 0.196007599956336
0.288804818957198 0.265920829966421 0.377846251138295 0.0674280999380862
0.364647099375515 0.160040879457068 0.09485134789606 0.380460673271357
0.567159634783009 0.0533246007676457 0.105212123227128 0.274303641222218
0.0425105312366704 0.14272209658491 0.394054914127329 0.420712458051091
0.202719503340192 0.346916001797018 0.334860130585681 0.115504364277109
0.207300602470502 0.482017110674821 0.23958547426104 0.0710968125936372
0.507891941979579 0.0523970249855585 0.400674151323387 0.0390368817114758
0.0858892559027195 0.39602537282785 0.489725013760851 0.0283603575085801
0.139528898012638 0.228394302036083 0.412925884609357 0.219150915341922
0.211223297438807 0.50707447542798 0.0927944355238698 0.188907791609344
0.00493481223931076 0.558996862895686 0.0606929571285339 0.375375367736469
0.226826312475639 0.300282342959885 0.130164907977863 0.342726436586613
0.400584313966662 0.14295307806402 0.262257296903147 0.19420531106617
0.0886353434075062 0.381260464695031 0.406720222661266 0.123383969236197
0.256493378111871 0.404496133156611 0.309070641779834 0.0299398469516841
0.382333418422144 0.22200246381563 0.346756865077728 0.0489072526844982
0.0528665754402369 0.0731319328156775 0.146161191570083 0.727840300174003
0.670392043020814 0.216767593490611 0.10477714670209 0.00806321678648469
0.289952406129044 0.244289320972136 0.205108597574193 0.260649675324626
0.384221254060181 0.032341431472589 0.303618535480103 0.279818778987126
0.112806286709488 0.233771364728509 0.222206789388926 0.431215559173077
0.273486603282044 0.235180949359046 0.432176680736524 0.0591557666223871
0.262247192002611 0.118176392333059 0.270208692578705 0.349367723085625
0.0703133386962685 0.424559745396763 0.396719386361835 0.108407529545134
0.0221027524226468 0.0918225831068877 0.472837531100604 0.413237133369861
0.0262937750839673 0.0160536002059657 0.292703406620511 0.664949218089556
0.287297343584662 0.480754523580123 0.0262108169662022 0.205737315869013
0.227444111929991 0.27724461186745 0.267613007658126 0.227698268544434
0.244070070927093 0.322958399024956 0.215374117782722 0.217597412265229
0.00579105269419042 0.570231631461066 0.203281800934226 0.220695514910517
0.525773639017336 0.0287267453093729 0.135882331738938 0.309617283934354
0.331833764054847 0.173803962525452 0.184344572927174 0.310017700492527
0.0619839485273938 0.511669135299554 0.230736964716513 0.195609951456539
0.279239275878803 0.25954662684812 0.184029074858504 0.277185022414573
0.249133641767655 0.298358072299799 0.235071043861717 0.217437242070829
0.0752348604115926 0.400240125223822 0.206144858298171 0.318380156066415
0.0331370182471578 0.218560390892167 0.121539440273281 0.626763150587395
0.275662082846749 0.441931027130252 0.0817450395708534 0.200661850452146
0.224936478305213 0.415151497550598 0.0561018440757053 0.303810180068484
0.385961311562025 0.281560815646709 0.228175601070129 0.104302271721137
0.0298150545616382 0.410301099754744 0.346801475785774 0.213082369897844
0.230632407642619 0.115745748651653 0.278308115795658 0.37531372791007
0.249302317526363 0.26352380297554 0.48111816372872 0.00605571576937809
0.00640751236472176 0.200547363544009 0.717829092717968 0.0752160313733015
0.0132323285468912 0.417317173310661 0.329384843340405 0.240065654802043
0.030067346343334 0.0220193790210071 0.532872496765275 0.415040777870384
0.285680361086398 0.180567708854897 0.33417726284668 0.199574667212025
0.222214712170832 0.201394382494068 0.420657790030186 0.155733115304914
0.37612471274566 0.157236903107117 0.303966244947363 0.162672139199859
0.0433233551805494 0.433167704921404 0.32798347690721 0.195525462990837
0.131001534806291 0.282215668448581 0.128397428873865 0.458385367871262
0.454986270001547 0.113396259845806 0.191582191662604 0.240035278490043
0.237224525433299 0.375551333091731 0.0290170112594376 0.358207130215532
0.161724996719326 0.24273489828963 0.462554401831627 0.132985703159418
0.24591530867112 0.300977491741192 0.199387656403445 0.253719543184243
0.162672110941963 0.335870736144102 0.448879287814574 0.0525778650993613
0.375567297014596 0.174580472332572 0.298646684972045 0.151205545680787
0.330027271993645 0.207547246314917 0.375578403040643 0.0868470786507952
0.202184944420695 0.242041952620463 0.370800371670422 0.184972731288421
0.294916711829673 0.287289418314729 0.194742912686436 0.223050957169162
0.346449486423465 0.20895926180956 0.38129580648161 0.0632954452853654
0.411157407931673 0.264454324765218 0.224064773118095 0.100323494185014
0.212529116567437 0.0667814891073015 0.572809787583573 0.147879606741689
0.406060396015126 0.255528343503212 0.112471749543694 0.225939510937968
0.281833084104005 0.177659289402325 0.329089140628004 0.211418485865666
0.20962190457385 0.379048180829497 0.196397256309264 0.21493265828739
0.0932774674047968 0.532416067389526 0.178364649060313 0.195941816145365
0.0315229257718122 0.136125124487253 0.00916215464997877 0.823189795090956
0.239757189552065 0.282517577426413 0.320115900396569 0.157609332624953
0.469651640857379 0.0766564667913539 0.0538275213210885 0.399864371030179
0.231010062052505 0.121901222627123 0.0599830750506963 0.587105640269675
0.221078718079832 0.0758856212330737 0.259414396467677 0.443621264219417
0.256549107664403 0.193405952318443 0.277934290333968 0.272110649683187
0.402945251271802 0.23530667790669 0.087201537707527 0.27454653311398
0.0982146759879106 0.349322467138759 0.387239440437195 0.165223416436136
0.225367314361276 0.125803190277053 0.537536925572675 0.111292569788997
0.292319592036027 0.214553617396778 0.104891632560231 0.388235158006964
0.269415452621404 0.221690825231881 0.382616839178616 0.126276882968099
0.135646241157089 0.241710358696651 0.473222798240029 0.149420601906231
0.334675216965801 0.266121579150349 0.172632059818751 0.2265711440651
0.269561301725371 0.162950412784776 0.363088566980637 0.204399718509216
0.0402691321718898 0.468637682900709 0.19959529656987 0.291497888357532
0.0616007003395096 0.372820927981618 0.360371261307663 0.205207110371209
0.377132767432285 0.356903830040473 0.186527655872442 0.0794357466547995
0.307221424543496 0.334397450310217 0.269627098749152 0.0887540263971352
0.220263947504161 0.303481699932939 0.186258010121188 0.289996342441712
0.245782486023786 0.291987147503134 0.228887554838664 0.233342811634416
0.248390828742112 0.340204444332742 0.166336060788295 0.245068666136851
0.0479153103565589 0.201401278430508 0.470527133753046 0.280156277459887
0.4322093691297 0.194395458524657 0.0597673327461194 0.313627839599524
0.26686964830741 0.0587376239299816 0.549595359980133 0.124797367782476
0.397287834603907 0.249446493268154 0.104084229109278 0.249181443018661
0.361972247265983 0.0909269079713105 0.31761930284095 0.229481541921757
0.203239460287756 0.24545124579121 0.205983525565637 0.345325768355397
0.0556124912313018 0.235201707904804 0.0704725420017048 0.63871325886219
0.206404235396709 0.0794189669543049 0.446260537809045 0.26791625983994
0.241820728256669 0.213923722673063 0.460881430452566 0.0833741186177017
0.0647151662971104 0.0620216696570808 0.571151969509519 0.30211119453629
0.328049538934575 0.326473208813969 0.00393914811538635 0.341538104136069
0.141604455920615 0.0787809647623897 0.30576365990369 0.473850919413305
0.222434896038971 0.402752285052672 0.373080936167727 0.00173188274063088
0.0321133634606905 0.214649983385366 0.484833644464936 0.268403008689008
0.288265980923333 0.172852289479367 0.218787044438474 0.320094685158826
0.298336545501377 0.259031093186252 0.138648227140045 0.303984134172327
0.222333054457751 0.233753949069142 0.316423622842307 0.2274893736308
0.7593263367515 0.0956773164185232 0.104906669695359 0.0400896771346183
0.160613377256796 0.561462835170957 0.0782406750377331 0.199683112534514
0.46936896656651 0.0379251180631633 0.143423651280058 0.349282264090269
0.259949368063756 0.265248078735953 0.176669154248536 0.298133398951756
0.127447519566669 0.274576428401698 0.413188857007112 0.18478719502452
0.462275189196576 0.165892893966485 0.147763718313381 0.224068198523558
0.294554894747675 0.140254269835346 0.371969540008623 0.193221295408356
0.0172005538177026 0.276931958128203 0.24910728507892 0.456760202975175
0.122626231276675 0.379733618146034 0.229050232353391 0.2685899182239
0.385670533211716 0.198677884668884 0.0906390565901181 0.325012525529282
0.00712953664697128 0.350128678022693 0.373208090565738 0.269533694764598
0.255816622171001 0.407299320475545 0.207305423688615 0.129578633664838
0.271276324997584 0.168075540396834 0.281937439809788 0.278710694795794
0.0675668999801979 0.30763976726296 0.413308897506508 0.211484435250333
0.239198974691354 0.171939302905198 0.0762156863620368 0.512646036041412
0.245516009870057 0.41881877414649 0.288841870772777 0.0468233452106764
0.151487661381341 0.176793045973591 0.316733337613749 0.354985955031318
0.332143323437272 0.229653560274038 0.0652302845536919 0.372972831734998
0.125522064285212 0.0689910934653056 0.58173026175549 0.223756580493992
0.310220340097302 0.160813083025054 0.421254171624558 0.107712405253086
0.395280349804021 0.240513859990344 0.175649668747084 0.18855612145855
0.00865074066981428 0.441662672514758 0.290816192672263 0.258870394143164
0.0400370983509465 0.468532715124864 0.490372326669207 0.00105785985498172
0.148835594092386 0.23558392225536 0.313484826474972 0.302095657177282
0.272007964429961 0.513835906724808 0.00728761985947949 0.206868508985751
0.111180214244711 0.172837911048182 0.382024704043584 0.333957170663524
0.221140652381927 0.318314266127566 0.31216615433109 0.148378927159417
0.0920043528563979 0.156964490264922 0.483676695308971 0.267354461569709
0.452477424187288 0.0393165839010636 0.258761768537727 0.249444223373921
0.291855296836866 0.307948550852552 0.245589871347522 0.15460628096306
0.432754335041696 0.0259943204368226 0.425804702511789 0.115446642009692
0.484499298976202 0.358187957911261 0.0716157921192979 0.0856969509932398
0.152655329582205 0.283798694606651 0.215588323015639 0.347957652795505
0.178140676619722 0.250105902655991 0.242211194552007 0.32954222617228
0.371504259255116 0.167375867104683 0.285475080100898 0.175644793539304
0.189988540559891 0.189857727208641 0.34028892873049 0.279864803500979
0.339150507507631 0.22817929359397 0.222024398271116 0.210645800627283
0.46368325042511 0.146174992465454 0.386375582033884 0.00376617507555126
0.213127417418287 0.16990883827347 0.183990226377541 0.432973517930702
0.184499883350857 0.294026624750107 0.176218536011031 0.345254955888005
0.292591693933096 0.308069042102221 0.125655826679704 0.273683437284978
0.364203360669962 0.269527222645517 0.202511363074112 0.163758053610409
0.474967526040531 0.456376442589045 0.0268337732660719 0.0418222581043529
0.417627423285363 0.258149166364006 0.226780725988758 0.0974426843618723
0.331804899655541 0.174567650129448 0.189342623587327 0.304284826627684
0.339150599519956 0.246874132970906 0.116220522415545 0.297754745093593
0.243709345556146 0.296359238739148 0.157839570544199 0.302091845160507
0.259108197984863 0.284367338566259 0.164869060193255 0.291655403255624
0.326404920778358 0.436439439866916 0.107749377817888 0.129406261536838
0.297465125379728 0.352203641160412 0.249810910886808 0.100520322573052
0.0647813059423673 0.46508671762751 0.182833452784626 0.287298523645497
0.0224282940864347 0.231994807889023 0.465896709978641 0.279680188045902
0.236574729892129 0.38250259315347 0.0819358705369026 0.298986806417498
0.170324329278568 0.109973433546255 0.317424656145787 0.40227758102939
0.289858857551361 0.0746063797631891 0.320439688315573 0.315095074369878
0.0419416796613013 0.34256060719406 0.399401558680786 0.216096154463852
0.63043953774755 0.257806257132754 0.0790754049635242 0.0326788001561718
0.470361716030107 0.285667012338645 0.137322587848902 0.106648683782345
0.345956820095518 0.0601236659961877 0.343668559775874 0.25025095413242
0.369271127695516 0.395481482428941 0.115878025453917 0.119369364421625
0.080557318491468 0.333614187945565 0.00967334623167452 0.576155147331292
0.117834163260457 0.255837754578826 0.284326334203566 0.342001747957151
0.306834332859288 0.153759629145299 0.526867737699669 0.0125383002957436
0.0876195829056206 0.488190399818825 0.260481023191103 0.163708994084451
0.511183650205342 0.193480973866071 0.063112586739111 0.232222789189476
0.461481327767156 0.186746098819528 0.0958642940503863 0.25590827936293
0.0216403380436113 0.596892862217259 0.00242529570353288 0.379041504035597
0.429666479402263 0.146812972853574 0.387602417200809 0.0359181305433544
0.291793894911392 0.365011651859857 0.202459563679563 0.140734889549189
0.127698672104399 0.116110601643502 0.371022427038482 0.385168299213617
0.0325428015089376 0.479968868866554 0.268104659401538 0.21938367022297
0.426598237440595 0.287289223011537 0.225545680508692 0.0605668590391762
0.0311148740762787 0.220754461731478 0.146103726324246 0.602026937867998
0.431253488432703 0.140455673241536 0.415941552306252 0.0123492860195091
0.250640002012229 0.149730313401969 0.300344781235206 0.299284903350596
0.323315270243178 0.332244424129472 0.135473081930144 0.208967223697206
0.268011180800845 0.319186109374919 0.237229996588701 0.175572713235536
0.475054354514208 0.0265204756485059 0.304594116853922 0.193831052983365
0.322354722483614 0.216368110837279 0.213255322609145 0.248021844069962
0.473230586988011 0.0277757917147205 0.108142297279857 0.390851324017412
0.290765482150992 0.273261719412839 0.289427603275418 0.146545195160752
0.286698074970536 0.365110552031143 0.230866138560558 0.117325234437764
0.150163734349034 0.338859604398963 0.321047537631575 0.189929123620428
0.363228566782657 0.109906977978001 0.0588931728900114 0.46797128234933
0.344753308207762 0.369989689142937 0.18575906321899 0.0994979394303106
0.160545444367046 0.0500477282824178 0.687648740793042 0.101758086557495
0.266292492715189 0.497652185879135 0.157195023719479 0.0788602976861976
0.219413163721442 0.263652663652691 0.259671952762203 0.257262219863664
0.132781632907033 0.303791768426876 0.400095444691017 0.163331153975074
0.438039628050406 0.0499568083879879 0.0487238789740982 0.463279684587508
0.175984221026558 0.202996820576827 0.138720306808031 0.482298651588584
0.101136967644385 0.391857476847258 0.395453756569468 0.111551798938888
0.252713295442546 0.0583306736530746 0.347343365466318 0.341612665438061
0.405820824195023 0.239330953774987 0.133003650141004 0.221844571888985
0.297550907387341 0.0211146966214093 0.392539126797126 0.288795269194124
0.123098262136026 0.113200301475207 0.446388583973118 0.31731285241565
0.538739044335017 0.0218016488525636 0.0255146888287555 0.413944617983664
0.152217422085872 0.100935683007221 0.339046195271697 0.40780069963521
0.249500259433428 0.248586043311572 0.260374208173818 0.241539489081183
0.321802328219626 0.276519532390024 0.0822832174499634 0.319394921940387
0.273641916547422 0.175507540408728 0.263148991291786 0.287701551752063
0.268235073083618 0.244879747358979 0.26188716364628 0.224998015911123
0.333687368629601 0.185893015511516 0.109572964578089 0.370846651280794
0.391647840705267 0.208029589620372 0.354274493734717 0.0460480759396445
0.0501675672077589 0.839798723581441 0.106741858646944 0.00329185056385631
0.0384122046255362 0.31379464270858 0.298677410758665 0.349115741907219
0.0568492672903676 0.492370375566763 0.379429947800568 0.0713504093423013
0.0791180821473506 0.0955880957705027 0.603177061882742 0.222116760199405
0.0792552542930384 0.318589058902045 0.432002908058845 0.170152778746072
0.25644466759286 0.269132196714114 0.214798602224073 0.259624533468953
0.0704267069423682 0.357523156173618 0.270534751796703 0.301515385087311
0.563056268847332 0.191769558787516 0.0675999573851415 0.177574214980011
0.314319453808944 0.417638341828514 0.12370333915986 0.144338865202683
0.334271655745885 0.0546787732173926 0.207945075756893 0.40310449527983
0.252215221086619 0.279401254393476 0.278249327064267 0.190134197455638
0.28945962128144 0.28173589065106 0.24505484699193 0.18374964107557
0.0495712977337548 0.510369503329394 0.15825922147988 0.281799977456972
0.512944538996259 0.342497373611148 0.0430855313001832 0.10147255609241
0.411795666095727 0.173759149368401 0.395288525000633 0.0191566595352384
0.257674290422642 0.471596705564528 0.149263397681592 0.121465606331238
0.138963266046652 0.459809572326701 0.29945236659934 0.101774795027306
0.195986012628779 0.395190368547825 0.0806430937379722 0.328180525085424
0.540626029512797 0.212658141651665 0.057795619835337 0.188920209000201
0.246625421225139 0.195401408486011 0.286381319104307 0.271591851184543
0.0916659062981079 0.386481754860316 0.354259311723415 0.167593027118161
0.43773602730503 0.483125620810067 0.0169797632769255 0.0621585886079777
0.143450707086388 0.322367085441571 0.292875261816104 0.241306945655937
0.208147545399734 0.209140177417323 0.229180870612393 0.35353140657055
0.0168025379948349 0.546261280129853 0.0732819244731398 0.363654257402172
0.139045435162826 0.436943476716658 0.167386904711286 0.25662418340923
0.2903960555321 0.219843389680043 0.0635572394541231 0.426203315333735
0.116448397624453 0.338266063479348 0.340228395134803 0.205057143761395
0.306115673948512 0.310294629223061 0.0941497176159069 0.289439979212521
0.265252522701931 0.275877022313179 0.160674741380661 0.298195713604229
0.328285762484125 0.471870084553421 0.0756122344810823 0.124231918481372
0.381622387312143 0.343924441032962 0.175792427955093 0.0986607436998022
0.127083896373616 0.227339137367512 0.253633156289656 0.391943809969216
0.160227031200621 0.0737517575217276 0.451497297585079 0.314523913692573
0.422361878011486 0.0586099836406586 0.287926317160655 0.231101821187201
0.219508541220284 0.290627161112265 0.269546016562113 0.220318281105338
0.149228255524598 0.0924803140521348 0.430885889122093 0.327405541301174
0.510353829924409 0.0333800071999449 0.373174681655788 0.083091481219858
0.265808115219121 0.326799041330076 0.176566197316698 0.230826646134106
0.221629524056916 0.282601188766222 0.307359485535531 0.188409801641331
0.228302434565266 0.0348628165594495 0.424730892102203 0.312103856773081
0.0218518383037135 0.526133770620016 0.129792419644133 0.322221971432137
0.255947276045422 0.143982861605084 0.423514773518966 0.176555088830528
0.120336779720691 0.270426496874382 0.436967586915864 0.172269136489063
0.244388104523074 0.313894850017887 0.191597240039542 0.250119805419498
0.369324590969478 0.346523514263072 0.158729842923942 0.125422051843508
0.0884989009116323 0.154166238233913 0.147866887369408 0.609467973485047
0.102341214965711 0.289549266652095 0.427125770191194 0.180983748191
0.294524989169332 0.279712500594365 0.133559285477863 0.29220322475844
0.0730483164907604 0.12534449389442 0.504521460107393 0.297085729507426
0.152750267683757 0.385198204856037 0.410303465983489 0.0517480614767175
0.257997110651247 0.12109192762206 0.318505265842199 0.302405695884494
0.237193401321614 0.307068236771375 0.175507009576343 0.280231352330668
0.463594836101897 0.00552368520205542 0.279142219241468 0.251739259454579
0.137831792896437 0.380558381891006 0.109549416586749 0.372060408625808
0.370312928717219 0.0874574377294808 0.38187205140004 0.16035758215326
0.147648393918067 0.168837306996139 0.423405295645918 0.260109003439876
0.280091779196451 0.576652535212664 0.0680266643951005 0.075229021195784
0.439410924254456 0.256139207733962 0.132197707077074 0.172252160934507
0.387244866378924 0.353908725840874 0.082087748870911 0.176758658909292
0.209083172232044 0.221531483353165 0.345004890066126 0.224380454348664
0.0195880806313414 0.0909869136558093 0.173439296147483 0.715985709565366
0.363993569379194 0.0271349379437819 0.290306945490991 0.318564547186034
0.116185214771405 0.512189472010786 0.0613663782614519 0.310258934956357
0.023928811456867 0.290393183735586 0.430780918462733 0.254897086344814
0.348047641267032 0.0536176805892523 0.0890975222993713 0.509237155844344
0.143755013703768 0.39914986964084 0.358893955299087 0.0982011613563052
0.193258727564163 0.223028708020492 0.261145550575237 0.322567013840108
0.260817970314043 0.350493929345983 0.195566325429105 0.193121774910869
0.441352040440439 0.182655577410287 0.213357781759113 0.162634600390161
0.0378735626527706 0.0923068897791798 0.70710786628079 0.162711681287259
0.0672727646214726 0.236694481304318 0.168177735351296 0.527855018722914
0.0967586006936973 0.345553864408589 0.222687246429002 0.335000288468712
0.00139005474069408 0.484704431512698 0.213966105398449 0.299939408348159
0.226799440341959 0.326469426108797 0.187555656791827 0.259175476757416
0.523379321659462 0.305491317468534 0.0179676999280493 0.153161660943955
0.268620320530506 0.215322054816373 0.261646864931925 0.254410759721197
0.270423005513609 0.282476594487809 0.30037060504523 0.146729794953353
0.435917805276021 0.167397920067978 0.0626819595168713 0.33400231513913
0.154700950778553 0.421703172691856 0.0724115298298326 0.351184346699758
0.170860920452904 0.355474263334438 0.0621785966216176 0.41148621959104
0.0342843893875445 0.448105458041422 0.256795340898768 0.260814811672266
0.306814362099948 0.153965176366964 0.339503223567181 0.199717237965907
0.235377687836764 0.17238024403993 0.358863609599222 0.233378458524085
0.276715409730585 0.319430130505705 0.318924321641204 0.0849301381225066
0.218454920273303 0.500287740875363 0.0608309833039954 0.220426355547338
0.0356332470393367 0.234441938778697 0.314260953285422 0.415663860896544
0.221448198215009 0.316831522276514 0.223027740192442 0.238692539316035
0.435756225096318 0.233299412714719 0.157426436210209 0.173517925978754
0.152425026794852 0.36792120678523 0.274392678208652 0.205261088211266
0.166205859371863 0.184171041866876 0.397147424050634 0.252475674710628
0.133476051610116 0.251202555042318 0.0948424792841768 0.520478914063389
0.184514627250591 0.109202931310709 0.655750313976986 0.0505321274617133
0.254396544453288 0.336751051713717 0.130234004049795 0.2786183997832
0.45667113213114 0.120436379135435 0.0229450008849744 0.399947487848451
0.348450063964326 0.0792746947003157 0.319686708078097 0.252588533257261
0.0181222772442726 0.25158842835687 0.379743151420664 0.350546142978194
0.376897819095149 0.280196743442116 0.222454573485076 0.120450863977659
0.00332928364988389 0.357170817565702 0.458445677572351 0.181054221212064
0.425669163579598 0.0333408902560536 0.265009433091447 0.275980513072901
0.345692196606198 0.300335717180126 0.17168788085543 0.182284205358245
0.573060158173825 0.231150405274764 0.0859149214572437 0.109874515094167
0.0846154712076231 0.382463498593044 0.322777491080369 0.210143539118963
0.366716894770797 0.127915623263218 0.204549103081295 0.300818378884689
0.195422441594549 0.0150912270207715 0.72060121581797 0.0688851155667089
0.0312091372813562 0.493393063242349 0.428134060275292 0.047263739201003
0.274257526921164 0.276101104137469 0.0682178468146602 0.381423522126707
0.224131534377459 0.371713460680797 0.136955941356778 0.267199063584966
0.41256969496237 0.0352498595468982 0.310881227683404 0.241299217807328
0.203958512884701 0.240863595742994 0.30479854636744 0.250379345004865
0.483174319468007 0.031102889609629 0.325610709528922 0.160112081393441
0.277012136778743 0.237323081800846 0.280580955053492 0.205083826366918
0.309500876807534 0.252756679737382 0.237964632004713 0.199777811450371
0.327200668339092 0.0819291087701654 0.440716165906728 0.150154056984014
0.27604133975843 0.19947709063111 0.291076983622538 0.233404585987922
0.393093058631735 0.0734699821262778 0.284166599087837 0.249270360154151
0.313392366775464 0.377998739193209 0.124153444514099 0.184455449517228
0.302014640526321 0.181776204465668 0.25741806245623 0.25879109255178
0.193038743054323 0.287696226775901 0.307250466313815 0.212014563855961
0.270123566160091 0.125751396049292 0.393992957769441 0.210132080021176
0.145742805090553 0.0283097797925276 0.325973427480455 0.499973987636464
0.428022192568276 0.33307987423378 0.0816727816342671 0.157225151563678
0.281077623315337 0.336576549985251 0.179625623950653 0.202720202748759
0.36070028157114 0.297436036706395 0.0881309230714568 0.253732758651008
0.30035232690611 0.347957064146111 0.108973226958548 0.242717381989231
0.238451597633113 0.428432700637721 0.314200299874186 0.0189154018549803
0.0841115483193442 0.459204097095181 0.326684682798307 0.129999671787168
0.109216210359395 0.618278512058434 0.0790308078810989 0.193474469701072
0.0669839988150436 0.384655246622225 0.254024174811 0.294336579751731
0.078939398598706 0.266203713076583 0.240668517577706 0.414188370747005
0.356249620521576 0.423463039716394 0.204497206535443 0.015790133226587
0.282195452211884 0.335823172688242 0.302121735167225 0.0798596399326492
0.0415487284505501 0.16741511232794 0.384865141481396 0.406171017740114
0.0130408691023047 0.211678865978921 0.384146152662763 0.391134112256012
0.358573247192124 0.360978975740261 0.0577992929191714 0.222648484148443
0.257284877720051 0.038157576589898 0.422207430856948 0.282350114833104
0.194578569291128 0.288816527423118 0.265372925070309 0.251231978215445
0.0771860434552362 0.384677403837493 0.203223556093386 0.334912996613885
0.0195114077175402 0.333653026490022 0.413549432525748 0.23328613326669
0.0958997366135502 0.328087174327223 0.31432169953851 0.261691389520716
0.180013541527044 0.45431851275886 0.290977280573687 0.0746906651404085
0.273109381352852 0.249958608911456 0.2753523050622 0.201579704673493
0.0687847714210841 0.293468584903647 0.250838132736612 0.386908510938657
0.0338655545140474 0.284650263129011 0.202835217567835 0.478648964789106
0.180935468842624 0.365060268278215 0.25231086611544 0.201693396763721
0.304470686343625 0.0210773640836282 0.455737281127377 0.21871466844537
0.449551305459185 0.015489100099953 0.234000160383104 0.300959434057757
0.278378213389457 0.316960000618299 0.0785088673314244 0.32615291866082
0.223339663601504 0.36003022788776 0.29018558519263 0.126444523318106
0.487259589822871 0.317840013350621 0.13535705322427 0.0595433436022388
0.0845785129621869 0.41373034729404 0.402658627646547 0.0990325120972261
0.116458064489221 0.252164292725202 0.252942513899401 0.378435128886176
0.291970642394424 0.0660158648730451 0.434759747073987 0.207253745658544
0.266302447825936 0.161975407113882 0.302191118505909 0.269531026554273
0.0797931133762205 0.36485724370514 0.277301939024356 0.278047703894284
0.329799019288422 0.290605216162968 0.202121810657884 0.177473953890726
0.133802712751127 0.369461973877473 0.0188775832054249 0.477857730165975
0.383836645063245 0.448686768845771 0.162928151159113 0.00454843493187126
0.210031780073177 0.46494414061423 0.11489793943194 0.210126139880654
0.0948883293069236 0.306190077143093 0.295244961906714 0.30367663164327
0.136414401670559 0.153480734778681 0.415778798898656 0.294326064652104
0.319505934524002 0.31392107921038 0.27214315507801 0.0944298311876072
