0.102849798341287 0.0479786990612377 0.185678818943021 0.217723120050005 0.0495605269044907 0.122817201652365 0.078958307699576 0.185082616191975 0.00935091115604167
0.046186179229293 0.0994064034124463 0.134256069760627 0.05150702926926 0.163825404823378 0.140551535209211 0.0370271167180233 0.15509610628145 0.172144155296311
0.186127831660653 0.0129455632962673 0.138310836449256 0.18099356327202 0.193510139654373 0.0371504288200293 0.105216614365137 0.130920560651367 0.014824461830898
0.148196252822576 0.121184588134997 0.00193880075488348 0.15865169906805 0.010715325478459 0.117825691422214 0.0870657048683292 0.186981376035134 0.167440561415358
0.0716076001377652 0.135200128994954 0.175713023260918 0.131049776731763 0.149817993870273 0.113762394121243 0.155027851516826 0.00462010195773239 0.0632011294085249
0.0913847795699086 0.0571144695265764 0.0813426241590971 0.157940442442673 0.0878044931415791 0.128016096301211 0.172830830652473 0.137696446128735 0.0858698180777459
0.0731809400561143 0.0178027475534477 0.15508908612167 0.198933461034552 0.300327464395823 0.191164442900979 0.0043928966113456 0.0154699412568192 0.0436390200692496
0.212594972152548 0.0182582270394209 0.0247387716530809 0.0324885842098036 0.215699286495741 0.147878626580102 0.126252006564587 0.182732342434215 0.0393571828705016
0.257689755782694 0.0221766255829226 0.131735995515688 0.22676835399059 0.161958833967339 0.0532701575105906 0.0354315984239056 0.0764465109674002 0.034522168258869
0.0772885214314171 0.209757641954655 0.00878965027627897 0.136650106168941 0.115003928537082 0.0886433631539484 0.061920849246004 0.218869863485803 0.0830760757458711
0.200503571615224 0.138758464200883 0.0876211904579453 0.134642376765018 0.0685702456984984 0.159402519614563 0.146731051972063 0.0164094771347537 0.0473611025410522
0.035920940637682 0.149045017428755 0.157207071063879 0.225964172059147 0.00249693486269829 0.0904683351953669 0.0437319383699937 0.101420413514807 0.193745176867671
0.138707182087994 0.0908878050273133 0.00991402869488256 0.134666216911407 0.133786886857338 0.126772993417055 0.147677747221643 0.0678197126839958 0.14976742709837
0.159183035047095 0.173723152430025 0.0394281464954774 0.118880616656023 0.0918441183220709 0.0327103446289256 0.107922591164108 0.112872391450896 0.163435603805379
0.0344662611142615 0.198452351206913 0.16309791709743 0.0333714170518019 0.0471719429916935 0.0632198599269121 0.196701648297677 0.195757471658649 0.0677611306546623
0.12775422261258 0.12724115482482 0.0335595845474699 0.149198598922325 0.149587251916342 0.162157132415424 0.0854363516963338 0.147002735744416 0.018062967320289
0.0976998756496025 0.125115542168162 0.18633432302418 0.0867070541604133 0.143026714589121 0.0909054278480595 0.0294846534545867 0.0661657826738549 0.174560626432021
0.148260824808143 0.147427031550903 0.168805697735495 0.0548068146474319 0.0257163527616786 0.0502175253856046 0.166578098022251 0.154402374388322 0.0837852807001699
0.0126705050581582 0.176054782242651 0.147397711085436 0.042358068036191 0.137307872594968 0.186219705098784 0.0968290564160951 0.160085604482603 0.0410766949851146
0.0546342051549867 0.162192018980998 0.0854594438604237 0.0923598530633933 0.00660573872997751 0.195372911373338 0.102303838747494 0.218723019404418 0.0823489706849704
0.146362713179165 0.0791635321108043 0.0595338904389589 0.0463369300173513 0.143302866429649 0.166826801391493 0.150852812726155 0.0477108161881904 0.159909637518234
0.0189018679669802 0.176083405410609 0.137291725883486 0.0893743454823697 0.0885426067281429 0.139674200410376 0.191849624478276 0.0600119366503852 0.0982702869893753
0.123827865214969 0.0364136751539739 0.0153069148814981 0.14701151721124 0.121126203550448 0.172214832000462 0.0723629902269381 0.134672865976485 0.177063135783987
0.121288178400023 0.104010490167535 0.0939789694191018 0.108960560700002 0.0596003544620207 0.103472890081698 0.160789983165719 0.120840335580327 0.127058238023573
0.0685076049148781 0.161456298808751 0.058665902233152 0.0422551295536052 0.00317252517953268 0.23527085736487 0.203040127844691 0.13292511484111 0.0947064392594097
0.0331339722605788 0.179931774432635 0.0463720710394231 0.0770587860081714 0.200278316705974 0.00199830064120346 0.104374295484858 0.0209276866575662 0.33592479676959
0.0643511167262734 0.0973220247735533 0.0795112341433629 0.0120156435409948 0.125124271094573 0.164922771996095 0.012443360152933 0.216207934820936 0.228101642751279
0.146512466879724 0.120862748589071 0.110618457975231 0.0199072222901568 0.222192101504474 0.0637805666491722 0.103679290261558 0.131438778340358 0.081008367510254
0.155023270094563 0.202074213317138 0.0177701721939028 0.118034685660831 0.0266948760001147 0.147069011491202 0.176613275897436 0.070936815430068 0.0857836799147445
0.000989821615129135 0.0063304785524852 0.209800217835745 0.00102267756690484 0.242962940284447 0.301302895900979 0.0222746133262537 0.0303116224204097 0.185004732497646
0.250076490493672 0.177901353931404 0.216043454118344 0.00358900215148845 0.0233808085325795 0.0332754761460397 0.108863605352984 0.145265842727645 0.041603966545843
0.188135983006013 0.0272171447150119 0.0107482523545757 0.00676897602830967 0.0676377060172498 0.0908542162668772 0.292615460625106 0.225691031815532 0.090331229171325
0.0998629597492084 0.232948648618251 0.0596642673293381 0.10044707372065 0.0527900949346227 0.0769627392881751 0.00453171386059078 0.124878332887308 0.247914169611855
0.164999605236373 0.0396536077407278 0.213646730811155 0.0167689801566689 0.190965427620235 0.238418466890892 0.0162353250307747 0.112532498073662 0.0067793584395123
0.201988270259278 0.0414233264329224 0.0184866800790913 0.131674574618708 0.0122189333526542 0.123042299155069 0.0671092302022543 0.179246095270924 0.224810590629098
0.0201515776952464 0.0403753359211179 0.148072145114007 0.0312070915836974 0.0464975320657696 0.228332346079409 0.146152215535496 0.192351851324781 0.146859904680476
0.108139938698886 0.187220600082244 0.109173762998924 0.151308517254972 0.00876794888848027 0.174513816823422 0.0712518400794253 0.102125019203096 0.087498555970551
0.151650322719149 0.0279393580958722 0.0630114527418091 0.152340809320838 0.146263082837121 0.0397152757982194 0.194020236647934 0.115948439143941 0.109111022695116
0.21307373550886 0.122850099501908 0.0112062575818615 0.145288160787704 0.0641555404043707 0.132309093076702 0.0695081029494647 0.0980416601105765 0.143567350078553
0.204889951851955 0.0483885246217895 0.18831291227657 0.149564434407634 0.00532487696874219 0.0837892058451752 0.0807882694137331 0.18868741059596 0.0502544140184408
0.026177241093845 0.239261930205629 0.0169002441169124 0.101506330947778 0.00207213896376305 0.0831690709957077 0.179874641704775 0.107628404332739 0.243409997638851
0.0584960362111802 0.159716236151537 0.10380838186942 0.111141887279605 0.12700796660989 0.024429963379252 0.0949234505793692 0.248349397052493 0.0721266808672529
0.162357034893849 0.164437428470739 0.158937308654064 0.145632748249201 0.0342359388400092 0.00895874600212232 0.0508512014916663 0.104512658783496 0.170076934614853
0.193663704481715 0.0207429937724182 0.113801648265086 0.10679044676926 0.138043286887133 0.124512371419513 0.167727392902787 0.111095583250106 0.0236225722519826
0.127361998192697 0.156428310977998 0.134484603739184 0.157955701023034 0.0378967908608615 0.115134525480265 0.042897050720211 0.094071365147058 0.133769653858692
0.0058758823103145 0.189650760147315 0.0103765768834903 0.190756349073911 0.203012985210247 0.238255153632351 0.0344276230497979 0.0751157088842595 0.0525289608083142
0.211881993381347 0.130465921252029 0.251464094691165 0.100250877939391 0.244975677984152 0.0236197292086806 0.0177453111813392 0.00272079713132209 0.0168755972305742
0.0643919201707207 0.229666837459691 0.201703773705415 0.0690363826710535 0.159574080917578 0.0312828360041887 0.127247968309222 0.0924836028089621 0.0246125979531696
0.138256864442223 0.0977690429699584 0.0440968509219351 0.0281273538142571 0.131704146977172 0.171123841159039 0.160769937875864 0.0593707999174845 0.168781161922067
0.0161743607239428 0.0830236824832722 0.137653338692929 0.197085965583068 0.0639885082225057 0.170253874486007 0.112838777138299 0.040940575312736 0.178040917357241
0.172766639237715 0.0701431119541695 0.149180939877533 0.135045600871816 0.0729599723803212 0.153730150941479 0.21346323478026 0.0310045767562231 0.00170577320048247
0.124789828275835 0.21935962617497 0.132895397004049 0.0604228091383577 0.0463885549447572 0.0944181555830425 0.232701097734566 0.0799615807535886 0.00906295039083358
0.124886815633645 0.0973679247824903 0.052952452100485 0.208290364671506 0.118281095381156 0.0965325129659642 0.0361140055844282 0.145850700990476 0.119724127889849
0.0742399016057869 0.025937739052411 0.207412869200871 0.152018746189313 0.000735315979073138 0.21469175878593 0.18363862061805 0.0522813739304973 0.0890436746380681
0.134455933751587 0.125746220301061 0.141374333430407 0.150589321489767 0.0558102464449632 0.0195490135135833 0.133269687930437 0.104428999637082 0.134776243501113
0.117223697645253 0.15265737786003 0.0674615351313894 0.0951006381359493 0.177433271108854 0.0435879862099956 0.0907090870386286 0.129023364384859 0.126803042485041
0.0970045610196478 0.164092425382933 0.169166882460995 0.131978287591454 0.0624225715590393 0.154361188165635 0.0731747190571182 0.0876494911454447 0.0601498736177326
7.72747687397578e-05 0.146517865628429 0.145525128003313 0.00555735046854084 0.142242483286646 0.0284791949063554 0.100103267570782 0.165051748731469 0.266445686635726
0.151242943782931 0.155324356015142 0.164869516968939 0.0807646667020559 0.0949746809399061 0.0308919287104596 0.0268057360587977 0.188126744685356 0.106999426136413
0.00680995711285993 0.174505343733123 0.0414817681898806 0.126838421754357 0.141159449689577 0.0883106823867204 0.242626869245176 0.0234063079155163 0.154861199972789
0.161052634130119 0.124474063488987 0.0987792099743979 0.00632036268064058 0.134037296332284 0.014900762109513 0.0718680997846867 0.174702317027353 0.213865254472019
0.138993033463396 0.0298285758776502 0.157400905766574 0.0507522797020341 0.172434994504907 0.173368317290792 0.0847597414847431 0.15718571891173 0.035276432998173
0.0865256799420417 0.148149859004836 0.21606064968614 0.0739557433726773 0.0244989531572508 0.0944456816310933 0.174514754599072 0.0438124538775222 0.138036224729366
0.00791427677023995 0.194176333823387 0.00027072214873064 0.0837118509083354 0.129543302220359 0.107026220542614 0.148132697962191 0.0897121356266039 0.239512459997539
0.0451696111515585 0.2058011702367 0.0695440921760661 0.0936750756419177 0.0447260660509056 0.186601389650516 0.23131543201702 0.111934759442272 0.0112324036330446
0.106295360863183 0.0549800852522223 0.0856964740434276 0.139985744081474 0.122692984277094 0.148548529770821 0.155522933427771 0.0846317923057778 0.101646095978229
0.152860912809611 0.158638472770683 0.117820834828531 0.0830654456528036 0.107277779470315 0.00196978731481262 0.10235820094716 0.114296713754774 0.16171185245131
0.156503932201185 0.0866206876658202 0.17944803397179 0.149506746520368 0.0244663848663206 0.139971426561087 0.131525538989588 0.00939229292240441 0.122564956301436
0.0600913059317782 0.0146767994562705 0.144837195570058 0.166118077871033 0.0557304030910439 0.177298299840719 0.0162863255474345 0.197303005833478 0.167658586858185
0.0340366380040201 0.0975919923112885 0.0708185363405935 0.163075333120703 0.105926785872396 0.218164468845147 0.0774864138800735 0.139098263872925 0.0938015677528529
0.130896746714813 0.206708360678724 0.195020658582804 0.0233440519974383 0.196069616535787 0.0440792139530677 0.106282214298779 0.0488937599328189 0.0487053773057681
0.0405760124090818 0.0773743435741301 0.0420017518715264 0.119619854795906 0.0891162343275063 0.204441147739372 0.144534491228336 0.194222770746264 0.0881133933078772
0.0333090134109274 0.180519205207692 0.112294480821812 0.141458342952711 0.0410973603283376 0.187586881561044 0.130703693515781 0.115499103384163 0.0575319188175309
0.0952164623971075 0.164274723066272 0.0271816255144864 0.182874947438016 0.159676240818411 0.135693402402301 0.0577634759957683 0.110575134360584 0.0667439880070541
0.134239048646044 0.00714248856540079 0.203447622827393 0.194470025409123 0.121470043927865 0.0447892669081818 0.0651695053885166 0.180459141955926 0.0488128563715489
0.00429072031305045 0.0855482388549973 0.0296108988628044 0.225173818111677 0.183587904411577 0.14723543757131 0.102384559962231 0.175668818035708 0.0464996038766445
0.110819773412713 0.132366943361686 0.223424743946536 0.148146817899249 0.158710082584015 0.0489112221192958 0.0801118687817504 0.0165207884912247 0.0809877594035311
0.088802188498164 0.0102115314102245 0.133412984374419 0.209028933823626 0.110744255579673 0.0036680738612997 0.101520563336678 0.201407522454933 0.141203946660985
0.0826347250299888 0.117119822251396 0.255029545597161 0.0483553145710686 0.0740445168108711 0.129430939364141 0.0591447396705469 0.00450413081146424 0.229736265893362
0.185760312214466 0.0798163713857843 0.144510677738504 0.184510705869793 0.0537229456261126 0.0828326758606449 0.0406687070939942 0.159294522613386 0.0688830815973158
0.104843618122223 0.0838494170049098 0.0849416306532398 0.138763092282048 0.0129538461418455 0.18059530317486 0.0443874475392917 0.190039236859028 0.159626408222554
0.0118919147983474 0.180453568980412 0.110052409850625 0.100365284875183 0.232181933082005 0.111853723983599 0.205557472977741 0.0426500682858765 0.00499362316621156
0.0834671021366664 0.211811551955496 0.0480824155088866 0.192800784423662 0.118883787417723 0.0682392301805027 0.271711604998932 0.00289979453448014 0.00210372884365124
0.1238521192696 0.17862951577141 0.010596276260314 0.117585117287919 0.189845274807261 0.0750742630039506 0.194153667690464 0.0108587355498661 0.0994050303592161
0.0189704995980739 0.047804291691842 0.196727051700444 0.014600252393695 0.124377992561195 0.118580558710788 0.0835484664565148 0.205101925090255 0.190288961797193
0.0183779821147638 0.119705066386947 0.104250847302925 0.130054810271975 0.149048868927613 0.0924224875730667 0.198098808946062 0.11405700543538 0.0739841230412658
0.0659154279926208 0.150396601843568 0.175590713266583 0.113550534933588 0.138085314463482 0.085454159707201 0.163960081623958 0.0322402398273644 0.0748069263416347
0.255168847876783 0.00740883999158664 0.0116030112148455 0.176185021772773 0.236317552660705 0.103100530110063 0.0538744762950757 0.105211643165536 0.0511300769126319
0.0854741663710466 0.123912553614157 0.0578507448410386 0.145519084262379 0.140138798025817 0.122349369772001 0.0840018434765238 0.107299007919584 0.133454431717452
0.018592654661068 0.0257831612078777 0.159031732410502 0.214822292592351 0.120219909237546 0.1311038552425 0.0545252599415263 0.196426525874983 0.0794946088316455
0.0302932532207636 0.0691302798311096 0.20494201733061 0.109914767730239 0.00591704872250732 0.177461941329051 0.222513438585141 0.0200768543218732 0.159750398928705
0.0601870109150787 0.0471296144970842 0.129694284010737 0.102717493154817 0.0769829558091898 0.1873497129086 0.164980483368926 0.139782604854202 0.0911758404813658
0.152985879901003 0.106974517685324 0.0663693334752519 0.116730638820938 0.132508501537343 0.155558661059164 0.0336057549024659 0.0883101197576398 0.14695659286087
0.0460614086374026 0.227789270719113 0.241754404455302 0.0247607336974247 0.106248852341314 0.0364769299970264 0.155781150608461 0.151428197577761 0.009699051966196
0.0484307345182081 0.115292031973276 0.100064361833056 0.0859626694169295 0.156066242312259 0.13922389913288 0.140603725908249 0.103654402900354 0.110701932004788
0.149746247301872 0.122205675091407 0.133284245050098 0.1331823906464 0.0848619699794616 0.0808041898483743 0.1251706550827 0.107782268333237 0.0629623586664499
0.117313307889724 0.0790657290944923 0.189674756754607 0.00168665994875348 0.0595215221786951 0.210668172854524 0.251295819536399 0.0448091983777511 0.045964833365054
0.00105227414637926 0.182668510259365 0.11930749310988 0.0012361729537862 0.035320893709688 0.147973862550414 0.164776124822332 0.121647752728726 0.226016915719429
0.12597757554791 0.107312006542729 0.217958023457783 0.0356139663708979 0.0756449593522986 0.108837535228444 0.0448756226157642 0.182112699239709 0.101667611644465
0.156870809081563 0.180524718213715 0.0770326065025322 0.0342111589265526 0.10689334431632 0.0849171847313959 0.093335050443261 0.136221063925179 0.129994063859481
0.0215212163755597 0.133539985477793 0.051922153055401 0.0352144320915594 0.212359681655702 0.232523105028205 0.214857318216746 0.00358393861268493 0.0944781694863491
0.0809747907161419 0.182656328663027 0.19659782727317 0.160367666625775 0.0672677244914418 0.0445233598130644 0.0892452769288288 0.0581924604333775 0.120174565055173
0.12939721401754 0.126395882775343 0.100084148178734 0.166902347344391 0.087010685536598 0.1265414964201 0.100607519463312 0.128291699270577 0.0347690069934053
0.042813269696875 0.029575323983575 0.121634738922452 0.0411631369052654 0.170367855464529 0.163705834386892 0.136345715932988 0.12561530611316 0.168778818594263
0.129791746850806 0.0675900419199072 0.13133029920859 0.201528474077767 0.00873951546228072 0.135915995393013 0.0749384842804303 0.125196673051436 0.12496876975577
0.133646273533368 0.147316586355042 0.0565007935305718 0.0748736893353586 0.224915447973133 0.110762221643478 0.0302719080775709 0.10148423858725 0.120228840964229
0.113382698223484 0.136378523798117 0.0802627200906132 0.138885984178938 0.146281845225753 0.143617660594259 0.0556746059725633 0.162506959728316 0.0230090021879574
0.024908580554008 0.195641711526087 0.0804396297189574 0.104292291500898 0.13959313307873 0.107686572223378 0.070161392605778 0.167921462981294 0.109355225810869
0.147901734123668 0.168220294751987 0.12656337875849 0.188443216006299 0.0290753039943644 0.0446146988116525 0.0110085333956214 0.0958716392597113 0.188301200898207
0.134139901518391 0.144449766687438 0.135459187062946 0.141640377692728 0.090292757016882 0.0308088252870095 0.0368585644146005 0.151462967631647 0.134887652688357
0.0388552793583812 0.00285743093624343 0.198846272890999 0.0637760948616413 0.0663652757015715 0.043704490663403 0.211718603802765 0.182909915090226 0.19096663669477
0.0732737190192912 0.182751797932999 0.176203086165573 0.1991276413949 0.0561201210748915 0.0591792989737119 0.00944840650293557 0.197554933705151 0.0463409952305463
0.193191137563441 0.0441322003476516 0.0518772234238462 0.228502332886057 0.105066672516381 0.235350383544436 0.0036013990119319 0.0334235606793404 0.104855090026915
0.0552105056921482 0.0579652153515627 0.0858358435794567 0.00145583333286789 0.260921993283389 0.200781748076157 0.130127192128613 0.0767279901797246 0.13097367837608
0.114771293933736 0.271663196520873 0.130299834356477 0.012898760502079 0.02258292204837 0.0866775702466616 0.1159359092942 0.239166334049676 0.00600417904792738
0.0398506028214374 0.217008660904907 0.147503322764588 0.129295003603307 0.0128165110590759 0.112276923148683 0.191833536826023 0.102334786505883 0.0470806523660968
0.237282655083133 0.000985627758222992 0.0774459047395533 0.0537015230795002 0.115739868425895 0.215398423355873 0.212814650400462 0.0471013666618312 0.0395299804955291
0.105969518820627 0.0668576107306224 0.185556118571517 0.0351349442955661 0.162716994950118 0.193508039031452 0.0350287962477636 0.18265425877559 0.0325737185767429
0.0645073950118306 0.103635647690901 0.0102425045339386 0.15374306641296 0.202786909189895 0.12802414723294 0.196120745133018 0.00181268965728579 0.139126895137231
0.196466169204371 0.0812259196318679 0.132168459318568 0.11453314868207 0.153029139344235 0.027133508897386 0.166431632226292 0.103324865772132 0.0256871569230784
0.169105338005848 0.153974928477239 0.1283453431576 0.223493656430652 0.0121222485502874 0.211492985589209 0.0519408380845554 0.0115190493807895 0.0380056123238199
0.00951018943605711 0.0338884314315093 0.167565615371671 0.0307140131058195 0.114238867776358 0.169498163408392 0.161398163094066 0.166948064474477 0.14623849190165
0.0448271582927704 0.12180726415387 0.117312189273662 0.1204707042704 0.0622362116884674 0.19011809123579 0.132900613975523 0.0445487818561242 0.165778985253393
0.0106835496382423 0.151396819888849 0.163793393928825 0.0416688948354496 0.103784622516445 0.177730673636247 0.118562677182081 0.142857108772744 0.0895222596011165
0.125397889765858 0.144354174589546 0.0569911860405299 0.239438372695166 0.149488856417109 0.013242052011159 0.103547331802866 0.103060119152224 0.0644800175255428
0.18392587977661 0.0436706060759687 0.17484045934929 0.113071508740336 0.0809466199457314 0.161229171073368 0.148124359329158 0.0884414032426001 0.00574999246693713
0.161623565321409 0.0828605515923607 0.174301495375699 0.10655368876417 0.114184370626646 0.0866044486081357 0.166704194225929 0.0231120831050705 0.0840556023805803
0.152802253867179 0.0921887425034077 0.10740099115013 0.243201015666951 0.0541925424945049 0.124674298325544 0.0719503257894558 0.0692014853243039 0.0843883448785229
0.0267209570970246 0.0882026549064672 0.049127323568612 0.055376724641073 0.0904929383092837 0.150586610966068 0.177703855751765 0.192090189563546 0.16969874519616
0.053393536090941 0.207470603811288 0.165059155037615 0.0784013586832787 0.219691820051155 0.0256792053492454 0.189056673371179 0.0287959358270221 0.0324517117782748
0.0552860601243086 0.205302499907817 0.0708026896914132 0.116959442313121 0.178182283978537 0.0933633625519059 0.142232543425731 0.104846630407087 0.0330244876000796
0.0069210290272451 0.156416317167205 0.0217337690617097 0.0640478979690411 0.0906438512144322 0.179426239990622 0.228621165102395 0.24980880144413 0.00238092902321917
0.0624379721680548 0.0874024911923883 0.193404608638426 0.0722616204784651 0.102826903863455 0.147536496945507 0.0447241431206458 0.101403871592987 0.188001892000071
0.129890600197555 0.236484271328966 0.123700256748892 0.184295526952521 0.0523340495304598 0.127579328064108 0.0112343920317224 0.129138992332308 0.00534258281346868
0.160342395830704 0.177621829068677 0.163977861719828 0.230420153415066 0.00315578099002538 0.228660095241424 0.0150664623859527 0.00963794609234988 0.0111174752559721
0.0311815823938001 0.0452874654707954 0.166854431198387 0.163369932723818 0.0962159139418499 0.0673565672808538 0.0907163718367465 0.185713149524231 0.153304585629518
0.231882518495302 0.0742933471609878 0.175650627277436 0.0172510138383616 0.102343064623626 0.0168674134551355 9.19878015566802e-05 0.248535284561617 0.133084742785978
0.121784530246173 0.179969583044491 0.0482264801732753 0.163311338665064 0.143769493921228 0.143955149432177 0.0730468837770623 0.0620757596547015 0.0638607810858279
0.0773824649393241 0.179418912723288 0.0338815981773244 0.204871885875923 0.0252466155068687 0.0995766996321273 0.0353524624504086 0.218611737339953 0.125657623354782
0.131332391410108 0.0763004008668656 0.141080782879075 0.0945208462184918 0.125453567984462 0.120643285096946 0.130594424631665 0.0729372255212403 0.107137075391147
0.140479309446183 0.118082466061628 0.0262406110171142 0.0661318522749612 0.19413351639661 0.159077526208839 0.108639667366055 0.150544822616 0.0366702286126098
0.0128346095103908 0.177913133646284 0.15543253589215 0.0896060043915134 0.0757201619501688 0.185245887662293 0.00528403297247691 0.151326250497196 0.146637383477526
0.0631338507294316 0.126584822622446 0.0412095935736171 0.00357416977183146 0.194454327600899 0.134516841952646 0.177665566686241 0.104289709040488 0.154571118022399
0.280959495998831 0.0842239240549998 0.0155939630388563 0.232448818637883 0.159921556246478 0.0311013653020739 0.111348849594345 0.0583514262435469 0.0260506008829858
0.0855319115385906 0.0762022200979861 0.105801221591016 0.129320982184794 0.124135823289055 0.167394583880933 0.0213402167242607 0.172936245934055 0.11733679475931
0.181059870920355 0.190555668834008 0.0531867855453057 0.0225979747821251 0.0252822273038217 0.156562578028127 0.0522247434574501 0.121971105502047 0.19655904562676
0.0225239182549393 0.171537069837088 0.187547180645007 0.208063238499447 0.0602776937621721 0.19136876814398 0.0030279061827021 0.136204200105965 0.0194500245686994
0.142661834287243 0.090275971359995 0.113476156087837 0.00752284877574967 0.121195215467924 0.179804928618758 0.198768576422818 0.0918213924306817 0.0544730765489926
0.147797728441307 0.119257001113105 0.113824812735823 0.103634531693229 0.111285213704212 0.0958212853094355 0.042664663684125 0.113420941591508 0.152293821727254
0.0863356470312369 0.0098568533628552 0.190977473583968 0.0536461507638503 0.101205346360431 0.0191160531746966 0.235193929601175 0.0946383607769367 0.20903018534485
0.0258763884424365 0.0678331741111032 0.197195286498287 0.127790962504783 0.19842575454338 0.0936731617635543 0.0052907466114458 0.205696919179884 0.0782176063451259
0.184595571159139 0.166343893068181 0.122478177848111 0.0281426842968637 0.00193704283011689 0.0848104340905364 0.103345255176334 0.170620742715774 0.137726198814945
0.103778707036048 0.0293206746972345 0.064328256468652 0.00199802353006859 0.155539315423523 0.205117710221454 0.0705021032069236 0.171085402561263 0.198329806854832
0.0984771775390829 0.117398625084019 0.199238434782426 0.203527719937974 0.0592488552078859 0.0484610980377595 0.0192576787808327 0.105406846117116 0.148983564512904
0.116520095189263 0.109892418681475 0.00102183004711675 0.233266226162326 0.109935137107883 0.0742006974449944 0.136441717699182 0.00741539558851254 0.211306482079249
0.0236355142355118 0.0551359727213859 0.181710526696253 0.164821768684507 0.134545439701906 0.166755953723144 0.106329933989968 0.0383927288275925 0.128672161419733
0.0700871178156244 0.181104314468263 0.11847363906836 0.0288892734210466 0.136318982060521 0.181029193677414 0.133263378949873 0.100397633564869 0.0504364669740298
0.19945276247524 0.0365459757837122 0.19165459462253 0.00421239252016885 0.0671768901760677 0.0675152468534247 0.152850241920364 0.112893042755739 0.167698852892754
0.0431154073053075 0.0357705677210042 0.13532081693074 0.129192202484294 0.173168602015477 0.164749901134033 0.109386855235745 0.101774789902152 0.107520857271247
0.172202926548764 0.0767510453714303 0.0739218581378582 0.237038304365486 0.0496965586968651 0.0545604125319986 0.0339586198903585 0.174308064889333 0.127562209567906
0.160571725677396 0.145346669183087 0.0997370748248451 0.0548869232887837 0.0261000549242748 0.0917730992203498 0.198208488920026 0.176974944177657 0.0464010197835807
0.0625704029004963 0.106790573998892 0.182368983618923 0.0380202212816972 0.129533815545423 0.199135106056002 0.11098003558014 0.0159579402286801 0.154642920789746
0.054407782444827 0.120374102212442 0.0236390955487691 0.0225685110253581 0.184263080589557 0.11750739463038 0.168190286001989 0.104303204439015 0.204746543107664
0.0758049334626423 0.067859810390414 0.233573308130232 0.204154435834084 0.0486366558325023 0.197918998363867 0.0386490296631832 0.0781821413378062 0.0552206869852692
0.192236223315281 0.0359783811158458 0.207836989849441 0.115849738782184 0.0871527857208974 0.10935888916417 0.141280942243439 0.0979005894793952 0.012405460329347
0.13723111435319 0.164511453602006 0.0729988237227767 0.122598045373599 0.210089866794587 0.00245539313919959 0.0276871942264194 0.0811429927798451 0.181285116008377
0.186584726196138 0.0424583069256624 0.00724175996973255 0.156587070489417 0.0118145013259645 0.129618230783021 0.154198753683249 0.123286691391385 0.18820995923543
0.118647838629149 0.19362543652309 0.085474048483401 0.119256780557642 0.0472772106681234 0.16243217595576 0.0962957524390688 0.0767450988635345 0.10024565788023
0.184448526012861 0.150734099501131 0.103664617019593 0.14449331287446 0.0399067868792026 0.0146162816889612 0.172713312544349 0.0343269690147324 0.155096094464709
0.0497246690290417 0.098737814775689 0.0668656442357567 0.0521152080432551 0.0933508168012587 0.174565278479394 0.199297100081753 0.115448020255893 0.149895448297958
0.0848986010715932 0.212691517216953 0.0285474627685797 0.170790939832835 0.163850596292589 0.0181281801980423 0.197858444793742 0.0885278365339418 0.0347064212917255
0.109132749647424 0.0496494615103185 0.0595109732879289 0.0948470825702413 0.0357923230963827 0.188115853038606 0.188167671422545 0.0927404938863077 0.182043391540245
0.148268606193797 0.226659232503493 0.0670236404807117 0.0945750048747576 0.00743588026530154 0.225551748292028 0.022016539085686 0.04243487302203 0.166034475282195
0.111431169814587 0.0010466441041203 0.15780228567082 0.142207752468327 0.0744313808863675 0.121657467116925 0.0906855182628287 0.13727660438732 0.163461177288704
0.183007601439324 0.0326135580922831 0.00797174674934559 0.202145397786382 0.223432349119019 0.0312600005063395 0.259598763871449 0.0166240055099449 0.0433465769259136
0.0438942612076767 0.0442664484142882 0.108309001593776 0.21161864874377 0.0819072277961921 0.264139955259335 0.0642177168636568 0.121791564814399 0.059855175306905
0.18709540873322 0.0836217239629516 0.0607681162688688 0.0752505202098854 0.155399079506739 0.165708491078431 0.194966400270327 0.0337205989887081 0.0434696609808691
0.0561999769845104 3.012156629216e-05 0.207793871184897 0.149428168185794 0.0643339267949169 0.0858923856518178 0.0149316429642185 0.248566771875847 0.172823134791706
0.138257885763094 0.101840756045269 0.00319651485343752 0.23679453127238 0.000760087092453724 0.0039249378208515 0.125369386020224 0.227885015146605 0.161970885985685
0.0298632758079696 0.137891900244291 0.127666709240443 0.122759983804796 0.0386728475374054 0.0565192012074376 0.223433017333536 0.0577051729564678 0.205487891867654
0.0639703413948491 0.0738293083844189 0.193583308958988 0.21269734303624 0.047579679164793 0.142121098073842 0.0721181023446746 0.0388753014075077 0.155225517234686
0.106342768370504 0.168902635709364 0.126139991157017 0.000180979734047184 0.0450902027313885 0.101842973028374 0.18761861664216 0.222630426622737 0.0412514060044079
0.127611019569072 0.0884416725169958 0.174718027129887 0.183442799523302 0.134479903976073 0.00176051407776348 0.080354952030371 0.154118203759049 0.0550729074174853
0.0266954735215972 0.112946798580445 0.226125775528742 0.045468236199754 0.144413480733377 0.155194966283343 0.0798611218621965 0.0392374053863675 0.170056741904177
0.153803100223632 0.10776478738615 0.126990533307679 0.147457117667166 0.093436977613374 0.155547914571897 0.0705946168894537 0.0487119691064455 0.0956929832342022
0.144168282504417 0.0578812785516703 0.0727584867053977 0.190300456108431 0.0472194897847355 0.16693502785562 0.172391944646251 0.0831340042674721 0.0652110295760045
0.144939438047343 0.182423624906241 0.0897807927765585 0.00998370245453482 0.165524184039485 0.140589465785668 0.0402265676478622 0.149651000606416 0.0768812237358912
0.286824986923079 0.046228809335019 0.0489268593385191 0.0469384553707576 0.231181974653229 0.0925823052221974 0.0234265469963114 0.0777919724605484 0.14609808970034
0.115580108721746 0.155318985437582 0.0456463383895636 0.178304012708583 0.0597771654803311 0.109961312271318 0.0755734612994507 0.118150684049221 0.141687931642204
0.0582723057718666 0.110467845632559 0.0359216162696221 0.142582091683392 0.0222421235606909 0.200108335410227 0.183258798683256 0.138049791648018 0.109097091340369
0.172566821724471 0.0624360988382629 0.0729407368780581 0.16798692080021 0.144436050582539 0.11836967471384 0.0860345361885031 0.053554278543242 0.121674881730874
0.0337536054837048 0.00141897936956401 0.196724756743527 0.169225217060788 0.0514574129583653 0.22320723474878 0.0357462333839532 0.148869696754219 0.139596863497098
0.15741214642855 0.0529128110188416 0.0448991068914092 0.156019386946864 0.148228725817993 0.0668265486636064 0.0911300848351237 0.168457363833709 0.114113825563904
0.12198052969667 0.0363470142460839 0.223386158105815 0.182861393273356 0.00394635787024995 0.031760160614342 0.1713881066593 0.127189962847464 0.101140316686719
0.1178290369578 0.156342430768623 0.112565967025398 0.140654953949479 0.0852490725361005 0.106530881248108 0.00884419719056178 0.129880187862131 0.142103272461799
0.148106714458128 0.0408091230033404 0.0424297160060144 0.028917738420429 0.0740792243530019 0.259501351569585 0.120391297713773 0.271803255755577 0.0139615787201512
0.044564590858926 0.0690335522435467 0.0117625086602434 0.0968726228798743 0.201504657360916 0.204777891267714 0.0746825145120794 0.096543148914113 0.200258513302587
0.137925116019191 0.0968333058728661 0.116514766904709 0.170098551851412 0.076701178936801 0.0222197032112022 0.137720632405886 0.0531586853927734 0.188828059405159
0.0548879711547014 0.0230231589946851 0.22834846781026 0.0337818344414551 0.0682095295068621 0.185205476255616 0.0941262995190995 0.224852620656071 0.0875646416612504
0.137970955790027 0.186735705642634 0.0107929656939108 0.0287046518046286 0.00462870600875839 0.180925127727101 0.063592029464105 0.217998283034738 0.168651574834097
0.120440172595893 0.180253628586147 0.165349303258114 0.187563671028986 0.0136385365223651 0.095435250269765 0.0251027865123234 0.183240402860817 0.0289762483655888
0.120595879338247 0.140227121431643 0.14684403085883 0.162516939430645 0.154655302604931 0.00769856459114954 0.0203859222340813 0.011082823758663 0.23599341575181
0.11717334281911 0.108933759384505 0.0937800318589711 0.153085979968776 0.0792098985786659 0.0527948357307354 0.119132933103962 0.124669089343341 0.151220129211934
0.139825434975195 0.151875571491912 0.152067024030805 0.135890021177821 0.0505692991967209 0.12211721674152 0.042145533840173 0.131340526327422 0.074169372218432
0.122821660643108 0.160620306098068 0.131041180014331 0.119472762198284 0.104959806463595 0.00435744860756813 0.161420172183128 0.119744990776268 0.0755616730156504
0.113592506523085 0.23280283274334 0.00278343268399933 0.125901667189597 0.0921198914937814 0.142265958240423 0.0800778927071418 0.0419905521012545 0.168465266317378
0.177861610062406 0.108996962257216 0.112663786319224 0.14159201272391 0.13422421465569 0.0998006871501326 0.0537181347964445 0.0105598221543408 0.160582769880636
0.102182339765828 0.0178289019022154 0.119809223889035 0.134449128204125 0.209868211864352 0.112420921379343 0.0312023302111013 0.0404534104495326 0.231785532334467
0.026420862829363 0.0989720789068085 0.24283452301299 0.0780012050687619 0.0969731400600884 0.0766676460543575 0.111548722559033 0.164965198407935 0.103616623100663
0.180195842836957 0.0115655489832144 0.0718027625540472 0.115708009457811 0.197173863710684 0.198669097769688 0.107060877785244 0.0525277710463627 0.0652962258559919
0.0959665639421861 0.0185772611780256 0.186992818272715 0.0649965886864996 0.10677067555177 0.182814395446373 0.149094133098465 0.133309655769659 0.0614779080543074
0.100232497321918 0.111992883745208 0.104006301951579 0.0528502712067944 0.0673262225404785 0.121081830245334 0.138075289303982 0.141601351509573 0.162833352175133
0.150641881862278 0.113875268525809 0.149496578233216 0.16365248944093 0.00361024612706089 0.101741155477871 0.0313352509816079 0.166748531352868 0.118898597998359
0.0745554361430552 0.161850173274054 0.199501745697032 0.180481869740508 0.07407611559699 0.0968846605689909 0.00761795807837125 0.0299447153026821 0.175087325598317
0.0219924971874084 0.0833644620937374 0.109491057249566 0.101143443966096 0.0427358132863513 0.247611113864862 0.170247622621759 0.208599466763438 0.0148145229667822
0.00337561572568024 0.0590386518854575 0.190025106310452 0.107103036621133 0.208093584590131 0.0872060481274622 0.0429999969361783 0.207397394722969 0.0947605650805367
0.0765073582134569 0.0143587271458484 0.22631992345957 0.108236820772319 0.122700561091332 0.0400046902510777 0.128891263510275 0.197539738975763 0.0854409165803581
0.0176218489839897 0.0458941146790044 0.124814623514344 0.168072962899117 0.0208578099505643 0.00344920345476134 0.317165353280979 0.0936954596722405 0.208428623565
0.0240302301656497 0.137499734716828 0.0356452724184728 0.163589000296903 0.116714802746735 0.0799205713921541 0.160228738125373 0.120040508426792 0.162331141711093
0.0899269349919102 0.160432335449203 0.116954224440967 0.0715333147386076 0.16997381292832 0.181758950505758 0.115141369723748 0.055707496460458 0.0385715607610283
0.171731678654295 0.0558838234707845 0.0376341350180225 0.131559022093228 0.0196154669677079 0.124571628840578 0.17750492590949 0.17228013520607 0.109219183839824
0.129849898391348 0.0387642053897111 0.170747317666945 0.140702464488001 0.0519251541045348 0.170908861857028 0.110667813695579 0.173963627153446 0.0124706572534077
0.143864412889634 0.0803526197656957 0.0117557917279172 0.162452932114263 0.0592523200963231 0.202222392078001 0.131654158113472 0.0762017944321533 0.13224357878254
0.0815869951516106 0.144202260323602 0.0199009412879073 0.147506285747909 0.115228282001458 0.116817464501683 0.0995127330473092 0.149411504670971 0.12583353326755
0.178061119053813 0.11928027914604 0.0277509231166049 0.0754883422292072 0.171405544033649 0.035647221146089 0.14089049132472 0.094118912009697 0.157357167940181
0.094074872027263 0.27873108954558 0.0983626924005394 0.0874210587838918 0.0868445184304063 0.0257444576256892 0.143516710232121 0.0117091406258008 0.173595460328709
0.150738482047511 0.188963231886592 0.0390560560996461 0.0734533620843192 0.127277093793588 0.155039189974861 0.0236797778184378 0.154350276152019 0.0874425301430256
0.102578894285507 0.184776201199597 0.0842220704788718 0.00585556897406938 0.236663127285313 0.0375780940114731 0.191815378393059 0.0987328228334217 0.0577778425386879
0.146120808901836 0.0456354675278956 0.129404059471504 0.0517667731710009 0.0880975826025369 0.11709923423815 0.123738043606141 0.145012558665727 0.153125471815209
0.123298707814074 0.0482848499786185 0.147725786542722 0.0376377262707827 0.0528977128086378 0.100183747382301 0.193076929743881 0.180605894626641 0.116288644832342
0.075786055837725 0.032329005271991 0.190795923976307 0.0509146342592761 0.11474772802077 0.203721339829877 0.124928291786001 0.0764551376766203 0.130321883341433
0.0877775819979129 0.133832592446072 0.150073036281216 0.138616764962326 0.0419849248714558 0.0938785095871619 0.104245995377338 0.130176385282104 0.119414209194414
0.109828732359857 0.127410096473871 0.21367758539966 0.0982671359188547 0.0559544414284338 0.0860510878138524 0.0245145233506578 0.126220427625247 0.158075969629567
0.0421291740837654 0.303670868270691 0.00799704010794235 0.159462078653648 0.205262467939253 0.00018763667886316 0.167966236026861 0.00866850988714732 0.104655988351829
0.133725391782538 0.086840991892408 0.154551821655394 0.119810734989062 0.0592111713563798 0.189936117686638 0.061505499089408 0.191024864472463 0.00339340707570859
0.157752496019166 0.0503508361440635 0.114316025884405 0.117158324788538 0.0108514336807283 0.140222163501398 0.203490470756602 0.165345468065893 0.0405127811592066
0.0850480272985948 0.0371631278169984 0.123413234120775 0.0531851179751788 0.166277215994854 0.150229623193816 0.0482572436063398 0.170472167148144 0.1659542428453
0.102198197737132 0.202869953651009 0.0474995350400155 0.089916154133964 0.18930444815525 0.188997366715307 0.099455330150869 0.0452160476975562 0.0345429667188978
0.221806307797937 0.212201529391895 0.104423045114663 0.188169962427243 0.00893464261255396 0.0836616323848801 0.103701731544928 0.0472214679461105 0.0298796807797896
0.219124417527799 0.0908809307630355 0.0427889688948015 0.146340381436264 0.0759196280210523 0.142631686563572 0.104095797776738 0.145050923437386 0.033167265579351
0.0565926077456544 0.0321501041772563 0.0693324982658569 0.131958943292705 0.133836432450067 0.042216276764805 0.132057008934782 0.212225051132013 0.18963107723686
0.0866467850529631 0.128973176898118 0.130940268551303 0.162674285371925 0.0609359776743152 0.14957061787224 0.117059366131523 0.133604215906673 0.0295953065409393
