0.240556676889779 0.455697487200254 0.0608987561453303 0.242847079764637
0.386328625831612 0.411205744094871 0.0601164897090917 0.142349140364426
0.290244409923348 0.0866112315983485 0.369985038861871 0.253159319616432
0.263976998795829 0.376628279217924 0.153238557986391 0.206156163999856
0.280511724451965 0.208205300782639 0.311596312207524 0.199686662557872
0.078398432560909 0.190560311833925 0.345954212177532 0.385087043427634
0.19717788634809 0.205392244601675 0.167984485940345 0.429445383109891
0.328684085499105 0.301746338644462 0.178198086919959 0.191371488936474
0.29498253815256 0.0949915312604497 0.255562619229985 0.354463311357006
0.211887042758875 0.0328573769107692 0.0230543971180478 0.732201183212308
0.694856951793272 0.14551014409608 0.0488723628636784 0.11076054124697
0.100802566301069 0.234419706967571 0.337777916953769 0.326999809777591
0.143385003673224 0.555492907427113 0.17302290548564 0.128099183414023
0.295365603067776 0.258902939874291 0.129485176410632 0.316246280647302
0.00843839261435222 0.434446250321165 0.262564467798665 0.294550889265817
0.190397681990794 0.29619753028035 0.212902423751324 0.300502363977532
0.206540452623796 0.0595776755752001 0.182192707696585 0.551689164104418
0.41971019624256 0.239302219357521 0.220200483807667 0.120787100592251
0.151617816330942 0.350182867366461 0.114998525393144 0.383200790909453
0.309438771521385 0.400482912937877 0.117557702384871 0.172520613155868
0.387825614803502 0.401077635927855 0.0856211089468273 0.125475640321815
0.214273023009481 0.256500685014339 0.132036420766531 0.397189871209649
0.206055963627949 0.292183189105982 0.260542637886876 0.241218209379193
0.422603028492709 0.246462768709645 0.0827928948678517 0.248141307929794
0.426752939410434 0.407567398310953 0.155056286348343 0.0106233759302707
0.208074947091305 0.306038756751414 0.46576777191404 0.0201185242432409
0.286169820938245 0.296041340898379 0.16172138130849 0.256067456854886
0.242202907555468 0.355623584083958 0.158463274586579 0.243710233773995
0.0384605974466845 0.520082379906057 0.403091565378921 0.0383654572683369
0.104621172007925 0.0159492334654641 0.496234946146933 0.383194648379678
0.541845683238189 0.0307806854404525 0.416191682039052 0.0111819492823065
0.406373885312824 0.0559618507204809 0.432760128042259 0.104904135924437
0.394906148139648 0.0979425105762807 0.35229243549803 0.154858905786041
0.247898963209458 0.284725822362846 0.249711552143219 0.217663662284477
0.0283883003554685 0.00140030656631763 0.115939716273506 0.854271676804708
0.111984398898807 0.120832861338948 0.478468468683018 0.288714271079227
0.217695146953617 0.311644081334377 0.0246540460162447 0.446006725695761
0.305716498316678 0.304736713492441 0.233959659036988 0.155587129153893
0.56851446581801 0.113908345799686 0.233811030715709 0.0837661576665947
0.298052634227257 0.385643969238257 0.168164692612315 0.148138703922171
0.489656512482274 0.128861780439754 0.370655611226033 0.0108260958519398
0.340297340297189 0.402724507096403 0.130587947850604 0.126390204755804
0.369155415175695 0.220813837704837 0.295239629745489 0.11479111737398
0.224556130123745 0.251526326744245 0.30465413909018 0.219263404041831
0.251280610488573 0.206595432330952 0.330263837349804 0.211860119830672
0.355053524185553 0.264898082149852 0.00935464437665795 0.370693749287937
0.273259404609687 0.226607535561942 0.258506547766467 0.241626512061904
0.32079408280477 0.201845233134667 0.133257431863251 0.344103252197312
0.24246095339336 0.267105770604871 0.0544765476077394 0.43595672839403
0.297481997952243 0.295679179290686 0.197770263660342 0.20906855909673
0.19607975882114 0.235045760856795 0.294896735232316 0.273977745089749
0.304750427388057 0.153522836103936 0.23919669557298 0.302530040935027
0.110707605826587 0.274787355860138 0.267840987109477 0.346664051203799
0.0655864445354702 0.305628626385961 0.287910461115168 0.340874467963401
0.0573032828715317 0.0306407641591573 0.434039521286627 0.478016431682684
0.272208976675307 0.212296411624195 0.247122606778297 0.268372004922202
0.342343439390534 0.0128926015479197 0.345979333748316 0.29878462531323
0.318715425359285 0.169775258230332 0.223180715802563 0.288328600607821
0.000529788495318287 0.279777969929192 0.580960370693365 0.138731870882124
0.404095406092863 0.0251669564463711 0.326269500532354 0.244468136928412
0.400671177227102 0.0332666110854893 0.330503040411706 0.235559171275702
0.110417495982185 0.396460161596078 0.134604891564992 0.358517450856746
0.269337942672684 0.488226360369085 0.173386875188481 0.0690488217697494
0.0156715758459585 0.323135544542707 0.265404539916637 0.395788339694698
0.372771345509295 0.0518487710228037 0.236270205047352 0.339109678420549
0.3650377607198 0.179071487283235 0.180233244073016 0.275657507923948
0.222505537267815 0.281123030479239 0.19972612264673 0.296645309606216
0.309745830276852 0.185826156257051 0.461162209850592 0.0432658036155053
0.220126296564978 0.00198749554246297 0.391894676443232 0.385991531449327
0.0830653651386901 0.364054632798508 0.2912796965762 0.261600305486602
0.590193965139088 0.323897203526321 0.0627647894901466 0.0231440418444449
0.322332078946383 0.122712990809245 0.293306328327041 0.261648601917331
0.220153164290504 0.3296496668851 0.338070672133553 0.112126496690843
0.0307034558731321 0.109977251433184 0.417375072824621 0.441944219869063
0.227156538561056 0.352410775632491 0.301321438171941 0.119111247634512
0.368306927876846 0.499654026343725 0.0623575477908199 0.0696814979886099
0.261262834145536 0.330780786334017 0.383726834289367 0.0242295452310795
0.160888833543847 0.627994512951805 0.0162241228619017 0.194892530642447
0.258897521092782 0.178274530620818 0.295078619849378 0.267749328437022
0.0739845266803466 0.475461400617118 0.166539461357342 0.284014611345193
0.56077056332083 0.00387830234560619 0.314393211453338 0.120957922880226
0.154916099747196 0.337973299052319 0.213346263760296 0.293764337440189
0.266009826601849 0.374163304008401 0.325538998992483 0.034287870397267
0.011512659925101 0.30977702586588 0.485586233461755 0.193124080747263
0.2520473878987 0.110160532874525 0.270674853752154 0.367117225474621
0.28336936398139 0.201673135534863 0.126847827086841 0.388109673396907
0.513984337619702 0.0815370934173644 0.0998229661618823 0.304655602801051
0.481308028778774 0.067382367355907 0.275699962396288 0.175609641469031
0.38461906935151 0.215840946995081 0.242063118769415 0.157476864883994
0.448319586213128 0.308189245339658 0.0919462803194402 0.151544888127774
0.281776490006624 0.38715700193807 0.199372516163682 0.131693991891624
0.130213122291094 0.254833179826898 0.302610311015221 0.312343386866786
0.063500537448734 0.190785350744004 0.0983052556250347 0.647408856182228
0.230908506763842 0.226560707877501 0.372231084087231 0.170299701271427
0.393647707973748 0.264296084550781 0.0745175724073476 0.267538635068123
0.181699790684072 0.0374672763668867 0.330308252672008 0.450524680277033
0.342140902309189 0.291700530744173 0.0784418777061822 0.287716689240456
0.215977863405221 0.570499601262229 0.0558420447317512 0.157680490600799
0.225308608236478 0.175502169155662 0.178730993645095 0.420458228962765
0.398650612261838 0.362715274518526 0.116063579730124 0.122570533489512
0.234929331814332 0.255195438235993 0.0786747871903054 0.43120044275937
0.264178544835654 0.175967666080501 0.239934283457377 0.319919505626467
0.299712685122947 0.275500665012666 0.148143908069381 0.276642741795006
0.264874898716533 0.264004036574286 0.318138561187441 0.152982503521741
0.358951522602478 0.207208283979568 0.28511745047804 0.148722742939915
0.115937098071073 0.283472040804504 0.0349354075395544 0.565655453584869
0.0504491649956234 0.049277945176061 0.442975977932068 0.457296911896248
0.26178641088581 0.248526594333157 0.229547193724369 0.260139801056665
0.258095136547408 0.2330828476396 0.282383870826284 0.226438144986708
0.00862546216365163 0.558393474997622 0.0697085614498755 0.36327250138885
0.269018444782767 0.279924741999725 0.221216269339467 0.229840543878041
0.191215981776848 0.156329690647725 0.439553368066105 0.212900959509322
0.187134377891943 0.512474364836445 0.0932571580479368 0.207134099223675
0.279814957395567 0.210645922967872 0.230312331339974 0.279226788296587
0.0355043007196996 0.328678499813069 0.318463176204215 0.317354023263016
0.399485906940017 0.0842182555015469 0.356813898214098 0.159481939344338
0.445265435371005 0.00906070695915163 0.246803494851441 0.298870362818402
0.25604229672169 0.164768276763926 0.262538212950039 0.316651213564345
0.4894563126147 0.00623128279869415 0.0522391098068948 0.452073294779711
0.142095709903654 0.414852359382792 0.277302644506802 0.165749286206753
0.232982365783029 0.31537348190139 0.144360647067151 0.30728350524843
0.165825122690275 0.0405232520193884 0.33382225655813 0.459829368732206
0.206043908960227 0.0856563973138511 0.430643164534345 0.277656529191577
0.16684833396329 0.108608991020139 0.36573782310527 0.358804851911302
0.184803810976411 0.329740618859284 0.424893233787309 0.0605623363769964
0.326764349892178 0.292565354893222 0.0115298596810078 0.369140435533593
0.0874248627010244 0.179403638248697 0.341438022760615 0.391733476289663
0.0708519245736022 0.334593784279552 0.323381407396993 0.271172883749852
0.312343308690563 0.0782434606745027 0.324411465989001 0.285001764645933
0.406210025630817 0.140842085642483 0.265949898871852 0.186997989854848
0.193432125227853 0.29531553228581 0.306094962381976 0.205157380104361
0.0963400419050139 0.513868747253412 0.156341889311922 0.233449321529652
0.0818957850204536 0.140828992942293 0.448257138973091 0.329018083064162
0.104497379181516 0.0188478086203844 0.473986321162503 0.402668491035597
0.064404624664333 0.22459777937862 0.314771750233804 0.396225845723242
0.504714318638674 0.338186904288457 0.053858232876289 0.103240544196581
0.154520945209461 0.144103041526258 0.462631707354711 0.238744305909571
0.218484345318876 0.273659527463979 0.161942452376136 0.345913674841009
0.316198881823906 0.337887978778707 0.122718431811815 0.223194707585572
0.569301844729759 0.0581404351369712 0.192084856069188 0.180472864064082
0.0832735768122006 0.533008987013314 0.172505945474203 0.211211490700282
0.425468385752236 0.472334354555239 0.0739640203781953 0.0282332393143289
0.258307605127072 0.231563264100138 0.314048747048404 0.196080383724386
0.411143399387593 0.0699673061801075 0.319846742480067 0.199042551952232
0.194223384097335 0.21585498515096 0.273664798275331 0.316256832476375
0.0213406770157365 0.373224036699425 0.355756897766697 0.249678388518142
0.294600128331969 0.336536343740659 0.110623989138191 0.258239538789182
0.298309933798388 0.271712634853229 0.267660832898224 0.162316598450158
0.12522148517975 0.255919715149229 0.283319823048874 0.335538976622147
0.125945769438305 0.415116020782126 0.458582099506379 0.000356110273190194
0.0589547428382475 0.365688050818337 0.381030227650369 0.194326978693047
0.165685881670497 0.331964809873427 0.243542045470171 0.258807262985905
0.339032847405736 0.265732885142809 0.264799874125387 0.130434393326067
0.261127872840096 0.111586718935161 0.326796017266142 0.300489390958601
0.413490133476837 0.377417674050673 0.0448476426941211 0.164244549778369
0.0766599197679604 0.32760792228925 0.13775398307684 0.45797817486595
0.173437804193787 0.461087701065174 0.179053203247799 0.18642129149324
0.251952910689609 0.142130387520779 0.332839135693563 0.273077566096049
0.404231232421404 0.0817845822359252 0.235188636888482 0.278795548454189
0.349518522802835 0.210064103556425 0.331053906893748 0.109363466746993
0.152285098899096 0.249470324250521 0.229458701957831 0.368785874892552
0.329513693450358 0.179829995840977 0.154093030392473 0.336563280316191
0.177384655649551 0.211608964721918 0.247753895882384 0.363252483746148
0.209881774555547 0.325052516489683 0.18765884661026 0.27740686234451
0.225205889549243 0.0994965564350664 0.239013736350384 0.436283817665307
0.159572657159703 0.282193952395366 0.256759108854832 0.301474281590099
0.0101649621873985 0.553864913181813 0.263070098712209 0.172900025918579
0.10978297583654 0.258127261780714 0.259159474637375 0.372930287745371
0.0434459429619816 0.311031346996637 0.396788156037519 0.248734554003862
0.126124538107666 0.264742125802898 0.321219918121519 0.287913417967917
0.2383432664987 0.323109316686484 0.146765165671632 0.291782251143184
0.427609848395576 0.320031537761069 0.194990629885841 0.0573679839575135
0.347128375747749 0.0201076044275831 0.252905942945205 0.379858076879463
0.183535942950504 0.262155536671892 0.244902797665697 0.309405722711906
0.478117901396631 0.256185992068132 0.124870943030013 0.140825163505224
0.259564706598265 0.339691345370296 0.400402940001399 0.000341008030039165
0.0401226646274665 0.401550351444267 0.264572872520889 0.293754111407377
0.0213274289265082 0.633574348191668 0.0554390482876056 0.289659174594218
0.339009550661132 0.290493202682652 0.173395286271313 0.197101960384903
0.255466593233869 0.362875789719849 0.283711476522213 0.0979461405240686
0.0541995158665456 0.318690487801388 0.147435325005503 0.479674671326563
0.167703829813618 0.315615117918526 0.195264020365628 0.321417031902229
0.240076346014923 0.189343494018304 0.309757187742641 0.260822972224132
0.337279429164217 0.265523797960134 0.321229904020769 0.0759668688548803
0.184523882388445 0.227520300582009 0.283958753594682 0.303997063434864
0.131442958959621 0.211199542345576 0.639607224796276 0.0177502738985278
0.307070122816543 0.0322041928168222 0.271518752927743 0.389206931438892
0.234220139794018 0.169091794697134 0.240759389953377 0.355928675555472
0.403415385193326 0.215376718483176 0.117969927482456 0.263237968841042
0.13014455600839 0.119700983326976 0.213925320025796 0.536229140638838
0.222142725055979 0.185564019328192 0.328083126589941 0.264210129025888
0.00803927362857737 0.216740751760143 0.768908872162495 0.00631110244878459
0.100315672306323 0.223270547189344 0.522174247996646 0.154239532507686
0.147277527390891 0.29294992425136 0.192539639467051 0.367232908890699
0.462194302940698 0.231081501245504 0.0229426280679227 0.283781567745876
0.201540467773403 0.284237559739938 0.252562362326475 0.261659610160183
0.174969465369813 0.168575840576138 0.484197022622066 0.172257671431984
0.253676673844798 0.431785355194129 0.0908579505604867 0.223680020400586
0.119107682198529 0.370444836388595 0.017910780537678 0.492536700875198
0.282146749220812 0.0247172062063938 0.319196619223413 0.373939425349381
0.124176630775825 0.340519186284942 0.347411530662787 0.187892652276445
0.308664201036532 0.257850595311648 0.105615645317278 0.327869558334543
0.281700188982233 0.444383530167298 0.0141553922019618 0.259760888648507
0.158863134394867 0.293310133744439 0.347620695584677 0.200206036276017
0.183829577685029 0.328928978206074 0.217439679110955 0.269801764997941
0.337311179965602 0.33655869410598 0.146867014529172 0.179263111399247
0.351095524525839 0.328672690794148 0.273699150117386 0.0465326345626269
0.543618850358557 0.17838175511631 0.0145656030352788 0.263433791489854
0.502270138073786 0.199504747897592 0.189288231352884 0.108936882675738
0.163688833674748 0.180122726318824 0.173535983148257 0.482652456858171
0.275811772599225 0.0449926626106274 0.0339723960842067 0.645223168705941
0.201256504316427 0.284741265805735 0.222687876638398 0.291314353239441
0.637387299655755 0.16689308536446 0.0615478012763826 0.134171813703402
0.162841602546692 0.273066028921657 0.273810422068925 0.290281946462726
0.295543502097683 0.350339254421281 0.097646370308294 0.256470873172742
0.318838370093061 0.265158144368645 0.113298020678471 0.302705464859822
0.45166321840549 0.256447219091231 0.000351218394856529 0.291538344108422
0.30434111721387 0.27838771561224 0.23928572798226 0.177985439191631
0.227433158167726 0.0740270755291021 0.167918720710744 0.530621045592428
0.292330801609892 0.131904446558271 0.443848407201004 0.131916344630833
0.307480321886525 0.243915466623006 0.439033330023228 0.00957088146724143
0.21576901236424 0.360603774465504 0.092534212533697 0.331093000636559
0.244030132697385 0.256940562428797 0.108638344616443 0.390390960257375
0.426358642583964 0.0880534819348337 0.253988010476586 0.231599865004616
0.388367823720731 0.191937660192819 0.292929261811042 0.126765254275407
0.231993268651064 0.0926167933158318 0.444579533528371 0.230810404504733
0.245376570464688 0.0623989562482778 0.421837968222531 0.270386505064503
0.269107269807675 0.151405692721026 0.256338995440441 0.323148042030859
0.254966612602015 0.349424217597817 0.135321242223025 0.260287927577142
0.412722095201707 0.0345900322071966 0.18430760221606 0.368380270375036
0.214019413017513 0.303258802324331 0.259723060095222 0.222998724562934
0.0914570280737573 0.217726844281382 0.238499509660777 0.452316617984084
0.324962191765422 0.217423769669986 0.218610142980483 0.239003895584109
0.304531833131215 0.0552333405340486 0.282999309642901 0.357235516691835
0.194563621278792 0.216257582875446 0.27562141546581 0.313557380379952
0.0629656371479653 0.432837394773516 0.184483247694379 0.31971372038414
0.141920162007074 0.031397684839399 0.455017839147249 0.371664314006278
0.317633555030024 0.30965319562238 0.286037270488398 0.0866759788591986
0.476643014741988 0.11948717624229 0.39603711208261 0.00783269693311173
0.163999268266773 0.0432684205126696 0.415118508663683 0.377613802556874
0.0804804994625316 0.166580709245844 0.130066407341063 0.622872383950561
0.594851594573475 0.0860459549676498 0.117102132777232 0.202000317681643
0.109952034551847 0.233946825573828 0.254887773280098 0.401213366594228
0.0297350126100765 0.316127575503317 0.198821882963744 0.455315528922863
0.365961706051449 0.0775977688959103 0.275697738201731 0.28074278685091
0.229632302284765 0.0684248496649962 0.520975041728268 0.180967806321971
0.15925379423118 0.735021581639591 0.0908523406363591 0.0148722834928706
0.0564996852812525 0.471109499183296 0.161360926420782 0.31102988911467
0.0192783935465827 0.609399307298364 0.252630655405566 0.118691643749488
0.403486839343992 0.17050289155853 0.212796692950184 0.213213576147294
0.237208643212502 0.209923036455263 0.440189700282414 0.112678620049821
0.309841128646406 0.167125233050012 0.146639589792073 0.376394048511509
0.467918799387182 0.358913755733755 0.0248578574944143 0.148309587384649
0.172863236891709 0.191795904167662 0.254979642382677 0.380361216557952
0.238713289197156 0.307704278491116 0.248995118213543 0.204587314098185
0.144308813607659 0.180972411570867 0.431229536416619 0.243489238404854
0.351145574885269 0.058240456910594 0.214088726083174 0.376525242120963
0.483823137990441 0.0351867923901381 0.40137582274541 0.0796142468740106
0.368214032985534 0.386357523084607 0.0451105478953207 0.200317896034538
0.359689365873211 0.0797580390441194 0.298067170375746 0.262485424706924
0.35528657284526 0.101391557215922 0.307016404614961 0.236305465323857
0.347541914616998 0.154046504182825 0.0844293417085813 0.413982239491596
0.352236541504844 0.0624726300059362 0.363978792917516 0.221312035571704
0.0736916158680346 0.336354133220373 0.325225860031066 0.264728390880526
0.117771446496278 0.212410129763105 0.137802214200631 0.532016209539986
0.297803668471685 0.330892511635706 0.0597955547650364 0.311508265127572
0.00497674903382116 0.339727172164142 0.378006869147473 0.277289209654563
0.276176552939298 0.239369586074423 0.300051413654421 0.184402447331858
0.348475270281115 0.297988855494601 0.0477747512787113 0.305761122945572
0.289705136424751 0.323441147497091 0.306200977996095 0.0806527380820632
0.459125135724617 0.256190379792524 0.0711178806200316 0.213566603862827
0.406899860924535 0.165859010953935 0.0383010589707421 0.388940069150788
0.350950777253228 0.339771466026687 0.0563532565325602 0.252924500187525
0.389017395476337 0.328405427835129 0.0937640366147976 0.188813140073736
0.261449649263055 0.145668904594672 0.10835113218272 0.484530313959553
0.117021982954073 0.192811148196048 0.347480682525216 0.342686186324664
0.29791192014927 0.0796132738514534 0.37837049165637 0.244104314342906
0.336047303581456 0.320329092468955 0.0833549265598506 0.260268677389738
0.0057051115258759 0.374332609824939 0.23756543954555 0.382396839103634
0.363940616368505 0.528500296136237 0.0861450945980589 0.0214139928971998
0.308364035479781 0.229071451791978 0.251459575256662 0.211104937471579
0.263887765027066 0.288019221238255 0.22449687734519 0.223596136389489
0.289186167257272 0.0130629672832846 0.296680799840286 0.401070065619158
0.49295480165212 0.195393414454759 0.290678305716733 0.0209734781763884
0.0365773976142346 0.347195386979528 0.0160353883865185 0.600191827019719
0.376330653210098 0.10873913457478 0.25554189550144 0.259388316713682
0.134972215103726 0.2614569910785 0.520603802007232 0.0829669918105416
0.386665115243129 0.539696221446831 0.00150987136795785 0.0721287919420823
0.0877736586788724 0.383950706808854 0.392722854024668 0.135552780487606
0.101628007522456 0.428622040726761 0.342569800505208 0.127180151245575
0.37634788039921 0.368456507221152 0.181410434131293 0.0737851782483453
0.0389770278422057 0.569107403326047 0.0745917286857525 0.317323840145995
0.00537494165436243 0.548051552255284 0.358469273142397 0.0881042329479568
0.409349900403804 0.139348073511654 0.0444631310754842 0.406838895009058
0.303637449155933 0.181707367239973 0.155446811286687 0.359208372317407
0.0799663740742297 0.541999572408651 0.36694854318954 0.0110855103275794
0.228624790616846 0.307113540943339 0.27392725242506 0.190334416014755
0.374897863418106 0.15444834923612 0.0875261706599785 0.383127616685796
0.084181362657051 0.0816030609339283 0.545205446340101 0.289010130068919
0.286382662791654 0.154494707939309 0.183075068119778 0.376047561149259
0.46573069928407 0.257655248631929 0.0420176639625121 0.234596388121489
0.349515931858123 0.178350155521952 0.293337646223723 0.178796266396202
0.167854569803964 0.0745616286100161 0.314646992366481 0.442936809219539
0.200915575658053 0.0948805745745679 0.479785737409911 0.224418112357469
0.253824120118207 0.513145864071738 0.160301249215963 0.0727287665940927
0.247221894098664 0.195925038085124 0.0504173676557406 0.506435700160472
0.0918379115852606 0.325327629741894 0.269686444473023 0.313148014199822
0.237875826276183 0.101216507450353 0.201429283178446 0.459478383095019
0.264154495625432 0.0316786870777821 0.243879636815817 0.460287180480969
0.324733228695243 0.192582004815481 0.00022794131614017 0.482456825173137
0.257537661064804 0.377236868315983 0.334431988492909 0.0307934821263039
0.375176082675787 0.370160007294128 0.00603668870413834 0.248627221325947
0.294026356782058 0.171619121749614 0.314675113656653 0.219679407811675
0.373914902975303 0.1819815747233 0.0670832442400743 0.377020278061324
0.00385425260806782 0.274317809757888 0.378437837547635 0.343390100086409
0.116844927527514 0.36092178632889 0.364847295109012 0.157385991034584
0.264360964866251 0.198081140788305 0.231989141820282 0.305568752525162
0.240026521165553 0.220863368316926 0.0514496236789813 0.487660486838539
0.0226213789443094 0.661882231317306 0.189375023239106 0.126121366499278
0.277219340552157 0.285986134583673 0.295758855263304 0.141035669600866
0.0332547357517465 0.306916435365417 0.175384389976347 0.48444443890649
0.29749091641927 0.0128883064949514 0.323416907824057 0.366203869261722
0.0430377319581487 0.0086801734080677 0.689486170528966 0.258795924104818
0.152916634579115 0.337632375176162 0.0564226474309952 0.453028342813728
0.166351044566376 0.0836944300327127 0.170557507633128 0.579397017767784
0.138921039865319 0.215699856128365 0.172951736296078 0.472427367710238
0.325488415311287 0.213221910804498 0.181831098430091 0.279458575454124
0.384086494814778 0.36840925814381 0.202115626310027 0.0453886207313849
0.14581608162744 0.387661238510246 0.139595675697467 0.326927004164847
0.272850545343304 0.313591076922568 0.0585611954894398 0.354997182244688
0.0290678497463862 0.18549928899958 0.377816214685537 0.407616646568496
0.05954271308519 0.241803387101117 0.393527773034381 0.305126126779312
0.240443836375978 0.292044295949065 0.142647165752594 0.324864701922363
0.442099143855586 0.164803801011165 0.0951329254382507 0.297964129694999
0.253891957426732 0.307504221679541 0.298231942151171 0.140371878742555
0.177309521221553 0.367306792126872 0.264138181125657 0.191245505525918
0.0309934522958181 0.29608041461238 0.312405913229188 0.360520219862614
0.159137611094116 0.302061698579386 0.214829839305119 0.323970851021378
0.42667910429069 0.0581688712371298 0.266798196189507 0.248353828282673
0.3253397134775 0.171168361279209 0.284143787796673 0.219348137446617
0.171972390949249 0.324090655221505 0.372807482771769 0.131129471057478
0.19380864152441 0.329493732405263 0.245641197405713 0.231056428664614
0.243148984675412 0.413281757600605 0.295654243440072 0.0479150142839103
0.117231885947396 0.335919989685885 0.197723142755467 0.349124981611252
0.196900944727309 0.112277405524241 0.27320781725765 0.417613832490801
0.212449560593497 0.311903678671148 0.0430651282770042 0.432581632458351
0.188946966693279 0.37784253715912 0.154817879823913 0.278392616323689
0.181726188831083 0.0790197246252677 0.375976359436138 0.363277727107511
0.380199979782479 0.184682450955339 0.0524207457527207 0.382696823509462
0.0838277184936584 0.274702870044535 0.405068921033005 0.236400490428803
0.374805678341303 0.22525347126616 0.152575593577113 0.247365256815423
0.234127361962096 0.261429791656034 0.289987424315536 0.214455422066335
0.218396872683622 0.170342541837933 0.224450362391649 0.386810223086797
0.44563126285475 0.209550059404061 0.119008326963082 0.225810350778107
0.0570291935405219 0.282976810413032 0.534102275464052 0.125891720582394
0.19121915173223 0.271292854075924 0.295067374792382 0.242420619399464
0.0344469067589514 0.346419180465191 0.377328403995047 0.241805508780811
0.355119112143437 0.166339773370604 0.357656455964759 0.120884658521201
0.589381370018451 0.224031950368797 0.079465195519418 0.107121484093333
0.297255285558238 0.235359923579307 0.248401463563083 0.218983327299372
0.27060236418267 0.240369807450785 0.440869025731325 0.04815880263522
0.182841474204959 0.432913025886582 0.372027321966883 0.0122181779415749
0.213633323826942 0.243751621059417 0.210874370574877 0.331740684538765
0.0621947195630994 0.462192522110469 0.14555186748205 0.330060890844381
0.259805398187543 0.241157072077306 0.329555533358091 0.169481996377059
0.557186416434805 0.00619801696033699 0.403530389148424 0.0330851774564343
0.30071590446346 0.30542111807725 0.194345445470076 0.199517531989214
0.435869334458271 0.0574308033333631 0.419643620145428 0.0870562420629382
0.267393445730464 0.332419460979136 0.357731124458208 0.0424559688321918
0.34459294182931 0.295823735481389 0.111866667130822 0.247716655558479
0.186563134937645 0.475378759757149 0.164252140399404 0.173805964905801
0.542617461489062 0.343855217354305 0.0929483622894146 0.0205789588672178
0.222383656445469 0.287767215253663 0.195919230110911 0.293929898189957
0.306863745855566 0.363792818504214 0.27169415206277 0.0576492835774494
0.34497266084993 0.215752078859931 0.0464704611667202 0.392804799123418
0.361787445242753 0.364114204923715 0.250551415134543 0.0235469346989892
0.191981531061016 0.309588453704509 0.261488276770511 0.236941738463964
0.0890038714586822 0.292050581959079 0.0393053368772249 0.579640209705014
0.460029249448026 0.02501450433952 0.377814967681431 0.137141278531023
0.440963652734558 0.118835358547389 0.371164633699815 0.0690363550182382
0.283407767155719 0.0419458514254754 0.235818346532905 0.4388280348859
0.212480778219429 0.377856264017773 0.165268364596856 0.244394593165942
0.328186128122348 0.261057898285741 0.100003210115604 0.310752763476307
0.280639561462938 0.225240000382643 0.11279329621098 0.381327141943439
0.197637608006096 0.28158432949731 0.370274755028572 0.150503307468022
0.136466593716037 0.0862412204151494 0.383199133515624 0.394093052353189
0.254557056633811 0.329235875260959 0.1369367580483 0.27927031005693
0.0494712356523105 0.290094513679568 0.53499294740986 0.125441303258261
0.333995618717974 0.121725946001691 0.353023382134067 0.191255053146269
0.241199279111885 0.151165169933767 0.178121946425554 0.429513604528794
0.18436395217745 0.155934423386849 0.475505298870451 0.184196325565251
0.17556738754447 0.0102351920746597 0.504151766900051 0.310045653480819
0.0840571746391523 0.176066979661005 0.312808374800722 0.42706747089912
0.167200242847698 0.297708629765493 0.150911373898224 0.384179753488585
0.0725045377700682 0.54325688033568 0.0602488259024246 0.323989755991827
0.16250289369283 0.231923699105747 0.233820525666485 0.371752881534938
0.207109040706901 0.153391152172615 0.632952369923123 0.0065474371973616
0.196218447178687 0.209401982717896 0.369541218486073 0.224838351617343
0.165051835188496 0.249615953527408 0.160694010686024 0.424638200598071
0.405783352554464 0.0903675887521493 0.0551508589537559 0.44869819973963
0.333148750521713 0.361531562534721 0.136587336964609 0.168732349978957
0.268281770141722 0.303998517413722 0.111866073934117 0.315853638510439
0.445881752517955 0.157883758107042 0.373202499790082 0.0230319895849219
0.297140130949274 0.271481543890392 0.403334549961789 0.028043775198545
0.209161427372898 0.212369304940332 0.151987096999805 0.426482170686964
0.343327008293694 0.225168439443638 0.131783600491273 0.299720951771395
0.223205575823144 0.246532432215758 0.157260058058166 0.373001933902932
0.280725266695283 0.177387666553453 0.277503231606655 0.264383835144609
0.263294178860838 0.339407894468049 0.310052178081741 0.0872457485893719
0.432307591085099 0.389805737564876 0.157750458189334 0.0201362131606908
0.125934638096837 0.320591164110298 0.309433475144487 0.244040722648378
0.144656562654813 0.560650199098063 0.0546324719671175 0.240060766280007
0.20804088504984 0.158801806555444 0.452788709618129 0.180368598776587
0.172818256654117 0.353810394242404 0.311929228347863 0.161442120755616
0.333925536971481 0.0639155421537227 0.25947051285483 0.342688408019966
0.282489792316515 0.206443763848014 0.00430348814392593 0.506762955691545
0.311653366081981 0.159159713275788 0.239288843995411 0.289898076646819
0.29023690562709 0.224209799526986 0.270509900030667 0.215043394815257
0.0494556530692593 0.167647950155064 0.351671888819563 0.431224507956114
0.00100031207022922 0.345637397768496 0.3013493403885 0.352012949772775
0.118800544322168 0.02598149368816 0.385360215124439 0.469857746865233
0.293243312581636 0.00849749714331311 0.0681288234711941 0.630130366803857
0.363925925604106 0.276058478565843 0.0441439913436316 0.31587160448642
0.360112331284807 0.0474656254690345 0.298282026412981 0.294140016833178
0.461778576130952 0.0643162520175387 0.391672630602206 0.0822325412493041
0.365965517685642 0.123343633789352 0.412462236762443 0.0982286117625625
0.0701255315661129 0.170941899610788 0.51159985648898 0.24733271233412
0.477250995873791 0.116609462358354 0.321365242364758 0.0847742994030973
0.180361949384032 0.391669997255628 0.0234890132590554 0.404479040101284
0.00626940644175105 0.424294321894032 0.30070031584576 0.268735955818456
0.407589822082695 0.0468941620990289 0.528757540152958 0.0167584756653173
0.318486655521857 0.140955465508207 0.301128266505797 0.239429612464139
0.544402010872621 0.212779750754856 0.0269474387024895 0.215870799670034
0.321516869533968 0.134672367780206 0.451685390942833 0.0921253717429928
0.333912040959681 0.22584089778884 0.214655930351508 0.22559113089997
0.194331649716938 0.368268409818713 0.114974751847875 0.322425188616474
0.244093648559969 0.115338056936951 0.225601793275623 0.414966501227456
0.302610049442868 0.190298231719063 0.389184038713547 0.117907680124522
0.408391069446408 0.268090328527003 0.165572182191907 0.157946419834682
0.601027517721264 0.208657763350824 0.140298109340907 0.0500166095870055
0.219618582593584 0.341857720581353 0.366414834361611 0.0721088624634515
0.593095129345703 0.0975361715723817 0.161229962905123 0.148138736176792
0.331725081705632 0.00584073172298285 0.449059283643049 0.213374902928337
0.0922449849471321 0.415127732978057 0.146502441584233 0.346124840490578
0.0382908987864284 0.370385956832646 0.291233308055343 0.300089836325583
0.211286904670534 0.36469525799983 0.317644086346545 0.106373750983091
0.244686107929873 0.321468157166288 0.126718349603612 0.307127385300228
0.190256339838224 0.356928881613074 0.124451765951182 0.328363012597521
0.354960488196932 0.157657937057167 0.467162383110068 0.0202191916358334
0.398957090209017 0.419822526079832 0.0725688852499282 0.108651498461223
0.247075301296371 0.177600355183224 0.259892691274746 0.315431652245659
0.28845938685223 0.287670090224791 0.180125254384644 0.243745268538335
0.310038039611214 0.304605636779764 0.305270316263329 0.0800860073456922
0.0831918317104214 0.212179121476563 0.246923682534972 0.457705364278043
0.00823955521367007 0.334044837214433 0.118534780498179 0.539180827073719
0.126796038201153 0.189174510591582 0.343992908467337 0.340036542739928
0.296803031640028 0.310682642950949 0.365805981021712 0.0267083443873112
0.205508537209821 0.275314902405223 0.263549654388429 0.255626905996526
0.236374849627572 0.304213058772338 0.27419126127288 0.18522083032721
0.132510746717951 0.101845601875413 0.35820302830527 0.407440623101367
0.241651192710887 0.181909786195114 0.29719681621814 0.279242204875859
0.0390194634067004 0.403038235319713 0.387398691817213 0.170543609456373
0.298544984132389 0.256494007964151 0.370904325473235 0.0740566824302236
0.173653122932956 0.202189891901109 0.374085406942331 0.250071578223604
0.30352058429436 0.00287570673970405 0.53987280799585 0.153730900970086
0.0524685304055854 0.610099557643085 0.0957939248156783 0.241637987135651
0.227652003424493 0.334830951858094 0.364068527620983 0.0734485170964296
0.332348601891639 0.168376914119227 0.279781102189834 0.2194933817993
0.256033607626531 0.107410050778201 0.336697052098519 0.29985928949675
0.306740801041031 0.076720789471126 0.297995199729076 0.318543209758767
0.148714248217766 0.455733080543347 0.381434589265068 0.014118081973819
0.247358409963061 0.109012195196528 0.441911656148371 0.201717738692041
0.140508157046224 0.282144943606634 0.481768848286571 0.0955780510605707
0.282332528293805 0.0238268400685344 0.313859932846806 0.379980698790854
0.25885237104536 0.304245222141587 0.386745654030985 0.0501567527820683
0.218822575827512 0.407966233787166 0.122511813316855 0.250699377068468
0.358394494381468 0.0133263500007829 0.363296606819645 0.264982548798104
0.337825558701112 0.235449487578879 0.363397103364879 0.0633278503551302
0.235627507718704 0.388117938456747 0.325930701895886 0.0503238519286622
0.2445561356876 0.324322134208712 0.184265072835479 0.246856657268209
0.299733829656038 0.349177507607259 0.0535866396856699 0.297502023051033
0.0226351836720593 0.362335250207555 0.423164360135511 0.191865205984875
0.220682487742251 0.255014815338461 0.453207116471938 0.0710955804473497
0.124093798152957 0.133722711157445 0.616239072355373 0.125944418334224
0.17291212778916 0.301016378127318 0.222650420644406 0.303421073439115
0.401487711204304 0.156613107488499 0.174631351981025 0.267267829326173
0.0316927295442199 0.566322918267779 0.163020177684734 0.238964174503267
0.09500197370392 0.245197738661912 0.208353747539401 0.451446540094767
0.396826827096226 0.286104962831374 0.281115183949482 0.0359530261229181
0.493784131604627 0.344345485201032 0.122273381657794 0.0395970015365475
0.187289774437446 0.490006055388863 0.306971646101387 0.0157325240723042
0.251217653804048 0.384050622841236 0.294641007302385 0.0700907160523305
0.376150300984327 0.529427695013456 0.0208598348193295 0.0735621691828873
0.681152888217923 0.0419564354275978 0.260430864445738 0.0164598119087415
0.103541221551404 0.37122221216589 0.352088011423378 0.173148554859328
0.0217804119629067 0.348801548269058 0.290445626882396 0.33897241288564
0.0417148812522541 0.125956514384132 0.479701576645523 0.352627027718091
0.441396972370128 0.00270718518751789 0.292946072446074 0.26294976999628
0.38670278474327 0.529552723019475 0.0307643797963204 0.0529801124409344
0.187513184440153 0.203902236133279 0.255188616290094 0.353395963136473
0.139280963316904 0.227799381750157 0.333630589944259 0.299289064988679
0.351216455882376 0.137600915311693 0.209252528607202 0.30193010019873
0.383924980316062 0.157578340848138 0.160823403090623 0.297673275745177
0.309487670550071 0.0317913625562526 0.443035238213236 0.21568572868044
0.0180962578021136 0.0876557688601911 0.62028827346788 0.273959699869815
0.264591997181247 0.0815106394611576 0.40231088789949 0.251586475458106
0.396723022674354 0.0810988937699575 0.202702494319203 0.319475589236486
0.357107231792628 0.214711924030322 0.14490590767745 0.2832749364996
0.0221800689338283 0.150319383684562 0.410908253977695 0.416592293403916
0.42408411493897 0.20144893260361 0.11008874053061 0.264378211926811
0.215161651250736 0.318316253587421 0.0317117283156249 0.434810366846218
0.212886418496296 0.365496156905735 0.323516919916552 0.0981005046814164
0.261595784830093 0.260169033882434 0.261498939545854 0.216736241741619
0.0771667867259449 0.493834730052206 0.251672921160055 0.177325562061794
0.31986114862187 0.250445981703865 0.305656812552139 0.124036057122127
0.336524323235158 0.355517793972471 0.0861080435911628 0.221849839201208
0.446612021924807 0.483474292219944 0.0698249180915302 8.87677637185439e-05
0.242314511641001 0.237095992459173 0.229928172728841 0.290661323170985
0.319790336941997 0.056920043346716 0.233598797952987 0.389690821758299
0.353184033539573 0.105468877884467 0.441052379362948 0.100294709213012
0.382840166664838 0.318961941641342 0.0789199083560292 0.219277983337791
0.408774482091629 0.412706335660417 0.0383175202501798 0.140201661997774
0.0563838608240943 0.0776414797637673 0.168194531227416 0.697780128184722
0.392586923217758 0.348821788252639 0.223159931553605 0.035431356975999
0.34462592982966 0.140028947892641 0.163009966230599 0.3523351560471
0.411976107874934 0.173393232070588 0.151818181983995 0.262812478070484
0.530292186494013 0.215346328318379 0.151420429253582 0.102941055934026
0.267481218480046 0.274202910235116 0.0627848597283402 0.395531011556498
0.0855383669919339 0.113968124919205 0.329667927294461 0.4708255807944
0.309259565587588 0.351029297410082 0.0866281600907027 0.253082976911628
0.24407965026935 0.345706434372163 0.384803809482947 0.0254101058755408
0.509248260840768 0.168591246392247 0.044877598173206 0.277282894593779
0.399869208522398 0.270952638935882 0.105708150104807 0.223470002436913
0.21421811121304 0.176759662551788 0.270062889759229 0.338959336475943
0.0108717210495736 0.420895572969031 0.318010800321061 0.250221905660334
0.148646277097649 0.10487366642408 0.193119276212379 0.553360780265892
0.417584289384084 0.243527751451963 0.263901487786536 0.074986471377418
0.208470703480522 0.359155351988593 0.134200934712464 0.298173009818421
0.204023544493377 0.237803807973381 0.39900679007087 0.159165857462372
0.115785592424904 0.143133115556457 0.459351815341976 0.281729476676663
0.134480311185404 0.229402617351496 0.511900256205636 0.124216815257464
0.180803205501434 0.0684338625977819 0.392084613785514 0.35867831811527
0.196133374042158 0.184084432980867 0.439781725568753 0.180000467408222
0.478655105485404 0.0304142525458821 0.37330203113316 0.117628610835554
0.293207766568893 0.125946875684806 0.0639955348080113 0.51684982293829
0.365174099537883 0.334235569613763 0.0415978544284227 0.258992476419931
0.373141525361481 0.140442841479939 0.0728083574391338 0.413607275719446
0.292354386285883 0.435798381966194 0.10464748004067 0.167199751707253
0.268253156724509 0.273905432285488 0.146182245146198 0.311659165843806
0.0338822663250271 0.315441004309021 0.486911461973042 0.16376526739291
0.0212000244388629 0.173086893625492 0.323322675756577 0.482390406179068
0.198948983150319 0.443130428440467 0.351702429363666 0.0062181590455484
0.0686055304794239 0.135721018270486 0.352781385250679 0.442892065999411
