0.179318275587278 0.00392114938380195 0.0767742648323291 0.101433279056595 0.0160678892697428 0.183041904139783 0.222834961817354 0.0545366943610184 0.12007218927671 0.0419993922753882
0.142813831964659 0.0867155832473641 0.146337629039656 0.133169963219249 0.0181451992118764 0.120564007265407 0.153533867955171 0.000475709976354369 0.0784853572661706 0.119758850854092
0.06225316830565 0.0978584897100205 0.0825714403484944 0.140117784649465 0.0324851593117254 0.159494609957532 0.155999925414745 0.143913204373538 0.0219461896835168 0.103360028245314
0.0818038388881355 0.10842581797663 0.0885621613554037 0.0863836611927099 0.14213501581264 0.0761247983870938 0.0198604709937926 0.127206713536479 0.125310632990965 0.144186888866151
0.0406751196241998 0.0180043090517627 0.0173855800627859 0.0902185756395627 0.200898765322816 0.105069244683739 0.140303756292713 0.091954346076497 0.116998542295819 0.178491760950105
0.229877347166789 0.0254278485806214 0.0963232283539009 0.112302563740743 0.0212050294830831 0.0362676107993113 0.00820882445022506 0.21722455896454 0.109984125022632 0.143178863438154
0.0310914835654408 0.143877253575294 0.104431214856656 0.141016140150298 0.152102197954975 0.170925736737522 0.0119396921557857 0.080427608302278 0.106094047772195 0.0580946249295556
0.141484881475669 0.090441931105442 0.13582274968025 0.0597067764225515 0.175614932180932 0.020335615860533 0.0343129910220455 0.0995458317020986 0.133922428789542 0.108811861760935
0.132675148199348 0.0572965536784357 0.0830186441842798 0.151527364497608 0.00778375111744529 0.191266661250408 0.0628116688385643 0.0857463464921531 0.102307476569622 0.125566385172136
0.113217908409865 0.0677480819808331 0.0251139312436411 0.0149065458798811 0.185912250957907 0.118292198217617 0.0661766601851427 0.142383599368763 0.0760509276579803 0.19019789609837
0.139958757237044 0.0881126844928964 0.110610932763452 0.120664972270274 0.0899360324586464 0.131427143855764 0.0324564187208824 0.0817133996805457 0.136799768846439 0.068319889674056
0.215797127171987 0.085473390511572 0.100848727690788 0.0478999010118753 0.153320197920624 0.0345446537219505 0.0546944648575196 0.0520419528634094 0.119658077667723 0.135721506582551
0.132454936695927 0.105123672915806 0.018286394439751 0.0667826611196935 0.106669615746955 0.110550878532621 0.120032371582508 0.151674420884724 0.114375118514504 0.07404992956751
0.150194417286721 0.0484807919956025 0.00596339633926519 0.173183066540623 0.0238553888733896 0.0974858869166222 0.159269484814645 0.217808540554618 0.0431347087537365 0.0806243179247773
0.100474769954143 0.144300941605614 0.171921597906107 0.0918938288338647 0.0229579729713745 0.208496978501245 0.198617080817934 0.0126375711526985 0.0204659321745209 0.0282333260824982
0.0148306070207606 0.150316657083986 0.110744236255642 0.0587353700680862 0.143216409138794 0.0811423423390392 0.0857820735101598 0.169739476063186 0.158733247516561 0.0267595810037841
0.050934371780483 0.087262258908696 0.121960899277682 0.0431406024962783 0.146079090917337 0.111712125339516 0.133425499843352 0.109398990512488 0.141254017163557 0.0548321437606108
0.0452985117881234 0.113713090844183 0.0455638027024258 0.154199162971546 0.0970523594624649 0.144841181031442 0.119497793686832 0.0856131096675627 0.179039715125402 0.0151812727200173
0.0883521897066466 0.0105276845805294 0.0970546846078301 0.0515005741562534 0.0744891971158466 0.161591387939198 0.184298196214603 0.162238241180482 0.00898154798267487 0.160966296515936
0.0104923720660853 0.210748746289444 0.0930013420193335 0.0352190607158441 0.150698417370176 0.219553190524688 0.0727900930771438 0.0024682070785801 0.136677540035036 0.0683510308236692
0.132368422536337 0.100680512193492 0.0976485043390614 0.145270488556777 0.18168900345063 0.120549937040854 0.0209447502370719 0.127837989042698 0.0696761389698212 0.00333425363325828
0.177691149127063 0.173108397332298 0.104610022911481 0.132597854915619 0.163991459787926 0.155952782712093 0.0276221372139692 0.0423447550933256 0.00691625962495488 0.0151651812812687
0.126991447351193 0.0843363447909809 0.039681059034739 0.131250791324371 0.0944668070890829 0.0836541895943154 0.16015093009795 0.0779217961353729 0.033582613706544 0.167964020875451
0.0891452045818714 0.0541855082837485 0.0372921216703729 0.107349002771928 0.0486795703115009 0.142804596547747 0.130755326904125 0.0712796552906834 0.182657221858361 0.135851791779663
0.0101084688343689 0.138657587249408 0.0687533609543066 0.0286907325775593 0.196670793443559 0.0154979735781186 0.109935008328094 0.207376163738625 0.100949709103493 0.123360202192467
0.0377516147693176 0.068251976007932 0.052876268864106 0.191581452506559 0.186992272567459 0.063442929550461 0.173483369984087 0.0579150134488508 0.0304946053141199 0.137210496987108
0.000358228275184303 0.132400385743046 0.150703242669362 0.163937640432041 0.0780580097457176 0.0761514808572593 0.0837807252017189 0.169867579775705 0.0356550316190038 0.109087675680962
0.130203971699254 0.0155358557517535 0.0471283233614319 0.0777248030008384 0.127273973689377 0.0706931376524567 0.175858701905151 0.153036176651524 0.154339441674047 0.0482056146141656
0.115290724244703 0.000366056933999997 0.142212019324895 0.179829041706013 0.149819331953129 0.037869000428696 0.127646774296781 0.0333936596692135 0.0799400080695823 0.133633383372987
0.091684351866899 0.0284969004735659 0.154262770136989 0.164161818083106 0.0282298019906784 0.139241707903349 0.161636950862223 0.0258424119047512 0.155240722808506 0.0512025639699321
0.169105436418824 0.0134326834799574 0.0813308174619827 0.157542882086333 0.168557245062909 0.189619181170645 0.0263656783693426 0.120685728759774 0.00698649363926306 0.0663738535509692
0.154072600272073 0.10078084485243 0.0531697595727278 0.119399335525539 0.138844604184979 0.115565105827574 0.112643439611584 0.125961797579301 0.0540433421816875 0.0255191703921038
0.253531003375381 0.153066537420133 0.20214487176615 0.0230233544324355 0.0388532375230656 0.00283838401745003 0.162541927587588 0.0527130800611459 0.0788871846055322 0.0324004192111191
0.0529436754707777 0.151082081143901 0.0285719185552019 0.0112312832421319 0.122563905095666 0.151906070802341 0.118939382439317 0.0648058968645725 0.142938798982491 0.155016987403601
0.138212359405956 0.0993977228496818 0.0247394062625825 0.0841897095055107 0.166073140201981 0.0505087727424516 0.0997851067399826 0.0878325836309732 0.142840827040646 0.106420371620234
0.0706565271098485 0.134593430580708 0.001855592756661 0.161308660683664 0.0956761774451634 0.165780071662045 0.0120487832204771 0.18354994584838 0.165709342089288 0.00882146860376616
0.159606968789984 0.0697482994438327 0.172878911834081 0.104264777274867 0.0350848699898533 0.00663134241913878 0.0110761657901141 0.115783416195936 0.154050836447 0.170874411815193
0.0906346645802279 0.0270699136774508 0.147089538340096 0.0825996614537926 0.108112976609209 0.138332396081316 0.165537377488971 0.0356912588320946 0.152260669912315 0.0526715430245268
0.0177699735450982 0.0390578756138301 0.0535823355918143 0.220331089065937 0.0115012400400859 0.153411624059838 0.0574720833103775 0.0789475325957401 0.0328487647286203 0.335077481448659
0.0960598780334222 0.080839166507471 0.00729011457505362 0.11249142692521 0.182032896701228 0.129404685589096 0.0801321659479206 0.138800933950108 0.0677502547035347 0.105198477066956
0.0338123109639795 0.114771984677435 0.0343888394842254 0.120453697448734 0.168949201864803 0.165520152529165 0.163981288078835 0.0450365133096525 0.086968148779334 0.0661178628638366
0.0977960327700378 0.139929859971331 0.00388316790142171 0.0820937627552192 0.0416617994133843 0.151966819773853 0.134899050828119 0.111795758897878 0.117120241057721 0.118853506631035
0.215152964243191 0.101745221769332 0.244552848973862 0.0462759079442488 0.0904247260491185 0.0158228919152382 0.0438660162063819 0.000881091379408211 0.150597316046909 0.0906810154723105
0.125878122160557 0.119004760117462 0.0209364706085834 0.0711842907764195 0.0749112752170103 0.0896682906351742 0.0819982157459919 0.191786570982595 0.173097016249048 0.0515349875071591
0.16242035045088 0.106361552145435 0.0891634118335296 0.0819720845014725 0.0509364598244351 0.107832234155512 0.0460910548542174 0.214591945010221 0.0974284881854151 0.043202419038882
0.0524430436410891 0.157735825830014 0.0881152130640151 0.163095498027421 0.123622446125541 0.0753232091080523 0.103226303698368 0.0286429492893727 0.162095538025969 0.0456999731901578
0.160553627416606 0.189883254046362 0.163304051887859 0.157702375199254 0.132133978224064 0.077457155883041 0.0363565020810233 0.0576372465741581 0.0159192860336362 0.00905252265399649
0.153598639617488 0.13839453006372 0.189352389119316 0.0989615908997402 0.190967644229664 0.0216600121788986 0.0237176356848584 0.0209109456604333 0.0876864877170907 0.0747501248287911
0.0433518303176467 0.0540582459811478 0.111667115954875 0.197563452061008 0.0546319254274375 0.126789446853219 0.171876716596459 0.0697647375146593 0.104440399473575 0.0658561298199715
0.143960160524054 0.0526420985123983 0.116972988350434 0.00268012106500157 0.0522886222969616 0.122928598313309 0.0252412414103715 0.163698758992813 0.142498287114758 0.177089123419898
0.076593936007289 0.159244010887032 0.000216572305510717 0.102260174731496 0.0324481189149315 0.116192805995733 0.114330443361094 0.1363479394768 0.146783958560145 0.115582039759968
0.16498112128883 0.0910217624761962 0.108399602312619 0.0356403433136127 0.0631527829948285 0.104866835314226 0.130486353532572 0.0894252129256064 0.080476758106286 0.131549227735223
0.131895491934123 0.0784546161412912 0.186891782166291 0.231454115326382 0.027510284449069 0.108077906888246 0.00350260336085935 0.0513030538745507 0.0387833953843719 0.142126750474816
0.0311759271217543 0.0922823733002901 0.059118907804563 0.0814670174487333 0.188992194423903 0.20120409375353 0.111143383210751 0.186394030754141 0.0417013595933605 0.00652071258897372
0.0724035945393752 0.146732082331398 0.179989500413321 0.0194519436844169 0.124137056894184 0.0683134758127465 0.12221378457634 0.178507439261728 0.0443710422411494 0.0438800802453414
0.212096766473742 0.15296993793012 0.0993910256511756 0.0920227024700277 0.0983613388489312 0.0593824715924598 0.0256195155488818 0.221607863126685 0.0113052477046934 0.027243130653284
0.204430535549599 0.0105625029842657 0.100531926059765 0.0024373946970452 0.125973378512648 0.0299077406221544 0.164091282374419 0.152856030698374 0.153986552842081 0.0552226556596491
0.0324107831567015 0.156493237647453 0.163995464367976 0.116607803040897 0.13224588886141 0.0291798630430827 0.0150039230732997 0.115490933477892 0.0756667740495793 0.162905329281708
0.0914924556481415 0.152513104097149 0.0771288730956352 0.0140683654977555 0.0758076204350768 0.216784646494153 0.0153166059289896 0.156861483636925 0.106344328987209 0.0936825161789654
0.151252697100372 0.0763169855685536 0.00709345207976229 0.15160714879392 0.0829852473788929 0.0157823402234557 0.0455164084011809 0.158112828486186 0.169667241564414 0.141665650403264
0.145541844874819 0.168906694674104 0.0516844247027417 0.044125786134273 0.117799782890318 0.12583620097811 0.180074569469439 0.0509596128556295 0.0106929515836401 0.104378131836926
0.11628108840692 0.13583491363665 0.134032332470695 0.0286932802128223 0.0480940774705335 0.149750129745707 0.132917839173696 0.017801869964469 0.105938978309297 0.130655490609211
0.100993918582728 0.063479221647496 0.152030561095288 0.117373560445415 0.0887343239413042 0.129071734629695 0.0217275809440351 0.0843023081061897 0.123579949054599 0.11870684155325
0.241930150281423 0.198028493416403 0.0282011100880369 0.0448770560611026 0.00621781335704042 0.0291749740622998 0.155122531076595 0.14463700678056 0.115916627731448 0.0358942371450908
0.0601013378410044 0.0947238961011846 0.146247139809379 0.012128638924696 0.106559689414725 0.0312396364810164 0.133279057739485 0.123365272897936 0.176975834148213 0.115379496642361
0.00734579755246269 0.149155673106063 0.0350593802679522 0.169948047239476 0.0567283562550307 0.169347336868304 0.142155238259694 0.179991572924942 0.085437818635459 0.00483077889061683
0.13678166263709 0.101061790252748 0.0809209131455946 0.120835662912334 0.130060507931382 0.126945966178794 0.131147620918118 0.0906513579459386 0.0371736763721955 0.0444208417058052
0.0168532037887299 0.0582748745167367 0.15507626861727 0.160361530254805 0.127054486915419 0.0385012504902506 0.0236512261614852 0.150029947028607 0.135459736130023 0.134737476096674
0.102806225832148 0.136710526642525 0.0592623194203442 0.120721144628041 0.102280019711759 0.0345369156396807 0.00871725667374975 0.114803114441638 0.161017521902478 0.159144955107637
0.173490606727463 0.0640861466802871 0.125330934420925 0.140265410524434 0.0877344167190989 0.128790711315747 0.0685095687979412 0.0241923510524454 0.0676675315259815 0.119932322235677
0.0607460145387146 0.189853806901758 0.0307055657979599 0.13401594079458 0.135875454970979 0.0303385425101549 0.0602047312301304 0.0513708978790807 0.210913319963261 0.0959757254133804
0.119778001753793 0.0812184691845745 0.128885302035856 0.144473622566058 0.103952411946775 0.0770322981764321 0.135596755852244 0.00790808302926692 0.15266087193909 0.0484941835159108
0.035863400752643 0.170877265061941 0.0945226192994915 0.0819244250492783 0.06701706216206 0.150711580423336 0.0757997002587497 0.159688237924982 0.0291328306387317 0.134462878428787
0.255945258629834 0.0578930431414662 0.107750567150836 0.0166487480405678 0.10167068035964 0.079862898211818 0.179865340586197 0.0471087185159955 0.0113227424380274 0.141932002925617
0.0813020732204214 0.119907900154629 0.0999827314434504 0.150101614292979 0.0628794842910926 0.0722888332209257 0.161832671843328 0.0600836490444245 0.170971214907346 0.0206498275814032
0.0558085172566906 0.16451670469279 0.142443419140891 0.0727903956132419 0.138012716800046 0.0724087423725699 0.133792835265828 0.0335570958003052 0.0453862610658763 0.141283311991761
0.00896074739531813 0.0700577270825326 0.189699634710262 0.0680906835213517 0.0136467296419684 0.155524001315413 0.161760597662189 0.146678808891553 0.118389542339438 0.0671915274399736
0.0454657972104319 0.122971594964947 0.116488630671971 0.0986227635460551 0.11346427264076 0.0503940837485886 0.190337036634857 0.0445101050230388 0.0728983428533287 0.144847372706022
0.104197659975888 0.066313577262473 0.204647943700252 0.0713128664427593 0.0197137310496515 0.112810064258547 0.0683689278115853 0.208562664577608 0.109841537798994 0.0342310271222416
0.104646305690846 0.167586329610801 0.021642638536251 0.0935989447385672 0.0693081970251665 0.150372119422683 0.0995557068384415 0.155894986903496 0.0466504860441723 0.0907442851895758
0.0639261701050427 0.0783254497342446 0.0853847028345972 0.0967077834964518 0.105507197920056 0.0999114038224033 0.178759915312496 0.0547996177254014 0.00203918450154329 0.234638574547763
0.106452063535379 0.164676157270848 0.142049158277981 0.0896675229113431 0.076529004083046 0.125975286178786 0.0698401928926382 0.0917816388101152 0.060409603803981 0.0726193722358826
0.183113012765131 0.145987058240034 0.152767097120402 0.0973440287584848 0.0194273289883804 0.0808861294311724 0.124553229422756 0.179538453370642 0.00667318022731822 0.00971048167567918
0.0175840614312266 0.0389088518126387 0.214066172436207 0.0722245965262792 0.134619850108304 0.0401736526138469 0.164611343016887 0.0671095960424316 0.134313707229106 0.116388168783074
0.151714154907216 0.128804282491546 0.0202689253497692 0.161551068581392 0.0791629812047519 0.117077838683067 0.174370128293582 0.0315853738055646 0.0147941068143906 0.120671139868721
0.044474417618548 0.0019522415329215 0.0839464425390104 0.138296656163056 0.125036110963209 0.11205516169987 0.107221929571951 0.131301872196317 0.115995186398729 0.139719981316388
0.120862093720083 0.111012307294698 0.0447884324222535 0.169540848126501 0.104245101648586 0.128311882494459 0.129519024289842 0.0399674629312585 0.141797972921479 0.00995487415084081
0.0480592752873632 0.0175688210534644 0.171491285047368 0.0884702644259764 0.0995086066471316 0.0118148779571962 0.123524472120929 0.129193818091254 0.129259221233908 0.181109358135409
0.161746823548701 0.0753871796909059 0.20612799972017 0.133801372369743 0.00179056545737684 0.100767807378866 0.0763773008937894 0.0808115960288469 0.110353686343392 0.0528356685682087
0.113989561997964 0.0945274374851469 0.1366211577294 0.0940563114492927 0.146616968086649 0.0334462872868396 0.134811994686531 0.0714002594122087 0.143382421406115 0.0311476004598535
0.0602326263657502 0.0687582739433151 0.089047326929982 0.0306353033915766 0.101293019416517 0.159419955192506 0.151052768148543 0.106435162741117 0.077937424658738 0.155188139211956
0.103617198824443 0.0350385271491871 0.0875564213392614 0.159164001072722 0.0312172442103055 0.162542834935616 0.0399340291631523 0.109571945406371 0.193272765033573 0.0780850328653693
0.0513531691165021 0.0501945184485233 0.0644312565836838 0.137092468993664 0.156995283548321 0.143995609839435 0.157046251101347 0.00491188847347935 0.082412884756414 0.15156666913863
0.0411294369015448 0.1116062120238 0.15491163566911 0.165968764669572 0.158009802704758 0.0559475483597319 0.068162063022312 0.0543078290303287 0.152064713493879 0.0378919941249637
0.225505110689522 0.0464727471093879 0.128948976647861 0.016909406980656 0.260488969678644 0.0362810182983619 0.112054114968551 0.0708597506828784 0.0316900812752303 0.0707898236689084
0.122465792936034 0.0656906951392719 0.184130128815992 0.126150516743837 0.128017281748765 0.0875101223104628 0.100801783110079 0.0925740261746066 0.081079241307742 0.0115804117132104
0.161535226750368 0.143562596546651 0.178835479180094 0.111179757139173 0.0957069061430499 0.136979538954756 0.013886924950153 0.0103716089425405 0.116785600706865 0.0311563606863496
0.153720200220672 0.193350218188044 0.0780416629504452 0.0936454821115124 0.164178971736411 0.114813959156841 0.0864006515337834 0.0121900827391641 0.0862084340655137 0.017450337297614
0.107881231499784 0.130279315288993 0.0826429150468381 0.0312106670727732 0.176493543824548 0.133905748622158 0.0648151190628582 0.0259102856457589 0.192143842341058 0.0547173315952305
0.0713148386732732 0.153981823851625 0.0453094424148136 0.0125951226256243 0.0718194717087598 0.171349852268992 0.135466614582325 0.196058799822633 0.0865360480139997 0.0555679860379537
0.0375844080489255 0.0313630886056877 0.187402816360613 0.0646237033283533 0.106120194382445 0.0237917440793452 0.178749078154466 0.157321893705178 0.0644007257853409 0.148642347549646
0.101704567012488 0.11601255102282 0.0319034160280785 0.0981624992610692 0.11710251274873 0.196444092733022 0.0635048991803948 0.0453366282758433 0.188058232746352 0.0417706009912016
0.141839229032766 0.137169877500458 0.045018393055181 0.0213188800926485 0.128851682876338 0.115233060623718 0.0848055268915486 0.0783798686954878 0.125469973096201 0.121913508135652
0.0191002225711793 0.00663992751178875 0.0653590976280803 0.024651064714156 0.228811703019342 0.16782974637159 0.117786543128741 0.0920425940295133 0.131756378544556 0.146022722481054
0.170083700545813 0.129785428861673 0.188463053530639 0.122086967673476 0.0562338715301381 0.066142544101727 0.0565135062927444 0.131964131876904 0.0461836957585901 0.0325430998282945
0.153440470276475 0.176024680276296 0.0426867556286538 0.139656119054918 0.0303775566820557 0.107089814982923 0.1811783513965 0.011558626293902 0.0242775195587749 0.133710105849503
0.0487160992236875 0.00882937925201882 0.113990546187126 0.102765076782227 0.185459573836949 0.149120319241184 0.0197799331266971 0.143306767628878 0.0701434903985996 0.157888814322633
0.14130114364247 0.0407158147080603 0.170407689222344 0.187901846332738 0.00356455032352718 0.081476762932153 0.189186804299833 0.0529773565053669 0.0569981389212605 0.0754698931122467
0.123861862118104 0.107552295395511 0.041310259633267 0.139224586937002 0.0913267874903231 0.0978614544010887 0.12643052162381 0.0475286580867181 0.138322441819403 0.0865811324947734
0.116097864774756 0.0576740053318132 0.180262176083154 0.166525158655911 0.0754279759912719 0.0581114191113067 0.0150298353762301 0.211025190037708 0.0924458626511713 0.0274005119866776
0.146972860369256 0.0190939913260518 0.143339226966009 0.061319680067338 0.0605229372441998 0.020415533677298 0.116527726496344 0.167186694341915 0.174805166351138 0.0898161831604498
0.161938937808481 0.103422364655112 0.111282078468828 0.0927946437921817 0.0200430540249203 0.0509222995468721 0.124630921792645 0.0523802225123277 0.192179205847159 0.0904062715514739
0.0827671711278823 0.105021093305052 0.122378609022372 0.147112525710688 0.0885121004349032 0.0347374568278153 0.162050942118597 0.0947463237974012 0.147779041314436 0.0148947363408526
0.0323977478773752 0.0492802122258956 0.103934077670124 0.160642855008196 0.156234234369636 0.044242948336722 0.140181769446968 0.0974714814253412 0.101114894737103 0.114499778902639
0.194072226979555 0.00250922844504831 0.00493659592171184 0.223961039056601 0.132817358469605 0.116476225938058 0.103290541477481 0.0194878567628175 0.0720106759800519 0.13043825096907
0.108326173842991 0.0923592536739372 0.0315912179982052 0.0962505289704045 0.125723600073398 0.107747338520225 0.0785294251861885 0.19495014751034 0.0202106241268701 0.144311690097441
0.0972232222547924 0.0088150483508866 0.0386177523577081 0.194952042761724 0.184058560927215 0.00297404913924438 0.0230735142244905 0.178719470731106 0.241220486210811 0.0303458530420217
0.230504210244177 0.0643729237690472 0.0826608570018511 0.0174854730626894 0.0217906186360892 0.118319990512533 0.0927290942422148 0.150284330972833 0.0297808435221234 0.192071658036443
0.0636894689350694 0.119396992186972 0.110231010626642 0.215382883219193 0.130323392258318 0.0784650453107618 0.0183585841189193 0.0598941757928529 0.152395922034228 0.051862525517044
0.132610073040284 0.0436205224686633 0.0245193522817268 0.153402400270861 0.0674283905284941 0.165214970662931 0.0387047407698769 0.0672130442240781 0.137006380240375 0.17028012551271
0.191691977775584 0.0461169387112887 0.0876754247689641 1.33111802584821e-05 0.137844781123863 0.19364183645252 0.0854703714915206 0.0796142757592309 0.089149911351235 0.0887811713855361
0.0123107256863364 0.119950416948048 0.169506355723681 0.207066339559922 0.126398073002558 0.142139085536427 0.137163968345887 0.0487980148392787 0.0302218771654029 0.00644514319245967
0.16986890125222 0.111631199990029 0.0165823828937718 0.0455111608730661 0.101246899328806 0.0354317956952222 0.0147620040798898 0.227590012564605 0.245853346643463 0.0315222966789256
0.197289613381855 0.00699289740268621 0.138675621419918 0.0258526395571447 0.118266389273154 0.134578730108834 0.0380373139619886 0.19137995553561 0.0407699323911193 0.108156906967691
0.0304951428363626 0.124551065678456 0.0435747006940617 0.174471892404494 0.07596247254026 0.070869880070398 0.193640210208848 0.0453332447719057 0.107077539044735 0.134023851750478
0.0567384292321064 0.178013179766794 0.0829902951913884 0.142371523225474 0.17726624108008 0.183187681503276 0.0847152240222966 0.00446556336143431 0.011932190546402 0.0783196720707477
0.037136074779107 0.171640391784318 0.0708070701932336 0.188935408414976 0.0401749204343025 0.0899036312554767 0.0537549334544828 0.202935371367138 0.120223347373626 0.0244888509433391
0.12427606396739 0.0912910348913984 0.00134751681636225 0.0287149603046932 0.146725825167602 0.157027650626727 0.151265386134148 0.165677395041092 0.131071369620673 0.00260279742991433
0.0731932655190416 0.149350465243074 0.0904243275852377 0.0690362736074226 0.134494017672318 0.140786192094626 0.000849780763647038 0.122376368663444 0.142638133254145 0.0768511755970432
0.176722434706734 0.117598382254673 0.140864328020472 0.0385777498086742 0.175980164256104 0.127453540076837 0.00521630949711104 0.00180562116314382 0.0928885299506945 0.122892940265557
0.164968738687123 0.0777407977873708 0.214180839542019 0.23890225932932 0.028891130694692 0.0147024725306927 0.0589834520101227 0.0616966139965498 0.0690054417448176 0.0709282536772926
0.0492996205161623 0.15250032521548 0.0342679031049933 0.0764561204992916 0.0879825585051681 0.0795798567737541 0.0576647027773121 0.184834592811979 0.0652021749719724 0.212212144823886
0.164051858575443 0.138513653596494 0.0372333385526217 0.0894011689923984 0.109674367393685 0.104153263802364 0.0420383582925641 0.090478764546581 0.21182931817164 0.0126259080762087
0.127154606497064 0.101879084418018 0.12464044013466 0.138065821523241 0.0474468530318545 0.144986279294714 0.10127438550832 0.0947997771772642 0.0312614772043648 0.0884912752104996
0.0680863568772072 0.0507259873293516 0.179126481263173 0.0197612215813903 0.145662758009798 0.117113372383643 0.0336136489469103 0.170302378184316 0.163212402004157 0.0523953934200544
0.104906445143755 0.0485721550113235 0.158579860378876 0.116586788130136 0.092885062625559 0.0682964484126727 0.000552712830694899 0.187001559752014 0.0390011555150718 0.183617812199898
0.168392241383886 0.081535570463178 0.0581775854132136 0.0836531147677561 0.0986636342665043 0.140997814880197 0.146360637563484 0.136663515645148 0.0125596890879541 0.0729961965286793
0.0769235307764509 0.136425831250602 0.143752378379922 0.0799343380008899 0.016809558243465 0.130742329104762 0.123986289690883 0.142244592044013 0.114821407870631 0.034359744638382
0.202557159125336 0.0565695541882189 0.0558459378592561 0.03786367621569 0.00700024171306692 0.11011239028279 0.161628829425127 0.162811747616073 0.15021073288685 0.0553997306875929
0.0754567013452728 0.0239124872112483 0.160535279112618 0.0993034994586801 0.142327655297852 0.0287486039026941 0.223089774137131 0.0905269420429876 0.00013224496534599 0.155966812526169
0.0589703787000797 0.146830942531043 0.113008410268063 0.165263321132136 0.110566719644364 0.0414095409434079 0.0153670093287632 0.145634749741783 0.120372904262841 0.0825760234475193
0.0445536794590767 0.0392288543325249 0.0280541957617716 0.184250487830223 0.0383804549762316 0.183207461050915 0.154807657293691 0.0898223594480002 0.0703312735723837 0.167363576275183
0.0882986011333688 0.183666962057301 0.0441474850333573 0.0714173281347785 0.188287201521939 0.169875002868908 0.0971751435414055 0.063300541543892 0.00514753164885963 0.08868420251619
0.212805381448753 0.046293008611895 0.0562558509635656 0.106805950891764 0.114185570333093 0.187671796453367 0.0939403188006699 0.00729404652965508 0.168703844056863 0.00604423191037544
0.0547497009619864 0.109621374920207 0.154782614606791 0.101731838595967 0.030842891270647 0.0214928387612604 0.194117947160445 0.213485863940276 0.0205454156257981 0.0986295141566226
0.158090521955968 0.143936572373058 0.107856931053903 0.103224551308784 0.00392589922456428 0.0469307766446106 0.15739306714199 0.0787021956360995 0.0512785528430326 0.14866093181799
0.144359810015674 0.060481766189249 3.32342324018635e-05 0.253132482127784 0.112269572616071 0.237059834913442 0.0226301639460559 0.0823518603449005 0.0185186771805495 0.0691625984338723
0.137607404617519 0.109411431533884 0.186486126722018 0.0106181723124847 0.181457743759293 0.120938477971149 0.00055280478858915 0.0155972397170728 0.165139371434331 0.0721912271436591
0.0776359618089849 0.0567575230588587 0.0800536503307573 0.117672063572578 0.127818177451923 0.089343481465701 0.168739056130674 0.0308302013434794 0.0740484398561265 0.177101444980917
0.109857716091739 0.00284519128691352 0.105107125745138 0.0412024435717083 0.095191004567131 0.0844258261108761 0.103022344860863 0.18189186293663 0.136732126975335 0.139724357853666
0.144188571274824 0.0227704902517751 0.161126853853473 0.0256686612617536 0.114441850580077 0.165660208152164 0.149457370401889 0.0422186784672716 0.170830255393668 0.00363706036310486
0.0713900694940184 0.0729451775511497 0.105896039297255 0.0983390788243654 0.049618124676478 0.1225866114681 0.144229399849706 0.112697582571977 0.118633097201867 0.103664819065084
0.0519247853425235 0.103643074966915 0.132631466112137 0.0411211871310682 0.165172590028795 0.0553291638590551 0.0371781729601288 0.169015549964879 0.0831176638280046 0.160866345806493
0.157644978335523 0.142886729086059 0.0400214895502373 0.0421310327828829 0.165178644838736 0.146038547929821 0.0662193476998225 0.00925591074253912 0.164550008920383 0.0660733101139952
0.012019877522736 0.145630757941023 0.0823499149464334 0.113176020388043 0.0556187607296643 0.13089245486076 0.160767360523314 0.128251777058688 0.0116220595775643 0.159671016451775
0.0982512278100749 0.0956340606475453 0.132793941019503 0.171479214270407 0.135781949927964 0.0689173679151653 0.070002074720487 0.0762387657240125 0.0405160408542137 0.110385357110627
0.0835618045619371 0.146585904624784 0.0651786928728871 0.0778556970152081 0.132697400748575 0.041967388778983 0.107846348765356 0.106391613234631 0.111201710344176 0.126713439053463
0.0755786680578819 0.16522606096966 0.0651811792734173 0.182935637198845 0.187107353588215 0.0515281028223209 0.0922634516007067 0.145574695585969 0.018339965140421 0.0162648857625636
0.198869908222248 0.0480527062598943 0.196784572031864 0.037007241838374 0.108099894062668 0.216816048951128 0.0104729510590178 0.0233876986902696 0.0918388219518537 0.0686701569326821
0.195716732781302 0.0764985993062486 0.0758379630213137 0.0888742978293163 0.0614953435890075 0.00381141221135318 0.170046699870352 0.152341619774713 0.126477967492134 0.0488993641242596
0.098434387026004 0.161175438292024 0.125128546813896 0.131217355335439 0.109677960298829 0.141969163299472 0.139109141871343 0.0160317537407152 0.0113855749980089 0.0658706783242678
0.114315304549529 0.000960917547743977 0.0757183768596184 0.183637829338496 0.0045840963545186 0.0792102245906922 0.14976857871245 0.0531083627279476 0.140426896137455 0.198269413181548
0.150986500056789 0.0121611671148764 0.110411089988487 0.176622351255343 0.116140274376728 0.108614487281981 0.0549849528484587 0.101014425771986 0.0356980235362672 0.133366727769084
0.144189463439348 0.096346719636562 0.082344811649873 0.0842427944294107 0.112914815561546 0.0823377425186674 0.0969743894510016 0.121036821935706 0.0509138627600494 0.128698578617836
0.157351633997625 0.17662591097498 0.133468356681825 0.0498363515288117 0.0616890519261942 0.242271788970173 0.0763232504042286 0.0709696155558226 0.000552239099950327 0.0309118008603902
0.0371014466504191 0.0790814119050521 0.0558963588584276 0.179630720610321 0.191721452752787 0.122810493501799 0.138622637038915 0.0636544742182847 0.110414194671252 0.0210668097927418
0.132398549702251 0.10012013470338 0.0660258142831148 0.0846441000936063 0.141528131064281 0.0860540773674681 0.0576817613830956 0.147796281091785 0.056129581830569 0.127621568480449
0.0559321509618616 0.117618279531759 0.028386079676014 0.0670695088457476 0.114293219407972 0.156668582283972 0.0342359654546467 0.121893174512666 0.146191260360493 0.157711778964869
0.0410205552143927 0.0456588649624791 0.121683548382925 0.100033037722776 0.129356696153522 0.109451752729637 0.117525186205555 0.0825253899423343 0.0995779523165779 0.153167016369801
0.11310533356497 0.199231485294354 0.102429402788908 0.0809053633204308 0.0770289205524064 0.0935372788671178 0.0430454177223939 0.0159798135728359 0.121121604814999 0.153615379501585
0.0334317273336622 0.1478197233248 0.0704194668132168 0.157437603017141 0.12576995764616 0.116108672803924 0.10243188902529 0.0873801658673076 0.0387580827705078 0.12044271139799
0.115185907599615 0.131859296292987 0.0764607815233422 0.0243305891927546 0.00283927800401308 0.0306260588627694 0.178300835629238 0.248920185458782 0.0255921808189794 0.165884886617519
0.0211772838167462 0.171952611311994 0.133982969313853 0.15297160168652 0.0741840936861793 0.104773935266981 0.0424814048722606 0.109866819676196 0.0902428325052244 0.0983664478640452
0.0429473575790994 0.0123079797578696 0.131684302918753 0.00387531509309307 0.17243827398428 0.128691012146058 0.113235442179461 0.170009789072099 0.0940203663502132 0.130790160919074
0.154479570993716 0.132235589897823 0.113073267143241 0.0125535586462661 0.0369767613940447 0.190815751302695 0.12045139751178 0.14665841881244 0.0886393597297666 0.0041163245682277
0.0861177507719251 0.178475014410767 0.048983479069042 0.125258939624102 0.045495720237147 0.13147903218215 0.169312293604995 0.155397203579912 0.0479226422315508 0.0115579242884096
0.0137182301228132 0.04537805857906 0.124164539734307 0.0973961226328348 0.0644721572477828 0.132230360555585 0.0572815780409381 0.110425949029854 0.193343345399263 0.161589658657563
0.12640699015066 0.0974569692605674 0.12749079693087 0.10733346837302 0.0839262420333312 0.00222312378683709 0.141214633257304 0.0466953078855525 0.116387051568814 0.150865416753044
0.0352100763078536 0.142545246706569 0.0959211296071188 0.154171067212097 0.0997829101381602 0.146656813635921 0.0389669997791978 0.097649922893983 0.0896851949349576 0.0994106387841414
0.0536550347104913 0.147763241398485 0.188171424166415 0.132621925659467 0.0250847402208943 0.0767965945643466 0.130792644586959 0.0273807608773789 0.0702230243326607 0.147510609482903
0.207860995396176 0.00463988258828403 0.196559338296851 0.0537771248250562 0.00230128776568059 0.0225201501603867 0.248107508657076 0.0739470661435619 0.100458841682796 0.0898278044841319
0.140590336161379 0.145631707995838 0.0675063060779114 0.0651792850665409 0.0916782956305322 0.151248951134345 0.0330058629518979 0.0765828360483832 0.0705558007955756 0.158020618137597
0.092636780417201 0.171050328189591 0.134374430454861 0.220653830658191 0.0405130773929644 0.148838852990175 0.000132103793194669 0.0951919281925327 4.19791732883471e-05 0.0965666887380006
0.155096827562174 0.162668841419633 0.140865927082926 0.0683014003923764 0.0605293935926565 0.14637317190447 0.00511889908671315 0.135929643286498 0.122059235618481 0.00305666005407182
0.13574469132112 0.066326780559904 0.151022942318427 0.118090406892144 0.107373370423299 0.139282330129894 0.162630438943409 0.09811355658945 0.0110832137766168 0.0103322690457367
0.210785693714618 0.14810461972474 0.0573220276972594 0.0794814207682436 0.157354372498267 0.00517711529393626 0.175016238908485 0.117043277980005 0.0319269267965478 0.0177883066178986
0.0158595661266259 0.109171914211064 0.119388202542264 0.0447174473173527 0.0979666727951784 0.0206895512229051 0.119719694218907 0.0954853067524231 0.198023935979436 0.178977708833843
0.0788074722350301 0.0413162106353842 0.0156209794265016 0.264328149664978 0.0230893675117758 0.209428904766549 0.0832395368533476 0.095062634182756 0.0541819953797508 0.134924749343926
0.117634895802863 0.0834819038136887 0.0315104238966328 0.102471141168743 0.15582779315253 0.0090439174806231 0.155874048682557 0.166512255504308 0.172258130181434 0.005385490316621
0.0723455777279603 0.0242569792954841 0.01057987092912 0.165893396865804 0.187099336521901 0.0505479966410751 0.103376739232623 0.0331795124627327 0.252570497026117 0.100150093297183
0.0584071789868944 0.0952546860820154 0.200552204052058 0.090710074644443 0.040783584518461 0.154222834891564 0.201788117077528 0.12642554455976 0.00748638401389861 0.0243693911733769
0.0527497864788287 0.00183462584545846 0.101543211604051 0.141769870108524 0.138069960052605 0.102581856947358 0.123420785040221 0.12045223831208 0.171092649023684 0.0464850165871905
0.123258182182152 0.288330662525817 0.0636047703873827 0.0730310924793429 0.0881503733048334 0.0262846565212559 0.219363079199803 0.024465805849985 0.0461636273059873 0.0473477502434401
0.118817459427115 0.0807409355289178 0.19893515851502 0.0476131308619576 0.177239078452366 0.026713600920977 0.0277534450722926 0.0610865322122074 0.176535263116777 0.0845653958923687
0.0302706990706349 0.0846094072181546 0.00202720909555236 0.190523434649061 0.155739642362509 0.0898918119728936 0.123928033619123 0.229198115683117 0.0140069166448987 0.0798047296840556
0.0752201534560724 0.0336339423467009 0.0541271111047274 0.2092286598326 0.187632582022743 0.0441419715000289 0.00201425232518161 0.0544259168573886 0.186070756759324 0.153504653795233
0.1442149550506 0.153262309481327 0.161493168574893 0.106297998490352 0.0839046381014787 0.00911952575161104 0.140897032908182 0.158610552946332 0.0257929019335608 0.0164069167616627
0.179852074001974 0.0115535439041915 0.151499227252597 0.135854437831067 0.0328448169591704 0.0016250809311786 0.0724752286375451 0.183158475070168 0.0601251754974964 0.171011939914611
0.102074350809582 0.151665180240557 0.0878212849056183 0.194335004581101 0.0353195490120636 0.0162905557901501 0.00175095676249358 0.118120370273261 0.121657379689914 0.170965367935259
0.0173922462410436 0.0684127748515965 0.049919990270627 0.00880636485535634 0.2439642369104 0.00176007354196893 0.0713028372199748 0.134903426468421 0.256982178976196 0.146555870664415
0.124888900210678 0.218730878213058 2.60800239658241e-05 0.0438910531849279 0.194765928990773 0.0612000608528754 0.0676022932303282 0.0552438280870449 0.062654730139054 0.170996247067296
0.139483460730883 0.0840563117921235 0.0262109040919316 0.147621625899494 0.109365756891699 0.0416278665359646 0.1243651581534 0.0938063112916421 0.125900251075863 0.107562353537
0.138234093138786 0.136769516865535 0.164740396088041 0.0764052171491287 0.145761717510217 0.0571238434031277 0.0415427646531312 0.0729207430807832 0.0856068474480434 0.0808948606632069
0.047279199517452 0.0564878373557275 0.176975522609263 0.0968077054679029 0.0588817057473217 0.0234805551326145 0.166899924288805 0.114506162251559 0.120289991310723 0.138391396318632
0.144836098463235 0.0286579342633333 0.0721017398294491 0.138437701970943 0.161084944281823 0.0700520868411061 0.090838513583437 0.108188338155263 0.0198353315811241 0.165967311030286
0.0585999164581161 0.159294986421365 0.213240911612984 0.000116576907262492 0.205068533890532 0.00666091950782894 0.046972092104759 0.0181073069494631 0.0945652948991576 0.197373461248533
0.148524157297402 0.112073074518469 0.110755820509677 0.0764702396969437 0.0948010262584087 0.0709459275693503 0.123226221942281 0.0951982313051588 0.0709704994368597 0.09703480146545
0.112947811049946 0.0807234881335275 0.151566299404667 0.196929602319361 0.00576383445826207 0.138006542868933 0.0781803511956306 0.0456670715546995 0.0474993133140178 0.142715685700956
0.105400277877787 0.198385859706801 0.0372131317345501 0.10434390329279 0.0161209150269074 0.178004741566707 0.150586042475716 0.0263121167554431 0.0386896471520971 0.144943364411201
0.200519840101088 0.0537051676441804 0.0418938897692508 0.0872369020773811 0.0780286625081461 0.0947198387326805 0.0481157451216155 0.187799626204821 0.101240566630218 0.10673976121062
0.0287477435897604 0.133552741726808 0.0774063564568084 0.151685477914836 0.104071688562736 0.133905118977932 0.0827389532348654 0.0812365689659899 0.0460602692112319 0.160595081359032
0.180832309923895 0.0493988699015929 0.186584304183576 0.100418717684296 0.0148276664387381 0.0724704678930011 0.179259165148093 0.0765409926438901 0.104839409440517 0.0348280967424008
0.0122821627337486 0.0883169902823928 0.000619456698435581 0.177608334077651 0.20427539213441 0.085978515651203 0.0899786373297296 0.0576320349938519 0.110848687437011 0.172459788661566
0.112938123179193 0.0554055135371972 0.0119941177336462 0.161688885150858 0.0277868674873812 0.0672889174523921 0.0583598023318595 0.220588709924107 0.0985220913478124 0.185426971855553
0.170349630465185 0.109422075577146 0.0580708727675632 0.0107392495734826 0.172139375572017 0.10408726846802 0.160202283420325 0.0399752387041742 0.00785575511603544 0.167158250336051
0.12276120062585 0.109936400474133 0.0447616347890433 0.000407532815084701 0.00291782502125007 0.114470251671799 0.229865543277559 0.00406054789449404 0.183144564414968 0.187674499015819
