0.199684993094934 0.165432276385698 0.0793670802719673 0.0631578260388597 0.231667831847502 0.260689992361039
0.236002500582381 0.112204181320267 0.0917150067755965 0.0235141317052237 0.253694401518375 0.282869778098157
0.0377304253616675 0.258888039805704 0.149510796881026 0.152854036208851 0.223900196702379 0.177116505040373
0.023363442061141 0.344374380772993 0.0147448155969369 0.163708897023082 0.323677851220889 0.130130613324958
0.0133670057853763 0.188852751512277 0.230258130754256 0.210765215528627 0.172566889304126 0.184190007115338
0.271929631638826 0.21116137386103 0.238189066982391 0.0200710608183742 0.069524686889793 0.189124179809586
0.157118457959066 0.100645788260293 0.000912286799373289 0.252814347485057 0.279044152738647 0.209464966757564
0.16027313239043 0.189248752750735 0.248339074584846 0.0138562403485592 0.187250468619702 0.201032331305727
0.0969637292699879 0.178617673590855 0.158493715214323 0.121903651395582 0.297160541300417 0.146860689228835
0.231113385891383 0.0539959927610726 0.215249739845108 0.314591001768542 0.103588050308298 0.0814618294255966
0.143092606801305 0.18216753140192 0.137941300075384 0.226282262601106 0.140645751427299 0.169870547692985
0.114648960639983 0.196954020515071 0.0180996472405052 0.278565439886231 0.171192829490351 0.220539102227859
0.220557845025493 0.0189307047688725 0.152465049076327 0.29675685602999 0.163263205469307 0.14802633963001
0.0359177622494813 0.174206813265177 0.165881893368395 0.312108957960809 0.224684163120734 0.0872004100354035
0.295047929232089 0.105077785185296 0.130806131718363 0.0781746995085772 0.213417432728825 0.17747602162685
0.158791961871868 0.262344351769383 0.0804081890395455 0.398762522628424 0.0618749893966819 0.0378179852940986
0.0115993457518669 0.170613201780176 0.160157249933433 0.238863277593136 0.327943538087453 0.0908233868539351
0.286844005162678 0.270515209688938 0.0688339955388504 0.00250685014101313 0.12453548315535 0.24676445631317
0.225972989781175 0.180643741355788 0.165531500475347 0.138150966369717 0.186973005146109 0.102727796871864
0.219504271360527 0.144238657432059 0.154589765457576 0.157459738526159 0.18029741239855 0.143910154825129
0.197683958817926 0.347574831010088 0.0585608282097369 0.208067966386763 0.0127664303966792 0.175345985178806
0.00560295399844119 0.143387488721377 0.175602160569241 0.308830728191113 0.146736450518715 0.219840218001113
0.094791640924514 0.248052926405474 0.241611252936131 0.169047012752001 0.122654594065348 0.123842572916532
0.0507915896399933 0.154986621176367 0.269872912651776 0.276117128668207 0.206255651318335 0.0419760965453227
0.248656000991032 0.236212529245391 0.186171194645525 0.0827499677397571 0.118178005265192 0.128032302113104
0.174539467528411 0.251960574394778 0.062263373312545 0.252760183575907 0.0415829646536532 0.216893436534706
0.0653080796891541 0.330794498346377 0.120999912305214 0.071952309337271 0.233039841012447 0.177905359309536
0.123353523618923 0.198942500748733 0.187713419783961 0.139730229857788 0.178934689742074 0.171325636248522
0.0189179481677943 0.106815555125119 0.309324952025853 0.307662750987868 0.183905543066458 0.0733732506269076
0.224349193543623 0.193490334230716 0.204425091820927 0.159281321632171 0.00611319422470236 0.212340864547861
0.11131093282346 0.0316464821396327 0.24398900355949 0.0168793915340117 0.275186162439966 0.320988027503439
0.0434526016736079 0.246736421738371 0.323593017710693 0.128894864968744 0.158158858660713 0.0991642352478703
0.1325807073901 0.0375383851561492 0.116813056488374 0.158625307570611 0.403753369189918 0.150689174204848
0.219214052168885 0.0879684443834309 0.11827849918557 0.273875712231433 0.254169104489907 0.046494187540775
0.336896090034968 0.366546605045968 0.00840862055616913 0.0749453314657972 0.104959539758505 0.108243813138592
0.144901998151772 0.238081911152761 0.23555101641292 0.226386546280397 0.106867328330099 0.0482111996720522
0.0708350236777169 0.221872491586797 0.0962289102126075 0.301925182015563 0.21086613666391 0.0982722558434061
0.131807657269268 0.263913187614274 0.303285643648048 0.210051875570509 0.0157949989392855 0.0751466369586151
0.1952970023523 0.248052982865401 0.0841793546619619 0.153753579733691 0.206772891734518 0.111944188652127
0.195739391661247 0.100402045498713 0.0670888809893604 0.209708647567531 0.262699372429135 0.164361661854014
0.0194741238049815 0.212164211589534 0.10897360602716 0.196684328300866 0.236161006969149 0.226542723308309
0.067056479874928 0.0688192868760159 0.151188770149887 0.164871431909771 0.189516471686348 0.358547559503051
0.171253704036054 0.182763351810409 0.188285344241707 0.129881512994224 0.314661504077135 0.0131545828404708
0.125708632440684 0.00821165670766641 0.00372343714432633 0.337065855301004 0.190496193246866 0.334794225159453
0.14226040161451 0.250668900911536 0.178237355181752 0.144203599332504 0.119679188267067 0.164950554692631
0.0484048570403664 0.0229977100240372 0.234664998587831 0.326051015787362 0.0902934013369846 0.277588017223419
0.262526487582193 0.13299012495464 0.0617926184411999 0.0550466068304914 0.266328914132168 0.221315248059308
0.0983961746472034 0.245958272414322 0.153988150981261 0.123747611924584 0.214105686034007 0.163804103998623
0.0753200199807844 0.278674309955608 0.24569768604035 0.104230481890658 0.00495657405428546 0.291120928078314
0.251017637710419 0.110941859663287 0.0841120798311781 0.236978503274126 0.18317050330793 0.13377941621306
0.205493035000735 0.0375904591394291 0.245282298684452 0.154445102240926 0.175488544020459 0.181700560913999
0.0646696330253832 0.229014443574753 0.217202070872066 0.161295273637617 0.243126733756238 0.0846918451339424
0.268550025492149 0.177798398546068 0.117201416755534 0.0629414609100019 0.345396522000503 0.0281121762957442
0.336290303962782 0.239597207677038 0.089176702483915 0.0127114587652286 0.117855622487662 0.204368704623374
0.154544215123442 0.354864163354037 0.134619801198061 0.251805141538948 0.0331358822522775 0.0710307965332344
0.238909674204658 0.0968205802615885 0.125130944775108 0.166625905005786 0.208441024142297 0.164071871610562
0.281579623341431 0.196762701994115 0.166449193391026 0.211009595575209 0.0976916807964708 0.0465072049017484
0.137823557115339 0.135491873396472 0.166491095359382 0.276352507375633 0.200155020995487 0.0836859457576866
0.185998984709667 0.238467707291154 0.064780520199647 0.210737926770061 0.265622603455917 0.0343922575735546
0.179251424180435 0.173549056005889 0.209022295949923 0.209214421232358 0.0705979351868903 0.158364867444504
0.320330374887459 0.0331076012493154 0.17977802823166 0.193765894200651 0.120750458378341 0.152267643052573
0.0307841287637775 0.122661707514031 0.309760455085686 0.256200180203628 0.0724955685116033 0.208097959921275
0.228106122528761 0.121458849020127 0.0307707692352608 0.188921948009266 0.222737938272456 0.208004372934129
0.103520451923813 0.192589174353984 0.237484742208037 0.119167441062177 0.194161233673828 0.153076956778162
0.249469440887273 0.300053611790713 0.207760336706052 0.0944068859550258 0.074096882938396 0.0742128417225404
0.13385625735068 0.282314774832421 0.0992023740108316 0.0553538649889285 0.303369256951678 0.125903471865462
0.239397796298295 0.278552689347833 0.132090034171569 0.182768049897646 0.144578467067137 0.0226129632175211
0.238819079575818 0.11814957447101 0.0615262514589273 0.190958383864129 0.184441849551388 0.206104861078728
0.0181448947987649 0.271164983388172 0.164726519880193 0.274125267440042 0.0509276824018382 0.22091065209099
0.294948473185113 0.0370609956059571 0.288610098231967 0.0469353854686544 0.0416786364581402 0.290766411050169
0.183664836549686 0.144807273571971 0.132316594725989 0.250806380168541 0.211200978593832 0.0772039363899808
0.104085844908512 0.2110898832137 0.222293281519767 0.0886522966592431 0.164600946716604 0.209277746982174
0.0253009088380324 0.154011697176539 0.222763709012018 0.245570219818119 0.122729320621971 0.22962414453332
0.137766029145838 0.131920182351515 0.198398413963213 0.163330889195815 0.199896170329392 0.168688315014227
0.108066652004259 0.372091091041419 0.0197501920484098 0.0187758361276953 0.0386046290269916 0.442711599751226
0.188009597669503 0.0150962814578594 0.248303115428227 0.0110905375104248 0.363206994485894 0.174293473448092
0.215354093249907 0.198142845565807 0.0937344773654178 0.0838211299756487 0.226788956134733 0.182158497708487
0.132293881328958 0.170929304269751 0.186224351589966 0.236046512601222 0.00110792191758519 0.273398028292517
0.0275279982298227 0.151326375416966 0.219854271665328 0.00451476995045231 0.349217984557452 0.247558600179979
0.200151457893403 0.110073257614815 0.0228150524832685 0.303962037630138 0.0236551056866094 0.339343088691767
0.138635757176169 0.0207412170085151 0.09113846704179 0.27663325103104 0.33554749034637 0.137303817396117
0.120314832271353 0.0546932137179976 0.18427671961157 0.187541761453041 0.183754684677592 0.269418788268446
0.144644037723988 0.111843300165125 0.125970569936619 0.346412603878248 0.191444525448042 0.079684962847978
0.0387589943968006 0.0682914363863901 0.258692888672694 0.431647635748456 0.0604914406660823 0.142117604129577
0.26621236433844 0.276367454634259 0.063654559638655 0.100698129574006 0.169669382188196 0.123398109626444
0.324665228805424 0.0735124198918922 0.10013438443192 0.054342965524077 0.267454047042338 0.179890954304349
0.192909572889518 0.224691726598856 0.120463986728789 0.222929349205826 0.194718074727884 0.0442872898491259
0.338074752962889 0.219594683897801 0.0257862573181649 0.0345143291156428 0.248727649974534 0.133302326730968
0.0684058337870123 0.178162088317588 0.0960733809500318 0.12836089807157 0.229900733373528 0.29909706550027
0.000149856831365159 0.0642586766054964 0.269388564825701 0.116884114778483 0.164898157039107 0.384420629919847
0.0832362052388758 0.145183289581039 0.0796304851365376 0.348605293192001 0.342393468275653 0.000951258575893302
0.131677094562516 0.257843407949753 0.109300470173176 0.281032558321959 0.0699727977757078 0.150173671216888
0.0778575710833309 0.0695604782360234 0.199578511877615 0.100625973036073 0.290042393888191 0.262335071878767
0.229178504603687 0.222442558661187 0.136397131407608 0.202570807792806 0.0342697972269446 0.175141200307767
0.0842063033030946 4.42381409135106e-05 0.179173593090107 0.281526441494308 0.197430397325411 0.257619026646166
0.287234693017462 0.0315567306345367 0.328772331784731 0.0735544020407969 0.138747868201184 0.14013397432129
0.013860928592754 0.0472209390121245 0.285297621220777 0.109452560023983 0.274023491234652 0.270144459915709
0.184793054553826 0.0907280669311953 0.209207534384005 0.125991212786857 0.197252519963911 0.192027611380204
0.266800733134535 0.0742208342229499 0.248710823449014 0.262559361568165 0.146351563774591 0.00135668385074527
0.0992772285497616 0.0752343407284296 0.177116059042252 0.190388028977868 0.392337208387957 0.0656471343137321
0.157687219922346 0.232288682949064 0.278091343241534 0.0270741949749845 0.0688055864511876 0.236052972460884
0.134798603627782 0.135436248462336 0.230081091774847 0.0920356237726293 0.117721534853284 0.289926897509122
0.179803221037 0.333504856018455 0.289526251738389 0.0584210605940309 0.0259226790040398 0.112821931608085
0.226574779115416 0.178518976732835 0.0983965148649421 0.233386481863901 0.21826349347965 0.0448597539432556
0.0402007042194885 0.205773156461643 0.194732620043782 0.0590016488909061 0.220559099910778 0.279732770473403
0.376527224777099 0.0608555416686384 0.123559628555707 0.277834688441035 0.0481783875929675 0.113044528964553
0.232458535350003 0.0708718690023171 0.217655274379496 0.0674584711866705 0.171669583983031 0.239886266098483
0.191116805679224 0.0818908286197399 0.20723393894825 0.119844683401121 0.168615547736109 0.231298195615555
0.119424267018606 0.299007214169597 0.0737065062981515 0.0854416525262728 0.293505217325409 0.128915142661963
0.118694470444372 0.293741352643323 0.0082306599726363 0.384278096446814 0.180777833706719 0.0142775867861371
0.055902294785053 0.196130488417922 0.0408803799041922 0.233028453366841 0.240001790912409 0.234056592613583
0.150996923711696 0.168564635024988 0.190071345504645 0.156041920460673 0.126100025695473 0.208225149602526
0.362029286881824 0.260500931413672 0.114402829880999 0.0412824195842728 0.031700036302989 0.190084495936244
0.0205605278994878 0.116896842681321 0.277577448354205 0.262483933044546 0.0883679234152573 0.234113324605183
0.0251251151172881 0.303665838081605 0.258893527913771 0.218678585236093 0.0147646546381374 0.178872279013106
0.127294894372736 0.123435701133986 0.249384419816295 0.168431033719709 0.0287886212242874 0.302665329732986
0.252515128605707 0.214612493431282 0.151963827983864 0.0652427047837847 0.0774797101572735 0.238186135038089
0.205881636261916 0.17244669721041 0.153794766292246 0.245259728349737 0.0578605470210121 0.164756624864678
0.274497456319409 0.338176938746702 0.0391231131324915 0.0703915126793599 0.206993525100116 0.0708174540219213
0.139721995260081 0.0476436384595084 0.248902011003976 0.165458065226533 0.391337556958453 0.00693673309144998
0.211412824246889 0.180022115731495 0.113535883135668 0.152113307283977 0.0371579418060822 0.305757927795889
0.177067640589555 0.236289964599132 0.190297002580349 0.209037214698214 0.0740190114515982 0.113289166081151
0.176421624478427 0.168563693632727 0.23633562236419 0.05199913738888 0.177470799886891 0.189209122248885
0.287602139179843 0.0877512356961188 0.207210149714874 0.0517915875633935 0.0529077211335253 0.312737166712245
0.0545365029016286 0.108901463694971 0.0357455155032148 0.293255225243843 0.069819933345371 0.437741359310971
0.163982510853533 0.287689256208657 0.115431697062473 0.383691295119821 0.0304427754674091 0.0187624652881074
0.212563858749868 0.309079532653714 0.122904568375362 0.0962596100054846 0.0149815828262175 0.244210847389354
0.297634818164795 0.0430710885250448 0.248147082984845 0.250356355320936 0.104542298642617 0.0562483563617622
0.160893535865035 0.154722144839777 0.244922412702218 0.25785291044908 0.0726506906130822 0.108958305530808
0.106405461793466 0.277406932029204 0.242115932347147 0.094794793410781 0.0769309020403457 0.202345978379057
0.15815842663821 0.190258873941336 0.0824902171512878 0.227925818538634 0.122260603612269 0.218906060118263
0.0180288126181636 0.281685208456904 0.256724136929923 0.0557979014289649 0.323960039554266 0.063803901011778
0.214892001800453 0.223608793005581 0.109055768707611 0.100221177426705 0.156341515089278 0.195880743970372
0.112096817880963 0.14216791313437 0.0379437771815729 0.314056148228044 0.0595276809221296 0.334207662652921
0.149303969934852 0.305479954564934 0.294929576332331 0.00540237510183383 0.193932105837036 0.0509520182290122
0.0384754314909431 0.27137999730446 0.12870023409246 0.265731201549324 0.154074981497064 0.141638154065748
0.171302275612623 0.216460512281446 0.115864201078288 0.145184511996212 0.166963770339395 0.184224728692036
0.11105746605371 0.218701367728443 0.157222226486796 0.102734695904129 0.142792574320396 0.267491669506526
0.227051811323673 0.070055223919729 0.231686679606213 0.179761982680498 0.166938006510798 0.12450629595909
0.258755321771471 0.205819830836799 0.00887254829417863 0.298724662528733 0.167082074439425 0.060745562129393
0.152269471558396 0.198403319148913 0.0388482837289453 0.209750556289195 0.136566940880086 0.264161428394464
0.22807505621171 0.180635018664775 0.207089620798926 0.178285534864373 0.089572790418468 0.116341979041748
0.291608645914467 0.0636824262697225 0.202814878958634 0.154425687457626 0.256179881954061 0.0312884794454889
0.101639270576633 0.23225860595454 0.234299409465914 0.344137023231959 0.0568189000664386 0.0308467907045152
0.233292729680739 0.195791455234067 0.133853735752915 0.0296483296952737 0.143648345676347 0.263765403960658
0.0818202945171166 0.164393995832681 0.20636151035442 0.208834899607918 0.131384702080409 0.207204597607456
0.178337788083974 0.128228179839243 0.0680460540633182 0.321753678339328 0.0166187735684815 0.287015526105656
0.0446659803622606 0.359605873917558 0.121204455434406 0.237836187718017 0.00549350713136221 0.231193995436396
0.0555771123655978 0.195911102607879 0.112052571139678 0.198371318525705 0.0504701686415023 0.387617726719637
0.245706110282392 0.26641707266084 0.111741769962085 0.0405604872498863 0.0873458605574166 0.248228699287381
0.0806409946382082 0.345060873585317 0.275411592389191 0.0281111008065341 0.0318536145439776 0.238921824036772
0.0496099935931067 0.276662577713903 0.130692663042364 0.118146921658523 0.0322917327051609 0.392596111286942
0.0672757755633379 0.276677485063812 0.0161210660840691 0.0999948284698785 0.301975429509149 0.237955415309753
0.094651991117071 0.186131959453397 0.0600530575550204 0.129915236978708 0.248195847259767 0.281051907636036
0.119244272713872 0.115110160032748 0.169186695414553 0.195192398052861 0.186663735534532 0.214602738251434
0.24434196289598 0.156729849233505 0.092785406129247 0.161359810010488 0.156010043388782 0.188772928341999
0.129611961827765 0.24496094048848 0.165431304451824 0.102758067236279 0.0569873367755307 0.300250389220121
0.227491050668514 0.266879838589818 0.243178448362796 0.0468967554642567 0.143235782766442 0.0723181241481724
0.0143817746664122 0.185862398199205 0.154626510387137 0.147688152865665 0.330033872886805 0.167407290994777
0.242707180960957 0.0400538551497619 0.25272057726096 0.0840593958809271 0.134635605618374 0.24582338512902
0.164462992283103 0.101846289157645 0.154187362311335 0.253743209891078 0.0545570223214158 0.271203124035423
0.120251457861319 0.0421768516817956 0.427375637254193 0.196031394856553 0.0635130609907152 0.150651597355424
0.00656104810863724 0.258361221279743 0.256072452100483 0.0115409069561286 0.237161778576427 0.230302592978582
0.0709538305060887 0.14753433380177 0.21008520434175 0.29260947524216 0.0805998509033418 0.19821730520489
0.0964284552109601 0.189969819470365 0.314812603795928 0.357760394748745 0.01693809863302 0.0240906281409825
0.0454654583384568 0.139928226085457 0.330774489213317 0.235469624568803 0.169094077998418 0.0792681237955481
0.163904151735891 0.129526953003062 0.27537986259991 0.000409955972033185 0.176523678919764 0.254255397769339
0.0755138012067163 0.0933329827832769 0.211484047729034 0.19233359651936 0.187761514491663 0.23957405726995
0.154341122755497 0.270051891758419 0.193223603331169 0.0774926811723877 0.0706299565455007 0.234260744437026
0.309715863724655 0.238089006303368 0.324404018767651 0.0693895834690967 0.0251578338050187 0.033243693930211
0.290507315992458 0.0713065452644368 0.250466902263113 0.160631422625468 0.0394579170279405 0.187629896826584
0.0044184999362996 0.146479626451613 0.253435705311733 0.266738411152957 0.164778125838527 0.16414963130887
0.153488903198521 0.0964675898890679 0.264974933026079 0.0474791233695402 0.25578902197936 0.181800428537432
0.283573059813621 0.0788479681377847 0.211087681267076 0.0417660463364615 0.196219014296568 0.188506230148489
0.199533018754666 0.075686335174795 0.27341556299969 0.0606896814515205 0.228583420680687 0.162091980938641
0.268353386555791 0.0920806218722891 0.103366677156926 0.0416940225327724 0.206056598832671 0.28844869304955
0.146965246755137 0.152031766827365 0.412076873655752 0.0864328935579874 0.09061640347126 0.111876815732498
0.177560215948187 0.0176320898315803 0.245624362074434 0.264406618538751 0.0410611914628508 0.253715522144197
0.0923859946914149 0.301038198586636 0.0671179953502231 0.0266621469857523 0.27370603892274 0.239089625463234
0.214290157609456 0.433703785566679 0.0395414395393008 0.190998849125182 0.106687303234837 0.0147784649245453
0.00465236509425453 0.245736568555697 0.16872768705035 0.0784255788690675 0.181758313113385 0.320699487317247
0.218631435196361 0.253080660947361 0.0783424832052468 0.150027600556042 0.269157106860846 0.030760713234143
0.127812358447167 0.205077966447254 0.22637875194043 0.122785568989017 0.147482037052565 0.170463317123567
0.0399620647460671 0.278455054466742 0.192255546583062 0.271617348968662 0.200073453645854 0.017636531589612
0.197933740437866 0.066039020142183 0.300068215740419 0.0268738216985778 0.117359577863356 0.291725624117598
0.163166174059341 0.373029520697416 0.0813189962532063 0.158506983009248 0.00466829242544137 0.219310033555347
0.197059683550883 0.0631095034085133 0.167821497439859 0.198121035008741 0.218415461044698 0.155472819547306
0.169945521481128 0.232181518506179 0.219555176167911 0.0856478818806765 0.273261270153005 0.0194086318111009
0.242068822769225 0.0964225569915517 0.314119551433375 0.0992740970347619 0.233149472495999 0.0149654992750883
0.177730634727256 0.0134817380941589 0.292948956311346 0.0900249759776951 0.222771509246629 0.203042185642916
0.214513359955558 0.308322154444418 0.129457385408715 0.0976241423477078 0.0649905223303195 0.185092435513282
0.281593570959012 0.0864716481087137 0.111087541139583 0.256416593665161 0.105185576322962 0.159245069804568
0.23643869808258 0.0931869662502059 0.114135574465929 0.217442614013513 0.233867189432366 0.104928957755407
0.262783685825089 0.0320693318527734 0.0631340077568248 0.283798956660048 0.135340840592293 0.222873177312973
0.143738319064892 0.0071986695526971 0.186770712574135 0.269691402906491 0.144997652462525 0.24760324343926
0.0102472321330749 0.0291427987290851 0.251041838895483 0.257261753031332 0.237788732245227 0.214517644965798
0.117793090060333 0.128227875173906 0.337662440610482 0.187436018078294 0.0453404000116952 0.18354017606529
0.11688693908174 0.22332609050946 0.155242048977062 0.243102085137882 0.246806406301057 0.0146364299927988
0.0206113064640915 0.16063506519833 0.389584560660755 0.0156481627487316 0.160906366283982 0.25261453864411
0.18616279601561 0.180543829796265 0.411038631990124 0.0395357019543864 0.0440973446053667 0.138621695638248
0.202365672504222 0.216019884218027 0.0140919530510673 0.179905992216874 0.217864607339076 0.169751890670734
0.241211221610646 0.0555771954471068 0.262871215767902 0.213946036078333 0.21289009118504 0.0135042399109719
0.127586794203418 0.255840520564932 0.051106781269487 0.0953427013706338 0.394019610077684 0.0761035925138448
0.129749195474284 0.25790343363812 0.0239935214023226 0.203481742443001 0.259924067305925 0.124948039736347
0.0423851550271134 0.247021142889943 0.0337073126947879 0.240295856359945 0.242407108517578 0.194183424510633
0.19051374440593 0.19136646377427 0.120934269031567 0.289717236223647 0.204912620904764 0.0025556656598223
0.0541028523742545 0.45390930590935 0.0589544461508223 0.129455763419116 0.153414375332487 0.15016325681397
0.172985839149847 0.123431560529864 0.114229301210923 0.255701241054474 0.125041865106158 0.208610192948734
0.229895877731036 0.151687832820697 0.181558123438562 0.227682035516932 0.164881692066343 0.0442944384264285
0.26102706566959 0.239309116152226 0.0791864048591467 0.235059548480333 0.147648998572743 0.0377688662659609
0.0784566344572643 0.226866433818891 0.167919149555835 0.390489743552465 0.0582156561069084 0.0780523825086375
0.33519209973151 0.0480366007850865 0.203553927773111 0.0406049819957054 0.0641614890240263 0.308450900690561
0.196089920659009 0.183994563057415 0.107314267495187 0.219523918562948 0.000479354085908339 0.292597976139532
0.0446304407992168 0.205465076996819 0.159095767325683 0.0961050190206155 0.252385048798068 0.242318647059598
0.00349059603110033 0.0796524043180366 0.134671971147166 0.0669367569626883 0.443010082752109 0.2722381887889
0.00335899051526666 0.296165068812007 0.247112274628771 0.0743268199468356 0.301492258579472 0.0775445875176477
0.228726357846798 0.214135569887951 0.217581554984762 0.0816785479555058 0.119479420995495 0.138398548329488
0.29024860624858 0.196492530757263 0.147016801702001 0.0957225543190512 0.0556882696843236 0.214831237288781
0.0893019427311732 0.262447526729124 0.0515797134598988 0.26653430038182 0.0721485118522883 0.257988004845695
0.151116627082184 0.211359727974007 0.198616067755418 0.199398359860202 0.229444064424717 0.0100651529034726
0.164970501052341 0.254155160351523 0.14714694081656 0.0542311735082593 0.278812082258075 0.100684142013243
0.070161956538042 0.0142952838609076 0.116176935910879 0.260543152178446 0.190574761026242 0.348247910485484
0.0175948072301449 0.0425556756069621 0.395718577395004 0.407176780703398 0.0657958702788338 0.0711582887856566
0.0127025945376904 0.293641728882969 0.187510872022074 0.11352790903985 0.2929587130015 0.0996581825159166
0.25641375413358 0.190186270648234 0.0720793864983777 0.0928406120981738 0.185174440907141 0.203305535714494
0.210331352728252 0.191015943210188 0.155588012045909 0.0858207096775741 0.113754411332986 0.24348957100509
0.145487934812827 0.0315658262653607 0.0709196510465833 0.23910444201556 0.315736608276716 0.197185537582953
0.198706532546033 0.0707385788905953 0.220220322686003 0.275133565609676 0.204145862076378 0.0310551381913143
0.146646828698051 0.0617516284966262 0.199924558083405 0.362124261045281 0.148987112161035 0.0805656115156018
0.304485162026354 0.44473440336439 0.161075751752764 0.0140492760728728 0.0473624124524829 0.0282929943311359
0.218677964123832 0.0719893412518633 0.0740855267340682 0.223117000401362 0.177011181324133 0.235118986164742
0.280619708944809 0.157270265735482 0.0532819734782689 0.109616785665114 0.347826698529371 0.0513845676469552
0.242026374951268 0.363349801469092 0.00634091500559284 0.0340057398201267 0.10122482501901 0.25305234373491
0.0470888846761322 0.232016080519066 0.151437061205251 0.0357123613031146 0.277392044733439 0.256353567562997
0.261524655052564 0.0105107687814321 0.109538858800688 0.242100883399559 0.0928403970460568 0.2834844369197
0.0316848416340931 0.28897985639462 0.192392570175744 0.260378816159067 0.0366296682221245 0.189934247414352
0.0325533441937834 0.172153761158995 0.191733228055509 0.147154796404189 0.24712134671006 0.209283523477464
0.107171646478593 0.0433216657747343 0.0267932458977941 0.332930296969357 0.357897883605333 0.131885261274189
0.217355478136776 0.143192345091933 0.270612596938835 0.219779315422212 0.012273856730079 0.136786407680165
0.0516439993019849 0.289902357443892 0.249745869937652 0.0295817213004776 0.281557975244774 0.0975680767712195
0.120682146112969 0.355996750769219 0.114579774188036 0.115910165960346 0.015555812392998 0.277275350576432
0.163947274621651 0.133463924249592 0.181449405810346 0.131342311524287 0.146933713261331 0.242863370532793
0.228008548263315 0.0632950468812636 0.305502862076374 0.206825493936733 0.0745831091926546 0.12178493964966
0.209947379936397 0.138674181446442 0.210656225563582 0.132861816682136 0.208890661684201 0.0989697346872417
0.074683746670134 0.0384783446353907 0.231076253766129 0.165467921608641 0.217212451461204 0.273081281858502
0.179896062411662 0.169814736654795 0.196001099163737 0.139238365557948 0.0421704702856319 0.272879265926227
0.311408782314968 0.156772746375985 0.237595487421779 0.191466922352419 0.0686626254856574 0.0340934360491925
0.148115436803908 0.215075222852788 0.0883008981907563 0.205781526207738 0.180461814387146 0.162265101557664
0.296141311699512 0.186061064005053 0.164801607613094 0.0892965284904274 0.223980896414314 0.0397185917776006
0.308829238113319 0.0487612039892889 0.197963332916314 0.0850511370724538 0.240893802764154 0.11850128514447
0.0872270061565888 0.175109060812229 0.200194476877386 0.257758602864046 0.0983447124237783 0.181366140865972
0.21772675448685 0.225884841263071 0.000884173003697241 0.108993302041756 0.227938347622643 0.218572581581982
0.359006823946121 0.104295346830062 0.0774317510992863 0.198403346512752 0.0828433563553267 0.178019375256452
0.187364469603824 0.253556903361921 0.161838673532448 0.141562410159612 0.19567178696517 0.0600057563770249
0.230348185048753 0.114396417966289 0.158100066437619 0.238264834323081 0.185186368508899 0.0737041277153596
0.306064149374542 0.245353085440805 0.112856270264131 0.00170969519775261 0.262324122483597 0.0716926772391724
0.205465822335921 0.00654215563326615 0.189119679388671 0.107176865344878 0.275614911060288 0.216080566236976
0.129241237713149 0.196185297059596 0.166961900703188 0.225148127900384 0.208803171242223 0.0736602653814617
0.0138789144401649 0.277020012184946 0.111182728634872 0.078822170822353 0.496330553430412 0.0227656204872512
0.222311718570026 0.192354962439306 0.103354799164428 0.242035839348689 0.239358535365287 0.000584145112264439
0.142663825704172 0.194250540209093 0.197992331928858 0.178092289215943 0.22432785378985 0.0626731591520847
0.201876800628939 0.179360902907648 0.182656400584078 0.140200517799557 0.194217963463016 0.101687414616763
0.164914347646266 0.263172952195271 0.124013000996714 0.169903837128139 0.0208397117950021 0.257156150238607
0.288726937508905 0.0233073546491095 0.169231180964084 0.0617492814765563 0.358493448388936 0.0984917970124099
0.211839756449052 0.150536550934344 0.16472131313703 0.134449191540596 0.324989143643477 0.0134640442955003
0.0858054166419021 0.327767120423612 0.261767662555817 0.0651276979871893 0.17310119101188 0.0864309113795996
0.0459195600247557 0.161328418688793 0.0264482181473908 0.240924113808786 0.251945728171517 0.273433961158758
0.181077530359175 0.0775823289055045 0.205158085130517 0.0818711819764521 0.16775054965816 0.286560323970191
0.249651481525149 0.0818256015918377 0.0298150548707346 0.201261551511541 0.162209735499769 0.275236575000969
0.277092417509298 0.0436247067979222 0.223810750224134 0.12885599877919 0.125727213113218 0.200888913576237
0.00307158959839018 0.117850521911042 0.3139787763824 0.391236606602964 0.103778910714988 0.0700835947902157
0.0773197040336727 0.0837911882361189 0.0526277892357493 0.371620847438357 0.355980172081382 0.0586602989747199
0.211343551029263 0.0503687227761323 0.128459753186635 0.274767984409943 0.145552401046971 0.189507587551055
0.253558723107675 0.277429741640017 0.379825045837119 0.010731842050024 0.0396864256088746 0.0387682217562903
0.202973040562993 0.122796770703783 0.0646632985619769 0.156917881722082 0.234052039403765 0.218596969045401
0.263935533225243 0.101790175639527 0.128841680167143 0.298101298577282 0.0177234047071949 0.18960790768361
0.158374357627921 0.149256307512827 0.146728177420679 0.15970497266131 0.217720579536743 0.168215605240521
0.242693386542549 0.101436957795458 0.17605780922342 0.161892746459073 0.146418220791467 0.171500879188033
0.167953311468572 0.253678243318749 0.128363864581163 0.124617228288467 0.228792683850784 0.096594668492265
0.08644247339747 0.343223868788396 0.0456981631964164 0.139037435710201 0.10667485377715 0.278923205130367
0.0682799636132734 0.0657782746311451 0.238937436181045 0.323514542042319 0.231003481770156 0.0724863017620623
0.28904715828254 0.262441364022237 0.0400208654527523 0.224464067450872 0.158150730504143 0.0258758142874554
0.0326968127112806 0.218614916225912 0.271711553715084 0.293288398602149 0.165708335023732 0.0179799837218415
0.192622148566425 0.0164609323523853 0.219945493796467 0.187966145083162 0.173759194704174 0.209246085497388
0.137299877461692 0.260981707762783 0.160222283215626 0.05337400054786 0.355712690018666 0.0324094409933732
0.00829188628877612 0.145809815647015 0.0500674789114181 0.136056113747349 0.344356353569999 0.315418351835443
0.252890291075589 0.095647807800418 0.213527597091844 0.255151087115748 0.101112629152354 0.0816705877640465
0.262576207486258 0.294317361835198 0.1172716047869 0.235779133209403 0.0898292615822523 0.000226431099988771
0.0637345928702061 0.230999418341233 0.11083112602361 0.161251852487299 0.259635533806003 0.173547476471648
0.164219756139374 0.186162219131357 0.230357914885876 0.170839961913331 0.140916837959284 0.107503309970777
0.0340800497757476 0.182897715856727 0.0205491533666657 0.306828919340653 0.277833644535514 0.177810517124693
0.149314351516004 0.061260892957632 0.22003261633571 0.234120494508828 0.178703918850356 0.15656772583147
0.184941277913701 0.146296371632781 0.131734246535188 0.224993619296691 0.218991581116238 0.0930429035054013
0.0166238518632927 0.192407031018726 0.400825531127456 0.0678335088039769 0.201777197251232 0.120532879935317
0.142013643696283 0.140515838988962 0.157437684113579 0.302317744493636 0.224936346380234 0.0327787423273069
0.0210371189725205 0.263778159762665 0.0249609022318536 0.242001748272718 0.192394389283261 0.255827681476981
0.0803645381524134 0.0900183432143765 0.196620714182265 0.0928556298776454 0.268578282123778 0.271562492449521
0.184538022342297 0.266040621246674 0.0977039987641138 0.198372224543095 0.233369491470351 0.0199756416334688
0.20365785916403 0.103747980733084 0.108151194526066 0.200709262035929 0.241295905992008 0.142437797548883
0.0381869515079775 0.491780488703356 0.0604160499243414 0.0326062651955904 0.295401586230769 0.0816086584379658
0.21211712509382 0.195084172448729 0.194002325800837 0.208631795314048 0.167454776820761 0.0227098045218049
0.196790111460547 0.0449786906779931 0.296324855425578 0.0341664805098399 0.203931466273025 0.223808395653018
0.197145493708847 0.0761917568752849 0.136732238551501 0.126743885974387 0.0915729107973857 0.371613714092594
0.00759868603197877 0.0908567883572823 0.00424993681416703 0.329980278533647 0.245924433850151 0.321389876412774
0.11408404620188 0.0966822158064579 0.282501544580534 0.0919226788658452 0.258563458332487 0.156246056212796
0.235682796576378 0.0946599840011911 0.151655487039426 0.144454772533617 0.110248212886458 0.26329874696293
0.380190898654453 0.201488162070994 0.0445863353445339 0.129050818015212 0.181718604534374 0.0629651813804333
0.10526654034854 0.224291006875968 0.213860686672538 0.138792889227632 0.240291992508832 0.0774968843664894
0.281238683179468 0.0957499856302969 0.164989677628868 0.198918656210307 0.0760790260890029 0.183023971262057
0.207329557030867 0.0444454984297219 0.117010447300371 0.157315750586138 0.22862925546257 0.245269491190333
0.235129858578155 0.259766856052404 0.111012405156314 0.0375711746347081 0.257590484178693 0.0989292213997262
0.130929808360458 0.0103691148445123 0.156226582900602 0.269803540170083 0.165140980332639 0.267529973391706
0.0117931645746906 0.243258827048753 0.196992772265364 0.328743905788061 0.156206761429866 0.063004568893265
0.0811384101316417 0.300285117189892 0.0262975565041891 0.281877279591485 0.072587507672933 0.23781412890986
0.269829755126505 0.127324751799361 0.122678102926939 0.148831358103326 0.156466307111344 0.174869724932523
0.197379534984286 0.149449084405602 0.104674336794742 0.105530426287047 0.346857379713285 0.0961092378150384
0.0999026841464444 0.0243635823745996 0.322115762772498 0.0818732133840159 0.385576511622195 0.0861682457002472
0.226945055193917 0.284572421539145 0.129967345741146 0.0914253575457969 0.14940679330967 0.117683026670325
0.200214730482272 0.0770038495671044 0.118887672153817 0.246735089573793 0.123177433147051 0.233981225075963
0.126387581136632 0.227397564165872 0.0666791611120503 0.300335300644903 0.224306147531186 0.0548942454093562
0.345117051078893 0.131669762789715 0.1586576874163 0.186964343676083 0.102944992138444 0.0746461629005647
0.258710599409009 0.0188777068804465 0.135476597787749 0.272463052778095 0.179476652868746 0.134995390275955
0.240342176660117 0.188712574357618 0.227631888167704 0.119613162453062 0.17871038789709 0.044989810464409
0.210322133357745 0.269217551273337 0.182490523808259 0.0598178258589488 0.108075379176036 0.170076586525673
0.18452287379362 0.14878275600022 0.198158139071093 0.185534292720331 0.192572470406578 0.0904294680081578
0.324626013502293 0.0131426952067702 0.248137229624558 0.008681886881942 0.391440274024707 0.0139719007597294
0.210982915289992 0.12661129359028 0.191194499028689 0.164250562061127 0.0880289836186811 0.218931746411231
0.281787733557766 0.166334937537 0.0774846360400583 0.152790205616163 0.0305248074365678 0.291077679812446
0.166720547876254 0.0451266047056769 0.145081602269106 0.265812592631452 0.277110414967378 0.100148237550132
0.210693555215242 0.16577738581506 0.146045231588242 0.165073618028568 0.129266329976638 0.183143879376249
0.162786736025831 0.0489707981890475 0.153723991760887 0.335759771044368 0.0354937400590749 0.263264962920792
0.253279433833471 0.42310345617696 0.0319105553035269 0.0109293144748332 0.00502653660208011 0.275750703609128
0.25850001463927 0.0482216337547645 0.272636551735586 0.282159200985346 0.000549910478521153 0.137932688406512
0.141033090582707 0.296334273381234 0.305308264668561 0.0737953663766355 0.0239807862783993 0.159548218712464
0.178439441832307 0.0741881100026733 0.219799156027716 0.230291201344371 0.242497428843448 0.0547846619494847
0.217922082710625 0.209235617943305 0.15197274628453 0.0576902368122209 0.175226950548507 0.187952365700812
0.0474627458765527 0.214323830615994 0.0796556102016361 0.155549412467922 0.431208501362903 0.0717998994749923
0.313693700383848 0.299296509935545 0.0771724865214145 0.153438019933726 0.00362612970086715 0.152773153524599
0.112100578381525 0.0744757266251583 0.346360736167421 0.0550451489130515 0.388811763137094 0.0232060467757506
0.197111355096512 0.150817570792892 0.126740681670172 0.262696270197651 0.193085141991997 0.0695489802507762
0.257274865009178 0.00804777023087261 0.247024573337453 0.282395015042139 0.166692154743958 0.0385656216364002
0.214248337103446 0.160010652134892 0.109906636850023 0.204616951287853 0.120949121218603 0.190268301405183
0.28578499278138 0.0159244668572348 0.0449376016774459 0.178344106683425 0.280080366260568 0.194928465739946
0.269274509620308 0.0917216841828366 0.234859132959283 0.199046691280301 0.195634498622181 0.00946348333509074
0.187556697867607 0.163820322001804 0.209839054851202 0.159932582387558 0.195719646814002 0.083131696077827
0.075894110724635 0.179839316823187 0.106746643075413 0.232483616436805 0.196119681330633 0.208916631609328
0.238826488786026 0.0430212026912617 0.171984815877695 0.180793993293201 0.346802835453751 0.0185706638980648
0.401416618135626 0.144051432400874 0.176255154919997 0.144824858166701 0.0932540194897587 0.0401979168870436
0.250162369160008 0.197249317353432 0.22018320317114 0.0837546918520081 0.21529103115258 0.0333593873108327
0.188785718500742 0.0261033073676915 0.116468515221666 0.262130079873332 0.277743383456593 0.128768995579976
0.0847616093469773 0.178686962781969 0.0262242581343452 0.233067558406465 0.243328307953934 0.23393130337631
0.255660748674647 0.0201761037865827 0.133977143239949 0.0985898566600514 0.211555921279154 0.280040226359615
0.174020695205042 0.235155139516783 0.101403873940957 0.167239302404743 0.104699484032076 0.2174815049004
0.0374040869396075 0.23051271229267 0.0791445833467362 0.232189013539455 0.25980204596058 0.160947557920951
0.135703718642978 0.167559512021077 0.0290131308549041 0.194532831838571 0.340495440782421 0.132695365860048
0.0215922756816363 0.092166040897954 0.210144033214328 0.312557460453336 0.247369825926817 0.116170363825929
0.235190139520373 0.161811013717051 0.0366627050912998 0.17111904090007 0.222074066551487 0.173143034219719
0.158175747588755 0.124821881422023 0.212116230031933 0.158618486051152 0.121080381254865 0.225187273651273
0.170193548298655 0.156770295543306 0.202527869364793 0.127863197509253 0.23764321197903 0.105001877304963
0.0108519784507994 0.177863400539892 0.297704172417127 0.0248900065496854 0.0912166694415414 0.397473772600955
0.15130285970252 0.250418296845942 0.137865014867899 0.0263332815841479 0.295588789046936 0.138491757952556
0.336970025928439 0.16218090884732 0.00846515528913564 0.23440342990137 0.122703644382844 0.135276835650891
0.181638471174735 0.158276723017411 0.196261133087856 6.16202503372388e-05 0.210238574086525 0.253523478383136
0.171127554085705 0.00334978027868962 0.107224319700152 0.250826336532423 0.226396623744252 0.241075385658779
0.251993097707507 0.185746101952106 0.0350929658128261 0.161596625688523 0.18026698622121 0.185304222617828
0.177337437477918 0.110120481177583 0.173149594360977 0.21374620524775 0.134193228601974 0.191453053133798
