0.239459129665993 0.0894298193770476 0.125972116867121 0.158433554463109 0.109908757586386 0.207686255313744 0.0691103667265995
0.130995129709581 0.0986969916288339 0.109324236910871 0.0539699618094601 0.0902791366890494 0.341489283915316 0.175245259336888
0.162786898339737 0.161271841944051 0.178040939164772 0.195436764839627 0.0106366439619588 0.225333183914435 0.0664937278354192
0.179469949041937 0.184757384722557 0.187197434714918 0.208091515952876 0.0532233872080924 0.14344706350116 0.0438132648584612
0.0255735175175011 0.287071430411369 0.243948851526486 0.0174147598738459 0.0533144520345102 0.062640612170181 0.310036376466107
0.094788843374631 0.112075506934456 0.243251116273866 0.112192973525774 0.0228756596886272 0.161944589397078 0.252871310805568
0.333064694089261 0.0389697243118592 0.179017584616855 0.00980332315210712 0.131171991089963 0.301009046491467 0.00696363624848761
0.208766523321408 0.197581094232591 0.202654543933563 0.0871520403251357 0.0825738335809903 0.0103117775298262 0.210960187076486
0.299746580932729 0.143436240017069 0.0402942197668411 0.135329311560549 0.219744935662466 0.0630269620720067 0.09842174998834
0.292295177531265 0.0480361986083567 0.0415901050213695 0.112334747046078 0.0871859069860491 0.24550657398334 0.173051290823542
0.207368944873973 0.11843983844139 0.0628607826174731 0.00544494114903904 0.242608958822351 0.188038049789585 0.17523848430619
0.109666518925345 0.148871431165731 0.191520743201222 0.253582062142363 0.0885111506180826 0.112983630096043 0.0948644638512138
0.166211592562922 0.161100659625263 0.197013222353979 0.116160601773571 0.135831591021708 0.207653611165679 0.0160287214968766
0.0625689943541312 0.19863579250403 0.0920036680801275 0.135387420708063 0.106437578370019 0.205453566117133 0.199512979866497
0.144596034232504 0.121228587961945 0.168757869456559 0.104588542632669 0.143531621524624 0.174091015093543 0.143206329098156
0.261477268959742 0.302687337734771 0.178677994271339 0.0524791334733028 0.0537663446737981 0.117968471017066 0.0329434498699811
0.132555636782925 0.154867329194579 0.2345005604651 0.186081072085192 0.0334883525776278 0.177996264083481 0.0805107848110959
0.294743650623084 0.180345897753723 0.127350173275198 0.0151450719019912 0.00395074257168136 0.265280546149538 0.113183917724784
0.1027578430566 0.114064278219268 0.234671967854043 0.142532477859998 0.171566947658157 0.116055028336994 0.118351457014941
0.223684924364505 0.0987870732129636 0.122921988841111 0.107059019072366 0.139887542594098 0.0230720901398162 0.284587361775141
0.0409482078540501 0.137393429220346 0.145000868942943 0.055079403028527 0.202539514495185 0.17267790217151 0.246360674287439
0.105817473242018 0.159359839426254 0.142831819095358 0.110166930395181 0.146633995062066 0.212028177115253 0.12316176566387
0.162328408359619 0.177259306028956 0.158544081378327 0.114117658249361 0.0838752683982512 0.181447939535508 0.122427338049979
0.214510424151885 0.0638504934533402 0.00738361846669494 0.2079245066121 0.0372264236660289 0.233532523165162 0.235572010484788
0.133927482370951 0.17396470568762 0.013856533698861 0.249576910718626 0.0718933042997214 0.117954678473038 0.238826384751181
0.0235685283389505 0.168019210390659 0.188162390033437 0.169752660312785 0.162899129700987 0.130537158667309 0.157060922555872
0.356336872017206 0.214641065351271 0.00392705844304524 0.253701191751175 0.0308056957589832 0.0505070747860797 0.0900810418922398
0.104695396844293 0.0417765351810019 0.344869327985446 0.190028627047263 0.226322985593692 0.0232168243076661 0.0690903030406383
0.072709507452519 0.286796607067928 0.138584778412412 0.0435667962342468 0.194719626816217 0.169604041867127 0.0940186421495504
0.210939451027135 0.050581620405359 0.0819600016477251 0.143532351353496 0.189879749624482 0.210052461399515 0.113054364542288
0.178910166206403 0.055508277805216 0.151125283349984 0.0512101958961852 0.160437379623911 0.207003923810846 0.195804773307454
0.128978315062089 0.13583369609019 0.166061732341603 0.1115013015239 0.167552712493653 0.122455683495103 0.167616558993461
0.188265720286817 0.18006157965515 0.0561372100466681 0.176772870935566 0.139647222426632 0.121516593083039 0.137598803566128
0.152797629800162 0.257164440037611 0.158854068839003 0.102021493382318 0.0727670179410589 0.105678066880084 0.150717283119764
0.158328930077585 0.104057431579373 0.134130303760347 0.236420830629629 0.0718945863008976 0.152719375509262 0.142448542142906
0.0514021989816055 0.124317118252351 0.0983795788787468 0.144723341735864 0.214939011090428 0.0214262962725983 0.344812454788406
0.0104888034532525 0.18412722433148 0.0804922366209615 0.187050966854031 0.316360510811221 0.115839392820032 0.105640865109021
0.10603202914729 0.163714170549068 0.307895940912201 0.14499133145504 0.0364825962046 0.22710988531901 0.0137740464127905
0.12331022098707 0.0521400999927363 0.161022521380314 0.174689984526905 0.22456987496882 0.216646405233071 0.0476208929110825
0.0729556836911398 0.245184458317498 0.166398234479776 0.168636661369736 0.225698218349416 0.0188224964156644 0.10230424737677
0.239751773307896 0.0347153411129626 0.0581465321924495 0.0189819883973965 0.242685650535874 0.159262572188344 0.246456142265078
0.241495603613371 0.0015986107842295 0.0749203780293994 0.258206358244342 0.0868627116980967 0.126433844867592 0.210482492762969
0.189603243638659 0.335755577386167 0.116474223025162 0.157092773188698 0.0437292449316512 0.153917625080174 0.00342731274949009
0.0505672009966959 0.166389393429496 0.218451092509598 0.111407020749588 0.127186626273885 0.10571519023188 0.220283475808857
0.191806049227641 0.154130320161408 0.00235935006381231 0.129713978694221 0.248157364568818 0.161648714589445 0.112184222694655
0.236247905535693 0.233764146615918 0.0894156204802661 0.0438511215802925 0.176255860937782 0.0667948917001289 0.153670453149919
0.221957211998568 0.209221482938741 0.037170170486815 0.068377984775544 0.192855966178401 0.131657106101689 0.138760077520241
0.129587962131015 0.177520887896654 0.0614143722974705 0.203464370018247 0.0991303270040466 0.214696848593529 0.114185232059038
0.0961550593188854 0.182881906686578 0.115183977177186 0.19815599466264 0.126379191320723 0.206080960012075 0.0751629108219122
0.155479730346257 0.135413100105887 0.127836821050634 0.0861470545382248 0.189984974771572 0.0750040574248824 0.230134261762544
0.0377873494100051 0.210157177220798 0.213033221771225 0.0691735100332185 0.157192330280737 0.159088418336828 0.153567992947189
0.0413188855423183 0.16177767760279 0.110787389849079 0.306678141718664 0.0624916823713214 0.174353504761964 0.142592718153864
0.0560044586930951 0.0169847606251084 0.293165429479561 0.164889034683152 0.172077260763282 0.207572635640241 0.0893064201155601
0.0921833274167187 0.162292664403718 0.048062069137224 0.0481026446710585 0.0328517055216577 0.387527640407843 0.22897994844178
0.178465202695753 0.0790110382580484 0.0435662464445103 0.192211288246229 0.0496669576440685 0.224902048008498 0.232177218702893
0.00604745705179504 0.0575992697659659 0.255698309938643 0.201726494354452 0.0852382114640969 0.129230224501962 0.264460032923086
0.216346521550997 0.0702281245944609 0.187484976923002 0.0170832908396413 0.129410884685104 0.267279447296124 0.11216675411067
0.247990791814529 0.0523674705378737 0.0961491274940182 0.193765216148092 0.068618175305203 0.111743797761626 0.229365420938658
0.222827023812464 0.0942934726563054 0.329224569349817 0.170943740511157 0.111728593537814 0.0354047494522209 0.0355778506802208
0.172658237880417 0.179920395845761 0.060198716117347 0.15290022032137 0.1379896713865 0.0728849785161958 0.223447779932409
0.269684498960734 0.0192478942616757 0.153770403405722 0.100779841428847 0.370661011878731 0.0635263497519484 0.0223300003123421
0.0372696034644577 0.246319150024098 0.044504713251975 0.168546665772923 0.226355690492256 0.179206993500833 0.0977971834934574
0.19980869681216 0.0368625332988476 0.227482041539267 0.00317041096770851 0.250973948189108 0.0425848494736035 0.239117519719305
0.302007921807794 0.17639415606222 0.0982137568019909 0.182177131571056 0.187340528589758 0.0357580918230872 0.0181084133440936
0.13959880554336 0.234511542529048 0.0337466925927963 0.0177385371505848 0.166386289081753 0.0352509884828773 0.37276714461958
0.0183021116874742 0.0371618835280313 0.272192794861546 0.13080480279058 0.0699058314908296 0.065191023642468 0.406441551999072
0.0549568874540342 0.129920518611843 0.22488080526975 0.030218618137097 0.176690207717655 0.183838887832876 0.199494074976745
0.145883254442691 0.277618262145466 0.236345761481089 0.0506293536782726 0.127134505695493 0.0601421775759933 0.102246684980995
0.293551654038086 0.0655536857506665 0.297637157249137 0.00486438896631672 0.146642138093704 0.122816014493679 0.0689349614084108
0.0326200690264222 0.122342552517809 0.15572851992745 0.185324468487307 0.323333739114953 0.135277531818282 0.0453731191077782
0.253505480271813 0.0948080185644252 0.27400644691683 0.00346413923493723 0.150304936310602 0.000371824828810471 0.223539153872583
0.223041931213393 0.134127535555443 0.0064988545224872 0.170837840806416 0.200427888970102 0.0679845525816587 0.1970813963505
0.122066647642389 0.0467815362304791 0.230009262205844 0.0990654676424298 0.26574415907663 0.194784183382058 0.0415487438201701
0.205783173186551 0.10264006810216 0.139614702640152 0.0538772275242785 0.141759689497482 0.166390087181458 0.189935051867918
0.110095159271253 0.173775047446839 0.0596480544955922 0.182085749430514 0.17186517910686 0.222999435965633 0.079531374283308
0.0754314798338875 0.169267794346287 0.0698424039237568 0.273738781406966 0.0691244970649952 0.272040336121064 0.0705547073030431
0.120415951277682 0.2464372265811 0.303629259789264 0.00367100654700054 0.0636881405370378 0.101613174682738 0.160545240585178
0.138288592061331 0.133340628621264 0.0642189216811952 0.127340369732651 0.355301420851041 0.129514611248526 0.0519954558039916
0.167068925686579 0.256028212492011 0.113499189393721 0.256871496512912 0.0971420697628739 0.0609362705554508 0.0484538355964535
0.226573856654553 0.182496301630485 0.0851572590329777 0.00964091263898626 0.165196934996187 0.146282160697772 0.184652574349038
0.164949374561731 0.0928868046986028 0.187881909526681 0.0471082694071678 0.155018808314228 0.17212178825681 0.180033045234779
0.116485482111401 0.252565481410648 0.180108749321347 0.108793909170602 0.168470887222062 0.146257523481483 0.0273179672824561
0.170976621137225 0.212600557032875 0.204222777106093 0.20048997204429 0.0930462155320645 0.072624268348053 0.0460395887993993
0.157256843998642 0.145420542483744 0.127246866215788 0.137201357279049 0.0989553663159925 0.19024448492261 0.143674538784174
0.340337971905003 0.0183927209924649 0.296686857326695 0.0318457898379339 0.126444271045497 0.170946056784897 0.0153463321075088
0.051774880380802 0.0833939470379968 0.205485084137905 0.143960139228304 0.208900277843344 0.238712246455567 0.06777342491608
0.000797625933415921 0.240012950897607 0.223491480530015 0.223568938162528 0.178510783754482 0.0715446416479423 0.0620735790740095
0.109520958161223 0.115236010276436 0.122427838271685 0.177654855515461 0.20457917137294 0.13011744684 0.140463719562254
0.111976441779781 0.264022623717659 0.0380627712533755 0.250064628131821 0.143975004207762 0.176675882560026 0.0152226483495757
0.364252812214028 0.0449802239302024 0.0064786403613695 0.20421581168344 0.126303862638501 0.167771698697938 0.0859969504745211
0.123000722651732 0.288281801512385 0.0543147839900862 0.416236526650224 0.0151389574812083 0.0627559556889343 0.0402712520254306
0.135818277704848 0.162199582485229 0.0479884323203396 0.23786667888261 0.237000551906619 0.112873633251499 0.0662528434488551
0.103719745579948 0.157112794170788 0.233921301140679 0.242661151788383 0.121259846987976 0.0324465611224149 0.108878599209811
0.280419655964059 0.298745403223307 0.000294749079954502 0.217532575570195 0.0383986888208421 0.119156230148163 0.045452697193479
0.0854902426906861 0.000334800708400043 0.00810040959237339 0.30287592573683 0.175882797959763 0.0663353325672914 0.360980490744656
0.0143254178687847 0.20468657825903 0.24350599496647 0.181167248538757 0.106081476570783 0.0436810457114 0.206552238084776
0.195447719039846 0.111606636613135 0.160007902989732 0.255460147169948 0.12885876210489 0.12845637306012 0.0201624590223285
0.243615904429664 0.273350513198242 0.0314356880048191 0.137496182819961 0.0708676353601116 0.175348801053976 0.067885275133226
0.161351040850288 0.243085109351753 0.0648058475665805 0.0957295613982456 0.247615363228615 0.0331803156123679 0.154232761992149
0.00564561009862478 0.0331060911155933 0.237024664496562 0.0787173998620945 0.192296212874216 0.219990140068336 0.233219881484573
0.246669530311857 0.0880733143905001 0.150279629036388 0.207716857413685 0.0903356590893598 0.0206872519539204 0.196237757804289
0.142997511664947 0.176497335862241 0.0683916922019305 0.159475759353497 0.141760550977265 0.118721845168921 0.192155304771197
0.215768259668432 0.0918883685465402 0.260879500417539 0.00579863087335931 0.0259629274862696 0.221948282292417 0.177754030715442
0.181287368478658 0.0269620852503525 0.306884421271537 0.147600818610947 0.0194148924157436 0.292823935252153 0.0250264787206087
0.0961412526004418 0.123495559957654 0.126638869585007 0.00240385862045289 0.230394664803779 0.174223951798475 0.24670184263419
0.209065997510956 0.137546094931975 0.137373419019732 0.0758060676900436 0.104891631770368 0.171667271316431 0.163649517760494
0.132713281117267 0.217522741023243 0.0323876528763358 0.0638725335576025 0.194931759888796 0.155134787302944 0.203437244233812
0.149443508576708 0.0925729250688779 0.0265089817189567 0.0537437151963255 0.204286746758442 0.256612448141344 0.216831674539346
0.190183143975528 0.143455853845901 0.0671395257762581 0.119392165507357 0.089669302663337 0.214393359492621 0.175766648738998
0.285306006202657 0.217122881921259 0.0460998989453977 0.148934057469686 0.0470803573206225 0.163255357525396 0.0922014406149813
0.261862048122452 0.0195184446993271 0.185924442646124 0.0928929220562588 0.127800147879526 0.194236341791503 0.117765652804809
0.168383966544771 0.0417061081755461 0.229926871749308 0.0737214286298892 0.0425926376869226 0.252726433507319 0.190942553706244
0.230890904437086 0.201783387690459 0.0400592854368717 0.24110564621036 0.0351960143527008 0.226914984074471 0.0240497777980519
0.0973847885368037 0.271802116025569 0.0122855790710924 0.024903287713785 0.11828930380358 0.328420054081768 0.146914870767402
0.169720724424016 0.0799505790417358 0.187521504649249 0.165751736685735 0.173308047133441 0.183509033345545 0.0402383747202787
0.0281221350773188 0.211870247962117 0.249168754072274 0.211135562499139 0.150015942880511 0.0784629441525502 0.0712244133560904
0.189683956868138 0.166751402976535 0.0388162327616293 0.0739151160848858 0.220017199800366 0.203073038223572 0.107743053284873
0.0344795131643904 0.207265827534578 0.180022830795812 0.19350718338137 0.0517263653774202 0.0970022287633497 0.235996050983079
0.168680243658437 0.214172642526374 0.0931334412646147 0.124160092917182 0.0205061015019668 0.164089604900629 0.215257873230796
0.0210506445812017 0.16801413583742 0.274208621673205 0.323758249089605 0.0987673596527759 0.0762009673304805 0.0380000218353116
0.143276493241054 0.176138932370849 0.128450046376132 0.127598728805274 0.0887344925581882 0.145186778793702 0.1906145278548
0.177619871056455 0.0135215687362105 0.241639578669777 0.05685651143847 0.203854024543157 0.157703370520746 0.148805075035185
0.0442907101335259 0.0525534843060403 0.0622756430086696 0.311209416995631 0.112425912784882 0.153434443635289 0.263810389135963
0.0310616260622944 0.246515191752496 0.0595171679982908 0.268177824549714 0.248235984569013 0.00476579235215116 0.141726412716041
0.00437218642143758 0.0767577763280613 0.287867940214101 0.244154408116525 0.02172820918669 0.0827758202561059 0.282343659477079
0.1508164839449 0.203688068210619 0.100625479340442 0.152108276467004 0.134987036396991 0.0723868535844053 0.185387802055639
0.253806438353358 0.0864559684064996 0.191853843599138 0.116550189273125 0.154585508683563 0.125958206610938 0.0707898450733782
0.209057827865395 0.0638064913623126 0.0292630273485417 0.0909258485941732 0.192826718638091 0.203676207677493 0.210443878513993
0.118098904221786 0.21299431088984 0.0540715726634766 0.0706991448290913 0.186113194471237 0.155966435680726 0.202056437243843
0.137372043555682 0.245653863751691 0.255703100021058 0.0272589531123883 0.1903621761185 0.140339113931323 0.00331074950935817
0.217400563581476 0.0778447739726053 0.0933056704220043 0.266674472807073 0.267351317121576 0.0192261523589354 0.0581970497363305
0.0657973613432986 0.0844951808069584 0.214647316067572 0.0637647335936658 0.204759446058364 0.213373701414486 0.153162260715655
0.281533745561558 0.0592221169018559 0.194669866366227 0.0945008806428589 0.178827993431249 0.0751925068408988 0.116052890255352
0.297673678081269 0.0583633842243064 0.150436729933918 0.325645076603768 0.0389334291087161 0.0362387369210438 0.0927089651269778
0.117014848363706 0.0642022290091942 0.237753021420918 0.213095918963235 0.00349462943931074 0.150644454381281 0.213794898422354
0.0989803319943774 0.25323946986638 0.178243002147465 0.0896015991529523 0.151695827674914 0.0414871972300492 0.186752571933862
0.121275129009269 0.164680199997772 0.00919831360269442 0.0868933649926334 0.251956111501919 0.128749283757984 0.237247597137728
0.012349291481639 0.159421501649264 0.061153983527715 0.0569664168778889 0.262845217466011 0.205842470893012 0.241421118104471
0.0907033089673133 0.197295434058416 0.242414025305624 0.116685173200316 0.0281291272140368 0.243930062187073 0.0808428690672214
0.209561348179368 0.198463825351229 0.103773704312172 0.0658902258731417 0.0257271055281175 0.145480041021166 0.251103749734806
0.148562316100735 0.266367878387079 0.233052772934859 0.00715284562802671 0.0217585078270223 0.255124411128848 0.0679812679934292
0.13457300397943 0.189837308180056 0.0346523113787529 0.108591076030214 0.027436553952587 0.244031157963917 0.260878588515043
0.139852885546912 0.0928424799631432 0.120052465704645 0.217469980097914 0.178850457911253 0.0222498142736668 0.228681916502466
0.158302303340749 0.0192925893903817 0.10830713907533 0.238215525558962 0.0888032760755478 0.220817506028558 0.166261660530471
0.19285414283252 0.00299011136186146 0.0212770812875874 0.223398848058895 0.213980929224209 0.108857110109646 0.236641777125281
0.184414685984796 0.120661263741888 0.141984766369864 0.106846568137521 0.148819937062112 0.260039742502902 0.037233036200916
0.184562031692249 0.218140527165384 0.110608152232111 0.151190873430381 0.200678146660502 0.00275863941037028 0.132061629409002
0.0827053704524482 0.00396992882830256 0.087576072855785 0.066494458477389 0.166834474209659 0.280240027492995 0.312179667683421
0.216821211563253 0.0453344193859138 0.156258629187277 0.0734026782626424 0.188745746073613 0.203686547730428 0.115750767796873
0.188238940582619 0.0122620399023778 0.118299896748204 0.162879063577101 0.212417736537237 0.142865405780018 0.163036916872444
0.0318652330696795 0.228547926872803 0.155782163549229 0.170738371335003 0.148003902857885 0.125111662579469 0.139950739735932
0.0116529383544149 0.000285058106032314 0.249624199726252 0.137685571356572 0.109527045059088 0.262305691925647 0.228919495471994
0.169259939137955 0.080969631951839 0.0850847697418758 0.195050089054848 0.113932110776672 0.0808131097665457 0.274890349570264
0.0407667786137866 0.196783328000356 0.147984270198557 0.195823173958462 0.0472500919636162 0.190878694963661 0.18051366230156
0.220725434196656 0.105228059011458 0.122164367403815 0.205556404932264 0.10483103356064 0.156789659447978 0.0847050414471887
0.156168973668817 0.223058997114501 0.225020045838345 0.0212880017897354 0.0201815538935334 0.297731307608151 0.0565511200869165
0.0102736231552745 0.24125953798135 0.119908510477668 0.0187183135488991 0.583033054947026 0.0143438803446789 0.0124630795451043
0.100840109632166 0.0538740932466246 0.119580683102826 0.1531414206448 0.185379165576341 0.220125965850384 0.167058561946859
0.261198641229174 0.169607038506445 0.120646493401012 0.0546156931149053 0.191392988663012 0.187737769911677 0.0148013751737748
0.104272493714655 0.0587150528584044 0.18511019572762 0.142825649840297 0.197097776284241 0.125860505117045 0.186118326457739
0.199511579419536 0.00102481081642841 0.22500458290829 0.0171704176581682 0.166051714514079 0.151732348763724 0.239504545919774
0.217826591535723 0.0599301861948263 0.223964985115931 0.0695764409842275 0.217741463802738 0.203912752722244 0.00704757964431135
0.0472666012370925 0.224520555336135 0.200932952148662 0.00875361513448074 0.0785107618557723 0.122204978975384 0.317810535312472
0.245426895463618 0.0982377339035235 0.0537542082987869 0.131893916235619 0.176520180106825 0.256555797449312 0.0376112685423159
0.132468798300573 0.16455222799023 0.0617838102690308 0.00241070262650066 0.128131297634943 0.249275189735999 0.261377973442723
0.208686026924859 0.0945095603869053 0.214334904262786 0.204430594169785 0.0699639923114545 0.0624414988191185 0.145633423125092
0.213767854521266 0.0350845464231446 0.315770720478688 0.126103103579353 0.030050016978313 0.0430338278613415 0.236189930157894
0.107792859346461 0.100668251983316 0.120501904809629 0.126668092779067 0.297597167033991 0.134983963700187 0.111787760347349
0.196735028791522 0.177910627611111 0.106045752031367 0.0429962783228547 0.171447611480963 0.167508042477578 0.137356659284604
0.142820605753167 0.108838327875953 0.060099904621497 0.0999849145208617 0.13937536565863 0.269718144374216 0.179162737195675
0.154817242881786 0.00807508770011902 0.157072820918801 0.0270639872842119 0.332963202451313 0.0820781104032328 0.237929548360536
0.158025923790262 0.246134335479124 0.147000254730523 0.0988955324147274 0.164311902339074 0.0432848732322068 0.142347178014084
0.10685006491667 0.169663208182381 0.17935517428058 0.158343539567874 0.122034644827358 0.116162795139812 0.147590573085325
0.171793056760113 0.212859176406065 0.0962121241819602 0.135924255887514 0.100388294771038 0.110649875172262 0.172173216821049
0.0022761848827408 0.310534303600957 0.0450913973403644 0.0995228691720517 0.0749904556377988 0.110914699467699 0.356670089898388
0.0942103103377671 0.282461460077605 0.0409425001993967 0.327388072302474 0.200842306377512 0.0438975560614374 0.0102577946438075
0.103855170681502 0.12056846698147 0.111702853997482 0.13446217112703 0.268996411171786 0.181131768964186 0.0792831570765434
0.220689624485739 0.0148105945379741 0.29042363645824 0.0563348773149646 0.0930964902166307 0.222337811081369 0.102306965905083
0.227159780603805 0.023721476033226 0.0561877317315742 0.18501219917118 0.0975814941039367 0.22232900224969 0.188008316106588
0.162725681952676 0.0941435179653979 0.349910123654568 0.0649574159031166 0.000270566561220537 0.255168820473172 0.0728238734898494
0.0374900186387187 0.192370929028412 0.0135534962751686 0.216581267921048 0.135241720964125 0.203129496285455 0.201633070887073
0.182996537490411 0.174830460253122 0.11045639380053 0.182540262284286 0.0543336369943085 0.273668879889647 0.0211738292876947
0.0535548370203923 0.188778322679807 0.0762061397228121 0.0688682881399976 0.165832358828002 0.156361931473949 0.29039812213504
0.0467530242228861 0.278141456657174 0.0873463587805436 0.196968901104447 0.24922244148566 0.0548610641809994 0.0867067535682902
0.116045524001775 0.115676665304031 0.00272411116375019 0.378155849179176 0.0164217457923086 0.132995230823148 0.237980873735812
0.182303398913589 0.0371383527516828 0.202588940323454 0.217042837736327 0.19100141858387 0.149061425874014 0.0208636258170628
0.0804933361567898 0.0699153311134471 0.320566227426816 0.143953665742653 0.0725470714371587 0.227217002177216 0.0853073659459196
0.104022731750073 0.130657671676418 0.17966523734012 0.13731977313261 0.245040139267097 0.0841091559159806 0.119185290917701
0.126297325665536 0.233392035262877 0.0131111836870684 0.200919385764761 0.131091126886354 0.216636915280643 0.078552027452762
0.068519663183208 0.200590811294526 0.166871170517655 0.203285026933895 0.127221461950763 0.0626390816106229 0.170872784509331
0.0493936461058053 0.259577012377049 0.227038014260819 0.243088224664486 0.0158900114893123 0.173910106108898 0.0311029849936295
0.0878655683306167 0.19395611891986 0.0433904056237298 0.235397774171002 0.117783592720121 0.0959906544221471 0.225615885812524
0.196952900198285 0.185763556714073 0.0949135590757203 0.071756540596672 0.181500757816088 0.178032552863518 0.0910801327356446
0.0474801545292142 0.140069492749969 0.221827866064394 0.0179956540287544 0.152799954585264 0.217519439228354 0.20230743881405
0.0674494320661669 0.162299497660084 0.0356438418513188 0.193352653533932 0.196039322558528 0.188810782861048 0.156404469468922
0.184253409873103 0.155071140606696 0.257005002123242 0.150681799553257 0.141211299549138 0.0313919064777061 0.0803854418168588
0.174707762468125 0.0962036584206443 0.235579498164237 0.142216805789873 0.0138840214674477 0.116995249542525 0.220413004147149
0.0661419933042168 0.189586429713214 0.0574751486753914 0.204657911238328 0.165686197925456 0.0939309429574203 0.222521376185974
0.0880747005921767 0.0756636712994533 0.111712968336461 0.0935713552053612 0.297397957044254 0.293859103267157 0.0397202442551379
0.191086402040706 0.297463665422636 0.0645034441980808 0.107350049291359 0.187739613941064 0.0794136102189939 0.072443214887161
0.138818766967042 0.156192137746974 0.140112741434278 0.135226464419949 0.00808336399536188 0.151929740996403 0.269636784439992
0.19303627118204 0.0731477993951179 0.117829984297771 0.100954215478763 0.199835715716222 0.172688394664861 0.142507619265224
0.232958302303077 0.3189874066808 0.0207491133006787 0.00153502605095328 0.169795776667816 0.103044777523893 0.152929597472781
0.271506101159953 0.0575059622977033 0.0401581870671567 0.267333443995526 0.00144936697247978 0.219006776195311 0.14304016231187
0.103281277405782 0.121841872922615 0.0807819571668968 0.159229394640712 0.197531992945957 0.0940369413835014 0.243296563534536
0.165330412815667 0.0998805936587427 0.062653996915423 0.198401956991759 0.170241360615814 0.208256107268289 0.0952355717343048
0.0683475405504849 0.184471064990721 0.0321043182321953 0.191305016044626 0.125726778401719 0.196312517119354 0.2017327646609
0.357177820092558 0.0661854437612041 0.111676641444536 0.129918466858089 0.0498533491139443 0.20875665295085 0.0764316257788178
0.0927370600127643 0.24154175798803 0.296654179125251 0.119714358614822 0.122042238471316 0.00578849857692408 0.121521907210893
0.069532532235925 0.0844335604636082 0.233904605109322 0.165124293207162 0.222265412418299 0.0530185423063589 0.171721054259326
0.0316286440414069 0.243917111274836 0.179211464206893 0.0743134874872856 0.0949849553764973 0.236047593997141 0.139896743615941
0.0262916832362219 0.164752447633114 0.163732809707392 0.215190561046997 0.230595299375859 0.13120964143653 0.0682275575638859
0.0152747814451578 0.0757844893509924 0.222995245504742 0.200037610748682 0.264662699292402 0.190426885592678 0.0308182880653459
0.123750596198443 0.216055803482925 0.170885765190176 0.263650914571299 0.12386977792598 0.0854330077014057 0.016354134929771
0.213406898657437 0.158456169537205 0.0878781610324236 0.101707853553922 0.0230583348933861 0.237691535420932 0.177801046904694
0.242841763547198 0.084793844127014 0.255245965707997 0.0532090212188754 0.0417736695644773 0.088048902110035 0.234086833724403
0.104718291553915 0.0955184707696101 0.193560580642332 0.150947008760777 0.17055000286248 0.139192764415016 0.145512880995871
0.218068638351943 0.213204687113416 0.0355189132782885 0.0960276067555041 0.116413788427708 0.168317945071156 0.152448421001984
0.212216317698312 0.147436224285396 0.136350922123126 0.153851593660405 0.113272705696047 0.00790575135591295 0.2289664851808
0.258693934526435 0.0297812299069968 0.223361265732195 0.181047917316191 0.168258519270236 0.0160927410051334 0.122764392242813
0.380865600588037 0.0576588814603815 0.324154032496797 0.0143366593190593 0.143969181588784 0.0520074611253585 0.0270081834215827
0.282508088589345 0.135905954602137 0.284783248797778 0.172884349017711 0.0545163497508804 0.0499289365275064 0.0194730727146419
0.0436895215736448 0.111883517707361 0.044173774541104 0.368174178903953 0.116937355587814 0.211793223204061 0.103348428482062
0.0897593023448266 0.209351109412509 0.135874097719879 0.0719022641104516 0.198634882397608 0.288177833839341 0.00630051017538476
0.111604160453865 0.236430357561381 0.0052355224115995 0.225097066376845 0.170521690262818 0.128839484597707 0.122271718335785
0.242265231675627 0.191295214166911 0.0429486288855933 0.221552365597159 0.110955308826217 0.154880379032668 0.0361028718158263
0.159407240627555 0.0643560926872884 0.218772677804708 0.0716886460109102 0.190636535030053 0.0691729214117785 0.225965886427707
0.215541626022492 0.00695425148290598 0.138847200932526 0.0341724563030742 0.341978881939826 0.180544028538735 0.081961554780441
0.0371775445233772 0.130469541498143 0.207985861941348 0.102542323230664 0.276496542174226 0.203349641828413 0.0419785448038284
0.251561190226023 0.146966843378217 0.0856830786390834 0.216911902350794 0.123551426858032 0.0444805726016711 0.130844985946181
0.109095236539616 0.177273329824398 0.069480330260794 0.204411739678304 0.157562138244374 0.17065516556917 0.111522059883344
0.279139777701916 0.0441212039025998 0.134246286140493 0.0653324032036832 0.223165013202298 0.101303538561157 0.152691777287853
0.30232875275554 0.235126915435532 0.0324057723709946 0.0383655696452882 0.131660080677775 0.203949843009066 0.0561630661058036
0.233513919602286 0.0155821197729725 0.162188547543708 0.0961504777715003 0.219783999124061 0.220150414133237 0.0526305220522346
0.144262529511821 0.141316354585598 0.167789944268657 0.153181276333159 0.117389323456832 0.143481097117638 0.132579474726295
0.195036592085898 0.168370453032542 0.0672489257227071 0.215204179331601 0.12663889074685 0.164438147872388 0.0630628112080129
0.222724229026218 0.0673071579751853 0.023755035233825 0.223103952070122 0.100684226770706 0.0497406324128605 0.312684766511084
0.133804400821351 0.180890397557381 0.157808319525496 0.0498205251224199 0.0466751957689891 0.231019000103734 0.19998216110063
0.358105192830197 0.159836361189734 0.232008959306721 0.0743177571710563 0.121117315527524 0.00514031088596693 0.0494741030887994
0.337145302610559 0.274255628400386 0.0618133461479065 0.0514357016641 0.223991092524975 0.0129192245420507 0.0384397041100228
0.0647503160095965 0.185196225535259 0.103329892672845 0.257982833848828 0.054991424031708 0.145640526906451 0.188108780995313
0.284620635869366 0.0851087481438128 0.267266668763649 0.212064409615289 0.0033520865093096 0.0792817478096926 0.0683057032888808
0.242651670867372 0.00605433909349829 0.113662613206153 0.252928300024944 0.0279146150567303 0.256156156127225 0.100632305624078
0.222541466867687 0.20586033968877 0.0655693514380346 0.0586571469664134 0.213835458673918 0.156149483438817 0.0773867529263603
0.231872304113184 0.133016544130837 0.218722810356812 0.115120710963501 0.0580356904553297 0.156902226861504 0.0863297131188332
0.187070554059757 0.156204443463932 0.00158835881137474 0.101173776757127 0.157888265182788 0.211591393725266 0.184483207999755
0.192227959584529 0.113888960764164 0.0854672536346805 0.10337665777216 0.17191052550598 0.1624810240801 0.170647618658387
0.226442876442446 0.249848450318479 0.00732156221407786 0.16678123872951 0.0123654178411048 0.218959953830405 0.118280500623976
0.0213993402793369 0.200816564716504 0.127467311720983 0.102066500373212 0.144785552040546 0.129603608465378 0.27386112240404
0.181613921485947 0.0465962059610515 0.16799465306153 0.0158007465920359 0.296332733660848 0.175245669642937 0.11641606959565
0.0945888375464496 0.0285053095637577 0.279491064757802 0.0844633408087186 0.0180717169388457 0.322649048550415 0.172230681834012
0.086933216129879 0.240599574874459 0.0182893516788302 0.193651557980497 0.180223313746847 0.216752834316491 0.0635501512729972
0.0397069900927659 0.243039143730712 0.181048359546297 0.10399973106619 0.190599058912178 0.196872536637527 0.0447341800143312
0.180198400589084 0.29195257906317 0.134218625795517 0.0816867938267921 0.179531257987722 0.026925853684541 0.105486489053174
0.149389350648982 0.117992306440059 0.0934627201659924 0.205158844378529 0.151436014123234 0.189159027259955 0.0934017369832479
0.217171893397795 0.103425282976739 0.229471411504693 0.175865005037065 0.127909732630458 0.0134067551733937 0.132749919279856
0.112509130845342 0.160646817701415 0.208532663025682 0.0487539502644465 0.23552811093168 0.173110165647497 0.060919161583938
0.123305464338584 0.0513800476307779 0.181875492774074 0.167864724378969 0.214132147157869 0.107170513277844 0.154271610441882
0.11276441545041 0.0353865322585843 0.171166693979814 0.195678334865501 0.259927031192548 0.22330273813176 0.00177425412138202
0.231445931797509 0.229436658892503 0.0163341556729458 0.15697338341654 0.0927501089258608 0.0645661342995605 0.20849362699508
0.034862907963919 0.0113166174097007 0.29403475228266 0.0320498446909237 0.217470074967676 0.0985003292839938 0.311765473401126
0.0591149104145048 0.238417891982095 0.252362390516045 0.0512073803323354 0.0517726280960311 0.160004767579428 0.18712003107956
0.103087657099519 0.0579557292472796 0.0716546158802266 0.279672381949416 0.178416319461658 0.292917424668388 0.0162958716935127
0.25082204301705 0.0167910473698188 0.0843369669500418 0.206407540056492 0.00953385886494419 0.0761550481599538 0.3559534955817
0.0249710352609967 0.0650822287259436 0.239340729252257 0.283840378274383 0.252944233335546 0.0858646516367684 0.0479567435141044
0.160836559274639 0.181509082805321 0.102392893689643 0.127184328243076 0.0429235057389359 0.218047353240795 0.16710627700759
0.36901646267548 0.0591710634729142 0.211144960115567 0.174590109728967 0.0750182695576342 0.0555520410957299 0.0555070933537075
0.00417372068709796 0.166294248555683 0.00953090789718156 0.212737618923755 0.22280015140061 0.166706642174219 0.217756710361453
0.209014762150137 0.040708543797722 0.0173816604721873 0.214106803323384 0.20682411280752 0.0885381912930203 0.22342592615603
0.209745328771988 0.0647678423329361 0.132902244455252 0.168204768888861 0.187441591400844 0.119489072144686 0.117449152005433
0.133704776296906 0.0898613646812629 0.057513750856063 0.126451671403836 0.242359749419674 0.0498767570462853 0.300231930295972
0.20694448917027 0.261885717890392 0.126573398223039 0.0840727106414082 0.11628171994147 0.0297911100982467 0.174450854035175
0.180045071138201 0.0608758280061835 0.197337883751607 0.246297617334579 0.0701651073334729 0.13604000072303 0.109238491712926
0.0259668066570779 0.131021961777645 0.124428206469627 0.135246154523185 0.0848722925030628 0.293157386231437 0.205307191837966
0.135063449403614 0.2422032845349 0.0775846356031884 0.320296573153687 0.0220049606567649 0.177934809033645 0.0249122876142003
0.0488400117602363 0.176761353327323 0.00979142280572377 0.186321884715974 0.158808439364784 0.223952567495605 0.195524320530353
0.188519760826764 0.270849531007611 0.125872004054113 0.0469645986577057 0.187839949395131 0.0344586116752096 0.145495544383465
0.227571361844769 0.231234631568263 0.120798005771365 0.222678161347792 0.036298301081139 0.00160768758348186 0.159811850803189
0.187817529580973 0.245913052173932 0.0798611653064588 0.0368471764322129 0.224888208107825 0.151296229631452 0.0733766387671462
0.196354649435257 0.108201129601916 0.101706093940734 0.176264935405057 0.125489625607005 0.20823762592451 0.0837459400855222
0.0968204001833921 0.189583116499528 0.181202741107272 0.0687620992161374 0.141020918934566 0.190811565858073 0.131799158201032
0.290475174573445 0.0104061564288262 0.168717731367793 0.15886069719602 0.083100591331285 0.269997940870136 0.0184417082324945
0.0600191637202566 0.227591946852029 0.191699540982416 0.208642188997082 0.0720873220943035 0.198107860161401 0.0418519771925126
0.198687746867561 0.203934280768147 0.143683126926732 0.156776027065241 0.0410826648723324 0.150002101723626 0.105834051776361
0.15545648685191 0.201545026706706 0.15046437755558 0.111790786242744 0.147538127621856 0.0335870099458043 0.199618185075401
0.117085217156401 0.155363073216674 0.129911741645387 0.159073637681652 0.169352852785173 0.0530477773163364 0.216165700198375
0.172935946038992 0.167086101791053 0.0911404871508883 0.0939835047102685 0.117229211728949 0.120577335525438 0.237047413054411
0.1895769587184 0.28926463989932 0.0119625373920818 0.154973822960568 0.138783327981144 0.164821492686626 0.0506172203618613
0.0455048712721755 0.188417094499465 0.0274442392799286 0.0657221857454357 0.291780591020603 0.184462112988562 0.19666890519383
0.239635623659735 0.0830712661451254 0.0571919626857016 0.214852655355893 0.0863390616319568 0.214041898251473 0.104867532270115
0.295912949931717 0.202834194379487 0.0947674093215938 0.105969452433788 0.176174064489966 0.107789176403146 0.0165527530403026
0.0937652483137881 0.14171149510903 0.185161046186268 0.00926499311579463 0.365457740061432 0.1349742332344 0.0696652439792879
0.306014504638747 0.125734592103593 0.0796462526959404 0.00980452242702684 0.104021040547368 0.264684269069445 0.11009481851788
0.193623922574213 0.210351832167207 0.000625044612622186 0.0584099474005201 0.211633375349321 0.135535251004963 0.189820626891154
0.241234169709468 0.133668756968199 0.0859380989006426 0.143675170306748 0.231982176542586 0.0837743404641562 0.0797272871081991
0.0989737406945477 0.21253743772022 0.192426537446311 0.188565239544562 0.159851939929748 0.0578881281535173 0.0897569765110945
0.291357058642398 0.0305868444244044 0.0914127910192155 0.0492426968429095 0.00846074875446414 0.292041648100318 0.236898212216291
0.0937133003284536 0.105252707313702 0.178409413482295 0.0674572535950893 0.250327830247446 0.112168089604239 0.192671405428775
0.146540389799346 0.127580243301047 0.099067738815991 0.151771860960144 0.0812957197792981 0.233632285423547 0.160111761920627
0.106041970185202 0.241629152497633 0.197615008892742 0.142083798612179 0.0656887500561796 0.128833330686067 0.118107989069998
0.143416206244963 0.0439878583865548 0.213918813993695 0.28231406363185 0.0611938064461561 0.0961394002558549 0.159029851040926
0.112757828404292 0.170877159136696 0.192267146421878 0.157042952644118 0.185793840702392 0.122616910950456 0.0586441617401691
0.222299888051539 0.226566802230221 0.186818870685643 0.0694365041332305 0.1200424361585 0.0807133232927222 0.0941221754481453
0.244346655420128 0.24283366574981 0.16381755706841 0.154282857040715 0.13182809909419 0.0377882831619004 0.025102882464846
0.125188470220753 0.0741995559344401 0.160883458296317 0.0729862019856862 0.132168122547164 0.212492515831214 0.222081675184426
0.102721363242029 0.196521880576608 0.166592553052412 0.246331304971079 0.201365247724566 0.00561876482131184 0.0808488856119943
0.168922121525478 0.236775224313721 0.00560224807149239 0.125273657688941 0.12080198093745 0.243135460329137 0.0994893071337799
0.163897388958915 0.233528858199068 0.11768597066535 0.185095367589902 0.210710845942569 0.0426415076378592 0.0464400610063368
0.253291915638458 0.155469513045369 0.00169736884995827 0.212151719127121 0.194293200006552 0.0187179087641273 0.164378374568414
0.190875043660308 0.0145972443217428 0.277218740127596 0.0759878011130884 0.012961452255195 0.218047231150314 0.210312487371756
0.119988139657031 0.121059246571316 0.257424045844925 0.144529253096926 0.208637187226306 0.131635342511708 0.0167267850917886
0.211565495655709 0.0806659395574418 0.0321287652689237 0.130049581599633 0.099153121813178 0.231490370371308 0.214946725733807
0.0931151253386669 0.222502312781668 0.167732925774478 0.169350906975544 0.0393535752510571 0.12432059438369 0.183624559494897
