0.10472510331353 0.125963068810408 0.120865585081023 0.0165505196523047 0.0616062309798724 0.174570198497394 0.186220770240148 0.0981986829301913 0.0140395993525101 0.0972602411426196
0.104676358721094 0.0333380706183265 0.0934646391522756 0.113270949372399 0.00622745898569614 0.118341272746486 0.07386886360656 0.110512625405604 0.165525988915487 0.180773772476071
0.171960658056358 0.0398964796881114 0.0642079775924875 0.120275123720907 0.13011991966576 0.0419296775637942 0.0843339813395468 0.175734727964033 0.160338856618376 0.011202597790626
0.00186211756694388 0.0527050343072097 0.0881954179516686 0.155109386538582 0.261595369101315 0.0425759494784821 0.0494419806777994 0.0644742225314116 0.20089779719283 0.0831427246537577
0.144008516805048 0.160192659226796 0.0991441614490495 0.0494903207343142 0.0499952706145571 0.17469468058363 0.110443623342397 0.0412899382593863 0.0871283074627808 0.0836125215220416
0.0584406895363142 0.188592844619587 0.20051637701291 0.0322150897454531 0.00689672267577676 0.173585017978236 0.00267271698957342 0.090326966238738 0.111519071659541 0.13523450354387
0.098014243920247 0.16969061709793 0.0580353219929785 0.0102281458667716 0.0678635918089536 0.0198797788148434 0.15406073514713 0.198692451428144 0.0586157604120173 0.164919353510984
0.0822832848362539 0.0600883618974511 0.0233985718385246 0.129796534995911 0.0790431875597923 0.186162977996332 0.137406405457125 0.20429991554428 0.0142248440265522 0.0832959158477783
0.174110551748871 0.0604251017753567 0.0556731509029997 0.072352999590941 0.144111414510519 0.147689745030664 0.0891938628564372 0.0773370381616545 0.160669112288365 0.0184370231341915
0.0585518970811007 0.07167290527282 0.126334451576638 0.0913949807726866 0.127017505296497 0.175323104775015 0.134075556811336 0.0458523993344818 0.0792482871051876 0.0905289119742372
0.00234259157260727 0.041595888134875 0.113765819624446 0.0730360984850681 0.290754796253989 0.130664569502453 0.0929542548993142 0.150147106977539 0.00607104639418508 0.098667828155523
0.204295191514982 0.0144224192244443 0.00233438381910526 0.137172392099012 0.204390323619562 0.172685593890292 0.104297490005769 0.00491354450994995 0.109800359632971 0.0456883016839116
0.106634447565212 0.168568776150051 0.110411286892124 0.0282040981726859 0.046260759068854 0.0577586350146038 0.178280863875467 0.0999217496753127 0.152773485639776 0.0511858979459139
0.0346623229572637 0.246817690557853 0.123903208339567 0.0965992725381257 0.0524249162813873 0.073319666185328 0.198697578608664 0.0184636740012357 0.131436846768286 0.0236748237622898
0.162061436156943 0.161523107282595 0.173852406787678 0.0269055575122519 0.0440691254342543 0.15741722823004 0.0111147208327301 0.10351186108617 0.115482248567292 0.0440623081100454
0.130995826479391 0.159228713428118 0.111972026917957 0.15959310685403 0.123080498845003 0.0706518342386831 0.119295022256522 0.0353240703634264 0.0806409052873051 0.00921799532956445
0.175241299193578 0.130305215434025 0.138877821344283 0.0531926088641968 0.134439032215853 0.055459430643106 0.0307847069336822 0.0343624322311789 0.119887570522598 0.127449882617498
0.0715612287980806 0.0192751843241265 0.154995307539892 0.185084497996111 0.0535024433297393 0.180945305262845 0.0754184359134686 0.022625253793675 0.0859608684295551 0.150631474612507
0.206836855078388 0.0765571608872726 0.0315576936285673 0.0532759061720151 0.164628472891146 0.113783553376328 0.118509391341185 0.117682180545267 0.0892175498498929 0.0279512362299386
0.134333303080475 0.0573074118790032 0.0843710028919201 0.139502319340303 0.110453598846969 0.0830661064901541 0.0494621199605749 0.150634520249415 0.102089862540133 0.0887797547210524
0.188849898351832 0.00893470643545538 0.12234760908384 0.0725684127331059 0.127852456182057 0.0398515187850986 0.144816173326072 0.0467082627945069 0.166933111572847 0.0811378507351857
0.101096684537373 0.163185858381087 0.165615048225883 0.0850678296389844 0.0535503745263723 0.0377992165927894 0.0322499605588382 0.0964600890166435 0.13261875761459 0.132356180907439
0.0343959851985192 0.0794455847940306 0.121981853829204 0.0460969866977026 0.164794329261877 0.0609454446411116 0.112597869325416 0.123250857345049 0.164501792766354 0.091989296140736
0.00108845510112925 0.0199329199471408 0.0644501202829011 0.166244142537948 0.176668764594393 0.0644016024035579 0.153015027860186 0.166499432147699 0.00618541633539437 0.181514118789652
0.0900637243702291 0.02475038348673 0.110590728927108 0.0845630767034848 0.173894457110798 0.0842377735085887 0.109754425866989 0.127753053143938 0.0418629769733573 0.152529399908777
0.114223195475623 0.0556126495867608 0.163715504943962 0.00581128771273232 0.0645658611190276 0.122572602152266 0.0788053704642805 0.13748267013102 0.115930117151473 0.141280741262854
0.146259566762298 0.161438283982035 0.147488744304177 0.101385676404821 0.165544139604461 0.123871333176916 0.0480280334116584 0.0486735060693063 0.0026863320189196 0.0546243842654074
0.137347974560053 0.113558053638697 0.115832708123083 0.0607249061908259 0.0831684766184652 0.160629730858898 0.00668821372526874 0.163720169907103 0.148133445413838 0.0101963209637688
0.112809978210184 0.185938918269794 0.152763967814924 0.0103895955717113 0.0948045668707966 0.0378890663660628 0.199322788389279 0.0351830093721568 0.0448120348519606 0.126086074283132
0.0122532038162755 0.111113451919272 0.106657902394113 0.124305833807526 0.0915429247621513 0.0813790896630237 0.0432457427502147 0.134142623712955 0.142533877462006 0.152825349712464
0.200319830820852 0.0553593172733415 0.00137107901383573 0.112837661395475 0.0213908228675937 0.143952498313156 0.186612230859399 0.0981846351216129 0.102861918008335 0.0771100063263987
0.121326896583212 0.0768370761396168 0.145020643225547 0.0975103628832467 0.0665641213655963 0.151664283928503 0.114140637489467 0.104299044992447 0.122300705601691 0.000336227790673033
0.0965703291529019 0.131064997672475 0.168469983789812 0.229418676023013 0.00527922057122734 0.0490731186792005 0.0484141501872909 0.0359506869486289 0.112600957473216 0.123157879502234
0.0338123082932733 0.145234895236532 0.204076362651218 0.0662266466694738 0.0425506726971225 0.0787590331602204 0.169694857389212 0.0385405329913123 0.164066516394453 0.0570381745171816
0.033764982809323 0.051891958522358 0.120044417669052 0.0252832911563895 0.141859747526896 0.151780686711766 0.126175861322335 0.117544360965941 0.130973855199638 0.100680838116302
0.140410625229262 0.164039239457417 0.123616132734113 0.0662145342640289 0.026511185749818 0.000730094437821117 0.118973960777882 0.164231490339729 0.135983813326344 0.0592889236835844
0.118718106403838 0.0177658208892911 0.111665366049266 0.00314007292866462 0.126664818654595 0.202150254723329 0.0108715144596414 0.0140942181317255 0.216645079880857 0.178284747878791
0.13959156066986 0.0957943551747838 0.0355721288046909 0.0524703349239679 0.151783626634565 0.0365435019032022 0.184538752124155 0.00917876101291099 0.0851087323984726 0.209418246353391
0.0858766711740982 0.00516093182412595 0.12163429645164 0.102376816008621 0.111350945494767 0.180993601892265 0.138051340913864 0.145042354339745 0.0049047148082123 0.104608327092663
0.133896007049512 0.0995683705858615 0.0253773908432472 0.162496506885531 0.0648152359684061 0.0709576538166637 0.121705410615674 0.152025865869151 0.0357528172226828 0.13340474114327
0.181778479843078 0.146662931926759 0.148784419048113 0.14660059909339 0.0659442332225679 0.0333384222244754 0.0776707813037122 0.116786105628307 0.076573764306969 0.00586026340262934
0.139870334286365 0.113159282208156 0.0576828592337774 0.251300024718777 0.0648328252692589 0.153872544743766 0.0313483683485435 0.108183087381897 0.0750449934560729 0.00470568035338681
0.155231693231421 0.0392796301491741 0.0569832375783288 0.0518567572611475 0.146718452984813 0.16995491801127 0.162976764870661 0.0563451031826477 0.155970766611787 0.00468267611874929
0.0366137856900612 0.182483293826805 0.00849233505858083 0.175294359919104 0.0311398448770256 0.0953526972478715 0.0433314453498231 0.140270131107354 0.109846975527314 0.17717513139606
0.0859968616679486 0.0525151063135112 0.199055534554719 0.204148776907209 0.0954847444675995 0.133243925447282 0.0827132169450665 0.0135844835148424 0.0824721185333449 0.0507852316484768
0.0434981330258694 0.151345642795271 0.13126793017476 0.163081790842234 0.0758134340143143 0.0278117380654205 0.16000382974684 0.0240478563103855 0.0829069473999417 0.140222697624964
0.0980436620614639 0.13909111707327 0.0933104240231905 0.00603336823845008 0.111762225482199 0.116232841274926 0.155556639901769 0.0963371062161214 0.130002224541261 0.0536303911873488
0.0862546107635947 0.00274669500831526 0.0226821376391379 0.186298760468207 0.151559861018215 0.13579988097854 0.142512847864358 0.0367962074681131 0.177890288758697 0.0574587100328224
0.0181962492928466 0.114149230483475 0.0549563142993777 0.121528044507535 0.0788105101407407 0.0348100816540177 0.208429315569175 0.134443206575169 0.0234958760370679 0.211181171440595
0.0145212672151572 0.0830715012272881 0.17767507589157 0.13996045775091 0.0405019312609128 0.01038480230928 0.130740412402899 0.20702768126754 0.110212149991441 0.0859047206830016
0.0664364322424834 0.0669772370187925 0.183583702859107 0.0276707150964032 0.0697627391892504 0.0419389904295053 0.164805452022624 0.190078290320509 0.0541736858495436 0.134572754971781
0.153846731714889 0.199134230453339 0.0631004755036842 0.108521169057147 0.0549936504013831 0.103502685578689 0.100758383524081 0.0492751779836212 0.0755477498958231 0.0913197458873428
0.210187399535649 0.0529126332312566 0.0287424671047779 0.104943000806357 0.14348390070747 0.0324350262571837 0.0404835330588069 0.0935384686975917 0.231282024561458 0.0619915460394483
0.204701071326218 0.0546874330559008 0.105731581004743 0.0640807073054802 0.128542877813093 0.0980382945358891 0.0669138742650761 0.0339020643014624 0.188663293733395 0.0547388026587426
0.0576693957418395 0.140611564429932 0.15371008431392 0.145838031180302 0.0672453328395064 0.153041370616265 0.00651017031640644 0.133620133655511 0.111724474662675 0.0300294422436435
0.122719883594306 0.128378622373461 0.107127901306154 0.157079749748494 0.0952575754131934 0.0379659262544545 0.0675359684110342 0.0500813685652307 0.0683864238548509 0.165466580478821
0.198069840076598 0.0942746727321157 0.122911741780589 0.144239984955001 0.0454273029614737 0.0123575273825935 0.080868871751581 0.0569735779903566 0.0821404563029353 0.162736024066757
0.0853795809197757 0.0856935065555903 0.217728799190003 0.209437637566535 0.029625800791019 0.0754104003180088 0.103577535892698 0.0293311827830913 0.106589846771675 0.0572257092116046
0.0786023331054305 0.0725580665438162 0.0662132409933833 0.102071082544084 0.130033291922342 0.132391916444048 0.0627508428853141 0.113249352826441 0.0692917872077638 0.172838085527377
0.0877250432778839 0.144438972121501 0.17086239732465 0.0221191936265578 0.131647031328425 0.0153905634257241 0.163496463055841 0.171020827118524 0.0482175750551972 0.0450819336656956
0.123481615799934 0.0982907949307706 0.143868916037176 0.065370932832513 0.124196826284667 0.0458146414263676 0.0686284807039222 0.0327104612058462 0.168780819398138 0.128856511380666
0.239368039602047 0.144471223561028 0.019523176212566 0.136853982650785 0.118640175460418 0.100976217326462 0.00646375385358657 0.00693885295464568 0.112407259001045 0.114357319377417
0.104002810710143 0.0224350507877751 0.19045458793981 0.0205081858181372 0.175485720069922 0.123340237633281 0.213906768710384 0.0278459423524253 0.108334445840854 0.013686250137269
0.224960796718191 0.256273425674347 0.0138919502874555 0.0115199805334392 0.0814222122872107 0.0664981645641404 0.0489726826120714 0.211148179892894 0.0102155759121462 0.0750970315181045
0.0370337752031167 0.0993587450468203 0.0479760489882011 0.0228856307305775 0.2217694258802 0.115500363076569 0.0230969862071288 0.197013337703825 0.0727840651810889 0.162581621982473
0.112195451918292 0.0665220451856922 0.110458081475675 0.112654824165503 0.0856076941548755 0.090984776126533 0.017144446630645 0.124278353138297 0.149004058900994 0.131150268303494
0.0900686850638206 0.0244456327807663 0.138082739711041 0.172683824702579 0.0893438299392133 0.129155911180373 0.0762679327496493 0.105170064100346 0.0721443342384578 0.102637045533753
0.211637989318583 0.0282510124207282 0.00967635795656442 0.198681908240374 0.238972279165475 0.0307316104639641 0.0130821504723726 0.0634145594034566 0.0188653404918459 0.186686792066636
0.0762671831645266 0.121579651331873 0.140419469237853 0.0761278072902912 0.114642803882236 0.130082718347185 0.0669974416447635 0.0776318631521728 0.0601140763662082 0.13613698558289
0.0460566870757013 0.145726586708045 0.112593408032156 0.0602217553113423 0.0847445206441765 0.0557821361312615 0.122631473035906 0.139341812826573 0.1322789866019 0.100622633632937
0.125884172424608 0.0213414844044479 0.127203410857664 0.0913350814096146 0.0306752005482907 0.117905626435646 0.0822007922541873 0.16765885277691 0.117235046701007 0.118560332187625
0.0523358207665727 0.0779068345383856 0.0945037769935287 0.144870821537176 0.0182962091334159 0.188955329591101 0.199884953706822 0.0341235136375301 0.164804684353758 0.0243180557417104
0.162262682005549 0.161973969257891 0.101461401032859 0.146888131146616 0.013956398631033 0.0206261190093113 0.164105704910062 0.05132926629019 0.0156965496443706 0.161699778072118
0.168170305272108 0.109433088453386 0.140421186575183 0.0260672101182736 0.0708349640087252 0.0285143654285191 0.0924534215960761 0.126585101143298 0.132640528840632 0.104879828563798
0.102603719003401 0.123437112617359 0.0171147484972921 0.173144216959362 0.149514559814834 0.0891426651534517 0.0671982540981601 0.080733827439493 0.107639039860094 0.0894718565565534
0.0298641306319356 0.0638293991111268 0.0843166707973893 0.066538094482295 0.168311331825519 0.0663681363132566 0.131065012326663 0.168209800920641 0.131932969101981 0.0895644544891923
0.144277171499575 0.0692274401786992 0.0798831097162494 0.0388866297353271 0.11309257788452 0.0393720562621519 0.0985690693243242 0.192939255496596 0.0109004718614093 0.212852218041148
0.0925975729679153 0.0942182028357255 0.12145261278344 0.0199263446999553 0.141740310635374 0.192015592964557 0.0614635581892976 0.0758367853540541 0.136715589438381 0.0640334301312999
0.0636395683751439 0.145444817005048 0.00818671160734515 0.0804305094475165 0.164879339226024 0.17279670432735 0.150680811872638 0.0841573863455402 0.0629444318241644 0.0668397199692293
0.032678700013587 0.110917741352036 0.0976397325591991 0.0627248228354913 0.134321544270739 0.0898950451608365 0.138886683275775 0.130786248476851 0.0744381399546562 0.127711342100829
0.196268848617741 0.0227842382762962 0.0376518537208965 0.151635560508911 0.108393097105554 0.0944605534582447 0.229053413651221 0.0801664422032217 0.00233374280053221 0.0772522496573813
0.0847649904231487 0.117276800516129 0.132584309310614 0.104457661247179 0.0783206781144918 0.214964280921179 0.0268169300899188 0.0916192505558626 0.00715783176412715 0.14203726705735
0.229246798114912 0.00148343098136794 0.155754561052858 0.14469470397455 0.0791424415200295 0.13069793048209 0.129352892623345 0.0439019674588242 0.0356434976322439 0.0500817761597794
0.0508251197061687 0.204202555358889 0.00646444431176771 0.0529271850512268 0.198218408682222 0.0326659598369247 0.00498468293009226 0.189148262513903 0.171159050566655 0.0894043310421507
0.190102200181493 0.00909435278434352 0.198668371475928 0.0450101850673414 0.113276339325411 0.0934864604326614 0.10039350992124 0.0682078945776782 0.0600405909467938 0.121720095287109
0.106421604506235 0.130327452217241 0.0610529159411507 0.0716730756256291 0.0276122613631462 0.139888845288794 0.0858097301236606 0.183230154901264 0.114370379152352 0.0796135808805281
0.1497245245507 0.0388842455514459 0.168222290390568 0.0568528033100395 0.221661566289252 0.0881459891397917 0.0320463233869889 0.0958281577984282 0.0861505706827074 0.0624835289000788
0.0996350859625302 0.133455953997132 0.124169653639142 0.0977284719691597 0.150817168764324 0.016667829275044 0.0389971361037086 0.0859221133164418 0.157388957268191 0.0952176297043262
0.0732045410347719 0.0853604207026396 0.0415912899644552 0.193071377120636 0.0343338901963475 0.239327501405247 0.0877677527535791 0.0259498653401817 0.214411963926788 0.00498139755535402
0.161042467403471 0.016641974288912 0.197299444140369 0.0839931289121047 0.0212168424889558 2.21684862912657e-05 0.195307118992304 0.097263395495518 0.0437540382188608 0.183459421573213
0.0134581507226849 0.0119056676952295 0.0907879834571275 0.252278823024381 0.0517934528010371 0.169057533377334 0.0983113914774754 0.00145783000258242 0.230968994082869 0.0799801733592798
0.136553485697665 0.0178890619348501 0.138677237566114 0.0305575594084163 0.0547815001377383 0.131126832988366 0.0104170134105621 0.203834175256781 0.0203696645385894 0.255793469060918
0.0404123327659275 0.0917141778544056 0.0796076628049457 0.0223816855659549 0.026260272095958 0.113691386423525 0.220201019552101 0.0475919420208844 0.184153056334904 0.173986464581393
0.0744071676071833 0.117845655751039 0.0999803782857456 0.131187537096909 0.183177074539878 0.0885010868548307 0.127904465138989 0.140296938029596 0.0249039992868665 0.0117956974089624
0.0742149152742081 0.0589070960445948 0.0390446492887129 0.173040854689197 0.0536404996814778 0.147281932413402 0.132610032700783 0.0177679632044176 0.14816127419922 0.155330782503986
0.129359725465631 0.109100420353738 0.111957735495149 0.110405410398577 0.0561696460914843 0.145686704281118 0.0670570768051207 0.116558351283093 0.0109553112336128 0.142749618592476
0.0855038938184982 0.0436120140735734 0.127350963233627 0.116026734201223 0.137757979999585 0.0714907233683383 0.0826437062753087 0.0977287219846353 0.132223600829892 0.105661662215318
0.149421037823014 0.160229298025123 0.137785638884645 0.0881721462273928 0.00907095517544181 0.118112760341123 0.0790981949537595 0.14075212705439 0.0644064804138145 0.0529513611012969
0.137840192644489 0.172956747915421 0.103627215270361 0.0579063827898518 0.136809077151422 0.136627404428821 0.153696573022175 0.029697787370264 0.0253089882856143 0.0455296311215812
0.122058923881963 0.130707715831367 0.127992063388577 0.1344542965352 0.000782357128025568 0.0314115986677692 0.0942798748541569 0.116368488886785 0.12938563343742 0.112559047388737
0.170848072984141 0.138059170960324 0.0459620057660101 0.0936404748827231 0.0429611676358107 0.0456885691507355 0.0592695974308782 0.150229849006874 0.173508838451081 0.079832253731422
0.109440659729641 0.0408215901778473 0.110161824174653 0.0561835995657366 0.158964039152478 0.14199207599281 0.0154530448347346 0.140659837760466 0.14441174580885 0.0819115828027832
0.0316602798513476 0.191683325082716 0.0242821872072957 0.0323245822898671 0.0983347483378634 0.148983570532256 0.0427179068118094 0.111535452659346 0.169320410135245 0.149157537092254
0.0371401849460138 0.105527600961112 0.125356585340352 0.136318511983904 0.115753765331745 0.16747305416394 0.0829814263781688 0.0114212553724148 0.0508677131935994 0.167159902328752
0.0223150098952481 0.150517927739624 0.0767763581621227 0.158980928424926 0.155735205861388 0.0648392204870033 0.144397843017012 0.0541532346299219 0.132525089512507 0.0397591822702468
0.025207186926633 0.0137776225503456 0.00190129457580673 0.0140378052194694 0.0769787681430412 0.228355567211128 0.241748709777651 0.255814254212832 0.131415447976593 0.0107633434065004
0.152703757680643 0.14465226900186 0.0716138181876325 0.0316312963123667 0.00994645717119027 0.174690239630432 0.0872254945099311 0.167741575311469 0.156879661972559 0.00291543022191682
0.0361798119812839 0.142792128854585 0.0419917895155559 0.159782581782674 0.0734425343251467 0.0387170787751685 0.134001904900406 0.0770599479205072 0.163027050919076 0.133005171025596
0.179759351588067 0.0715921375589976 0.160903084899858 0.000653804967657301 0.0970020669723079 0.163588104087684 0.122712927400783 0.0609778141443057 0.0172603341664242 0.125550374213914
0.157077681869419 0.149816691756861 0.183363882496815 0.0622296514241131 0.00637626929900361 0.0588201704938422 0.084900097389126 0.0723065087886542 0.0668717192438698 0.158237327238297
0.131634762496136 0.153399362255217 0.100050729059932 0.0608605535684475 0.0108856962894654 0.0763956617629088 0.168795332732696 0.0695279709401137 0.110469367201244 0.117980563693839
0.015209333705327 0.0315189787067838 0.143501280182801 0.029835744464807 0.188461352945787 0.0588403904513545 0.15762474064911 0.175446542441005 0.107127727563307 0.0924339088897192
0.0877983395250951 0.117584695461196 0.0887600415210556 0.108592592681159 0.0549448789710021 0.170857652182382 0.19175032892795 0.0908897985417281 0.0605823051796586 0.0282393670087737
0.139374843483487 0.163444143340039 0.0678047153672126 0.0289279118953569 0.111122104291531 0.130886069326201 0.0480490441034667 0.134046387996878 0.0885344972003486 0.0878102829954787
0.0518209749965523 0.162651601401813 0.0769716850849248 0.138577994832482 0.182120519946365 0.0649152565765383 0.094566624589564 0.0436266769609663 0.0512730560124933 0.133475609598301
0.104596915032877 0.0193726288143175 0.0220785756522083 0.0157914723205593 0.0965539253031078 0.0902019650364256 0.162156799000282 0.212742242031115 0.234740314308683 0.0417651625004244
0.0901265313859695 0.149937167910281 0.172188904913043 0.0742666313432427 0.0180480611241163 0.180208959811094 0.0341726608774306 0.0360830604145044 0.144777877459456 0.100190144760863
0.176586056187754 0.066785136550456 0.0880122177929753 0.0338980968757631 0.0129950000469028 0.0580058007286267 0.147455306860421 0.170233635384094 0.159518360791306 0.0865103887817008
0.075497087292701 0.0198197489551873 0.122371438051966 0.145304379789207 0.078902274834413 0.118071421797221 0.172259610645717 0.129550630692783 0.0042748156303382 0.133948592310466
0.155333610329653 0.0587326272536839 0.0538238160684063 0.117916954126992 0.0239474522109824 0.155079970394788 0.109600216583689 0.0364782638854881 0.209175155544842 0.0799119336014738
0.125509596255105 0.15861608223826 0.111877205413428 0.0777951551354953 0.11921472752593 0.0948281910766565 0.134813714516956 0.0494999677586102 0.112488288608758 0.015357071470802
0.114363577055029 0.159802564665893 0.0867578611977069 0.0545878667716003 0.17612611221568 0.0815698012343908 0.0964744385083583 0.137267273641552 0.0375290537214046 0.0555214509883844
0.0288909095945265 0.0727573100992084 0.145670483926476 0.0583921725619516 0.140931001550933 0.113675259527046 0.163678809368313 0.0441645866168926 0.16820749225478 0.0636319744998734
0.0135434900954545 0.0439398617342595 0.132317379102777 0.0840370851505338 0.159223597172354 0.157965302799993 0.011111790179077 0.0747361085388195 0.149306529814357 0.173818855412375
0.0460043360497117 0.0291410625840893 0.156844721038161 0.0813985410831673 0.0737859997083173 0.0924012394934893 0.130653123794454 0.152398452421125 0.0553063902801189 0.182066133547367
0.00291891827038446 0.176973899614185 0.174256688592278 0.101705980581744 0.124619477673067 0.0493546128100478 0.0802533069309595 0.0534667968564148 0.146054647139264 0.0903956715316553
0.144579096386523 0.177703215227614 0.0519127619790256 0.0385637432492388 0.145703118804485 0.189595784044191 0.0183380097851026 0.0740619870890591 0.0758010329467958 0.0837412504879655
0.0977115371081866 0.133569546434688 0.144257283972999 0.102969995536079 0.0615288090908019 0.129510639616299 0.0672500727712856 0.13073329210794 0.120527870488143 0.0119409528735779
0.0865491924932366 0.157382689476648 0.154886881846975 0.0521533093218982 0.101743383869214 0.163784291698517 0.0216784303223385 0.0926630816737502 0.0944593611076761 0.0746993781897465
0.00475839405567716 0.0448191403202586 0.277886488529446 0.0227155445199783 0.095257616579244 0.109322028300429 0.00352572384808793 0.124375207435866 0.0575479792848531 0.259791877126161
0.138694858166182 0.0623670549186084 0.151551755811482 0.148480224644042 0.0323501211695757 0.0514921234823116 0.134669783455041 0.144714105121855 0.0437329674233999 0.0919470058075033
0.0608082995158978 0.0256643656512875 0.216792172484783 0.154745401435722 0.0334094094199171 0.178022167222636 0.00181813750031495 0.132586039417894 0.108065492590408 0.0880885147611388
0.115645251008535 0.0559372171425132 0.143811243493084 0.080654011785501 0.192874445481871 0.0143709511360771 0.10998233904624 0.0641845181871809 0.030318950500186 0.192221072218812
0.106389890021133 0.0338706380333016 0.0428005181810126 0.149329105921524 0.101652235371235 0.0415194350352515 0.194541997119163 0.16405156559327 0.0509192481814432 0.114925366542666
0.139521861182944 0.0166039249426958 0.0820588902924142 0.152784865002008 0.119250643709618 0.110177344382768 0.0675945275099558 0.126168999393356 0.0375446607227768 0.148294282861464
0.0422029382094033 0.179988808824068 0.0508273851944907 0.000415656091153994 0.161914873705777 0.045941470616918 0.0653864186021204 0.134231540060041 0.157148025335474 0.161942883360553
0.0486721736617229 0.13824543676538 0.130719358383112 0.114448512022551 0.144029631842047 0.0453816519552772 0.112763586450858 0.00133745656504096 0.107657690380514 0.156744501973497
0.134134374293526 0.0942986087153883 0.117802622776511 0.109936741688355 0.0485774894147621 0.133734912794393 0.0999145655497155 0.113794002628879 0.0378628373170839 0.109943844821386
0.169936674823833 0.067077946705094 0.104744346109797 0.158952863245128 0.128953891101799 0.0140205292251496 0.152748651180703 0.10821890754451 0.0576611295866931 0.0376850604772936
0.194755485227038 0.0685400772289862 0.138108161134494 0.0455481660001255 0.0181077988850892 0.202488907864755 0.0519488778507055 0.0454256245936549 0.0141684405291165 0.220908460686035
0.126258319731765 0.170427845314138 0.104992332187677 0.0427874255071362 0.108637690664056 0.0446532551487007 0.0804599643196837 0.184812558225881 0.0302658055544602 0.106704803346502
0.181287056964263 0.0713456541273836 0.00130793797780361 0.091674231183006 0.179291337112222 0.122718731465701 0.0814601593461579 0.108773627117067 0.0525157842209745 0.109625480485422
0.127725960507675 0.0486887902838295 0.0562457600586476 0.0882117371252531 0.0663041886974785 0.0950525650561834 0.0915346908820757 0.134689397534678 0.135020544117212 0.156526365736967
0.172765790917544 0.0228461257664335 0.151754895109787 0.0849146154435125 0.0871687285472028 0.1228754577227 0.0891622647823165 0.0776109141027961 0.0312043682842827 0.159696839323425
0.106815130014647 0.10997911093202 0.0224264623245129 0.103114968110284 0.165628064651212 0.0641426419406741 0.0436540129723273 0.0512367159147904 0.193235920903658 0.139766972235875
0.0282837783810262 0.175911930019324 0.159634142744636 0.000247734660459793 0.173197321430295 0.130534710350816 0.181586741674175 0.0339823571496684 0.0131023212106735 0.103518962378926
0.00935889613377187 0.0820218157580403 0.145311095354055 0.10424281576216 0.129563756124279 0.112976491474057 0.0106840235346117 0.134735699239831 0.169212869796095 0.101892536823099
0.121719780146735 0.0899785532810557 0.0391105310233263 0.0834180020759786 0.142872765217573 0.186169171269832 0.121255118402779 0.11231209804013 0.102500604755665 0.000663375786924113
0.175015882052685 0.0210331778716211 0.0520306627984038 0.138163702225159 0.0418373219305345 0.0864643131901735 0.145498860629431 0.0641648639545694 0.105481867824577 0.170309347522845
0.124291954882932 0.0520479479916579 0.171581874042768 0.0965111254252947 0.00195594627083451 0.0696003486843118 0.108003952531598 0.161977936433919 0.15125072799863 0.0627781857380531
0.23787258991903 0.0063321105470758 0.150644386140877 0.0571896747063006 0.0984159345600109 0.19243591855422 0.0868377184339007 0.0119237396454486 0.0344514191408822 0.123896508352253
0.164400447533463 0.0396321530779888 0.1148065266395 0.0440528044169113 0.115942064164819 0.147470396955274 0.108450091944476 0.0870360081872392 0.122391601065187 0.0558179060151415
0.13102544209027 0.056308928429294 0.0757978153258989 0.122475632062754 0.108704095469881 0.130597658568183 0.0390713398907215 0.14271391529884 0.0500969957252684 0.14320817713889
0.117615458565946 0.0592344159203893 0.0548663772736905 0.029838485670937 0.143644886475412 0.142517724198956 0.103894405211514 0.13592265095625 0.0868403253330818 0.125625270393825
0.0357276612894906 0.0839460908742849 0.171456384795678 0.123013198572564 0.0537773801512101 0.106955948685398 0.0437351578388623 0.14380925791303 0.0963572738255313 0.14122164605395
0.0386635567971011 0.171202454678669 0.167497266802521 0.000550953392834989 0.133674678672419 0.0242410302114628 0.107883122567261 0.168811033481527 0.176054683849124 0.0114212195470803
0.0465403307996591 0.0294237102890205 0.141778540654726 0.16373028693276 0.110505703807414 0.10961797206867 0.0428587311151489 0.166677888625837 0.139366829581854 0.0495000061249101
0.0787826050027918 0.158385184793874 0.0509005445974432 0.0348673783850509 0.125326983261795 0.12252555777495 0.0982104244871528 0.145623236135038 0.0976566364342531 0.0877214491276514
0.153665058001295 0.117613437253431 0.0809777556570915 0.0445435417279155 0.252017765674076 0.0661952539009169 0.0815033496915668 0.0134522411905468 0.0529918077573445 0.137039789145816
0.0230390641137005 0.000731219946943657 0.119132232822048 0.0513158147402055 0.0208088882467473 0.16332333673826 0.187642496715357 0.142768479859028 0.0875976923959593 0.20364077442175
0.176743577512622 0.0323730578208512 0.0286548399579875 0.209849505171377 0.0522214553756426 0.160573067135694 0.0149894612395697 0.175319876890836 0.0104507724031908 0.138824386492229
0.157465035480851 0.0391639820810639 0.106905371098841 0.0805639717403264 0.0362152608690478 0.124655107228867 0.120171795725934 0.11635930956349 0.0940499499724157 0.124450216239164
0.0110900889331752 0.100401243361172 0.126283370114613 0.130989032242629 0.0755674536593923 0.0740489128739738 0.145290739834004 0.110194654423076 0.156854462962174 0.0692800415957905
0.0913547915651312 0.156327694592353 0.133810441772319 0.114554537843907 0.048373539024472 0.0451403032274341 0.0256059527413012 0.0689892004207587 0.203629357777211 0.112214181035113
0.00111786556306031 0.00606535590537043 0.0245894953466731 0.016058035716947 0.271775732178886 0.0447331052783856 0.239676200373051 0.243186411931993 0.145833549847901 0.00696424785773367
0.195348283441064 0.0389365869890526 0.0398848094263078 0.20577174790804 0.0997298907768651 0.0506602404929232 0.140800718859328 0.150826396606699 0.050745761484893 0.0272955640148269
0.13256869027862 0.1466285143415 0.0365377998390511 0.0772872577290818 0.0696336727752123 0.129111789535457 0.171288644506602 0.0306358822916338 0.11401440725435 0.0922933414484922
0.0515558837950592 0.102270779905013 0.0911659546042839 0.0949897844259222 0.154663063191419 0.058285050856996 0.187041105242169 0.0398558017840089 0.109559340615141 0.110613235579987
0.0120825728551562 0.0875276048508925 0.148962411094159 0.0864346010221253 0.108178922058898 0.0145108069398975 0.192022488898556 0.162692082624222 0.151392113394716 0.0361963962613767
0.0339693469043362 0.106459727411292 0.0286153799145444 0.0704490485131072 0.0458770950326108 0.253603480608415 0.0706444368263529 0.0719531084771697 0.254224852414943 0.0642035238972293
0.150546462008612 0.119552289682289 0.114933729613307 0.0727835679034331 0.00191083614804339 0.121478829288227 0.128582546231301 0.0177853562696854 0.110739131095809 0.161687251759293
0.146362954161121 0.103340756842579 0.062332831462408 0.150393947818154 0.146793598684915 0.10339778695081 0.135590803624391 0.125036441056767 0.018413114249156 0.00833776514969896
0.226203856009364 0.00489107959638101 0.151640146087477 0.10346738110414 0.199582070909137 0.0478446463272869 0.114820543774391 0.0189754799386295 0.0749249398205494 0.0576498564326427
0.139514704665451 0.0469516668439573 0.00346264966766516 0.15370242451173 0.193954611200235 0.118892067121381 0.0976403489609501 0.0971772553624274 0.0615094208935885 0.0871948507726146
0.108208222029889 0.192241396408317 0.12965868102891 0.197137340763309 0.123183283263594 0.0858194111847028 0.108408326385342 0.00258067909249478 0.0122879950990298 0.0404746647444111
0.153925592368148 0.0579316066331785 0.0251908724601672 0.0325716561358348 0.139790168815344 0.0715444874114564 0.174427506010962 0.208679930849629 0.0813589213690136 0.0545792579462656
0.0837230872735865 0.0409916095692878 0.169767927995339 0.0584111693934572 0.126695405748695 0.103584378076531 0.143623171915433 0.100122451149907 0.124788111165461 0.0482926877123022
0.0908330687516828 0.155986202306258 0.10289790812581 0.0377568482841495 0.189854030325047 0.127777613591273 0.0384345554517715 0.0219726466895069 0.180650479190864 0.0538366472836371
0.0261827567349538 0.108411943301302 0.154688446171732 0.118865820282931 0.190744182515539 0.12187359986304 0.0999983945268539 0.0996229112185909 0.0612764288026771 0.0183355165823812
0.135443419143725 0.189941402918531 0.0948168785090368 0.0614054492961101 0.0790343872547981 0.172320455411223 0.16176333373409 0.034605562865944 0.00134574841692828 0.0693233624496132
0.194795739731137 0.000296706519133644 0.0302166922984862 0.0148234384512033 0.160334963458268 0.0702235794365237 0.0402751427367562 0.197163036102602 0.249656619697038 0.0422140815688512
0.165529253050675 0.179302144699805 0.0141110917814857 0.0381986176761322 0.118633011630013 0.0122687458436283 0.0858080971703353 0.163020662202707 0.0749660743783188 0.1481623015669
0.0882936907056208 0.0511252189475806 0.205671062846887 0.112385050581156 0.117572684642423 0.0383971955438961 0.045520695454151 0.116140475000351 0.184098360414241 0.040795565863693
0.117152276575992 0.187801250718475 0.152172231818807 0.0474455520792876 0.0356989812554253 0.139413121930263 0.118634782650434 0.0502668029508552 0.116489060757505 0.034925939262955
0.000713670741277023 0.176052989589972 0.0317686611468293 0.175725887154228 0.0143117339133617 0.167065992521311 0.159494877133785 0.183256609558655 0.00592096643701822 0.0856886118035635
0.0817372232846066 0.0507492941539733 0.0956446341046364 0.0228900619085079 0.113398462800942 0.127783977777453 0.0967944647550001 0.18598858401341 0.0423621413456844 0.182651155855787
0.124014808765021 0.000141879396845338 0.0188522499314374 0.00271327404516997 0.151195729372295 0.00680213553013911 0.202921091153891 0.192289821126847 0.216295483657483 0.0847735270208713
0.0920743317719801 0.0754968834945042 0.0497629978375728 0.127997575174129 0.183201840226008 0.0337986395204547 0.0204890943712467 0.167809565767503 0.0975085230944361 0.151860548742165
0.072919232361706 0.144410018576346 0.125512296020092 0.0640165860019344 0.0319588055875466 0.100290297044374 0.139185331432244 0.0277513011878319 0.0873454290214147 0.206610702766511
0.0380793103278006 0.0426275948072656 0.131321340666661 0.136361188252587 0.0810745481524215 0.133773559966726 0.135589646699458 0.0435411846453579 0.139901256707341 0.117730369774382
0.104987276188227 0.137202736967146 0.115086897093352 0.114741029941949 0.0181639727330916 0.106853105575559 0.00997648350333464 0.130228236183862 0.140903294994757 0.121856966818722
0.138385401532204 0.0900156233104879 0.10475769765304 0.0928844743823147 0.0183799509117533 0.0162076226296186 0.0926874286008854 0.0230068438374104 0.295408674631075 0.128266282511211
0.0535701674641002 0.123745483651137 0.0125688844914543 0.176212936927379 0.043234423136278 0.187135776793751 0.0853337407122008 0.138092659969405 0.0560748970870924 0.124031029767203
0.164748037218624 0.0716263816122722 0.234419629286116 0.0806023902482119 0.0153872634875785 0.0881935170601667 0.0535896960086518 0.0749834561836277 0.0114704886743296 0.204979140220421
0.0799225356428894 0.00743238230056698 0.0711251013851664 0.171756246130389 0.0321417890905032 0.170941357408713 0.0601205169835054 0.0261594056742639 0.215194176118633 0.165206489265371
0.0178133710402717 0.0555101351355981 0.0408115808745235 0.0466496791571526 0.0057975430734737 0.207177764164254 0.223017867088156 0.147399932514031 0.0945185293382191 0.161303597614321
0.100409071488674 0.17493703986721 0.0492301213030317 0.0749790087755307 0.0084950538837308 0.267998095711637 0.0620644596500499 0.102914780079379 0.144739234617964 0.0142331346227914
0.115753435296378 0.00588234023917939 0.101743085165076 0.165167903481498 0.158872178978533 0.134020671857656 0.126964436945956 0.0252504075091398 0.147497957947905 0.0188475825786795
0.141976505646661 0.173054842471785 0.14686684870117 0.0212868142484804 0.0092819542666734 0.0408151343951853 0.100504291041424 0.163759211381244 0.0664074316823898 0.136046966164988
0.0658641504829536 0.14864140682819 0.0885622969153313 0.179128238235419 0.054141188597705 0.13451276924708 0.0527690970155352 0.116965567373986 0.099093574703173 0.0603217106006273
0.0261227785426964 0.135208000269399 0.107153002433541 0.156338881720328 0.0917229410573972 0.142929190257812 0.0136380567066697 0.115615317181476 0.142007544839947 0.069264286990734
0.112525714811831 0.126678485690991 0.0821984859221111 0.0862038394228987 0.169963684908072 0.103102146089186 0.0859303600084672 0.0180147528118945 0.155639310194628 0.0597432201399207
0.117549021726576 0.00250990448969283 0.000835653791664268 0.22436786939361 0.133872089786971 0.234368127152571 0.0355463526618026 0.0829336020655606 0.113410208387968 0.0546071705435841
0.165417494035499 0.014171234300979 0.12650457614431 0.0373249230577331 0.156693579297705 0.197495836646913 0.16926718665913 0.050888986226301 0.039594087072838 0.0426420965585916
0.12230067160163 0.138900594167708 0.093506142327613 0.0391493628913609 0.191526764567095 0.184841908323733 0.081517407480208 0.0558694437017202 0.0677254694751823 0.0246622354637508
0.0887925819768956 0.160376144433403 0.0399351167127527 0.055918592032436 0.137796135346512 0.0850745083948454 0.158603992148994 0.0140376468744649 0.107098873035338 0.152366409044359
0.0181121187690396 0.123575784090775 0.0288216422141123 0.107611813100711 0.0779856706675206 0.0757073850010488 0.103968528108616 0.181062540295421 0.119548122462261 0.163606395290495
0.0632730115227776 0.196378717875502 0.0569387794081543 0.0125604089028876 0.179546615214859 0.108376102243193 0.0363397979439779 0.138990877078614 0.015552652581417 0.192043037228618
0.247042723300795 0.137266009472293 0.150426795556863 0.0277995511006407 0.0884341397563263 0.0200710917748039 0.0180111823664031 0.190774920283634 0.0857259206685475 0.0344476657196929
0.10832328609811 0.0465499524091255 0.0451714177443096 0.156393490815998 0.0309327155931415 0.187309151919484 0.187171279112699 0.136063511722237 0.0107559328528193 0.0913292617320768
0.108221621277114 0.0192296175389687 0.00276986495079511 0.125166720848466 0.0590923818422346 0.18428912111508 0.207169402467169 0.0375970823125159 0.158859719221458 0.0976044684261981
0.159617198267512 0.191732532273852 0.0141302273447119 0.00787730444324074 0.0483949566138182 0.0434865264743449 0.0383126813983205 0.190859364387175 0.147913739203572 0.157675469593453
0.171286473272303 0.00581565018082761 0.0759083694820036 0.00177453924682179 0.10166930358208 0.135084364965461 0.126727552154825 0.184879806318131 0.0298660578352814 0.166987882962266
0.126722564083802 0.0534263600249984 0.0255631416373005 0.110271609857072 0.159626185539846 0.0752321329524113 0.0594182246291479 0.133465402284134 0.141303986934571 0.114970392056715
0.0932257298972105 0.0430362567038347 0.0103334519016151 0.0561423005012369 0.24985514931479 0.0968897247758361 0.124544168733313 0.103950208589999 0.129628460517816 0.092394549064348
0.110901206596867 0.169608788679121 0.0954651872049049 0.149243909956531 0.00348449764635682 0.00425998867872383 0.170804791707127 0.0975870482150298 0.100189157541163 0.0984554237741754
