0.463519286765199 0.0481320007938695 0.16424585117938 0.0791538412609407 0.244949020000611
0.231541427403666 0.210651728918197 0.211994670179204 0.144933145036081 0.200879028462853
0.233705190866181 0.107590573413023 0.328346991550461 0.27306197503038 0.0572952691399543
0.116246296410612 0.222223031951823 0.236980131898662 0.222779799044794 0.201770740694108
0.31135229417556 0.151779726380594 0.18583196211634 0.17677350297112 0.174262514356385
0.281860724233166 0.236906955058647 0.0525570634746843 0.0472948461402611 0.381380411093241
0.121878769817966 0.0359833420841538 0.308248959722829 0.245025149749518 0.288863778625533
0.05506218476713 0.233487332445368 0.118656072892513 0.192817903342783 0.399976506552206
0.0134469830740208 0.114025092271576 0.026933443190735 0.403029207058124 0.442565274405544
0.368871509941555 0.206599921794669 0.211329744288559 0.18936589840431 0.0238329255709061
0.0278183100845405 0.13081629076454 0.242516655830534 0.182941730618542 0.415907012701844
0.0250846050020304 0.307353803310135 0.0657193910177263 0.188129266266635 0.413712934403474
0.0597384434649774 0.101638437612713 0.208361118916457 0.21517197605268 0.415090023953172
0.213828524127917 0.114455285540204 0.113203981814293 0.205365265230514 0.353146943287072
0.261652427583307 0.0710989501248646 0.196281216266846 0.234438537537968 0.236528868487015
0.171143360517453 0.126686092576107 0.267157277216397 0.232355794206698 0.202657475483345
0.0508781689459376 0.179829863514743 0.236374390404383 0.0313682063337389 0.501549370801198
0.124854396799304 0.177019903731787 0.178950900737651 0.259213011015022 0.259961787716236
0.225438523852526 0.31164005159166 0.154060363046907 0.120335388239996 0.188525673268911
0.316841229421966 0.146076817175126 0.12735784581343 0.316607456440375 0.0931166511491036
0.0385367518735392 0.0712797912125602 0.211301667620319 0.294428119069626 0.384453670223955
0.38914615205948 0.0511966476957083 0.0173835094710963 0.320993441838252 0.221280248935464
0.371541711473659 0.0952484779050738 0.282831603250876 0.024637539611322 0.225740667759069
0.183807520775807 0.247220899915914 0.114968522467671 0.129541119893726 0.324461936946881
0.00610276908448401 0.150810200327776 0.231693556773331 0.372620938816651 0.238772534997758
0.264969408236905 0.274751433381055 0.0676749229724361 0.0921009549248515 0.300503280484753
0.0330819663847959 0.189323983132519 0.00172804014026875 0.511785797884113 0.264080212458303
0.152963962905461 0.0578404916816114 0.261179211954243 0.256498016017434 0.27151831744125
0.233276109403457 0.0855254546734023 0.282469563451191 0.137393862315719 0.261335010156231
0.339987542727721 0.17610954946783 0.0589140567289343 0.325725197190267 0.0992636538852485
0.153045495152019 0.285780962709964 0.302699209570369 0.159326232822906 0.0991480997447418
0.0765808770250612 0.314045595520568 0.280001684992003 0.0871699876159864 0.24220185484638
0.313108130268447 0.0576563104675124 0.299910288014373 0.197377632899081 0.131947638350587
0.424772017442515 0.269866645728673 0.0162170324732169 0.252995694692015 0.0361486096635808
0.160153058955414 0.100039337043308 0.233461262698557 0.2600987185086 0.246247622794122
0.39800292826908 0.0310646247167429 0.0966290354205524 0.204479886014914 0.269823525578711
0.0146095212245725 0.0825543209281317 0.0308237914885932 0.449940233712751 0.422072132645952
0.216464096711885 0.0602120599745248 0.219855335349518 0.270399007498117 0.233069500465955
0.121403663639722 0.291889244154042 0.495809842595354 0.0384882929109744 0.0524089566999076
0.00950082311179355 0.38149877764113 0.021591708388628 0.234881035172554 0.352527655685895
0.285162834200619 0.129781241489955 0.246126181028904 0.187013390820394 0.151916352460128
0.24632203598567 0.0782119360422382 0.307580851503425 0.242071769917657 0.12581340655101
0.189374839085696 0.246077916764808 0.197739228442231 0.0110954608351709 0.355712554872093
0.229461363585709 0.236247828916712 0.232404744402769 0.132608377696836 0.169277685397975
0.277320564547446 0.0595968854640389 0.184795858684567 0.0553667452035804 0.422919946100368
0.149093467835767 0.287303672461106 0.124358469724584 0.166022842512047 0.273221547466496
0.379489824362491 0.196838905566214 0.00674370590186555 0.143381703653835 0.273545860515594
0.135028953731664 0.153726274180271 0.156499542622707 0.270611538960443 0.284133690504914
0.0911752040378138 0.460116675862465 0.0904261730392292 0.0396463038764515 0.31863564318404
0.213619988622421 0.0631096852873889 0.410096513883011 0.0467137588044726 0.266460053402707
0.287726016354267 0.113793824658878 0.29011578954218 0.0193414210811536 0.289022948363521
0.345057379477466 0.0182759912121677 0.103161173776355 0.246881264894431 0.286624190639581
0.199759400088439 0.173465147899987 0.253349647216878 0.243017174470634 0.130408630324062
0.179922177937096 0.264663809810611 0.222276730372174 0.231725032866301 0.101412249013818
0.215495511949976 0.23210958212645 0.0826219243843899 0.311065750271663 0.158707231267521
0.154696678254467 0.285174689952301 0.292100833869503 0.266699865240618 0.00132793268311112
0.366115805601649 0.336780852450895 0.121254736253365 0.163600519997178 0.0122480856969114
0.407262130722281 0.153605938955938 0.0430333560480468 0.389978207285136 0.00612036698859906
0.161245662808988 0.185867551969747 0.264495880072204 0.240163271057942 0.148227634091119
0.206816195482503 0.115138999085136 0.104564067451024 0.34351126657342 0.229969471407917
0.16062339727685 0.236696552248794 0.145430505918258 0.162469227382758 0.294780317173341
0.0230238414934017 0.162016793825383 0.292297397914095 0.234439191197086 0.288222775570034
0.12063913741978 0.274477983900473 0.31159272806195 0.0213799137139986 0.271910236903798
0.269169694902896 0.359083989797874 0.213552114956844 0.0307414456013654 0.12745275474102
0.00939382695171488 0.270380041248917 0.300078987887214 0.162615824870868 0.257531319041285
0.10058233179571 0.252469072578052 0.311036479600226 0.166676329735994 0.169235786290017
0.196291666162747 0.116917737888236 0.424965345108972 0.0704556682848681 0.191369582555177
0.252758153014056 0.310746822978128 0.154652837501938 0.0223317470340525 0.259510439471825
0.276906649227475 0.413349646006743 0.01007113425309 0.262524227084827 0.037148343427865
0.0939267686078773 0.0348074360703121 0.367525460275503 0.179395782370388 0.32434455267592
0.217178325537574 0.129506515183295 0.275439481863253 0.202294638741989 0.175581038673889
0.201855218733237 0.112668086081458 0.346298564409866 0.0673372011485301 0.271840929626908
0.222617439550491 0.223373524738915 0.209856816053079 0.119133753440236 0.225018466217279
0.509884309071 0.138291822994017 0.101488186827 0.190935320495161 0.059400360612822
0.17514923430132 0.382399464574233 0.150948529332667 0.262705436586775 0.0287973352050052
0.219400660577771 0.116248954054615 0.284305607171536 0.133845124711458 0.246199653484621
0.0472906662130625 0.108608765132445 0.438476476135183 0.144183735407616 0.261440357111694
0.21736956999586 0.218080173471727 0.140269791947443 0.236545095260423 0.187735369324547
0.0995958318725419 0.166632726819901 0.55441399172318 0.053813194522118 0.125544255062259
0.206248800538933 0.144880481168738 0.195863318021578 0.428566137221845 0.0244412630489062
0.278621801808358 0.193218018334262 0.260020061886905 0.266442426231994 0.00169769173847983
0.145718372542393 0.10890061450638 0.178843967198776 0.168780999016259 0.397756046736192
0.200353209047725 0.22045897378285 0.109396907427988 0.260744163358951 0.209046746382485
0.284621675316533 0.0426645984802608 0.316787355699898 0.0992645797773977 0.25666179072591
0.0303469950119603 0.337204066456983 0.219606057018538 0.00949287013353798 0.403350011378981
0.221259181122102 0.57682411373135 0.0948060444852754 0.0554128451092525 0.0516978155520199
0.33604597477127 0.222102707957333 0.0603284601430818 0.228777835449566 0.152745021678749
0.028003206173247 0.172377592871381 0.309019331621144 0.19690086751345 0.293699001820778
0.297512350126157 0.106160059356469 0.16754493065124 0.262414856707537 0.166367803158598
0.103434544726449 0.147707760227081 0.102214619150135 0.10591265335555 0.540730422540785
0.117048363594512 0.24421303514377 0.22707836649477 0.227945148874962 0.183715085891986
0.00160060802748517 0.349515231169675 0.11373187581455 0.297655965350791 0.2374963196375
0.291469455030361 0.0988051248661243 0.191885412594994 0.209317285879629 0.208522721628893
0.237205394630714 0.160310014271543 0.208451536552482 0.201572017559751 0.19246103698551
0.104305357666842 0.134338573370204 0.227007726045592 0.519199468436962 0.0151488744803997
0.259189887456863 0.338021309596184 0.227627041798051 0.0522672730401357 0.122894488108766
0.151995406664886 0.106314909554951 0.355711064611962 0.00814231279845736 0.377836306369743
0.176711210453431 0.142987395027567 0.288590160152876 0.276011090701792 0.115700143664334
0.14617436442436 0.327928843630215 0.27812214206745 0.0763104190113416 0.171464230866633
0.17530869239219 0.215458905096001 0.306892915283605 0.256428957300758 0.0459105299274448
0.166808216393082 0.0147732904497223 0.218583596420555 0.346894320939092 0.252940575797549
0.301622768080008 0.197679520963592 0.0982075852140758 0.13359596542004 0.268894160322285
0.322354660194789 0.0210842958353518 0.36123919856154 0.0436395546114385 0.251682290796881
0.0455772587317814 0.0304392149192927 0.506967805821348 0.0201565906357695 0.396859129891808
0.28705021158842 0.305387928218392 0.0372402878853145 0.0554692893673991 0.314852282940474
0.234931461811964 0.307275366831805 0.383413903111777 0.00839880871083251 0.0659804595336217
0.0704942283487148 0.371463099331976 0.39445172792731 0.149818206427482 0.0137727379645178
0.121843153182991 0.146722327598139 0.122393337948089 0.470258006032814 0.138783175237967
0.284404411828122 0.45000321143244 0.190840745821059 0.039862804059629 0.0348888268587503
0.228009714745086 0.25346954231721 0.09334807467836 0.187841452851786 0.237331215407558
0.150288905006731 0.368546636144168 0.286004816641942 0.0596024014167527 0.135557240790406
0.270820817253104 0.124597386229682 0.1809236085298 0.193817992106726 0.229840195880688
0.2392965555378 0.122562306130321 0.160347554090078 0.244894658866466 0.232898925375335
0.230042709567664 0.120491895233476 0.121530963308989 0.288859556636342 0.239074875253529
0.053079046187997 0.284623636028205 0.258247731524676 0.127379060242952 0.27667052601617
0.334803037168849 0.346744833793451 0.0646712114451606 0.0368881387511482 0.216892778841391
0.251883922597976 0.342561618966974 0.2370106475824 0.128138727918108 0.0404050829345423
0.242308155186441 0.109528920520962 0.0185562723453334 0.330521665910352 0.299084986036911
0.349221533658509 0.0769852997210906 0.36651731061228 0.0902711170013836 0.117004739006736
0.0509740037478006 0.118329303383076 0.0026414307553136 0.431171962585436 0.396883299528373
0.118599802022563 0.00946515209898337 0.404078483014903 0.13550217818341 0.33235438468014
0.212992449101523 0.437721073012417 0.0978035006847943 0.0505660765743124 0.200916900626953
0.315314779792677 0.122544048350798 0.312510801914908 0.221494594809755 0.0281357751318619
0.281730960683445 0.264274982990815 0.108489077915332 0.0661066221163864 0.279398356294021
0.0434566922855179 0.332884344298365 0.0385286150663356 0.336333559491568 0.248796788858214
0.0697416139711206 0.285557936186028 0.379082217267207 0.0449215165668114 0.220696716008833
0.227811720079722 0.229619843013812 0.171843280809506 0.168537832665355 0.202187323431606
0.303185744527416 0.315097776573986 0.0670063024672235 0.140135510893632 0.174574665537742
0.286330216352752 0.045792544396826 0.311418291418659 0.0629664298481241 0.293492517983639
0.0810951503648715 0.0665148096575248 0.243459772385303 0.525629808160813 0.0833004594314882
0.211342031520064 0.0928776826971194 0.199077809101276 0.372695638685014 0.124006837996527
0.236749427553856 0.0383058800157054 0.347386560929264 0.166827122645825 0.210731008855349
0.0211898897515592 0.0344957048979507 0.351898145300129 0.36100440273519 0.231411857315171
0.191828288521113 0.303590826377654 0.0325598836721353 0.243845729364451 0.228175272064647
0.142997085349263 0.071260016065776 0.329045054746159 0.166864314562096 0.289833529276706
0.0684915948998662 0.33700369895082 0.0869810988105812 0.20483991988575 0.302683687452983
0.201948892552048 0.295842570145318 0.203902287182214 0.0339068070373766 0.264399443083043
0.16546018920661 0.230500478559837 0.206160551213753 0.179869669650416 0.218009111369384
0.0546045904512599 0.301958395422781 0.00694246176517942 0.361586611126532 0.274907941234247
0.242256357913416 0.0612064334587437 0.217283200817887 0.391978192798516 0.0872758150114381
0.339509332145092 0.301278881961022 0.132935617228445 0.0724825636704959 0.153793604994945
0.129995875760555 0.122556949999653 0.324193161744553 0.344819093162088 0.0784349193331505
0.119118671134501 0.155660148308145 0.177118423604888 0.350856418301814 0.197246338650652
0.0118487882608305 0.172082158248129 0.22777230921916 0.242926955440974 0.345369788830906
0.119789813385032 0.353281888627803 0.158279699916617 0.0625483307863539 0.306100267284194
0.11328001456336 0.0631826475951172 0.396531490613678 0.418615986033309 0.00838986119453623
0.177592985415257 0.530864397597681 0.0683684237616952 0.118934216171194 0.104239977054173
0.142014525625344 0.18739817770607 0.321398234888445 0.345451028396863 0.00373803338327837
0.235039525901478 0.297156779959628 0.0328142797548466 0.314310562667029 0.120678851717019
0.283773002995205 0.260727910038655 0.286293647660924 0.149850664971949 0.0193547743332665
0.127478095215734 0.246555815953027 0.220016573783586 0.189299894117922 0.216649620929732
0.51252563955027 0.0911283923573002 0.132531686185773 0.205027173729169 0.0587871081774875
0.277643051242345 0.294017997735639 0.0822631871608251 0.3031986305665 0.0428771332946916
0.479801207471728 0.303701418541661 0.0660689714183867 0.052477101669183 0.0979513008990419
0.00925733008346893 0.304602391429436 0.0925811630254388 0.313068879513334 0.280490235948322
0.160281489406356 0.0641829145903996 0.329858770215441 0.312018308521743 0.13365851726606
0.236257130624407 0.403622816601651 0.300971267424248 0.0468031480112788 0.0123456373384154
0.168633576746468 0.27565728987075 0.168874507925041 0.178397661661097 0.208436963796644
0.376086815297015 0.0745220761821979 0.228654426455601 0.0824351536496763 0.23830152841551
0.400608579043871 0.160937968568184 0.0892108955591843 0.179279802634899 0.169962754193862
0.169181082764504 0.26916512140784 0.245066872802063 0.158602898051212 0.157984024974381
0.195952413814215 0.264424854328454 0.187957435458925 0.250960476468104 0.100704819930302
0.226512473468662 0.258181232843737 0.221616770338446 0.0824288672189405 0.211260656130215
0.56815769223645 0.196677751436217 9.18443552983883e-05 0.0725383132307372 0.162534398741298
0.201900498180353 0.101732210063398 0.331823918488229 0.188250066943544 0.176293306324476
0.173905500322791 0.186820189057243 0.503743631462592 0.111708171186259 0.0238225079711156
0.346389968474732 0.0717324986468791 0.238693442781701 0.303629096271223 0.0395549938254651
0.0486685618809332 0.34640231743764 0.195296941899469 0.0302033984607772 0.379428780321181
0.0206964123949376 0.240420979258746 0.112015400113385 0.289312621176341 0.337554587056591
0.233420274965087 0.11406007179475 0.303914011496991 0.334215119272942 0.01439052247023
0.105055884231126 0.290053674815116 0.205462503435951 0.0844892548940182 0.314938682623788
0.252043850589932 0.137378307502998 0.0779519360770384 0.0192781981084599 0.513347707721572
0.173957597463287 0.095273447630954 0.281656518847895 0.0884842701041251 0.36062816595374
0.501329633679512 0.104341433338016 0.0820030560351308 0.138041553596789 0.174284323350553
0.277239028754098 0.311180754713228 0.130353091638517 0.184046819991113 0.0971803049030436
0.0653473714034393 0.110298827143899 0.151524587055657 0.449650984448629 0.223178229948376
0.228902898241631 0.23891601479621 0.132819211875712 0.174449888882148 0.224911986204299
0.0959372704762897 0.201862711123904 0.335648585923914 0.313677458845456 0.0528739736304359
0.291642953884868 0.168063708218849 0.0229383283682248 0.18669612077786 0.330658888750198
0.0619510616907961 0.0457476949805079 0.414150332482794 0.411877234062685 0.066273676783217
0.139572199280054 0.0453019604718953 0.300842893182607 0.24678964334072 0.267493303724723
0.262887228718856 0.17109172724185 0.254976756284364 0.113562411524188 0.197481876230743
0.355518205076328 0.0103751805686584 0.180141923179346 0.127425074851411 0.326539616324257
0.228532974168643 0.244693652325452 0.23995784315605 0.0737135246975632 0.213102005652292
0.00256008334254018 0.232593631309009 0.371483940474732 0.0755563513013883 0.317805993572331
0.0863536820335831 0.174446726688405 0.244146999711845 0.293411625691827 0.201640965874339
0.332077662501734 0.16364065036474 0.156936329537093 0.202571367550022 0.144773990046411
0.443175036507413 0.0148789264363147 0.107615197748138 0.153864841380077 0.280465997928057
0.340826926495046 0.0478864845054899 0.0526829068223862 0.292443708271471 0.266159973905607
0.191293344376043 0.187125132095242 0.229419282636974 0.245020159965214 0.147142080926526
0.119479358257454 0.080959238948642 0.0625349257380617 0.438693103429984 0.298333373625858
0.109189203883942 0.254167758222716 0.0278706480187437 0.286070200665471 0.322702189209128
0.183463704004378 0.0840209634299431 0.203975000656051 0.273470545054822 0.255069786854807
0.154271327348364 0.151432944688281 0.441086726688224 0.00668493201373209 0.246524069261399
2.72476100643633e-05 0.392955201969814 0.30955905105402 0.107754170856955 0.189704328509147
0.238878727677997 0.140327391873575 0.152335787235465 0.237819530723428 0.230638562489535
0.332825549571404 0.116011563512257 0.174378904732997 0.0605472397208467 0.316236742462496
0.336037505733119 0.0682221586227857 0.200486792863677 0.134722137904403 0.260531404876016
0.0805222943603959 0.238106414602082 0.0454959729814596 0.251011393911308 0.384863924144755
0.0724961700397018 0.344648921585628 0.354155286403227 0.140773847676907 0.087925774294536
0.189813474307243 0.328392484200254 0.108186078163279 0.164525830478017 0.209082132851207
0.200049149358025 0.179666026905978 0.11471781275712 0.240831054836194 0.264735956142683
0.280237853082319 0.0562696895037881 0.15038100216293 0.296533804249698 0.216577651001265
0.152585180599113 0.200947106013126 0.179451630058652 0.0972153081788922 0.369800775150217
0.0253923428458793 0.401312370460741 0.194678613178627 0.090102009050813 0.28851466446394
0.322091218230372 0.0030765869769511 0.0316482256732936 0.207749464110132 0.435434505009251
0.0219707270843216 0.406283460311726 0.267054070558031 0.057545279914648 0.247146462131273
0.2106445467772 0.0446965878610376 0.316399989242573 0.156871286693457 0.271387589425732
0.108319041814307 0.171618100073925 0.112363533100214 0.196187824672616 0.411511500338939
0.129448546114849 0.130455083857817 0.23966910819414 0.323946669634264 0.17648059219893
0.127715319771127 0.0284605272066076 0.426381420750807 0.247710305828886 0.169732426442572
0.319803917126557 0.0780926897289271 0.0461585928794192 0.434330367033844 0.121614433231253
0.0349145488967753 0.504726685180822 0.0775164245707745 0.224595681393632 0.158246659957997
0.301924534626506 0.193299811461541 0.146931778075458 0.265189578687297 0.0926542971491987
0.0797242290472867 0.216322112601208 0.307052184454902 0.233014137340688 0.163887336555915
0.272820032616294 0.0763356312698615 0.34821051402388 0.123350228273419 0.179283593816546
0.26199846569546 0.0346598077344728 0.202706434306082 0.317226397573128 0.183408894690857
0.340463971709196 0.144402632687785 0.172759162702192 0.214411843048303 0.127962389852524
0.168739251662953 0.00652376000403093 0.224865069294071 0.228257790258614 0.371614128780332
0.236167361520148 0.110953126687799 0.020810612341208 0.212205805585624 0.419863093865221
0.0745157481103481 0.0933483272078141 0.332324514195783 0.288140864987652 0.211670545498403
0.232285325988554 0.258091011565744 0.16599853351885 0.0571150431972722 0.28651008572958
0.323582533955413 0.1934478657477 0.4502376632965 0.0265349231701122 0.00619701383027568
0.247425256777139 0.191257079711348 0.200848757749917 0.133618987624579 0.226849918137016
0.158949941990885 0.216649659994102 0.292153144753094 0.191504538969192 0.140742714292728
0.193387913719744 0.147204358587028 0.121491382699945 0.228491101229057 0.309425243764226
0.027692495583791 0.195164134308905 0.150629536001198 0.236227305949422 0.390286528156684
0.11152196436906 0.082086949104913 0.174030320356874 0.325744329552631 0.306616436616522
0.23416077243737 0.304555029128902 0.0492543245359569 0.195994132522623 0.216035741375147
0.116283032286394 0.207792254807834 0.08458293146714 0.306388759824233 0.284953021614399
0.247677403703897 0.133409041351934 0.177284274918299 0.403879295205716 0.0377499848201533
0.108341655551556 0.296892843997202 0.43848105351071 0.141570706003996 0.0147137409365367
0.142302724193007 0.237939474581626 0.242850580821576 0.16226564927936 0.214641571124431
0.140112501852987 0.144635256752948 0.427065999883414 0.0932552740046005 0.19493096750605
0.30245550769389 0.0410879648783229 0.31218477422425 0.107795369922343 0.236476383281194
0.0174390300495415 0.236961129070433 0.00465658676698739 0.368511278202259 0.372431975910779
0.239809740736833 0.340177592677352 0.0756291195621402 0.0661019728550864 0.278281574168588
0.268853225417456 0.148877902620755 0.132754476139396 0.263617465740965 0.185896930081428
0.050954534163708 0.221173256537967 0.15514638502212 0.22250989439331 0.350215929882895
0.262691164461269 0.15241475910832 0.0204201620525564 0.409087503915806 0.155386410462048
0.178033272149409 0.344531459934873 0.403584271955966 0.0477367500599602 0.0261142458997916
0.0869449208739869 0.347074834084768 0.109361036934375 0.36296145843828 0.0936577496685903
0.265078811508822 0.0673157726834672 0.00788848853635271 0.323109386649395 0.336607540621964
0.245360164940858 0.43216252872369 0.155540038591773 0.0572875028968742 0.109649764846805
0.0472701899132856 0.218501596312042 0.125513441078251 0.416443628746244 0.192271143950177
0.162512811263366 0.236384100434724 0.269237628774362 0.137541887711319 0.194323571816229
0.330309027739895 0.0888732245928465 0.405715044899616 0.0714157678416763 0.103686934925967
0.2567920299737 0.269509893399156 0.213433648641152 0.254443544552079 0.00582088343391286
0.160348714777545 0.181284669741198 0.176868799407804 0.230944046674302 0.25055376939915
0.152194259997829 0.165486101060145 0.178399771304991 0.262629636694432 0.241290230942604
0.212297970180452 0.00842215539291462 0.397842543636296 0.0474078846093507 0.334029446180987
0.281771494743279 0.0564376598427309 0.140696484112426 0.322145322423382 0.198949038878181
0.206008204030884 0.157142980383711 0.237013310536932 0.26712636790782 0.132709137140654
0.243843902715692 0.193792951502501 0.162061085530729 0.188802983136734 0.211499077114344
0.527213789122847 0.159563699176236 0.152267594938397 0.0412850168552438 0.119669899907276
0.210522069518379 0.210948987256394 0.276506192021582 0.217564875839134 0.08445787536451
0.386286864306794 0.158796129798247 0.197676040441935 0.115674707726797 0.141566257726227
0.077850740320111 0.2216136787211 0.272411065529791 0.312886567745906 0.115237947683092
0.252108207023652 0.0921436665191834 0.282935287210162 0.115613560986374 0.257199278260628
0.256015963249634 0.281279470537803 0.270824870941221 0.115307714813717 0.076571980457625
0.0313643908736986 0.262509658987911 0.100366057721643 0.360335794777824 0.245424097638923
0.226965260232083 0.032785599468999 0.0644028188994179 0.303189570171853 0.372656751227647
0.295607694684176 0.251390369913617 0.150716329715616 0.184434685653041 0.117850920033551
0.307463343170615 0.0158388549746253 0.228446410332756 0.367739833568068 0.080511557953935
0.432394327688219 0.267818824343784 0.168480035018025 0.0330133036522276 0.0982935092977439
0.0378082530400589 0.244902238825991 0.257088192363952 0.226774885813607 0.233426429956391
0.00436339549000433 0.473433180287525 0.411311739540213 0.0165591512764935 0.0943325334057642
0.142893002146208 0.31543143714941 0.171784447024528 0.0906726409300762 0.279218472749777
0.00806716433634724 0.0585844352312418 0.368729285639189 0.44651483844196 0.118104276351262
0.0861915868360929 0.0319925819967283 0.374437180660021 0.406521572793111 0.100857077714047
0.100571987025408 0.285951971138168 0.321345728379067 0.00973048322765541 0.282399830229701
0.050386879716661 0.344054490138974 0.246334630897821 0.310385010474237 0.0488389887723069
0.169062785230049 0.0796731738282393 0.18678459333433 0.255341296566495 0.309138151040887
0.0168197185503027 0.0827745000497271 0.246284943753913 0.287106709029899 0.367014128616158
0.308247060264758 0.0490526799423817 0.236792165928695 0.0346710224633552 0.37123707140081
0.138290527280057 0.204867143829435 0.0384514464580779 0.325494909735668 0.292895972696762
0.244251380813858 0.200676704355543 0.0259001831698364 0.210146797566906 0.319024934093856
0.179565642833266 0.251592046052902 0.190622886346095 0.177537834012765 0.200681590754972
0.34811997712453 0.145261698721505 0.225819984769766 0.155816918147392 0.124981421236806
0.332247990308384 0.0922475471462644 0.261925336480393 0.310859725463123 0.00271940060183515
0.148437020790609 0.391735754259815 0.00879574706239752 0.41829348872293 0.0327379891642484
0.288890502192071 0.031570115312475 0.205787136656379 0.22344476899811 0.250307476840965
0.273268903146203 0.176602797308675 0.0587218455025106 0.230388631618342 0.261017822424269
0.281657288094437 0.257977863263269 0.199991669730146 0.150908741041551 0.109464437870597
0.100800891509802 0.27382536975806 0.168459463645064 0.259386667901305 0.19752760718577
0.236431347464542 0.262434577928785 0.259763460542835 0.0660347099244737 0.175335904139365
0.353655065070409 0.307398458564045 0.0491081730889569 0.254459671605214 0.0353786316713748
0.137078857603193 0.190461103590547 0.364771419238578 0.152402988983606 0.155285630584076
0.340931865611522 0.124385276188653 0.0079196228080206 0.17388054295106 0.352882692440744
0.1541529606242 0.348797920952218 0.129970466371262 0.167475282287284 0.199603369765036
0.194608253228712 0.246946118575783 0.00955282758898907 0.177762646839223 0.371130153767294
0.0967052232240891 0.156250062441372 0.15524830521126 0.335552995015424 0.256243414107855
0.091170069623101 0.0982944459039324 0.433619739305097 0.249423025934049 0.127492719233821
0.295307184128394 0.189867443359286 0.333336248833035 0.119643566160569 0.0618455575187159
0.0878730544821154 0.119565614722355 0.362120742792474 0.149905319192283 0.280535268810772
0.158137298512684 0.174396716976659 0.212136231064238 0.321894046327205 0.133435707119214
0.414509676409805 0.118596999403496 0.267940548378273 0.110362314626863 0.0885904611815624
0.149183556476925 0.214171920911186 0.247754200160668 0.280198977999594 0.108691344451628
0.0370443038817784 0.326676291887856 0.0805376784143614 0.136701909536897 0.419039816279107
0.0159643059839582 0.275633589916231 0.0610493785353132 0.295735835152182 0.351616890412315
0.0147325460351493 0.18081972303643 0.0575772033845803 0.718343618891 0.0285269086528412
0.150533928403358 0.29508370836533 0.303874175314806 0.172408320307821 0.0780998676086849
0.300661888544165 0.169999969713628 0.130234817807835 0.240911526794539 0.158191797139833
0.207191665939292 0.337932822367173 0.242210569826698 0.0718948377690264 0.140770104097811
0.16389427338662 0.347922707369602 0.0644551632724152 0.146970119082209 0.276757736889154
0.149419641911193 0.1162675825411 0.0752351273623326 0.320878626022745 0.33819902216263
0.0464879056196585 0.350274265112966 0.0399896008757942 0.0583667601280491 0.504881468263532
0.287424979505309 0.0903860920277954 0.419745168454969 0.00349342187249226 0.198950338139434
0.0839013575340786 0.315005704344174 0.283682095164591 0.0295403366317771 0.287870506325379
0.0147587877698499 0.255814731829925 0.319842137004754 0.148607133527187 0.260977209868284
0.273982806687632 0.238866296322879 0.00768113845101886 0.320908333982062 0.158561424556408
0.324349193820302 0.356114131473434 0.0816352881650876 0.049638138999597 0.18826324754158
0.155633026208459 0.263462869092313 0.133642471887093 0.126287685414686 0.320973947397449
0.147026696119861 0.107135411540022 0.350431728150871 0.10117533744651 0.294230826742736
0.245224396911282 0.133901274503132 0.186443786753583 0.209454894552799 0.224975647279204
0.101281912577248 0.148441715247747 0.125511221992352 0.12128193751349 0.503483212669163
0.203184520178233 0.193795017561135 0.18569087446305 0.211222098654587 0.206107489142995
0.401463612202961 0.0377455710199802 0.394304353046208 0.15322996732995 0.0132564964008999
0.157665730017898 0.280887384539931 0.112183383575091 0.298740958736142 0.150522543130937
0.212022652593711 0.26746661290194 0.258305392190018 0.157812440391826 0.104392901922505
0.311054934344944 0.146578213173916 0.0810947637140805 0.177468091475023 0.283803997292035
0.236463656140742 0.342847629019369 0.0684818738975339 0.18469324943928 0.167513591503075
0.208631845279757 0.242522547536743 0.0287567446301196 0.271977995113744 0.248110867439636
0.39915129410897 0.0475759097295389 0.0813367288437435 0.342452675369843 0.129483391947905
0.0650611728177792 0.219174087813938 0.343975258735566 0.0825056502006951 0.289283830432022
0.101576495496457 0.00384051899221179 0.412914334760453 0.347220683981614 0.134447966769265
0.115593420075777 0.338503489044036 0.0528579685694895 0.408659663176095 0.0843854591346023
0.226861473277559 0.317177655548115 0.213362195096458 0.111478765485725 0.131119910592143
0.209032502284769 0.269248295513875 0.147738339965843 0.186433262234934 0.187547600000578
0.242369573538814 0.204570301120436 0.0617579447404715 0.138932220969376 0.352369959630903
0.242522643819914 0.24255027481853 0.105819479426665 0.159757781438862 0.249349820496029
0.24031188575235 0.213038722161809 0.276880451901576 0.107466937883065 0.1623020023012
0.123326823909743 0.284372357849614 0.152126802441863 0.279129886196947 0.161044129601833
0.44697217957831 0.170222990342631 0.176329353258777 0.189592405646066 0.0168830711742164
0.332015511289748 0.114298331247177 0.275351027615678 0.251170337063525 0.0271647927838722
0.113526834875485 0.315824519111645 0.00264424038525587 0.18659968372832 0.381404721899295
0.258176463480548 0.173120883272586 0.118862653783644 0.328442361793737 0.121397637669485
0.261179699092062 0.0439275006565224 0.228428921242219 0.269707748134912 0.196756130874285
0.169210196684635 0.096505012246441 0.275437890376883 0.285268288238409 0.173578612453632
0.0518082690857366 0.345703029053226 0.137599417423849 0.342452518758408 0.12243676567878
0.268341765131538 0.288836060729132 0.190420712383175 0.180564519733707 0.0718369420224471
0.00345755154587651 0.110511715647643 0.21517903037377 0.233044562495149 0.437807139937561
0.0188239424880908 0.289727188264503 0.128132891667299 0.436941501210643 0.126374476369464
0.287644014823785 0.152806986074995 0.041070785117952 0.263154395185066 0.255323818798202
0.112808843680275 0.225824201718851 0.186627725710968 0.127750250956219 0.346988977933687
0.00688072659313079 0.266690737133308 0.340833420006729 0.16360910270646 0.221986013560372
0.154261788946765 0.327532033673964 0.283962176166887 0.200592236913219 0.0336517642991649
0.254094433833207 0.292816742992797 0.0228116321849969 0.148401740764872 0.281875450224127
0.0945629549092887 0.348473392341486 0.0704008679403688 0.330224710767708 0.156338074041148
0.119924680431607 0.282000731388941 0.0728599217455354 0.244744962792574 0.280469703641342
0.368867115652228 0.0731765832478281 0.239075620592279 0.204171763951847 0.114708916555818
0.281005747549796 0.0405766606428555 0.14331100911628 0.37629716272057 0.158809419970499
0.180293572772869 0.154210349964344 0.352668810670028 0.293526417703119 0.0193008488896382
0.108680532406447 0.0200046752764889 0.32107194066148 0.190269721248925 0.359973130406659
0.0509019577613931 0.205465566116679 0.253958288536911 0.121951657601248 0.367722529983769
0.401331262937658 0.0463796312777182 0.146476803943975 0.0656408279538824 0.340171473886766
0.231805635475512 0.281666499747938 0.19083642344659 0.127829273277966 0.167862168051993
0.063383343837243 0.359289582813447 0.115000812335135 0.304927088604946 0.157399172409228
0.227547109018241 0.0812576335873199 0.185770644156361 0.255677136015858 0.24974747722222
0.0184412039142962 0.577122457009527 0.212217407537048 0.0155409220736293 0.1766780094655
0.0688415095276452 0.286919700765321 0.293860060792948 0.0984469139060186 0.251931815008067
0.38041491676736 0.0550358433249839 0.238668646109479 0.156257047602445 0.169623546195732
0.0667852743476239 0.146432053060834 0.095285202671404 0.396859601507438 0.2946378684127
0.101112401361346 0.0976756422449205 0.165546964172309 0.0820434743959336 0.553621517825491
0.297786881639376 0.291066192850674 0.111759067298508 0.224606987183646 0.0747808710277965
0.009772935301143 0.296752511841768 0.258671487253276 0.168785922540205 0.266017143063608
0.0258957257901261 0.368890375073594 0.263966495435034 0.238753743241556 0.102493660459689
0.337126859460441 0.114348088548448 0.314583186756042 0.182287985470267 0.0516538797648013
0.275684354673972 0.289339400472552 0.245432206319535 0.061033410619771 0.12851062791417
0.36527539071409 0.256022376185666 0.0765635999864586 0.0905658259174997 0.211572807196286
0.309311359454872 0.0910235827563009 0.24774936812883 0.179487503271351 0.172428186388646
0.282477616178967 0.169224175775912 0.132837066446411 0.267099134074382 0.148362007524328
0.235865017576444 0.0745230959990937 0.382977023231153 0.0356056870442332 0.271029176149076
0.327675246554461 0.116275440837015 0.0847007197098695 0.323470448853065 0.14787814404559
0.247755750772941 0.253579737624522 0.0991841491646072 0.181881333206772 0.217599029231159
0.233075548463873 0.122417774002517 0.195341958778262 0.379964221180232 0.0692004975751169
0.195738881891181 0.14627584841272 0.261726797875579 0.261353619022675 0.134904852797846
0.330605651310581 0.236081177212474 0.0411059440871843 0.129176417392729 0.263030809997032
0.252540431174788 0.0386288846661155 0.300184596261628 0.128143074283421 0.280503013614048
0.324314662469807 0.146260469987094 0.303430039195754 0.172377597436188 0.0536172309111569
0.0339772094203418 0.193814427332559 0.34838339070341 0.144166501459181 0.279658471084508
0.184610855191451 0.153447316221985 0.230555399924073 0.258599416030127 0.172787012632365
0.0970170111922085 0.248891882369416 0.00847819764826635 0.288360074742304 0.357252834047805
0.340207846672615 0.293950535256556 0.0744074093815183 0.144325993398234 0.147108215291076
0.0328573607524761 0.399003537314803 0.227120186560894 0.121771817456492 0.219247097915334
0.0693069030929858 0.258236388466239 0.269083163450733 0.266847677447554 0.136525867542488
0.133256972001606 0.27054150101404 0.2906759667151 0.0218378134634559 0.283687746805798
0.302984033549747 0.033506768844296 0.0620860328838174 0.330444396239793 0.270978768482347
0.203569549045251 0.314644262192107 0.0326947940513102 0.139695294575322 0.30939610013601
0.113209264999719 0.259588505190054 0.299919336280083 0.129067555167761 0.198215338362383
0.215213059452299 0.143530092479529 0.18784580962506 0.240070861117199 0.213340177325914
0.0239529119855308 0.152004989724589 0.298841651847457 0.348895980639757 0.176304465802667
0.284829420594466 0.243520915024403 0.0795711359126513 0.215210068721051 0.176868459747429
0.00684764891174734 0.318869449564002 0.0871970461340631 0.302555163047951 0.284530692342237
0.138797605572438 0.337642209563851 0.0759686716427898 0.343186540773446 0.104404972447475
0.223079655155248 0.289611897899188 0.318737224761247 0.0558592950017965 0.112711927182521
0.0126022075622959 0.272590564905453 0.250264104208355 0.227564776762027 0.236978346561869
0.0662807653114235 0.277299213768694 0.104592597369749 0.420967643836663 0.13085977971347
0.380619279848325 0.0973485304634353 0.266673579786146 0.0482735003369323 0.207085109565161
0.082586807856577 0.270321354670065 0.137280958700312 0.193891751724419 0.315919127048627
0.166984424316489 0.0779526445106181 0.362785919468215 0.27275449980323 0.119522511901447
0.270277093294271 0.206806974153358 0.106430986578111 0.187523555565454 0.228961390408805
0.385210481772462 0.0879780201940507 0.388372458853307 0.089564234218569 0.048874804961611
0.127224601566144 0.328274513162607 0.0704632118140496 0.177180547697606 0.296857125759593
0.143269080549385 0.406497213532126 0.0540376085784219 0.238254814632009 0.157941282708058
0.241660207373513 0.261391991566553 0.0802472013086075 0.257765954694128 0.158934645057198
0.213595440024929 0.219657658797307 0.0163343823358075 0.334993155948672 0.215419362893284
0.170463329180069 0.117496839286774 0.370383852317182 0.25777673723237 0.0838792419836051
0.191110794783842 0.291661759543063 0.175779727339542 0.185164886853322 0.156282831480232
0.249017632527719 0.228696472129655 0.255601832760559 0.178925524203955 0.087758538378112
0.160498221350145 0.168460416543508 0.344116549451544 0.151749169500597 0.175175643154206
0.268152286407104 0.257032960969335 0.12868967964711 0.246665453489446 0.0994596194870053
0.304459677676183 0.233255588985092 0.156852128238864 0.0441233085742296 0.261309296525631
0.357648237743267 0.0703885602098883 0.222411276611933 0.139444072135592 0.21010785329932
0.152817198626456 0.137154433703844 0.319239328189665 0.218879695271499 0.171909344208536
0.239085916292373 0.310678465387166 0.0472978542976216 0.0924152387942285 0.310522525228611
0.110693185038289 0.10031505035696 0.320892474167532 0.335895704395813 0.132203586041407
0.258878557171305 0.233187975925828 0.215418222255412 0.144135475255461 0.148379769391994
0.247098613229301 0.256797123507598 0.0237853546683841 0.153731626561129 0.318587282033587
0.191122224341963 0.159165117750886 0.0855343220975002 0.199488079557477 0.364690256252173
0.194789027927851 0.200882690654001 0.311975273346957 0.276472520783108 0.0158804872880819
0.0254086206092759 0.246148603673259 0.125799950275384 0.304931122356642 0.297711703085439
0.0542847594466179 0.282599713731033 0.438509848811074 0.196709710207279 0.0278959678039964
0.0334337887932685 0.243395565933985 0.149078450395347 0.276662202416342 0.297429992461058
0.0675408624265941 0.172350050487257 0.283669250565284 0.153413416638221 0.323026419882644
0.0430919614945315 0.262906357066366 0.536514657378161 0.0430592228275717 0.114427801233371
0.176516433473059 0.181696340169421 0.330742231716646 0.140341706972905 0.170703287667968
0.10035502341324 0.235699987871457 0.247667572411284 0.30009334378814 0.116184072515879
0.229205141154867 0.249482261318433 0.116105577485472 0.224985867398578 0.18022115264265
0.0820515496820366 0.174263530528751 0.201652193605954 0.25199057262618 0.290042153557079
0.335916214409377 0.289132106219142 0.204649337867029 0.0544548441914718 0.11584749731298
0.159287472875531 0.215174719806775 0.216677357110947 0.213197039098276 0.19566341110847
0.103703721989298 0.22848017375168 0.17191189594288 0.216120578982591 0.279783629333551
0.153361165968362 0.388964962319819 0.291759297011018 0.0717838605076997 0.0941307141931004
0.05696809641627 0.0765737556265708 0.137908111774313 0.316692254660356 0.41185778152249
0.288023933191768 0.154769931933882 0.199489115743457 0.197149672597834 0.160567346533059
0.208635650494818 0.20077547363223 0.0957795933930281 0.258634847949843 0.23617443453008
0.033613199852706 0.303476257166515 0.25998864606277 0.0813013984078694 0.32162049851014
0.164941929341249 0.369706328476362 0.351864906693412 0.0725350431033294 0.0409517923856475
0.61265796626693 0.0348291591668338 0.192891028569938 0.130899747815864 0.0287220981804343
0.0384681718136658 0.481646074457207 0.179033403366161 0.138612294765866 0.1622400555971
