0.311823418248916 0.0300914363336966 0.26336942074735 0.277626997719866 0.0541700017869542 0.0629187251632163
0.179061890020366 0.0826612686214365 0.196848278905108 0.279538103760003 0.148068907214609 0.113821551478478
0.0297252793667874 0.472497059935037 0.0238295370705584 0.287484003947246 0.118601077906706 0.0678630417736657
0.233251216199579 0.181496394406964 0.104451642350769 0.11167497748649 0.294586803643482 0.0745389659127161
0.204772677232421 0.193627432635553 0.147263967990827 0.229904129997329 0.157512520249952 0.0669192718939179
0.0769009073022471 0.00175687012738798 0.114950231968003 0.333394356249463 0.211321170331699 0.261676464021201
0.334600657858288 0.0175476730334365 0.0458309990390878 0.152499344941291 0.305025574589352 0.144495750538545
0.034125062221816 0.17763096283623 0.0315811489448707 0.345937571135923 0.159806954468436 0.250918300392723
0.226881644337397 0.176762443856269 0.179341520205538 0.0394239372704072 0.197047573221386 0.180542881109003
0.233455354746247 0.24514338301524 0.162258745334382 0.0780799884292528 0.0280344305751966 0.253028097899681
0.24311877834992 0.165086038142277 0.305795553706923 0.162361378496406 0.0273637003004692 0.0962745510040056
0.151591263602928 0.190420357804385 0.262609168939227 0.0653162197807399 0.194865988201545 0.135197001671174
0.0713545876517609 0.263174862972656 0.255534864132811 0.0997429450061644 0.113771947511873 0.196420792724734
0.0732794403580749 0.0775250163410411 0.170647415248626 0.223104314623988 0.396417325013974 0.059026488414295
0.0915210966894419 0.221834455007764 0.106016690441808 0.178916804765282 0.0354426799519199 0.366268273143784
0.0745101420283556 0.259869443278446 0.299168783601393 0.0494666694178906 0.218876652490873 0.0981083091830422
0.294005139303864 0.197587757170179 0.0993651868851651 0.0443340928163304 0.103114789115354 0.261593034709108
0.144767466051801 0.222654760568591 0.012441622657078 0.154075668499291 0.0910608109351117 0.374999671288127
0.106878893750638 0.285370087587627 0.00844017971232356 0.142108813054437 0.247022329545783 0.210179696349193
0.110862709157845 0.325373759739523 0.207166338619102 0.313494540238 0.0284920263073112 0.0146106259382188
0.266866387186555 0.282016089592751 0.111995460285266 0.0308052788674112 0.132573880733733 0.175742903334284
0.03502849731232 0.19497690190701 0.221494658803874 0.153026228213596 0.241592793150542 0.153880920612658
0.308931827697679 0.239749824413643 0.0595804340035008 0.0871947687731268 0.0649496776551093 0.239593467456941
0.073453198428049 0.189381976225527 0.27958892018599 0.154516093563747 0.281464330462546 0.0215954811341418
0.0999376468173017 0.218390570927543 0.128711574881953 0.149346623816002 0.203022161465721 0.200591422091479
0.147530764967553 0.214133464411454 0.168917485635358 0.120461455120757 0.181768326901648 0.167188502963229
0.102713258962291 0.0663436198939859 0.26351881576142 0.0881282958598752 0.259510516734106 0.219785492788321
0.191295834704905 0.0370439986839591 0.192044745987626 0.167959089523507 0.121377082716472 0.290279248383531
0.236163336827886 0.129537250048637 0.191258586313686 0.162005673871486 0.0863763943040193 0.194658758634285
0.182055911789798 0.102245846325013 0.0401372949226623 0.249389035699842 0.197015846565638 0.229156064697047
0.0147027452403685 0.124341669367533 0.183287141602719 0.291022480286554 0.0805259857223849 0.30611997778044
0.12773492140173 0.183789072903456 0.235488205346872 0.154989176139246 0.215197262960541 0.0828013612481539
0.172419019589456 0.228288583966342 0.0917622852529839 0.250061888639876 0.163798335424526 0.0936698871268158
0.0545751073356606 0.190729183496543 0.111090719687487 0.232422590231478 0.227493784109782 0.183688615139049
0.0800923752862365 0.132367599689391 0.287360865176358 0.107851501540365 0.255732746230939 0.136594912076711
0.276328979931056 0.00200031634158143 0.170517384632103 0.0878945886946105 0.219794689493099 0.243464040907551
0.232979081478288 0.164508324214114 0.00758137905471602 0.218750604073487 0.165327548212308 0.210853062967086
0.0275115293981498 0.139778894578027 0.300597869855937 0.307955470267958 0.187701116656831 0.0364551192430973
0.0308408682141806 0.194078880393562 0.338785125866036 0.263475299113097 0.0106797863578835 0.162140040055241
0.0367635598500064 0.0485625816189478 0.159352462611769 0.230333665209477 0.232382650870784 0.292605079839016
0.025406401684398 0.208364109325117 0.314967432679159 0.294442173094249 0.126199172074844 0.0306207111422334
0.0406780607074584 0.33231600785108 0.136871170473841 0.125423649132999 0.204333183407279 0.160377928427342
0.0567279012073265 0.102606747775678 0.216901786788033 0.355555545974279 0.260028797006395 0.00817922124828815
0.141624581043091 0.267474545681683 0.0832803731616645 0.231618778398058 0.0749053093602901 0.201096412355213
0.426604616036761 0.0116154479723796 0.208994878664241 0.0167922531641171 0.0707661962451402 0.265226607917362
0.339610660237229 0.0494950908333012 0.0311130299317614 0.153587256115417 0.314864356499811 0.11132960638248
0.249374294510664 0.235297325090612 0.130153876999883 0.0828046522590891 0.0956223840026902 0.206747467137062
0.216716133832968 0.154852253932979 0.16407671393305 0.134046182110434 0.191021768038268 0.139286948152301
0.189716705156675 0.00751329889295383 0.183941658150228 0.220266027728799 0.136587644792196 0.261974665279148
0.126023824983629 0.139609641535019 0.329587370435885 0.0678608830566104 0.254526121801054 0.0823921581878027
0.0200351740059214 0.200049731634032 0.231485027755633 0.1881814039489 0.131631281964925 0.228617380690588
0.166786933995524 0.242271974916942 0.228794043033867 0.069479785970004 0.114679466413365 0.177987795670298
0.0986511562708227 0.214913215667401 0.198049736090793 0.243504475234155 0.0327292820832752 0.212152134653553
0.129145979773293 0.135824696918447 0.197736159044749 0.18465283239471 0.162159209105916 0.190481122762884
0.214020409737687 0.242455732110883 0.152431916171912 0.102819601781916 0.170421808244364 0.117850531953237
0.241256779778053 0.0188745480923494 0.230375377089395 0.196537478456382 0.188701005569042 0.124254811014779
0.178438787380137 0.11764325279719 0.176647784819908 0.170250262519544 0.139150422437298 0.217869490045924
0.186546202552072 0.209539976508549 0.216162940234233 0.164973069946322 0.0235216708788118 0.199256139880013
0.113693696157887 0.173214112069165 0.213214788862049 0.163449856474543 0.209926992185884 0.126500554250471
0.270054109888097 0.196730525757126 0.197320261322358 0.18872588891181 0.0961359482453047 0.0510332658753038
0.0548155624686142 0.364188091672949 0.00892344019604813 0.232889574670609 0.151972029803381 0.187211301188399
0.0658878035501849 0.0826166124300668 0.490737315410341 0.183947773675889 0.145526335259773 0.0312841596737457
0.0384644060196038 0.255482410057875 0.277835072213233 0.0617043802956138 0.275641905976516 0.0908718254371577
0.112118803466238 0.243962302620085 0.0327560868387138 0.238199738285479 0.232363685012408 0.140599383777076
0.240305991343079 0.222576263531888 0.058668764413577 0.219827401103083 0.234162293112146 0.0244592864962276
0.184636599462075 0.196590878654043 0.222689573898452 0.170853753854116 0.0306064043453259 0.194622789785988
0.0589721724667915 0.227669592620851 0.120035846269417 0.0859272709187458 0.221716751206444 0.285678366517751
0.0385306872258712 0.158071937251153 0.173338657383742 0.213295552438124 0.204252360190761 0.212510805510349
0.0900212408919781 0.368308418333825 0.229081925560133 0.105205821942009 0.120168703622346 0.0872138896497084
0.0262889692230068 0.368449600514641 0.0819737248725252 0.162203656966081 0.345055674274697 0.0160283741490487
0.244631343633707 0.107903918237245 0.144605085731879 0.266018741787016 0.177520209938733 0.0593207006714203
0.204605359923048 0.215028320816179 0.021895437883042 0.200899576792832 0.229646578361079 0.12792472622382
0.252161077766778 0.153052249238151 0.0737856236912352 0.24183381494803 0.108883971238342 0.170283263117464
0.191938269106891 0.00838565686514819 0.289428522831065 0.279452955469762 0.0350528388680631 0.195741756859071
0.221197008626399 0.270488233556396 0.324544362654491 0.03400978254383 0.0653353143769998 0.084425298241884
0.108055889973087 0.297875816384538 0.0661481812425297 0.0634593978743844 0.184086772780282 0.280373941745178
0.0762246823946397 0.161073698636433 0.302563299436209 0.267221060976709 0.0449590315098454 0.147958227046163
0.479641807716728 0.133959536124083 0.117856848514283 0.0834610849176416 0.126451014787014 0.0586297079402508
0.263382847993028 0.324606271396345 0.0713680299188833 0.144330378349692 0.0461374540434361 0.150175018298616
0.193288424470514 0.286291306070351 0.00873216565583961 0.0866641486462816 0.235314595941416 0.189709359215598
0.104475854501016 0.233788071423689 0.189230285168722 0.228899081797056 0.224616152130519 0.0189905549789984
0.141377452970823 0.300118184453532 0.136261236971578 0.202692895367639 0.00129072750470708 0.21825950273172
0.00556958363716811 0.218425160732942 0.082989219000284 0.161427354380844 0.316295133626352 0.21529354862241
0.018606654290114 0.127198889369945 0.136751542979844 0.334378843565791 0.220237995478282 0.162826074316024
0.112437918757644 0.32156352865752 0.141660398720474 0.0120053477320217 0.0882163030355126 0.324116503096827
0.0464162617144831 0.163500629323637 0.103042362430084 0.288292849096854 0.226377359089727 0.172370538345216
0.254452435852405 0.0660765907201353 0.0641809504107108 0.0443873165393572 0.270381084695373 0.300521621782018
0.0544444195495548 0.294112043116786 0.167916962009159 0.102111125359294 0.334818531802811 0.0465969181623948
0.0935042454594252 0.244665839099547 0.12859403254995 0.0608926515464351 0.302223599141208 0.170119632203435
0.225872425609612 0.0265172125208691 0.0243784341624698 0.242095515002589 0.184531186308316 0.296605226396143
0.0088065488920136 0.212089654684123 0.286449891583996 0.180754574082816 0.0660919557070852 0.245807375049965
0.209312604538685 0.0849021796320047 0.12297140266381 0.252507989277421 0.192486594679038 0.137819229209041
0.188022942354356 0.210590868456391 0.249654989363072 0.166723233317829 0.120296941116701 0.0647110253916506
0.0258979596849581 0.167108505117143 0.188412468237699 0.106761094335754 0.252006475573063 0.259813497051384
0.16255631835909 0.0976943353759288 0.00842871626458572 0.0364589237445683 0.285678825461769 0.409182880794058
0.120644111775036 0.352719347161337 0.00248249182219788 0.223943110958068 0.164677695961365 0.135533242321996
0.113143332055911 0.13027891163458 0.272615310544681 0.187575768957791 0.275403686666775 0.0209829901402608
0.0805241959687609 0.229671896302266 0.181194731476 0.375164935090361 0.127230180958304 0.00621406020430763
0.182797564959087 0.270044879669044 0.0351933657648716 0.249628466976746 0.123603156687748 0.138732565942503
0.243047738145835 0.146535970182953 0.304132406176588 0.0411455325496615 0.0306898487740107 0.234448504170952
