0.222256600013073 0.257275360728926 0.198073594928776 0.207479764222999 0.114914680106226
0.157553471372898 0.194507490277698 0.183293607178902 0.404624263004923 0.0600211681655786
0.159514420002618 0.380625786654443 0.0633292951669083 0.0365144470503477 0.360016051125684
0.229735556932509 0.256906212210116 0.0864297825121696 0.232988776681987 0.193939671663218
0.479920812372537 0.0879579461574136 0.0422024991051838 0.297566635104567 0.0923521072602985
0.316188790101023 0.0532911877392002 0.10036683937303 0.307578488897096 0.222574693889651
0.0512786928640336 0.290603887609117 0.0456247399614573 0.247416643554157 0.365076036011235
0.210856483120498 0.346856218765126 0.150740420210938 0.236534208178797 0.0550126697246407
0.221078889389135 0.189509444572193 0.213428084525039 0.195841764196978 0.180141817316656
0.223705064054928 0.141169380369498 0.191565006088076 0.263744248872969 0.179816300614529
0.225154307888172 0.0816016774698082 0.288247044638189 0.108266560879085 0.296730409124746
0.242869486945899 0.0864722725657229 0.170554530069756 0.379638243664002 0.12046546675462
0.0929324965678756 0.216216747880731 0.244585102034602 0.257153286266054 0.189112367250738
0.193030284921307 0.00150744281143907 0.087601357974549 0.397666332853684 0.320194581439021
0.292208348519407 0.0581382640051517 0.0710992045317577 0.213360396921535 0.365193786022148
0.174094496639653 0.346432771497533 0.0331791679513841 0.254495890150434 0.191797673760996
0.303217126870094 0.193749886934247 0.249955771335002 0.198283414780902 0.0547938000797536
0.157494244659161 0.211661353865616 0.26332922670372 0.243287360949928 0.124227813821576
0.108128445290031 0.031990537754678 0.0413921449312734 0.437590517294688 0.38089835472933
0.296066403664535 0.1252780474113 0.115254991313339 0.102630090414215 0.360770467196612
0.166930103021186 0.304958315055958 0.102187654897409 0.10342377383582 0.322500153189627
0.0431095624937161 0.160423159452465 0.230517734145279 0.258508103403522 0.307441440505018
0.25153894944338 0.0693402829749918 0.419363199817678 0.0845531465364641 0.175204421227487
0.296250483390353 0.187291180729233 0.0805121329221231 0.352612171793994 0.0833340311642964
0.684270812792459 0.0135840611302592 0.181545990508931 0.0845896900275921 0.0360094455407583
0.0161726099550646 0.134164312937784 0.0546047679710547 0.483726089128192 0.311332220007905
0.149834867425871 0.0444736380397617 0.180835548088065 0.25608093939724 0.368775007049063
0.279069149944329 0.0923828807381668 0.193577131081354 0.271319722325377 0.163651115910773
0.335081945243409 0.249012531110135 0.16298366421322 0.192494115699909 0.0604277437333263
0.031786417062694 0.402983067082188 0.000980982910181757 0.234974553995392 0.329274978949544
0.264092033641149 0.0830739978186815 0.261145829627311 0.139412368275094 0.252275770637765
0.234724585226637 0.0958630498994156 0.245834871583549 0.41796839624451 0.00560909704588877
0.0724753555762711 0.248756175070169 0.106140650696615 0.282479352390396 0.290148466266548
0.0391301255966475 0.215824732778416 0.495934889330787 0.206874644534568 0.0422356077595812
0.12250887070838 0.358648997858788 0.0656218146083007 0.253293218354024 0.199927098470507
0.181952574187193 0.160347119034429 0.299482489914203 0.237799569931587 0.120418246932588
0.0315522453001452 0.312112055568036 0.163724583351945 0.229351859034315 0.263259256745558
0.372776839271159 0.194278521194042 0.247822752966661 0.111195880786763 0.0739260057813742
0.157814443431956 0.145014997247633 0.16679835470497 0.421082375534739 0.109289829080702
0.190362267783166 0.390497033901187 0.218524895442455 0.0503066116743757 0.150309191198816
0.223231089187919 0.131573833467376 0.0344548116775475 0.293499677884128 0.317240587783029
0.185012065129995 0.153933011283151 0.254893044993642 0.140222878957351 0.265938999635861
0.027125550734965 0.346056823854912 0.241504762707942 0.200696452795039 0.184616409907142
0.185659542779545 0.218261604068876 0.177416203676155 0.0493927546702162 0.369269894805209
0.153406066305496 0.292927337146538 0.110525231761576 0.280235988165009 0.16290537662138
0.162866653955769 0.252360479420875 0.250766937314222 0.229736669258044 0.104269260051089
0.112107391144359 0.0268241454883957 0.322286823666697 0.276462068332537 0.262319571368011
0.21355556733434 0.179849603854751 0.186248888432391 0.194109560688769 0.22623637968975
0.0325866695314033 0.158601910515365 0.0112118809850187 0.501560919803335 0.296038619164878
0.252925852861511 0.149843465780209 0.347688286131748 0.204876484510424 0.0446659107161081
0.375725688304312 0.200229809387588 0.0717557411589039 0.282708331627708 0.0695804295214873
0.586790135066341 0.0525932642197194 0.148672187557448 0.0259010830091357 0.186043330147355
0.225789892675452 0.0767976222885101 0.162849674527813 0.198440403605038 0.336122406903187
0.334808810601908 0.0892149991910963 0.385625759764882 0.0351191777522553 0.155231252689859
0.0871970220326958 0.205240589075605 0.148854724382981 0.278215610828956 0.280492053679763
0.197382166217896 0.183194420710319 0.264948228104018 0.156021286664591 0.198453898303176
0.0830357765174365 0.167626213802161 0.132318092465923 0.335677667825177 0.281342249389303
0.253623112831879 0.183703068874437 0.267695579756362 0.0539224839025883 0.241055754634733
0.179705774697422 0.119025477758486 0.25627333841025 0.19944368441975 0.245551724714092
0.0772331017401438 0.285645409165373 0.0370672905519244 0.413008590163254 0.187045608379305
0.267089161350569 0.137603620750142 0.0300759847540142 0.120364334564629 0.444866898580645
0.151547876407657 0.056863963666981 0.32344332917624 0.330092864647282 0.138051966101841
0.149911536893492 0.0323330829385431 0.13377469466273 0.398725016706587 0.285255668798649
0.0526679087903839 0.228580299236487 0.263580405642806 0.213221147747811 0.241950238582511
0.179370639766493 0.138106406615886 0.169894409180152 0.340514411113451 0.172114133324019
0.10905902967875 0.159914542505749 0.0652216853295578 0.322556172497277 0.343248569988666
0.160776215122148 0.192113484522324 0.23785094651178 0.165508422548634 0.243750931295113
0.356749608110921 0.13384780077802 0.0117883388256819 0.301039417219976 0.196574835065401
0.0611645854579204 0.265818591042133 0.31933590794398 0.315889959108656 0.0377909564473106
0.103991182894488 0.402895737750133 0.34458265861802 0.0338831276485196 0.114647293088839
0.217274841929491 0.158245568190091 0.180057239525784 0.284722032833359 0.159700317521276
0.263174581125402 0.071636456196253 0.266227481733207 0.170286340007432 0.228675140937706
0.14974350845456 0.0997979321895722 0.369008965360783 0.0882329064709599 0.293216687524125
0.437320044535997 0.154832480181797 0.178078620610629 0.0233802405082185 0.206388614163359
0.18287133932576 0.394261211925564 0.163710691988657 0.195112762784883 0.0640439939751366
0.130854631049613 0.164749644448293 0.253109539018 0.216988634789884 0.23429755069421
0.326350853279086 0.0706907274023614 0.166404417095228 0.158409551901343 0.278144450321982
0.17261745629703 0.403663282923681 0.0444883240770716 0.0811921575988381 0.298038779103379
0.132275722060458 0.191693055740649 0.279336911066514 0.0619424405868651 0.334751870545514
0.333620680187235 0.141226125519945 0.277540022591832 0.029767269816289 0.217845901884699
0.261000634889546 0.260432859938508 0.0626756122877655 0.183987745468872 0.231903147415308
0.260085575328578 0.0687081051696284 0.277418455607338 0.219357734063497 0.174430129830958
0.0238479681447782 0.579945611266903 0.0631658818002324 0.220575156264051 0.112465382524035
0.325467763198534 0.227032999666133 0.126901953548313 0.0512909213156019 0.269306362271418
0.379615098049577 0.223570421586815 0.198860792227746 0.180970831538761 0.0169828565971005
0.0263164796162015 0.490303222935411 0.189684233547378 0.260858952173331 0.0328371117276789
0.123172831269057 0.17956447081827 0.264493607156116 0.346815080501083 0.085954010255475
0.0651210717646679 0.109471141244205 0.345644448585502 0.0634915980186335 0.416271740386992
0.319279251848105 0.245668099941132 0.289055092669829 0.0792826880255352 0.066714867515399
0.324627942705592 0.171388758537728 0.124710648779927 0.0431730758862862 0.336099574090467
0.064608248028545 0.399407369021005 0.269172310188596 0.175338495951499 0.0914735768103559
0.0657027476896682 0.311851533542549 0.219936460585191 0.172081887137556 0.230427371045036
0.150330064036047 0.302753847837659 0.0706722509282641 0.181882557628439 0.294361279569591
0.0389470029183294 0.409210164814831 0.233157927590596 0.0869954799576617 0.231689424718581
0.247332853379638 0.0327298616200153 0.295686536140425 0.221343956277587 0.202906792582334
0.411664011262416 0.0645124905974005 0.134692709985035 0.380375250609839 0.00875553754530947
0.356907101837963 0.066086400318183 0.116135022008025 0.07892076829882 0.381950707537009
0.0527464063656307 0.365137603483332 0.151881444541128 0.255223274084054 0.175011271525856
0.148462104943276 0.340350183216655 0.0328172416585447 0.118210644480735 0.360159825700789
0.359153168367334 0.130595039251769 0.160716777602857 0.256814462924508 0.092720551853532
0.263655893553622 0.14387423770515 0.216136640741599 0.138423696646835 0.237909531352793
0.232810622078319 0.237007651248823 0.11112284551062 0.264251220522814 0.154807660639425
0.238591466619736 0.154703280049065 0.214666692971293 0.183214088031937 0.208824472327969
0.147633610971531 0.330310737012297 0.241945460797211 0.197164778093243 0.0829454131257175
0.255423227055175 0.0703867186697965 0.170883082071242 0.231863739598121 0.271443232605666
0.136677966819223 0.248713152220638 0.223970340306247 0.196694269361179 0.193944271292714
0.292069121877617 0.0620926817217448 0.235140162039939 0.0628548319828606 0.347843202377839
0.413280210031484 0.150355158821514 0.0708682592059145 0.320280942892863 0.0452154290482249
0.30311911729669 0.141487425213843 0.10800714596841 0.286778033433428 0.160608278087629
0.216423174773491 0.189207478943378 0.417867655135898 0.173349487785461 0.00315220336177244
0.330293195808419 0.092497049048203 0.287112131999083 0.0711256277070174 0.218971995437278
0.2333387579476 0.169091111193561 0.237417948333874 0.0282702393482188 0.331881943176747
0.108959831474981 0.118394429408724 0.140675825239337 0.565657017282746 0.0663128965942119
0.199681369470487 0.0141530969569074 0.326290493693348 0.1897280987363 0.270146941142958
0.229482252302165 0.258408541876518 0.180746267452307 0.119783991208072 0.211578947160938
0.0951274000749442 0.312439193920893 0.215822907839142 0.109906626923119 0.266703871241902
0.176208269241387 0.177668171181805 0.203196201069211 0.281717516845066 0.161209841662531
0.179144111229707 0.141705455693781 0.26616906633087 0.265851279472606 0.147130087273035
0.329719631350618 0.0792771834269414 0.415910516263316 0.0848277865436863 0.0902648824154387
0.00682212902993144 0.261261663684185 0.33901302233473 0.303076203490389 0.0898269814607644
0.0994674773871022 0.149677015927341 0.0953791244517766 0.193079245145715 0.462397137088065
0.264395305507294 0.195656223732122 0.0256137782536411 0.347619062281791 0.166715630225152
0.04816812674218 0.167790221162792 0.215714868751809 0.35019461485871 0.218132168484509
0.176195371134524 0.490742117842291 0.0910066038868468 0.125573997439917 0.116481909696422
0.246325693864566 0.251885561650565 0.0539469923012231 0.247630115074247 0.200211637109399
0.153215649380463 0.192502144539496 0.2548445683659 0.257585297841574 0.141852339872566
0.389167241487269 0.00860106849975106 0.0174497140989134 0.370049721509361 0.214732254404705
0.310785805592667 0.27651501107082 0.119705754277135 0.273766361630428 0.0192270674289493
0.14837290543309 0.0910048373602206 0.339361264302986 0.31949463255941 0.101766360344294
0.317779665559813 0.156139607304275 0.300482127283598 0.0402260967913369 0.185372503060977
0.513072944504644 0.108872777996153 0.192370024467187 0.0938555042402948 0.0918287487917216
0.157964258376442 0.126852311822614 0.082477863814558 0.397163324222554 0.235542241763832
0.278665924048716 0.383648037959465 0.205969624192634 0.0402054154884637 0.0915109983107214
0.0269124511766492 0.828117879371732 0.0416928387374106 0.0318742937844036 0.0714025369298045
0.204361985235508 0.0114384253380769 0.165767252389178 0.247312119075825 0.371120217961412
0.0430029255278538 0.210687901898989 0.179347425973339 0.289843477913081 0.277118268686738
0.292200450455041 0.0650541443767417 0.27339710474933 0.183042577851486 0.186305722567401
0.17466483118251 0.225124578286763 0.201099977406325 0.258293513083261 0.140817100041141
0.149488472059838 0.404372584404457 0.135123056788356 0.137670604432497 0.173345282314851
0.102681879410074 0.269583154084784 0.177085073334745 0.287063456195407 0.16358643697499
0.201434697832322 0.288585508516749 0.196964534366218 0.306060134200644 0.00695512508406599
0.174712492466497 0.202694616040363 0.116964783662838 0.211781835356652 0.293846272473651
0.321733099219539 0.281022874614107 0.300564344783989 0.0117414040100904 0.084938277372274
0.266492221785861 0.0780833902025514 0.407107904596614 0.222009505185873 0.0263069782291
0.102065490464087 0.277249869488075 0.126117198942841 0.247886381001944 0.246681060103054
0.332433653263217 0.258174295213784 0.1330610288241 0.217934859364238 0.0583961633346605
0.0787957172520656 0.290286916629451 0.254054639378339 0.29224155496678 0.0846211717733647
0.254087231801718 0.0594463719382217 0.0717902391655213 0.258571785337437 0.356104371757102
0.173930652335332 0.338826835452447 0.346092099966282 0.0992189833856911 0.0419314288602483
0.189284410566235 0.0568817037354346 0.292912668307428 0.235687756672146 0.225233460718757
0.227166201619881 0.261252093819415 0.226018719148835 0.00873401781701601 0.276828967594852
0.0825787144855218 0.193214552143412 0.249710740922174 0.213493125074187 0.261002867374705
0.0794458012826512 0.303987786407529 0.32260866983098 0.230940745319311 0.063016997159528
0.279279634601624 0.319492936143075 0.27788367165639 0.0785157026042575 0.0448280549946541
0.248592441944559 0.235841541085839 0.118028321903138 0.173094580357622 0.224443114708843
0.132640801118713 0.0525322299021231 0.119228823654986 0.48501106743678 0.210587077887398
0.169773322683654 0.196294575947899 0.194495085962337 0.366959797009958 0.0724772183961519
0.266643548998155 0.0990406147484445 0.0197192426167679 0.401285334831458 0.213311258805174
0.224450646659368 0.133569122045997 0.229951603236422 0.133236319988103 0.278792308070109
0.21016196520928 0.168626531034668 0.253165899435758 0.268055133700478 0.0999904706198151
0.00715596402842602 0.102158199121639 0.346837047604343 0.246714605438577 0.297134183807015
0.0515669250247115 0.0765526671524465 0.37207729442443 0.405260631878361 0.0945424815200509
0.208033313792261 0.230147685812065 0.244084506037765 0.301416851117733 0.0163176432401761
0.159803175502165 0.0569333543046639 0.244512598803917 0.219081898432313 0.319668972956942
0.244770583731246 0.422544089298907 0.0895652298190836 0.137110298598937 0.106009798551826
0.0783100246394545 0.0305685612164892 0.487451842873332 0.00703403737224404 0.396635533898481
0.236053824082875 0.223594105410007 0.214104611223524 0.15991083018285 0.166336629100744
0.321824046667544 0.0653056714369268 0.280240532754246 0.246705926211462 0.0859238229298214
0.245302201164547 0.122288985330895 0.112953301506474 0.251180147592048 0.268275364406036
0.251410826028952 0.198460675671237 0.21783491218502 0.220988990716662 0.111304595398129
0.245466629817813 0.0616632134081015 0.297971770314301 0.257356726246275 0.137541660213509
0.0956088206709601 0.283026215662392 0.22342683070023 0.279349789029144 0.118588343937273
0.305951776939593 0.0267475177867415 0.079737772222189 0.498265324272437 0.0892976087790394
0.0651126053054588 0.335416954194478 0.370483750597692 0.227075160251405 0.00191152965096548
0.206665808045417 0.192263553658379 0.185490364810642 0.212915617942195 0.202664655543367
0.174843448677519 0.103914699303975 0.323813875923608 0.157909484854083 0.239518491240815
0.223494523401214 0.117962917847432 0.254057379237275 0.0756392143410873 0.328845965172992
0.398917799310116 0.166313474802408 0.206678248045913 0.146021914812345 0.0820685630292177
0.19203508114511 0.230509578713184 0.183611423359439 0.180284452647786 0.21355946413448
0.0793763387642701 0.313997146381539 0.245372305509174 0.0777164792272786 0.283537730117739
0.119188543962343 0.021881889410068 0.273342645876688 0.339568194419499 0.246018726331402
0.0466470420660447 0.193354121405365 0.242364367686375 0.280874124713461 0.236760344128754
0.153734317851919 0.259023160865689 0.2677669597127 0.103446101574314 0.216029459995379
0.211466167766168 0.095727458397189 0.325117283070424 0.0498452898607578 0.317843800905461
0.194341491729521 0.184023682838917 0.261380799845065 0.154423530222847 0.20583049536365
0.0525348971859068 0.21037310419112 0.314668646886647 0.277604010289742 0.144819341446584
0.251091480532778 0.186500004179315 0.0416754439440566 0.349791845784767 0.170941225559084
0.380017235697691 0.234244241404352 0.0109833527787355 0.0698731491218121 0.30488202099741
0.348805420629969 0.305021383450277 0.138380419338918 0.0481505180878056 0.15964225849303
0.218999719448087 0.220568263162555 0.0905674948750504 0.247405084067145 0.222459438447162
0.130727806893834 0.35634457085079 0.142555041541415 0.34013426608869 0.0302383146252709
0.150615392712057 0.178230462442897 0.0880681593686047 0.281943395576572 0.301142589899869
0.253085936550657 0.0422266110395645 0.42148870500898 0.261048892718641 0.0221498546821563
0.448415426331585 0.268955022712674 0.0540330820388228 0.145627172392864 0.0829692965240539
0.173237926366073 0.297747789059822 0.314488570215077 0.0351951636315329 0.179330550727495
0.244522756021317 0.0263586215503961 0.3133501530365 0.156228890998961 0.259539578392827
0.0688923140942809 0.355050162382124 0.177199028178581 0.243934886011555 0.154923609333459
0.217034512071145 0.396578094507031 0.112366549178147 0.134253778343696 0.139767065899981
0.114796495326526 0.191856050074401 0.207394170116444 0.17566983998381 0.310283444498819
0.260204772044518 0.207519124657881 0.157542358895516 0.130998044143352 0.243735700258734
0.162902542227065 0.161215984679238 0.157462850604912 0.0555898780985099 0.462828744390275
0.270062338675934 0.232878858618244 0.130850496527311 0.27173086231103 0.0944774438674814
0.0194561519862958 0.383080047152578 0.0200963992686836 0.275563123557974 0.301804278034469
0.362319542911865 0.187503152909327 0.0856573479048841 0.220746885875247 0.143773070398676
0.280674436849836 0.315888812997147 0.00898945037434239 0.321153339024029 0.0732939607546459
0.192699027996923 0.106024867901782 0.207258056280587 0.332495870930924 0.161522176889783
0.372551229011418 0.110765389526622 0.269476253301319 0.193734223898827 0.0534729042618139
0.177953626039071 0.308794139950025 0.0969763551333055 0.0921049881298282 0.32417089074777
0.0224262639863638 0.385287987297854 0.305732463043834 0.197861871464369 0.08869141420758
0.143572379891426 0.11957018279467 0.28282919297516 0.132906679397298 0.321121564941445
0.289753260337099 0.304621665715434 0.104379200009196 0.00133365059306103 0.29991222334521
0.393190481986741 0.207645418963653 0.18281747224791 0.205092878511552 0.0112537482901446
0.197643185470555 0.166249823616325 0.281610209112623 0.262155265779079 0.092341516021419
0.325602272498541 0.0759743626359905 0.146226931128552 0.214987241418631 0.237209192318285
0.114342519953256 0.175286588921684 0.176022320393264 0.256922016385128 0.277426554346669
0.300736128173824 0.290826362027777 0.0608090422624369 0.159017419455969 0.188611048079993
0.157053706904987 0.327913252251983 0.195945830982185 0.088110523810167 0.230976686050678
0.0836770655235101 0.507174821462428 0.143434452170075 0.223812526405062 0.0419011344389248
0.151059927174106 0.250471872697562 0.291091748100978 0.231397307549072 0.0759791444782826
0.00698017591611226 0.229101311464602 0.0775833346453624 0.350638242406788 0.335696935567135
0.113467770832087 0.135951031756103 0.328789224060552 0.25165144155483 0.170140531796429
0.142458395522095 0.396253015637468 0.12898594720961 0.327193865718494 0.00510877591233234
0.221947927157569 0.0825113489042184 0.217565403904009 0.235145259694209 0.242830060339994
0.296319991138245 0.152670904003402 0.0713028954117232 0.260779680180508 0.218926529266122
0.0191745786776097 0.268935435419611 0.240741537837902 0.100732143336078 0.370416304728799
0.202950145764982 0.147880663061591 0.150012760610048 0.316968552624789 0.18218787793859
0.354248935207258 0.234002394770975 0.0463770168610933 0.293384256146263 0.0719873970144111
0.27338958085804 0.198243000447506 0.143127491761776 0.277155343004717 0.108084583927961
0.143442733753916 0.030105632721869 0.237163878972939 0.360917541267143 0.228370213284133
0.0292419774334222 0.255091550328182 0.497564553962134 0.0839878414993158 0.134114076776946
0.0895574674359804 0.334756592041522 0.388651613228501 0.175879264619298 0.0111550626746985
0.0980100409038751 0.230268902075891 0.240083377200021 0.308942353127507 0.122695326692706
0.0927480691615099 0.405419812929032 0.293792737379441 0.181980499206271 0.0260588813237459
0.0326630274059193 0.453517370330317 0.300799889454406 0.085803520335776 0.127216192473582
0.131395059130982 0.204324622878671 0.249020162459895 0.213033581958511 0.202226573571941
0.141347182176945 0.368146404462801 0.203072357378962 0.268155507652031 0.019278548329261
0.311302026448721 0.158386119499758 0.258816540907455 0.201685869533928 0.0698094436101381
0.0431135763248508 0.310856655388327 0.322972469607385 0.123196153417703 0.199861145261733
0.463932442439917 0.0674311494704191 0.189461406752407 0.0361607311819351 0.243014270155322
0.254467029910226 0.221307490922538 0.0876454129152212 0.237192242123351 0.199387824128664
0.0621832148158415 0.227873985022551 0.297820097982605 0.25405090935656 0.158071792822443
0.0818037792533425 0.179138969075422 0.110798380368097 0.321396249758678 0.30686262154446
0.048918696140469 0.18216175931763 0.255648912370467 0.272331625664115 0.24093900650732
0.278414802699359 0.115969932008147 0.0344242439285279 0.458802074032562 0.112388947331404
0.449294723574722 0.0091192972367107 0.311469601026149 0.0558966738178371 0.174219704344581
0.213503402189129 0.187705642965222 0.135741023578185 0.263688265669989 0.199361665597475
0.0588715502450842 0.270672924712727 0.25222863988161 0.233403097837602 0.184823787322977
0.418954677433595 0.0284586882026765 0.0834787949887908 0.342719427293187 0.12638841208175
0.312693536982306 0.18956346429714 0.221684625099765 0.164616844630278 0.111441528990511
0.0174829669835105 0.301629541253779 0.305825553264964 0.106416090035763 0.268645848461983
0.192994306381372 0.24356480147202 0.22459142537378 0.122777758057431 0.216071708715397
0.31403917385568 0.310591000024186 0.289124260081054 0.00961239996269826 0.076633166076381
0.316934727171146 0.0655648083291367 0.234694324676995 0.266547150175406 0.116258989647316
0.155994722169408 0.260633961615256 0.302791837031569 0.222760125515786 0.0578193536679801
0.0613019258192887 0.156060004826126 0.272511640470118 0.193038439582372 0.317087989302095
0.147137646250776 0.137016646672534 0.303603958157777 0.0455445279345172 0.366697220984396
0.247582981290182 0.151515547745062 0.21359758036116 0.227675909651048 0.159627980952548
0.16799054946401 0.328139253768618 0.192321948358243 0.241978484335873 0.0695697640732566
0.0458437192529609 0.242517409369065 0.300420516811731 0.288609417102729 0.122608937463514
0.364446487159176 0.277494945865988 0.0593396589909379 0.146365225274514 0.152353682709385
0.205579210931357 0.249862962327363 0.0892103626468092 0.166107392405242 0.289240071689228
0.0266797005423634 0.25362641700783 0.294679702475232 0.118312913452891 0.306701266521684
0.0611177685172253 0.00879686948991807 0.383991321143745 0.426307024854361 0.119787015994751
0.284694987614643 0.400606864203786 0.145912979340758 0.046199329843402 0.12258583899741
0.140755284553489 0.0949048247262667 0.273910448626689 0.321009853653475 0.16941958844008
0.0866663251897502 0.0657374361843417 0.399368764315413 0.207016961599975 0.241210512710521
0.0193728929732488 0.260032020300007 0.583959350994383 0.115004437902915 0.0216312978294469
0.23066266286985 0.151650584776317 0.140592049383737 0.282366034469931 0.194728668500164
0.348835967603305 0.406206303049171 0.107257972417064 0.0579580527873983 0.0797417041430612
0.341303421069563 0.201860634951865 0.0111561006451021 0.322558578034455 0.123121265299015
0.273804298729959 0.115742802861724 0.132616838838918 0.257882225877465 0.219953833691934
0.0296074763320506 0.3351774861822 0.094144514520208 0.191061634875118 0.350008888090423
0.473847837296537 0.31048389843099 0.189592981591309 0.00752648244161244 0.0185488002395511
0.334879517805187 0.0206209379938073 0.15200931803711 0.27001944397211 0.222470782191786
0.103896734591851 0.347314148694516 0.415999552962566 0.0448674595140327 0.0879221042370345
0.0598353114281935 0.155005501845981 0.463283645243071 0.283436828680899 0.0384387128018556
0.371336566066268 0.0728391675903306 0.0919201538081964 0.199555726680258 0.264348385854947
0.223258271129786 0.215214271551231 0.264838232336052 0.0216097273963788 0.275079497586553
0.296374592605606 0.167598694799545 0.10652614425006 0.115693985781488 0.3138065825633
0.210051752318203 0.0200923978553847 0.10707072699023 0.272975604039993 0.389809518796188
0.348849394671335 0.177886956653013 0.179214857530786 0.165676137700451 0.128372653444415
0.288136901169203 0.366834723099051 0.0456506315146338 0.0235653149011091 0.275812429316003
0.236742200063028 0.178011245925789 0.12848835828302 0.225622069570038 0.231136126158124
0.18857504287069 0.275227353048793 0.152990867433965 0.313857887205743 0.0693488494408086
0.14156702655755 0.35786514604051 0.0554429463733238 0.339440209619137 0.105684671409479
0.132061976418452 0.194212898446723 0.239943857571267 0.241063372448181 0.192717895115378
0.00581677243383245 0.0509280817462666 0.586161429753447 0.271190630633744 0.0859030854327108
0.330951700075972 0.0884841901352105 0.134980414017115 0.0958587143824808 0.349724981389222
0.25338680080936 0.223786432611648 0.295688890508878 0.0460178375270923 0.181120038543022
0.0696797950925805 0.191458234543176 0.249013119034061 0.251215065885832 0.23863378544435
0.327973749026893 0.317878169643077 0.0534636880998267 0.142029693597612 0.158654699632591
0.0880632145617696 0.324658557411308 0.304331734538365 0.256988637360745 0.025957856127813
0.262246181623596 0.137298401170499 0.114104444571087 0.245984480647824 0.240366491986993
0.0776681698023421 0.147330307540136 0.00972885016445598 0.310079950731558 0.455192721761508
0.0519315948277572 0.0431640243367862 0.354117946008912 0.147590917184652 0.403195517641892
0.304131348215249 0.302700392965593 0.198447682710009 0.0548071346989879 0.139913441410161
0.157532991271281 0.0957358717546481 0.332364761503649 0.264453790895848 0.149912584574573
0.229216401688633 0.120762031206128 0.519487418217817 0.10124184749455 0.0292923013928721
0.219644343808992 0.121046906233297 0.232140286894457 0.188183470399976 0.238984992663278
0.313229128886175 0.181789831337634 0.141858803320648 0.345638627857221 0.0174836085983224
0.170526255192515 0.135373159030742 0.205222268629018 0.372537559180899 0.116340757966826
0.194314858115334 0.28690775741364 0.161510606553198 0.181475704002239 0.175791073915589
0.0698676826026976 0.300508427639229 0.133119061806756 0.205086890595846 0.291417937355472
0.133324495455701 0.211102648001801 0.225637529048147 0.131293315480171 0.298642012014179
0.0666859085664665 0.163261948124141 0.195336555741989 0.239488821173311 0.335226766394093
0.0476113828051168 0.356819490478964 0.0694109171664692 0.268447331604682 0.257710877944768
0.0195594437424432 0.195739466047649 0.262233824994117 0.0848781942911717 0.437589070924619
0.025384720970807 0.102954347444428 0.355884587270476 0.253322420301698 0.262453924012592
0.178250903539443 0.35323042135937 0.0688518459364195 0.11032756497397 0.289339264190798
0.218618096256551 0.207001564931188 0.283173993590237 0.0581890982152655 0.233017247006758
0.0870250278392408 0.197756283411873 0.260333168580155 0.297855861650781 0.157029658517951
0.278087107670929 0.132386974330105 0.224436920657208 0.289818586344654 0.0752704109971034
0.284729366597915 0.19469591221273 0.265706262435018 0.180180221580012 0.0746882371743266
0.178069850754966 0.358848389504444 0.284809569868392 0.0166734565487362 0.161598733323462
0.426562023717802 0.0194242623873285 0.301469491977299 0.241920055392138 0.0106241665254323
0.00200245000752072 0.0498628786907038 0.355566213281091 0.498755646807543 0.0938128112131417
0.134885620793796 0.131480782418101 0.262345144316759 0.462160244176926 0.00912820829441801
0.343483692656449 0.0174436513060655 0.217210037500556 0.228739496602357 0.193123121934572
0.19619118776484 0.201088360538648 0.175323593867542 0.322480511490084 0.104916346338887
0.0424678514830592 0.0885676755823202 0.390767139087487 0.0435909817752246 0.434606352071909
0.226191354934354 0.189617426750314 0.229015375821216 0.233808161494503 0.121367680999613
0.401512409930025 0.13669760477006 0.183461180188132 0.0555955579322213 0.222733247179562
0.0050271274584388 0.434656958941366 0.291851483742346 0.0425078198673704 0.225956609990479
0.219860656524142 0.289661942238576 0.32347750941307 0.0183893010620177 0.148610590762195
0.0409711931423562 0.179755213453376 0.366527075870567 0.241530432813507 0.171216084720194
0.256178337357758 0.2753289170463 0.26977522117566 0.0187516866226405 0.179965837797642
0.136118253978142 0.288852450474666 0.0364289798841456 0.233110984738012 0.305489330925034
0.065871541138901 0.118890627943809 0.362678707134348 0.153921862523288 0.298637261259653
0.377824805290306 0.380917425681578 0.113752857825481 0.0958140444706003 0.0316908667320346
0.50902812810829 0.0690880975137504 0.0953296052805836 0.0528600531326589 0.273694115964717
0.0726239146662203 0.349076241795566 0.124913381571721 0.00717448403945323 0.446211977927039
0.373459079848379 0.131018766708575 0.0313072009283429 0.0865329300744556 0.377682022440248
0.040725254180499 0.0542335106114655 0.276705202130229 0.414000907192235 0.214335125885571
0.279928864132429 0.147047330525756 0.0667869107156715 0.120104663240368 0.386132231385776
0.21098704176002 0.18374807859247 0.170517467724818 0.18229839116603 0.252449020756662
0.248263502750117 0.123126560925633 0.175030498187764 0.394890900646403 0.0586885374900823
0.198938406121493 0.250787676109772 0.188116818002101 0.168355785214636 0.193801314551998
0.190197406108939 0.206124529438995 0.174316784060538 0.233255658524359 0.19610562186717
0.156631229242025 0.247640158696899 0.102062206105511 0.304799744285256 0.188866661670309
0.11521922137528 0.267801220644187 0.0519119088777903 0.186964132447405 0.378103516655337
0.100837164335493 0.193867234263948 0.599178307039176 0.0772046803425096 0.0289126140188736
0.204372822737153 0.44900248261102 0.0498163560000316 0.239655004278871 0.0571533343729251
0.250466439247219 0.260470716834741 0.237870366456361 0.0339863173250411 0.217206160136638
0.0960991700912653 0.0345595027157892 0.477537661424187 0.280268039618136 0.111535626150623
0.123863435852977 0.261277572160286 0.366218584972682 0.148584919313178 0.100055487700876
0.0282833323596518 0.181526197446151 0.294495075726237 0.308949011061286 0.186746383406674
0.00665686131151998 0.326491151330235 0.259427736634292 0.0895177683353596 0.317906482388593
0.292064323572653 0.0522621159778807 0.211429839388475 0.10822327820856 0.336020442852431
0.24817725290033 0.286144973667044 0.039933702146245 0.163396087667777 0.262347983618604
0.130975860740207 0.201415393894735 0.277310611903677 0.17736285279759 0.212935280663791
0.245607873550359 0.039328670336794 0.163882832777365 0.311259468267485 0.239921155067997
0.225656380418233 0.297069719840617 0.368766364590055 0.0584344258638268 0.0500731092872685
0.152001440098891 0.121594627682618 0.280370803283467 0.36701465954239 0.0790184693926347
0.146803004184551 0.261609454322855 0.276835113327224 0.139576159525426 0.175176268639945
0.250592025524562 0.0438875376949129 0.344619872212081 0.0506246752309391 0.310275889337506
0.0573433435653937 0.203558014071524 0.242966395506793 0.33306859844863 0.16306364840766
0.132187647098706 0.157236633652571 0.212408458361567 0.252329204990883 0.245838055896273
0.197705299584651 0.240977580738409 0.145777734443771 0.227655199637907 0.187884185595262
0.184397389646559 0.15874320767237 0.226848497942573 0.223704364415246 0.206306540323252
0.597877512746424 0.144899692702087 0.12848926059895 0.0707003264607818 0.0580332074917569
0.151494607615105 0.189549179676897 0.30583560692334 0.0849279829389716 0.268192622845687
0.0721768969981777 0.240435002411742 0.321844725271075 0.262702665886475 0.102840709432531
0.211053180356595 0.241638169247029 0.254987274338701 0.0085352999663855 0.283786076091289
0.290739036085902 0.164202531017662 0.179669802069429 0.127280194334093 0.238108436492914
0.164623855046157 0.277334326040463 0.12611553730229 0.23365944741667 0.198266834194419
0.125989190616347 0.250030866561782 0.273727529562277 0.0800274706179471 0.270224942641647
0.104370597829675 0.181536355786278 0.269101587542741 0.26879195719001 0.176199501651297
0.297266818052168 0.194324395559811 0.374121045169476 0.0455995419161774 0.0886881993023669
0.323055406489909 0.178025997303315 0.166706696806727 0.152396390294631 0.179815509105418
0.233961459689544 0.162679346974562 0.00324950815029288 0.427800702874584 0.172308982311017
0.313833705183876 0.181658931105448 0.254115264007559 0.127524498990161 0.122867600712956
0.218001185292211 0.0754289443709393 0.444952588366211 0.222149211625997 0.0394680703446428
0.0301074854624901 0.264598676045291 0.412794404762519 0.215657139995931 0.0768422937337695
0.07614063087813 0.265789066799356 0.0757047383835488 0.204136715166049 0.378228848772917
0.315972323919526 0.171716666232882 0.215300317188564 0.130237310500524 0.166773382158503
0.0166416837828812 0.254969486282082 0.359528391879047 0.196752137863501 0.172108300192488
0.314835342415699 0.120091259323019 0.165548534552767 0.222563856596409 0.176961007112107
0.154431098999545 0.530310886631316 0.0131487243353817 0.0345600130142492 0.267549277019509
0.229230981318477 0.139918979228997 0.263335105249765 0.21049643165616 0.157018502546602
0.334656726568356 0.168494909305136 0.0245594757136303 0.135695683037283 0.336593205375595
0.175842198105407 0.193815468936051 0.00750809800432895 0.191282858783532 0.431551376170681
0.021664421282253 0.318277909621213 0.278613002240798 0.237358944074834 0.144085722780903
0.028891759930715 0.112038298722697 0.0236382044316778 0.368725204785959 0.466706532128952
0.110978761937422 0.0493692776092525 0.415514018691165 0.0708943060299272 0.353243635732233
0.190282699840362 0.0913053187337974 0.248556196708299 0.23857661823085 0.231279166486691
0.453177382274393 0.24888316522365 0.0116907765873592 0.0675046940241946 0.218743981890403
0.291901694169323 0.319147432797549 0.0454321447804966 0.304490437333857 0.0390282909187733
0.27068637693395 0.127536912635136 0.243483952643546 0.175430596186092 0.182862161601276
0.29275973996804 0.228180393300528 0.182719847656966 0.269482467982319 0.0268575510921462
0.27353634574964 0.248200152039993 0.0558087396170286 0.112035775653305 0.310418986940034
0.120549025678706 0.196721654038431 0.241690343011142 0.252367614522454 0.188671362749267
0.0849505307292259 0.174421135393298 0.271805970985116 0.269722357864804 0.199100005027556
0.263638477567839 0.315938026996263 0.141800792381276 0.0302603956514952 0.248362307403126
0.289630806970447 0.0992279234193074 0.1867353436971 0.0986743836425626 0.325731542270583
0.163231405868326 0.307104215598178 0.127138648524547 0.117779020624411 0.284746709384538
0.0752804503667594 0.014689056442324 0.315606466465593 0.2582558994997 0.336168127225624
0.10365828942306 0.204965787616757 0.242400769204562 0.144783846744584 0.304191307011037
0.310502282435952 0.0493202196851437 0.157297397176842 0.332630283258323 0.150249817443739
0.0812364596229964 0.310253877335647 0.101718682471415 0.140345694928786 0.366445285641155
0.265333891612448 0.180203790698529 0.252684748507476 0.283483376845611 0.0182941923359352
0.139603882509541 0.158922696478357 0.334639549542902 0.277304443879525 0.0895294275896756
0.0401478922322977 0.371569242763397 0.023915176862862 0.427161818068884 0.137205870072559
0.102201126343653 0.149340432369544 0.296399861113867 0.320968413062625 0.131090167110311
0.247780538864905 0.233516149608614 0.214341062415422 0.257432606456062 0.0469296426549973
0.109493297173485 0.218139556271409 0.238730082358112 0.182922712505935 0.250714351691059
0.267367639821461 0.176391208711954 0.235602264580571 0.295283511968497 0.025355374917517
0.0223093782154613 0.339619232905471 0.39485834947429 0.128301575664341 0.114911463740438
0.278981141592819 0.225296410255229 0.0066387289323485 0.248526477288978 0.240557241930625
0.145538554848658 0.288938908465539 0.0489296588104242 0.331078621256184 0.185514256619195
0.200191304691515 0.168261811703686 0.0224182327890578 0.280560325241406 0.328568325574336
0.00430256053924954 0.361102247451605 0.196226038280363 0.171695920700028 0.266673233028755
0.298723017016912 0.138593041828038 0.127552192971531 0.334916672921225 0.100215075262294
0.0246754522325184 0.116266765418434 0.271923407240753 0.524356286374312 0.0627780887339822
0.107561269121951 0.246336199629644 0.319707710776766 0.011681035720951 0.314713784750688
0.7281783529318 0.066723724933069 0.0239661546383103 0.144776765680023 0.0363550018167978
0.0962149391169806 0.226904051016066 0.278482812534509 0.302333261758936 0.0960649355735077
0.217521280760931 0.102432144281421 0.231487016072965 0.309271376132757 0.139288182751926
0.332581926604451 0.311813850898849 0.15006166234243 0.179131036369656 0.0264115237846144
0.147971874799369 0.190291029055456 0.113980159103487 0.241661021037581 0.306095916004107
0.192478736320492 0.0667250991892148 0.341289421969981 0.370996927347625 0.0285098151726879
0.415650948961574 0.286851732199367 0.00972692339766422 0.245440395164248 0.0423300002771462
0.215509657266113 0.266710865185388 0.119589901569954 0.27949379901183 0.118695776966716
0.227108493037742 0.144395201298403 0.354682241779364 0.0561301430598128 0.217683920824678
0.214891000937407 0.132076275962763 0.312827400807599 0.307046610166763 0.0331587121254684
0.246432400010644 0.313943607592229 0.164628290659138 0.183794296772136 0.0912014049658524
0.259165250065914 0.234965567911802 0.134330831218085 0.200066276739209 0.171472074064989
0.253673559158723 0.168105719660165 0.216280729187492 0.075282869702238 0.286657122291382
0.204533015726956 0.00258623934743128 0.200091709131571 0.246066018090369 0.346723017703673
0.343292254607246 0.0810238982245963 0.0882748595922526 0.230924530923672 0.256484456652233
0.155576923792194 0.228473334060986 0.0398513333572682 0.321754342587869 0.254344066201683
0.16391146129453 0.164939431949962 0.299704503415036 0.35188161891032 0.019562984430152
0.151967763438585 0.00692731013558915 0.261530143440436 0.315897664361851 0.26367711862354
0.435959379455171 0.144279610014485 0.343582762574886 0.0577292268864265 0.0184490210690313
0.171342520735826 0.295057672830027 0.295924261922133 0.152208581309473 0.085466963202542
0.234480753739347 0.114818152735288 0.29978934332084 0.337285525521373 0.0136262246831523
0.152243541313549 0.2839012920206 0.218775068742364 0.0768022405037977 0.26827785741969
0.250405732234428 0.251811358553827 0.103747751029694 0.19788432476281 0.19615083341924
0.342135982612136 0.248941292255154 0.216853042635131 0.0786542325431366 0.113415449954442
0.252573571837998 0.278338857641368 0.205395425081047 0.0982098399048156 0.165482305534772
0.304655592055303 0.0049213525130517 0.071048308121527 0.295499518918084 0.323875228392034
0.170672098305138 0.190950272774679 0.109845690613 0.387865374316566 0.140666563990618
