0.429858694476724 0.332790268772735 0.14569691176765 0.0916541249828903
0.319724932562745 0.125805891693732 0.311585079897234 0.242884095846289
0.381173038100879 0.191714249826343 0.181845365984691 0.245267346088087
0.0205858086140726 0.249041979344864 0.473377799605049 0.256994412436014
0.156709401149562 0.33404584400786 0.346159933903843 0.163084820938736
0.0399558378221845 0.343920354603131 0.272019444662858 0.344104362911827
0.151365341111295 0.144650885115563 0.587857536781321 0.116126236991821
0.019117385508379 0.243367883390453 0.254399846597714 0.483114884503454
0.306321770275817 0.227236654020632 0.166141012475079 0.300300563228472
0.113222764165929 0.357296737374886 0.389972642745821 0.139507855713364
0.261185995161284 0.294360331651172 0.318733849192781 0.125719823994764
0.422385483703876 0.399362904726075 0.168261129849734 0.00999048172031497
0.133043030156499 0.339930774283762 0.342258527742549 0.18476766781719
0.118153778744834 0.475143342814322 0.217785595091121 0.188917283349723
0.308203051862599 0.297774622492445 0.223585223959671 0.170437101685285
0.0625627190139345 0.341512652155642 0.304097936711641 0.291826692118783
0.158291540181367 0.0814816786904795 0.374500700894267 0.385726080233886
0.116959141119274 0.0130835487180451 0.546789348334326 0.323167961828354
0.282606712494873 0.259792791278812 0.0633667645974571 0.394233731628858
0.084254748772266 0.26915242983308 0.45031062334654 0.196282198048114
0.349641665409381 0.0621221276660711 0.427273331401307 0.160962875523241
0.104057639781289 0.31846801920762 0.265485285987473 0.311989055023618
0.110123971981955 0.234663596154966 0.274162194287847 0.381050237575233
0.0927785650284367 0.0837833378680865 0.37312877517823 0.450309321925247
0.0035752564165986 0.128715538213024 0.399961128474265 0.467748076896113
0.192452002270033 0.225165574306837 0.240867095548501 0.341515327874629
0.0657565105801395 0.353955469261307 0.283688700268154 0.296599319890399
0.343273640458982 0.221670461893771 0.0166505049556379 0.41840539269161
0.131139473857519 0.24210063060098 0.520797436504892 0.10596245903661
0.00426715359620221 0.475681401324182 0.242897791012395 0.277153654067221
0.260486890948816 0.232928547671508 0.265609426758732 0.240975134620944
0.336864746329077 0.0522465914018922 0.373244791069642 0.237643871199389
0.137957652805386 0.0667475589228366 0.525790344314243 0.269504443957534
0.191353185626211 0.263730645172339 0.109788089894465 0.435128079306985
0.53032601706922 0.0929192909994546 0.0373500530823479 0.339404638848977
0.25331030129394 0.617752239430514 0.0464770401720022 0.0824604191035433
0.234831983536029 0.185602568238172 0.299904014601225 0.279661433624574
0.308924094183322 0.139994742343246 0.327564647425437 0.223516516047995
0.314206866734716 0.202224179504569 0.110066297668257 0.373502656092458
0.207741923294819 0.554063767670198 0.122134468819422 0.116059840215562
0.247499076368827 0.309762452150139 0.0778541747203526 0.364884296760682
0.351047710933398 0.249080783501267 0.253941668580688 0.145929836984646
0.367505872226327 0.0455501312006681 0.0343707091045666 0.552573287468438
0.195009514097057 0.591718891447884 0.0845787370488354 0.128692857406224
0.0506343956314183 0.622247568263256 0.260798821186951 0.0663192149183741
0.364778535847112 0.285405817070665 0.192328439572016 0.157487207510207
0.10044032997962 0.348050074889828 0.263607301480046 0.287902293650506
0.0830433310840415 0.36584478073663 0.230147563703576 0.320964324475752
0.163803540045603 0.429580723614977 0.36272555827916 0.0438901780602599
0.0895705901676886 0.371253069057747 0.368043044028633 0.171133296745932
0.175411435933823 0.3288208061568 0.0763930868425774 0.4193746710668
0.224657167220701 0.167228031389177 0.241517766552546 0.366597034837576
0.435764110575382 0.528087713208468 0.0123081961079687 0.0238399801081819
0.310394429961863 0.448773277923846 0.0890341692793 0.151798122834991
0.246224720808169 0.216686151755894 0.461382859340015 0.0757062680959213
0.30989395097954 0.162414978479572 0.188668585506584 0.339022485034305
0.283179663733602 0.328958088106904 0.0637976470914299 0.324064601068064
0.0922749312647699 0.180084568833367 0.469382791960902 0.258257707940961
0.202301924035949 0.246383042249449 0.161143203635524 0.390171830079078
0.393086266788425 0.179532613054161 0.0457866826843678 0.381594437473046
0.368312092080771 0.192691930193871 0.322659180904255 0.116336796821103
0.188298455641156 0.235816271144548 0.249845662700749 0.326039610513547
0.265616938243338 0.0803313315812684 0.279068663317661 0.374983066857733
0.104957207940416 0.285962037819108 0.22266490430401 0.386415849936466
0.195774503480003 0.325748888683045 0.378599364473294 0.0998772433636576
0.283817578496926 0.197982794693001 0.28934491583053 0.228854710979543
0.0370727295634774 0.213472465081237 0.462558793000929 0.286896012354357
0.0609519833460807 0.591826518452653 0.0198134876495458 0.32740801055172
0.06762892955574 0.670473118718713 0.00429454484683144 0.257603406878715
0.0883501571198706 0.422358637240648 0.282542058780606 0.206749146858875
0.396300892598575 0.113874787283573 0.363769113912126 0.126055206205726
0.369536546350355 0.250040531117955 0.0479853875208481 0.332437535010842
0.177255830645494 0.27519534783279 0.259493439850188 0.288055381671527
0.251064838060768 0.31711866211392 0.0475000189625384 0.384316480862773
0.128591512390639 0.203010938942025 0.288324358318272 0.380073190349065
0.0554392422568378 0.07825511700246 0.456008337571805 0.410297303168897
0.17002770656135 0.283415083456962 0.289108827058188 0.2574483829235
0.278475677317559 0.0832344951351923 0.369095328218216 0.269194499329032
0.173301514969179 0.391028633431557 0.368843520011099 0.0668263315881664
0.267077841711523 0.334666226066851 0.246487238669684 0.151768693551942
0.0641644720549578 0.206874223772661 0.130601396837748 0.598359907334634
0.290224954503593 0.403592679425664 0.124767185306895 0.181415180763848
0.448784492188705 0.0785257513853739 0.0203024477848908 0.45238730864103
0.0143369352209224 0.140037021128121 0.375752749374295 0.469873294276661
0.0371293362820246 0.305097252690838 0.31480723246083 0.342966178566307
0.299612176756478 0.175290233782714 0.2159091410562 0.309188448404608
0.0712375032871995 0.141645572251618 0.764837659223194 0.0222792652379881
0.354278269392716 0.23750525616588 0.0749152004366576 0.333301274004746
0.315110712849631 0.298599849545106 0.291937800800656 0.0943516368046073
0.0747839520131646 0.25578982422068 0.246713477174756 0.4227127465914
0.26946917811115 0.177700270700569 0.3408030438256 0.212027507362681
0.227467667241733 0.393841361278004 0.210656100981007 0.168034870499255
0.242381547992441 0.268203331860418 0.351457487038309 0.137957633108832
0.145200010060796 0.675116270886571 0.0066640290225162 0.173019690030117
0.18999018380965 0.348016070694416 0.231542236629038 0.230451508866895
0.54544813019616 0.0207075377415138 0.0275933865105567 0.406250945551769
0.289537561213801 0.492745463888987 0.176188619479012 0.0415283554181998
0.197737569429166 0.440605913515112 0.302929671392913 0.0587268456628094
0.0524337583061268 0.269095985006018 0.356024563824687 0.322445692863169
0.00698643637266919 0.43675657893774 0.219851989764148 0.336404994925443
0.469627762016828 0.460041372043843 0.061154549558902 0.00917631638042699
0.286012955015644 0.122980272013417 0.167536594500932 0.423470178470007
0.371994791377099 0.285919674069332 0.330846204593034 0.0112393299605347
0.274429277034158 0.0504104340124336 0.300038993337003 0.375121295616405
0.0164914505625559 0.201141900938697 0.539886334343508 0.242480314155239
0.230078352845624 0.220292291584796 0.339488495763603 0.210140859805977
0.497519911932792 0.0209292195870186 0.462517422395086 0.019033446085103
0.311373798070038 0.237444666772555 0.39126545403128 0.0599160811261269
0.289953527769685 0.305921595143026 0.260099930234014 0.144024946853275
0.0622950487744774 0.410951425806268 0.358467905023733 0.168285620395522
0.209436910040086 0.230341505561455 0.33595473522986 0.224266849168599
0.0820586661787627 0.123302926220271 0.268158075917048 0.526480331683918
0.227435013689126 0.337330633009695 0.116839088969138 0.318395264332042
0.441187891487251 0.100468900499427 0.14097884415312 0.317364363860202
0.325797979093516 0.487139686626029 0.102188184141359 0.0848741501390969
0.135583369017188 0.404156150117069 0.311106088582689 0.149154392283053
0.256291183913351 0.322826105772408 0.239354355709837 0.181528354604404
0.359058146764507 0.269207782798975 0.215986925766527 0.155747144669991
0.297496318108256 0.0878874707994931 0.489677100471969 0.124939110620282
0.175928004268916 0.334986993033175 0.311548361113997 0.177536641583912
0.299372204861964 0.287554939978656 0.134233961830752 0.278838893328628
0.366794581799576 0.269133080232662 0.279809994314843 0.0842623436529193
0.436903413375443 0.0434395596973539 0.190570425648241 0.329086601278962
0.304256632948611 0.270810698222729 0.140930218799291 0.284002450029369
0.0548308652746363 0.479692562829591 0.0113589010325337 0.454117670863239
0.0434505744899355 0.456553511974961 0.43672536628993 0.0632705472451737
0.4370476746995 0.503000965490584 0.0331571459895834 0.0267942138203324
0.312166118500274 0.333519251012422 0.305029888673036 0.0492847418142679
0.0595047136105665 0.225110592614495 0.479190062020915 0.236194631754024
0.303772358773226 0.292726956098211 0.0778631522287123 0.325637532899851
0.216010629007159 0.445424120728068 0.329072331135452 0.00949291912932109
0.105441370997578 0.339473177393732 0.356735696416359 0.198349755192331
0.25577067757623 0.283740643772007 0.202535021912802 0.257953656738961
0.279601131209906 0.167717491112815 0.0868923706136502 0.465789007063629
0.0488412741970654 0.172175138597879 0.353733050181654 0.425250537023402
0.25462882323111 0.41035813483754 0.262243834455619 0.0727692074757307
0.00381729031456245 0.0633945900153216 0.443331839178918 0.489456280491198
0.407065562109083 0.131738321833812 0.164237765811405 0.2969583502457
0.348341519016653 0.0497168158089341 0.349430796989519 0.252510868184893
0.279535002384044 0.259943845330253 0.304746614034213 0.15577453825149
0.253113646721998 0.107080094168358 0.217766487114148 0.422039771995495
0.248312375270358 0.0789417144279428 0.312434635077561 0.360311275224138
0.331546629415784 0.120567074804845 0.289490044313502 0.258396251465868
0.335102193178915 0.369573539988122 0.0727815678955212 0.222542698937442
0.513588802006433 0.0483121686080613 0.0795633165894854 0.35853571279602
0.273828087228936 0.312349778399267 0.101273296540801 0.312548837830997
0.136139868776458 0.198189843325237 0.328422828666566 0.337247459231739
0.144737611630626 0.235986852376082 0.190676656809035 0.428598879184257
0.0196827033768074 0.380843297306212 0.397495259684779 0.201978739632201
0.205517445701134 0.240060989195331 0.182011936326202 0.372409628777333
0.38576019322959 0.245027717698466 0.166959237241384 0.20225285183056
0.254603107107534 0.145365257824298 0.561551739434648 0.038479895633519
0.311199463635049 0.136600868714754 0.255440603656803 0.296759063993395
0.138295245489925 0.401833648873565 0.174618506090011 0.285252599546498
0.410769620679794 0.340830393084125 0.24508101328574 0.0033189729503415
0.144217553974057 0.110078723417839 0.176660183706275 0.569043538901829
0.35610561954406 0.325201752640665 0.111838392571343 0.206854235243932
0.373244954044683 0.023831870110152 0.334915165396412 0.268008010448753
0.0801061740588899 0.4355356769567 0.0311071970741203 0.453250951910289
0.277790904165884 0.32970383658722 0.322038121094437 0.0704671381524592
0.140291737384325 0.238211156652954 0.331826052447635 0.289671053515086
0.231031967234019 0.0552323941976767 0.29296144297764 0.420774195590665
0.12874608609635 0.0649262025136396 0.424480975498254 0.381846735891756
0.364171853675438 0.451997740770814 0.110076869248885 0.0737535363048634
0.278076448375796 0.2175114952302 0.297921651637416 0.206490404756588
0.189719637605361 0.294913901661876 0.481758636577783 0.0336078241549798
0.280295912067574 0.288009843925398 0.231561185047118 0.20013305895991
0.393739045584106 0.129302242023655 0.213322778337862 0.263635934054377
0.133045128237356 0.368109602175425 0.257471623512567 0.241373646074652
0.388067943528416 0.0626054209393811 0.241278164353627 0.308048471178576
0.483250968759051 0.266188521725305 0.249290134976363 0.00127037453928047
0.131467542444016 0.240439774348491 0.351988717697475 0.276103965510018
0.248251007637037 0.259932848544637 0.235095535714255 0.25672060810407
0.345924334619661 0.332539889501381 0.0932518791220327 0.228283896756925
0.242395399741851 0.336420103231165 0.286790650501995 0.134393846524988
0.314124042012111 0.0844057353012908 0.413107663203045 0.188362559483553
0.311582953355967 0.143131918735394 0.213555544424549 0.33172958348409
0.122327782919016 0.173763568400212 0.259646962694054 0.444261685986719
0.174461045284426 0.120251113884936 0.330731541619346 0.374556299211292
0.223924271166547 0.302612161376809 0.207867863973164 0.265595703483479
0.373679582155759 0.133110111554247 0.119086472403008 0.374123833886986
0.311268546949285 0.122997945635363 0.294137520626176 0.271595986789176
0.152959062047376 0.381447490465465 0.232608204022041 0.232985243465119
0.242199297914001 0.00957865341613951 0.381311345457525 0.366910703212334
0.236618421291862 0.416057708091953 0.186201870098838 0.161122000517347
0.268125002799983 0.139356075578522 0.367422942224122 0.225095979397373
0.606275579241173 0.195172214187162 0.116918311851877 0.081633894719787
0.15353793528177 0.0910714082384084 0.38190851929007 0.373482137189751
0.263795330004317 0.2230828425244 0.275385297314275 0.237736530157008
0.133921480041075 0.133437235454712 0.302917220570507 0.429724063933706
0.354336966359321 0.297356621176509 0.0793921648205168 0.268914247643653
0.225681439028486 0.120819226731682 0.361525674783399 0.291973659456433
0.340848089808328 0.145504087587903 0.134483185609328 0.379164636994441
0.34993162611544 0.289619521716056 0.0822077016941228 0.278241150474381
0.221895020387898 0.161409576253686 0.346312435335652 0.270382968022764
0.394278549487172 0.0734000823961175 0.267859042556671 0.264462325560039
0.249219381563372 0.529372448014543 0.117525785348663 0.103882385073423
0.0633698682092655 0.328887617694919 0.324226712802056 0.28351580129376
0.394030448784305 0.0728491856630161 0.293211682668495 0.239908682884184
0.357764381065863 0.214380971126202 0.186430941320537 0.241423706487397
0.169548391899302 0.475528372956877 0.113472713486253 0.241450521657569
0.343386496940162 0.239215727839277 0.0755233391220695 0.341874436098492
0.22570499670422 0.212461582148728 0.232025099792899 0.329808321354153
0.181019949845597 0.24374129293656 0.451745344425001 0.123493412792842
0.16339874289434 0.329022239676144 0.200058687611052 0.307520329818464
0.158480998663844 0.324993006672847 0.266350156752219 0.25017583791109
0.00294098018303071 0.0270588030673425 0.673552989908897 0.29644722684073
0.314734733287252 0.234275257024063 0.350512411054915 0.10047759863377
0.384359018064369 0.0300498738914062 0.387754911099497 0.197836196944728
0.401872482229149 0.163443102479787 0.410551056686988 0.0241333586040747
0.314354917723399 0.0947659876568085 0.289092093271115 0.301787001348678
0.498161334247658 0.0223433344415763 0.374529265450959 0.104966065859807
0.23908895405851 0.172555971311278 0.0605846788020961 0.527770395828117
0.17537956893636 0.345645774966662 0.299639616238588 0.17933503985839
0.00650800042877645 0.303475273555862 0.47861857766683 0.211398148348531
0.150981335008764 0.364241191269306 0.199087620689009 0.28568985303292
0.320174457861588 0.201088709045827 0.330426909721693 0.148309923370892
0.213321860366429 0.0278489896113123 0.338746895637585 0.420082254384673
0.090022963559921 0.366745054381385 0.190859853758699 0.352372128299995
0.479257931031966 0.180096640490223 0.164846216087529 0.175799212390282
0.16617575999645 0.324629320163359 0.212797545872327 0.296397373967863
0.236524039041564 0.108384253593967 0.320409593974283 0.334682113390186
0.0139247788103632 0.544577741347203 0.426611869563322 0.0148856102791113
0.183454875570089 0.282082486792921 0.254805822175988 0.279656815461001
0.368404634797543 0.0604749260098979 0.349084302198943 0.222036136993616
0.335337923845944 0.361202630235658 0.224915621042274 0.0785438248761249
0.240344902140608 0.285777327901491 0.231202910522915 0.242674859434986
0.397380318128251 0.372808044591872 0.158128869470231 0.0716827678096461
0.292701492851234 0.348115598506955 0.221595620873981 0.13758728776783
0.276018541417588 0.0944968706341733 0.286208286331315 0.343276301616924
0.25242327941427 0.241827471690408 0.21933158943466 0.286417659460662
0.297192292820693 0.322875797959316 0.262261544689643 0.117670364530349
0.374192111706823 0.381080225487426 0.0293314958132581 0.215396166992493
0.332073163209518 0.0738758793877116 0.481467257773358 0.112583699629412
0.354876642726397 0.125959739719233 0.268795105439473 0.250368512114897
0.239625558990383 0.222920171046158 0.438832927673559 0.0986213422898991
0.447919691033543 0.31442256887531 0.0748152234626089 0.162842516628538
0.43111548021072 0.108136724093434 0.291255680772597 0.169492114923249
0.245609531938594 0.111784266928509 0.454311187395983 0.188295013736914
0.254154627791503 0.301638673447675 0.170739947342593 0.27346675141823
0.0314654505562573 0.376759766109968 0.360279034542754 0.231495748791021
0.0561421047698424 0.200271172660978 0.288693490928114 0.454893231641066
0.356358048635177 0.402810972198332 0.144231132118589 0.0965998470479022
0.389418096187923 0.12232861307467 0.0951636261047161 0.393089664632691
0.190656498089257 0.336345719405075 0.28589779942203 0.187099983083638
0.256338390973719 0.248980103732823 0.207140427349457 0.287541077944002
0.258927653754685 0.299944950224948 0.19679785313719 0.244329542883177
0.259201534169653 0.123364167343599 0.346543584869974 0.270890713616773
0.199753736561457 0.31306138670839 0.109575011741843 0.377609864988311
0.399228956636241 0.0945445331193555 0.462344730081517 0.0438817801628863
0.180079068227824 0.305697088316603 0.31530161517268 0.198922228282893
0.0613797847547638 0.279276594523535 0.601827346702735 0.0575162740189655
0.336872718590838 0.373035334765657 0.166901377563217 0.123190569080288
0.261801954490921 0.219932766672304 0.422183865070497 0.096081413766278
0.22400895602124 0.237153990323231 0.152722676410931 0.386114377244598
0.228085363484896 0.635899782336148 0.102212383015938 0.0338024711630181
0.0204980016810742 0.360092327151885 0.430214682046095 0.189194989120946
0.106207250878525 0.319614686076401 0.155029493574158 0.419148569470916
0.152699553863577 0.233233074506224 0.162921100859743 0.451146270770455
0.222756419105449 0.310142201616742 0.312160486485388 0.15494089279242
0.017090189340296 0.261594726026764 0.48251154111603 0.23880354351691
0.0494711306749465 0.319777407327251 0.276933267196891 0.353818194800912
0.0552855585736522 0.00226112990029134 0.476115488796722 0.466337822729334
0.217610836112745 0.0797316149623314 0.229541705335263 0.473115843589661
0.381603151713428 0.0725149943060841 0.311399705865261 0.234482148115227
0.443865122399156 0.450457393655559 0.0486528759103375 0.0570246080349478
0.0863963213316823 0.162747729618231 0.403799272023444 0.347056677026643
0.349932373284923 0.236567320292874 0.154436026992797 0.259064279429406
0.274223836490914 0.125238782030641 0.406101054343579 0.194436327134866
0.211389335021483 0.377419724694033 0.350124031395624 0.0610669088888598
0.0413708528532104 0.499183843296381 0.028998230686458 0.43044707316395
0.332290694575263 0.154790214579447 0.0274237823942593 0.485495308451031
0.446965641608399 0.351640952918374 0.187555616775359 0.0138377886978687
0.763376765366415 0.0201559814313807 0.033165557588078 0.183301695614127
0.0996290490636427 0.437536136302326 0.381637760640032 0.0811970539939988
0.0434436716443363 0.401965283783746 0.298898465155891 0.255692579416026
0.196588171426978 0.188231420649951 0.386774978186465 0.228405429736606
0.453143911770656 0.166792769061111 0.111569316430693 0.26849400273754
0.463129037873544 0.113048211343477 0.0137969120373282 0.410025838745651
0.349625233255885 0.298832416992892 0.0545736084012641 0.296968741349959
0.175963524493757 0.602436100547838 0.135211890916624 0.0863884840417814
0.0877971259658269 0.183440246208594 0.529957677497484 0.198804950328095
0.370352656483521 0.252612771839004 0.103903163821849 0.273131407855626
0.153509768961421 0.413184514602087 0.0229513389442595 0.410354377492232
0.0333705787883232 0.283439705761045 0.476335041712331 0.206854673738301
0.157420828855259 0.208890583789248 0.313358494412463 0.320330092943029
0.143981042321581 0.376721354371179 0.119773870232518 0.359523733074722
0.105816564280431 0.447697242685507 0.00100418355958843 0.445482009474473
0.0748287107595125 0.467528338453633 0.253692832927569 0.203950117859286
0.411784204994474 0.182220274269645 0.299523080063747 0.106472440672135
0.386958539651154 0.245525115447635 0.15445892074478 0.213057424156431
0.399317773561501 0.158094795051218 0.151944874596996 0.290642556790285
0.358132071550793 0.121904176177551 0.259289018073472 0.260674734198184
0.0760112382757148 0.258210578834095 0.294575440022514 0.371202742867677
0.145012873732042 0.323848714535338 0.150495857705594 0.380642554027026
0.256212443712698 0.323223521803177 0.175896852625174 0.244667181858951
0.371988417003049 0.269528325740851 0.0169338502592262 0.341549406996874
0.29848251193267 0.306162202299952 0.348706008277316 0.0466492774900624
0.127890389827306 0.281411651829561 0.384748841379959 0.205949116963175
0.0672943124142332 0.333444451390401 0.374234016734398 0.225027219460968
0.360775290878941 0.343284737751233 0.270013400254012 0.0259265711158142
0.0120440832500073 0.604653292918414 0.247164842016362 0.136137781815217
0.336619961880937 0.0323841473399059 0.535506857419581 0.0954890333595763
0.238603737440133 0.342599961313546 0.41525437412191 0.00354192712441088
0.591459090289226 0.0810033562412168 0.275067571693336 0.0524699817762212
0.133520862573633 0.636382500400132 0.113769584771249 0.116327052254986
0.00976139391005214 0.0325559896187201 0.546494237098663 0.411188379372565
0.179570250922942 0.358098592015463 0.126071239616826 0.336259917444768
0.00735515982965105 0.0128434032268221 0.359900168581209 0.619901268362318
0.0461442955420584 0.225404513782548 0.673873120081005 0.0545780705943889
0.16652254889372 0.324578071927026 0.183565037170627 0.325334342008627
0.281577151079721 0.200346955715398 0.00950788487126449 0.508568008333616
0.493758153943694 0.254874223443959 0.202679208609857 0.0486884140024906
0.390892680530671 0.0913619190797703 0.320493124547808 0.197252275841751
0.406322166418146 0.118054385449812 0.316697967576522 0.158925480555521
0.349954891495296 0.30599798068746 0.0146782739779435 0.3293688538393
0.0332839751113919 0.401895856046037 0.271699228614223 0.293120940228349
0.31072463704696 0.370125535946852 0.0580902462932589 0.26105958071293
0.440313555548828 0.126345204563755 0.0885197092406188 0.344821530646798
0.243289879739731 0.321641186040627 0.238896152309781 0.196172781909861
0.30952693482692 0.147741419473407 0.341310819456373 0.2014208262433
0.488880560935622 0.307829722489431 0.115862624216313 0.0874270923586339
0.0998136503159512 0.250055772812872 0.485972316923115 0.164158259948061
0.356688262192985 0.0781598410188698 0.395287599961192 0.169864296826953
0.145294183317719 0.282052169568493 0.282528700035553 0.290124947078235
0.387671416062552 0.320131389909223 0.127007016570196 0.165190177458029
0.0641664123091865 0.0720372892095192 0.273296289638767 0.590500008842528
0.113710665858528 0.122768389469426 0.0563508357439681 0.707170108928079
0.407956104334051 0.0446219950698885 0.259956720539071 0.287465180056989
0.241321441193404 0.220216012647274 0.197185892701852 0.34127665345747
0.231066735164252 0.350732238135198 0.0941855055666323 0.324015521133917
0.127982813965321 0.204730156885809 0.248373557528018 0.418913471620852
0.371461491772807 0.0373127545236882 0.140731542773556 0.450494210929949
0.239500523682871 0.324618781218012 0.119497373667192 0.316383321431925
0.258659282684981 0.297385350380927 0.409654003107793 0.034301363826299
0.252213882065395 0.258277962700182 0.106900759457316 0.382607395777107
0.370714822941115 0.262261915069799 0.0270306513813134 0.339992610607772
0.395232724717458 0.152963452880879 0.38917374533723 0.0626300770644334
0.328982676113951 0.216101120599404 0.235784866401825 0.21913133688482
0.317945409709489 0.269794677953186 0.263481209218672 0.148778703118654
0.124762288298795 0.0638107028593959 0.346055199695025 0.465371809146783
0.24568633222574 0.274107959527717 0.328159934225069 0.152045774021474
0.39579623162064 0.201283104401239 0.139525991599935 0.263394672378185
0.270335107698421 0.311171392075512 0.143890375377239 0.274603124848827
0.607886206443821 0.189986582261393 0.0371223772518486 0.165004834042937
0.204300118457639 0.327427215331589 0.42052102720254 0.0477516390082315
0.234791122736982 0.101977095482673 0.275110571412693 0.388121210367653
0.313515437637546 0.213486146899332 0.0927942434308016 0.38020417203232
0.155977604669841 0.0187098294349354 0.687474407065875 0.137838158829348
0.0461665891590675 0.406015771217273 0.510958430123235 0.0368592095004246
0.118811192251384 0.134755925763905 0.229867788926591 0.51656509305812
0.449839274732477 0.289667691894194 0.209440346037736 0.0510526873355927
0.0895904034309455 0.185925892645825 0.329457467915268 0.395026236007962
0.110513359496224 0.100002453314344 0.411857603790499 0.377626583398933
0.206890274009513 0.131719654468504 0.352935289759072 0.30845478176291
0.163326538347076 0.314078924631335 0.325444628256862 0.197149908764727
0.380924525653499 0.181115516439506 0.305993723367907 0.131966234539088
0.520960385956186 0.184262785871779 0.0897339170968961 0.205042911075139
0.27482546183188 0.171274634328319 0.350263743158935 0.203636160680866
0.232051361688606 0.351362886790565 0.326209154866868 0.0903765966539618
0.36852915418328 0.0201480074995684 0.279230763912286 0.332092074404866
0.334087156723438 0.235763623646174 0.203620928867222 0.226528290763166
0.31090711686912 0.154644290624138 0.099107280787934 0.435341311718808
0.0773466028720521 0.134670066866616 0.224606768507599 0.563376561753733
0.179986632178305 0.313103418500054 0.486981994386368 0.019927954935273
0.279256525433358 0.317345696539883 0.225041442816355 0.178356335210403
0.15596812123447 0.440623802628266 0.0432024538778567 0.360205622259408
0.272749824993734 0.119642438735041 0.274648041025459 0.332959695245766
0.253764065298696 0.303510253092741 0.272580010271869 0.170145671336693
0.322036651853967 0.197083762168301 0.310010045145955 0.170869540831776
0.599686455866984 0.00490320502969534 0.205465570045612 0.189944769057708
0.390021055740416 0.212759438298023 0.353224567611551 0.0439949383500103
0.0331903224806358 0.262666939920543 0.224259742910616 0.479882994688205
0.0213077667240135 0.00209851222707873 0.537416155566795 0.439177565482113
0.313179143148144 0.322705318283115 0.263307026910403 0.100808511658337
0.328051207449763 0.291643969838595 0.221797761533746 0.158507061177896
0.126726109279409 0.254895728633339 0.2831486734932 0.335229488594053
0.0948705286781841 0.217779055946699 0.295129797011714 0.392220618363403
0.393762295221598 0.118513355003547 0.228347088951716 0.259377260823139
0.457705464731308 0.299666144975446 0.11246134518947 0.130167045103776
0.252898231043611 0.157341847153678 0.343297867536267 0.246462054266444
0.309037723353185 0.355615624184076 0.0805948411978975 0.254751811264842
0.132783831409732 0.443320216659634 0.0220340679299782 0.401861884000656
0.0881136598551083 0.340136156560138 0.570116197134761 0.00163398644999242
0.704918313796954 0.25184449739815 0.0177089319371305 0.0255282568677657
0.156740211673924 0.573385740010111 0.244003474450022 0.0258705738659423
0.459020267173213 0.262856994510943 0.102782617564973 0.175340120750872
0.345591902514066 0.0357109831507795 0.33941620159054 0.279280912744615
0.0396525963325871 0.085668137413459 0.376744712685309 0.497934553568645
0.337234110859801 0.543343696931647 0.0603786997170447 0.0590434924915078
0.521659300227246 0.286695617325976 0.0996807946332488 0.0919642878135291
0.506180552963701 0.223897219839591 0.0346801792896863 0.235242047907021
0.0454122343304221 0.0850085336096438 0.295265677955163 0.574313554104771
0.369973393966025 0.268583667226552 0.260843312533987 0.100599626273436
0.362309176018568 0.118808111393847 0.133037519132335 0.385845193455251
0.223447842033064 0.0704148103929339 0.22360962407941 0.482527723494592
0.320842149354279 0.225797470817794 0.265410930634326 0.187949449193602
0.0279384764290438 0.405430182151286 0.244416683121049 0.322214658298621
0.249682960382021 0.178566645570413 0.236658582797461 0.335091811250105
0.170628182282729 0.166020437552239 0.307664597775797 0.355686782389235
0.276544658536237 0.0944225105722183 0.162886698891008 0.466146132000537
0.492077262004782 0.0767674222085367 0.223139312507767 0.208016003278914
0.29130941907032 0.0487554267937955 0.368940214529981 0.290994939605903
0.107340644906062 0.363955259412519 0.372338448643119 0.156365647038299
0.489689816413416 0.0311221524239106 0.266850088637777 0.212337942524896
0.348446850421204 0.384691974611811 0.0549275819525815 0.211933593014403
0.221933970211101 0.00494294516837745 0.544697778397429 0.228425306223093
0.153520437060367 0.223066378800804 0.340381820571702 0.283031363567127
0.453532132137726 0.00324304306818766 0.382111235329826 0.16111358946426
0.101672677375773 0.293109927546408 0.383016079604154 0.222201315473665
0.0931155958148121 0.313737601958412 0.29600233261678 0.297144469609995
0.0612385047547042 0.0536279245635965 0.212877519861614 0.672256050820085
0.491136820510953 0.0451399486861594 0.401855229656411 0.0618680011464773
0.421400941514307 0.307932907504716 0.23280408351876 0.0378620674622171
0.419809289401205 0.101179902759988 0.428342189279779 0.0506686185590276
0.121590507253845 0.353091897411878 0.416863792913329 0.108453802420948
0.650254914329319 0.208666275727675 0.120873030576239 0.0202057793667668
0.407689597055828 0.132908590290794 0.218525141513646 0.240876671139732
0.275420400760917 0.215199967035353 0.201364000207418 0.308015631996312
0.201185351172366 0.251196939217826 0.195284321897993 0.352333387711815
0.311782545834635 0.038395700666625 0.328723377078533 0.321098376420207
0.443225707520932 0.42082482339149 0.0852724452758058 0.0506770238117727
0.675533795577126 0.283062995964857 0.00159909562779548 0.0398041128302213
0.129755107515395 0.45183828827982 0.31940737175176 0.0989992324530242
0.459974565028626 0.344794538469065 0.0420949864701673 0.153135910032141
0.342132747446521 0.0126056876901289 0.228451084487499 0.416810480375851
0.150803674094224 0.218226422675271 0.5530515793161 0.0779183239144051
0.0958667648209537 0.5412594597106 0.206041863474346 0.1568319119941
0.187144734285679 0.249758744587359 0.435777096887148 0.127319424239814
0.036817552400864 0.354632140714452 0.362784637056228 0.245765669828455
0.175448853617653 0.341728008784867 0.401153560223515 0.0816695773739644
0.0791637476524372 0.301638187267358 0.263593625416711 0.355604439663494
0.0819647898957784 0.0895928226674226 0.521561895605036 0.306880491831763
0.125431542386962 0.151463630775527 0.526429988795053 0.196674838042458
0.112995929776748 0.39350023568865 0.192313402940836 0.301190431593766
0.278565021786634 0.277976217123546 0.208057286462598 0.235401474627221
0.27970796305795 0.227348197090651 0.397665667292685 0.0952781725587146
0.235357187249492 0.157582084819079 0.352604584022521 0.254456143908908
0.117464892282029 0.0720267241858219 0.406843007902947 0.403665375629202
0.216950236418824 0.243231246328677 0.197691542632987 0.342126974619511
0.111187663750784 0.198254447788001 0.28957448762343 0.400983400837785
0.0942985977081117 0.168340202227542 0.584414670780065 0.152946529284281
0.14287575941338 0.187020292376285 0.317707016396191 0.352396931814144
0.276334669579705 0.209942068666273 0.18709508450754 0.326628177246482
0.264322196315724 0.0821829346517057 0.438109511457599 0.215385357574972
0.265723115360708 0.0584019741362894 0.0930922406188847 0.582782669884118
0.154553368464379 0.289153848935456 0.41037528561275 0.145917496987415
0.0991626205356387 0.0196878137321272 0.736455679423602 0.144693886308632
0.396680789108251 0.0353502670060002 0.124443083099625 0.443525860786123
0.52055331685693 0.26718535486605 0.0804914418812199 0.1317698863958
0.145916891247346 0.286882638067826 0.39016086547844 0.177039605206388
0.136579362132036 0.37191312505152 0.169754109951591 0.321753402864852
0.105686641562298 0.328973596169123 0.531131378841528 0.0342083834270512
0.268556749530317 0.230245352740976 0.226395562256369 0.274802335472339
0.142192524711955 0.286694912268475 0.200233801058777 0.370878761960794
0.328685572819584 0.204925534069503 0.289927205463979 0.176461687646934
0.28799708149106 0.0491639539142413 0.297067340291458 0.36577162430324
0.165139880282152 0.318322514439724 0.211192494697089 0.305345110581035
0.405257092214758 0.116531837809487 0.0711749033956496 0.407036166580106
0.320125458746454 0.188523964221685 0.455406510998416 0.0359440660334441
0.353673910615679 0.353715474790628 0.150925607473897 0.141685007119797
0.504823289723534 0.368106417589711 0.0929914044582051 0.0340788882285507
0.317207326630519 0.232450713732122 0.314520297869001 0.135821661768358
0.125455061422416 0.07013961808156 0.138304631488347 0.666100689007677
0.352668468865368 0.379182668717134 0.074460742911061 0.193688119506437
0.0236666038154479 0.467975515077433 0.486606430754654 0.0217514503524642
0.605474732949462 0.225182496546379 0.0827119858201577 0.0866307846840005
0.11435213198707 0.0342364940269699 0.259387342701671 0.592024031284289
0.0167826459635712 0.481978303587752 0.136513575962608 0.364725474486069
0.37526655420495 0.535551423538012 0.0190795810968131 0.0701024411602249
0.490953958621636 0.462560225565075 0.0412646023905901 0.00522121342269854
0.462221765236714 0.0422497501560964 0.35580978691186 0.13971869769533
0.319211324216837 0.179650506075524 0.292207842610917 0.208930327096722
0.116385400970951 0.304641065179452 0.545164958301487 0.0338085755481097
0.354124607327241 0.214918085224102 0.124073467194409 0.306883840254249
0.335620139897543 0.172313838669091 0.372240609410011 0.119825412023354
0.0470031916268351 0.244680671585905 0.395440165252893 0.312875971534366
0.451114756846982 0.0705842987947075 0.373418319082901 0.10488262527541
0.304889354253835 0.302225962018536 0.192226489344237 0.200658194383391
0.0104454535123435 0.116034949335909 0.513794898703966 0.359724698447782
0.169924797741244 0.307412093448991 0.407918905571813 0.114744203237952
0.217326471356675 0.26381047277069 0.181854983279334 0.337008072593301
0.261601661064537 0.303536456112411 0.265965867564277 0.168896015258775
0.254991469034274 0.29798047512604 0.256367951173809 0.190660104665878
0.0393134862533372 0.129822116803674 0.739017939390045 0.091846457552943
0.0243690236000874 0.316572232116763 0.341381973011824 0.317676771271326
0.42197505563017 0.301858517033739 0.110720500044148 0.165445927291943
0.266755191930703 0.237342429519483 0.1202543150509 0.375648063498914
0.228235777152062 0.35719788927389 0.196429100545295 0.218137233028753
0.221178555321349 0.223323295326452 0.250070665143073 0.305427484209126
0.341920731678858 0.133158262752766 0.28672592170614 0.238195083862235
0.327093792177834 0.00138983700469458 0.321148216982447 0.350368153835024
0.256206482290767 0.0737389758419292 0.313484078753702 0.356570463113602
0.206342496918161 0.382796480849779 0.380463165827316 0.030397856404744
0.235110059111025 0.304392020344046 0.127652780877855 0.332845139667074
0.183484337836178 0.197780121405989 0.422065539018335 0.196670001739498
0.489789372750073 0.021709082318911 0.132644229363778 0.355857315567237
0.28811404616205 0.376272446244415 0.166902852247555 0.168710655345981
0.0891180023887266 0.301376156362044 0.44999838856069 0.159507452688539
0.160898324286088 0.0707179476733013 0.417933383778774 0.350450344261836
