0.0566959658387677 0.147265568196589 0.0377200262066777 0.0310072215944778 0.0624465443621582 0.172696226763146 0.122147279642183 0.166107734339905 0.131509333162528 0.0724040998935677
0.0654158003454448 0.117904281954086 0.089769110409571 0.0968905972610999 0.118628810530539 0.0574188021512313 0.107413433583969 0.162228903461693 0.155563128646753 0.0287671316556121
0.118556533640594 0.0536679011635479 0.0989939542399206 0.146703705255396 0.174163316499287 0.0988932900639081 0.0739381331605431 0.167958582933428 0.0461971733324838 0.0209274097108917
0.155482504353609 0.132676787671833 0.17081429423732 0.144271377581048 0.00696780635247635 0.12050360936949 0.104835395582924 0.119853003201945 0.0120472197794491 0.0325480018699051
0.0587423287496322 0.0438288274596285 0.170858248001893 0.0718714892375752 0.111577385082855 0.0644355296862353 0.0334720694156865 0.156056819979534 0.122438208938964 0.166719093447997
0.149239248936047 0.050578802019099 0.0462047864171481 0.0593471911669953 0.171398286241191 0.126146599068292 0.146897089530681 0.0749496507251239 0.0950522986920147 0.0801860472034082
0.148645074879574 0.0331077077032068 0.0654198801182414 0.0229359732181103 0.185389764938782 0.148902194937742 0.0622792029537313 0.0844189228786076 0.175894182407908 0.0730070959640969
0.177013965557489 0.0484315324144583 0.05465826819463 0.0382022587388006 0.132926734807499 0.0707812969684222 0.19831932133063 0.136506097173245 0.00889507438902197 0.134265450425803
0.112462428315121 0.0583447581391274 0.209976008040968 0.0327682180227256 0.0861808504629838 0.155002644504628 0.108161141834157 0.0310419999776336 0.178534697676668 0.0275272530259886
0.0585776434327193 0.0566110513908444 0.0271778345784625 0.0491013069823956 0.137365732983271 0.139929948949202 0.0748762106836177 0.153622264359474 0.131241455485258 0.171496551154756
0.0637501861551621 0.0357475042133531 0.122178419288884 0.0807679235055951 0.151587461231966 0.15195950130272 0.0150701831927032 0.102818683836074 0.126687991556898 0.149432145716644
0.127139888083331 0.123602180768022 0.0661610428473832 0.0369858373100272 0.0637912004658244 0.17419242121425 0.168691733050341 0.049208606434918 0.0649641945357001 0.125262895290204
0.0370114365863471 0.124230679249937 0.125945335058288 0.0295701184671578 0.0383542783953941 0.0723504831612541 0.110884765406536 0.245139163837378 0.0168391451337555 0.199674594703953
0.123749644840459 0.159336863491298 0.129584301980442 0.0586798329870786 0.104761685980716 0.0807428134918445 0.0393976718357002 0.0337420997953619 0.0903162987651031 0.179688786831997
0.0725931655228118 0.13142899396186 0.101715875160859 0.108752727907065 0.000434816351161518 0.0215860218444638 0.100928558702847 0.107276128562182 0.172100678294907 0.183183033691843
0.0220274131309133 0.0737143287919089 0.190196000499425 0.14254850938246 0.167462715077876 0.0831510707118734 0.120466406927811 0.0816917541604283 0.0381771066565779 0.0805646946607253
0.037832086990868 0.0926659188563735 0.116885663470062 0.111861786705625 0.252362421796462 0.0842001130340673 0.0414187776589581 0.0357375973229735 0.159582674612019 0.0674529595525909
0.0552179352078953 0.0994388860659701 0.129473799182422 0.126802932417757 0.0430388388077689 0.136718678419566 0.105513688243254 0.115833031876666 0.0423631929507367 0.145599016827965
0.127646230801574 0.0105757436656138 0.0763854357876238 0.0439536979949123 0.120683539875016 0.139200199491856 0.141922614310525 0.140868068922105 0.13642635201868 0.0623381171320938
0.142231760600779 0.168691747397384 0.0168241957493098 0.0531386132933764 0.209999840174082 0.0390636782868414 0.0758026857596055 0.17597584251892 0.0127503345352677 0.105521301684435
0.0634260055091934 0.0148987733998309 0.0965281168609013 0.095098033898244 0.152506483360914 0.0729378976843396 0.149273450887123 0.130375094964017 0.149082158394464 0.0758739850409728
0.00565883708596282 0.115105464983298 0.0108780978704965 0.0860200917063555 0.146498379257961 0.224817471838294 0.124434291256935 0.0996776094237762 0.0368101710111036 0.150099585565817
0.0276700444093914 0.0921812026937813 0.150609655196876 0.185621202164846 0.00870579191318782 0.0101292668489846 0.202287999210964 0.0859483871643288 0.195438956132606 0.0414074942650341
0.0784768695652531 0.0789365906802786 0.174768148882008 0.173797351811731 0.0321113309856325 0.0143583809373438 0.0476779408652761 0.141497935374674 0.0732702662630726 0.18510518463473
0.0138101489365812 0.0119660735080098 0.119164327412221 0.0894606355845783 0.157049658995494 0.127978764491793 0.00260005142985542 0.0362766937010065 0.15296431698338 0.288729328957081
0.0565530897298486 0.0342587521381885 0.123458668700833 0.185470978187661 0.149418782233873 0.131282249280005 0.0857690559335612 0.00689944446275604 0.195009081364471 0.0318798979688026
0.00844752245180786 0.119439902900642 0.0598463187389314 0.0765227745029967 0.119743750049454 0.0359112496606895 0.114489445189293 0.0488227479964154 0.200732674387326 0.216043614122444
0.0301421180770313 0.153832188166944 0.11470854086573 0.0509162213837326 0.183623312790035 0.102030414899196 0.0878142366825582 0.0104612921473034 0.0847578689497733 0.181713806037696
0.0843012857968351 0.133298823558307 0.113422942934916 0.104488355592082 0.0776052035267791 0.0879218530855828 0.0788757878228425 0.0803928965590119 0.115344894235544 0.124347956888099
0.11625786208299 0.131556549649867 0.0113706123906177 0.213984369244776 0.158341388538419 0.019242929061664 0.217820487258222 0.0131329670610434 0.0301297074926908 0.0881631272197103
0.0974199974948308 0.0341547172994213 0.0868686177717736 0.0382776951487665 0.155769702024378 0.135046380743363 0.186959387755286 0.0342667121423324 0.134027873156725 0.0972089164631226
0.0934433504331585 0.118431864042995 0.119450036748593 0.130976356568739 0.0805294176045685 0.0869132809148916 0.00490309179475165 0.167373163424323 0.0910125179974561 0.106966920470524
0.018659993854612 0.0872436411827185 0.158472814447535 0.0874723069441834 0.128537672356177 0.0259511635138598 0.0251091222910483 0.162533751563372 0.14442337516384 0.161596158682654
0.0642313318160911 0.0824044208848166 0.0090243913437013 0.00764535670137717 0.162013603833423 0.142168562315183 0.193150962605157 0.111873167819623 0.0662476053680392 0.161240597312588
0.0784091617417613 0.205908367165986 0.0716856334223575 0.233413892599649 0.0645896543682867 0.151215437942002 0.00540071008405279 0.112542402974739 0.00693893069698363 0.0698958090041822
0.0865603346094602 0.134406429665426 0.0269058729373112 0.124936183327637 0.16902751137095 0.072012967992863 0.169471169918706 0.164452834414296 0.038647964982486 0.013578730780865
0.13975601761859 0.105221327344289 0.121596431036894 0.0313819860942451 0.144384716947717 0.0767954128446376 0.115018980762802 0.0533410839339363 0.170679583887119 0.0418244595297701
0.0582106235604494 0.0519583215443471 0.12397553996487 0.172478911024448 0.182742620208978 0.111963009766245 0.067253365565031 0.18694335574443 0.0197377278388859 0.0247365247823153
0.0846007206708015 0.113173357652371 0.0563967323891668 0.0823358715458916 0.0676518662817228 0.157107190930298 0.0381196452051858 0.162980515638786 0.0881728102884969 0.14946128939728
0.040885105484273 0.162627441773778 0.152108020033732 0.0627110037757849 0.1817745239451 0.0334830216752903 0.0970251820996952 0.0506050362462585 0.0564715857234622 0.162309079242626
0.152476695777437 0.0642638251487337 0.0865379120726593 0.0862680744811999 0.174896220866522 0.0642513414249799 0.0337920521744371 0.144501510944627 0.172895691651537 0.0201166754578669
0.0465774881574805 0.107622259508833 0.00660628232275941 0.11309022603775 0.0974250948901619 0.154672361876423 0.203623695355864 0.0335734249800897 0.205788019984472 0.0310211468861662
0.0961859916377995 0.00759111569270607 0.0223981662208872 0.0474930375098482 0.206081532895448 0.120985777392208 0.055101329814589 0.171172318089168 0.117606375774077 0.155384354973269
0.137747270674608 0.0193340708994288 0.00332775980529837 0.0170676748584561 0.184382123173248 0.190291433710769 0.134608741829751 0.209089918279979 0.0431928431310645 0.0609581636373975
0.000683641592943238 0.164070228984001 0.120500442781171 0.0372318005470274 0.142844986177134 0.160233591442569 0.0554676380912282 0.134887571607851 0.0990490378131554 0.085031060962919
0.0970341677976407 0.0578026735156468 0.028114891611963 0.305661475894512 0.0443605063344249 0.033098200886572 0.205814044825429 0.0458901211247546 0.0406659827553439 0.141557935253713
0.167873523839448 0.0842813964750218 0.0131107919873357 0.242092035407131 0.122735698364046 0.133372437997451 0.178639424761375 0.00441919476479854 0.0108590257969988 0.0426164706063942
0.0688003826718286 0.0255897799139069 0.254355423218925 0.217584574618755 0.0643079995396257 0.255308795379047 0.035683841292106 0.0381540688444363 0.0304836298987485 0.00973150462262114
0.0372985716974059 0.149495773948454 0.0615691630641149 0.0564607939974278 0.0958494886363582 0.167524394371751 0.154069190809981 0.0418707053155828 0.123456276779387 0.112405641379536
0.0736412370093259 0.08043713615608 0.141721354161646 0.0349642844834327 0.0658623534779675 0.144871707005795 0.00983632233363641 0.0791831077913068 0.18608072717068 0.183401770410129
0.149671681790841 0.0221431949559891 0.0679538765514856 0.198555231085891 0.181353010475735 0.0432109746221512 0.026283562551516 0.0652038597874724 0.148511111700668 0.0971134964782503
0.117582040358481 0.0814556004680072 0.0510816448981338 0.022216083245246 0.108161098780527 0.179782303033169 0.170710709200307 0.0793325939240102 0.0772349379337732 0.112442988158346
0.0271215649545598 0.124342334196888 0.0577380790218945 0.0996260258188172 0.130063095077809 0.0147510995210515 0.152428762542617 0.126804550344344 0.148436181299945 0.118688307222075
0.0484869314050954 0.132301649706574 0.10649578766322 0.0658862799395314 0.167141299552969 0.148467538941132 0.0822345372801029 0.0807624790442634 0.149835993062018 0.018387503405093
0.167158329907762 0.109431606208533 0.0612677733772063 0.0562693042700321 0.122379183613821 0.126121730532061 0.0070902913613951 0.0334680026369026 0.160071819599691 0.156741958492596
0.063506345991586 0.152308101927924 0.155102357542293 0.0526158770064496 0.0483998130127612 0.100039342866826 0.153820577109202 0.152364634336306 0.01302324415 0.108819706056652
0.13658869133832 0.0765725565926559 0.21602562462275 0.0120189258900889 0.0118236915806402 0.0455400282680867 0.220028561981506 0.195494244044338 0.0132454816864318 0.0726621939951818
0.103945806865047 0.0940942824166269 0.142851230343788 0.0608775733557641 0.0437090513494843 0.129120267687951 0.141864176948598 0.147328951485827 0.0593783909837707 0.0768302685631432
0.105839273877185 0.114566921056002 0.178855747488029 0.0266180874582716 0.0883272377634953 0.0719525584693209 0.0394484738288322 0.111236123031267 0.165543563586886 0.0976120134407101
0.140772818080434 0.180958206310681 0.00197705134400948 0.214579990691904 0.206416885844172 0.012714874148658 0.13877536510021 0.0206307634401237 0.00955113963148298 0.0736229054083235
0.046936237795058 0.0534459991789377 0.0582317611228903 0.0714972433414789 0.0773309462242277 0.0475615915330433 0.205552575289286 0.186707380393526 0.113849957798416 0.138886307323136
0.0712917558290516 0.0771072580569147 0.157933630358558 0.0668495672474037 0.0538451756324102 0.0854660753613269 0.161154598626347 0.181299668293631 0.024209857714247 0.12084241288011
0.153345016115724 0.0499858757883949 0.140735572879702 0.132445152324084 0.0347756498858245 0.0627291834618685 0.116331098472964 0.0800367260442365 0.133861872012397 0.0957538530148037
0.0430008557213243 0.00901885194377987 0.189953561675639 0.129301157859784 0.156846302544433 0.0978991911694404 0.0969383753326908 0.0130521019231498 0.0554189156444913 0.208570686185267
0.147581887746877 0.152667732091529 0.13560007521232 0.113758733974334 0.120410041465552 0.136200057154739 0.0115788372472394 0.0509786219058662 0.101429958975574 0.0297940542259679
0.0740446629902669 0.0296353490669414 0.109560179310926 0.064840620180827 0.101767568338415 0.173001721218007 0.0354944198208261 0.145037904169136 0.218707257081209 0.0479103178234455
0.104776195200011 0.138061486225609 0.0897991258754464 0.0653597649491029 0.113367776121864 0.0666848195521953 0.148753152981063 0.125176190372039 0.0605171222941715 0.0875043664284985
0.0380948771264974 0.0475782839452767 0.0569059076591778 0.151628539787004 0.112097515917036 0.0902873270690096 0.115736628196515 0.256603938433358 0.125366415341581 0.00570056652454514
0.0596479339478619 0.126205982360061 0.0466941719693889 0.00676335367362531 0.14267632700843 0.188333148915234 0.0560925221781986 0.205924402926006 0.0574587826912652 0.110203374329929
0.0867825512499225 0.149508970362063 0.0096827768781993 0.0528205576909759 0.0979958807028818 0.116531560194484 0.0673190925271283 0.133036160080907 0.272769811304292 0.0135526390091466
0.0189169964463266 0.15706149135154 0.0215036797901275 0.159761278969288 0.123057195030043 0.0783987133522219 0.00172060526847522 0.141167238119218 0.125687329051185 0.172725472621575
0.15699490806013 0.0843040458074049 0.158130334122572 0.0930498791635181 0.105421452271051 0.0645081170102539 0.122792240460668 0.00920910728272034 0.0191637291844511 0.18642618663723
0.134756822674937 0.0183387794768361 0.0219019643313597 0.195747709026872 0.0550597835271742 0.167128671108764 0.16884014800406 0.034645472097172 0.0890090132265731 0.114571636526251
0.100750236917541 0.053448512212014 0.129138095238128 0.0868304972507415 0.137857328030156 0.128652143952266 0.154173863505158 0.0559002519875242 0.152994895285094 0.000254175621377416
0.102898184255215 0.125907660508753 0.13881862438345 0.121011575982721 0.0256458667715698 0.114297653434839 0.044855435563458 0.12802139797059 0.141066720012225 0.057476881117179
0.111881835985426 0.0455610370658053 0.10686831142253 0.178803914595104 0.00819094409961535 0.0103237736914529 0.105650465311937 0.0596933321234002 0.183130976624111 0.189895409080618
0.0679424239977097 0.041724665298627 0.106336331497121 0.139293012000883 0.0955070399639343 0.070220489894067 0.149946634472765 0.0822548108958207 0.144827647761971 0.101946944217101
0.201241958524066 0.104087585110145 0.116179587442944 0.106259089388312 0.0248399016456914 0.0130112647808093 0.142087357954268 0.0508146136969344 0.128676239916077 0.112802401540752
0.0931365803483769 0.091961159202863 0.0599265210329066 0.0248835143577937 0.126820010408929 0.08015886240952 0.228230547639677 0.133231633466503 0.118566473026841 0.0430846981065909
0.0736452600467006 0.0524932790086713 0.133654037664229 0.133872921302681 0.136453778072417 0.0976715317127676 0.121588457102352 0.0624814635990429 0.0780695859996112 0.110069685491527
0.0613509392723969 0.0902509310594519 0.248068076931842 0.0364807948912247 0.213967037032295 0.073774453337941 0.0831016671061745 0.0878414419082735 0.0604213209221138 0.0447433375382864
0.0894213520014685 0.0168732054167677 0.136565469656442 0.109460343263887 0.112383253635949 0.14719809391276 0.114779660476932 0.0753074903384079 0.106592995211293 0.0914181360860918
0.0744913451402305 0.152831273914416 0.0388196863414151 0.121934370186281 0.119605847835913 0.0428554691009734 0.065516080079748 0.0871464912065493 0.194048293488471 0.102751142706003
0.090011384685309 0.0426300531819089 0.172168221441155 0.115538194257463 0.119227188792166 0.123746915623665 0.0544586538734546 0.0906273162653379 0.0607589854523512 0.130833086427189
0.0590618363002298 0.0933954224986823 0.179261593785425 0.0288115323657531 0.0485168867113616 0.0952361138749928 0.144577657059596 0.145251579051989 0.0296966906490894 0.176190687702881
0.022354493228113 0.25485659733497 0.291463999608033 0.017893567650608 0.102143212996888 0.00896687522596445 0.0334549993700871 0.0662055358611159 0.127532877271628 0.0751278414525931
0.0662049142146581 0.140251159453647 0.170410505693652 0.186213199164685 0.0532823730374552 0.0789893152570472 0.121862872977498 0.0216163743349804 0.160452161697808 0.000717124168569461
0.0550363496109455 0.146084539915309 0.127162001247982 0.0962516285121135 0.115123222458326 0.0734470608766489 0.127630161387492 0.124431865291796 0.0836104450143904 0.0512227256849977
0.0639225199470811 0.0436170900664905 0.104678037442082 0.172138089932151 0.07152575187826 0.133358496099582 0.0346823871526394 0.0848495336568728 0.154813211100397 0.136414882724444
0.105897529275499 0.141177447345853 0.122922663405997 0.0550182029219442 0.0382552052275976 0.118519898820524 0.132491002356647 0.0545258932307325 0.109959626542302 0.121232530872903
0.147729876273731 0.151526737246499 0.124386632957604 0.0104129318171745 0.102648507138463 0.0978048514859832 0.00312559956279166 0.173469566490777 0.0811440283636971 0.10775126866328
0.072916163709442 0.0454888170451617 0.128638995456093 0.153798637262552 0.0265528559155834 0.10235476665294 0.00163282822812002 0.0757801473701414 0.211428740168471 0.181408048191495
0.105467830987642 0.101048691890776 0.129529320776667 0.0687655918513106 0.186270691673952 0.091496307587864 0.0655418184133011 0.0848909309089343 0.080038271619803 0.086950544289749
0.157533504770874 0.154605530492045 0.0600198137960777 0.147744876395877 0.0850477179277981 0.157449312940033 0.0743000065532261 0.0782237653806886 0.0453062139381497 0.0397692578052305
0.163869344019925 0.10057283323553 0.0476971391727623 0.153906656872131 0.14855926794188 0.0932092136456958 0.0192480427010266 0.140894876002959 0.0122996468869545 0.119742979521136
0.0675514569322714 0.0355609060187345 0.166951386268777 0.0120976701122864 0.0532520318550788 0.157144335747392 0.0991148442474591 0.00678435940874916 0.1942965601115 0.207246449297752
0.0655090600860653 0.0675988987735985 0.159475901420859 0.135858523746672 0.133213548899065 0.0657332053366487 0.0214280075965808 0.0591606342767412 0.185666023776282 0.106356196087488
0.166733741301842 0.207404384514999 0.169808722497609 0.0971316750691725 0.00829835833191727 0.0574635565643401 0.0569138817244577 0.0864924726526475 0.0165027420015718 0.133250465341443
0.0324765712140178 0.0578372544519607 0.164303404349132 0.0173829868364835 0.245989064907858 0.208006313126 0.0935162668700776 0.0485663679205855 0.113377233859095 0.0185445364647908
0.0907940640435044 0.150887202625987 0.148779550759388 0.0397210907716318 0.0823907804844084 0.0158681033066609 0.0842677444779789 0.143797558657777 0.102903221705006 0.140590683167657
0.157943515641045 0.0564725109996053 0.0972217576389987 0.115796812495407 0.102622290323341 0.149327893453329 0.0401709488121546 0.132470654023206 0.12757034384979 0.0204032727631244
0.13857784382784 0.035798154974501 0.00675512874077668 0.154648554800572 0.153738799049682 0.00253085839833928 0.168140852554809 0.0921639983930704 0.142428291963283 0.105217517297126
0.102299313375915 0.139177551822419 0.0453841917571142 0.0976653058253192 0.0105668063887629 0.129248769849636 0.130144660960454 0.116769190190305 0.120228318773795 0.108515891056278
0.110863864218805 0.0906437273247358 0.163981199283585 0.0178712967867862 0.113896414145608 0.021537857331824 0.0044004728089572 0.142508075153192 0.143064872994144 0.191232219952362
0.0446265710905271 0.104996160569181 0.0601977604525062 0.0502927209902147 0.104641323446866 0.0743205954396265 0.185498840940092 0.133924216931456 0.00778198026884197 0.233719829870688
0.0453005940697977 0.124182383370351 0.067456706171855 0.121962574366144 0.121311193114733 0.155282604337363 0.116017719702421 0.0594251115079715 0.0303321214479314 0.158728991911431
0.119130442781598 0.133027385850887 0.00848708359681026 0.163907558678965 0.134609227621665 0.167865024800817 0.0309482048052085 0.13439317205186 0.0649218136806213 0.0427100861315686
0.0123257517665591 0.0633169989003266 0.111905940903741 0.194818676602766 0.179826969457521 0.187428747043513 0.00623819375151645 0.0786102544354818 0.0316860744122236 0.133842392726351
0.155726441265688 0.163366354637528 0.102960477116096 0.0496824964781475 0.0631042939524129 0.066503154680915 0.112183933918259 0.150491370383661 0.0591308594613265 0.0768506181059665
0.108233166624064 0.0929288114751568 0.0866627745989446 0.180454842660973 0.0944177047310351 0.0444863822913202 0.050563079514886 0.180457278644823 0.145367498745097 0.0164284607137005
0.123973652908135 0.146059942112265 0.0834778358952735 0.0284390426561671 0.0590078996999244 0.148354101047143 0.0655038123986724 0.0533005951854003 0.17050156221096 0.121381555886061
0.189089194667803 0.0757246347839211 0.0110530661916518 0.0361295100170222 0.0754154578463865 0.141191097911869 0.0632387090588448 0.106755714514404 0.11487756579344 0.186525049214659
0.244359835579445 0.071170600849691 0.0180132522242471 0.0776712568751114 0.0695203311732373 0.0922033071977382 0.0396367906249826 0.156494075583182 0.125487435836037 0.105443114056329
0.0237089483946244 0.116176847685063 0.10869622033685 0.0767924814670622 0.0769334971448228 0.168002076992393 0.0793200713467645 0.150099579337319 0.163978521171214 0.0362917561238873
0.122315215002598 0.0435585638440951 0.0430653955488156 0.122559756689081 0.0769787419261062 0.0923081217883772 0.0428641523143447 0.174831359156652 0.0642853274642771 0.217233366265653
0.0720319656980911 0.143305145309316 0.139080336774255 0.028802482825088 0.0812688974580241 0.144192870282898 0.158358719072039 0.158304117711018 0.0208112774129447 0.0538441874563262
0.079285416209207 0.215808475833103 0.168463060713601 0.00874337516727633 0.0418544519620792 0.0539532263179609 0.0192441439267735 0.210105113747415 0.0709043025509322 0.131638433571652
0.122635026948784 0.147710625064575 0.0300194267037415 0.127217618350475 0.0923166517961788 0.0103884703108339 0.0944371115955887 0.0529260541155437 0.207120007703836 0.115229007410442
0.0203002431466309 0.164736055086734 0.136827996198789 0.170920915720925 0.0410851543268685 0.0928000539792954 0.102712900381844 0.0796444133237123 0.121965112021248 0.0690071558139527
0.173481427901602 0.129209063055311 0.103456450120163 0.0937262989998444 0.00912316022087025 0.0671070644503165 0.167146372286612 0.0805240785625444 0.0939981040792873 0.0822279803234487
0.104798127166127 0.0383499894304232 0.145227505975643 0.0652730210905707 0.00105189343843131 0.0783602349371696 0.126929157179817 0.154078915943735 0.151829722389194 0.134101432448889
0.089643260887641 0.0146433568490891 0.281085496229752 0.00580212804135721 0.00701681674738284 0.0751372390301919 0.169403944937662 0.0473672824463225 0.0860406271389583 0.223859847691644
0.0476831165290965 0.131212872512885 0.0330013529381441 0.13400574384732 0.0610896399244404 0.181866335398261 0.0053459940758459 0.139511695820553 0.181606067950065 0.0846771810033887
0.112424781311736 0.136161246398788 0.0632087305838143 0.00298829028913 0.0247920882977454 0.1698797796072 0.0862528618482222 0.176819824322188 0.109865853102506 0.117606544238669
0.122170553679074 0.186437725659527 0.153010179146139 0.112147248857789 0.030612462811548 0.156493951584523 0.0929763202949249 0.0642106737330537 0.0161908275928844 0.0657500566405374
0.0809930661309864 0.091473478409465 0.0132704627374178 0.142255139972247 0.156389079946212 0.134885944230264 0.0793768224892877 0.152545037480472 0.128363359842737 0.0204476087609121
0.03202887421053 0.0512126448541894 0.113267398936999 0.000957255332409006 0.0720698936588175 0.231475655785755 0.205495833847627 0.0957646193589882 0.17498978428518 0.022738039729505
0.219224896619906 0.105104252574599 0.160322920050614 0.133156176633197 0.00260623796644579 0.213866920700893 0.0209453044444149 0.0934703507548433 0.0061156044587459 0.0451873357963399
0.0354350590306037 0.168851460311738 0.15352963677747 0.116064319684158 0.0410306719879844 0.0988020018583452 0.0562901810371393 0.0816305420245823 0.0261708683649391 0.222195258923039
0.0690916634149514 0.0386997007391362 0.122887252239856 0.139301947265657 0.20194104827512 0.0469617599391814 0.138474801099058 0.0921739557451146 0.0468851968025015 0.103582674479424
0.136317778365967 0.114494998812092 0.0637627166545552 0.132639918792927 0.106636904701043 0.10036183869258 0.0195491318154589 0.137565883577619 0.0575951669721086 0.13107566161565
0.107328661778815 0.0906206966971861 0.160661841513536 0.0195342600501681 0.0912606532380241 0.164213978766449 0.130616771147699 0.154823641823468 0.0715960154627544 0.00934347952189932
0.103527285011216 0.0758031768801248 0.0585977044581791 0.0884980978686252 0.125509729776597 0.104988822515637 0.125445445308551 0.0664017618250265 0.132513405257053 0.118714571098991
0.0024653029171013 0.0928565148517145 0.144498269791748 0.119588797634535 0.117146813054948 0.112188427656127 0.136425079735115 0.100616283199622 0.144460607456797 0.0297539037022935
0.072499750345273 0.0993147105565091 0.107409410242193 0.123821672836301 0.13275036358836 0.0733224679786982 0.0490195023850203 0.0898702653446986 0.160144630091807 0.0918472266311399
0.113728509761547 0.182749356393845 0.0942545845686339 0.104338315037648 0.123214657970457 0.0723965925817306 0.0779445312823793 0.00968867142824678 0.0380855498927276 0.183599231082785
0.0824224495318441 0.153515948360725 0.105980876061086 0.059965445204664 0.178754707733017 0.14248710820734 0.0621192904644137 0.0509811903757822 0.0326235244368136 0.131149459624315
0.0552580711622418 0.154562790978134 0.0735835639695464 0.0356688829348742 0.0304714053319335 0.132963282952195 0.0651051354006918 0.149984198702144 0.150527268337971 0.151875400230267
0.0377556185862252 0.0905245311836827 0.0278503297641064 0.18083864188309 0.152536148586384 0.0509067245142934 0.0666713223582335 0.186721879761738 0.185039898456372 0.0211549049058739
0.173183210621 0.133220264698821 0.0275886648123739 0.0177201316601413 0.154213928871217 0.116623465726872 0.0757838867737936 0.201147809784236 0.0512047753855864 0.0493138616659592
0.16236303937528 0.194658429929615 0.024776521276676 0.0613450236189727 0.123039275167158 0.167965679761894 0.0226099236277586 0.156294206709934 0.0755438424505322 0.0114040580821792
0.154551025463496 0.0414689843372557 0.134634501708767 0.104459899382656 0.085646756321502 0.148099317781207 0.0134590055074334 0.0386902053551898 0.102750489237856 0.176239814904638
0.154147436650498 0.161067179167779 0.101830387658578 0.000542666638725341 0.16078953346934 0.10941602173169 0.0676632503086785 0.00967778539529993 0.0617836504786179 0.173082088500793
0.101870917206049 0.0844810642433579 0.00600434321750213 0.0125580908688993 0.0434895786420839 0.125945152499033 0.0482842017697305 0.220455943141652 0.0947305148667617 0.262180193544931
0.0229201953212688 0.0961797302856751 0.0047933695768594 0.138343818755581 0.158004305533603 0.110106764350383 0.143842202382755 0.0435978247708451 0.151841457235398 0.130370331787632
0.22159944107642 0.0700780580146417 0.0309146463373612 0.0702865276519883 0.161147121433004 0.0359228106944013 0.2051826270376 0.0135796293611615 0.175310436586656 0.015978701806766
0.0383797806162505 0.175049511598852 0.127708832643626 0.107648679625815 0.153968549794778 0.11049289255196 0.00874858396458349 0.130534711671915 0.0158985422307219 0.1315699153015
0.0188383655548782 0.0682807831989911 0.0406067698772152 0.0232817320142766 0.147207070851336 0.0304413588916421 0.198265423973945 0.195892992248901 0.23275975014599 0.0444257532428257
0.189194171800159 0.100234148741634 0.103774022802845 0.121189927997214 0.0864225659589642 0.126001644486593 0.045547753102007 0.0554179346117627 0.144082751398846 0.0281350790999744
0.0359611129628485 0.0797524117113662 0.197350224059949 0.206029477292754 0.170345795441753 0.0982854366525119 0.0189655996932137 0.054630418836726 0.134422392530613 0.0042571308182649
0.139133861582032 0.258719585249902 0.20405283936488 0.0499384295536883 0.114322532617057 0.131404363459034 0.0418854942689853 0.0261984568766009 0.0300266480155488 0.00431778901227171
0.130548501723273 0.113370794128258 0.162654259415226 0.194037484994838 0.136203507975818 0.0530858596251639 0.0433627316618398 0.0116691313433876 0.11904967211604 0.0360180570161568
0.0180000191817199 0.150795649821579 0.0148465411574994 0.178364649419408 0.0269607616540149 0.26687190504126 0.0939222081467045 0.184331228733099 0.0633967718853549 0.00251026495935884
0.123384787429053 0.161874460756648 0.167322932255461 0.0013713526614485 0.0239723533538981 0.196491850749514 0.101691172068308 0.080824988265811 0.109482028269846 0.0335840741900115
0.186290540710484 0.202118175143924 0.0732108338517555 0.114873865008165 0.0150151010411978 0.0192600037574095 0.0285331308670962 0.00950852249419739 0.21396862113338 0.137221205992391
0.116979051709466 0.160621307530237 0.146683462185527 0.174740002343705 0.0624790019455107 0.0466801469458428 0.0698493790218414 0.0405706349371303 0.0512562714641149 0.130140741916625
0.141899607482977 0.182482908289328 0.174143895088959 0.0005479151083207 0.0345852666576251 0.0257218192797903 0.00671827625918386 0.110682420470486 0.13713662737361 0.186081263989721
0.120636779436151 0.141008766793124 0.0604000131110145 0.101892466979805 0.120041270727753 0.0900363683923921 0.0981675876135052 0.079329068477805 0.112557948220861 0.0759297302475891
0.168324277460652 0.150553033330078 0.0379336029609622 0.00664133050639207 0.00557654118883054 0.178210003963668 0.103708179966127 0.212295994235418 0.085252835394433 0.0515042009934384
0.0111005040488524 0.167596195686147 0.0158452428375939 0.0972575373177775 0.175824349963672 0.00421699714544813 0.153538770672491 0.174745676965173 0.0108290299545229 0.189045695408322
0.0695252220757027 0.115310468474157 0.0553209592705653 0.096911283474719 0.0813008228406874 0.0719523346341076 0.145686982619876 0.10838922019786 0.149602755274309 0.105999951138015
0.0204559520540866 0.153897557414534 0.197732019476301 0.166552736489921 0.0435881740814839 0.0144526106707742 0.141387591625319 0.0838214151263644 0.139092479854118 0.0390194632070985
0.0751697872855503 0.143313259942738 0.0290804657530529 0.134785311399453 0.166486746538385 0.0173173742694785 0.165192308101735 0.111754812561803 0.097197964283421 0.0597019698643835
0.183687871305589 0.150153599069437 0.0107417252268914 0.0395348756759257 0.0773347507080535 0.188863336434649 0.132166438123352 0.0975045154909157 0.020487319684475 0.0995255682807117
0.185810409276427 0.103004600880136 0.0792148630279847 0.0979102840505129 0.0790865755597423 0.0780657884906732 0.191957097748649 0.0797398672027288 0.0285039699878163 0.0767065437753296
0.142291607300366 0.159604938231066 0.11750913510116 0.170726983118782 0.0315021744468232 0.0498101830739077 0.0270317299051585 0.085309115654003 0.1696536141732 0.0465605189955335
0.00471902789221035 0.0790297051830721 0.0694657387048106 0.173029417227205 0.0841153946741421 0.0999234677101212 0.139006569481479 0.13988264284451 0.11703865451387 0.0937893817685793
0.170298567020999 0.0424544487066238 0.0318860493994202 0.143027270802206 0.086393286277787 0.0849393000577809 0.0549657341783264 0.0699760547142691 0.159806013740228 0.15625327510236
0.208104680739617 0.157006904805288 0.108842008652705 0.125724009340519 0.188406445284984 0.00245974019287241 0.0349182676891438 0.0741765175667415 0.0898158202987075 0.0105456054294197
0.195834446484006 0.145872837616759 0.154405058799987 0.0260049464175784 0.00213373814892046 0.115998064427303 0.146627761407709 0.16269039691292 0.0499992175759219 0.000433532208894865
0.0897960919866095 0.0724978799255579 0.153983614576309 0.104869883447902 0.0294030634172384 0.158898033065895 0.00531654750096979 0.099156982576829 0.170303584291409 0.11577431921128
0.159989862666628 0.05112569467436 0.04660935330433 0.0913868748870079 0.0329544299676888 0.16515077292831 0.157910115467509 0.149158857313181 0.0582015086076459 0.0875125301833396
0.0438555928400685 0.0100501707665281 0.15470512470809 0.0289818785671258 0.15583463388261 0.159220999608825 0.0899254773216368 0.108539618070476 0.0870359925767554 0.161850511657884
0.251481408508612 0.0380876985007924 0.062941507201978 0.0449980646035039 0.00585782716615852 0.194533346296719 0.0149757025213168 0.116560180113499 0.0513122584253981 0.219252006662022
0.0795903875231717 0.157809688939753 0.0978118465412317 0.113775375378415 0.0243480164063794 0.147817445931958 0.104800314527094 0.121049929489645 0.0823162911942879 0.0706807040680636
0.018393838033919 0.054081658524061 0.148690515372985 0.239925994412806 0.0235176273211751 0.080705704107102 0.0193452701956572 0.1363915775017 0.146563251757068 0.132384562773527
0.0585456456124648 0.196954282442321 0.00691155062522365 0.165601664223145 0.206576417445837 0.0942455760750019 0.0318104372851766 0.0389882769812017 0.00800894270024763 0.192357206609381
0.128837016690236 0.153231522512166 0.0323754584443969 0.122421536490598 0.162163246761527 0.0454133751448742 0.088811298456941 0.075019158073661 0.0417505651266759 0.149976822298923
0.00159504484530798 0.0348148028042804 0.0527133019483095 0.15418307817708 0.208186590933707 0.15741611979036 0.168808509211436 0.0901179837602366 0.0618614198975292 0.070303148631753
0.147049917968524 0.146150091555121 0.14823467393664 0.0724927928861107 0.0270509424063213 0.0796093703414853 0.146722399616816 0.111448922868776 0.00593658598316186 0.115304302437044
0.0790555792903078 0.0423873870450362 0.0679648296782231 0.162574005454263 0.0715278448942492 0.0432195900690401 0.151350098828148 0.151214159236556 0.136478122598727 0.0942283829054495
0.0698220405692344 0.224205451051749 0.110056647860616 0.0487868177512624 0.044913048113085 0.0448459480106508 0.012251215986776 0.183123911881301 0.0341503419788662 0.22784457679646
0.0939289751026584 0.157747375254868 0.0150650935609658 0.119336489458431 0.089731006006708 0.112513224755209 0.136273003196143 0.0258229978181199 0.120490986481894 0.129090848365003
0.108348474157371 0.0426585534211494 0.0656306302076873 0.0507061221881552 0.0119550708407206 0.173695494681658 0.154538288387493 0.0925649745993845 0.172367045698033 0.127535345818348
0.0874366079524307 0.120096665203251 0.133238106086887 0.172393601927717 0.0100692443915476 0.097241385311644 0.053944842091133 0.0359099907386193 0.165387440925459 0.124282115371311
0.121270445187175 0.0414332204702396 0.106046964173039 0.121970374531829 0.0775350961889009 0.0252583763875395 0.029635300971825 0.178022617296136 0.225967037363271 0.0728605674300452
0.0623497976606159 0.0940294967591739 0.0877805483687577 0.0291538709246865 0.052870713489647 0.195517810256655 0.00323279591019486 0.059926436275364 0.219833438362572 0.195305091992334
0.0869713226475866 0.149924115979425 0.146107698693422 0.0835033702686529 0.0788517287376183 0.0665317849877542 0.0797645229836217 0.0354168537201815 0.116068124313564 0.156860477668175
0.0422127523030021 0.121931431414337 0.0973893152121506 0.112236435152662 0.181780768069843 0.0939530224146429 0.0685704022054199 0.0691195832574373 0.210451688135849 0.0023546018346561
0.0881887376811169 0.0759653976029174 0.0461018707976768 0.194210811431642 0.00335587866099403 0.09476689974371 0.135299419295539 0.105198031846806 0.180400360348459 0.0765125925911394
0.133797442918404 0.0082398509376011 0.135109652704631 0.109789094296089 0.0585192470423221 0.114097169568736 0.00863248982018213 0.113939162948333 0.17907084820835 0.138805041555352
0.187107675171974 0.101022769977405 0.0894027045727249 0.129079986815997 0.226230386958729 0.103118600262733 0.00373276160775981 0.082801820036977 0.0483292450909667 0.0291740495047332
0.128147819001509 0.0872518220148463 0.140914979817637 0.0540248455893276 0.00499130685279669 0.0565942377403947 0.136974902973157 0.152710017066398 0.0963140365230192 0.142076032420915
0.0754299652068379 0.0255570752462794 0.0746077580660906 0.178527152190561 0.0494286311553819 0.165807584269796 0.0371066116059173 0.0736872754966644 0.149291864928808 0.170556081833663
0.0127717352835929 0.00828449166762363 0.0331515513151861 0.0646152080851557 0.149582118371806 0.155251052242911 0.197532284614384 0.0194647807686317 0.1813911777442 0.177955599906509
0.0549511989190715 0.00639811444269953 0.0565395518231882 0.14402967357081 0.112609675423453 0.207399920446859 0.0397091989011583 0.0159035295234206 0.189051285458679 0.173407851490661
0.178520433169913 0.068358025475675 0.146323542463539 0.0584300720024677 0.0748443094765948 0.184772685222075 0.00468251138123545 0.0985374851601236 0.0585254721316218 0.127005463516755
0.00094162561172894 0.0135009892890589 0.184483763349305 0.0127090396616402 0.166635543761668 0.0648919001762166 0.0612235884821 0.108195450098419 0.157318862845656 0.230099236724208
0.0225666655720467 0.112150644389457 0.187836858113771 0.0243914650536793 0.0404673574278794 0.106377179932733 0.112364715370176 0.107984622714345 0.127009008551913 0.158851482873999
0.0667942578938308 0.0279798255499494 0.0999429333938867 0.140652381452065 0.149040322610495 0.154141991422002 0.127926847542879 0.125252815054007 0.077224275586867 0.0310443494940181
0.125277894287612 0.106195624623915 0.150234461546489 0.16637555865908 0.0677902835487627 0.00437282308094454 0.0206911582154298 0.150542917618906 0.00391893059640167 0.204600347822459
0.124816813726569 0.034743123755592 0.0712517334253753 0.138002186866376 0.134477462586698 0.0634270362962921 0.12488762628738 0.0588282228802653 0.126641242439795 0.122924551735658
0.0285128622855628 0.128820141122504 0.0851423364098484 0.152874895972441 0.146043029695763 0.22264023212464 0.0622042721788627 0.112732845132835 0.0242409585801963 0.0367884264973476
0.202052948973025 0.0683221842404401 0.0680973039339857 0.0536476712588315 0.155789534136729 0.178926203226217 0.023822255704227 0.063774532916531 0.102049672605375 0.0835176930046375
0.0078045737138769 0.20948680060458 0.169184806276658 0.167779542692428 0.00501175171783874 0.0476821638263237 0.143951926946456 0.117039123202973 0.0800400854188636 0.0520192256000026
0.112173110020854 0.0805198372344381 0.0821851471081105 0.133587192943484 0.181446694509515 0.0767195653110162 0.0418101878604968 0.166495001259846 0.0377065476244699 0.0873567161277702
0.00265169086438388 0.0739132246354502 0.0778383974812148 0.121673097851565 0.0187869992051068 0.216061314630632 0.153404829284376 0.155747369230737 0.145284300210414 0.0346387766061206
0.0747570133579457 0.0335438947774562 0.0136220327222386 0.115850547310539 0.179406591869979 0.115591633697037 0.242638360995023 0.0378765985068056 0.143623509607961 0.0430898171550145
0.118397966853737 0.0499028865206287 0.0186281279489435 0.160063480306006 0.0894361440876152 0.192024725770767 0.127276123769854 0.0729947058604743 0.0640891805331873 0.107186658348787
0.0608045989187554 0.104083859478996 0.0522629705514973 0.170746924555442 0.1444366343991 0.17744553474737 0.00229493008420009 0.16108552489727 0.0672112298594924 0.0596277925078754
0.0720357086710827 0.1776193000893 0.0254993262068881 0.0884495612623348 0.162192617236016 0.0286173115951841 0.149200276534638 0.0986819285148495 0.0597278469265844 0.137976122963122
0.0571276211449084 0.0407785832764728 0.0997186691012133 0.126074138069669 0.0958187339243266 0.14313132093427 0.131277654629595 0.117774809207401 0.116617317108578 0.071681152603566
0.0418999649066206 0.101516291069285 0.0341136507133263 0.0895932191908502 0.283101462210711 0.034551622085579 0.0392864283853354 0.272114537662531 0.0154219754527416 0.08840084832302
0.239956912944216 0.111923136103553 0.0772903311020612 0.0584571572243922 0.0312054229102574 0.169524211210279 0.00469321702331167 0.0611154840394324 0.207754379259157 0.0380797481833394
0.14271581635098 0.0980671480086014 0.123720887241509 0.182662892845287 0.204828476820416 0.0233326534581082 0.059386676237914 0.0259884321317784 0.0782498114493358 0.0610472054560693
0.0880081460321325 0.129307646873267 0.146749138688745 0.0227594847030815 0.0738708944138737 0.189125877199171 0.217944232579982 0.0987210225272679 0.0329963490847678 0.000517207897712211
