0.00418778742532906 0.0530006802938631 0.0943132591109912 0.159920592107604 0.183920676262961 0.206581918029943 0.193778725509145 0.104296361260163
0.176581425108425 0.102730964223864 0.0245979736968217 0.219776226417603 0.0580682364970429 0.152104168252807 0.0341085983425479 0.232032407460888
0.228320467113068 0.0191552010834523 0.129291117099959 0.119689531232613 0.293840060308596 0.0406084087243399 0.140172487745623 0.028922726692348
0.0645025484083375 0.195001169175884 0.0910393289926314 0.0883142383861519 0.307664746917925 0.154720045641864 0.0846379902084649 0.0141199322687406
0.14496152167401 0.156099856592187 0.16585003077257 0.0255669432434556 0.0589093791021433 0.116800513101198 0.191904803650795 0.139906951863642
0.157685495929161 0.185307096446595 0.11330118864517 0.130147917545766 0.0325497778632904 0.0988786860781662 0.155486003400277 0.126643834091575
0.0222784464052906 0.0466913956562173 0.215828588616776 0.0170886564139096 0.12633334677736 0.178074699071061 0.140836432998328 0.252868434061058
0.0427278433687879 0.020787400568025 0.188901529388654 0.0196730213099311 0.190612144581735 0.130946566256799 0.205590226602486 0.200761267923582
0.058759941370683 0.0987151688378566 0.107920057990386 0.0906994114354601 0.157593737617845 0.0865496170788495 0.246564065908886 0.153197999760034
0.205548529733778 0.128046418484859 0.234076911041904 0.0192143800432449 0.0837338293028516 0.0784872956717289 0.174570716775343 0.0763219189462901
0.163164061794442 0.0185887228119804 0.0793734356441987 0.116715454878953 0.183525121347499 0.224832691029006 0.0331798085094786 0.180620703984443
0.0215671118864456 0.153872969753932 0.0825305078066768 0.239158969426587 0.129892938964557 0.179741242486904 0.0696528205402374 0.12358343913466
0.138593948009389 0.191923495940984 0.112356666844346 0.0507812499952204 0.133376254372378 0.132658907124289 0.0479258654106932 0.1923836123027
0.0152586962875643 0.145366059810094 0.0226865624007752 0.259527081724854 0.174665067454399 0.0888028127636616 0.232918587392641 0.0607751321660111
0.121464038556412 0.221738208973866 0.0453214305638741 0.195669610732312 0.0753321446124745 0.159499972902995 0.0661392766152578 0.114835317042808
0.210267693431812 0.0434996748535248 0.103700012040006 0.0696555177019379 0.202117249358528 0.00169181420489378 0.146891589238203 0.222176449171095
0.128828282232166 0.105612535391884 0.124969603728226 0.0909341771356883 0.126870876559865 0.131133379017069 0.173955076109155 0.117696069825947
0.158825132046728 0.0634541373105391 0.122163091388421 0.0416794443238557 0.171229996783395 0.226450243491632 0.0891168475557901 0.12708110709964
0.00248487239546863 0.250245532771842 0.274575023641274 0.0928457025122463 0.096387765553365 0.0154099669923476 0.138482754069895 0.129568382063561
0.146445785272013 0.00740678553853683 0.122071085240897 0.0346284213043581 0.218270740902993 0.0443117376571985 0.20175281422291 0.225112629861094
0.153765570193739 0.150310317946151 0.0155745193022162 0.207224720730896 0.235491726638512 0.129741737710695 0.000169044911733872 0.107722362566056
0.0957212874979245 0.0901199220607949 0.07245320709239 0.189895344534207 0.0938606408376841 0.207480082333215 0.164580168344375 0.0858893472994095
0.153266704268552 0.104400246699075 0.1670276483865 0.132452539723647 0.0721535214720856 0.15538142344563 0.0671952925342338 0.148122623470277
0.11055874214017 0.17284307072451 0.0746271050573107 0.0895374547075868 0.105050207963782 0.167684236928222 0.129925956492561 0.149773225985858
0.0479655316426625 0.113311604631965 0.230659012578091 0.0848345224906712 0.0898733664804287 0.117074587434997 0.182003837556512 0.134277537184673
0.142104294519357 0.094014402377296 0.135413452053349 0.0339209730688514 0.257582993311894 0.154450433656035 0.178731909195479 0.00378154181773766
0.157405583739966 0.117730654730548 0.0714877231427637 0.0568461225460865 0.162339506922068 0.176252062971165 0.110695018485634 0.147243327461768
0.163854854566548 0.115222208702644 0.122524891693708 0.166423529103476 0.108430702180144 0.129902257006632 0.0666132329005586 0.12702832384629
0.148952306992755 0.10001654460939 0.17211948942875 0.123742647409025 0.13947177856811 0.0452535087877779 0.124384602830421 0.146059121373771
0.0294842725854271 0.114001952928955 0.265674211396715 0.195125831088794 0.0665964267772905 0.0424849558294694 0.199101967556681 0.0875303818366674
0.119725541951896 0.0155907121620633 0.140081686377143 0.0102373324924553 0.383086060815609 0.096847756584505 0.019482890745435 0.214948018870894
0.144714199022305 0.0833007658625044 0.171185727688955 0.0118406068072321 0.0592159551866696 0.151183945512126 0.173212250988914 0.205346548931294
0.00255231942869215 0.0369517757796635 0.217717463389391 0.153916261999857 0.00483140351224297 0.172957001522624 0.277431234635292 0.133642539732237
0.0214731640688535 0.141395402905695 0.0814238913348435 0.20188795340428 0.205859570801745 0.062612970563264 0.1408993205552 0.144447726366119
0.122673923898933 0.00369276899029045 0.248003471755289 0.159007968560207 0.0519431326857431 0.00663662592181607 0.184095345996254 0.223946762191467
0.0952063624535062 0.185235482374206 0.133243990182305 0.0793040652566478 0.110009255248121 0.209694017435666 0.155230169576233 0.0320766574733154
0.157406023926108 0.133583631533608 0.0169802864243091 0.170165355430687 0.133869824563689 0.111947895506368 0.112370778337725 0.163676204277506
0.198314049070112 0.0987937064389832 0.0634133481496722 0.137754135966669 0.190112819940127 0.0297547019537427 0.101431842738911 0.180425395741782
0.191184143486787 0.113849363419404 0.0716353320584148 0.249840952821744 0.123118360137564 0.17679254098971 0.00292571951326067 0.0706535875731171
0.160098077264585 0.140168187324875 0.174096614587559 0.107788013587974 0.166024662527321 0.0623532383904049 0.0380050279502022 0.151466178367079
0.078970848143614 0.151152676988119 0.14993836452876 0.125854362199022 0.00548250829988477 0.168218978604406 0.114916865572409 0.205465395663784
0.155775022105578 0.174992439054491 0.0754334164086652 0.180879062162962 0.143735694144379 0.0739489085420109 0.0738287180838025 0.121406739498112
0.15455928881402 0.0776901153452578 0.0511832347757907 0.0728047709523385 0.152765521992006 0.214623975345229 0.148542112752883 0.127830980022475
0.0810265446415627 0.167342717576193 0.106924153232939 0.120283458297162 0.0405614085415898 0.191647435397323 0.151304248205208 0.140910034108022
0.0713015094817701 0.167060722922474 0.117068711463094 0.0955667072618735 0.154052147005256 0.0565010241034344 0.151524791649739 0.18692438611236
0.0736496624949573 0.00706652133138555 0.129810636975868 0.181995068318525 0.151000292092539 0.168533597868837 0.173993033441967 0.11395118747592
0.0161112552049918 0.114325323690012 0.233256222044038 0.10977341108002 0.132090702890608 0.141818157408291 0.161188573067905 0.0914363546141345
0.0648807782266005 0.0433201153532927 0.216058401426161 0.0361186519649227 0.142917007526095 0.136774289717243 0.211288300260992 0.148642455524692
0.105536307540892 0.177980085366524 0.177214999329325 0.157234179605888 0.0968099114872642 0.0493526862514235 0.097345612835867 0.138526217582815
0.182064154300659 0.0345477054254139 0.0213879658747985 0.145591366305705 0.227637068529454 0.00256572399578494 0.151522894335081 0.234683121233104
0.107405973191893 0.115445725623923 0.208632041214674 0.0100104951101441 0.297422913112737 0.0251115238601987 0.215115544932921 0.0208557829535092
0.11940937984103 0.147324282406682 0.108686374779866 0.128499043200838 0.123547651709198 0.169694848372891 0.132060699508184 0.0707777201813103
0.0970434620352036 0.0655960858261958 0.208192878023627 0.00434558574599644 0.103885973517944 0.0901404682889192 0.251236762185459 0.179558784376655
0.346853779743952 0.0978892932566616 0.0160136538363108 0.10071585576868 0.032007766762213 0.00430895093225468 0.0194781172105911 0.382732582489336
0.177130949905556 0.100318445809273 0.0511643851399403 0.183847931982635 0.166986901253841 0.132986421776488 0.0781519012542949 0.109413062877972
0.00693334093098162 0.21945820814384 0.12839653155348 0.30595132456748 0.0885280384949657 0.0962725980736088 0.142996657582397 0.0114633006532465
0.0471843215162569 0.119650295761898 0.13097193842546 0.139128468103172 0.131372443627507 0.172019126414326 0.0868822215485463 0.172791184602834
0.252731341536797 0.214200578807203 0.076608293929837 0.0075395338240595 0.121285530869256 0.0284698950608579 0.220502541314998 0.078662284656991
0.198713449546886 0.0228863763341268 0.0580544685768231 0.219780013417609 0.209719298604941 0.077561147448721 0.0249579439205571 0.188327302150336
0.192556659328861 0.00419267245437483 0.0521576263003531 0.220947396496004 0.178870433315306 0.159677524733191 0.135571050647503 0.0560266367244067
0.148530411570735 0.0406718072802292 0.191030406682759 0.110150606612492 0.0574093791168256 0.268132709753504 0.0880529403242499 0.0960217386592054
0.0752457239431188 0.0416840030826086 0.0971755197255678 0.26186582945911 0.154792414444849 0.0367565793085557 0.224094660960527 0.108385269075663
0.0319431012258727 0.140116162168744 0.106781368121897 0.198133225977416 0.0203509561906922 0.154729808237234 0.168174706641186 0.179770671436959
0.193725423517279 0.155454471700848 0.0172970505982794 0.185209480774881 0.166002124845825 0.0242728020615697 0.0991104562507123 0.158928190250606
0.018707009758668 0.126604710283609 0.239773345898404 0.0312694291152723 0.121550484729068 0.0146540522791561 0.277440591795789 0.170000376140033
0.176048331737965 0.168258259857256 0.153319380267053 0.135366579876996 0.0971437042451288 0.0721350838670803 0.0658108629777462 0.131917797170774
0.0766057065075492 0.212983446308532 0.194736011497128 0.182855810928831 0.04079681914494 0.0610381517701814 0.149198187636645 0.0817858662061943
0.158061603114827 0.135386574792511 0.00582764789697726 0.198038987331674 0.142488143303615 0.160877311012184 0.142719002274394 0.0566007302738163
0.100525501764706 0.209472656961111 0.156187385395881 0.0703415465245315 0.105262651407098 0.261203655336086 0.0441272108723445 0.0528793917382418
0.0682548400871095 0.201386724077307 0.140434739206811 0.139662162381518 0.202301724336417 0.00173634117739198 0.0355865359788076 0.210636932754638
0.07376269923085 0.00279779634445352 0.182457937451337 0.0800703396412965 0.22542669965748 0.145030678836864 0.270625770077416 0.0198280787603031
0.053748894356092 0.180391185536161 0.0460987975062737 0.201254337841446 0.235636963443427 0.037720466534352 0.0376286259941791 0.20752072878807
0.184421959297533 0.109178298784578 0.037088843927893 0.13645115068903 0.245456603982803 0.0245143812526007 0.030013277646649 0.232875484418914
0.234560884611831 0.086914636031134 0.142684208230362 0.148043761425164 0.0583428794273574 0.0274177882624297 0.252050906990162 0.0499849350215594
0.0322328733777221 0.0166597388465968 0.185594762425723 0.203970896625654 0.218473131400684 0.0463572635853351 0.115120812753911 0.181590520984374
0.146929002383832 0.0519208290912485 0.175781388927787 0.0622964913670022 0.181249372357263 0.221703435843445 0.0353322077959509 0.124787272233472
0.17346602541897 0.140154673279479 0.105698198819715 0.18135940254256 0.193282522883356 0.0923182808149298 0.112036703502067 0.0016841927389247
0.0704440326119012 0.143102540303246 0.105379960606013 0.121739991125403 0.188585960918794 0.135794282528571 0.0521185482966969 0.182834683609374
0.139581785640047 0.119878626094261 0.017866747577972 0.144194351994202 0.207449977029328 0.115024524292193 0.128733366248802 0.127270621123194
0.199338932872641 0.140400854834911 0.0617937544982663 0.100659045595564 0.238402443963177 0.0850712256086905 0.0318489718455361 0.142484770781215
0.212750378629791 0.117436011319134 0.22348598081711 0.123338400801794 0.0299912436843932 0.0283172858727834 0.218214232539938 0.0464664663350566
0.112862742856884 0.167988334092942 0.196137246037592 0.245130784895716 0.108971411338867 0.00480862096120459 0.0475274260296368 0.116573433787157
0.171357177745615 0.174748184600523 0.0690377802299449 0.0271197327632926 0.107245463921578 0.095496073078664 0.218850398721088 0.136145188939295
0.151655648333221 0.168405508553003 0.191425798659044 0.0367809252060705 0.176091543328541 0.160506348698597 0.0661735096853673 0.0489607175361563
0.144868245359819 0.0147869672184482 0.214571706161005 0.0752356140287615 0.206888629049183 0.105890956513574 0.182200422435961 0.0555574592332481
0.0417487442149307 0.24903041759632 0.189443198612163 0.0110956918946184 0.0378923758790113 0.217900843546634 0.0852459988525295 0.167642729403794
0.027485186442525 0.120950971105314 0.125293771420925 0.111280201805816 0.193123142674761 0.160191304273775 0.187792758926153 0.0738826633507308
0.18193240524615 0.183674660410231 0.0783149147916201 0.168623622606921 0.109855798872729 0.147599017627277 0.0738319887530901 0.0561675916919822
0.0581119620554512 0.245221623619953 0.0146585325062901 0.0508097384437461 0.214758416050891 0.109842185363396 0.289518134833974 0.0170794071262978
0.081663166764883 0.144980443312006 0.132434357787227 0.0218849176530166 0.0814703704663138 0.227643783547777 0.122837209359405 0.187085751109371
0.10744547555032 0.0383764970085375 0.211545463510035 0.111045230402518 0.145052184243356 0.174561886413181 0.111305138759771 0.10066812411228
0.0462935013346812 0.168621227650997 0.190196047031572 0.167087112460295 0.0371263614661943 0.146772341339786 0.0637843992653611 0.180119009451114
0.024446735138746 0.142006161460295 0.156818412272221 0.159996183281426 0.0714230623524736 0.105581864558688 0.145251673785723 0.194475907150428
0.237790670204286 0.199662231781701 0.0105321313528156 0.0242579179857989 0.115203943709653 0.174310445087909 0.092891544870869 0.145351115006967
0.133607676226803 0.170813350987146 0.211521563033691 0.0201861738894274 0.0988498654288799 0.0072715432931468 0.197033234621673 0.160716592519233
0.0285043046739326 0.0879564942924249 0.0477184934451032 0.132412891573122 0.248617449333435 0.174492119393116 0.16854310381977 0.111755143469096
0.0447642259610233 0.188722306150726 0.147026838813115 0.232613315973195 0.0728571550841731 0.106345407260319 0.0974739697185837 0.110196781038865
0.0673234334656965 0.020765319275058 0.13014764621422 0.145795597447751 0.110027185501046 0.169383841707787 0.0685784186591688 0.287978557729272
0.205220979741156 0.219947065343562 0.0755806542176307 0.16728098384266 0.0437548360798942 0.00785449238642594 0.0766382518852177 0.203722736503454
0.0531915920929497 0.25110850610317 0.00676290984061248 0.0204219474385754 0.270398562613674 0.0729520118843956 0.156718740670241 0.168445729356382
