0.178876882618094 0.0757928931739333 0.0762187887684216 0.142571194293544 0.0243165318747231 0.0240613371188665 0.134028228050698 0.18558908306276 0.00229937358108222 0.156245687457877
0.105604695027894 0.0574953990071484 0.144891013759588 0.0364638876950848 0.0857816280880034 0.0245127547737917 0.115629806606687 0.0934696011417279 0.156657951886739 0.179493262013336
0.193167227592076 0.117567978706709 0.209529524547353 0.0183850238332523 0.222183891221358 0.016863465083181 0.0964814270540291 0.0412024894071233 0.0120812231830255 0.0725377493718935
0.0120910511731528 0.174027478813906 0.133596925912073 0.139284853035099 0.00164504827970729 0.0526089045768462 0.0174100805160062 0.15776770830308 0.0940682176766225 0.217499731713507
0.199500031893433 0.0393549367611242 0.0798903758425303 0.00643695890054374 0.187618321621036 0.1844395093759 0.067641965529148 0.0969838736534338 0.00258004808304037 0.13555397833981
0.0608575228123625 0.0861233303017578 0.0181587308629473 0.175652551878302 0.187785532182397 0.122074636827568 0.185338852755438 0.012244659558084 0.00491166760276824 0.146852515218376
0.139732956869375 0.049162052221438 0.0310236033522762 0.0703864867956494 0.123828306823683 0.0609883374656162 0.0429203706984441 0.181409492932771 0.107140323173978 0.19340806966677
0.02656045283795 0.1019129997895 0.0731907880997322 0.0682457024136954 0.11333828156194 0.0128449102215367 0.176919173529517 0.157778204639128 0.147696333334593 0.121513153572408
0.100882364807207 0.105152106830488 0.0801822678798418 0.0416140912178433 0.164472855228907 0.0715706850675139 0.0534958972671109 0.0860471021460293 0.130024609567583 0.166558019987476
0.207059921550133 0.122035854656586 0.177430006381145 0.124394644826063 0.0348755849253369 0.0781998425467166 0.0152655437625759 0.0471535241927353 0.0916721048721423 0.101912972286566
0.174458623199431 0.0596796584840713 0.17556006881807 0.147775670123118 0.0469599834253021 0.0684889590453399 0.0027852894787603 0.103245801044804 0.061347534989443 0.159698411391661
0.00986515220101292 0.0711511972061163 0.0734212872260987 0.14214394047525 0.113719540241838 0.110644831061579 0.109173904970955 0.0868675798297762 0.133145408967536 0.149867157819837
0.175878503093123 0.0904413038071497 0.208271886637093 0.107867589051064 0.0465686918698868 0.126481461003352 0.00443170766346737 0.0116084879561794 0.124031685836442 0.104418683082241
0.00167901782165043 0.0469824917033075 0.16340272581811 0.162814282493211 0.0631519410466113 0.0554649350573626 0.161667642256644 0.145448571101758 0.050362970763557 0.149025421937788
0.148393681560932 0.00100283243300124 0.112653911710861 0.184087232393622 0.1161638772417 0.0255201091981307 0.129388829377955 0.0644983010890698 0.0665769155486886 0.15171430944604
0.0253854327362545 0.0239297793824448 0.0907683513534822 0.0959249833175634 0.118806520493266 0.0551505538504366 0.159746172773349 0.0902099684389215 0.170414482476565 0.169663755177717
0.058263657033096 0.0903963085461018 0.162343767427175 0.113195693164067 0.0684325474298915 0.0886290147912225 0.00972596787148037 0.130800903909482 0.146961284301067 0.131250855526419
0.0931713882749232 0.109186324342996 0.0673025517167816 0.114701470193431 0.138570505555173 0.0129538925074766 0.147744888206342 0.0888467835805176 0.149752591095752 0.0777696045266066
0.0373435956364074 0.0529284325643302 0.161878478622886 0.164060783546197 0.146264355585524 0.0725612868222012 0.177490535246461 0.0525643758406708 0.0503459129549364 0.0845622431803861
0.0409741129445695 0.142914443676173 0.088583684056031 0.142382609294429 0.113281143919894 0.151084120836968 0.106647569419685 0.00854282738758893 0.122155567777449 0.083433920687214
0.0636557610125811 0.130995351149996 0.151845406711787 0.0386345866400057 0.112752133615503 0.0204745571416721 0.0830380966513467 0.154196872080374 0.157929185736807 0.0864780492599269
0.0040411911710089 0.140025044581506 0.0781548806120199 0.0566734032311602 0.162016683008145 0.132875403729422 0.195951907397437 0.0477817693501368 0.0479988891587888 0.134480827760375
0.0695670252452254 0.0930969075263708 0.181885358903632 0.114517585370549 0.0130064601005651 0.110605858674625 0.0725083494012087 0.0529094529428707 0.233310548454541 0.0585924533804116
0.0604722828285263 0.140635500484775 0.0440106985746778 0.0726743956067419 0.083325389043075 0.0731225439829728 0.114724269131005 0.0773635320868912 0.193771080151727 0.139900308109607
0.0312738784237032 0.0219428355041939 0.191002289007133 0.193605309840984 0.0192165508246071 0.148413306577421 0.148463973832984 0.0967565799154297 0.0103053188026549 0.139019957270889
0.0723167389532958 0.123698227332137 0.0345653902918764 0.0541232838901173 0.138146146512669 0.0395190856951108 0.188203192197154 0.0799768764669743 0.110770504134399 0.158680554526268
0.00228416026304833 0.139612065711383 0.055826505922981 0.117977581652361 0.200069934245936 0.0550073377208072 0.0702477679997908 0.0317047850828816 0.168492388866277 0.158777472534534
0.0295558719058646 0.0296753162549645 0.110150707105724 0.0993587037320915 0.113372910623387 0.0541537376714968 0.210258693773387 0.00340502490294189 0.173269497057644 0.176799536972498
0.0184860831875023 0.0562965272713941 0.176448543728991 0.163912788622909 0.107470930816869 0.0522273013912587 0.118854962377147 0.174562794260427 0.0770975254983179 0.054642542845184
0.0863420898094836 0.0880137626985021 0.160253566066646 0.153481492120533 0.0318526001137927 0.0288771545015729 0.131977056263474 0.143239692058255 0.0720381705249708 0.10392441584277
0.0120595990753318 0.108382224039607 0.113947060300416 0.0333519642631929 0.185666349961307 0.121888481231292 0.133977987730817 0.0537121137996136 0.0830032807588864 0.154010938839536
0.110349268934325 0.138466934999002 0.161210341600422 0.137212409691951 0.072744680448909 0.0182483626644399 0.222752974250762 0.018335800510012 0.0162929881807231 0.104386238719454
0.144323966221022 0.201907850001155 0.142456524644192 0.0262864203597758 0.111457112951234 0.182759570510917 0.00994295144372274 0.00989674639977656 0.136644827655063 0.0343240298131427
0.208362276698912 0.0641401888924345 0.0164081828174159 0.144614951568887 0.0202153560546309 0.0107699190706735 0.0424598546976956 0.214960878498318 0.0796605090409132 0.198407882660119
0.130929019375549 0.064792633654801 0.0586907463541143 0.207585961743339 0.201328125822359 0.0867642543096448 0.165483962341478 0.0524807704171897 0.0310661317327981 0.000878394248726817
0.0050006885017711 0.124123557109067 0.0640972828872663 0.013633854752202 0.0907802355879139 0.15577468808456 0.00534998784347957 0.145748252751626 0.173200442460891 0.222291010021222
0.0216141222502052 0.0201288438790485 0.21472290933306 0.153793963654981 0.0451459609420007 0.179513292291811 0.293112406123674 0.0600867940424985 0.00865050585817389 0.00323120162454833
0.0534136355983129 0.107119733735573 0.111636420480229 0.111535370520159 0.219636449563023 0.0401783964910586 0.0393108989276806 0.184390709428141 0.124379269858134 0.00839911539768811
0.0609619242034422 0.0980504120383052 0.108819592065947 0.0367429384912918 0.166243068999618 0.0646546519308434 0.171133775008861 0.12586995482089 0.00519711203459147 0.162326570406211
0.130180784547732 0.152572472091808 0.0862637336969552 0.119122028800072 0.0983939335642942 0.0290052829364375 0.131015743668926 0.0492358293468435 0.10486437103781 0.0993458203091216
0.165654404969329 0.0954569252810572 0.108641994155685 0.256942140875984 0.0752284903316325 0.0617760255289265 0.0454700522396088 0.0157767864020482 0.141412599361813 0.0336405808539161
0.128347093380682 0.000342140323837721 0.147617574668961 0.0587991017911687 0.0123144461122128 0.138578655342139 0.15442751996271 0.134634261963056 0.098329368634135 0.126609837821097
0.106695953136541 0.132656216590505 0.097988102010063 0.153053020355784 0.0445576272955304 0.050171780257354 0.0978007420331893 0.0962034180966802 0.127905011430254 0.0929681287940995
0.16574860678513 0.147962100165802 0.0387670371352734 0.116476492721278 0.0558830920290834 0.0901657520359638 0.0814444523530321 0.0474863848700232 0.0845964761309097 0.171469605773504
0.0247382576308276 0.0278311647175261 0.151310874193471 0.125967514319368 0.132549680590374 0.0140696170109335 0.20431260241117 0.0682906331882705 0.229036917529038 0.0218927384090212
0.165802597786047 0.0305359117368866 0.141622031268724 0.168607704697945 0.0231639058681004 0.0509416555952044 0.0558805585515861 0.138454201451408 0.0817777734709566 0.143213659573141
0.160790170195135 0.0185027694749223 0.0327460063438342 0.0344290117905973 0.0886808802557608 0.148396074172797 0.0921504549996186 0.119787909255877 0.153552841926157 0.1509638815853
0.187762638429949 0.195936978839183 0.00267648255007678 0.0901438771739819 0.0879475098016606 0.0403357803361207 0.100515201656709 0.00795312771503079 0.198110257051594 0.0886181464456953
0.107374415677135 0.0974075654306879 0.141370847666656 0.106972436254107 0.10920118863207 0.0259274984698842 0.101147454353808 0.0632471049592749 0.0932092211950122 0.154142267361364
0.0552818774409103 0.132802946577455 0.0739409149014432 0.0119182658869788 0.038855595078535 0.165984272537793 0.150232138607761 0.105716195254916 0.152892131672177 0.11237566204203
0.184830549909797 0.0534671520540217 0.059340837418548 0.102050163336496 0.0668658280647654 0.20086112089445 0.189012003701194 0.0469517426646147 0.0559212645520201 0.0406993374040933
0.10642856584384 0.0222032682600951 0.151238424252477 0.138449224160872 0.0709741190776796 0.0879725401055012 0.0931256165024512 0.0404674322319482 0.218436319766269 0.070704489798867
0.156517879904081 0.176464837502206 0.0303063030855508 0.0440466661363678 0.0851983789472517 0.0512189227014762 0.136954048035483 0.0622643407881289 0.108242622683438 0.148786000216015
0.0560731719772161 0.0937682206133309 0.0721539582320524 0.143817265614611 0.184460512191312 0.00497898228770352 0.046317876192025 0.107329374547243 0.179746139179223 0.111354499165282
0.222814143234349 0.0140333776631468 0.149954993045055 0.0893125642965811 0.00885269553342197 0.107286896637974 0.218776589125983 0.0722284395128323 0.0805380141701066 0.0362022867805493
0.0979832792148637 0.115155342668342 0.112610579598847 0.0514875001369144 0.0428331174851398 0.096944834544855 0.131282333366168 0.108273148481569 0.115694322366377 0.127735542136925
0.142480000106662 0.172734353937957 0.0684936408157285 0.119521497417815 0.0915269266985917 0.11261635463065 0.0684907077290478 0.148132254548318 0.049796296630726 0.0262079674845042
0.236514806153593 0.0306638445298255 0.0216578545641822 0.170927540353661 0.141808245513525 0.0440747527502519 0.0741020172554031 0.179995653271975 0.00375336068048711 0.0965019249270969
0.217897400205404 0.0332766842220135 0.115350847585861 0.111322582273441 0.058809168889463 0.0650451221691685 0.0978278717823982 0.0323061291327932 0.109375574799994 0.158788618939464
0.117201848961123 0.246946665555516 0.0414126731228659 0.0192214152239803 0.0392320271178351 0.0232495992631313 0.0917354992352087 0.167768623526193 0.162502183072524 0.0907294649216231
0.0836205139238758 0.177449352151299 0.150546945517291 0.0240894359138011 0.0437150502546124 0.0369583441247696 0.11607814172269 0.091177498576166 0.207095701310472 0.0692690165050232
0.140125352734593 0.117584187580702 0.11326006730101 0.0306109009136566 0.123041683640084 0.136429095274344 0.0135729990459406 0.0896862834630817 0.134209351942507 0.101480078104082
0.137692533832439 0.0463634034526977 0.0239295603765302 0.00372698390933902 0.0167869665950288 0.121263237650968 0.168432903439736 0.151353715171298 0.175096392089007 0.155354303482957
0.00373576673163287 0.0209298078686483 0.0340707985281705 0.0836823479022195 0.204373504567363 0.161340540203531 0.187011958125419 0.101033392612433 0.0829670478319275 0.120854835628655
0.116293259279064 0.0990315433836243 0.155866497460396 0.157221241296174 0.154179717991525 0.0909290563863042 0.0414586440368933 0.0426161115872237 0.0906771351899718 0.0517267933888244
0.041899839278728 0.110195639088227 0.137160730112842 0.0875363175972165 0.0753394034060171 0.133393610254678 0.167411655830311 0.153199413368627 0.0710400342963573 0.0228233567669961
0.142893286692188 0.120448670688332 0.108684085591414 0.0401747256516975 0.0395445880152198 0.049867258458771 0.137873637161702 0.0551080757655932 0.155244780104465 0.150160891870617
0.1553243498348 0.156750130615336 0.0476764516663699 0.0439709365399847 0.0583125336871795 0.182498698442948 0.0639345263017157 0.137428834418082 0.144064535420109 0.0100390030734743
0.155114889337549 0.00226408646296097 0.153847096051434 0.118796169023394 0.0957359926640546 0.100579797132233 0.164104525432497 0.0426319593668636 0.0494472302300818 0.117478254298932
0.192216187383146 0.0426431921695128 0.121989063330484 0.00592097561422657 0.0625260696049971 0.0662346175062947 0.243774609893104 0.0086770645735932 0.0395246891859326 0.21649353073871
0.00784081326959646 0.212788987739036 0.129384283721649 0.154040730100454 0.0587236932258478 0.115931320911657 0.0333718400077001 0.103389249756326 0.0338850510976568 0.150644030170077
0.0335888388424033 0.0229922875024267 0.233965133834663 0.0523459819011461 0.19263307906885 0.071339313427948 0.0185934395889371 0.0112784949760936 0.261872101361135 0.101391329496397
0.00572582371583622 0.00553308353888243 0.104356078116092 0.033488494715292 0.158069701401049 0.0997393042229103 0.0887724029536098 0.033991071904042 0.279808090820686 0.1905159486116
0.00620398201689409 0.198376725528546 0.0661651244343848 0.170369716974718 0.0963154274712382 0.192937667846487 0.0806902415547787 0.0199284215360362 0.0862383921574918 0.0827743004794249
0.0761979047410978 0.019741495977046 0.14052308286108 0.146687292009938 0.076670343981678 0.0470586868464545 0.125644208000379 0.124833759359765 0.0964464759122259 0.146196750310336
0.0686517706154984 0.143669002075894 0.056824922286819 0.0155101310436727 0.156761956036086 0.185043841345088 0.0311921529057299 0.0852520342754044 0.131584109711822 0.125510079703986
0.0347913827465967 0.17407295600899 0.0593913370926306 0.157095929266274 0.0357679585576486 0.0550292027911601 0.179335055160918 0.107256396573154 0.147409039610261 0.0498507421923667
0.0289133907450329 0.20972819516393 0.0678856226014969 0.162895354501129 0.200666593057977 0.167662031108092 0.0700944977277073 0.0112323526132775 0.0607539743972441 0.0201679880841136
0.0984080879586485 0.132695258076263 0.0886010639248042 0.0257867466392229 0.118652904625061 0.0792624642112363 0.130084057163167 0.136970811940658 0.106004860956978 0.083533744503961
0.0794466026905482 0.0397810636149804 0.110533728949801 0.118553637845409 0.138099276869568 0.133461236845117 0.0768570122532444 0.0930539514666825 0.155923456840277 0.0542900326243738
0.156233757561858 0.0864922297553157 0.139250638232519 0.122317716759058 0.136672272026775 0.0744255393846737 0.0954205124419901 0.0320998500730445 0.111333327125362 0.0457541566394027
0.116566165497613 0.155152618032717 0.259013989658055 0.0336755897626762 0.0921039304539265 0.0519854296863957 0.000153967128115015 0.0967552646899812 0.0605912496618794 0.134001795428641
0.0634854779592666 0.0982610353496081 0.0606725100908424 0.166680766687191 0.0290644042822206 0.15032463420897 0.0989874038358516 0.0841252697687939 0.0791830489003142 0.169215448916941
0.0317161968201496 0.0855244263154499 0.0649235332001276 0.15044215891534 0.0791722409278047 0.17124394709725 0.0970637968950507 0.0374958368121389 0.136242584862099 0.146175278154589
0.0268601121956569 0.0492403049668715 0.166828151266493 0.181123575018935 0.113880489731384 0.0974725858418028 0.0601339700550809 0.140516336926377 0.144882728573271 0.0190617454241275
0.111182441187694 0.174349417109615 0.11630820908206 0.00385700076475464 0.239896494781277 0.0337094088863882 0.0084861454074045 0.141620840771787 0.0185855879578248 0.152004454051195
0.0360090760199278 0.03164905898672 0.0858178952293207 0.187381683281837 0.220111509653516 0.0549108938964715 0.104216564495707 0.0691927758858976 0.209859880557877 0.000850661992725634
0.0723849040283087 0.129279712762487 0.0745137416429352 0.101357476249129 0.120273070526445 0.108974550067165 0.0778768756895946 0.132395255086835 0.106606070267524 0.0763383436795763
0.17788484984955 0.16148143725751 0.0486911588641615 0.0168724881939387 0.0289908210505362 0.181718814588862 0.136776083282575 0.0681870621665143 0.10501727288081 0.0743800118655414
0.161641251858104 0.016214903995887 0.0881000751686439 0.177290353811821 0.173259158275077 0.0368486703651097 0.103090584583648 0.0788325154565124 0.0326961119024961 0.132026374582702
0.190212415504646 0.0569349480646398 0.143519376041631 0.0646999067177415 0.07876513619157 0.0374722904180437 0.121216695428947 0.033443682521144 0.0710330836684323 0.202702465443205
0.188674987846098 0.285517608298592 0.0483228679935556 0.0233617071641551 0.0555948825133778 0.0876030078943237 0.0436647383327138 0.116732983214603 0.0523752623513596 0.0981519543912208
0.112390331003171 0.100366509909177 0.142663808536226 0.135832849930165 0.113968484107227 0.0888999970810993 0.0346684297389348 0.0741627453271499 0.137275767457188 0.0597710769096617
0.122214060586974 0.126292088687826 0.0956278162029296 0.133748273983182 0.0956765398735295 0.0658181144106009 0.0601001175020088 0.0735958106651765 0.127122413910141 0.099804764177632
0.001166413992756 0.162990164005635 0.118706672319336 0.136073191126155 0.146889016039265 0.132535561447348 0.0251023084635348 0.145501504317349 0.091550761206606 0.0394844070820156
0.129880008063335 0.0689599614540905 0.0874188355696405 0.0279651589129744 0.12364034319624 0.107982422420858 0.0942016705114843 0.0964990511944277 0.142886664713397 0.120565883963553
0.0386057156774231 0.0993212204430637 0.151940061857207 0.00993942075696313 0.0842728925940361 0.171389183794363 0.0974029313768232 0.0871124740651752 0.135813126922894 0.124202972512051
0.178250734729427 0.15203738014444 0.0966641753121938 0.0970097021982575 0.214218625043878 0.0454241207198139 0.027772019431127 0.0848713195595115 0.0330617978882793 0.0706901249730719
0.0988492730250902 0.0352886919489421 0.117990558772588 0.0811213034682843 0.177069088376418 0.149561699662728 0.165162939818917 0.0149392993806813 0.15111507897462 0.00890206657173238
0.0385534798146065 0.172183536616769 0.114872125432798 0.0280843783166638 0.0423296051696437 0.0181543239661454 0.138435537199415 0.128851251424476 0.125454648727116 0.193081113332365
0.187273984562612 0.113060217418536 0.0131470450180516 0.15118761027539 0.127287306235488 0.045073437049806 0.143938814888039 0.0519208174710507 0.147357487260497 0.0197532798205287
0.00695745454839813 0.076451728001991 0.145755163524076 0.124993804196661 0.0798737656558736 0.152632690576972 0.14760524783326 0.0839624035136545 0.0312476562945109 0.150520085854602
0.0866590515513083 0.160226113967806 0.11087292251861 0.163293032299291 0.0174613818172089 0.159413959202461 0.0516834851958099 0.181575845359699 0.0554955229721668 0.0133186851156392
0.0183954158773986 0.16816106425321 0.0383281636593747 0.0730142132868171 0.101634702170065 0.190693073996532 0.159246755438363 0.107502337826618 0.0615748888325935 0.0814493846590272
0.124950642429962 0.0629786499602409 0.0309454126513275 0.0717724095613371 0.145747240650563 0.157153297870319 0.0643407817398419 0.166740990760305 0.161082536518374 0.0142880378577304
0.0655003997951957 0.0248289313229622 0.113008817550627 0.0768754538853468 0.144898756083091 0.0792526550554181 0.243241424524105 0.163669753768719 0.0767569118122226 0.0119668962023122
0.131165135458203 0.13271176188702 0.0528849568060237 0.147234860402814 0.132186809399781 0.113975273549656 0.0315137868370601 0.00248416418350039 0.14255191501289 0.113291336463051
0.0692276179624157 0.16043842324443 0.168189671632731 0.14965771934265 0.134891854734133 0.133923450183965 0.0909214854628839 0.027182260365229 0.015658374201125 0.0499091428704372
0.112124251170704 0.132615278531183 0.0238340104489698 0.23833710794236 0.0255609736542507 0.0217128459779722 0.0276030213387817 0.140686494363142 0.00266789668062667 0.274858119892009
0.178011490272269 0.129121993897221 0.0813352044977925 0.0554217599078828 0.152500397286625 0.0782824022776696 0.0696742207366423 0.0216917599279669 0.0786010774099342 0.155359693785997
0.0709603465236433 0.177065046347039 0.038736486705723 0.0564298917457392 0.0886151058583483 0.178234781407718 0.081810111238709 0.150643635419785 0.120030142209324 0.0374744525439726
0.181726176604679 0.0121932142808381 0.000705854162455219 0.125249624008189 0.168466411144199 0.0388751476374803 0.0404538474293319 0.128187412258456 0.18617203926104 0.117970273213331
0.0112943757875929 0.12713675565664 0.125548344586195 0.0869847768349149 0.106796936490116 0.084113054632877 0.126201405153856 0.106549455633184 0.130699310291713 0.0946755849329111
0.174654555127817 0.00351463622388445 0.172756137226728 0.0904902959733846 0.019851302312322 0.187214567044416 0.0140724918297969 0.0986999502968469 0.0655586901452067 0.173187373819597
0.141772000807919 0.114034065193576 0.040967786705741 0.110841653618842 0.0980791759845409 0.130932821393876 0.12269927588205 0.0403602527814662 0.0514450873484304 0.148867880283559
0.107125745748088 0.110278666162603 0.167388635851299 0.0104797435896237 0.0266377071076452 0.123271931671477 0.0768060958918175 0.174600910259593 0.0728116989330205 0.130598864784833
0.148088154684957 0.0340597404046795 0.0813692489393447 0.139112813110207 0.20081142636345 0.0492663575923483 0.190536983990178 0.0168369708078894 0.0152338266146362 0.12468447749231
0.0328190729310639 0.122304166048845 0.138930056020323 0.145739140911949 0.140938868986613 0.0402911893647651 0.110825341902492 0.12848267672193 0.0557891353675784 0.0838803517444398
0.106414333343383 0.0183154066830331 0.00912136933595418 0.181326308941349 0.150563988665568 0.154804977139918 0.060562558949084 0.116712060408954 0.132009367039569 0.0701696294931882
0.105920386982673 0.0289941968594142 0.0126465534271308 0.117554058202946 0.137242939433699 0.212643263385432 0.114972381361277 0.0711978503417835 0.00786387124620034 0.190964498759444
0.0993356299290969 0.117338128401324 0.109144167587951 0.0291655192095021 0.113261817660618 0.0763213618478048 0.145047246060707 0.0913110077458868 0.145662859550948 0.0734122620061612
0.0832977373545251 0.13127826604009 0.120109822022743 0.129805388343472 0.115038199263701 0.106525010609681 0.0800288274173027 0.0702460288740624 0.0313459936523465 0.132324726422077
0.100277842856981 0.109741296190941 0.0666892994546913 0.103568713442321 0.134170244845257 0.00489297611902442 0.117675424221848 0.146115757427217 0.124192557566332 0.0926758878753876
0.141198144208086 0.0560691995012059 0.0542646097215338 0.178143496924787 0.0699460037847613 0.0993974016944798 0.10541765217034 0.141346875675814 0.112687421407122 0.0415291949118693
0.13181211393822 0.192781983618699 0.152322662691696 0.0135576631601956 0.134475623400586 0.11107385238316 0.0306605641138317 0.0682610585502266 0.0724473066525358 0.0926071714908485
0.0358447842342351 0.218507061143373 0.0206013635125704 0.216435738704171 0.0460586949147619 0.117415843423441 0.112913108773125 0.00271268018163449 0.0696550189476308 0.159855706165058
0.0409506358204583 0.0159603588535743 0.146005130244343 0.161057478475059 0.0478831673635841 0.0814515434952163 0.071367404499889 0.229837869244058 0.144534549602383 0.0609518624014352
0.230048727773617 0.044568467504976 0.0614674365097089 0.257410166981148 0.0790705991378249 0.0147633984659365 0.00784113901822031 0.193523457138607 0.110946768042002 0.000359839427959138
0.115875371878818 0.114965480967584 0.052453293327084 0.094493024623657 0.182509884184966 0.0011914336555237 0.0940278425797518 0.202965232545737 0.0864066139298851 0.0551118223069924
0.127429009068471 0.0897815384251748 0.0749881092161578 0.164964139687686 0.0722801370532854 0.0296699391924374 0.168324076759631 0.00666678824163717 0.130474139642877 0.135422122712642
0.186057151266705 0.144953822319659 0.148881129316337 0.0199851571891652 0.134787073380432 0.078263652035305 0.0559542730804414 0.121246926388899 0.0673414211774902 0.0425293938455663
0.10730748801812 0.150008318314225 0.00589461066595923 0.0441205856755755 0.0535936918785029 0.200256705094443 0.0423509067832334 0.190005780469304 0.182524563527739 0.0239373495728981
0.00051601227032869 0.173890804297332 0.0733199759537716 0.06335772987821 0.132294550751399 0.021795697879324 0.130622943696432 0.176283038740516 0.197969153528595 0.0299500930040917
0.00391295307884179 0.0978313174209295 0.23920956283684 0.0038753583678574 0.0907390223437949 0.0366252585901002 0.253565989647932 0.0307915518825778 0.155749133975756 0.087699851855369
0.0882922826004695 0.133822273456495 0.142656773115466 0.0838110658855315 0.1154801195556 0.0704660234599369 0.115994742287468 0.102368547368675 0.091534574074266 0.0555735981960912
0.111185780133385 0.0472299283306993 0.171544815977821 0.109064999041639 0.00145603836351483 0.113130846636766 0.145573630475532 0.141783614171086 0.00382963060383622 0.15520071626572
0.0835320583624924 0.0503496950669939 0.0406266582597596 0.145512898932301 0.215840167929727 0.155824676101023 0.15354157576014 0.00502845005542205 0.0967119395423277 0.0530318799898126
0.0877377970320241 0.0703739723947297 0.0695355627448875 0.114507191122634 0.0888004532643173 0.156055488313807 0.133982006245159 0.161759200213327 0.11493241849555 0.00231591017356499
0.0119519732503611 0.0567098260290215 0.262912272403764 0.171094306922106 0.0580647432660413 0.0067775990192655 0.205020257874153 0.0796267363183685 0.0340580367644914 0.113784248152427
0.159265291633128 0.0110345522023413 0.0105181937994148 0.219063210368779 0.164128770164037 0.0331444174601426 0.123737104651817 0.130307970284693 0.030385668550731 0.118414820884917
0.250208601540477 0.194698062292519 0.100613741371935 0.124610796650215 0.13561454121988 0.0600663663366006 0.0187685168870568 0.0790548592415983 0.00333021122833577 0.0330343032313805
0.0587113774048124 0.0522661832780615 0.177434569541951 0.210330469009324 0.119741281885231 0.0565135835805134 0.0250895541822045 0.132782991127065 0.0177393436655074 0.14939064632533
0.0426882579549383 0.155018122653768 0.190020700132798 0.0579690862128347 0.0468754365116149 0.157393034880464 0.0797208189443708 0.119516961768122 0.044950672936004 0.105846908005086
0.023361119380217 0.0734150650863008 0.148859374315502 0.25270672684386 0.023959023726256 0.152348101798562 0.142412417268997 0.0893217046847251 0.0558577199535423 0.0377587469420381
0.209500723130175 0.0816744087505083 0.0316484383809095 0.185261586580492 0.00821856151954642 0.182100183215251 0.000125898470612629 0.0701872130400019 0.208472106927741 0.0228108799847623
0.124796399460779 0.0156031243146432 0.107592682462665 0.00940568710680299 0.164973788961189 0.233969270087976 0.219834214215685 0.0323839869823729 0.0608841747280392 0.0305566716798471
0.0508412991823497 0.108142405797613 0.17949314998832 0.0341614628149219 0.0430416980168694 0.068835488396307 0.123475910456454 0.154758081304464 0.152822003721599 0.0844285003211033
0.111797856048356 0.15807877951129 0.212299372414897 0.0619499358320543 0.175596398194209 0.0564253085886206 0.0619515239330601 0.0431975906699013 0.0648181363728024 0.0538850984348087
0.0578386997215909 0.122668420069981 0.087049454567968 0.109159874022363 0.0861484849117947 0.148317497558642 0.0907418096628921 0.0546933598252624 0.113132465479484 0.130249934180022
0.0294299007773239 0.112505505819021 0.109935190797089 0.0536532312244428 0.0812681852349835 0.144340537411186 0.046697806192548 0.142443862521654 0.115630847424111 0.164094932597639
0.146682837120227 0.0838228226711306 0.104691102753351 0.166122349931779 0.114969598378298 0.0560136489624468 0.0968066121796009 0.0611806323247752 0.0128377117532904 0.156872683925102
0.150816423227231 0.136836509737389 0.0485467850530956 0.00117325015490369 0.172218197900971 0.0896361763367634 0.112367774684431 0.0899942433087488 0.128754703516097 0.0696559360803698
0.124461621994429 0.0176700969319505 0.126835260746561 0.194187749860709 0.0651569698016409 0.0929477534767248 0.190402286773563 0.118613876292397 0.0553797442700135 0.0143446398520116
0.15878013314518 0.0199273424437367 0.13139250351837 0.0104367603804707 0.179198199036819 0.0975333974491775 0.199173801572624 0.0220606899114754 0.0277380867500565 0.153759085792091
0.0935148506911437 0.100302179103179 0.0299678728437672 0.128005344436821 0.209677161155052 0.18866841320315 0.148368616896646 0.0155660984543488 0.0439322700008298 0.0419971932150627
0.218717590551448 0.0959027340880083 0.134681356693369 0.0028612184086009 0.0242815315894495 0.154644114105936 0.0204926133302651 0.131667015747309 0.206279807953384 0.0104720175322297
0.13068633456144 0.134930135891612 0.124966383411077 0.0130833265616043 0.136281882057085 0.0328251959595514 0.0393178133533778 0.131726030669413 0.134630661734033 0.121552235800807
0.0404601216663623 0.115412323598435 0.113194591059547 0.0988665056025363 0.209013694992495 0.062654331653005 0.0215163845889261 0.0335384290486582 0.210881408081695 0.0944622097083395
0.0449464864278629 0.0296160723960786 0.163480203534526 0.0804142392403343 0.0662623476323875 0.082853909698981 0.0942871521463648 0.218807946353309 0.125783474410334 0.0935481681598214
0.0780816532746832 0.161133226869783 0.00188529248910928 0.220641143287516 0.010461370774345 0.0431052181433619 0.185214792826376 0.0972199429881932 0.132681743478449 0.0695756158681829
0.140027476924513 0.155920671224966 0.0939639233435826 0.0271416161164117 0.0117454278190562 0.0752593940824014 0.1086464878724 0.151040292986155 0.130143694550239 0.106111015080276
0.0788875661901288 0.0273610355630599 0.00312257729910732 0.0221398886594207 0.15794042083462 0.027086122887366 0.130365112312827 0.130455834416845 0.249149673529617 0.173491768307008
0.161590724258911 0.0602774386400663 0.185795106487638 0.182942160679025 0.152363612727604 0.138241779548146 0.00322220177326827 0.0148848011598585 0.0803708061950037 0.0203113685304789
0.151148613271925 0.156696213262365 0.000343639634767692 0.102943899933092 0.154667615595739 0.0243668659168862 0.124784865659136 0.0627790610757082 0.164079474921952 0.0581897507284294
0.0527260894969165 0.0130876029197256 0.00194192211956063 0.195438017890207 0.0256988906851091 0.118623223364431 0.15255580391429 0.101099513705812 0.199913194560746 0.138915741343202
0.207461168493229 0.10308550706215 0.109291499395082 0.168799262563117 0.0449759979163649 0.0399795197384999 0.0721922006063863 0.074207867205881 0.168683724109897 0.0113232529093938
0.116770981561353 0.0315832733665599 0.118799732629301 0.093501327973778 0.114847132264176 0.100118549021916 0.0708904000496404 0.113720632598072 0.110056837795147 0.129711132740057
0.0315788371569934 0.0734730056207721 0.150715094419554 0.127525739444992 0.130222118850775 0.078481137419073 0.11646788146142 0.0241426649278402 0.157680103276249 0.109713417422331
0.0837844804078825 0.0260069713333494 0.0134489149809161 0.107191056411405 0.161634052266672 0.0977222065142912 0.133320000242128 0.124736540167371 0.116132644230888 0.136023133445096
0.16993898441786 0.0985882477557146 0.0374494923457082 0.190185060445249 0.169236354606178 0.144980810521203 0.0677303151443198 0.00764296016786836 0.0145334181223632 0.0997143564735355
0.033475861910284 0.113931075919261 0.0989839844284141 0.0465078319827126 0.0539801838241322 0.115667250823203 0.146000793610462 0.0849643255743029 0.161576224267174 0.144912467660053
0.0113495454183685 0.189072495543214 0.0455612697984637 0.151579832334698 0.129443513997222 0.077297187322031 0.115783522456543 0.0156582208063992 0.146565204151103 0.117689208171957
0.0595913857433798 0.0620874781084252 0.00180850017967341 0.132246277313979 0.128307360315815 0.118902308068231 0.141180369659871 0.0768630468971968 0.139058695297622 0.139954578415807
0.133021281916842 0.207764491511822 0.0678224374987489 0.14979652722769 0.0908937562366023 0.00510630547299915 0.0974642857182872 0.11933232398367 0.0950910813749273 0.0337075090584113
0.183275225950207 0.149767911638978 0.0341405132890223 0.0349703976883701 0.0644900344077596 0.0450531321103458 0.149030968992289 0.00409783812428347 0.135055244861368 0.200118732937378
0.0819836028927167 0.145308766253947 0.192901518873937 0.061754472586546 0.0152278496758624 0.203123609924461 0.0979194625219674 0.150328788966897 0.0390841349773642 0.0123677933263015
0.0751540200040817 0.0297112059829692 0.0156677455206986 0.215867956777602 0.0268578944519476 0.0663871859464946 0.224025100511144 0.0513858994179828 0.0665024923529278 0.228440499034152
0.133410226787434 0.0624672981317615 0.0662926570368385 0.00137298798239383 0.0238903449835499 0.119956958630522 0.15853171214783 0.131696008675821 0.135510680642804 0.166871124981046
0.0869458376841646 0.128138317417345 0.0439030243692427 0.0513258520583356 0.162982875762743 0.152293609725102 0.0770410948537858 0.16793882400264 0.00758905109272219 0.121841513033919
0.0930999286124747 0.124190900429854 0.0286479440912818 0.0699479817551567 0.156836464430637 0.0178391184263212 0.152858855598137 0.115678000607386 0.0724601533838601 0.168440652664891
0.10587086371332 0.0331507702051242 0.211014037989314 0.0118121457060968 0.084781625705931 0.135220344041423 0.220306189830298 0.0312661959457193 0.153602909794469 0.0129749170683057
0.191389040935742 0.103573953163985 0.0461383087998671 0.0289110164388828 0.000397187366050028 0.0936788089274115 0.113855630951635 0.0439205095668348 0.191251414101767 0.186884129747825
0.0141744076992954 0.348092208120513 0.239853487980314 0.0317355534122421 0.033077407581536 0.0409842125162118 0.1475578678127 0.0372557190262269 0.085940994813691 0.0213281410372702
0.0405195098140184 0.152986715309616 0.114944106110372 0.126202386320384 0.0944221215656481 0.0771894999195856 0.139986661713293 0.0712566959986826 0.153776517004614 0.028715786243786
0.0595867515908829 0.111685150131355 0.100274382348225 0.0144118638253653 0.0628316834627942 0.149274394049456 0.102929003632677 0.0132427198564992 0.211433397803976 0.174330653298769
0.0762481237385801 0.170608191785585 0.0483417916956367 0.218681512628063 0.244722150109304 0.0171861356189731 0.0605697027167051 0.0214743741780631 0.0377005716982614 0.104467445830829
0.17056110012237 0.117662559069294 0.0614759128685345 0.0977781080727458 0.0260383513014022 0.0523599828787368 0.13312100888239 0.120561230514709 0.0635635286901217 0.156878217599697
0.0610835517751813 0.140550930839811 0.0160325410772867 0.163587884569539 0.103461507204258 0.114865017817231 0.144116589147908 0.128728237151543 0.0402442971145761 0.0873294433026656
0.0974317129452571 0.0982162429627243 0.0571986509445812 0.154489982760063 0.0578465358314361 0.134976103551905 0.171296635454582 0.0891169287157376 0.00390524794354215 0.135521958890171
0.0060881171255036 0.0950455604594739 0.115228184537549 0.158096072260794 0.144971434975033 0.102483769961437 0.147133909549228 0.178327786694266 0.0456198485476297 0.00700531588908614
0.106289141480136 0.117545280253108 0.0194508107573779 0.103708741839677 0.0185134941179552 0.181388135149833 0.10326166788393 0.0531256427817319 0.178689633001228 0.118027452735024
0.126807911115858 0.0720541761990115 0.0520280201078182 0.161627053101348 0.0358667340669857 0.0432459274609353 0.134944230236325 0.182753898269066 0.0102377915698876 0.180434257872766
0.0127248501594863 0.0561029976559689 0.0790240389217988 0.138477467557161 0.0638842077160554 0.0539529559457679 0.076955540320168 0.189797740443057 0.168505822272412 0.160574379008124
0.134005550288019 0.0432649611728989 0.132973126986836 0.140864608376823 0.138860545938816 0.075759717010588 0.0184023138487676 0.151943719479575 0.0594615285382779 0.104463928359399
0.214616702952143 0.0327201400381569 0.128704831422394 0.137759610840493 0.0483676867328457 0.213676095006741 0.035952653859968 0.0727199390405992 0.102125062101922 0.0133572780047372
0.044653084181788 0.147122438754924 0.164746243693736 0.0834081757568935 0.131656146920947 0.0276118044992887 0.103951464495205 0.138757799005462 0.108907157077888 0.0491856856138679
0.0918538262587706 0.0244005714921455 0.0708764977882259 0.169123970465115 0.173031172485251 0.0529931940950206 0.1402900899204 0.0817140401733777 0.134317006948678 0.0613996303730149
0.131643580147177 0.120303312319405 0.123846866253166 0.0746473124104198 0.0022323575000506 0.0738072692366731 0.0776440968842936 0.132649800812519 0.13970697633108 0.123518428105216
0.148897159761291 0.059120855804608 0.102049422221594 0.0114865912557976 0.117490240343351 0.114281179981971 0.107360083865521 0.0541948926509354 0.130014773894143 0.155104800220788
0.132453589579492 0.106895152573255 0.109658261840428 0.0251195155463952 0.127542330784427 0.100559471371633 0.127839371137521 0.130310945223119 0.064803534278365 0.074817827665364
