0.265833336059845 0.242678258919049 0.140902131088224 0.103759924005647 0.0337195295172815 0.096862957811449 0.116243862598504
0.302624666294002 0.0860436617000448 0.0475498991666338 0.0811234671624799 0.211166198641199 0.109801919444958 0.161690187590683
0.0945603960732472 0.251500338565196 0.0212166740948367 0.0909878695870951 0.103337037480335 0.168235156816926 0.270162527382364
0.266370120004207 0.0582963253139515 0.0787139807680127 0.202872135446827 0.140465346922731 0.0286985162275707 0.2245835753167
0.269580948401467 0.092368289258804 0.043642083722368 0.164849724861504 0.176309209572067 0.148804118001321 0.10444562618247
0.262871856902723 0.105389682204651 0.132029889849328 0.114889127665075 0.179848781787694 0.0943554458751486 0.11061521571538
0.133216765114653 0.141966630620621 0.289478772705381 0.184341788646005 0.128034384697343 0.0450173859683344 0.0779442722476629
0.167203286173354 0.109034086035685 0.147145207845899 0.0806753167134513 0.147183657325867 0.181375701093241 0.167382744812503
0.0855470149669619 0.00395035292749735 0.150191468623891 0.294294872483003 0.303748191783727 0.00277096899729419 0.159497130217626
0.113280381342368 0.213125152445862 0.132225452655033 0.194980550934325 0.102148352083819 0.177472518336702 0.0667675922018905
0.241970442927429 0.216879757066508 0.282665555598725 0.107814459287701 0.0817540924800203 0.0113314473885844 0.0575842452510321
0.263236801649725 0.12328377661565 0.226394566990776 0.184101998079501 0.020584351613658 0.0378466926893463 0.144551812361345
0.142531010907452 0.188163765694758 0.146595643833866 0.161381818624802 0.105262909904878 0.104880687093107 0.151184163941136
0.106734627070011 0.116323221437626 0.126678996996523 0.179048222861744 0.0154704539267485 0.232470820137794 0.223273657569553
0.180639116201442 0.0957164413580622 0.112594456402925 0.121945924176617 0.0503215335745648 0.235412118140429 0.20337041014596
0.0774912504842098 0.212588662257837 0.146639465507048 0.163306769553826 0.205322421911934 0.0334102507086073 0.161241179576538
0.134015287626692 0.249845343389174 0.0340877269627775 0.212767733152749 0.0865525829638318 0.117263076622549 0.165468249282226
0.0972412320606307 0.100772922690721 0.149451520887439 0.272488347711903 0.0144377968313327 0.145476473452232 0.220131706365742
0.130619774715183 0.181285628634395 0.125136942335166 0.139757162437594 0.100278272903989 0.182208611637842 0.140713607335832
0.147469106120686 0.0335503211010955 0.222342656732177 0.190314744534003 0.00454880558008077 0.19800977105015 0.203764594881808
0.165213265457703 0.0628375756551484 0.363195533177086 0.0574883580997279 0.00733415766737062 0.282427669073761 0.0615034408692031
0.0979474520764195 0.17696766845726 0.0536366007355615 0.232664753348147 0.061548788543625 0.066389283078823 0.310845453760164
0.124495521537057 0.119488957330293 0.105391263550491 0.267369650046897 0.195668586512621 0.119653225448952 0.0679327955736899
0.0471357760518327 0.139541028157101 0.216432061647074 0.189312366005835 0.199074131599449 0.170547626488678 0.0379570100500304
0.0515729789976535 0.155242102086324 0.109959917442128 0.018636855271126 0.227679746703687 0.361722795825295 0.075185603673786
0.0492876533971573 0.0239410036957074 0.208179244175706 0.28764123240117 0.105114814015117 0.138150293778999 0.187685758536143
0.0771285397242619 0.209844596609537 0.117927208490574 0.17700320045278 0.14789010193767 0.076883898695215 0.193322454089962
0.135668749430268 0.0518955240014146 0.279798146035682 0.0437606188333557 0.231052385092508 0.105432144919221 0.15239243168755
0.202442759794962 0.0205066603266321 0.170392415211009 0.160280995401352 0.114388032757077 0.17708885209538 0.154900284413588
0.0159154648190197 0.00844542452099011 0.137236371115001 0.160933038724071 0.193848883875168 0.234391875234449 0.249228941711301
0.24928028934233 0.0221809052523206 0.251461895654735 0.131629032290969 0.202898545741923 0.0964797278050891 0.046069603912633
0.306692266667315 0.100092055016329 0.0434604152372347 0.122771612750116 0.00103244236309291 0.194083703096253 0.231867504869659
0.0469906072811391 0.129643893377777 0.152051784927737 0.141675896462777 0.174370373191793 0.174432865551893 0.180834579206885
0.0439087057680766 0.183651192393105 0.161195097103149 0.213211271133473 0.173079076359486 0.211483744484487 0.0134709127582249
0.110156411394883 0.11953740963981 0.223781017873798 0.140590350560976 0.180281605039203 0.0811055387664189 0.14454766672491
0.212675826340891 0.21835962073836 0.133147151979235 0.234946509425325 0.0473873882306002 0.0269990439029536 0.126484459382636
0.141496377581725 0.203848032318805 0.191472968985948 0.0359177080012815 0.173782152227704 0.25315070551152 0.000332055373016481
0.240272584280771 0.259318749138048 0.0884768548084141 0.0929060491798539 0.244590373033609 0.0363928281731412 0.0380425613861632
0.156630552311356 0.182439412121847 0.107591449786074 0.0356228523137903 0.223310453204511 0.113926932271395 0.180478347991027
0.0540012274071283 0.185833530747495 0.0837394391179464 0.129731580505628 0.210784066577192 0.106543165498542 0.229366990146069
0.0929811274757608 0.190536679082617 0.186359688230122 0.177681273742488 0.0782494736485719 0.0944433152028815 0.179748442617559
0.236987807692503 0.132519190638301 0.208142054389028 0.0135400637463078 0.264173079033349 0.0941575883100632 0.0504802161904479
0.147355416646937 0.226520800707247 0.0654994428930575 0.104017893979393 0.0810512233765539 0.187555169084747 0.188000053312064
0.298828455590269 0.0457191678622048 0.024029180310346 0.018277720684112 0.0903237792102892 0.140534124429231 0.382287571913548
0.195432339385117 0.0806850063450634 0.185987959866304 0.147007274322855 0.107444584897673 0.0444837026491094 0.238959132533879
0.267807513340691 0.113687012472447 0.229794688455787 0.0168949699598247 0.104837796452742 0.0291505093814108 0.237827509937098
0.0958388647034413 0.358271931180032 0.164022099087608 0.0398870767505418 0.00259849184721191 0.219505985832559 0.119875550598606
0.0423175743664126 0.232171590037773 0.269790817096707 0.256023833117091 0.0623710109520199 0.0950680228637898 0.0422571515662066
0.246215175647035 0.311512138967718 0.0920440954415519 0.199748195148817 0.0104080956491553 0.0371862835738848 0.102886015571838
0.0803897846720829 0.144222168030368 0.15868497640191 0.125131333434877 0.219106317934474 0.0581457174586402 0.214319702067648
0.154492131553823 0.0941410136125758 0.170149965839519 0.439417593221622 0.0807929300040047 0.0213541157506059 0.0396522500178492
0.0547838419042809 0.0754621252364742 0.0297953466054089 0.243732228248622 0.106135944444652 0.264850202360696 0.225240311199866
0.0724264033680765 0.0885632242666395 0.142960995095317 0.200339020451187 0.15805617998471 0.235059604376641 0.102594572457429
0.204255870746659 0.136150624010425 0.102562753890904 0.00434854229648356 0.129789396673423 0.208945789854588 0.213947022527517
0.0615726017319569 0.202872508099451 0.144683320779204 0.179770498822291 0.0312722440127128 0.19509154018195 0.184737286372433
0.251983578201975 0.020566479531484 0.0777062838547619 0.147162690722043 0.179824844552164 0.176091607984632 0.14666451515294
0.188972552737091 0.0636725696421538 0.0612862210702038 0.159162681071436 0.195140009011234 0.177258281440701 0.154507685027181
0.152163246950344 0.0340826723761401 0.00928986157633084 0.292255060466217 0.267883169829739 0.112030304757301 0.132295684043928
0.121562643559532 0.059757121813145 0.329123309048994 0.135539038088435 0.00579840714839565 0.0596624554704801 0.288557024871018
0.0942453678684703 0.130439931887145 0.00783411453349957 0.161140718849593 0.147202696663455 0.302523415590633 0.156613754607204
0.204760788164844 0.17894310931987 0.099443617303688 0.04344467474911 0.190348667295656 7.00976989915484e-05 0.282989045467841
0.0423960940675403 0.293857973315305 0.00548180279351858 0.0147812360864279 0.168076648811749 0.207220653421979 0.26818559150348
0.117802712995633 0.148515582841383 0.0387204548682736 0.231600343271851 0.0664909553101446 0.225152734987592 0.171717215725123
0.129947583344377 0.10477077095994 0.12689741977715 0.103760346996187 0.186006243561495 0.259720828065746 0.0888968072951057
0.0049399065063117 0.088043877671426 0.31028946755206 0.130262779667523 0.00683054225291458 0.3377759211534 0.121857505196365
0.220875156043589 0.12139909124962 0.265926416491943 0.140819839435001 0.111566782585982 0.0382971426320209 0.101115571561844
0.183482950557421 0.156954145653285 0.227235428304595 0.0521093838002311 0.123307463050235 0.222327052475764 0.0345835761584695
0.138958781412709 0.191448619545777 0.124792353995433 0.137406694079547 0.176488487048658 0.138844684925391 0.0920603789924848
0.238949869787686 0.0419239891546941 0.184594291392456 0.0386248236074601 0.200861965898844 0.0822321916499756 0.212812868508884
0.212706027240805 0.0264527736606496 0.0569242719162256 0.147623974229552 0.0186044200539288 0.351676044415823 0.186012488483016
0.164823025689296 0.177580425193813 0.165670670441792 0.0413316213877596 0.164340850054983 0.111192109972738 0.175061297259618
0.257810048212053 0.0377087963833363 0.114642262325923 0.278927293346937 0.0622604083440206 0.0730995825207099 0.17555160886702
0.0701784981090504 0.099585405490434 0.0961651373030491 0.282647480046448 0.116026744539013 0.230030522376774 0.105366212135231
0.211293031162958 0.214998300934046 0.0673775603335531 0.180731355208008 0.0828827356001627 0.153750088668611 0.0889669280926604
0.175200991926219 0.202721228990505 0.133137265413457 0.168616662511908 0.0556243902547977 0.214183361878332 0.0505160990247823
0.245346944853738 0.163682784382981 0.0652973911344901 0.0624257563231413 0.185444963494491 0.203198126820259 0.0746040329908998
0.0782722100206844 0.213392172143699 0.201907925339811 0.0572503798015992 0.0741027792566134 0.207844007572128 0.167230525865466
0.366021980660684 0.117646472022986 0.251284715372364 0.0912829788600959 0.0610946488606826 0.0675805306185357 0.0450886736046514
0.168431497265351 0.134048729188383 0.27291537475489 0.266853007047943 0.0490242179940427 0.0142909578106905 0.0944362159387004
0.0336012121252987 0.199760573015466 0.136794861950348 0.0994426998679388 0.16508093672726 0.211645122186046 0.153674594127642
0.131879090089396 0.258377831496066 0.104238089223544 0.210838488982356 0.189263338980507 0.0735246637185382 0.0318784975095913
0.046566302134492 0.194700968957244 0.223408371703591 0.0952729468911353 0.160549671765259 0.186972645679416 0.0925290928688622
0.193645348888937 0.181820889169192 0.156178046480559 0.0313898750540028 0.157895265320271 0.111058944787108 0.168011630299931
0.194863461023325 0.22848921246831 0.0494526569909355 0.0585185351304358 0.185405622065434 0.0529363505264951 0.230334161795064
0.176792680157347 0.194988673471623 0.0239462411103843 0.147704327034765 0.0380015155804282 0.287507412677317 0.131059149968136
0.0477094431538152 0.229778657105971 0.228662638717859 0.218579335335046 0.214979972552152 0.020881590704738 0.0394083624304189
0.248961572736052 0.0549786219463936 0.0109077926944678 0.174084287155178 0.225720014416726 0.0637972372390827 0.221550473812099
0.0037592499658327 0.109228707575735 0.278963059827621 0.0898933674321123 0.244979904658559 0.108771492088252 0.164404218451888
0.148533770971261 0.091835821789352 0.100761778050596 0.24393761024427 0.0956096626260189 0.247231520811839 0.0720898355066628
0.016849238526029 0.243444541435572 0.211299634419825 0.210306646319557 0.0883680748083862 0.0447947205182952 0.184937143972336
0.00147612015125196 0.123378515080601 0.0926736593666606 0.156098945732675 0.201015792238263 0.2506748355759 0.174682131854648
0.189066203533264 0.117691427478889 0.1281540971416 0.211113567043492 0.0691950598024215 0.205685895141176 0.0790937498591565
0.155756847897216 0.0837251398737323 0.238782710275577 0.125488837478843 0.0872169738993724 0.145366903276289 0.16366258729897
0.229284712137996 0.163996344506738 0.239387366357745 0.142242799028841 0.150401854789188 0.0314648045137971 0.0432221186656955
0.0886224894171643 0.00261330862858667 0.242371923114659 0.12210837342704 0.16036662543611 0.0133297759379313 0.370587504038509
0.0770383218768711 0.0255956590622283 0.266302979754428 0.0631082055185321 0.249966761698956 0.281931985188467 0.0360560869005183
0.0576128293011383 0.147045970039357 0.220522727494292 0.200944699357573 0.199462161974389 0.124240980331729 0.0501706315015213
0.26792391202212 0.0226332177339312 0.109187446044693 0.208524660163271 0.00171251888358961 0.317140397755543 0.0728778473968519
0.182010697630883 0.120438273588549 0.0358739180814406 0.226472341048605 0.0849834104666035 0.247006262926801 0.103215096257118
0.0119966526181866 0.212220276408163 0.196142214485723 0.122866980920539 0.116321854460997 0.210506589125631 0.129945431980761
0.209440755252148 0.00421203028610023 0.104445977795313 0.208596004750282 0.152193578820588 0.234542584430319 0.0865690686652503
0.254514713096548 0.134782164339468 0.0432070392339837 0.0309266241295782 0.292812390135412 0.0221810712538079 0.221575997811202
0.132745952810912 0.315235937070817 0.0439805706284285 0.229584294335282 0.0930768264969049 0.143062575175843 0.0423138434818126
0.278382667458058 0.0491926921129595 0.0629508350234083 0.0420614001902965 0.246148993365987 0.297384435847193 0.0238789760020981
0.214788921743308 0.112723356136894 0.0650531461587136 0.0982704523599634 0.152726070795538 0.277160417332282 0.0792776354733012
0.163485480890003 0.107234335252907 0.0916278861561642 0.175850196126012 0.214899430362648 0.0369344802948911 0.209968190917374
0.0326814627773228 0.13974899921559 0.27271073345692 0.109815946645871 0.0830028254099289 0.0911108488364203 0.270929183657947
0.0781259741501064 0.193392980980571 0.0269108854503584 0.0585110702221534 0.237081311270617 0.248374401105086 0.157603376821107
0.134627684269259 0.122862435513742 0.20436983884588 0.188447051253993 0.0306326339984491 0.157724652807846 0.161335703310831
0.0479425261975365 0.107522238886897 0.244149821274518 0.0288410811435881 0.252576941550026 0.124176554469858 0.194790836477576
0.132428029024945 0.180802029120371 0.124535910087527 0.17629245563646 0.113518180355279 0.157027487520579 0.115395908254838
0.0683313786410305 0.317234883587241 0.026583244928285 0.279847999710933 0.0560906177285069 0.106020522913524 0.14589135249048
0.00122010408786661 0.163750233139299 0.065281188417192 0.17381366309309 0.227476612614424 0.191396116396892 0.177062082251237
0.207837552537905 0.227110998494894 0.176422187572539 0.24077038398099 0.0109891784678535 0.0333789242376179 0.103490774708201
0.0220700788467426 0.00429815397721932 0.170461322116493 0.133437958809165 0.118370005059932 0.278097987660681 0.273264493529768
0.157198735333038 0.104870654921792 0.12282607713808 0.236621568265987 0.147343690254412 0.0107904970822109 0.220348777004481
0.138710280839897 0.122527705724829 0.0534084599942232 0.214719673098685 0.202187403716856 0.176461802016058 0.0919846746094533
0.146388679139312 0.124952661989364 0.0168373492098322 0.123810303350281 0.148641283392541 0.183600432444733 0.255769290473937
0.0409900801957479 0.208793151740994 0.000194401992609881 0.233320531052966 0.24229468047008 0.00489333580578756 0.269513818741815
0.209079479004845 0.418196967033125 0.120762405811176 0.0376682059071058 0.0345366820528015 0.0393366910761873 0.140419569114759
0.191497384580039 0.116332581621436 0.117964028927373 0.162503886259312 0.200687903447997 0.0183119595945336 0.192702255569309
0.0497247954244012 0.233403371181469 0.240785168147721 0.219424939045301 0.0676230742559021 0.184157476766823 0.00488117517838232
0.0974469520738058 0.153337017681185 0.0771894116257314 0.204651033174704 0.183132132127362 0.14558712718078 0.138656326136432
0.154539991630459 0.202228677678338 0.0528972845570967 0.15942541329595 0.168405552822122 0.0868734355749775 0.175629644441058
0.226413197644019 0.159033991334004 0.11847454465965 0.172790776966691 0.0417493915980366 0.190837364593075 0.0907007332045252
0.182038202895198 0.194118733161514 0.220944532637573 0.0621465575712956 0.00967217230168021 0.127262419487862 0.203817381944879
0.09306432468714 0.216334313407772 0.215069454365251 0.0809690360015963 0.0510364025279028 0.149646468809882 0.193880000200456
0.143967378990161 0.00780221954264685 0.194760242502001 0.203909852400289 0.122282799769907 0.199247857463837 0.128029649331158
0.148444798922913 0.175836437352319 0.214995761086644 0.18671925181059 0.0307975885424117 0.224730168154753 0.0184759941303693
0.111641539214701 0.350897120174751 0.0162963813245634 0.0747026979775403 0.224323174217318 0.0840786854622325 0.138060401628895
0.0990932943437828 0.362826525132439 0.00832716957282732 0.195926727628915 0.0159666529602832 0.231475423517902 0.0863842068438512
0.257604109858314 0.133112745022855 0.245696163309477 0.0325249862173139 0.0648402433585699 0.254226882254869 0.0119948699786021
0.177477934112656 0.188275442967652 0.128079863329833 0.137714782014862 0.0654630831798413 0.193296271832589 0.109692622562567
0.189590628281194 0.112233483564949 0.12779361619187 0.256998592248264 0.134434065019172 0.0265072061327263 0.152442408561825
0.0561580588890482 0.107188934401748 0.00762449135307352 0.302326504776368 0.100617188043817 0.269629491541943 0.156455330994003
0.151527255221214 0.0918381243639425 0.140078339181366 0.170249790127736 0.19592498588516 0.206920627052188 0.0434608781683934
0.124140123047773 0.108336579008113 0.262879437379769 0.0393709030841969 0.205358979798576 0.0193680234346195 0.240545954246954
0.223079612986506 0.0515801315158028 0.117102684643979 0.000238815217260032 0.220377353322433 0.19823971499805 0.189381687315969
0.250837125739345 0.0789986645142891 0.112945287095395 0.0334098051055113 0.167269193597818 0.210992906767442 0.1455470171802
0.25663532564726 0.300252297252487 0.169322003686104 0.211376307078906 0.00175784403369268 0.00213477309076155 0.0585214492107895
0.240967234468969 0.222230690639906 0.0285790373218148 0.240588934335199 0.102279924383204 0.110613710873216 0.0547404679776909
0.167019365562446 0.0541485915570892 0.181190698973293 0.137673116041553 0.135952886515784 0.161980596934686 0.162034744415148
0.119710138686469 0.0276189698021279 0.201404435416124 0.122185081610712 0.177181054067015 0.156630467530525 0.195269852887027
0.3040826144521 0.143796214128392 0.0932125450636985 0.20072007538938 0.161586085237003 0.0756257200264173 0.0209767457030085
0.147617312197829 0.0894581709569512 0.182099934257133 0.133793104352215 0.18102099118655 0.0784800989383047 0.187530388111016
0.0619483085487065 0.106042387129488 0.187866923743865 0.191801947661893 0.107746353888911 0.17025184881047 0.174342230216666
0.013143484650494 0.110399535890111 0.0361331248762445 0.194227309165634 0.238603929058503 0.19434173795259 0.213150878406423
0.304483255439557 0.0507037087090161 0.212096221471437 0.0904020322967748 0.208021906051237 0.0412369336995187 0.0930559423324603
0.0376415449766675 0.0710544217541578 0.140402723226154 0.246470717494601 0.00328403949637354 0.270606657805894 0.230539895246152
0.0788343392569384 0.230065000615054 0.205360291106002 0.160399068269851 0.141826066346917 0.0568633670237711 0.126651867381466
0.217158288372475 0.0811513489064331 0.123275552935917 0.197497510343644 0.209170626261561 0.107585291823993 0.064161381355976
0.162437352547883 0.0112800258007878 0.267382495391063 0.21760533458785 0.151184422087163 0.0896543330237514 0.100456036561501
0.133066347502614 0.190613392944809 0.0644731684836966 0.00237967698773334 0.25051968578762 0.202287664827009 0.156660063466518
0.271110828534832 0.127952814366495 0.182166790318982 0.122738526934082 0.0848068967767266 0.145059734095289 0.0661644089735933
0.274065250829813 0.0322027010860552 0.142788875577697 0.221983128384875 0.0448853234230972 0.234386579063182 0.0496881416352803
0.0767435580099024 0.293710646802406 0.210510874922446 0.0794435956373438 0.148883576511356 0.0654491364407769 0.125258611675769
0.0274596255421073 0.251688578632241 0.413709306431675 0.00473556369169496 0.0336324820427672 0.0562562322396702 0.212518211419845
0.232216071525273 0.0124064041860104 0.161258199867327 0.00769588464478421 0.0846421416453661 0.16674267736509 0.335038620766149
0.147520401926325 0.0264436345592069 0.185149454604771 0.215161621992713 0.0704185326908096 0.215975860120975 0.1393304941052
0.18185932534038 0.11384533781484 0.0299488111178319 0.00953485099433178 0.223464286406976 0.216952021418641 0.224395366906999
0.00571638769545578 0.127482992819876 0.174039603562366 0.267803812565196 0.117289748142254 0.198860797427596 0.108806657787256
0.230334788526129 0.206288544676739 0.0992358230528595 0.108386399366736 0.166365448391604 0.00462270798076754 0.184766288005165
0.0637026659811945 0.336295752273574 0.000189089496137651 0.0847909681774949 0.254527012434784 0.159951442529327 0.100543069107488
0.117647556059416 0.0501010336396762 0.195471423740465 0.172541862401871 0.253945541629034 0.119630114209209 0.0906624683203287
0.225439030790008 0.159648040946656 0.254466965307678 0.24784155274785 0.0607821323983656 0.0496046681998286 0.00221760960961309
0.18061520863891 0.245604525733977 0.169716451514761 0.190469201598012 0.090142230062782 0.0608515213897173 0.0626008610618406
0.169530514607684 0.0135573445879477 0.181926125529499 0.234333137374503 0.217112639426028 0.0487321148519807 0.134808123622358
0.197810961121625 0.270315846172973 0.189605060742873 0.082356958394415 0.109940567074124 0.0258980421230286 0.124072564370962
0.0435061561703532 0.275427452356111 0.165386448426682 0.0131106042303966 0.272103817945603 0.118017346757521 0.112448174113333
0.2838999607466 0.1156214649248 0.168090641640606 0.0860179060528584 0.114093361205613 0.0826296460573399 0.149647019372182
0.0108367260595945 0.0815966161521412 0.264828681410912 0.231889070551194 0.250459578949194 0.0666044147246827 0.0937849121522812
0.23078586496414 0.0832929531056906 0.0118443960307487 0.168256274456104 0.142515504466044 0.21231975017797 0.150985256799303
0.0235755166294484 0.172080111159792 0.143946896819819 0.137213413463156 0.213560207522227 0.125296704740525 0.184327149665033
0.203455535293074 0.0194346669016636 0.132935107399394 0.212401811669204 0.217338165788456 0.0745125210076458 0.139922191940562
0.0840248887422822 0.145759437600224 0.218945819443965 0.265743158686911 0.166313862598798 0.0946246146850222 0.0245882182427969
0.150416333589151 0.0509160750372569 0.125694376882503 0.102859317187121 0.280572188794304 0.28193354973683 0.00760815877283341
0.10024781119366 0.183158031724232 0.190334983837255 0.124940234993985 0.133733212668074 0.171616378778169 0.0959693468046246
0.243433547892596 0.148036932488662 0.0253209137647258 0.052701063709735 0.187782864193526 0.0562749495948471 0.286449728355908
0.256142272226514 0.101385997987637 0.070935600106285 0.107356555574996 0.108034717212507 0.0736909922663782 0.282453864625683
0.218900762701225 0.255612088583795 0.167476806662329 0.177044682043978 0.00180452580672078 0.17357105640677 0.00559007779518276
0.155402781919724 0.137496638213153 0.0894931617463251 0.256474333388283 0.0202659457125212 0.230914531019263 0.10995260800073
0.108406174829227 0.0983751011231668 0.223772076131883 0.138082849357461 0.106399087115631 0.142497590432313 0.182467121010317
0.0368621296877088 0.156540277847423 0.141201511499593 0.277318211671512 0.249722445076067 0.016795705424371 0.121559718793326
0.0874841227454122 0.166200505334251 0.176454352119631 0.135724393169165 0.119900240798024 0.0909673305924517 0.223269055241065
0.400203915699994 0.215296640886324 0.0138071264901154 0.178595952559942 0.0481548888667945 0.0762003454579396 0.0677411300388915
0.12551389251234 0.0600718543881728 0.187092994118764 0.158548440059969 0.153865509380536 0.156618779040791 0.158288530499426
0.224741059494701 0.163489161961717 0.13914041341884 0.163993848752192 0.013350668319738 0.0848990104292537 0.210385837623559
0.0950684253926547 0.0163890720146515 0.244711037896521 0.257815422672679 0.0805565481795949 0.230834877543833 0.0746246163000659
0.0293530107930809 0.133451478935228 0.0869890622593751 0.193214501213397 0.133344132808663 0.219775350642167 0.203872463348089
0.234336916648334 0.326805540026002 0.0430179007184413 0.0291051384750027 0.0169387388523705 0.214534232927179 0.13526153235267
0.13864677008554 0.161499019747011 0.176053225107802 0.196488545532065 7.84853981707533e-05 0.129564322931045 0.197669631198366
0.206435382948479 0.0204319973839373 0.193831582763224 0.183105252041505 0.0727320697489637 0.177055579922334 0.146408135191556
0.110983161936419 0.136440309744427 0.164460262448489 0.200360572336538 0.013670418018105 0.200872709451797 0.173212566064226
0.0763657001306772 0.16488370252206 0.300279622482349 0.0964602967510968 0.172215035772011 0.170769064976153 0.0190265773656524
0.277293084071719 0.265683330819167 0.00826659916122644 0.0835132944538586 0.042462094324277 0.196351350552877 0.126430246616875
0.159273520460197 0.10475264834588 0.177410026403999 0.298889140083291 0.143925174797225 0.00517138670412427 0.110578103205284
0.0468831013542849 0.312074841020959 0.092652225645465 0.299084241519775 0.0947034221740951 0.0327851823804291 0.121816985904992
0.0425348947229719 0.239665333594709 0.255312504907108 0.0646285757456321 0.201594745628957 0.0688957474076131 0.127368197993009
0.219704808574906 0.0318250492110707 0.211277636035037 0.243594699231378 0.0697271023960313 0.20554538713589 0.0183253174156875
0.240481541767878 0.122087612956793 0.13263677605417 0.236141681231604 0.228780927968279 0.0181047036481109 0.0217667563731653
0.101827417591952 0.221983879893664 0.00211114950745601 0.148233062035373 0.187743281115583 0.0741699781740018 0.263931231681971
0.125032245225723 0.0996147593057924 0.00813390772985507 0.243526221922853 0.232954129230739 0.192582847664787 0.0981558889202499
0.0982365835822151 0.242568086560958 0.0431096382437026 0.21543783921362 0.164782295695892 0.118795321057221 0.117070235646392
0.189753022836072 0.114603454824984 0.113145628581025 0.098900588960254 0.242025767982688 0.0420196148787053 0.199551921936271
0.247935937650902 0.190349996387263 0.212922523371608 0.0363120819581834 0.253511442304917 0.0348956117063386 0.0240724066207882
0.161625299110821 0.130720181641497 0.140560340154095 0.14496192181517 0.148137639926583 0.126249432615237 0.147745184736596
0.174379012443512 0.0150707025365615 0.27968133520599 0.21504189427044 0.0762018234353382 0.0499393640420279 0.18968586806613
0.0405735764901757 0.0632159550897624 0.0652648087789069 0.252369348769906 0.106318737962913 0.23721078446153 0.235046788446806
0.211404934589269 0.0801854691777515 0.186591281258404 0.0216701850926558 0.136267998141566 0.261554711792335 0.102325419948018
0.220403231920861 0.12405970443556 0.145547323390716 0.0423951120057993 0.196748487920761 0.0775567114058666 0.193289428920436
0.149156287878065 0.136530077329389 0.187641567316139 0.133546101452478 0.103801344242355 0.188129989258981 0.101194632522594
0.139129702124598 0.263706158277017 0.0361373862801505 0.0461242917051032 0.0994787568651236 0.135162184062278 0.28026152068573
0.153067844231489 0.181805132334052 0.0821530181828696 0.154873914460696 0.222735709607835 0.00796677110121943 0.197397610081838
0.198556768576426 0.175862138127468 0.167971130672085 0.158246114797282 0.0544603460228537 0.130275036948288 0.114628464855597
0.180776521987721 0.0136302348468392 0.18315166017412 0.196287187483128 0.0615468288187034 0.127677490081413 0.236930076608075
0.00435291590246121 0.0463385434793774 0.110252383952173 0.0329819304348355 0.257154112881232 0.276969365608973 0.271950747740949
0.109119261242583 0.0928177211403745 0.214673747958028 0.259528008031426 0.173189980691227 0.0204341517071729 0.130237129229189
0.0588205334338271 0.235110568507542 0.195547670794576 0.249570547351452 0.0383267978196085 0.178661893679917 0.043961988413078
0.192745293470098 0.243605928207251 0.240004022735571 0.00680287024223541 0.152243310904193 0.0968536424215128 0.0677449320191391
0.230345362321532 0.122054824078459 0.168050796665098 0.220120188487745 0.104009800346784 0.142481859666497 0.0129371684338851
0.119281393905086 0.0553795362023084 0.207405662686753 0.107721498410504 0.160203998971512 0.257843903271379 0.0921640065524586
0.145188047915319 0.184643761644076 0.249171906517275 0.0799820237837608 0.199130543103656 0.0438423702041708 0.0980413468317428
0.299199438733766 0.00621414583434977 0.0864252204307047 0.0477114615454241 0.335449733070357 0.143639476863915 0.0813605235214832
0.106698122028441 0.273493345225003 0.189390628580009 0.0117300264843751 0.138051320576175 0.180117496893495 0.100519060212501
0.19110591652958 0.168368455437708 0.286028547157986 0.106506620499345 0.144761625492722 0.0973452270190889 0.00588360786356962
0.158394712903291 0.0593622810000539 0.227780912504594 0.128981558796553 0.22179927003767 0.192918961413695 0.0107623033441433
0.120090521409238 0.0792070685526812 0.16347904046501 0.23932154238601 0.187814974420457 0.0235556328530482 0.186531219913555
0.218252245482015 0.161278274675111 0.219791566349357 0.190733387461733 0.12618904569728 0.0479305599154872 0.0358249204190165
0.164165699686421 0.0619817247735705 0.103748194046136 0.20571316287764 0.172347246139326 0.215107282959749 0.0769366895171568
0.136935557869521 0.0648644854705549 0.224295952821757 0.20295097653849 0.118511209477652 0.0317151115013549 0.22072670632067
0.00190963516641781 0.196931683869377 0.256193202356071 0.260596179773229 0.253009774407086 0.00429589159561523 0.0270636328322033
0.179272328087156 0.279665587056139 0.049517748598504 0.133277189079905 0.0279041720173949 0.167652211204932 0.162710763955968
0.234711909940485 0.224368113305505 0.0475592411223046 0.0918174110856586 0.0168057669701428 0.256686527604626 0.128051029971277
0.0922381609219683 0.360254517396109 0.0195254187281485 0.261555571074024 0.0802435435980655 0.144524571765893 0.0416582165157913
0.192609179175324 0.13842988372217 0.174699798745819 0.0404869750228664 0.125277122999752 0.183749241239078 0.144747799094992
0.261830196389855 0.0370134736018007 0.231796542781063 0.0799045783304218 0.265907436195179 0.084917823837239 0.0386299488644414
0.134625770206761 0.0347391024743569 0.254553730424036 0.192976815087359 0.0952210213185068 0.250072631592439 0.0378109288965418
0.055617855716321 0.319992600921246 0.0357902425203164 0.0984792539676087 0.0780565862176736 0.0947170999748416 0.317346360681993
0.13056952816146 0.0333439078608142 0.0755121284746605 0.238287841644382 0.110321303144329 0.256117165750046 0.155848124964309
0.228213570056206 0.0546261654814086 0.0808292213580612 0.111876117632519 0.143388546348837 0.159091304304285 0.221975074818683
0.173918079870884 0.218373339724082 0.178006910388421 0.159903702029116 0.111290572991914 0.0471537790140392 0.111353615981544
0.0321445424287761 0.177454997055502 0.194955706840071 0.203515666007904 0.00894535840316499 0.112263211013274 0.270720518251307
0.199255511157488 0.217869399971256 0.0629867438800749 0.169962093631145 0.0764677711562672 0.114664456433676 0.158794023770092
0.187065426195597 0.184402572653903 0.0272379332352556 0.102534554033258 0.197222429667057 0.0654037901814547 0.236133294033474
0.166655661885356 0.00708180298747845 0.333273030835751 0.234744780127643 0.0744136686523277 0.131021193182176 0.0528098623292676
0.247345479947333 0.124612106582001 0.00394863596394697 0.208410690946253 0.169880686303617 0.0849929918452787 0.160809408411571
0.230328115135384 0.126259640593127 0.260001850018158 0.133458581105766 0.0374071301311869 0.010785095257778 0.201759587758599
0.0754581550261381 0.213422662079676 0.209068902137404 0.173297174257251 0.115589561543837 0.0681871924512466 0.144976352504448
0.167676185777449 0.110061418071642 0.185451794703403 0.181903619929288 0.267192800844909 0.0453912887396114 0.0423228919336972
0.1776259683025 0.107243026260886 0.172857815412506 0.0902212176456747 0.210236258673362 0.148199087403606 0.0936166263014661
0.260293632248668 0.0785506222737539 0.0554456417537135 0.145087763000344 0.0820944819982806 0.128618613605924 0.249909245119316
0.252353441037535 0.115938236544454 0.000387551121078868 0.217053330830929 0.0362389917382112 0.150782910781665 0.227245537946128
0.234532327709197 0.053467371084037 0.0920543125910456 0.115051196984844 0.0824761382862968 0.138858944464112 0.283559708880468
0.0496756379758135 0.243993274213806 0.146726791112775 0.201355626182298 0.191768291005837 0.131984351862665 0.0344960276468042
0.155648682251417 0.351720383720949 0.108883766020174 0.00450844979209045 0.219850095548255 0.0904885507319469 0.0689000719351678
0.0529430055938273 0.0818030467961626 0.0839099219023204 0.315288953408213 0.349980872336945 0.0301764615929163 0.0858977383696157
0.308279751043485 0.145157005108954 0.0359275530025347 0.196352332301596 0.17613403268499 0.0845527248798277 0.0535966009786132
0.074538491289167 0.076283057516464 0.161235599529328 0.23792162999078 0.230916322822044 0.163059608829526 0.0560452900226906
0.165909383343982 0.312305150021916 0.0114684765866824 0.0907451097689253 0.16803619102831 0.0906428512765716 0.160892837973614
0.0888174926792903 0.166264957239527 0.222342568423234 0.189602608523746 0.233870200537183 0.0904751452996871 0.00862702729733207
0.00862013271777906 0.519171703686039 0.0654061801968211 0.140886302623502 0.0104558932492046 0.252785871523422 0.00267391600323188
0.0844930296026223 0.13530016691064 0.0638868842505914 0.0270322405409324 0.246367460068757 0.269423106599283 0.173497112027174
0.235636698826386 0.19263792224206 0.133063750831079 0.0511056857155312 0.267660026690553 0.0375891019996172 0.0823068136947733
0.113160813174823 0.190830112601332 0.197958013297755 0.0632021023481814 0.170630145740062 0.134757823386728 0.129460989451118
0.119741841661769 0.144274603760584 0.0376826552057322 0.251750058712739 0.097060794470629 0.0786329309930027 0.270857115195544
0.0923938232660383 0.12338292588272 0.160128490302974 0.202313510513079 0.0949604193127568 0.189761405457239 0.137059425265193
0.238565809792111 0.0555097111983529 0.255845672162187 0.0648000785967074 0.205609863849008 0.159431292960768 0.0202375714408663
0.214993206617349 0.00171337766250598 0.0312299550584138 0.258022077291867 0.176430494056958 0.0825015664397575 0.235109322873149
0.126754615251795 0.202921506542658 0.227785627946104 0.102951120070579 0.0646866346390074 0.197823139565139 0.0770773559847165
0.0858085540748295 0.00503366862395682 0.216254732724972 0.221317471735035 0.0789950865596604 0.171834098795464 0.220756387486082
0.0218111892993474 0.150374388418962 0.0248983250363849 0.0411736826816047 0.331997978825605 0.0857950352121955 0.343949400525901
0.00208874422596456 0.17321255335841 0.134231828031065 0.217473653833388 0.135037248456535 0.179904452069218 0.158051520025421
0.246272358547683 0.0553786372805913 0.16590715696164 0.191977904130486 0.228283878412363 0.0176668408594172 0.0945132238078192
0.209128339751149 0.257048331134447 0.257944446452644 0.124901711907923 0.00188521577327406 0.0648425693203076 0.0842493856602556
0.0437429670198555 0.124729761892056 0.198113467846797 0.279584135692608 0.0941093850789929 0.107164007262608 0.152556275207083
0.183298475076609 0.0924764811424205 0.172367678889773 0.177181010121531 0.0365504637929968 0.173435712265536 0.164690178711133
0.121157114217451 0.146505538101518 0.16558124858567 0.116991396596421 0.0548399617224273 0.188593836703764 0.206330904072749
0.181170452529544 0.150169248506212 0.182755268359609 0.113427565902883 0.165034376562044 0.0128561091570026 0.194586978982706
0.220682796138606 0.105560747479838 0.0606683441978386 0.0588997103110446 0.123482600465442 0.240520279079474 0.190185522327757
0.0683721564685888 0.173442996542377 0.20984773461027 0.0790715716958787 0.0902064114279351 0.306751154310114 0.0723079749448367
0.0946410162153217 0.0473098610597147 0.0867213429535143 0.224810442321326 0.149116729156929 0.290703257330733 0.106697350962461
0.168370124450216 0.031427891350696 0.248076021905671 0.257006901434045 0.0763360072539781 0.145000804466548 0.0737822491388459
0.149957797483428 0.0272429538599676 0.152613677324883 0.198625901541241 0.116661234617698 0.173353524823444 0.181544910349338
0.0665573043122159 0.196239643924119 0.260768355622794 0.0626464244122433 0.0835580275297334 0.000310795727771076 0.329919448471123
0.185966917367661 0.24399110078743 0.188620793680967 0.163445030324786 0.0596616518024806 0.0541116351635344 0.104202870873142
0.153996672153577 0.252663048344504 0.0146472447904837 0.0369251949203055 0.25255589890048 0.212850237163896 0.0763617037267535
0.197142193641875 0.130716822408008 0.175679985613705 0.018263978621042 0.141804738933678 0.194626192492822 0.14176608828887
0.0577670484517965 0.339254531278764 0.232937830158925 0.114882758864648 0.0666570942882939 0.182116158796719 0.00638457816085519
0.267271614230853 0.0790823741585556 0.0782715250657721 0.0807554680962553 0.0469940980350744 0.087022927739615 0.360601992673875
0.0663059107942727 0.181261182338068 0.233132529343892 0.103087137888784 0.164772797710268 0.0304115476756427 0.221028894249073
0.0327761971789619 0.0602670873492906 0.0472561961286991 0.133959798850727 0.337449724394753 0.0781775767801562 0.310113419317412
0.0808550350438453 0.133905786767444 0.00871349427415337 0.228387555220838 0.253659017893161 0.0968279914428658 0.197651119357693
0.171810613159701 0.0921774023982213 0.180216011630552 0.215501111940332 0.061855591586393 0.163195355465421 0.11524391381938
0.243214823119389 0.0425030343432087 0.154182571823269 0.052518161766433 0.105312027865038 0.247540822446659 0.154728558636003
0.244409065963018 0.0227999774950618 0.148382420099496 0.0993097159011502 0.134675109253065 0.10404250899458 0.246381202293629
0.0207903850859989 0.244785636563959 0.0982550313330143 0.143368104089221 0.181134212189736 0.027301316197147 0.284365314540924
0.234675985027215 0.0301986069471264 0.0568035171776568 0.18702543711045 0.3004548052091 0.0401642985003757 0.150677350028077
0.31511344122604 0.177295634805863 0.0981358046846681 0.0397776400530939 0.200972162592668 0.137974507814975 0.030730808822693
0.145974255672671 0.0301675847460289 0.255276860285604 0.13537577752539 0.191922126294401 0.0264141761810349 0.214869219294871
0.0536910059422469 0.23618176314079 0.246106446325604 0.192435159506825 0.16190227806761 0.0731588493399795 0.0365244976769458
0.087169388121063 0.14285818733423 0.0685929598390611 0.00639548212481871 0.253558298535776 0.235395095894622 0.20603058815043
0.0823383616850384 0.137935126594054 0.187254993700562 0.240923867564252 0.168617900624678 0.109638616703149 0.0732911331282668
0.254130508206357 0.0217953209099857 0.213471620921114 0.0502522790427743 0.292399209575473 0.0732111819354161 0.0947398794088797
0.0106478147570179 0.100014864247339 0.373037309537566 0.0291379834367895 0.265821545414004 0.0814092452480858 0.139931237359198
0.0251054784267331 0.210320334647384 0.136121167096142 0.0581129042275066 0.0409738573988934 0.110340611796882 0.419025646406459
0.112040204205937 0.216446490343238 0.00613205436509754 0.181993268390028 0.2167403337103 0.0814170638619381 0.185230585123463
0.0300148735762468 0.0717343413118446 0.120203346420083 0.279549448307546 0.121928307275608 0.0391256787930258 0.337444004315645
0.204661268224948 0.159283738294204 0.180766853885456 0.109733682404266 0.00424554078957742 0.202019170311843 0.139289746089705
0.198589202615672 0.0747408710915647 0.20996459532109 0.178178808410863 0.157488119488123 0.00833714929063772 0.17270125378205
0.250607273031359 0.0321261044155399 0.043181319695463 0.239034296798677 0.0720555785103361 0.234368969232425 0.1286264583162
0.00257032202645955 0.121088962893635 0.149448187074582 0.127617656595802 0.187386279772078 0.129071307962346 0.282817283675097
0.143298476440255 0.108883300165955 0.153134596295637 0.162741167389543 0.152052360027789 0.173082337221127 0.106807762459695
