0.129246282776701 0.229706356317878 0.190317647151602 0.272049969631778 0.178679744122041
0.0644247048428786 0.307485114370768 0.177975862604332 0.345942628527545 0.104171689654476
0.231991635393426 0.281559132239589 0.251435825836584 0.0693968948887446 0.165616511641656
0.301706762892354 0.306727454531274 0.161857029185035 0.185376562953329 0.044332190438008
0.542523882027611 0.0192776005185727 0.162382651990274 0.209777787773163 0.0660380776903793
0.285962907596063 0.0187935950073565 0.183710698930952 0.24485900856068 0.266673789904948
0.0308583763516656 0.194881711310896 0.337265232641376 0.201332414602616 0.235662265093446
0.0407264320136988 0.437010880480647 0.0970179382778384 0.116122628295833 0.309122120931982
0.198649403897573 0.306450414587485 0.165263988970006 0.203051272688076 0.126584919856859
0.262955194521823 0.0602249924872557 0.225895299307879 0.157532366202452 0.293392147480591
0.17073718084342 0.176306022393801 0.177289818754859 0.271151329067474 0.204515648940447
0.263708870008109 0.268730855094609 0.0243371991417248 0.272526593013499 0.170696482742058
0.190188111511979 0.289304732319058 0.0865700644058666 0.340780416350698 0.0931566754123984
0.0108451485561969 0.279492077081279 0.314516230629535 0.102019317820299 0.293127225912689
0.0476283926359241 0.284714414923584 0.261733957717854 0.209551922473871 0.196371312248768
0.374055710561377 0.219794521392225 0.0054947526430417 0.285726148612589 0.114928866790768
0.137351726981009 0.345275812820014 0.293259219067872 0.193533401614005 0.0305798395170988
0.174334460452132 0.163902911766409 0.101815183780646 0.290802958349258 0.269144485651554
0.223052465576272 0.105147759276295 0.0688159467651736 0.248908420648971 0.354075407733288
0.236606294343558 0.156065200991919 0.390043754194963 0.105662184586074 0.111622565883487
0.277530475298903 0.0109395315364802 0.330558630767739 0.169604301452899 0.21136706094398
0.0221246087299874 0.101430009805429 0.341898933929232 0.41239832006217 0.122148127473181
0.207813735700621 0.207346881668747 0.325551755050095 0.214133191713115 0.0451544358674221
0.0802089300189492 0.12291402772911 0.311297938613991 0.175472495867238 0.310106607770711
0.0740151117620972 0.32056196242944 0.195166854775175 0.267145155772644 0.143110915260644
0.269867114435173 0.147333178517886 0.20911515424606 0.264563560789881 0.109120992011
0.0902651169013547 0.270583934549554 0.196900540436816 0.334863453380033 0.107386954732243
0.013905803513081 0.226929166635773 0.147849500158833 0.340059595309181 0.271255934383132
0.0636437672136351 0.0755392948400473 0.387736388996994 0.439925703398266 0.0331548455510576
0.394773954565431 0.212616267077609 0.0756465963554341 0.3061648337681 0.0107983482334262
0.173349326901198 0.186044335370278 0.0344041890578197 0.271657890001578 0.334544258669126
0.145821475841428 0.150300044068898 0.118049522227089 0.463453525504189 0.122375432358397
0.0376608622216341 0.36610215237369 0.22126984241089 0.239409233527706 0.13555790946608
0.0401201527367231 0.488415387066784 0.16477964571135 0.182224450384663 0.12446036410048
0.28084364216874 0.287542758854967 0.19174271664674 0.010391701438205 0.229479180891348
0.19684155804308 0.323780476548836 0.147444256956362 0.195543527055651 0.136390181396072
0.0949457504936404 0.216744251086543 0.263832527363784 0.0915948769613476 0.332882594094686
0.298937811382426 0.0626807300136542 0.150276092652089 0.288966698980645 0.199138666971186
0.449443391710464 0.319754662886605 0.0346739660566125 0.17633272797652 0.0197952513697981
0.262598934382393 0.272075520671326 0.246476671319815 0.177358546390981 0.0414903272354859
0.348746938430444 0.216202986419553 0.236515270816223 0.190118505507283 0.00841629882649713
0.223181687498872 0.173517942935674 0.0988983795648264 0.324750836697536 0.179651153303091
0.0182277776619226 0.093118264985973 0.196792931202699 0.340843772932846 0.351017253216559
0.150081254758655 0.0711618282421526 0.3181342042485 0.12448159387864 0.336141118872052
0.322383284497863 0.0873102735676717 0.0680436622893752 0.188655616951998 0.333607162693091
0.217030701471546 0.143230300480325 0.184588924209951 0.225924377305497 0.229225696532681
0.349171774346684 0.0575207415478761 0.00616160437114552 0.00808871284831358 0.579057166885981
0.283431832691704 0.162690348209181 0.0237916516175348 0.236583158667679 0.293503008813902
0.276773603588412 0.151044989093752 0.0391330316552842 0.370903135520017 0.162145240142535
0.144212460366302 0.152018041412111 0.0983106841216481 0.305713338655273 0.299745475444666
0.279830469855055 0.298111936735072 0.157919408680013 0.103722674259918 0.160415510469942
0.26876037482653 0.132033677887745 0.0589049688760357 0.257102734299334 0.283198244110356
0.253146384944768 0.251814450941465 0.114280796804855 0.230539522950044 0.150218844358868
0.200953856729715 0.222525997232461 0.169536687137594 0.189743623213351 0.21723983568688
0.186925660377064 0.198549816089988 0.214298372680411 0.295899461727912 0.104326689124626
0.0297544236595236 0.33857537953297 0.143962123698884 0.452130664927912 0.0355774081807108
0.0238918396360252 0.0423026041707291 0.232093132409719 0.575058278313267 0.126654145470261
0.157947608417947 0.0350554581160089 0.363383522856304 0.286291257685817 0.157322152923923
0.246089158315537 0.287348734321892 0.329638948892235 0.0935376951306284 0.0433854633397073
0.0748149555208183 0.311735787831325 0.109165800330108 0.235581549531956 0.268701906785791
0.208721454637079 0.186416494875166 0.260571384113975 0.276639188888899 0.0676514774848814
0.542530408622108 0.0995672368859519 0.0197567745530937 0.203881576705392 0.134264003233455
0.117299824381759 0.234750022875197 0.109915873864723 0.402881853545002 0.135152425333319
0.146944067729665 0.0273978344017795 0.397877873420254 0.203567794089272 0.22421243035903
0.513950942060936 0.00828388257804523 0.211592791866904 0.0808265656445409 0.185345817849574
0.185112611484019 0.288354822080535 0.0145726994466018 0.285267541005292 0.226692325983552
0.400349473788614 0.155979880065981 0.212565859057723 0.0629975433671141 0.168107243720568
0.193487355202448 0.0739192294107888 0.151609676014274 0.318489963135042 0.262493776237448
0.230560953432241 0.27137722406196 0.295614185168779 0.178209280569918 0.0242383567671021
0.361002283352863 0.0782375129612836 0.017108738418308 0.50506605964544 0.0385854056221058
0.221646059627413 0.112778872925468 0.301746119900706 0.304144830372701 0.0596841171737121
0.226965572534006 0.112031757052734 0.335994083114645 0.0110996753379394 0.313908911960675
0.2407762749607 0.279706918678205 0.166934280758624 0.269985438999831 0.0425970866026402
0.277622299178228 0.172803414302782 0.200965135912545 0.0940842369945464 0.254524913611899
0.284962804983291 0.176637154344875 0.310909025970527 0.134129312884518 0.0933617018167903
0.0207540017811721 0.412929120648046 0.338858445314053 0.0687146551485113 0.158743777108218
0.275423852820128 0.273315729469085 0.0745876471519699 0.296986268415479 0.0796865021433374
0.0223074692294805 0.134513033840491 0.355080132143451 0.131560193974835 0.356539170811743
0.162734648562385 0.297678315149098 0.282033241379745 0.0695840540368232 0.187969740871949
0.0926535956020145 0.254281409830896 0.244337069544293 0.271818231194263 0.136909693828533
0.389502560449107 0.114192031967524 0.371706679508713 0.0295620014473868 0.0950367266272683
0.234645144969628 0.172881672062708 0.22795646605474 0.177190035289294 0.18732668162363
0.0730553870831802 0.144091382639652 0.252663767939405 0.329412650912907 0.200776811424856
0.231971403725404 0.00327548710487613 0.294255334764128 0.241242744798497 0.229255029607095
0.191715291991714 0.362273175690746 0.279817536678255 0.0956308618967109 0.0705631337425744
0.151997590658903 0.215938761482254 0.25215838578441 0.1834636966336 0.196441565440833
0.00992595646715931 0.037146430966359 0.327295699856136 0.317849757944978 0.307782154765368
0.320166848318162 0.332616984548532 0.15445643922106 0.156072801361574 0.0366869265506712
0.252078944679881 0.00639949521538197 0.325798499168445 0.328626233002824 0.0870968279334686
0.300834708142127 0.0192618816712606 0.123401269463321 0.24280087946895 0.313701261254342
0.203356552658106 0.275498827364679 0.235734325079071 0.117056699763411 0.168353595134733
0.432882944457493 0.192759853788103 0.0104904155838419 0.222939302061622 0.14092748410894
0.303587538866114 0.0562615294141033 0.178584593382738 0.133738909830404 0.327827428506641
0.390829695922841 0.177361683308245 0.10179739750772 0.166623013819395 0.163388209441799
0.217359053541144 0.207746344317193 0.100746426994742 0.169505544233456 0.304642630913464
0.180723636292111 0.154923708463848 0.0392748958448276 0.258019964017901 0.367057795381312
0.248216486193352 0.108578008575996 0.212158471426888 0.237024756230921 0.194022277572843
0.352623224192177 0.23396446034301 0.15479242667874 0.188370547717536 0.0702493410685379
0.276228207114351 0.391333067579825 0.106369551755217 0.00723028632550906 0.218838887225098
0.0239586444707152 0.169995956721346 0.188245741572073 0.232629633423131 0.385170023812734
0.175959813465246 0.392217179382989 0.119060007885157 0.15341526660311 0.159347732663498
0.0309239379238748 0.344626527303748 0.304187798595227 0.128438517283297 0.191823218893854
0.240235884731639 0.0516532817084304 0.102484195796597 0.315498306645758 0.290128331117576
0.300308465697836 0.259081259591473 0.20325801870525 0.0264231994439642 0.210929056561477
0.0496693599276973 0.260182141468098 0.223078839835438 0.129029788903927 0.338039869864839
0.222597831994263 0.17107647548661 0.246800921039638 0.088676769130569 0.270848002348921
0.175217578162964 0.0206137834369773 0.232895347006497 0.28589238851188 0.285380902881682
0.0490508037545794 0.341222149863258 0.276231020727484 0.217289024959219 0.11620700069546
0.113126465029491 0.251501104356001 0.0269424908560742 0.368184825933158 0.240245113825276
0.296025363165406 0.327746168670726 0.227756709105576 0.140904983100041 0.00756677595825085
0.207726622417222 0.0967671217153666 0.126563182766526 0.333152377505361 0.235790695595524
0.348496381091482 0.0459463487702091 0.00366046657512505 0.254792975102959 0.347103828460225
0.247758633628636 0.271014566782099 0.0816920001612009 0.374602520642152 0.0249322787859118
0.266483357541486 0.218710347233474 0.321598706264791 0.179171017512261 0.0140365714479871
0.0856740263896258 0.237617497676489 0.107757009387291 0.222597307880015 0.34635415866658
0.358722809711715 0.0923007237274005 0.0623077289903692 0.178458509470359 0.308210228100156
0.190044433505611 0.162273051729615 0.122996811460082 0.0108303403526305 0.513855362952062
0.211449983854425 0.173574174632262 0.203005333384592 0.212185603259071 0.19978490486965
0.00132507775534393 0.331238725787897 0.245474653841598 0.0168635328923364 0.405098009722824
0.595378364940788 0.117536286154873 0.0812478743335874 0.0336005930762378 0.172236881494514
0.0185439237943987 0.335494175327633 0.124284195237419 0.299152722147424 0.222524983493125
0.194099782990749 0.23336353716436 0.275741843005835 0.269818218970175 0.0269766178688811
0.288505412214338 0.341079200537679 0.196668709389667 0.0654750549365255 0.10827162292179
0.0998418407594689 0.222325073179529 0.147610585660077 0.343859367644831 0.186363132756095
0.383743371866799 0.242860015133177 0.240322815847872 0.0996828780251189 0.0333909191270335
0.302613053451913 0.0744307336460916 0.263075459005405 0.0919531748538174 0.267927579042773
0.148568588973935 0.287289625821982 0.0123040658492651 0.174165191070136 0.377672528284682
0.0879765302326913 0.355858957568959 0.00885201857664875 0.420927670367835 0.126384823253866
0.222959971253216 0.190541756523208 0.372178698187125 0.0507630696120863 0.163556504424365
0.0252753764238749 0.243745871855989 0.251415828490244 0.224331338661765 0.255231584568127
0.151605415643565 0.375651488149029 0.228510106401112 0.0267891404391192 0.217443849367174
0.515504519955216 0.116503401150215 0.0176227793068343 0.300059696652392 0.050309602935343
0.0512047845266846 0.196395874942581 0.288817086758065 0.13803872450326 0.32554352926941
0.117585856777238 0.140263868944528 0.298116933137985 0.1865766647805 0.257456676359749
0.402001792778309 0.0712495835653098 0.276643487820133 0.218278645039207 0.031826490797042
0.217962289860094 0.0843140751025294 0.109291334616884 0.336350404979148 0.252081895441344
0.309500850512921 0.032446096453919 0.300032325081627 0.0468585906997398 0.311162137251794
0.355818743035582 0.0719548247874095 0.0923346540841573 0.370926500740947 0.108965277351903
0.24470054355233 0.402084994222684 0.075584089244215 0.134946890355048 0.142683482625723
0.102069933458284 0.163744487820501 0.456146354453075 0.0509907413572257 0.227048482910915
0.0569579923371519 0.135918000355368 0.112126717128515 0.350181994817789 0.344815295361176
0.00825856298975638 0.158292828306525 0.288099116799021 0.245486622091638 0.299862869813059
0.149529160214379 0.415091164864321 0.0858711306984752 0.142378625033314 0.20712991918951
0.438487662997838 0.0585650028480804 0.164680647133899 0.042040785345289 0.296225901674894
0.138898471318893 0.23541223742959 0.115469814610624 0.265289948203164 0.244929528437729
0.203530438592189 0.231535224438515 0.142806406763411 0.29827689723048 0.123851032975405
0.295310690729251 0.251565251907744 0.14281881365806 0.212566319316263 0.0977389243886812
0.182675102726215 0.24897417952966 0.320953048752553 0.231416104729391 0.0159815642621808
0.24688518638195 0.0246529509961049 0.456668776716417 0.253358076855678 0.0184350090498509
0.064835883107925 0.381912648403497 0.461727126538162 0.0283222692925134 0.0632020726579025
0.196283808446815 0.34886298473875 0.0130823708035365 0.337924185164027 0.103846650846871
0.299261802576962 0.0676282990563246 0.0593155989971961 0.452540659197965 0.121253640171552
0.146501614285682 0.23511234223494 0.303784341361288 0.135983791091116 0.178617911026973
0.380756338177525 0.0653378309487373 0.216803785534547 0.318471069460469 0.0186309758787215
0.168771249386896 0.250962927403303 0.278315546940976 0.123251799626319 0.178698476642507
0.359503590025823 0.283434530856429 0.102417626555462 0.166191719557893 0.0884525330043922
0.381729640991357 0.168739003764856 0.0667264331908999 0.129855416837997 0.25294950521489
0.352053879897884 0.122702700338182 0.305638817689726 0.0372896858136523 0.182314916260556
0.0261758659049007 0.229159315865457 0.504493615044734 0.139028155347668 0.10114304783724
0.0977143053536984 0.328473541948644 0.107796202317551 0.219905791305041 0.246110159075065
0.280632293874083 0.259115546490266 0.214837532774553 0.116096652872337 0.12931797398876
0.239361960754384 0.172487185894312 0.167774144668555 0.24951035113941 0.170866357543339
0.154127297139724 0.337872800079486 0.160751011994579 0.0669296527450671 0.280319238041145
0.0649943043515332 0.294342848267673 0.275388159101106 0.168656412971432 0.196618275308256
0.141526801755099 0.0943538359787883 0.126312536539278 0.419560153340463 0.218246672386371
0.174855701325941 0.0839571274563908 0.165700123112259 0.257777898733835 0.317709149371575
0.0997079181741158 0.246787258184122 0.0185312963952173 0.295324848704533 0.339648678542011
0.286675135757974 0.167473434143837 0.244110083801053 0.278327701012849 0.0234136452842878
0.242412399803239 0.290265663025961 0.0599578203491413 0.0931605506295958 0.314203566192062
0.206302212385613 0.0590621173397045 0.366303544137856 0.192542293605048 0.175789832531779
0.565877897771731 0.0805677061465202 0.234449892835534 0.0646047145470222 0.0544997886991925
0.397332424336561 0.199883942134923 0.04372705457726 0.0636010838164497 0.295455495134806
0.260562152355182 0.0655094178908623 0.291780162957907 0.113587277766347 0.268560989029702
0.135344178535902 0.0974421621040146 0.0321145813956062 0.347019104983606 0.388079972980871
0.358258067814033 0.01139839694452 0.253338732252835 0.295334884097869 0.0816699188907424
0.421216152052529 0.0640790541792697 0.040500169637345 0.157890641195763 0.316313982935093
0.264550413881454 0.118892581778999 0.317830882360873 0.290939998762488 0.00778612321618602
0.0801616334612296 0.0997287741671983 0.0426618824360548 0.326561066378842 0.450886643556675
0.172787745801814 0.137755842943893 0.242721262572723 0.162961840510464 0.283773308171106
0.237689377583985 0.305425456433616 0.199522548222538 0.249598392472779 0.00776422528708295
0.111601317430744 0.145772780798576 0.216897290795051 0.373157690745894 0.152570920229736
0.146533054732685 0.189592570949814 0.0327308969646293 0.210610188012843 0.420533289340029
0.290362546041327 0.147595103761717 0.000646970877954867 0.284425437746488 0.276969941572513
0.0791865177708094 0.404308983394473 0.173146397168401 0.117228681502819 0.226129420163499
0.0551116497986422 0.363805794092012 0.00885713887341922 0.272311847764076 0.299913569471851
0.264040696843913 0.0527255103836335 0.211896301655996 0.0539630001566996 0.417374490959758
0.116829478630914 0.304758039375985 0.115865480014191 0.304149724930688 0.158397277048223
0.268306379014175 0.323613797266588 0.15178452929303 0.103068322312878 0.153226972113329
0.147370244696775 0.295404867547207 0.169516101740529 0.288289272159201 0.0994195138562878
0.0653119625479543 0.0990014328847159 0.358070927124384 0.029892712225675 0.44772296521727
0.075093427015434 0.230168592995415 0.136305233081083 0.0174204093823304 0.541012337525737
0.343771245477756 0.0116817689829424 0.111154608694658 0.218054125986592 0.315338250858051
0.303492341462534 0.259320085837922 0.0982513480295215 0.298823911820572 0.0401123128494498
0.433904458948573 0.171207845030919 0.0371770321932533 0.114444995768328 0.243265668058927
0.144494813340446 0.179445074250872 0.182183772038575 0.294555062924188 0.199321277445919
0.113641129700862 0.245797206174806 0.360274684545444 0.0786507787806311 0.201636200798257
0.23760477548008 0.211862892949928 0.059074000515639 0.217878013860484 0.273580317193868
0.0221964390975626 0.14781269987325 0.299456303930838 0.101021275709424 0.429513281388925
0.233791032075469 0.0271417171636659 0.389035345722976 0.287905340274869 0.06212656476302
0.13459225915712 0.0359248317372863 0.477510264693974 0.315504568831772 0.0364680755798481
0.29610079827419 0.163795632772274 0.276376026029745 0.144321151682099 0.119406391241692
0.00207676365894837 0.361255027284233 0.139522651009522 0.321494339230471 0.175651218816825
0.405133271989732 0.398055639679543 0.108935464386261 0.0182748620950792 0.0696007618493847
0.0588971094315057 0.180752097296228 0.210131336424561 0.0115413021552768 0.538678154692428
0.276960309446455 0.084710001113126 0.187016861054371 0.160733444388757 0.290579383997291
0.225197520459709 0.301932939711126 0.138179377862284 0.269547262694947 0.0651428992719348
0.106748984500431 0.249403527756119 0.279110384143076 0.05285129860799 0.311885804992384
0.137402729829431 0.250146291128783 0.237198144173017 0.206332807706068 0.1689200271627
0.23935361997737 0.125141965598749 0.260335058161335 0.169633258199588 0.205536098062958
0.207288629658817 0.403861159447895 0.154707818937512 0.0325191733973998 0.201623218558376
0.244718601377096 0.125470272088933 0.293391212344614 0.037814093939552 0.298605820249805
0.203530782491567 0.254000157115789 0.129791494353659 0.18778501003829 0.224892556000695
0.12527692570856 0.339317645252823 0.443070282240305 0.0907002610354892 0.0016348857628224
0.0252497400960366 0.000209387973038925 0.363032161018933 0.216446923177227 0.395061787734765
0.322428718072382 0.346407271571586 0.0659057108895711 0.144429965861677 0.120828333604785
0.224683481094103 0.360305579546953 0.278007126370277 0.136144134131053 0.00085967885761355
0.0506821324934954 0.346820578585078 0.0403175509167217 0.502362390276038 0.0598173477286672
0.216589459067271 0.359399353552572 0.337740402879716 0.0633908967178153 0.0228798877826254
0.342763510474267 0.0928547538245159 0.235879549526618 0.06306744143889 0.265434744735709
0.25774961338661 0.149553951801464 0.242150797746952 0.24515740961579 0.105388227449184
0.305313425154772 0.256415073308576 0.0508529022354641 0.362375853292506 0.0250427460086818
0.192793595110954 0.0205661175885461 0.354565472414477 0.265839838944911 0.166234975941113
0.473736598541032 0.261866492911287 0.101521062858099 0.0103544925326338 0.152521353156948
0.0400688381883932 0.243264483993941 0.167236158964002 0.244817315808122 0.304613203045542
0.158672825659915 0.30177367028479 0.0775552980440586 0.268201478214444 0.193796727796793
0.31115924563137 0.131087406849481 0.0860833422584635 0.325624367712364 0.146045637548321
0.333794374057509 0.183250884794231 0.0809566777153118 0.258026393876008 0.14397166955694
0.214982892673432 0.240459538492184 0.147003352111644 0.0728852442400307 0.32466897248271
0.106252001175341 0.115668904701431 0.298267859685004 0.262165311631966 0.217645922806258
0.13586542710775 0.242330298428759 0.0491171796584184 0.320724165955919 0.251962928849153
0.294588124482417 0.0637205280405639 0.263132159290296 0.348110176844966 0.0304490113417569
0.408671475241558 0.113244677434087 0.139106260576849 0.293953303388413 0.0450242833590925
0.0831453394668378 0.166677214033915 0.261907231112653 0.133123869868274 0.35514634551832
0.0783094474079127 0.381510788078554 0.0140777353019447 0.400598929070321 0.125503100141267
0.00861000753451144 0.190367029106961 0.412424598205342 0.251222686243106 0.13737567891008
0.322723984593208 0.0479530007908047 0.0841570355281037 0.293502610715805 0.251663368372078
0.0984973367665332 0.229050560132334 0.307648774080362 0.103101280131832 0.261702048888939
0.171298331247906 0.0906499459355921 0.205282810494013 0.337046344621174 0.195722567701315
0.292140285964229 0.251901230013347 0.136306833488337 0.219066089723914 0.100585560810172
0.204228360605324 0.19582882746454 0.204536130238481 0.22588555537 0.169521126321655
0.300228698009917 0.228160869523447 0.00743366976805897 0.239007355880927 0.22516940681765
0.289734243823377 0.257050276945398 0.18167292865594 0.0892844263127613 0.182258124262523
0.189798016366907 0.155934050235006 0.226429378298859 0.254396610676032 0.173441944423197
0.255068750885829 0.0916880680540744 0.121051467141173 0.243832615302095 0.288359098616829
0.381027064156147 0.0679995343194974 0.235394589822641 0.0368551547255292 0.278723656976185
0.273758701598332 0.289668531715661 0.0675352870239991 0.260535916932929 0.108501562729078
0.256279152825851 0.193100764648497 0.218838787646207 0.0791013099479031 0.252679984931542
0.399921054715492 0.261422251790186 0.112231865922896 0.00404608650340041 0.222378741068025
0.251277701440928 0.199930758254505 0.110609058254703 0.273770313037728 0.164412169012136
0.338924410992465 0.0980737580191026 0.259252551492493 0.0692552384324675 0.234494041063472
0.0772126263224521 0.0128410956772396 0.199768137843662 0.373908097894334 0.336270042262312
0.316355869926819 0.0032718519567019 0.215891320029131 0.301176279561634 0.163304678525713
0.0944147445540321 0.0479800808762185 0.0443025865135143 0.491162719881138 0.322139868175097
0.1485867390491 0.228970927385819 0.196715527749635 0.22867540090368 0.197051404911767
0.115879585235719 0.129714644974388 0.333094997561297 0.291980161775399 0.129330610453198
0.156211227542663 0.069380919536602 0.165284500504637 0.425990457539465 0.183132894876633
0.304232616868764 0.145009925124848 0.276131401111908 0.230514779267589 0.044111277626891
0.283626749732941 0.258914596194345 0.336254280355695 0.0388075703779714 0.0823968033390472
0.313003025689313 0.192053807873915 0.0882458287621345 0.299333201018333 0.107364136656305
0.192904360980441 0.134154755887267 0.144978166714065 0.257577102196651 0.270385614221576
0.120897785026945 0.0642419022728106 0.418513869895685 0.0755605034115007 0.320785939393059
0.130680998597939 0.152775744112676 0.168636741920185 0.30850905338079 0.23939746198841
0.0620762247003927 0.363074029068264 0.104332206871922 0.236003428366572 0.23451411099285
0.404126539174771 0.273649439895591 0.0374654856262766 0.00184643620564968 0.282912099097712
0.244935662146563 0.123655477526353 0.132967208861011 0.426235756179649 0.0722058952864233
0.163528454381167 0.318543539928757 0.284590351871062 0.0763784890448666 0.156959164774148
0.428780823810445 0.129528252333312 0.114800758019383 0.101665271429562 0.225224894407299
0.107119168318336 0.115955947681295 0.292003200911308 0.243173809990378 0.241747873098683
0.198714128461702 0.188141536789939 0.210558921164654 0.311409852350664 0.0911755612330408
0.109620530404674 0.000939873819921977 0.473398885526609 0.376413451125996 0.0396272591227983
0.00518744948424652 0.0643943878020451 0.427357337444993 0.124383421646282 0.378677403622433
0.013046959810792 0.262362967271355 0.208235268873578 0.228301706152309 0.288053097891966
0.0284668692756323 0.391206765594187 0.0845943887077195 0.229452879337064 0.266279097085397
0.318272534009771 0.038500854051912 0.311756934410113 0.0820131866847015 0.249456490843503
0.291271281526721 0.0222438249076637 0.276151822460704 0.365271293364579 0.0450617777403327
0.297657988472354 0.289288310545463 0.0394859697290582 0.217491699564611 0.156076031688514
0.233326638878868 0.268090491571097 0.160889647200826 0.299677536358881 0.0380156859903271
0.188719416289725 0.215514244714201 0.218034434406092 0.351867419075717 0.0258644855142653
0.239988726939391 0.315546150619796 0.0650411281959195 0.133349653136913 0.246074341107981
0.167806414421472 0.00455273670999178 0.288093857115894 0.274201603919581 0.26534538783306
0.457078516158709 0.240817979194906 0.0134906902794611 0.0511610565629437 0.23745175780398
0.47289334818864 0.192392069750527 0.0238524048525095 0.0956683306411541 0.215193846567169
0.423975738020328 0.336622379169171 0.161500750381711 0.0494796212262583 0.0284215112025316
0.211752094704781 0.315752373918965 0.143192951496823 0.225742176096876 0.103560403782556
0.151070336610207 0.238993240788096 0.347668724402201 0.0703023705397615 0.191965327659734
0.330725279503481 0.000111812589078797 0.0378975319998826 0.0330639537419109 0.598201422165646
0.439321491803271 0.111276214664963 0.183462384217103 0.0622453457002834 0.20369456361438
0.232968790773494 0.0271787713850198 0.261055570786568 0.26267579644084 0.216121070614078
0.170195214933428 0.185496936333274 0.179700033203009 0.213502284626312 0.251105530903977
0.028762914664927 0.184265649398771 0.0685035500659503 0.312202978869477 0.406264907000875
0.247335135219947 0.273726314730157 0.0560334257090592 0.260522558583846 0.162382565756991
0.186988972649266 0.251077679260179 0.105757013950917 0.277904747687631 0.178271586452007
0.193380331539189 0.345646558733462 0.211519032151311 0.119843862904393 0.129610214671645
0.0812188586521742 0.443626594697604 0.00177621476852983 0.0996995484336532 0.373678783448039
0.0641200713057529 0.265300112729298 0.0651709721420857 0.300045976897971 0.305362866924893
0.0934489373600436 0.283745977934067 0.204663077634476 0.365174673018069 0.0529673340533438
0.313925188950437 0.0365343407506531 0.407570338510216 0.0407631007541363 0.201207031034558
0.0802525779922165 0.237675059927 0.0803834957447441 0.107680833346744 0.494008032989295
0.183854747037299 0.0437227564440978 0.0614741308690071 0.391798588806718 0.319149776842878
0.225480120286275 0.123986287630386 0.0321211490094712 0.221716603639869 0.396695839433998
0.115748737478564 0.188936596639264 0.218777241148178 0.222826355914952 0.253711068819041
0.0702419974284375 0.333087167984376 0.0130391867138709 0.274047443503298 0.309584204370017
0.0543133096786767 0.224246610898582 0.0659431799360766 0.163433047216549 0.492063852270115
0.29059480780548 0.218762312130761 0.203021867722104 0.192114077206692 0.0955069351349628
0.0674871778157336 0.265745291905616 0.16700726243456 0.216358596119065 0.283401671725025
0.363509887663711 0.119068640845691 0.193628355340441 0.0411275009170706 0.282665615233086
0.267095614664612 0.207336105136017 0.0822628480522787 0.277869725162143 0.16543570698495
0.171734921274316 0.196928302662244 0.231115898702832 0.119871829795238 0.28034904756537
0.141751627619312 0.238923879432349 0.0449660908726074 0.372249665269461 0.202108736806271
0.0550722628747333 0.455207320451668 0.0593525822650287 0.0749981876386524 0.355369646769918
0.00471648109994369 0.464766930317847 0.0770898954943898 0.00148188297769323 0.451944810110126
0.149372855612099 0.380443175225156 0.373921626832103 0.0483228182961154 0.0479395240345262
0.186746401852505 0.166022569371821 0.253964040816773 0.208933200726861 0.184333787232041
0.0336261252496042 0.334918597978941 0.288467657793253 0.146680852036705 0.196306766941498
0.332556120328919 0.0611962675476444 0.381793524331007 0.000992855819119652 0.22346123197331
0.334198672208281 0.0448531949869185 0.234480517777886 0.184303964675345 0.20216365035157
0.25101846738384 0.331865690912493 0.0467267288987992 0.310808948576001 0.0595801642288673
0.261191035838689 0.123690772821908 0.125642620247577 0.0830085939573296 0.406466977134497
0.267067876408401 0.0269599774116317 0.208524859638639 0.272121303026042 0.225325983515287
0.169886270031427 0.199909098979787 0.128837989309833 0.121253926807147 0.380112714871806
0.0732848599001197 0.294471701447359 0.236369260903776 0.175021672946394 0.220852504802351
0.180242249754001 0.229806293340756 0.256950435918067 0.170784122612673 0.162216898374503
0.241471448136697 0.260046550316184 0.18718409088781 0.306179307283745 0.0051186033755645
0.279598440565992 0.0390346995565675 0.176202587658507 0.212603677745689 0.292560594473245
0.253519303671573 0.0217493426809411 0.24842045315788 0.182775673627119 0.293535226862486
0.360936552256344 0.0561761958320628 0.105750403778471 0.321410076805404 0.155726771327719
0.255670509312647 0.173108043834744 0.115290107310641 0.28428364944824 0.171647690093728
0.13330410019104 0.270142087605825 0.166744012915876 0.179417091045657 0.250392708241602
0.0604629898648572 0.288204801819686 0.382147445762542 0.0477059885280506 0.221478774024864
0.315236492128748 0.146314603841838 0.309539100054215 0.127073356933556 0.101836447041643
0.122691906094744 0.22462053078032 0.161898803147837 0.133869913847611 0.356918846129489
0.0973493572365666 0.293726086556796 0.191023765915113 0.196886099768126 0.221014690523398
0.306791689916066 0.0533350027467122 0.322346722480257 0.275939310962725 0.0415872738942404
0.221778739176115 0.232400947294485 0.0333698249015766 0.133987760710544 0.37846272791728
0.0521281775002876 0.359353243471991 0.132327262325322 0.288916725269576 0.167274591432823
0.0532290865090825 0.0371664294275553 0.480131172324758 0.320735041521865 0.108738270216738
0.166384456369559 0.361969013807176 0.192731774815131 0.0244651083186464 0.254449646689488
0.144359686353938 0.283823936429964 0.299333734105212 0.077104373384735 0.195378269726151
0.263425882245388 0.0508846749944158 0.207447610554811 0.317618822121667 0.160623010083718
0.307209779352115 0.254829695677058 0.251516266586715 0.0538132110011127 0.132631047383
0.365302311685806 0.0393495571361215 0.311346508721442 0.250146440294067 0.0338551821625636
0.1829416918886 0.0948378713636968 0.352516519474085 0.0725646653660766 0.297139251907542
0.0947250262791759 0.141731021624339 0.165020037619036 0.251335530195871 0.347188384281578
0.0258615324651107 0.0981210871498253 0.344549368463156 0.340232813765738 0.191235198156169
0.169612023059819 0.202845051805164 0.149375432776653 0.0839835233776147 0.39418396898075
0.246046930619452 0.281941302504338 0.0300061348899884 0.141762768822151 0.300242863164071
0.294534131245253 0.469398242032418 0.0484178541024872 0.0621197174466067 0.125530055173235
0.182295799422626 0.329996462822087 0.347894064674491 0.129627023941769 0.0101866491390269
0.0312928342120503 0.312874322809513 0.139461166262751 0.34207731066023 0.174294366055457
0.296750408759867 0.223149575377723 0.0631452333624421 0.155131767335652 0.261823015164316
0.408522521682398 0.128105085008615 0.242647577067133 0.170175115286205 0.0505497009556492
0.32111249765635 0.205937103495255 0.214154437867775 0.226475297060938 0.0323206639196811
0.025891368272702 0.0787781106974978 0.401686537783548 0.462075041800052 0.031568941446201
0.0923214730080871 0.27959895908079 0.235490228723758 0.285859448729604 0.106729890457762
0.266318247983483 0.208930869713051 0.0963264228020528 0.167443562455427 0.260980897045986
0.231398367048537 0.320447596655952 0.0647302724789371 0.141995486006454 0.24142827781012
0.244438899611197 0.199118611652197 0.0967129705015307 0.213271441951558 0.246458076283516
0.06810877814913 0.227435913468196 0.1155077435204 0.31822625572341 0.270721309138864
0.0809163892768239 0.229779400590903 0.156508595186803 0.239231968083809 0.293563646861662
0.172259573123202 0.308080961592417 0.0561994773399782 0.181645467418137 0.281814520526267
0.238862665381795 0.198902049115927 0.033078357713712 0.295622547854284 0.233534379934283
0.265994918999065 0.176493382586767 0.187307328116846 0.122079782737026 0.248124587560296
0.294159978826318 0.0398481454613531 0.060415509741818 0.322140858757574 0.283435507212938
0.236012024389783 0.0196150276725821 0.325372917897265 0.13643788048741 0.28256214955296
0.371745130602631 0.027001282840844 0.344042606132134 0.0618262080177962 0.195384772406595
0.25329488575042 0.0801423846025253 0.40799991035528 0.041978380776209 0.216584438515566
0.283995685914049 0.195039533743067 0.0285289246760123 0.239486385956242 0.252949469710629
0.455488980956867 0.208986462351605 0.190819963733094 0.129883905933775 0.0148206870246588
0.229785207468893 0.00667213126590858 0.0032847645503322 0.300409245049782 0.459848651665084
0.034547042932324 0.438329612198561 0.285484649868516 0.10866315938478 0.132975535615819
0.511116258839331 0.0692983917806928 0.284409497102288 0.0329246052453059 0.102251247032383
0.156709631764591 0.0598706873753358 0.242036105171496 0.136224033816117 0.40515954187246
0.00628590370187746 0.35405006587389 0.0302956275164726 0.591888033941297 0.017480368966463
0.235940610669 0.0508382667094882 0.334479157521774 0.341714375199812 0.0370275898999257
0.145587236403883 0.313980438530945 0.0842972400528952 0.00969154148815323 0.446443543524124
0.231617302369305 0.427709389500757 0.0214966898958317 0.136653064000115 0.182523554233992
0.249134833747367 0.056085550375715 0.320782045836816 0.218554487739555 0.155443082300547
0.267896938101509 0.384315527070978 0.00992635176798987 0.115659319065533 0.22220186399399
0.170586234786509 0.227975106025809 0.112560088631264 0.217754777928627 0.271123792627791
0.0892061940064641 0.629362611001921 0.128233423422671 0.109222906403187 0.0439748651657564
0.00821628737657674 0.287265571254947 0.0782487856234077 0.264753134941259 0.36151622080381
0.00512104655985751 0.279187048290667 0.42822644803278 0.0869853497269827 0.200480107389712
0.335504536114631 0.105244290915713 0.161623445312263 0.206224552121096 0.191403175536297
0.274806057185709 0.0103892326170399 0.183228075419095 0.495949875820619 0.0356267589575362
0.335151155496921 0.101505736531837 0.212297473397165 0.0436963648691555 0.307349269704921
0.213211413603938 0.206672387483001 0.161479040967094 0.282591671747343 0.136045486198624
0.0237070743273218 0.284475074515487 0.284814169286406 0.174704811723094 0.232298870147691
0.317338535044813 0.151242417005378 0.0700100401937921 0.156192127237363 0.305216880518654
0.337906150071158 0.101180335440821 0.106610145566301 0.0878437122654751 0.366459656656244
0.184013180945795 0.231949258119007 0.0188661822109948 0.16736596284324 0.397805415880964
0.0115822320304369 0.430033738194588 0.455825769017013 0.0777602044861802 0.0247980562717827
0.109452538213985 0.370824915662048 0.286443202251917 0.219440676110574 0.0138386677614768
0.343593765305465 0.0048534578821956 0.5058765414754 0.13880279145941 0.00687344387752992
0.444172858170345 0.112701532983608 0.252812426493248 0.0669012942625591 0.12341188809024
0.027778718385158 0.0511537686093926 0.316151550116954 0.239121101566644 0.365794861321852
0.232871143866566 0.0484398638556264 0.313636005890867 0.333071330693792 0.0719816556931472
0.154243157694796 0.192008871045161 0.395313791197879 0.0443072740790056 0.214126905983159
0.121745462948341 0.0780340748917823 0.207233095536388 0.295542936339533 0.297444430283955
0.313814668511434 0.368056458221495 0.039650867002715 0.248867543611277 0.0296104626530788
0.190406827329455 0.18108295250305 0.154238090212665 0.0708168962509142 0.403455233703916
0.239367185994804 0.228730588235919 0.0581593056923031 0.21958122149654 0.254161698580433
0.133767582870411 0.193670132360204 0.122209826889577 0.273450591413533 0.276901866466275
0.200923402621725 0.269644493003277 0.109776890229063 0.290265279073396 0.129389935072539
0.310967659191027 0.124605431060117 0.25020435532637 0.272818908500829 0.0414036459216565
0.135339952314285 0.270105718895401 0.288028120251965 0.0342416727601008 0.272284535778247
0.210192477857857 0.262980883315656 0.0287797766331806 0.25364979755529 0.244397064638017
0.103944844064633 0.122520562054133 0.078622762654079 0.215346808807085 0.47956502242007
0.267934777937058 0.263288896741633 0.224007287904359 0.0871272795697915 0.157641757847159
0.238155243595825 0.227647533939106 0.30489797579164 0.218575624405436 0.010723622267992
0.0930024200735895 0.158165879192649 0.361725540463091 0.258574170646981 0.12853198962369
0.242125260185244 0.290954620008506 0.028303697744734 0.124278767454603 0.314337654606913
0.14509014490469 0.218842585253978 0.375942760841952 0.0360407650539633 0.224083743945416
0.141092399741444 0.204185357492729 0.242815122330318 0.12667115696117 0.285235963474339
0.364011116743251 0.368211473763052 0.0935708122624627 0.0570413139026069 0.117165283328627
0.272076360337602 0.187038586359255 0.202812284930021 0.076922991096461 0.261149777276661
0.284230387777475 0.310128398939795 0.243669255805395 0.123614729089912 0.0383572283874229
0.179785678375955 0.0634274849305437 0.387070652049974 0.0820627687941989 0.287653415849328
0.180892166598925 0.338575407642829 0.0418957527908475 0.0792686875210554 0.359367985446343
0.104450393229538 0.373839937812381 0.290142609698307 0.00888443679135437 0.22268262246842
0.223137823242575 0.257485295706003 0.258090317448232 0.198374510479689 0.0629120531235017
0.151379409129895 0.00519665662194623 0.270021978514381 0.258838551700432 0.314563404033346
0.0367060115263546 0.456392002338271 0.100994094114284 0.235466800006157 0.170441092014934
0.291089884870468 0.247578415037492 0.134181786347684 0.260656324075402 0.0664935896689537
0.304684210472815 0.00638846016131912 0.362648770453129 0.075362520987312 0.250916037925424
0.248739275367882 0.147596446728691 0.21947231065167 0.1718691387281 0.212322828523656
0.418548806872943 0.000421570261960985 0.0800404722782582 0.134948186392814 0.366040964194023
0.283243505491746 0.198254416730459 0.220411846447794 0.189755917067425 0.108334314262576
0.23946082833935 0.162895609146972 0.117420818752327 0.186354730051441 0.29386801370991
0.251450887653535 0.19292966405044 0.161328153484373 0.166181003767509 0.228110291044143
0.0408097863103404 0.302141819149644 0.158340479297092 0.209895194958221 0.288812720284703
0.21280847137618 0.0521157493101765 0.291830496723216 0.30441775348009 0.138827529110338
0.0307551157235277 0.135587407168324 0.483392414450723 0.296603416868896 0.0536616457885289
0.100292436077794 0.154382853682092 0.212805300210189 0.281898597851282 0.250620812178644
0.210619969444684 0.243856979518209 0.0249857545219292 0.323619339150309 0.19691795736487
0.57044995816496 0.0652628969483941 0.0908685954133984 0.0521697327908683 0.221248816682379
0.301523663415717 0.234873993829801 0.246145984731472 0.199140496547369 0.0183158614756409
0.125255692675757 0.408171807375422 0.00602365112747875 0.385572213653797 0.0749766351675441
0.255562074291112 0.133164781820931 0.0841282681903953 0.463441093675802 0.06370378202176
0.411310023489573 0.0062072722575203 0.405631707299789 0.0376259141867768 0.139225082766341
0.37345264370111 0.220087381207305 0.233346464827719 0.163652940389875 0.00946056987399035
