0.0229073031958406 0.226101319356066 0.205094931678269 0.0386766995778156 0.168492508017278 0.194449747035408 0.0277560977415843 0.116521393397738
0.0918929947080823 0.0149538400810771 0.00165328273975968 0.215058907452636 0.19410720828734 0.219757172359432 0.0466134242881486 0.215963170083525
0.030533901575966 0.2379106540065 0.0165585778591044 0.135183050675615 0.264390833473501 0.00603308352851865 0.094372548384627 0.215017350496168
0.0890421437014036 0.0979227052785451 0.201357167714227 0.105287031102747 0.125866922245311 0.10748631681985 0.131735402665445 0.141302310472472
0.173288350395918 0.0578989684806227 0.0234457473987946 0.15987233735001 0.0845206127387898 0.278223388173859 0.0802869838030434 0.142463611658963
0.165983387247215 0.151049855043915 0.0273935713934863 0.219821918594474 0.141365613437954 0.0232434819046753 0.114360892786493 0.156781279591787
0.016258958822439 0.231393150146992 0.205187508252444 0.112024227839399 0.105341304755437 0.18672297005757 0.121234022721706 0.0218378574040127
0.000354495972137377 0.130201852216564 0.163102876900448 0.118940469776888 0.221424534526818 0.0779865161099276 0.156918307116464 0.131070947380754
0.161788113978978 0.136384120569667 0.163114101875708 0.141408595175122 0.000493233440799293 0.197491237666868 0.0172048842178262 0.182115713075032
0.186923451251093 0.0339002065578758 0.108447910230225 0.0203300507827331 0.191951240772032 0.206478860137232 0.0812787212256402 0.17068955904317
0.107116846246255 0.227220079161661 0.153177375809897 0.0602571501474717 0.0818322003940543 0.180997608986273 0.148592410196665 0.0408063290577216
0.208227882124829 0.1684136560037 0.0662782567704385 0.190981160746865 0.0154176719445058 0.129603869584962 0.182365437590613 0.0387120652340854
0.0468463041771889 0.27174814922711 0.172020296612192 0.0980067872599554 0.104902996889346 0.289658212422276 0.000151422951368686 0.0166658304605626
0.00843148738488117 0.331387942046872 0.161526976591587 0.136732201241813 0.00759131686702942 0.169802488974915 0.0553164411882514 0.129211145704652
0.182603087368391 0.264411857767022 0.0429702171027537 0.00969526825599005 0.210947296662085 0.0646323123210202 0.017878593465026 0.206861367057712
0.0294372407116766 0.0517493301376334 0.112618991103455 0.0158420486034 0.311895619446303 0.0400761163070552 0.182687492782277 0.2556931609082
0.205955393923773 0.172292962813297 0.214475964839876 0.10937127446124 0.0158699366076414 0.124409836197363 0.0662737535069831 0.0913508776498263
0.112991691140256 0.113262316581919 0.0958872400771353 0.147931967570326 0.14646677128852 0.141955671987481 0.16034181924291 0.0811625221114531
0.184392280967114 0.215100513548753 0.132286721612546 0.0418406657525293 0.0977429304627018 0.170775519928806 0.0287255999961419 0.129135767731408
0.090473658290201 0.203669835635182 0.103610782801271 0.141809588865701 0.199129290098354 0.0986662764472448 0.0292810283430717 0.133359539518974
0.20958174291065 0.136916730676916 0.108047553723482 0.171961478918876 0.0319566914862724 0.0163251165969201 0.249510815562744 0.0756998701241389
0.0269439067358532 0.020313666670659 0.16689095607416 0.218822967128919 0.271955658613343 0.0281971300124102 0.215437533500328 0.0514381812643269
0.0655082932878951 0.202530361782441 0.0287629110672016 0.210760264607603 0.226834732242812 0.0213401801839141 0.0474736604802092 0.196789596347924
0.0543758716315986 0.0334954615235443 0.183344130577849 0.199662460767433 0.0264574370846516 0.120229574988914 0.156503485785013 0.225931577640997
0.110734058719431 0.0808467339841432 0.152939734559531 0.29748276922513 0.0713272682953598 0.0651424013339314 0.0988360503086676 0.122690983573807
0.158455392442816 0.176211025534599 0.173517979353565 0.0589300422254619 0.198054922314685 0.110126173403026 0.0907695592468201 0.0339349054790268
0.0114401823954796 0.192465496532783 0.196397739930842 0.210500281924159 0.201824849329451 0.047819705599693 0.0502814398274576 0.0892703044601356
0.169484055129791 0.106522088783122 0.145841614142689 0.0675514201483213 0.233494770271398 0.0399276423565904 0.137835418653233 0.099342990514856
0.222234344630973 0.00880262261740288 0.0408471598316693 0.128448015501099 0.188648767553154 0.0947743649414566 0.218574241307449 0.0976704836167964
0.142602871043388 0.0687927360445024 0.114835783384625 0.200852974594223 0.178350532073943 0.215990932845183 0.00860372713694653 0.06997044287719
0.205427816433856 0.233920635947556 0.00266460005276094 0.0759641601691019 0.175857946890776 0.041087607189134 0.0678030373981371 0.197274195918678
0.0768265690584653 0.247593510551636 0.195203494452878 0.0310672121144718 0.0790326377244393 0.15956523889286 0.0283108151891015 0.182400522016148
0.155954008577441 0.0121004866351929 0.185620458354589 0.129819349852321 0.0640407447860332 0.220167160551189 0.160092709430117 0.0722050818131165
0.158076351301068 0.189721090517646 0.0401706380604681 0.11517643747044 0.0265469297090708 0.0759915352236328 0.224682715106027 0.169634302611647
0.229806390619489 0.145843231014662 0.0485054385418129 0.0631012351878702 0.158593515750568 0.0950132153643596 0.169535732880512 0.0896012406407257
0.10894352396437 0.0139349933659452 0.105496652234991 0.297096393652036 0.110494908533246 0.084810222864624 0.0696714648003029 0.209551840584485
0.177751869191542 0.117154383295475 0.0344229166596675 0.267273124521573 0.104125890651634 0.223315615970335 0.0594836783753912 0.016472521334383
0.187802502957981 0.0400020459029756 0.0525628859675252 0.209946021847023 0.219202603447707 0.047901907514582 0.0719595583481068 0.1706224740141
0.227519123018318 0.194847287605341 0.167686142330633 0.0464518981598883 0.0576660617529503 0.01141056248783 0.241811560408057 0.0526073642369825
0.175106039263936 0.100939576520223 0.125956478841753 0.153316675390466 0.148758062471445 0.153540056524213 0.0144195387791262 0.127963572208838
0.124435412398138 0.119615082716299 0.141392678041007 0.0675408128710681 0.0578969708047684 0.136783870305972 0.161336999720539 0.190998173142207
0.159111817876044 0.0602835443731384 0.0752172309441714 0.0499745631263016 0.124770406152056 0.127810747244883 0.148459232485656 0.25437245779775
0.154068130367532 0.130330290562191 0.131475997590516 0.0538637733983116 0.0647998679486644 0.103891122050924 0.235049054824676 0.126521763257185
0.135526426193559 0.134149215906181 0.0432169162472602 0.138538360926476 0.104166565443476 0.189435200500926 0.106710807608047 0.148256507174075
0.0353770661770771 0.213253934535811 0.217903810501813 0.016040207218018 0.101785282094478 0.0964020267335037 0.112371545918286 0.206866126821013
0.108814627189488 0.214229963996818 0.165686544369251 0.0490798516192006 0.152415959405159 0.154183828303165 0.0720432109463013 0.083546014170617
0.237510645656761 0.0857725772507262 0.0247985443056296 0.164968699144259 0.21672787427412 0.14203594868482 0.0425914725580397 0.0855942381256446
0.0751930661817624 0.378949487081541 0.0315954323890763 0.0523703706245083 0.181717509208366 0.0549575529352643 0.17030553659305 0.0549110449864322
0.0121466196822786 0.0120824958868713 0.214777333974522 0.175744221969067 0.015629155158549 0.189323053786632 0.209000273914334 0.171296845627746
0.10824303198399 0.0606275885303398 0.0200766357581815 0.063743574564457 0.200089672476479 0.20809619105677 0.089761933503427 0.249361372126356
0.241190982278295 0.174988834471877 0.110299798606222 0.0350253640371504 0.101724892452832 0.065491056207756 0.163976502559882 0.107302569385986
0.0371214912901111 0.128447674773721 0.109837605783788 0.00461632423380849 0.163122699224926 0.192826454687781 0.142431298696734 0.221596451309131
0.245044833001143 0.238659914162038 0.0704963654454935 0.153790952506071 0.0459614707196057 0.164132545035925 0.0149470731928139 0.0669668459369093
0.0793389115132677 0.199904287400469 0.0860562433121407 0.0154471996065853 0.146248052852407 0.185657379628326 0.222293869964456 0.0650540557223487
0.101177978932415 0.17984018208179 0.127044721117896 0.146104371792592 0.188648273885415 0.097940770893112 0.121512232590232 0.0377314687065484
0.299450762739687 0.0579961831363135 0.0810055794351416 0.0304011207299372 0.0299148299588145 0.0192323298602622 0.343803325533767 0.138195868606077
0.111860555779519 0.024767082331101 0.172881368175233 0.229683955273215 0.145994059365066 0.0777021861287079 0.150596208323054 0.086514584624104
0.0293490287821556 0.154885211960103 0.0338276555046275 0.233792180539925 0.232014080525251 0.128841263127424 0.0912150631002168 0.0960755164602967
0.113389314047147 0.0465100090416572 0.0461264613590629 0.138620952529061 0.180991105485488 0.11183227509303 0.190712236337524 0.17181764610703
0.0253428844364774 0.0615941951130622 0.0442956482871456 0.144327280492675 0.193832665453799 0.232102311248014 0.161210430251751 0.137294584717076
0.179506659034175 0.0736983224562067 0.195074999853228 0.118347609057321 0.0599380193148965 0.0679530727657255 0.301350917704678 0.0041303998137703
0.119612001943681 0.0890566829334627 0.118398244052355 0.10556406802119 0.0375334934158752 0.227039257326249 0.279412653749266 0.0233835985579208
0.0955089847403286 0.186021085068619 0.087166436248939 0.105674593446845 0.09347508903781 0.0949411966127797 0.153801574479066 0.183411040365613
0.220849738366895 0.165343397616393 0.027528295841187 0.0418805116573039 0.0590273815462539 0.24793528980632 0.0529518363811164 0.18448354878453
0.0129341839563876 0.157635505535957 0.126995163714281 0.101107962603543 0.22149792292519 0.03875477063811 0.130753900087014 0.210320590539518
0.112842312368468 0.0934073664406207 0.0638416036373684 0.138222086035304 0.29800846644984 0.0860841494660963 0.00793571828194611 0.199658297320357
0.139391938232174 0.0134990646977235 0.208521360618283 0.07269535576169 0.212159119578549 0.0451851878075318 0.295497413372093 0.0130505599319555
0.14011542203818 0.229658512725514 0.0627170078189382 0.100213245271696 0.0192279763848843 0.0993843938732897 0.117319469042168 0.23136397284533
0.185062251827136 0.221991508891231 0.0995942395273968 0.0779775718075973 0.0191995643534542 0.122859822632638 0.107053624176229 0.166261416784318
0.21980984464643 0.0440070669590658 0.145965076842057 0.211190822954266 0.142828626012967 0.0316794830776757 0.0436482297365072 0.160870849771031
0.0493023580858506 0.181204077026394 0.255739060710263 0.119530448440357 0.0246498157350629 0.0238038157814807 0.162006378620114 0.183764045600477
0.0131751471349572 0.0997844344482731 0.0271566984132207 0.0312666357257451 0.216998401108295 0.179116907620684 0.343434316579782 0.0890674589690426
0.145788773806646 0.0512344366389497 0.127958482676261 0.0693824262105431 0.19599712155598 0.15579686720119 0.163522661088774 0.0903192308216555
0.255458739310054 0.0379365045204701 0.0731454564295025 0.00463147793311001 0.00462070648268046 0.252741584298921 0.10551139668711 0.265954134338151
0.0339796493141823 0.173480450788172 0.00440645185585819 0.309853265478776 0.0147354849413909 0.183316501939435 0.234507019826894 0.0457211758552913
0.0640034878677609 0.173127082186131 0.177130492372958 0.115896338904455 0.120052847118467 0.18624238499202 0.138175387802541 0.025371978755666
0.00792720595856796 0.253589749770492 0.0237785793498537 0.218233692146605 0.249375526895486 0.01313894132955 0.118599668638095 0.115356635911351
0.0024828796138496 0.209653491064796 0.136087813499489 0.181108629267967 0.0151207811156611 0.167010293729034 0.128706546032371 0.159829565676833
0.0665237852897604 0.150219177972657 0.145722488047278 0.0823581978233314 0.137185425608458 0.148691736945916 0.16077435764388 0.108524830668719
0.0146191947435784 0.131302519832836 0.0370174490492897 0.229974392845993 0.163254447385599 0.155956691084106 0.00172797333080599 0.266147331727791
0.151700242206949 0.0454890757392152 0.138578318294834 0.182092952029742 0.191220293060552 0.0114640054000183 0.173097099017726 0.106358014250964
0.193530840778975 0.142107387053834 0.00518621720602965 0.22928519062128 0.136004458409984 0.141578511874953 0.119462312422879 0.0328450816320649
0.12269974231875 0.169294939854914 0.152878969704121 0.0189717578468914 0.169343804263411 0.117082708999899 0.029029418598991 0.220698658413023
0.0286564910022215 0.173725426821125 0.181247436982551 0.10756175339405 0.149879166936788 0.0395269602090736 0.13820724836697 0.181195516287221
0.129364971240793 0.0757201713215817 0.0297035059256202 0.203386927951907 0.245979165280514 0.109079220200822 0.0692517420559544 0.137514296022808
0.162022453429803 0.0272006679320348 0.0103084445904858 0.125370653055393 0.26746700173997 0.169859374098483 0.173267713542521 0.0645036916113094
0.263391135048657 0.111200775599163 0.0809700377139514 0.00954756151128788 0.264395623273404 0.0999611887617904 0.0372621918467916 0.133271486244955
0.168352368427317 0.0224582549278529 0.16169713930851 0.229988102663205 0.138576433670456 0.167403857661141 0.0522898757725331 0.0592339675689846
0.10008031196832 0.125517304642107 0.122467770969314 0.086983363353714 0.180424966151708 0.230405374148191 0.0351548047437313 0.118966104022914
0.0792325811386925 0.241204767188876 0.245979956145 0.0247375885088353 0.231901301888474 0.0705190616828363 0.0977196538808557 0.00870508956643066
0.0167462194533064 0.232762833233975 0.0323846513245446 0.0874057978092101 0.188081832751898 0.224674887473664 0.00381449888449568 0.214129279068907
0.203414743050372 0.0462646241190327 0.217068583448774 0.0347308265080916 0.0527075237004816 0.0804148835735123 0.174572540292917 0.190826275306819
0.239274327019695 0.0359610694270524 0.00754774597293193 0.174554865012566 0.114288433901903 0.0787607212753317 0.144170017090432 0.205442820300088
0.204962054198169 0.160403810322326 0.19670598474304 0.0167925790312919 0.0954296043520569 0.0287841294828175 0.125684029537261 0.171237808333037
0.213737189195836 0.0211674400383729 0.133683869830349 0.0138250106736457 0.246993188346041 0.020773718409367 0.18077547560486 0.169044107901528
0.0206577532732154 0.272851910751911 0.00905889712542497 0.233739092013234 0.0760819275466158 0.203261180587164 0.142279086587285 0.04207015211515
0.147041007751949 0.0628015411750028 0.201347701358514 0.182360404520131 0.175972580174926 0.0512578820091391 0.109042287083482 0.0701765959268555
0.221459472718398 0.00744287183301369 0.00530803183105497 0.161242219804496 0.0120420393927079 0.127828311836095 0.254291289982815 0.210385762601419
0.115231060790561 0.0751146360823129 0.0604594923900267 0.0755445640947084 0.0844837029871701 0.198053545127265 0.25212078517988 0.138992213348076
0.052209990767453 0.191921175123293 0.195991587008857 0.253180880760204 0.0328024551797854 0.119427923301909 0.144833634060364 0.00963235379813374
0.00736354895151314 0.117562726211013 0.291742029848971 0.107401757299976 0.216791369467773 0.217290490278032 0.0140254104384253 0.0278226675042958
0.168314272112725 0.156385512152223 0.127083394426934 0.0922561358806239 0.159953450798263 0.0178684716527736 0.131229696956171 0.146909066020286
0.155003462725007 0.0751511411951162 0.0290063788540294 0.20809688280971 0.109507625047766 0.189486286905259 0.104940635332284 0.128807587130828
0.0952243878648177 0.165826860665805 0.11872683539459 0.104056288467188 0.172352572848527 0.0557762092664724 0.14629999330286 0.141736852189741
0.101929635886751 0.0505441073561476 0.230957974226389 0.0889633701998069 0.0291643239244266 0.140131285813707 0.124757610572278 0.233551692020495
0.100162631058846 0.177723359249092 0.0386166549212373 0.138002226953386 0.208446184122766 0.15987339122235 0.162033075842452 0.01514247662987
0.0318411517285052 0.0853717095617714 0.0532710684668647 0.223935747340705 0.249335824860675 0.129072023664193 0.154102020085459 0.0730704542918275
0.106846799211656 0.0150554505546954 0.203923435305877 0.185302572245727 0.0889093865165198 0.104671844924946 0.126188333788604 0.169102177451975
0.195389348288686 0.127939806366069 0.0427233967012867 0.101322291847862 0.377279431216037 0.0859956085669174 0.0145403818699693 0.0548097351431726
0.0166143812120164 0.0821328825648482 0.230873003798037 0.188512401917374 0.115300031055638 0.196392314770584 0.126969000157183 0.043205984524319
0.131641558870089 0.171705800895419 0.144253832959099 0.194939785266534 0.128629725421725 0.0960743118743835 0.0212490175779776 0.111505967134772
0.0329183468348685 0.196850315119951 0.0388185003491957 0.15375547639878 0.0130802102795692 0.30177031944769 0.0418513164435992 0.220955515126346
0.160334263685779 0.117662804784577 0.181581751191958 0.00527077537175003 0.142264379660133 0.164925034309736 0.0759913947705285 0.151969596225539
0.138319250091923 0.148583595540252 0.127365422842192 0.140574800804152 0.13385417373038 0.137191295128796 0.0450786112003372 0.129032850661968
0.0400752045500524 0.344674440996074 0.222169604363043 0.0880489387087095 0.0952056398561697 0.0494476392173961 0.016507714068435 0.143870818240121
0.166812484419606 0.0177468484832416 0.14833421890605 0.09830138874446 0.190005423493493 0.186487843882467 0.0898446384048639 0.102467153665818
0.20879244672083 0.0387539530769295 0.189664373700796 0.0156218148693685 0.0502983142335291 0.243179681264987 0.229667525210853 0.0240218909227076
0.0560084345279366 0.0887345732163518 0.116743107412529 0.0131380410244511 0.254647697238059 0.249780892249119 0.143258240116791 0.0776890142147618
0.110487576678854 0.169138615579013 0.101661626900701 0.145809748328149 0.166604495957996 0.0244608703895474 0.188030892576373 0.0938061735893662
0.114406507662198 0.146823774026059 0.142133318927254 0.0351477130937407 0.166793130171847 0.1484933859675 0.178298400996114 0.0679037691552866
0.164956885210755 0.0541518031589495 0.0712276953026417 0.105142074988603 0.267853393891415 0.184009922343092 0.0026891533467502 0.149969071757793
0.194959678337726 0.0565648723786865 0.00755076947182198 0.149301727618953 0.123501456851211 0.235589059222995 0.111484583900808 0.121047852217799
0.0349144148820207 0.104734903330047 0.170761163175165 0.189446616246423 0.176012340331851 0.112166008603393 0.0271641849783664 0.184800368452734
0.00400514540892612 0.164121299177563 0.111966444014172 0.306853714023734 0.0409837723772609 0.0354622948521811 0.276716601433696 0.0598907287124674
0.198594629941155 0.0512592344385668 0.120544346767701 0.102477069685846 0.12098354134767 0.128750165698276 0.134255941808416 0.143135070312369
0.14716569721738 0.132079519693092 0.0069950994322977 0.1179889680856 0.245488379642334 0.115211786733093 0.151100346735261 0.0839702024609417
0.187780166028061 0.155323324598293 0.0211297005055972 0.168857483703955 0.171659941150726 0.0788812983911126 0.117547913085236 0.0988201725370192
0.0449875693236714 0.155104855800474 0.196337602803084 0.0162343517851228 0.252508224256927 0.129492498680673 0.181088893786764 0.0242460035632844
0.0869863759101761 0.107012312576192 0.172289136696794 0.306476427679539 0.0505445609054859 0.023428837198723 0.0908266598772646 0.162435689155825
0.0152663264623508 0.189796056012638 0.0729432222178966 0.176947417467555 0.232303703778284 0.0787076440671458 0.0364597023408422 0.197575927653287
0.0595610470710127 0.0109150880019692 0.277162878625388 0.00798574258587359 0.255213993172215 0.0637297292140199 0.249113362958426 0.0763181583710957
0.160724789541778 0.0497638359026103 0.105935525379754 0.104551683816017 0.0741587426286298 0.163522563058324 0.17370931195104 0.167633547721847
0.157498685163898 0.0206025222095045 0.109226243021691 0.251835924732363 0.245419125283542 0.054395607427989 0.123351727050565 0.037670165110447
0.0810526165351853 0.186255212810248 0.0966076746705073 0.18626289540602 0.238617323732995 0.0339708779057829 0.0885766016783306 0.0886567972609314
0.249762050762004 0.0491452530857926 0.0677703626722071 0.153305652421696 0.283686627705327 0.0175434397336749 0.162106983477739 0.01667963014156
0.137879976943261 0.0169157227625481 0.0851169677230787 0.144540197030962 0.210804582061726 0.160161466691808 0.131954223989334 0.112626862797284
0.030577115641152 0.0679900651648405 0.131861179337204 0.188289067171738 0.196222388753137 0.0970076321713421 0.212202302997832 0.0758502487627549
0.189714183820047 0.165588468142801 0.187357179548884 0.0820024698288997 0.0480155416073514 0.14005953739781 0.0610886491011496 0.126173970553057
0.061112888717621 0.039879052428055 0.141251195129053 0.209176341923602 0.12511364688668 0.134660157913581 0.252773745907697 0.0360329710937113
0.262853766878419 0.0745693168464184 0.104061782210844 0.159887900958525 0.116716039377898 0.10787188895943 0.0077928245577905 0.166246480210675
0.161141608960697 0.163817967661498 0.156044991521876 0.0553070267019642 0.228545213530841 0.131519004434141 0.0539146815967033 0.0497095055922783
0.155840439050655 0.144962774117805 0.0897567856857185 0.0781257203956979 0.0468054998868939 0.198356729744102 0.159187282933946 0.126964768185181
0.162430465863726 0.0552902914680152 0.178696015324455 0.112911949222543 0.134710224683699 0.0129439482946599 0.160804846312982 0.18221225882992
0.0945803487216807 0.248071030129201 0.0395422237088196 0.0777625081369694 0.132404297758287 0.0639227975351464 0.122637505106908 0.221079288902988
0.0171430348314095 0.244024041517479 0.0659578699550771 0.114380018224615 0.118483155873632 0.272737256942215 0.0662057506917135 0.101068871963859
0.137127770225813 0.255797582164947 0.0777924602487562 0.0920916866565179 0.106945608890435 0.078821264375955 0.105219068960412 0.146204558477163
0.187376863313373 0.0222776520471804 0.188786067473222 0.087848787462316 0.178921457522556 0.159818840187843 0.119003232404593 0.0559670995889164
0.00269423443503877 0.12645192791498 0.111475399940665 0.168640149468815 0.130378318996324 0.188832799288203 0.0492730092357302 0.222254160720245
0.0836205861227345 0.0979565083444415 0.0948355785411783 0.0859883887029448 0.0920482459180918 0.217418719173116 0.139491663801185 0.188640309396308
0.0942801590307017 0.259942038717749 0.0860651096472548 0.205366097583541 0.129959408632482 0.0981841402249125 0.0294641221195604 0.0967389240437986
0.159074935387595 0.182811794977244 0.235887871154512 0.0248204906597576 0.00534730163080813 0.240490823039274 0.00226638612670904 0.1493003970241
0.142152285963215 0.0941958744484333 0.0286209866225017 0.181185872949914 0.160694191882382 0.187039138394306 0.155360197696032 0.050751452043217
0.182908079499233 0.179609777827921 0.0748036157023211 0.0457690076703348 0.139874754703607 0.0541852006803112 0.12825869137415 0.194590872542121
0.165685482495571 0.0148695847083481 0.173024069428646 0.0587750056720447 0.187679578966817 0.10308305403033 0.185790391255605 0.111092833442638
0.104699186356516 0.0249541187984445 0.0880751818269558 0.0618898645871134 0.296188797834519 0.270237739523225 0.100663364804719 0.0532917462685081
0.181540971230825 0.0631633082196554 0.193681963988657 0.0304441613150329 0.184736759236606 0.00318017184842402 0.133151623227022 0.210101040933778
0.0302627203283208 0.143114154574925 0.115735516935514 0.112784164311067 0.218876412975978 0.0308891148075057 0.151029861481215 0.197308054585473
0.159525069488959 0.117185345213944 0.119981215759293 0.25016979704212 0.0647318324715034 0.158550114935567 0.0964327896820667 0.0334238354065452
0.203976488468618 0.224243264809425 0.00236233507589793 0.0292530238527329 0.163622573208944 0.101467682423272 0.173471822412731 0.10160280974838
0.229911090689331 0.0128688367835894 0.00318903652993646 0.187132125599575 0.183436276898037 0.00925333055852614 0.197926169082559 0.176283133858445
0.0578131343349641 0.0601705021284113 0.124554296742516 0.305509674382783 0.136944211773971 0.156383298186896 0.0582301628987993 0.10039471955166
0.000476730096848164 0.0591718291653028 0.0521909140906581 0.159989113747142 0.229039078298813 0.162336436183656 0.124425059372153 0.212370839045427
0.281795600529903 0.0161188843752207 0.0477923155092508 0.00853518297426865 0.259077756688452 0.141311657493192 0.214810994966535 0.0305576074631779
0.166233244928558 0.04635046209752 0.00248306250588545 0.364305056269844 0.0292970411025283 0.0234195594177083 0.00620009742900053 0.361711476248955
0.160324073485903 0.12191377266763 0.0954897268081607 0.182863896883728 0.0254530748146705 0.105397146556555 0.125696351462544 0.18286195732081
0.0184106912069879 0.100839168422256 0.208766095978022 0.0815604835500432 0.111138610730228 0.175258756152743 0.155654923944489 0.14837127001523
0.110264554716672 0.17098567139847 0.137576190687693 0.133374948341851 0.0751919069905419 0.183098713948605 0.0465199479518483 0.142988065964319
0.172589875688916 0.254737656916328 0.080127746170696 0.117949421389113 0.15499988396201 0.0695555221167957 0.0886548284278423 0.0613850653282994
0.131618700325648 0.160722300575895 0.0969471014257157 0.192255379588393 0.185348694292176 0.038853632293257 0.108038868071969 0.0862153234269463
0.133226078910338 0.135046237639753 0.117868084242852 0.208673088217045 0.0635573575224803 0.0792700640008509 0.0607003106912372 0.201658778775443
0.106416025145977 0.221299992469658 0.119659673670461 0.0859591518389572 0.181185328007588 0.216495477694358 0.0402326880259565 0.0287516631470437
0.264465511557091 0.111612429535075 0.0133932269383332 0.0168149451142045 0.248560702864413 0.0273583719257838 0.266490838770208 0.0513039732948923
0.0283731916337063 0.138972045883172 0.0351669950906449 0.0602406496218159 0.221948031874187 0.0914282466245633 0.246242272898555 0.177628566373356
0.223392116578666 0.113924230317621 0.0443476550662653 0.0710877106266009 0.218082625398789 0.0897776191862551 0.168187128085237 0.0712009147405671
0.125987239359729 0.0364507326241974 0.20952888437846 0.0352441881878574 0.178404753995203 0.24293693859114 0.147093351465057 0.0243539113983561
0.0556218965978673 0.0315405641179959 0.0915133139854356 0.173553242259962 0.193094344174045 0.141941871311903 0.152135949597897 0.160598817954894
0.152652154119049 0.0797646528187137 0.105671218338918 0.182400004808231 0.125194467431673 0.0727481499055442 0.0646472695243782 0.216922083053493
0.192305094813561 0.0414834209127837 0.105612042249519 0.145338113772414 0.179712005036702 0.153156825567853 0.165324644959244 0.0170678526879228
0.204874724545279 0.162010699788092 0.00585310248873121 0.0594784200808505 0.191818771674685 0.0837471821463121 0.110060735952384 0.182156363323665
0.00356435961428224 0.298505772803221 0.111920109558274 0.169954996178408 0.238384692079573 0.124771574653498 0.0349507160163083 0.017947779096436
0.0752653825227934 0.174792232432986 0.163430442861648 0.101018366602426 0.203589333324982 0.182661079619736 0.0559076038405754 0.0433355587948538
0.158240416541361 0.174895045730634 0.259303404726597 0.00399764237515102 0.0135390800138512 0.0170450777964107 0.194746037890393 0.178233294925602
0.0617375306219962 0.0917713915600913 0.0251872088946061 0.179686436086186 0.169961195016735 0.0103329247485763 0.221109382497526 0.240213930574283
0.213578424609953 0.0982559486947985 0.059905562237241 0.0165391254562391 0.143380097494183 0.184810808360031 0.0730284423369064 0.210501590810648
0.246976541178224 0.0389557058467714 0.0854732652529808 0.0642830414370983 0.246845478619955 0.0830559826972453 0.103953792814862 0.130456192152864
0.0955400481568694 0.086756617006517 0.139237510500898 0.141477520149272 0.163507596345643 0.200700108367018 0.103326209767381 0.0694543897064013
0.230313548605314 0.0216471316148968 0.126038718354163 0.0824344762488638 0.123071501737657 0.30183934291189 0.107810201467143 0.00684507906007222
0.0435377451093063 0.16832358906382 0.155893690991062 0.0982431167166841 0.0540634372940975 0.09186029207691 0.17865120530928 0.209426923438841
0.198630222900419 0.156185480712412 0.0774671294475036 0.204596250109786 0.10542797098747 0.0642161373246648 0.0350792768482404 0.158397531669504
0.206638391042837 0.0735264553364652 0.00593774850357251 0.192244869387909 0.2999194191306 0.120479288106234 0.0268820928375425 0.0743717356548403
0.127855648945013 0.00415350976373118 0.0635159937367067 0.215807159330361 0.0639559531532553 0.123795851769451 0.282607894027707 0.118307989273775
0.193350690228248 0.202936052518043 0.177771180210277 0.180709637665324 0.0807469976800815 0.0174580458309982 0.10793811798278 0.0390892778842485
0.0507152171444452 0.00396384342332626 0.0570195549237794 0.257537021761756 0.222900050358734 0.0662513633306856 0.142441272740206 0.199171676317067
0.180875548781194 0.122146156955557 0.0816357982681177 0.148248800622451 0.154603803372666 0.0223179577224942 0.115924715692127 0.174247218585394
0.184214641421484 0.107048906567742 0.171446045777668 0.0338112925256542 0.160254112048391 0.0550048988598531 0.161526295767055 0.126693807032152
0.135152629635354 0.163533585732494 0.0888805837299 0.249651293762703 0.0935586900352268 0.00244705516822771 0.147266255131098 0.119509906804996
0.176511216219548 0.109006568371795 0.160228462615737 0.0517821660073139 0.0522347629208895 0.170723248435043 0.180844246445055 0.098669328984618
0.0294116775319644 0.115400968613136 0.12687363930761 0.178509113539343 0.192617935747434 0.113056581048998 0.111580712598776 0.132549371612738
0.226847202952322 0.0396400705772233 0.0621307216202977 0.0314552104966305 0.203529226575331 0.190651395560322 0.178192433296847 0.0675537389210266
0.199068646385993 0.077611305147574 0.101967066255593 0.0482112288396228 0.0955425691571356 0.140186437712648 0.119884927959808 0.217527818541625
0.14520876644945 0.28274697789879 0.0495965152108026 0.00714895585443048 0.258415554021142 0.0691885249864528 0.15361594060204 0.0340787649768919
0.198337634491808 0.144725072127946 0.114907886178971 0.147887561718656 0.0977240979775179 0.0502299799766884 0.0264325092795603 0.219755258248851
0.0879000500937589 0.142222704967627 0.20382960055964 0.117671481035515 0.210867024311652 0.0130470762088213 0.0240932489522908 0.200368813870695
0.127315784132932 0.0166837773476312 0.110940876679972 0.168849100397901 0.195499425243164 0.0618583311954281 0.209241772299689 0.109610932703283
0.261136818824302 0.0555925124733085 0.0121398946325642 0.0751760785544499 0.192282364067033 0.213128738371758 0.0714664857096557 0.119077107366929
0.0699350903228843 0.193216605960247 0.150783005791587 0.0297324344053099 0.19855326148944 0.142424722335353 0.0481095614249986 0.16724531827018
0.123865392563658 0.114931919067119 0.16893854556363 0.131733072547621 0.157709606060023 0.0156620407605183 0.216879682430644 0.0702797410067886
0.249475659401082 0.122386235939475 0.159402244830461 0.160263192585449 0.0196493861675666 0.0474693528273166 0.0802940313608587 0.161059896887791
0.223341574993669 0.211246588933188 0.0431280085373775 0.217143312786836 0.0150721890602609 0.0573021643982684 0.096276493135935 0.136489668154465
0.0292652498685022 0.182620858600952 0.194456039377075 0.0128692172086409 0.13978101202671 0.142423640985153 0.102797762834707 0.19578621909826
0.101174353268447 0.1429347936618 0.175528945925451 0.0913301472555527 0.0979114581128983 0.177878921967899 0.0354828227010162 0.177758557106936
0.026470725830721 0.0732824772499825 0.113580967759709 0.149818464741538 0.179964991970152 0.156535310925496 0.138919524710775 0.161427536811627
0.0252799659769583 0.182501539307046 0.149993768288872 0.0634288909742098 0.199702003183702 0.103395597496965 0.188110000735821 0.0875882340364258
0.236750781337484 0.168204071472487 0.15960931510601 0.132289661880533 0.0891017571404358 0.0490586325953702 0.0880223362587306 0.0769634442089496
0.124849818532712 0.123375173974653 0.00641537641524943 0.231599739800367 0.160328143132452 0.0866989955963593 0.10249896559611 0.164233786952098
0.072985328434136 0.193796484964317 0.172733814809022 0.0426133640314352 0.0518343556279654 0.213886418259336 0.0889874765510231 0.163162757322765
0.203851862024222 0.122488028198779 0.0557225320789918 0.109135953262435 0.119384163664891 0.155131400281676 0.0736415662088778 0.160644494280127
0.073176161486675 0.260051850331672 0.203369844260004 0.105787275048772 0.0235505898348266 0.0124615851019616 0.240223394208482 0.0813792997276075
0.156476420082061 0.0708331589452459 0.0705101736499916 0.136056347177511 0.124208523664876 0.227326407525809 0.125963130865291 0.0886258380892137
0.143933518237988 0.149304335895725 0.0424325116544957 0.0718646837254647 0.184065196876754 0.232779316778346 0.0700707212415108 0.105549715589716
0.0904350695191237 0.157951175783824 0.134708548790169 0.184316452769773 0.143812427750956 0.158444930718058 0.0820245657993062 0.0483068288687904
0.216248376878934 0.0135092713103666 0.0414971163141042 0.198567877523297 0.124218451057953 0.0492259957130149 0.147917435851402 0.208815475350928
0.0711873662690313 0.240184029476959 0.104503037301399 0.0944601668994128 0.06613222735702 0.0926777420523875 0.199201593780124 0.131653836863666
0.0520054627281446 0.0441017733998751 0.0411233022991628 0.487295983941603 0.0547353270618423 0.167916260761065 0.0691310399539045 0.0836908498544031
0.135825140647083 0.197551542256933 0.0231944316628716 0.203227344347672 0.145315216908914 0.100151814131482 0.158392280624358 0.0363422294206858
0.074102415869933 0.0774389788654547 0.237541321934484 0.231418634593917 0.0154475426591059 0.255400180466362 0.0436153925949661 0.0650355330157782
0.0415770381053272 0.333930968625763 0.0431338091472205 0.0956984620235529 0.0673495252553038 0.00739869500132916 0.132953344701596 0.277958157139907
0.209720652154473 0.0979856514279849 0.0170366505394407 0.201784052833282 0.130890652344888 0.133532374141204 0.11860035574067 0.0904496108180557
0.207609767906669 0.261218120728104 0.00976140443873228 0.144157503220278 0.148209741553015 0.0979205234624298 0.0598622865607609 0.071260652130011
0.109891490190521 0.17299902190315 0.103398885211972 0.207458564786453 0.132641673848422 0.136464913424142 0.108840649727006 0.0283048009083327
0.198578136343703 0.192692219356045 0.0267379898006401 0.0756533787884945 0.222822866398099 0.222632670988638 0.0259148599606995 0.0349678783636814
0.051736711897831 0.196635623678471 0.10380683897062 0.100304512781654 0.328952550957075 0.142786114118678 0.0195071265527134 0.0562705210429586
0.0904435742212742 0.028350716719877 0.0856070902210339 0.0259567242374623 0.306674595752754 0.181493836349121 0.231094349368068 0.0503791131304108
0.11500194197349 0.0859790536071293 0.215356830029498 0.187139367006246 0.156928402666655 0.170270120833114 0.00453564469256571 0.0647886391913033
0.197635302065415 0.19726099271853 0.0651798887781917 0.0377519967978706 0.184196810341528 0.0765197343625644 0.0505025418268454 0.190952733109055
0.212116188584591 0.0659389520774717 0.105168493435107 0.0999916864414759 0.180554903771334 0.117444098642123 0.110974486377928 0.10781119066997
0.0116488918808797 0.238302643659236 0.111105570997885 0.149912717155235 0.131727356384156 0.0974216828429895 0.00726865096375845 0.252612486115861
0.197879115971922 0.0870917331715131 0.170117273768711 0.037350167907825 0.111759141349227 0.0947844190547597 0.192960720297346 0.108057428478696
0.0917408536117194 0.101271105836424 0.0410705374967451 0.0475354085035773 0.187235018198432 0.237623677215187 0.108408832977576 0.18511456616034
0.156539960279328 0.131992680954061 0.0796249215555653 0.046034764451471 0.258766032935201 0.164822519524909 0.0753438767331704 0.086875243566295
0.0435173401929536 0.0890159414787442 0.242891286242722 0.16956110383856 0.0841374678286749 0.0997211410038993 0.112341958867924 0.158813760546522
0.164681732854091 0.200599150179247 0.0699878033892539 0.000249626766745572 0.167100752291561 0.0112955352315463 0.223901635600494 0.162183763687061
0.0269440546523307 0.168637018336425 0.150803872002937 0.179327491377462 0.153593744559448 0.0997632842215394 0.0167729705380055 0.204157564311852
0.104561743095038 0.145026413279868 0.195043779388833 0.249394281499413 0.0347346873845804 0.0218661566748707 0.180270889392871 0.0691020492845259
0.224506201166389 0.0363138240745931 0.0493917840288371 0.157619266749492 0.132550168954221 0.186096361895989 0.190906348457254 0.022616044673225
0.209423376909345 0.202034475531066 0.0217920792848787 0.0849790353014685 0.14367606028023 0.211594245797339 0.00919598828139021 0.117304738614282
0.24086331146315 0.0980759169642361 0.16961782980774 0.0316456645999991 0.106872653213995 0.0401414680352392 0.138028497794718 0.174754658120923
0.0381776253164982 0.163464942613899 0.142658315859692 0.0664579360384187 0.0739685397154466 0.112570547055762 0.234043325488891 0.168658767911393
0.0922155835956359 0.0395020428756724 0.208676390085103 0.0857050080901737 0.154252289496234 0.207400591599168 0.142797617039305 0.0694504772187087
0.0243880645077668 0.0964699306000517 0.138906934205122 0.181374346840732 0.0959709271302842 0.211311693581842 0.203330394937595 0.0482477081966064
0.243481142631694 0.0332584631516675 0.0768441511326631 0.207434712301545 0.164888430675699 0.00359889559984557 0.096624148623257 0.173870055883629
0.111675925819124 0.0373419676600957 0.0170352473668073 0.290876735307014 0.209940642271201 0.105417771418869 0.00819212684046873 0.219519583316421
0.196637965468707 0.171659790842768 0.0520674175010091 0.0147045714781557 0.187048771676161 0.0888876674229794 0.270358364557595 0.0186354510526243
0.16299295577304 0.233602538794164 0.185298409793087 0.0664095389768987 0.189595046330418 0.0236012472689252 0.0249040370763434 0.113596225987124
0.129660531426985 0.0502367407075687 0.145988876081767 0.0216446679085909 0.132610168229531 0.17871143336605 0.162831277797737 0.17831630448177
0.0215790825500123 0.182081440460262 0.16888174850333 0.0544664103109004 0.0518738953843893 0.190119412049842 0.133190556952902 0.197807453788362
0.0551125967703778 0.123188095381778 0.0766957982421068 0.113011173716406 0.143153975769767 0.259828797458377 0.0416955491244204 0.187314013536768
0.216613804302037 0.164253422526876 0.0106719202646159 0.138442572601305 0.0102193780782682 0.185580067834627 0.0787314848574858 0.195487349534785
0.224347844720235 0.161578173376603 0.00310788722036011 0.0914709171074333 0.199218144350752 0.0819190998571108 0.167216969346518 0.0711409640209885
0.156354682172856 0.160280448368449 0.130056508336775 0.0878367619823606 0.146447692000894 0.0768277911289244 0.080036287346872 0.162159828662869
0.131171232953571 0.0772453816068787 0.150001251268897 0.189159171601356 0.228967453307669 0.0439578858543061 0.134040580983624 0.045457042423698
0.1547857193961 0.147345266270295 0.202340794770674 0.0261424763673245 0.0860036085411825 0.0872215317240092 0.091958097060133 0.204202505870281
0.144142390880224 0.0239810035859377 0.105305867136942 0.180525421205864 0.153738828794496 0.087160405540882 0.184163150783009 0.120982932072645
0.232060850882798 0.173013115102605 0.0106952179587906 0.018748259100518 0.072440095757716 0.209865630916341 0.225016328340543 0.0581605019406884
0.0454702468301249 0.155786335267239 0.121894648000477 0.192808315485557 0.086277002732557 0.141285815258266 0.0419535753795773 0.214524061046202
0.0674359783617278 0.0872483184370344 0.00084434617773362 0.240739630255725 0.0627392478789665 0.224225698946067 0.0739022572138746 0.242864522728872
0.137387030268493 0.0447503043721715 0.0334982734240427 0.290790297077867 0.0240966028704067 0.0582507539965541 0.173380962297978 0.237845775692487
0.19689134859604 0.00554543256953997 0.0491736709108228 0.222253261094858 0.127463253784005 0.117594825754496 0.215336175711743 0.0657420315784948
0.143397700502592 0.0817311597670612 0.179979401711666 0.143827997289051 0.0688623715267727 0.0876872334925276 0.0873018357069843 0.207212300003346
0.218292874100648 0.11900910284163 0.0243554782326538 0.199565844863323 0.0141971226584065 0.110239277174154 0.120540569013907 0.193799731115277
0.283036336049058 0.0394404593977737 0.134181615120284 0.0259646632836007 0.00248169572161355 0.106538196945432 0.251349341516696 0.157007691965543
0.166818908743972 0.0710851084355075 0.0922905510072574 0.0751794781025879 0.0525027117761077 0.191306034265273 0.209969625582168 0.140847582087126
