0.135324409054936 0.150118247778867 0.14972855859188 0.12555447871604 0.0805662630952364 0.0581293447812992 0.0223157836930422 0.147061312231654 0.131201602057044
0.11492442791742 0.176926874805709 0.0445234795910297 0.104077190662506 0.0799311994455844 0.135336410764107 0.0132519292331006 0.202628011705515 0.128400475875027
0.155731006750125 0.157947354825238 0.172977798803696 0.000343452276631236 0.0557988322674837 0.216811188307115 0.000461012029140414 0.185372085551443 0.0545572691891271
0.15784237191765 0.173841759669628 0.00232609232354423 0.07808921514106 0.144530431270406 0.0932741100293543 0.134712996060712 0.121457617969271 0.0939254056183734
0.181347808977457 0.0409825421416866 0.0418446241348727 0.0429713187844947 0.0552121338183346 0.149877354029278 0.105647823511911 0.191960196096831 0.190156198505135
0.0962049185397314 0.126565620436655 0.147023659655 0.100969337829393 0.0301041657859248 0.133214795136674 0.0802009501715404 0.173675217343181 0.112041335101901
0.103786390405639 0.0683653876524949 0.167521398275902 0.120730666416953 0.0749348000983088 0.150945350613664 0.01290854839616 0.177321703431589 0.123485754709288
0.0845529880589869 0.172394725980749 0.0876446211581221 0.141001025339042 0.153394015825567 0.21467425916122 0.0186275824358304 0.0994782125060747 0.0282325695344084
0.16789412417801 0.11478306948103 0.2056543843663 0.14946935606219 0.101914140325554 0.189749269046784 0.00398828677202637 0.0307832161941921 0.035764153573914
0.136503990552641 0.194133667743551 0.0555252913048222 0.188575803274802 0.160838260394828 0.023580992632127 0.0138059789593206 0.19667013367447 0.0303658814634381
0.212469351716339 0.0516135932440044 0.0769919863801023 0.0697311364952385 0.19267663659164 0.0677003695793206 0.0553331945845789 0.18682812933533 0.0866556020734467
0.140607307617037 0.0647493647885898 0.124439948215919 0.161940844361347 0.121990858952826 0.0923097369937461 0.132382934958585 0.133589956791843 0.0279890473201067
0.0755039123288499 0.193587852824175 0.118343263367893 0.132849752397821 0.118509848134874 0.194106726835057 0.0550738963105774 0.0697602050409502 0.0422645427598025
0.069519237707564 0.146336897245068 0.19868968760966 0.123360850084293 0.110970761001403 0.0267499233153938 0.152067163521953 0.074420462834987 0.0978850166796782
0.0695402820529405 0.0956890784746464 0.0649649403220181 0.0820654821849048 0.145240323165553 0.23452101529607 0.168213983228892 0.101438601744046 0.0383262935309293
0.148720092021331 0.138909419301249 0.246892440710571 0.0662676469579583 0.0874675693034901 0.0917971309576884 0.140574981224832 0.0407359594322335 0.0386347600906478
0.186976223789512 0.174142984038067 0.180818113852827 0.0799833258905726 0.104950896275215 0.0575147096927007 0.0725182328400302 0.0980293682986504 0.0450661453224245
0.151734659380258 0.102236508145983 0.164427945597708 0.0365226274071003 0.181433820593224 0.0748649624695755 0.0675250894746718 0.109572095867914 0.111682291063565
0.110990908042341 0.192530636221792 0.0230788799409857 0.125830868461385 0.0633640470848089 0.045027446157826 0.147714390367148 0.0942866736459707 0.197176150077743
0.0674232056622496 0.0307249629064447 0.0205507795883377 0.155961467532952 0.0683825971149981 0.0910760047067571 0.0227401418340209 0.193894467001311 0.349246373652929
0.0403875628727449 0.094222524565819 0.169258384413665 0.00260832463226977 0.0915430429770353 0.155762165063634 0.203062651335471 0.0872485562298653 0.155906787909496
0.0887739446349992 0.160982199745432 0.184029748308097 0.119519095040463 0.191060443838119 0.0218709592361886 0.0744713520007738 0.130003423260158 0.0292888339357697
0.130794360237036 0.21120851047004 0.0834800463757283 0.127484262189825 0.0136155156948167 0.0339096119293249 0.239815284945318 0.0729162926160082 0.0867761155419035
0.183731408170429 0.160971101614577 0.0635581556093063 0.0225649583347424 0.0950073629389605 0.154338169129398 0.167540095784434 0.0602848007544202 0.0920039476637327
0.0197769578019595 0.15702735802143 0.121331294672396 0.134816807534989 0.0900432891540297 0.181925205428561 0.0881816414654031 0.0711064439269311 0.1357910019943
0.0438766992656042 0.0505330996882115 0.102962544745634 0.201617753094636 0.0538530238323868 0.18892435409754 0.0256231182445279 0.149220523157821 0.183388883873637
0.0679401309762851 0.0133909093134066 0.171519075910488 0.0861785773556011 0.175307791810442 0.13395067353697 0.0897109503727288 0.137451436015861 0.124550454708218
0.119472854953436 0.0312176979716887 0.0101815820182599 0.165861452875698 0.0610822054559593 0.171975513324709 0.283990567589353 0.039789140581157 0.11642898522974
0.00398418949670858 0.190614551640596 0.185559800324186 0.0605223428127763 0.0397730332678997 0.132701987245036 0.222042122784725 0.111286381245333 0.0535155911827393
0.087426081877203 0.00613200096977051 0.0896484838405548 0.171549518796865 0.124230820555846 0.172740491300173 0.0572503088849191 0.162189033211677 0.128833260562991
0.209076681622569 0.0937040378805987 0.0473610210167662 0.102253906162928 0.10408395115677 0.154852074416149 0.0216874615538835 0.12152691765443 0.145453948535906
0.156242838355486 0.170600799195654 0.0195950940365055 0.0713486468153938 0.129401451259628 0.154355142304616 0.110467431910922 0.0251036513339315 0.162884944787863
0.180311453716589 0.075449219755593 0.100832554962655 0.0782699582293937 0.084862068968269 0.195563757525678 0.0465938675635483 0.124065562616694 0.11405155666158
0.187629392455074 0.122954932823222 0.0513550557954664 0.100187254991535 0.121528856718001 0.190790637862914 0.0599768809471008 0.010265942381373 0.155311046025315
0.130411167386443 0.124228656150051 0.0127207903770456 0.0285593738382652 0.104158682787585 0.143712637090208 0.254164800629676 0.0658055127538573 0.136238378986869
0.0910778580912618 0.00243970438272725 0.132696565993791 0.134763926715246 0.114547643484073 0.179188257646605 0.0139490413249395 0.132799072678776 0.198537929682581
0.027007681538402 0.0484606919666421 0.1788732107056 0.137990147591753 0.199564883280744 0.159604167577278 0.198293553377193 0.0218976287434008 0.0283080352189854
0.0484148895847418 0.0892662728067742 0.0125209312504285 0.028546155761743 0.106471354505925 0.205222163037954 0.097374540116349 0.202702272403987 0.209481420532098
0.100199116616069 0.10198060296606 0.159049394671144 0.0711542500994543 0.212901353428257 0.0119375987826633 0.0851014877300134 0.0674386781248765 0.190237517581462
0.129923568204346 0.141149219509328 0.181211732014121 0.0570948886768458 0.0221410524919931 0.0316275748572034 0.179453396643277 0.187953255329732 0.0694453122731541
0.240068666775177 0.0540970835109495 0.0803160137822667 0.136702616646258 0.0418126638395756 0.223814130281589 0.0432268749050728 0.0701870257928856 0.109774924466226
0.136063190088621 0.0587474762567672 0.165625025843784 0.112468070207428 0.0249425322635416 0.0351048285838022 0.159627930844251 0.191030662739913 0.116390283171892
0.139330166029746 0.197110509739186 0.170157901859861 0.103488230591689 0.108418113541675 0.0926600776586911 0.0441617123012088 0.0044329553725509 0.140240332905392
0.158197458019306 0.151607527442504 0.0586500270409108 0.0519850771832478 0.0751260982034751 0.118116444075156 0.125795162610826 0.168066592005301 0.0924556134192734
0.125203235269945 0.0242265111745631 0.102653390623845 0.202793637484613 0.10091422755066 0.148287478071451 0.0103955652649951 0.150057541150284 0.135468413409644
0.143301255254871 0.0915852564860767 0.141645889207968 0.203503097190724 0.002083933487249 0.000911359878524948 0.166087549166911 0.133607340344407 0.117274318983268
0.0477545348382982 0.170776270042107 0.0990048867944051 0.202302083929467 0.12125670241009 0.167442652308109 0.0814277354512722 0.000768476297446004 0.109266657928804
0.142570870734182 0.175058550666044 0.0864317426763739 0.116333093836866 0.156677659044414 0.184041487357861 0.005835203889255 0.0732399735997925 0.0598114181952118
0.180593221294956 0.109103869959197 0.0314719185752092 0.163687963225334 0.0625719486491575 0.129332728909307 0.144704900978629 0.0894001059204078 0.0891333424878026
0.0867461868383378 0.157478234905158 0.13770153671864 0.00241042642910659 0.0634053158964641 0.146130949223453 0.221962086637973 0.0693213978175517 0.114843865533315
0.118150077800284 0.0538898374900729 0.119871372980767 0.206729086402557 0.169047135038507 0.0751912695622029 0.200309860745566 0.0307110884564656 0.0261002715235779
0.12786974270186 0.153608010266241 0.162730610737571 0.161230420229114 0.0977460834583311 0.00995938010090073 0.0242678632271283 0.141143530822159 0.121444358456694
0.179005962856963 0.0375689620194505 0.0368295947487011 0.0499993946048668 0.164265739832502 0.172367009816082 0.129467086881337 0.19131454820682 0.039181701033277
0.00584575330379768 0.25045469186827 0.037950611256318 0.225579032975292 0.0262779853025414 0.12513610164552 0.0768732235473071 0.0417352356422479 0.210147364458706
0.146134889353773 0.0901185497609273 0.0899157779129883 0.158056748591796 0.145389429266538 0.0908568714015061 0.0369403725797309 0.129316983667946 0.113270377464794
0.19845696467058 0.0830792083153112 0.112045197743699 0.0307178856735241 0.206922656421287 0.0484760188559369 0.0721067933204116 0.0398444576473764 0.208350817351874
0.110785441231201 0.0976617390210472 0.152212369146577 0.0849468173901675 0.0568746119609313 0.0657892592331725 0.144590554189857 0.146186231578229 0.140952976248818
0.226828394228985 0.0118205265426501 0.05883612094235 0.129385084261032 0.0603892916950795 0.113814553521574 0.115460649904453 0.157270544624356 0.12619483427952
0.114688599361474 0.0798111365041933 0.133513221458732 0.0247115892024245 0.0235528076890372 0.200957165989848 0.159096832178269 0.234561749073627 0.0291068985423949
0.157735496531398 0.021439443498134 0.0196476333363665 0.164365754424041 0.144156125239883 0.176220489883186 0.232087125107041 0.0134211610947315 0.0709267708852205
0.103407940069465 0.153862678003293 0.114177763581061 0.0536096593214003 0.0930895947619187 0.0971752830999823 0.0904927025610066 0.132590335042724 0.161594043559148
0.0314419357696897 0.209763556547773 0.00545708786309214 0.181527441852191 0.176809185157415 0.105301016291145 0.133538988280474 0.0491162944227784 0.107044493815441
0.0453264399846125 0.0738710194990602 0.112752107984374 0.145731595994048 0.0644003555611473 0.105261287675257 0.117830195557342 0.200119331568072 0.134707666176086
0.0918686800863511 0.172588298804905 0.0319560360540691 0.0913463412922402 0.094997211942557 0.151371908817741 0.129451769605924 0.0711314129037163 0.165288340492496
0.119263085275058 0.078099152144297 0.0361145049444545 0.114554320402182 0.146098930944982 0.200247850838333 0.0978985189680247 0.139191009701554 0.0685326267811148
0.0805805404834836 0.0999568206217159 0.153267553691918 0.142413603737477 0.106766054201725 0.183070672210306 0.137076274638207 0.0764587725485444 0.0204097078666237
0.0674613921845768 0.0893926320801608 0.244243781315906 0.106505506997499 0.174914783741298 0.0521617761564866 0.146472121504376 0.0600037428874473 0.0588442631322483
0.0331939785263989 0.0774272818603689 0.154997432966475 0.0114147744172309 0.237878768492223 0.0989773045142008 0.0601487501780845 0.264214401562972 0.0617473074820465
0.0501555363214019 0.0955314553750277 0.19707158356892 0.139217110699857 0.0126391991983875 0.0635227114892785 0.23917549893511 0.00400414513650746 0.19868275927551
0.0993261483343996 0.137459853864577 0.121011241534742 0.107066925727284 0.150152379187381 0.0911663958904276 0.112800953128781 0.151767975192108 0.0292481271402996
0.195199957034013 0.135626196937405 0.231815894116015 0.0395574900775637 0.159932574637941 0.117879775167743 0.0438654630213192 0.0192204082342152 0.0569022407737856
0.147792047700855 0.0690852423482625 0.0243376865262692 0.0404803258774558 0.212743512926054 0.101925633554511 0.159970100382438 0.147099794305394 0.0965656563787601
0.146096554435732 0.0945986156652504 0.0628810873768828 0.0898017679986109 0.138878027069138 0.152988719691574 0.145686550055058 0.0783511341053868 0.0907175436023671
0.129475597376805 0.0731597916159802 0.0511267091603673 0.0415346551795775 0.226034206466716 0.122525940421722 0.0840353688817251 0.120631227454974 0.151476503442132
0.232878629850134 0.0942700361403544 0.0160239109600332 0.0270971248353103 0.212253396087159 0.0193589581528299 0.00848198173058594 0.145642363112783 0.24399359913081
0.0599688361247258 0.0260973201689842 0.0987428304122763 0.181253458434692 0.0640665673235036 0.142938797685995 0.12136097545466 0.166319518906969 0.139251695488194
0.117659612787543 0.0175228787509097 0.147134885772719 0.116047277771115 0.0754384215022856 0.130559870087016 0.0952980074398951 0.149065884853092 0.151273161035425
0.0875790837153382 0.00709084974754133 0.0699809152204992 0.202643645660286 0.127066708491939 0.112784364873946 0.0327526400325345 0.102129353871881 0.257972438386035
0.0260266264114742 0.145424113632549 0.024039256032688 0.00251524241820994 0.15977927797785 0.168738222952484 0.0460712222849211 0.201263711769502 0.226142326520322
0.075294145823405 0.156395135249705 0.114132558723433 0.161357315466444 0.074418095679901 0.159578433485821 0.0172083492209689 0.0643059941494905 0.177309972200831
0.0855393264433689 0.113684596541683 0.165400268284514 0.0494639719957517 0.0519311644602675 0.105159216212674 0.189805905144532 0.0732155233512543 0.165800027565954
0.108610392096368 0.156942165757141 0.149929602427812 0.0693871114486184 0.154203505581429 0.0983818568089073 0.0743604094739839 0.0316317782392719 0.156553178166467
0.13040097575676 0.148527561146382 0.0702970653917663 0.134111874746369 0.152732651804594 0.0467325281841313 0.0279614913465065 0.145484649187294 0.143751202436197
0.0222851717255688 0.122003179387541 0.0554988471509712 0.0132661845512153 0.100608111061996 0.15110678403986 0.190991606152012 0.153819332916462 0.190420783014374
0.0704163222414661 0.0113222851272566 0.0661054738110186 0.263776955415816 0.133347474870481 0.0781279520183101 0.12998479587692 0.00104761242501694 0.245871128213715
0.0182081743126768 0.0840635722489941 0.193051084371179 0.203552437506735 0.200171682837736 0.166904771635861 0.108643067573575 0.0234762427240279 0.00192896678921521
0.152758174128218 0.162362174042898 0.0722394511803365 0.0878758192852113 0.0202515348751338 0.160247645253816 0.0880570488737654 0.153810619960864 0.102397532399756
0.0548247782137518 0.186383244028727 0.185633660672038 0.128981772586731 0.176203591934606 0.188274918257132 0.00720154987069259 0.0105483818461358 0.0619481025901849
0.1788099886996 0.0283003164318865 0.0502798220876023 0.0323898206043976 0.192070341880672 0.171891404029909 0.0703004693460806 0.0974792017812203 0.178478635138632
0.00247789526567872 0.122025285507244 0.257952435303691 0.138956284664166 0.0488207680245443 0.0499269613293905 0.171570795152405 0.0553400284405391 0.152929546312341
0.0727149237968546 0.0136136465605436 0.149038283301745 0.333967280400354 0.12872713781185 0.116608783207716 0.0706449771980413 0.0941783729345336 0.0205065947883617
0.0348897914326789 0.152466627208545 0.145277632894605 0.178472616614537 0.105771876555896 0.0238035743979703 0.0798109763194154 0.139188387497263 0.140318517079088
0.0490984786238331 0.0551190980401082 0.0623331126614999 0.194870455159586 0.213018584275488 0.175902296507755 0.0669580941305445 0.132031825795175 0.0506680548060099
0.0505149515771891 0.0644459751539902 0.104539791889954 0.0930187363983901 0.134516613614911 0.214330979512663 0.0676749543123424 0.0381855204978023 0.232772477042758
0.140216369440553 0.0746788010381882 0.17700065889414 0.193667550609103 0.0876693671986576 0.0276001870959701 0.0486562997600874 0.115114990450459 0.135395775512842
0.131212023502897 0.0498103416722257 0.0665644311150169 0.0292757672958664 0.221494972510738 0.0570432973360645 0.164886854341019 0.23152764237021 0.0481846698559627
0.0448943901586733 0.187453161345594 0.11844027017043 0.0596037028817425 0.17701171688683 0.0145820641284571 0.0419086139144714 0.140256185930567 0.215849894583234
0.136621989703394 0.0369708861720651 0.203446468780893 0.063019684335993 0.100198934181769 0.111034953645907 0.20643973109528 0.01121563862045 0.131051713464249
0.158139511278809 0.0355656932653173 0.111191820959647 0.126975960730571 0.134539163720183 0.161386136118926 0.0666871626945853 0.102377001779742 0.10313754945222
0.0154593598378064 0.136570150841367 0.128541359066648 0.0279513828057345 0.0983078014566072 0.0983288556924223 0.215189227579772 0.0854269461071434 0.194224916612499
