0.228860386951198 0.140211057879632 0.0441505067035133 0.0671695457894251 0.0149839169973059 0.168324987523566 0.201685281783678 0.134614316371681
0.109954164373785 0.168959552961733 0.252427046179352 0.0516340486343029 0.166802352289045 0.00469944362017518 0.138239351642353 0.107284040299253
0.0550227809431856 0.107715855101198 0.162837981419202 0.107503361203817 0.147763544118036 0.176284346896732 0.0800196803363153 0.162852449981514
0.205630050985795 0.0336270616218494 0.16953149044467 0.213875152782797 0.15281053514697 0.0406218823687394 0.128128823197616 0.0557750034515626
0.000706074853485916 0.0747723087945293 0.0823510243738864 0.214854859863955 0.118133870484047 0.239669874772067 0.25975604927772 0.00975593758031018
0.033378995343153 0.0846218105364413 0.294259208476137 0.0483432177865991 0.00673029435974465 0.252057192545388 0.025119777866257 0.25548950308628
0.222014560524988 0.0697278927953132 0.100505298912595 0.162348555704641 0.00886578034638085 0.0613497552391654 0.102695379188844 0.272492777288072
0.0425241508384332 0.197061787041064 0.233588564825487 0.257542385552427 0.0539290965289907 0.0250207706492621 0.0847746582932168 0.105558586271119
0.015965714545192 0.0763754633504756 0.269283107073622 0.0168089703502645 0.0423686769684443 0.233509581093287 0.0942203198873035 0.251468166731411
0.352918137447453 0.0749626819629674 0.34779013971695 0.0367525940615389 0.0344145725879094 0.0349462774095463 0.100783490404705 0.0174321064089297
0.118798658463342 0.180000261670397 0.105847151694044 0.127843484206211 0.0848475970362839 0.196124738561949 0.0308500543670626 0.15568805400071
0.123650999930571 0.113219637121589 0.339281924063127 0.0261429749249683 0.0484019824742193 0.0408854004270522 0.0316965132256485 0.276720567832825
0.00904834234291408 0.155989109932405 0.19732730798732 0.231813893871519 0.104689410928567 0.00915676390886167 0.170455077565731 0.121520093462683
0.0457639550129607 0.197592257083664 0.0265575768808727 0.0475302146045485 0.107457288165917 0.207938679242492 0.206276297822316 0.160883731187229
0.20228815035514 0.16763384375745 0.0540718186039924 0.0342553457137118 0.138037281808702 0.16708913897711 0.202205848530135 0.0344185722537586
0.129826642173022 0.148685190454967 0.0818434571506259 0.150608227852313 0.0903816474592687 0.133116326407408 0.0841811719536121 0.181357336548783
0.198705310285737 0.180562320397307 0.070261117072953 0.16096293377536 0.165476110463857 0.0120970399579553 0.0962288086733509 0.115706359373479
0.188409655762493 0.178940884454732 0.065853007511512 0.15535926880477 0.151979273443715 0.0618812279274882 0.0770398161705491 0.12053686592474
0.100200121617095 0.233725650489124 0.0985503642224872 0.219175328242605 0.183358760167895 0.0956877598450739 0.048021438901789 0.0212805765139312
0.121534028531306 0.0535736563890352 0.19262307384217 0.275151786217664 0.0011085540268847 0.102903486048709 0.00926386776756987 0.243841547176661
0.284648886525608 0.178834773946258 0.0486483703808566 0.222077503382173 0.0696367635839109 0.0932719049116187 0.00598885617082237 0.0968929410987532
0.218524623731405 0.156610089552289 0.0558206167442049 0.0292777061432268 0.157774468949585 0.150822791639618 0.170892524517147 0.0602771787225239
0.0295458564193656 0.0353640393761758 0.0752682655106378 0.0408090993785516 0.0170125776773687 0.391650448231255 0.0865844847830735 0.323765228623572
0.243351783618953 0.247473433620733 0.00610668307324304 0.0274252923317359 0.0424913819537273 0.223364796766703 0.117909699767882 0.0918769288670234
0.190549236337524 0.0765557380943068 0.0118125875744314 0.216524086935501 0.178361290709571 0.230629111724587 0.0189065490106066 0.0766613996134721
0.270692552935672 0.274244669258397 0.0236912320995134 0.0355749104494551 0.206433691925583 0.0918532673480914 0.041306332563559 0.0562033434197293
0.056342964225242 0.14541004797118 0.178961979018613 0.146947126310586 0.155731123152709 0.117780021882907 0.11877778680643 0.0800489506323329
0.103933685502202 0.167586386333021 0.22961454411549 0.0302026151762139 0.0772643233059788 0.0765217090617553 0.157111431111261 0.157765305394079
0.148488328346593 0.0867258105270153 0.225495563118121 0.0640378906550233 0.166133027847858 0.0963640535011253 0.122443488359563 0.0903118376447016
0.0880322677326107 0.0656969363685538 0.256385115967205 0.0457095956361723 0.105158555545018 0.0266043339062694 0.288687510860131 0.12372568398404
0.0578899353855596 0.158465717286559 0.0144082856214405 0.235325134248406 0.0846342786225647 0.119321385473557 0.249656206153674 0.0802990572082387
0.130485918820022 0.158776826264023 0.0281259809972439 0.0060853156716159 0.235837213479934 0.179462265115226 0.0500622716641418 0.211164207987794
0.199836101180108 0.0179354156917105 0.168262902650846 0.0711712939941615 0.209796019742115 0.124763465401952 0.184605141258838 0.0236296600802691
0.0645211571408632 0.127789737055428 0.0571547338702083 0.0370339330641222 0.171755700563626 0.181325877695888 0.173401731083398 0.187017129526466
0.147293961731587 0.199496280468925 0.0170627300896145 0.0374219297869545 0.100419252773328 0.222548381148086 0.184738599032713 0.0910188649687926
0.161070766096953 0.0115182561424584 0.101159352120461 0.182886322258132 0.066173056782825 0.15300129124143 0.145322141145851 0.178868814211889
0.04538995012811 0.170722133398475 0.149162746932762 0.153672864184609 0.132391181677024 0.167148384813869 0.0439756858450626 0.137537053020089
0.228595310249108 0.230369355476019 0.140738622592695 0.0404942119595704 0.0582319760148749 0.0168342226783246 0.0698592239183527 0.214877077111056
0.173615157251911 0.128856227543064 0.0576374982560609 0.0874311530579835 0.233957187682749 0.236889402301315 0.0470765831792543 0.0345367907276621
0.00685468537998675 0.182644257553033 0.140084572245751 0.154842347986643 0.189429578067786 0.152526083160081 0.172080855271133 0.00153762033558539
0.188262719899745 0.149637724449292 0.0840349268502725 0.0753953853213943 0.122248394448224 0.0588544237890118 0.162477051418187 0.159089373823874
0.20785819179009 0.158063337203511 0.0122085735881777 0.0717472412832352 0.207476534761441 0.167436432244842 0.0488463434200699 0.126363345708633
0.16555628587877 0.230599007759228 0.183116174349841 0.0836910330131898 0.173942688624147 0.11518441063714 0.012404053319774 0.0355063464179096
0.0491608090577283 0.0662840934520557 0.162715481334077 0.221750678633177 0.144950420840513 0.0476357834354043 0.1549189094512 0.152583823795845
0.0720219065942523 0.0626199428960886 0.256451382106136 0.202604255889199 0.265391185620569 0.0771876974968777 0.0579870648403589 0.00573656455651819
0.20000972993286 0.171814253327687 0.0822855588460734 0.0213129413108543 0.1381639471012 0.085859254895276 0.178287713679313 0.122266600906736
0.245670558078966 0.0729528947059817 0.172497915292495 0.0259287478072585 0.0564177796480069 0.00868162114258641 0.215249547936637 0.202600935388068
0.0904766904563815 0.125786292112148 0.218232021152494 0.0481362199960752 0.13900897459723 0.113263768824192 0.103564987504404 0.161531045357075
0.0493045059067442 0.176864757243613 0.0377787077058216 0.0822115252364421 0.223200371297354 0.0966711701302984 0.232269478211839 0.101699484267887
0.106171853267693 0.201025319831052 0.0606824522681516 0.0840451371441666 0.0194072250082764 0.151501226371348 0.212063176743601 0.165103609365711
0.262647793030894 0.03500175885633 0.237001662146352 0.0012070184355587 0.00211196319212948 0.235323571603337 0.158600289992505 0.0681059427428946
0.104763857466373 0.137124916286197 0.242980198626582 0.00763387942683507 0.00448843425892824 0.236689556177879 0.0378224678802043 0.228496689877001
0.177067075474017 0.100630958109212 0.224523955425453 0.12615573878646 0.0536157448821938 0.117481096537919 0.126552037653147 0.0739733931315982
0.219468971968933 0.151414562866605 0.0927549238161321 0.213497295123983 0.0841373314851765 0.112774588225186 0.0476055411280248 0.0783467853859588
0.0370885405161856 0.172075646018791 0.13687693319359 0.169713202613192 0.061276342609261 0.155110342179143 0.124135529830182 0.143723463039656
0.157932059965749 0.025512997567898 0.245684750565849 0.116736007365511 0.125602541100531 0.0744260485012939 0.0767038875767626 0.177401707356406
0.0177727967251558 0.314212635509763 0.13881436085419 0.11852239599964 0.0308893842115949 0.138752720875465 0.216648084623359 0.0243876212008325
0.0410895741242632 0.179398663688031 0.180650634735301 0.0309683867721342 0.123918571867206 0.12887056037013 0.0873965787783112 0.227707029664624
0.00184548276950491 0.0676343114725715 0.239166653921676 0.361358562676096 0.101703206510998 0.0104707245095033 0.181983714213935 0.035837343925716
0.206664174589117 0.19991788658722 0.20361233581367 0.0432478353576022 0.106479098225063 0.0486075045963047 0.18916713430381 0.00230403052721286
0.122690854856347 0.0404973630346651 0.167189067833662 0.208504484912813 0.0895280182092268 0.0589090366350503 0.161179186066221 0.151501988452015
0.196724102595049 0.123219124225025 0.0862181697105586 0.149311629500039 0.0749280043794305 0.129917500016638 0.0841184936872532 0.155562975886007
0.170552913152403 0.00593572143862109 0.178707922672005 0.148483318281897 0.167206292769356 0.105165263707251 0.175642918043378 0.0483056499350885
0.0535052693330252 0.163051604712325 0.014030898084685 0.10846813501007 0.0713330056865369 0.173012834628662 0.224594194678168 0.192004057866528
0.154547409306299 0.170702926372535 0.129113476959495 0.13012129982516 0.127421913322552 0.0141822292747057 0.0996128862129483 0.174297858726305
0.153369285264658 0.192340279428686 0.0177467340970668 0.173782688651102 0.0982902876245747 0.138467519707871 0.177526925009582 0.0484762802164599
0.193715310747436 0.102319912191304 0.204719150594967 0.0539585308138811 0.0271942405913098 0.208128443414105 0.20043868868423 0.00952572296276667
0.084740784010561 0.0835419115289641 0.313857666505345 0.121018173433183 0.124790935814454 0.0443198163026056 0.129527826155092 0.0982028862497951
0.266212546461073 0.252123228634955 0.149397853542309 0.0339691164253692 0.191484428455732 0.0236532670448606 0.000489762805972995 0.082669796629728
0.16347919434085 0.176382142045552 0.0542619574324898 0.177752988557444 0.0480065219583789 0.209460081928344 0.164737554492281 0.00591955924466038
0.135678259608345 0.138178147441519 0.164259341217218 0.184149418950576 0.0435037961094715 0.0526017086097314 0.0809237659617282 0.200705562101411
0.23944816464318 0.127061781690036 0.116387121348734 0.00768625024653449 0.215375449876203 0.105051962397046 0.0449520839255398 0.144037185872727
0.191783909339163 0.0647009137757517 0.0555142742633177 0.267004863292875 0.104245020087639 0.0465406332667604 0.199260833269385 0.0709495527051092
0.0823701137676849 0.196965326432594 0.125087335438419 0.124394700675491 0.0570743537463275 0.158794215384421 0.223188906080069 0.0321250484749943
0.0392442819345148 0.254904260134736 0.0325050978486936 0.137365434614236 0.00289903166068649 0.0552241601916895 0.31342244328802 0.164435290327424
0.126094472969282 0.0867114122157967 0.170789225065533 0.175930266584939 0.0290467363651486 0.170714337860382 0.132440518975278 0.108273029963641
0.191698210436726 0.0957773273170425 0.165000669328817 0.108035524312805 0.16234162477777 0.174578050177585 0.0104561162461287 0.0921124774031256
0.108877764449358 0.194454557613724 0.0330512201414733 0.111697376226223 0.121741453805171 0.193432046955563 0.14023761446739 0.0965079663410979
0.0382410775740418 0.194421194650688 0.19450562070728 0.139105681227894 0.0904631628250584 0.144437325499932 0.191067730516466 0.0077582069986394
0.0546862973009666 0.0668094920886158 0.136542364541232 0.0144000354115919 0.186216506277967 0.0737927085720373 0.22473609184575 0.242816503961841
0.17865566782031 0.0327085745131854 0.194776877787092 0.192207112866602 0.145176093315377 0.0231053376923712 0.000494128701932385 0.23287620730313
0.0491653207852263 0.139111149268994 0.133365067515443 0.166716783363639 0.142278344262546 0.176976389433776 0.158045145251361 0.0343418001190149
0.378522639323928 0.189653059674828 0.0154344165431023 0.106599830471475 0.156518757363693 0.000908793433451681 0.0872612072875957 0.0651012959019263
0.136222697808928 0.160224026481345 0.100858368187388 0.212443280512405 0.00769904337364341 0.102561112485473 0.0593252277029402 0.220666243447878
0.202530484478105 0.0647943473183163 0.136159686034463 0.0571339961688525 0.21752779980724 0.0472026912909171 0.108972873877597 0.165678121024509
0.107228923211515 0.248071168228066 0.0193117109187597 0.0743948869790655 0.140924016415009 0.0260441389283045 0.151985260694309 0.232039894624972
0.0577249731919866 0.130873267842935 0.0732423606054409 0.149072590249354 0.121970250207931 0.196138182758365 0.193707875329342 0.0772704998146449
0.0792377040073733 0.0211093711421783 0.144337228078189 0.249589763576482 0.259243137341428 0.0309045315912314 0.0540365109655765 0.161541753297541
0.146420187207151 0.119313616112853 0.177710270896374 0.102438260992173 0.0813668377267698 0.0734119535983821 0.210136086751885 0.0892027867144129
0.191459424993977 0.00302769269677765 0.167324974068147 0.0187098695933497 0.142244629904129 0.194420805921794 0.0835889425388331 0.199223660282992
0.0889701126808696 0.165238444803763 0.103650985098555 0.193765669367995 0.0532568238345165 0.135072624270141 0.156350748256638 0.103694591687522
0.0997070374042791 0.184299019809671 0.144049264037683 0.163361493499576 0.027338796261211 0.169738745255073 0.159927975366889 0.0515776683656189
0.191486971932209 0.157555447104361 0.177563026918371 0.139154710167549 0.0509357445571519 0.0502349787597219 0.170641820810633 0.0624272997500026
0.0546902244867701 0.388426055789957 0.14606352267792 0.00683592539971559 0.0710791434280172 0.078096667272657 0.0866059313395177 0.168202529605445
0.0312272467311104 0.218588208312211 0.0144729605782487 0.216660563418842 0.041566054303945 0.0599464910176419 0.208438579018003 0.209099896619998
0.0760370336788291 0.130956251864203 0.0710882738392529 0.113088788961312 0.205820279555104 0.0387823591411403 0.21103370076805 0.153193312192109
0.153857499233719 0.0684802086820604 0.198807046467196 0.109606754514557 0.130318947687907 0.0218995649488082 0.134688318050207 0.182341660415546
0.2747770289364 0.275630007909337 0.0805861942766677 0.147807727222565 0.0856716091284 0.000832995898297704 0.0992946926670922 0.0353997439612408
0.165642890414908 0.0313539809743595 0.214884556502446 0.0162935554372192 0.222510153431358 0.0926293974196721 0.176917528587278 0.0797679372327594
0.0731563101284299 0.256272150644885 0.0631001240822249 0.0855579889422445 0.00374802194444892 0.289579167548621 0.147328860886348 0.0812573758227971
0.0625003475974967 0.225151005028381 0.0872705577057167 0.15815280692681 0.0977148842691397 0.0214884141069186 0.22515129553879 0.122570688826747
0.103794636881201 0.0742823149074251 0.166174620539169 0.0869223827425632 0.184331620677431 0.034474642753442 0.175833383619908 0.174186397878862
0.0971387131567747 0.0275539056422735 0.0682668762265661 0.203530793509677 0.169509433019124 0.203608217873447 0.073291265981285 0.157100794590853
0.042000374346833 0.152755690469563 0.0178050013317291 0.227656326973334 0.198078290220122 0.148685065821191 0.0611720769411969 0.151847173896032
0.0852047341097326 0.073897299404368 0.121215243048912 0.128794816467673 0.180974421717681 0.195324259424492 0.102415912360051 0.112173313467092
0.130326819704027 0.0318898436244148 0.182367313292678 0.181395977409502 0.0200124449751189 0.0727539140143797 0.235947787732242 0.145305899247638
0.119577543611263 0.178886720769875 0.142968700575291 0.054834053443543 0.0967178267293438 0.132644720163017 0.133644277712212 0.140726156995456
0.0979963118486985 0.124846958806513 0.146653892580957 0.154730869090747 0.0747585421847309 0.162718829535513 0.112616283433843 0.125678312518999
0.126014965244092 0.000343871873816902 0.126584988117437 0.195729267440891 0.155396362531583 0.0114640360611762 0.147282726954738 0.237183781776267
0.0431535102326375 0.141304297940107 0.187006525427131 0.227855212745595 0.176780705392925 0.157636895747604 0.0305512627955745 0.0357115897184253
0.207503860289628 0.0935164066062933 0.192741213278363 0.0225160368318781 0.0687102947764377 0.132070821658839 0.0904446054390862 0.192496761119474
0.284564998582466 0.234574890553088 0.00943609856591492 0.000704605444916151 0.0472853940953931 0.318750471794892 0.00491291446265435 0.0997706265006761
0.179387752758797 0.14457014236239 0.151429636236802 0.141536461307644 0.0620575437410043 0.0537260189518461 0.149879459018289 0.117412985623227
0.0449383432434016 0.0308627745356608 0.164351851368035 0.194123142112322 0.0958641026128829 0.12612631863903 0.143867223761137 0.199866243727531
0.102509720159949 0.187780467243966 0.0190282701009512 0.104428250565449 0.130109866492055 0.203259075675428 0.200309888792587 0.0525744609696151
0.189771898323649 0.191292376187294 0.100748494926102 0.147453238662568 0.166516423710124 0.182106350662253 0.00756689885262686 0.0145443186753843
0.0490367414232525 0.308615079922892 0.0137168438503067 0.203692515336289 0.0417426633899277 0.0463731752542765 0.0844084370411453 0.25241454378191
0.00199679798540083 0.11528188892698 0.184054204240282 0.134680139161792 0.194037605043423 0.181262196252989 0.120024013484255 0.0686631549048783
0.052958460340582 0.176335122919921 0.0249794636000325 0.00805163474631526 0.193789012879541 0.157518226450301 0.294982219468195 0.0913858595951131
0.0831704479872156 0.131559613779807 0.24979038238735 0.00124566173611458 0.360276952544866 0.0369429856896606 0.0355140046088949 0.101499951266092
0.189877992733608 0.0118680924231316 0.0450255262714634 0.249813219842809 0.167009464395582 0.0431021637045682 0.199493238070645 0.0938103025581931
0.195514100881151 0.0587429881129966 0.110938377807817 0.156038872088396 0.0456954407853162 0.153204048686279 0.149517448015214 0.13034872362283
0.196526513628704 0.00452589722246903 0.0124766048119631 0.381021258918313 0.17787035807122 0.161458513835305 0.0264213238624018 0.0396995296496241
0.06820757423114 0.229226226805281 0.191031956881853 0.186572537210652 0.0384775766617998 0.16906953355638 0.0281162939703403 0.0892983006825543
0.179737818884812 0.225794969746108 0.0840743652851877 0.0633681905173567 0.15068357336901 0.0923688629870492 0.0477942629398182 0.156177956270659
0.121926778820427 0.168433971037591 0.0296923374045689 0.3244598565863 0.202946670991719 0.0685470573841277 0.0649170802588272 0.0190762475164402
0.113962221565435 0.198663775744859 0.0761901178020256 0.00208579724374335 0.0660760338955895 0.128490426394754 0.200628799533762 0.213902827819832
0.140514584132006 0.0599855336061616 0.240500923987652 0.0536537376170025 0.0616435226438838 0.153724077977014 0.175698048731395 0.114279571304886
0.164657336728408 0.0250495456296631 0.0453170430505162 0.0958661302165913 0.0885078358342792 0.195237108159773 0.0474988682942769 0.337866132086491
0.0310126512308952 0.185514747237097 0.0771387005915506 0.106637908472752 0.22832880062619 0.00318535434794916 0.16040513138043 0.207776706113136
0.0196251893172327 0.0386012786475379 0.147907063211532 0.343640367017861 0.0287656152714819 0.0767974076141205 0.0549400800462458 0.289722998873988
0.138563883372018 0.137255396062523 0.210061432019307 0.0456549558128404 0.121314292020954 0.250206306110952 0.0931252541042144 0.00381848049718998
0.00484007910359898 0.121586726112817 0.202717791070333 0.198433698501888 0.0412986953658258 0.0701128425139461 0.157207582015438 0.203802585316152
0.198863008213025 0.260589141856957 0.254503090537294 0.0291265096378361 0.0461839493777125 0.0555206358335477 0.146025426285564 0.00918823825806307
0.260376084389627 0.0515273696793157 0.222689382624995 0.0881392262577931 0.0448231353738605 0.0147862828548629 0.144635711646147 0.173022807173398
0.225867152509501 0.0714807984084435 0.291457016100085 0.0511051257764815 0.158905511822608 0.0110977006698096 0.0392153178759357 0.150871376837136
0.103838491780174 0.0656198603158208 0.0216257242900306 0.090248205111008 0.253179683193192 0.239244956754905 0.165513994726319 0.0607290838285505
0.0769227876018202 0.111025433083298 0.0779219034739312 0.153113673217259 0.261271878989403 0.115282964736967 0.0715491396633975 0.132912219233924
0.072254691084321 0.244442776903971 0.106789601930919 0.0770676076668045 0.121861544319009 0.34130243607219 0.027521410551801 0.0087599314709837
0.122329289617061 0.243031825638738 0.151306941568795 0.0456036184789849 0.234456071412495 0.0533763654983502 0.0736037563567799 0.076292131428795
0.108991380391697 0.0291726815534889 0.119772486280565 0.254224308680556 0.178537786140721 0.263787925063512 0.0383515158854255 0.00716191600403469
0.13691401905062 0.214206379653304 0.123370562096494 0.0998173202548486 0.000787969041182403 0.0843464811084002 0.177729274175189 0.162827994619962
0.183129542539532 0.104577689140286 0.183780390679961 0.139858587565363 0.257474076510292 0.101066259116862 0.00041898658156454 0.0296944678661404
0.119606992257014 0.122794703947845 0.0947638555826349 0.00792828564320346 0.123235629600319 0.158416016445187 0.172470108341525 0.200784408182271
0.0751202621409009 0.0109570922621146 0.00826491319673957 0.00120740874817513 0.114922642460761 0.173554049058012 0.496490796065071 0.119482836068226
0.0645888187675663 0.188231468164541 0.0621612205005739 0.16022579035021 0.122967154280928 0.0259262735152065 0.126171413712115 0.249727860708859
0.238708735967825 0.158509202741138 0.226071952636425 0.151189733302813 0.133676406267121 0.00143305911739609 0.0250885971626133 0.0653223128046684
0.245439312151798 0.0986677871238017 0.0561134294781558 0.190215479970527 0.130634926457483 0.106994875680889 0.15592037643228 0.0160138127050666
0.0519375591585512 0.0528763192532367 0.163702864020705 0.146626368266609 0.252889404911153 0.140545625505711 0.0476329883191595 0.143788870564874
0.00459017961137119 0.0471355221784969 0.0998647006907432 0.103182942277131 0.335172462008202 0.161766272440785 0.223055900150103 0.0252320206431677
0.121618408341539 0.182675865842229 0.14807257971519 0.154043474852765 0.200052007489176 0.0844383597203553 0.0423205854014485 0.0667787186372989
0.160473938938665 0.0420619402696996 0.180127497097491 0.221152805329079 0.0742702412691301 0.0486983164991014 0.108633736580836 0.164581524015998
0.210956147312273 0.025632732616185 0.0778006560618708 0.157967524081946 0.0933968006054373 0.0964027942035786 0.197942303653553 0.139901041465157
0.0151904810465496 0.190683960155795 0.113176819962885 0.176187507213825 0.158779441209207 0.155401703080611 0.106544021457537 0.08403606587359
0.10710332352697 0.238629313905084 0.0184568149468469 0.102169961832917 0.179912113689076 0.161368517502746 0.0430678187513554 0.149292135845005
0.111187318920733 0.124174661211701 0.148983667646524 0.140949960995875 0.169602471582288 0.0554252867465814 0.164026376948378 0.0856502559479187
0.1318643301437 0.0559108847937575 0.116498048260616 0.173578820532067 0.191261618304983 0.0854515799388094 0.0997866822155549 0.145648035810512
0.0395788932145598 0.235480393613811 0.0291163013348827 0.155647082219278 0.186572418423968 0.217793725613309 0.0282842769365557 0.107526908643636
0.0981897502123069 0.120702312501721 0.172097648381214 0.0666057302575453 0.00390368682859742 0.223909608020637 0.2039479427227 0.11064332107528
0.197128336913725 0.00817945442206763 0.184395186104242 0.0641286491783776 0.183472674048032 0.136028832180874 0.146097206022896 0.0805696611297858
0.0870009374979291 0.208724312521015 0.0477080335619761 0.160414682694785 0.0887133187178108 0.211539566600827 0.0828113250658164 0.11308782333984
0.174534810432761 0.174596000712475 0.121803303894487 0.165048701119844 0.0828858813137583 0.0606326504509404 0.0238743052145491 0.196624346861186
0.0341015082626272 0.081725323309233 0.240042803708844 0.0703736404802195 0.0564749584668668 0.226507830317253 0.152769815592822 0.138004119862135
0.160084710757635 0.078952324577079 0.148630020816966 0.0189754518271606 0.16949244541911 0.0711501221459725 0.174314830196433 0.178400094259644
0.215643707379667 0.121829969816648 0.0271354290390321 0.055257522891403 0.226873186066779 0.0769048504631165 0.0845766462762583 0.191778688067096
0.13553567788432 0.220682920664441 0.103352831822924 0.0117652535997578 0.0260578777785381 0.107620537349647 0.19903329650932 0.195951604391053
0.0827811470674745 0.24460318265898 0.122975424930019 0.161323068066109 0.0897969488811739 0.0818292873201966 0.0979566829673194 0.118734258108728
0.123003899024801 0.128039989744782 0.0866105592073781 0.0914964305172101 0.157972689463724 0.152731966809796 0.0660887719792808 0.194055693253028
0.324601514665467 0.00854260791045391 0.157538953221308 0.0539726607406241 0.249029088239465 0.114769536558676 0.00961591891725612 0.0819297197467502
0.0223463078070858 0.0787389824063091 0.173725088406628 0.266676191529081 0.111810988648042 0.185914465122018 0.00499685568824893 0.155791120392588
0.0397943254771684 0.0581456072871525 0.151177083929021 0.193727268060104 0.184168359560318 0.134042132036077 0.152550834285106 0.0863943893650538
0.0125892118316158 0.14263550937769 0.101925651348653 0.0761076223788471 0.180973045988926 0.147508675075384 0.17370841903846 0.164551864960424
0.0054615727706798 0.215803351414474 0.0772312511381425 0.162939944364955 0.113511475578351 0.231682086820636 0.0202699647304172 0.173100353182344
0.137713615880039 0.169401905398724 0.0679399253082079 0.143048358451728 0.115620308977228 0.151174200123113 0.0533727793856584 0.161728906475301
0.182914718602642 0.0918995974944115 0.142199528447537 0.0241961073111802 0.310765878492176 0.0373285331417678 0.0635333362159032 0.147162300294382
0.124304037760644 0.00960551843581487 0.125578504246731 0.057012395012014 0.230847061957263 0.0227463946800343 0.213717283186503 0.216188804720995
0.0692572010871295 0.242291146581221 0.00518657562272877 0.0886674223126846 0.216366969382221 0.12846051686802 0.167978209274093 0.0817919588719013
0.118423721227737 0.0325803205231579 0.177011319656912 0.0413601069158533 0.146825046373915 0.189780663775886 0.21726215080433 0.0767566707222098
0.0404008502770103 0.0864179403606437 0.12991201421527 0.0195425355899051 0.219242373882396 0.131145458184893 0.0912166908042356 0.282122136685646
0.0792849684103017 0.255872655161807 0.0200547396217654 0.0970121614822989 0.0191837875104809 0.174807396739415 0.136482729912885 0.217301561161046
0.150743789933945 0.0282384733929453 0.0641354202081298 0.0231105563143043 0.0558313646317955 0.376334218223774 0.295331623462868 0.00627455383223757
0.189251034445686 0.0252388707824455 0.119792177873582 0.244834243411343 0.119021525011987 0.0352204782756076 0.0107998193615413 0.255841850837807
0.0471471456259352 0.160408125389349 0.0863452217838367 0.0142965708200335 0.123317863156173 0.149452898125037 0.0807360897532922 0.338296085346343
0.0188620299117784 0.326073980346887 0.0307508392203617 0.260208046105804 0.152706758451449 0.127053862653295 0.071550781048567 0.012793702261858
0.159245772846372 0.0970489610291377 0.176480706291712 0.0237358969403132 0.071611532607653 0.144518167413156 0.154638062302062 0.172720900569594
0.213384215578786 0.0760762203797237 0.255170795128923 0.0491988153251729 0.108918123396541 0.0287010937771147 0.255662800070803 0.012887936342935
0.0931921829995258 0.196398569339303 0.0775580141151238 0.15308751653323 0.215155020439992 0.0708168121706017 0.0822299096735496 0.111561974728674
0.206524188789376 0.089580401767585 0.0228649223765539 0.13806738304046 0.154552559292447 0.0421028543110473 0.198726626934421 0.14758106348811
0.0598087893378559 0.158895631815034 0.201110420802108 0.124143764769187 0.168102315878689 0.0873459603597835 0.110334089834056 0.090259027203287
0.0532868321276344 0.10790990111701 0.0067759711779428 0.0154157800452239 0.260560161853543 0.240664106102624 0.201243039110001 0.11414420846602
0.208183620058946 0.215000883003508 0.0178595057239471 0.0878118817579036 0.0610104380534266 0.178410701683816 0.080421534485261 0.151301435233192
0.058122791511009 0.231228805138689 0.0669451480438537 0.018961317250551 0.147660658975563 0.166874483679238 0.11929910066107 0.190907694740026
0.140531470518608 0.15639522483363 0.0585931220134192 0.17439891813716 0.100418627025542 0.0148853807943538 0.204474737557422 0.150302519119866
0.233342918341407 0.0512346235901498 0.156135760982673 0.125257460309216 0.0777607827596258 0.116156495985661 0.119795603966066 0.120316354065202
0.0219880135673361 0.089845294963539 0.132123628567126 0.179161112194761 0.11511626231898 0.100617884681952 0.199363717858148 0.161784085848158
0.103134653120772 0.197369040482871 0.0948127817949392 0.0808678374582258 0.17815654561247 0.0336990382922673 0.127627865982887 0.184332237255567
0.107192091443948 0.249127457951405 0.108038256640282 0.166120784337734 0.159529606642687 0.0815170064924239 0.0318631738753861 0.0966116226161348
0.0357689279373454 0.141006241291638 0.163724740219101 0.181611575976112 0.204803364021174 0.141316965771628 0.111211755795863 0.0205564289871386
0.195639985471588 0.133898488958386 0.0955447269809705 0.0170038182312605 0.0111561749314425 0.16074529494847 0.190235728806931 0.195775781670951
0.199060514926189 0.0371846591930736 0.0981669717771881 0.12688973849085 0.240457981516893 0.0783864955602443 0.201405993451276 0.018447645084286
0.143317497518108 0.128135014080182 0.0692498394696991 0.199264571876835 0.115823803972283 0.144964141285996 0.136123350873902 0.0631217809229948
0.160071339497333 0.0736033986903954 0.0042095576341361 0.0603251113816807 0.289245345286794 0.0872717496218501 0.0417567915283555 0.283516706359455
0.0417726573026212 0.0839700879523074 0.187150718031209 0.12600821141196 0.158599232105584 0.167339496385733 0.12632046788832 0.108839128922266
0.108528352014664 0.0249661563777634 0.26646435255414 0.057830384403848 0.215866943228063 0.0230220831650141 0.177094160180532 0.126227568075975
0.212076345784408 0.0382374965449341 0.191770397494036 0.0985340166383093 0.0266218009090647 0.225395419526717 0.0192597112527561 0.188104811849775
0.111400997618665 0.197655446808334 0.114117397694677 0.160275745476439 0.0570144531383226 0.0102822834667123 0.14045701981836 0.20879665597849
0.095516710191756 0.170613894472326 0.21831525647376 0.0196844318018187 0.138676886998493 0.217112631787526 0.0957371121998825 0.044343076074438
0.193556627008838 0.00481853333266161 0.0491806154218663 0.202003016083417 0.117128706121778 0.164694665427706 0.217735364954753 0.0508824716489795
0.112628717199982 0.108478229780139 0.0587063148079183 0.0463421003566689 0.210703428704061 0.157306604162439 0.123762064288385 0.182072540700407
0.06806855730648 0.101492001480959 0.250922441926071 0.203187535646852 0.0992303416431102 0.0902660858079406 0.0911631566565213 0.0956698795320662
0.228701133019515 0.0162818490167419 0.00863683246082606 0.178621424072722 0.13307836919401 0.11335138470868 0.261650057081964 0.0596789504455412
0.169666671472555 0.125896996832323 0.157119681962739 0.106088085343065 0.110209613241688 0.0582733644084097 0.142359816268937 0.130385770470284
0.102796106759313 0.158874475250713 0.0089840414178274 0.158889178648625 0.159165939459211 0.0901774056194178 0.117278963286988 0.203833889557904
0.0830275453656994 0.20103904693796 0.127891936325761 0.0391252829290405 0.232695195860731 0.239103626657817 0.0741697162855568 0.00294764963743457
0.152133053782387 0.174192062666068 0.182224546759545 0.0239864108193677 0.107056283997126 0.141085183955693 0.0457416395207072 0.173580818499106
0.068511238945699 0.0184085506461396 0.204790288726518 0.0263407565808163 0.222327731179134 0.0863842661990378 0.209144732108412 0.164092435614243
0.0947048931713635 0.0789172960227066 0.00651029760220887 0.201372751084088 0.217552801310949 0.203537075656166 0.025863456151815 0.171541429000703
0.0155240558417557 0.139630759832903 0.14223668321943 0.176724524034635 0.114210128038182 0.1261273146989 0.130652335200919 0.154894199133275
0.105480565281396 0.171094925738409 0.114722418085423 0.205483205349086 0.166374854998058 0.0508432028664824 0.095698368805719 0.0903024588754256
0.155134422230161 0.160734909679041 0.163089117365389 0.0164707633405443 0.110095011147709 0.109678151385704 0.101837470995746 0.182960153855706
0.00082628542190721 0.265252185284293 0.0652267512726609 0.168490785338093 0.103291286500408 0.189030182322482 0.164198033596985 0.0436844902631712
0.187999091821082 0.12189571361597 0.168133900118327 0.0907537690762265 0.105169906523834 0.167976521990802 0.00845440372798943 0.14961669312577
0.186443468253899 0.200626734453627 0.100528614223752 0.100876421910041 0.13318227492195 0.065758324589872 0.0413040713487205 0.171280090298138
0.0474749928764716 0.050901975634743 0.0224853612807863 0.31857672906767 0.0562329885150481 0.19222180096867 0.25214803281264 0.0599581188439713
0.0970379657420757 0.149759169451316 0.21557215246851 0.0468944609748485 0.189969349461273 0.264333060109179 0.0153953864431499 0.0210384553496475
0.00459728618720193 0.000729130608415657 0.26653542353905 0.162165805225724 0.139688514473846 0.0778205177551524 0.293681021341578 0.0547823008690321
0.224675057455521 0.0339203371186956 0.0928085486046765 0.077013544494128 0.0248491382081092 0.170894748775262 0.16050172870634 0.215336896637268
0.229472655641613 0.0373510053077986 0.196309123169792 0.195123625635967 0.0572115663933531 0.148545753817941 0.096803473585618 0.0391827964479178
0.194962753014084 0.168139561754056 0.0852058433052289 0.0956491099253779 0.00241726353565686 0.110687938628252 0.149626913573921 0.193310616263423
0.172935880182776 0.0206185728494381 0.0517993863968163 0.0372689219099639 0.271610882579701 0.285537699382361 0.128684984230257 0.0315436724686877
0.0640597023779785 0.101064741779217 0.192163085372146 0.184566561472298 0.155029861036621 0.190751971606767 0.0814123049897039 0.0309517713652693
0.0708651603969203 0.225502671763676 0.0776456616185456 0.139182902659049 0.226114314690124 0.0989291473124824 0.121263652361817 0.040496489197386
0.127192676234595 0.0608989840622781 0.163771099840007 0.22536898880925 0.0193609473676571 0.105319006107447 0.228988519167582 0.0690997784111833
0.206124584850402 0.0970355534149488 0.161869786839934 0.19712615036716 0.0159254226019073 0.163182835670553 0.154244212816492 0.00449145343860252
0.174377819994455 0.16640395068467 0.126885702313138 0.0897062364505163 0.127977142962552 0.129049437504738 0.152690937320377 0.0329087727695534
0.0503144568678439 0.153579471426679 0.1715636890364 0.122682743442056 0.210641500601731 0.0473430982316786 0.156104683616388 0.0877703567772225
0.181191966610363 0.0283919153529884 0.158057460965932 0.0915900678740849 0.155502129050915 0.0766666000154628 0.116326428255712 0.192273431874541
0.184130091513714 0.170111949556335 0.0737986146361673 0.100309883930994 0.150801965139851 0.20682263847139 0.055898407140252 0.0581264496112962
0.39946561210575 0.0122516515146223 0.0937014912850175 0.130875067932815 0.18130450919422 0.0173851559450351 0.136042486646427 0.0289740253761126
0.133061636927842 0.0653859446110979 0.122147519594537 0.064411982809094 0.126390266768878 0.194166049714283 0.115832533579245 0.178604065995023
0.0356777990506132 0.14008517677151 0.151241140509791 0.194258280592628 0.137977832218052 0.139874663637628 0.0578446727932703 0.143040434426507
0.0192481307251149 0.224571590416925 0.205005182518032 0.1240563190062 0.198614342746379 0.189014016233413 0.0201346545743758 0.0193557637795601
0.0653545326918556 0.194215030515604 0.116406770526389 0.123479939521105 0.0571985611665804 0.153477837398115 0.197726538734831 0.0921407894455192
0.171900748083825 0.0557394628922717 0.102626189351614 0.0327192812675683 0.194580305237366 0.00566979252696823 0.237708188447272 0.199056032193115
0.118907086891681 0.0859101807948206 0.0316943680482568 0.182876446673704 0.133663363499242 0.224210608319913 0.0902611619163383 0.132476783856045
0.160981830181207 0.00389386862614879 0.107130000678286 0.208543547628925 0.0513873225235945 0.261460842521372 0.0615508628665897 0.145051724973877
0.0645468979261181 0.0212827979110333 0.126875438169796 0.197229022523163 0.136915534014736 0.220422881712207 0.0537658796984874 0.178961548044459
0.179315749403419 0.134877684063573 0.135872971507843 0.0445225885486657 0.136092073215927 0.131976224427968 0.150405675005883 0.0869370338267215
0.146390311988052 0.0995998149903563 0.0175173895031877 0.149248117068432 0.0813033955495809 0.173188732128847 0.159166569855399 0.173585668916145
0.0520717116774815 0.0155754875606418 0.154832632154843 0.174969103113294 0.159754541078302 0.218675178080502 0.114419934561186 0.109701411773749
0.0624625545911317 0.210316300459913 0.0899759664204188 0.253133774183898 0.225381644911844 0.053124267290185 0.0984701972287112 0.00713529491389737
0.149470313255046 0.161222622665878 0.161774221817821 0.0240567691674845 0.150473362241451 0.109694509771464 0.0855291291473452 0.157779071933511
0.148891651754663 0.198553009328194 0.207367291714409 0.00888136962723279 0.105867284538925 0.167997749813478 0.092431635219199 0.0700100080038981
0.23549786175415 0.0336812790902598 0.192885278218404 0.0693018237099562 0.0856611180036475 0.255795106052239 0.0898573601740651 0.0373201729972788
0.314703514674192 0.201682657015703 0.0243241620586269 0.162993633445906 0.0403056944901793 0.022678639303543 0.114813074215535 0.118498624796316
0.193285493291152 0.0152726595214898 0.146104587063659 0.0933380220499947 0.0650735925784844 0.168695580640934 0.133869949808061 0.184360115046225
0.178313950466647 0.0718249920267143 0.0851394969363256 0.0344779820446062 0.16506698199243 0.224815554893434 0.0415610126359821 0.198800029003861
0.165723155332685 0.0689994555090494 0.151720980476036 0.143119234160999 0.0103474732866052 0.209699910445906 0.163183133514831 0.0872066572738886
0.0308767860533274 0.186024179443956 0.107529458388661 0.18376348801093 0.182870433615397 0.0662370429156208 0.160103285580489 0.0825953259916199
0.0286143813419415 0.0647468559917339 0.129720709814463 0.219693670306055 0.181891318675232 0.0531520308904764 0.174200709920433 0.147980323059665
0.0123747325859015 0.195307194231364 0.0431174225662865 0.248809456546973 0.0682633549617482 0.249907777558101 0.0632964065176311 0.118923655031995
0.225391642998056 0.160548678620445 0.0129157241065892 0.129518549372348 0.1718900345961 0.0690901616168117 0.182369174269989 0.048276034419661
0.112684098803433 0.0170226607563985 0.125247225918624 0.225375715635092 0.16984733816684 0.196771116882583 0.0222435492350499 0.13080829460198
0.13593196455976 0.197581765159639 0.168045842833866 0.183645002167522 0.0251519573010999 0.00273308541927293 0.209228955542788 0.0776814270160527
0.0282741071552258 0.167611801967128 0.191874236170353 0.0395471060585749 0.149591306115995 0.194098299484171 0.022033932645957 0.206969210402596
0.0271345089081425 0.11888043685283 0.113848661072153 0.258281337670406 0.0126703897741348 0.140778334096839 0.0680535169087495 0.260352814716745
0.00816600617177714 0.0348786186394311 0.0366728889034547 0.219672506096301 0.24702052153362 0.03224526334563 0.239471331212457 0.181872864097329
0.104703800500543 0.0138593205990177 0.205718437602782 0.13255958911848 0.130923913686259 0.217734985784927 0.0956148995190283 0.0988850531889633
0.0703668272049604 0.0391599593736031 0.0134466187114998 0.292780974378592 0.157177387918154 0.170222171089928 0.246091621836002 0.0107544394872609
0.124135754912902 0.0166844296264739 0.272886512955161 0.128032213910658 0.031252579949492 0.100465279931408 0.242680688541804 0.0838625401721007
0.0115093976002925 0.223855273469182 0.0508358731198976 0.219638673519555 0.0701219909038793 0.0788189772766971 0.123818447739688 0.221401366370809
0.0901288617704286 0.202158993003194 0.162567219576472 0.0645574546871575 0.164574976954112 0.164629841778291 0.11271730743873 0.0386653447916152
