0.133198653137774 0.13814500915586 0.227216642616657 0.0735841339330889 0.175966399199185 0.0341073879959221 0.217781773961513
0.210219059905625 0.125376396169038 0.212099314489657 0.122343394478531 0.179481729932861 0.0109160251670829 0.139564079857205
0.0289778221794939 0.0146600039513946 0.08572433530286 0.089837554926986 0.306367558226309 0.301467166094279 0.172965559318677
0.148222004197297 0.00289014050725605 0.0532158997517825 0.217318347793586 0.00327837605541954 0.254571159173155 0.320504072521504
0.316018478231231 0.159195664483856 0.124065213455723 0.057537284930537 0.102748683618361 0.0673066142330574 0.173128061047235
0.0251531221451641 0.0226737573305447 0.259609443748681 0.155948230538529 0.352334101811266 0.0356234978411578 0.148657846584657
0.0121466137967802 0.290678518524312 0.0221198223209294 0.268005971825403 0.0404114316435624 0.355504106466781 0.0111335354222316
0.0383167491778505 0.0999562965557255 0.153332306916685 0.155753538854003 0.195350823445455 0.15464327496057 0.202647010089711
0.086109247039174 0.00170611513405064 0.103868231537811 0.27219233773818 0.0143926777185687 0.221183484252513 0.300547906579702
0.146232794709574 0.0667690124024667 0.109432596351903 0.168215707250913 0.299146454539958 0.127495653881382 0.0827077808638035
0.232665698727915 0.20671766966922 0.0389574449095707 0.0930526001771031 0.228186849336745 0.0585070804239637 0.141912656755482
0.244272787804821 0.0736720332603359 0.203282608216274 0.11199377986486 0.197276212524522 0.155101478579376 0.014401099749811
0.179440809121271 0.114544378012852 0.0789920531890639 0.0225711670201217 0.108900074057046 0.332239938386419 0.163311580213226
0.0134379600842071 0.0555909504303856 0.0140042491043071 0.220319646054711 0.137859717906453 0.411446483300648 0.147340993119287
0.239131950395173 0.239330005617103 0.146028921602556 0.0245513333775645 0.113650388050033 0.136192077945912 0.101115323011659
0.138212564911379 0.285556509154426 0.282845544061066 0.0296555501844284 0.0281845540178785 0.120267706230292 0.115277571440531
0.177120099009343 0.17756389193042 0.166882182005191 0.162841876663703 0.0772913994401068 0.0500050827081847 0.188295468243052
0.225575099000569 0.317489253361263 0.00352428016884354 0.12587992419353 0.104260172855781 0.215345681853628 0.00792558856638493
0.0469596914769866 0.0489108283015926 0.130917809147894 0.210931127920753 0.341392428527879 0.133585327313995 0.0873027873109005
0.0245513413074673 0.117753502339694 0.117012861029957 0.0787195210372709 0.224765219283784 0.20805004122903 0.229147513772797
0.169647116137533 0.121627380343199 0.175504876994062 0.00924044655034052 0.260281444788134 0.0625529304274605 0.201145804759271
0.0316502563747354 0.133704512256816 0.150580623245556 0.287797698861366 0.0267993252188005 0.333838456629777 0.0356291274129505
0.238968832303567 0.115560390475971 0.429371574381557 0.194630327720825 0.0128576871736916 0.00826559386500729 0.000345594079380652
0.183090183700931 0.0922311694622861 0.134370546513877 0.171042268842012 0.00546624863162022 0.056693597029231 0.357105985820042
0.203248194651042 0.019346891963408 0.203627121703426 0.141253819089772 0.193802130256044 0.152963859360814 0.0857579829754932
0.248810431650131 0.0427483811656038 0.151036084369511 0.274510609183523 0.142320693004459 0.0864192006890431 0.0541545999377288
0.0661461174106066 0.120121417416413 0.246280250011971 0.109421492536489 0.0822174269525533 0.21388308529054 0.161930210381428
0.241936138062183 0.0913175672665145 0.0322722466029995 0.22417420425163 0.145400214433151 0.140312513037427 0.124587116346096
0.132572343188788 0.00291740330718393 0.087592446696913 0.0794029924809426 0.22595703974099 0.172386390269431 0.299171384315751
0.113356052498884 0.2841339694586 0.185522369876175 0.0177384946497646 0.134638843560791 0.0345607719383632 0.230049498017422
0.0316955464750925 0.141460966667226 0.0425261283456475 0.417620490488882 0.243813132587002 0.117902321221474 0.00498141421467593
0.159464873394432 0.167529817562168 0.247114188140499 0.201961281233141 0.081670316056286 0.0941033179274376 0.0481562056860368
0.0595238643477158 0.00522407086858329 0.185940015063564 0.263999456784432 0.243833548458868 0.138746346979063 0.102732697497774
0.0862730856390361 0.186210748980849 0.183721748011563 0.186013436356996 0.104275462855626 0.138274656227045 0.115230861928886
0.191225999566605 0.235993035715522 0.0543348396727058 0.0225915088118535 0.198154704523798 0.144974624074877 0.15272528763464
0.0560267000659852 0.197537048642343 0.208731242534247 0.0967656100040057 0.115784264604993 0.113759876766848 0.211395257381577
0.211474044329582 0.0141885561976612 0.26313833790146 0.168368095702573 0.146415544245421 0.194257800817997 0.00215762080530628
0.116730630925936 0.0797251369029493 0.227000915195135 0.163560648351233 0.066510254768967 0.199657763047289 0.14681465080849
0.0481240294711957 0.0480925295277773 0.209815195389876 0.193304493093708 0.207519539223022 0.100743137072022 0.1924010762224
0.173253030249525 0.0490764822547229 0.1677602626947 0.140549989334194 0.165180082178996 0.129176330202399 0.175003823085463
0.207349952395416 0.20017041873087 0.179021560034968 0.0881591815175542 0.207649742552064 0.111720791056236 0.00592835371289144
0.218761873424314 0.163076594676434 0.0840829584380425 0.0113913246580338 0.256273837257364 0.00812739328988353 0.258286018255928
0.0116109337804479 0.255926639019345 0.0833109244268389 0.119001663497027 0.209313144336695 0.214136379038137 0.10670031590151
0.0322949440904568 0.300959919885988 0.222709502660284 0.0243126395193254 0.0904259207176853 0.235543683339082 0.0937533897871785
0.0825862724140993 0.125756770700789 0.164340817959529 0.151237658294535 0.0119472933398021 0.233722374041579 0.230408813249666
0.267001481818386 0.0457885363971321 0.0137841469285032 0.0151996652600777 0.104332624302609 0.349350286851609 0.204543258441683
0.170033057754394 0.159889186320785 0.156593198219454 0.12859073479289 0.0820676019431241 0.168354015289155 0.134472205680197
0.196529327939177 0.19785409916502 0.195015384215493 0.143864055539587 0.0389500778689819 0.0860153050984596 0.141771750173282
0.0725472279014609 0.271345825920166 0.173399532616563 0.0164132355835417 0.223579197147854 0.0421513873945459 0.200563593435868
0.218223167288971 0.152034601218243 0.0949256835868301 0.120962099503123 0.235387210091402 0.15276481105691 0.025702427254521
0.193343603401005 0.167310577869685 0.125120144173155 0.112082303331784 0.161844222173122 0.0280424965872819 0.212256652463968
0.0767407395943115 0.197497574797301 0.0487873228495139 0.0513296906345361 0.108116480336335 0.288506259796886 0.229021931991117
0.22523632780018 0.0686675926063225 0.173218466523043 0.0344255457617377 0.27075924650919 0.178765885635986 0.0489269351635411
0.228534819917662 0.219811639391251 0.00955625038044802 0.127426166812437 0.1263573070093 0.145140752016022 0.143173064472882
0.112367687703868 0.182732938493564 0.0335062812356726 0.0419011284292252 0.0144996192903888 0.329031244176062 0.285961100671219
0.122823864873466 0.0265212394555989 0.0208511525541681 0.0201034802273243 0.329055950183725 0.328371898230628 0.15227241447509
0.180887222408987 0.160123769380557 0.159730273472557 0.122806431479008 0.0915281549074386 0.145672287756039 0.139251860595414
0.271659610065598 0.0614386907777965 0.00438571193365901 0.286183097699157 0.162811300153687 0.0465828023582439 0.166938787011859
0.000762460762990204 0.235615403553635 0.152957561580937 0.155198230277516 0.173006236881906 0.133951500687 0.148508606256016
0.0666815682884248 0.203608339802181 0.00469880384274428 0.148504475968043 0.126833646681398 0.220890177823312 0.228782987593897
0.00388016281468253 0.0155829304755296 0.315824964132632 0.230770394530118 0.284023175525034 0.0596991765273142 0.0902191959946895
0.135067941008036 0.202018835499677 0.00347615262056734 0.17667613434019 0.161592147629463 0.126077811110912 0.195090977791154
0.158110886621188 0.10311105482988 0.208210538951033 0.208491687859718 0.150575189180813 0.116897189127378 0.0546034534299901
0.237718520178463 0.253039800253412 0.0323510197901683 0.163649835777167 0.174229870190821 0.109986650363279 0.0290243034466894
0.217569640556819 0.0533453523434871 0.150212912149267 0.0651486374258596 0.219972092910862 0.170720322646528 0.123031041967177
0.185786519092348 0.0730035075661031 0.209459029047167 0.0142686254822214 0.214747112915249 0.141026526104847 0.161708679792064
0.0154625923741809 0.186083528100949 0.207678181626894 0.145953326559667 0.194272456669896 0.0262659600469061 0.224283954621507
0.020806052912361 0.0849018918610926 0.0162017123650762 0.323866334213063 0.196076315501571 0.263177999036375 0.0949696941104614
0.126373761752297 0.144015023152295 0.134960118944461 0.192142530842246 0.126687793178445 0.0874735823202223 0.188347189810033
0.323355503929207 0.120381880310266 0.012375375997471 0.124790079953481 0.257640820522817 0.118294799841901 0.0431615394448575
0.189005168845618 0.214397679748048 0.00408618403507055 0.0604422222051072 0.172982812406595 0.196172319213631 0.162913613545931
0.240697174535547 0.239609613503182 0.0437167620560392 0.087214026519739 0.253476251944847 0.0880275440172249 0.0472586274234213
0.0650604644241815 0.0700686106331916 0.193195926152006 0.00132379690295674 0.315406321826353 0.160240930306727 0.194703949754584
0.0447269418424957 0.0711196038114065 0.324982705921999 0.187136378574737 0.263244249967339 0.0138296785232685 0.0949604413587543
0.0756847572548731 0.129189121423214 0.0298450250690784 0.212604225786384 0.277870398388849 0.0831616494186908 0.19164482265891
0.0960791893252073 0.36905141329622 0.00854650848222757 0.00214782917407502 0.270512977881465 0.193727897406957 0.059934184433848
0.204087580659386 0.0699592289246864 0.218834482040717 0.12907088438269 0.205287239350941 0.0132220156190408 0.159538569022539
0.410450454651836 0.0852090719514153 0.218170874220384 0.0534856850124265 0.045400499963346 0.0472244672452818 0.14005894695531
0.18279424582568 0.11025294560322 0.132913363683482 0.00461798817287794 0.0917985365076618 0.227625995478407 0.249996924728671
0.129593848138099 0.0970894460566136 0.120788758741637 0.0612742466654587 0.174584448370416 0.263753828112101 0.152915423915675
0.0156019672055 0.248159516597538 0.0520140361262124 0.0478278724941405 0.219713517844651 0.0834528525097566 0.333230237222201
0.0089761980688316 0.249847985038883 0.260179238367916 0.0733292825344619 0.0360698196660155 0.162948162545654 0.208649313778238
0.0339691422849221 0.189366303943506 0.220274190214449 0.0346636756672021 0.16692035828334 0.327293705606651 0.0275126239999299
0.0151944939438604 0.125092647188602 0.229800700747955 0.0652893665476765 0.217441051339744 0.215168729266933 0.132013010965229
0.193690240509042 0.0611652992720448 0.201432396166761 0.165824406961391 0.111799948731759 0.0873601952972086 0.178727513061792
0.191405621499216 0.143483046507851 0.19763726080037 0.0184787475430135 0.0833265334443606 0.18777916063646 0.177889629568729
0.00750642111087509 0.0853768881726408 0.249543629192747 0.259359754004286 0.0226426295894848 0.0699903086767723 0.305580369253195
0.155447291418115 0.0143149896529322 0.137182737519645 0.0518315786369155 0.241290572851879 0.192802599523466 0.207130230397046
0.280728548543585 0.139756649379634 0.176218223578123 0.0297208849760087 0.077132611766256 0.20619934583126 0.0902437359251331
0.0682014343460622 0.253903826654933 0.0914797203977267 0.269659137959537 0.0958785899286337 0.0726487449645999 0.148228545748507
0.174338946132054 0.128561724088158 0.0417285198691768 0.203020690390351 0.202900489561479 0.135265502078474 0.114184127880306
0.152896885546837 0.180977878940393 0.137303116554752 0.199104792434028 0.104481314274578 0.0818194089078732 0.143416603341539
0.0392393225509537 0.142597527625 0.237891556536054 0.0456745122522361 0.169181957692172 0.222791069358065 0.142624053985519
0.0214921020006273 0.18490318888814 0.0210816666111678 0.298188974053405 0.0934503225153077 0.104112362441435 0.276771383489917
0.0240988158666491 0.184628530035067 0.06157160074076 0.279835096341413 0.0578426034407727 0.175584925377153 0.216438428198186
0.149689862622175 0.128197705838721 0.443183104438801 0.00977274524727689 0.0570358626402095 0.157078149325418 0.0550425698873987
0.255908093376598 0.245661698510461 0.0232234796900806 0.256437312240993 0.0726533621995755 0.0483206233121973 0.0977954306700948
0.0152395178448534 0.32912168935349 0.00156896035148549 0.0648440187573225 0.364775721924989 0.0847685576143287 0.139681534153532
0.165988162190032 0.0881560753424163 0.0184558049038354 0.148470687177743 0.229237016674015 0.230229132331098 0.11946312138086
0.325094143151063 0.0949014473744487 0.0936967401861634 0.262152191562053 0.016506166230152 0.0260108031463572 0.181638508349762
0.150017657591003 0.0572479143903597 0.1973564431923 0.0334408193741662 0.101691176882096 0.224999659427797 0.235246329142277
0.228562132276061 0.185442025261993 0.206110350530119 0.0056394545828189 0.105135014920467 0.072717761489525 0.196393260939017
0.189439343372197 0.0328088788498899 0.0733570523969084 0.123385035321264 0.192331930509084 0.30197635063142 0.0867014089192363
0.00830797101623519 0.330027639787687 0.234010772040452 0.116440163667166 0.0649867534005694 0.145845909235251 0.100380790852639
0.0369830495361982 0.180537130834969 0.20450438853361 0.0480790405654783 0.192146044768684 0.267150179914493 0.0706001658465663
0.0158626522912085 0.138747315750208 0.145699052789909 0.239309452015795 0.207406635641876 0.131906062930944 0.121068828580061
0.114873869487705 0.221542534194427 0.0625046916157579 0.171143903239732 0.0813547786827953 0.0641495103657835 0.2844307124138
0.256640871127249 0.0525357279248 0.137855865275324 0.105826078808499 0.131138085620794 0.223790990152323 0.0922123810910112
0.00510043782854826 0.136594885420331 0.128691183498209 0.309615119846751 0.160121358008425 0.175427342381004 0.0844496730167311
0.0525981608892983 0.0799622832952559 0.348535402353047 0.0754407729826307 0.145632391083815 0.00864026950360324 0.289190719892351
0.243962424011001 0.260201653674764 0.0131684055155161 0.157289438323973 0.259811424311057 0.0205555797149425 0.0450110744487468
0.205768440893408 0.199853235786737 0.149835685157034 0.0240886505992244 0.223126483291704 0.0636887315879161 0.133638772683977
0.150560149891378 0.275509066396197 0.0155815990073755 0.0697682526800658 0.0608516352325807 0.271548367391672 0.156180929400731
0.00733157260999486 0.286207360889499 0.279044428678289 0.0671867395867458 0.00303673252641892 0.0866347743367345 0.270558391372318
0.147327523093932 0.196753088668076 0.0279650556467792 0.137054653416889 0.111268234679946 0.144613245466822 0.235018199027555
0.298145961235163 0.16590730650203 0.289320183984021 0.166680190732851 0.00170961179904022 0.0348068101713635 0.0434299355755306
0.130854876873808 0.1865866583755 0.0824960421328176 0.156362794920143 0.169282302490764 0.183767783732988 0.0906495414739796
0.105993343303282 0.192660940043468 0.260153430126717 0.194431821178701 0.0107680166616722 0.0116120289230776 0.224380419763081
0.198563786950451 0.257007868905345 0.069091666784624 0.00828497625447565 0.209111165818044 0.220696615713903 0.037243919573157
0.10440760170162 0.216340807014758 0.30060065123467 0.128978247478983 0.00201422010569193 0.165444151378294 0.0822143210859838
0.22055540879435 0.135704277200571 0.144027386775069 0.000826211238250746 0.229442710654953 0.159059969923722 0.110384035413084
0.197566380294835 0.049388427101613 0.0819610417478738 0.130043037790941 0.199083441265596 0.233344964354092 0.10861270744505
0.274553710705031 0.0825924849330279 0.192175112790967 0.130586157009687 0.105797463830427 0.0649515219497684 0.149343548781091
0.086420624000343 0.0372851395254952 0.0108631184029767 0.215523531469295 0.188686887050145 0.164692520481365 0.29652817907038
0.175782288995406 0.113904485449722 0.0654755869668783 0.099237947316038 0.196799747672572 0.162449293573765 0.18635065002562
0.147074615206694 0.052218976580994 0.315548773571859 0.0708060437787815 0.00426126209182241 0.151332505300421 0.258757823469429
0.0369869979356715 0.219528149085722 0.164855587024524 0.131358912297611 0.0864131424898452 0.200825349621994 0.160031861544632
0.0359695020676112 0.164930568654574 0.215470016973994 0.195934557103541 0.173741524430406 0.0216584089073564 0.192295421862518
0.188319302004422 0.121021988017432 0.0775033373384764 0.0584179744265352 0.093162580257107 0.322416169396542 0.139158648559485
0.1432364485266 0.195340065564942 0.195540295232068 0.0731247927423197 0.201047676645098 0.0580696593008885 0.133641061988083
0.19277744420599 0.175388539721109 0.21735920319717 0.193950562611933 0.068049128911866 0.0495462465038098 0.102928874848122
0.159413942626334 0.0292498333441623 0.0823584558043664 0.00325665061033158 0.332320581878478 0.324263794428653 0.0691367413076749
0.0941246641398117 0.210899598850486 0.236094440979007 0.197544892537346 0.12835998592966 0.0104409877419225 0.122535429821767
0.171121042354055 0.123431656827847 0.0228713569044748 0.149169900408482 0.198209849880682 0.148257852229422 0.186938341395036
0.153527757723528 0.0839336743388773 0.0196455896064361 0.240173318381428 0.22600539675656 0.0177544572234316 0.258959805969739
0.288396527512505 0.111480305187311 0.016928323643397 0.197578617918447 0.212593692187398 0.136896297904982 0.0361262356459615
0.229179722381196 0.143563475971175 0.22509696878818 0.100126503195857 0.0798495879700165 0.217315857716578 0.00486788397699733
0.0116507950038113 0.0898210981637464 0.18409382768365 0.148675522638139 0.230110469954676 0.307359300619133 0.0282889859368444
0.00374464336370646 0.0724950290048529 0.18248601039059 0.201435216896653 0.217808451126431 0.23492434779274 0.087106301425027
0.0301176606123377 0.0447994793136981 0.220175853906883 0.0860396174895931 0.217837618457018 0.255385368031356 0.145644402189113
0.00195542651452743 0.195751693548522 0.179092334277965 0.251676023891178 0.0949212602533894 0.119336747946001 0.157266513568416
0.262691163083208 0.0128793602655967 0.230367719412855 0.16721221848248 0.00119967409108397 0.278530268389027 0.0471195962757494
0.244067982432226 0.109927973757481 0.108751812969223 0.149239784316556 0.100357249298717 0.286596921333296 0.001058275892501
0.129835421731237 0.165868339766786 0.126159142649697 0.0939879243502743 0.171062906115855 0.133225782005971 0.17986048338018
0.309856513794312 0.0276217000326624 0.158208873203772 0.0689270913659268 0.0532409837758082 0.195975602701624 0.186169235125894
0.207501118997916 0.0483984861090961 0.306884886314665 0.0741930242764966 0.248458824053554 0.102083804610267 0.0124798556380051
0.0569751265613713 0.0662809369925434 0.162935987808783 0.11190157369642 0.112695788097479 0.248736938729337 0.240473648114067
0.0689410200802856 0.572260074985503 0.0421745626814438 0.0720619711265711 0.141682900453806 0.0590191165835804 0.0438603540888101
0.168863871225942 0.127959916396561 0.210124699439004 0.177321309171119 0.0459055507276487 0.143061030883365 0.12676362215636
0.245358303533171 0.155744982759659 0.151138744507062 0.00933136176786715 0.228052553705811 0.159988140178462 0.0503859135479671
0.134735613506216 0.196019263510171 0.134597291652864 0.130112917765935 0.22055313455558 0.074318078536635 0.109663700472598
0.0583162500819967 0.204055599942823 0.0131267024861443 0.279999215399966 0.0390096943407379 0.226425989998923 0.179066547749409
0.217374299667967 0.204656959279481 0.135299040417448 0.173610854715717 0.106165329680804 0.107986048356778 0.0549074678818046
0.0749268647498035 0.0406498727688127 0.0770970638604632 0.201736505591808 0.209346377717252 0.192058958239498 0.204184357072362
0.0408669261422289 0.108904453964116 0.0161741826769386 0.159862328148634 0.301061462971933 0.237967781289096 0.135162864807053
0.134612452260413 0.139802160560719 0.00793683502820811 0.202792418163084 0.182211318709385 0.0812097544265049 0.251435060851686
0.0398469775332804 0.108856301531437 0.190030859572438 0.0624866856141164 0.123687845390302 0.284035801280544 0.191055529077882
0.0435790837255266 0.0952361763708333 0.0516344606490725 0.21282939158754 0.279292181719336 0.15650507444656 0.160923631501131
0.177830821848338 0.0662613445846862 0.191213000464499 0.254254244102419 0.0556995101661083 0.145383251069814 0.109357827764135
0.125290386553952 0.0354012045984421 0.0945443161318147 0.194142127522216 0.246816888898522 0.11051843415886 0.193286642136193
0.115263723186066 0.0110590799106991 0.233873723035543 0.225394444275134 0.0361146714124228 0.25503781769014 0.123256540489994
0.0610314024970535 0.0367725596770982 0.162257941285305 0.156188353449523 0.199590893039034 0.1674446693855 0.216714180666486
0.222588194440585 0.0777298987299476 0.184328747238369 0.220870171808533 0.0441916268835564 0.0303123134010371 0.219979047497972
0.295032674461614 0.275705328979944 0.146578793792301 0.14403192822439 0.016402334902847 0.0992529971992541 0.0229959424396498
0.0652696830077844 0.192488546692177 0.199194241920004 0.122923358662467 0.191916375714827 0.0971946036294578 0.131013190373282
0.119281497873194 0.0147605537791142 0.20540675180785 0.0113728964022913 0.203652015934296 0.154406168049187 0.291120116154069
0.244950190915982 0.263514012985069 0.188999989488112 0.0186263454643451 0.0115753171506171 0.0602119687771613 0.212122175218714
0.06718956006015 0.0678343015624005 0.05082643719553 0.319362558835046 0.319393798377345 0.027023412480361 0.148369931489168
0.343419304191207 0.217416586064896 0.00422918528428468 0.254751998912931 0.0908125821815132 0.0656218942072943 0.0237484491578741
0.0908416565042495 0.0413007560000231 0.200641581537546 0.20832756147076 0.0975385907738814 0.134431143888119 0.226918709825421
0.104819347621843 0.15017184015646 0.169668556451143 0.207797972441584 0.10262522737192 0.173954649785277 0.0909624061717741
0.0637937112280769 0.0488054247100025 0.154788546079453 0.27421055488207 0.0665155911552954 0.244437185926984 0.147448986018118
0.197784914048074 0.017061046890235 0.0995723107881725 0.182549818351386 0.110718708800389 0.381591415431133 0.0107217856906105
0.133733983387518 0.189744261147014 0.0346466202352499 0.125171384186248 0.105023200100486 0.204111378781915 0.207569172161568
0.04719265384917 0.217628018288762 0.256785874474733 0.214028155642205 0.0385482985925911 0.0719182714713766 0.153898727681162
0.0513820107628329 0.231173889994903 0.0356835599989222 0.109282771026892 0.21294349191622 0.19310014568844 0.166434130611789
0.128379783143786 0.0912711671951561 0.104399815607359 0.177596401714594 0.163048581010502 0.160610558848086 0.174693692480517
0.071276270721422 0.150146165118937 0.14720966455486 0.188555953174593 0.147942795486196 0.137985214321696 0.156883936622295
0.0648450309496619 0.0798525958945701 0.214686291285648 0.242433584276147 0.159762941030897 0.234950566592093 0.00346898997098395
0.253534992910407 0.224761919421841 0.00313986623174861 0.0482282231976086 0.301001714512129 0.045256553576287 0.124076730149979
0.133732334903607 0.0385018419194757 0.351171633172664 0.0651823009421445 0.156787677884314 0.188204121291369 0.0664200898864251
0.0126723973225496 0.229239145373319 0.241566211055772 0.00463010441263923 0.219458653419308 0.0761979735470846 0.216235514869328
0.0448396299183577 0.130695239645935 0.108563203514784 0.0507577558478106 0.291735235499111 0.261644807990648 0.111764127583354
0.18480024225274 0.167924369753692 0.198081759813477 0.0547545376984264 0.131552009035357 0.131481237865283 0.131405843581025
0.110269486774191 0.126778885071714 0.086827347743975 0.242959923102185 0.0342156188191158 0.162908523109978 0.236040215378842
0.081008117703445 0.052775917545124 0.120752784167344 0.136388079176696 0.24528582459925 0.0878499914855671 0.275939285322574
0.0855698008873378 0.196886129787621 0.176555558218836 0.1605345001333 0.0906461771391684 0.0724616395336927 0.217346194300043
0.170564953875605 0.0780623054608113 0.103782245187225 0.256658744788694 0.0702054760444271 0.234309335665734 0.0864169389775044
0.0181957608342425 0.145911357507166 0.210428217554847 0.185434291589757 0.172663030916394 0.0325246310884984 0.234842710509095
0.327975213981895 0.0797546111501545 0.0544741787005072 0.00508424438331972 0.099316042449718 0.336583771290043 0.0968119380443626
0.0639593230965715 0.295200827491255 0.336336166701226 0.173815775481738 0.062037350327998 0.0247893361442437 0.0438612207569675
0.0124017007811246 0.181464420252526 0.323714958988644 0.201042091056283 0.0078818731813024 0.241647839021518 0.0318471167186028
0.0902064387265241 0.178895767733419 0.234464391863683 0.0277905565932216 0.130938449759282 0.19287975741035 0.14482463791352
0.208336075825487 0.230956352638814 0.0273109129618516 0.0370752569770506 0.175945381780895 0.176655884516868 0.143720135299033
0.0299311950554846 0.253294354490824 0.279317182838291 0.00597625740649066 0.103230598052087 0.104461513142486 0.223788899014336
0.130661343486287 0.0664805203644983 0.174875316052774 0.192142475055605 0.0279904212557218 0.251746254853124 0.15610366893199
0.226081274082988 0.1917900528079 0.0958942976642886 0.0200642829245128 0.0943417710773136 0.0912304819530758 0.280597839489921
0.210351553830176 0.0539726408042247 0.170640651315694 0.222197433618121 0.0932048983814491 0.154151774533799 0.0954810475165362
0.234344029953017 0.0170854354687171 0.225131698577635 0.0385176930515509 0.100594228101717 0.079147411932848 0.305179502914515
0.0886716555963353 0.0506053105812299 0.128592496990853 0.0620737639744752 0.173093526765103 0.198320384111715 0.298642861980289
0.219702106702706 0.0389460501684339 0.1726501078964 0.219354017806092 0.0204014097409771 0.181324534354072 0.147621773331318
0.0513381545131706 0.270066814050151 0.0800373097810426 0.0195092052617924 0.259495699634124 0.0955072924029177 0.224045524356802
0.129005805846294 0.203127451664586 0.131508256604785 0.117456139722377 0.162107503393244 0.219402625921816 0.0373922168468969
0.116411415805492 0.184618830104499 0.10971937306157 0.127580171792574 0.140042463230637 0.11966284469151 0.201964901313717
0.0150861236797832 0.17450008244969 0.167172558113397 0.211549400862537 0.0548797761369993 0.0404197649502784 0.336392293807315
0.273409354650596 0.0305074082917422 0.0515729204184184 0.144643343716706 0.0693547235134083 0.227783438449171 0.202728810959957
0.00172144016495838 0.0665599160758362 0.183922763593017 0.182591216650252 0.316555300188377 0.147449300776526 0.101200062551033
0.212816146163819 0.282625632667944 0.119357744993601 0.0633285401508529 0.201226206641827 0.0940302065323526 0.0266155228496043
0.235987881894752 0.0385793580829349 0.0388553664133382 0.216779475557671 0.264827152875122 0.0190720398354186 0.185898725340764
0.0114603412878373 0.0401914662577526 0.290122063220249 0.150544508279588 0.107944710430705 0.180237110782711 0.219499799741158
0.0512086417259142 0.193514888670167 0.132904539779273 0.219721965071698 0.158122215724583 0.0908124703843892 0.153715278643975
0.153230434253219 0.149802824516078 0.14048911793617 0.193241359433269 0.132334316837044 0.0953346733236101 0.135567273700609
0.264416092081239 0.152949423429556 0.0835440098900818 0.172007723213108 0.185664932589735 0.084789310283439 0.0566285085128409
0.187610499079681 0.211938972182481 0.226348016222826 0.107613836186251 0.213732235210763 0.0473941500511485 0.00536229106684844
0.0526995762597667 0.00199484524112089 0.195264678566101 0.287687303569286 0.0676781493692378 0.213053182140953 0.181622264853535
0.121260169174125 0.0947536702666682 0.157633179725996 0.105774757657097 0.0599277808862354 0.183137437950874 0.277513004339004
0.136872158780517 0.16718205381292 0.144788120513528 0.1131163331156 0.112538257759359 0.141214915424587 0.184288160593488
0.196927311046703 0.111027810186115 0.0584287305326665 0.30237459026461 0.00664651985326443 0.160077471111096 0.164517567005544
0.154886908256194 0.170926938515891 0.281859389863873 0.0820792029061625 0.0687331354052881 0.236758969717792 0.00475545533479856
0.0763017922252745 0.177800426328158 0.216711232021253 0.183314649375413 0.0840658281174542 0.100133898704676 0.161672173227771
0.230298647639894 0.228553275679858 0.0472692072039654 0.119202728054217 0.0507893317870523 0.229585429665694 0.0943013799693198
0.0841914169210263 0.0719814551224506 0.201660304112268 0.204766854162601 0.0842906909054468 0.13826180097797 0.214847477798236
0.0867615396614391 0.194328275668817 0.191799358866767 0.183111906934295 0.0259961341019846 0.153736018193063 0.164266766573635
0.0283492988725099 0.343950604673059 0.155886069919821 0.133108752948725 0.130141749330556 0.0447222122410239 0.163841312014305
0.0792564621529111 0.222069262272201 0.025306497790356 0.105855325150406 0.277788031509967 0.0356161522384801 0.254108268885679
0.223576958068891 0.0952350837069556 0.0191160806993756 0.108529843447055 0.196885203058299 0.201393555624805 0.155263275394619
0.0881853463732484 0.0593118811192744 0.241855418299893 0.190257986724018 0.18558766050641 0.0467182828954265 0.18808342408173
0.00791310718951353 0.0522766369132799 0.317141594415905 0.0397707939718567 0.265834745695114 0.212589118374119 0.104474003440212
0.145324806901598 0.125787271991399 0.166009689794074 0.132602591810985 0.201432898505054 0.179264262709485 0.0495784782874054
0.272156936452091 0.0658124461875213 0.192133278153772 0.077990393448997 0.159828434318161 0.0643394970465596 0.167739014392899
0.174626412153934 0.000796368107756603 0.107392733631536 0.218012047422196 0.0874174169276019 0.0747437160735563 0.337011305683419
0.186185257590674 0.167104833116565 0.0284309265684872 0.174770077122344 0.236065129406591 0.104984884898529 0.10245889129681
0.0869540215365308 0.0113453908873921 0.222816342097801 0.143875102371517 0.201889657680406 0.101849586603051 0.231269898823302
0.0229199156863184 0.0462111799825342 0.240391162340118 0.14110590464887 0.177482322135765 0.038654770250263 0.333234744956132
0.182552533290986 0.179480682050001 0.0750655942089154 0.0413263360726209 0.209858488154887 0.165690603114019 0.14602576310857
0.290183200313113 0.199820478375078 0.164022970690445 0.0763638464891699 0.127459365074283 0.0410113024742354 0.101138836583676
0.20204167403015 0.0254800142492862 0.283491735158022 0.000870490418264676 0.124595182606127 0.287363308662648 0.0761575948755025
0.062301641519459 0.128284088559595 0.232647778531793 0.0370994870531685 0.10465613056333 0.158497604622709 0.276513269149945
0.0845005528522667 0.247881765502547 0.0799353068560788 0.402311590838448 0.182011655077865 0.000555179479915601 0.00280394939287896
0.175997569036193 0.0992290123357445 0.249392944105236 0.206968850670302 0.0640903032131096 0.0267397821854597 0.177581538453955
0.00566982623542332 0.264450002831281 0.215476928156899 0.144857781358535 0.0395265154587028 0.0538426677141682 0.276176278244991
0.172422701323413 0.177962683062654 0.219706160287604 0.188482447146704 0.158885154546075 0.0241614225815167 0.0583794310520328
0.215553683552508 0.0239895457418222 0.0799129673932213 0.211510872493575 0.249488857209552 0.120255567001896 0.0992885066074254
0.11082216512691 0.162571395177145 0.167590165106737 0.159618336120869 0.0315734475534608 0.185887113888786 0.181937377026093
0.121937608757025 0.126932810740319 0.180835794533143 0.12015986525119 0.139390037900931 0.139527903037772 0.17121597977962
0.0763657974461564 0.249561413726348 0.015428268311577 0.102995723048858 0.00230833685908476 0.271704845030867 0.281635615577109
0.123614795212091 0.154522552545674 0.00141302721462158 0.20275402744137 0.136597153330939 0.220990951229379 0.160107493025926
0.254030752899252 0.226688571071917 0.053787197692389 0.253608744738702 0.00491225972131846 0.128979359262331 0.0779931146140904
0.094455210344742 0.0656928303105076 0.0946468483181039 0.0497621273483019 0.344226910096307 0.0931768839315904 0.258039189650447
0.220178009439201 0.10740108445653 0.224085404716875 0.00206277537970555 0.281037719745105 0.0264933002813853 0.138741705981197
0.0702772574367521 0.186174656569468 0.146720773192719 0.0216771594099637 0.17151882598789 0.213942589823191 0.189688737580016
0.131431635481634 0.162974598008142 0.216524722748296 0.189037171953164 0.141573607802556 0.0140333734445362 0.144424890561672
0.104528464524462 0.172911569424694 0.0684239312276276 0.0309221763371316 0.26214006360627 0.211747037899735 0.149326756980081
0.243729368468598 0.133328610281376 0.0426803221867635 0.231677454679148 0.107470001298644 0.203822808147563 0.0372914349379077
0.0680614173473321 0.158732968113124 0.136690225780687 0.176822638496157 0.0685629334148089 0.21389434887546 0.177235467972432
0.0901040551439015 0.0752881931089998 0.14191212661311 0.27630744924768 0.166601018614519 0.152467777104651 0.097319380167138
0.0695842481638136 0.14286811177731 0.136502349106617 0.180649797101602 0.181215122132878 0.159362523007056 0.129817848710723
0.243421913256338 0.165360190915627 0.185941583967044 0.121383851709731 0.160819705347739 0.0953835219584926 0.0276892328450292
0.0185357258682932 0.0946424610722325 0.0322028697231893 0.176612310568476 0.183074697647682 0.204177931797464 0.290754003322664
0.0970699293942216 0.0747938865456485 0.132959531330201 0.149960386448988 0.157479938761768 0.219681944678509 0.168054382840664
0.236337132487518 0.0488771492948481 0.0563809666705014 0.204291868978733 0.177788951550759 0.0603598962593211 0.21596403475832
0.16347875617065 0.137928344173224 0.200172845240023 0.0679986183271989 0.111607397545286 0.143007133655404 0.175806904888214
0.0544491712235836 0.146376986919192 0.221845728887037 0.102273778110498 0.130688670708241 0.176535354109585 0.167830310041863
0.0921012275799311 0.191453869077905 0.0546261331954222 0.249199422995503 0.00757068992019412 0.151926943689122 0.253121713541923
0.152507238338335 0.190863837575907 0.161156015470477 0.0125126798045721 0.211748160774998 0.112803682982403 0.158408385053308
0.191579333134346 0.068473968977359 0.162824908741296 0.0910823461767626 0.227348626385378 0.0834369665885786 0.175253849996281
0.157519513031185 0.245507372203642 0.129085254912578 0.0282988193999804 0.207726596857743 0.0575934681226772 0.174268975472194
0.100278619941929 0.0918734442124858 0.210413416817892 0.166166621729485 0.163660178624258 0.0347399487242339 0.232867769949717
0.15721286882949 0.0476083303874441 0.334976848022572 0.00918546790921156 0.183907413262688 0.191794938706165 0.0753141328824288
0.23913707956745 0.0295572065760641 0.0820932985144747 0.0658177938027433 0.221047327559941 0.23753382144128 0.124813472538047
0.188962367283119 0.163871723302242 0.198361689971334 0.151949712254946 0.156354959164221 0.138404124307536 0.00209542371660185
0.120550609005392 0.155324357513041 0.0182607642525473 0.388317683783926 0.0357485442736806 0.01796966006195 0.263828381109463
0.0947832395582236 0.187274008989025 0.172310700828091 0.154517303646092 0.107665260836921 0.155444122965455 0.128005363176192
0.0978094535921974 0.040606641780525 0.0131806988610526 0.541252988185679 0.227241005691874 0.075827658274373 0.00408155361429903
0.0504606009231453 0.219036196934146 0.0377662795021284 0.158212544672058 0.0895510665344967 0.220694511404035 0.224278800029991
0.0319868396318922 0.0926589296758053 0.0583489045901236 0.118382209250885 0.118932210881097 0.438759219474155 0.140931686496042
0.245644006865932 0.0789547046641246 0.0566082436440036 0.330227251057173 0.0153832159810894 0.246502413606718 0.0266801641809587
0.128796046046933 0.127457828691342 0.192290843539969 0.0818314573075948 0.0972671448502398 0.223657851299593 0.148698828264329
0.184533768135205 0.146016405513159 0.0962308620676774 0.0044010386188588 0.134628651010115 0.232472189578657 0.201717085076327
0.190846038300085 0.103497210374728 0.242370781954015 0.0289376901712611 0.230829128925646 0.0839563867316528 0.119562763542611
0.143409340265363 0.263281430429565 0.181086064086482 0.00417257410573394 0.231832716654295 0.118757142631889 0.0574607318266728
0.170865225190154 0.215133049006965 0.0227278346239728 0.0792410354792083 0.134696328607755 0.20741877193927 0.169917755152675
0.225270892208738 0.109651543949991 0.00172194660364942 0.103770682386308 0.21400600710418 0.227774467089402 0.117804460657731
0.212683453459336 0.169266673451814 0.0680844211817198 0.20299321059679 0.122457785162135 0.0172490867558388 0.207265369392366
0.163498259667954 0.165620585685262 0.0615814189498803 0.188527835743949 0.149935507829051 0.106519319235017 0.164317072888888
0.144386014982075 0.215358516028958 0.125163345370717 0.223145477940913 0.137218980939481 0.118990052080386 0.0357376126574694
0.257604355452751 0.0936577347638983 0.246462115585814 0.234300819869817 0.0583284780383724 0.0865239679691044 0.023122528320243
0.184944211965901 0.105656601235411 0.256992437061279 0.135921327874423 0.130269132057611 0.158444684697749 0.0277716051076267
0.030825858872662 0.0878278932952604 0.274474206535164 0.0580858179095607 0.0199723794814344 0.249741133262921 0.279072710642998
0.188084362097333 0.0685771235832625 0.141378364017605 0.308774806336522 0.161714062449822 0.100355142391796 0.0311161391236601
0.181920996127357 0.2165424458251 0.0984969127804615 0.0863740456232637 0.189863157882076 0.190338729200619 0.036463712561123
0.186386005955376 0.175029499132313 0.246545393555237 0.120038738426287 0.094944176534273 0.0904709327679068 0.0865852536286071
0.016127499772656 0.227562319549298 0.0199290610457352 0.232420420657577 0.0893407360233283 0.211527157669724 0.203092805281682
0.194538654974805 0.00568732639970434 0.384691308891919 0.0758676321120111 0.223742713303472 0.0812203193827532 0.0342520449353353
0.142243555776469 0.135062928859092 0.145114076218442 0.213370331412093 0.150828013573272 0.0108325402864268 0.202548553874205
0.194036742855909 0.223584177283945 0.065506219060832 0.187807297368004 0.0562459603655891 0.204634641528176 0.0681849615375453
0.209734976414022 0.0906331909954722 0.165668490722756 0.153777743210235 0.244746116343947 0.12752234395775 0.00791713835581822
0.0369068055312865 0.156308206509293 0.242096388269332 0.148380557783165 0.159763560737736 0.039203308355237 0.217341172813951
0.165667877554495 0.119435491654617 0.120372820783198 0.182112202991059 0.111415389810473 0.106825654890182 0.194170562315976
0.0726955384921856 0.105204910060626 0.150278092233002 0.146394950489536 0.175799355318203 0.186356215833931 0.163270937572515
0.0592251014335675 0.146564397332528 0.118827515520198 0.114868882917737 0.16764382395653 0.341734855401266 0.0511354234381744
0.271222525828642 0.115580532398322 0.265708527335507 0.0932685598789381 0.127541599225064 0.106457867696098 0.0202203876374293
0.0242165669347324 0.208011249465554 0.0225528786616182 0.194414716380234 0.273914707680983 0.0117785935016846 0.265111287375193
0.144557023807924 0.0682196271192915 0.120353222262545 0.0953557479835458 0.139738314602052 0.178606466353015 0.253169597871627
0.117096769389603 0.114529417617498 0.208953641442494 0.165537977500598 0.180012090406459 0.161097641484031 0.0527724621593169
0.291668700109124 0.283550026556847 0.131415153778474 0.0616829061238052 0.101255262138159 0.094569244655272 0.0358587066383183
0.0773469745089359 0.169528272560072 0.291293408047664 0.246741919188654 0.0662551870965506 0.0186037790780863 0.130230459520037
0.222423169217344 0.200598807806596 0.0389482736799671 0.224159175158955 0.13237034175216 0.0218459208089973 0.15965431157598
0.257825883940079 0.10176093858693 0.0642317124560423 0.171891755535937 0.0526912881357814 0.0833981015061199 0.26820031983911
0.0841474980196304 0.200062173742685 0.117730101808001 0.166945460051868 0.0865250002282119 0.159376510699747 0.185213255449856
0.152344632770293 0.0317249806682449 0.213131090913208 0.186503446804922 0.151131272412918 0.202060834539974 0.0631037418904395
0.259513570879754 0.0638365592128879 0.00343869787444181 0.0773733507369583 0.100460550765925 0.249270527039444 0.246106743490589
