0.274453993221745 0.147101181992063 0.194415957841327 0.384028866944865
0.166661841393221 0.309540551890275 0.186808699206641 0.336988907509863
0.210989802859192 0.191039787660206 0.28840987088265 0.309560538597952
0.205508492329143 0.526611323636239 0.0693498104891119 0.198530373545507
0.230879679851867 0.0861600185164046 0.274035574711752 0.408924726919976
0.213285901363745 0.136701579386871 0.289294285777266 0.360718233472118
0.00656476763199522 0.388920546368232 0.186747125103146 0.417767560896627
0.251313135639925 0.211023256418049 0.435292387770842 0.102371220171185
0.0223793068954401 0.301334884827518 0.0138565131983123 0.662429295078729
0.142708641222228 0.260618443564808 0.320076802505314 0.27659611270765
0.118610300656584 0.0349246154041686 0.175274379013554 0.671190704925693
0.159789906372448 0.371893000427647 0.224811965829079 0.243505127370825
0.252333808316473 0.359025049501627 0.178125289160607 0.210515853021293
0.450029795451392 0.191844334167124 0.0270103131034739 0.33111555727801
0.449998607804706 0.0377774556243584 0.38640442992643 0.125819506644506
0.0697623328806176 0.0971321116726038 0.41610608428327 0.416999471163509
0.298531855734205 0.287873215940187 0.208889200341546 0.204705727984062
0.16536448175263 0.16575871932449 0.184230510585333 0.484646288337547
0.301170615826875 0.233466665684168 0.133470887739698 0.331891830749259
0.160297787592063 0.33640484108248 0.0583102903474571 0.444987080978
0.422511639535729 0.326655161254554 0.172906981910928 0.0779262172987887
0.182562786931277 0.291224205741055 0.0802402027236655 0.445972804604002
0.279296320132506 0.0287018946137499 0.412057618434678 0.279944166819067
0.319670966033355 0.356606634381187 0.240043228738882 0.0836791708465765
0.215595003351661 0.510823236385712 0.163843632036219 0.109738128226408
0.239507129990515 0.518752124421945 0.240141594296849 0.00159915129069082
0.469618892642386 0.255733722136087 0.0220381611128294 0.252609224108697
0.263948496908659 0.158252435637912 0.296346625773732 0.281452441679697
0.262141374545116 0.503564724837174 0.0758926164550377 0.158401284162672
0.171969440133807 0.0706723985874849 0.339432948872056 0.417925212406651
0.268895131117805 0.303328486031825 0.207370109166315 0.220406273684055
0.110860183725102 0.40106161330589 0.378904870338837 0.109173332630171
0.159759373251556 0.749405720560022 0.0229601631284347 0.0678747430599872
0.653823863966684 0.181982101468185 0.135369391110066 0.0288246434550647
0.256408229840334 0.050213755464823 0.582851564241679 0.110526450453163
0.0540226595470722 0.310996896245863 0.296973058162983 0.338007386044081
0.338829450113376 0.095160084681669 0.167136450965167 0.398874014239788
0.189236168637532 0.0673270402906723 0.429992512570933 0.313444278500863
0.485353687596593 0.110806254141496 0.395816258015265 0.00802380024664566
0.370734080217513 0.229677089857295 0.00448724921525637 0.395101580709936
0.244293288403729 0.311169964190089 0.100595183310892 0.34394156409529
0.271239433537941 0.168290406336544 0.332389595237874 0.228080564887642
0.391229021164589 0.099648358739339 0.148927953162829 0.360194666933243
0.300535889810169 0.312098500147787 0.0910720666605463 0.296293543381498
0.303436518228774 0.269790976583796 0.121821725514796 0.304950779672635
0.31622765892579 0.231429883424058 0.367309841843738 0.0850326158064144
0.476455364262221 0.0900432794819168 0.308549694480525 0.124951661775337
0.331457787658381 0.329226371413703 0.280843203141283 0.0584726377866326
0.331353714253701 0.297166696328167 0.317625285929807 0.0538543034883245
0.449814170170024 0.545356756415186 0.00155499719277948 0.00327407622201077
0.271172892496323 0.29992355770435 0.07946786901309 0.349435680786237
0.320630773052533 0.30487329448513 0.177814427921204 0.196681504541133
0.0845571180215468 0.507799643294414 0.331629893199165 0.0760133454848743
0.0969728425580636 0.459164232195983 0.249376516353751 0.194486408892202
0.188464144412399 0.337922733433054 0.24385246515195 0.229760657002597
0.08607629887245 0.691125814619283 0.0531847974060887 0.169613089102178
0.0772961386865724 0.675834097064518 0.190077317259663 0.0567924469892472
0.150771900585627 0.0823541078738257 0.139073794358121 0.627800197182426
0.54129799006428 0.0915021020142042 0.052667889255467 0.314532018666048
0.0862409049804067 0.029918131750392 0.41535908309198 0.468481880177221
0.0376385224758243 0.379015766393402 0.232524878910039 0.350820832220735
0.281339084372264 0.298831217515718 0.265813190174246 0.154016507937772
0.223135268326874 0.297895884173724 0.0457057184404571 0.433263129058946
0.215425040147674 0.0709034853008759 0.346435225363553 0.367236249187897
0.228718537362756 0.108886804315564 0.404247068470074 0.258147589851605
0.322452395811222 0.0825484752828665 0.387535773963281 0.20746335494263
0.274579525264652 0.217389762219416 0.205663359900677 0.302367352615255
0.0794696217869778 0.489733543893641 0.186496963736203 0.244299870583178
0.154498751038938 0.254539133626624 0.364293470823874 0.226668644510564
0.155439664278937 0.317391635370661 0.133462706001564 0.393705994348838
0.22889837561275 0.144206260473199 0.015904477097117 0.610990886816934
0.653158722968212 0.0291447857666662 0.247020603172766 0.0706758880923559
0.273639649702444 0.470852998301915 0.109945849629871 0.145561502365771
0.0945785345832518 0.0165363057810286 0.422811153050187 0.466074006585533
0.0896963890305677 0.228099624084841 0.386853548796007 0.295350438088584
0.209457206862202 0.538544843791542 0.194919811020302 0.0570781383259539
0.170934977716346 0.400589219870928 0.26372372677091 0.164752075641816
0.288262669163298 0.25237819286131 0.0803069100349469 0.379052227940444
0.286539107912076 0.00495206516848647 0.142601907480572 0.565906919438865
0.437526842795067 0.391671594181487 0.0998537911940567 0.0709477718293896
0.28561694137863 0.125474712556689 0.233436099978757 0.355472246085924
0.307107516852087 0.127888830242615 0.319089272733187 0.245914380172111
0.00438990165001757 0.462802094763548 0.352455149514757 0.180352854071677
0.691550468022856 0.150977377531728 0.00906805923659139 0.148404095208824
0.317134672443267 0.402607252371724 0.101156392287874 0.179101682897135
0.135914064546972 0.408978292833168 0.070268199912452 0.384839442707408
0.280163637378209 0.338143383329529 0.191757517174747 0.189935462117515
0.0551608293626238 0.119176959386562 0.671664801519813 0.153997409731001
0.0424621887972179 0.220678573628214 0.384975789543632 0.351883448030936
0.031775511466969 0.293754951895222 0.610992033155726 0.0634775034820828
0.384107942222411 0.22631702213239 0.287564756280424 0.102010279364774
0.00834285598215531 0.222994341822593 0.36259631067737 0.406066491517882
0.261982330863952 0.358156106250521 0.131096107807749 0.248765455077779
0.268092080555279 0.443887310410802 0.113568477234058 0.174452131799861
0.275389749300432 0.369447477533118 0.100318089622849 0.254844683543601
0.34423274483776 0.127193757997773 0.208292179082515 0.320281318081951
0.44758840962344 0.288980244572465 0.0851121914405859 0.178319154363509
0.295061326418229 0.60761638455888 0.0200870613679938 0.0772352276548968
0.00918619616467396 0.360839208432051 0.357986705922185 0.27198788948109
0.162935661191431 0.434660152437805 0.0650702435533278 0.337333942817437
0.297232436774923 0.214595731361719 0.258237465502098 0.229934366361261
0.460834817620358 0.0210521173288211 0.3472052511451 0.170907813905721
0.0936858686083372 0.460587927565862 0.296995686517193 0.148730517308608
0.353480434918296 0.137265298996624 0.252878575656539 0.25637569042854
0.354223711127201 0.291200527465109 0.142143090649153 0.212432670758536
0.303345542454313 0.378713001377105 0.015218383220095 0.302723072948487
0.511781617166102 0.0177830126984401 0.405154774942196 0.0652805951932612
0.299555975822655 0.393321169419932 0.102074509155061 0.205048345602352
0.263481102117598 0.306589288543756 0.125948616377438 0.303980992961209
0.322479032637286 0.29461274866735 0.0893986210751557 0.293509597620208
0.321219263477473 0.249495746264948 0.0536331931618709 0.375651797095709
0.118874762453485 0.0856322294486777 0.439211005192144 0.356282002905694
0.169133147488555 0.399188871926024 0.0731274849669605 0.358550495618461
0.043590974269494 0.19248396448684 0.464411289809276 0.299513771434389
0.354145975521285 0.354456127949929 0.228768991959687 0.0626289045690989
0.282205688785536 0.336283377565084 0.139991188868385 0.241519744780995
0.178416974112784 0.319251990081417 0.263359583241344 0.238971452564455
0.271743283297973 0.00170839265769109 0.264879879671766 0.461668444372569
0.037025267207177 0.735793703814536 0.0797014528991932 0.147479576079094
0.0851432142159995 0.39493213836701 0.345183868759365 0.174740778657625
0.347196525658073 0.218017977003043 0.183717089219373 0.251068408119511
0.279000519245414 0.181010317461038 0.199234932094301 0.340754231199247
0.250711553849314 0.298672979228657 0.361565750967242 0.0890497159547869
0.0639833345952901 0.141329452541643 0.502030622290811 0.292656590572256
0.265457216893518 0.255406680608225 0.131056982840804 0.348079119657452
0.229024690212501 0.271116375922274 0.248282071198659 0.251576862666566
0.393411204182887 0.0981050388908233 0.246244272146371 0.262239484779919
0.424116166273978 0.131713763222101 0.0881971700787643 0.355972900425156
0.334146388418375 0.225488490929586 0.193948933818993 0.246416186833046
0.0125008631637096 0.452448289951597 0.333746201232311 0.201304645652383
0.334806712920111 0.274295027093591 0.0755877665885584 0.315310493397739
0.080605753148617 0.327522508799927 0.233225384548324 0.358646353503132
0.232804004683222 0.220941852924302 0.351472595015969 0.194781547376507
0.496076325919064 0.252521042693304 0.231016608621735 0.0203860227658966
0.199495642047853 0.239776957061929 0.300110037189263 0.260617363700955
0.266340789414959 0.331962306204663 0.00106711177170518 0.400629792608672
0.189160516234256 0.367382753845714 0.39017591032049 0.0532808195995401
0.273960289573247 0.267698281764697 0.258552264646714 0.199789164015342
0.407852720388643 0.226135714611288 0.0362956781592047 0.329715886840864
0.333658126101769 0.13647245526757 0.2238581396239 0.306011279006762
0.430817511057076 0.203687945091218 0.0862589488631527 0.279235594988554
0.241216389866027 0.593782366388927 0.0909499041764708 0.0740513395685757
0.325555236810629 0.0800056991516939 0.343974230921322 0.250464833116356
0.381441599201195 0.137787037166805 0.310630807623166 0.170140556008834
0.278134859410099 0.119770214320875 0.15951890033308 0.442576025935946
0.0659024309330299 0.413871875464934 0.213544505880004 0.306681187722033
0.179324122812104 0.354320236883947 0.180692415198783 0.285663225105166
0.276724420886631 0.222104292832348 0.164148902997588 0.337022383283434
0.151277827016906 0.239354584187277 0.444054131086417 0.1653134577094
0.261496290273654 0.303762933081523 0.427439219266599 0.00730155737822447
0.601771106753936 0.187915469369069 0.204802704862836 0.005510719014159
0.155650593160438 0.436306235571213 0.407580630597281 0.000462540671068207
0.0278752025006327 0.213355555013248 0.442123902606982 0.316645339879137
0.0950623667927315 0.287969229800388 0.295887133290998 0.321081270115882
0.342799898455565 0.156780376113593 0.312506816492032 0.18791290893881
0.05421973166076 0.35156322911106 0.381170892334544 0.213046146893636
0.399768917387503 0.2217345058693 0.0532872822310321 0.325209294512165
0.283833760035997 0.113935987523264 0.281886898578526 0.320343353862213
0.334010037292723 0.281626451664343 0.333843262391027 0.0505202486519066
0.222778337598258 0.127044581970803 0.444385055928705 0.205792024502233
0.201983134933721 0.504298969857295 0.0790851238430066 0.214632771365977
0.210253762760195 0.190307594816633 0.447240769142898 0.152197873280274
0.0714152793713896 0.276342758422291 0.0607997933306154 0.591442168875704
0.103455202036979 0.393083701576276 0.412315231068101 0.091145865318644
0.164456926122611 0.253529773078216 0.25758019653424 0.324433104264933
0.213084997225111 0.277785313130621 0.292566005437727 0.216563684206542
0.308821570496082 0.325240469509268 0.303872111663414 0.062065848331236
0.39537304644857 0.132064783650358 0.228910076783617 0.243652093117455
0.252025751098185 0.24092386392009 0.44838190795719 0.0586684770245349
0.2766414241708 0.240142686556579 0.283581918518198 0.199633970754422
0.196193428490141 0.304362042539199 0.0930636187635566 0.406380910207103
0.25009801366272 0.140301778500157 0.188877549692039 0.420722658145084
0.390426925585089 0.0859971420614341 0.406050850197769 0.117525082155708
0.0906444970516233 0.282882381127643 0.392132279412101 0.234340842408633
0.493449583056729 0.0175273337333515 0.470536119685169 0.0184869635247511
0.314416758222652 0.144241023933076 0.261457658008009 0.279884559836263
0.149144949256053 0.435752824524205 0.0464287502322131 0.368673475987529
0.177604666021887 0.74019117355099 0.0695139032469517 0.012690257180172
0.418310999667511 0.28513625419916 0.126655209551467 0.169897536581862
0.250995900936192 0.437258066709192 0.196148048948116 0.1155979834065
0.3926530927265 0.0918839576690024 0.1341581490259 0.381304800578598
0.305477753891456 0.0423863621733273 0.215362696985144 0.436773186950073
0.223696082975676 0.271689256516733 0.304257370700944 0.200357289806648
0.532384965655787 0.360804504830158 0.00602323187897955 0.100787297635076
0.165867348941075 0.159733200602128 0.283256245396563 0.391143205060234
0.401939890270875 0.224606425607629 0.0682286342323621 0.305225049889134
0.49318128447156 0.0434790051298549 0.306374895612886 0.156964814785699
0.321474103927222 0.146351462500285 0.16171280525495 0.370461628317543
0.192090587236349 0.399985140777081 0.24881684690994 0.159107425076631
0.193539624181964 0.0645358752463749 0.389774792505449 0.352149708066212
0.267442884899867 0.169938332349454 0.32915680610289 0.23346197664779
0.632327056509799 0.245762574194802 0.0874408648722599 0.0344695044231397
0.0783438834983455 0.115309733441333 0.225855119821474 0.580491263238848
0.27037558603947 0.231463022645816 0.143660521829816 0.354500869484898
0.288757003185203 0.0464926864180174 0.271286419115385 0.393463891281394
0.486916260253842 0.248400978704287 0.207756238166093 0.0569265228757785
0.245417496556625 0.376151792909291 0.210798552868515 0.167632157665569
0.0779960388934342 0.322035979654733 0.152930107243097 0.447037874208736
0.22338124843369 0.288646350396016 0.276435470184122 0.211536930986172
0.173971071269201 0.157123155979367 0.298199480665728 0.370706292085703
0.291083102106989 0.197578817324347 0.310707987665801 0.200630092902863
0.503636398810678 0.104181694006489 0.201336145044916 0.190845762137918
0.180309932361927 0.383790486475916 0.361615901704117 0.0742836794580403
0.463293242917998 0.0727946964915057 0.305511273250522 0.158400787339974
0.260221040638432 0.0800704888689126 0.37907605826779 0.280632412224865
0.088509078565264 0.146209029270728 0.288047146431179 0.477234745732829
0.285294340499929 0.0938589151217459 0.254733035837256 0.366113708541069
0.0274441981563254 0.352621109268495 0.270718174872576 0.349216517702604
0.362593904458867 0.327208841490352 0.116574302805725 0.193622951245057
0.155856546116235 0.142111564653147 0.278819219174903 0.423212670055715
0.337775885446971 0.142595933445352 0.270488830314148 0.249139350793529
0.399455626337346 0.145100448825464 0.409401677834491 0.0460422470026992
0.449118801785984 0.0896618738948147 0.0571603625421816 0.40405896177702
0.649682223862165 0.0463493761211593 0.180551749042321 0.123416650974355
0.410268617956435 0.195407755438564 0.0581491270888816 0.336174499516119
0.344153015487112 0.0962307687643512 0.261211417238065 0.298404798510472
0.255485146523875 0.301059296514528 0.35453068881359 0.0889248681480079
0.287738349884497 0.262444904767217 0.269303956060784 0.180512789287502
0.0723043730941621 0.00967743951408724 0.339400630552392 0.578617556839359
0.0592124338692858 0.317303309301326 0.422552010086336 0.200932246743052
0.235812173696689 0.252051266601805 0.41379385893747 0.0983427007640352
0.153014398409141 0.321358514628885 0.284076504312384 0.24155058264959
0.163821196967326 0.245095533756396 0.227973403112349 0.363109866163929
0.279533970763655 0.242841454992486 0.272651673132526 0.204972901111333
0.287215388453537 0.205572940922435 0.272320286369237 0.234891384254791
0.441424811161355 0.0671298191110542 0.159218203341984 0.332227166385607
0.0584321441937393 0.25358009205191 0.386580548204168 0.301407215550183
0.293674902052318 0.132439602340506 0.26122430233997 0.312661193267206
0.210942279166314 0.15207815752213 0.402800841042904 0.234178722268652
0.4321800207316 0.286717296521414 0.0619344784962468 0.219168204250739
0.278964264573666 0.187419677207941 0.294980183524757 0.238635874693637
0.263702644671671 0.100797155755486 0.256176029431156 0.379324170141687
0.166765959208628 0.290888964020276 0.161303430990376 0.38104164578072
0.230570969487722 0.269488874384217 0.300212817997343 0.199727338130718
0.365824765817523 0.000341482636124044 0.416928147918655 0.216905603627698
0.0265443917036196 0.287843208946751 0.240440343542676 0.445172055806954
0.145259785548963 0.375891020173553 0.284900702502603 0.193948491774881
0.257177314352467 0.15155695396992 0.0874521379279467 0.503813593749666
0.143171011862501 0.318236337655444 0.240596757319444 0.29799589316261
0.164577611299269 0.232945915306529 0.353855711027435 0.248620762366767
0.0731243652534899 0.351968223851167 0.0244531115676367 0.550454299327706
0.240133565115934 0.263738445977904 0.373867623827601 0.122260365078561
0.692596459546336 0.195257792602343 0.0350751979322302 0.07707054991909
0.115261999814072 0.309054700857553 0.292188172889973 0.283495126438402
0.520149513781107 0.249362157742314 0.101101144192864 0.129387184283715
0.1691980095184 0.297069208556912 0.283385616438745 0.250347165485943
0.125364701083767 0.146469931642948 0.376031613622548 0.352133753650737
0.379253300619054 0.205825948823405 0.105923861957299 0.308996888600242
0.292871147426619 0.247399464278641 0.342157964470627 0.117571423824113
0.118680333340009 0.561029634711514 0.232462344888454 0.0878276870600234
0.0656753667356969 0.366034003402764 0.383073344452933 0.185217285408607
0.295566711086918 0.136062032096662 0.239442563033676 0.328928693782743
0.297095710416679 0.01665544183421 0.358842298182425 0.327406549566687
0.411922484640587 0.106655608471391 0.178498226418018 0.302923680470004
0.416839378393646 0.0996843421871166 0.446263609802925 0.0372126696163129
0.0705729637306276 0.0265201806498344 0.540981154846553 0.361925700772985
0.280099429836512 0.28706022647693 0.269422670327237 0.163417673359322
0.441595940296972 0.282287794556541 0.255435589084973 0.0206806760615145
0.251600949033567 0.441570841605158 0.0165380574648905 0.290290151896384
0.328591773872611 0.14664389474179 0.440299574198512 0.0844647571870874
0.360158139912275 0.33202312911513 0.266631274518539 0.0411874564540569
0.366369839671062 0.0622148647437955 0.187621307583375 0.383793988001768
0.299996138087447 0.187231737838466 0.325703459282652 0.187068664791435
0.254954411081104 0.256838423593128 0.276482639802372 0.211724525523396
0.326336895517943 0.0285628341382797 0.478252263398321 0.166848006945456
0.358482301070759 0.250397828910018 0.174594208353308 0.216525661665914
0.290095241457439 0.254837251951341 0.388986172246735 0.0660813343444855
0.257808078192778 0.182841463630409 0.301408502873056 0.257941955303757
0.242909356198657 0.246152160227671 0.344321765456894 0.166616718116779
0.30492834207307 0.411913652012886 0.175358754438571 0.107799251475473
0.193897713908169 0.243039301875296 0.390409965650416 0.172653018566119
0.236365693526816 0.375663937308891 0.0549452359200582 0.333025133244235
0.538771958376283 0.179081194855202 0.240002528369787 0.0421443183987277
0.280151198559365 0.247712774428349 0.42572502036667 0.046411006645615
0.309036376988262 0.270916015894433 0.165444763889669 0.254602843227635
0.0247587602748399 0.254169198001054 0.535790717360521 0.185281324363585
0.21359552042875 0.0495921381772554 0.372633057339679 0.364179284054315
0.279259440253763 0.218455638036566 0.0582638223478003 0.444021099361871
0.283957444591641 0.0501700841812129 0.306658032350727 0.359214438876419
0.452767799559379 0.226407504656662 0.201097419216218 0.119727276567741
0.286513450257141 0.252631916573817 0.23163630189678 0.229218331272262
0.206529498777742 0.110090545987506 0.374266297939592 0.30911365729516
0.0964130572654497 0.124535439711624 0.315899593272934 0.463151909749993
0.254872901723228 0.277190216441561 0.256530915759459 0.211405966075752
0.240765865068369 0.248602484433645 0.24649098956684 0.264140660931146
0.296622189281313 0.308161057404454 0.241449084027147 0.153767669287086
0.215472460888066 0.196803111740631 0.275745384194559 0.311979043176743
0.261299488046502 0.270915952303838 0.0977592461867709 0.370025313462888
0.361913877366678 0.330659870475137 0.263239557105506 0.0441866950526801
0.228209286103418 0.128873010769561 0.286843202946011 0.356074500181011
0.217375167152625 0.36579571217358 0.249600825023646 0.167228295650149
0.169992048400942 0.332463805785172 0.287534202839668 0.210009942974218
0.22576074950713 0.256950252031102 0.476469097808347 0.0408199006534209
0.349317466984667 0.313279169429887 0.104626314871953 0.232777048713493
0.0994056033752516 0.455845727206266 0.409080644847518 0.0356680245709645
0.404713110169017 0.053004098242741 0.258685374976617 0.283597416611625
0.294483941752433 0.425724399440546 0.10013231042044 0.179659348386581
0.269875892475177 0.383186719818242 0.278242384117549 0.0686950035890312
0.0140150214720978 0.506955547361646 0.18804061794146 0.290988813224796
0.16059454520239 0.322877177948958 0.326644247072091 0.189884029776561
0.119622200735504 0.0913983010260016 0.530106080598653 0.258873417639841
0.217539747845333 0.249240620415589 0.127368312288944 0.405851319450133
0.0218407707109617 0.174739776766165 0.369132416412453 0.434287036110419
0.276762939189753 0.252139593086343 0.0345030606428404 0.436594407081063
0.214659682061023 0.37971225572618 0.0594536630917997 0.346174399120997
0.293515536486806 0.361724824634222 0.14651530652853 0.198244332350441
0.344534847080025 0.360775677631772 0.0494981741776826 0.24519130111052
0.361756884177214 0.312716800207255 0.247394348707944 0.0781319669075872
0.00809939428145688 0.217532145657015 0.642994162725199 0.131374297336329
0.0139869120013645 0.429966022722195 0.432167740043882 0.123879325232559
0.435652616643255 0.143475800906595 0.0335237085257302 0.38734787392442
0.363394994575992 0.12300810141388 0.291733920231806 0.221862983778322
0.190810784927621 0.370106040750061 0.100290504674545 0.338792669647772
0.222424438177251 0.279287765734905 0.0389131964583358 0.459374599629508
0.149313311315097 0.420137672386885 0.0298112661827637 0.400737750115255
0.267874814019646 0.379951401346692 0.161726872455354 0.190446912178308
0.21390896925142 0.311304933878469 0.208010480433632 0.26677561643648
0.249597052683785 0.274767259652946 0.220074325401487 0.255561362261782
0.552993778086093 0.079392637944459 0.0458183821877825 0.321795201781665
0.451933370397442 0.0875502495217963 0.376349761522115 0.084166618558647
0.19851836343718 0.34101373122661 0.38703663202365 0.0734312733125596
0.0807930775769734 0.315276704373073 0.171337413712596 0.432592804337357
0.0271888343730242 0.338540399615522 0.300300359893855 0.333970406117598
0.0754689570978958 0.380613410428686 0.317971831326595 0.225945801146823
0.394318385562889 0.322569939791718 0.0584374735453007 0.224674201100091
0.258353375194169 0.218635469854073 0.180919165663093 0.342091989288665
0.0647281532586619 0.336767415827941 0.294388834342509 0.304115596570888
0.260598803422229 0.357452998898116 0.00819202986296526 0.37375616781669
0.325377916288052 0.203418586129277 0.169101928881183 0.302101568701488
0.686108494412079 0.11859424973788 0.146253074047271 0.0490441818027698
0.550431717071195 0.01019405995375 0.289755239535241 0.149618983439813
0.253372808113072 0.356620664627627 0.171778706094029 0.218227821165272
0.352727820501041 0.159963407093793 0.20838141632763 0.278927356077536
0.299054001751959 0.260595556060618 0.394856924685823 0.0454935175016004
0.144137863475699 0.179152282030343 0.345596547547144 0.331113306946815
0.269915209772643 0.0491360845794727 0.189023453306155 0.491925252341729
0.179075577316439 0.544533445985185 0.254633445451901 0.0217575312464755
0.393505126496312 0.391132369464396 0.013703656090853 0.201658847948438
0.125985649868086 0.323159359644651 0.275991121952733 0.27486386853453
0.196444986980727 0.266040249686734 0.436829992730036 0.100684770602503
0.239706210108092 0.285260473612093 0.457155133488728 0.0178781827910864
0.0988008761386315 0.350599074969019 0.119077680505578 0.431522368386771
0.320090295301029 0.279487082062046 0.000248134688185101 0.40017448794874
0.25526459323579 0.410851131014139 0.195722974579766 0.138161301170305
0.0392219291572094 0.11829893533102 0.327952455637625 0.514526679874145
0.278771663847879 0.19690624276769 0.283103593456797 0.241218499927634
0.138295768157341 0.210610621358608 0.474821737579366 0.176271872904686
0.129927912938468 0.3648745387441 0.163591873779295 0.341605674538136
0.554215771272804 0.107248122912523 0.309825515547989 0.0287105902666844
0.328411763592407 0.331848600147652 0.018177070204177 0.321562566055765
0.418552643814494 0.0351766101297315 0.369629773599017 0.176640972456757
0.17857876854339 0.378126429656285 0.318366816354483 0.124927985445841
0.298410924894726 0.421185925237275 0.168012055245581 0.112391094622418
0.0438228619618075 0.233373403026588 0.046181853823077 0.676621881188528
0.402687394844767 0.361082926006243 0.168772098503872 0.0674575806451178
0.38058138752196 0.0617720768459014 0.21039670158146 0.347249834050679
0.412075870330674 0.258207024101635 0.0713090091797095 0.258408096387982
0.152449332976122 0.490357514066218 0.250063147429046 0.107130005528615
0.553953915898146 0.261779158192394 0.0978901555456985 0.0863767703637609
0.362021518859125 0.40662304413069 0.105183880399979 0.126171556610207
0.240314504463379 0.201766567434331 0.425116459845448 0.132802468256843
0.357169786532951 0.152800652013612 0.373636685087505 0.116392876365932
0.435264922351684 0.184150437938381 0.197882360674616 0.182702279035319
0.120305228201897 0.163095852962558 0.445986455832783 0.270612463002762
0.0614206891835886 0.25774993188138 0.309731004607929 0.371098374327102
0.136458850220434 0.396941075208984 0.202318179320055 0.264281895250527
0.179813995225536 0.266548945088655 0.276571444107077 0.277065615578732
0.419504023228817 0.128642432848293 0.230627718973626 0.221225824949264
0.104259813276087 0.153137951369729 0.461431861847354 0.281170373506829
0.241759118598462 0.642910458568185 0.0789833704110328 0.03634705242232
0.340769129373922 0.372934957206726 0.00325232263843872 0.283043590780913
0.562585611174589 0.227539122629381 0.0456997413243455 0.164175524871685
0.224138410872855 0.186457998925874 0.257727162381265 0.331676427820006
0.0771504578117887 0.325182692473909 0.360282519384365 0.237384330329937
0.396441033341472 0.228514494421823 0.328391510357276 0.0466529618794291
0.378333297485414 0.0885937938134727 0.153760655256676 0.379312253444437
0.488746437516968 0.276315721091986 0.0188807837013471 0.216057057689699
0.541919405765864 0.23650195820031 0.0846581141386212 0.136920521895205
0.0963597649762744 0.40684470387245 0.449328837242274 0.0474666939090016
0.185700384423995 0.344985804009061 0.166854370596917 0.302459440970026
0.306179057849069 0.169568225707543 0.498355347266585 0.025897369176804
0.193124394438497 0.066496683851484 0.392070442641457 0.348308479068561
0.563976437795216 0.252113035636058 0.0507182113113741 0.133192315257352
0.252711328212979 0.303400034628187 0.173674566511829 0.270214070647004
0.326881313237267 0.187870265523014 0.236462192088186 0.248786229151533
0.157897012211953 0.253798714606028 0.20273291073288 0.385571362449138
0.0393989886035412 0.47161143349184 0.223630431595 0.265359146309619
0.300798690322063 0.327744330899723 0.204155859997867 0.167301118780347
0.14131617607405 0.259144117833467 0.439050494280186 0.160489211812297
0.339605471800123 0.31281513241323 0.163120734460274 0.184458661326372
0.335895487450322 0.0535667395610285 0.28078995758028 0.32974781540837
0.444191060190616 0.221992873325049 0.0173780568349773 0.316438009649357
0.393497901382125 0.106330144691945 0.358432849664538 0.141739104261392
0.241426404815505 0.285820934498048 0.270545915079809 0.202206745606639
0.209003165785305 0.227780046955222 0.445412799681563 0.117803987577909
0.30922068381836 0.213421359294093 0.269276040811992 0.208081916075554
0.00460537126259696 0.527228817521562 0.429868830221984 0.0382969809938563
0.0494325235952035 0.376345042800996 0.337966284363884 0.236256149239916
0.362164378269267 0.231433530655002 0.318227212475256 0.0881748786004755
0.248866292733052 0.250523001087925 0.476530831737513 0.0240798744415097
0.191274962278008 0.306589600960134 0.218074312539516 0.284061124222342
0.213581178911442 0.566065867335093 0.188948592505363 0.031404361248102
0.106500068048723 0.556740179553704 0.236580812894302 0.100178939503271
0.229973653143446 0.354479320397101 0.341888132992021 0.0736588934674327
0.264672577604507 0.309535557830338 0.375966591953054 0.0498252726121012
0.0841152325683981 0.183076405886657 0.245723481534617 0.487084880010328
0.017899448178269 0.312363921889186 0.37932949604751 0.290407133885035
0.615678658062876 0.0267598598273456 0.265026636506778 0.0925348456030009
0.150725333485338 0.247384569919923 0.303377380246949 0.29851271634779
0.0863606313052021 0.252203050001576 0.435715295787005 0.225721022906217
0.0569068343438065 0.174854217438 0.291156182655903 0.47708276556229
0.296675823329674 0.336227435136546 0.267357633234633 0.0997391082991473
0.412654720535231 0.133656356723108 0.309272234925334 0.144416687816327
0.15655519417666 0.391328407631937 0.000427367001290713 0.451689031190113
0.194861448962743 0.370057392534867 0.308348380843895 0.126732777658495
0.403274581257607 0.192967349154693 0.101222439229397 0.302535630358304
0.359324942141332 0.278614134056581 0.173943503355164 0.188117420446923
0.483907194394286 0.0556641358836923 0.113640762333551 0.346787907388471
0.198545198225548 0.204711494086479 0.245414234494416 0.351329073193557
0.22276629799608 0.376690003567187 0.0370304139162262 0.363513284520506
0.506195920186513 0.0174018165354154 0.436016776835098 0.0403854864429731
0.263719198458212 0.337761191271918 0.328237441469096 0.0702821688007739
0.182977057890671 0.000582589351389369 0.0697433082367886 0.746697044521151
0.316829353030767 0.252149306456504 0.22979885536206 0.201222485150669
0.285608998600388 0.0832823086622853 0.334582181431075 0.296526511306253
0.224584705849581 0.330865072245255 0.0695288482784643 0.375021373626699
0.085133481805956 0.143714030823994 0.325251276762083 0.445901210607967
0.407715430908573 0.0647996585529833 0.337629691438786 0.189855219099658
0.170265710573575 0.410911323146073 0.220348198897305 0.198474767383047
0.0749715353351395 0.445890226432053 0.118524394856841 0.360613843375966
0.287473441956252 0.282072219372947 0.207777113388451 0.22267722528235
0.114441719169683 0.406592040417915 0.123554982746969 0.355411257665433
0.13365396784198 0.334684827133339 0.289015069091779 0.242646135932903
0.281594492977657 0.13197891471782 0.336529309336052 0.249897282968471
0.539126210829524 0.23205857978362 0.218929252398059 0.00988595698879684
0.127788803385513 0.513970807232063 0.0390890773945493 0.319151311987876
0.0683344022936921 0.390133644894739 0.140120344537882 0.401411608273687
0.529377287712242 0.312298853992652 0.0344865480237116 0.123837310271395
0.326866851198199 0.396237870358132 0.0218836913985628 0.255011587045106
0.260575868723894 0.295904468367084 0.161456826481852 0.28206283642717
0.398046092790536 0.237798713176505 0.21983757962699 0.144317614405969
0.330011978647123 0.144393792832777 0.391799938643248 0.133794289876851
0.22084543206682 0.241149979340133 0.437256401456598 0.100748187136449
0.259494237465614 0.190782872575268 0.367666177285298 0.18205671267382
0.213106879460474 0.414072822896894 0.178386244881555 0.194434052761077
0.0630096764479424 0.0819153678987854 0.613975146894453 0.24109980875882
0.0653788089130942 0.226937831353104 0.293384612172522 0.41429874756128
0.349897055686921 0.124852943591715 0.36535189581258 0.159898104908784
0.329704153808531 0.352589786590411 0.260295163225012 0.0574108963760471
0.302102117381476 0.154704926275518 0.215735412788058 0.327457543554948
0.401154093272265 0.209910670919394 0.0625766721453395 0.326358563663002
0.387738693967187 0.135823967956693 0.240730228673276 0.235707109402844
0.0712244820716773 0.367562221152961 0.319746640092749 0.241466656682614
0.182908502601422 0.22759394454892 0.177822756837635 0.411674796012024
0.24463228097538 0.455782891689745 0.0206382866905083 0.278946540644366
0.404175602069286 0.389437121809878 0.157481755416063 0.0489055207047732
0.210379906067274 0.158521011102338 0.322467264680313 0.308631818150076
0.327194679787245 0.153985214183673 0.285768612520325 0.233051493508757
0.346338363013424 0.276246654990298 0.346111715159858 0.0313032668364199
0.452381685432083 0.0433048564138809 0.210919594639097 0.293393863514938
0.232804297928493 0.457698089909808 0.199796870803357 0.109700741358342
0.224270283529028 0.268115691349848 0.259210303850186 0.248403721270939
0.449946262017931 0.192542670827226 0.0028233299310935 0.354687737223749
0.351779567172887 0.268270921126083 0.146153457143493 0.233796054557537
0.293213469580244 0.241131405785557 0.0988871149462192 0.366768009687979
0.318407544127603 0.366583152635993 0.215207691935588 0.0998016113008161
0.419799859111228 0.236581037433884 0.0755214256273482 0.26809767782754
0.382154313681895 0.0635968227939903 0.285447840201564 0.26880102332255
0.163903380916518 0.387089120734054 0.212574439503631 0.236433058845798
0.0699684704124124 0.464885983210171 0.371095545270841 0.094050001106575
0.380312854716457 0.0242555475528657 0.0637592700783796 0.531672327652298
0.241606975331165 0.457476942361793 0.151542353308142 0.1493737289989
0.327128806550798 0.385028271345627 0.130525079705209 0.157317842398366
0.0229556613867716 0.0983471710645801 0.228656276905129 0.650040890643519
0.0660660921278273 0.479267249565633 0.0638078738258608 0.390858784480679
0.455822520154471 0.271469114868508 0.132012795901019 0.140695569076002
0.15777466669077 0.282857659362594 0.363133219280088 0.196234454666548
0.0510883032099692 0.468906592666921 0.0456501335874499 0.43435497053566
0.0581374368552095 0.245991252759895 0.227761454408385 0.468109855976511
0.178256361377027 0.00310879021109244 0.00631160222436366 0.812323246187517
0.0592223045117793 0.335639240285799 0.103559713028854 0.501578742173567
0.0368451871702993 0.373452764641876 0.581250805715956 0.00845124247186848
0.268756658860298 0.169128899336019 0.283978123882663 0.27813631792102
0.0955208710035494 0.423425068371113 0.290133012905653 0.190921047719684
0.189937049696142 0.236805732370461 0.117173056850604 0.456084161082793
0.116646271413188 0.253053842136669 0.388245893481483 0.242053992968659
0.118211332832313 0.322397270612387 0.307946668660843 0.251444727894457
0.303901731195211 0.214229650552396 0.151519473860863 0.33034914439153
0.193330495958172 0.234586134683278 0.192462957889424 0.379620411469126
0.125485355605347 0.272133861712885 0.293224341264986 0.309156441416782
0.275473978584217 0.105303397926097 0.296006392020501 0.323216231469185
0.110018809501041 0.219062871100644 0.258052833831611 0.412865485566704
0.402427380022016 0.103821531772256 0.141567734689592 0.352183353516136
0.192076808802818 0.225988896721032 0.109945927757115 0.471988366719035
0.0318173819244364 0.483367260210076 0.135203900753809 0.349611457111678
0.195630669875774 0.230378799030548 0.333801121952866 0.240189409140812
0.191433216521705 0.214471626546484 0.28908852130408 0.305006635627731
0.328088340845762 0.157971451428909 0.106948077323031 0.406992130402299
0.451634375106914 0.122809360779734 0.39614572233696 0.0294105417763917
0.295934946176114 0.133437801043636 0.111245502616911 0.459381750163339
0.396126242954732 0.0334811956930457 0.435718633291142 0.13467392806108
0.327327475323515 0.357330279594546 0.0542431808269141 0.261099064255025
0.122010859762632 0.104087111091345 0.0810511722094561 0.692850856936566
0.260294595472467 0.0827155637028159 0.0723268514086663 0.584662989416051
0.208620942120978 0.209540421540557 0.271613849098687 0.310224787239778
0.465826390422903 0.144231105081985 0.130448749040735 0.259493755454377
0.176105523825001 0.475147039012761 0.0733188243005909 0.275428612861647
0.455407098664753 0.137363615445776 0.231582921542049 0.175646364347423
0.449758167475517 0.211767042812508 0.0360665660809547 0.30240822363102
0.388993137767214 0.195076638413018 0.292701923348447 0.123228300471322
0.236525458203646 0.332185275586286 0.0550997699115402 0.376189496298527
0.172145616576697 0.379694431766013 0.192380662728114 0.255779288929175
0.207093653447344 0.0249224281550937 0.272642199403429 0.495341718994133
0.25593753165051 0.0613690124852638 0.49168622074963 0.191007235114596
0.242343724393955 0.348270158455021 0.243437522053379 0.165948595097645
0.198913077399557 0.292638295947203 0.357551577596755 0.150897049056485
0.267329878866562 0.121449169592458 0.314126067949999 0.29709488359098
0.205456843661362 0.0665299070256688 0.416582141174792 0.311431108138178
0.0634037418198626 0.111273863191063 0.427869083598691 0.397453311390383
0.0767254264387444 0.223478478584735 0.342381454673137 0.357414640303384
0.364841663038105 0.0353601513534549 0.20080456548799 0.39899362012045
0.118578829635352 0.184957146356837 0.00624369877448863 0.690220325233322
0.267327058065508 0.0126039922439109 0.677217408454556 0.042851541236025
0.365285197027079 0.246778490795814 0.334824272439104 0.0531120397380023
0.225991869515722 0.0835980612786882 0.2659269975392 0.42448307166639
0.0719039593894397 0.269077280940495 0.350081937542694 0.308936822127371
0.15356841603595 0.479168940794782 0.202543407037188 0.164719236132079
0.425005714466852 0.18882814340511 0.0537044981344291 0.332461643993609
0.561519029826607 0.26809815276465 0.0330486046732142 0.137334212735529
0.0648885250815669 0.316829718402411 0.33286508871783 0.285416667798192
0.357029852539221 0.0529776798272893 0.234952839938452 0.355039627695037
0.11964404690489 0.451855643082758 0.132569423052961 0.295930886959391
0.114254445292145 0.296015475021839 0.379084178155724 0.210645901530292
0.0176706056535749 0.387395963959021 0.321958827681321 0.272974602706082
0.325761396891392 0.206939091024755 0.277095538834916 0.190203973248938
0.395490003306743 0.0330084274167401 0.208207600907869 0.363293968368648
0.116386556217527 0.311002956980391 0.120218784330844 0.452391702471238
0.312334362354992 0.192203740877134 0.23706693337708 0.258394963390794
0.243731592008192 0.364574376723066 0.278847775969831 0.112846255298911
0.156725203340062 0.385324186450242 0.449929456114634 0.00802115409506214
0.355143565045677 0.349025467758565 0.229691005589873 0.0661399616058843
0.0477226861087528 0.415784641479044 0.198099213488938 0.338393458923265
0.220485015582393 0.0838963934776439 0.427769035525369 0.267849555414594
0.150403132292335 0.218434358193431 0.264422354389816 0.366740155124419
0.350600075511428 0.244206603413176 0.0389922960792513 0.366201024996145
0.063558691420838 0.267948312465975 0.567973977002651 0.100519019110536
0.346927593903165 0.295319731307798 0.0782441918971574 0.27950848289188
0.238124336002411 0.355961202556636 0.00949468373448014 0.396419777706473
0.500245552824028 0.381898555619735 0.103506500634936 0.0143493909213005
0.345032828580975 0.0271289089556437 0.401554251008412 0.22628401145497
0.181383997274434 0.50483613396197 0.18167088429913 0.132108984464466
0.288937692904269 0.261147938672647 0.136497209740161 0.313417158682923
0.340291979866253 0.199706116523347 0.133216084891906 0.326785818718494
