0.455129032649452 0.0557063930118585 0.138297186434317 0.350867387904373
0.0353355824955167 0.117256738747711 0.302094035160167 0.545313643596605
0.231919426392508 0.282650006666681 0.260495026911548 0.224935540029262
0.106959690140464 0.616437285764099 0.239853682020342 0.0367493420750951
0.34773936553309 0.138936791517238 0.429241394332446 0.084082448617226
0.234580325948929 0.265153763596617 0.0691913345202551 0.431074575934198
0.0305008007797985 0.270347952831412 0.246897787943611 0.452253458445179
0.0646670848259109 0.304873294250893 0.38113884091616 0.249320780007036
0.117614073334956 0.123737784983115 0.536167824189942 0.222480317491988
0.136097642528432 0.140869629141959 0.592274990403511 0.130757737926098
0.000892539144075745 0.173280352002639 0.636245765976758 0.189581342876527
0.0292225460478759 0.509098541019538 0.0138064996909912 0.447872413241595
0.195233215391874 0.280858128220548 0.310771951313904 0.213136705073673
0.123370892319958 0.0858823890102012 0.0748695939087401 0.715877124761101
0.115920446339231 0.251298976115857 0.444551752000227 0.188228825544685
0.429212333220818 0.262592689037626 0.191609347861097 0.116585629880459
0.275555392251406 0.215891190164385 0.261039917142496 0.247513500441713
0.389447870723475 0.298120990432645 0.0373186557856714 0.275112483058209
0.211366158197047 0.256766964880896 0.286760048993252 0.245106827928804
0.388418569736111 0.295818237254074 0.303136739246168 0.0126264537636478
0.2762981293207 0.443920454050009 0.143459840280632 0.136321576348659
0.313039582698479 0.28406862349123 0.225037634191025 0.177854159619266
0.264937310122319 0.289695761730243 0.165058696273376 0.280308231874062
0.159657499849751 0.616328991758698 0.17468075019411 0.0493327581974413
0.469737312917151 0.0901992797240998 0.101432018210132 0.338631389148617
0.2472538057767 0.16869704940286 0.300665117529407 0.283384027291033
0.174137969493733 0.510632694369444 0.188588696306946 0.126640639829878
0.279728229986612 0.0556902772986348 0.227248091218936 0.437333401495817
0.313366120590945 0.0436269245377339 0.583484800743006 0.0595221541283157
0.354995367353486 0.162137450008054 0.194460446566147 0.288406736072313
0.242787139481887 0.318121547877536 0.259016632271324 0.180074680369252
0.303440437287595 0.0769330819633694 0.0395212026588694 0.580105278090166
0.215329587466472 0.366167283457143 0.0612100183760217 0.357293110700364
0.382083819766135 0.11674819287913 0.365424287384722 0.135743699970014
0.107843934102637 0.320735022070678 0.200468896045861 0.370952147780823
0.248596500648595 0.338922571144248 0.357486974949598 0.054993953257559
0.0265860384257114 0.426834787928894 0.353876556865637 0.192702616779758
0.255850718983643 0.12582615000726 0.476338422516909 0.141984708492188
0.245354684290334 0.17124090849416 0.438472827897272 0.144931579318234
0.144789612899933 0.60445112021341 0.0396853276923487 0.211073939194309
0.280005144112384 0.0783139933795909 0.383154156532186 0.25852670597584
0.152382464313768 0.243243369284883 0.284495763231124 0.319878403170226
0.0814989775823727 0.279290017140277 0.335247341610253 0.303963663667097
0.674128513631868 0.00570141711308428 0.226513166967052 0.093656902287996
0.381461870473 0.117251161663029 0.111815938155937 0.389471029708034
0.469477019266235 0.192906384599133 0.292078311040584 0.0455382850940484
0.209396161731189 0.47847171839418 0.080439557425404 0.231692562449227
0.25589318633472 0.203565048761423 0.018213729727899 0.522328035175957
0.0210045242384418 0.541622080482051 0.129183085596079 0.308190309683428
0.237363576618444 0.294702251974323 0.423902938263645 0.0440312331435876
0.263009559104306 0.247531518025509 0.241690248154829 0.247768674715356
0.211139269789871 0.333111148682896 0.340847134613189 0.114902446914044
0.43377472753964 0.154324291332599 0.0793949853656386 0.332505995762122
0.117429904803995 0.316945218198504 0.254718386134359 0.310906490863142
0.455654798236675 0.114235504110022 0.202856775061809 0.227252922591494
0.341433678386016 0.116630150373933 0.318616052931823 0.223320118308228
0.0733990416224272 0.230853482166926 0.011541796321144 0.684205679889503
0.407840742103759 0.09677021951997 0.173087951039245 0.322301087337026
0.299891770297159 0.273251962720763 0.192501266711669 0.23435500027041
0.0781262348755289 0.306268475266569 0.264837962525147 0.350767327332756
0.319774021972825 0.387573022917777 0.118450072564043 0.174202882545355
0.197407897493714 0.165192857702738 0.137035966363577 0.500363278439971
0.260531780952501 0.284713076671072 0.0872482364481574 0.36750690592827
0.359928460751315 0.261922222963434 0.136893075297314 0.241256240987937
0.374683329123431 0.0194198193115402 0.323183681639863 0.282713169925166
0.0695342393544022 0.302172859998276 0.24785245032791 0.380440450319412
0.434304201999309 0.259114404293222 0.0168493337379391 0.28973205996953
0.129535334977415 0.0207256816753475 0.431857183762996 0.417881799584241
0.215977278404513 0.244530419136824 0.270193609491896 0.269298692966767
0.140442656110816 0.482387170113379 0.218986519583471 0.158183654192333
0.401345300424728 0.0299314705432167 0.234661961288953 0.334061267743102
0.0170874438199473 0.141000313669201 0.0507892253371049 0.791123017173747
0.446925536149443 0.0591159023069238 0.138458059071905 0.355500502471728
0.442952424304003 0.245596877928654 0.00483760259753827 0.306613095169805
0.31378005767231 0.200719309185884 0.280056217861666 0.20544441528014
0.298781066829275 0.409593847786475 0.237490779897814 0.0541343054864356
0.160143067907225 0.278029793022613 0.416034808208347 0.145792330861815
0.083464421316931 0.294760444392493 0.404627256140109 0.217147878150467
0.249535956113724 0.180185960233422 0.26182855431528 0.308449529337574
0.475528084839063 0.32287607020047 0.198348145081869 0.00324769987859818
0.287506547295118 0.131392568824712 0.214809135702305 0.366291748177864
0.407548455428836 0.321064436739851 0.148261237907054 0.123125869924259
0.0985600441916695 0.408521634059677 0.357477443907692 0.135440877840961
0.416668097978727 0.0352580647537515 0.497300485634816 0.0507733516327056
0.211667361132704 0.425250946327543 0.151143090893777 0.211938601645977
0.166294643131054 0.229578285341224 0.339665884778676 0.264461186749046
0.414734656537484 0.177550013018012 0.276501573433134 0.131213757011369
0.339428489548751 0.219764912825282 0.289284649728411 0.151521947897557
0.149401843705382 0.222240945922781 0.340044540488006 0.28831266988383
0.351095057307841 0.0385156485567218 0.291303553053469 0.319085741081968
0.510418615615178 0.102590395871391 0.278023620237383 0.108967368276048
0.00717334117282141 0.470112384778589 0.0558907318751558 0.466823542173434
0.526360788930077 0.00542266440086851 0.408863092757378 0.0593534539116769
0.265904881101653 0.234842443176589 0.0504948971415744 0.448757778580183
0.392116943225891 0.0124444732681754 0.252887637161156 0.342550946344777
0.162788465238289 0.145377453010216 0.359326987560113 0.332507094191383
0.0742076543297963 0.305437713888285 0.516088282390675 0.104266349391245
0.175169963522673 0.338474587356651 0.234621716099845 0.251733733020831
0.353294095872742 0.151757307851193 0.317899780658411 0.177048815617654
0.43596893285589 0.242691238313008 0.109440432008509 0.211899396822593
0.205932240563534 0.278568170676455 0.231240625569484 0.284258963190528
0.501496377675021 0.366210508288717 0.0429001315361571 0.0893929825001053
0.495868762212173 0.113266936136994 0.00873774943279424 0.382126552218039
0.45955172146366 0.421204052740194 0.0526851645338984 0.0665590612622471
0.371111568129374 0.289629201287099 0.254511362713966 0.0847478678695611
0.346853373646499 0.342512895772396 0.244901522733893 0.0657322078472125
0.350767257718033 0.0839961275724272 0.352522132738766 0.212714481970773
0.084447255196831 0.327629484226607 0.135833098491601 0.452090162084961
0.172727264624714 0.303143035216506 0.136707017606455 0.387422682552325
0.231947968351004 0.5725790982055 0.146593749649345 0.0488791837941509
0.30291319489525 0.234133795247757 0.361888548663715 0.101064461193278
0.0301277166121594 0.154291907487862 0.239459628996381 0.576120746903598
0.330162713612989 0.23176061353323 0.131634051441923 0.306442621411857
0.6453151722055 0.175781882093493 0.0413727158222426 0.137530229878764
0.423475264951724 0.0753982934049463 0.353065924379003 0.148060517264326
0.695396483919277 0.101525885311909 0.187013407739847 0.016064223028967
0.144090651796011 0.256169210863842 0.317934913241014 0.281805224099134
0.12257781308591 0.475662457467952 0.314801509963613 0.0869582194825254
0.111861774826361 0.011214911637189 0.00971532053245516 0.867207993003995
0.151907649459041 0.444811306783802 0.394473755706589 0.00880728805056756
0.133241053831843 0.307271049396889 0.11080830824309 0.448679588528178
0.261394270919407 0.340928619687162 0.302142827166177 0.0955342822272543
0.51980919215398 0.198489732949202 0.0787815752183851 0.202919499678433
0.549794011379553 0.0996994826743525 0.184395767065631 0.166110738880464
0.424832039097736 0.296064887817697 0.00588522180245648 0.273217851282111
0.334494947213738 0.235027105567677 0.205102615761091 0.225375331457494
0.053813766817941 0.758173774891874 0.14149292175923 0.0465195365309544
0.162280259340298 0.525633603148229 0.218152891369715 0.0939332461417585
0.113589716009117 0.792777074370078 0.0931646465489991 0.000468563071806236
0.0317294098102538 0.409657738586316 0.356479792562745 0.202133059040686
0.190112510940463 0.0826390719301841 0.417836584955517 0.309411832173836
0.400722435889885 0.184954930897015 0.23099209871872 0.18333053449438
0.227113036990984 0.327460104425089 0.122943174451522 0.322483684132405
0.0432269395830514 0.17810545341774 0.368273222799283 0.410394384199926
0.393022549105127 0.211439225740638 0.278913135721242 0.116625089432993
0.340948594510696 0.375192864795547 0.0821920497664033 0.201666490927354
0.116910138282888 0.245754161360013 0.353911941087927 0.283423759269172
0.365479478486304 0.309749513555596 0.141568497691229 0.183202510266871
0.361694760807652 0.271895558276551 0.0705297306514996 0.295879950264297
0.0673475014030445 0.448974300902523 0.247980222603756 0.235697975090676
0.41114528818107 0.0583662761398892 0.340228238551053 0.190260197127988
0.0808484846242162 0.33357014429051 0.478463146890901 0.107118224194372
0.103461768743891 0.0929288121204851 0.373278045402417 0.430331373733207
0.312714111271104 0.151479202418397 0.298268712475039 0.23753797383546
0.213704427361424 0.336519203876212 0.404235100817153 0.0455412679452118
0.44334088095895 0.311458199195047 0.165522181467303 0.0796787383787002
0.185510099797442 0.294043056535647 0.275046429585969 0.245400414080942
0.338367559668321 0.326250168841394 0.00573983889203217 0.329642432598253
0.234696960298562 0.272971241787812 0.189804104296825 0.302527693616801
0.272948763086554 0.00454661851613026 0.160046368989053 0.562458249408263
0.470729284691687 0.367785206675602 0.0563695641440385 0.105115944488673
0.339332433437269 0.292137276412076 0.110390975545456 0.258139314605199
0.194819761179411 0.249170657010352 0.132187041531155 0.423822540279081
0.426567875059649 0.102864176145474 0.196314056148447 0.27425389264643
0.305183906822228 0.238579603518008 0.0596524578591096 0.396584031800654
0.239736455096496 0.250715341252447 0.226965229984761 0.282582973666295
0.135953227902749 0.228308008010232 0.347503851994424 0.288234912092594
0.00114049885974583 0.325244054169172 0.479728888175235 0.193886558795847
0.34336261689885 0.339753978265846 0.0831210861272989 0.233762318708006
0.321098318210025 0.222923256392879 0.266495929160086 0.18948249623701
0.261850984735537 0.312279910490125 0.300607331213733 0.125261773560604
0.355582544328079 0.283951493713723 0.170457523206398 0.1900084387518
0.350972879804277 0.282189190701262 0.253310781177024 0.113527148317436
0.414335947056766 0.00326354243098083 0.141563229468341 0.440837281043912
0.12725954464183 0.0181193731633404 0.51148063130219 0.343140450892639
0.174681857305769 0.109530155219788 0.39354416279013 0.322243824684314
0.437749958051035 0.196540964554479 0.00300413780806696 0.362704939586419
0.347006223937002 0.348855330652929 0.203951464248702 0.100186981161367
0.182671102515952 0.226178734273315 0.30589042566729 0.285259737543444
0.289254982184378 0.0809514040552915 0.301133895362322 0.328659718398009
0.137802852944232 0.344145409767112 0.336570785813688 0.181480951474967
0.28426366531793 0.280665135959114 0.312268191961617 0.122803006761339
0.106416867918968 0.442946397850772 0.0230182735606206 0.42761846066964
0.729562375689694 0.161816919525534 0.0612372740359333 0.047383430748839
0.0365838893232812 0.388008086023286 0.400334169631676 0.175073855021757
0.0071213660614394 0.352717644040057 0.508268286933898 0.131892702964605
0.379029449173896 0.448527498916334 0.136424962383316 0.0360180895264538
0.168118461414184 0.174803971621007 0.460258850378968 0.196818716585841
0.154652355953096 0.484028177374096 0.270373250875107 0.0909462157977011
0.315588114502108 0.37353258446223 0.301691636457469 0.00918766457819332
0.53389950700708 0.290383011906323 0.110961103049205 0.0647563780373921
0.212010936465009 0.268708982572517 0.424380506943395 0.0948995740190789
0.162374824539491 0.115185013962018 0.649595937549644 0.0728442239488472
0.139522623060258 0.25280811423048 0.520117791421876 0.0875514712873872
0.0962579208448476 0.34992928641281 0.0702696360947742 0.483543156647568
0.146819220262094 0.105550650311476 0.405911936154978 0.341718193271453
0.328449341943089 0.283887442721925 0.190428160416498 0.197235054918488
0.188178605066397 0.441694504020925 0.200483362058749 0.169643528853929
0.618767232718032 0.047453802226611 0.26632282673163 0.0674561383237265
0.284298814045496 0.223100480727215 0.218056481970162 0.274544223257126
0.0908913512242486 0.665786519035093 0.0402460883529456 0.203076041387713
0.210223842404404 0.18903601563299 0.253676304968769 0.347063836993838
0.137050984747106 0.335682523419216 0.359565092238468 0.16770139959521
0.00548327475520035 0.239432926084528 0.370853224276902 0.38423057488337
0.597734744831298 0.139174324828766 0.159813975499352 0.103276954840584
0.213806617053343 0.255694484056259 0.364959260074162 0.165539638816235
0.274618348024842 0.316189410986006 0.333006059745427 0.0761861812437255
0.185523159445091 0.559860124753341 0.0225529669395462 0.232063748862021
0.137824562856885 0.116444865933121 0.386715638651875 0.359014932558119
0.485495259802431 0.26810996919408 0.158769436363227 0.087625334640262
0.187711383057808 0.349875209560974 0.209538955780495 0.252874451600722
0.48315663425292 0.440720783675196 0.0400191215108736 0.0361034605610097
0.259251086062569 0.0265664117361585 0.222955018515397 0.491227483685875
0.369627786596188 0.255765761815829 0.367817695328318 0.00678875625966477
0.224652420011879 0.232035024357582 0.425340887421188 0.117971668209351
0.325802183141059 0.477312519870514 0.125666505064375 0.0712187919240521
0.43476706763014 0.128568634625923 0.103261489003372 0.333402808740565
0.344472521640914 0.295690959237949 0.29514839262429 0.0646881264968478
0.480295525888368 0.110229155743692 0.0687920194629487 0.340683298904992
0.00395350485282797 0.0768996557792924 0.120814675955805 0.798332163412074
0.446146883922819 0.217561245850876 0.0465047700768103 0.289787100149495
0.152316587392984 0.290855396171558 0.326313991293633 0.230514025141825
0.173107853199548 0.409578497297444 0.199748432253748 0.21756521724926
0.0520880829942738 0.181978575176294 0.301648816079007 0.464284525750425
0.0365572017065213 0.291086561319093 0.434422403980625 0.23793383299376
0.208431509319563 0.33893611800533 0.278482245081534 0.174150127593573
0.455139248654049 0.0487083252898992 0.372812350301312 0.123340075754739
0.234017028447605 0.0301100877422321 0.467866288989407 0.268006594820756
0.391066536868044 0.187768087572487 0.205280774540368 0.2158846010191
0.131724260557803 0.788362016787569 0.0207806984241615 0.0591330242304671
0.0839599897288421 0.526727771608174 0.360317160241624 0.02899507842136
0.104962228527483 0.394767004716609 0.183638861136812 0.316631905619096
0.00583810095914322 0.336957643887232 0.34110930159307 0.316094953560555
0.453363422618794 0.0850824185170849 0.330567228517793 0.130986930346328
0.35617224261964 0.410847087226602 0.210712345757167 0.0222683243965902
0.260585766200409 0.323262756766703 0.121676579393136 0.294474897639752
0.326708018687479 0.148327964817425 0.265412070817463 0.259551945677633
0.115787022229863 0.449420846991954 0.010234674439541 0.424557456338642
0.156368432722732 0.278407357139058 0.138798850260973 0.426425359877238
0.296469308101879 0.412623702740446 0.192494896180414 0.0984120929772609
0.114893292520416 0.41602671772167 0.28759141679596 0.181488572961954
0.32874746856474 0.115877389219681 0.520156052698372 0.0352190895172076
0.260249681614642 0.100315608866166 0.633527667041441 0.00590704247775168
0.208398429373427 0.301107284926786 0.144630822248572 0.345863463451216
0.0349802962971615 0.242677645029339 0.170664850925626 0.551677207747873
0.359507484367158 0.129496903760554 0.450689341160923 0.0603062707113646
0.192925272992156 0.280666282965552 0.227073137265286 0.299335306777006
0.407644329900823 0.29179232189908 0.0153108433407945 0.285252504859301
0.0598894150340149 0.559313885713271 0.13140023720914 0.249396462043575
0.257768401976219 0.166887923390927 0.162229860141995 0.41311381449086
0.334333104755457 0.159041968366729 0.144841360953971 0.361783565923843
0.144647647743346 0.28917455772134 0.345490609231239 0.220687185304075
0.593000127638402 0.0282328947227259 0.0353979282690563 0.343369049369816
0.0933211951729332 0.323509231296411 0.308722348618718 0.274447224911938
0.179638266994342 0.354126139749017 0.341504129441691 0.12473146381495
0.328917564796022 0.347707528974995 0.311779332107106 0.0115955741218778
0.368433351692613 0.00385471996635079 0.480306491641909 0.147405436699127
0.276363606534304 0.26499660767452 0.202832621537608 0.255807164253568
0.355409276514376 0.0911264245793612 0.399782711349127 0.153681587557136
0.282627704205769 0.229451212587015 0.276445775181796 0.211475308025419
0.272775085506234 0.192036509010949 0.392808939618397 0.14237946586442
0.270130413323045 0.00487644848356941 0.617868704876958 0.107124433316427
0.335528967281971 0.208193102618493 0.277796891936466 0.17848103816307
0.351450494286002 0.291194640696526 0.0356970414188209 0.321657823598651
0.151390067321642 0.32952641491508 0.276897308320721 0.242186209442557
0.343367351452383 0.117728908454659 0.265669704880646 0.273234035212312
0.349317383246331 0.37293393976408 0.190092524896614 0.0876561520929744
0.0209255834506602 0.324760615807213 0.250934574367027 0.4033792263751
0.219653964106159 0.385037069413091 0.182499275800109 0.21280969068064
0.0698097000008858 0.269741871441789 0.30980100588014 0.350647422677186
0.0543069302687542 0.227734125386117 0.471595008728173 0.246363935616956
0.204373358174157 0.488772184766882 0.099321070664543 0.207533386394419
0.475795968163712 0.208081324902697 0.15084367665032 0.165279030283271
0.292995075718801 0.214629335029921 0.286786013196761 0.205589576054517
0.191393302704815 0.175769114267748 0.253301511072826 0.37953607195461
0.358943459288952 0.143980987316877 0.0700157951154302 0.42705975827874
0.0382160885242667 0.176667113433212 0.403822315670722 0.381294482371799
0.115824702243804 0.396867719839988 0.0341591822476736 0.453148395668534
0.278186638008529 0.316700140867707 0.292405467058239 0.112707754065525
0.16661540691426 0.232805882988069 0.32631380366237 0.274264906435301
0.390865708164181 0.039034293767474 0.0219212045240561 0.548178793544289
0.313235899579614 0.0231073493530707 0.0663058767974691 0.597350874269846
0.257683463763169 0.28545175813837 0.1256844739303 0.331180304168161
0.365695699403408 0.154037372531675 0.17451764714907 0.305749280915847
0.10060101066506 0.27554843122015 0.326749702993373 0.297100855121417
0.524472403267052 0.0870707326501433 0.104540530050052 0.283916334032752
0.0142220410287761 0.241387532597462 0.594808886737139 0.149581539636623
0.380302799481493 0.143470567713333 0.255204612112245 0.221022020692929
0.0775759838267937 0.389662555020093 0.238576975177776 0.294184485975338
0.0290716742187438 0.168023022446927 0.5439357371711 0.258969566163229
0.13575658888378 0.351022692482754 0.430849225505758 0.082371493127708
0.290070131557431 0.125063413157903 0.355890117738756 0.22897633754591
0.306979731037181 0.0603693361421898 0.107156585718681 0.525494347101948
0.495743963534969 0.291263111600859 0.0770500915557535 0.135942833308418
0.455990765809264 0.0176854642495669 0.329458244254806 0.196865525686363
0.137632032713362 0.307375335730443 0.202426472616063 0.352566158940133
0.269727099483698 0.181002744792359 0.296139355206796 0.253130800517147
0.341420974680287 0.326963424572451 0.0526267920765605 0.278988808670701
0.103858724293212 0.352169070191474 0.303096410077163 0.240875795438151
0.492654620171724 0.203623315627439 0.0507150276561717 0.253007036544666
0.121851311497632 0.305378700594464 0.449631699816281 0.123138288091623
0.0428090110406868 0.318672801734212 0.443074801138907 0.195443386086195
0.494997421494782 0.111464618532827 0.332931678017784 0.0606062819546066
0.0141783661696624 0.169616250179052 0.250068770882972 0.566136612768314
0.321678688348111 0.370212197015566 0.0534420826988802 0.254667031937443
0.392726284267587 0.405834172533227 0.177761030246945 0.0236785129522416
0.745108202748877 0.0450875673422738 0.00281434206968289 0.206989887839167
0.734833761758582 0.099544392530056 0.00859416695115906 0.157027678760203
0.261277883722636 0.135366379817065 0.274386597937887 0.328969138522411
0.100098679555259 0.279857971398418 0.149746272176094 0.470297076870229
0.185755153131896 0.451450384449766 0.181778421275441 0.181016041142896
0.306992739427352 0.223670546169643 0.366795972762444 0.102540741640562
0.41112413214046 0.055180631782062 0.274309239465187 0.259385996612291
0.363563476853803 0.397185042933316 0.206006619419982 0.0332448607928989
0.29167803838198 0.416053842733904 0.266534415059355 0.0257337038247603
0.361624535232402 0.301827117588775 0.125802522100834 0.210745825077989
0.387899227576138 0.072311044575397 0.143087159344593 0.396702568503871
0.143988846352368 0.230836995649466 0.410813411521012 0.214360746477155
0.262600178548857 0.280812879937046 0.104116815860829 0.352470125653268
0.122706891056929 0.4382596203766 0.273124309303705 0.165909179262766
0.346817968594197 0.0810123362000803 0.248211523199113 0.32395817200661
0.263593650197372 0.0418521143542284 0.285359455891423 0.409194779556976
0.250088893221699 0.389825857625068 0.19305921048108 0.167026038672153
0.173504671240336 0.512423108117625 0.213786981162315 0.100285239479725
0.00782041921386279 0.440841936682464 0.44322297259748 0.108114671506193
0.418277371930596 0.17594559474678 0.310263146343605 0.095513886979019
0.23967493269435 0.375447267752843 0.217921613644634 0.166956185908173
0.248656983323113 0.245043640842502 0.379955550734225 0.12634382510016
0.262974783495939 0.142673777157862 0.11800928889157 0.476342150454629
0.405240468008381 0.336497209165288 0.0744036115263263 0.183858711300005
0.204110966143483 0.186138324108571 0.394468271738066 0.21528243800988
0.211848910812184 0.445449645145948 0.135103528357981 0.207597915683887
0.422116784021314 0.0862593386199576 0.104350123816112 0.387273753542616
0.00520502448528128 0.0932200154516478 0.5316031936535 0.369971766409571
0.304698898835314 0.319618035283403 0.367194726879949 0.00848833900133358
0.000541839889848985 0.482540519192786 0.0779349352333755 0.43898270568399
0.00526954425549392 0.214068843314934 0.597642987538065 0.183018624891507
0.455359994200694 0.273348352990916 0.0911974438618425 0.180094208946547
0.179558005866338 0.352317948955382 0.0492212240427551 0.418902821135525
0.292403277883753 0.133066992848489 0.403742743292698 0.17078698597506
0.0433428201203978 0.291850726094461 0.413814163238874 0.250992290546268
0.0304365332998935 0.267910260649407 0.163132064622614 0.538521141428085
0.120775250416676 0.138872692027852 0.378882184522717 0.361469873032755
0.218899816836254 0.287249195206205 0.295117370641115 0.198733617316426
0.199346515563081 0.441473270140707 0.188308687632795 0.170871526663417
0.0374176131386139 0.58830084572864 0.236735506019331 0.137546035113415
0.0269006819955158 0.696729980097884 0.0632769032786006 0.213092434628
0.26366214283403 0.273047698716369 0.356440085620499 0.106850072829102
0.328560684160506 0.329671344722515 0.026543667977945 0.315224303139035
0.285839181788077 0.211150648668345 0.232601567550567 0.270408601993011
0.0822791052223116 0.329736268630424 0.193450187079415 0.39453443906785
0.332531265920701 0.321251481808735 0.227291924042856 0.118925328227708
0.288089927726986 0.330527485274905 0.0954043605263598 0.285978226471748
0.377866437356402 0.285130299959681 0.177022037959138 0.159981224724779
0.264194740769788 0.282990097327554 0.390519705480669 0.062295456421989
0.194318944713363 0.0988906012718249 0.318507203534511 0.388283250480301
0.173402481249392 0.116190965193746 0.552131063817689 0.158275489739173
0.0685048516295347 0.353933206013797 0.326473062324174 0.251088880032494
0.44284643909333 0.197312971207012 0.173392395294114 0.186448194405544
0.302385257263377 0.511228883199838 0.0640928395429463 0.122293019993839
0.170270910686729 0.0976597873962155 0.246097108271276 0.48597219364578
0.376236450486874 0.0493944706124583 0.243482308918142 0.330886769982526
0.304434659808423 0.249688506901905 0.164828305438189 0.281048527851483
0.32337952789516 0.316823243565412 0.339608907666267 0.0201883208731603
0.0308995125651292 0.48971021532403 0.333920974998436 0.145469297112405
0.294438364046493 0.234195331668543 0.28562776609944 0.185738538185524
0.276055538554452 0.284882157857333 0.150379701239996 0.28868260234822
0.107769318897969 0.325412158156159 0.300673168446145 0.266145354499727
0.374675494847409 0.0885906550034073 0.324964258579708 0.211769591569476
0.0769014699018678 0.340586195412845 0.428125500624889 0.154386834060398
0.254158270972818 0.363269103405987 0.249256438243215 0.13331618737798
0.118539272083192 0.339188710807746 0.158686595652672 0.383585421456391
0.175327719700163 0.349528548739269 0.254613064244199 0.22053066731637
0.192546996740012 0.427723703945881 0.232339877695848 0.14738942161826
0.115418180364809 0.350598314259113 0.41593269822983 0.118050807146248
0.199832924756933 0.241509067433857 0.367634951962869 0.191023055846341
0.194190139383535 0.0225152515374408 0.442948472642991 0.340346136436033
0.379849846926747 0.139746306340365 0.248218800286113 0.232185046446775
0.319966319794408 0.302987087659906 0.181840824465325 0.195205768080361
0.23527388702363 0.320447682369045 0.305764362400422 0.138514068206903
0.149022796933112 0.255455626088134 0.423699405560413 0.171822171418341
0.261241248090326 0.369754147595156 0.135642679084716 0.233361925229802
0.328291283923262 0.41288700421088 0.186161065902213 0.0726606459636455
0.280410429279517 0.336579894394398 0.267047245415971 0.115962430910113
0.354443535602424 0.135967769825541 0.239641114589239 0.269947579982796
0.190970725406045 0.247671169151777 0.288324275349372 0.273033830092806
0.309218614920393 0.184697816114094 0.301378626251488 0.204704942714026
0.159074377328865 0.0698572724462748 0.178675255385141 0.592393094839719
0.267880936621664 0.0546597909868793 0.419333099166943 0.258126173224514
0.184663356518922 0.307295255683664 0.264894835116224 0.24314655268119
0.283243778990549 0.383850505638791 0.264202693143988 0.0687030222266722
0.193645066335602 0.456392524083847 0.255769867621192 0.0941925419593586
0.0956736974938676 0.412246107521854 0.344096354067869 0.14798384091641
0.384206514732287 0.148302509536704 0.177343473574682 0.290147502156327
0.106149397420665 0.251708065410875 0.61381834335892 0.0283241938095395
0.139568218033691 0.26258631014526 0.42200151827277 0.175843953548279
0.242101859028694 0.0984164575801337 0.244001695532539 0.415479987858634
0.0371654884133286 0.470267754183208 0.415811233260219 0.0767555241432447
0.343067035943476 0.299482070702736 0.0859134508217664 0.271537442532021
0.0294312037375722 0.415511821772277 0.253127199190507 0.301929775299644
0.186504713396706 0.278571602580452 0.279293261311493 0.255630422711349
0.400636952397047 0.200648764193152 0.300053751833204 0.0986605315765967
0.253589317044216 0.413976622446873 0.00159009717341429 0.330843963335497
0.324091707927059 0.331000779086926 0.316434308546966 0.0284732044390497
0.478485594421478 0.318840926905079 0.113230921521596 0.089442557151847
0.48185813886291 0.248649048478278 0.0931047365407855 0.176388076118027
0.236377806469951 0.279543140136535 0.282895660101269 0.201183393292246
0.309964573522201 0.549243987837251 0.0230797843712361 0.117711654269312
0.162484450771661 0.0923239465563891 0.395384333136894 0.349807269535055
0.334836993806426 0.365175531467766 0.06532014158801 0.234667333137798
0.372844523008646 0.255828573968029 0.178791776361434 0.192535126661891
0.71632081835589 0.0169718909898221 0.212540906854619 0.054166383799669
0.178269829506102 0.117739805169792 0.319916967523829 0.384073397800277
0.00825573780283534 0.078785836464745 0.479414087916304 0.433544337816115
0.14534497616241 0.259585143142398 0.0675404932643652 0.527529387430827
0.306632388608925 0.171874375188218 0.281940833059536 0.239552403143321
0.38344750247903 0.413381188804488 0.0993244457177321 0.103846862998751
0.404971039665036 0.254473246387934 0.17484662292347 0.16570909102356
0.187938612261182 0.275849624925977 0.154617756219344 0.381594006593497
0.675270135322364 0.0277309616707496 0.274687386384364 0.0223115166225229
0.163486462890878 0.338227623346246 0.196532088943456 0.30175382481942
0.242843954267883 0.262275664165098 0.334865755092765 0.160014626474253
0.345625856517616 0.386656779482293 0.0682485391764362 0.199468824823655
0.186319345835663 0.33190879680928 0.354424269596056 0.127347587759002
0.434567347753399 0.280675334842306 0.214655965315262 0.0701013520890334
0.269060466264267 0.260841091519476 0.212301904936557 0.2577965372797
0.0944331881375154 0.461360154760905 0.107175182825964 0.337031474275615
0.312974741059812 0.337399431480509 0.265671286438782 0.083954541020896
0.231573740606338 0.0475888455778782 0.310184511795111 0.410652902020673
0.326249397007898 0.345102103995273 0.270432240598284 0.058216258398545
0.242568686424358 0.160654587751908 0.206852721535291 0.389924004288443
0.424149861366558 0.424423090499712 0.149623803220053 0.00180324491367635
0.520606153149581 0.323414272561368 0.144701933245965 0.0112776410430855
0.199862764907564 0.425816073638422 0.0470399206005027 0.327281240853511
0.348777860743282 0.235066825422391 0.0892793744379325 0.326875939396394
0.388796833749874 0.268541885538373 0.143902929375227 0.198758351336526
0.365691327686911 0.0340245913547478 0.323712975854362 0.27657110510398
0.148436381202292 0.468373550003602 0.272185949004256 0.111004119789851
0.53938512753666 0.185194683755163 0.149568689754099 0.125851498954078
0.111614320610578 0.363009851026673 0.378381770947222 0.146994057415527
0.520528958227045 0.0181053680832181 0.0888720354163846 0.372493638273353
0.392589993301444 0.164172644322557 0.296663341224139 0.14657402115186
0.236629849158898 0.247499563680637 0.257826859964015 0.258043727196451
0.264888099251886 0.119281044224769 0.544615279206611 0.0712155773167338
0.308718812705579 0.272542218377883 0.100392117499033 0.318346851417505
0.457701698857073 0.108771637418516 0.00300860415824051 0.43051805956617
0.283781024868907 0.0547723871748305 0.487632695579253 0.17381389237701
0.262555038658014 0.0199778693764877 0.326787499583093 0.390679592382406
0.3826983001433 0.146478633952586 0.108603861282331 0.362219204621783
0.386825848918454 0.177136607819179 0.154873460007248 0.281164083255119
0.168235029167962 0.0624218340676537 0.330042188569762 0.439300948194622
0.0366960622230476 0.30583573464025 0.2800132752597 0.377454927877003
0.298372100677118 0.123088436989741 0.218342644480296 0.360196817852845
0.348130544978285 0.407281458905796 0.0877343594815103 0.156853636634409
0.337587772344371 0.0615951596477956 0.421282792558452 0.179534275449382
0.531073348795149 0.314326748858376 0.0373512457068274 0.117248656639648
0.202491830797002 0.374186675229596 0.152847603459427 0.270473890513975
0.04695786078377 0.0757325731615798 0.381667777030476 0.495641789024174
0.226923992067726 0.337604526366215 0.347309355548244 0.0881621260178145
0.34909451435452 0.0721732448652129 0.334318623337566 0.244413617442701
0.113916764005315 0.300544819259825 0.400092216398158 0.185446200336702
0.132372553455551 0.213468769375744 0.315909983624384 0.338248693544322
0.301931986646636 0.165870685906372 0.0809213852530118 0.45127594219398
0.194092719561288 0.29542987631581 0.296902866660307 0.213574537462594
0.151318659479689 0.43415396060553 0.000725004894627835 0.413802375020154
0.0783431235809517 0.149803928018349 0.533333780075002 0.238519168325698
0.195477137922876 0.707962471593409 0.0338223961990046 0.0627379942847108
0.358553296901368 0.143631971253335 0.351420887535549 0.146393844309749
0.37678627321767 0.399753685931237 0.0556241836412124 0.167835857209881
0.241699192423184 0.325364631869697 0.0254417191320237 0.407494456575095
0.0176102772227601 0.266748556371948 0.307509240375752 0.408131926029541
0.595884092033624 0.0385700318708595 0.0998968462254806 0.265649029870036
0.330664971107953 0.14228244486812 0.185043080936317 0.342009503087611
0.55211619959905 0.33551922611184 0.0635303940817055 0.0488341802074043
0.323211302974761 0.313602419536765 0.134921542123333 0.22826473536514
0.275925498755999 0.0849393515183229 0.400934543859059 0.238200605866619
0.370170967451221 0.131570331790222 0.349596105649522 0.148662595109035
0.117129448654916 0.27803841254923 0.369930438190669 0.234901700605185
0.166511832834221 0.251326175631208 0.397367901220864 0.184794090313707
0.492410918634442 0.135463332071366 0.0715906190540356 0.300535130240156
0.229715253099664 0.4253272887285 0.0551685736621225 0.289788884509713
0.414910894106528 0.142614934181383 0.0248190165983411 0.417655155113749
0.216300049347427 0.275346754620715 0.00603904805259365 0.502314147979264
0.26171959654579 0.233694833315458 0.341432356212249 0.163153213926503
0.243452466258561 0.244812791834451 0.255236449127307 0.25649829277968
0.300572500979603 0.12232861002602 0.264361389784566 0.312737499209811
0.1137247404174 0.177151004713384 0.401465694060782 0.307658560808434
0.435282074867098 0.294978692312179 0.024634503347996 0.245104729472726
0.022817228928177 0.500211860541943 0.411058420732408 0.0659124897974713
0.291656832950418 0.318873838650263 0.315543112171789 0.0739262162275303
0.171397652370889 0.357455224862062 0.149765559887808 0.321381562879241
0.245308697447226 0.275899468356235 0.235560249012199 0.24323158518434
0.0358919969538862 0.56551187036981 0.316203749431756 0.0823923832445476
0.369376311887103 0.0900211328065759 0.352025430648328 0.188577124657994
0.0350799793799459 0.311098990641558 0.318233940227567 0.335587089750929
0.382442302039859 0.38647489181757 0.0945561543842584 0.136526651758312
0.409905542051474 0.0510074183792346 0.511457016529553 0.0276300230397388
0.0701233600826238 0.356082196234072 0.313385525043177 0.260408918640127
0.376136073197279 0.12383659382849 0.343922683644468 0.156104649329763
0.270975643951022 0.271826880410368 0.172820189413163 0.284377286225447
0.0202741143979769 0.0349652836549543 0.613091532812766 0.331669069134303
0.347039173572594 0.0972791720973855 0.505012920931317 0.0506687333987026
0.326578339058569 0.0650141710332288 0.449543386225357 0.158864103682844
0.28807978242325 0.208066530150668 0.230644329901671 0.273209357524411
0.304473406072817 0.207620185766784 0.438199040840918 0.049707367319481
0.381504210871281 0.206915695248257 0.276940564115491 0.13463952976497
0.119090602022663 0.274372980964608 0.375828023848734 0.230708393163995
0.013590715612669 0.709731613109424 0.0901002458558417 0.186577425422066
0.460114276471154 0.173134766931594 0.295634791216236 0.0711161653810167
0.263761105506324 0.129705639155998 0.202770858179343 0.403762397158336
0.141758760574916 0.084685510679128 0.391377477667375 0.382178251078581
0.438751633006422 0.144851546644621 0.044780535939198 0.371616284409759
0.331732685673832 0.492555987930143 0.0560355934587426 0.119675732937283
0.697929760291922 0.177720235488886 0.109245902957731 0.0151041012614605
0.295062497494221 0.219195311748509 0.284807636150074 0.200934554607196
0.213261708608745 0.283549798231423 0.373746042298825 0.129442450861006
0.432450868457283 0.200342895427736 0.224752597634245 0.142453638480736
0.313881403492535 0.271954540226008 0.0586967590496726 0.355467297231784
0.0102877249977807 0.128601755638805 0.368350416211759 0.492760103151655
0.313194802362273 0.312168619577506 0.22765286395904 0.146983714101181
0.439545999303399 0.104901728975467 0.200883359196824 0.25466891252431
0.29750889300397 0.0057954206000074 0.458056825771552 0.238638860624471
0.161711192174209 0.0594285351563485 0.478352968224199 0.300507304445244
0.238909179953832 0.449988955682324 0.282064525366112 0.0290373389977324
0.151704993349666 0.0256042391606945 0.217718652811877 0.604972114677762
0.668879175379929 0.213836267051863 0.0550699502654135 0.0622146073027949
0.663879692825533 0.153280944511291 0.12280653148901 0.0600328311741657
0.287662420005677 0.338023974536639 0.178811436518938 0.195502168938746
0.326791659671748 0.104150725181712 0.0449940718625867 0.524063543283953
0.226259382848253 0.134588521218393 0.383457689752784 0.255694406180571
0.322182517709768 0.272567196412512 0.145287365017485 0.259962920860235
0.162238654327288 0.220284681513633 0.260113979714506 0.357362684444573
0.286999448541746 0.191725104533812 0.239957701891856 0.281317745032587
0.288681873129532 0.270694885385429 0.113178866773335 0.327444374711704
0.310980153316828 0.261299241763904 0.374307952646781 0.0534126522724877
0.22344937390897 0.143114002434621 0.299389893092347 0.334046730564062
0.188710160601973 0.405947646964778 0.204261217697264 0.201080974735984
0.31858363064853 0.263552684727291 0.238928902739095 0.178934781885084
0.549430754520399 0.32258497457033 0.122231581011106 0.00575268989816526
0.503247730111527 0.000687187119038591 0.109078161958101 0.386986920811333
0.294429706244332 0.219527938308022 0.427679434211877 0.0583629212357683
0.0606399330310182 0.275754538721969 0.339829883713949 0.323775644533064
0.246462412309097 0.16315203644773 0.248973966330309 0.341411584912864
0.269333935642026 0.343808340856374 0.0784633663578667 0.308394357143734
0.285910788344879 0.0242678378719568 0.372384624179457 0.317436749603707
0.377831934134303 0.386318115127825 0.0883885723395761 0.147461378398296
0.268464319165049 0.208116847058661 0.149089216550738 0.374329617225552
0.0318758146620732 0.425103630668861 0.147772881856855 0.395247672812212
0.536813415267435 0.194544154740707 0.110319789747047 0.158322640244811
0.395920055453047 0.109084890715388 0.242988901965827 0.252006151865738
0.330230512334912 0.186056068141643 0.162059281597557 0.321654137925888
0.138938764638704 0.287198417049034 0.225406266014224 0.348456552298038
0.368433050918008 0.204753461244178 0.206781606641553 0.22003188119626
0.0846940292929844 0.314794064985705 0.340442615656821 0.26006929006449
0.113089484023276 0.483834812423876 0.0216394732247466 0.381436230328101
0.0194995885450802 0.446354764572255 0.351526594204273 0.182619052678391
0.110710756105402 0.270277705203805 0.345379106857677 0.273632431833117
0.0351267834427741 0.0768322613327335 0.448612787781059 0.439428167443434
0.283220168006845 0.300442275493 0.052057460415614 0.364280096084541
0.0458331719083308 0.562261908593375 0.270778312859623 0.121126606638671
0.401431320420801 0.145992839311728 0.429659991335748 0.0229158489317224
0.41272347099574 0.0557988493854148 0.101177998121722 0.430299681497122
0.026295151512976 0.222328501541286 0.331805339175574 0.419571007770165
