0.0675742026750236 0.160061712752606 0.0749382239321578 0.1718857251488 0.0512487911030945 0.0197015230688911 0.221817895243399 0.0536180810103927 0.179153845065636
0.172280596457008 0.167987166581391 0.097900870372788 0.203413819695383 0.0100297945392103 0.121509839456618 0.125932256154287 0.0809224873781406 0.020023169365174
0.165222276221845 0.0592552749625111 0.0277434228897842 0.163384481111852 0.101384099648268 0.0674119492968957 0.199333286181517 0.114491320216821 0.101773889470505
0.0589877333786281 0.0796561453789775 0.194929925379716 0.0462931022124956 0.107321807375611 0.220183704978085 0.141871174641926 0.13360829268136 0.017148113973201
0.100303908110706 0.209181164393919 0.128806770106231 0.109377777267645 0.0325340908807441 0.0581947166682524 0.115661298944204 0.212583497016748 0.0333567766115509
0.138147621692606 0.181476465216299 0.00467840938239481 0.0565249934603423 0.0927423937767139 0.217038577852669 0.0134714226220875 0.211712568731436 0.0842075472654515
0.172709892984278 0.088408659326519 0.137799959559349 0.186404986402681 0.135285904273112 0.121865592620559 0.0461468681176198 0.110620901431645 0.000757235284236337
0.118462887333489 0.198906129652261 0.212678742737272 0.110767288430322 0.0486660753066718 0.0587443670951681 0.112191444053313 0.0618513353758785 0.0777317300156247
0.14957758287766 0.0208076800731721 0.174685551428607 0.0744268768195726 0.174403660991705 0.20792230757925 0.0586273823764774 0.117524150917674 0.0220248069358824
0.0253685617664107 0.0967405420922847 0.139538857300494 0.0730376652386757 0.194446046089876 0.0328266001550857 0.191331246513628 0.176392698493755 0.0703177823497891
0.183543238139895 0.101473411485789 0.199452604156398 0.0679155730469151 0.00842250680958683 0.0164152719037938 0.142405861588878 0.159190144411032 0.121181388457713
0.0814021872623771 0.190499019031962 0.0218692555854203 0.0223959592109036 0.143109738458101 0.0402990493830132 0.122454409731643 0.239600903477919 0.138369477858661
0.130439586670946 0.0977120804897946 0.117162595666669 0.0877944103139676 0.161372662917241 0.112258553688512 0.14271373912295 0.108577433109123 0.0419689380207981
0.122307498501081 0.157503776779083 0.0637213909427831 0.104549441047277 0.119408938082734 0.15493825669826 0.101683334045826 0.0801284669801142 0.0957588969228419
0.140274810452679 0.0494946153545376 0.0987105030957058 0.0676508493598219 0.0365398835026188 0.22845492933243 0.0785231196157565 0.25888434109299 0.0414669481934604
0.0990860228633551 0.000593092053898546 0.191442293252064 0.0537542678103075 0.109725245647738 0.247834873612778 0.0520564916932541 0.103482355813564 0.142025357253041
0.198277970766933 0.0169296125357452 0.0979389811797859 0.0247264192305524 0.196047194273615 0.16116695652663 0.146521827869526 0.0107403140886516 0.147650723528561
0.0969554031124861 0.197566732817584 0.0580828592892999 0.209972850345046 0.0233984660977502 0.0745663643401762 0.0230043776889956 0.163958488472091 0.152494457836571
0.133921016900609 0.142716558556475 0.0661430608654797 0.18455887956062 0.0801690721774449 0.0587073625704636 0.201644408911282 0.111160424318703 0.0209792161389227
0.0282299139856085 0.0110602657871291 0.162839745328142 0.183685487466058 0.130590046899692 0.116012264300189 0.153710670782319 0.0830871704712721 0.130784434979591
0.257516873491872 0.0127740179511177 0.223363493098897 0.141568864249595 0.0100939854696071 0.0213688016228094 0.107382705914527 0.107193913709009 0.118737344492565
0.0103366675176112 0.0672701595547499 0.223595422671961 0.100359387830508 0.137151160665144 0.0397925831967543 0.224964971555116 0.130427205737071 0.0661024412710852
0.0903638164476487 0.176282242393911 0.125895554296745 0.00162990162130202 0.0808721709644842 0.156920735682474 0.0459127521683469 0.127949092231616 0.194173734193472
0.189197005571865 0.185674534444856 0.0222511408164909 0.0960979986891153 0.0653842047320181 0.208039327536017 0.0891109175378409 0.131543607130682 0.0127012635411152
0.137168145884367 0.0933278359646724 0.124513033368211 0.0185902290804663 0.094967119388698 0.0158356391156864 0.185195183088317 0.138880740307466 0.191522073802116
0.072419289654145 0.1241180286702 0.101814255856111 0.194674789117476 0.121914134764853 0.160799866171892 0.0107727396011765 0.172189290174486 0.0412976059896608
0.123790344972738 0.0808028185593229 0.126474324007095 0.179185516545056 0.0145751924514516 0.0952312742231779 0.133669994044152 0.0802818207478075 0.165988714449199
0.0478112652620212 0.174515891925227 0.109151116708279 0.19914316991979 0.0891606282756829 0.0343411903756321 0.16351996306239 0.0870659624980496 0.0952908119729284
0.127127214018802 0.148215797029012 0.0523585166306483 0.0118657656204441 0.0118960672531894 0.105199760258191 0.183067655192184 0.159917536750151 0.200351687247378
0.113618788130957 0.326466933652453 0.0436505864937352 0.0485214972599748 0.106388449868491 0.0740765424462174 0.047713329255671 0.222423584889611 0.0171402880028896
0.0438424611615644 0.166774379882594 0.0278913011109235 0.0923039349865089 0.201006510986586 0.182525911557279 0.0943510859926959 0.0936148236172299 0.0976895907046191
0.175959813295958 0.070358958182306 0.154695711198657 0.0457350901368473 0.17658394082271 0.0158117459208337 0.0989317919174379 0.134313630337628 0.127609318187622
0.164096960210003 0.14788292337274 0.0934433828372579 0.193302610240763 0.0494095847561736 0.162553549212729 0.0209217019715269 0.132761839702954 0.0356274476958511
0.107097916149659 0.0409685528351924 0.019177201276893 0.0529903232904242 0.106271897839827 0.0726657186729206 0.173299918047366 0.184130474857209 0.243397997030509
0.115175337636654 0.0401097560422463 0.299329355899409 0.000389316486312018 0.16727285530487 0.0117736502551804 0.0752581703780208 0.288159219532072 0.00253233846523484
0.0228023366776446 0.106033853027889 0.135602162244632 0.20540999265433 0.220795832260451 0.125313513691109 0.0454229635572029 0.000569358017523678 0.138049987869218
0.193146317070459 0.0793616967661359 0.201928408264418 0.0214546652238343 0.142597612758638 0.100781280803676 0.141719247747329 0.0333235849516033 0.0856871864139057
0.196768781166232 0.0350700934090332 0.0834885867641169 0.148822934998835 0.0780905742219907 0.11258847926807 0.063857563911142 0.0906521966114033 0.190660789649176
0.12227649105199 0.0632584565334089 0.0939517223774409 0.154580015102627 0.159326476090819 0.0210114295954233 0.195454646258525 0.188341872131566 0.00179889085820018
0.0010934905121012 0.167639297995258 0.00020036573088071 0.249305552813736 0.14508251084865 0.0566362093693786 0.283208291934734 0.0559454605458179 0.0408888202494441
0.221157334605627 0.188706081657999 0.0633285791535533 0.0382022392743793 0.0924021865838293 0.0243262066062621 0.181638889246282 0.137957571660332 0.0522809112117376
0.0949898911249151 0.170584820032747 0.126074163437292 0.158170035359605 0.0370582048839629 0.0238202471509784 0.144073856860039 0.185872166751845 0.0593566143986144
0.164543096998308 0.125842075125548 0.108221615942966 0.150666237065926 0.0770205173368244 0.0556833601267743 0.127764740101299 0.10933137127662 0.0809269860257341
0.0614493363395454 0.0619503245840785 0.0529827945859207 0.110955054826489 0.07066258032799 0.209430068366967 0.183033401806441 0.105127973870543 0.144408465292026
0.157751303589161 0.11358152043362 0.0948484214639995 0.125010090748809 0.0976982099992737 0.0093421504876782 0.165103444909725 0.0459844132206064 0.190680445147127
0.127656221329403 0.140277121908899 0.10423701961752 0.0740065209921367 0.140012019202761 0.0822629587457799 0.100612972262988 0.157041198873792 0.0738939670667207
0.0934547335816103 0.260915414566748 0.0599213962809266 0.0599231822981071 0.118467904051849 0.0983401375098208 0.0672826510276492 0.126151500391925 0.115543080291364
0.0916560313588757 0.0420994558204622 0.177081500778152 0.0790864921418015 0.12075942686562 0.0372644286118591 0.172904061478387 0.175103066639777 0.104045536305067
0.106281978855177 0.0034681389397575 0.121101503384925 0.212730590461679 0.173096925574412 0.153432385802659 0.0174203002738249 0.141342029964956 0.0711261467426089
0.0838058297345232 0.00162220526768882 0.244515980892481 0.166459043151962 0.0105835127922094 0.187280703810463 0.038496153873901 0.23879609294181 0.0284404775349608
0.156253718569239 0.160384676100092 0.117279615650196 0.136251634045719 0.0336989560293071 0.00528582020304069 0.0815035582522669 0.0947248468147201 0.214617174335419
0.159861789671344 0.0732407883980224 0.131488515042699 0.192703032963833 0.0273905576519363 0.01183265876525 0.00496395760308072 0.200826370635648 0.197692329268187
0.0380286546412353 0.14409342276762 0.0441304258117267 0.150284459228804 0.118183348170875 0.158729406101988 0.0572394135248758 0.164571458707906 0.124739411044969
0.0822668339838934 0.044248022762451 0.210804880147477 0.129115513807083 0.159406252016605 0.0478996557115256 0.196806195363943 0.0310894001466075 0.0983632460604151
0.14015071428132 0.102406996978855 0.0708789332030324 0.0764289503222897 0.188957852083538 0.027624995058435 0.252714792835393 0.135324553927991 0.00551221130914576
0.177573364968512 0.13421985761716 0.129432361219247 0.183653350634798 0.0661596503296891 0.0664635938411874 0.110485999762232 0.0771069249719894 0.0549048966551837
0.141124066604526 0.185279604149053 0.161334365983604 0.197364236365713 0.0841845277755925 0.112100697374855 0.0280164420143833 0.0382631899169356 0.0523328698153388
0.104755972280561 0.0134862880817862 0.205392684713892 0.270399535651991 0.0190831024502818 0.0591185833095129 0.0365754270617561 0.184384731983166 0.106803674467053
0.0118905142203318 0.0953534694410213 0.146749294224843 0.158600274281574 0.174722046006269 0.0342561266166318 0.172917127861859 0.155935824929701 0.0495753224177692
0.0574014184611207 0.0210581924134948 0.103951084211885 0.151303054792795 0.162990690090567 0.121001642606907 0.149145503845658 0.143645789872875 0.0895026237046976
0.0838611957392341 0.20775358372126 0.0128370639531768 0.188427600078218 0.114787113366159 0.176579411113459 0.0928209070047999 0.109811642485565 0.0131214825381285
0.164642947241929 0.0184410034693941 0.0570333850451735 0.00120156363257686 0.169333942799455 0.328840041151425 0.0484353391888269 0.183871881000834 0.0281998964703863
0.0057331486758806 0.198019667382734 0.067900404251379 0.188740329308558 0.193990267365597 0.0169667865206274 0.212905590747593 0.0900547987273814 0.0256890070202491
0.110871526441666 0.241816897881698 0.0845669209082401 0.0338843989704193 0.113296502355537 0.139971804065055 0.135050426611128 0.0505936431019951 0.0899478796642618
0.0779688737965863 0.177496371196881 0.00623516872970656 0.148909690321284 0.160748471820278 0.16860384221368 0.0584933663289868 0.0422981470978605 0.159246068494737
0.155532022970689 0.235724025913959 0.0198536374057157 0.0466439161569879 0.0590243404012599 0.182204431061336 0.114193543915393 0.0540315693202881 0.13279251285437
0.0148830481581523 0.138617480140032 0.155788213599642 0.215097852948725 0.0141592776627541 0.0819980603452871 0.0829874407701096 0.162683012856982 0.133785613518316
0.189852948709927 0.16620651493893 0.105921359835119 0.0460731459295343 0.057707211059911 0.0386405749308632 0.203065535189881 0.0421172829701387 0.150415426435696
0.00692981676008624 0.177369736692647 0.0140610555666738 0.179889051659441 0.107698068420263 0.105483132964186 0.119561873230642 0.177113892647994 0.111893372058067
0.103141920710081 0.144740327467365 0.098917021725524 0.0824517766258589 0.0989950482383367 0.0595183244286553 0.133959335830843 0.120323303869891 0.157952941103444
0.027646114997671 0.117021059328669 0.118693548078689 0.16064221631344 0.0257280795317125 0.144043916762777 0.150647526536585 0.141225433501014 0.114352104949442
0.0295631441268255 0.106739924810085 0.180848616296986 0.00913580188613327 0.0895785076506511 0.208857248874912 0.1249416905936 0.0771657519624635 0.173169313798345
0.160541763844903 0.0993439563309741 0.0133865702811492 0.121691479961098 0.212013383416375 0.0610622685689073 0.0967704787427962 0.175613116749476 0.0595769821043214
0.14433862644153 0.11997450036415 0.100116463585689 0.133642631244159 0.0594568942854109 0.108993463911359 0.136574439997283 0.0978456845817915 0.0990572955886276
0.103176905218447 0.194170739068217 0.132884941263729 0.171564890350176 0.0062723127678247 0.0960524168689478 0.110218393414777 0.0732803531046178 0.112379047943264
0.160024005142131 0.0606888912620047 0.163291188336973 0.149995866342364 0.0389272833721186 0.0998951743117339 0.122087556925368 0.163665551313639 0.0414244829936681
0.193093730626648 0.0691124614018105 0.0399191556144488 0.100559148394395 0.0129907503784355 0.228683729821146 0.158006415800456 0.125170770240532 0.072463837722127
0.0177798811507826 0.188390080040576 0.105981527463624 0.176293175425591 0.226423628621011 0.155147256105315 0.0634700209707417 0.00952761423582394 0.0569868159865355
0.136916648909969 0.178025618671136 0.0441274636189682 0.0243686716061967 0.125728209838713 0.0440481448040813 0.0378968676744738 0.112965096586479 0.295923278289984
0.127192864891063 0.0121434891379539 0.171611863708343 0.132516014322823 0.0930628237743854 0.0260259103593478 0.154226221451617 0.127576052406612 0.155644759947855
0.134888295452596 0.167021359042657 0.194016171907923 0.0797854328671874 0.183811906764844 0.0847294026348985 0.027854845187185 0.0074820671246683 0.12041051901804
0.15857058513554 0.00229617829882967 0.112593138231229 0.117509040337322 0.14824823041044 0.150077572190487 0.0460642590294286 0.163892386005883 0.100748610360841
0.167060113031651 0.0829282863591884 0.0692666775366895 0.0594416680352318 0.0291587206511339 0.156327535977784 0.0601895099056987 0.176352201577923 0.1992752869247
0.150325304989353 0.127969044529496 0.129786228846967 0.137939554231203 0.0735122687603237 0.0988306744343731 0.0832305309213121 0.115499244313994 0.0829071489729779
0.109431401875634 0.0902987329066211 0.118130249529013 0.103400374531966 0.0993843256488332 0.0464045736594509 0.15373195654387 0.129232453042386 0.149985932262226
0.182724097848778 0.0596805119281473 0.112578785838007 0.133984890415909 0.090877520933388 0.0347149629316065 0.0301387506140649 0.208466168055576 0.146834311434523
0.0738024933990051 0.0700139860004082 0.0230482183254496 0.140278839973656 0.197670644236538 0.185552710018048 0.115816105636131 0.167122945608632 0.0266940568021328
0.072640795631314 0.0501065844380537 0.266906581321019 0.0494592009233754 0.116147163106693 0.0557504189114207 0.232386633369569 0.0866266622205632 0.0699759600779913
0.209604442274255 0.0373270839346075 0.112140332936696 0.240678297172216 0.016824499901284 0.120765344814606 0.0716368510595376 0.134149578310296 0.0568735695965022
0.235639456888443 0.0839388109552007 0.0556057527760854 0.0444149552510087 0.0833165947369771 0.234178064537641 0.028006429908118 0.0827019060023506 0.152198028944176
0.0578634437235927 0.0596381116571573 0.108405459859387 0.171572979007823 0.094637467072525 0.156875971625768 0.162022999498122 0.0608722684820808 0.128111299073544
0.207882948709868 0.0777429088654134 0.0662291914889144 0.040456163305163 0.191689129855391 0.148367999855958 0.0275231903846923 0.11878867152392 0.12131979601068
0.14647889837793 0.116293205226558 0.0483394988476395 0.252376724714673 0.00594976034638121 0.0944022377003382 0.138822323219841 0.0693466978128421 0.127990653753797
0.118649022851947 0.0202885850729837 0.155229998882206 0.00746987437626682 0.0600774384865988 0.147950030414177 0.161298318162013 0.151288638761214 0.177748092992593
0.00381082088364106 0.196459291493819 0.15915582337629 0.0367604556715994 0.143294463615656 0.14371437561805 0.0268995361716148 0.17045928554246 0.119445947626869
0.176643067900935 0.169555736629088 0.0418130585503506 0.174145634692898 0.0533602665489402 0.0482158681859146 0.15424292758004 0.0354078397675634 0.146615600144271
0.0261634105460009 0.101641677930853 0.18463595014405 0.11962576255501 0.170591795845271 0.040776415461009 0.0338042107323716 0.191927104143093 0.13083367264234
0.0382481470071991 0.144007614387797 0.131683341547479 0.13093592190349 0.112032737037567 0.0119261674582166 0.222336561248595 0.0651675320834367 0.14366197732622
0.187981551033533 0.0171125224585844 0.0905082951958414 0.214648933971085 0.102605435828333 0.198081630768625 0.0350330810793666 0.0905736459333804 0.063454903731251
0.182534314737961 0.14239888932202 0.0543728550122423 0.176926751399425 0.118518389824257 0.148775909300684 0.0345481853057873 0.060416054914677 0.0815086501829458
0.080913067507882 0.229733753296022 0.117016941820062 0.0237077834999097 0.198757738988953 0.209977487301695 0.0158283286872579 0.00923922791220283 0.114825670986016
0.0627738216290659 0.0187425156001849 0.0365033745465759 0.0576522637080608 0.168245393353422 0.106067465860253 0.153975353902363 0.125013885486397 0.271025925913677
0.0166051852048978 0.156422110543505 0.202740774379868 0.060376021205048 0.00867596898336252 0.214868690928622 0.115886067164201 0.0754828222385738 0.148942359351921
0.0432808692154464 0.14013573741818 0.168752674198362 0.0588205731453668 0.130164434478086 0.0453633269083044 0.164537754420686 0.199916747705968 0.0490278825096013
0.205425307884765 0.026784077160104 0.106512203595741 0.0458844201786608 0.0971381170362835 0.0570091915031159 0.16329151675859 0.195460085682882 0.102495080199858
0.17207667610255 0.107186751939755 0.125841817801563 0.183985279603308 0.0414329607788137 0.0383926099304973 0.151449377337566 0.169630013641511 0.0100045128644364
0.00617890173525239 0.148579292079397 0.103503802681392 0.0510741027737171 0.00499090147258508 0.17155627160539 0.236730463804481 0.0416186778993581 0.235767585948427
0.119507946884274 0.117924180914272 0.137232751305571 0.14064044043773 0.117870765128178 0.0154215986980342 0.141300105043648 0.137165041549288 0.0729371700390046
0.0573911145543968 0.203875241061963 0.0129269992124481 0.205311882725685 0.128698439241239 0.0252017979818925 0.102313732068472 0.096085782585925 0.168195010567978
0.265991867939325 0.229702399874923 0.0427320151312733 0.0172247060431312 0.0528601120823576 0.0989035842662852 0.233614511339789 0.0395344688420978 0.0194363344808187
0.0964732216456195 1.56259649813109e-05 0.114209818499421 0.123429517945769 0.139474591458078 0.146400336212636 0.201463746318292 0.0887519498056831 0.0897811921495203
0.14968888664926 0.0532090891818186 0.194747459532387 0.159648319859679 0.102350444172567 0.0321963949291632 0.136085150958579 0.0076608543527192 0.164413400363827
0.112804489238871 0.0674232661089636 0.239438956979373 0.0959640347488599 0.220487763980059 0.0771130132973255 0.0269179127924086 0.107292116309519 0.0525584465446201
0.0300850866637928 0.127597629477024 0.178083927517172 0.14110508758714 0.0787559124539698 0.171085314376225 0.129519401481849 0.0840144642768719 0.0597531761659551
0.0153431256292082 0.186178507885543 0.107089033800465 0.0784267026986052 0.206512920551696 0.110463679939953 0.0924984437710169 0.182865101102299 0.020622484621215
0.0934863986959355 0.144826629087714 0.172145708710735 0.14086733432338 0.00449768759760488 0.180302782334664 0.148657706581811 0.103532483271309 0.0116832693968453
0.0187785554063735 0.174287683921015 0.0432253516729352 0.130632351757706 0.164279901258109 0.166531248184402 0.0981513776322282 0.108770243530489 0.0953432866367426
0.113635949372854 0.113844125071067 0.091291217234257 0.198146266836876 0.0608603928032152 0.123699694977678 0.0829110324363752 0.029516683530374 0.186094637737303
0.0424118261579187 0.12651727249838 0.105795103693625 0.154358469349946 0.182425205583931 0.154103045838318 0.065789983202395 0.0219589106408939 0.146640183034592
0.00883977360016549 0.0837403956495926 0.15534948039906 0.0935301944339183 0.10572498611122 0.116494676336269 0.132784902963651 0.125687488650753 0.177848101855371
0.240869470691458 0.0255100619733005 0.00366888336244674 0.227960949918278 0.127487042283033 0.09441468647715 0.0347286755453239 0.0127402680096713 0.232619961739338
0.0847889551312015 0.0810568749370385 0.0150569293935628 0.230545023199047 0.144100375689307 0.24455706355675 0.0239522489866587 0.12438282753003 0.0515597015764052
0.0780054847102381 0.234968854888948 0.253588420153397 0.0681560743128073 0.0570349734524513 0.00705325338438033 0.117966737497797 0.00951045567870056 0.17371574592128
0.0901482263362195 0.0621946376596162 0.106397315075189 0.0336737835960099 0.102967774826639 0.0886491973125614 0.136373088505676 0.197924581965372 0.181671394722717
0.0590762780782807 0.181900472112491 0.197330110447299 0.0668930203288792 0.0280191092444024 0.0367265682770267 0.149100649205309 0.147504979032046 0.133448813274266
0.164786826973669 0.153565308736103 0.125339237143296 0.119443358452713 0.00635393714104311 0.0418915496251744 0.152371859064585 0.157864455938375 0.0783834669250413
0.181220023509242 0.193160226952898 0.00847913272526357 0.0840851004388744 0.101026469217281 0.241699990299741 0.136550703078561 0.0361933855032054 0.0175849682749337
0.0909163162114535 0.133721586921517 0.0863421588436783 0.0494024356007346 0.211040886153618 0.215293103421336 0.0223554335322665 0.117063300938862 0.0738647783765339
0.157454748424883 0.101178292847533 0.187107366589201 0.115295573324844 0.0924030116113911 0.188619340287773 0.0277886546843986 0.0718312495068556 0.0583217627231209
0.102790329303461 0.114319828986083 0.0988746449514026 0.182278395970964 0.195969618600488 0.146740978994329 0.00765550194072671 0.0123959993609319 0.138974701891614
0.224781699988993 0.261852004026274 0.045511806134397 0.0304599328261497 0.0541899646852805 0.0123467744970151 0.167388301293178 0.19363986073454 0.00982965581417203
0.139705965098584 0.0950484260789054 0.168448930299665 0.12445791506949 0.0476736015700939 0.0233023107934893 0.104371151125165 0.126196022752066 0.170795677212542
0.0563280860523513 0.168362894936869 0.0278090596627682 0.145027030777225 0.171727844668349 0.110165673801789 0.147287630136279 0.0413167488959688 0.131975031068401
0.183102869978839 0.116728050597146 0.0241494721561198 0.0948437784729268 0.0583858837675666 0.141976998505039 0.0571435895973111 0.140771954158005 0.182897402767047
0.0133434182188006 0.253881570111253 0.0790219219466218 0.137701434323293 0.0674941078657584 0.245001180618914 0.100373643390578 0.0559432386173949 0.0472394849073856
0.00800018254008696 0.141361512170012 0.151148715104091 0.0141956599932894 0.125658253170923 0.172363668215866 0.0739904884862422 0.187849364697601 0.125432155621889
0.0148452084007314 0.122939875934424 0.0262793112285956 0.183832541849011 0.087687410531049 0.144874183099272 0.19921792136679 0.0174849837843271 0.202838563805799
0.142879289649466 0.151673948114521 0.0518287956639819 0.0422560187547889 0.0771866718890001 0.155209958038119 0.133753697518601 0.167128383636247 0.0780832367352764
0.0609251581004768 0.0821238353826855 0.0892703367415051 0.151548101530757 0.0568905217054831 0.103558206182753 0.145398481654785 0.194199619596928 0.116085739104626
0.162479741898394 0.200751294718399 0.00758365354911194 0.12153289885582 0.218582137042031 0.157036980382465 0.0121156731286726 0.0420852701311058 0.0778323502940008
0.00348380128224045 0.0531592155949099 0.141784285208938 0.0402936342116521 0.087894553060627 0.0325596910660452 0.227652580191268 0.192646414077898 0.220525825306422
0.0200291659249327 0.216799049866772 0.151409142022772 0.0719605904127785 0.0177253044383298 0.129653533618325 0.201213039768345 0.0514142217310356 0.139795952216709
0.144652646608788 0.188990766786362 0.157704136020243 0.199177542485235 0.0277446015112003 0.0116898677499549 0.0543548458550807 0.191891049979642 0.0237945430034957
0.177398751710195 0.206691886699307 0.0866621297675309 0.0677935183185725 0.0380202268878641 0.0642759919720832 0.0690489474650727 0.125719952892294 0.164388594287081
0.117414729034348 0.151484757148265 0.247675548259177 0.185862833773135 0.0427973614772536 0.132463827611491 0.0573283251741715 0.0152196319006383 0.0497529856215199
0.177048694749486 0.0227401489163068 0.0452681682238721 0.177772104122536 0.0849637563088257 0.0861246817278926 0.0188813142275287 0.0413490200389807 0.345852111684571
0.178109224820302 0.164500988565093 0.0067790435508107 0.218669141328421 0.0605747406019238 0.0985466604405067 0.13725493286396 0.0672374573032539 0.0683278105257292
0.0675356459359044 0.0541417517886392 0.0418754018966935 0.156563493301208 0.193757556131225 0.165647082440246 0.0864680497778373 0.209213531171726 0.0247974875565211
0.234092681735894 0.146218337923664 0.0386052834662689 0.140077974798746 0.0371255984849499 0.066520020698278 0.0380450298877881 0.158790819139972 0.14052425386444
0.0440387387848221 0.148318745570431 0.159130297449354 0.0170627603897587 0.129422140375048 0.151483354985422 0.0346174720945019 0.184867479065616 0.131059011285047
0.0104016790772961 0.105327713200507 0.0822635773825633 0.147626315519738 0.00671824508112879 0.0988289820048031 0.173538380126187 0.195053532261865 0.180241575345912
0.101386878828604 0.193144596505803 0.0968967041269436 0.0280029935236891 0.00373083493045155 0.194173185804882 0.196959103880902 0.0196745698209573 0.166031132577767
0.0682485135163199 0.0238551944036084 0.177580517507057 0.190303240527135 0.0367014399668587 0.0812518909933035 0.0718681237137128 0.172453950136646 0.177737129235359
0.0194590439466793 0.229597607340768 0.230611465429764 0.0520188341147806 0.0748720903945352 0.064172321505763 0.2416667524432 0.000451990403112933 0.0871498944213967
0.219867824862196 0.10207536541195 0.03829819807924 0.00767920546944389 0.0128046731900888 0.120848753397224 0.200521627645218 0.151190882861336 0.146713469083303
0.201331064998567 0.0105850859271534 0.0505287608246225 0.152874672405663 0.109087704973167 0.185468171553448 0.20244467621187 0.0235522125538712 0.0641276505516386
0.131981691902502 0.150565701171993 0.0267253939948275 0.181379875661166 0.0177968757184028 0.168739489910299 0.0927136362008607 0.0729997779484987 0.157097557491449
0.136808759025326 0.0739293850834846 0.0379155577265815 0.265058893102504 0.125187176185515 0.158041878976717 0.0484663729646085 0.0509720269846311 0.103619949950632
0.175188518992388 0.154862846948644 0.138922183324135 0.013917651257073 0.0376277469312906 0.177836581954674 0.104538140852442 0.0264179508367858 0.170688378902568
0.22325497269163 0.125483655331063 0.0861285592767299 0.0758776429173901 0.0479267045351068 0.245058589217373 0.010844913454799 0.130175491348359 0.0552494712275491
0.14699229565067 0.0662253737654047 0.236109255956664 0.0486779422309245 0.091210142303384 0.0978994193660246 0.137280243867571 0.00453540534723093 0.171069921512127
0.200092083512876 0.00990600402082029 0.0231500628695418 0.210667313707989 0.16070350590639 0.061605765317602 0.0815750199474047 0.101941211198677 0.1503590335187
0.130048429443025 0.117701914124473 0.118894707819211 0.145854703290246 0.156064610228285 0.0827845863141233 0.0236982391985273 0.198137170944334 0.0268156386377749
0.195266598717865 0.0573560054724222 0.0539928829136777 0.0476889471160433 0.0761281257467669 0.20942565897339 0.0963484507626691 0.191294376518129 0.0724989537790365
0.13366913839214 0.0456927081040457 0.0509446088372967 0.0943967309593982 0.16704464128208 0.0711429723203989 0.141361278681312 0.118207772747811 0.177540148675517
0.00687443673570731 0.187563211022519 0.122002498365747 0.121548904015048 0.0933982687480943 0.110706692477775 0.137057906441903 0.120644863090271 0.100203219102935
0.124347504788311 0.0596393329133009 0.1542830509116 0.148249938570353 0.091232123868324 0.100927223838958 0.140303929794603 0.0821809899730584 0.0988359053414915
0.102517848778587 0.0942969881490336 0.0961369901332834 0.0838347734158473 0.11370692962681 0.0762983391638156 0.10764738739339 0.180556148502985 0.145004594836248
0.289535872055399 0.0117464504199764 0.0717548998727386 0.103320644540959 0.219335776480758 0.054247036122695 0.0109380772251927 0.0213237617473622 0.217797481534919
0.132057580136646 0.0450002795067533 0.0672425454460295 0.160926811111168 0.165538460986567 0.0297127129148128 0.143455556415545 0.108314815297783 0.147751238184695
0.0698352230262228 0.0640261512630716 0.0909152926839709 0.0609258033078682 0.00978566193766945 0.218867714316307 0.159509477002586 0.2275636696915 0.0985710067708033
0.0531430777584192 0.026358741981037 0.0582410659158271 0.191960917287451 0.176474630310978 0.187768472139949 0.210182796456701 0.025082279750321 0.0707880183993164
0.127347112120438 0.0251146357472175 0.00664660842673238 0.128330615120316 0.168798171376573 0.146243974390299 0.149905150786572 0.0968379798238816 0.15077575220797
0.120410345545673 0.016335451096148 0.0746619662063573 0.166701286757868 0.109249124336353 0.127641945825208 0.124984018755257 0.157075998953742 0.102939862523394
0.170408999796475 0.0932854116511156 0.0619807566312249 0.206928742608015 0.114206159229336 0.0885494360245486 0.158919305996242 0.0794147570698323 0.0263064309932099
0.104125636267363 0.0355416038843616 0.0367455040002578 0.193672748033861 0.11052905857261 0.179432081950258 0.193467322936063 0.0638784401708649 0.0826076041843614
0.183494497432862 0.0862251029137194 0.0659327603842421 0.188877070822861 0.144494802431162 0.0605773932406604 0.145763121164375 0.0206759167857752 0.103959334824343
0.156388948334018 0.0962602795723757 0.00475872284599095 0.201813354795789 0.154963755440214 0.0272389803312247 0.164503417586787 0.00964618264148215 0.184426358452119
0.19228366782998 0.15741147473167 0.0225318222816157 0.164251035364912 0.0266423061063145 0.0794133035310654 0.0827549692643497 0.0649290378116504 0.209782383078442
0.147030298852666 0.165617881351869 0.150198265564054 0.121178552873873 0.0401541798843596 0.109934768896069 0.021853433350768 0.0801591663023543 0.163873452923987
0.0524464368717812 0.00858080735316433 0.0136591452016933 0.176840962815397 0.0398534203679231 0.131230199876417 0.212523532319068 0.192028842444722 0.172836652749835
0.178712718852545 0.141322899140773 0.216143815511315 0.00211218194041494 0.119263560922882 0.101853890023013 0.0951286907587654 0.0971206388068502 0.0483416040434417
0.17896291497345 0.124313741118387 0.0160075278868038 0.0300954700527068 0.0399972327043167 0.219541801928113 0.0335030276850285 0.177211422288461 0.180366861362733
0.0152888606042428 0.118244369871761 0.126832207288359 0.010334885628783 0.337622839743572 0.11174957904698 0.0886674177645797 0.0371031601750082 0.154156679876714
0.198028700557803 0.0667147935086846 0.142289127125419 0.122109805222069 0.111588410655194 0.0189125481511755 0.240998069717353 0.0848105844920138 0.014547960570288
0.0587442697550572 0.0565983303490299 0.22345484930096 0.137626027823649 0.0882574435118998 0.186314483934136 0.0364205647817972 0.132625024118747 0.0799590064247246
0.0999156837263734 0.0874591223961372 0.211964262475998 0.0673982477860011 0.0971093115815033 0.122736131130611 0.162956153853232 0.132659079104744 0.0178020079453997
0.184747996799599 0.110993127050497 0.142053492146362 0.05459124194521 0.0937979727928174 0.107998361002344 0.0442532457024198 0.120186458023772 0.141378104536978
0.18669060055707 0.108577187879274 0.0752906502143579 0.0641401317701056 0.157811703954111 0.0434122180991732 0.126011049700909 0.202823200259932 0.0352432575650664
0.101120088759063 0.227753183076979 0.0886296702038969 0.0332132493304615 0.15915956313618 0.00833112351679759 0.162481674723006 0.110413502676512 0.108897944577105
0.0584618495895674 0.0946207032908098 0.109492801518134 0.119097988803797 0.1011911222285 0.0394843951300868 0.229703943398675 0.148867873791514 0.0990793222489173
0.145484393757013 0.0275587497531144 0.0815715720631854 0.0744053576579374 0.178120574003129 0.176695400215909 0.108315407662686 0.164498613959956 0.0433499309270697
0.150486721443219 0.209815542997249 0.0980079906815187 0.0485079860874582 0.143530093849855 0.0239136496472048 0.211839226969479 0.0830547527070487 0.0308440356169687
0.0366182192468929 0.1132411018988 0.126595182322621 0.11750123023019 0.0941543163281949 0.12920112511329 0.15918333354916 0.0210387855399234 0.202466705770928
0.0187031767433405 0.191438625917063 0.0357019878417556 0.16844218877737 0.0311610263079019 0.281499408971439 0.0653654283791559 0.10625941203941 0.101428745022565
0.133336564650395 0.157388388780627 0.169870448490502 0.0686604116806227 0.0827212590626561 0.116434798268679 0.037573776296652 0.150882949887995 0.0831314028818723
0.117288495176631 0.0659151802790422 0.185530296494449 0.150036962197836 0.181089989190422 0.0364526405859798 0.0305798144838151 0.147592284677278 0.0855143369145468
0.0959671970629259 0.177022226671588 0.101405921821284 0.112790664367795 0.176084608889236 0.048636728701351 0.143802222716988 0.0477128336630569 0.0965775961057747
0.214268501422336 0.127566095568247 0.0922395771082664 0.107084181098854 0.137492860579571 0.0667213007579634 0.0325980942296495 0.18553078406706 0.0364986051680532
0.0835777672415466 0.175179797887682 0.19334942791935 0.136054340294587 0.144903663709148 0.0149491076386471 0.123938634680062 0.0657155133912677 0.0623317472377091
0.154785520960719 0.114876068274368 0.0277668761121697 0.179263543973523 0.0653626265581962 0.187652413149188 0.0141679097004547 0.146074802292286 0.110050238979097
0.0482944714365815 0.141480234230842 0.248301719842058 0.0576820482967593 0.0453186791864558 0.163626583723087 0.153956075586005 0.00662510402232688 0.134715083675884
0.0669244519821026 0.184459100844678 0.0929714470498785 0.0843171970449303 0.201908830691741 0.126433589735758 0.195545939782945 0.00998732920455974 0.0374521136634073
0.116334984406104 0.219193667449368 0.203076413035409 0.0261529250932569 0.0980913665469598 0.183874398737478 0.125920619244708 0.016996661406444 0.0103589640802725
0.246308029362655 0.0470804748474272 0.13073004836703 0.0145191454625861 0.0735715436378911 0.0215755573376048 0.196564345147561 0.115570299081203 0.154080556756042
0.229668609920092 0.111604197384451 0.126912410870289 0.232733722170341 0.140476731997306 0.00573152160991077 0.00769163503757289 0.03062139453413 0.114559776475908
0.242527123389142 0.0294339170599043 0.0119255269143972 0.147615932345341 0.0374737955271238 0.0993138524477615 0.17843312899689 0.0238318578660289 0.22944486545341
0.193087684685863 0.14282130892797 0.198763028128597 0.0784653140421616 0.0423432934037554 0.133213814149234 0.132622388503942 0.0775797598904548 0.00110340826802091
0.0122456654755425 0.0342186683635138 0.104347373941485 0.130381024188592 0.184017285186869 0.0589458539426276 0.0874639777520669 0.221465679040565 0.166914472108738
0.130316816977187 0.111601648675952 0.112773233959576 0.0858236044075044 0.0959159304463174 0.147804701071462 0.144037237497869 0.117009619618197 0.0547172073459339
0.134881974584449 0.00426741745584166 0.178740131565337 0.10351945413993 0.120442934916789 0.0755285992165798 0.144636678486822 0.167331185083002 0.0706516245512491
0.115696666562372 0.0797015817934351 0.0601539680967173 0.131467634261115 0.0861335556764167 0.0813031162616319 0.167300368667959 0.106586463022904 0.171656645657449
0.236906811935393 0.075753931383598 0.0583889334910857 0.0759540717593918 0.11736276021383 0.0130422027387245 0.228680463939203 0.130484185653691 0.0634266388850825
0.159428395686607 0.208165357109946 0.16042152192729 0.213734640563914 0.0306442895250425 0.0153148981583943 0.0637748833533762 0.127897343852108 0.020618669823322
0.13266460999329 0.160390480028679 0.0337251260537097 0.082390138335958 0.150681216854303 0.0117258089429052 0.192188713899322 0.0363915645760521 0.199842341315781
0.0268243398672651 0.119479625689855 0.10444726414 0.14044255171773 0.0769468742054246 0.0819905376287921 0.149134787634626 0.0807599012059898 0.219974117910317
0.166994077669038 0.0191463360498522 0.0268050198097214 0.150483971869445 0.0919327909468133 0.125571157435749 0.199646525339659 0.081095006923727 0.138325113955995
0.0199646938820539 0.16687708262201 0.0603032444089707 0.15850517625847 0.163123425058525 0.126661632665071 0.1377999379095 0.0601433424969039 0.106621464698495
0.126005520464788 0.162557991267385 0.0731383106223945 0.0762380828318773 0.0145049401663782 0.202705380837628 0.090551122880712 0.128603751907277 0.125694899021561
0.0347908795771074 0.201151430425324 0.0666173922065886 0.168961592150416 0.141436685068182 0.102246420734973 0.080421190865988 0.168423126343694 0.0359512826277266
0.178124845111237 0.14198114784435 0.0321643593325708 0.105589201193188 0.175164422743078 0.156855590106189 0.0646611982117563 0.0960609458232324 0.0493982896343992
0.157125590934121 0.086492253395209 0.0413410862524894 0.0946206935147943 0.18869179800453 0.132440653767938 0.0901267442650045 0.0422482925747291 0.166912887291185
0.17871855268086 0.12788793279036 0.173693288836519 0.0698149981647952 0.115826935892645 0.141432339266922 0.0189174459631635 0.0961462607895845 0.0775622456151502
0.0237614980250407 0.185400209642589 0.23935660162852 0.0602787906381199 0.0650139806544426 0.0957135763087921 0.0715856433551219 0.242208050534539 0.0166816492128342
0.0737449299535244 0.139448955086088 0.158602760587256 0.142426380162964 0.147842959765165 0.0944784432241516 0.0468857514197505 0.128950767671293 0.0676190521298079
0.25238239193212 0.0255528550713602 0.0906156199438096 0.218679833353904 0.108088774588115 0.02691285595917 0.131098022362992 0.0702645353427159 0.076405111445813
0.232382538985461 0.133605403599739 0.0127293110226662 0.095607538663241 0.0539939091099753 0.0612088963367795 0.260713996486303 0.0849008648169795 0.0648575409788563
0.16620413122653 0.0942842725600387 0.051082812324686 0.106392710973941 0.0340672456855825 0.0413676781355565 0.244812114808428 0.226495191855884 0.0352938424293528
0.0241368535548504 0.0915829261352109 0.161153718982593 0.242362199428819 0.0196149319352071 0.0157718723207225 0.0590197137717113 0.112646162154234 0.273711621716653
0.168210450523067 0.132525844254234 0.0452476592411574 0.00967221918383689 0.171372293207018 0.2249200079767 0.01783468293507 0.16574379815223 0.0644730445266856
0.114361604871518 0.178733432274156 0.16045029066869 0.0954147582547044 0.180804606094832 0.0162068497168953 0.0114136825473493 0.105059223577576 0.137555551994279
0.101632060135935 0.0905258966316558 0.0554797260870986 0.16099030131538 0.0176267677293508 0.152717756042197 0.167676059328403 0.175494634573872 0.0778567981561075
0.0013727133136403 0.131840549534282 0.100998650241361 0.117997963376528 0.068421483791754 0.156986407414654 0.134064994532401 0.127386608200709 0.160930629594672
0.023817018938481 0.0876796234524133 0.154626332204299 0.179649408088182 0.190919182629253 0.17626912165855 0.0358350261517983 0.126930670068011 0.0242736168090126
0.0538125542484716 0.120436961435865 0.205628978821085 0.170058581151071 0.00787645942160115 0.0748218879416114 0.148715796103016 0.0513188119980409 0.167329968879238
0.0961735766600959 0.128347153916111 0.103841174462633 0.155763865895954 0.00437243997032103 0.13348723845498 0.120833415771401 0.131089905354505 0.126091229513999
0.037451811264633 0.0323446723048869 0.125183366566653 0.138174161550501 0.123098791187793 0.0581591547224613 0.0933494582843125 0.14737290006552 0.244865684053239
0.168196468160617 0.148479347250427 0.101180457815602 0.219184839100321 0.0238440805958606 0.0385613828371266 0.162754524942999 0.0799489201574074 0.0578499791396387
0.00691524065957202 0.178858836758739 0.0914755297023707 0.112854144836658 0.107400586630107 0.164013607916468 0.0468661191471263 0.20189007838326 0.0897258559656989
0.12840817021104 0.0157388612928258 0.085313346091514 0.123124830352586 0.120624874218116 0.145682940482844 0.133689194665022 0.146699460428461 0.100718322257591
0.145411583006863 0.0414598362944608 0.0848359403730417 0.13560083530862 0.0940242893923699 0.206700883119621 0.150994172376266 0.00613672439372542 0.134835735735033
