0.0595761344631579 0.251771830712027 0.195064434403434 0.00149448602490689 0.246970634502216 0.239788189548723 0.00533429034553551
0.083519317962139 0.243135956435135 0.128042289230146 0.0849496830100558 0.179362132655839 0.131977050104334 0.14901357060235
0.0134331128891785 0.207938107957033 0.250026102351691 0.276751496916179 0.0305783081281653 0.10071741854024 0.120555453217514
0.109407164939974 0.0750173363517393 0.208467915719468 0.17044072095414 0.170448433284166 0.0904238970043851 0.175794531746127
0.144481792029435 0.12328687197583 0.203888170897125 0.182282301223177 0.0878984417167461 0.0419497579697206 0.216212664187966
0.0622448677359536 0.0534942213199391 0.172536026974025 0.186111905118027 0.14895111971372 0.105912772951884 0.27074908618645
0.0959243387624922 0.14213974944928 0.130134527031302 0.167004037343736 0.214054030907167 0.0813348466271548 0.169408469878868
0.217064637935251 0.00716872351355306 0.229354073897969 0.018595733107576 0.155996830634798 0.073378891921667 0.298441108989186
0.155962899357448 0.192740302841216 0.150376936692728 0.126050683200085 0.018720200344913 0.0858339358023615 0.270315041761248
0.260552556534371 0.0464380679253264 0.0843581423682674 0.168285638535703 0.173691428381259 0.134488980169963 0.132185186085111
0.241785520379741 0.109603096872811 0.110152369309137 0.367160748045518 0.0680744179399931 0.0749678920142647 0.0282559554385347
0.207667710878994 0.0524443105734747 0.20574998780087 0.197999476407916 0.0997645020130461 0.148243427285483 0.0881305850402159
0.0649351754388546 0.190091417973694 0.099412437678594 0.178029246396086 0.201087741553542 0.0776680335084413 0.188775947450788
0.260709386325994 0.0495292197232074 0.0558616690888399 0.0595250191678647 0.18106771696076 0.262939550573232 0.130367438160102
0.086562180643055 0.0286425702976943 0.0886218164794991 0.241103673662549 0.182361128809294 0.290690811900228 0.0820178182076794
0.00337181504805847 0.202021446675118 0.164829665528385 0.128319818142043 0.140936254586719 0.160295479435452 0.200225520584225
0.200891355865585 0.125020346157185 0.126471908025253 0.159913606146282 0.0766546410404554 0.203659953778294 0.107388188986945
0.0720722073475969 0.072749778238411 0.18482939838031 0.184047451151515 0.22190237342211 0.233106290662183 0.0312925007978732
0.0800517512329977 0.396754860290445 0.0173021101447942 0.20547763178845 0.0645103810749684 0.00896190992380308 0.226941355544542
0.197495226099765 0.232558334330341 0.233872634036168 0.0659898090839995 0.0194168134986306 0.00945398155258967 0.241213201398506
0.115597230488856 0.040161044602887 0.139707678335028 0.341884311517886 0.0987982213501176 0.131220118031963 0.132631395673262
0.148976978747757 0.229561148320873 0.179080336491697 0.155304772913464 0.0179415224668607 0.134005183987628 0.135130057071721
0.139673358447885 0.164882387417569 0.152706659807961 0.179770325169278 0.153190276143948 0.130461696359955 0.0793152966534033
0.282810379481302 0.0101873124094288 0.163028304778848 0.0217658581944815 0.150490012458083 0.133192988949735 0.238525143728121
0.030271695244377 0.200875055474976 0.108015192261175 0.202554513489439 0.100347949451846 0.15626618879009 0.201669405288098
0.0942090425505665 0.142579556328155 0.0980830286543393 0.169969221656376 0.0294426425561453 0.251345863397641 0.214370644856777
0.0150585526731837 0.191724118626864 0.113405447204403 0.204013114963757 0.189534952224235 0.220380168622062 0.0658836456854955
0.198193487237935 0.191548460984417 0.133231859534856 0.0793621073452094 0.0811710846512593 0.19968552553481 0.116807474711514
0.370537504808451 0.0168550047157658 0.0151628248530967 0.222183319607976 0.0938800044174635 0.101882566851089 0.179498774746158
0.166136329509009 0.141081823279544 0.146293056870726 0.148079973330813 0.14494533802959 0.0452741313105137 0.208189347669803
0.165080378056504 0.270903653494235 0.137187489203155 0.0841701897138503 0.261174728526982 0.0730013816351847 0.0084821793700892
0.0733177569897065 0.172430294072327 0.316309248948702 0.0599680541952692 0.0982040392560942 0.0591519265856448 0.220618679952256
0.177071296952935 0.0577885798857778 0.0310100457214666 0.027730579092917 0.0289151116139045 0.305088959429881 0.372395427303118
0.0752601566696915 0.290950684158327 0.282909774878135 0.133031476237861 0.113303545070451 0.0772007663551892 0.027343596630345
0.152717340252475 0.0398083527113326 0.260701998096067 0.153737212440254 0.0853004150769759 0.255760134854316 0.0519745465685792
0.086020356181138 0.071820306381214 0.221015494664742 0.232322517126432 0.245243634489513 0.0544161448041401 0.0891615463528204
0.0933705960719501 0.232839827178954 0.111194949688971 0.126292511994238 0.151364779238164 0.0284897075245839 0.256447628303139
0.0991698318201423 0.196618223257232 0.120197659810607 0.0558616184458208 0.247274033806363 0.0304201802482816 0.250458452611553
0.215136414813934 0.0896714678202037 0.27990617652386 0.245725774420307 0.0700616897349872 0.0289616051948335 0.0705368714918744
0.294862437589633 0.201193821141383 0.282390176468076 0.0889294409541318 0.0245285621638148 0.0906894626667501 0.0174060990162113
0.194452758579595 0.0949153173958989 0.215363394604306 0.0158187999356233 0.21313784198737 0.149647307451904 0.116664580045303
0.0163895059174087 0.0797550118643989 0.0663977596180549 0.259137202284024 0.199275023029765 0.190078948592096 0.188966548694252
0.221941210822401 0.166683280692708 0.230469481436152 0.221984388801644 0.132396484810901 0.00911245012850466 0.0174127033076892
0.168513162820253 0.140284643327494 0.122422931794588 0.277418620881921 0.0293154752411173 0.115446274288053 0.146598891646572
0.219720140049397 0.0972922547740314 0.0530129709601103 0.135341949331369 0.113198577942499 0.143499544255751 0.237934562686843
0.000556140956017756 0.186503491130863 0.176456708370512 0.218680427592339 0.167937858626036 0.00307265149796075 0.246792721826272
0.121072452258547 0.0870780848643446 0.257518299006064 0.0173277773041378 0.255550851094675 0.249755268842752 0.0116972666294806
0.229792222476463 0.14453706865412 0.174417621316066 0.0175059412035365 0.00419127298208676 0.277405018426349 0.152150854941378
0.129090928402134 0.0110828872076303 0.118910255900924 0.208731415169665 0.00371107537008396 0.201037335120452 0.32743610282911
0.198384551011352 0.131568764899675 0.171651323017685 0.0443250909691079 0.131965487141342 0.220550297081455 0.101554485879383
0.288660707047134 0.174522178683786 0.0373641207850526 0.0456278890760139 0.032817196391411 0.18411355662815 0.236894351388452
0.0610829241284888 0.158744145886319 0.345107441948658 0.216167407753409 0.0130297491497334 0.0421745067712392 0.163693824362154
0.12126354660429 0.157822499875055 0.0200850132965118 0.162336472579986 0.19717791670683 0.117964699826283 0.223349851111044
0.0646966888299734 0.0633328088664663 0.218648038111995 0.120752420846857 0.207997784220116 0.217906551881653 0.106665707242939
0.248268575873527 0.0141602307495712 0.234841313287943 0.0929909740702665 0.182980340537561 0.0185700166216963 0.208188548859435
0.126034841366665 0.220245969790174 0.239985696541843 0.189677358224354 0.036203345668408 0.0686986760464263 0.119154112362129
0.0626224583516256 0.292656762635807 0.188323962591472 0.116670474685187 0.0474812903668587 0.248908487538488 0.0433365638305615
0.0976103099695326 0.110887153387958 0.0230805488191466 0.171646643395729 0.21429770855756 0.122006387098014 0.26047124877206
0.198789350828828 0.107697900588214 0.166480962466775 0.120866843010317 0.0465837014022302 0.166547366729019 0.193033874974618
0.0808984576288334 0.153331589411793 0.26585236831335 0.350701401560096 0.0199397148901445 0.0469345227230685 0.082341945472714
0.118201715136257 0.190027585296679 0.119329093626393 0.175724181406502 0.0667048577601474 0.190196011970119 0.139816554803902
0.0661376878791998 0.167198501908842 0.187860147512227 0.0234475166832383 0.171780365929248 0.185809881708446 0.197765898378798
0.139316586155699 0.0926776202532432 0.221203400772994 0.185881287752011 0.179911986616509 0.0851789613169765 0.095830157132567
0.246441383380631 0.00396322465014832 0.25493466346079 0.211318335715369 0.0683511160350104 0.0485208940158743 0.166470382742177
0.0520242230462479 0.179801369600188 0.04087033257234 0.125248853789175 0.143352599496987 0.217592402043969 0.241110219451093
0.0995273611567818 0.103723830485359 0.227619844965253 0.113826135976534 0.0791594827950158 0.157726061096494 0.218417283524563
0.142946002166182 0.197559167063503 0.16151666222414 0.0590669295131449 0.0804198866779537 0.153846210172275 0.204645142182801
0.0324491339149106 0.222232381981017 0.0982734533388025 0.115163279737999 0.0304632848941132 0.253218639731778 0.248199826401379
0.0793811170715761 0.222046009209618 0.192372296949342 0.0167924616243444 0.1473073188556 0.121787393534385 0.220313402755135
0.209324154371234 0.0698156051529191 0.0737388798828262 0.00752545597024031 0.207553477233619 0.220557206011208 0.211485221377953
0.165634209291884 0.0687230865891447 0.169866890286279 0.0410588491827253 0.22402313570559 0.207646500551479 0.123047328392898
0.221595558628994 0.162488598626554 0.0888911892519387 0.168986429380123 0.106037912451834 0.108310713843049 0.143689597817506
0.200515489621038 0.0910950749511982 0.0544705953165271 0.412946364274068 0.128790223761279 0.0604585252984239 0.0517237267774655
0.0441720840352809 0.13339509841132 0.13081769118713 0.162977416413844 0.165510858481942 0.0961333761853595 0.266993475285124
0.124163519520595 0.178465985003055 0.142251076617906 0.101270149527811 0.131226357776628 0.182377231938937 0.140245679615069
0.0837999860185962 0.0529586916746229 0.114570148164756 0.235659008533356 0.244429784868286 0.0238515767810241 0.244730803959359
0.137793537629119 0.0719187462068745 0.273324234916752 0.0498428010286308 0.302262726382636 0.158355361922456 0.00650259191353084
0.102054501456944 0.186790935939337 0.194864456666152 0.0495154170880196 0.227160856815687 0.16932840657769 0.0702854254561705
0.0285198542094429 0.0518933216023412 0.238629092284304 0.202508112482837 0.0656683588462787 0.182054194326031 0.230727066248765
0.195571560986741 0.108805265879048 0.0296861041998385 0.246282936682206 0.253007308848457 0.113625786080289 0.05302103732342
0.24859657883883 0.0326796206066912 0.178828538345892 0.24841215683203 0.164373286349174 0.11862239249227 0.00848742653511277
0.202748471365215 0.0769356641591547 0.0159415995190395 0.176506360850329 0.227009205969731 0.135182370069712 0.165676328066819
0.0461931528503745 0.274738899587828 0.412991003632731 0.0778923779203372 0.0694596535432268 0.114194427163538 0.00453048530196487
0.033379522370015 0.169141290372664 0.00680760561598905 0.195188793436494 0.178949056971431 0.23099040620182 0.185543325031587
0.118512178715408 0.0875998508382284 0.112678792267433 0.184282556471282 0.101780387717484 0.138697521411538 0.256448712578626
0.170288932265796 0.0709196385611748 0.0308769154023173 0.305335585925839 0.111031883490618 0.000143568370152504 0.311403475984103
0.199115749090898 0.112901284432142 0.223516288454171 0.00981790200635016 0.157596568690552 0.103147164187383 0.193905043138504
0.0152177207713668 0.0524283219429611 0.169122294052433 0.252335820987464 0.0516784523112526 0.401018067603543 0.0581993223309793
0.227374889456518 0.224399818681439 0.0958380976346766 0.118169277308426 0.264929117216108 0.0575626836266321 0.0117261160761999
0.176884921382095 0.131906986402973 0.115267787922121 0.134398850736999 0.0484384670897911 0.164599130017343 0.228503856448678
0.21112093269832 0.145985606722297 0.12123624217217 0.0501572574187215 0.18909218048046 0.134126955573127 0.148280824934904
0.20134582439789 0.0860462081137065 0.172147276668439 0.0942362098831301 0.129107346496163 0.154990670369363 0.162126464071309
0.113324142060804 0.0216577030914275 0.22949254988392 0.265340626823428 0.243645969857692 0.071309241940005 0.0552297663427231
0.0630605055529711 0.0455148728126039 0.0800297011046351 0.181573832455772 0.241839334427015 0.184914062784648 0.203067690862355
0.153643673936882 0.0140792005218238 0.0335485982099294 0.0321681059580228 0.305098345677812 0.258653734924129 0.202808340771401
0.0692646267569078 0.133678166963021 0.208274173918067 0.233962721814765 0.0922733789303161 0.0400520368331473 0.222494894783776
0.106316000290959 0.0115061306930748 0.214857231491096 0.180125878956954 0.141213329751894 0.0837549414911328 0.26222648732489
0.0814952473620392 0.251346654948778 0.143248029058361 0.0368205356067973 0.0799807924431675 0.356185681680663 0.0509230589001939
0.171584917982193 0.116565012622259 0.204984062044453 0.110052834550708 0.217700937431728 0.0265194145214078 0.152592820847251
0.18640752617649 0.215584647241763 0.0510931313562347 0.306904261319052 0.032451192591994 0.0846821530540106 0.122877088260456
0.0319657246671845 0.24562161665805 0.213719220094771 0.0336139726889595 0.218741718822677 0.0358827398094533 0.220455007258904
0.20563421233244 0.0621786747771785 0.165269181571457 0.234333481373586 0.0478029079202707 0.170298191899707 0.11448335012536
0.105077433931297 0.0614912269588951 0.239348055188702 0.105683338371274 0.123156766068291 0.188199789072333 0.177043390409208
0.122638027798391 0.11042774314352 0.184086127963782 0.218826489913503 0.197675437345776 0.0331049154720377 0.133241258362991
0.214271463940674 0.00711480630357125 0.180645125246097 0.0647685930213043 0.222161617902785 0.0926001876033317 0.218438205982237
0.161739896250791 0.154202316090449 0.0666318752355128 0.209315538853355 0.102257777299875 0.176736469856432 0.129116126413586
0.061883595440574 0.0785140071066865 0.356940190838324 0.041263551419372 0.105623314178539 0.27142124366844 0.0843540973480642
0.362926412647022 0.0174916265412743 0.260297376028678 0.0136488634728577 0.182624019491775 0.124623749382329 0.0383879524360642
0.178145594427956 0.119512670941481 0.17345409789843 0.0201226140323254 0.173356466570143 0.160877691144121 0.174530864985545
0.241687763954695 0.014944289349993 0.123705033560503 0.162905210731573 0.242201570237052 0.209597977398809 0.00495815476737445
0.169773631924092 0.0612193467074721 0.0708501960911097 0.190980656762126 0.193893501873064 0.173237282303149 0.140045384338987
0.176562337293191 0.0780613102261595 0.145288973312174 0.0318784849860066 0.103953893405039 0.420121445329838 0.0441335554475922
0.0963934659430228 0.246874650910011 0.244132055348172 0.0704000106637662 0.000251166313612935 0.184838792581787 0.157109858239628
0.0280757965219663 0.144484574022261 0.13567977341188 0.0191924822492676 0.064514057578255 0.364968511077258 0.243084805139112
0.083660127133203 0.082849215237984 0.306335653437682 0.152123162356976 0.292458484074851 0.0349484861837073 0.0476248715755968
0.00995443701285618 0.161284741491138 0.035040478732771 0.232479102690199 0.217293769042476 0.113334057614595 0.230613413415965
0.16375058569096 0.102601535266493 0.251725519556778 0.123007631190472 0.0908965369548692 0.189023542410474 0.0789946489299538
0.0392185109750151 0.0736403446659723 0.249087798995083 0.254294689129894 0.253215167127074 0.0168932541717547 0.113650234935207
0.258958871587546 0.102628562849665 0.104580505185813 0.319560815933989 0.075283055119206 0.111770351993115 0.0272178373306657
0.171090433947047 0.200771488318306 0.229483433952786 0.00551830624708867 0.0647153700681932 0.277180334684544 0.0512406327820347
0.275420625959975 0.0120291718635428 0.258465698665633 0.0371049109753606 0.105615967642457 0.107974183403599 0.203389441489433
0.0650654063033337 0.138636716060081 0.192893534547916 0.130732910601865 0.25570710909729 0.190134162410646 0.0268301609788681
0.107753710977126 0.0505061467564161 0.229909950879462 0.15211712305279 0.0166978504148177 0.270334470485676 0.172680747433712
0.175258225525606 0.087168145031483 0.125633958557956 0.136274868634034 0.0817582745915905 0.19218711529438 0.20171941236495
0.0448184709756665 0.219947942636592 0.0974932242162468 0.171360462218414 0.242436699513433 0.215465142062868 0.0084780583767791
0.166575581664118 0.152476891575271 0.112621313971933 0.0815484607011736 0.176490734921715 0.0108749800658428 0.299412037099946
0.0357807573013838 0.0851004003097388 0.222337044756425 0.126241136669598 0.0458435845247784 0.141443507810936 0.34325356862714
0.26381953212032 0.180750336693024 0.0794162321215042 0.0872214150297518 0.108849097616713 0.222220445748032 0.057722940670655
0.06142492148903 0.167839919106543 0.0837472396892892 0.242368157338131 0.105973745709593 0.152081342008809 0.186564674658605
0.176096278692884 0.0673737230568983 0.143524673015608 0.151975455141319 0.0948997105547601 0.249800493292076 0.116329666246454
0.150864096115289 0.144678777697213 0.187389229621104 0.00989602796626732 0.174361301432066 0.182502984814334 0.150307582353727
0.225248849392162 0.142240813023959 0.098844966594417 0.0218677426474995 0.106417562267839 0.22107517138908 0.184304894685044
0.230656798423271 0.00250605212988545 0.199926977144929 0.0469302720607138 0.00981657352285579 0.288962510202025 0.22120081651632
0.174796212179171 0.127829173493287 0.181465956779691 0.172493932515842 0.143823244516379 0.0840726555136577 0.115518825001972
0.206440446005791 0.218064443561103 0.034606111359219 0.0215948184093657 0.136908040716485 0.310882690809758 0.071503449138278
0.127517921705255 0.170341895297608 0.187950103371577 0.141084565760936 0.159091447374065 0.0658677997924534 0.148146266698106
0.0041453195557465 0.25333278225444 0.0867822240469864 0.28207433670272 0.138810916322242 0.0313159547968214 0.203538466321043
0.094233861427501 0.0794379175506189 0.187587091411377 0.175439270513816 0.135350887314377 0.192204085338515 0.135746886443795
0.164956670933073 0.145050620976371 0.0957028291993275 0.152434173910393 0.0637479754049639 0.134687582028914 0.243420147546958
0.159858292198386 0.120898784880494 0.168572268872874 0.104941935298225 0.230113524279406 0.0657916226454121 0.149823571825203
0.178141994259852 0.180765173660262 0.131115820758261 0.153812408142453 0.152928649478398 0.186551725219983 0.0166842284807906
0.239949690083028 0.00391578273731612 0.131255494156927 0.0454066826518938 0.224669426108542 0.192419760107243 0.16238316415505
0.110186810928822 0.0159313291637159 0.249468601485842 0.134058696461976 0.0647043713860905 0.222558115868929 0.203092074704625
0.132678378986688 0.159834348414438 0.0261783402574258 0.253231495545843 0.159595935971594 0.240308606049121 0.0281728947748912
0.0325205347890809 0.205737536318818 0.18617673361906 0.182263553283643 0.320617035624112 0.0102850002715376 0.0623996060937473
0.1692123343472 0.333022449488869 0.023202885654187 0.00259563250716686 0.24079518799525 0.123855935116253 0.107315574891074
0.188317624412588 0.176877211289508 0.0748156653574728 0.0879272866412894 0.322735084260811 0.00221147219326153 0.147115655845069
0.223362505803007 0.00978600705563372 0.132273546101505 0.116118464167518 0.195756317226008 0.199521153559762 0.123182006086567
0.106719088628429 0.21424881694762 0.228667085657507 0.0217718989527823 0.193311776624584 0.131954291555145 0.103327041633933
0.251018296852587 0.0343553002775688 0.212262044423311 0.213789651815823 0.0391522354906101 0.0539384772508378 0.195483993889262
0.210113328562755 0.188077142366147 0.203941520467536 0.0440683311847361 0.0227309687495259 0.18386949804149 0.14719921062781
0.0963414993226501 0.00322664345027299 0.131624640019326 0.201498759474949 0.25734837495934 0.201337175652024 0.108622907121438
0.130467612991633 0.119158570538917 0.0659519504658409 0.165355982766045 0.239210934623581 0.240358047781567 0.0394969008324155
0.143999964552682 0.0935667359432781 0.276699298905008 0.069894590100702 0.10893120665922 0.0487185568640986 0.258189646975011
0.0304551638025044 0.182564756916722 0.114902521779753 0.152345489896261 0.0307204685959145 0.312989485633041 0.176022113375804
0.255775610376125 0.0207591711121884 0.154248305740319 0.162638351428005 0.18413312957177 0.0205287316156167 0.201916700155977
0.176764409117371 0.0726083018654784 0.113062211074665 0.186383122893296 0.128944577712825 0.147704667653714 0.17453270968265
0.122885572652024 0.279964883754646 0.327462070137647 0.0997465519078669 0.0394865471081035 0.0169110718490066 0.113543302590706
0.118020472866442 0.121108649931374 0.241755645881386 0.299690599993372 0.202814600723767 0.00739020931952909 0.00921982128412967
0.193687734066128 0.203554547557836 0.209616989136523 0.110830929647261 0.236326549929868 0.0156220619312205 0.0303611877311638
0.221927320261944 0.0944907851522709 0.0710710842914271 0.0821423619758601 0.198207525625455 0.169325038848328 0.162835883844716
0.162957965722806 0.272598036819537 0.261734439898835 0.0485993464981464 0.124096336558088 0.0925585998239617 0.0374552746786265
0.210099870313567 0.00658079075447541 0.0420277118268826 0.158908834412753 0.248498591487267 0.223304619782348 0.110579581422708
0.0567736080439208 0.242406798797725 0.0137968633302977 0.196898150887878 0.121034680235807 0.272077477634205 0.0970124210701666
0.125955033547466 0.0298333158472709 0.219875831711372 0.320096823045981 0.202355860637813 0.036212825783098 0.0656703094270003
0.145449020344054 0.0756012678051565 0.152328245707038 0.085346450619903 0.203122921250751 0.193371362799556 0.144780731473541
0.0884878502012049 0.0701240177518845 0.397877916891425 0.100121075168975 0.114658622930364 0.228625973389111 0.000104543667035345
0.191249889545997 0.172249569281435 0.127130472466715 0.217309710443399 0.0478654505819397 0.0290497601371663 0.215145147543348
0.143692528112966 0.193728923323589 0.154231154830291 0.171390071344153 0.12427913113792 0.061616555901668 0.151061635349413
0.152250465878696 0.0423828427536801 0.108292518302742 0.0868181246294078 0.124115471642322 0.165233461654452 0.320907115138701
0.301651098008708 0.151031414225787 0.113944360279991 0.179999445964925 0.0328635997303375 0.168608441523042 0.0519016402672089
0.111339035375732 0.130122077561516 0.189127731667183 0.285856381385184 0.0481554005573897 0.231338976149542 0.00406039730345322
0.0598600457651853 0.169374304937559 0.177540468927865 0.182056476216503 0.143450956774088 0.188475680305441 0.0792420670733579
0.169926554116917 0.0372932147441032 0.0672333924382493 0.0032493370962068 0.359322175517181 0.257104579742608 0.105870746344734
0.212017489816571 0.0588957093978079 0.153195643503939 0.22000065644111 0.140750704432384 0.0613031099643052 0.153836686443883
0.153631400811991 0.0476110085943005 0.283339835822851 0.25598847098735 0.00825787565105945 0.14814349151935 0.103027916613098
0.214896263036883 0.138141765806556 0.301003513622806 0.000913902927936575 0.143076084309765 0.0847263336014192 0.117242136694635
0.0931994787565316 0.178706156055707 0.00633052561713087 0.144297356367532 0.289760463723185 0.0645023519425075 0.223203667537406
0.0149003104962784 0.200005860515732 0.142339523424923 0.104103585513096 0.197700228105917 0.0881641747553424 0.252786317188711
0.220738736457 0.0768410985655908 0.17363141440061 0.0460049801173806 0.142808160428641 0.210682561721878 0.129293048308899
0.176218651987483 0.0767795057570385 0.0741038048410203 0.226016440028794 0.177045988921829 0.0743088808648668 0.195526727598968
0.0156473460386697 0.0886938812390912 0.177204859289403 0.148952406040419 0.219388191259529 0.324062688743889 0.0260506273889983
0.162824489819437 0.106984144142573 0.0848156001209592 0.227455105172857 0.0571860581322426 0.207427210423983 0.153307392187948
0.0572234151050687 0.0447297419751343 0.0351633390517256 0.279759543265503 0.267675144454801 0.229956577572691 0.0854922385750759
0.118081344137588 0.161636473272927 0.178899034712702 0.0948550362496357 0.114156493954852 0.153061170715904 0.179310446956392
0.135692497414332 0.0184941598155681 0.227992018613867 0.056476879666422 0.0523110637943934 0.206523136968407 0.30251024372701
0.0848966815973266 0.179428352202085 0.199488075041325 0.14350366395312 0.139807017809327 0.136198443453724 0.116677765943093
0.193107243195597 0.260144989167123 0.0822981188946627 0.0616127289461698 0.16278354206375 0.134548031958405 0.105505345774293
0.177752521196876 0.0184785460427947 0.194568927570987 0.1288091003699 0.167335679929362 0.179505572871698 0.133549652018383
0.0800449915470108 0.234797557139278 0.195277670294506 0.128172942703009 0.239661241665475 0.0872961815237245 0.0347494151269967
0.101202446135484 0.231163779139208 0.172244357886209 0.00340959516961315 0.236917298870619 0.1057934883129 0.149269034485967
0.248073284006618 0.147618436704006 0.0133319494654163 0.138013959379651 0.154384810420228 0.0181871899760633 0.280390370048017
0.0076143465393804 0.179241549802616 0.476901181634385 0.133579139426165 0.0499730011905418 0.070323722553836 0.0823670588530751
0.216939045379028 0.0928677695052591 0.0111722585821748 0.243104464793035 0.139331971361207 0.116214891957354 0.180369598421943
0.113199857635599 0.10633710709641 0.156486763708253 0.0577092726079882 0.206433407611813 0.163304894774068 0.196528696565869
0.21138120732576 0.166934455402531 0.119953570853234 0.0406499782551443 0.147339590135935 0.279471599896824 0.034269598130571
0.338314769547037 0.338990593090692 0.0109416920154511 0.0900098153248852 0.156816056644612 0.0282114193799414 0.0367156539973817
0.227934421001712 0.2241880981446 0.127993556663527 0.111740330613078 0.127949546269849 0.0683279682068322 0.111866079100401
0.124697587243034 0.101522826411456 0.187304343069167 0.189661653671583 0.16828768382854 0.202024367608132 0.0265015381680872
0.0787836423809877 0.465502466846945 0.0415724145714857 0.133341975175664 0.248342011103329 0.0148084135630975 0.0176490763584911
0.233464451767909 0.127064661915485 0.197327494601974 0.149686731889646 0.115612759393955 0.0877954528611608 0.0890484475698694
0.16530077664974 0.109231983070768 0.247605143358308 0.228094842233238 0.0268357323248192 0.205540103202396 0.017391419160731
0.227987707974017 0.276142561963157 0.0906431464823325 0.0954517609509927 0.102393324736729 0.171882272296811 0.03549922559596
0.099219917077121 0.0889351434357682 0.180187587533747 0.109955382998558 0.240515025086149 0.232098848211063 0.0490880956575949
0.128596414962237 0.157716162875939 0.109915361838416 0.117210532224062 0.13350841608089 0.271339950273747 0.0817131617447091
0.0383031457179713 0.139013533430818 0.0862481508490348 0.106922007432524 0.0792900244082067 0.24447760543187 0.305745532729575
0.105132893159826 0.232858975617669 0.250664333864151 0.244299162152697 0.146326484987926 0.00358636733437217 0.0171317828833585
0.0519469486522738 0.248637968143148 0.183215319694904 0.00423975392601735 0.233351268088869 0.10538999047999 0.173218751014797
0.0322605552269697 0.0339991450775965 0.16654563369892 0.19499556451774 0.154472939593371 0.246075234672947 0.171650927212455
0.174491761154638 0.222670192905752 0.00823673204561644 0.136614112823953 0.193061735263659 0.0287425154862862 0.236182950320095
0.203676070127283 0.00145446214418725 0.216271785094484 0.0703910898638533 0.0262902206012407 0.24261483543078 0.239301536738172
0.0969504849397673 0.0249683381387608 0.265618834889575 0.0708917481060008 0.199343009749697 0.159313248375412 0.182914335800787
0.234879666776739 0.163187703519922 0.0721937413517031 0.229210331307914 0.03338471515424 0.0298040629898665 0.237339778899616
0.0867374818780874 0.00350946762329235 0.0587922329981047 0.241316354629224 0.158252172317156 0.238024889651309 0.213367400902826
0.265176430436397 0.04679279762253 0.0980061401365433 0.173174671145878 0.137437475891149 0.11386414081564 0.165548343951863
0.255489071956436 0.139592636936171 0.0633536204863873 0.120098270128842 0.0802586193367495 0.141822071560239 0.199385709595175
0.167598586172712 0.00501620636943862 0.264287794621747 0.0894608676540553 0.114889492448751 0.232175174365454 0.126571878367842
0.022768847544952 0.249116878928464 0.211787557549627 0.0498161318221093 0.0560071952086636 0.200816242485011 0.209687146461172
0.054250501770063 0.112730954850599 0.324932122278894 0.0663348855638699 0.0342772101506622 0.13839887004802 0.269075455337892
0.101963134757825 0.0248991770789176 0.144961632074721 0.00707321799012788 0.452416056328666 0.0454099818115469 0.223276799958196
0.204043247613969 0.0872800377030873 0.00904565211509247 0.088663802185365 0.208889431316552 0.231181584458564 0.17089624460737
0.202890309634073 0.212407309516912 0.0798970019923331 0.148870498227767 0.137266082365506 0.211876869102533 0.00679192916087608
0.0335102252467791 0.067015677355816 0.132125244981601 0.0712680989711736 0.226961369154735 0.168945960834285 0.300173423455611
0.113948411690687 0.0123203609525574 0.212988404713222 0.0388724637164331 0.310108656116313 0.0693696948640893 0.242392007946699
0.0227877403443477 0.121008162890468 0.151252280553907 0.150064800064157 0.121910167328579 0.214535253603016 0.218441595215526
0.216513041818788 0.121349060641147 0.0177682934596958 0.180563867012559 0.238173485176719 0.191242084709079 0.034390167182014
0.185047382639681 0.110860215054742 0.0576867561196157 0.0244078594539582 0.248438121408237 0.197792323724022 0.175767341599744
0.148116043792024 0.139712487908987 0.154816525158425 0.0119411079408893 0.226659919021177 0.0957856598256223 0.222968256352875
0.049295347364624 0.181399734880226 0.056215750276064 0.0537906077990997 0.290286830203652 0.0494747713905852 0.319536958085749
0.0581320075641028 0.163364114081361 0.00491458382358615 0.0999198908148861 0.276054697694318 0.00277817085681765 0.394836535164929
0.00213093788593047 0.0748865567720647 0.138244477585035 0.206266150566064 0.26339559309006 0.0723186014402548 0.242757682660591
0.165982453402615 0.128328655291977 0.21228603634408 0.157179374379169 0.0327451725131124 0.270920730480339 0.0325575775887067
0.0245099035225694 0.0423857176342053 0.279803780822649 0.189089870198203 0.0719779964690621 0.22894192745858 0.163290803894731
0.161960305688014 0.164869518503979 0.0709363004710721 0.137963794688728 0.226619239334455 0.163096185447465 0.0745546558662871
0.122322721825929 0.258497266982043 0.0688699613008034 0.120790065165326 0.236006674277862 0.142540438964585 0.0509728714834515
0.021029467256733 0.11532846521981 0.0331007304745709 0.23283765343742 0.169390330372177 0.109473253907978 0.318840099331312
0.0683139623383266 0.128906687814732 0.219326709467085 0.151045988957572 0.158203135196611 0.065541090158002 0.208662426067671
0.0493147259362731 0.127896656572835 0.229321560985357 0.264200110025654 0.200151962430622 0.00271653558947946 0.12639844845978
0.0110818565286383 0.280253782233799 0.22964862604824 0.222518205095606 0.0433551600758295 0.0326932300388316 0.180449139979055
0.185337867439984 0.156189227742635 0.144391955923582 0.0833914520525184 0.0588218065574264 0.176244402761606 0.195623287522248
0.0744817980115473 0.261105664291435 0.0732710577535189 0.0194698488429078 0.226658860450449 0.138761944852119 0.206250825798023
0.198617313218623 0.18261952422868 0.257444085286905 0.0830336170532972 0.0112979068468793 0.240544787057367 0.026442766308249
0.0306031216577298 0.129843131796463 0.15684692245277 0.202273321823009 0.189835990202012 0.168174313985795 0.122423198082221
0.2328616826761 0.205611627353714 0.0259321679522167 0.11076248901036 0.17696264464211 0.111539429213158 0.13632995915234
0.0769387180988577 0.0508486777568898 0.257001433754383 0.245919857230204 0.0543007216207889 0.0509465177209609 0.264044073817916
0.273072297182271 0.105025088418413 0.28019966040364 0.151529207383332 0.0290482480363389 0.0332184994200337 0.127906999155971
0.221331557983487 0.0256830157924635 0.167676176637566 0.198968140962989 0.116036389807255 0.0925048069304433 0.177799911885796
0.250812909833941 0.0429919850044329 0.077885445366804 0.14504912683021 0.107591326118444 0.204519594551805 0.171149612294363
0.204123040010581 0.0329704894632554 0.12169489006607 0.0810998819357591 0.290903491892916 0.198656466442381 0.0705517401890371
0.224019845744881 0.0442195425542539 0.0645357912123603 0.154576762356438 0.0192296532075659 0.134952468951647 0.358465935972854
0.218589125153171 0.0689810064139826 0.111351315751557 0.133130160383912 0.225595802752471 0.181790721150915 0.0605618683939909
0.126879150393552 0.192245146155962 0.148601680143358 0.17006934036729 0.119318502698056 0.0588367065603402 0.184049473681442
0.0429922296930233 0.314693786207679 0.0369620709599768 0.141596825973577 0.0868462818905126 0.149573437221144 0.227335368054087
0.0848479297587709 0.285367393748962 0.243281230471141 0.0583046936134542 0.0293673654223657 0.0715444276164543 0.227286959368852
0.0981571239067884 0.14572738740215 0.168483542403373 0.15264641615273 0.141910015730949 0.104257278550519 0.188818235853491
0.22224818886545 0.22527779970117 0.0356929807215105 0.146842685242321 0.00916374806126252 0.105151904150066 0.25562269325822
0.23655397647539 0.10549796895182 0.041580727614151 0.191582578849577 0.00594759499092981 0.223821346963722 0.195015806154411
0.0970771372144877 0.197217901889915 0.153115655838318 0.242087843876307 0.047912711474562 0.238206728790474 0.0243820209159356
0.0292911823782605 0.180408507942666 0.0528087533326563 0.191835548066258 0.126474416849553 0.161078573764755 0.258103017665851
0.170393828262097 0.00925710806130923 0.182988240689337 0.18322724745598 0.126186011092529 0.217040515354776 0.110907049083971
0.00670388807351666 0.174602700089801 0.173557898298142 0.135459517843254 0.169032372543698 0.179347175174612 0.161296447976976
0.177203119075692 0.0763552589637469 0.317777762237291 0.0777220326059545 0.118040531986902 0.0209102819340564 0.211991013196357
0.182201306469934 0.0845735216345617 0.018809415678781 0.21563224348063 0.220624016922616 0.101747981839785 0.176411513973692
0.180216553253601 0.188490687035691 0.0379731928939047 0.193406093292121 0.181856559426449 0.115696814558285 0.102360099539949
0.203539133993392 0.099981154662956 0.0614967583349092 0.189640468563239 0.0288106799365973 0.210407386999151 0.206124417509754
0.0842408720336971 0.0643683478311352 0.183989472254178 0.171306647768051 0.159207166074388 0.200750617072039 0.136136876966512
0.022415564733016 0.295607466775512 0.0877627141346921 0.204261704102281 0.0210124152274236 0.237931137970947 0.131008997056129
0.102106581091053 0.17256895362043 0.16074056666594 0.155505699365131 0.193727929230458 0.0988961517973459 0.116454118229642
0.250981453817834 0.0517478727908967 0.0180849267535128 0.0843066063122722 0.28728943544459 0.0648463175613054 0.242743387319589
0.169027352848044 0.0350700297487334 0.093332238930315 0.173481138848475 0.143559554218979 0.187336558727386 0.198193126678067
0.196683346793795 0.218589254209087 0.224210581764477 0.11234811640967 0.00818000046017371 0.233904580579764 0.00608411978303345
0.191771559677747 0.220866776960497 0.0820425559607786 0.0641506137611486 0.195977925459959 0.0234421013520339 0.221748466827836
0.242446613250452 0.110957713776083 0.225719201046327 0.0789366363888387 0.0389787358197785 0.199388379873721 0.1035727198448
0.224216243987089 0.217290173731565 0.146883446760375 0.146221333665109 0.0210370081809297 0.14595759456149 0.0983941991134431
0.180284395954286 0.135231161587918 0.0218250078022996 0.144177443337662 0.210382492427966 0.167547825007663 0.140551673882205
0.214586082189007 0.0421960347248944 0.257646712422061 0.325053332313799 0.0331342636284419 0.102551109397904 0.0248324653238933
0.233603756921663 0.138850544733192 0.219725659194 0.155060190109972 0.105406145165011 0.0160471667133408 0.131306537162821
0.121724903331109 0.042901924153321 0.0271172897866877 0.34196899032254 0.215847679884468 0.158985514384303 0.091453698137571
0.0209947902264059 0.235273594166749 0.116191055288884 0.0271596911124404 0.218519644818434 0.282020320690891 0.0998409036961953
0.208738290419291 0.172799111044265 0.0761915020539076 0.135813751015847 0.103779404514442 0.17710365431924 0.125574286633008
0.0749810651110866 0.155619465815401 0.202814808987728 0.0721520361179255 0.134368783329779 0.150258169185723 0.209805671452358
0.112982656399092 0.0345391941704697 0.0476032637637541 0.39610870976606 0.19458205195073 0.0946037701005314 0.119580353849362
0.26953569858242 0.0888471268585841 0.122030706490176 0.235449261005194 0.0202756507411239 0.131159681427881 0.132701874894621
0.133181412412912 5.69714976811755e-05 0.102637815263963 0.143558876789256 0.218500418826348 0.20778002756534 0.1942844776445
0.207838840586536 0.137025814835175 0.0557804485414375 0.184777388560866 0.176032742483205 0.143888939876761 0.0946558251160187
0.192833145070845 0.299250759146273 0.0430102875652551 0.171528967984272 0.0699344629458148 0.0100791227883539 0.213363254499187
0.0934867847395047 0.206446702168941 0.181614886017829 0.162603725335207 0.0807106438275194 0.0718803663057727 0.203256891605226
0.197110446956951 0.196166037160536 0.0900652235306516 0.148929913993301 0.0965170028195032 0.206802656941919 0.0644087185971388
0.188011866387854 0.25171897695109 0.132502892439365 0.0659036998195428 0.00171841741319973 0.133980787910659 0.226163359078289
0.199769330677984 0.208256082727196 0.0588908704191391 0.222734253264649 0.0417419386679067 0.222610099057131 0.0459974251859941
0.111792775101956 0.0892993958372882 0.190077300987017 0.055484621619419 0.2351842390929 0.210019323689341 0.108142343672079
0.16112572858113 0.229541908727066 0.244202940751581 0.0922164483437413 0.0050790300676503 0.163761049211114 0.104072894317718
0.0125609445032801 0.0452969333535487 0.0556850516661103 0.162263164820665 0.355001470430311 0.0607882603077216 0.308404174918364
0.177838545298528 0.240498596371941 0.138497499402475 0.0123432871070109 0.0608655500601712 0.117639850944657 0.252316670815216
0.180257198072984 0.136188206890898 0.144190889893921 0.219452925272456 0.100291986055208 0.0158913353049867 0.203727458509547
0.203904950957863 0.132309511307258 0.17129962903194 0.0426629410444951 0.292321693853809 0.150494370096518 0.00700690370811659
0.118082049416688 0.0239337634248385 0.198669391748431 0.189378882097358 0.212144176815928 0.168625530579567 0.0891662059171898
0.0345913474352554 0.111306636087198 0.127444923611164 0.230544728367621 0.133793510994771 0.135096033211643 0.227222820292347
0.0312023412753101 0.181042389077514 0.212873300544547 0.0696733123621318 0.188008811500229 0.149329907568972 0.167869937671296
0.228333509466708 0.247071719639381 0.100941761280267 0.245593206525428 0.00706377637268901 0.115463048390356 0.0555329783251707
0.11268437178145 0.173275090155352 0.265244441507012 0.134693076891793 0.0540985573671963 0.176516702111837 0.0834877601853605
0.110513951720014 0.0641478617133653 0.346798183330456 0.245030490630207 0.0183178548177748 0.147720559943102 0.0674710978450811
0.0416291682486369 0.0746787798852016 0.186863945412809 0.080485001056207 0.26167283106384 0.0788282894713249 0.27584198486198
0.0603300787007678 0.0760694632702994 0.0954289191940691 0.22976877871595 0.241314388108551 0.118312757703322 0.178775614307041
0.117781864457609 0.134420560206875 0.163959606939505 0.113501210044327 0.0180842317425182 0.188151993272752 0.264100533336414
0.134815235399706 0.263161921163457 0.0117556788481404 0.1608427522126 0.182518708760453 0.075544482375444 0.171361221240199
0.163706046670842 0.118370650412668 0.201635773180154 0.0853866007927159 0.0783834569347217 0.286786547076934 0.065730924931964
0.0532475140172639 0.234891000502287 0.252497333984764 0.040604909224495 0.0853917214954954 0.162805777582964 0.17056174319273
0.0641045825684842 0.274557009418245 0.0457700551617336 0.12924145150647 0.254733411748324 0.000981046581653549 0.23061244301509
0.0661374716813181 0.207915716484177 0.234002473582615 0.19729906088757 0.0887475862390174 0.0120076655103721 0.193890025614931
0.0325239594242474 0.19180199371368 0.140371245889061 0.178042286216854 0.148204896883806 0.125369677514422 0.183685940357931
0.0364065442635915 0.175219681554067 0.227464334526083 0.172737473584173 0.296670419412007 0.0636052928965628 0.0278962537635163
0.0108409280389831 0.0196102553580926 0.138737865280919 0.0621750141823237 0.362154939400575 0.227992064150642 0.178488933588464
