0.00297894280299022 0.081823681759378 0.258823498096849 0.0507873449571669 0.0166546318220523 0.246017749684945 0.10257613309899 0.240338017777628
0.109983306040528 0.0519180800563497 0.0495292716551957 0.179026714475155 0.0849201444247532 0.177390025072181 0.165357377403709 0.181875080872128
0.159189407760377 0.234563717124492 0.0206403788023261 0.199558269359846 0.148548121815799 0.00325088575698479 0.0074693409956655 0.226779878384511
0.155384862494781 0.177233605419839 0.145037001874131 0.178072411272892 0.0383464931905663 0.115555689591957 0.0147751802546038 0.17559475590123
0.223469547035847 0.118833932429444 0.0391479656838243 0.218777512377261 0.0626895985655252 0.184655472562259 0.0510974469215877 0.101328524424251
0.0630398118576423 0.0319524281987907 0.240226033146866 0.130990525337961 0.0670300704427318 0.179193704486988 0.0762385167944302 0.21132890973459
0.0623485257105672 0.0770161156718072 0.094402474224356 0.191676972089738 0.146150059042028 0.0646443840824478 0.177577201175871 0.186184268003185
0.191365087754168 0.292326215904603 0.0711438138486082 0.0698193411747129 0.0879380166826136 0.114211439055269 0.141694683122651 0.0315014024573741
0.185608736011376 0.0655235480510526 0.273568270916979 0.0941936857147226 0.127716966961242 0.122739803769956 0.116857096891153 0.0137918916835186
0.0855872489181255 0.129135029098233 0.0287186600826337 0.165200205707915 0.278607384374414 0.048185744430934 0.0865674067279856 0.17799832065976
0.0467142468208759 0.0177301893223389 0.100891026487916 0.0989451083830341 0.125492665456928 0.168145894090621 0.233676720432286 0.208404149006
0.119710357958454 0.174830062221825 0.129299981364373 0.152458668132843 0.0812300808114042 0.147822649878151 0.16516589347275 0.0294823061601997
0.0477129956612788 0.0318009719281711 0.20419838663273 0.210812917837172 0.10209778306019 0.0541415217682491 0.251903517971453 0.0973319051407558
0.106910240438189 0.162233476040366 0.0694257950487201 0.185567717317275 0.135302176099688 0.180899700877243 0.119170132919479 0.0404907612590396
0.0129244206494702 0.0927374121254553 0.207854464971438 0.106129976872703 0.152814671677333 0.210802407695566 0.0483299066503959 0.168406739357638
0.0509374290075827 0.263454821087978 0.168983090736402 0.142447833564358 0.0740503339744674 0.0224206142518629 0.229822660543357 0.0478832168339924
0.171064184989707 0.164943241720232 0.0213951704522383 0.0194708179664305 0.0685262597650014 0.267473976773302 0.0656045970514057 0.221521751281683
0.0894728556380488 0.169027408847006 0.226391322264719 0.0173693668235396 0.152185941490695 0.114339820026308 0.00570229190149636 0.225510993008187
0.251473725760981 0.0560680963329172 0.0724844155232697 0.090938813831887 0.0947462313347352 0.0670104105329456 0.195653672394402 0.171624634288863
0.0884052683227218 0.180836705641022 0.0754994920562254 0.140191619816776 0.161332634095591 0.16317190737727 0.00459892558526727 0.185963447105126
0.00673271230494476 0.0249653982576923 0.213051900691229 0.0336498308787323 0.170739800493587 0.205083884897288 0.240113426332198 0.105663046144329
0.0439205459468842 0.124749283236603 0.183481218524362 0.0931848596847892 0.172649091030383 0.0256041182209924 0.203862160135994 0.152548723219992
0.00875998315873449 0.134062184879922 0.0897835521838413 0.0547734795187282 0.0716680046110463 0.206319789186104 0.218347760184461 0.216285246277163
0.0121653697852593 0.0890517930165919 0.177141852914141 0.198224150140834 0.212959617914463 0.183630482566226 0.0315025753037816 0.0953241583587039
0.0328585573847384 0.247353596061541 0.0404286445125014 0.210597235922388 0.134502565947519 0.0145556088468653 0.0910960257018107 0.228607765622636
0.204714308453461 0.104132623062344 0.204809991369413 0.0479947519656513 0.049155093990331 0.0457380593803714 0.118477181099043 0.224977990679385
0.207666085797844 0.212301843012015 0.0939033235973128 0.191371719670126 0.0871873104451272 0.00392913731774783 0.0468850843396539 0.156755495820173
0.229768066310186 0.156811564904908 0.245990883697579 0.0888755783118609 0.00791569011066594 0.058866552285379 0.179775775677354 0.0319958887020673
0.180205084681622 0.0581735933079992 0.16893436885669 0.0706941761965538 0.186892143242038 0.155616234947901 0.126800848251192 0.0526835505160038
0.137519743030767 0.0391314554651751 0.237627503075091 0.059772153946845 0.123837689762526 0.000169085189870142 0.274767584509615 0.127174785020111
0.0888084616576238 0.0431676788147932 0.20450591037537 0.139935275068698 0.0144654625249169 0.182341303177088 0.16358625575614 0.16318965262537
0.164644674946895 0.116966908128841 0.183692496984509 0.103832642566834 0.125431392959585 0.0709585108641128 0.0678146682017077 0.166658705347514
0.0376708300836289 0.221267734391866 0.0831825991741536 0.0718617957079453 0.0376338640593215 0.221824925397361 0.173982677341167 0.152575573844556
0.0416328483919523 0.184943665297441 0.115102254838225 0.151520209542191 0.11548324859122 0.185936904726408 0.0878464920501904 0.117534376562373
0.237906759277714 0.147557926211114 0.131020228520044 0.0496771952188389 0.146198524511707 0.131895651466504 0.0611273720400557 0.0946163427540236
0.157911426737825 0.0761503098791482 0.123000877055782 0.161859577338125 0.235562339717783 0.124862888917803 0.0829614680707272 0.0376911122828069
0.0952130189631254 0.12005510981996 0.093815131706758 0.254400190620826 0.230246785190447 0.0256076563194887 0.0140832711422457 0.166578836237149
0.100395781849604 0.21026826113284 0.16438447793586 0.131522910786749 0.106721876850489 0.077263715059588 0.116958334787712 0.0924846415971584
0.255391013561085 0.0484226401922893 0.148690388002304 0.0923031905091599 0.0325267270492386 0.20507980964589 0.19102012126823 0.0265661097718033
0.07653321507454 0.114383579031229 0.16677426113791 0.158457420894462 0.195405142909342 0.0978529010039253 0.00270773538372428 0.187885744564867
0.175501586911265 0.139393051885585 0.0585194520900695 0.0870261107894992 0.151269568478735 0.0481608521836944 0.0580092488331752 0.282120128827977
0.121844815685404 0.195111198086727 0.161975282084096 0.115839323063328 0.0328361440158881 0.0861712289778511 0.177953573201676 0.108268434885031
0.307555337884508 0.144225865245203 0.203671582996818 0.106452816481112 0.0268301250210608 0.0512382886989083 0.0580286781303131 0.101997305542076
0.114600905371525 0.227678921562089 0.238378456815768 0.122214294083493 0.122672349998916 0.139088674408453 0.0255789133862075 0.0097874843735485
0.178912757969185 0.0570544826897624 0.0779531071464763 0.202628557731692 0.187982513739237 0.0830876201400377 0.186719101618775 0.0256618589648352
0.211732672127026 0.0674955804766453 0.187532243133251 0.173958112588448 0.109684881337745 0.0206028262012835 0.15851340886513 0.0704802752704709
0.130697222499247 0.132109302466432 0.153013538798819 0.236900244296803 0.11519099511867 0.00804708859400424 0.173702882572426 0.0503387256535983
0.108443243768363 0.205061330904712 0.0219694184743989 0.0745299947935778 0.115648013371462 0.0773169061953629 0.151594678956838 0.245436413535286
0.0586272288168696 0.140282961786314 0.028219719379937 0.240095212645753 0.0266348598631988 0.161007165031336 0.207289191484949 0.137843660991643
0.0875068921859437 0.184482847496906 0.0765108485729443 0.0776247290381921 0.170013122566348 0.181785629014283 0.155465948896857 0.0666099822285265
0.0881267168455583 0.0063289001980928 0.246487976793111 0.239709129574504 0.0209191608059875 0.238212074773796 0.0918786428839834 0.0683373981249672
0.165060828545927 0.108266236244709 0.106379930394307 0.14137209390575 0.18514633479294 0.198931585472058 0.0755143317659537 0.0193286588783553
0.0316529684136894 0.248788571694393 0.108252612162514 0.211716832462411 0.119849205355583 0.0350614236687094 0.225403925345474 0.0192744608972258
0.203320891662594 0.0861793354248692 0.163533906027962 0.106709916400127 0.211788608236531 0.0020399998733937 0.045296463329569 0.181130879044954
0.0559785722568942 0.077230460793707 0.205421626441699 0.239393124524967 0.248828744487551 0.0371079220275395 0.0951859368334113 0.040853612634231
0.0963640468711591 0.0664097425966239 0.140405454230156 0.227229607270583 0.0570978574351909 0.0977959332581915 0.112471909622807 0.202225448715288
0.222256065483832 0.136086913495165 0.181975078388161 0.00332034745959837 0.153740797518747 0.11360015817153 0.0193628503845921 0.169657789098376
0.151401482920449 0.0229057981767312 0.0464419341954772 0.0846463173337002 0.219520037299815 0.188443097553987 0.126571227591759 0.160070104928082
0.0849963320464329 0.118608155149521 0.0613105826522521 0.192666782952171 0.133244524685677 0.0560800936728803 0.18886020476303 0.164233324078035
0.151397002099321 0.109379647991023 0.292834633393331 0.0257991381578637 0.0520308453010723 0.187302112903916 0.15440847477262 0.0268481453808535
0.0656307025513749 0.162146785449438 0.127795216734406 0.0361205930446507 0.176188500818717 0.195842557112831 0.152885990569839 0.0833896537187431
0.0761783242400815 0.214102755352162 0.186956771545949 0.0155780517261524 0.0139236904764167 0.116862951221084 0.188425765266665 0.18797169017149
0.240715383814875 0.134225107518505 0.0813580730146428 0.102823136897784 0.141625607703822 0.0633764216077057 0.17886980584391 0.0570064635987558
0.20113905342134 0.203647886068711 0.0470594655119062 0.191519414543767 0.133422523256653 0.00453945871839222 0.188707915660295 0.0299642828189355
0.126481433062854 0.118627937819934 0.276493613860531 0.12326646007298 0.044837653812515 0.0722374374794784 0.0726781502793284 0.165377313612379
0.0861440693754963 0.0899764216542477 0.26712045528501 0.133066074941758 0.0719768275816761 0.0885825242120748 0.253498950176236 0.00963467677350142
0.124317912158922 0.119915383415879 0.146473515322812 0.164527051484883 0.055943316739796 0.134495340206976 0.168285542784481 0.0860419378862503
0.191913290369318 0.207429351555456 0.0459412738800854 0.209790253233957 0.0302543714903556 0.176557263756805 0.00726105985935977 0.130853135854663
0.0371399472761356 0.112579121587083 0.260894592303418 0.15438840827896 0.231719037151417 0.00815017589914395 0.0604680619163703 0.134660655587471
0.0395363588525867 0.0483837222289965 0.0186827696846221 0.0792810650145008 0.130662077633569 0.272853184116832 0.19592645529576 0.214674367173132
0.129039458952083 0.179463580730509 0.155679624935779 0.174520290855746 0.0513347400198115 0.0307065526570442 0.0883109184550838 0.190944833393944
0.0633883360178859 0.139509606420038 0.106944521711264 0.121620782994171 0.0801699188348671 0.160351562681382 0.112355420125092 0.215659851215301
0.152083248970299 0.184486500778798 0.0710376668322554 0.114936116930628 0.0765832138773803 0.0960786935971561 0.192558680077684 0.112235878935799
0.142997900644752 0.0389785048444484 0.164941862192699 0.293725781581586 0.00195325796107749 0.284317673627145 0.0539990475738541 0.0190859715744385
0.224706292708817 0.00167536822289594 0.0981980517490795 0.149485265367294 0.115629277244515 0.18716560696565 0.146230891710532 0.0769092460312167
0.145870194454774 0.161996343279674 0.162835223222474 0.117029184151717 0.0317486574106034 0.0181675183982649 0.112315513139245 0.250037365943247
0.0356225490243307 0.0953193741884795 0.194034798643878 0.0990326591818288 0.00286857400020114 0.197787108919756 0.12060332537313 0.254731610668396
0.148598895899503 0.112040738510634 0.203825983950359 0.117998345858468 0.0948083152112758 0.0552293454105954 0.199678734573824 0.06781964058534
0.0959579308177076 0.182714479464107 0.0892286282398646 0.124827904376131 0.199404481609769 0.0139447374126362 0.114048343945898 0.179873494133887
0.0756215180429084 0.0465608242802561 0.212735976463908 0.113245700420767 0.0349706179910073 0.20645105551369 0.260899228531283 0.0495150787561801
0.0326286711771482 0.0931928569387843 0.148946865366542 0.134034533146262 0.163394416290368 0.201010175780309 0.0102067927126537 0.216585688587933
0.250239728934984 0.0591734038301404 0.105127135354652 0.203949944350852 0.0683662072630803 0.132117568477673 0.0617663209668265 0.119259690821792
0.241719463033688 0.0755543641563979 0.00287556160515602 0.287677569011982 0.235388896720888 0.0553076433445423 0.0451098060510056 0.0563666960763401
0.144988274280027 0.0284258245305962 0.0645189175309501 0.137070890806842 0.175658163412972 0.0718218361455779 0.185445531675507 0.192070561617528
0.0142791824005111 0.175962307520737 0.12421899465568 0.146017496518741 0.198446829344179 0.110848773504368 0.153832677063316 0.0763937389924679
0.0453772521744417 0.0165345317654333 0.273439782449596 0.237878089378509 0.277717014292461 0.00367602971182759 0.053488275322393 0.091889024905338
0.15269075782068 0.142060287489398 0.116075349957195 0.212646001016345 0.0669775265187306 0.078193590033619 0.226549175996924 0.00480731116710856
0.268983053596188 0.0519994819592129 0.0104589553214682 0.0293328467925804 0.099081352816003 0.122588081870844 0.134229588053383 0.28332663959032
0.201936620488847 0.0719766260922615 0.168450714077655 0.150496187317624 0.0106944216576675 0.171992667608855 0.037090822475417 0.187361940281674
0.233472426710074 0.0159094488003415 0.222401960450019 0.0491391148297913 0.0164789296735538 0.149347581126638 0.198163526202978 0.115087012206604
0.159248349340855 0.0464227978126224 0.128515679244291 0.133531949560223 0.135570055594302 0.137468411205755 0.156366128471138 0.102876628770813
0.166792739015674 0.203483871207465 0.0517908791532956 0.228842815235252 0.00689822519327173 0.0532329011381611 0.214508389312744 0.074450179744137
0.0185704652961229 0.120891090977153 0.130885736088746 0.196089739261783 0.119036123084761 0.0752083089927243 0.188938717950597 0.150379818348112
0.17680006186916 0.159445805794358 0.132022853108397 0.0908829778177691 0.0560982846400133 0.171211651394652 0.11537009912495 0.0981682662507011
0.138612282548528 0.0714591739179104 0.168856546453657 0.196652519894275 0.190597675423731 0.0680988970474826 0.109167867157566 0.056555037556849
0.135973000198678 0.0403396231537594 0.0840432839199703 0.176003947422499 0.273385293850357 0.116798434873738 0.13951938387603 0.0339370327049686
0.0388472957916566 0.261934530747092 0.0484129012795361 0.0169220734059284 0.0411278352042874 0.181079879648178 0.320494976089056 0.0911805078342657
0.128272552635544 0.0718696155496067 0.06396222777527 0.0536589897097426 0.180920278776513 0.261682448827635 0.227794226877454 0.0118396598482353
0.0791248260709108 0.20935325865518 0.173575848304226 0.0587472998953773 0.176465967378144 0.0363566969458091 0.12177554843793 0.144600554312423
0.00636109215638095 0.106325087167691 0.242197950758585 0.23034466324345 0.0160232605473092 0.17537347299376 0.130923224768505 0.0924512483643195
0.034535756622293 0.16822022469492 0.19248441081121 0.122391868931677 0.207133561306687 0.0335994444509273 0.210231421473012 0.0314033117092727
0.0511598114964033 0.141690635128772 0.0155715964654263 0.0519481675418307 0.210541512624824 0.181771980106318 0.206020977352141 0.141295319284284
0.105927674997389 0.0986941264023285 0.305443096466054 0.138963669206706 0.13289733095502 0.146986190685044 0.0411627675023186 0.0299251437851401
0.278296100183076 0.0692589304596938 0.115742885636798 0.0696723830963612 0.0768542868495374 0.0149504930094657 0.135777430176354 0.239447490588714
0.138934938627859 0.166706314347719 0.146520638951188 0.0381560207472081 0.165946205546452 0.0587096992852485 0.164510208766444 0.12051597372788
0.0562598592122355 0.192287288032935 0.000702386836240419 0.13950945661995 0.15280555327349 0.126084864624472 0.18414234997781 0.148208241422868
0.026709526535803 0.184957344970781 0.119153322927182 0.0426443135521164 0.185651052721979 0.177103554345463 0.1415247569252 0.122256128021476
0.0787164877168388 0.0531859551010526 0.0264090835445312 0.150249264066997 0.238604988518429 0.163816051311763 0.228771621952673 0.0602465477877152
0.0325605424075702 0.0701285035502347 0.174512406548588 0.0919095176857525 0.194299721530691 0.161429454587825 0.117232718801441 0.157927134887898
0.166784983439991 0.168342302401755 0.124727978449317 0.00684492517536379 0.0411020603808082 0.189687445022435 0.18864779487079 0.11386251025954
0.120860260914227 0.165310913131364 0.0947188533170132 0.191958634905155 0.147000940286564 0.0459264933899654 0.194145491635292 0.0400784124204179
0.15413596221729 0.0438075614304953 0.204442642668 0.0481139444371816 0.0752193308562477 0.0789216002697997 0.229317979251665 0.166040978869321
0.00655180613319213 0.218716246255485 0.141585820333437 0.271935243847213 0.00724043003255946 0.049576668754633 0.0589607720230683 0.245433012620413
0.120867812390964 0.0736398975935291 0.0852895831702595 0.20606332168588 0.0171931106337248 0.147855004431787 0.182303280685293 0.166787989408563
0.0680997443469654 0.149215291742528 0.0056905542807247 0.148906469412939 0.124045031720115 0.108881785868211 0.227648634027966 0.16751248860055
0.134240013148491 0.0577937838975714 0.166335967286743 0.240965605478472 0.137014796447521 0.0793580605495783 0.140778676248126 0.043513096943497
0.0294111791172041 0.0188029555230178 0.074918565435241 0.124344928523979 0.223236198265133 0.220323236468614 0.104503505919251 0.20445943074756
0.0170559527622045 0.0575021398005025 0.28801453022027 0.0656346431572286 0.159947599632109 0.0488113865231346 0.276608880273529 0.0864248676310219
0.0674766907160968 0.0541753247229592 0.13386342003864 0.263143261797818 0.0601086890806437 0.144537896159969 0.230510729561953 0.046183987921921
0.149030148321035 0.0150835737851882 0.273354905514818 0.219475576812495 0.00845640955635727 0.133568722732543 0.0724167136045691 0.128613949672994
0.0150943954211229 0.193123997674758 0.0735517241805946 0.109988523754166 0.232457567068456 0.108660856984882 0.204033603532458 0.0630893313835619
0.155590979072114 0.126121866116276 0.00447770132912681 0.17162788914478 0.0535330226842045 0.208788867894096 0.112114154796522 0.167745518962881
0.154916740346623 0.128734327605735 0.0194500609642504 0.126387079279435 0.0464047075730417 0.22388745926711 0.179774236248721 0.120445388715084
0.0203260172696792 0.182223079401198 0.239338402706037 0.303816728971529 0.039642261273643 0.0732457745024593 0.126517034067103 0.0148907018083517
0.137761630995666 0.224177184493815 0.00163964007621843 0.0104056495586463 0.128800490740955 0.118760512071401 0.198193751517373 0.180261140545926
0.134321858460812 0.0831969248379133 0.0460975287053169 0.120713033185134 0.0896305518720475 0.187345459759233 0.249107229526378 0.089587413653166
0.182968819590456 0.091573597378798 0.176525817685442 0.053394120808327 0.112086370366961 0.178653636198967 0.120654014945387 0.0841436230256617
0.164464395994778 0.109118007671611 0.0461622953993794 0.187745987784858 0.0725047769582428 0.188373639105611 0.172015256839615 0.0596156402459039
0.0631280791743373 0.155108526610764 0.148508605682243 0.149912600642582 0.106774429505188 0.0334876959291881 0.16186801804366 0.181212044412038
0.0302903560253937 0.19396915592851 0.0153521654216961 0.179303827704511 0.119397349282453 0.172294117610112 0.0978623476723758 0.191530680354948
0.0617116996727966 0.173256678503468 0.052401332445961 0.015940607046191 0.15828881214292 0.252599886052175 0.250789119053733 0.0350118650827553
0.159155906642912 0.0229666301592621 0.00957470799212156 0.24584838326493 0.17567570608684 0.223842116049528 0.100808689818116 0.0621278599862901
0.21655719608398 9.31753379512126e-05 0.234800659722925 0.0290408060113615 0.158194291408898 0.0743158606112552 0.265370761750097 0.0216272490735322
0.136135614764583 0.172952581075233 0.185401163535792 0.0114055771066884 0.132391675045083 0.0947351397515496 0.179251865129876 0.0877263835911967
0.270020128486798 0.0560174327992611 0.104797290618146 0.0357233783841046 0.0526482159279808 0.179981387812117 0.184220648433838 0.116591517537755
0.237952302396444 0.20981035582916 0.0518313475992282 0.0792466877097173 0.086517643022914 0.203301122779088 0.0672187523932201 0.064121788270228
0.132805099163157 0.00324541973547543 0.177544800329956 0.0291893069021525 0.26933830311165 0.228471596626345 0.0214458677934343 0.137959606337831
0.225310157072999 0.0944490044158851 0.0248130554094868 0.241821735637713 0.0613654880051949 0.044426745301282 0.174215143797956 0.133598670359483
0.041372603065849 0.18757309225533 0.13917153738901 0.000906670047832197 0.16217547382132 0.202714076407315 0.129469857633223 0.13661668938012
0.180247446879039 0.155621614330614 0.159859980836381 0.0211043650365433 0.118203816907026 0.148921164303961 0.014031031949931 0.202010579756506
0.0568827171065258 0.142692222499011 0.00662919272531623 0.0473983814606692 0.191113175282624 0.266223955693281 0.222010206175587 0.0670501490569854
0.0319201633854233 0.069662139732603 0.200424418610867 0.091217096566389 0.225291856776633 0.136263880128182 0.0609690582838881 0.184251386516014
0.218251451440881 0.149579805921095 0.0577399353587745 0.0478522064733737 0.0997762897356194 0.136861808464444 0.122765949940171 0.167172552665641
0.137213681769941 0.0836478550206419 0.16387462609391 0.0391210529246495 0.182424129031069 0.104058085507206 0.160676456909623 0.128984112742959
0.0792705972830383 0.165430839777695 0.0839610660837242 0.165778352469759 0.138173006422324 0.0549050942446688 0.164522301473738 0.147958742245053
0.057949784814199 0.187259610771816 0.022611508053553 0.111162215007041 0.180850470279688 0.167237844770692 0.111378330775724 0.161550235527288
0.0993438665607394 0.108233896299711 0.255640593275414 0.0592745634668874 0.111916623537965 0.0259959928220558 0.177298408435446 0.162296055601782
0.200594399812984 0.219532609640987 0.129163387317537 0.0848642070053707 0.0337892850308261 0.0270988842206791 0.195913156042881 0.109044070928734
0.117999959997506 0.0435431577539502 0.134579751760688 0.144920528268219 0.193098150819801 0.0848160304044827 0.128511214900486 0.152531206094867
0.0524695827672715 0.328140286688698 0.246723539152427 0.0701649016052957 0.000817459191440807 0.115621494647647 0.131456160744064 0.0546065752031552
0.0287230403786303 0.042044430987073 0.108399228636179 0.0198263174355617 0.0576453482049683 0.141551918997883 0.297197950592663 0.304611764767042
0.198327636583514 0.0496009050764146 0.240667525952063 0.158890080236279 0.0438195305308367 0.0523458322890936 0.14408033776784 0.112268151563959
0.145242752279352 0.0787348414400412 0.11972963372786 0.13891736676912 0.215633895739179 0.102091837340317 0.00222934131671825 0.197420331387412
0.0297583330321629 0.126350048078281 0.158087012498874 0.0822327075532625 0.176926460341411 0.0315165902531851 0.136106194174074 0.259022654068749
0.293728592477785 0.0736169151941617 0.108404808552398 0.0473873059532813 0.221319767353123 0.104668419962945 0.0433535730385134 0.107520617467793
0.233331772405338 0.258896608226992 0.0640227346894886 0.0125370940371818 0.0860326216074026 0.216021162430946 0.0977206682581881 0.0314373383444628
0.0511236239883469 0.150189803307615 0.0762139634610866 0.198468677660168 0.0994927238984716 0.0941492661045107 0.204369123418994 0.125992818160806
0.229155525795109 0.149890925084665 0.186058791364224 0.0735098604995358 0.00802189442185719 0.0965993681410868 0.0358062031697474 0.220957431523775
0.109630044079252 0.0166490424973503 0.140772146832384 0.108090573531267 0.0563150014604435 0.110246454094806 0.228726560825097 0.2295701766794
0.160142951632953 0.144415283310945 0.136860889144041 0.132448693266646 0.155465852983737 0.0426602979020984 0.135855759976128 0.092150271783452
0.150864364558576 0.124940838007174 0.148971134379483 0.00332591877430419 0.151911036381152 0.100165868339259 0.163460452477944 0.156360387082107
0.209119734964053 0.0318229261104944 0.198739510053391 0.220215975370497 0.00921275319250353 0.198840550590488 0.00360745633747539 0.128441093381097
0.286809124289071 0.0536367262975294 0.119455222178197 0.0792232602298085 0.276531955498298 0.0779094183021617 0.0530983112009153 0.0533359820040192
0.192165816940258 0.100349019739675 0.0998514272226002 0.173663480361732 0.0580974906014848 0.15599101533102 0.116394419682215 0.103487330121015
0.126610983508944 0.139895175874659 0.236920431855373 0.106899398158822 0.016505068336501 0.0920451228077021 0.0110636984611419 0.270060120996858
0.108539864737965 0.0492598713482451 0.156052851419434 0.0803866896945642 0.228918975234203 0.137540241837101 0.184881735281105 0.0544197704473825
0.217562909310502 0.0813359547754374 0.033634454331308 0.0595851520024789 0.221496346609085 0.141280118964844 0.113262244150852 0.131842819855492
0.212971428780559 0.195401201082713 0.180499058228479 0.019920942037195 0.0289760542738954 0.128484162810003 0.138632891253878 0.0951142615332788
0.0888118738608877 0.198293570788701 0.112420302023438 0.129125188835807 0.186931188566293 0.0581629138455117 0.201972132070907 0.0242828300084554
0.11464491603495 0.24637504756868 0.0634133267296167 0.0438057767404958 0.0419931297086256 0.11034868976596 0.195372028128808 0.184047085322864
0.107443295248544 0.142249463062132 0.117126638591395 0.164977887301292 0.164525035464072 0.0992221628339257 0.112933340758165 0.0915221767404737
0.185965677522181 0.155227583125779 0.0503451355658956 0.230958848823786 0.0475593643378776 0.077262739434249 0.082455404349446 0.170225246840786
0.174494454210801 0.0437266382569271 0.158158012509958 0.0025901644889806 0.129279115595874 0.200686881564158 0.207891791685096 0.083172941688206
0.11625955039226 0.110064182875664 0.151801141965263 0.127161575972025 0.158230903770532 0.0335304472729468 0.162057754516336 0.140894443234973
0.241920582302975 0.0544191964551673 0.121066086181622 0.0183270570192457 0.0978603980562373 0.0366707449561782 0.185996257080645 0.24373967794793
0.147082338056388 0.226044361268898 0.0605548767059157 0.0668955670692676 0.122448561706155 0.167828793614216 0.119747879283367 0.089397622295793
0.174037049023895 0.0786497856512908 0.021443019303104 0.197812071044474 0.0706894024075303 0.122537035650101 0.176446148233258 0.158385488686347
0.0734391902706305 0.139133839142737 0.136558281219385 0.0851442321063828 0.235166256484984 0.0512708558264687 0.0355085359536509 0.243778808995761
0.213648844878164 0.0499346159073865 0.209857684975342 0.128908286579167 0.0268034655342343 0.128398274534278 0.167590788953408 0.07485803863802
0.278574681478128 0.161488349515407 0.0839141529594164 0.118367032776329 0.204554069613486 0.0385944926892635 0.00697996355172794 0.107527257416241
0.19584230473771 0.210410880451306 0.101165581236304 0.0545871367286855 0.0509657309671746 0.197273952447067 0.189364011141823 0.000390402289929715
0.153100472606927 0.118164831956196 0.050429216783155 0.275026117289725 0.245504164466448 0.0419580500498088 0.0974224410571292 0.018394705790612
0.192757430449202 0.135358711167723 0.0993238912628753 0.110908341858002 0.108233075287158 0.0933493438410345 0.0881616457764414 0.171907560357565
0.15386863741819 0.18695685498229 0.141786825045461 0.0308404241980079 0.186563037150795 0.169861867305828 0.104286856659898 0.0258354972395305
0.0718435242327125 0.171158494405829 0.179905138781715 0.127256080597662 0.192260815203793 0.0204319986013509 0.0713268293734124 0.165817118803525
0.201704337767438 0.0994620849491536 0.16691548361295 0.16265964449539 0.128255123993039 0.187454543158041 0.0520966527532514 0.00145212927073787
0.175922053765885 0.0656704977349436 0.202813822387407 0.219312488124271 0.0832557293883281 0.0289018574755695 0.132912917967437 0.0912106331561584
0.162925228682396 0.129730250927775 0.0752007768780253 0.139815869269393 0.161452030183854 0.127022262885683 0.0358136627469909 0.168039918425884
0.00941017457409527 0.101733069322655 0.134684010762655 0.18868100519628 0.206143802916614 0.10047974269451 0.169055647690495 0.0898125468426945
0.175946636876043 0.114817014852337 0.0126205685410933 0.100563478192202 0.33219708522758 0.0191833755310017 0.211656571063961 0.0330152697157822
0.139982229545502 0.185845883516818 0.173731854258426 0.0262393087786555 0.0879791253578097 0.172837038540442 0.122357013545863 0.0910275464564836
0.0303871550709135 0.111082897834982 0.0526282658790458 0.116416729506316 0.115871058187412 0.0920336825858623 0.401412354618399 0.0801678563170699
0.223087344952155 0.0080738828368428 0.240880370156102 0.122240753208664 0.0385651349879061 0.178039398302318 0.0826426007015545 0.106470514854457
0.0135504393209982 0.0951869463017231 0.202058889569341 0.132432167364328 0.0865285350042017 0.167133162554262 0.0225338497890196 0.280576010096126
0.0664638782129353 0.174494952320335 0.0107216648908474 0.0613724675032966 0.242471376976504 0.197314829312466 0.0669232133662731 0.180237617417343
0.14001739410882 0.193641823404307 0.0949659449099813 0.142502951745185 0.0504989998684087 0.0742822071029521 0.112865234995925 0.191225443864421
0.183939455557862 0.0346629551940531 0.190728637660726 0.191357845580869 0.0564764072187558 0.155535316150861 0.0589398676820128 0.12835951495486
0.148336121851659 0.118421501356748 0.256096561976962 0.287286129613961 0.0533887242520514 0.0172431836614412 0.107434501564074 0.011793275723103
0.246203574450066 0.0787446941162708 0.0016483173494265 0.0110852062219533 0.193812423713495 0.247879585036719 0.0769771428818021 0.143649056230267
0.11387871492334 0.0807874453210906 0.214297279255358 0.174198797846046 0.0349465532383925 0.0900598084754361 0.0634819690657002 0.228349431874637
0.053817408093273 0.104457246861344 0.270225948195677 0.107101485401155 0.021091814139981 0.121065858373665 0.159926625532441 0.162313613402464
0.0788261518620557 0.0275040225735207 0.0110878318218267 0.247162125370018 0.182114615514187 0.0807434558261618 0.132592293892326 0.239969503139904
0.0254509750946117 0.208205294022098 0.111595685988249 0.0614044273358223 0.220595756666439 0.137238878274978 0.220530405411722 0.0149785772060799
0.19053606593482 0.0499444543272067 0.21297036885353 0.0368443631888473 0.086204421391709 0.0390289224718265 0.22689977961049 0.157571624221571
0.151362831679237 0.032434950640354 0.119466175589683 0.148993880849279 0.191678415008224 0.0951936922199304 0.15913847780272 0.101731576210573
0.211907836457408 0.0342623953534776 0.197976980342724 0.0995908449812503 0.127384641176389 0.104865267700156 0.12699082966395 0.0970212043246451
0.199948243939077 0.232919727405592 0.0157380233120084 0.0303261643807644 0.225049853168639 0.151385838550808 0.121567628312141 0.0230645209309704
0.195433652932073 0.0785585600449725 0.15747253130771 0.044594173752623 0.081582489355927 0.0198166188218891 0.18524412726806 0.237297846516746
0.102322753700822 0.164638973627051 0.149486897921574 0.128037748874306 0.122340382434099 0.106301637540535 0.153654874863532 0.0732167310380807
0.172951102151629 0.106267997678967 0.0395948076476816 0.116792886165471 0.187047953605907 0.0764016795947952 0.14462938353964 0.156314189615909
0.0825769936338436 0.0397371061903525 0.150012224845641 0.293427444999606 0.00180585188522624 0.21707702435371 0.126133905512012 0.0892294485796079
0.016112378189782 0.0771863272379975 0.211188950062781 0.00013212185392042 0.228400423093878 0.0402789706090293 0.267521194982955 0.159179633969657
0.127760613936504 0.1311241294028 0.0625946314044315 0.0347549369741895 0.235235219083527 0.213229715358763 0.0311944287409167 0.164106325098869
0.0982321889095593 0.21027061432645 0.151601786498653 0.02072963384588 0.114258786323771 0.0940483857429368 0.104576564299571 0.206282040053179
0.0840243678298197 0.155591981870791 0.0455929395175816 0.17986621450257 0.0875511363084839 0.00917882030109205 0.226842592254346 0.211351947415315
0.0778501390711254 0.186445407784498 0.227204082622389 0.0390131845948845 0.124872511780805 0.205518756746405 0.0238586482768343 0.115237269123059
0.110712701424873 0.0602385796663135 0.0668005241537227 0.180578182228435 0.0565592185347579 0.155810206336511 0.196045195622599 0.173255392032787
0.125858620624742 0.0719069481969666 0.125439642346058 0.152915410893928 0.0239018543525562 0.173705233716654 0.205751056893298 0.120521232975798
0.241376947279271 0.0178413388640041 0.0521163431382419 0.293832215071688 0.0235940713287058 0.076479166779129 0.167967839099655 0.126792078439305
0.196453033565025 0.0374548695986766 0.136827579724309 0.058079746769242 0.207268895070346 0.164427869058097 0.169107768286936 0.0303802379273675
0.114418187005655 0.0753745642299009 0.236804110829082 0.00485121966387999 0.069070873665449 0.208330695105914 0.064498347306607 0.226652002193512
0.155173462201477 0.0773191762566178 0.132368466287332 0.209636897055453 0.0732992830320367 0.115221732856273 0.0328112222089154 0.204169760101895
0.150164427882386 0.257264283437521 0.0438456111207169 0.0416443847992074 0.0724194160819359 0.144203332933218 0.0251700175241612 0.265288526220854
0.208165681484483 0.125040473285188 0.22112738570432 0.173732428838288 0.0185364775760033 0.0322461265788515 0.0452131235889674 0.175938302943899
0.00646325311428089 0.0637637960248656 0.218385879703736 0.189559408601781 0.192511588405219 0.102642636104732 0.0972265123730793 0.129446925672305
0.0644717328445477 0.14601868412663 0.110105720725746 0.0167810428760882 0.130113805133959 0.191363266162081 0.242659345417126 0.0984864027138226
0.0802422960960162 0.0211411283482827 0.28560561943058 0.0207680220321345 0.0520070729700361 0.185279184928053 0.229165106030507 0.125791570164391
0.0523586241036508 0.126820957001 0.113649558791339 0.190200753753542 0.252383489245011 0.148033316570402 0.0495862213550578 0.0669670791799973
0.115936497779397 0.215602373974945 0.0986298790054567 0.0228761766535851 0.155747313546688 0.185254047017591 0.169737099826132 0.0362166121962048
0.15343189748557 0.174710757010566 0.0503822413174686 0.151006449218373 0.0172926066123936 0.184562186868916 0.0859291584601011 0.182684703026611
0.146141512519712 0.177066603357821 0.200255757724546 0.0515652989900518 0.23175571646326 0.119105758755723 0.072545580032831 0.00156377215605456
0.10614202511851 0.197524928324553 0.0223282808985803 0.190747730567881 0.0187592746848791 0.145148568132589 0.190921060242206 0.128428132030801
0.177572855802761 0.183756694787874 0.0345924523177788 0.258259913217905 0.0066862037066284 0.233521975432421 0.0562203568783992 0.0493895478562322
0.104892933941478 0.137090093652687 0.151321226830013 0.207149583317821 0.0302484135007892 0.145470707507527 0.0160640266125503 0.207763014637134
0.161573634121881 0.176465444136195 0.103515134323735 0.0810981531727671 0.193117961603747 0.0235544686212993 0.199655852536843 0.061019351483532
0.0384910675120243 0.0728442458855448 0.218851394969356 0.0505859690285991 0.279138416214556 0.00150637794650725 0.244573458918397 0.094009069525015
0.10135597494936 0.156551617971088 0.0476699070799723 0.0567708598449132 0.163914686048029 0.172511247696897 0.230537669086888 0.0706880373228531
0.223167708898824 0.110700492212643 0.0414966853478418 0.117346481074813 0.0670575973232427 0.0646204158630906 0.200818995961309 0.174791623318236
0.174241313108059 0.180146258108021 0.120283348704971 0.11385755393241 0.0736640438472377 0.0380148647272351 0.186234019127666 0.113558598444399
0.128459690174523 0.0240154452002789 0.0237187470935055 0.119715057323727 0.188370983799565 0.139948458957007 0.128047264577867 0.247724352873526
0.0542757025795684 0.256723441366115 0.00636877949773759 0.0667382297002815 0.031849161219018 0.190969178574305 0.230523045239598 0.162552461823377
0.18616787518477 0.00430483706130421 0.00529836102030027 0.219432277501345 0.19771660977931 0.212659410551703 0.00584648340790802 0.16857414549336
0.150843769111142 0.077414061415227 0.166880873506741 0.172000422121481 0.108002779952144 0.0331673745909417 0.139028426061773 0.152662293240549
0.0274367542325365 0.111968316318119 0.0194988937590535 0.238197444575001 0.111124174655315 0.180994764371368 0.0525651159572557 0.258214536131351
0.157909203189257 0.00506051637556468 0.116268141871348 0.122194508088402 0.167977632079583 0.161195625912036 0.183412682034823 0.0859816904489873
0.0203548479766077 0.231580545423094 0.0323798687217957 0.18687531125195 0.174769426203856 0.0443528605817073 0.0615967363163793 0.248090403524609
0.191295337834278 0.0531016394641276 0.0978542955748733 0.131392444215499 0.203263213685645 0.182293097046086 0.0449211668172865 0.0958788053622053
0.0784800215451481 0.146967196736559 0.158685979122666 0.017044414043478 0.0865834257771399 0.17536077856786 0.162820085772736 0.174058098434413
0.0061381209505211 0.171560736299183 0.200491712894689 0.0024667528973579 0.192945904545031 0.219538796338775 0.133415316527472 0.0734426595469705
0.0845701824515858 0.19112045835089 0.03299287639653 0.20550791550565 0.112621478819627 0.168229815009387 0.0262214757963062 0.178735797670024
0.0811539129005972 0.157117174118524 0.0894249802580779 0.191047765614015 0.0592541769674126 0.0922591264563022 0.141391846949349 0.188351016735721
0.0235500608521689 0.123909536384956 0.0732441114279018 0.0970856101144549 0.0835125031814402 0.287038769473319 0.0479061303400353 0.263753278225724
0.0791901328569168 0.183020913676933 0.0583220229699735 0.197977731504172 0.04815627579889 0.196796070545137 0.112253525879919 0.124283326768059
0.108912991228231 0.191503565266704 0.00698718855717857 0.10318447527209 0.0442460320881536 0.31719447962889 0.118846300704872 0.10912496725388
0.202211436233559 0.17751803665631 0.0723995928774594 0.0062334891268428 0.231967520162021 0.193517598315399 0.0247279133030085 0.0914244133254002
0.152534408167296 0.125562241458876 0.0682038175324936 0.0908669931927429 0.187893495319364 0.129556424421087 0.147973838736794 0.097408781171347
0.0690397682678385 0.116435111406391 0.141804095614404 0.161714185996164 0.134780651899911 0.0917821525585713 0.0510788460923137 0.233365188164407
0.173357999470967 0.149774579774355 0.100980942586864 4.95567082749794e-05 0.048551612668949 0.148356454250913 0.189966720489788 0.188962134049889
0.0576354769323892 0.19427736194139 0.101791299877898 0.144834437600466 0.209228175018143 0.172884860922624 0.100372423906635 0.0189759638004549
0.178718061023299 0.00768385469930741 0.246211397374636 0.193426057780365 0.0581596403990763 0.104125004767191 0.0186122005700592 0.193063783386066
0.126922321217051 0.097876770312986 0.0870598869331764 0.154564173756247 0.260175090216862 0.186368381013787 0.00311770092968577 0.0839156756202045
0.174052066205894 0.0839841020875105 0.168697854491513 0.164733779304381 0.0440994834915077 0.079777680055027 0.168114710080247 0.116540324283921
0.0854711237617009 0.144919767909741 0.141284602675338 0.122845283814323 0.118935496112967 0.133745455161519 0.163044984076124 0.0897532864882877
0.120754849364308 0.15049929036189 0.171711005345515 0.0599660433921518 0.0767045831433036 0.136281970578509 0.127940257085994 0.156142000728329
0.124642468930926 0.0166719462374753 0.199536782634443 0.0253212843025333 0.26301905228781 0.0813588469233402 0.0743865760231455 0.215063042660327
0.014453523501812 0.143393834367399 0.058452055516008 0.228270300125718 0.0612015707199947 0.186193487641593 0.203081956308595 0.10495327181888
0.23242229944549 0.226566053644829 0.0397457900678401 0.153989065129852 0.0135023710210351 0.213585971446779 0.0784110851891475 0.0417773640550279
0.0264780558096323 0.21374279458937 0.0988483014212978 0.0858864123935797 0.257354738031582 0.116068651007598 0.194196467841687 0.0074245789052529
0.225561640802416 0.117150136876658 0.0451070751227082 0.19706353891935 0.00427501699409478 0.215409958907164 0.115289602955944 0.0801430294216656
0.117892772019164 0.166821660258648 0.185527577789293 0.227701382138493 0.0378354529973901 0.071386156843413 0.0352073960698259 0.157627601883773
0.068526901705048 0.119461176003713 0.229895469327155 0.247448651850465 0.0661220613452166 0.0585831582428479 0.150606299984762 0.0593562815407919
0.0628899120147511 0.100715271123423 0.309394710623831 0.0891474775689082 0.0759951469817843 0.0167418695674335 0.200967885573233 0.144147726546636
0.192327448950252 0.191650338163822 0.0583586383257147 0.0458558664840274 0.0569002003618953 0.168849911326984 0.181788167865445 0.104269428521859
