0.123687716292516 0.526105266398009 0.179990701731407 0.0819830128497947 0.0882333027282731
0.266584405924693 0.0928848073743435 0.349394119410395 0.0570129276457684 0.234123739644801
0.210160329946315 0.0534783435580419 0.23231055535735 0.26585085447131 0.238199916666984
0.121964983005726 0.343826960929527 0.224949812912819 0.246794916733978 0.0624633264179498
0.0728600211836736 0.130370684497986 0.322425602448061 0.138337282598748 0.336006409271531
0.102345537929524 0.275124299481536 0.100248807004527 0.200403825935783 0.321877529648631
0.413309329439402 0.00243055271674087 0.0975711456988356 0.410996855169372 0.075692116975649
0.126883960687704 0.188927650263587 0.269861833953864 0.353510192085104 0.0608163630097415
0.345623516270641 0.168894278942163 0.0447440900720508 0.147441868015489 0.293296246699657
0.25189285740401 0.101448527381755 0.292400383311152 0.255457420302353 0.0988008116007303
0.0800236684260697 0.119659897516566 0.27865111707362 0.190229868664293 0.331435448319452
0.176963839537923 0.289310128702527 0.0898748021787639 0.253180464604427 0.190670764976359
0.258963104025154 0.193049410614615 0.235581030893451 0.267499541008338 0.0449069134584418
0.0865305057403538 0.150313756406586 0.325950990125842 0.35336810199288 0.0838366457343374
0.204432845221211 0.169286204032456 0.263434781856668 0.0778857973155744 0.28496037157409
0.220023541708548 0.215126902710625 0.226752916645997 0.196716764444491 0.141379874490339
0.27332846381772 0.251377571495642 0.147273624219771 0.0427058643555267 0.285314476111341
0.123743394015572 0.348161967101581 0.154224109599173 0.0345647592312193 0.339305770052455
0.298399092902641 0.0312720669080924 0.452292765460107 0.0810569814116405 0.136979093317519
0.246851383023635 0.0509477190027711 0.0267449276803289 0.342897908287973 0.332558062005293
0.017833557546025 0.486856161372173 0.135798285226663 0.222071581913167 0.137440413941972
0.0152782203389901 0.277305829106504 0.386928046465645 0.104722549932938 0.215765354155923
0.0758382249302025 0.346398642107515 0.297071160483269 0.121109795680687 0.159582176798326
0.23773010784476 0.0706569371871682 0.225129981555297 0.260751112958629 0.205731860454146
0.164740019941206 0.222677362409315 0.229078945750351 0.115288442587393 0.268215229311735
0.0812717816759233 0.352218227262859 0.170085435076229 0.157320128456912 0.239104427528076
0.037103353084376 0.275546282249197 0.179850677359985 0.12958786879296 0.377911818513481
0.0531081171145996 0.365009448589187 0.0643470429262921 0.0260645391838784 0.491470852186043
0.0883998974244997 0.0115720742364086 0.277796189787054 0.591298960210446 0.0309328783415922
0.431122631111639 0.20805427372365 0.0577408890922902 0.262214697734643 0.0408675083377779
0.0252161537122349 0.498503617485071 0.156061417180679 0.293058888360366 0.027159923261649
0.241483956390208 0.0559173886508889 0.143584916481574 0.29422164612338 0.264792092353949
0.201877917594106 0.391940180449308 0.0794159968936359 0.0783325689543201 0.24843333610863
0.330942440342545 0.27784299398496 0.167856831741053 0.0596033559404939 0.163754377990948
0.209155968393397 0.164023748722354 0.127290361420988 0.0681425745815521 0.431387346881709
0.316041357103855 0.256503629535116 0.136330556670409 0.283757282491619 0.00736717419900072
0.127552044883895 0.0870116255136275 0.0709502524347121 0.464307920760469 0.250178156407296
0.253128506338471 0.0261791929234656 0.179483375937599 0.271197649081325 0.270011275719138
0.0875395484358372 0.274148710131736 0.32863993280795 0.243337190891235 0.0663346177332405
0.0854958071679413 0.166986824857213 0.344450408951173 0.113309437008673 0.289757522015
0.197968215530648 0.339705071972016 0.141013874059598 0.163060123476189 0.158252714961548
0.354601331569978 0.0657839407803061 0.113825255642471 0.251944100240878 0.213845371766367
0.327923923875965 0.347892711718372 0.0635226815741608 0.0485508578073766 0.212109825024125
0.0147762790066831 0.30781519664049 0.248566400503903 0.241366912812565 0.187475211036359
0.307061634084633 0.212414192720639 0.00450280017743974 0.360634060399056 0.115387312618232
0.237496388160367 0.386685577451309 0.163860810512679 0.148160493481709 0.0637967303939364
0.0518327011970382 0.516245020231107 0.113195281074912 0.00270145997749788 0.316025537519445
0.121091033666317 0.239533056606313 0.167807752225999 0.23522212634716 0.236346031154212
0.240231257967329 0.15419182672637 0.136834347612582 0.221789495003362 0.246953072690357
0.356579312768694 0.0468933465428827 0.251476807395819 0.243819856646985 0.101230676645619
0.393885363659229 0.0371580426836817 0.0627887166829717 0.277889883487709 0.228277993486408
0.347723072622594 0.186996330027926 0.000244908237972774 0.222809495392514 0.242226193718993
0.12303342638259 0.260084776955045 0.286043192913661 0.236976251920359 0.0938623518283449
0.00448337878375399 0.271191917085563 0.336238396811494 0.318950409511581 0.0691358978076079
0.0662663170913407 0.062702468851256 0.391514076126112 0.427553272609757 0.0519638653215349
0.161963781204334 0.27020566632035 0.258651491464071 0.136772873073486 0.172406187937759
0.221439730336273 0.219557506279368 0.211099162809868 0.0905093766020313 0.25739422397246
0.105056968985808 0.21150535167366 0.248681306171954 0.264257845092094 0.170498528076484
0.0505291306373276 0.30869884188603 0.307491329026918 0.105404157525543 0.227876540924183
0.00331802301417539 0.175843151972171 0.176109665706007 0.181979017318276 0.462750141989371
0.0494905792196702 0.0679425982704291 0.338433496471734 0.23921565575111 0.304917670287056
0.219085126189452 0.300441782285416 0.177611291657093 0.0352046111916056 0.267657188676433
0.133114839098151 0.222060457129664 0.0932383204732348 0.173371255804153 0.378215127494797
0.0709783574648115 0.228545233357327 0.241272774762103 0.22334411078315 0.235859523632608
0.298451272110626 0.281768199784539 0.068723676008856 0.297173635081104 0.053883217014875
0.111776690829356 0.269365290765431 0.0601046358035021 0.236959281362122 0.321794101239589
0.207938378783562 0.199202601916195 0.231735780526493 0.325079425617409 0.0360438131563409
0.0274651278324979 0.0825365009426315 0.196333171157991 0.4970642159858 0.19660098408108
0.218460959943727 0.22936877389936 0.116624098305001 0.220159831599956 0.215386336251956
0.263633518320242 0.232260491148922 0.139600053303921 0.185339608378469 0.179166328848446
0.190453373443887 0.217861689938748 0.114626051734188 0.22824424244979 0.248814642433387
0.315869223553434 0.269993584250888 0.0245111348772824 0.302285378178587 0.0873406791398088
0.152354026426307 0.258754838211452 0.467210369895699 0.0518312253826103 0.0698495400839316
0.0273463526585135 0.0495481284130909 0.363799871561338 0.390958439420367 0.168347207946691
0.368757839657391 0.055482354084244 0.076594518745666 0.489427454273234 0.00973783323946504
0.176340949868381 0.0959574302387117 0.276270780039264 0.352706389119806 0.0987244507338364
0.339647724555799 0.39367072947284 0.158537675182914 0.00464077126023652 0.10350309952821
0.188953348002521 0.165269723982897 0.0366322387291172 0.341446925809448 0.267697763476016
0.220376161404351 0.22521995134269 0.0315904021378149 0.323356328553082 0.199457156562062
0.0714384240559125 0.264910397937212 0.274774433065993 0.343227359500164 0.0456493854407181
0.125130311752881 0.349106459811697 0.143458245765113 0.364724119741129 0.0175808629291798
0.25830098883631 0.135596413994772 0.152546173185665 0.116619933492984 0.336936490490268
0.339022817250804 0.160869991911603 0.208976938855298 0.0368988198940594 0.254231432088234
0.319207826629706 0.0694719580483342 0.259774980755041 0.280492659847717 0.0710525747192017
0.133638736436387 0.269239287389408 0.281567767909764 0.144992291022381 0.17056191724206
0.292334869593602 0.241329199480365 0.153015761349787 0.250308186949412 0.0630119826268336
0.311046199717767 0.0642424872253809 0.227445047632909 0.0526010268630107 0.344665238560933
0.194763584589548 0.263074228681683 0.0940384294655722 0.0458122381945887 0.402311519068609
0.0747569920994325 0.160896485680717 0.347230785910739 0.320164564711779 0.0969511715973323
0.513803639414722 0.161009593405426 0.0990726089978203 0.0485660048324397 0.177548153349592
0.000530523153775939 0.183541267614698 0.391913563242111 0.0441071958818051 0.379907450107609
0.107908093290504 0.326089921876388 0.136873445508356 0.147703616336706 0.281424922988046
0.170905472706384 0.282629673928429 0.103335130387588 0.357442805326559 0.08568691765104
0.341841020890404 0.288121693367864 0.248288486556234 0.0971688251301042 0.0245799740553941
0.101412543030347 0.30615858716171 0.0871221507430954 0.339276604861227 0.16603011420362
0.285605197958053 0.28374983439673 0.0953130132159219 0.22184611909714 0.113485835332155
0.252948774707309 0.250080797030714 0.152421792225077 0.165107169069002 0.179441466967898
0.230562997694062 0.137339174103914 0.266244096299389 0.257710696011525 0.108143035891109
0.355036864781065 0.147366982371627 0.223865157658699 0.00711631722782911 0.266614677960779
0.046668004279705 0.253106464710232 0.159970503589803 0.260208264653087 0.280046762767173
0.130300663924575 0.301851791129014 0.463529029822364 0.0531674460604412 0.0511510690636058
0.234588159977488 0.0841331990247197 0.283942399767145 0.0808450510227452 0.316491190207901
0.2251435220099 0.215216312260488 0.122669441517926 0.10760219716463 0.329368527047055
0.0893652171628648 0.375176500081834 0.194277501104495 0.233544718919456 0.10763606273135
0.340607453411211 0.169522522836045 0.106132975744265 0.0299181409640016 0.353818907044477
0.283125862622104 0.264655989992596 0.0646192535396447 0.357353335646321 0.0302455581993338
0.200530025622752 0.0497988831278761 0.19958323673628 0.292039063898272 0.25804879061482
0.370573193612711 0.0401156839130211 0.225018486117319 0.185924628498446 0.178368007858503
0.548369327051185 0.133934864943779 0.0367461063608546 0.279349667192934 0.00160003445124736
0.294256999873231 0.0686794075837105 0.285738270062041 0.225843494126071 0.125481828354946
0.179906268976775 0.0516487746709143 0.270796720493692 0.225635804187005 0.272012431671614
0.30059949924119 0.233103629634065 0.140437117500833 0.306942420357346 0.018917333266566
0.0389425544295535 0.37016343601975 0.260949266277992 0.164275179127802 0.165669564144903
0.30542251849705 0.343560015557184 0.00780272741265005 0.31194412832724 0.0312706102058769
0.144770349053051 0.30892991403174 0.18041969389756 0.258228692894136 0.107651350123513
0.193900337300008 0.00495770372769375 0.193476058959872 0.475990461807553 0.131675438204873
0.327457251598253 0.258164208235544 0.0443391704544633 0.0516072187872457 0.318432150924494
0.130138885960206 0.180894587802691 0.253027164872384 0.227603488779355 0.208335872585364
0.154254773233476 0.0700078509497911 0.423699944428487 0.128719928468756 0.22331750291949
0.235000425185204 0.159334000363555 0.271600246378884 0.264933794186781 0.0691315338855765
0.0338303950773906 0.192000799581465 0.235103672064248 0.286013037143838 0.253052096133059
0.0416554235351111 0.013600432251162 0.278467753775893 0.267507810749671 0.398768579688163
0.265377061160258 0.0740002813554322 0.038060889723207 0.307102783222813 0.31545898453829
0.428488486400324 0.0342654076797143 0.0100909876622263 0.444432147036535 0.0827229712212
0.153713049401782 0.204739052426849 0.301807896718601 0.0897799689486839 0.249960032504084
0.10792552841369 0.25478496474979 0.122666050916352 0.280501075511845 0.234122380408323
0.0637469746327031 0.304262797590474 0.17801825726983 0.208297941082069 0.245674029424923
0.229132530913564 0.11527003598874 0.111926354786246 0.298209202450555 0.245461875860895
0.282828030430896 0.19877814825446 0.217261132424012 0.169408886370288 0.131723802520344
0.246351479109796 0.0872013492422487 0.305388157789701 0.245837098322009 0.115221915536245
0.31286464622754 0.177685876401338 0.0639683402846139 0.146445510279294 0.299035626807214
0.20836621569323 0.207572487651895 0.271442092003698 0.240552770993727 0.0720664336574494
0.0236649019235599 0.467580374251301 0.398389662942045 0.0877413573417062 0.0226237035413879
0.41683365469548 0.355909098242239 0.0230076133272532 0.124272073762376 0.0799775599726515
0.247046551501568 0.246767609377189 0.182753415968288 0.0907111888721307 0.232721234280824
0.0877691921056115 0.336663560121645 0.0944143640517152 0.0768713547901683 0.40428152893086
0.208291636463639 0.127949237458428 0.211375863874539 0.0700657100606286 0.382317552142766
0.308360648110061 0.236919606849001 0.00749560943465676 0.209522060201411 0.23770207540487
0.195697739953104 0.255108899605973 0.197372861849331 0.348289621737771 0.00353087685382143
0.134192854272151 0.158767053060436 0.235853786541275 0.368090969030724 0.103095337095415
0.225223527512638 0.249680747931429 0.11715129083256 0.375392073346808 0.0325523603765659
0.0910833921404375 0.263519181265026 0.32151870710767 0.00056977364602801 0.323308945840839
0.0502783240122513 0.128261748086456 0.292873492653776 0.262861530354882 0.265724904892634
0.2669410619946 0.278707665086201 0.229165266414068 0.0510151658727805 0.17417084063235
0.255888298441569 0.31531352839387 0.262475349807425 0.115764615733373 0.0505582076237628
0.329514351451194 0.284831898146716 0.143509421582492 0.0381397020732685 0.204004626746329
0.786949906741831 0.016926958439336 0.0177280839990727 0.148038724348805 0.0303563264709543
0.234553751225157 0.21367264880179 0.133833526738235 0.174007879134031 0.243932194100787
0.0616793254021974 0.216482720558146 0.0935288430220894 0.142482877714266 0.485826233303301
0.0874805559255991 0.316090575668273 0.0658311986130281 0.297588175243933 0.233009494549166
0.264829301333968 0.129986329756927 0.210404601524129 0.112108086431074 0.282671680953902
0.219211339900398 0.28026699032753 0.111192987551722 0.175937993264462 0.213390688955888
0.0128766381056482 0.0725381268041766 0.403154886082288 0.293848635552325 0.217581713455562
0.0605001431618549 0.418619779005127 0.167113892854794 0.208092614781741 0.145673570196483
0.216551531214098 0.272739102009508 0.10209620406818 0.135832208416887 0.272780954291328
0.0754678650597909 0.243042188579494 0.312906268196067 0.341162362386246 0.0274213157784026
0.224399307065529 0.221327960158992 0.212019631891 0.136528865559743 0.205724235324736
0.289534647311988 0.11976919071336 0.0677499214108099 0.216059310692954 0.306886929870889
0.139854732352935 0.295277135598073 0.318950041432025 0.137157098657215 0.108760991959753
0.510744666841369 0.189324389328329 0.110866499793913 0.100141654548656 0.0889227894877319
0.0479330507427582 0.0333860493773831 0.436497870216357 0.16637151074933 0.315811518914171
0.00732623808582513 0.262477042141342 0.270969145407418 0.295527153611629 0.163700420753786
0.189383003549411 0.0192533728030058 0.253719139924211 0.238856986721919 0.298787497001453
0.110625004063111 0.189855483242558 0.315993939838163 0.185415830519187 0.198109742336981
0.297399882969676 0.130566808376537 0.108876111580526 0.288216186354089 0.174941010719172
0.238443743524966 0.00744475149894371 0.244980833572559 0.433006651795101 0.07612401960843
0.382608532632475 0.0926256926630678 0.166627213909808 0.238476189752236 0.119662371042413
0.167143517473517 0.0922734014305686 0.272331656698339 0.28509087223882 0.183160552158755
0.00909348915616252 0.28397152551907 0.265534140334384 0.145672072671332 0.295728772319052
0.574835368144253 0.171008525227525 0.121257825831711 0.0123060923230346 0.120592188473477
0.169919913988221 0.652244359682923 0.000640360461436769 0.00531435513742785 0.171881010729991
0.327969584601471 0.0394477280937266 0.363529679224041 0.0897478900040806 0.179305118076681
0.219375120331644 0.314112710105036 0.0923866292055376 0.274606213680873 0.09951932667691
0.124527454406395 0.15025953751093 0.168654757679973 0.349898444743015 0.206659805659687
0.246856312790313 0.123333761028557 0.303914901850629 0.272792973582748 0.0531020507477531
0.24006859671461 0.273286497366199 0.289530100150007 0.047409670328981 0.149705135440204
0.176264492805419 0.208964126490111 0.0997547480133992 0.156428013072745 0.358588619618325
0.0213046839031756 0.365031491324813 0.0141716288569466 0.261866298506722 0.337625897408343
0.0588577811027051 0.193060314977456 0.288255174080633 0.161291681189973 0.298535048649233
0.23627993531087 0.262819463705446 0.0549327806461393 0.198776702005227 0.247191118332318
0.0963176185110122 0.462222990425009 0.18240375559534 0.213202734315425 0.045852901153214
0.0444523645775824 0.392001866610355 0.0639988480649381 0.322651666876796 0.176895253870329
0.241739091385875 0.248202185198925 0.0115911159875369 0.0382512369334974 0.460216370494166
0.193699227316083 0.0487123211345395 0.227567848598092 0.261481966235338 0.268538636715947
0.20463676322901 0.288032104332072 0.0943793772737548 0.291895180065572 0.121056575099591
0.0557105129713522 0.293206012152755 0.221361807203539 0.169521355776428 0.260200311895926
0.104282781864515 0.108352910863191 0.237886158654537 0.244527813041054 0.304950335576702
0.278654347831729 0.213498773373147 0.127060541073722 0.167527824095783 0.213258513625619
0.195905098568431 0.343650331494634 0.047604536232473 0.268043568505546 0.144796465198916
0.159860817495367 0.240952418514854 0.267831681884045 0.069009267339097 0.262345814766638
0.341215012688753 0.264734275412013 0.255226704268279 0.047016117864938 0.0918078897660162
0.0536431913342721 0.0286016596269998 0.406277865391998 0.108919405068983 0.402557878577747
0.258877258489491 0.0766225345609862 0.292417699930897 0.0408799920581488 0.331202514960477
0.230261708188947 0.24522774762298 0.262264109322722 0.125818362190576 0.136428072674775
0.34749244815634 0.156042994501447 0.173726510464815 0.306600754106183 0.0161372927712151
0.289120623705314 0.301438468435367 0.00309606309396694 0.29447880146312 0.111866043302232
0.147622034236379 0.11530788197504 0.199351675231516 0.297208350691972 0.240510057865093
0.0220312646372329 0.436374523847517 0.00375361935981957 0.309744769222399 0.228095822933032
0.00239542751484777 0.29416934546605 0.370446221053366 0.160873883221646 0.17211512274409
0.358843339870387 0.0685479189201308 0.174059556464426 0.219100751847467 0.179448432897589
0.0619478693323112 0.350713655099095 0.187681633936101 0.0991897546584768 0.300467086974017
0.299346859573608 0.0545245287394585 0.140062250032866 0.152882872702761 0.353183488951307
0.0560890366344935 0.308859340727574 0.203643004231353 0.272644138854802 0.158764479551778
0.261113770627835 0.194398094480607 0.0829953079144273 0.274968332677959 0.186524494299172
0.0485062826125457 0.249818653379997 0.302731039843364 0.255516891128209 0.143427133035885
0.151519972768222 0.242488399003088 0.199731669215736 0.218178905386347 0.188081053626606
0.213110799719262 0.0430827554797866 0.256772938913159 0.231580917255984 0.255452588631808
0.325325825625906 0.173018395217421 0.00725603844234677 0.401297604677256 0.0931021360370698
0.0135495333816149 0.199653867471851 0.279098779082703 0.277046895239323 0.230650924824508
0.438111463839128 0.33858406463523 0.0379103256436663 0.139697705829714 0.0456964400522613
0.379768496766609 0.386117462633329 0.101105934519136 0.00486849511629692 0.12813961096463
0.0744947686216714 0.423219120449798 0.211736159999219 0.0797207842972955 0.210829166632017
0.313156829576079 0.29440415456974 0.313790969349541 0.0528036738988817 0.0258443726057573
0.281968207954016 0.244573737940217 0.276178735546274 0.0811404109974352 0.116138907562056
0.218918382523634 0.0677546164182257 0.421426510445266 0.195401320420485 0.0964991701923893
0.306153500477101 0.0786739853708255 0.247349595305434 0.0593391768575288 0.308483741989111
0.0143103552349586 0.140328791161896 0.283656201604501 0.181417539360194 0.380287112638451
0.16028360867455 0.197211766987854 0.221300595635697 0.362491585574032 0.0587124431278669
0.129620676046371 0.0668323609308922 0.320773501872118 0.303169462295749 0.179603998854871
0.182051110199281 0.318480427429946 0.278742469107201 0.123685959599267 0.0970400336643054
0.263664999161454 0.146651240755924 0.234099614460696 0.163714507475141 0.191869638146785
0.172078367245512 0.177295398109065 0.0037236475590597 0.344996897878873 0.30190568920749
0.042024345104436 0.0759049454470878 0.474366995485216 0.120702134588761 0.287001579374499
0.299466975397098 0.205602305996114 0.106122079284644 0.0298994256780742 0.35890921364407
0.276643695857541 0.279918490764061 0.179816959705985 0.117718648687334 0.145902204985079
0.347378664947092 0.200382994697618 0.325114925714754 0.0973627549344813 0.0297606597060545
0.0638027982639595 0.150195728908381 0.365139470180644 0.149265594488658 0.271596408158357
0.0831687347424996 0.25776768066435 0.288492588134952 0.295164268943106 0.0754067275150918
0.104583953386706 0.144437626509155 0.103503379394057 0.33608761297574 0.311387427734341
0.0130426383924118 0.757951813623203 0.0683102718746579 0.0391736329782557 0.121521643131472
0.0108986862394581 0.318121251440534 0.446327528702399 0.166949775299479 0.0577027583181297
0.180409513847566 0.280782190111994 0.188920017130855 0.114327950654167 0.235560328255417
0.140072831095087 0.201238187067337 0.0647827060795592 0.290389029450451 0.303517246307565
0.162155601893092 0.240367005527883 0.0834574010546332 0.261193757927005 0.252826233597387
0.23176966995622 0.263511608432508 0.104704881162079 0.343505744705039 0.0565080957441535
0.153733996274283 0.235969926632543 0.245532792811681 0.197595132806371 0.167168151475122
0.299022764226755 0.212257865590427 0.137863752277542 0.183934921054523 0.166920696850753
0.10281881566964 0.183844929253385 0.0501791990770971 0.330209717607026 0.332947338392852
0.0948130101097309 0.136118547686661 0.395551852234008 0.373090233265594 0.000426356704006355
0.0183128312931589 0.172601214329448 0.402327413634449 0.397283552111418 0.00947498863152709
0.21897105611292 0.228761162240261 0.196982085088055 0.159786300721917 0.195499395836847
0.313789356308093 0.173616619597394 0.336658975515566 0.17584937305189 8.5675527055919e-05
0.00697604032055128 0.122669464328936 0.311949576192354 0.23259910652704 0.325805812631119
0.348793731303774 0.0207883878765032 0.189396539223487 0.390328239590709 0.0506931020055275
0.12025735675617 0.414968136133549 0.0625057109415574 0.10362692071794 0.298641875450784
0.34852955749865 0.0909803012865738 0.290310050741691 0.149561722868827 0.120618367604258
0.251879260917352 0.129178477167886 0.138727532966014 0.225962529727192 0.254252199221556
0.244657697006491 0.293209473019677 0.1805069696792 0.0988451307255308 0.182780729569101
0.214473698324118 0.465232411476981 0.224346033528695 0.0892706167309446 0.00667723993926127
0.219763294775611 0.356917348113976 0.20028536368605 0.170342207045156 0.0526917863792073
0.382941584027856 0.11049287241326 0.0358483337277745 0.0332419091437434 0.437475300687366
0.178535343002669 0.251883940113429 0.296692787412154 0.0527719503517958 0.220115979119952
0.303888075061797 0.203554756478526 0.0747170707845108 0.178132720507926 0.23970737716724
0.140673488714143 0.240539441220344 0.266578255804997 0.219449575721053 0.132759238539463
0.172994137567128 0.148487911055951 0.296157897723145 0.235754590221943 0.146605463431833
0.0126550128265001 0.22033416794784 0.0408661570684143 0.475609414923995 0.250535247233251
0.158293848994867 0.0918670749651851 0.184159325943545 0.259939659839841 0.305740090256562
0.247978879940673 0.284567960006964 0.0744137375404509 0.254002518281467 0.139036904230445
0.0605667628655611 0.0982248444513062 0.290066453686838 0.232175054533253 0.318966884463042
0.313467258919657 0.185361085076423 0.157380677666366 0.112490750139063 0.231300228198491
0.02309248810024 0.00390807494526614 0.380290683223183 0.363365723940882 0.229343029790429
0.315550706682705 0.0116429710236594 0.340477142537726 0.320655886001039 0.0116732937548712
0.171180249544645 0.200017237559517 0.0795868439549035 0.364272269392516 0.184943399548419
0.0805669710415398 0.215534836524467 0.251491571579997 0.261949150425272 0.190457470428725
0.0462983919334407 0.188508297707204 0.151541293366489 0.398120198646793 0.215531818346073
0.137762714085789 0.0465765992134366 0.261881113512219 0.29513858081792 0.258640992370636
0.0923952321851336 0.32279291245332 0.21464841317322 0.308346577313632 0.0618168648746939
0.327920294626016 0.1520651432533 0.133203295165427 0.104725585336951 0.282085681618306
0.0156114517243616 0.105227664038627 0.242860866695713 0.35671652623369 0.279583491307608
0.0162063016776727 0.193185142582821 0.249657891676824 0.143100314087132 0.39785034997555
0.11300981754725 0.125840443528608 0.193181969700004 0.266005597752939 0.3019621714712
0.223253784796279 0.076862982804934 0.24468687494749 0.258125563172804 0.197070794278493
0.211662990122138 0.213786824947777 0.215321107156387 0.215566597572359 0.143662480201339
0.286547257429708 0.135292368835523 0.267105608454571 0.125109601064632 0.185945164215566
0.429500774991363 0.0188143889286394 0.229305691472627 0.234981104554759 0.0873980400526122
0.349628965522782 0.308595548618876 0.0679634559454423 0.144125674058629 0.129686355854271
0.0312539260414282 0.287282653912464 0.347049174948159 0.0385692513466733 0.295844993751276
0.0565448703842831 0.414144640295936 0.436658497282039 0.0899746468867557 0.002677345150986
0.177832203396692 0.349464669556509 0.186994906914114 0.205248513199736 0.080459706932948
0.197145227854802 0.085727990738068 0.299773728948233 0.251880698395774 0.165472354063123
0.09295210170516 0.325840215815633 0.084136324337168 0.310208532826315 0.186862825315725
0.211428960191478 0.190705857767567 0.21750575831859 0.0621243867331224 0.318235036989242
0.355035092688426 0.214512353523495 0.217965717389062 0.209220809966344 0.00326602643267453
0.306500180016893 0.104068648415648 0.247792118148535 0.152336620879763 0.189302432539161
0.256376029713265 0.252793042172993 0.0914439397635584 0.315947648604263 0.0834393397459201
0.227206614638355 0.198383249061396 0.0731571523333448 0.262483268959246 0.238769715007659
0.30680913520848 0.203051067650829 0.0929240831387886 0.330297734240605 0.0669179797612975
0.297132213315652 0.139051539478712 0.246440854320383 0.157394706402079 0.159980686483175
0.201504576577793 0.0828463094489289 0.295135163536755 0.290805286882612 0.129708663553911
0.0488144706268747 0.24123812862037 0.327591233100693 0.19897570602666 0.183380461625403
0.421218972388514 0.0958273239668405 0.143156288660001 0.0627431131287064 0.277054301855938
0.207689760561089 0.272532843707452 0.0171709027520225 0.23446846720051 0.268138025778927
0.100999648250149 0.152853355489154 0.311945825162945 0.138254693964436 0.295946477133315
0.427616723267469 0.123271268686566 0.232786792553367 0.1579550329607 0.0583701825318984
0.218503526717819 0.114440489613804 0.21403214041575 0.219604949488601 0.233418893764026
0.19258504911035 0.158066987502604 0.240790134480116 0.188885077574639 0.219672751332291
0.198322634738101 0.24923298863559 0.0110697166468908 0.288591022409273 0.252783637570145
0.312990266953223 0.165840276217192 0.000101184796497344 0.476738863014901 0.0443294090181869
0.110922171705806 0.127252852998959 0.070244810280337 0.351517297818972 0.340062867195926
0.184163109668107 0.338448953444321 0.0774700923383534 0.0776378381182432 0.322280006430976
0.197724998593587 0.220109756620829 0.28333314091317 0.242397692965583 0.0564344109068302
0.21613764191625 0.311323058352538 0.212693913333426 0.0953856822948952 0.164459704102891
0.0314124681701823 0.0552567443723523 0.628192314116065 0.0210566123937052 0.264081860947696
0.258890370780741 0.265350959733085 0.188044298965526 0.202857826515475 0.0848565440051739
0.232130049511218 0.158149226440194 0.176660504850027 0.228277996379892 0.204782222818668
0.135420746715504 0.280939284763414 0.0211437936051772 0.291938458469242 0.270557716446662
0.319349664467256 0.210418879051785 0.00475535648520093 0.173532073799824 0.291944026195934
0.0787097850411628 0.221941192510544 0.182195487205096 0.293343642507135 0.223809892736063
0.432077059471541 0.0992300474301562 0.0367346141840515 0.054828040856717 0.377130238057534
0.218766855607618 0.283259110791387 0.0559086306107982 0.050305393883759 0.391760009106439
0.242012747887633 0.239082366500316 0.184355769809751 0.246859451004899 0.0876896647974016
0.261668305952982 0.247359895825087 0.28651430939459 0.0510086420770721 0.15344884675027
0.333657075945357 0.123890209533514 0.283737777085074 0.0746088174665455 0.184106119969509
0.0739891966684551 0.39663901326681 0.0061253440479396 0.227370229004728 0.295876217012068
0.0435030772120158 0.103815043301994 0.398595868885976 0.331862696833657 0.122223313766357
0.348673983837186 0.0558115319297207 0.259983584736428 0.0913342938806815 0.244196605615984
0.29346028621985 0.145152515557329 0.0546586612218335 0.0193456008715193 0.487382936129468
0.193521668424199 0.176515059894148 0.163524167905046 0.343438314423133 0.123000789353474
0.402941071097388 0.031762572095685 0.27895361113346 0.0423339932955741 0.244008752377893
0.200930946690308 0.117972128666804 0.0239172643464724 0.343034114658614 0.314145545637802
0.160397802092957 0.492798883450734 0.311572446018068 0.00742812246912023 0.0278027459691209
0.194440056851428 0.226623469788207 0.168565883134195 0.115379484481821 0.294991105744349
0.0895851779369737 0.301147497836282 0.0582138195063523 0.279909786476575 0.271143718243816
0.220641360171252 0.0788048138365847 0.243508118886115 0.23046258296735 0.226583124138699
0.258262721298001 0.26578786871085 0.241120051836785 0.0367253720018224 0.198103986152542
0.121764175016304 0.147909877810813 0.363475906283388 0.097296003813026 0.269554037076468
0.301963628096724 0.145580892821901 0.31026767926409 0.202229911240677 0.039957888576608
0.301724457798932 0.0474662172945568 0.179445642383637 0.183797773879806 0.287565908643068
0.302926092455952 0.0703569195571994 0.0265365905849892 0.196507347662113 0.403673049739747
0.355646433335469 0.15599956001372 0.310435381823902 0.0842200761436557 0.0936985486832526
0.17719850110032 0.241734544226618 0.34027042344212 0.179620385948497 0.0611761452824461
0.327742666644952 0.0827290468968801 0.283890617300089 0.267734193574277 0.0379034755838021
0.108557990137162 0.139907767894825 0.298342712497862 0.231041933802101 0.22214959566805
0.138091935618751 0.132553590071744 0.334688416968319 0.263350388079758 0.131315669261427
0.17973988482728 0.093105461879737 0.229341512378695 0.224632765139143 0.273180375775144
0.34565250362283 0.225317937881009 0.117579342677695 0.176527862880278 0.134922352938188
0.274613117589056 0.206782827830043 0.115804434494548 0.192836222657209 0.209963397429144
0.259844258289252 0.116213893485385 0.219367958775575 0.198006524021389 0.206567365428399
0.106230875518644 0.135769262025142 0.294583187589129 0.0505950220701057 0.41282165279698
0.0909662877631579 0.221233644171698 0.087122310312838 0.427147674363322 0.173530083388984
0.0839901844967284 0.219226910639195 0.244797270936193 0.192829491210097 0.259156142717786
0.181855274273202 0.225540862998809 0.0812387287826744 0.154708562921651 0.356656571023663
0.214126920137609 0.185486675887177 0.13791593393169 0.315359763981501 0.147110706062024
0.338954291683632 0.257716872639586 0.169391396882107 0.124655422955978 0.109282015838697
0.268254292029975 0.274479460323956 0.100007570495051 0.094243070891902 0.263015606259117
0.0512376735510821 0.00763869397726507 0.184627792572411 0.643476065692399 0.113019774206842
0.398730811863575 0.161285579196272 0.138324978414531 0.190189450892035 0.111469179633587
0.299861329936133 0.245101006466706 0.221135249656949 0.0860805520764126 0.1478218618638
0.283191586364484 0.0349425589257003 0.124371733927447 0.264605039727403 0.292889081054964
0.114734086224907 0.207317224722165 0.34207909435007 0.130791999101951 0.205077595600906
0.190633061905622 0.114219972795634 0.122256152363456 0.26326122183917 0.309629591096118
0.110476433982407 0.11638341316781 0.192127143076129 0.272867221411092 0.308145788362563
0.2577275525498 0.191083521695396 0.286642754084549 0.00964546712087771 0.254900704549378
0.186098254456962 0.169811780776934 0.223917906771634 0.259583140683755 0.160588917310714
0.0343921598732486 0.302585663163554 0.173786398489448 0.297631774434795 0.191604004038955
0.0601070312145455 0.359661522545386 0.323858621062416 0.202197359733221 0.0541754654444318
0.195058965367566 0.161460783905461 0.290058583258007 0.217294133309887 0.13612753415908
0.140574587423089 0.350777303811547 0.131075393746641 0.0669945662588292 0.310578148759894
0.333160360952417 0.138484232870885 0.245830731185309 0.118736015637168 0.16378865935422
0.230793736167976 0.30757770532224 0.213492652781566 0.233875836396043 0.0142600693321745
0.139627455180535 0.0884307774812698 0.225678111515389 0.254704676093953 0.291558979728853
0.202159741287103 0.0978705110852746 0.179274187255451 0.240169903293518 0.280525657078654
0.098321423603567 0.20509943933701 0.333313477169851 0.104378819115579 0.258886840773992
0.293438053097236 0.360509411829877 0.241108588734375 0.0165347390807607 0.0884092072577523
0.338353464746966 0.0400234991913197 0.293094886985961 0.202052867799627 0.126475281276126
0.15070471944793 0.0423450738338122 0.420707558814051 0.132833119331481 0.253409528572726
0.256081460478129 0.212247774765919 0.374301879741487 0.0464322795417131 0.110936605472752
0.181349614513217 0.299627047673033 0.0857680299331835 0.158621305829616 0.274634002050951
0.176654735898422 0.198347386498282 0.122997924470894 0.266670999162856 0.235328953969546
0.235129469298066 0.12442958504609 0.201601957190571 0.0773720094489005 0.361466979016373
0.012892759623258 0.27393319988349 0.300083615906974 0.0144232973448085 0.39866712724147
0.187260635253718 0.202715159011479 0.0684350152821383 0.260084187609761 0.281505002842903
0.19204207643423 0.134819033751122 0.146113736423622 0.342987466497276 0.18403768689375
0.382090419125366 0.304422516720015 0.0521207994548458 0.0712357167677386 0.190130547932035
0.268074139279227 0.020158641000645 0.152320919020134 0.268931205474955 0.290515095225039
0.0787531871280659 0.211787441457974 0.180624804860526 0.2229122590604 0.305922307493035
0.387302949379535 0.066034355580218 0.25789640362929 0.215410900725199 0.0733553906857578
0.196302344677093 0.241363245230888 0.235461335780666 0.15552752552317 0.171345548788182
0.0724898926378141 0.206582327565003 0.421149896376595 0.250797667023514 0.0489802163970741
0.421853622626397 0.314767064264593 0.0113155785163536 0.0263800521456107 0.225683682447046
0.299279216453085 0.336411023653525 0.10893298954254 0.0968138574723819 0.158562912878468
0.298827728517708 0.0160034955272402 0.218877963598688 0.298714335512654 0.167576476843709
0.309885135764765 0.0445040450511692 0.104275953845384 0.336012210382613 0.20532265495607
0.187713864198361 0.159409566514931 0.160765391808657 0.201905059118113 0.290206118359938
0.312013265103691 0.272665756792675 0.109477828231154 0.233434106430973 0.0724090434415066
0.296051748334184 0.194991271817718 0.222711364935319 0.159980962211062 0.126264652701718
0.278020195316186 0.00417594120973463 0.00654989953593775 0.636878153343875 0.0743758105942668
0.139006157637753 0.041449445013092 0.202138640656261 0.201437184215394 0.4159685724775
0.0941038583947045 0.21246180540285 0.240004311547104 0.26245972922739 0.190970295427951
0.252042257381572 0.187694334177659 0.247838312934663 0.260078992277253 0.0523461032288527
0.0135948726389675 0.213808948651079 0.493179630364007 0.125447370138709 0.153969178207238
0.211320655289558 0.227377874171091 0.0708351523910407 0.321357487709686 0.169108830438624
0.169278806178726 0.0542835943103674 0.295993301353346 0.352704938244917 0.127739359912643
0.0884774707906191 0.0553973734028265 0.252683946482842 0.297576958181623 0.30586425114209
0.457640215393576 0.0473977016701594 0.0160979595852847 0.0696341782892341 0.409229945061745
0.366549571078767 0.0824153647473317 0.016170285874437 0.308181286780239 0.226683491519225
0.319307182788794 0.230525740517443 0.152128122873485 0.248437995960295 0.0496009578599825
0.311624220042066 0.0714854798324491 0.160081034567008 0.13076745805775 0.326041807500727
0.240625626177782 0.167346963060391 0.226518915056382 0.194294236331844 0.171214259373601
0.296225683838683 0.0283389739831135 0.273858080920398 0.0731088391287364 0.328468422129069
