0.396479246330745 0.0404599291828264 0.238967184228549 0.324093640257879
0.0472272493179801 0.475183116240985 0.291275720028116 0.18631391441292
0.373982652934378 0.388084483295845 0.160739718536425 0.0771931452333522
0.327863406604773 0.200180527148997 0.451729245178443 0.0202268210677873
0.0553237458843456 0.302819737672605 0.413440629230721 0.228415887212329
0.118773511704417 0.539228605106678 0.0138402167364142 0.328157666452492
0.063342053966338 0.657436682579697 0.146516113378634 0.132705150075331
0.245676238273177 0.333776871104281 0.134560444982044 0.285986445640499
0.303031789163296 0.0725138087226759 0.115765484624292 0.508688917489736
0.131359362641108 0.048160981418707 0.427171116353491 0.393308539586694
0.0133283004463994 0.2698103006385 0.570802790829695 0.146058608085405
0.116880731463172 0.374795902602079 0.323200000470711 0.185123365464038
0.112947319531631 0.435967241881059 0.427382066628419 0.023703371958892
0.399671785626843 0.287649431721734 0.09672843333422 0.215950349317203
0.335261232646086 0.185937783191024 0.314388311334296 0.164412672828594
0.174764772840582 0.402117462117816 0.190186991871745 0.232930773169857
0.0785654920537629 0.465551202312296 0.0570002046956988 0.398883100938243
0.302583714159434 0.427690510472469 0.0235340897525592 0.246191685615538
0.280289937405882 0.359207056406565 0.157576900429675 0.202926105757878
0.581520240792071 0.160379091623814 0.181847289032239 0.0762533785518758
0.168381546547194 0.0589100484077907 0.651514794969784 0.121193610075232
0.317693914696415 0.125814920782995 0.253707118155764 0.302784046364826
0.482854029984762 0.323550981315411 0.17203409427208 0.0215608944277474
0.147298939623833 0.042862208050376 0.3561053752898 0.453733477035991
0.330322460552975 0.329288386318679 0.0213865072403121 0.319002645888034
0.239021257347587 0.301516865291052 0.333486890305501 0.12597498705586
0.0108725245900276 0.31410367042004 0.373437117977333 0.3015866870126
0.515766964312071 0.0959942423311634 0.0072179119245679 0.381020881432198
0.43722376852627 0.404596762665431 0.0375388348812254 0.120640633927073
0.370947006094155 0.37738946388722 0.246285835819361 0.00537769419926417
0.268012419626649 0.0978201448459482 0.439470931759564 0.194696503767839
0.365280285453487 0.115496080495132 0.371091403713868 0.148132230337513
0.0578460273767739 0.247378815153858 0.391961865193093 0.302813292276274
0.435118299084552 0.453915430954038 0.0136496127360403 0.09731665722537
0.0898212835467681 0.626740263673006 0.0684364492128742 0.215002003567352
0.195450014700786 0.558287193782788 0.198333911699514 0.0479288798169126
0.171807296961326 0.235079537173186 0.237011887900869 0.356101277964619
0.204831130000466 0.196819525005406 0.51345248897376 0.0848968560203685
0.264201389245594 0.125087907669474 0.2887339238755 0.321976779209432
0.00694538693482367 0.320015434915962 0.603607784655784 0.069431393493431
0.303683200351235 0.223819133073317 0.356764459530579 0.115733207044869
0.241323947453835 0.221657039018512 0.413176558359508 0.123842455168145
0.0732788125510642 0.168020762993377 0.37666144687482 0.382038977580739
0.329857717547602 0.273752912558704 0.174836461876577 0.221552908017117
0.121976180752777 0.31101968547196 0.0125912036256375 0.554412930149626
0.612953360078243 0.101971437745707 0.0658873009093592 0.219187901266691
0.125096026903272 0.322964387442579 0.272053892930454 0.279885692723694
0.712567680863532 0.158981532546019 0.0607023591373561 0.0677484274530926
0.249192947922362 0.314698386072771 0.230003489114025 0.206105176890842
0.269664579496525 0.434432129214101 0.0416190064900114 0.254284284799363
0.301494013629583 0.0442777121167646 0.115056034345254 0.539172239908399
0.133016631249125 0.074790190555228 0.0199176445138239 0.772275533681823
0.602501231922757 0.0712576591987836 0.313301614008683 0.0129394948697767
0.281548881941146 0.161400985761622 0.219839181018398 0.337210951278834
0.308778934304141 0.314871361094388 0.31189057365998 0.0644591309414912
0.194283730326025 0.213666393550638 0.54323210493305 0.0488177711902858
0.163218752214017 0.216980643058907 0.140243096477739 0.479557508249337
0.19529116129579 0.204755420174829 0.287674426928864 0.312278991600517
0.273149247473143 0.301234450486225 0.17539886457075 0.250217437469882
0.0170126254659888 0.209399564117541 0.384649999729834 0.388937810686637
0.171443039755056 0.391443533693245 0.209589980865323 0.227523445686376
0.591524954438743 0.12681897514979 0.270011474079312 0.0116445963321554
0.035024540095382 0.323577081076186 0.311616621890516 0.329781756937916
0.174736331007422 0.330226972700018 0.38269302071084 0.11234367558172
0.264492559370424 0.379621650899545 0.312037595316148 0.0438481944138819
0.166166088641753 0.373442774214236 0.207443931363939 0.252947205780071
0.322210611595499 0.0699179745281017 0.585080228451898 0.0227911854245009
0.194719847744702 0.299755045664395 0.29052570233795 0.214999404252952
0.0218508850480567 0.413271554239592 0.364754351790354 0.200123208921998
0.160896696899654 0.225534960371443 0.536616674765316 0.0769516679635871
0.274352813448207 0.184098483793092 0.253630454917482 0.287918247841219
0.316426452087257 0.298289125823331 0.277589798167065 0.107694623922347
0.125137944880498 0.372616217901797 0.381081234831364 0.121164602386341
0.535768072594699 0.0112882255359016 0.323484373927191 0.129459327942208
0.158179274177331 0.0478638088720974 0.396054756322729 0.397902160627843
0.470321048955804 0.167681808938781 0.0832460234375188 0.278751118667896
0.369782639841908 0.471313623393213 0.00662069479734854 0.152283041967531
0.382541061900164 0.0811304863519859 0.186921975408127 0.349406476339723
0.0807658504445467 0.376097565180698 0.124941912006729 0.418194672368026
0.323698795501015 0.267622328453299 0.263053506911962 0.145625369133724
0.469433167001832 0.211785271979228 0.106017062334633 0.212764498684307
0.344887992024151 0.290574811645312 0.344783688817837 0.0197535075127002
0.268905096576182 0.216364982564043 0.33580323099708 0.178926689862696
0.294820155713648 0.371024794025143 0.249534079980666 0.0846209702805434
0.319679301059515 0.197189558361773 0.199898026788183 0.283233113790529
0.156797304357498 0.354480647187821 0.478458934821719 0.0102631136329631
0.0389445226103605 0.450200252253542 0.459497961042398 0.0513572640936998
0.28301027631001 0.157539977347566 0.068104711731007 0.491345034611417
0.0060487970171045 0.0900887958390851 0.392788551464383 0.511073855679428
0.264893362609663 0.312316059326775 0.270448739308998 0.152341838754563
0.279354031145209 0.014562655194938 0.552100396912798 0.153982916747055
0.103755185370353 0.341352092521586 0.421720569510251 0.13317215259781
0.382627381959597 0.014712002053909 0.529132443974285 0.0735281720122083
0.0795208006742005 0.223462980888851 0.213806754528506 0.483209463908442
0.272611125646726 0.0778353547407365 0.0697057376082516 0.579847782004286
0.421495224097485 0.101030089680215 0.165303465974313 0.312171220247987
0.0795456641909574 0.254122420332004 0.442194876881384 0.224137038595654
0.178800032026645 0.07651604428995 0.355054376710676 0.389629546972729
0.0190651539396333 0.648808928089801 0.20854053769725 0.123585380273316
0.329248436976541 0.178675916730297 0.320205088222612 0.171870558070551
0.266211310032998 0.361538219332675 0.113007604081496 0.25924286655283
0.241520101596392 0.20086190021273 0.470385909884672 0.0872320883062071
0.665452092080914 0.0333537514796139 0.0243827306298968 0.276811425809575
0.0646887156467748 0.381094058262482 0.536662677545177 0.0175545485455654
0.30878378190977 0.254210520279195 0.287607340828184 0.149398356982851
0.0884970278108771 0.00333089783469005 0.450696168642373 0.45747590571206
0.0757710156204604 0.351382147972772 0.271676727887728 0.301170108519039
0.181662602822633 0.377905272424281 0.391052622751176 0.0493795020019107
0.361503062402339 0.116243536802853 0.266151027412636 0.256102373382172
0.214766322007998 0.284769075964795 0.293625734186985 0.206838867840222
0.31009844967662 0.064219507054627 0.325678463793711 0.300003579475042
0.166116227538962 0.208143688807948 0.314387278302693 0.311352805350397
0.0147767950398353 0.302064012660662 0.395484720581439 0.287674471718064
0.26600250050097 0.235831510496817 0.322032427739936 0.176133561262277
0.0551199661923367 0.0871944801925063 0.341548429563315 0.516137124051842
0.112362523615767 0.185243479381837 0.407789701720368 0.294604295282029
0.430001633188358 0.218126054903486 0.0374935904714139 0.314378721436742
0.277495832571306 0.243769601180885 0.345789527131441 0.132945039116368
0.164825159696697 0.202972276739873 0.182736849467162 0.449465714096269
0.0162677202270837 0.297493924935861 0.439820033579974 0.246418321257081
0.230878523183001 0.296757765807294 0.280578193333809 0.191785517675896
0.2886176723207 0.340924023027496 0.0109445209592661 0.359513783692538
0.0901815455926732 0.198664481479961 0.69115841483214 0.0199955580952265
0.419934110025605 0.107970269799782 0.341072708004103 0.13102291217051
0.434595658557151 0.000976065855490832 0.36714663128589 0.197281644301469
0.231193806984309 0.505738990593293 0.207046257662667 0.0560209447597314
0.35166069575131 0.0567103495996102 0.269923324162959 0.321705630486121
0.245004156984201 0.341885080988604 0.246308574483449 0.166802187543746
0.433514639801917 0.148676566394994 0.0966193009226532 0.321189492880436
0.0801273403375871 0.173670827414549 0.0945383778525917 0.651663454395272
0.251006844859055 0.289253341395671 0.163173902969403 0.296565910775871
0.0269605808323437 0.571693930971341 0.0728374665069717 0.328508021689344
0.123325718924981 0.290992936151804 0.0777818701404429 0.507899474782772
0.47370570898631 0.390491407484439 0.110648107863928 0.0251547756653222
0.00903494097762783 0.223815725072101 0.457391563439397 0.309757770510873
0.308776584279538 0.192268863219664 0.129050642045312 0.369903910455487
0.0375607062920392 0.269861286318759 0.303036537332817 0.389541470056385
0.314303643939825 0.298157499596566 0.369883625023645 0.0176552314399637
0.189810134405536 0.204051590961416 0.429421109714959 0.176717164918089
0.0793679003244537 0.491607733680216 0.299039670929521 0.129984695065809
0.124200174862177 0.149596304295041 0.483045161887302 0.243158358955479
0.0336454708066908 0.458477017688305 0.224566460428705 0.283311051076299
0.0159324964890279 0.524268331354456 0.0125753031302281 0.447223869026288
0.113768092073352 0.0573025731535855 0.376856111177903 0.45207322359516
0.00583656591035904 0.353564384117071 0.420661142648848 0.219937907323721
0.349575180087537 0.208082559064765 0.266066701850807 0.176275558996891
0.35992407587207 0.0498008870377519 0.10466499684669 0.485610040243488
0.262838024228017 0.2837375851419 0.242978829819375 0.210445560810708
0.31495222932901 0.126516676542926 0.343631388193779 0.214899705934284
0.537736720275197 0.266645909149298 0.108448305731118 0.0871690648443868
0.119855931773749 0.195316839338755 0.428046481714622 0.256780747172875
0.297837313817756 0.200776573827464 0.325255556937199 0.176130555417581
0.0902665770294848 0.0750253798022645 0.270467006699088 0.564241036469163
0.275320897902721 0.103002112753887 0.146116076722843 0.475560912620549
0.31282550414695 0.297965992000211 0.264617472700631 0.124591031152208
0.21621227522065 0.505083590914755 0.0731870405521069 0.205517093312488
0.039499281001425 0.486377740098531 0.244909859123337 0.229213119776707
0.0843605547886657 0.207899043713948 0.443360429365394 0.264379972131992
0.00168479088880849 0.729127900849445 0.148673221462624 0.120514086799122
0.399159098444594 0.0488678956357779 0.267042133391706 0.284930872527923
0.443055586135404 0.216544309484838 0.235299495872651 0.105100608507107
0.296685778394295 0.29568646347161 0.270347990381912 0.137279767752183
0.66547677055088 0.0379165449034337 0.260279840882342 0.0363268436633435
0.232048004369405 0.285646991045871 0.32260781560257 0.159697188982154
0.498150462226863 0.162281010189982 0.183299940284095 0.15626858729906
0.244754732092984 0.0931103814280098 0.323729342424249 0.338405544054758
0.345731441104966 0.126155635471567 0.155958786962764 0.372154136460702
0.00800661836857673 0.516712675211673 0.443094489330409 0.0321862170893416
0.271024462220811 0.0749744024532082 0.305959742903122 0.348041392422858
0.33348756227023 0.316539405806781 0.328194423777911 0.0217786081450784
0.272116585728264 0.0998628140821664 0.127209324752406 0.500811275437164
0.231959983052483 0.314223246389264 0.17505809424207 0.278758676316183
0.291461094557033 0.249565179174385 0.311145175392208 0.147828550876374
0.0883638108646983 0.257110071610641 0.527587026196794 0.126939091327868
0.117275766782532 0.334647494891709 0.155596717586175 0.392480020739584
0.452941248391183 0.305463889552676 0.0555533961865951 0.186041465869545
0.239429823404634 0.458596867527044 0.0447709218637083 0.257202387204614
0.347215297445429 0.264011469077759 0.268613511178467 0.120159722298346
0.329694302567371 0.385502383768364 0.22455763647735 0.0602456771869159
0.379671254864609 0.14856011354082 0.225205058636017 0.246563572958554
0.31383056941458 0.229521678340453 0.210391607839212 0.246256144405754
0.267719765026653 0.4847338094483 0.0863477969823174 0.16119862854273
0.217182411298105 0.272668788858044 0.0432570702992053 0.466891729544646
0.25927863521427 0.0326670566720174 0.36443314284547 0.343621165268242
0.153950039183959 0.198494142410041 0.369648033387935 0.277907785018065
0.47015784030906 0.323109855584589 0.136018991047799 0.0707133130585521
0.291104903114588 0.157545547392337 0.226851971711143 0.324497577781932
0.42865308236146 0.0963332871104651 0.451544001281413 0.023469629246662
0.432243713282528 0.20623679127383 0.347051183425344 0.0144683120182978
0.177415776111066 0.422578826844624 0.159135407380897 0.240869989663412
0.260271772364352 0.0813201049110342 0.0356253337688631 0.62278278895575
0.28992524836595 0.381789389427668 0.10981472286722 0.218470639339162
0.152155605878007 0.278250237073878 0.440059148539196 0.129535008508919
0.126588230093769 0.170355396274221 0.176916783734695 0.526139589897314
0.103326457039886 0.313334260294833 0.207354866739596 0.375984415925686
0.360743795691755 0.0389969790646312 0.249531712073878 0.350727513169736
0.188334766554747 0.504101791021421 0.270423858717299 0.0371395837065341
0.309954554410227 0.218964724358837 0.0381879615196615 0.432892759711274
0.548365012864475 0.266962004523563 0.138643302343683 0.0460296802682796
0.155410330842316 0.0288412061707414 0.72712407826174 0.0886243847252024
0.432268898766628 0.272561471941699 0.120627970637903 0.17454165865377
0.153157306492291 0.468789056483834 0.348522566189205 0.0295310708346696
0.0947246494213165 0.250333339876325 0.238501368888858 0.416440641813501
0.298129946546194 0.151799344646926 0.279316146921202 0.270754561885677
0.0878022484113286 0.21200942633759 0.359874523010848 0.340313802240234
0.377397507498256 0.329883387270753 0.121589259110352 0.171129846120639
0.156077208193835 0.432932496619499 0.125093961279058 0.285896333907608
0.390214289938575 0.305991567140164 0.301488816066139 0.0023053268551226
0.16309466248555 0.326729002497685 0.117990663556838 0.392185671459927
0.280900015212407 0.0456608037769272 0.320798464839278 0.352640716171387
0.139573861935396 0.36266017397522 0.245309587633613 0.252456376455772
0.0294251178011441 0.520519386887827 0.441584173215177 0.00847132209585286
0.275756360105268 0.299353682632345 0.34873393079349 0.0761560264688966
0.420603027166857 0.0316040723053692 0.191632098756551 0.356160801771223
0.235347375501041 0.242428611872002 0.373560976440097 0.148663036186861
0.431587336947347 0.202712402120606 0.0939459472559107 0.271754313676137
0.429065943381154 0.0188808276793177 0.407716541690526 0.144336687249002
0.135097183868305 0.181683856997186 0.384455117732834 0.298763841401675
0.101624991462019 0.35622093784486 0.130936057180129 0.411218013512992
0.0786688184577294 0.445745083445285 0.390823220232197 0.084762877864788
0.233676802129908 0.320557712799003 0.27735310090955 0.168412384161539
0.132424318434439 0.28439903097822 0.264118619333561 0.31905803125378
0.0304536455897224 0.421241000384881 0.477474659430125 0.0708306945952711
0.287576263816175 0.300127916791462 0.208980060651609 0.203315758740754
0.0631360293266346 0.303964498940724 0.315606881428903 0.317292590303738
0.101041400906542 0.225815297257969 0.556848612858132 0.116294688977357
0.152441818501947 0.24793867729355 0.189462056527162 0.410157447677341
0.35312706595596 0.188233976731224 0.0864366865405313 0.372202270772285
0.107465356670246 0.355462453473786 0.177943136181959 0.359129053674009
0.32250204335126 0.322206198501664 0.34484835162499 0.0104434065220853
0.270574185177405 0.0921247267029617 0.324673595563076 0.312627492556558
0.420714736478182 0.157391054731398 0.189723288174824 0.232170920615596
0.220519498381565 0.233439207459026 0.414835863175802 0.131205430983606
0.250966116883712 0.136794826402689 0.467982443835787 0.144256612877813
0.31304433230097 0.042518061854691 0.251953794166204 0.392483811678134
0.196638106196606 0.212198386619048 0.248271456336709 0.342892050847637
0.445773427406809 0.154496292829078 0.212642705640522 0.187087574123591
0.269763981665457 0.218655420887536 0.276016354016139 0.235564243430867
0.192500089945283 0.0826503530242834 0.48679698056299 0.238052576467444
0.0411284807927213 0.387772593676484 0.233133708949398 0.337965216581397
0.158629000297656 0.102225118470717 0.347046822358339 0.392099058873288
0.239589854978372 0.302184232243259 0.343577752465774 0.114648160312595
0.31643679476727 0.0459607255579884 0.288917707179574 0.348684772495168
0.201929440291571 0.38644512103166 0.114884665246971 0.296740773429798
0.261979006555363 0.553504163733706 0.156088441837913 0.0284283878730181
0.296146412858482 0.136847465995585 0.26653979413775 0.300466327008183
0.282402996790298 0.157161569410101 0.532702963500481 0.0277324702991194
0.511145213289052 0.0508870409721353 0.0972886244661358 0.340679121272677
0.0781644780985078 0.100507456417091 0.390866054998779 0.430462010485622
0.209477264649291 0.232806215892533 0.256201290754857 0.301515228703319
0.0074649979493428 0.700238683045327 0.187244164789858 0.105052154215472
0.621713115701975 0.226622177627474 0.0111194403060877 0.140545266364463
0.206552751511364 0.332294729587929 0.282317903045519 0.178834615855188
0.286543181940966 0.155208705289394 0.542259281136618 0.0159888316330227
0.336145699812323 0.502873478502331 0.153481910987591 0.00749891069775544
0.369947844793742 0.336881624553471 0.161490891072492 0.131679639580294
0.376923450465413 0.216626581469408 0.283421112253504 0.123028855811675
0.335171317216698 0.200003329125047 0.139730111992212 0.325095241666043
0.200244077002493 0.391727212512145 0.292616152591097 0.115412557894265
0.128683264336833 0.242566082590593 0.436890418751401 0.191860234321173
0.234189114630751 0.451541971844931 0.0568527327079876 0.257416180816331
0.165663015873854 0.146545843211449 0.607551084306039 0.0802400566086581
0.502076948638443 0.0481728029645779 0.16834192114714 0.281408327249839
0.26933181305582 0.305822007082218 0.276172031380613 0.148674148481349
0.140488038182952 0.233233688513347 0.292066004571467 0.334212268732234
0.298221959255446 0.1875989848232 0.283548842686677 0.230630213234678
0.0232101772002548 0.183910894200385 0.577028712422419 0.215850216176941
0.240191165274455 0.109375901259788 0.470029300865182 0.180403632600575
0.36487234260796 0.311201199584592 0.00644285140398804 0.31748360640346
0.538694678652308 0.0194062904338955 0.303176929232048 0.138722101681749
0.105799243779688 0.262598843905443 0.242828852533838 0.388773059781032
0.437088487872145 0.119100577094738 0.0559248053928391 0.387886129640277
0.396203841271276 0.227102683552467 0.00607755301599141 0.370615922160266
0.301182777659372 0.265143342403212 0.257096303083707 0.176577576853708
0.172279523291412 0.206045949889616 0.264178811249818 0.357495715569154
0.0979790092745476 0.259435028035581 0.255073449473106 0.387512513216765
0.553106726196571 0.133732791087679 0.289812402806969 0.0233480799087803
0.0589817263648126 0.456956391870623 0.304274781812335 0.17978709995223
0.107734425344804 0.537589041444143 0.0641624117177501 0.290514121493302
0.268368321300913 0.299752144378689 0.0696164579561214 0.362263076364277
0.265642089859354 0.313302417881514 0.314188327088735 0.106867165170396
0.216674083230723 0.265476389796808 0.247982669817085 0.269866857155384
0.4212581882226 0.269826122010918 0.142150260752393 0.166765429014089
0.380627762763845 0.243507467334758 0.259269977188466 0.116594792712932
0.26990161515638 0.196469300607231 0.190954281440236 0.342674802796153
0.239913842816461 0.259911152763947 0.389112926094482 0.111062078325109
0.124288838848392 0.371713123144163 0.24941057689555 0.254587461111895
0.503324216813992 0.202293400578285 0.0445615399850099 0.249820842622713
0.204403217039535 0.296168344616529 0.203757252269083 0.295671186074854
0.456919565808463 0.126082459152835 0.0672659875541831 0.349731987484518
0.0662778757871063 0.437193256911214 0.100232863625635 0.396296003676045
0.190405392911047 0.125770333675439 0.225904831237614 0.4579194421759
0.530987492511285 0.413326716397376 0.0306126595362189 0.0250731315551194
0.235098554494648 0.539789778377507 0.0375921295511415 0.187519537576703
0.273424462578158 0.333665088646834 0.103748440824255 0.289162007950753
0.200908081115332 0.269245465971135 0.269986504255813 0.25985994865772
0.0713930565895603 0.380779511625543 0.336579158333299 0.211248273451598
0.340391605028069 0.27881654259432 0.31113217472259 0.0696596776550213
0.426708160828452 0.230265822523276 0.308283622343562 0.0347423943047099
0.149571261003748 0.179765341378048 0.390288000395449 0.280375397222754
0.0853894876170538 0.155149567569749 0.181902894605728 0.57755805020747
0.165109774606835 0.682300810180564 0.106366103595564 0.0462233116170367
0.208623375082891 0.194943193218985 0.580559901178255 0.0158735305198703
0.522282788959961 0.182756585881789 0.0293589325983779 0.265601692559872
0.254979048484784 0.129756855022974 0.321826214296775 0.293437882195467
0.198785185903583 0.315907056638654 0.425215340631702 0.060092416826062
0.320814604620286 0.184533779888749 0.329505865775723 0.165145749715242
0.527676380172025 0.0882290584995892 0.236244992998013 0.147849568330373
0.690055126113695 0.208187817067646 0.0104820751831387 0.0912749816355207
0.14332371326542 0.0556736132342895 0.253264282242014 0.547738391258277
0.368738197514635 0.0026157071026822 0.108546082413359 0.520100012969324
0.451892396161841 0.0471714443401278 0.208356502655111 0.292579656842919
0.306477687358399 0.215757553441409 0.243717530200287 0.234047228999905
0.202080528491617 0.205015235553633 0.475214560773498 0.117689675181252
0.35670502684617 0.326246014390002 0.0929362601099701 0.224112698653858
0.440047987642607 0.0470134683188422 0.115877066458237 0.397061477580314
0.0161428481005307 0.496229535096885 0.148675011800603 0.338952605001982
0.139627131695588 0.21756553163736 0.31120437788939 0.331602958777661
0.226726481004743 0.0857312017343101 0.302101969106298 0.385440348154649
0.471846048072515 0.188753269411708 0.201569961399257 0.13783072111652
0.393163758246714 0.410636674032613 0.120856934488731 0.0753426332319413
0.0908017141983128 0.393181841391379 0.341974761761388 0.17404168264892
0.0351645268410885 0.349695225066924 0.229011616032874 0.386128632059114
0.100229999225209 0.432250401077407 0.0429964554428056 0.424523144254578
0.225091224135074 0.328578676902066 0.32407165375822 0.12225844520464
0.478913127748126 0.195197727841815 0.237358152156521 0.0885309922535386
0.073084803053959 0.220208394104401 0.387100073026755 0.319606729814886
0.19584204694179 0.143952471616974 0.307614929028498 0.352590552412737
0.27181476663054 0.226921608895216 0.175639467575611 0.325624156898632
0.0599306368627546 0.302157633638335 0.235965523898578 0.401946205600332
0.25909635487319 0.189654745317379 0.355150083685698 0.196098816123734
0.254317020044815 0.17116379410288 0.312308463093744 0.262210722758561
0.409602621467367 0.0877821852386339 0.4308721673317 0.0717430259622992
0.412317866050788 0.252252351700674 0.0719213375450967 0.263508444703441
0.326205579900077 0.0377168435468615 0.109471195034825 0.526606381518236
0.286056906788079 0.268927672552139 0.0187736041525968 0.426241816507186
0.0116570267344326 0.153417288080202 0.437298621434586 0.39762706375078
0.291657495436224 0.239404053299011 0.32239931958951 0.146539131675255
0.0926406944271267 0.444479689361291 0.24108672088873 0.221792895322853
0.431125284698427 0.264962958447956 0.0269525333303828 0.276959223523234
0.225453553262025 0.302755632858635 0.32931746143706 0.14247335244228
0.497002887974683 0.379746857097609 0.0651553352471459 0.0580949196805624
0.0596803681681665 0.0777683091797918 0.515307293278651 0.34724402937339
0.494142976924981 0.0425421322782683 0.280484005977138 0.182830884819613
0.326133777090382 0.39081058904677 0.0488674065354991 0.234188227327349
0.192595838759051 0.361648813063846 0.18660059888733 0.259154749289773
0.0853572439372032 0.166485853993531 0.269358261397574 0.478798640671692
0.406193269094165 0.218833130162393 0.0515635706478987 0.323410030095543
0.452437790074372 0.144407639624908 0.019500331174789 0.383654239125931
0.35425859393509 0.372955885989005 0.147697732481294 0.125087787594612
0.359556195371981 0.342588075078782 0.160907141809152 0.136948587740086
0.145553976464106 0.434962657715976 0.340747382562273 0.0787359832576457
0.320994691724166 0.248137752058121 0.350991887372286 0.0798756688454277
0.270811961714067 0.327877389304896 0.389965920556743 0.0113447284242939
0.238524411259505 0.213543618071475 0.28400860017973 0.263923370489289
0.202508479772082 0.335134357293758 0.426253671148849 0.0361034917853109
0.225399232317161 0.309703562950078 0.188245214610453 0.276651990122308
0.467815880682259 0.114100191899532 0.122542369738173 0.295541557680035
0.337481568075137 0.434305097919841 0.0730467994806402 0.155166534524381
0.379572168606741 0.0286572181173161 0.234308701572894 0.357461911703049
0.516803106097971 0.23917000665188 0.0671999651317148 0.176826922118434
0.432163271768265 0.0526674778147269 0.154792673911455 0.360376576505553
0.161024571450396 0.105043482686841 0.202521600255295 0.531410345607468
0.0508935978837472 0.356389627829293 0.159797487777953 0.432919286509006
0.443432914838416 0.167783098440531 0.0108103928645908 0.377973593856463
0.0300407068895541 0.58942034661659 0.121097918627882 0.259441027865974
0.154024595689396 0.3330164803017 0.420546092157464 0.0924128318514398
0.209550687366237 0.22347636842078 0.379670351632022 0.187302592580961
0.181220815572227 0.27841626817992 0.261333071020107 0.279029845227745
0.151247119588748 0.202974002924677 0.363041890647826 0.282736986838748
0.220368072254096 0.524263028601111 0.100054585986474 0.155314313158319
0.21199742280193 0.248472887500356 0.308648004303718 0.230881685393996
0.302610375975339 0.28520164557657 0.28458903557914 0.127598942868952
0.302030020482421 0.339883481140987 0.299547140344071 0.0585393580325209
0.279124781443064 0.0559072689185516 0.246344947713391 0.418623001924994
0.128793108350224 0.429270682577371 0.39817159603106 0.0437646130413448
0.287138530066249 0.34429434647338 0.00187259527210617 0.366694528188265
0.120874290102628 0.141743206181804 0.106175203456457 0.631207300259112
0.429070516562546 0.0825298127795079 0.253520629675065 0.234879040982882
0.0509896672843779 0.518253538098877 0.383159579684558 0.0475972149321877
0.285631589050665 0.174453075770276 0.313794976959236 0.226120358219823
0.134875307152238 0.476733119553836 0.00233055490089004 0.386061018393036
0.212026056241904 0.122728259826613 0.209244083605219 0.456001600326264
0.0224522381634515 0.322424492154537 0.468582492769649 0.186540776912363
0.51745587252307 0.0477311045542639 0.273892659903046 0.16092036301962
0.298555892476891 0.228378942500151 0.176859667892377 0.296205497130581
0.279349598746435 0.246969650953862 0.377745206739989 0.0959355435597143
0.139772090573921 0.158443539852 0.25201187384107 0.449772495733009
0.165909673637444 0.313281256420621 0.228299034084874 0.292510035857061
0.0468114070025162 0.321349812986492 0.612716487146525 0.0191222928644661
0.580141594724599 0.142615511347489 0.0973734929675151 0.179869400960397
0.105386808456815 0.29930048853318 0.44222373460171 0.153088968408295
0.150361715017746 0.201694524485825 0.333661614553152 0.314282145943277
0.258284505271877 0.230356509189189 0.218611258782362 0.292747726756572
0.224368717548452 0.138692900479034 0.51165759851097 0.125280783461544
0.253899471715633 0.311973962083826 0.305305951172207 0.128820615028334
0.475764120858878 0.244031441486206 0.0928994134349732 0.187305024219943
0.0697700403843368 0.20881592065873 0.338504657725465 0.382909381231468
0.114131799229557 0.244857087790392 0.262810979897107 0.378200133082944
0.470070459109689 0.360889333087681 0.0157785399563872 0.153261667846243
0.433591324169965 0.155448568755319 0.0232130007698542 0.387747106304862
0.159358361687877 0.293968950407782 0.239805788964332 0.306866898940009
0.141755286022948 0.365791472923737 0.176671682715958 0.315781558337356
0.301938253158543 0.3099083191567 0.137226690747823 0.250926736936934
0.0876233808521934 0.361004397975939 0.242742784840393 0.308629436331474
0.385245700957182 0.201923877233373 0.305065305848328 0.107765115961117
0.258840644459993 0.109127035060818 0.451369211848045 0.180663108631145
0.214135324276257 0.253806815111711 0.160916999643668 0.371140860968364
0.173792588536751 0.121525653322068 0.436522627384139 0.268159130757042
0.157161677489847 0.270087269152929 0.188593231472059 0.384157821885166
0.152598930476108 0.305259006759706 0.181503647842614 0.360638414921572
0.231929394720836 0.178296127348961 0.376608484497967 0.213165993432237
0.177890458323558 0.420029787486474 0.358208813486496 0.0438709407034722
0.25458783173829 0.256325882086842 0.215345309274302 0.273740976900566
0.383908809253369 0.173557726488503 0.187244228043375 0.255289236214753
0.278122403766835 0.313328723577555 0.279995436946562 0.128553435709049
0.107634192631511 0.383397298940914 0.162463750209421 0.346504758218154
0.472532582037851 0.273889586444606 0.0183236802646527 0.23525415125289
0.0305397626267102 0.335701843496172 0.428049486425313 0.205708907451804
0.187145020745649 0.461532774760238 0.0469682844991962 0.304353919994918
0.296131511208384 0.311832700736641 0.214033011432051 0.178002776622925
0.139675565830301 0.449856299153503 0.192183558630016 0.21828457638618
0.285737681765386 0.209905691232753 0.268264857019395 0.236091769982466
0.0971328672031254 0.391477523297461 0.0714287150157204 0.439960894483693
0.382826058200618 0.299428302758231 0.0997679238239126 0.217977715217239
0.390873215677995 0.0945673830007952 0.283320537492143 0.231238863829067
0.358180803357656 0.279974890202108 0.175890750691296 0.18595355574894
0.0438596857056642 0.0743674815265449 0.285156765027215 0.596616067740575
0.14605999269505 0.403544696760823 0.437670891522241 0.0127244190218853
0.157363276633588 0.0469134549094602 0.618378765604571 0.177344502852381
0.350011636496999 0.216851509873197 0.297636283938908 0.135500569690896
0.439642228291528 0.361602916521874 0.132037660763224 0.066717194423373
0.410572945357933 0.171020810202594 0.393071021895261 0.0253352225442114
0.136428019589023 0.48788843857227 0.0441579888882153 0.331525552950492
0.460513112180498 0.0239664365297578 0.152419312683964 0.363101138605781
0.0645162325486775 0.272423791226259 0.39286996284305 0.270190013382014
0.23315000598537 0.0649060457951001 0.515849969539685 0.186093978679845
0.255232408728536 0.152158299685698 0.25074794339868 0.341861348187086
0.311732262958192 0.243300371624421 0.288190165153611 0.156777200263776
0.187964648691811 0.298890033922565 0.308530663951924 0.204614653433699
0.195408643863606 0.359957298920615 0.292471058333798 0.152162998881981
0.000141199138214959 0.426251165194546 0.149562377437221 0.424045258230017
0.112972796983016 0.285104857824947 0.154181789539336 0.447740555652701
0.503782900335048 0.268772313564711 0.132309292371509 0.0951354937287318
0.152622616404272 0.368265520236243 0.0575830036740618 0.421528859685424
0.0147548804494488 0.353405444914371 0.230985269843326 0.400854404792855
0.205570470733956 0.321713785243658 0.248266673459534 0.224449070562852
0.0804360262299379 0.554642161738818 0.35320230454157 0.0117195074896747
0.402389122075154 0.166582421321937 0.340441794973771 0.090586661629138
0.24871953315185 0.120718755420883 0.434914151708391 0.195647559718876
0.207124115917763 0.0680648028325305 0.635205166902639 0.089605914347068
0.223828464229805 0.226877121760648 0.302010918467985 0.247283495541562
0.216915788964343 0.656113595861857 0.0217680558448941 0.105202559328906
0.347869955742914 0.366073925487733 0.231061742598778 0.0549943761705756
0.0289120391244677 0.728843376253272 0.0632840598104246 0.178960524811835
0.24615167053471 0.277957196843585 0.208510121728778 0.267381010892927
0.342405498351867 0.268860310324951 0.118583040043145 0.270151151280037
0.452101145419869 0.201196831052218 0.149420424646111 0.197281598881802
0.370020870099819 0.312308614152327 0.183387461830481 0.134283053917374
0.123225414117061 0.0512429475053937 0.420698606751065 0.40483303162648
0.11508304090918 0.247730162714043 0.431359808760499 0.205826987616277
0.0493371578722369 0.204925338854844 0.511206923309711 0.234530579963209
0.432347510699596 0.259621096075967 0.148153207108951 0.159878186115487
0.301589752717972 0.222231711266075 0.301876191307639 0.174302344708314
0.456967953630727 0.115344971195214 0.171292156599179 0.25639491857488
0.480742568886027 0.0161036351793534 0.448089792085052 0.0550640038495679
0.272038677444214 0.230976108799535 0.195546226738246 0.301438987018005
0.178691326271627 0.1208153798163 0.284879264419066 0.415614029493007
0.275679272253946 0.180535286725539 0.00381113667422616 0.539974304346289
0.164195483821508 0.409045095123177 0.193142381324991 0.233617039730324
0.00728013487452137 0.953147917886485 0.0306717032054171 0.00890024403357669
0.142710957904522 0.238697351758951 0.51134866443108 0.107243025905448
0.327843674036411 0.200071556485433 0.32675092049019 0.145333848987966
0.350979246402742 0.168390125088636 0.362755521213349 0.117875107295272
0.386224428899986 0.408209194157375 0.0379406898343254 0.167625687108313
0.305640258823434 0.0808531783718286 0.407801508784222 0.205705054020516
0.254068825240583 0.525004208238235 0.164618417500252 0.0563085490209303
0.161603648158871 0.345684996656922 0.206019227653631 0.286692127530576
0.0965849091801408 0.0176134658442249 0.63702400321209 0.248777621763544
0.00592843659355868 0.490629392266879 0.0821804276789805 0.421261743460582
0.215469104095707 0.167161727007953 0.0892163360989769 0.528152832797364
0.188037655132479 0.135085399019259 0.0975993462420871 0.579277599606175
0.354696588063324 0.165954941759528 0.288050220865276 0.191298249311873
0.394068531930373 0.313930232665002 0.191125537466166 0.100875697938459
0.181182418906541 0.34831497460968 0.226333697110876 0.244168909372903
0.300066440033218 0.208070469610019 0.211414250291565 0.280448840065197
0.327825986418134 0.287030749882042 0.32247833059266 0.0626649331071637
0.120342790209085 0.33997694173188 0.437128572924175 0.102551695134859
0.306389548805671 0.037419600301166 0.457596634225022 0.198594216668141
0.45010088766981 0.113364543834854 0.0889047593176685 0.347629809177667
0.252810916080056 0.247412748951388 0.259661062854351 0.240115272114205
0.1319483865574 0.217739515774917 0.237956543465431 0.412355554202252
0.0546886900010091 0.765970386418238 0.139632565777519 0.0397083578032339
0.0144032300271018 0.295334264444095 0.295539553167735 0.394722952361068
0.327923133728322 0.389387042620682 0.0889706159843631 0.193719207666632
0.557810602691636 0.374100137462015 0.0539369923864454 0.0141522674599034
0.129538885503546 0.0861152664123271 0.434957100023027 0.3493887480611
0.408078149988364 0.418432454041236 0.0256091185601026 0.147880277410297
0.0248958092684227 0.0832269445843862 0.427708344556735 0.464168901590456
0.179128531301184 0.515290043849448 0.14178413213983 0.163797292709538
0.352150548854343 0.341741822775343 0.157012978070981 0.149094650299332
0.0718485145794369 0.170536372303444 0.642946011234483 0.114669101882637
0.0994239054630813 0.290123855226111 0.329668392660167 0.28078384665064
0.278682667727679 0.0954170142866346 0.402870344153625 0.223029973832061
0.267317732154293 0.429494319484086 0.199854405490619 0.103333542871002
0.228398209455413 0.206226842093332 0.400468298280934 0.164906650170321
0.20805529098794 0.352822822168627 0.337004800566324 0.10211708627711
0.454272768853342 0.125138843751884 0.320972041487466 0.0996163459073075
0.353900654242529 0.132267408262683 0.382848592630232 0.130983344864557
0.234929654264898 0.190144878326318 0.52565442380174 0.0492710436070438
0.135095224402292 0.277359347857251 0.561959518117176 0.0255859096232806
0.413914023998126 0.26426034005993 0.0211892908924555 0.300636345049488
0.230858028028871 0.138866327796243 0.315123889411307 0.315151754763579
0.0255209172682308 0.287668806694072 0.130847596329091 0.555962679708605
0.209466860960888 0.052241012795707 0.369901284779744 0.368390841463661
0.0574033673276285 0.339655775620558 0.376850532706245 0.226090324345569
0.201641649772667 0.30506202350898 0.249749628423133 0.243546698295219
0.26402472485535 0.0661588597370268 0.335985845800596 0.333830569607028
0.435991545441507 0.201905421998863 0.169576578587614 0.192526453972016
0.0301457598158935 0.649504891506736 0.162769742326528 0.157579606350842
0.0945911874346579 0.502645460813542 0.00773212832503832 0.395031223426762
0.00747711725523432 0.259377844109023 0.454555246934519 0.278589791701224
0.223384766725419 0.254682265419516 0.338971992310077 0.182960975544988
0.218238971508537 0.0064560986585837 0.575430940792111 0.199873989040768
0.209067384052405 0.133850780578701 0.37311594993704 0.283965885431854
0.197255893880725 0.381633252688271 0.190275318905856 0.230835534525147
0.0269607512637888 0.271850862855107 0.438490129461919 0.262698256419185
0.189043080993827 0.406181928811336 0.35092554499346 0.0538494452013762
0.239990826207244 0.0557843511505983 0.406399592777143 0.297825229865014
0.196629091396568 0.312781841036666 0.170030721934999 0.320558345631767
0.385511971476003 0.180219430315696 0.189639505858015 0.244629092350287
0.162407878487972 0.452574270558081 0.0814191929283242 0.303598658025623
0.275590984501065 0.0562076415536027 0.281852746745016 0.386348627200316
0.213931934752346 0.207277427275511 0.250231063249751 0.328559574722393
0.257813525027009 0.134347318216615 0.530597096921954 0.0772420598344215
0.186536726715436 0.35063589079548 0.0276379400135601 0.435189442475524
0.0692925721839999 0.111062471321932 0.529934762749355 0.289710193744712
0.115800631389763 0.378406450314534 0.38692170831672 0.118871209978983
0.0243703425540812 0.383260028178825 0.203090192059318 0.389279437207776
0.19677304402085 0.328505587854506 0.0970312263586715 0.377690141765972
0.107710820964053 0.287990834360839 0.369296618879852 0.235001725795256
0.37492871182872 0.128660957784237 0.0919635364525878 0.404446793934456
0.50541504481535 0.281200548870509 0.0968653220711933 0.116519084242947
0.228924613287856 0.571021334108604 0.0879031092669865 0.112150943336553
0.238652618546219 0.350046069299554 0.0851392135926022 0.326162098561624
0.215882592512335 0.245717646199696 0.171677814794393 0.366721946493576
0.415622316885959 0.102480366495703 0.424890916999456 0.057006399618881
0.227112399696272 0.373084179261415 0.0820601310897074 0.317743289952606
0.403537917085689 0.151625994274011 0.30254546783079 0.14229062080951
0.184628121062335 0.0424673412809417 0.69257930269392 0.0803252349628031
0.121131545419558 0.443023499376603 0.366333457938897 0.0695114972649416
0.0569297190980719 0.291794781582299 0.381841681219099 0.26943381810053
0.596826241436369 0.0422768971194455 0.0406390807232545 0.320257780720931
