0.0509152979268686 0.180942335418692 0.0752837893847862 0.167937005985884 0.0696696280827715 0.0436243603772814 0.169884404980227 0.182916754651246 0.0588264231922433
0.152729230943876 0.060931046133864 0.154773225129114 0.0184511478278699 0.145461359204983 0.143606560771677 0.122241043607332 0.0858788431686332 0.11592754321265
0.201608561240948 0.15145029269547 0.0351236298082499 0.0974176772628689 0.160035182002766 0.15051328649863 0.0318173891401379 0.0262839034736536 0.145750077877275
0.0868414115213141 0.184138508038187 0.0750961887491291 0.172502263567603 0.145089963488825 0.114514461082813 0.00986188602343129 0.123166908873156 0.0887884086555427
0.0119075937758747 0.144475072573488 0.21375345324624 0.0979974940372952 0.0659972396549535 0.12553840016251 0.0256280598616057 0.154103845683594 0.160598841004439
0.201005338783245 0.0918379329881995 0.0827086691320169 0.0944439746193516 0.106078266686091 0.0946816608341102 0.0515505077068058 0.215469352476939 0.0622242967732417
0.0603411484806974 0.00354853414689638 0.182582743693486 0.131766615061047 0.201849380086055 0.0284631189569708 0.0534127086185225 0.222747013115317 0.115288737841007
0.102711541430867 0.182000333096406 0.0103032506648113 0.14703955168525 0.0755292731166032 0.150349267206015 0.153690511504431 0.101341412861952 0.0770348584336652
0.0635360380031429 0.00421810414390282 0.154105323150483 0.065491345363661 0.130905242423059 0.139319719223608 0.146031568087796 0.156916059648139 0.139476599956207
0.153187371376557 0.163113468542369 0.0666794458135049 0.164132681843802 0.135345601555314 0.0844825659678791 0.127454147178243 0.0435910663702205 0.0620136513521104
0.0922330066299207 0.103070573541305 0.121304915539127 0.0986620325764727 0.0457834469043764 0.126694920808131 0.169551887347904 0.1444729536973 0.0982262629554636
0.116206289643061 0.0767369500758718 0.142831817178833 0.0591249508588192 0.105824781293748 0.184863648062539 0.0760467307512808 0.0437919391944245 0.194572892941423
0.0963067333047374 0.0403721380726216 0.178145406973156 0.00197608051594969 0.139897919503458 0.176859908675656 0.116582789896756 0.216168552420119 0.0336904706375468
0.119929084007489 0.114589803709066 0.0968248205616489 0.130831881783351 0.0281576422819521 0.16190007979091 0.16282984577919 0.0874183409005957 0.0975185011857973
0.229787544328345 0.162011115475514 0.186671791879367 0.0358650006368042 0.262302489467118 0.0144722662090694 0.0366638369464242 0.00333583451926487 0.0688901205380938
0.139571344387404 0.146004293077978 0.0594762086963611 0.086326830658372 0.103811206200587 0.127595328642402 0.149126355071458 0.172740062414829 0.0153483708506091
0.093046750533952 0.127820575391608 0.0746359153071344 0.0937244176766307 0.126469591429752 0.111640003576707 0.141998993578277 0.0994062053429819 0.131257547162956
0.141370327489607 0.147087991330966 0.175743947116056 0.0109927445546504 0.140499865123672 0.0567688193707071 0.140871221538565 0.0725431942272903 0.114121889248487
0.0405256715624539 0.126050815409314 0.167359203341826 0.127057047636119 0.0408758091584277 0.144119125993079 0.168072346481217 0.147992380540982 0.0379475998765815
0.0879068708912741 0.0540945955965821 0.0660486639158823 0.178922978957676 0.21349407691827 0.179237437553403 0.00407964155277933 0.174540995614466 0.0416747389996679
0.158447040533499 0.133001218738163 0.192023071602915 0.0289181249416966 0.0193519534468426 0.179887794481301 0.128210165773099 0.116227153554775 0.0439334769277074
0.142122843507312 0.146362916987792 0.104496515539985 0.0561078962258063 0.0662532038365877 0.166044068511378 0.110118633713418 0.0143008492938147 0.194193072383907
0.0336118532833819 0.176489686804846 0.122516498216022 0.206016009818041 0.113930083260097 0.15797624847151 0.0760889992271931 0.00574277990114207 0.107627841017767
0.129756233660497 0.0766978581224138 0.261551467693422 0.135934343907892 0.00591022944096159 0.266674119752615 0.115122013897319 0.002292442251431 0.00606129127344942
0.149893185137563 0.128124614874767 0.0503040091440958 0.121418022977634 0.0609414045170601 0.177734255245495 0.123956483021626 0.0453589630332241 0.142269062048535
0.158497723210508 0.139157831698837 0.0317276612557246 0.153905257553589 0.0903595744563696 0.157104900337228 0.108599140075578 0.122530702917849 0.0381172084943171
0.0954236756015298 0.118140261308132 0.0521375708370777 0.11797416931856 0.154641470037271 0.150231717269403 0.118870839579073 0.180353839806583 0.0122264562423698
0.132116262660847 0.0646797277449565 0.137460566000236 0.162219189200952 0.17744718680769 0.044002358079513 0.139009635789584 0.104463616598446 0.0386014571177766
0.0684119532414283 0.0242828939861016 0.132967369667659 0.058869130523867 0.163182646432165 0.118195424148832 0.107857506233416 0.143821946948936 0.182411128817595
0.0717304265493558 0.172914376714047 0.17953164516091 0.0839981801631204 0.158060561095811 0.00156213217629078 0.0588780599604777 0.127890955496244 0.145433662683744
0.0365948703978739 0.0570243446061846 0.0759997467704489 0.212669271825984 0.189830099523873 0.10135087576255 0.0852748430995817 0.156694066474027 0.0845618815394767
0.0403089843775784 0.202461494789855 0.107559174403705 0.190248717849443 0.0671095432419607 0.0115103285940439 0.201584724428258 0.076964929510551 0.102252102804605
0.0453905875191718 0.0930687201312497 0.0912826643534066 0.184029744255738 0.10139260888273 0.0165315324774316 0.178673747503928 0.133353902852735 0.156276492023609
0.136564653697558 0.0361128781360238 0.0630294936795874 0.103993372173055 0.0613682658139949 0.140257596586557 0.149364162424947 0.190443272889264 0.118866304599012
0.0947666235402557 0.118994453145425 0.0553715166019505 0.0700148100487726 0.182796809092039 0.171834672758225 0.0532839613912331 0.0588109260170137 0.194126227405085
0.123814691610366 0.173570179624168 0.156883896916723 0.0392989034799602 0.116035015929399 0.0497941168863475 0.146828200737061 0.0674897126792139 0.126285282136762
0.156934388360518 0.14400385121938 0.125971552335643 0.0113623962351626 0.0278688615636919 0.131070801159251 0.187199546373566 0.0997868391058309 0.115801763646956
0.169585605129132 0.0814532610610069 0.0145702739410336 0.0212186193147639 0.148127104342896 0.202311434816168 0.0532021256836506 0.18409747365873 0.125434102052619
0.0286561836653009 0.110694933468507 0.0780323902399784 0.176867474326294 0.109890653625698 0.170694648160428 0.158178290219207 0.146933891791222 0.0200515345033636
0.158388419591192 0.1398499084414 0.0868995865000481 0.0127845203013776 0.140129666351514 0.0816568698407775 0.0879149822364961 0.166004100198627 0.126371946538568
0.11303250945948 0.0483222062935906 0.119896988212446 0.11016644680264 0.0598717275569435 0.169807711548291 0.0898378686501103 0.149493488978253 0.139571052498246
0.148735472036411 0.115819305303091 0.122286069748695 0.0987836277002395 0.0287575612666261 0.155926169013336 0.145580821636827 0.100257111466251 0.0838538618285229
0.206823636586434 0.117466417549709 0.00686039481753953 0.142378004696285 0.0207365482628641 0.0189381672529695 0.0924828567201865 0.220247264593008 0.174066709521004
0.126397668898587 0.178021115314799 0.0922723080328757 0.069343102789031 0.249672423698589 0.174468438629829 0.00711178539660306 0.0728910198509091 0.0298221373887772
0.21017810446653 0.122057725827716 0.1842957471799 0.124609145658312 0.044251397007261 0.0461318949944563 0.00375309275267951 0.191535942136423 0.0731869499767211
0.0917701872065142 0.148343298136975 0.0984131999774347 0.146776818200003 0.0226093841619445 0.0443229980550572 0.158200118322129 0.0932957567949513 0.196268239144991
0.137589748545498 0.0401036684814614 0.0141671138362181 0.23195450752049 0.0578077622063169 0.113141606057803 0.227069127616028 0.126062165053456 0.0521043006827283
0.251175543050838 0.0549812886046044 0.0344831211826894 0.0459998919882209 0.179248965370509 0.00857453891822115 0.0650572883921714 0.0750855589760846 0.285393803516661
0.11076701669933 0.00624840090611111 0.183213789455998 0.144329327696204 0.0752196626269147 0.0278605875628716 0.201345935489117 0.151868089060662 0.0991471905027919
0.0328234181868345 0.150732885302066 0.0483611416386151 0.122457006427864 0.115927169364233 0.0823663577155125 0.0457072471025714 0.143479325829278 0.258145448433025
0.0861851109084337 0.0835665462351456 0.192002271852346 0.0681611627618622 0.189423814254024 0.0839522380969971 0.107449776105891 0.140402119194369 0.0488569605909319
0.157225376991189 0.146886931645728 0.150060136903292 0.0902612693792711 0.0975690116907889 0.134634225232747 0.140863616295349 0.0461036014112711 0.0363958304503638
0.0674332745870511 0.124484307297914 0.181315261051344 0.186203894812482 0.0934412794226069 0.000297706568303993 0.14233012497679 0.0663956587667789 0.138098492516729
0.00572066735666266 0.0640801631441661 0.23001083991929 0.0262829474962428 0.31175581903712 0.190901211799063 0.124776759137174 0.00975994817110042 0.0367116439391808
0.0883330834049281 0.079845560281435 0.150096371456425 0.188732520699954 0.042189933074627 0.121363096679739 0.110528024906997 0.133296793067668 0.0856146164282262
0.0442511727175477 0.202217331321455 0.196681963715973 0.249837705995528 0.00540518248570118 0.179504701694753 0.0338634387823381 0.0430138227597708 0.0452246805269339
0.0440773104882053 0.0489570801806659 0.176345252551775 0.141344064223893 0.0278042099048743 0.106366282562742 0.213963392198396 0.104817373156079 0.136325034733371
0.0815436587625751 0.133205920452622 0.137823093000122 0.120211087339094 0.112812523800724 0.148226178385476 0.0572541714939885 0.0895970010609172 0.119326365704482
0.0440734435563354 0.178511261444643 0.0842658220318739 0.104659040649705 0.0656140091574369 0.180116704178513 0.163884343118966 0.119915839878904 0.0589595359836221
0.0655513841918201 0.0121528313401868 0.1030977088553 0.20825676680047 0.15410580523973 0.109592042633954 0.201015905880697 0.0534333492139434 0.0927942058438999
0.184251393355668 0.126261551724754 0.04553751681899 0.0530894151675069 0.051438924008425 0.156841693321812 0.123584052695082 0.0732107054439264 0.185784747463835
0.0190718116234268 0.0922364671211617 0.00808950199908794 0.169699444810492 0.0320474111937179 0.156391317980122 0.176560406772113 0.138488917684373 0.207414720815505
0.174278501013589 0.0883865267621144 0.0140784856527412 0.111575547202769 0.132276360909201 0.206678104383061 0.0300712064269074 0.212018727906682 0.0306365397429353
0.195108124374285 0.0881391668564731 0.189995903544652 0.0137828356302248 0.164318944809603 0.0423948172223963 0.132526589580955 0.0476973124584709 0.12603630552294
0.0757180153920126 0.0877009796646614 0.128000761653157 0.0989537168894018 0.164450988521345 0.0449833584683919 0.214942453877402 0.177873557668469 0.00737616786515991
0.0940522731877516 0.106905741099212 0.138483947314027 0.18215058264463 0.0190705610137845 0.0993073523331393 0.020597661173391 0.167000967170213 0.172430914063852
0.0103989502237895 0.0928393366002634 0.221156546086692 0.0812487407991199 0.200869069615819 0.214336070127172 0.0194500269226949 0.147669440859527 0.0120318187649231
0.129284475385402 0.204897449168466 0.117657468828352 0.0934367522358915 0.201734554018996 0.111170732617636 0.0236145178816622 0.116653923477101 0.00155012638649409
0.136319049113799 0.0186303977799863 0.0596930030783698 0.106885253670402 0.0915477896736281 0.160247490339333 0.130221016508105 0.0809497464513075 0.215506253385069
0.233286365008209 0.12297841989434 0.132152311138964 0.220176321239763 0.0677466976842874 0.0179421320438732 0.071058795100156 0.0193006371134183 0.11535832077699
0.15245328910283 0.041736179683385 0.0684899472120339 0.0966997357743976 0.211130118168564 0.165688591119268 0.161360281001868 0.017129137973247 0.0853127199644066
0.0446968518755549 0.0248948765988883 0.0847327009321394 0.0392675536071595 0.118556193508066 0.192921520395387 0.0967670783731918 0.172624235328876 0.225538989380737
0.195847589393387 0.00913973331511773 0.118414653326251 0.17134621628715 0.0977530653136258 0.0890653924439584 0.0553729536420261 0.199583958093211 0.0634764381852725
0.176760066048959 0.138370669560736 0.128698953487116 0.0531049861690825 0.135859189969395 0.139153662186457 0.201427506846928 0.00336167491956795 0.0232632908117578
0.0647898237653126 0.159138638882613 0.167926743545856 0.178796776553192 0.102622685482873 0.0924701056630983 0.10107575783322 0.113862047500495 0.0193174207733397
0.148721101051633 0.0825333637422661 0.132645383419164 0.123195593639646 0.00345778965871917 0.0185417459242221 0.0291450183023757 0.285390369832848 0.176369634429126
0.18630170892695 0.168736948350418 0.0257004169217446 0.0989882551765839 0.229292129865446 0.174186432093411 0.0640974613314452 0.0120300645477429 0.0406665827862588
0.126784143228069 0.15642799792795 0.0276220019770029 0.0665352861087281 0.0979292514942902 0.165866606243954 0.100923279159476 0.164649346796332 0.0932620870641969
0.0298245511841693 0.0578881765544611 0.0423344226374834 0.0321339027930342 0.107703258387198 0.243308335547412 0.0814801068169158 0.179792035125759 0.225535210953568
0.123573649043095 0.0494672408694514 0.0360720191357091 0.352315357780281 0.00483924599467061 0.163981685424574 0.129273619494414 0.112687909188282 0.0277892730695231
0.103012350139629 0.098579337398261 0.159498517407786 0.037909915711351 0.152281834500448 0.145913289609296 0.0674452719286966 0.0805631890187431 0.15479629428579
0.154697757099933 0.188914231644995 0.0264549733997278 0.0811082491368762 0.0084507189609052 0.144073862486771 0.212438336670478 0.143600357487728 0.0402615131125862
0.0537001474781454 0.141968728422347 0.11005323365647 0.166384710540599 0.117833095965006 0.0623144222989236 0.13204459793356 0.106169412511497 0.109531651193452
9.71101785693849e-05 0.0217671046144605 0.0878481769370076 0.178938796838239 0.180516405922411 0.152572610348594 0.255953154053095 0.0482303252333565 0.0740763158742668
0.156981747421103 0.179371148885342 0.112451170212772 0.103303074963815 0.0656605843688636 0.021026747595256 0.183104388252566 0.165363230226497 0.0127379080737863
0.0945130539353087 0.0418267603092164 0.0606583828641864 0.213418338791936 0.20001443307637 0.072073667486242 0.12970758099486 0.178077848057278 0.00970993448460228
0.0482409759459568 0.00867460036123888 0.282191321848353 0.272940096474683 0.0197532498798062 0.196444658460919 0.00819954180849482 0.149638467364625 0.0139170878559237
0.0997448510379991 0.0427554632264106 0.132584868219437 0.0731158590429344 0.0224491080080377 0.178394748452185 0.142209379096878 0.128917009769472 0.179828713146645
0.166656582077989 0.0484850972270873 0.133832042250892 0.170227699880329 0.198237835073877 0.0852958230471344 0.00387791568187123 0.188264914439444 0.00512209032137501
0.0847457336736435 0.124004369821114 0.0476424634579714 0.0879518058029807 0.023637165410899 0.0151387409342659 0.164518056503974 0.251991564450105 0.200370099945047
0.233578381823443 0.00484971353611542 0.164770936957124 0.0137127521908453 0.207903425724421 0.242407157418994 0.0275549131748933 0.0268987237096853 0.0783239954644795
0.193850702435697 0.183316947234869 0.0346825616657705 0.125082650673359 0.0733562017426972 0.0483198320173623 0.12757851167823 0.0649601370743631 0.148852455477652
0.213835082072005 0.00588452320979548 0.200490109351214 0.052270666706855 0.00879702325027447 0.040228270325694 0.0333032501649473 0.26702726669594 0.178163808223274
0.156844923813494 0.107170239141129 0.0823699569642207 0.157887511853773 0.123963115807989 0.15742690827638 0.0362932317640389 0.157298365813297 0.0207457465656782
0.13561265464137 0.0562536505458818 0.161755554455729 0.0920398030697339 0.244623572045169 0.170697041587771 0.0045099472515376 0.0725632602792248 0.0619445161235823
0.0555804670451855 0.15664013909883 0.158462730708737 0.0797675187243772 0.161679662828627 0.103933037456771 0.110066248709018 0.0945857294702878 0.0792844659581662
0.166553705203113 0.106848529725937 0.0400822748274779 0.0426799306116618 0.199599489617675 0.0865547791329012 0.0193928887452284 0.129013811886808 0.209274590249197
0.00408366065233189 0.16118191589353 0.137118918216849 0.126200375269191 0.0570254885957867 0.176723901777128 0.184410389573669 0.0109594144207385 0.142295935600776
0.00711806999437115 0.171447374909642 0.108891340181109 0.175844283725542 0.070558931175562 0.0226554341896188 0.180352823318709 0.127399248542614 0.135732493962833
0.0347288656448769 0.0712063175722143 0.200263956168928 0.212364173758876 0.140909600931404 0.0944529887856173 0.107768801201549 0.049796148559835 0.0885091473766994
0.163514534299604 0.09557208878091 0.182438781100722 0.109931512165188 0.0721154773483721 0.00778896280231268 0.174492309042918 0.0430916167765362 0.151054717683436
0.00610330443149248 0.0119084158167125 0.0681572053186625 0.171886364916075 0.201530142297718 0.207338492093117 0.00924410189063974 0.17950431983546 0.144327653400122
0.0029184909051763 0.147093703766972 0.112858836021544 0.0718905275978299 0.0949607263809283 0.151452779216907 0.101361997799497 0.146721128799582 0.170741809511564
0.118128140904797 0.171998122107169 0.0303148233872688 0.151534565324228 0.130154490375692 0.104254379340408 0.0275243963033156 0.0428221682634098 0.223268913993713
0.20880128698305 0.188766958857723 0.150038303445753 0.0250178040782885 0.175942961440163 0.115592569638294 0.0392957936698797 0.0857660291812671 0.010778292705582
0.17314094599112 0.174309337337283 0.0898747151897389 0.116027540125841 0.0222030535211626 0.0259774078364523 0.158786672687635 0.141401477466836 0.0982788498439318
0.257742097796452 0.00625212348233054 0.169184175638765 0.0787088437207714 0.0688997943652876 0.153891388777031 0.0722273267474406 0.094564851774158 0.0985293976977641
0.0612775255054574 0.171929596374557 0.166568099959969 0.23212210212777 0.0168808579160834 0.0763123312888456 0.0605839151032396 0.118672163580061 0.0956534081440166
0.236059728405795 0.23710990572799 0.140391391323741 0.0502660141826026 0.0502470635234909 0.0361444785266103 0.144953044951646 0.0748150964457601 0.0300132769123644
0.139499813987075 0.146725458888825 0.0517545561120409 0.092929568513627 0.117194270881045 0.14125807516264 0.0636443110190616 0.137000603224411 0.109993342211275
0.127315649344402 0.0233137450721089 0.0243393884438897 0.16704007781276 0.0236788505110003 0.292314731902503 0.0938566971921425 0.186320325993125 0.0618205337280691
0.108499596589789 0.00526887200939394 0.140003889655004 0.148844420402793 0.0520198463755196 0.231929078156187 0.000498005640898861 0.148613422754245 0.164322868416169
0.0538514722443891 0.200382885369724 0.0379779723834387 0.0877423122358501 0.153294343482256 0.101750894684738 0.0825850450897552 0.0978538586741575 0.184561215835692
0.180108198158258 0.104349546081119 0.0368542749001085 0.00293065257560824 0.0312094032367042 0.160708196252775 0.148341197846089 0.195759291351421 0.139739239597917
0.169021277906866 0.055008489197301 0.15090167817889 0.0243446789179426 0.16374618000051 0.166975388653686 0.0963602461070236 0.0479125347402398 0.125729526297541
0.00565919406181237 0.02421980366483 0.0091758212086903 0.206596715078359 0.198743741646642 0.128896772250966 0.0944392827654528 0.160189690821516 0.172078978501731
0.156008859229585 0.0920137377291105 0.140925140968753 0.110405146461444 0.113326634085204 0.141896499113698 0.0614846565718283 0.0583006930891324 0.125638632751245
0.00693048369355449 0.0610947471498995 0.00772845618014659 0.0613799232846223 0.0301707652250971 0.177414105214032 0.211687448504922 0.245137323055877 0.198456747691849
0.121479540797495 0.100941951095324 0.15991643609683 0.0494127366453638 0.0880936122490794 0.209802699220016 0.176244280922031 0.069083384724214 0.0250253582496457
0.179561453314604 0.158912784570265 0.0420759887297097 0.112548001919892 0.109289810905838 0.0298815431605037 0.0642099981260281 0.180370326125717 0.123150093147444
0.162629878135654 0.0192427464832938 0.130542744564445 0.071740972019764 0.11663772625328 0.0933224526011116 0.205458653337602 0.0390257342775939 0.161399092327256
0.145299212990186 0.146485781153 0.0639616397121066 0.0786032718062524 0.135964060325369 0.153008074751253 0.139773290266122 0.0887991461539201 0.048105522841791
0.0804881200567349 0.00606362573887752 0.123994348401685 0.184421950077426 0.0396581329180944 0.172090357177839 0.0913303121534003 0.0901238714729215 0.211829282003023
0.149454689610126 0.0689819508211359 0.125183745316044 0.181080286444135 0.180209297893239 0.0813068537762901 0.041147202953103 0.105854501913386 0.066781471272542
0.0203787169220586 0.132953178833043 0.194380894114061 0.0609487889167518 0.0114474718554996 0.0855355661082875 0.228405529144603 0.107185537629866 0.158764316475829
0.0489372316451442 0.187939954729769 0.1196338114297 0.194272207405165 0.0843171550744304 0.109103119452537 0.0252919506084588 0.175098309149672 0.0554062605051241
0.14025379695031 0.101675859220224 0.176093005672258 0.109277972249307 0.0550755936931722 0.120169741648233 0.193275588318393 0.0584577591397549 0.045720683108348
0.200428295760201 0.0586022751994068 0.00270315727175814 0.108419006668611 0.18219482038945 0.0307612452696462 0.13008002302423 0.225974566258416 0.0608366101582805
0.107320119667228 0.197652903997113 0.0856985868681663 0.0980108003338152 0.0964815957530953 0.0456506392901605 0.0739542536220746 0.189291905323553 0.105939195144795
0.0979886954930178 0.101562180267208 0.19196538810836 0.0511199823046976 0.200763513037119 0.153547448741508 0.00865013334713029 0.171645086257419 0.0227575724435409
0.146099532964376 0.115225525825389 0.0584226179539449 0.136178352740614 0.151999966769894 0.13525263498027 0.057264277029296 0.0474201619106795 0.152136929825537
0.121657132000079 0.140750732729196 0.0326351251783825 0.116015607337416 0.114393468330349 0.137995697111801 0.112472997025966 0.0972164662253674 0.126862774061442
0.212729340206589 0.0734645880022687 0.0241293270872558 0.15329402016817 0.0629355381683527 0.0615543913466105 0.19480292334305 0.0307800242203244 0.186309847457378
0.261678142272602 0.0802001089011016 0.0575004385178122 0.16441379543878 0.23521797392699 0.0549888852445838 0.0257008176926666 0.116421996411077 0.00387784159438649
0.115399122067812 0.0550927938152142 0.0934075119788948 0.0661247503664935 0.00674123071628582 0.177366919781072 0.132664937595655 0.155842069590255 0.197360664088317
0.0364990099919818 0.0383364529984552 0.153937215873555 0.0492717360037378 0.253587206098702 0.0780339063197688 0.0702852813989354 0.209247405062823 0.110801786252041
0.0196894379975883 0.0444399558338963 0.200192244965759 0.0289500228903655 0.052448924990903 0.137290042249776 0.138914299664077 0.175767857085822 0.202307214321813
0.151907695728557 0.0843579335767669 0.0628566294072794 0.0193299782328723 0.0782463127326879 0.159867752192474 0.158569428792294 0.127263408547698 0.157600860789371
0.185933437101771 0.151483237618479 0.00983862745322736 0.0485141563242948 0.156924544280272 0.149032462942099 0.0301037727720224 0.0715254932480594 0.196644268259776
0.0807867320292104 0.131036288233236 0.134231322424951 0.180734372341028 0.179823758590593 0.015841585634373 0.128955370178723 0.0402321101245056 0.10835846044338
0.237855948871566 0.080342053104043 0.0937765548909158 0.0123441899953588 0.120304409205832 0.0116459890918089 0.218840827225753 0.121501168270559 0.103388859344163
0.0994962487343218 0.115686076741822 0.00319195832133152 0.0821406669699085 0.0453675839152875 0.114925881439506 0.208397933781152 0.140705712524769 0.190087937571901
0.0634428273069721 0.148317613264293 0.0696278669602747 0.1309750781511 0.167796225971823 0.175581231310768 0.10838740965377 0.00361865181362669 0.132253095567373
0.0999468972632576 0.196780907576992 0.201900111603226 0.057901214014632 0.0041755421197993 0.131899170834739 0.205317227801405 0.0800545645241827 0.0220243642617673
0.167695067603716 0.160536461816218 0.163280204143814 0.133456155346808 0.0694265156878717 0.0781833211937483 0.0546034710514104 0.0888496752260138 0.0839691279304001
0.0887290387381859 0.00355306112105346 0.0398042987960397 0.0153715923387333 0.24517492419837 0.147153980084141 0.255268687434968 0.00563922976750876 0.199305187521
0.0478667278235608 0.0554527509916992 0.161169059774344 0.179777863067651 0.0495151761197471 0.137627997095584 0.0754734050555521 0.13780296883524 0.155314051236623
0.204202734436163 0.183640214992194 0.233021144898569 0.0822908424119011 0.123834979684124 0.00727527635163323 0.0123935386347795 0.12375605462564 0.0295852139649958
0.178319079025733 0.0160582730593634 0.0758866082762282 0.0719679349025256 0.0539249507630506 0.0918324006386338 0.206928216853059 0.173536828483263 0.131545707998143
0.1323707877566 0.151839064220959 0.101358339059607 0.13020925853316 0.0686207465328655 0.195271899916827 0.0570969183094126 0.106737808682578 0.0564951769879902
0.00293643587424439 0.112079209125891 0.1217656598205 0.157063974529737 0.0446733163982738 0.165531200086236 0.0571832205444778 0.174368093474037 0.164398890146602
0.180411113239488 0.117058170153169 0.171422400995062 0.0718575116401983 0.0871187240291525 0.167347967125758 0.0380343203596443 0.148517739943162 0.0182320525143658
0.151034558971694 0.0879486350541261 0.124750147984358 0.0799706594907932 0.117508896878196 0.134354454259189 0.0713192080958844 0.169564071117874 0.0635493681478845
0.148118164389519 0.0564523099535578 0.0190954824405672 0.164413537976216 0.15994722049028 0.040114262659993 0.0893430381802844 0.119063248831321 0.203452735078261
0.0230667710173813 0.0936143140574386 0.133132535481794 0.0568831314068367 0.122159077744965 0.167707344339132 0.138166055257847 0.110138791643253 0.155131979051353
0.0940073568903421 0.102395230513919 0.0332503693078435 0.153603848626699 0.0603413487399552 0.140732437442594 0.149491965633216 0.129204054619399 0.136973388226032
0.222178480776492 0.00197709028035553 0.0500880395884168 0.0384744339967051 0.214279665361857 0.0797296976345756 0.0346876507022183 0.202589251177471 0.155995690481908
0.120884984389444 0.166335906675489 0.111861552757082 0.0303472064077344 0.143829012149063 0.0913466299481038 0.151348553305476 0.174442890915601 0.0096032634520051
0.17961370552725 0.172742669468424 0.190192416582045 0.0856760642371253 0.111700075415231 0.0710490601533273 0.0526745867573937 0.0626541446828685 0.0736972771763337
0.162122375352115 0.0122995863586547 0.0532665951871624 0.0267148544591865 0.0712018749510594 0.175194781254721 0.187311980778387 0.173738123881152 0.138149827777561
0.0843493646948808 0.108690504356646 0.0864127389838783 0.107807289036425 0.00549733369814466 0.16783841337762 0.192705775283804 0.149923101934985 0.0967754786336155
0.1146028021231 0.101772190739634 0.141326428691215 0.17056051616022 0.0581133190599987 0.128430382695521 0.136581189017591 0.14790181890774 0.000711352604979576
0.0047496642737623 0.0525633407719743 0.0655815443964887 0.0251315616997309 0.0641363392786821 0.180129040545798 0.209967932046121 0.229908882483775 0.167831694503668
0.167645494166369 0.217041075988135 0.0548313887386517 0.082500956984142 0.0279907779594981 0.166251354717692 0.12114757338391 0.0880074370239734 0.074583941037628
0.00189433987846416 0.0895752634311249 0.300416051869458 0.178669339244822 0.0412535596601095 0.115535948797979 0.0244552314390331 0.0215200338705844 0.226680231808425
0.147191064496831 0.0301629519694595 0.130222515519239 0.110274315577388 0.147386455141955 0.0141510115248904 0.0679515308446551 0.159541366496749 0.193118788428833
0.0849122306915303 0.143616638217387 0.0480967417725505 0.145715703290693 0.148322269803011 0.0892727978591306 0.0993806118379349 0.192056703225927 0.0486263033018349
0.0529089893801881 0.185259519814479 0.126030064581395 0.156296841133282 0.0476568275700954 0.188375963103076 0.047682763725367 0.154206872028065 0.0415821586640513
0.132849416112182 0.239773019945291 0.210527702273863 0.105615605131449 0.00191002083280577 0.143561245227554 0.0408584352697429 0.119124265116532 0.0057802900905799
0.151693563986958 0.141592833116086 0.0226253439722018 0.206003983246009 0.0675171347732186 0.235144583952263 0.110953109514254 0.00356738196399303 0.0609020654750175
0.0359286371018827 0.14698258515062 0.178054107097131 0.181068045245911 0.0155398691296043 0.108645641406599 0.0404403065440257 0.149946245637254 0.143394562686972
0.204742923749104 0.023040690179422 0.0307929399295627 0.170534974045811 0.075770788581119 0.221288509668926 0.0315480721129215 0.120440063821092 0.121841037912042
0.0962008290999145 0.154480567868826 0.0335941775493702 0.165075665971224 0.093688388405744 0.143474663070868 0.135325619985263 0.127982774568124 0.0501773134806651
0.230840957127109 0.194102925759398 0.00760732742480896 0.0890692965524087 0.0456321551652982 0.0672646523783562 0.110787052813655 0.203397449947421 0.0512981828315441
0.172141068573948 0.147470846841846 0.17638374759437 0.0534545780993681 0.184425307345827 0.122008360808961 0.095822031714028 0.0342900451421188 0.0140040138795329
0.173867652423657 0.143766743280736 0.108092852925331 0.0572471726615042 0.170675627170701 0.0238663683868338 0.0535459281080464 0.0810195777234204 0.187918077319771
0.169430732570436 0.181274444828009 0.138340868699313 0.129280853386619 0.149137400046057 0.130674018128013 0.0735156605001141 0.0198435298536098 0.00850249198782893
0.0965765328238284 0.140022379801039 0.0405472899194673 0.122735994821882 0.198481123477605 0.219659354608509 0.0123587861783712 0.160639026448844 0.00897951192045523
0.0343379464763511 0.0424448478136113 0.118367048432196 0.255379552418576 0.0231293927710152 0.257732661607868 0.120717637709605 0.116893810970089 0.0309971018006891
0.145335320053257 0.213468402182156 0.019680676506768 0.0120300646309871 0.205959271457739 0.0395989343315251 0.0736993970353247 0.121947577381696 0.168280356420547
0.0820829455225164 0.129952248951472 0.198158817237492 0.0354720062887947 0.156208494964781 0.229154878206531 0.011052030425582 0.0278534885787029 0.130065089824127
0.210730301230936 0.0209949346215299 0.0134836971366606 0.151438096592905 0.115544417629577 0.17443417769839 0.0341273289430236 0.056922300060902 0.222324746086076
0.0518018136969199 0.0276510939743907 0.170605426025776 0.0399560714265526 0.160086227616083 0.20708919343515 0.0488205127447655 0.0818338347481049 0.212155826332258
0.0818250959918479 0.161146460666227 0.0542166588246407 0.163571382145626 0.142824793760277 0.202696459153941 0.0602436939442212 0.0325150271145354 0.100960428398684
0.0426169179096092 0.109692926321007 0.149709456053632 0.217014129727465 0.0381246685134062 0.00997951432710597 0.158449440425047 0.014376727720417 0.260036219002311
0.0655341518985121 0.091488791043033 0.209207592829134 0.00724715397802413 0.083989483591855 0.0925693408490134 0.176175943775048 0.0823800384727002 0.19140750356268
0.133140535743273 0.199677647085863 0.156234539242907 0.164313418466967 0.185388237473941 0.0225830101563155 0.066580262007635 0.0688638454291753 0.00321850439392343
0.134658826838312 0.177004763385259 0.114257712215955 0.100055350553049 0.108698381723037 0.152471622667804 0.123112158957652 0.0892282964170301 0.00051288724190112
0.055927796177561 0.120448791193879 0.181653989834094 0.149074909858109 0.0161815028362708 0.0860276301553185 0.150967665312535 0.140076621251773 0.099641093380459
0.171884650925641 0.0219060725934502 0.0998643422421315 0.105947658022352 0.093292712757693 0.101144796658552 0.155079646944984 0.204947006235796 0.0459331136194009
0.0770329328673628 0.0339927537826259 0.0378228432873895 0.142965867863408 0.136444756102442 0.145174232616912 0.153468229124429 0.109362618697585 0.163735765657846
0.052255464369733 0.0814931258075634 0.165158785094392 0.133628229706718 0.0781053184603665 0.141119606892151 0.162666097618248 0.0221382581593676 0.16343511389146
0.131005200482267 0.0824855062566581 0.187596251792671 0.0344383756904895 0.195623008925719 0.0820413022873893 0.0616393810076637 0.130494568186357 0.0946764053707848
0.0737107216463629 0.0909345063866228 0.215006874457739 0.171870553654648 0.215923960099129 0.0372320382770399 0.0650589633663972 0.0566404448244231 0.0736219372876381
0.110699225091527 0.16256376303295 0.0185785299520846 0.0289413333502375 0.0506575770554275 0.200327148061082 0.142473899402096 0.17536796237297 0.110390561681626
0.0444115825671605 0.108181863659908 0.0124696938887411 0.187606421867665 0.130805045980643 0.0419307135601602 0.143255989747284 0.134730855352224 0.196607833376214
0.162510547282998 0.0721416945589501 0.190433739303825 0.101372458745696 0.0555796340758779 0.0417676058470026 0.116056885529333 0.182616319192237 0.0775211154640808
0.196411999682991 0.169182891101362 0.0500764820210438 0.103884623918528 0.140599765542137 0.171296342236788 0.0589693080324558 0.0352233510149698 0.0743552364497251
0.112877024566632 0.167313218257068 0.192359858487146 0.0433725178055396 0.0263366381234657 0.164140560121161 0.0398686152049436 0.0976572751646563 0.156074292269388
0.109875809119788 0.126411855858547 0.070108248452408 0.14157630590111 0.0344809082630565 0.124224744025539 0.106774818744125 0.200969989043166 0.0855773205922592
0.0304675943969554 0.0945927910726869 0.114464494305784 0.266026038914047 0.0262480232774279 0.0225372166814027 0.223985817151098 0.198796203105934 0.0228818210946637
0.19621760654211 0.157498874961324 0.00579729504478751 0.105490673964937 0.185551686646087 0.102948680519342 0.118617838092066 0.0353995457615599 0.092477798467787
0.0959735051902079 0.139733832869932 0.149744806498185 0.0330148789239747 0.177187573620651 0.0346792485517379 0.0697147961009792 0.208509235818682 0.0914421224256499
0.136894311638181 0.166617951461329 0.0427443574541286 0.0250179164292439 0.0888902508730447 0.149784412303839 0.151258291233099 0.0908328531244235 0.147959655482711
0.00818863213216315 0.0974039320839333 0.167161403011748 0.156531749144226 0.15164441932561 0.102672393107153 0.0542326151265434 0.104704402511987 0.157460453556637
0.0309578033530987 0.0419810749724808 0.119413576885345 0.211750348251082 0.0682675990739381 0.0756055779049373 0.148955010144978 0.230347303430911 0.0727217059832292
0.0219785695531325 0.197950855471739 0.218578225272806 0.0862551976966538 0.116527715803693 0.175781680471394 0.00285038325976349 0.160460482430586 0.0196168900402326
0.138599273976443 0.118449952051566 0.14738730203773 0.0904408140539789 0.0725109330060531 0.119958878317723 0.147289745353204 0.0694824202413608 0.0958806809619398
0.118562373730862 0.10852574921568 0.125162128664982 0.0132548692129212 0.141562856527065 0.0457980008903502 0.172708741753609 0.151796846462314 0.122628433542217
0.155142522480032 0.177195428937443 0.0471665643034081 0.0999697724926934 0.122545116872167 0.140630587795691 0.156912338716484 0.100209005704064 0.000228662698017458
0.232113303913639 0.100850037308891 0.0991821567096036 0.200533529909671 0.0538002471274637 0.00654182572488911 0.171045025256942 0.131800428063885 0.0041334459850159
0.134173361191383 0.166996841614305 0.111242628901613 0.108688420720124 0.0888068270088148 0.0990020958185296 0.134083379940827 0.0256444985622766 0.131361946242126
0.0400003312761338 0.0438460341957939 0.181902655306583 0.031522731799028 0.0577451835785694 0.20509031254937 0.172992939392381 0.105087752764245 0.161812059137896
0.0425237626637556 0.00705238515688801 0.0515960640641945 0.223841641509512 0.172050570515519 0.0753814625271315 0.122549080479435 0.142064922075162 0.162940111008402
0.00149823062483227 0.0640071091747706 0.0270455390463601 0.194977601679051 0.16481047541709 0.0132217033390713 0.257751197333985 0.168267537662058 0.108420605722781
0.125704624320962 0.0106590820688651 0.165048375591011 0.154826408414514 0.121243742867225 0.147328120998678 0.0605902523375167 0.0526679947066859 0.161931398694541
0.000671326814591025 0.153331336090473 0.258058842622369 0.0818958325019946 0.079087804010622 0.0976934959334506 0.0885234918700689 0.0917990341822226 0.148938835974209
0.0154092182717927 0.138098118401105 0.128699430679729 0.177893456198432 0.0686666056027297 0.15315935539563 0.134340713901877 0.0423314669609859 0.141401634587719
0.0737066801928813 0.0994761075137626 0.0817637060746956 0.174244454139782 0.092037363778881 0.0823434652848692 0.193116181140663 0.0175372093789897 0.185774832495476
0.0469915072881031 0.182410066719117 0.0218820181704609 0.0250538429244954 0.0895987841219246 0.251799823660798 0.100420928355334 0.16175272000231 0.120090308757457
0.132239905158929 0.0299272792414442 0.161937538145993 0.0780964345394718 0.184280504824893 0.0140730555698736 0.109773884629005 0.124602556440272 0.165068841450118
0.0813255585524645 0.166245415969662 0.132253396781829 0.166601042562841 0.20506060161978 0.0600290339614879 0.037410261162254 0.127084983389872 0.0239897059998099
0.00404164328628138 0.195550324204403 0.193472318566448 0.0691556487955277 0.0997891606707444 0.129064609809432 0.20793560820773 0.0896417011785286 0.011348985280906
0.149882243064755 0.0521188401016968 0.203971985601651 0.00774662480527069 0.155445092226419 0.0523013621643684 0.0179148400771838 0.227559162163851 0.133059849794805
0.0752827159196934 0.0078863711683509 0.216759621822607 0.116577231562793 0.0858074504330893 0.194911162797956 0.0952435809754559 0.0348445374020075 0.172687327918047
0.123755196275809 0.172726876934622 0.148875383602683 0.111359033161858 0.173133385905349 0.091093219527556 0.0711699713424932 0.0980872881658944 0.00979964508373541
0.0556636768184896 0.0439711919500797 0.174645571629368 0.1362726436228 0.00259075103589222 0.0161527504689897 0.216537798024355 0.139577096771806 0.21458851967822
0.181622394856737 0.0819599622657238 0.0750231841667383 0.165606417187655 0.0555216420091553 0.175756717756908 0.0140948566794032 0.15705006052642 0.0933647645512586
0.176245564711589 0.0897059209238653 0.160623436652511 0.110033062801741 0.0131569254163427 0.190791728298544 0.0193768453090623 0.0151856388398759 0.224880877046469
0.11512687745293 0.212747433434436 0.185939433435312 0.0396784689851458 0.0784635494499735 0.0975535669379581 0.036683631123293 0.111835480707314 0.121971558473636
0.055987118152594 0.120714850855268 0.216684238326706 0.0712555984698112 0.00176883148869671 0.219048228924791 0.106859927653549 0.0717552749576431 0.135925931170941
0.0780885075887158 0.0597822828925574 0.0896658181279879 0.143364264251097 0.190654187252402 0.0552466568471091 0.155125040492873 0.120781651337043 0.107291591210214
0.0961161373421676 0.0536847555270637 0.120123351794861 0.187123268829662 0.0591686818877647 0.107330702352622 0.00695295172365336 0.146720319244304 0.222779831297902
0.102187626623976 0.0162335260886087 0.244462509878399 0.266413147692662 0.00816812342343776 0.170105796487361 0.0179237635946468 0.148249516372393 0.0262559898385159
0.0898774172059147 0.177563100627776 0.127622320295514 0.0952978397739746 0.0130892917113423 0.159240272580811 0.145155080217795 0.0343811550575873 0.157773522529284
0.138929605621773 0.0548777810419718 0.04415784114359 0.0674770634283355 0.0191899896332224 0.261229049958379 0.122711195439946 0.0804356955756908 0.210991778157091
0.0822175660651168 0.0545560976425033 0.0635473326272244 0.0744437654160734 0.0997156435384544 0.106193890340549 0.0782945491532849 0.423791848210245 0.0172393070065487
0.106826818293377 0.102032685580617 0.255782169547427 0.0222196764034616 0.037293075270988 0.109415200313266 0.251451605284218 0.00468051820836761 0.110298251098278
0.041826748321612 0.173351158995137 0.0865459960757214 0.119207084494344 0.0537072323199074 0.228136319619395 0.041174375494586 0.239052686917099 0.0169983977621976
0.122680079139544 0.00458324411746975 0.163892621667422 0.0576249843222609 0.114644892452442 0.193320604048564 0.0573620778679027 0.128164797167425 0.157726699216969
0.104435030212209 0.166447458056733 0.144053215484115 0.132890723737147 0.0759742196602196 0.158854972330484 0.0913475328895262 0.011810189795242 0.114186657834325
