0.0384746830101183 0.289334369316342 0.0264404652999343 0.0658705944007168 0.0167946923030546 0.109141401705286 0.176244938229598 0.250410876357804 0.0272879793771468
0.146059065184183 0.00906620596211756 0.241634698168138 0.247924608537298 0.00348714189427115 0.0697652570828375 0.205663622622173 0.052737795403617 0.023661605145365
0.127833646420914 0.113142950256684 0.150029078703026 0.168092520746372 0.0493723130255322 0.153173731679259 0.0564891589783195 0.17537578782113 0.00649081236876376
0.202669498638284 0.215856471560719 0.228134255440952 0.00346302454892036 0.0428198700448861 0.186360898787522 0.0469410038577247 0.00670509358183359 0.067049883539159
0.12496715619237 0.09965470487369 0.059045298903137 0.17740632490551 0.0420639536775726 0.157317769823064 0.114185676106281 0.187415360835274 0.0379437546831023
0.215860968885458 0.133437056444848 0.118743709983829 0.0901591903899241 0.00060752238627307 0.193211567242079 0.0192780425147527 0.0556783359519676 0.173023606200869
0.112576957252111 0.043576466419885 0.154629765042999 0.0985799552254466 0.0585747884525904 0.149556616357932 0.157571450683585 0.168541813023265 0.056392187542186
0.111790728958314 0.12680319330517 0.106483834605319 0.195912568757395 0.0585444146732714 0.0613381326199578 0.216218771886278 0.108087579296412 0.0148207758978827
0.0978047531343937 0.13340871249969 0.162034343387664 0.0556495873496158 0.134049883386026 0.109479913226249 0.0316030669658955 0.115613454181463 0.160356285869002
0.128646084705687 0.106814261161298 0.161449856221196 0.0663192585663028 0.132132842289969 0.0864988624156949 0.219297260146147 0.0194340482885891 0.0794075262051164
0.211219607850977 0.00819672969047975 0.0921889424629005 0.169610826106725 0.17792927991337 0.190624379784826 0.0798668292582699 0.0309147908649784 0.0394486140674727
0.176937994683856 0.0821703223391275 0.131983063463428 0.165221227451712 0.0796049064360514 0.00905782288164634 0.113984039949692 0.0666752361087535 0.174365386685734
0.0239914980616438 0.0682012655503804 0.0589243027247399 0.149776124900302 0.170980036749875 0.197991999166829 0.207112003401491 0.0870930016955802 0.0359297677491584
0.113121156385602 0.0811649609143921 0.0680509035573532 0.0877562549897539 0.12055718515866 0.1997091459168 0.0647309682315042 0.178529696034324 0.0863797288116111
0.0848379420870333 0.128418737763094 0.163148640750912 0.18748985415365 0.0252932876288254 0.122256836646202 0.0721708467100301 0.0932122504086825 0.12317160385157
0.17816742574597 0.0979771895304669 0.184182034381091 0.0184767285001763 0.0786328604632282 0.166775216167713 0.0448857802602781 0.0855373743931679 0.145365390557908
0.152679295853395 0.156725208863503 0.177416246651368 0.0791466674624522 0.169379224985544 0.0590293205983957 0.032235969031466 0.0411083881660896 0.132279678387787
0.0887685552224179 0.0157531462027162 0.0771898475939271 0.131970064099331 0.14728970083255 0.175622979953616 0.15258750656361 0.124438734491921 0.0863794650399121
0.131471354928664 0.117715343812898 0.0333235568796332 0.194238160796213 0.113590619865424 0.102431241102824 0.12549767644544 0.0843280049373836 0.0974040412315197
0.0733749662461714 0.152272821978475 0.137100210008942 0.076070220921415 0.00367792470899982 0.196059648915977 0.069259723618269 0.103263714357248 0.188920769244503
0.122694178037348 0.106963020402813 0.0594444544365704 0.116192524164188 0.14060499861753 0.098033331159091 0.115688401603298 0.100070301136712 0.140308790442449
0.103223921167933 0.0150943713761595 0.0823279217411406 0.00912781929958803 0.107568572973107 0.186744936870976 0.196896953785189 0.0974473254254183 0.201568177360489
0.166096913971176 0.131687745895985 0.145564031246993 0.126558660933646 0.0914495073131354 0.158507181693877 0.0683707114919499 0.0111882603201887 0.10057698713305
0.124103899235614 0.0485451050825236 0.0780162079667953 0.185648335210071 0.0957340571401877 0.151338901574739 0.0768953810018049 0.0413950539906853 0.19832305879758
0.142089006012455 0.208589838243854 0.0209506140353113 0.104004547308807 0.205849546025912 0.183524755214081 0.0425424208294713 0.0153222656370623 0.0771270066930462
0.095813224091827 0.117417191383651 0.0480480988488586 0.238428488935613 0.0549079420822297 0.010065175845574 0.19982855940049 0.145357269526115 0.0901340498856413
0.236937735168388 0.111923910714155 0.0395301682479498 0.090307542039041 0.250440652646304 0.0362368123483019 0.0301205623493111 0.103462228139789 0.10104038834676
0.0173593911510091 0.0281939133863883 0.0782889998392124 0.150359110250531 0.236568300604885 0.165433006964753 0.122258215079272 0.166198121344662 0.0353409413792863
0.062680152109255 0.129164100563956 0.0315765857031809 0.244278069533487 0.0848112829469655 0.0765861577864583 0.0767245434228649 0.0705224510575476 0.223656656876284
0.117325030140609 0.0777715799580565 0.186501271752547 0.158466331662608 0.0235317145656472 0.0218437600404767 0.219198839724272 0.0922189955518924 0.103142476603891
0.0677588824041556 0.129300663547835 0.0438175921898216 0.0551845929855703 0.112788024024177 0.180653027322801 0.0543466986762845 0.248379498480348 0.107771020369007
0.184615810655431 0.207645654985131 0.125008834698077 0.180701208356442 0.144075255383071 0.0674975097046284 0.0590370357201195 0.0158549036549428 0.0155637868421578
0.117473340895713 0.177385999492103 0.121183770721837 0.0443224258116039 0.111167842959404 0.0185418710623925 0.0301936064639639 0.175489310695229 0.204241831897753
0.0907626769638212 0.108137376889367 0.142535111688048 0.103906851577967 0.11314447948822 0.106991701225539 0.0786054738767446 0.152555545112833 0.103360783177459
0.0275556108973184 0.261589123252173 0.0685747655872313 0.189949779673908 0.0652974715773623 0.0982807806995078 0.0430915219573651 0.169858182208591 0.0758027641465431
0.0365252924639088 0.158633848028467 0.116529279869666 0.107577974661841 0.0944921559391509 0.161848903751448 0.0820562179346039 0.136942610767797 0.105393716583118
0.000316017966768045 0.156220160429606 0.0568903415335724 0.211594265239775 0.113527243940773 0.0556640251900426 0.0702285710609007 0.165106899415014 0.170452475223547
0.148071773156435 0.0768188029405155 0.0381201824785111 0.215844295478397 0.197303447751312 0.130412323170446 0.0384077827301053 0.0754979998865782 0.0795233924077008
0.0800087931402947 0.184371970636465 0.0116934551823313 0.112760468359747 0.166537430559753 0.202791763239616 0.0741406450128842 0.00784527488303875 0.15985019898587
0.207926734305454 0.0494299989464142 0.178177751269832 0.0865120450094662 0.0397990005438945 0.0793089015506599 0.10665809581992 0.160944166757771 0.0912433057965886
0.0245735399090841 0.162726303767194 0.165795877683225 0.0955108301016911 0.147606100444296 0.113038225801059 0.0596631348338526 0.0697816943174609 0.161304293142138
0.0588576807361813 0.162600564598655 0.222306020297749 0.11168237517987 0.221703613522717 0.0246726866487041 0.0334546331970641 0.0212068803667893 0.14351554545227
0.189829288542015 0.160526159615436 0.0550297849369415 0.00871399080535473 0.0576601666233337 0.141041792017797 0.00426613697903465 0.187053415428415 0.195879265051672
0.156496126979359 0.153197614609632 0.11205941574747 0.172670344445732 0.137609881446139 0.0715497434157576 0.103754706720424 0.00295655211022506 0.0897056145252612
0.0436078343240268 0.187780238248038 0.193807769989324 0.117253494483516 0.0653460985532204 0.139317723268188 0.041920318375187 0.0396528127462044 0.171313710012296
0.154339871396833 0.00677688762105517 0.164436210672607 0.0812553784204554 0.1809270652726 0.0650093743552935 0.11078981374287 0.174390898111864 0.0620745004064231
0.0580485060177586 0.144791330814503 0.151589623461263 0.0156176455776349 0.205066759129509 0.0751255408778235 0.0304393090287004 0.178157940508788 0.14116334458402
0.0647943190618495 0.14216879729085 0.238661424458894 0.101847494817276 0.103523632506911 0.120737241244898 0.0256548297388647 0.195047082257257 0.00756517862320014
0.0768234493682061 0.0415639083535139 0.0604346688363032 0.10636562975885 0.20337215042184 0.0512883939962207 0.179734960373922 0.102138703543894 0.178278135347251
0.136734480993726 0.00945569348055099 0.170217189042954 0.0263931435762493 0.148653592307786 0.178877308883691 0.000158537039883037 0.176330579895612 0.153179474779547
0.0409667678886263 0.0342702828851084 0.15927231203216 0.126246013711711 0.05072102078249 0.0570695643208421 0.131882265040345 0.171738008194628 0.227833765144089
0.191468283868663 0.061760317348936 0.0573206116986741 0.0505591065634524 0.0289150908090056 0.218478509440974 0.263989527497789 0.0863179423178953 0.0411906104546104
0.0892297782550061 0.0110970022552028 0.113904860543516 0.0944124794292382 0.169925860507843 0.212256700547851 0.118801789289616 0.0114442817112893 0.178927247460438
0.0519412587907024 0.135181252223009 0.0468635009228965 0.230766243401491 0.0142830126165747 0.00790850099939632 0.118906098519327 0.288591319199642 0.10555881332696
0.221090470100138 0.0411368347510086 0.26123322228922 0.0541681994635846 0.129077081803406 0.119682770076057 0.0455267762151706 0.114124475902138 0.0139601693992782
0.19617450873535 0.00711196218989029 0.151135337410758 0.160665768054253 0.0280427198815858 0.0758846624166528 0.0911590300467772 0.116223185845793 0.173602825418941
0.056972295023354 0.0732265495324141 0.176310480613236 0.136632019869527 0.0503091690645979 0.209652480485371 0.0739885309212776 0.0445662314606093 0.178342243029613
0.146355873899212 0.164030604278929 0.14424562720198 0.0556269764039917 0.0657753179938657 0.165431174720348 0.167871461743945 0.029519700055619 0.0611432637021097
0.167588762725083 0.0699589104964374 0.0330660218653108 0.0526244619613763 0.216571024837774 0.0930631808757445 0.0621770004812539 0.030496012741406 0.274454624015614
0.070946610562755 0.150522565904525 0.125151876645005 0.0145872338685917 0.0867752639294836 0.150245264720268 0.0183866826678501 0.180782340097911 0.20260216160361
0.173037749335384 0.0745162504793976 0.0710087488994798 0.127258306646506 0.101405206375581 0.165464613287004 0.25712682076582 0.00323516175084484 0.0269471424599829
0.167827052846503 0.101777670286864 0.0772037760033687 0.168089286890755 0.0436113325132906 0.121669632014786 0.0865064960315678 0.162105088059611 0.0712096653532524
0.13653042585139 0.0470451358259898 0.0349481438979134 0.0182817936267451 0.114810160278589 0.161008937948572 0.153665448405189 0.140783273235666 0.192926680929946
0.15707236839898 0.0363330849872155 0.0487536024504991 0.0924769098283487 0.104400254666321 0.226094519478346 0.0635923770729839 0.247800363979198 0.0234765191381078
0.101944553746839 0.240884031660974 0.0929195174799194 0.0345928504875999 0.0239971932923657 0.159136317559258 0.177546600711569 0.127418970506058 0.0415599645554173
0.0394444230357128 0.150959014674631 0.205076849585416 0.164620313410915 0.00493469135861654 0.134130786264636 0.0123536130674924 0.176254913829999 0.11222539477258
0.178843019149711 0.0469649581370849 0.209045544600708 0.104086475065281 0.235836202356393 0.0143362593375038 0.143776983132207 0.0354834913810714 0.0316270668400415
0.0367102374613677 0.0540407573240878 0.153888394327935 0.0659400792201277 0.150540787811929 0.0877290823323132 0.11482251409412 0.227304016287233 0.109024131140887
0.119798734114273 0.119711927481685 0.150945338863153 0.139228324310757 0.106565289099347 0.163343462493321 0.00329881895549104 0.142096374672846 0.0550117300091273
0.0564443573639634 0.144935756316624 0.0651680951929688 0.144995581203611 0.12712245762532 0.13356597603747 0.0319957613649862 0.129251338630269 0.166520676264788
0.102043602492054 0.0719315953456513 0.121896260978045 0.110039796961293 0.115053148746689 0.0954341477971289 0.117186164548046 0.14507994224088 0.121335340890213
0.0184729829916004 0.181009842663268 0.00475492939312332 0.105792832573942 0.165857770322761 0.0832647788321896 0.149498890757383 0.194503425311284 0.0968445471544488
0.184698378503021 0.167696719363568 0.131959748678044 0.206259191208319 0.0728429979327241 0.0198284026392652 0.107502124696603 0.0990607575206962 0.0101516794577608
0.141575440694219 0.0458340389653771 0.14299318708014 0.0797745958139112 0.1592626940061 0.0635534399978553 0.247159786560908 0.00638632217356385 0.113460494707925
0.0998660120493899 0.124833294426679 0.0606487014766571 0.0300559450288786 0.166004843589843 0.0673029711019901 0.0658594594736201 0.190828325147314 0.194600447705629
0.0119219804192302 0.157852175017364 0.154804541554746 0.187802758884594 0.147362498263393 0.172810327418418 0.0143734302702493 0.0561656023569451 0.0969066858150602
0.15390732206029 0.142869909538531 0.128609197229879 0.0913884332572849 0.127439947984644 0.136344850708324 0.051585473680135 0.112649780261044 0.0552050852798679
0.14916794980391 0.038861922243085 0.0334933234518265 0.135354587972284 0.167850159462289 0.14269220907976 0.177636338622098 0.0751732081765772 0.0797703011881697
0.0111315054998681 0.179669901924877 0.159326829208839 0.10300502220237 0.105525154119061 0.143583972077024 0.149723111515448 0.043738274070364 0.104296229382149
0.107178312487061 0.160022939466129 0.0585460711549347 0.0125819456100995 0.0181155918722409 0.204851025579746 0.0613263651109655 0.206957511470462 0.170420237248362
0.171097565840075 0.145846928120418 0.0660883022899145 0.103558189912258 0.132177595007127 0.143728930021713 0.0517211367307375 0.0273862872321402 0.158395064845617
0.230595680100774 0.0226519637334891 0.0754661325808517 0.154525994003124 0.230052768084139 0.106557131360238 0.027111397379485 0.079238882105724 0.0738000506521759
0.00142681181736162 0.0799282796862397 0.150688964701294 0.239640128116972 0.142794463261459 0.146080721913606 0.059802516529902 0.103910513674664 0.075727600298502
0.107222683376517 0.0210890129473327 0.138668406042077 0.124765506048349 0.147236066502096 0.113316548230484 0.146851683161548 0.145631041675438 0.0552190520161571
0.112647302229211 0.0967921294485238 0.0274158271270189 0.149737106096996 0.13705506811677 0.211551653012354 0.095464797575516 0.0772504789366286 0.0920856374569816
0.0367864782757052 0.0538485974382974 0.0539519604145707 0.187543647068899 0.138966304368631 0.184147910216015 0.160077101873144 0.00128905588364656 0.183388944461091
0.096372251748896 0.182868577213365 0.122647894412775 0.0181626948137702 0.0550967740851032 0.0332331188836384 0.128798576282476 0.180069875716807 0.18275023684317
0.00181700928334879 0.207040588521984 0.143259682752217 0.153884268975928 0.203754003912596 0.106640822125604 0.0902600437148016 0.0813231866603528 0.0120203940531682
0.150311850081813 0.125535269460809 0.0471667606976059 0.149125421980179 0.0665927298069435 0.091995437394805 0.14279063788676 0.147991180079784 0.0784907126113004
0.17292435407534 0.107120172863597 0.178318322894894 0.0660313518744137 0.0565631023824017 0.00985218270876815 0.174441983491571 0.224606803984475 0.0101417257245395
0.158968924058381 0.142009418151749 0.0806849800075039 0.049694111032335 0.0390694374593098 0.0888870225298813 0.196978613799273 0.206470429054507 0.0372370639070606
0.0390729070963491 0.197668196167219 0.173744190139929 0.0860138731037957 0.144669199734359 0.00640824159567768 0.145152636525005 0.0599456996527477 0.147325055984918
0.276452613519354 0.0800275909797486 0.0476846450045861 0.0815449230174404 0.0857001667494735 0.107843547191115 0.263693918135249 0.0549066519094517 0.00214594349358122
0.170721408154016 0.0360831129456223 0.0201023788826659 0.12891597219919 0.125913250403157 0.153236405646015 0.150722644693354 0.0541274626388987 0.160177364437081
0.110221690212712 0.0889521797834393 0.147828924229616 0.176789280676828 0.184508938936932 0.100302692641363 0.082869550842021 0.0403205006102123 0.0682062420668759
0.13124966001543 0.142686890202033 0.144789839372566 0.161331794427082 0.157443365338838 0.186027480134338 0.0200196858951056 0.0347203857613048 0.0217308988533033
0.206143492533614 0.0373147316512163 0.100904158728109 0.0144781733415481 0.110143838208555 0.160560024189955 0.174768372212506 0.183109172763115 0.0125780363713812
0.200055331613078 0.174720482158212 0.20565057511506 0.0811561570318247 0.0321446050921113 0.0423122850327477 0.138919562187903 0.0251821797186242 0.099858822050439
0.147475002631334 0.161227367674999 0.177759991230128 0.066451238268918 0.120844710326338 0.0691779446782007 0.00526924606680533 0.129805820829248 0.121988678294029
0.205715221011508 0.021619356163972 0.118645598929457 0.0367823661181476 0.0961398073959173 0.0298720465009535 0.20923959010433 0.0638910709137582 0.218094942861957
0.0366337416485265 0.120395097700744 0.113837385981671 0.0795243643717065 0.149548341635296 0.131787880660545 0.0673729570802087 0.139199646528727 0.161700584392574
0.154783910299426 0.0357235448465967 0.0932773616190118 0.182010534886511 0.110619556519852 0.181942427238288 0.0336591393306719 0.0443822554100357 0.163601269849608
0.169122739636351 0.149332917849187 0.141343185535515 0.0372275980899961 0.132622646593368 0.157385920344455 0.0421643870397254 0.0691250566845649 0.101675548226838
0.0729481962411376 0.0406053313106584 0.151670691617439 0.188244278750283 0.0471495842436742 0.179021325451832 0.194087669621708 0.0185970835174171 0.107675839245851
0.158837846660405 0.15657385151528 0.150516567092792 0.118975552724826 0.0339763907305154 0.160622428853148 0.0751272049979893 0.127268944041385 0.0181012133836582
0.0354927576098637 0.0548454668182882 0.185754381695095 0.0169736770257536 0.243967963770396 0.120075774631669 0.132430577091489 0.209951613311703 0.000507788045742396
0.0235338317354382 0.0776332497553782 0.0555001657164791 0.0318604541978849 0.108164958289371 0.0650584445017621 0.19789239230281 0.289497308242252 0.150859195258625
0.121703881396989 0.0152440020346186 0.0602156875803105 0.196225650931837 0.0131733544386687 0.197289752249281 0.154992323187987 0.0595062272901974 0.18164912089011
0.0521082596850745 0.155537799901022 0.164389784883636 0.136094067067756 0.101218463200365 0.0968297679200319 0.0117282407846264 0.147853815431839 0.134239801125649
0.0557208522708749 0.263754721765985 0.146361665097341 0.0595769168583031 0.0592505662115886 0.0664617724499171 0.216855430746813 0.0136008529635477 0.118417221635629
0.115378936268686 0.145848360336266 0.173734844392841 0.225349512126932 0.154676891919828 0.106957197370606 0.0266256542861274 0.0179525914163178 0.0334760118823951
0.163354877801232 0.121148978064171 0.0977918888440393 0.137614058745354 0.0601718840531496 0.0445823502921296 0.101730371356897 0.138776389563793 0.134829201279235
0.19294531970847 0.099427832311655 0.0381157599150305 0.101415391599469 0.0645271666512627 0.0199320193014293 0.1765303732099 0.189587845477986 0.117518291824798
0.0760497977861123 0.140811777854511 0.14972591043376 0.105276450550818 0.18508153618986 0.0342994795508451 0.0902716546812495 0.134811108857076 0.0836722840957683
0.152459986644354 0.148461281339657 0.0361707333091441 0.0391057136598792 0.107434949497952 0.100519898126559 0.0697189125075941 0.191568332909301 0.15456019200556
0.140620337811835 0.0134947213420058 0.161139883319012 0.0814814594769925 0.137081453122701 0.0327154519999753 0.137893724678755 0.15099504199202 0.144577926256703
0.15072599357821 0.151392297027446 0.0354530884352391 0.251031499170487 0.0046907943244907 0.0151208307784536 0.091055378945264 0.084261262852519 0.216268854887891
0.00248555190090158 0.00456864312634205 0.24029112067476 0.027884751878323 0.105166828161516 0.220351801004726 0.0639042898475117 0.21520199718358 0.120145016222341
0.0400595661621937 0.146440329754649 0.147865844900172 0.107313816969696 0.0936994300391334 0.116906439559128 0.0955805319064601 0.139355720193607 0.112778320514961
0.0343854727635262 0.0634399964299779 0.182758835206795 0.215901553289604 0.068152863855839 0.127938623295752 0.0996635249989034 0.0900529823383255 0.117706147821277
0.194194234804077 0.175995759158414 0.0129683449248682 0.190498795149413 0.121464649308097 0.0824034491072303 0.0758096649768781 0.041824710718449 0.104840391852574
0.034158508887914 0.140849460506446 0.101568304497159 0.149430248554896 0.145297507104641 0.106912797643148 0.0946482299973138 0.12068412223558 0.106450820572902
0.082727155069289 0.0667230702238125 0.0345401793241251 0.21071296024323 0.282309315340306 0.120556097975947 0.0336352687281741 0.105278918284179 0.0635170348109382
0.204616338659784 0.15067871404777 0.0675668736773052 0.0622829690037258 0.0715104180870058 0.175189769789695 0.109897106741584 0.00106682125985911 0.157190988733271
0.177833467407149 0.188872054694567 0.0916009182732771 0.00535165865669876 0.000277029118520508 0.0633172729794499 0.121472230014873 0.200733870397888 0.150541498457577
0.141996970034493 0.0381945740213341 0.0870689292662585 0.14714611852986 0.14613879664317 0.141253049462336 0.131407986307749 0.0829699054136925 0.0838236703211064
0.161831553536486 0.0817317000353672 0.105560924681089 0.0558401708566743 0.175599970093726 0.0191657398559236 0.184111211297406 0.18711833074244 0.0290403989008884
0.111807629525972 0.10679238012067 0.0827154569100828 0.0114576689851545 0.216588686599517 0.172258148773799 0.0950651046408417 0.138123876930317 0.0651910475136468
0.0464513099041855 0.101503473425433 0.288792916590474 0.0496957495290183 0.0649980406850879 0.0828264456645733 0.2891872755026 0.067280748584744 0.00926404011388372
0.126852954292523 0.232111634792554 0.0523341149726868 0.140096296111686 0.0213453695327202 0.0401847729617894 0.0224149327919691 0.208518000513494 0.156141924030578
0.0104487425205015 0.189119829337114 0.0129003641559886 0.177674967118938 0.0462802696646852 0.109702647705388 0.167054848653272 0.178688923795876 0.108129407048236
0.333667947835548 0.0813552883703454 0.089275136392999 0.241963637001398 0.0926403945971028 0.0237406594539439 0.030849400617785 0.00223592102743949 0.104271614703438
0.200127911107612 0.00723025113835755 0.103978691870675 0.154347758914089 0.0917252174550438 0.00898792403772034 0.121815645131526 0.146807879802308 0.164978720542669
0.0145157678472828 0.261046338534926 0.0346486877988478 0.110283352181104 0.106461375632901 0.199772558900944 0.136188141912297 0.110137118772836 0.0269466584188619
0.143980121302962 0.153314093585096 0.139313056027065 0.0826770459956403 0.0820607709424494 0.102512235329593 0.0160987854202138 0.113362703482223 0.166681187914757
0.245643981881369 0.023029744205389 0.0457282050030806 0.256290399158698 0.246589849026837 0.0428102827777837 0.0813786684025576 0.00558861510108305 0.0529402544432019
0.173472233988986 0.0245739359985954 0.18578747928422 0.00364264326568984 0.103622797852189 0.210029579198167 0.185839478555303 0.108418943357094 0.00461290849975534
0.21170664733689 0.0990752858616711 0.172863873046767 0.0344475469732176 0.189575307797382 0.0209578016672525 0.0618224744444597 0.16786698843953 0.0416840744328307
0.102505862375285 0.0341456328790965 0.00907229710374696 0.060403892256012 0.184589750550629 0.216977499415407 0.201829639512698 0.0739251047973581 0.116550321109768
0.121883858151613 0.161674930235489 0.161969710290978 0.0393058801352859 0.105244407692254 0.0896972676024088 0.106677205354634 0.152175708345795 0.0613710321915421
0.21973722095832 0.0756786976421327 0.022272442772394 0.0837425721721933 0.0363755380841124 0.0600734491510824 0.209470344353437 0.165467585399227 0.127182149467101
0.112589173005334 0.0487453091010589 0.0869344577091366 0.153938515266663 0.208527434197679 0.246890749010123 0.00563126893085272 0.123745007967392 0.0129980848117615
0.0586673870978893 0.0150763682811929 0.144044634485909 0.065512728443333 0.229870066368117 0.102635322093123 0.026630239119783 0.182634755028466 0.174928499082187
0.14200282309711 0.00951117246764198 0.220600536650104 0.0987459938369702 0.144770478392981 0.228945292675852 0.0209090835333245 0.116019711980868 0.0184949073651476
0.225336159445932 0.0509161293697687 0.216478825509825 0.00506427691365395 0.149407417632838 0.0207262685328368 0.126898171995517 0.0499708888598233 0.155201861739806
0.174045495426342 0.0514995803972741 0.219631942677808 0.0358114166875634 0.0455084560966669 0.058712039381854 0.214553280178358 0.183514502292756 0.0167232868613782
0.179893390256721 0.129560957669197 0.186218554147644 0.0500870917265179 0.0313871393728326 0.194503797052424 0.165074388533985 0.0105160840081092 0.052758597232569
0.199888077740749 0.0359578136776845 0.0302526976898037 0.16791450411455 0.036486847653251 0.198614283170915 0.0926906496983774 0.135731526457744 0.102463599796926
0.133601211226686 0.139502526651524 0.157672540504285 0.0363030096611242 0.0741203475618913 0.0416727094890827 0.13875096432657 0.123354257739302 0.155022432839535
0.080751065873518 0.204633828078917 0.142965745494982 0.196455290959599 0.00287231423305592 0.0112119864037102 0.135460435265838 0.107131617765054 0.118517715925326
0.172302966642179 0.0102370976553155 0.0624245516847033 0.13122430656376 0.168375988790521 0.192551285194422 0.200743007305877 0.0164245100403839 0.0457162861228385
0.088015603144821 0.172715006166292 0.074061146936076 0.0174480514904136 0.0273673642557777 0.190517802415657 0.221971244188144 0.206499848109967 0.00140393329285233
0.179895673949463 0.071494432543716 0.00925494215906743 0.0680445926244771 0.0622914326437641 0.129851947080335 0.208802941205528 0.159343966762919 0.11102007103073
0.0997047740551644 0.149403996771401 0.0801491334838881 0.099675890686157 0.147064767941156 0.101827439475467 0.12333470421483 0.188160847884716 0.010678445487221
0.199135292521314 0.0300660627540854 0.0154968186856302 0.206476020730923 0.0620272232736902 0.0830985201061587 0.152744697869948 0.169667292887644 0.0812880711706064
0.0487538074839168 0.194646542092352 0.014900663319719 0.296541991369586 0.107074376801836 0.0915121067826079 0.133840354888404 0.0584513947431698 0.0542787625184076
0.101455733252863 0.135204116462254 0.114611077029617 0.115061898311391 0.10151888773061 0.146662445063965 0.142427888966717 0.104987603892589 0.0380703492899931
0.075535576918813 0.0378444053710272 0.133031452733888 0.0797194308807737 0.173804786810429 0.102464684241125 0.17005687619621 0.119112522250389 0.108430264597345
0.0732915774443389 0.245815720030217 0.142112176848614 0.0554884481157043 0.022183857917473 0.252346569952969 0.0926648555360356 0.0921732694752763 0.023923524679372
0.0392899094425757 0.106902369743976 0.168850868569737 0.198355329540896 0.0597224242249946 0.0696308179463228 0.143819096407075 0.100579584292679 0.112849599831743
0.0989072693477156 0.11800037714449 0.0275856237719147 0.117891669783648 0.146083786935711 0.0864830287464086 0.210457244393453 0.101871074990567 0.0927199248860931
0.250903110912569 0.053308477185754 0.0109278189770612 0.0598492533931562 0.164892907574391 0.170970625522151 0.0293092330283322 0.173952209139116 0.0858863642674694
0.168444050891596 0.00904853153720526 0.22057772669722 0.120924114473362 0.12428041222506 0.0351879895972126 0.0458148706361565 0.18921111603101 0.0865111879111774
0.0965165892722214 0.106375213690317 0.130709407039888 0.0701550519559239 0.0802160304748832 0.0890191878418015 0.116302119152319 0.12613131043093 0.184575090141717
0.0226973675944812 0.290791822182154 0.00289552450845041 0.085337066312165 0.0253018387277752 0.133913945159737 0.149905877265425 0.127163686443073 0.161992871806739
0.185509750483257 0.132978738842489 0.111959630277501 0.0660314896713111 0.0366878486052833 0.142982120096087 0.0837642952750977 0.192996826401777 0.0470893003471967
0.0689204905955746 0.195950379449279 0.0245501891552288 0.0239162099338115 0.244727353597449 0.139413060727943 0.0894060507571258 0.0580746760216217 0.155041589761966
0.222691260386796 0.0418277547751625 0.191666648247747 0.0642078793040988 0.134444050461377 0.056871040721424 0.198754158936797 0.00553058450742589 0.0840066226591715
0.179211727469869 0.139016017061612 0.18293266526069 0.0770605845987407 0.145294669155188 0.0354884328096278 0.110576541334261 0.119796041412724 0.010623320897287
0.140391625174486 0.139760555604806 0.119553278877185 0.129802032590057 0.152628695141709 0.00382770444681542 0.100760314432216 0.108772225261154 0.104503568471572
0.0321479484404999 0.0788913210583535 0.183263666905771 0.220919357715093 0.135609522990869 0.00745627339635311 0.0274475875914209 0.11751459418621 0.19674972771543
0.0689208062279426 0.0135178614302967 0.137117670659658 0.130039460948356 0.0172411304524771 0.183674992861606 0.048695260693367 0.193770389128045 0.207022427598251
0.0823647943633618 0.0336726477532713 0.102320984159527 0.0740828977737391 0.183943143459083 0.0585947530149552 0.213166059848761 0.106831673117417 0.145023046509884
0.0500004533606352 0.168212807079297 0.159665710758931 0.0750171597266255 0.0164635318448651 0.177375506356833 0.165347547041727 0.0598494491565004 0.128067834674586
0.120742582009507 0.0943087808742513 0.107100614349237 0.117828127657321 0.0178408991785912 0.185150454802228 0.159506804906655 0.0199358790504979 0.177585857171711
0.152629288467642 0.15490820347362 0.108415346219396 0.107195638326664 0.00447267339338478 0.158976477212027 0.155572179981405 0.0133182774905116 0.144511915435349
0.0764897523592208 0.117565472399208 0.0781148058321099 0.0957546783735231 0.14351574169834 0.170269919701794 0.16022021611567 0.105824484890159 0.0522449286299759
0.164567613795364 0.157644085190364 0.0596166623653771 0.0843211194498289 0.123178785153647 0.00199077714339432 0.145202007817823 0.141025654815693 0.122453294268509
0.0977853776597723 0.176166482470551 0.0799238867279155 0.176600028798339 0.0942483163002459 0.0680018182634159 0.130575016502535 0.0756844365040398 0.101014636773185
0.189212006297634 0.112123370328347 0.0487623263735383 0.127507933871774 0.167609664534199 0.029376081437498 0.0394295797378554 0.138945839387658 0.147033198031495
0.174850900077679 0.0111259326960974 0.215865644854718 0.0043077505696057 0.0236914100062905 0.226197240426053 0.0536719133973401 0.0314581939825451 0.258831013989671
0.138619868020463 0.0203260773204831 0.114248046789376 0.199654838249267 0.133685969041088 0.0538193678846737 0.163400760242499 0.0615087194704316 0.114736352981719
0.129910615063002 0.23707765830744 0.0511974824317463 0.187325922192253 0.0850582567646019 0.0585243939140879 0.0667103975164896 0.0572628270842409 0.126932446726138
0.0220934740924351 0.175528083640147 0.185157669481977 0.0166224745246521 0.0219508547106544 0.169728505409573 0.14663044879577 0.195597868107761 0.0666906212370302
0.276046008739123 0.218121799489764 0.00347627395839164 0.217674704474828 0.01685962486132 0.0533067049270357 0.0297445651690388 0.0593441895601345 0.125426128820365
0.0881559534457833 0.118309873817798 0.0180392756127519 0.0966368706507694 0.110578837856329 0.184777219585805 0.124831439438345 0.179039686536014 0.079630843056405
0.00629200811458059 0.191443609028715 0.00396906922784117 0.186537861876094 0.113228110241192 0.14781323410888 0.154264290126923 0.0637417891738481 0.132710028101926
0.0544516788869728 0.187688848293671 0.164897411200604 0.19571721851559 0.138278508758845 0.0354938724640596 0.189124471782347 0.0200460640291759 0.0143019260687354
0.101960407119831 0.158567391306005 0.169755105712278 0.144636271436659 0.106487647811287 0.0401596875616025 0.179228684860411 0.034834820342321 0.0643699838496047
0.150287920524291 0.135988918223352 0.0597058138401824 0.172974936966039 0.00629522398298005 0.168572237845312 0.188927904714013 0.042317263798127 0.0749297801057028
0.147892184102118 0.0925451473362024 0.103209826377613 0.133722933422988 0.0578727594106413 0.141692093957236 0.0918266631401677 0.0799883370744093 0.151250055178624
0.00460670008531339 0.0264211204385892 0.194713419823855 0.166246735390593 0.0457879681190534 0.209262439140375 0.205632906581712 0.0350440431577277 0.112284667262781
0.14020094809626 0.0664114787335137 0.0598110472459602 0.108873464942425 0.0563042070898549 0.140951166173435 0.162947410803414 0.101611968923963 0.162888307991174
0.0857179259449441 0.0104953265544302 0.00857248940695316 0.221240448009709 0.0380802162664523 0.196817902041842 0.195117293706786 0.210677513305691 0.0332808847631918
0.13169479541868 0.0765331223318811 0.168222681088185 0.0868078122959947 0.118889981726575 0.126555431253022 0.0968503603425825 0.0723870052778129 0.122058810265267
0.192621989604754 0.0394508063144682 0.0456250838254098 0.181738772768172 0.1346173079981 0.0436153538345871 0.140196432482048 0.129206377622921 0.0929278755495391
0.073832502405256 0.0653281392175427 0.155061325676531 0.0411497387181224 0.195274242904009 0.327571006044787 0.0922685557293144 0.0226637951746088 0.0268506941298284
0.090750418572462 0.164635408000544 0.15624862187094 0.0155727406996595 0.120431513997406 0.142215497884618 0.17848512773627 0.0501871739065105 0.0814734973315886
0.0689852126790447 0.0589374696992192 0.0571344554803519 0.144178383759873 0.106672418564357 0.173682456009014 0.107520279139596 0.15366540208789 0.129223922580655
0.104145961501696 0.00982065213457627 0.0146118374120959 0.122780365242111 0.101274570658506 0.150220778172235 0.190813804126092 0.136306198894908 0.170025831857779
0.146652686612565 0.125261545922096 0.0521492551037217 0.0610556074245483 0.087077890308236 0.126382953531134 0.167459529395126 0.105019978334441 0.128940553368132
0.0703559830724745 0.0372558153222832 0.123007051887021 0.176962832735984 0.110324207493195 0.125195830312983 0.114068197391872 0.0898324513176242 0.152997630466564
0.0383563869599467 0.0864719013535741 0.199035129806767 0.0230975493249134 0.0223877899683229 0.167988716632265 0.114833797453818 0.181436158057101 0.166392570443292
0.182442495816702 0.189574525493782 0.178033051799703 0.127537530234979 0.0986312919581318 0.171429881003513 0.0140833066309722 0.00599070148631852 0.032277215575899
0.049759154048303 0.158729656278289 0.178879880779322 0.105589136595076 0.0033396384226408 0.1214544543056 0.135810909976819 0.147276558447353 0.0991606111465979
0.0604931375288686 0.126899236779248 0.139018996747477 0.166390020123327 0.0139879317123879 0.0566773686643625 0.0328119571231391 0.204590458370149 0.19913089295104
0.184821137804669 0.158149328582792 0.0668841097173316 0.0670136594935778 0.0200488259851202 0.0202019450229635 0.149013342407501 0.201127078520751 0.132740572465294
0.00279638205336996 0.174327723814494 0.178008466340533 0.158306435774621 0.157612583757307 0.161764237091498 0.0268714657746823 0.110898424309638 0.0294142810838571
0.100871184612947 0.142984510248851 0.0871288210654372 0.10171973174582 0.076070628098581 0.112422109480284 0.114061145062637 0.129759628454267 0.134982241231176
0.177244213447471 0.0727354044661672 0.0724222051467689 0.171232519592486 0.16917393880993 0.0132882947434614 0.0886632125383206 0.211505846482346 0.0237343647730484
0.155480355907748 0.00631564947971481 0.0982054944350322 0.0240911547471012 0.157525781105231 0.176048923273315 0.174757894940117 0.0323410359067397 0.175233710205002
0.126544862109043 0.0280597441699378 0.168038229099564 0.0597682484233098 0.122027634778535 0.163638079423534 0.0630125118585711 0.182498109851382 0.0864125802861234
0.0935841410019415 0.123887112781143 0.0811030010318023 0.14806203604255 0.187159014032596 0.00651387727401115 0.149477767987216 0.0117486992824702 0.19846435056627
0.159049545380034 0.153919137118559 0.119562330676535 0.0831877893884885 0.0354021526407663 0.0046760802626862 0.0584089910374624 0.190774165451143 0.195019808044325
0.0217034615916112 0.0665695334272678 0.198179175258863 0.1580454681653 0.197325358379934 0.0709358656108654 0.0497035938905902 0.0945038998671889 0.143033643808379
0.0788351329944148 0.143814521713771 0.101005239425628 0.225726872433223 0.000862086145005961 0.0742802390709035 0.176711805869565 0.173820717981098 0.0249433843663905
0.0960399761152559 0.151737072976688 0.186369793367737 0.229241759756443 0.107428819744363 0.0294828546225911 0.0118752891021115 0.129091120692536 0.0587333136222746
0.218951763513547 0.125459082286872 0.208059666418722 0.104786130780258 0.0459700421613857 0.158338235735851 0.0046646724706129 0.010959269540044 0.122811137092707
0.0763282000390655 0.176474730508502 0.104965568327617 0.189203836088736 0.0361938677654315 0.13960757708042 0.119099568112133 0.0490491023831136 0.109077549694981
0.0987710530044937 0.0598788771396829 0.178871272817549 0.121222884072811 0.149421749356874 0.0617276996253246 0.175468505729169 0.0485975258367055 0.10604043241739
0.0301624721423333 0.132995259113603 0.11768010832225 0.0620751809755582 0.0448309834769251 0.153955249806095 0.167517915916724 0.103085311989958 0.187697518256554
0.0817462738627723 0.097078594437452 0.072564939842768 0.127344121927908 0.0145296708234103 0.205704019085266 0.124672958417367 0.185091878174784 0.0912675434282715
0.027569222512265 0.0967537770903073 0.193207289975897 0.019860896754766 0.169967050355947 0.170195447874729 0.0367428652136609 0.174175408711988 0.11152804151044
0.0846531805757938 0.128150995124244 0.00663188909790503 0.0903668731959741 0.0795317859603845 0.198927980059018 0.0649946700305522 0.25662066689561 0.0901219590605182
0.0912354035774044 0.0807938697714996 0.163362858010957 0.141572186330556 0.0861235772509784 0.105371411428877 0.126631689763977 0.0757551016154272 0.129153902250323
0.136185083122541 0.145960948523152 0.0347194254726016 0.14951514480247 0.143064673102574 0.150076442302219 0.049018160831511 0.0411506804969527 0.150309441345978
0.0214685159255619 0.0636255399049031 0.049165817501399 0.105380836805039 0.00214716606739691 0.146300679298871 0.152507870068063 0.315208943626587 0.144194630802179
0.191772673475153 0.0297508112672076 0.0107456871839805 0.0789178783910406 0.181831249868073 0.0540853943407455 0.103368722727717 0.186378421756372 0.16314916098971
0.165538122812598 0.151368651322573 0.0970865734255107 0.0899994143742996 0.175959050905788 0.0938313377093024 0.000885323030870553 0.218912032170586 0.00641949424847205
0.106899914003643 0.153171088532611 0.153523170945892 0.143181298514032 0.12630037325193 0.0444696585728106 0.00733512541176182 0.099498834076625 0.165620536690696
0.00572886629211337 0.0533482488185467 0.0961451566509416 0.0625346234659844 0.156671965003395 0.109047163377149 0.169911568113251 0.235854306097312 0.110758102181307
0.036584300047058 0.159193648208125 0.198902132844892 0.0139733940716128 0.0415658175668234 0.149058235248503 0.188315881337489 0.0269841620686153 0.185422428606883
0.176788429642821 0.0723999181880142 0.136309980236075 0.180134414945723 0.0290523504537162 0.156434338070615 0.0543580675201625 0.01781789113252 0.176704609810353
0.0959604108741752 0.00392868936075504 0.0518516942942417 0.1211280908544 0.123381597085354 0.173656728770172 0.154435347621244 0.127537534751935 0.148119906387723
0.163197893865434 0.134325386802843 0.0458453318528247 0.157879751925815 0.089757071189398 0.0627658703847768 0.128676332364849 0.18516992577769 0.0323824358363699
0.117164687574537 0.0887538360274959 0.159845229445978 0.141929677149694 0.130973033663837 0.0892538569225321 0.0597318981217539 0.0753681280181221 0.13697965307605
0.0954158470001044 0.0548787005058352 0.0515446815310163 0.187255693033806 0.169190858612676 0.115767248049486 0.100438011821385 0.0621439125157348 0.163365046929957
0.0631593024232676 0.176316838461713 0.0827726454601286 0.0233954956053127 0.166333790259669 0.114243363962826 0.187164983220295 0.0408655798104942 0.145748000796294
0.195581072881767 0.041600259992496 0.0548542304270283 0.137456204897598 0.0900374342876189 0.184348161170235 0.0381754715211975 0.221217178636922 0.0367299861851371
0.0966385986653266 0.158407259189752 0.21246568423853 0.0616722145227977 0.0406529856235611 0.0177609607073206 0.214458634362056 0.158976730643332 0.0389669320473239
0.0926849183094625 0.0106273029208933 0.0251564350376989 0.0738550505549029 0.23442112233545 0.067403697611272 0.314953829583288 0.126738849183951 0.0541587944630816
