0.160317974832201 0.0536843009667072 0.107644326803959 0.106080772124602 0.177516761576648 0.0346865625075931 0.189110180173703 0.170959121014585
0.19985208332582 0.125057052316186 0.14997333011607 0.189178231582524 0.12842372230718 0.118358355074645 0.0422893404267967 0.0468678848507769
0.0779852587048601 0.243151000465256 0.0240820926300688 0.120213126662584 0.121437426444138 0.185593293904498 0.126536922686982 0.101000878501612
0.115299009134144 0.0261439208770302 0.230276599609889 0.137137996808386 0.12002243634456 0.0474924192149291 0.257036005946481 0.0665916120645809
0.190825341199799 0.0899930724045499 0.0476548257667686 0.118514348924297 0.164161945555925 0.120597307776581 0.117890906190853 0.150362252181227
0.171449315665331 0.208052013148422 0.167303615225372 0.0465338683357532 0.191038602589365 0.00110300636844935 0.108888975017879 0.105630603649427
0.19449737465896 0.067152811976565 0.074454100832513 0.0479616043275813 0.126529777205625 0.185081387135082 0.173719668141663 0.130603275722011
0.0527043708745146 0.176184301599903 0.233247630249766 0.0374702998774397 0.274428669266442 0.0655695087440937 0.102256567436458 0.0581386519513834
0.107646292923886 0.130543403185338 0.00720465441720038 0.225471957472732 0.178872523972971 0.212319839178784 0.0555024888031272 0.0824388400459624
0.0583946309387297 0.0947278980491786 0.0775411900986415 0.105308264909312 0.166389074800531 0.104591602474961 0.387832929018081 0.00521440971056494
0.245677729234212 0.12574771220026 0.00347826268117309 0.32599161782125 0.130558649027016 0.100534610396308 0.0340988396215603 0.0339125790182215
0.191302714320259 0.151003398011446 0.206014001493219 0.110291479093866 0.144288715169986 0.0318881034432855 0.0255146314793569 0.13969695698858
0.2357349376918 0.224870667162181 0.0114319696953541 0.087328651105806 0.183970834755994 0.0619306785871911 0.0809808926800541 0.113751368321619
0.117003462949431 0.164837549756384 0.060403661556649 0.0694293445583564 0.319588024431619 0.0703542442651269 0.103699686310669 0.0946840261717638
0.158545084607254 0.0774184250238988 0.0721300453022902 0.0964007901966455 0.14778322748609 0.123466760857513 0.150970158707242 0.173285507819066
0.196291081944531 0.225106436789589 0.0332025201551952 0.0824484768456717 0.144521523386921 0.0380766450477435 0.276126175296586 0.00422714053376296
0.233598169927112 0.0591886073068746 0.0947541432489437 0.0433233165060326 0.108092976665508 0.255488064417438 0.194769461130842 0.0107852607972483
0.121373625094779 0.100222638752358 0.00880684797383821 0.249850023255411 0.254584362401244 0.167768864333604 0.0256021025239132 0.0717915356648517
0.0618897998039377 0.246837612635406 0.14769310576061 0.318007533821996 0.12010957541727 0.0178790542414623 0.0586899067031439 0.0288934116161738
0.161415957949291 0.154919999119655 0.0273596316208896 0.203881102065372 0.13777692314974 0.0815280024490706 0.0362803466309342 0.196838037015047
0.0757811353591345 0.226835007856671 0.175201470755725 0.0694971368773343 0.0973196185750876 0.193225097625828 0.0129244604634441 0.149216072486776
0.0194913406609027 0.0404651722239429 0.0125214979200528 0.110314260312741 0.0308444182652275 0.330828544525566 0.243409495082936 0.212125271008631
0.164245561715773 0.0718976593312243 0.172048505245513 0.0148533973971071 0.132303049807135 0.122124665296882 0.102279564101991 0.220247597104374
0.0301510086488206 0.00297274158595491 0.00338230637492563 0.0469592044246326 0.242248162344271 0.27099272012796 0.203185293803501 0.200108562689935
0.0505528492347521 0.0406791332054717 0.264342134595664 0.142791219096575 0.0587038348890886 0.0275412259698687 0.176056500992218 0.239333102016363
0.186053698211343 0.0264037189059589 0.167384902168473 0.0805316046147014 0.172966540513319 0.166472098222402 0.023334038938146 0.176853398425657
0.237339358925352 0.254217131982162 0.326645234417867 0.0147197395284193 0.0173098632422086 0.0444932094258836 0.0913421676728752 0.0139332948052319
0.180969830527434 0.0650557801787813 0.0893381921546675 0.0801674143629335 0.0710743300147617 0.00665210046136218 0.340975921478404 0.165766430821656
0.0109397347231956 0.0283068286499342 0.239250461919319 0.0282106184480131 0.0333771600118089 0.265593739900214 0.0918588090835427 0.302462647263973
0.0487717971967998 0.0990472718666128 0.26111708602372 0.178074297426972 0.0116716657368269 0.233904085512045 0.0184866245115769 0.148927171725446
0.0683003065703935 0.121028993369702 0.171215834712257 0.0573220534038099 0.101591083328425 0.132319831199675 0.15921518310517 0.189006714310568
0.0472143998922353 0.125904461905109 0.178264852824758 0.036634889157853 0.149392758173463 0.110001584058037 0.14537758681744 0.207209467171105
0.0278325440268019 0.111086096948825 0.229469169385257 0.0946412231653052 0.083152411778248 0.0619676409179234 0.232321151698487 0.159529762079153
0.168789127706083 0.191847889962908 0.163000897275597 0.0237986068840503 0.16524480080566 0.0213661988357672 0.179392633684642 0.0865598448452918
0.137887464771233 0.0517074518267885 0.112918297974568 0.143636002484043 0.118060611317491 0.186692648623954 0.0991336043641182 0.149963918637804
0.178300277060793 0.171462915161555 0.184280370170368 0.0942339955330491 0.0663072536269878 0.0479286840830202 0.170733720516788 0.0867527838474391
0.199670336489672 0.00443405743499313 0.0393922496607496 0.305919115517721 0.174926811340717 0.213545137596132 0.00459042876347391 0.0575218631965399
0.00416807713194831 0.160453752557111 0.184653223669642 0.159755947781571 0.0391310571650056 0.119778842851053 0.148703893010823 0.183355205832847
0.12738243326739 0.146974451070412 0.132342008284896 0.19837994679499 0.105659586745253 0.185978101101469 0.0170264560305938 0.0862570167049966
0.0697744231537969 0.164653455183247 0.0553164669497321 0.187000323988667 0.154048102598299 0.0789886948254764 0.166503548723714 0.123714984577067
0.105471974340604 0.144727633177776 0.14164889622861 0.00609161557444943 0.175233434863447 0.186283019583779 0.18948518365323 0.0510582425781058
0.145788241158689 0.098150844807929 0.0894602556618679 0.0178629622080935 0.166465466966369 0.171014248845155 0.230040845090015 0.0812171352618815
0.136686825095077 0.057049733876711 0.0225740313071344 0.159360831858078 0.135983415115435 0.105754211246623 0.284917192476923 0.0976737590240194
0.127535790068923 0.135893682816814 0.0872376571604961 0.184981572643542 0.023427303141061 0.00303232492212135 0.223285955731398 0.214605713515645
0.204336118488529 0.0969892929641719 0.269038925370553 0.117174293280137 0.0770468019699271 0.175911737358847 0.0452724799344716 0.014230350633363
0.0583121044422899 0.149380080721229 0.196969409413807 0.140134473137885 0.217309308142256 0.00999333989848059 0.203960402818909 0.0239408814251432
0.144020468118599 0.140764653331004 0.0592541672361265 0.16335899829026 0.0988912915892777 0.108983279674628 0.174256614169865 0.110470527590239
0.107278246839593 0.105955879057059 0.200994105987859 0.0374993250409329 0.0968548576689777 0.105158139511665 0.221723265242688 0.124536180651225
0.179306060273814 0.00423911204401672 0.0176142805420119 0.162401514364211 0.0170240847625757 0.218925700216319 0.177511942324468 0.222977305472584
0.0472338029060847 0.158424508910373 0.127199418597096 0.103299668156079 0.0164245297968377 0.0985202866411804 0.17632468716783 0.27257309782452
0.356521465518488 0.0155361927129386 0.05603539011684 0.00764910872893078 0.0406955347620106 0.332177549150604 0.122501070148703 0.0688836888614848
0.125909213472712 0.0133317140339858 0.290160629539802 0.0618049121237612 0.106709488325144 0.140259896461636 0.23409026890644 0.0277338771365197
0.122257357016164 0.192713746409743 0.175911516040193 0.0454384922131794 0.0825647358458234 0.105225849004553 0.0643144488852482 0.211573854585096
0.177342849916306 0.160411280429956 0.166969752165063 0.066907709115014 0.0876521765046745 0.109920788650849 0.0819351719312917 0.148860271286845
0.000455360462466531 0.0141868116790303 0.0952011924669804 0.279712269158644 0.0205457405675381 0.309825892569106 0.250863992459514 0.0292087406367203
0.118759650815746 0.0670180022503488 0.243182759732791 0.0264578474400363 0.198279313641479 0.0145259401622366 0.0284089624795253 0.303367523477838
0.16216489447522 0.155401200141206 0.172536895967883 0.139286060663425 0.127182254638161 0.0970094989119127 0.0504160339300853 0.0960031612721068
0.206630437150674 0.166208330815409 0.013303418422516 0.141011887178097 0.0769665183257419 0.174292171096459 0.0551715172366598 0.166415719774444
0.205651616836157 0.0397287357886058 0.125852608424972 0.19826271787289 0.0979445117580823 0.178717000161467 0.0244446913416798 0.129398117816146
0.100612730044891 0.257129792036571 0.0438143736276704 0.159319412682456 0.0427651929975863 0.0990482448969672 0.0187519804171755 0.278558273296682
0.156845771870975 0.00983121122272699 0.304392398629918 0.206532118196152 0.0918471364884212 0.0780515011648214 0.101164510697872 0.0513353517291132
0.119997854549851 0.0515842381123394 0.160355966477906 0.211846577795474 0.201523704436069 0.0342366622000257 0.16059723594204 0.0598577604862955
0.0523972579390111 0.307266062885653 0.0221578199797761 0.0962144569742666 0.106611177111882 0.0441951411373659 0.356410366912744 0.0147477170593008
0.0837567667052249 0.203997578334839 0.172522254717116 0.0634383457291704 0.151263010636749 0.171050758765144 0.0901107449080515 0.0638605402037046
0.095931791308814 0.224268388977779 0.128011181762553 0.0618566295768419 0.161081230473493 0.132117550070362 0.0189162681581622 0.177816959671996
0.0974834218017142 0.210511665975854 0.00222567331860816 0.242838488064756 0.0184489607653009 0.23017836816145 0.156396001495736 0.0419174204165807
0.0501590198521719 0.0202120214754018 0.199831360132253 0.306518764521803 0.0416417967500255 0.0446969136441477 0.0274007614399222 0.309539362184275
0.208934128061943 0.102909874536055 0.0886373565921752 0.0956942602104912 0.116801267174121 0.0797086992593064 0.279150738376407 0.0281636757895012
0.0212742770703908 0.103852659502635 0.080164536694838 0.0341774124358694 0.204790955828377 0.201774599860801 0.129154415513789 0.224811143093299
0.0442222450759283 0.186614411309118 0.205809298784008 0.0159970424377809 0.130870389702623 0.261965197012687 0.104691074247006 0.0498303414308492
0.320964271599659 0.0696381125261815 0.021739141806329 0.153167195486576 0.174229899197341 0.104668418099043 0.126547687813405 0.029045273471466
0.167179577376024 0.0995296409786525 0.185606560896646 0.0578225974870668 0.152794444040533 0.125454923312768 0.108688455381818 0.102923800526492
0.0674758762129928 0.178798935519617 0.0259838218898731 0.138848720381613 0.205107623951702 0.154992248249275 0.112244234811757 0.11654853898317
0.209789090208954 0.143602710742262 0.189225279457907 0.140176328285641 0.0252581130967322 0.00028196405080003 0.243320190466373 0.0483463236913313
0.183408705712351 0.136642631053143 0.153474456010002 0.00317820625527141 0.233453840655572 0.0903719500798931 0.0510057350862434 0.148464475147524
0.168258054451971 0.196445579036301 0.0982805692244591 0.0280283818611285 0.00948436524884439 0.199314166297872 0.202535521646242 0.0976533622331819
0.0371576971632079 0.285877054288457 0.0272361944587256 0.0152661651376076 0.122483413593822 0.0207141768505766 0.242215045287659 0.249050253219944
0.078062892189715 0.024516941902487 0.179819602130417 0.172892280553263 0.164545656541104 0.151009251970915 0.163832312934488 0.0653210617776102
0.182449234971325 0.0547039005474508 0.160054576210743 0.172747700136266 0.167712463139349 0.138822026181474 0.00499793685010907 0.118512161963284
0.120846790261208 0.227111763695562 0.078113328851123 0.159764328863576 0.176689515814201 0.0642194116159962 0.145582150026606 0.0276727108717282
0.0812014935757044 0.144643803138482 0.192903051439631 0.146725570356847 0.0370251956182378 0.190597344782392 0.172139995844958 0.0347635452437475
0.14608788214705 0.0816533941803509 0.126224711032489 0.144017925001421 0.118707769079749 0.051507227273267 0.196162211950628 0.135638879335046
0.190159809678693 0.147866545351352 0.0650494260351932 0.0323133677754078 0.0913802654085137 0.18972592518644 0.144114705620952 0.139389954943448
0.132291361151455 0.013353460306985 0.0401212046928787 0.24382707156021 0.0796693369974042 0.255652182774977 0.0602232239031521 0.174862158612938
0.136787214973004 0.0982651478073489 0.155564086931507 0.162441126152842 0.0511797847929728 0.0770898336226249 0.159761468216061 0.15891133750364
0.136644462403952 0.0821461520570374 0.162995157468988 0.108025309183599 0.187566846612719 0.00171939222042029 0.108956760000414 0.21194592005287
0.18121760705758 0.0951506954219364 0.122815902181856 0.199375452814007 0.115279133148024 0.0871502065493037 0.182329879749995 0.0166811230772988
0.131465718377267 0.0652658718534613 0.145588113055726 0.123218085681368 0.167179107874899 0.0658052500564253 0.166677503012443 0.13480035008841
0.193350067217409 0.172895588597037 0.0403904308187371 0.193582192541295 0.138783723155282 0.110997638068717 0.0424838265654104 0.107516533036113
0.212934993441939 0.0762810771417986 0.103591165514854 0.0298158533728737 0.123975112791234 0.168687834156644 0.0650622817588885 0.219651681821768
0.155370731260074 0.189518932354215 0.155575884001178 0.177681202802407 0.00920905878910462 0.204062933593076 0.0291576900345941 0.0794235671653519
0.0887336973698429 0.0323661205542095 0.0219815198454494 0.179716364656338 0.129382427827565 0.190003569507351 0.154297707098815 0.203518593140429
0.17685565472309 0.22689850618745 0.205851898632649 0.0241948657934224 0.130149165751171 0.0597244721986057 0.0103028120009077 0.166022624712705
0.271602439883571 0.0486525851859191 0.0483748722251262 0.0894559256191065 0.066839330120026 0.215942239130675 0.159698555967466 0.0994340518681107
0.0380995838034831 0.0528755854271996 0.0305499465342237 0.211379028613833 0.227209533377832 0.198434944303838 0.142235461070791 0.0992159168687994
0.242810132937465 0.073147483917388 0.174710290951393 0.0457741313734363 0.177808635500847 0.0605828123079115 0.222060203671191 0.0031063093403681
0.119633947044631 0.104586004688872 0.0776036994298572 0.145562110193171 0.0491505688559255 0.209935454537652 0.110175284138848 0.183352931111044
0.194171424864749 0.178666111738059 0.180132627896019 0.0836465603374076 0.224112385911919 0.0554199606094517 0.072763444593612 0.0110874840487836
0.205076174596289 0.114001548261422 0.0180391505320157 0.0992115152333756 0.158518228348432 0.085559060556808 0.118592913606182 0.201001408865476
0.043539895454789 0.0523277142322286 0.23225008941605 0.173086288780865 0.00373384465145799 0.174406702181357 0.151393095635016 0.169262369648236
0.0385064938297488 0.0708294609880776 0.119211003380587 0.282689354381727 0.0597600380062186 0.116900104370904 0.0468879079597944 0.265215637082943
0.149969509924585 0.210187161802658 0.0550761129494393 0.134453826728433 0.144832930938575 0.0625669125860264 0.153502984566433 0.0894105605038502
0.210254780437929 0.161700540646946 0.240842386505017 0.0313398869937912 0.0305275919555827 0.0863968001569606 0.163920848410063 0.0750171648937114
0.159679209119553 0.0910497491532897 0.135371074107222 0.127867537175047 0.109076923866204 0.0834253024733419 0.208834537746952 0.0846956663583903
0.0514868999818202 0.169465533538496 0.024207343692788 0.190431870694286 0.256459945800565 0.127079697785742 0.11995670855448 0.060911999951823
0.213672343073377 0.158384887373274 0.00793772098699983 0.141253960838333 0.21582759781448 0.145084096722871 0.0813437459494543 0.036495647241212
0.186293962871148 0.21811590068835 0.180711737508174 0.125979105556437 0.0413903263481177 0.037006554070296 0.155955293178952 0.0545471197785257
0.058440228101579 0.156095370301738 0.184342837140112 0.0939860073362466 0.180260948826372 0.201735184782946 0.0361707904811798 0.0889686330298273
0.0322327214591027 0.196414904262233 0.111688981586073 0.0419715439124047 0.113088108473884 0.14767367612756 0.216132625910045 0.140797438268698
0.195281686365995 0.220189598113968 0.171523874501006 0.0134042308532306 0.0210224920307237 0.0850289928086978 0.110578052686663 0.182971072639716
0.137067882154227 0.162512851036823 0.157357732589112 0.0821115265769648 0.163400496812886 0.0660214156666032 0.0655307258358646 0.165997369327519
0.0379478990073997 0.0694689974871773 0.0108454746901029 0.0380099610107276 0.236553809411428 0.086895550741491 0.229797370072373 0.290480937579301
0.217842748869337 0.145569400258452 0.050317168325701 0.151010337135834 0.11907943869635 0.186236121702854 0.0147816338378542 0.115163151173618
0.161055962022374 0.114270795554107 0.135226923057745 0.173666420873724 0.0997671971296776 0.0780464308030244 0.0875228124021203 0.150443458157229
0.0990581595618782 0.185583805058814 0.0919914901847164 0.157998769813108 0.136749924438764 0.145686970764062 0.0257234677624633 0.157207412416194
0.226878539318431 0.0866725509392096 0.0818407134613331 0.129464229178204 0.104968728588497 0.0123405316706687 0.13640022782024 0.221434479023416
0.138524523885891 0.107260532641287 0.158607519667194 0.102391643700845 0.129583569980657 0.0169316068841384 0.206747119121889 0.139953484118098
0.241522740075219 0.167371923908456 0.221003794047008 0.163644418600039 0.0745900795216294 0.0955444709013966 0.0323197880275479 0.00400278491870459
0.204657697587302 0.12384344366432 0.204322334986062 0.00352239179587224 0.062473144821585 0.233151215103644 0.125638001224514 0.0423917708167019
0.0271676943802457 0.206798217712742 0.112030508642822 0.164655071993916 0.162991395836543 0.0875416679157944 0.200973061167154 0.0378423823507826
0.122414709870256 0.0415269580114826 0.0480993858934543 0.260264066685586 0.242703984351097 0.057728833422588 0.0389836928806825 0.188278368884853
0.115073066573844 0.0804581599728064 0.240776516118942 0.217204754282476 0.0205590346985639 0.123137017499716 0.0907804620783985 0.112010988775253
0.191503688048079 0.00524650798178859 0.125269998861212 0.219931095379628 0.050879521780255 0.0408826491717358 0.123170724835508 0.243115813941794
0.171375364266244 0.0935858498319673 0.251980971005578 0.00426953659991694 0.00399156560106299 0.164607704578147 0.106873101650535 0.20331590646655
0.0827063204103309 0.242232047937345 0.150611782329435 0.0838237461140398 0.0629726016247082 0.211012879986522 0.0670965593898464 0.0995440622077725
0.040658894256965 0.149905590762177 0.2103653434355 0.103754540224265 0.172148070082273 0.13613246454242 0.0732196623593578 0.113815434337043
0.107307928355113 0.084906945446076 0.0565547310828956 0.173198828000455 0.132382831401295 0.16400440159547 0.144032142812972 0.137612191305723
0.275877540754801 0.261675331004527 0.103272539853345 0.0641568276273643 0.125607977772683 0.0955533986843046 0.000101710594819185 0.0737546737081565
0.268766574747244 0.111578937320681 0.104274607791408 0.128601951873506 0.0837777118550144 0.118306918586668 0.182160085905933 0.00253321191954532
0.103615596057821 0.135283954667536 0.164086872189642 0.131122851925363 0.032207294728253 0.127662047607728 0.150495281233941 0.155526101589716
0.155501562495843 0.185693434725521 0.0136294272743569 0.0402265016268716 0.199972391503412 0.11276765699435 0.179795690149195 0.11241333523045
0.11294709416775 0.202333288554085 0.0134276719026085 0.0873581374350317 0.194503589981191 0.101615357069585 0.169872079700614 0.117942781189135
0.159919647969433 0.0660803405553501 0.111753412033545 0.189487752733523 0.119365399747124 0.102855990427178 0.185686698416234 0.0648507581176127
0.0197182369907805 0.205546480819394 0.00688612263310037 0.14718529094109 0.185878060957404 0.0675316779565748 0.201770980806486 0.16548314889517
0.177433454469598 0.0358878768299125 0.141011709460427 0.150979047312787 0.162210155620574 0.085373473996679 0.126607433162152 0.12049684914787
0.145179445694448 0.146496475720326 0.020592423230461 0.207826277913142 0.0622066088129318 0.182213512944677 0.182426275475823 0.0530589802081914
0.00545625851253199 0.175018376771278 0.000834228607974811 0.249427630521326 0.213543357718906 0.0635470550085806 0.160682439058329 0.131490653801073
0.110449098240418 0.187266960429515 0.0604754177521214 0.23570533702468 0.0571151273806815 0.00290305469844981 0.271014562291668 0.0750704421824668
0.0736894631756253 0.221911488347326 0.116939367455851 0.0503984443290367 0.207508154430601 0.157675135206417 0.104818744706187 0.0670592023489573
0.12521239638217 0.151869107784506 0.105470510784745 0.0451289859694328 0.256510907968002 0.194047456003681 0.0494071976403044 0.0723534374671581
0.025516264521906 0.249703977449506 0.0695878455580697 0.250329876986931 0.168526338638447 0.0472137182992639 0.157621494000176 0.0315004845457002
0.127073680457829 0.177929525741176 0.0597278972481547 0.165224171180224 0.135789707173442 0.174917466503885 0.0275322824529987 0.13180526924229
0.013702244420376 0.0570869365481551 0.0511902372981906 0.278778965161017 0.0831433723549493 0.250502118837598 0.138079366237623 0.127516759142091
0.0303640835405686 0.0545316476976129 0.172115868029719 0.133108505565588 0.158786931194045 0.232633408894088 0.00932717284485178 0.209132382233526
0.166644852469736 0.0338534053184508 0.142807837015917 0.0871929344860174 0.1600355351776 0.116177391991276 0.177653954515849 0.115634089025154
0.0543657328258058 0.155384714846736 0.104582565695917 0.121061109611259 0.144760214131612 0.17723719134671 0.0760687025752603 0.1665397689667
0.102012739390075 0.0478305358590772 0.0692829234201648 0.243851265228744 0.0771917569377056 0.0394050410506177 0.301349559081335 0.119076179032281
0.219431504244546 0.0810073031279876 0.117089773411108 0.0709075901513354 0.0562963527254691 0.177248411214096 0.21545457211341 0.0625644930120462
0.259912691890802 0.0338837541801333 0.0237065866933698 0.254685790235403 0.165917699572363 0.0599505572114187 0.0445946346309778 0.157348285585533
0.122723789211806 0.0165553526424392 0.128159068403877 0.256576400362725 0.0850516923917473 0.242369309896251 0.058427567998782 0.0901368190923719
0.298765841145033 0.110177595002501 0.282344344777684 0.0286388943095411 0.0669612151725537 0.0327434965700485 0.0718428182176602 0.108525794804978
0.145966266382374 0.0475406738260073 0.106807525192286 0.194411777836612 0.198531684300802 0.00773511362039487 0.134556484098134 0.16445047474339
0.121979937786085 0.122607502016607 0.122463734399943 0.161109337173627 0.0827560318223541 0.160417471863312 0.0709158953547565 0.157750089583316
0.0230670980445491 0.0991177244839414 0.157608085612555 0.137252802710469 0.0319442693373097 0.222169764522231 0.128174554721371 0.200665700567573
0.0465128597709511 0.168373910759096 0.232622912286718 0.000363794087936794 0.235849965769336 0.10154671655186 0.103981043413528 0.110748797360574
0.131125646400108 0.231270127770578 0.127215196440552 0.0807931857307894 0.177010883964007 0.178190979809438 0.00429015736729765 0.070103822517231
0.124584560775841 0.191424691622313 0.0688590458219602 0.0891384727513519 0.147996418161311 0.154529913546313 0.121256572421529 0.10221032489938
0.175786425918644 0.10194048664179 0.13232301082211 0.0757795714417115 0.0602395319071722 0.117962334430417 0.146193216340757 0.1897754224974
0.017606490917429 0.178788328501282 0.0728541838157989 0.0491097589087349 0.143762037005366 0.202195845661248 0.23127736905812 0.104405986132022
0.0717026443284352 0.170388686013195 0.0835813229422546 0.132354337052101 0.17317436926768 0.0926220974789125 0.164222029394423 0.111954513522999
0.013097573143374 0.00802916329241298 0.132247882028874 0.26117962528367 0.208637170496308 0.125347212266701 0.170918968956513 0.0805424045321476
0.0717485223868435 0.189724582834277 0.201861063704857 0.00925555739134281 0.196080672509056 0.104698127539418 0.0886125408100649 0.138018932824142
0.211860830304117 0.0171093886791057 0.124318998156626 0.123079093875856 0.0289954944131115 0.158069193561757 0.147919355036967 0.188647645972461
0.108424041320185 0.159878930856492 0.0274611719308582 0.136997321863539 0.208433778142536 0.164648679586121 0.162007326150451 0.0321487501498176
0.053773035494351 0.132777022772963 0.172860730820251 0.0452918088330724 0.145567947912968 0.114247548281856 0.112715788748382 0.222766117136157
0.0798320897106663 0.0348266556256453 0.185082223380667 0.0994139408763584 0.12216937831744 0.154232440457841 0.225169989734665 0.0992732818967171
0.156445271679632 0.0201668870803999 0.0435081919841337 0.300286617970574 0.0271405160872713 0.137271881464873 0.245212099364189 0.0699685343689271
0.154462750233644 0.215380665240444 0.0439879534769416 0.0140240039543759 0.240760865403939 0.0108216220361266 0.0655667781277144 0.254995361526814
0.232345963791467 0.190660769656463 0.213497239203087 0.0412690057168442 0.0190388245427867 0.0356945986143282 0.105471883898805 0.162021714576218
0.129445243955372 0.210470984117986 0.0455093990626892 0.133292388600149 0.124443276418023 0.159486872174709 0.095872973719653 0.101478861951419
0.0889642811703911 0.0981464033037225 0.0753455407843443 0.175512652363392 0.202518492697407 0.157435009244961 0.0107945941593674 0.191283026276415
0.0137569983871955 0.388125889087001 0.01049914957916 0.019061222537917 0.215931150245537 0.133771405661745 0.0137148085479309 0.205139375953513
0.069525350157771 0.218359220600242 0.10889407575507 0.191761552491237 0.0610060175620694 0.11431385014311 0.193775256378018 0.0423646769124818
0.050026014943969 0.0889481991304232 0.18245777703651 0.199710627708702 0.188451218880281 0.150703041364953 0.0721922823155753 0.0675108386195866
0.0316810108328572 0.0539067778275315 0.268512121525012 0.133339130574048 0.0636114053968951 0.101381932928592 0.222258019579149 0.125309601335915
0.194617410311136 0.0981962166677383 0.0650293386719501 0.109961803219388 0.0804758696866837 0.235062716196526 0.0156126432800309 0.201044001966547
0.0798514569473625 0.120997847887454 0.156995063172272 0.147719764324448 0.0241685798106554 0.113491719881982 0.252673230583553 0.104102337392273
0.0535527503835406 0.0681104428571225 0.00160321519444192 0.233466185636574 0.242383481034877 0.284565458289154 0.0265687135495443 0.0897497530547467
0.11512666361972 0.187642199017381 0.196126397257255 0.139465819690316 0.0810102108395141 0.0406001985425949 0.0846816383411082 0.15534687269211
0.00780029086674572 0.0666642040406338 0.228071329010814 0.150670178973866 0.0465202428151163 0.120425290457144 0.197319165960363 0.182529297875317
0.0355264065608276 0.262830243098346 0.0230385256908513 0.181013898856685 0.100940263517686 0.15636672682066 0.121138183275798 0.119145752179146
0.00257483939823308 0.0505599393363487 0.188595062881905 0.101993267568928 0.119790038013779 0.172188014160022 0.268905470448874 0.0953933681919103
0.0329100017965395 0.128684536336027 0.272512139437844 0.212150753732083 0.0864739702410528 0.0543395370690759 0.0254830325622725 0.187446028825106
0.253873365126015 0.0225291111348505 0.0517790890949505 0.0624035306665929 0.254645039415672 0.0987499976263848 0.0805142745291667 0.175505592406368
0.242900695333965 0.214892027316395 0.192530117350039 0.0270478945418362 0.0430545285565385 0.0135155201523242 0.0696439698500386 0.196415246898863
0.165089394637337 0.0796628992344328 0.0896892993302529 0.175161410687694 0.0807036634341135 0.174728329331277 0.107949784981445 0.127015218363448
0.0573295676887629 0.106555325359192 0.0707506262425683 0.201755103021063 0.00926653731469848 0.222662507173569 0.178250467989758 0.153429865210388
0.099067399524759 0.107156811711333 0.172059057558019 0.10284785890227 0.0854868062947832 0.196477096724952 0.0854305250325558 0.151474444251328
0.0340211732163112 0.336324980991114 0.19142450743103 0.21579427408443 0.0999671080291117 0.118290950776447 0.00283433406965569 0.00134267140190083
0.180320737293457 0.0376912605158583 0.212574977015465 0.0454465752704805 0.0665083796137908 0.201371005759462 0.0538086807487344 0.202278383782752
0.218300245315317 0.172103687660275 0.0728439782282445 0.107380751374179 0.273954951657626 0.0163363337656977 0.124123924828221 0.0149561271704402
0.260422896539268 0.194339385842786 0.0579683519492612 0.182078693048273 0.0938857129898609 0.0919449064630954 0.0431616211277327 0.0761984320397225
0.164559510951269 0.177788944747246 0.132467503894255 0.148425196426424 0.047434051043051 0.0727904006038831 0.0110337489367563 0.245500643397116
0.0227499056195944 0.260259389849655 0.252258865237801 0.0119013958186359 0.0572823575491323 0.0920937833940739 0.0304040002358653 0.273050302295242
0.210184907259501 0.0192360710127165 0.165155993905573 0.128739073436008 0.0627092221798084 0.0314999496642446 0.172357992269395 0.210116790272753
0.151491647082292 0.0646147948337862 0.108436377499602 0.191852386049408 0.196688573526875 0.0177697576846337 0.0483112877261456 0.220835175597257
0.0631831432922821 0.0714159411219979 0.0299809890211529 0.0141166639745215 0.259072177892922 0.0564937365367341 0.253432357386745 0.252304990773645
0.0988690879039374 0.231743841969595 0.00354139095468503 0.204464796555918 0.178557837086588 0.201988356140172 0.0195350541456323 0.0612996352434721
0.0463972641253924 0.211789485052887 0.0711065892970217 0.118582842202949 0.178787021339699 0.0408576947279941 0.174509893769466 0.157969209484591
0.158361416981357 0.13637659942753 0.146991817623496 0.0631149056143702 0.15272687091527 0.127496895540933 0.117644519548666 0.0972869743483776
0.00354979130122591 0.0596915891486968 0.126295213197925 0.225422833687181 0.0360578289774313 0.262782883457586 0.0105809391626786 0.275618921067276
0.131303361782677 0.16074672351609 0.115884398357816 0.0825391938580359 0.115074854611473 0.135597417019708 0.106463996188849 0.152390054665351
0.119500965531253 0.0671354826367947 0.165731188058238 0.1397806603056 0.0552235231506036 0.207369796236079 0.00487430126779439 0.240384082813638
0.0826940926643505 0.0244388846986435 0.229125656001291 0.150502868259459 0.171153657629713 0.112520248818199 0.187352326888557 0.0422122650397867
0.188484259870806 0.153712751605202 0.209162452892039 0.0479229046405802 0.118024806149128 0.135924986762936 0.02766884560824 0.119098992471068
0.0479820371076428 0.107588000637082 0.226828129910717 0.231635825663206 0.117159171278815 0.0900050640634978 0.0771140919154687 0.10168767942357
0.00627157448378545 0.113651202848269 0.052086485785728 0.249877317197813 0.0541489202890165 0.165528954366175 0.183462716348227 0.174972828680986
0.137958058125855 0.0455179365175087 0.255876663765428 0.0962779643223779 0.24627778947497 0.0381218356736878 0.158684194820643 0.0212855572995298
0.18967509336624 0.113520746614785 0.0117777644358349 0.00613622737427234 0.16548079152412 0.234369446689792 0.0943001054891522 0.184739824505804
0.176461349393531 0.00204978207823632 0.0688761872562736 0.225284836876459 0.100867551730034 0.125620484036647 0.0821113453064312 0.218728463322387
0.0562408675303109 0.0724443737158236 0.144522924892016 0.0432679974969405 0.115830244148938 0.272063833098647 0.0646156034520831 0.231014155665242
0.156888563994947 0.109908774309212 0.180019582941011 0.104523641087992 0.101947734549811 0.21161268718845 0.0496323100127355 0.0854667059158409
0.0953610918374192 0.173959632923648 0.0432376853941365 0.0965785461415503 0.173408069545586 0.159824575540941 0.176918519669615 0.080711878947104
0.14637025075002 0.118789069066673 0.0726739491921663 0.0140489930517364 0.144159262755748 0.174926890454754 0.140502215330737 0.188529369398166
0.00750188850048421 0.109040236673154 0.0816776955367382 0.162819747406787 0.18503214204655 0.030291318489142 0.246674271693576 0.176962699653569
0.0113868137791064 0.106123070551872 0.0290066898129702 0.165628840752197 0.13655879246436 0.0819924366461168 0.258714309622224 0.210589046371154
0.197212210788714 0.150490843385567 0.204598397863823 0.00578665632490051 0.0443197700091075 0.120771511271837 0.181390819994782 0.0954297903612691
0.169303108343699 0.00927064040755623 0.042013025191524 0.140341814088648 0.173200107957059 0.0929326853784759 0.190718565758077 0.182220052874961
0.165424561296662 0.0483040761515188 0.273268243348125 0.0747071563029299 0.123472500919029 0.239766402056354 0.0659407296544873 0.00911633027089394
0.0679653104265625 0.0615868435282279 0.109910850226934 0.0583792573370963 0.289403637439077 0.188492803767545 0.0472806641381923 0.176980633136365
0.115558884377418 0.152652331306262 0.0264270491088664 0.0424891572388735 0.278016017740459 0.078377864858846 0.272500047161876 0.0339786482073988
0.194225324485855 0.174275900526031 0.061567963104543 0.152438500895429 0.140871026438588 0.16892794074943 0.0417541815680835 0.0659391622320407
0.223174797219996 0.0712844130210015 0.00937747333219609 0.149421380551222 0.219348588335266 0.0137327301249221 0.0202542203410076 0.293406397074388
0.242269800538251 0.235614238621574 0.119911565787804 0.0368791350524136 0.00346149900042485 0.0455466495280629 0.206656175741357 0.109660935730112
0.0681232440564027 0.0816228367616132 0.179827400176884 0.175660582684611 0.124164287382369 0.0927031639054639 0.102908143664524 0.174990341368133
0.0926187998991829 0.192096940593982 0.0817582625992072 0.0793055358524605 0.176617446473524 0.164971587578153 0.0456765330237865 0.166954893979704
0.0202250856348428 0.180836496968615 0.152880030537617 0.178186288233717 0.135783786961248 0.0776961575742054 0.0925966134247056 0.161795540665049
0.255508151688479 0.272304402760153 0.15690411975508 0.0172191548071503 0.0150039766408462 0.125761113203602 0.153158705484415 0.0041403756602747
0.177877088262463 0.152718668292742 0.08143901039866 0.177391564524276 0.0737741758918555 0.0640888413189796 0.11816262596713 0.154548025343894
0.178638207146089 0.198735375411023 0.0714135002677033 0.153445833172061 0.0159112592368276 0.156501162884119 0.0617146827073821 0.163639979174795
0.0123289393336606 0.0360442408622874 0.19740376249491 0.134226773365573 0.102175587683617 0.142133661529243 0.297558014882707 0.0781290198480009
0.0923904202274459 0.0982369731691703 0.0840182661023972 0.0741571559324884 0.0910198044649024 0.226877324960605 0.129486612522621 0.20381344262037
0.206272831526212 0.151424456820639 0.0303621689549489 0.106827888163921 0.16587378519326 0.141968330677409 0.0824321754971398 0.11483836316647
0.125156543327363 0.0276351555672164 0.223919341569654 0.200178619644371 0.203213045878852 0.118482423487338 0.0539811636080586 0.0474337069171476
0.0242132841883628 0.0492487678995006 0.139222938491163 0.156802109839639 0.127078366138169 0.218762058483736 0.198535133633466 0.0861373413259633
0.295687063486122 0.183028650854992 0.233106724622665 0.06478550412647 0.0970903870196948 0.0432486104447363 0.0637304278165377 0.0193226316287819
0.129687536668457 0.239882173040493 0.0430659057695122 0.0758844292408509 0.121600119887541 0.194208694197805 0.0915438904139778 0.104127250781363
0.10041366816877 0.0686460179406331 0.160970160905049 0.0664666328981292 0.26698779065685 0.164807576943108 0.072060075078083 0.0996480774093766
0.0257119633470527 0.150930012925087 0.130196819752066 0.131095609497409 0.264831646607638 0.0210757948823108 0.0482229953533449 0.227935157635092
0.00187726037333511 0.0526294495036727 0.275146486059806 0.14459373981636 0.138415904182036 0.0178886565244856 0.20327401275936 0.166174490780945
0.00123101435115958 0.103222323647554 0.226323545325908 0.247346190771434 0.231751200990384 0.0218762793501082 0.165864564558643 0.00238488100480956
0.177128194595101 0.022328418200854 0.159236581359495 0.150911735369101 0.00192465094845809 0.157845881726993 0.142514033211177 0.188110504588821
0.13577902830059 0.216877673236345 0.0351200842576985 0.0479695880695588 0.194808175947019 0.190638373570936 0.172285015844294 0.00652206077355814
0.211427248648112 0.175068994403642 0.0268241023928417 0.100471962312123 0.0728088222401858 0.150196806935005 0.221183447502259 0.042018615565832
0.17590989359127 0.025910398047697 0.0825987909525664 0.141296007756175 0.168525424797132 0.187714442681405 0.0955709433544805 0.122474098819275
0.00633941821512021 0.165734671532922 0.129061631015782 0.187019317379412 0.0295103672971955 0.125999281183615 0.176169323001777 0.180165990374176
0.19975634606811 0.0350273374298604 0.16083718431681 0.142782426916588 0.0620784104826663 0.0270843191418452 0.217562383672288 0.154871591971832
0.126207544972218 0.122001537504936 0.123761075926696 0.145918191259409 0.113255032457335 0.161312447310403 0.11390270950723 0.0936414610617731
0.257734718548438 0.041091537482434 0.111450118012311 0.262331933737277 0.00189981525102776 0.263684694941497 0.00683664807655692 0.054970533950458
0.0841647011268445 0.150982273107732 0.0496091895047049 0.111681682961003 0.266973704726927 0.133202247496717 0.143522435448902 0.0598637656271697
0.0965316971840699 0.131791159636528 0.157396472260155 0.193711981316317 0.129909276697908 0.0280567093987591 0.0939382052719903 0.168664498234272
0.0712728030858783 0.0883389550636245 0.199677524960106 0.175411026151417 0.194388990337186 0.108625165523958 0.0199959679137664 0.142289566964065
0.0931019387668531 0.114663375913902 0.116392114282326 0.170701903718706 0.163432675357985 0.173945514759011 0.0622835727031827 0.105478904498034
0.194499079173808 0.103985420736095 0.174661470082491 0.035636923653923 0.0578152109228011 0.126427996814957 0.22092016657701 0.0860537320389143
0.0994225781865235 0.0911778240961044 0.174494605393072 0.0145600480128439 0.208167220954503 0.113843758758192 0.0953598874203895 0.202974077178372
0.187905333172294 0.156443229282391 0.143783419718427 0.0576149017462494 0.0811918189997069 0.194118302979923 0.00443895624925502 0.174504037851753
0.270517245945762 0.19800429314096 0.163067091876665 0.136306990997883 0.110146425986523 0.0687284675735969 0.05178728116419 0.00144220331442063
0.00315313475603674 0.207427409016367 0.000852636820871555 0.246400853450107 0.17519317087272 0.207017636805931 0.0348219765883722 0.125133181689594
0.150633829197213 0.0830435620805285 0.110835370662846 0.0526605302700617 0.209117829701647 0.132836348135381 0.21420709304726 0.0466654369050627
0.0286082729002637 0.18331092929908 0.0502189642962069 0.131485791336477 0.271956484349605 0.0934958969821517 0.00260977451051768 0.238313886325698
0.174927368896637 0.0665286063881089 0.080961116952794 0.0768665883924503 0.146481155125258 0.158210186006525 0.135810932993214 0.160214045245013
0.171359282155715 0.14885735232816 0.102542107622584 0.108962301503258 0.173603146343444 0.0851038102908821 0.19543148145039 0.0141405183055673
0.210628601791189 0.0593703145069225 0.190705381083153 0.134973484735941 0.223301993119985 0.0547244026231213 0.0289652339917157 0.0973305881479726
0.0603154894222956 0.2105391840597 0.218367334770601 0.17007945631973 0.160811675754179 0.170033775944346 0.00502646805857666 0.00482661567057105
0.223721001814465 0.206213669451062 0.0627209083086624 0.108845916024007 0.0977973927157055 0.127013499627425 0.00754163510238189 0.166145976956292
0.0872790864938571 0.212216962711713 0.0704323307508752 0.110434347190216 0.0030431889971178 0.195928333964617 0.0962874694437106 0.224378280447893
0.160867316606357 0.00220822725792145 0.0114909439962843 0.253400116533832 0.124289338690231 0.0626589254155325 0.111389663578195 0.273695467921647
0.185173469455601 0.0220432200810908 0.191542900542645 0.170571539631394 0.017215559554059 0.138842892985047 0.21521551842507 0.0593948993250937
0.137628289230824 0.137809546709108 0.120209531217831 0.107603981330553 0.194185585754265 0.0647393690043319 0.0748012484535909 0.163022448299496
0.274998585376365 0.107041684562104 0.14350525544538 0.211830433001376 0.133510882742286 0.0813350479184553 0.0201207328707385 0.0276573780832954
0.188063416584753 0.0346514353165916 0.126289313728526 0.0129635548808519 0.065384521724893 0.00491445426295999 0.179480661826659 0.388252641674765
0.0168969281977045 0.0749753124030012 0.10939143314194 0.0489566155427741 0.290494390850097 0.163122603503773 0.177154840294636 0.119007876066073
