0.118573062536923 0.0582516294472909 0.163002399146729 0.0961902433193273 0.149935742203218 0.0498525698324919 0.173051023776475 0.022906534372989 0.168236795364556
0.065722409458745 0.107856459520648 0.128635475605193 0.206040359681754 0.223499611799525 0.0240166756706814 0.186141042481158 0.0408804664679817 0.0172074993143147
0.0151415882445279 0.0632880403704844 0.0158182601007878 0.208707135032699 0.141519734910037 0.225462364275824 0.154031896282265 0.129000913776699 0.0470300670066768
0.12013975022173 0.0198536269402758 0.0484739062105938 0.14714824168926 0.0751756130992432 0.105022248680955 0.124953616701802 0.116592011628077 0.242640984828062
0.0858517663050666 0.16431875415688 0.193799176112183 0.0146989403514301 0.213427038055245 0.0130975459645563 0.0917357850698135 0.0451712104758748 0.177899783508951
0.0446471281601131 0.117310023834923 0.13009647344373 0.121357123894917 0.0327350887439285 0.173121069799371 0.186507872769103 0.0454428053093077 0.148782414044606
0.03058577018545 0.0337638473955237 0.164927313832487 0.140759302188084 0.18957853947953 0.075196445112165 0.0827838855437074 0.152560660604471 0.129844235658582
0.0626397985464137 0.0185256201622362 0.104050925659685 0.167041937211801 0.148151119061585 0.130145643053078 0.12339946698906 0.0812942916277861 0.164751197688356
0.054460002178021 0.0764458472941706 0.26667646390592 0.115765440245955 0.0876235338953461 0.101674505336557 0.030463710499816 0.229160565748702 0.037729930895512
0.180508158927673 0.162695795872512 0.00638268818224233 0.045363813076229 0.217856782878211 0.172844108475447 0.165742787988468 0.0278456122473938 0.0207602523518229
0.0769795213575469 0.240006924923029 0.0901533493321479 0.129848928514341 0.112711079399715 0.03362051937378 0.0976273899194776 0.156906075565338 0.0621462116146245
0.215756300932305 0.123523216853641 0.015121909663485 0.209836326719705 0.0779055728428484 0.00564134287174101 0.175201757735374 0.148762418206393 0.0282511541745079
0.0181304778800592 0.0264690499437349 0.0553998165787732 0.142012981466701 0.160110637310814 0.0945773790437704 0.225316974420617 0.176264460245665 0.101718223109864
0.0594876077100792 0.000450194843216249 0.046421677084763 0.260811468261662 0.154527446501448 0.251252817730298 0.0767680872252523 0.0430797440279914 0.107200956615289
0.0546072612237712 0.124190349337351 0.198794856951095 0.149966565018234 0.0984784920501423 0.123138049637481 0.029097855273348 0.129808635118637 0.09191793538994
0.0801987802763272 0.102247017543544 0.195562709327154 0.130035899824004 0.122322548044789 0.0856834591152863 0.197238633254791 0.0193024583151898 0.0674084942989147
0.104666813397778 0.197918284539185 0.0295734894999523 0.124938176457422 0.0256402865368733 0.210414926908601 0.0975057364548775 0.0800411546369427 0.129301131568368
0.0446399146477923 0.0255174943992853 0.0812796610683609 0.183705309643976 0.0981414947289362 0.137085311343641 0.204878253282024 0.161732561670471 0.0630199992155126
0.0315609779248201 0.18914774754965 0.0574119483364295 0.133017484390074 0.117193951338977 0.0202163108016369 0.222421620636984 0.087644657854776 0.141385301166652
0.206534397219541 0.155623241426309 0.108828407887823 0.0685622634347441 0.209118784320674 0.102317083033561 0.096563406626505 0.0331177025325356 0.0193347135183069
0.125480792345714 0.0171283272795895 0.124889369369377 0.108783750831177 0.0494591023968479 0.114984478019304 0.16015417890253 0.0980486089854106 0.20107139187005
0.0900201268471876 0.227968784797063 0.0796966085573668 0.0985257919119266 0.179515072017474 0.0336092253660072 0.0126157278328162 0.10160895378865 0.176439708881509
0.0438947533128592 0.0903231190888377 0.087788176032175 0.190820872644747 0.105342968528587 0.0944074758078187 0.040167479133108 0.173443616830472 0.173811538621396
0.164653304866136 0.12818254694454 0.00678339877798315 0.149703669611623 0.0863644222844318 0.0709767083807546 0.111973027668217 0.131720238268664 0.14964268319765
0.0668608361543952 0.163342259430818 0.0294635904773699 0.096717055039768 0.186511024203638 0.0793289899010051 0.17148465803135 0.0170436561740242 0.189247930587632
0.186255545891646 0.20774628405363 0.0525793699785464 0.185168864594609 0.0552646575503464 0.0535141978723268 0.173726018201174 0.0738190858288412 0.0119259760288803
0.0188391106302529 0.204431085700987 0.21079722089387 0.0612481177766633 0.0789244699846125 0.117379850265617 0.148851693392892 0.122449195205958 0.037079256149147
0.195174439824361 0.0931669079895992 0.11463434380202 0.193710459713687 0.180458434851558 0.0547528746526015 0.0162988537111784 0.0258847266895347 0.125918958765461
0.0253223384223263 0.0729685173379445 0.11707596186374 0.131277500805271 0.150452911861425 0.104074350984761 0.197072320326663 0.099943913626738 0.101812184771131
0.167832269886683 0.153779407244589 3.60130937905117e-05 0.132543697996056 0.0839226453961122 0.111018142931371 0.139828967983396 0.042863434671262 0.168175420796741
0.0622761897602503 0.0209904278009401 0.322215552508942 0.111179996252703 0.072973523809366 0.077081282677581 0.122017646373021 0.184738074431894 0.0265273063853031
0.089571256962902 0.070041502152862 0.0238307097014585 0.0492922865045853 0.21536697144203 0.108577471907567 0.0834639763794483 0.199814665934016 0.160041159015131
0.152597435696633 0.224282022773578 0.0595905741201908 0.100274879871017 0.0555751520940627 0.152673804522307 0.127227284268835 0.125265341181184 0.00251350547219159
0.0233696074117277 0.102140161543971 0.161886101512424 0.196874534889741 0.0751708637289304 0.176249803021742 0.0794959831200158 0.0776715178473652 0.107141426924083
0.0228401707454192 0.194104646240464 0.156916623943773 0.0398582504349345 0.165752450175702 0.153639826585148 0.154554799823514 0.0969287785306166 0.015404453520428
0.222142778381033 0.049396577722738 0.0422175699571559 0.0333729568830046 0.142020546020569 0.0309852456706095 0.211428887311127 0.158629741212351 0.109805696841411
0.172189360348753 0.195525449823579 0.0397481891716156 0.0535725862864468 0.204257926412721 0.0780657662005993 0.0368536525376489 0.187873100758023 0.0319139684606127
0.138930786032289 0.0302458526494126 0.127386942962974 0.0691425971302639 0.121079640763017 0.168170008860477 0.178607452745407 0.115684686368752 0.0507520324874079
0.200077854394717 0.123374169029926 0.0999831521989524 0.0355064867430673 0.0292174197206004 0.0457605486105393 0.0522563469077459 0.187379620546214 0.226444401848238
0.126326744376384 0.0242242295738802 0.0842994310111393 0.202236294661392 0.00850200915182559 0.11468843531642 0.135751083834204 0.117251639729669 0.186720132345087
0.0561214909026553 0.126152343814371 0.0648265395798622 0.0503834187559882 0.12832987209382 0.0198443190574031 0.235915035011527 0.108149851170336 0.210277129614036
0.0297049617076157 0.0245477915161899 0.160564657480685 0.0698649516993844 0.0960372207649658 0.0949783144803423 0.0383052009586544 0.261966692603315 0.224030208788848
0.00586373114500537 0.206000158241861 0.0737860753778291 0.0916298644346154 0.195896022810213 0.0522380968447372 0.0902337875565444 0.137833665494276 0.146518598094918
0.257055863905934 0.209246433548796 0.0542004693457606 0.089859884535994 0.0674927622961277 0.090002547174964 0.107728927414251 0.0657801713814919 0.0586329403966803
0.183622959081782 0.0352807009202243 0.182349174697573 0.183342108406593 0.0473209112637503 0.0211217551299762 0.145743367662287 0.0569041019573372 0.144314920880477
0.0315496942037849 0.0280287299716377 0.0289199423237643 0.0119081875685666 0.416891082200054 0.0627011234082838 0.00966743660104178 0.181037262094094 0.229296541628772
0.158459325968943 0.0519368083869119 0.154563706593366 0.163327006185276 0.0666845319234152 0.0279329894450332 0.140335438083252 0.0796866325636213 0.157073560850183
0.157731738160391 0.119593223283812 0.0667093087831261 0.1308539003808 0.0433629926722018 0.0840762071314483 0.0685041114491397 0.157221557104368 0.171946961034713
0.0893434138802033 0.199832650340098 0.153275888729711 0.139058051179742 0.0235598030603485 0.102523283688247 0.0478875369308505 0.178005191925605 0.0665141802651947
0.260475787419614 0.191164561291288 0.00490887446186081 0.183424197735915 0.150454137795582 0.0797771113293124 0.0165326231200154 0.0953491783171856 0.0179135285292261
0.0855212860217514 0.159493213115491 0.140340767075234 0.1731891247034 0.0217993587512183 0.151227007694084 0.104453143887102 0.115627030467939 0.04834906828378
0.139123744846409 0.224518234787769 0.17907689391544 0.0358146043018041 0.0131898385546829 0.0351338388440417 0.0316508702577441 0.10531358990257 0.236178384589538
0.0960399444693639 0.169166345876739 0.12087581844853 0.166249655521345 0.132532800393479 0.00598071541835794 0.0603173634739947 0.153290395384153 0.0955469610140376
0.139120384066078 0.0600841416114073 0.255160608552289 0.00324401012668942 0.087130973264857 0.0509166560120279 0.196751765961683 0.0918040398347273 0.115787420570242
0.117904130068149 0.0311733446561425 0.117340271022339 0.130339581932252 0.0769359858443587 0.133310670940658 0.118041232132894 0.143621851977047 0.13133293142616
0.0506074132636381 0.16211145249261 0.0994572960414994 0.0139552770516697 0.168143067758306 0.130823995009595 0.02942035277745 0.121648147111367 0.223832998493865
0.0559070495422113 0.114514916152749 0.132404971121193 0.203662023784482 0.0393002021383352 0.0475919216568975 0.174211715587742 0.208496174506929 0.0239110255094615
0.102981883648721 0.135296854158134 0.180502328857611 0.173680788555662 0.0520500859882033 0.195464169266283 0.0534111851877091 0.0455753404974061 0.0610373638402698
0.194178160696278 0.00503836145210316 0.00475782302550022 0.247844883273607 0.04546279996074 0.0198681392988921 0.241746260187886 0.13202605987818 0.109077512226814
0.169673585365363 0.176546676901258 0.111106413417565 0.183901208462441 0.144192629651094 0.05007602263464 0.00856157062859539 0.145725275502315 0.0102166174367286
0.188569915685604 0.0481320113381426 0.0344651865747453 0.131626371166334 0.186831031662612 0.135853109980081 0.124174617068915 0.00120210904821879 0.149145647475347
0.235642513199098 0.0617767501218399 0.227319754005508 0.00878535914997276 0.0349002485745369 0.196366975459063 0.0266071391234758 0.0764439364566141 0.132157323909891
0.0280991771502361 0.1578209041701 0.152962280584033 0.045653119508619 0.0156754869843482 0.109812862259836 0.108222466864535 0.137180712135596 0.244572990342697
0.0522546186481886 0.0871451424816944 0.174029320859779 0.0249267485136911 0.173593685788329 0.146379366718517 0.0498385446551458 0.109509608408465 0.182322963926191
0.139556010056278 0.140049385423757 0.130535587184397 0.161426402054631 0.0553753015676442 0.141213059255703 0.042450874542248 0.106850427213693 0.0825429527016479
0.0122860728604722 0.175601797827925 0.152740545930329 0.216022592752475 0.17715465297465 0.0171861762219444 0.0244056122743863 0.193438053813734 0.0311644953440842
0.14491882508335 0.0284460767439918 0.171196512673306 0.17436446204727 0.0615707468281404 0.0371720692244353 0.184069296450334 0.155221870299245 0.0430401406499284
0.146797566375288 0.110956341037829 0.0599882748856252 0.126276244586062 0.19066475718675 0.0192093727291953 0.162935382235373 0.169092523604597 0.0140795373592808
0.226807600203636 0.144662174023101 0.154635318733166 0.19094634479639 0.00718186809097925 0.207923931268942 0.050904268321667 0.00413205505210664 0.0128064395100112
0.148685101769718 0.00620354184271351 0.185849653701543 0.139672799219517 0.188499956441376 0.0583129358219865 0.0556956959607695 0.183694486820956 0.0333858284214202
0.14012664436145 0.126692333651136 0.0712020776457611 0.0664762656268976 0.177292334593306 0.145728621646573 0.026871513961742 0.0817905122516868 0.163819696261448
0.0200691604290352 0.176199157635025 0.129560584826409 0.169248321590177 0.185964771395072 0.101086942865641 0.0820245288736762 0.096938513667965 0.0389080187170012
0.0243527954171254 0.105127486315679 0.042393466167151 0.128048389300923 0.0439467480399395 0.208382236410244 0.179747127535882 0.0785149229332557 0.189486827879801
0.110137458307446 0.127151487236741 0.0589903816225231 0.132573490151722 0.0376739487936322 0.056190133793176 0.208224527877701 0.230097495692183 0.038961076524875
0.0862307855244468 0.0968246041957874 0.0730196596689413 0.00884043942884575 0.183451027658864 0.16438698215305 0.0324463961620219 0.184245360077477 0.170554745130566
0.253446391386242 0.229232530833957 0.11690468531376 0.021306016611972 0.109920930025611 0.00302882292578273 0.120323939684905 0.0339659919505102 0.111870691267259
0.024995830353611 0.0555454696835435 0.125833169767317 0.0818829773157184 0.130481996663862 0.0472829825102878 0.155293260438514 0.258053046846817 0.120631266420329
0.160408567503958 0.0593192501533718 0.120544772483293 0.168132307387804 0.163138757212786 0.0127637240937517 0.0272461079373251 0.114817845920085 0.173628667307625
0.0603900236815635 0.156902091351354 0.104924635064946 0.0830942137184917 0.0584385904325613 0.114270994150905 0.129202707435453 0.100222480454594 0.192554263710131
0.0112778305503813 0.0985468206595156 0.13885344639609 0.123075260021671 0.106157846720251 0.165751977493038 0.136296141651303 0.133913673620255 0.0861270028874949
0.00244215992351965 0.177020022053078 0.0303070118751056 0.180631761544482 0.0361098767194113 0.214750457640498 0.0648445736428102 0.0957190554224363 0.19817508117866
0.137316991853733 0.112567340934228 0.118108741659527 0.0688125845122264 0.0860153434413207 0.106170834825595 0.0988451676462907 0.145116763786406 0.127046231340673
0.300324409356475 0.0856579350194905 0.0564345909774048 0.0318730914200673 0.0226471713305882 0.0123491111931056 0.232683819620039 0.00493920092440477 0.253090670158425
0.0970705184057871 0.134356806587711 0.0883419296851934 0.155127911858324 0.130415549661285 0.156085370368041 0.00878198939256957 0.0809530588561639 0.148866865184925
0.178584946691449 0.0645671460009319 0.196273463602336 0.125467399264157 0.192669975301777 0.0697246280223034 0.0902288861640674 0.0380264435662361 0.0444571113867418
0.257314866857019 0.0301564798590642 0.0698293263539928 0.104931283927602 0.0929885236879912 0.180990315837188 0.0176619742608994 0.148562703278309 0.0975645259379344
0.22225146103166 0.0605673080960525 0.12797337767269 0.0835975398493506 0.203560892811072 0.0144428057187121 0.0887306064809258 0.131401623315118 0.0674743850244187
0.17778979739264 0.0136864207139475 0.0600524266095697 0.163636703690322 0.107497430942827 0.148597587553743 0.156908643069294 0.0335879404208515 0.138243049606805
0.133591320528426 0.0162051051562842 0.0609393286155492 0.0387071923543576 0.206112487461233 0.0411374336809764 0.210692947169246 0.0856390888864466 0.206975096147481
0.11710424100667 0.103730875838479 0.0388665577502449 0.0984064294026655 0.117208049574205 0.125497256355994 0.0433899716562976 0.160647907918502 0.195148710496942
0.195168597760453 0.185197383952281 0.0351390330378672 0.0454708194376921 0.21873430882332 0.156196677255903 0.149877116537401 0.00287542050121845 0.0113406426938634
0.0145996620523485 0.1089329904478 0.140500623552358 0.15048017968938 0.177273467044348 0.106179304297564 0.197894377092545 0.0244031185942355 0.0797362772294216
0.242541648509814 0.139246379938955 0.0939094176872194 0.0449842166355735 0.00775932216564645 0.0734032458884518 0.156797276254651 0.221118072171489 0.0202404207481996
0.180303442528104 0.0101289735662103 0.107379685438741 0.23146357829315 0.0491942722245983 0.105525465993274 0.0144535699210124 0.283812989584396 0.0177380224505141
0.171347808974137 0.0944723750899491 0.226792092536809 0.0470013003086101 0.0617899302099938 0.00973065737095575 0.127952092152731 0.111644771399998 0.149268971956816
0.0879938251480186 0.100143033499923 0.128062720369084 0.196581962848301 0.152341394126844 0.0504538080131003 0.0287900309540696 0.188330453160797 0.0673027718798627
0.143666930887694 0.000720899833373171 0.104482520124197 0.0879813997125009 0.0914384502742891 0.0552683244106302 0.13246095043058 0.23597902751351 0.148001496813224
0.00754704870200184 0.117581540928262 0.16319326995203 0.169349684741827 0.149708302005645 0.0650042029568768 0.104647901550282 0.0299270377916018 0.193041011371474
0.161215967642241 0.00685644091861459 0.194940677712153 0.177876647037079 0.0376854509013162 0.210419156388525 0.169932656675902 0.0170823079948116 0.0239906947293579
0.0333333944433181 0.102691619398541 0.134524802212861 0.0243772085995872 0.196253413114344 0.157810233154191 0.165926904934618 0.0273448975575703 0.157737526584968
0.186726339659121 0.0617241307855058 0.143798385919651 0.132706485495236 0.0938309121521355 0.0797978657940352 0.185527953863832 0.0875520764986537 0.0283358498318299
0.101285770943653 0.180122929459028 0.169369060261841 0.117959869287839 0.0899592741520126 0.118171780722632 0.0243658970335067 0.0456072015711607 0.153158216568328
0.0841209206259243 0.163797202829417 0.0360292490577982 0.136031163285403 0.0768089059498745 0.0518652887565325 0.166838792069531 0.142139199278136 0.142369278147383
0.0553991113910141 0.46211975923152 0.00583736687862789 0.0650815210378537 0.227703689904237 0.0946171787139847 0.0123886620100871 0.00115508505171436 0.0756976257809617
0.171725652177397 0.133948696120995 0.0361959355178824 0.182986072931691 0.0727163268169288 0.000323042676569075 0.191498535079322 0.0964872020345033 0.114118536644711
0.031733137067094 0.206647236632672 0.04536605381718 0.0356604500523879 0.143529478970859 0.0792533135768068 0.181441353997707 0.143922978131949 0.132445997753344
0.0415113861809907 0.11325546275278 0.107853987202521 0.0354837708419427 0.156945951846096 0.0850582279853767 0.152327993567499 0.150735606919061 0.156827612703731
0.167578405649208 0.175762400357296 0.125363026431373 0.211787089522919 0.0484000814745506 0.0463112977569301 0.174758248584556 0.00694732788500736 0.0430921223381582
0.14674333846048 0.154417533048188 0.190303230304337 0.0458944296391503 0.0918658150950735 0.0494002905946305 0.0172271789997048 0.119081960373492 0.185066223484944
0.0271670538722919 0.0462342996772567 0.161082571089889 0.140052920686224 0.0888675931537784 0.1622685866202 0.109615539824651 0.152497689511619 0.11221374556409
0.13461978161197 0.084572909762248 0.0508693365808736 0.135042740784731 0.109610375435308 0.0786151671815145 0.144608061009181 0.131479993694605 0.130581633939569
0.201435576195477 0.106296784050908 0.0110715248495682 0.0235234172972022 0.187575716960125 0.0721875523910602 0.0672846670007713 0.14781529029965 0.182809470955238
0.0574040608069154 0.168635758220216 0.00125154718471749 0.153369069615191 0.0809125029585485 0.100658442680858 0.13223890695586 0.167688538427824 0.13784117314987
0.0230692208473501 0.210687574832029 0.168599297951609 0.111247025497611 0.15715411386242 0.0473434238544246 0.0208511050359899 0.110192617105031 0.150855621013536
0.110249597885715 0.00687570470660063 0.164075518341269 0.0126419435976611 0.199859528774753 0.204762331800472 0.0937829753186283 0.0604623929491071 0.147290006625793
0.0758396914569539 0.157964980102617 0.0282709663144605 0.0870951256295087 0.191010859905111 0.112782906151252 0.0360762825524866 0.117521277645199 0.193437910242412
0.14087466026711 0.143007701516353 0.0164417929023728 0.0363929360608311 0.197257814867939 0.0658714900416519 0.0630360741870605 0.177098610194259 0.160018919962422
0.167491758714471 0.152170167486206 0.128330108113539 0.166943542518028 0.0793099232731335 0.0558412207710001 0.0233922206935894 0.122942050659982 0.10357900777005
0.209403171910609 0.195582124416011 0.127109635664639 0.0909611382490621 0.00411668489085232 0.211452861968168 0.0463346075988691 0.104318798072877 0.0107209772289132
0.000914274197428438 0.133013621319003 0.134966650490923 0.169774917739346 0.0831302086019087 0.0374686377183681 0.180044564047515 0.187347866212507 0.0733392596730011
0.103570678830949 0.0611734645444338 0.202863900766941 0.216753486036163 0.00962867319256874 0.0373440926886115 0.00381616362723023 0.18824576601391 0.176603774299193
0.0541158941068391 0.202700359836192 0.194439392878447 0.0653958699883621 0.040443296791553 0.0682402590071641 0.00763669515928763 0.188922534037486 0.178105698194668
0.0216198084229847 0.0364433967965495 0.0751900252658027 0.083894651987948 0.156285218794903 0.173310770887495 0.139432958535363 0.257893475935292 0.0559296933736617
0.0416846940533385 0.186744440665206 0.196611944876822 0.185347372622075 0.0441845148696616 0.169311869234479 0.0635797871995955 0.0491472640059434 0.0633881124728787
0.104770784526116 0.0520472390954224 0.0794987887298474 0.014071234677961 0.00491597444487166 0.160943546635639 0.216612243850218 0.167673858395456 0.199466329644468
0.05280152331303 0.0869908037932241 0.162077891293197 0.215620582638689 0.0107760432295714 0.290971652150919 0.0425829881777921 0.0497167614800191 0.088461753923558
0.145226175370306 0.0539606810877966 0.0187412952188067 0.144854992788456 0.147392374787796 0.191539333864724 0.122265241766256 0.139533376080325 0.0364865290355343
0.0755186848545792 0.118305756865587 0.038023483973879 0.122506093027776 0.109212377926589 0.111601118279654 0.159358975454222 0.140795435453999 0.124678074163714
0.0108981471170978 0.0631800739043975 0.111866810655988 0.0750436186328897 0.226429830588703 0.175055507224124 0.0157981047470576 0.216970463907988 0.104757443221755
0.146177841330149 0.165724151905882 0.0520178029786184 0.106274808884728 0.219901527947728 0.0516703400620559 0.0341126974696202 0.162240828682582 0.0618800007386363
0.221193741218097 0.122395460871403 0.139038008511158 0.00140812473288691 0.0178281649872514 0.0171399849324125 0.226237038035194 0.00145991338718719 0.25329956332441
0.176129389831029 0.0704140998234273 0.307150714997886 0.014579209630651 0.0407158890089688 0.0609494031298621 0.0881975387594888 0.0866740272664664 0.15518972755222
0.217977427358968 0.160182303417937 0.179271591868442 0.10438297435328 0.0499414233235141 0.077289290824167 0.00839055670809758 0.105275313864145 0.0972891182814497
0.0733295868325168 0.152508115745344 0.0616606328213244 0.0916110875511321 0.220326272768219 0.0629402521345379 0.244587114749705 0.060441135059001 0.032595802338219
0.164945612684776 0.138691423176448 0.0519125222415488 0.125004095725747 0.11460131184563 0.154127998451592 0.0648806655013548 0.158355206022379 0.0274811643505252
0.0286046425923093 0.167118070179988 0.0401036681920654 0.0813349949520404 0.113229954242161 0.098796617385704 0.172662786730117 0.111780464934772 0.186368800790842
0.168974128695753 0.0621069861206925 0.0597248875809547 0.195656962586892 0.0249596916014349 0.202382886603794 0.0211707709422941 0.158301757739726 0.106721928128459
0.0431611781687334 0.17076216931182 0.163685914655993 0.109052138556383 0.0836723803299444 0.121798914872761 0.100677626243983 0.119812160973673 0.0873775168867094
0.00455399841530319 0.211670868780056 0.0836774381435942 0.0354662296622853 0.205219928024273 0.265560719509882 0.00849062389309202 0.0420975259375112 0.143262667634004
0.0526022044488127 0.10489794947821 0.168103431267737 0.164562062174162 0.151397697737733 0.0255162876948935 0.0754343950617013 0.159033280573297 0.0984526915634536
0.0199399093375411 0.115278685861762 0.018596963235996 0.177124645080342 0.200271719513566 0.0811949597836252 0.0603803453864877 0.147563175899429 0.179649595901251
0.161715828130374 0.0686917095586608 0.138145410630564 0.0229348925763625 0.162130914679786 0.194117083074013 0.0938601474797373 0.04182224592871 0.116581767941793
0.103329633254814 0.176247762177768 0.0610036065229554 0.13369530375948 0.26589920484814 0.0840904723648802 0.0263896915522218 0.00379285324456042 0.145551472275181
0.123946254498451 0.217561665024037 0.201125744856529 0.102326398215462 0.0162755695333853 0.0924150104438945 0.119030526117859 0.109253897605495 0.0180649337048868
0.0193893071897757 0.00552730293097758 0.119822685793907 0.194419602394037 0.183594481154671 0.0144572399347962 0.131583853500181 0.0425341108758473 0.288671416225807
0.0770819288349316 0.148966330145791 0.0187460065237533 0.322908422468679 0.00209189320153087 0.268031775756413 0.0563808310736472 0.0648757485471741 0.0409170634480791
0.0190029183502661 0.0838676123065334 0.0920861632750247 0.123869293116622 0.0723335660518064 0.136988048326473 0.0309382215733587 0.287234205279932 0.153679971719983
0.0463922637437877 0.0709634916740046 0.168931197920288 0.107830420872091 0.123458289937545 0.0660304525805363 0.13450497602813 0.126663902902507 0.155225004341111
0.0083276552318853 0.13357061558558 0.064725664778662 0.118303211533447 0.0739301241869071 0.181340313208785 0.0775091974511345 0.179775140325635 0.162518077697963
0.170133352756476 0.111259263639772 0.0198901616312437 0.0535640917034407 0.0756441400526649 0.104344191522033 0.180476303048578 0.164649201984836 0.120039293660956
0.0348000697008782 0.137344777098559 0.194621762620423 0.106739087831439 0.018674725390957 0.178258856991992 0.211446752701599 0.115312471112829 0.00280149655132338
0.00567581814872889 0.124469397362979 0.159890610451174 0.138860673495696 0.052766723723219 0.147469922392512 0.152552662997535 0.0916888564275139 0.126625335000642
0.125600263820468 0.150675538317866 0.0638753448193917 0.11303266504247 0.103209332483537 0.135153575689561 0.0697872444645891 0.133735381069729 0.104930654292389
0.179993392714899 0.0205250104813017 0.173909403696357 0.0748291683657865 0.166176613723764 0.0992425552844807 0.0880380772052431 0.0893285534553313 0.107957225072837
0.140580323282327 0.214243473374325 0.119646569462346 0.100024291185536 0.0683075632887651 0.0781149424276637 0.227597098901338 0.00911279460604272 0.0423729434716576
0.274693645255014 0.275593379429002 0.0581387814200892 0.0788231330842811 0.111347690368283 0.0189068889556899 0.0517333924772648 0.0566946550716411 0.0740684339387357
0.108676693278322 0.00682816332818957 0.174123633539404 0.212286595773727 0.147808423764043 0.131554523718726 0.161987617838451 0.0297618510809681 0.0269724976781697
0.118284731438587 0.154251791186567 0.0826984883350124 0.0317256018723521 0.18449574510828 0.18623730443249 0.0520459563715604 0.169559099975602 0.020701281279549
0.0700998109572727 0.158679546025607 0.172208032250019 0.00841515465664078 0.090568459008921 0.142239792033476 0.146888492678406 0.0313814733375439 0.179519239052114
0.0390305515546524 0.156873500624124 0.240401876779563 0.141330668512764 0.0371333690308826 0.0413308380917846 0.113742522135325 0.200891777970578 0.029264895300326
0.157326324024447 0.21189069898873 0.159614469271662 0.0543345716238809 0.0724922256870707 0.123204714183016 0.124563238989621 0.0874163907253107 0.00915736650626201
0.101418325057614 0.0840374548617104 0.127462288240214 0.0614082071191394 0.0244271795690335 0.184398654708565 0.184385473590973 0.0541703755949316 0.178292041257819
0.000826856797838824 0.0519400065097817 0.13523296692262 0.106408385721967 0.19707512029791 0.00636427905817289 0.00949426641945523 0.112289371812882 0.380368746459372
0.0906108344491772 0.105270965872269 0.127633279986261 0.0869434807967286 0.160588530785633 0.124039055764074 0.00467880386837273 0.135800504368557 0.164434544108927
0.160346841281798 0.0861172957225067 0.021389749170227 0.112514327572734 0.126387383228538 0.0196625683958629 0.226858633343696 0.175002740297157 0.0717204609874794
0.165597955938159 0.0591839546419988 0.0591188656489035 0.168165776194869 0.10724976913371 0.192028578512416 0.0419756328733833 0.0151697730922576 0.191509693964303
0.258305850763296 0.194700415627773 0.114742886517363 0.0661530052635839 0.015998218526042 0.18820775130078 0.000369163755026679 0.0998600772732689 0.0616626309728675
0.13663347506755 0.0403986940374381 0.00542872843998582 0.162206703713516 0.145830098815992 0.090002433365383 0.16860182863364 0.141189016020549 0.109709021905946
0.0635210042665687 0.0247645839941167 0.196642154223089 0.0351911915559563 0.0842762405247529 0.19201633421344 0.118406385440257 0.196735521774342 0.0884465840074773
0.192100221958378 0.0315194062044793 0.0933123785605351 0.191897593966337 0.191791539517624 0.0858081972631203 0.0312642589092394 0.101341039500874 0.0809653641194138
0.000596810964170134 0.201462311412255 0.240538654346135 0.0185826651960801 0.18996814158905 0.176253318532769 0.0198017135727928 0.130359744645516 0.0224366397412316
0.0966465291973581 0.115871632633186 0.116539119994655 0.160901436033329 0.0105900640965963 0.144513790084698 0.154403818748575 0.0442902017221653 0.156243407489438
0.166772428480775 0.120907427358504 0.0719518904498837 0.217007030874294 0.0024346694761865 0.186984855996272 0.039325518937593 0.082209444333306 0.112406734093186
0.223932137040815 0.249580093164068 0.0383753581817611 0.116678170631336 0.123758196756023 0.0263783062079287 0.136780010000514 0.0133816281849314 0.0711360998326231
0.128246105341928 0.217252857583054 0.0117778489147837 0.0583445347292896 0.0702049123708678 0.0161504590414839 0.200308741953611 0.122479650333581 0.175234889731402
0.13784957636947 0.160209612047942 0.130195421323081 0.127723991035027 0.120132789050763 0.0580065482848467 0.162944456554808 0.0688323412043892 0.0341052641296736
0.0340143314210843 0.262681764494029 0.0425517367322001 0.137249025772119 0.114022026245158 0.263821315360214 0.0406179830406517 0.019983344575396 0.085058472359148
0.126674235641885 0.0317733430527199 0.233203018033391 0.136749465580593 0.0514221278082319 0.0659688325039372 0.0261325402642336 0.14146557295894 0.186610864156068
0.137935238031815 0.110980702685384 0.108746940899039 0.133365502947945 0.0978684003275032 0.105845889561131 0.0463127066568042 0.185036274387662 0.073908344502717
0.120488949966654 0.013010022953334 0.0371446533665191 0.128498731684678 0.148005050877018 0.193573393544584 0.188291580918892 0.0724665191500966 0.0985210975382235
0.106280932329127 0.12789504472209 0.095911563111298 0.105265353215964 0.116659907959552 0.12006936391144 0.130623076291731 0.129251327513438 0.06804343094536
0.147715856325576 0.018791305469882 0.164341752733538 0.147381751256155 0.0751223371672652 0.148157627943303 0.0290535213242534 0.211150888602444 0.0582849591775841
0.145684772494769 0.0643930230139327 0.165641792350829 0.0891025314849184 0.0928657147085389 0.0624059914073955 0.169485750270462 0.133615552741764 0.0768048715273919
0.0900122618700729 0.124267960996448 0.138169498315749 0.0608818245306463 0.0789871565774307 0.157736188723545 0.0887034009158738 0.153874240246174 0.107367467824061
0.0370518486552861 0.19468884975802 0.035259403973293 0.138777851375306 0.108924712143455 0.237104593052225 0.0856108295498321 0.0450391861751062 0.117542725317477
0.164435307655925 0.0980383520413732 0.0651940055219848 0.125514778948869 0.178251728545715 0.0652187970173573 0.104062811099137 0.179302553367593 0.0199816658020454
0.103179228752677 0.144895024689091 0.0765159180870225 0.165216266327626 0.160942492952839 0.0391232757092923 0.135511904902843 0.124685419152363 0.0499304694262458
0.181757570960644 0.171989297087423 0.00849803438563042 0.038272022579929 0.109488102353014 0.0189934109667682 0.178155501426676 0.127666562695057 0.165179497544858
0.0773045021513073 0.0905813091974371 0.116788516506732 0.124469948607063 0.21784238981056 0.00648603102320644 0.226174736842955 0.139655019856444 0.000697546004294776
0.00750976736947372 0.140852634694601 0.156529207501815 0.154354596725111 0.159698124175956 0.154823194396585 0.0468150098403146 0.0995084209911687 0.0799090443049752
0.234540471314974 0.127925694476965 0.13027048187572 0.00901287060236014 0.0712228205403492 0.132306217104382 0.246219576090558 0.0164815622231273 0.0320203057715648
0.126083845656066 0.189328631384806 0.017766077213231 0.0640851643631353 0.106131443636965 0.0698805713369658 0.175612866990872 0.0763933680320495 0.174718031385909
0.0852447486473081 0.0316465441654375 0.188978186625282 0.143504686134331 0.250963475726333 0.0570716038128614 0.0205736752708369 0.000551822197335364 0.221465257420276
0.152508116007 0.203914696691556 0.0526172270122561 0.149507552988503 0.159594010040605 0.0392942047709161 0.115180867409433 0.0302998678184158 0.0970834572613152
0.194829539425411 0.0434461346571666 0.130184322909891 0.0930073672723534 0.103707205232613 0.17018476120195 0.1793723167896 0.030430069966993 0.0548382825440235
0.17507441538842 0.087343604314044 0.139173441444991 0.0730576442299682 0.119435822966717 0.197919271352578 0.0455467375885649 0.123016843602346 0.0394322191123711
0.132853143746691 0.0206293182495262 0.0141028321291616 0.18553551962445 0.033689020622941 0.013112544202757 0.21380747956798 0.199101387033427 0.187168754823067
0.113994649583413 0.0245566522712686 0.0936740236535612 0.209021879130611 0.0857200321838785 0.170465423703973 0.0216469269817377 0.197990649835569 0.0829297626559878
0.111990080479708 0.0626519933005146 0.16564497172454 0.0776836324086619 0.152899968517636 0.000694956868031483 0.184470444224461 0.155317723240433 0.0886462292360147
0.049409426657698 0.076218949649666 0.157360438856932 0.0700517868369191 0.138450222825608 0.101428268235569 0.148407726731423 0.131453873274524 0.127219306931661
0.178039816042019 0.10915992435874 0.190021503980216 0.0938690342476377 0.211948387575025 0.0453152157433129 0.0731512509846678 0.0148385900581146 0.0836562770102664
0.0811538361788004 0.119517825063434 0.0217477304646377 0.113397070601816 0.0428989359420194 0.101051402971662 0.178829563262556 0.151502705390651 0.189900930124424
0.053972690840047 0.0713083305418051 0.0635878691746734 0.201018836140227 0.0635254521932157 0.177931316746582 0.150463126304223 0.111314243497615 0.106878134561612
0.129873660624039 0.00647063838319666 0.109781388957958 0.171032592042173 0.181831049799421 0.107453913373468 0.141345469000201 0.0336026765524884 0.118608611267055
0.175595359518396 0.17478335015032 0.132251790358031 0.0394417924162247 0.0225369768123015 0.145738613399796 0.0768414345363337 0.0782430436625355 0.154567639146062
0.0320846943242982 0.0396166603452607 0.13690822165484 0.132068081456684 0.179887065056903 0.134790631939352 0.144224193012658 0.0812511530435659 0.119169299166437
0.105293813053836 0.205946717936455 0.0745770751838539 0.0771947565626597 0.0161433309973627 0.182232253166382 0.0686535970675167 0.0832130670204464 0.186745389011488
0.0882768888364628 0.0815070562420652 0.13118132440367 0.0903169324556679 0.0116898027614641 0.263871839895934 0.0481161055589959 0.219957812904297 0.0650822369414439
0.0193420845981048 0.235734199143699 0.013132999011138 0.164410115853062 0.0585619835297931 0.0321705129920506 0.168503640015889 0.254251527650864 0.0538929372053993
0.0155438682574227 0.154361210832009 0.108536852039945 0.124695182633052 0.0246959374238028 0.164977765254296 0.176805919067518 0.101101138982521 0.129282125509434
0.00925725775279552 0.157318229846465 0.167251888258231 0.0647809422853535 0.0091496928236283 0.2291227615401 0.159275513127766 0.200851191309867 0.00299252305579345
0.017245011435813 0.32152607596292 0.0266425185160449 0.215103718237013 0.0125922862951392 0.099491609432163 0.0722074648126669 0.233304818143111 0.00188649716512994
0.139023088213241 0.124250464317529 0.0681001417162567 0.085985568372856 0.0606342721427582 0.0910305268380269 0.0519641959989496 0.183057130790532 0.195954611609851
0.214320417323504 0.128575623601175 0.0795498639682717 0.0112084776724179 0.2040504424626 0.0161737363513568 0.14956627199181 0.14655208147597 0.050003085152895
0.188353407198205 0.12031875491582 0.0798633491132555 0.128950596929503 0.00902418526824301 0.183575296075094 0.0833837512241145 0.0402973464906459 0.16623331278512
0.0555748027780575 0.107148141666723 0.0955978546306585 0.189702287935043 0.202497063740507 0.0924342167448081 0.141501003086191 0.0708779587921517 0.0446666706258602
0.131971745180804 0.138972842700963 0.146476184814495 0.0808884421216126 0.184616180478072 0.0842173419273088 0.0984915912895745 0.106738020827113 0.0276276506600583
0.0951864302061633 0.0124867699983088 0.255031366343578 0.0398503750483091 0.0266002644831179 0.0947003896193157 0.203536916233065 0.0983487952493365 0.174258692818805
0.0686488689515652 0.0779194618199842 0.175008506716005 0.00550422705770591 0.129947494555818 0.122546523096151 0.163633404002532 0.0803860140519785 0.176405499748261
0.0918682608577987 0.202750704398729 0.0771717908902328 0.153045149648792 0.0157893463379742 0.0927983069941482 0.0436327380660136 0.186614584234042 0.13632911857227
0.0913256532201964 0.149542915988084 0.0286017394667202 0.125584365667895 0.101204621855859 0.0933974632834794 0.119706647122359 0.193507260347759 0.0971293330476474
0.0712415464073064 0.189033163632728 0.0171599452637918 0.2172016424994 0.121637103683949 0.15233390738422 0.057634745577073 0.0487993743713127 0.124958571180219
0.0165971676063196 0.0284123868422979 0.119500525592481 0.156926306507981 0.0844322659011824 0.164713297877159 0.116758762693002 0.172707194777627 0.139952092201951
0.186430221808543 0.0128471031376368 0.222231891176478 0.0300760701306605 0.0704079275588626 0.00252102773215937 0.230143163340098 0.167487733931223 0.0778548611843384
0.0366359253450251 0.162550060287598 0.0930766574419516 0.136710146563767 0.211714259644733 0.064950877895172 0.0459722060302223 0.191738506739669 0.0566513600518619
0.0807313612347381 0.0654577138312756 0.203442812935742 0.122970638144877 0.0758112564306689 0.00866784600318372 0.0369496109526158 0.210996603746358 0.194972156720541
0.0826950046316857 0.0985329876538047 0.0444990650363506 0.109414193644717 0.0683720208666951 0.176251518439856 0.166855004352664 0.0837687020110772 0.169611503363149
0.0422124724373599 0.168095024163097 0.108641861106504 0.174379833490185 0.0368781102832965 0.160982714482094 0.0831407602619787 0.051156593593203 0.174512630182282
0.166636100573918 0.156361992612959 0.091872814041059 0.0935469626291971 0.0305668147970865 0.171856337758584 0.0890628434355674 0.0485057720158592 0.151590362135769
0.121846059945093 0.00944790049997635 0.158562649603803 0.0361778068022833 0.0118731588318417 0.148050944925726 0.0956296045761572 0.218721449076962 0.199690425738157
0.00545457828515379 0.0587044281620097 0.0845024548750668 0.168131180064503 0.129668697780755 0.153809799397899 0.106300970844918 0.15011179563554 0.143316094954155
0.138763655109185 0.11178604686514 0.245218041986924 0.144146024711112 0.00356855186910304 0.233705958574477 0.0140889699352789 0.0601777146146764 0.0485450363341045
0.189091862143544 0.0603500026032416 0.0846262456349269 0.182123947528603 0.0543203232439811 0.126722171343681 0.134939322762718 0.11757191306184 0.0502542116774638
0.0895509069078696 0.0623254390368155 0.105846742435135 0.130076924086853 0.0228563933001613 0.169343133952469 0.187466792047457 0.166054438396095 0.0664792298371442
0.0269213724568473 0.0969209820880054 0.0878098509094587 0.0079823643526228 0.171267375907459 0.120818290646942 0.129989492045225 0.167103628238196 0.191186643355245
0.0151287812681751 0.0176258222849117 0.0422961392911212 0.222444839650596 0.0130460594960835 0.18573569645224 0.137038898327447 0.211082562122604 0.155601201106821
0.11065694679892 0.179824290676106 0.203008997004744 0.00176104173076612 0.20350975818495 0.201090147773456 0.0620962651980482 0.0315277335602419 0.00652481907276729
0.00617204410008972 0.096296843111089 0.0899212175873393 0.241993494641679 0.019772868672192 0.239256698070272 0.129773408185332 0.0536078340271123 0.123205591604895
0.0378449781526306 0.137869057664251 0.112833812599023 0.16260014381023 0.109675115635764 0.168144122255936 0.0283967907119871 0.113701366813453 0.128934612356725
0.170246810512131 0.00568875997774105 0.239198174686137 0.0557909747294951 0.0342014991794352 0.165151593604349 0.171577721275411 0.129612042575414 0.0285324234598867
0.00257045002621857 0.0497279206039068 0.0423985926576938 0.128156188216918 0.154674525365966 0.0925640119680957 0.205458757570791 0.240470708277459 0.0839788453129511
