0.00158076956718874 0.365464945009246 0.467412930373772 0.165541355049793
0.238538259680837 0.366617068385747 0.0269863012332823 0.367858370700133
0.205977708697117 0.216613373917637 0.105106902998992 0.472302014386254
0.616531849747809 0.0192970559967112 0.00382743721797278 0.360343657037507
0.25544220951088 0.121860648266595 0.310688797853458 0.312008344369068
0.225123984264675 0.319750877626509 0.263920578999045 0.191204559109772
0.534801657117526 0.394265918100873 0.0247658370438299 0.0461665877377706
0.029482593121489 0.247450092207794 0.427169906859472 0.295897407811245
0.0300859152447195 0.403972272581753 0.247987160190504 0.317954651983023
0.439390220885141 0.21681108114294 0.0660684495134233 0.277730248458495
0.367459703464859 0.053110763250423 0.303008280233391 0.276421253051327
0.000703914360582967 0.245718772782792 0.48794017080796 0.265637142048666
0.00974862437852474 0.351427210153369 0.341354340281308 0.297469825186798
0.516316604229432 0.0607019679561685 0.0861506892121931 0.336830738602207
0.481770103368466 0.18607143903356 0.329710514488889 0.0024479431090858
0.544207874427011 0.242889298032437 0.180882732913241 0.0320200946273115
0.271346244853693 0.259853152823352 0.0586881993816202 0.410112402941334
0.079340152845575 0.459462783372967 0.177003287119901 0.284193776661557
0.0847819668468089 0.165610989026147 0.433630801363128 0.315976242763916
0.329465416284913 0.0490481001215883 0.0637438719296058 0.557742611663893
0.00338546515690564 0.0888656722386303 0.26707078811167 0.640678074492794
0.509349848801364 0.0858576612462671 0.285801201022279 0.118991288930089
0.356761270388764 0.326160529315198 0.174092839153645 0.142985361142394
0.308076733234399 0.234238184899346 0.37485749521434 0.0828275866519151
0.129895214826275 0.265219974110194 0.450255675027763 0.154629136035768
0.360395196922407 0.0393947847711325 0.258702300257626 0.341507718048834
0.318672603809728 0.0652169864772142 0.112136501549393 0.503973908163665
0.187621497778551 0.176541006578476 0.589424428462075 0.0464130671808979
0.376332909218675 0.318219314941343 0.141828095683249 0.163619680156734
0.0953866093850717 0.125191076915144 0.293148231349723 0.486274082350062
0.202487662749416 0.198358916404763 0.175368918497542 0.42378450234828
0.0348084881309205 0.240337968837976 0.397897763482342 0.326955779548762
0.284376680803328 0.280934657527733 0.366210410638453 0.0684782510304853
0.331003597144057 0.200331527095821 0.319589171971258 0.149075703788864
0.202260375800862 0.245628444217136 0.186781473233252 0.365329706748749
0.186179399828268 0.144195408934439 0.432681999419543 0.236943191817751
0.0570750046280898 0.25356167768291 0.34886912215104 0.34049419553796
0.166800366341422 0.34554716003241 0.315570203704704 0.172082269921465
0.399819318831518 0.15733796508841 0.356123496541751 0.0867192195383207
0.019898471536849 0.276635846569045 0.30331055262163 0.400155129272476
0.28138523659133 0.182413636350604 0.177500094508336 0.35870103254973
0.384414549187172 0.276636907603617 0.0188485418018666 0.320100001407345
0.30681992792161 0.346131271641266 0.171335666058326 0.175713134378798
0.200428629531142 0.00293455457390723 0.560077617036098 0.236559198858852
0.243429504452289 0.333603962789347 0.339097733176719 0.0838687995816444
0.355053768967676 0.21531499568718 0.240400282234875 0.18923095311027
0.351991636582828 0.0327684996445824 0.452329340387736 0.162910523384853
0.32473853266641 0.306183015813954 0.147885193224735 0.2211932582949
0.445575967338162 0.270405550681044 0.0102209036948932 0.273797578285901
0.22173590505014 0.711455677537973 0.0398790156098472 0.0269294018020395
0.453126550163442 0.127218078396603 0.310930602661023 0.108724768778932
0.259659246862082 0.412892421350046 0.19918909800236 0.128259233785512
0.0709440566153637 0.0787430762487805 0.572812724801775 0.277500142334081
0.474837697212725 0.147303488404638 0.0886818335576511 0.289176980824986
0.0108951139920147 0.321719531570823 0.455814826711203 0.211570527725959
0.205157763864828 0.361061756864242 0.363706693213132 0.070073786057798
0.368359424181668 0.165756591216761 0.112822375084026 0.353061609517545
0.290069572280687 0.357780449433536 0.347474277399797 0.0046757008859797
0.116398747779477 0.17886284257431 0.350194463811487 0.354543945834725
0.0694283910517736 0.262626191956182 0.25938314634461 0.408562270647435
0.247428258019218 0.212186556719062 0.458807766445389 0.0815774188163306
0.310116269989799 0.363664294522269 0.029605939849937 0.296613495637995
0.113284695734479 0.344987932249533 0.482229209301457 0.0594981627145314
0.070554451036209 0.476686634124845 0.425684592334462 0.0270743225044839
0.318764741870497 0.193646459016832 0.239379456443633 0.248209342669037
0.108792903158394 0.325664340086424 0.549034103186938 0.0165086535682445
0.284647457009509 0.2323860041579 0.237691560250556 0.245274978582035
0.219443802214046 0.0472641045088717 0.108334639561101 0.624957453715981
0.0280413930667548 0.416815983357122 0.257078759383826 0.298063864192297
0.0192282128209087 0.0588776565008473 0.466197417340925 0.455696713337319
0.24285919259965 0.511505161419027 0.233659188152138 0.0119764578291855
0.287157743155472 0.0755920935110603 0.308170351347712 0.329079811985756
0.171558064713839 0.0285776623308202 0.41889370659075 0.380970566364591
0.458012697994035 0.199227588750756 0.285301949738288 0.0574577635169213
0.206790574937339 0.0255929850222008 0.0540281350849764 0.713588304955484
0.48662886273077 0.10798067234684 0.267732708305047 0.137657756617343
0.229376749368004 0.267124663243477 0.0913655135534845 0.412133073835034
0.0595663067862708 0.109870911234321 0.29590037732806 0.534662404651348
0.210313744652703 0.219710438808602 0.369179523952949 0.200796292585746
0.290458906474652 0.381558975986541 0.262356584835357 0.0656255327034495
0.154794706696018 0.117652668502344 0.522415645087139 0.205136979714499
0.364816345425064 0.243857691191761 0.153390026299223 0.237935937083951
0.302265974815002 0.0208861603921812 0.430667929302652 0.246179935490165
0.0663372894525269 0.307660868993634 0.327221369194315 0.298780472359524
0.171977062789732 0.153031034532329 0.312596790473395 0.362395112204544
0.155733584799052 0.252335543911982 0.307504301908869 0.284426569380097
0.203264729097049 0.362949082032032 0.341447116357048 0.0923390725138702
0.338615068642487 0.281004643428867 0.0226606601846074 0.357719627744039
0.132468600668624 0.334563765755713 0.246727813386501 0.286239820189162
0.114404408651825 0.205091414347422 0.425523989139591 0.254980187861162
0.168759384784131 0.108868117385654 0.270720914046371 0.451651583783845
0.392097236458147 0.077262884338534 0.226325007587531 0.304314871615788
0.327038693161788 0.327390269050534 0.175173766387451 0.170397271400227
0.54846351491431 0.196955316643058 0.0871769505707831 0.167404217871849
0.138130930728134 0.31244524076394 0.247662771567219 0.301761056940708
0.0554299743962661 0.381449125980469 0.434290037687797 0.128830861935468
0.0251797773986048 0.512260614166242 0.00375285834560069 0.458806750089552
0.266216649704448 0.0346509705271804 0.435727967785422 0.26340441198295
0.35177150720407 0.364750322419917 0.170912658593104 0.112565511782908
0.304855288671488 0.0573725595473536 0.257593283776569 0.380178868004589
0.19409158860095 0.0300038870813297 0.346604014794409 0.429300509523312
0.141718100339484 0.150189090760996 0.589134390608158 0.118958418291362
0.101069447427529 0.297716436034438 0.243361927664886 0.357852188873147
0.299383363167575 0.196442870357469 0.292592249505218 0.211581516969738
0.312423813699627 0.2960565810056 0.193979448555585 0.197540156739188
0.337361869962147 0.330757040230445 0.0382464344647601 0.293634655342648
0.402132128621542 0.25157696416065 0.287416190946041 0.0588747162717669
0.344237495557457 0.279063424623721 0.306414872929904 0.0702842068889176
0.240285847633279 0.198865087623247 0.114420179305502 0.446428885437973
0.2111754003788 0.278379250289487 0.305530813452313 0.204914535879399
0.0406282061099386 0.278239024428011 0.0536410798285731 0.627491689633478
0.144818849413008 0.360523658083103 0.389201797329147 0.105455695174742
0.24177222286736 0.333953471683674 0.0567669193496489 0.367507386099317
0.282561279217666 0.299010909913014 0.17181058799676 0.246617222872559
0.28194103943409 0.354810442002254 0.0991492560826182 0.264099262481037
0.207554902239394 0.338326337532913 0.18246906735149 0.271649692876203
0.593003275731832 0.0422441507428712 0.303564293801085 0.0611882797242118
0.357023039539602 0.23469223533177 0.0809390414246024 0.327345683704026
0.0657894042804795 0.370740315617619 0.266629556387612 0.296840723714289
0.11483707746363 0.38000085514683 0.239024005590923 0.266138061798617
0.371013263430144 0.370528204452334 0.18998728279676 0.0684712493207624
0.191118793342238 0.486841421967109 0.296168920480514 0.0258708642101398
0.294629625355248 0.297852664759936 0.204676737710663 0.202840972174153
0.384686524996747 0.117819411511387 0.431566298290266 0.0659277652015993
0.410467243174365 0.205912314386578 0.234593127282658 0.149027315156399
0.193472006077597 0.34426057054784 0.337032433946571 0.125234989427992
0.521549308358775 0.0900300046015577 0.0679779056440397 0.320442781395628
0.243631562605543 0.188548448418389 0.30892969252848 0.258890296447588
0.237835646175589 0.204124066315307 0.350423448134909 0.207616839374195
0.522743371432133 0.229129556978771 0.0123121249568937 0.235814946632203
0.175493440056636 0.428009454145965 0.318906618321693 0.0775904874757062
0.200035099862103 0.241407194869241 0.294934388174517 0.263623317094139
0.181518852457923 0.447598606276863 0.122134068156438 0.248748473108775
0.290687829401018 0.157787109184916 0.298425050347859 0.253100011066207
0.375152788480571 0.179555100942393 0.0765355202592947 0.368756590317742
0.288224183229375 0.263734041562705 0.0468170442164154 0.401224730991504
0.403472260781238 0.262072672208417 0.0420190952315256 0.29243597177882
0.228274203079959 0.311500074733987 0.0249323568758419 0.435293365310212
0.313596580967497 0.202305951550434 0.293841378561477 0.190256088920592
0.140815213501919 0.341765389321414 0.0952791686877402 0.422140228488927
0.0719971337257944 0.215131560281548 0.472766415947006 0.240104890045652
0.00937028344653119 0.36245729322826 0.350836625019262 0.277335798305947
0.186673850050031 0.2133505296769 0.255122979449242 0.344852640823827
0.0933862458101537 0.223337244597777 0.376471158637866 0.306805350954203
0.587428102203772 0.0989689297856388 0.0544886747830115 0.259114293227578
0.297247565431705 0.0802592436382105 0.314171526646615 0.308321664283469
0.356387161945416 0.174825788907489 0.321010258553684 0.147776790593411
0.324310829700819 0.0562721045089341 0.45681323668436 0.162603829105887
0.234076679512127 0.174877107544927 0.282793039863556 0.30825317307939
0.231369103664183 0.122508695916149 0.327325591238619 0.318796609181049
0.196382690149193 0.354300809203046 0.0214818225823741 0.427834678065387
0.235184431731181 0.182745606201208 0.366855422305825 0.215214539761786
0.320771749827427 0.219879616170415 0.236315936909601 0.223032697092557
0.0110907603680753 0.133070407447555 0.484216662138169 0.3716221700462
0.142439690634854 0.61105466791878 0.160789607139688 0.0857160343066771
0.341836667155751 0.0845337970011608 0.352164025355684 0.221465510487405
0.278391304301936 0.129073488811375 0.322627053453895 0.269908153432794
0.331186010366583 0.389494442980635 0.214979922640463 0.0643396240123191
0.370919809564329 0.156899889449959 0.260642570939109 0.211537730046603
0.417571727161785 0.364811111114876 0.0329501768469487 0.18466698487639
0.339031130270973 0.444605989667703 0.0247443950269253 0.191618485034398
0.137957682892093 0.0157037812576834 0.394299607551477 0.452038928298747
0.199422472660499 0.365962014749809 0.349384463390547 0.0852310491991444
0.0597489644272373 0.313327949918979 0.225486166196392 0.401436919457391
0.271313231348303 0.223247863410528 0.25722163441619 0.248217270824979
0.320853302772639 0.274014175075573 0.237513455587866 0.167619066563923
0.0412264337186635 0.420337539494032 0.34912404014865 0.189311986638654
0.297002675903516 0.168117763670585 0.150456136697489 0.384423423728409
0.499457593574921 0.254152081107786 0.110847251210001 0.135543074107293
0.333268845170737 0.215692462038192 0.122465373229384 0.328573319561687
0.231351498014918 0.236033179068669 0.0410443855575159 0.491570937358898
0.404508659062445 0.28071167869342 0.179665650719682 0.135114011524452
0.0900031566764332 0.549901939921173 0.293034105431603 0.06706079797079
0.4724131816511 0.186420743985725 0.0790522538858105 0.262113820477365
0.151142489010768 0.386816291996427 0.341509481122497 0.120531737870309
0.483263450494773 0.251493093504356 0.217897104888267 0.0473463511126034
0.184878240144465 0.385827193441458 0.127008623937525 0.302285942476552
0.121351667647002 0.452052825949393 0.390146202284909 0.036449304118696
0.158587985249634 0.283217552018925 0.359652814051654 0.198541648679787
0.17984239908337 0.318221733404126 0.113694494360673 0.388241373151832
0.249611254398079 0.112824056231405 0.250340139976617 0.387224549393899
0.558663389264171 0.0224963358998443 0.172712472592265 0.246127802243719
0.499857290667364 0.121860179126558 0.110382429926226 0.267900100279852
0.231335343042563 0.209018260447976 0.362499722826902 0.19714667368256
0.29064792493097 0.280192998622727 0.227593630730742 0.201565445715561
0.358795518725243 0.334347421154099 0.182840864907557 0.124016195213101
0.37425478584708 0.231316422784679 0.340668312603137 0.0537604787651032
0.264661073345286 0.373632815409497 0.172073974190819 0.189632137054398
0.223888458115966 0.250269813140957 0.234009535782321 0.291832192960755
0.220146191202391 0.346917245934139 0.0917186521448089 0.341217910718661
0.243390154891303 0.328442155552723 0.257923871664421 0.170243817891554
0.278663661427582 0.0834872376648253 0.447426782053847 0.190422318853745
0.0538017037276878 0.409230596345073 0.289536527469535 0.247431172457704
0.203890625577208 0.354850867609875 0.212730839107142 0.228527667705775
0.275632611408965 0.295704733811587 0.236313347282113 0.192349307497335
0.321754968991882 0.277949437393833 0.0138274912689382 0.386468102345347
0.302260917617312 0.248392403910742 0.116650961213131 0.332695717258815
0.173390190828827 0.223509922385984 0.387512229443577 0.215587657341611
0.204089851508572 0.361552254973484 0.230177728488702 0.204180165029241
0.488341391329018 0.212813770265398 0.240362607564367 0.0584822308412172
0.354257592194093 0.174550304408376 0.229043076938861 0.242149026458671
0.43786033823651 0.413906803481159 0.114098652285382 0.034134205996949
0.272500603466902 0.108897819851374 0.344843823167087 0.273757753514636
0.292803793318228 0.337928450446586 0.198419682938385 0.1708480732968
0.213294047182874 0.260843439788052 0.200311305902332 0.325551207126742
0.424872348619805 0.304273450172379 0.217315788990507 0.0535384122173088
0.0455043521650376 0.294580161777464 0.545946097141358 0.11396938891614
0.352994213067115 0.210826685545898 0.24247534708107 0.193703754305918
0.0261587438335024 0.25760982171554 0.13210102967849 0.584130404772468
0.249148142132081 0.0529369806414794 0.369450563964302 0.328464313262138
0.170642577364021 0.138208084230937 0.412253484448702 0.278895853956341
0.0344639035211192 0.418546837745095 0.144983712863337 0.402005545870449
0.333939053229537 0.00594503590029195 0.283768994578519 0.376346916291653
0.496530999148962 0.15018658633801 0.175877392406903 0.177405022106125
0.169734543086997 0.40703011007201 0.0441337414279949 0.379101605412998
0.251922568236225 0.168769322904797 0.270108270657328 0.30919983820165
0.286225655180624 0.205376274687906 0.22868599074083 0.27971207939064
0.0495680593116697 0.437028200949868 0.422283643391153 0.0911200963473092
0.737297110059905 0.0830144525229179 0.149325744145363 0.030362693271814
0.0289192884463847 0.395441446473106 0.210968986925891 0.364670278154618
0.564734716794305 0.228097928240773 0.204821413547462 0.00234594141746001
0.286544777990644 0.305729237550637 0.161681051662174 0.246044932796546
0.381528942117267 0.143773754064074 0.25335774455778 0.221339559260878
0.200411081070321 0.130487945507414 0.310607144262989 0.358493829159275
0.133034088517576 0.367247407647272 0.257986332202032 0.24173217163312
0.343180199306169 0.130989992900818 0.347249151820202 0.17858065597281
0.37553896480677 0.250985024698843 0.118992431184434 0.254483579309953
0.547152320999419 0.108041938936356 0.253241750974358 0.0915639890898663
0.00116992896857387 0.457729359545352 0.321082482552485 0.220018228933589
0.147269747398332 0.32020331861912 0.270440662296553 0.262086271685996
0.346794038008029 0.304288968551168 0.287856316874384 0.0610606765664181
0.165566575569646 0.30803626618382 0.196188198812424 0.33020895943411
0.142115066397974 0.0930520624032256 0.416621252243523 0.348211618955277
0.210869049183787 0.264943256702407 0.248731294385226 0.27545639972858
0.154158027496767 0.340126558074662 0.328626970801744 0.177088443626827
0.30345872434501 0.16671390891777 0.275562060148357 0.254265306588863
0.298602446968886 0.328715999931444 0.193932037128801 0.178749515970869
0.196271631443534 0.106543192382581 0.390685075335712 0.306500100838173
0.258055387702317 0.357848546145334 0.327603613003713 0.0564924531486365
0.374114259448156 0.0930714655264594 0.383285571167092 0.149528703858293
0.425598343824324 0.20772686836299 0.283333764276549 0.0833410235361367
0.194766798746129 0.37610674252151 0.179799188490003 0.249327270242358
0.148474070586821 0.15152955954851 0.271053251186185 0.428943118678484
0.128445671060214 0.430282756435895 0.380025360135511 0.0612462123683805
0.46988646605848 0.331708129454549 0.0575054894480248 0.140899915038946
0.371699791066725 0.425411120138715 0.034671362908211 0.168217725886349
0.183344388353121 0.347966946163514 0.409672906707094 0.0590157587762709
0.028150828002301 0.461494487473582 0.459323102589876 0.0510315819342413
0.366821270363562 0.233303067341988 0.356858145396073 0.0430175168983769
0.298320557360427 0.16342485023708 0.333789604265071 0.204464988137422
0.172637943950345 0.324868470474873 0.159677986264314 0.342815599310468
0.22475509605718 0.456543884931848 0.0129255746682063 0.305775444342766
0.715415076194861 0.0571237279657874 0.109987479575708 0.117473716263644
0.0578809057643231 0.544506670580471 0.00378795912985258 0.393824464525353
0.269244643717665 0.197542220119972 0.392674514934392 0.140538621227971
0.287164974188508 0.313866598722131 0.084635721985207 0.314332705104154
0.31474388034087 0.181775382062124 0.177078638635756 0.326402098961251
0.185696081851157 0.338517203430052 0.00797610806575314 0.467810606653038
0.0962606115345421 0.497397870775359 0.154276545359571 0.252064972330528
0.0122787703434684 0.392717473833496 0.389236719511499 0.205767036311537
0.0847266398926322 0.318141645016354 0.454638598612979 0.142493116478034
0.231891628955073 0.237471087090371 0.314482071702487 0.216155212252069
0.202976910002933 0.251602440736578 0.290938679113633 0.254481970146856
0.193806813389641 0.257916336946138 0.275171575864012 0.273105273800209
0.250172204181244 0.278039671223344 0.053970435250114 0.417817689345298
0.161767917222804 0.335270564010093 0.197066532810315 0.305894985956788
0.331508868904966 0.335794224888558 0.301153699610833 0.0315432065956434
0.301969432715674 0.299292368144967 0.123008853350569 0.27572934578879
0.240639834641649 0.206394285102451 0.290902175001368 0.262063705254532
0.0236005277062709 0.534815397140689 0.00655690192179384 0.435027173231246
0.0742940348457534 0.384435871952249 0.376652550968466 0.164617542233531
0.303088616907679 0.43709594341722 0.222872321139359 0.0369431185357427
0.328665202564738 0.356565419745365 0.161139513882411 0.153629863807486
0.416811332851856 0.144555864795849 0.131313999750904 0.307318802601391
0.400873368713885 0.27710699353832 0.23480992860216 0.0872097091456349
0.283903055557378 0.0650432143004705 0.314693506015518 0.336360224126633
0.022907296969678 0.0729746724960204 0.453609331888562 0.45050869864574
0.421997750494386 0.168418257673502 0.385664293646586 0.0239196981855255
0.342076509048204 0.413204095142534 0.0667576678328686 0.177961727976394
0.451911864879973 0.266640798629026 0.205639780111347 0.0758075563796545
0.279337877569834 0.234268134434645 0.323038192538662 0.163355795456859
0.442286222884837 0.0458447107633038 0.232813311328518 0.279055755023341
0.189277648022187 0.0952529296633055 0.398424435884947 0.317044986429561
0.405400821599104 0.2913179072898 0.165444364474126 0.13783690663697
0.0977580327178127 0.361724747067429 0.324269351191619 0.216247869023139
0.266090077914792 0.34994063966833 0.0538228111191348 0.330146471297743
0.148406005531739 0.206550137777848 0.238852969812398 0.406190886878015
0.256745734066017 0.380962975800308 0.084524734775192 0.277766555358483
0.140217452157368 0.67689802797404 0.0700192357576184 0.112865284110974
0.0116094938344119 0.0611954280231196 0.260233605389679 0.66696147275279
0.121066886536826 0.0849316402465691 0.289036901674142 0.504964571542463
0.104119490580184 0.332007236366547 0.396793372626292 0.167079900426977
0.441546500055337 0.247414356291109 0.062331338931372 0.248707804722183
0.566272140257069 0.159765439826971 0.186613696052891 0.0873487238630691
0.393173730607784 0.245099336850492 0.173426149537235 0.188300783004488
0.157236354123354 0.315161753993461 0.176413090744265 0.35118880113892
0.301314349420489 0.188556650013307 0.233934640813942 0.276194359752261
0.273665423841232 0.284032602132816 0.340073048181573 0.102228925844379
0.317779997713861 0.294656680493617 0.0552549342373379 0.332308387555184
0.520236977308259 0.0918331774792371 0.33507431531352 0.0528555298989836
0.227866318830345 0.234481449887138 0.311669250417637 0.22598298086488
0.0742707607289979 0.414820571978082 0.205777972254232 0.305130695038688
0.217480950231758 0.31115958497129 0.285845896567159 0.185513568229793
0.481516902863511 0.0568490914720606 0.18924490694607 0.272389098718359
0.0976890090818363 0.468413302882462 0.308053019342487 0.125844668693214
0.306450449846422 0.134910902657607 0.371042770404088 0.187595877091883
0.208788137707044 0.376491878793317 0.366570489331185 0.0481494941684539
0.421276820564455 0.268447935721092 0.157253408616754 0.153021835097698
0.384893615321745 0.382525983455492 0.187423059793825 0.0451573414289374
0.298376543866047 0.231410911206778 0.176063796045066 0.29414874888211
0.340757340656456 0.0992121987669743 0.16053452436526 0.399495936211309
0.260472202065234 0.312403547879934 0.287342110325974 0.139782139728859
0.36572885390815 0.316815543278102 0.288575455733637 0.0288801470801111
0.131027895895455 0.241895020016711 0.176908914700365 0.450168169387469
0.324652999451759 0.313550648506325 0.0438046957873367 0.317991656254579
0.046844350566975 0.40380170995831 0.252222024085009 0.297131915389705
0.325405991916935 0.0759878617785509 0.359560755118097 0.239045391186418
0.0994325574017045 0.0375588590598688 0.422512116182065 0.440496467356361
0.299160791366061 0.273750075879101 0.0501969113672207 0.376892221387617
0.0445333494827841 0.768534717261618 0.0528636857382587 0.134068247517339
0.190333347366543 0.236917513862453 0.248306261810097 0.324442876960907
0.189249343023292 0.425586345100139 0.331546901109894 0.0536174107666752
0.359939125792897 0.32672725337001 0.0240911599345531 0.28924246090254
0.0500717650360929 0.39932369702688 0.15262737738402 0.397977160553007
0.357968934983335 0.389394098911909 0.222950420337478 0.0296865457672767
0.0623284340107566 0.221992821469003 0.14864083465515 0.56703790986509
0.0530749184046689 0.454579089095674 0.0727474218591375 0.41959857064052
0.189101631342653 0.00369712801693372 0.439396588922529 0.367804651717885
0.0306599140175245 0.443937302904406 0.253991385980708 0.271411397097361
0.216594806798736 0.247470801569564 0.337487693162455 0.198446698469244
0.478744337768225 0.253942449807077 0.240901927304067 0.0264112851206309
0.26609644441788 0.162078861784326 0.237875255812719 0.333949437985076
0.359592436031418 0.176561561630377 0.263458819847939 0.200387182490266
0.264431066491724 0.264451776519807 0.235771201976992 0.235345955011477
0.323594996483426 0.159233931142137 0.203875791904858 0.313295280469579
0.329728737756564 0.0976577824929362 0.494741693380826 0.0778717863696737
0.209992082028602 0.450110209797236 0.0746266750320389 0.265271033142123
0.246866056000037 0.441371786383714 0.062006208037604 0.249755949578645
0.419566213061582 0.3578728821217 0.203818108930582 0.0187427958861354
0.261353635307441 0.066940912593656 0.214603705353829 0.457101746745074
0.303160098023168 0.0236495996627605 0.403489355352913 0.269700946961159
0.322794392398321 0.322227823715242 0.0297183089273462 0.32525947495909
0.251004543022663 0.191999620345606 0.0815632698743681 0.475432566757363
0.193760212495318 0.474109654177826 0.278171034492527 0.0539590988343293
0.470863134106192 0.250570301057315 0.076383526757104 0.202183038079389
0.514397836401951 0.256340161183243 0.134180846330536 0.0950811560842698
0.147569526759068 0.371492879090218 0.279955102305468 0.200982491845247
0.149551641230189 0.335372226365538 0.237950403501584 0.277125728902689
0.236706760733428 0.426781485673123 0.104999661895939 0.23151209169751
0.142115883938047 0.109525622664768 0.333457527043156 0.41490096635403
0.195341874980407 0.306241628753041 0.205828103025293 0.292588393241259
0.331857028769747 0.330502057756906 0.200677549916578 0.136963363556769
0.46257731290763 0.0881618412098864 0.199210665503085 0.250050180379399
0.010040753451553 0.426230831237451 0.272303516106638 0.291424899204358
0.156151207642862 0.0977847029173032 0.265829117446514 0.480234971993321
0.214617526046423 0.222580107942554 0.275902686945447 0.286899679065575
0.479703133822947 0.414874135473812 0.0638021239942183 0.0416206067090231
0.180275362443286 0.25240093505262 0.495749570569289 0.0715741319348051
0.08774504146057 0.454744436282482 0.0826068045065184 0.374903717750429
0.316779440831308 0.111819660341886 0.327561323732754 0.243839575094052
0.283778770676983 0.365158643827339 0.243555404111643 0.107507181384036
0.365361982084677 0.165659961547436 0.350096157542915 0.118881898824971
0.0654125009011263 0.177692898159003 0.300106228850888 0.456788372088983
0.165947939111844 0.321121329983744 0.138768931897488 0.374161799006924
0.49019982290355 0.383299744858419 0.0244692721356231 0.102031160102408
0.253726096434814 0.189883736164296 0.249521690800321 0.306868476600569
0.0953043338066883 0.309318751507813 0.354371493031755 0.241005421653744
0.167127575373777 0.271145980758354 0.122798318923396 0.438928124944473
0.415343054064575 0.0914104458692227 0.15993951577628 0.333306984289922
0.404738437504863 0.0216343982156858 0.149797955050159 0.423829209229293
0.487498539507527 0.373647218826062 0.0770961480558722 0.0617580936105389
0.328639236979845 0.267041633202191 0.202112719071207 0.202206410746757
0.31072182471754 0.247855801622099 0.377151734841344 0.0642706388190164
0.129056068308754 0.303780951305792 0.0909809892639003 0.476181991121554
0.0258558881766779 0.53139569566934 0.144835428917716 0.297912987236265
0.289798806315132 0.156693970143284 0.298562379327967 0.254944844213617
0.182505234440855 0.105376424474897 0.508461366411043 0.203656974673205
0.106583331327997 0.320561147572364 0.381199689490742 0.191655831608897
0.345909167728943 0.0206466426977997 0.0233291284658221 0.610115061107435
0.309920321021003 0.494858285791605 0.123801772327068 0.0714196208603246
0.144892151540565 0.437076555140732 0.195300207399714 0.222731085918989
0.0859740884655652 0.129307845427176 0.496099928577386 0.288618137529872
0.145297641591071 0.0457156006243522 0.402539483174847 0.40644727460973
0.310292765788412 0.286796733957099 0.200320932738745 0.202589567515744
0.209072541328477 0.50018590883611 0.13770901794752 0.153032531887893
0.379623963005391 0.286455539576667 0.12187736262443 0.212043134793512
0.428545379852691 0.103434603706933 0.227252858886983 0.240767157553394
0.0374995599317821 0.519068730109329 0.0845567606069546 0.358874949351935
0.257256155811278 0.365105577362305 0.284874390759047 0.092763876067371
0.0894775555026255 0.167715736780773 0.223703740037929 0.519102967678672
0.222683766924777 0.245978366108323 0.0984174143331251 0.432920452633776
0.266075882454909 0.11985680618769 0.297387239762451 0.31668007159495
0.388975619999711 0.204761631954689 0.103698164719464 0.302564583326136
0.181678766206272 0.544027076550825 0.236676759981852 0.0376173972610511
0.0524251723901476 0.019201499962138 0.608575354932044 0.319797972715671
0.253708967842857 0.0119241399119513 0.320547880003496 0.413819012241696
0.395886348771283 0.0514472252526675 0.0673850959419721 0.485281330034078
0.318784677329731 0.177574724867688 0.0952502036320446 0.408390394170536
0.138770557292917 0.317319654802792 0.151906570976172 0.392003216928118
0.16744382696194 0.309296460095488 0.213849361888706 0.309410351053866
0.117740552968384 0.298392260196564 0.29483187937689 0.289035307458162
0.285736758493248 0.465788718898994 0.0618895329449113 0.186584989662847
0.232942253706883 0.142316523505405 0.2338348366068 0.390906386180912
0.0213832598404561 0.514607040705935 0.456080028825999 0.00792967062760966
0.0465835290819967 0.405068631997611 0.358003542618671 0.190344296301721
0.403483628936857 0.26304703901891 0.274456797245987 0.0590125347982458
0.274092764663896 0.218181128109526 0.382408539425217 0.125317567801361
0.200845581198755 0.3311161232391 0.35208598169466 0.115952313867484
0.185845399808881 0.129250272805467 0.146344994919553 0.538559332466098
0.0428229690312124 0.406935748727308 0.339876411345283 0.210364870896196
0.140485299484832 0.361614886401948 0.243726446457154 0.254173367656065
0.298421286009325 0.0738347837976321 0.297169554392644 0.3305743758004
0.148242985616803 0.224787774749009 0.326704083673016 0.300265155961172
0.0522423264822727 0.37542944755008 0.216208479792243 0.356119746175405
0.455152348766329 0.266182649355284 0.0785010706424736 0.200163931235914
0.254193314473154 0.2236398865635 0.216840390296811 0.305326408666535
0.211599551415103 0.091064471163808 0.416415528134721 0.280920449286367
0.0121257339911338 0.307415405731733 0.315461803370183 0.36499705690695
0.137286373928413 0.0775960718757608 0.306617769313142 0.478499784882684
0.472007240828162 0.477876506369364 0.0381624346181057 0.0119538181843688
0.242590213080259 0.225901828929404 0.176854262083684 0.354653695906653
0.593649257657573 0.154073425575318 0.19657266130095 0.0557046554661586
0.417467722156932 0.0647290518037122 0.414819940665163 0.102983285374193
0.365469212650543 0.10330124258404 0.293180702797919 0.238048841967498
0.419484236536017 0.0752608194021118 0.170248315923489 0.335006628138382
0.218079561665989 0.143251047400338 0.232545860523447 0.406123530410226
0.466141822406237 0.131929899825814 0.369518968748667 0.0324093090192826
0.530918466547576 0.0407322668483643 0.328308308771797 0.100040957832263
0.102985173338457 0.496888939984869 0.329646249731361 0.0704796369453128
0.421042833940874 0.40365878569049 0.138143153596973 0.0371552267716625
0.346601815453128 0.242120102146528 0.0778403175851971 0.333437764815147
0.291535842078389 0.274419870003206 0.173000105992555 0.26104418192585
0.227508629694917 0.375162292512572 0.120154924914956 0.277174152877556
0.230113992005592 0.33099002930467 0.310719004696997 0.12817697399274
0.427916033144284 0.243507070439485 0.246544546548856 0.0820323498673743
0.284085407734567 0.105798743841034 0.359910167035148 0.250205681389251
0.36314696201011 0.0674201938245851 0.305072726235219 0.264360117930086
0.246807938066778 0.355289990958125 0.231000373824109 0.166901697150987
0.233092333314858 0.271902580719859 0.401178779962695 0.0938263060025879
0.381263848379065 0.09371997960047 0.12613745468901 0.398878717331455
0.0136982580573413 0.403132771796855 0.434823369106046 0.148345601039758
0.052428024480257 0.420818875609602 0.149930088471082 0.376823011439059
0.359616848095791 0.0974558089461813 0.210180219485521 0.332747123472506
0.500618070267567 0.0259172479905504 0.320224264092203 0.15324041764968
0.292552081565142 0.214828846206499 0.133933957264818 0.358685114963541
0.077025376731741 0.0231916079355661 0.389744140860104 0.510038874472589
0.0326287865070863 0.292165515404794 0.0956713632698231 0.579534334818296
0.125211455307985 0.219040387019398 0.276844323719257 0.378903833953361
0.11135243781113 0.413117540568536 0.440169498401996 0.035360523218338
0.532963529349486 0.0896829101046556 0.0977312538316723 0.279622306714186
0.0190011111739895 0.511591898570635 0.399567565487545 0.0698394247678299
0.0230564916272825 0.66487877860934 0.00431067254992013 0.307754057213458
0.161854892243546 0.328858979766883 0.286509176135162 0.222776951854409
0.273231627353111 0.154081393227268 0.278089375235622 0.294597604183999
0.110752448959854 0.314768119457594 0.2510304015411 0.323449030041451
0.379694462441973 0.0525325452123836 0.337513248948039 0.230259743397605
0.426399074317607 0.0339663898112628 0.531319213643832 0.00831532222729823
0.221773316211366 0.287609690098729 0.484022907072683 0.00659408661722082
0.250890580576026 0.373091544028516 0.362063175034231 0.0139547003612274
0.131929180339934 0.129545297414634 0.394777878861251 0.343747643384181
0.363529738763929 0.231366149860215 0.265520445300101 0.139583666075755
0.342096489435 0.105493720763442 0.277359853960722 0.275049935840836
0.163323730175671 0.170186107058671 0.254599702555433 0.411890460210226
0.326793519289068 0.129645152581333 0.366243238189751 0.177318089939848
0.323511502455334 0.401352066004946 0.248669158263289 0.0264672732764313
0.245291191149839 0.141722965143766 0.251339985646707 0.361645858059688
0.0293979453632889 0.194792789429718 0.123204328107954 0.652604937099039
0.404593962030016 0.046965984208011 0.40385639896351 0.144583654798463
0.316518429389042 0.38854296093574 0.189860237440478 0.10507837223474
0.304658622967918 0.303010741099866 0.0840783759292865 0.308252260002929
0.36432703691479 0.110744836071227 0.18626815347938 0.338659973534602
0.0996519775166626 0.24327053598912 0.24715155901149 0.409925927482727
0.12676099646118 0.254992639646912 0.43888076021324 0.179365603678668
0.429976651068673 0.16122301430083 0.142124127916182 0.266676206714315
0.489153004699807 0.0989380405439916 0.263287261956529 0.148621692799672
0.616195986255391 0.324961210569934 0.0582583001654783 0.000584503009196669
0.441520111075514 0.113166292125431 0.204744941987588 0.240568654811467
0.318978230265885 0.163529076747955 0.406698049290022 0.110794643696139
0.174104186003625 0.417097404903376 0.0959300985319297 0.312868310561068
0.0603454795307637 0.6088176391506 0.144984825475545 0.185852055843092
0.00400484026229601 0.542291040336391 0.167923095089956 0.285781024311357
0.416553339291779 0.327051545817244 0.246559933579654 0.00983518131132395
0.21249475737 0.266491541464448 0.245968210723259 0.275045490442293
0.336813474780393 0.268352675601844 0.0120630928633527 0.38277075675441
0.316190679548406 0.0657216022336794 0.372932414009358 0.245155304208557
0.100721908612199 0.294910274372445 0.282321180473898 0.322046636541458
0.327493527185566 0.045553468744425 0.280071007634294 0.346881996435715
0.435902319786491 0.0950626248785932 0.362251477713606 0.106783577621309
0.435545606041009 0.344293429779538 0.0690894050562337 0.151071559123219
0.0260134880335672 0.17430333787061 0.486200544719359 0.313482629376464
0.444224277974982 0.0773752836848948 0.152014316543237 0.326386121796886
0.15921963209178 0.36198357154854 0.361023801533583 0.117772994826098
0.305123341372039 0.303733906696996 0.146614992784221 0.244527759146745
0.317527392300749 0.396407621576783 0.251692427479204 0.0343725586432642
0.309528843543259 0.15741031265724 0.188908873387376 0.344151970412125
0.397749298833246 0.345182399812799 0.153897920416653 0.103170380937302
0.185584966835223 0.166658140157542 0.358176387492284 0.289580505514951
0.01441329580932 0.224150450903417 0.455259315718902 0.306176937568361
0.10274844125828 0.277057726048268 0.437934123598164 0.182259709095288
0.0720306228885159 0.0312130888052394 0.590693518427003 0.306062769879242
0.20600810836777 0.329142971222433 0.162128015859925 0.302720904549872
0.13218546961452 0.12996416598941 0.282610269264959 0.455240095131111
0.208390689137077 0.0209832578876028 0.383312077389217 0.387313975586104
0.317644813540762 0.00189959874825535 0.452878481414161 0.227577106296822
0.57714794859083 0.0151450229808808 0.38198236383034 0.0257246645979492
0.224328383749394 0.241826705745166 0.390255694053387 0.143589216452053
0.330967301570669 0.321890009366204 0.0799256356850003 0.267217053378127
0.209441386196968 0.211648995294346 0.172570057273045 0.406339561235641
0.323802122763022 0.220043358211601 0.235289397693123 0.220865121332254
0.166331705760414 0.317498593986709 0.219850338623999 0.296319361628878
0.158913003895064 0.0213918558726745 0.378932640076635 0.440762500155627
0.622604648987439 0.220426837404011 0.102058343373304 0.0549101702352462
0.39297979940539 0.151831835412834 0.122862720453937 0.33232564472784
0.302121126658694 0.238479452883835 0.392361551901519 0.0670378685559521
0.14181496077064 0.307943475298936 0.20521864190314 0.345022922027283
0.156666541284798 0.338360062322565 0.0750914702981215 0.429881926094515
0.302787393885256 0.157915915557421 0.120022140072741 0.419274550484582
0.166325703249226 0.361472498701975 0.0241700985443978 0.448031699504401
0.448081024367619 0.168141698628692 0.147867932259806 0.235909344743882
0.505262563894118 0.0263793480780838 0.154552903007495 0.313805185020304
0.270076412021002 0.00168616348070846 0.400207350128001 0.328030074370289
0.156483149636412 0.387625496582617 0.309763084912542 0.146128268868429
0.301669643170575 0.0950139380146253 0.0990045224695505 0.504311896345249
0.16205402054593 0.247478857503625 0.126716223267512 0.463750898682933
0.28884783437708 0.332897168217857 0.345451437752427 0.032803559652636
0.329889659951395 0.277895300477938 0.043728814453152 0.348486225117514
0.220649008243878 0.512020139460093 0.201515321190802 0.0658155311052274
0.0943019288582163 0.0582268817500848 0.432261021048324 0.415210168343375
0.326990475133253 0.197740683221691 0.392105209112617 0.0831636325324389
0.322548433923918 0.190471474443413 0.329308813664076 0.157671277968593
0.337432948423416 0.209840383001067 0.448163390978977 0.00456327759654133
0.416443118954297 0.372344141551198 0.0597100840751117 0.151502655419393
0.000624134522450397 0.0104448263105248 0.538488315939474 0.45044272322755
0.195496996210482 0.451291621968215 0.281651497984346 0.071559883836958
0.13423891372 0.285462829392773 0.387446437795073 0.192851819092154
0.22309457088245 0.187399582949119 0.393449743081999 0.196056103086433
0.342305514419566 0.446249858503993 0.0259812545254077 0.185463372551033
0.0583362896081825 0.515041651615663 0.0860519516760845 0.34057010710007
0.437621125856868 0.343984412403819 0.178778319150949 0.0396161425883632
0.0952274693084364 0.401176051983986 0.217327416537886 0.286269062169692
0.359714136085409 0.197863786687253 0.132411091262663 0.310010985964676
0.205517963970635 0.0717055879134833 0.31864443746576 0.404132010650121
0.195854145045851 0.34628877258419 0.0662845204670829 0.391572561902877
0.283917047669645 0.632755429759327 0.0152366379317198 0.0680908846393081
0.062494858491102 0.318592807911438 0.403823307304463 0.215089026292997
0.474100303917515 0.362867466113881 0.104094750484257 0.0589374794843475
0.239776864143963 0.480951818999842 0.119458834410432 0.159812482445763
0.350807515043758 0.133233465040778 0.295615611753606 0.220343408161858
0.270094819679503 0.423885424418182 0.0697451497586784 0.236274606143636
0.129082332492711 0.413160002282048 0.382176370213421 0.0755812950118194
0.141203532536336 0.33879571192721 0.283095638712021 0.236905116824433
0.219407512885195 0.155573502348997 0.293129244320178 0.331889740445629
0.00806117841599767 0.429680904001898 0.322457092506364 0.239800825075741
