0.264679911701025 0.386090885423539 0.115548911436679 0.177226945190709 0.0564533462480485
0.230879832376923 0.354195732935701 0.0961097437382576 0.0106099608528937 0.308204730096225
0.182797771793981 0.274370203866357 0.156060303122566 0.219625875596824 0.167145845620271
0.0994629521798804 0.0868134357909408 0.137088076283862 0.517903987442023 0.158731548303293
0.423934006148444 0.0342723540195912 0.211073866050047 0.319362532642844 0.0113572411390742
0.00193469921844653 0.339081216700487 0.239633791635622 0.229039036707641 0.190311255737803
0.140182891980308 0.383259794486387 0.160283885601998 0.216306966070338 0.0999664618609692
0.013326677602314 0.452059236568042 0.213594490264802 0.235065211024113 0.0859543845407295
0.272224875262413 0.152344382075182 0.314816807841365 0.0311653788949025 0.229448555926137
0.279071801690922 0.127944914476984 0.169181800373942 0.336239383857556 0.0875620996005969
0.196283503279259 0.0690711697873357 0.182895264557862 0.235525693227609 0.316224369147935
0.166520864175872 0.0356748868538223 0.438444286951052 0.0872305706565434 0.27212939136271
0.155076978144705 0.370137271663838 0.0439473628949657 0.196611777221259 0.234226610075232
0.02889299139108 0.517857686466514 0.0207878083964381 0.0454977314441354 0.386963782301832
0.270556897994047 0.192138824048672 0.0527630511795214 0.281433472872183 0.203107753905577
0.429151165406417 0.0948790681916745 0.207054556300638 0.00873773943343061 0.26017747066784
0.249693662276004 0.211836886220974 0.14675794217925 0.251179359489718 0.140532149834054
0.113955376279623 0.247513234750599 0.183109654782125 0.315440273711777 0.139981460475876
0.31807645883212 0.00291226174554622 0.300034070314671 0.03226229728255 0.346714911825113
0.0915128877628382 0.388797471497342 0.202817767742215 0.258371552131836 0.0585003208657696
0.332799086678205 0.225967403125168 0.077021708564775 0.35098185656128 0.013229945070572
0.330786731330398 0.149333300641727 0.357160860959988 0.0413219476221892 0.121397159445697
0.0693734970810754 0.239650932558841 0.271826336239237 0.294820309774325 0.124328924346521
0.219566410287448 0.00983591914527497 0.300781783366028 0.206465957582769 0.26334992961848
0.314139407606845 0.0416572074074013 0.319025696703945 0.162485845332081 0.162691842949727
0.00199171733623411 0.294368879593103 0.16920336012753 0.187800189305122 0.346635853638011
0.0973685970063632 0.452921577518392 0.209585677497068 0.0356556199676357 0.204468528010542
0.0643151369103731 0.231156131968767 0.269869952025969 0.321687859012177 0.112970920082713
0.181052712315433 0.232388500824452 0.237568349912004 0.216855490886696 0.132134946061415
0.0934056302850289 0.242521618883503 0.221685325173658 0.0227378777279518 0.419649547929858
0.280894220594998 0.0990484014247135 0.152282463839769 0.301712638675206 0.166062275465315
0.271732384447384 0.121710293068447 0.154814978508479 0.165845346289399 0.28589699768629
0.0275926850476219 0.222234278968562 0.239250926237939 0.271338575473644 0.239583534272232
0.387509553778532 0.135806690806681 0.098119371464588 0.294729834491763 0.0838345494584352
0.0763184141966725 0.145490811108466 0.30525921014941 0.21358754895349 0.25934401559196
0.0390536375346 0.384601492652374 0.219244991119363 0.352797269407579 0.00430260928608332
0.284904807693994 0.0870181452851139 0.309653112410129 0.125693928998934 0.192730005611829
0.0680214642644872 0.0580340144624859 0.358000379673997 0.258161543511281 0.25778259808775
0.0140260749294435 0.283932791782231 0.295860969418894 0.233118412773602 0.173061751095829
0.357397765274151 0.0501997247178142 0.354021041817719 0.117888604822446 0.12049286336787
0.0107838153748719 0.286096699057404 0.368681947085338 0.186521067178903 0.147916471303483
0.191430025574791 0.15071916048259 0.0921136709376712 0.452052697278236 0.113684445726712
0.155140933533111 0.253188246752201 0.142736521774616 0.23889211744914 0.210042180490931
0.25022101692742 0.152733510374568 0.129202327581936 0.225861477262003 0.241981667854073
0.210052360397478 0.190728917661524 0.266020531718968 0.15465140627476 0.17854678394727
0.410160964565867 0.242548334340587 0.18444317938554 0.075406142947239 0.0874413787607668
0.315640603262024 0.0104586905574492 0.25423956174091 0.106842370175292 0.312818774264325
0.230462661603083 0.321103260682138 0.0594130524954724 0.127042160482554 0.261978864736752
0.0843113624443163 0.251140288297313 0.171338202708375 0.333555722433583 0.159654424116411
0.296293301214258 0.0455884508973672 0.214576993128844 0.251456788991338 0.192084465768193
0.11857038189915 0.0275347915447516 0.33443995391976 0.254453768936133 0.265001103700206
0.186671589955357 0.295254111296775 0.17847783207915 0.0124067829364293 0.327189683732289
0.0135087918299927 0.30240792704658 0.0374159543436586 0.309329215681666 0.337338111098103
0.136139013976652 0.0953626798926325 0.204036637071746 0.373529162439206 0.190932506619764
0.240821276558221 0.211727500150894 0.089243550453035 0.262477850795405 0.195729822042446
0.192959888152387 0.31384032364125 0.168003147896328 0.201448886829142 0.123747753480893
0.144969360474839 0.264898785824407 0.0434970118246362 0.182483486882882 0.364151354993236
0.0658588034217379 0.0310711667419649 0.00163885870927845 0.237675493520131 0.663755677606888
0.252029957221605 0.0949337695516793 0.367345015255026 0.0174802066066702 0.268211051365019
0.289735090464775 0.00475885014438585 0.105542630544828 0.360498755867685 0.239464672978326
0.290812347980193 0.220737252570205 0.187629448678742 0.187609264603432 0.113211686167428
0.298046022695155 0.102178509236289 0.263860745062634 0.274176325826644 0.0617383971792782
0.039449483542076 0.112805036842962 0.437447436534325 0.294075641916021 0.116222401164616
0.279961988657542 0.151971976312587 0.0890959600217509 0.216924346441448 0.262045728566672
0.10001123987194 0.26401244236735 0.103525025005204 0.281790318373864 0.250660974381642
0.133797573504623 0.255109341192258 0.367383632523228 0.0481823902813598 0.195527062498531
0.175755942271686 0.265904503313736 0.0409027110783265 0.416125619831762 0.10131122350449
0.168830416723685 0.152016765037777 0.240342250311499 0.272082867174465 0.166727700752574
0.0735230090684365 0.254510002832607 0.234388346885736 0.305276034054924 0.132302607158297
0.202843299255932 0.00757233093329627 0.223341826223638 0.477079669466403 0.0891628741207302
0.236730056811625 0.272448818183071 0.0771912436741449 0.397373954769791 0.016255926561367
0.105622680389734 0.387111065599366 0.297293032706964 0.0715599295892305 0.138413291714705
0.232038324158812 0.110878852112018 0.243251801578762 0.274830444178996 0.139000577971413
0.114437391200617 0.194261087371538 0.204624105539496 0.189191960789773 0.297485455098576
0.439144772231152 0.370454955829124 0.0309396989489477 0.0384224480564036 0.121038124934373
0.0412520360472936 0.40793662679754 0.210842455928703 0.306655304215632 0.0333135770108312
0.115216324480121 0.31236731274301 0.268693589034814 0.0139412878097205 0.289781485932335
0.226294595885988 0.325027060332145 0.255856284559533 0.0758488106661132 0.116973248556221
0.277758524923325 0.389789116644835 0.10430719645373 0.0153947727275669 0.212750389250544
0.251657980876567 0.267756215758922 0.0614973790193989 0.217557553043782 0.20153087130133
0.32936601158716 0.255548875692899 0.224407880666776 0.0520788039922275 0.138598428060938
0.00615942105457185 0.124991387814892 0.44869066015064 0.0360461103305673 0.384112420649329
0.142793783533892 0.190470228886886 0.251725035281257 0.285679434813881 0.129331517484086
0.198617936738472 0.319181798764492 0.0572688967540635 0.200203616099065 0.224727751643908
0.0133358076647347 0.159629280571822 0.265390567076181 0.216235282970877 0.345409061716385
0.259989566943404 0.261422306349487 0.0771219079311416 0.261665718610201 0.139800500165767
0.319307868434784 0.183687750537808 0.120284537158371 0.178816753720559 0.197903090148477
0.468978928590463 0.130279352941854 0.230153124597366 0.105200660037392 0.0653879338329254
0.111454332540607 0.219705413437063 0.195777677168068 0.209805250192336 0.263257326661925
0.253877224679352 0.113230871088259 0.0690179950376976 0.205883685301895 0.357990223892796
0.316204556269062 0.254562696466583 0.0605798225664919 0.18264215510803 0.186010769589834
0.403007416697273 0.154849649327391 0.202645504749625 0.161360420461342 0.0781370087643689
0.199515318675909 0.0689217118406804 0.107793470442143 0.202592305632388 0.421177193408879
0.0889539094250456 0.336805830136572 0.349677580010837 0.0706311363909063 0.153931544036639
0.21448767202642 0.210223392894637 0.121835479363847 0.125143083825064 0.328310371890032
0.0266930324449035 0.282824588395245 0.142717779006659 0.218198265579535 0.329566334573657
0.247358755552412 0.29290390208765 0.0901398549603663 0.204571174687616 0.165026312711956
0.125778098740624 0.0299656275513321 0.499074004015024 0.0985626098010011 0.246619659892019
0.141477785276669 0.191656443031449 0.313207865236126 0.173240202974226 0.18041770348153
0.0786238186564265 0.248553048396194 0.107894709456342 0.325738941537418 0.239189481953619
0.148128030624751 0.149421530586552 0.146395442948968 0.369266027432276 0.186788968407453
0.156480323053849 0.0419951336975462 0.221837323093967 0.359136065847864 0.220551154306774
0.179441623985304 0.107464454565513 0.227538176880205 0.250690914491434 0.234864830077543
0.201018195812374 0.107094891416354 0.194149333627918 0.354301169992411 0.143436409150943
0.317162574606862 0.0817189510041654 0.350131215858969 0.141299769605089 0.109687488924915
0.227542449209501 0.276150734545337 0.206453993650735 0.0997818640283605 0.190070958566066
0.34457357835098 0.136902266299429 0.155884600878684 0.0355997263221917 0.327039828148715
0.336659184142277 0.0465786965059532 0.104509571184055 0.203833944425522 0.308418603742193
0.0884029555141296 0.123376613479937 0.366249984937628 0.157612425239285 0.26435802082902
0.136471167885205 0.24832981272825 0.220052539625288 0.13209903293419 0.263047446827066
0.133016356479219 0.0601836980297828 0.371885786094259 0.279303776882952 0.155610382513787
0.226822240072366 0.174431408516283 0.15782705253442 0.234798985917367 0.206120312959564
0.330614749803231 0.0982343652132736 0.16578126087686 0.271908378064175 0.133461246042459
0.0600783978177895 0.343538078791486 0.372684391425709 0.19305450497228 0.0306446269927349
0.265709471043496 0.410117116594105 0.0476325132605 0.247722179747833 0.0288187193540659
0.00955866896615568 0.284666752661455 0.212959485577053 0.37058538733721 0.122229705458127
0.132516603040413 0.156503087634632 0.253195546477921 0.36672405701751 0.0910607058295242
0.313152813618305 0.16198103401885 0.0974063836174151 0.110857559719662 0.316602209025768
0.299298471718345 0.00254446326440877 0.20744206970793 0.159066908455317 0.331648086853999
0.114704107570314 0.257365717142569 0.177404834361191 0.104296603162213 0.346228737763713
0.0743364601937888 0.620210098661556 0.148680736472521 0.0680923466473849 0.0886803580247493
0.322220483789848 0.00625129993220029 0.100333696785003 0.25879434646836 0.312400173024588
0.0939850321298908 0.356285289300897 0.177833113783948 0.207515101950541 0.164381462834723
0.254082591437412 0.185690513253812 0.016621905814684 0.249528990543085 0.294075998951007
0.187369078632196 0.310693328208621 0.277989838107093 0.113941454403678 0.110006300648412
0.152562555517903 0.268643608849062 0.274227679476937 0.0585938132017858 0.245972342954313
0.20547636884067 0.0474689398136518 0.253270110613242 0.22108266717496 0.272701913557475
0.220937641865575 0.252364590496374 0.15273903663677 0.185997565330489 0.187961165670792
0.183642144638169 0.304929430896521 0.252355254313994 0.0571951156052528 0.201878054546063
0.113383690675093 0.271547528633893 0.246172433167306 0.160721561623834 0.208174785899874
0.214002739545244 0.22330037951699 0.158976773763509 0.22497922381909 0.178740883355167
0.355223620903716 0.234804694862755 0.0240435095537526 0.175238933789059 0.210689240890717
0.270658924254778 0.108035159946822 0.161167156454427 0.173094785758607 0.287043973585366
0.056161332088832 0.101560730226417 0.0328095495885064 0.565433576412702 0.244034811683542
0.299272559915309 0.352752669206525 0.0123575377876921 0.0737802634815861 0.261836969608887
0.365045371445817 0.277592091482173 0.231025874409556 0.0964181640488659 0.0299184986135884
0.321458075360262 0.358976134419888 0.0760547287546335 0.115424629567953 0.128086431897263
0.27701005829415 0.197108610959687 0.333304317285809 0.138032726604905 0.0545442868554494
0.243194711003398 0.57479361630059 0.0483263214088222 0.130833779452414 0.00285157183477604
0.243234631131894 0.206782551638556 0.0895492186961732 0.139568527378273 0.320865071155104
0.323280770778669 0.17713821607063 0.0160716989005201 0.219142829411159 0.264366484839023
0.0560026285327297 0.126587668810087 0.352332036682144 0.279227898499466 0.185849767475573
0.285874888710523 0.175106305464697 0.178163924517343 0.115549468423646 0.245305412883791
0.184641876537123 0.171540183170224 0.415485731990168 0.18473545209723 0.0435967562052549
0.217739837384283 0.238056210776892 0.142113704351163 0.150642556136373 0.251447691351289
0.332474845439009 0.286675251627075 0.12890214601296 0.179651628106325 0.0722961288146299
0.219141355186058 0.257223107402501 0.0304534780814535 0.144462764184954 0.348719295145034
0.32108617701935 0.0507528314776049 0.319506205411734 0.201936599834263 0.106718186257048
0.24838888773488 0.204337817205578 0.272982240766771 0.13723250953605 0.137058544756721
0.333069064655867 0.0828078361921829 0.322610713841079 0.118976160028613 0.142536225282258
0.328243907390145 0.0270362879612842 0.0179397893071041 0.273946981526932 0.352833033814535
0.208480178446234 0.241861836822695 0.0975300655553563 0.00146670054424041 0.450661218631474
0.0920587871699521 0.348266842248966 0.260206627285464 0.292282257145814 0.00718548614980429
0.265531116296572 0.19362578977434 0.210829705519141 0.152569129643571 0.177444258766375
0.22897115792149 0.302780667240504 0.227826983853068 0.0864168264446905 0.154004364540248
0.0797800167695538 0.225634154723543 0.293267306512486 0.106616192654527 0.29470232933989
0.035127217422295 0.408257163034506 0.375937047726509 0.0292149677964894 0.151463604020201
0.263509427807903 0.0340931156137547 0.152647811708818 0.438585626642464 0.111164018227061
0.274113798980481 0.15308126878569 0.256848129014664 0.231321692150313 0.0846351110688522
0.299503834086268 0.244235559481889 0.322371939377016 0.110561283616885 0.0233273834379419
0.222228249600758 0.257661884769 0.320301771044388 0.195478011998678 0.00433008258717593
0.188951337315128 0.272862258378711 0.150505678287697 0.103826266253295 0.283854459765169
0.209904374713508 0.164900170771182 0.202973459807608 0.229712838202201 0.192509156505501
0.345879133371104 0.0717980387221058 0.121825694090267 0.371731754177417 0.0887653796391073
0.232583681089432 0.0801611291597853 0.245002487650861 0.282632283029663 0.159620419070259
0.279975866997123 0.189212263762255 0.0537861952699567 0.221639303764312 0.255386370206354
0.113899310986808 0.2142733472916 0.384048963899063 0.152315446335699 0.13546293148683
0.231418675093482 0.214788667995793 0.275164630644492 0.217656660506861 0.0609713657593711
0.207065661477633 0.291359167947309 0.0940918554925006 0.213786381537185 0.193696933545372
0.249791073116259 0.0785750011073593 0.490429074740085 0.106232169927882 0.0749726811084141
0.310060128399645 0.183354806475066 0.197106171685789 0.241212861011177 0.0682660324283225
0.307312512681383 0.252617545461364 0.194959303859352 0.0098976901556171 0.235212947842284
0.309143579994239 0.174633129887846 0.304941194956914 0.0759002904085849 0.135381804752416
0.0626504310717738 0.216252913521323 0.285826719610767 0.177432053283356 0.25783788251278
0.320539760521192 0.0133213280969013 0.0661346929483725 0.308060996486403 0.29194322194713
0.178328175621389 0.170805368393919 0.0185858320318083 0.3378823624714 0.294398261481484
0.314121454083192 0.311760426329892 0.126509615537589 0.0333971546656315 0.214211349383696
0.276009402593926 0.287336384243106 0.298414956856594 0.0885040297833352 0.0497352265230396
0.236287307165707 0.029036712792584 0.207447987656255 0.189064575425917 0.338163416959536
0.427254180138067 0.190497032155445 0.014093788174167 0.307729433684736 0.0604255658475851
0.0759584464380092 0.142338301103406 0.30565844834881 0.230754055768033 0.245290748341742
0.231234752377585 0.148157256090476 0.304099292366048 0.292893597521068 0.0236151016448226
0.151322697178053 0.064275752932186 0.2367788508077 0.422835211650376 0.124787487431685
0.00214610494064156 0.232395557011197 0.174504612859794 0.352984757222526 0.237968967965841
0.0399400552407343 0.129907865368792 0.332763126100643 0.438281442251732 0.0591075110380989
0.13378858608186 0.280816187231324 0.233423706910918 0.193446534494881 0.158524985281017
0.269159043857415 0.0972227116099137 0.253469502649403 0.350683107387169 0.0294656344960994
0.309264022690773 0.171415031304665 0.161027346664532 0.233644839484023 0.124648759856008
0.315146575585423 0.292965691231773 0.0559935542158561 0.136072257789258 0.19982192117769
0.281319348810722 0.0179253189301827 0.147285545762817 0.386757095194507 0.166712691301771
0.133259422683818 0.39203440852274 0.0523508192781834 0.0301903585600562 0.392164990955203
0.388275831172338 0.0289397813420984 0.251240369203017 0.15829396653884 0.173250051743707
0.133940617674296 0.199368650020102 0.178859326866949 0.29283248946819 0.194998915970464
0.0632518100905488 0.323795458544134 0.447237914516944 0.0525838201674141 0.113130996680959
0.0342967412070067 0.0860581028044755 0.402783023164092 0.204143871628866 0.272718261195559
0.198650409834502 0.297324816249603 0.0855177087757505 0.115165642733882 0.303341422406263
0.177574900263459 0.189351475214766 0.185167818898411 0.280554058820676 0.167351746802688
0.163127039536159 0.129676695935957 0.312775621963808 0.331352659124872 0.0630679834392043
0.186287831499667 0.106756403227434 0.0951324867506616 0.442692472528803 0.169130805993434
0.163671068024971 0.0955570642675173 0.255780207199552 0.274066897441894 0.210924763066065
0.131324452920991 0.242885348636685 0.274177959214027 0.257306826236191 0.0943054129921058
0.144614306129798 0.212037297517621 0.242673262384306 0.144935636027413 0.255739497940862
0.216082988051284 0.324299041693146 0.0853004150484156 0.238981021306771 0.135336533900383
0.208825934988145 0.167172580514534 0.159393401272789 0.0575966490123239 0.407011434212208
0.383750490467967 0.409497709984593 0.0177709867364826 0.048838149603446 0.140142663207511
0.126913147766824 0.255459588409051 0.211782887980088 0.113279782392114 0.292564593451923
0.1927077015842 0.0356009856511282 0.51533882990496 0.190271199410026 0.0660812834496851
0.282536783913564 0.204519363327494 0.311920734768834 0.0677685420296376 0.13325457596047
0.0262369016477905 0.243480105956058 0.359229172553264 0.365037412390545 0.00601640745234278
0.176039816840155 0.277394428753108 0.0106084705476462 0.173390305339271 0.36256697851982
0.230632580771055 0.331180350595693 0.104894337902725 0.106417990358784 0.226874740371743
0.443200269177875 0.0601421733227809 0.231162663620399 0.0286446574619274 0.236850236417018
0.340380026905371 0.270595116667127 0.284854206812039 0.0262528371855027 0.0779178124299593
0.239838239059062 0.22278458426719 0.174052878533889 0.167286175992453 0.196038122147406
0.202309037898889 0.205384528158215 0.0245718605105878 0.224691717671988 0.34304285576032
0.0825328648586972 0.293046817368713 0.0662179510210365 0.293501508529503 0.264700858222051
0.0919896923898579 0.283583132851457 0.0625229084194753 0.254589313292447 0.307314953046764
0.222033342866795 0.470828097746701 0.143414249676732 0.0991622224525128 0.0645620872572591
0.596390574686515 0.0107820569039299 0.00969133875369675 0.152426132940826 0.230709896715032
0.0141024397335281 0.209745630158953 0.219769018491072 0.278927837803692 0.277455073812754
0.065483659156169 0.134377141661463 0.2803690918678 0.226807322899423 0.292962784415145
0.189489201726441 0.265221314121656 0.241402259686799 0.0657615487171432 0.238125675747962
0.194892466023896 0.15128038829844 0.284416571422569 0.369377910094917 3.26641601775248e-05
0.0894680819691775 0.107083300085949 0.0798543777869341 0.242674591188807 0.480919648969133
0.237627110303091 0.0453262465341169 0.40367991965802 0.199766056270268 0.113600667234505
0.0179849046311791 0.181358985650829 0.283088074808507 0.220623064010022 0.296944970899463
0.121514006936699 0.229937177009227 0.231879932295379 0.210920563611176 0.205748320147519
0.0604629522298343 0.126270210390889 0.323472169972278 0.221307779355785 0.268486888051214
0.36513348452877 0.125885287716163 0.194099402030458 0.312705845455349 0.00217598026926032
0.265137909318599 0.151727539274422 0.278627632446565 0.288404346702637 0.0161025722577772
0.305515312633601 0.161939369330156 0.461875378352851 0.0416967621227139 0.028973177560678
0.189477822466948 0.215638575589324 0.311403088584487 0.213112632820163 0.0703678805390785
0.466645164376759 0.211485541514611 0.0249423443808301 0.0167541999057837 0.280172749822016
0.329058312724355 0.125530838550103 0.072517338522457 0.235289859980023 0.237603650223062
0.108959187619324 0.206541890008141 0.256499997964692 0.0859049131616295 0.342094011246214
0.138602270784705 0.339373856437017 0.000633334744261991 0.345973138737631 0.175417399296384
0.392195284101333 0.0250889633884033 0.412177964270945 0.121692020385211 0.0488457678541067
0.120041344488711 0.255455885272039 0.272043065018767 0.099716146422834 0.25274355879765
0.600395728307092 0.171332030720079 0.0517833538636315 0.108155714188294 0.0683331729209042
0.299667063837291 0.111085066635665 0.232395317424627 0.0554159981143996 0.301436553988018
0.0159105081588988 0.191929623743253 0.367986471470564 0.161488692033549 0.262684704593735
0.233697065191033 0.177454012882861 0.308233096692093 0.177433567012286 0.103182258221728
0.155108071254708 0.265161525047912 0.251615283256985 0.197331792682451 0.130783327757944
0.0804921947506659 0.148641895010769 0.370716326855418 0.196433147716371 0.203716435666776
0.175343765779673 0.0568273909234449 0.242253341500912 0.30368351950921 0.22189198228676
0.255061530572573 0.0505191808245465 0.274961917479093 0.266992216624594 0.152465154499194
0.117147153571831 0.132592666478545 0.33812339197617 0.304974514592715 0.107162273380739
0.205722654225365 0.249449963645715 0.155282075227131 0.227080551434815 0.162464755466974
0.283718272630013 0.214670269733247 0.207384276611968 0.158239629994847 0.135987551029924
0.0038005591774394 0.378160336007872 0.204516710996849 0.23066301720638 0.18285937661146
0.281990131838406 0.234494422803466 0.187780431548719 0.0797097013921826 0.216025312417226
0.155805594128026 0.211202615480632 0.306427257334753 0.145809718006697 0.180754815049892
0.39173643032405 0.202337238160377 0.202615017818266 0.0708992229354615 0.132412090761846
0.277445634165354 0.0555007162558133 0.366570593675132 0.08769959538333 0.212783460520371
0.171373718962371 0.0608852962228126 0.0182380055259981 0.427169158848256 0.322333820440563
0.0883235400521319 0.238796113110228 0.265162335709525 0.263736782047249 0.143981229080867
0.0866172308360331 0.0706012519228426 0.308721433851555 0.460178884886646 0.0738811985029243
0.218603844881159 0.249158560421685 0.0898824464864167 0.212600167780105 0.229754980430634
0.275937052688418 0.0688054519782904 0.149649902161356 0.239507421257372 0.266100171914564
0.267321310857608 0.0489382568694188 0.162915597796606 0.154106781044996 0.366718053431371
0.261440479473673 0.0165441555659616 0.265892521610535 0.35577205334753 0.1003507900023
0.146685147715706 0.345844366317363 0.150571431617605 0.127075011522048 0.229824042827278
0.377249919218774 0.180975356980108 0.27384973600158 0.104890450542986 0.063034537256552
0.205226927052736 0.244128343928796 0.202647510611335 0.186925654256501 0.161071564150632
0.0913154192019508 0.406648639051125 0.230664545102076 0.0612464287499717 0.210124967894877
0.0235119402587982 0.18842952400787 0.404543464069546 0.360880913868455 0.0226341577953301
0.0695850846818366 0.0766240485778971 0.149252938609275 0.324165368866087 0.380372559264904
0.197762024047985 0.329634200883367 0.157479444812187 0.0696182329271988 0.245506097329262
0.193853152467714 0.201074185050175 0.254329199120163 0.248636614785453 0.102106848576495
0.332771722612244 0.290694626596847 0.118918620695988 0.04395930842734 0.213655721667581
0.289659608236219 0.315759703177281 0.232492333142157 0.102207075355388 0.0598812800889557
0.149528897845121 0.320209353120641 0.222341498105671 0.0252107197322399 0.282709531196327
0.0168050279292955 0.129764405780038 0.324204245794964 0.444231189175048 0.0849951313206542
0.222797045637255 0.102125273263772 0.197572346240791 0.11264824200257 0.364857092855612
0.310490844065142 0.167710059594765 0.285618372505196 0.0121888078785039 0.223991915956393
0.285995354976918 0.127768804674219 0.477095527383706 0.0721975790324748 0.0369427339326832
0.304895119742488 0.22285021970419 0.266782462027512 0.0841240957164948 0.121348102809315
0.318618516896531 0.141457361009881 0.141933292070268 0.189315139720487 0.208675690302833
0.139461981308303 0.138415255722987 0.413732538998288 0.189893242246075 0.118496981724347
0.0456387186818254 0.312874042772607 0.225062250446311 0.152489488225025 0.263935499874232
0.050822149007977 0.0456147999919053 0.228353104299238 0.13321147765326 0.54199846904762
0.072085542043334 0.0919066632511543 0.311238582627383 0.376319446580199 0.14844976549793
0.230608360238217 0.24085564008514 0.277902347449681 0.212892938955519 0.0377407132714436
0.16494154115917 0.254243941591826 0.227474054738455 0.139039942917022 0.214300519593527
0.0810366809036318 0.339854002630569 0.248709282891188 0.230761214085614 0.0996388194889979
0.146171010756021 0.0191121320288361 0.257364101312825 0.241760806543568 0.33559194935875
0.277371877575679 0.0876506625916656 0.0784046215991878 0.296972927464583 0.259599910768884
0.130232265679532 0.282898067595023 0.415406197754243 0.122339351748511 0.0491241172226909
0.267544029944893 0.362302601705675 0.188038503745177 0.0597898841183015 0.122324980485953
0.0483925611282152 0.0794172305340313 0.373061890968645 0.195467698578712 0.303660618790396
0.214008216053949 0.00808403555171547 0.256462689258399 0.504768106104802 0.0166769530311352
0.148803894999953 0.300808228823432 0.0906958574272275 0.188250136877392 0.271441881871996
0.320859997205938 0.208028144515041 0.151471861947441 0.284651683489586 0.0349883128419944
0.201601018751791 0.359712111061901 0.19980942272962 0.0309556460811899 0.207921801375498
0.0788939174104711 0.309863651290068 0.0289371020636817 0.533277481829443 0.0490278474063364
0.320006606936451 0.374907332775205 0.109061457716256 0.194700361280655 0.00132424129143228
0.00726499102248273 0.158911950168121 0.0692987629774331 0.211998979847636 0.552525315984327
0.303191924502089 0.149490879863813 0.348447623224016 0.0258801318711683 0.172989440538914
0.133606657463958 0.235810244278369 0.176322495622177 0.285917359995425 0.16834324264007
0.00730668880322106 0.0447506862735581 0.349202278327379 0.445376761417205 0.153363585178636
