0.128336123191091 0.0269114072168888 0.0231605667023907 0.213719242381977 0.140657286118589 0.209933321220314 0.0199921318436453 0.1657380210075 0.0508882810739919 0.0206636192436125
0.0159487360400585 0.145594138643485 0.0620824871081815 0.117592157976629 0.0969488749059542 0.144544814675707 0.0600353995523144 0.13662245376532 0.170786428378579 0.0498445089537707
0.0413938198230479 0.0187122014258559 0.161101515199319 0.151183049946937 0.111042769046306 0.157646819737933 0.171065050517591 0.0462923539141738 0.00387057802014673 0.137691842368689
0.0713413036762699 0.0122038877935346 0.0765647206105571 0.107589076115819 0.19092139362119 0.114847334452612 0.0437689022635525 0.133339391583839 0.116862314929364 0.132561674953261
0.0238122332375021 0.100392974272447 0.0370627985776185 0.0973765078706077 0.206574354002536 0.0505755844198188 0.118754929839753 0.125803555805335 0.127728525422202 0.11191853655218
0.157436646353749 0.0031400233092529 0.0626924621791109 0.173918317209225 0.0636334080129546 0.110969872390368 0.0845298883631354 0.144665548586137 0.0791104573089789 0.119903376287088
0.0731509276100503 0.140428297897693 0.0582560636149625 0.0460868010023374 0.101289320391212 0.0562858364723602 0.218437623366222 0.0577746630958583 0.222589966728149 0.0257004998211544
0.109585782320954 0.168023353985181 0.012863713579387 0.164753947575617 0.121853404326629 0.175887218053345 0.00659832291048664 0.0553160349281588 0.139671901991701 0.0454463203285397
0.0727257665211634 0.181278885874264 0.00521320202582125 0.0910853402808847 0.158306328833395 0.149215775254726 0.132599445621982 0.0149256945648306 0.0100892376112456 0.184560323411687
0.165168271166844 0.0931342294540565 0.154155328035297 0.0440260012798487 0.0683702983134738 0.0595137360617356 0.165503175466024 0.057422080203634 0.185758612351892 0.00694826766719418
0.163784894044668 0.0139969143624677 0.117463805560435 0.0678900751861859 0.125127348298022 0.142980270127002 0.124907690434855 0.0326762727150275 0.0795185976412548 0.131654131630083
0.153758601451998 0.0847771025330495 0.0966262361069797 0.0154527008902319 0.204296651873382 0.157848906179976 0.131517664808627 0.0846464761114999 0.0413993035101825 0.029676356534073
0.0229171786728171 0.191305621677955 0.0092653383942728 0.107522968594543 0.0705683434968329 0.0542455805608577 0.0740357330886063 0.160948550253687 0.19455825600971 0.114632429250718
0.11923905765677 0.053625329814727 0.0433905402682685 0.105074935264582 0.25204720246726 0.0758882828642529 0.00605430031224278 0.0364734137418633 0.115888343122052 0.192318594487981
0.134828366353519 0.103021407324883 0.0286669859280561 0.0748889372100218 0.141457513322203 0.0549736980111697 0.150007220183211 0.141888874741228 0.0743722162601062 0.095894780665603
0.182027504940032 0.106809525350525 0.180023776714379 0.156240129975785 0.0783967796140282 0.0221155928356068 0.0978905320976344 0.0563131697004804 0.116699035897393 0.00348395287413826
0.0526013552783962 0.123134808226353 0.0821426976219789 0.125125495238238 0.0528304946069389 0.0944044661487822 0.0674743727306588 0.1612215500443 0.159100701941605 0.0819640581627491
0.139746322681715 0.0580682988727144 0.14471732997951 0.0505734471379246 0.124170942019371 0.0905546673875506 0.122684153872271 0.0609828149450183 0.103745279153631 0.104756743950294
0.074582342473576 0.111205054048953 0.0870833264168742 0.103399249345115 0.137092144420187 0.135058678019619 0.0273950601594989 0.131649544971074 0.146350683709954 0.0461839164351486
0.0373953192198191 0.132799487902831 0.0698301834418886 0.0523031929487971 0.00435176117941566 0.144558314306386 0.167927958287422 0.187311634731277 0.00787871806321474 0.195643429918948
0.179425434110629 0.0879051933486966 0.0113476002479293 0.205106008824561 0.0549941175843577 0.179462478776363 0.0885198771987566 0.129551134384489 0.0589919594841229 0.00469619604009561
0.147342159347971 0.0881844525530573 0.112813405630273 0.0498281773010121 0.19953778554781 0.00390225700342557 0.162577092328688 0.0196337898747908 0.1732299671808 0.0429509132321729
0.214971151268797 0.0862181625825851 0.0418241157435999 0.171219864119286 0.0335270497368053 0.202503420687994 0.00600763722077927 0.20959751695745 0.0252545851329642 0.00887649654973856
0.207154945317874 0.0881738683304029 0.0403127920628305 0.149649188402868 0.0520570047258624 0.0719650355409337 0.093354141706517 0.175373649824466 0.0232632736687902 0.0986961004194558
0.127667743543563 0.0169498930069295 0.11039033508146 0.0524485597028538 0.141890503917702 0.164884373314234 0.0759577179889277 0.0576792843908406 0.194400451226951 0.0577311378265373
0.0858776923629144 0.116045029548985 0.136982271826927 0.0214817846004328 0.0834226961734128 0.0464311885554999 0.148819325795297 0.0313526647326945 0.175785399360861 0.153801947042975
0.144628397261504 0.103738586633659 0.0450369899984937 0.182628262896702 0.104137729407065 0.171057615004442 0.0219661640367091 0.0101266131531258 0.107190441968191 0.109489199640107
0.236349179956077 0.0580731760578534 0.0485754757791458 0.135530608277047 0.0307460581646544 0.127143088305486 0.197045198324793 0.0305738743263812 0.120960515198089 0.0150028256104731
0.0344602902221261 0.06713124565271 0.118047150665831 0.184126329735393 0.212138154712811 0.0344899900977371 0.184319131544563 0.0191342938123808 0.133331475650265 0.0128219379061817
0.160289791447875 0.137981454962077 0.136212949678387 0.0460934908698316 0.121359315000179 0.00817079251785736 0.070416266720101 0.14246596810554 0.0999818587859093 0.0770281119122438
0.0204014438749233 0.111850367905657 0.0325395345255802 0.0850627201595525 0.167231011574041 0.145628758155057 0.111025460273816 0.139716943673829 0.0711736082754129 0.115370151582132
0.0288247744219325 0.160990864001858 0.130044554008934 0.0549383623557752 0.11985609689312 0.132830037371771 0.162293208473045 0.0820078520103722 0.0133588175631339 0.114855432900059
0.198989370356268 0.0891562972219102 0.092987528160905 0.169161717083224 0.111781182952612 0.121014657714999 0.079682430848525 0.0202248309518816 0.0851139616975208 0.0318880230121542
0.0808194093335919 0.143437783069997 0.139793640962857 0.0154431222367225 0.0309845567582007 0.0209818956818761 0.0417118134438002 0.168143522640096 0.190912093706925 0.167772162165933
0.070440531680003 0.0852209000416164 0.072694579140338 0.0553322626723674 0.177208573990314 0.157959661561439 0.0813882518089863 0.0789338168829183 0.174846138315451 0.0459752839065662
0.108803004411261 0.20162154454038 0.0780524095258622 0.0698630763988247 0.101766270678509 0.00346406338070984 0.103096443811823 0.108862306629266 0.0793915286911387 0.145079351932225
0.0972941159771797 0.138244195189184 0.0443568609368882 0.0933019035732538 0.085408057247423 0.146775712562434 0.120749973411523 0.114864954916761 0.00227013882158235 0.156734087363771
0.1278169592526 0.0785843822992124 0.11403377003016 0.0478138222592876 0.0123974276783799 0.171733132117036 0.113018799477122 0.0740502070247451 0.0844302744358033 0.176121225425654
0.147033508930934 0.0635628026806105 0.115873372047252 0.135250736456357 0.0839141127513334 0.125280008164482 0.0510299808932722 0.0941151223603583 0.138275672773357 0.0456646829420444
0.140454594146655 0.107668085397485 0.153296244966681 0.109983135385934 0.0782985378114247 0.0515140554469987 0.0519861494397908 0.0703397451067781 0.107355423157921 0.129104029140331
0.0902928065936185 0.149234587928468 0.0758408131182388 0.0989692773387173 0.117754135871153 0.0523308210112805 0.0544747915319663 0.116814275691461 0.149972586776992 0.0943159041381044
0.149967115120843 0.173479580383379 0.0149921694189527 0.141852390012205 0.0391955187314306 0.164930252923229 0.00785778936470705 0.0984831439902322 0.157493655849473 0.0517483842055484
0.10614686875541 0.20205204541675 0.000339622579226633 0.0146632514902354 0.259755292287363 0.0420449780980515 0.264404144043323 0.00996400985481682 0.0595278228496054 0.041101964625217
0.0627099565531947 0.110350512605111 0.14792751506351 0.063939730434773 0.0758722747595408 0.145262384553031 0.168258591583151 0.125657715458829 0.0629106493753921 0.0371106696134679
0.0445584991066903 0.112632610411138 0.0936022611254624 0.153622814958407 0.129901675389357 0.0883689404950305 0.017708963641311 0.150103854095515 0.117541741507496 0.0919586392695923
0.0324783938096889 0.0199200382128296 0.0966230830534441 0.107068100935309 0.161558040765395 0.124856828236821 0.154231865361991 0.111176201110774 0.0643572200274441 0.127730228486304
0.126854183783211 0.0705108499359466 0.154111815283911 0.0823365125708275 0.0809874072985739 0.0109898440270553 0.0560532149000159 0.181053846216114 0.155366574190304 0.0817357517940416
0.147749520261547 0.0573240742054644 0.0930744747090616 0.138032488160055 0.0154837618617516 0.158490952639663 0.0916995678989935 0.0954016045832471 0.123794156881608 0.0789493987986081
0.10959853849322 0.065352680251937 0.0682403952825922 0.138956330479716 0.169759638563202 0.102894983084157 0.124270559814299 0.107409102444097 0.0979714799288893 0.0155462916578897
0.0259015595719941 0.0891078817793137 0.14062506715344 0.130194861583228 0.0949649242129066 0.165951759903764 0.128557045158919 0.0144952241562763 0.056785506047785 0.153416170432373
0.106518667467164 0.108106083984602 0.033009842591165 0.0279540172537303 0.158288476205168 0.13958021159787 0.0413699685766226 0.139736665354265 0.115887881375718 0.129548185593696
0.0511187721603301 0.102212800409376 0.103775400033724 0.113341053860561 0.0698607840709203 0.0206848993364142 0.110290659273651 0.0890823056597749 0.128477753260714 0.211155571934535
0.169666629240956 0.184883743960105 0.0815949640781429 0.124817571977687 0.0593020690636736 0.00805125290576907 0.102474598054374 0.00117238104982075 0.0881746088125992 0.179862180856873
0.0143191816853486 0.056012308769032 0.130397104812982 0.151571655575277 0.126974103410055 0.0415103649661408 0.0896344931558091 0.184278516186376 0.179735102303406 0.0255671691355733
0.0847381231990297 0.0898597781308808 0.073678391855633 0.0270683224481519 0.136393261447618 0.070166361898046 0.174324469407413 0.142931842751981 0.018256731103346 0.182582717757901
0.0509810502587501 0.114415576157182 0.121937911275395 0.0314234629198759 0.150287393320384 0.0892237496310595 0.0446929580865779 0.137562321831825 0.109418695692178 0.150056880826772
0.102077646961625 0.105846891892807 0.162517855582778 0.0294780666107731 0.122851643795095 0.0578380344425878 0.113110423682031 0.0235549700094285 0.12691624806362 0.155808218959255
0.16680780591806 0.0277883705633848 0.0788220287549784 0.090493585922931 0.141733229344489 0.121370552017578 0.0820875832985967 0.0961534632187775 0.115292120404072 0.0794512605571326
0.0304385795683625 0.122479005429234 0.116092564759586 0.0738415619898075 0.139190718739606 0.095984874813731 0.0685029761321879 0.0960222122053917 0.144631601233988 0.112815905128107
0.102332675051427 0.00270815176512508 0.0920850772203463 0.101679049828798 0.0805450920049758 0.27493156494537 0.00782325338422502 0.260024088590806 0.0565313753087891 0.0213396719001375
0.0517135707699157 0.177463479567827 0.0436327876941878 0.120841096476653 0.0760911887104453 0.0213441073699674 0.170719517234485 0.065475753393488 0.150569949972712 0.122148548810318
0.131567187800909 0.117966306320349 0.23770422269784 0.0631903707586394 0.103499728538002 0.0853578720840737 0.0225204895602467 0.073935326176369 0.0918996305684126 0.0723588654951595
0.109310046328347 0.0968354658250459 0.0610657829988671 0.221005380563305 0.135963788017831 0.164218514370609 0.00899604614461752 0.0971830762771414 0.055091700588396 0.0503301988858408
0.0616923688048409 0.041368912165808 0.0597507403177843 0.100771359331627 0.0689612353789053 0.169281329174033 0.106174876621342 0.151091764819789 0.128407062325416 0.112500351060455
0.176648268811739 0.132878109515134 0.159658941489271 0.0673000068489905 0.00874772728763092 0.00206776495556929 0.180322186650012 0.0772523799473286 0.0483371656731733 0.146787448821153
0.0387131215432305 0.0363427223218491 0.107016478376868 0.0812388780997737 0.0475473214995203 0.279369216511826 0.0894864536336241 0.160250817483936 0.0173489502717334 0.142686040257638
0.149870741746663 0.133270168687205 0.053883420081256 0.103322008816947 0.23897264474249 0.0744023967495757 0.169326782203778 0.0030567943218291 0.011240713532881 0.0626543291173751
0.131406670081158 0.0959430903132093 0.0320221247785255 0.134700383443989 0.0501058020764221 0.144061206263921 0.127926404101586 0.104096115524429 0.154739788474152 0.0249984149426084
0.0168661355913613 0.024021644358625 0.15380422266948 0.135210293759221 0.0323335287771378 0.128564127085194 0.0619601625590346 0.168314908545044 0.129745326712234 0.149179649942669
0.108137753269754 0.167260763646194 0.171086823445153 0.141213997345343 0.0357147436186719 0.0419239072604493 0.100112703362985 0.0581185646689959 0.118556162299743 0.0578745810827124
0.0177284366229028 0.170545726951418 0.027862691885662 0.146186145313681 0.163777122878755 0.124879190424539 0.0181055138385631 0.060743557612398 0.0722459127628191 0.197925701709262
0.179120692352958 0.0827254193832192 0.0350803392598118 0.0443418628277965 0.136624326777396 0.177793855770412 0.183423815389376 0.042426506849537 0.0307494227534688 0.0877137586360258
0.0955796909239309 0.0879519357108617 0.0638982119680404 0.21083596889601 0.176787246603567 0.133230070286398 0.0334322176906779 0.120143537913791 0.0721338084620369 0.00600731154468678
0.175719996405467 0.12269550979859 0.0719042043933312 0.0806674658343275 0.118692167713171 0.115337871685489 0.00594031343787502 0.155573834877733 0.126286405250667 0.0271822306033496
0.124655718339889 0.240210023286141 0.156262974620559 0.0462892662195828 0.145564732576615 0.0463782482529469 0.00297163450276261 0.142349581514911 0.0575480620815127 0.0377697586050792
0.0903558258996073 0.149175321867715 0.0883572321728867 0.102085304815981 0.117248690961132 0.038549772818722 0.0575538800432226 0.134694532995132 0.200462165663047 0.0215172727625555
0.0592899151865744 0.201667300592668 0.0525472636548703 0.0834162894237999 0.0709939197992311 0.0837027499541192 0.161955240190544 0.0960503300884149 0.132871669933586 0.057505321176192
0.0288227394669394 0.149840330980875 0.143230866733529 0.0838214081307649 0.139155501586066 0.101992924484608 0.0651207011714224 0.0471269083554449 0.126969641470837 0.113918977619514
0.175451691128675 0.140489983016205 0.12249502140753 0.0453692476103069 0.124527406223255 0.0310915531715461 0.137763308150377 0.0640402285292697 0.00999398847588864 0.148777572286948
0.0557148459051869 0.00219638852714302 0.112967024150543 0.0310184574682142 0.183649126916467 0.00730750706024188 0.180513232093949 0.0483738629254598 0.178869502220308 0.199390052732487
0.034579477937324 0.122078947347057 0.148665669820091 0.152562128255021 0.124983542584211 0.151692492225195 0.0721950813234894 0.024056226753237 0.150292608265692 0.0188938254886823
0.147905224775093 0.0588998646522228 0.0918306303806501 0.00428418705180018 0.112295716709337 0.157236729494828 0.119834715170215 0.160183128256576 0.12815519645571 0.0193746070535673
0.111048473812928 0.057534026686296 0.076874972982958 0.131073854311567 0.153039124560308 0.098652705224626 0.0217670524611683 0.0560524427053356 0.111183600725562 0.182773746529251
0.0488219710956733 0.0301296711689317 0.0972060513812552 0.111826742607327 0.0528038728964621 0.134981920121314 0.153724272701823 0.150949613317708 0.0581750839169968 0.161380800792508
0.102240469097521 0.0744715966457384 0.176460225557984 0.0321028347902457 0.179788040737233 0.215797825731422 0.056259487362958 0.108746165200189 0.0347610829381249 0.0193722719385832
0.0986977952908471 0.156287366681882 0.0950316683362588 0.152656689596949 0.0296557742065068 0.103912530414174 0.0971598455594428 0.0877804818279753 0.0475817910437528 0.131236057042212
0.12449819487697 0.0475561594205874 0.19497732805349 0.0467143761953951 0.149921722056705 0.0547979010111804 0.197912280046827 0.0958777663461589 0.0765796720422694 0.0111645999504169
0.0375763615170138 0.00568988743577223 0.20254584545976 0.00707831714930838 0.105397716070207 0.17658024088923 0.165604211655266 0.0891429373563735 0.158133531715118 0.0522509507519517
0.142513939300758 0.217621018721251 0.0486106070427003 0.00220487064686444 0.0966872262967465 0.113939649605074 0.0309470276264166 0.175612374497108 0.0871897887215621 0.0846734975415197
0.0880311837695896 0.0306215284660348 0.0870345207264679 0.0896925034836386 0.149544382642906 0.164757490316633 0.0346158931514573 0.0178364601142069 0.170469639746331 0.167396397582735
0.0974893930436711 0.0232795131925354 0.00132243901766833 0.139541001257775 0.151882506736775 0.151746000978056 0.0975132970339307 0.0306637194191218 0.150283858759705 0.156278270560762
0.0382362620197829 0.0458617532233766 0.0692972621146456 0.0357967010651072 0.136830076861436 0.153958996528932 0.0385761847999007 0.168562675839136 0.165823443923772 0.147056643623911
0.120368688513992 0.051441242441452 0.18482541503174 0.0669269769126833 0.0253937260676641 0.0610079940258969 0.0394206465308629 0.180468173963875 0.120506704166985 0.149640432344849
0.0332817842909254 0.0457076101233162 0.0729310021813559 0.175528505988912 0.180950851260602 0.123480336038411 0.034980876926875 0.104087879113312 0.105638817010769 0.123412337065522
0.057356140881315 0.158198992526339 0.023285327071553 0.107389495642309 0.0476967201641727 0.0824750362666277 0.0387341341510944 0.202662286067785 0.148121204521365 0.134080662707439
0.163757334417077 0.00397243301393683 0.148733161924579 0.0963343387601505 0.0432986629070203 0.0917547430776732 0.11223753594094 0.0689111244562469 0.15593264930719 0.115068016195187
0.103145130905707 0.0887247509288288 0.00592504637031412 0.134165559292257 0.131454120851407 0.123453941186463 0.131237683336603 0.160235014893472 0.0497215840863574 0.071937168148591
0.122486374385571 0.156024678745767 0.0952442769927227 0.129109415055465 0.144276043360139 0.0586057542442324 0.0330190147199455 0.000531857072088456 0.0775098283437647 0.183192757080304
0.103057565491675 0.180254254630605 0.0520879638578363 0.104718439569409 0.0578294507088547 0.0463477937726527 0.123273406718184 0.080667201614032 0.101594839831211 0.150169083805539
0.0870857510674158 0.123191141953515 0.0688435294801779 0.0812353317731812 0.140540008235979 0.0113906662570121 0.0801165099541289 0.161605976156619 0.128001022721567 0.117990062400403
0.0373121209087557 0.208119987345615 0.117554547207653 0.169677564246099 0.0448645329862376 0.112738824932983 0.0170446925874313 0.0467305549211152 0.21619967294092 0.0297575019231902
0.12304968081964 0.12978595809566 0.118047905587027 0.114017992533671 0.108498006659716 0.0361275047400962 0.135461905633549 0.105064301764341 0.110212513428372 0.0197342307379283
0.0307316135682537 0.18112141477963 0.106320311354056 0.102382163893102 0.0882775394636125 0.103882898074374 0.0766532727157256 0.10409375552579 0.146982088196909 0.0595549424285483
0.182992072811952 0.163938405317818 0.0614271000423338 0.0577274056954379 0.0463434025845865 0.0597380940047822 0.0436285634963703 0.0957843876434052 0.182880656959796 0.105539911443518
0.0453365424411676 0.154449000782305 0.0569295863647767 0.130126476843001 0.0970142644397027 0.0395167464899467 0.0240781711363579 0.184522598353941 0.175695447170591 0.0923311659782103
0.15154829874941 0.0721875034138535 0.0683932933426756 0.10114724416433 0.023603620254581 0.14938047929641 0.126189045425464 0.152643291030429 0.0921145056599924 0.0627927186628549
0.0340400668611256 0.0908904856762009 0.0489689422870497 0.0964633237839227 0.0301275375403754 0.150257313969104 0.158628085350138 0.120797669126761 0.10313551150718 0.166691063898143
0.133669269210579 0.0583359047319388 0.00992029340145156 0.135460119424596 0.121573569020274 0.0127074485511671 0.127886417349732 0.0881481893854971 0.172800859680217 0.139497929244548
0.0938329916082719 0.109934666039219 0.0858588308943342 0.12806112421583 0.0853647134775544 0.0922423131758131 0.10330945768077 0.0611466859513877 0.120282041002106 0.119967175954714
0.198675389204927 0.0299749441936541 0.0627499039276689 0.124370787795976 0.103785876691875 0.100041754746251 0.0424788988338247 0.145870431657886 0.150374993946781 0.0416770190011555
0.0045665058136456 0.00580044949191218 0.23499152821441 0.119218829800695 0.216804673900002 0.12978849245473 0.0467930391578488 0.0745721900087492 0.0930939101458818 0.0743703810121243
0.0237072068791502 0.125699876410316 0.0913529294308025 0.00490603584353596 0.141537628566381 0.143117048982381 0.127961196331265 0.135527322735545 0.066170244251514 0.140020510569108
0.0952951982653678 0.0293893461657014 0.0743608064062831 0.10926359484407 0.126529839625234 0.139054622728747 0.0811692483743052 0.126273493877851 0.168815007958029 0.0498488417544118
0.11323243060971 0.235627085642935 0.0296353998703816 0.035069328624358 0.108156149104174 0.160097683109888 0.0337499009395945 0.0376314078087782 0.162970466919979 0.083830147370201
0.196712708218481 0.178916320353231 0.0237160504858196 0.116884827040018 0.184285138003543 0.00435563243431492 0.047514725289387 0.0631892927984469 0.00423863152511979 0.180186673851639
0.0741908322666665 0.174712147507914 0.110812982003743 0.087042002993441 0.0489104397394055 0.0911363488559229 0.0652922255948847 0.127642597357555 0.0695987110245313 0.150661712655935
0.098521429313504 0.0728056264251903 0.0456267339333518 0.191257011601572 0.13949008006946 0.145872271359269 0.0480337821141547 0.158055303529556 0.0115099742921086 0.088827787361834
0.07270282647627 0.0222438926180817 0.111520813011456 0.0941694918579693 0.0109643331118758 0.105223958310746 0.00138022753499552 0.303973175410816 0.17554899048973 0.10227229117806
0.131583119959417 0.18163883844165 0.0358669609911926 0.0201285374480729 0.0886927026873782 0.174888279488733 0.110767738313528 0.177403325298063 0.040964466759035 0.0380660306129299
0.0694490543490027 0.0453164924188117 0.0186344491986686 0.115307522530349 0.159312520622439 0.097395364680229 0.217953896705354 0.155574825321819 0.0244600155962285 0.096595858577098
0.0197347988411881 0.13295898605129 0.171011613475993 0.107858666169345 0.0506445557960878 0.134701586417269 0.203983621225433 0.0732682613169431 0.105649107645446 0.000188803061004443
0.161003585767585 0.0506008603771957 0.137418297206735 0.02549484746619 0.125482857119188 0.0871716165099961 0.00707453251506786 0.0406565938364056 0.207770061534904 0.157326747666734
0.0270542969224862 0.0436436483799195 0.119751440272904 0.134779786121326 0.104207857206395 0.121187972683094 0.0746627873584508 0.157670298523711 0.0610134257792871 0.156028486752426
0.0733136836057265 0.144345472165592 0.112649092976569 0.127133961852292 0.133807725286975 0.0458670534928666 0.0566632233285571 0.135971974100863 0.127624954266458 0.0426228589241006
0.138558818952207 0.0889970822471776 0.130090834046002 0.142357795510007 0.115756336066439 0.12963396764285 0.0395221075772183 0.0357681643383097 0.0972599468689702 0.0820549467508201
0.179483354951691 0.0219834469716338 0.0591825511514341 0.0213420653465686 0.209880269239445 0.0763026256517167 0.19265427233243 0.0201047102318267 0.175097714029924 0.0439689900933301
0.0523499931547427 0.206480781927937 0.113814409673565 0.0860805632833515 0.0735101824774395 0.0559393388332362 0.108059299236929 0.142353102027334 0.0686420585355903 0.0927702708498756
0.137195691265872 0.0810466602090858 0.157648985216249 0.141443027045734 0.0410091193345522 0.166390895910825 0.179557578914607 0.00536967614678728 0.0518578705193126 0.0384804954369751
0.00197701146719254 0.106303360117979 0.182640606850221 0.201106892583588 0.0932789909236078 0.0858823694043409 0.108957661887496 0.102144043504274 0.0501643249243299 0.0675447383369705
0.0348499058854279 0.1169466198468 0.148141834018025 0.0588193770644137 0.162509009427918 0.168210719390624 0.0285245216702209 0.0453071919008212 0.102846841152674 0.133843979643076
0.121986389707151 0.0378911643016159 0.118070896020857 0.114230848669875 0.0590337469627659 0.0963917241903563 0.053391843092323 0.130871298712087 0.139314662387757 0.128817425955213
0.0967794273227404 0.152720449184264 0.128356568344198 0.0679097139196846 0.106371790629719 0.12884412931387 0.0749259860230162 0.0139872116725224 0.0718746152717216 0.158230108318264
0.1775603707692 0.201726239609621 0.0436328284474643 0.112282853140749 0.0181566566703148 0.19687113901898 0.0592307968585793 0.0217453733346734 0.141287481528848 0.0275062606215704
0.00555949591993098 0.168040749005535 0.191816067861572 0.103712781229759 0.0830559900964487 0.0679522349955846 0.124669850025708 0.106927030365424 0.0119347597147882 0.13633104078525
0.0302664659566445 0.106552584543535 0.0743057071692105 0.254975982312976 0.0520413491489534 0.0720054186980903 0.105063018432764 0.0637903677332137 0.0118324769479999 0.229166629056612
0.143425073385727 0.152598008963345 0.0785579145589596 0.139058765903136 0.0835916283106053 0.0740318496068336 0.186347728168593 0.00616218443474619 0.0173443870620043 0.118882459606049
0.0580282980204062 0.0108079485324922 0.0351408260696889 0.142611097084264 0.115086931606325 0.105907380214228 0.142701936540455 0.107321253378328 0.127484177715576 0.154910150838237
0.145429241952509 0.0171484695099343 0.132084208970447 0.0952283712754461 0.0531539834328942 0.127370483661138 0.075522821657389 0.0829620464037432 0.178314881737426 0.092785491399074
0.136096507826902 0.0681907130548611 0.161918066222645 0.180889263163187 0.0518629013310775 0.128808865600754 0.00400640032438297 0.113601017059131 0.119662140063827 0.0349641253532306
0.162804655714779 0.104192083003818 0.110133918354047 0.000237927999765519 0.216908800713651 0.101530663643336 0.00432577870004813 0.172668232532004 0.0201517408958091 0.107046198442741
0.152153445496943 0.1411969515532 0.0676568703638661 0.157613991518645 0.00800856110539714 0.0886279162886481 0.0693893170241077 0.114741890775338 0.155178660761073 0.0454323951127825
0.0800141099640038 0.00543995993321709 0.0892587000538459 0.0292983879078449 0.0955759997395444 0.224491524975613 0.10925010487091 0.163500369416909 0.130720236707056 0.0724506064310552
0.0544981396415953 0.0518868565751979 0.104875944658975 0.0708292912515737 0.15106475301611 0.0800960813611781 0.172974591555343 0.0765832367080383 0.0131543759856803 0.224036729246308
0.0209728794800748 0.0463151985341806 0.197260962617533 0.0890315201062512 0.106833794489089 0.0319862460247378 0.0551015663092606 0.121074127017766 0.148410393614375 0.183013311806733
0.0289191435997583 0.147133289838082 0.0351111326670488 0.11122497520418 0.132698023384038 0.0155883312905787 0.114352819234877 0.151665057313225 0.124061038217465 0.139246189250749
0.0176216045887644 0.159911878965158 0.198664224301385 0.149308777343448 0.0933096494002557 0.0486677862206999 0.0107668610267578 0.0413519801409186 0.153398500152857 0.126998737859756
0.0280126208916644 0.189704869128426 0.0868446537892602 0.163788062791061 0.0825554900610719 0.10494566292578 0.122782048179339 0.131110613861887 0.0150224296286015 0.0752335487429097
0.0150426163444319 0.144359231404899 0.148748389286892 0.0293382174093131 0.143664054470026 0.0161215210856161 0.175128658719108 0.119821606104478 0.0463984326671813 0.161377272508055
0.0536700101323028 0.0105762003146425 0.191768148408393 0.163390275724772 0.0360307277576674 0.0196840589473116 0.165064076367588 0.0337495623346957 0.254999224638953 0.0710677153736739
0.0873224524761499 0.0580038774266049 0.157409555695512 0.0250544939939101 0.193302480973041 0.0261129579337384 0.0746910800844115 0.162775554685612 0.212326924692575 0.00300062203844565
0.0115385372070007 0.122226274514642 0.0694874243543537 0.00987517644932628 0.11759213251022 0.183271642213426 0.143391141431463 0.110905395166821 0.0962952941064795 0.135416982046268
0.129811924786273 0.00102597499960557 0.165206336676857 0.19717735957551 0.101807096655739 0.0077870150112106 0.0633215946820875 0.156846501045931 0.081928439162609 0.0950877574041779
0.0911500730083664 0.236225869119693 0.187909576207388 0.0664499398031785 0.011161287100213 0.0190440607765068 0.0942591772312117 0.135256539030539 0.0950133799514234 0.0635300977714805
0.113648538588939 0.111092471543535 0.142821986941265 0.0577445164064589 0.128850970711526 0.137696377305397 0.0405655191400818 0.0494256037089021 0.115304775010308 0.102849240643588
0.159620714732415 0.0312162535588209 0.0834512822475786 0.0960065205703094 0.000843442658373693 0.124022000262466 0.17060578537778 0.166534430842556 0.00858601736930993 0.159113552380391
0.0255651333023715 0.12214844744496 0.172371796515186 0.01007542228894 0.178892969692081 0.104609630774 0.0135844063014174 0.0482068638197216 0.176158000996766 0.148387328864556
0.194435849584064 0.01829005826382 0.0957008564805917 0.0736316150872522 0.126433016717775 0.112889067042575 0.121530254452146 0.0710485550806785 0.102981035803551 0.0830596914875471
0.133540912189305 0.136057315825185 0.133764267918687 0.0792172305270173 0.104241043498256 0.0811772826128659 0.0215433165263763 0.102428261703159 0.0617065202272087 0.14632384897194
0.280196288501195 0.177105667246313 0.0213190887693305 0.0390097030533454 0.0015081929754323 0.0830304143481639 0.107001543222505 0.0225664141103943 0.00552155521277389 0.262741132560546
0.024025187119214 0.163169256815057 0.156314716387513 0.153624246248509 0.139219113093655 0.00730951158959347 0.15415295094727 0.140511407880427 0.00144467757274022 0.0602289323460223
0.00437762600111192 0.000258984717760419 0.0606575144035206 0.145427002371825 0.174011965211499 0.170643714974612 0.01277432674479 0.132319382657293 0.143757562804731 0.155771920112857
0.0274523157258562 0.00358305590103772 0.176919240199369 0.0361918543301886 0.0419200295194893 0.0798527549963893 0.172346805628779 0.167357494249547 0.102200579572403 0.19217586987694
0.124907755372903 0.188454479441604 0.0956196227367941 0.189489692431812 0.0236057566951419 0.0714801367192833 0.070600616112893 0.016516507703851 0.175283407964358 0.0440420248213606
0.0348111189570125 0.141592996471452 0.0352809716986903 0.181165952185202 0.119234316984421 0.00797480726341226 0.166371266264195 0.0722067884704652 0.0546557479270712 0.186706033778079
0.204746050560226 0.0826180487354974 0.0267992907436832 0.163182967971245 0.102055377691323 0.0479470295470313 0.0252275835412573 0.0830984006987085 0.176674495162601 0.0876507553484266
0.0473377229677987 0.11573890300783 0.180928942215293 0.00914031437406338 0.130504541882796 0.116186395058264 0.130493306698641 0.129738134632323 0.0365636535316905 0.1033680856313
0.0423381141509015 0.00988379499632745 0.204563416249733 0.236067468196592 0.105723735130088 0.099570689738071 0.0664072792820008 0.0362870608802608 0.114944211459039 0.0842142299169866
0.0803495439332959 0.192246964446226 0.0257921617866139 0.101763860856872 0.107934628908043 0.0886340661777912 0.110035838130744 0.0802778279642521 0.13581301081886 0.0771520969773026
0.0445274758471867 0.0642666431717125 0.151335436271373 0.166226388787349 0.132833967030294 0.0812063833306123 0.0885353494332246 0.131163232568665 0.0839136365396926 0.0559914870198904
0.058184525511605 0.207196097547529 0.0340741013048756 0.171108845156252 0.0991161301532311 0.0359240202684138 0.0201102892069191 0.112865856541064 0.0608719483287729 0.200548185981337
0.00501378861806617 0.157110281563943 0.0960357253378723 0.133746975566559 0.169245355770724 0.0985525241029589 0.135812504351381 0.05413024505927 0.0404312114479762 0.109921388181249
0.0374786694883117 0.127279448609431 0.0154935193734347 0.146017541701543 0.141207603807614 0.050073375564781 0.13303004757057 0.0921509856279884 0.133071920053643 0.124196888202682
0.14662092278793 0.0609653622457936 0.0282314780666725 0.0232456917231147 0.1739052689013 0.231089155995506 0.0306298968015538 0.0556695947556404 0.239272573592935 0.0103700551295532
0.160112852231284 0.0384423610154197 0.11517186001036 0.167796533182559 0.0994869108630339 0.130869982017341 0.122494882817939 0.0195068562254259 0.0354097024264054 0.110708059210232
0.101642232284859 0.0806149335955355 0.135984609092929 0.000919505396274863 0.116875988121853 0.1569432972263 0.127397881135751 0.122382021777144 0.112752605425348 0.0444869259440069
0.0485949746620433 0.201668318865388 0.108399605940157 0.0621715565073772 0.102146292451287 0.0679959588985631 0.00807122712919678 0.171976091220082 0.103847845605704 0.125128128720201
0.121530208626718 0.161701502452402 0.20538691418409 0.14156795011852 0.0209730745950782 0.154709554387453 0.0123786836541241 0.142399125620732 0.0376899503348686 0.00166303602601502
0.0797741888591269 0.16479967033684 0.197241718790809 0.00714155124538326 0.00545857460378278 0.0594485999799703 0.16674416731331 0.0686310838471411 0.0721973207589122 0.178563124264724
0.125136553414989 0.171312316445578 0.153423777210434 0.0387696440269554 0.180853424646196 0.108071691610576 0.0207551925101579 0.0649119371074887 0.0233461503554917 0.113419312672133
0.0581968659634338 0.108101085066963 0.170746968288585 0.195516054993784 0.0297243688062641 0.128756693133771 0.067157654815571 0.0742268092337757 0.0320161960525076 0.135557303645346
0.092943988262581 0.132444207028817 0.0128108444798999 0.154700710947591 0.0973286604987963 0.179784266390757 0.0517677943553537 0.00210564384906182 0.146677724022445 0.129436160164697
0.192653235434023 0.0375723995628611 0.0340470277627917 0.0516676774051408 0.167882483527714 0.138321123030692 0.104856972359037 0.132918542558176 0.125042525359725 0.0150380129998404
0.0926737047590678 0.10937720752726 0.0976885273769266 0.124342521199609 0.0822397363028109 0.0930410148345556 0.124043093501564 0.0192572685440536 0.116544650350745 0.140792275603408
0.077336229787223 0.0313762598487045 0.181352842785814 0.128970289255174 0.164460037089592 0.00110888018018902 0.0750445368758271 0.0761106309158984 0.0900503705181098 0.174189922743467
0.053448114182951 0.203670593235086 0.0519698244169632 0.0261976930795565 0.184770729054202 0.167540096403597 0.0279301720726056 0.00863308755000962 0.139538463259256 0.136301226745772
0.0650866935451157 0.106169550704375 0.159056003147935 0.153280922180518 0.0381730620534951 0.0139596284623322 0.1518080600829 0.0699412834325518 0.144863108965904 0.0976616874248726
0.0912505007023388 0.0763720099925418 0.117043858038706 0.0743567569507124 0.0154229187452783 0.112409194638655 0.162606828828975 0.0615646759325154 0.121002932015555 0.167970324154723
0.250853984171202 0.133507805371775 0.0193635203680091 0.0064787825578962 0.026463885855401 0.0784615855830054 0.190541724176524 0.201921816575875 0.0701908786954674 0.0222160166448441
0.0491426111037989 0.170344125820099 0.113886591571781 0.150787702085212 0.0931229547447239 0.13527651203994 0.0602840518866343 0.0425567977523314 0.0911307234098077 0.0934679295856719
0.161220870591971 0.216212871476624 0.135510911544385 0.103043596512181 0.0333047456404644 0.00758530536773965 0.000966770425896674 0.0267206595409964 0.0704166632799123 0.24501760561983
0.0911944834180765 0.111979265863591 0.0510233549485897 0.0789964441506163 0.0775005182378094 0.180757621897785 0.0946115840863675 0.17076225211013 0.0326709436317283 0.110503531655306
0.114621080775852 0.0589048208277429 0.193122753424042 0.0464063510892887 0.0619173531637041 0.0243636305071925 0.159550790396311 0.141832733681645 0.176183599647889 0.0230968864863316
0.117599248621782 0.0341408806241801 0.0601584860889843 0.130440795687286 0.093640381339405 0.210660937805906 0.0217173812321497 0.035108238212125 0.182483177182913 0.114050473205268
0.0952648489602119 0.0215819146003956 0.180348937181876 0.128389685628418 0.0872581079050488 0.0574246215666651 0.0734403760095268 0.183273973926617 0.128237720730261 0.0447798134909798
0.129700578895483 0.00432732863057403 0.0252440670783313 0.0626294969598556 0.140697356253049 0.0487274438327551 0.0349260773772447 0.127463453676685 0.225131221903791 0.201152975392232
0.16646257324168 0.199001417314071 0.103824020818977 0.119720887421459 0.0781604941377722 0.0504045336413365 0.0103865278621568 0.0863322377385083 0.0660124938155436 0.119694814008497
0.0860252815658524 0.0544862247158995 0.124512521114494 0.0744805559458994 0.186996903301403 0.123339277193403 0.179416973523953 0.0690795080598919 0.0432841044112589 0.0583786501679454
0.176702009825628 0.0833916965250976 0.173727145740762 0.056772619135824 0.158442567162768 0.100920288707649 0.0931723416838307 0.0565760853916707 0.0894207132910156 0.0108745325357546
0.0631750537200944 0.152159578851906 0.0904703238327385 0.0649113925262816 0.0132557521190963 0.103364670610819 0.165983667353122 0.0573118641981227 0.129929447281325 0.159438249506494
0.196765417565694 0.0459745739936825 0.179404364375764 0.118609611845795 0.00774223611455435 0.0608096101532656 0.0147777833872456 0.140193642637175 0.16660608302459 0.0691166769022345
0.0446592412289712 0.11656581427538 0.1769310528379 0.239640863532714 0.0714964702158251 0.0025502721028542 0.00404333329304623 0.0521914821108613 0.114287846717372 0.177633623685075
0.168866119045269 0.0281446427753765 0.17819322616642 0.0844224919228446 0.114470935589935 0.0710289262625608 0.0529684446191564 0.127388787477512 0.137910791458121 0.0366056346828042
0.210934345032481 0.0821048054134726 0.078572346311102 0.0455919435801553 0.0186872177957827 0.220455567893223 0.117171570459639 0.0350962456814717 0.0194622902304254 0.171923667602248
0.141053015245748 0.0756812506052154 0.059511251693721 0.181491401544403 0.0193227922002357 0.126609610901871 0.112796940398418 0.193207317847386 0.0421485596964645 0.0481778598665365
0.176358429978808 0.027124161603117 0.0226636849104351 0.0583050935352067 0.156560435922175 0.181000309652576 0.162666447589839 0.0785567017526465 0.117251022561539 0.0195137124936581
0.125437167081311 0.0549983676667017 0.189863561365949 0.206028622864135 0.026771841547083 0.00706975834129224 0.209442944640183 0.11245337713691 0.0530095583058881 0.0149248010505467
0.0445768388073572 0.168774916769451 0.00270907585291362 0.168589224341934 0.0568981689822959 0.0351233959584719 0.118505727859619 0.180840690506588 0.159065494607043 0.0649164663143269
0.161038773366911 0.0392524154995368 0.0883948727742899 0.168959146464494 0.136454673803375 0.0593426975251302 0.0658426646777905 0.0504801890437843 0.164749837239859 0.0654847296048303
0.105319848811824 0.113066817643371 0.035922482320082 0.148731496718619 0.135280145249529 0.0158110708431695 0.145660136895141 0.0697749862784262 0.150699217753795 0.0797337974860425
0.11303546250539 0.146988918196088 0.0339237223092264 0.0622131225964146 0.0129935994265129 0.109248994866384 0.163257772863718 0.126376254988036 0.157868555124286 0.0740935971239442
0.135616364930437 0.13483420959904 0.0514633082667276 0.00256374371731203 0.155216671056704 0.10652802474208 0.115654720820961 0.147637053701031 0.0886709453184778 0.0618149578472282
0.144952133141159 0.136353667115015 0.149565139555576 0.13326077145315 0.0959578682464106 0.0722030970996871 0.0284902627420928 0.079252582323923 0.0242537225078299 0.135710755815156
0.124118937972599 0.16728826583884 0.047638139568122 0.218360053666389 0.000342919467225506 0.000928044728891574 0.0602883344155494 0.166655560994978 0.0176071254394038 0.196772617908002
0.140700833233895 0.168640738916855 0.128282338615976 0.10525448758083 0.00298669728804744 0.0544006279397834 0.125619013511411 0.110257692549543 0.077403792815936 0.0864537775477238
0.135227705252767 0.0196098966876865 0.0776947446422696 0.0636845280969677 0.0414477509579955 0.112464583795003 0.0692182380078392 0.205498998006395 0.147472670078761 0.127680884474317
0.0863299134668558 0.0123255803840064 0.157374595369088 0.122640494104305 0.0592145741196296 0.0256843980812335 0.166848733767236 0.186897292157763 0.0892018626508177 0.0934825558990654
