0.102024884722023 0.0894498069697942 0.0561014123668465 0.0951013076280253 0.129018518597453 0.108238979793906 0.117038485717274 0.0665147338136528 0.148307763725619 0.0882041066654056
0.0147006982379857 0.0741557963398147 0.206462849392606 0.0918459700699361 0.154604211512227 0.13754117916324 0.178137049095781 0.00814370403613863 0.0678525733021537 0.0665559688501175
0.122120996583803 0.0653313016754364 0.0994570599081383 0.142298705898768 0.030180551118383 0.116050505121965 0.143265051994121 0.140766657265302 0.0504493941053836 0.0900797763287001
0.0514046085507949 0.102243569428678 0.121262868501614 0.140759370840643 0.144613446732026 0.0919415775120916 0.0584757515336867 0.0544707804334922 0.165429631700814 0.06939839476616
0.144648999948136 0.0717231858379811 0.128261474452814 0.159367058741366 0.0213779262697829 0.0784072057341238 0.099648273110679 0.0454391333898664 0.0862250554150938 0.164901687100157
0.0238872776994865 0.136349770560714 0.145788098436126 0.054234620931511 0.119607331940712 0.018263299827589 0.0734103958493971 0.0655797706908897 0.199858492674481 0.163020941389093
0.110965098097017 0.175640841561411 0.192259936301209 0.108836018731835 0.111013203040863 0.0633229207261577 0.089872905405099 0.122493185559638 0.0155066175456082 0.0100892730311623
0.103398250424807 0.111711762218561 0.086421324133563 0.014838921432017 0.0930018944221756 0.164651802982266 0.192638832553527 0.0771846051473362 0.077506699435014 0.0786459072507328
0.0963501207603936 0.174546264716 0.10315675010645 0.03533571953354 0.0944363981437072 0.0684851235254188 0.113298051861068 0.125391588844907 0.138671843988104 0.0503281385204114
0.160803033581972 0.0190508674438997 0.13158702143649 0.0526266159107433 0.0470103390151762 0.0952621749305133 0.119026677085666 0.133706665331716 0.170317672453386 0.0706089328104375
0.0305498467108514 0.0744232659220274 0.149471759068027 0.140932873603609 0.129945788475369 0.12081580934686 0.112116005634397 0.0368747242671239 0.168016528010881 0.0368533989608542
0.157628443304219 0.0930085130600634 0.144247336831093 0.0227569579142587 0.0311250861357234 0.146008551071393 0.146137570127094 0.134618153441587 0.0542311713547068 0.0702382167598624
0.0227887244138953 0.10558087620054 0.129083774507438 0.112344915316339 0.0779860685115808 0.130597703069968 0.144610752993673 0.130152536216042 0.122714766186433 0.0241398825840917
0.0163332249269873 0.0695131827077314 0.132472974947247 0.143578735588036 0.191679572711341 0.0423332728797745 0.129671027158892 0.103198409135667 0.0715673611738474 0.0996522387704762
0.132988242774387 0.161515552428889 0.16299725526031 0.138839842788734 0.0617489629083026 0.0836647082933167 0.0537618154264026 0.144813164953586 0.0331768444508822 0.0264936107151902
0.0683495177166814 0.209298262538017 0.0696096617536413 0.185385631155168 0.0332177659913038 0.057552515001148 0.0145307702153314 0.190665411989801 0.150188915889565 0.0212015477493426
0.112556050052647 0.10056510503939 0.0815917651639394 0.169783500102832 0.12103524916302 0.0684455899938917 0.194126323009422 0.0320948714197328 0.0154936473449832 0.104307898710142
0.162582113705936 0.0183336742991892 0.0899554382418494 0.0156389893318928 0.152723833710536 0.0224194149104981 0.104593348232587 0.184112197820321 0.154505736651113 0.0951352530960778
0.0666372463167564 0.0730365292498339 0.0770160824385832 0.174211367700723 0.098221751914957 0.125497651031572 0.143560512787586 0.107993119156204 0.0470104706148617 0.0868152687889228
0.175966044668815 0.0178106030283403 0.0351973699519366 0.101829089239484 0.112684029221731 0.241667887812385 0.206415146048819 0.0982467475533439 0.00457374056790631 0.00560934190723847
0.101160742492945 0.238963332359489 0.020791398821038 0.000106485956378095 0.114468025249354 0.00581153963001413 0.110418950970407 0.14601550219701 0.129310888578915 0.13295313374445
0.159944083374582 0.135140782563055 0.177989520570245 0.0299253148015154 0.162106198169572 0.0884783327718662 0.0639002901529537 0.0680983887977025 0.082361705522875 0.0320553832756331
0.13474920076329 0.0234536001349555 0.275016102995407 0.173084823723289 0.0056549430361001 0.115010724419871 0.0282927346042672 0.151359677315431 0.0363333584421651 0.0570448345652245
0.108610181967604 0.0440774164972329 0.135499073088646 0.135227405643375 0.138467700848999 0.0730390060838901 0.0860203741153426 0.187139843066053 0.0272882885058022 0.0646307101830566
0.147856979339978 0.0651534283063521 0.0983082043896775 0.0594861654865509 0.00630206563908906 0.0913454190603621 0.174994925452656 0.0796062620702261 0.146409041762095 0.130537508493013
0.10103790503834 0.130151309437199 0.10643804343012 0.0259743587661665 0.157333070259259 0.131904368908704 0.0401855479269182 0.0364296029733354 0.112938521400929 0.15760727185903
0.130919082071286 0.134900825829013 0.0606774337928904 0.100825236386633 0.132514851206966 0.123334515359655 0.0327581743164495 0.0287306942985121 0.097764645186126 0.157574541552468
0.0663236827709102 0.0808274525425476 0.11188147423409 0.075301285302654 0.119583594873494 0.0977097791542422 0.12488953698061 0.0978279329603873 0.0714424336572335 0.154212827523831
0.120090915521071 0.107421032210503 0.00754752300625563 0.169416438844925 0.133748112660843 0.154746826357948 0.00515356069140015 0.0518819712644278 0.0575924085270126 0.192401210915614
0.125593331939241 0.0781895319206223 0.154619488836913 0.15482237918203 0.0930982152837357 0.0711648286306972 0.162502835102387 0.0173503272598411 0.121884177278703 0.0207748845658302
0.0901025262019988 0.134554491428443 0.000676724554842126 0.161288365034345 0.106201166649627 0.10792712576271 0.0426779630657114 0.15295589250405 0.0714150039364824 0.132200740861791
0.106666850955739 0.0263902265978327 0.123544585555059 0.178834370183032 0.16789062859604 0.142842078982502 0.0619640245980819 0.106603284198481 0.0290334182901166 0.0562305320431157
0.149151693054639 0.0468859168918297 0.0232010169421274 0.215647562015302 0.090271155675646 0.118371034314879 0.0199022416356224 0.0933798626889547 0.0497854854716617 0.193404031309338
0.0489086977679315 0.249916995117288 0.166683387401717 0.0271609912537156 0.0752239974746376 0.00406651900452209 0.177765129758733 0.073803071152121 0.0575781986943396 0.118893012374994
0.116293121031765 0.184370619005326 0.131375207535716 0.0521962380024571 0.0015523047133784 0.15458864238204 0.0849919415285031 0.17429578354984 0.0435648261117163 0.0567713161392574
0.0241883422124021 0.126177175025094 0.0615222177452385 0.1012190837882 0.053992898585014 0.136865314705543 0.173644794690548 0.0682754288212235 0.142146926855567 0.111967817571169
0.0650751630377938 0.00174142269004487 0.125068561447766 0.0469282754072447 0.112398815593803 0.152506137918403 0.0962402880530983 0.0307709618737311 0.182317155621774 0.186953218356341
0.107579919080526 0.195738010529578 0.141216665179031 0.0563720621264534 0.0280182748700928 0.0362357821270892 0.0475941285358676 0.184292379153293 0.167175631619794 0.0357771467782748
0.00887914722321286 0.0092753726280488 0.144623663176305 0.0981885906087297 0.133299807180425 0.192979671215137 0.185395918030252 0.0322690058808371 0.0278043229220874 0.167284501134965
0.0536763126207401 0.0400389492776129 0.213542782493062 0.128823900228389 0.169790164695881 0.0686222182408698 0.0437826094473834 0.160981842564489 0.0853938306131937 0.0353473898183784
0.162921476550588 0.0134582592115507 0.00867032122027757 0.13627533887777 0.0751600859523752 0.134737668320811 0.0920787865327957 0.118909199815427 0.113015494472302 0.144773369046104
0.187766208033346 0.0367048842544189 0.100332031979572 0.17010279966683 0.0568786369046231 0.101508430481237 0.0103172051329703 0.126944776542354 0.0283584070994125 0.181086619905236
0.138876760501159 0.101370144880276 0.0315420927025123 0.106071526339945 0.00979340724791167 0.191553663841881 0.188331690652228 0.0126728228974244 0.216384969646819 0.00340292128984333
0.0524896489680449 0.132687342347408 0.137901079320551 0.122136420205109 0.0764366619747277 0.120871151256892 0.148159144257448 0.0259985729192654 0.0376141219879686 0.145705856762586
0.13117529566268 0.080479596626815 0.174431887928448 0.157089171348773 0.0334284204661574 0.0900446633912848 0.0212340905781452 0.162580873816957 0.0499554822101819 0.0995805179705576
0.103490347808958 0.101064624588305 0.11552510576515 0.0936849245164594 0.0765440336077815 0.107031182858119 0.0546215588580886 0.112378126753023 0.113349711220471 0.122310384023644
0.112736555319336 0.125694798809411 0.159513600005159 0.0273921742833197 0.200425267925499 0.0882531661624679 0.0262986032140444 0.0256825741362089 0.106357516401665 0.127645743742888
0.0640600774203736 0.136291550611428 0.147903399093528 0.000415748532992184 0.0849624743836466 0.0883401741413465 0.0879688784722524 0.178588632612315 0.110205373774609 0.101263690957509
0.0694793898311167 0.149428685102414 0.140784380724397 0.0611037762339262 0.101843425335454 0.064053483137015 0.00908708362508802 0.155241443088635 0.169510365978544 0.0794679669434105
0.0277299098022449 0.0493210375272353 0.0573987254050333 0.16644964653698 0.0133573402601031 0.118644821874877 0.111394323460295 0.114625193373232 0.15013657754125 0.190942424218749
0.0845884422334529 0.0286303622316079 0.109243643155424 0.126993668581932 0.0979346039711975 0.0623190950881041 0.11573403512417 0.13390800168037 0.109314342016791 0.131333805916951
0.178519162294791 0.121107966436908 0.0759365678264458 0.0711095876542695 0.0906011437112229 0.0546820391808389 0.100961058056984 0.122553625761878 0.153266035616293 0.0312628134603697
0.0886593509214948 0.0749361038667487 0.0582135805650248 0.0471294622962489 0.204858546107201 0.119495925049102 0.133165659426341 0.0817886364559757 0.107391181232893 0.0843615540789711
0.083641697839142 0.12785325032456 0.0995528988412656 0.150442121521694 0.0356004461700444 0.12028342199272 0.0897493355739988 0.134283601662251 0.0302375785999804 0.128355647474343
0.0258456156632788 0.0503468508864628 0.156718149833463 0.174264118084939 0.0760417004498121 0.145347133073391 0.0497109842709098 0.0997824335162877 0.101015492631638 0.120927521589818
0.061340807080649 0.094642974325433 0.198801153272604 0.0481665758951943 0.00866370110670022 0.0831755201163017 0.276295995856792 0.0909126328202256 0.0146062676978202 0.123394371828281
0.109826594161285 0.0193170368856231 0.184444553750919 0.0941289107259251 0.147340250618889 0.00565244356789105 0.131090641807994 0.0252126994182228 0.0952305898662081 0.187756279197043
0.0312795372597818 0.0944526712260989 0.0404912580521056 0.137594820043673 0.107483912834718 0.0481864924457642 0.168738734775628 0.117521673540669 0.154400320543211 0.0998505792783508
0.072666812735537 0.105099260253257 0.110540553362988 0.0398088486421328 0.050499226575467 0.110897346357018 0.133782049675329 0.106001506327478 0.136793653069255 0.133910743001537
0.118602423848949 0.144626536792768 0.162803948027203 0.117594395670838 0.0401587277222181 0.0154259365513216 0.0355210333747504 0.168137918561705 0.0589267736888476 0.138202305761399
0.0994178429030089 0.0404351416892284 0.0993478303826087 0.163633149716664 0.17645794274178 0.128479865752165 0.0548115951406029 0.0484208696251284 0.181478382716254 0.00751737933255972
0.0550029388216089 0.192220561055031 0.128347261892893 0.141277585627181 0.161406760725474 0.110193733466802 0.035498746541186 0.0810865746744359 0.0438938297274044 0.0510720074679838
0.158227427220555 0.214698689825114 0.035440448646748 0.0459309103442169 0.00273762129545223 0.0900153861168075 0.129262888635655 0.138732954287679 0.107581240319754 0.0773724333080187
0.0239650019335967 0.0596690715121978 0.170041344124015 0.205381120089466 0.0939512258648822 0.0635331631568007 0.126683592826374 0.00323704333781069 0.235975125225833 0.0175633119290236
0.0370999715285208 0.0722440284600877 0.149325612133768 0.0470240935000221 0.190107139847305 0.0736652037849906 0.123777180848599 0.0508782350583324 0.0152761793298188 0.240602355508557
0.169333093936364 0.0424744937306076 0.15816582696722 0.0125969784067336 0.131723805855854 0.162608236799207 0.0543889624718533 0.139753951132132 0.0790045198998617 0.0499501308001664
0.100246673344175 0.0237379221713786 0.131597748556209 0.13831281293192 0.131650506103077 0.0228823905227902 0.166622769970145 0.131006574814737 0.146759376535566 0.00718322505000189
0.0252000162684697 0.0221740239486161 0.0305735348903388 0.0536543029170271 0.0715951599182248 0.147034248075755 0.0663439156237092 0.260323975654552 0.227420121578213 0.0956807011250939
0.0123176921570944 0.0566007658209425 0.00777155669334944 0.0618151102279106 0.205555032442355 0.0640818851321783 0.0774974945471435 0.249085699544119 0.157466032689238 0.10780873074567
0.0755972797272204 0.0398057665955906 0.14527836264412 0.117209068920118 0.150566534519307 0.122630315526351 0.134642609220874 0.146935220572041 0.000218206078272717 0.0671166361961049
0.242088024595627 0.0648470960487203 0.00742822261834664 0.183428780319977 0.0817198835872384 0.110854116216572 0.0152271317085172 0.046069431799302 0.237756559679865 0.0105807534258344
0.162670643914948 0.114117483894851 0.0516257371870329 0.0725835669064982 0.149321732614027 0.0987269007382261 0.129991866842075 0.148831236223866 0.0144461737583283 0.0576846579201475
0.142105829533324 0.152440054109667 0.148620699494135 0.135292891013719 0.00456745293810098 0.0541347046526599 0.0928762949318107 0.030582846849606 0.0576002796156235 0.181778946861353
0.146971330290415 0.0545673944568469 0.0830685718509067 0.14012213075171 0.0800677211442948 0.163197964742199 0.153772803473901 0.100812195795795 0.00632476689532793 0.0710951205986029
0.0560377053352523 0.0265687944187936 0.146109704187761 0.0894999484472259 0.19117575620667 0.143006332356902 0.00578924377006561 0.104298713983403 0.121795294134361 0.115718507159565
0.148443435374932 0.0670526052478914 0.0236829639226638 0.0702936583246237 0.141713812385398 0.0628165548333747 0.0730875077372268 0.134022290147583 0.160240523622486 0.11864664840382
0.0995118291700343 0.10460612976081 0.104084212288405 0.0931547946800794 0.142037782621473 0.00461252398655956 0.0644040138067581 0.126576015474888 0.138921810733376 0.122090887477616
0.187060877558105 0.0384957512360116 0.198063400653271 0.0983727678588713 0.102590851727914 0.0742118460446622 0.0155022818120461 0.197932078978294 0.0549201161414331 0.0328500279893912
0.178107070455925 0.0048228989567678 0.101368497107632 0.0963321598859424 0.0691022352176946 0.038176576061923 0.039817762535864 0.16723399867702 0.136976560331599 0.168062240769633
0.110966302384913 0.164800201620905 0.0361331448228761 0.0899316680609286 0.107408693541348 0.0920438256192814 0.0947692704492091 0.159105765847862 0.0560904005115155 0.0887507271411606
0.163540570615551 0.0129491289250145 0.167625603374948 0.0255984995700717 0.0563038434596447 0.174681627124576 0.00200714779087956 0.0882795165061151 0.154173772480949 0.15484029015225
0.0905514739202486 0.000772220153376912 0.0122118431346737 0.232251020196771 0.0553723154451339 0.253730549180133 0.0764171868934622 0.037349454089562 0.210743681633852 0.030600255352787
0.111069684772274 0.149026895649061 0.17955110692983 0.0566604434387787 0.0694368802267869 0.115524890843506 0.0152593753080018 0.131462125453005 0.0219018509809711 0.150106746397786
0.235720297816066 0.111760885878742 0.130301702620297 0.0722188100534928 0.187202383132578 0.0347590720770734 0.0211512085125441 0.00203278982192381 0.147497804742045 0.0573550453452378
0.157843699105552 0.225402000030714 0.0731296440755593 0.00199067255180181 0.151956843067689 0.0316186249110115 0.0715955300416707 0.000693650590359115 0.0636497142772891 0.222119621348353
0.0961959853640416 0.0699018057650868 0.0896130056223844 0.0553808492825509 0.00927805437427463 0.169139470742686 0.0821397624118393 0.189669636981773 0.146092571895478 0.0925888575598863
0.0145723280484122 0.107721858832416 0.127920076402081 0.139766533048717 0.137630900178564 0.0659686964588107 0.0995757564412833 0.096737421037931 0.0820615351197184 0.128044894432067
0.0115097355953114 0.0604894727728672 0.110370402330294 0.214306198017268 0.0133453478561252 0.225194963295033 0.0500996281667617 0.00295241845253596 0.202866074222573 0.108865759291231
0.143004646652325 0.168735762046863 0.0269883011451812 0.00927202538202925 0.1111678977697 0.138560648768739 0.0554639979651321 0.184144766240528 0.0554598647670045 0.107202089262499
0.170534982624463 0.0313070074371479 0.141043385652556 0.0607638784033639 0.0922757225533756 0.126157433976262 0.179023613044698 0.00185649905388614 0.00772553540297859 0.189311941851269
0.114528818700587 0.155706342180444 0.188855318520352 0.110615359104795 0.0900680475471564 0.0662274943689859 0.107327269295377 0.126865965185355 0.0358620009727706 0.00394338412417759
0.0247424286001859 0.139628430993502 0.0946926164017483 0.135568376955515 0.0866129807540621 0.0490131747820469 0.0758447091959705 0.20787001403831 0.0993114426699843 0.0867158256086749
0.0875796969051162 0.122823747563822 0.101394760554019 0.00846758029378898 0.081795725629497 0.160482286584281 0.104403721646973 0.0202801776270588 0.147357641731762 0.165414661463682
0.147683545663129 0.107117165144676 0.0541717118116404 0.0909328399710735 0.0585858733242535 0.0683245881963175 0.169224818161043 0.180540774823916 0.0981587955053471 0.0252598873986037
0.11540604160887 0.0931326972555252 0.0394252725656286 0.03124484359277 0.0886834604448145 0.171798340885154 0.181740023725346 0.0641782467655811 0.0708010250443804 0.14359004811193
3.37986457636415e-05 0.215551250544564 0.0731215011923978 0.024555230216324 0.0524177556662324 0.00831057121014057 0.108074821604283 0.250754659824599 0.0572806615718216 0.209899749523874
0.138206318684902 0.129987320467813 0.0428074718764221 0.187470179564037 0.0457099091366693 0.0506154343934499 0.0448873800139022 0.153259517788641 0.124888089871443 0.0821683782027214
0.143345280679295 0.0354432948767458 0.138106015098023 0.0852206402690977 0.146982348415515 0.0326055789784769 0.00901271033020762 0.138256454707836 0.122935861926192 0.148091814718611
0.0175133609585133 0.143191569059672 0.0153937702847351 0.0162231608956421 0.210446864353544 0.268758979513009 0.215276474160258 0.000717809212207482 0.0943919995492324 0.0180860120131875
0.160257717234073 0.172255115542976 0.0130680242876973 0.0416770081926158 0.17181555150565 0.0788768935651899 0.10726498715875 0.0520771855435001 0.103802643074783 0.0989048738947651
0.157248694974285 0.0772261432430877 0.175828433336931 0.135449168329466 0.00761997920726397 0.107761480839249 0.0315035197862494 0.0666276870307941 0.0770575116207462 0.163677381631928
0.0473791082105147 0.0242714081817622 0.162683958957984 0.173484830101087 0.0329147338161499 0.0950548761055863 0.17331366963383 0.0477520811629049 0.0657724395561065 0.177372894274075
0.00825207448946516 0.103323233973955 0.215592349246908 0.217122943040953 0.00573197005349491 0.070771579431456 0.0731956134690344 0.115105652450891 0.160046948908861 0.0308576349349828
0.182744288254015 0.0503438608183172 0.0932080236471926 0.104938905391036 0.00279121984615551 0.170701499430114 0.184630258695352 0.130180662579743 0.0172671428227269 0.0631941385153477
0.0809463452870957 0.120903267939463 0.112088528420309 0.00226398956233178 0.0533866120036972 0.00555726610942649 0.072833634445995 0.210070950993856 0.110705918005288 0.231243487232538
0.108730895126099 0.116490064714067 0.0661259624217649 0.11511901369073 0.0709395313641252 0.14279992119613 0.174410290286934 0.00868180749349081 0.161664615703967 0.0350378980026921
0.0278943690800285 0.0626998774210412 0.222390617423383 0.22937528010881 0.123821609987222 0.0311546126521739 0.00355824876336445 0.0991436641802919 0.111938388366024 0.088023332017662
0.094328364739653 0.149845514657016 0.122242173242496 0.0616481514027497 0.10262448886246 0.137214571488484 0.131119865343557 0.0414858391563276 0.0315637103708168 0.127927320736441
0.101261235630447 0.101929953253262 0.0962382269595955 0.173761004899881 0.148466886671517 0.082555528873369 0.0600354494514884 0.0727268304667615 0.156033059779641 0.00699182401403816
0.160676514867801 0.0449233688638089 0.147717973770019 0.0562490771356886 0.193657864439004 0.09534214654032 0.0797877260479974 0.105468042513783 0.0644238131677491 0.0517534726538288
0.164901696077462 0.108296088709749 0.0782943017666717 0.0086968967495295 0.15633713899225 0.0820975092652515 0.139160912258256 0.136956263769547 0.0767275316025273 0.0485316608087569
0.0412548784221424 0.132754034567801 0.0175132001071194 0.140109841039116 0.147858969990484 0.0622908085571585 0.107245448475169 0.12611203832696 0.100716506750449 0.124144273763602
0.00124410563444553 0.0626051162847617 0.106971631543127 0.1605657201501 0.0849962304132291 0.174436978822713 0.0702228325917326 0.0607604168087533 0.111783412878884 0.166413554872254
0.166835600107682 0.185600935505317 0.0139198192365899 0.0531633606773006 0.136829186308091 0.111419464246053 0.0947342806190819 0.0571328069340888 0.0971696133534898 0.0831949330123043
0.126600339414946 0.0478125548722911 0.158826202628868 0.0421971480611024 0.128827258281255 0.0316646383427883 0.0932952270086453 0.102015551858389 0.15876147356062 0.109999605971095
0.0648502356548113 0.163704400822538 0.100384661860886 0.119018380290357 0.0693696106731601 0.0100908615008443 0.161519267686127 0.134960380549413 0.0276885427350318 0.148413658226832
0.0839890114646067 0.106972244367353 0.0503522191702831 0.125050943672773 0.121199844896372 0.104282659707342 0.0709455044760361 0.126298233504399 0.139443081499624 0.0714662572412117
0.0812987479923242 0.0748932700943929 0.137038875991171 0.0520942523643887 0.145948406175256 0.0617020289217787 0.128056154127613 0.125563494451916 0.0851682869469884 0.108236482934171
0.130326796012072 0.136132960647866 0.0310947784462838 0.0383859385461058 0.0619047031715572 0.157892117814052 0.0318246495770975 0.166777491118549 0.173418595096218 0.0722419695701985
0.15823165518119 0.0482462688414551 0.170136023979387 0.0293397688442664 0.00769767570353019 0.0647967327086696 0.0882281786894733 0.115254729552495 0.137605372060864 0.18046359443867
0.119744802470354 0.0850897209079301 0.16165417614274 0.0127577729017222 0.140434562346359 0.00839976247741688 0.0828117356241507 0.0502950700924046 0.1539695446393 0.184842852397624
0.104566614396701 0.135587308453719 0.15641104327841 0.146181560440778 0.0900116347204755 0.0720289680503059 0.0238652280925996 0.117613768309292 0.11846297102029 0.0352709032374295
0.157798240570814 0.147111899933052 0.0303472915901222 0.0807443459090116 0.0750824129170569 0.0859278982446882 0.078081076185629 0.0400374790015555 0.134741923713764 0.170127431934306
0.0570823762872734 0.0973148952317805 0.0541434493603657 0.00656987676501756 0.176493436642678 0.152040013332495 0.00632512791667231 0.149007717463813 0.1733128764381 0.127710230561804
0.100962790890485 0.134125937678439 0.169185478961713 0.0250582303834607 0.0411606351852357 0.0276589490872429 0.164239622554036 0.0942826724475545 0.224117150569903 0.019208532241931
0.00453422590305381 0.124841283014705 0.0582357755870344 0.147734000913028 0.124908143716378 0.181363490770575 0.120914990783571 0.175606206929556 0.0239975119863419 0.0378643703957569
0.18863136951095 0.148366244368459 0.0990299566771841 0.0407029702814883 0.0663760404488065 0.162096959458031 0.139628821257666 0.0563859990154048 0.0256162458648993 0.0731653931171105
0.0493323644390421 0.128641252734039 0.175148472139171 0.170808967315431 0.133499106511163 0.172290532242265 0.0156403489391828 0.0823582703415915 0.0297376284444562 0.0425430568936592
0.0590486083705307 0.115121378377222 0.0419840591211645 0.112434733150563 0.173133323400748 0.133757879249736 0.0853035420508155 0.166811677084259 0.0754588902977617 0.0369459088971997
0.148500429335041 0.0911716206107856 0.0193525229434861 0.132413638658132 0.141509869683877 0.0894199959189451 0.160961936050886 0.00956957868919675 0.107895211979633 0.0992051961300175
0.168006592343052 0.00565573892129718 0.0264896436533771 0.0890318643178444 0.169183830667239 0.0140052154584648 0.144899780763498 0.147772766819818 0.0326289207701152 0.202325646285294
0.174899309580278 0.268150085267759 0.00249673037991451 0.0258736426975112 0.063381982104522 0.117531026953727 0.113831114421733 0.120380876519507 0.0301537263280041 0.0833015057470426
0.167958856677881 0.122578711471008 0.121889402645052 0.00690277740262031 0.10586208684336 0.0280644182027467 0.199292627150711 0.0603538226311357 0.157619577060107 0.0294777199153788
0.114237650879902 5.29856545897903e-06 0.19326786909129 0.0499772050687588 0.193867804883368 0.0455850302033158 0.176049260597852 0.167260010993229 0.0575954930419598 0.00215437667486529
0.0534367984538004 0.091794179998148 0.170007699902449 0.115330004349443 0.133975881913853 0.00195675961870418 0.0692750780719424 0.176473213301691 0.170744556094121 0.0170058282958468
0.160150727225872 0.060804842363614 0.0042937562660929 0.14512111930896 0.101277629032298 0.134556374599206 0.144311043870466 0.0796157984503578 0.0872629160270769 0.082605792856056
0.0621121451021441 0.0502299242809001 0.127550057253716 0.0228300608007559 0.110570352931864 0.0490487239619793 0.293600812797949 0.0569270054182991 0.141214181926176 0.0859167355262169
0.182480931309342 0.160507625240978 0.109114709886626 0.161427785021397 0.0392102024272262 0.0864797651725051 0.0835075822208425 0.0531403763299856 0.0572346925863281 0.0668963298047698
0.0892379718592978 8.0980116926233e-05 0.122549420278702 0.0608395185892051 0.0432611405428448 0.128759491000623 0.163362517186777 0.116237708712071 0.107433857362161 0.168237394351391
0.153480712448403 0.00589681827723392 0.147645514833368 0.0857767726375194 0.156641046220314 0.0955457274428109 0.115097722060458 0.081019861068136 0.0365098510853366 0.12238597392642
0.135807499423177 0.186359110045501 0.0347017669399903 0.137922461099689 0.0862829463530088 0.10517565189898 0.0938606112294091 0.0139783926578344 0.0755114640280793 0.130400096324331
0.130215077781756 0.0349421741193593 0.103896199452362 0.13376990638653 0.0802989542401931 0.0871180063461538 0.0893304631409948 0.10759269720509 0.12452055314505 0.10831596818251
0.00491018577247474 0.16455441812696 0.156085835390683 0.181247868708999 0.0189805704244564 0.169965692044071 0.0628949456349437 0.049156611488308 0.126505913898355 0.0656979585107494
0.13321152537254 0.0988953002662102 0.120897281856712 0.102900563127782 0.0478428609964743 0.0770260701070676 0.126436260104587 0.1184217285565 0.0672622720257061 0.107106137586421
0.0383313222629716 0.0959646021412039 0.0341001146228634 0.0520616579313974 0.0445831023919953 0.0977892873581841 0.17237660422055 0.186189871604281 0.158846609040962 0.119756828425592
0.0936761086833856 0.0579746224192615 0.0892087058882232 0.145123615861696 0.109534062880913 0.0441691363965762 0.137065135123719 0.100423297534146 0.143103492770612 0.0797218224414667
0.106731451514904 0.0130797418384599 0.229804018595214 0.0957824199313997 0.0537225561073089 0.123518390103099 0.157040201087385 0.0957139618891381 0.116342161018148 0.00826509791494237
0.143911326537013 0.161673357971945 0.0903815437187072 0.129584074715996 0.0677736739072074 0.102939071125292 0.0408448019568808 0.0979824081883727 0.0724966108095797 0.0924131310690061
0.0650162170742916 0.104203144000538 0.0860281729462688 0.0290425854548038 0.108471754579412 0.121404044127047 0.0705070930542086 0.23041359256514 0.00702383005800048 0.177889566140289
0.0306205338345186 0.00441771752714492 0.137549026150519 0.129009527961917 0.131178291246576 0.0448315546703123 0.132278679438124 0.151896718717868 0.0802867614970381 0.157931188955982
0.120245636548309 0.14374994559301 0.0814745745995314 0.0959872837106278 0.107168566610097 0.0720492363797887 0.182537689738892 0.139585176224297 0.0422973019421177 0.0149045886533299
0.121824805489224 0.138331696302339 0.0101823787325029 0.0807873702016423 0.129210020278892 0.0526810017949047 0.161532897703587 0.0914346209872415 0.0202770654535103 0.193738143056157
0.00467618134785633 0.125188520773151 0.143828702431372 0.0835323048295089 0.252474851712393 0.106841998570444 0.205415219060094 0.0212648876088259 0.0480015708059115 0.00877576286044394
0.0500125660964129 0.0944808954177039 0.106007575418297 0.0547140137394193 0.207197033299144 0.000641608575839811 0.205462197908328 0.107731619058638 0.0508827782510572 0.122869712235159
0.0323291062220369 0.117264839375721 0.134820127390101 0.140041169737747 0.113722606704554 0.0975671703336907 0.136414697498645 0.109655804608815 0.00542061830280956 0.112763859825881
0.0704685270518629 0.00482337537048953 0.131525422217135 0.158408395166494 0.151653412731152 0.0370632708676574 0.157552904624398 0.0472934576674548 0.120567885712583 0.120643348590774
0.159197795387945 0.0763611009051108 0.0355123677955277 0.0694962303146698 0.104256014277672 0.0994779880580184 0.108007265183676 0.116517429869592 0.0430307711929595 0.188143037014829
0.0948121257187185 0.0521967635206366 0.0861823415404484 0.319499661718704 0.0695470972830323 0.0137609475251527 0.0362795641497921 0.143100996815133 0.127876360119504 0.0567441416088787
0.141415795929659 0.156422292706636 0.0304842010061301 0.1085083426588 0.061649491614398 0.0753898212086009 0.112810440598226 0.178678306855846 0.0456133545877173 0.0890279528339857
0.170511426991739 0.0961230037093608 0.176213470907118 0.0853279807963874 0.0167042113724223 0.00999263460165438 0.113761791299689 0.0290010719625204 0.132669494696524 0.169694913662585
0.0410439164079006 0.127449961093246 0.0774787277988263 0.0971152248176035 0.184695781959506 0.0394149384833661 0.173241766764651 0.0665081137779563 0.0734576514802526 0.119593917416692
0.0356176254670795 0.0826167687951084 0.0514380687702549 0.166908167298899 0.0943778826011056 0.134048628790705 0.0494067071595794 0.170332206528279 0.109182530041725 0.106071414547264
0.0900099407961737 0.157764114552835 0.0944218179276915 0.0654614642476899 0.0108187260763367 0.188159226290622 0.147194830178921 0.0437958451549265 0.00881426387817492 0.193559770896629
0.0912850636212866 0.0171622111080424 0.157613892065963 0.0292564245866135 0.077513440800647 0.107876061337908 0.163894836642618 0.16446383901033 0.159807974005178 0.0311262568214136
0.022113860439466 0.0904975406184501 0.0406497052298925 0.120565913172104 0.145963011466634 0.1653667307629 0.161737051122531 0.0448735659235898 0.157872139627082 0.050360481637351
0.122579126293126 0.0298723747751005 0.067193342334988 0.163511341358428 0.164649983559218 0.122220418468076 0.121944153102579 0.0717433680566157 0.031110408897192 0.105175483154676
0.0348407445854764 0.128624518454527 0.198896393285173 0.0501540371649108 0.239221649352288 0.00266147274317472 0.00496124096944373 0.0897350812045242 0.00625455069790324 0.244650311542579
0.0722999566189021 0.1236836218447 0.165390525417748 0.0764089527343067 0.159493189725798 0.0714430209133137 0.0140575762806515 0.0869667837422661 0.11113211767955 0.119124255042764
0.119069304533518 0.105688193511048 0.156950957429317 0.0323544036618554 0.125448486138284 0.0719395092464554 0.0435014285933896 0.134845249114158 0.132204044548232 0.0779984232237435
0.0591484974576582 0.148490311823179 0.177556556491923 0.188454262390847 0.0467265527583067 0.0146862814941456 0.10228531347588 0.144531555128751 0.0742149287654863 0.0439057402138229
0.0912222215475571 0.0884389262568745 0.167618555447311 0.134029437466137 0.0418354804079261 0.0393777551754806 0.176442491827799 0.0173089902741886 0.112794685862283 0.130931455734442
0.0777951830630378 0.167908387618376 0.101458754567318 0.0313194959472523 0.106126468163847 0.0426165089887003 0.0831783323201544 0.112809236118871 0.121136985883368 0.155650647329076
0.104936408006206 0.0394116271344247 0.0872985136515911 0.178364635036542 0.178643204305185 0.0191690727708595 0.114991386733042 0.181228124544068 0.0654205913161857 0.0305364365018962
0.238777328957054 0.0281187191384243 0.0205702585314383 0.20624971360929 0.0556731453479399 0.194095163767941 0.0127297861270723 0.163165152371573 0.000552408394896192 0.0800683237543699
0.0714501424345318 0.104023404968846 0.175161706627554 0.00574557642764947 0.0444069571215123 0.0647577405207383 0.185927497800571 0.186921182943788 0.0521024289654433 0.109503362189367
0.0812236862280459 0.13897888210563 0.0375853303203451 0.1351882211754 0.0282282804110865 0.097547734813204 0.113688949951856 0.0893174664337517 0.147137163788649 0.131104284772031
0.0137793571720937 0.0403893537951869 0.118111590754731 0.0717115720476414 0.0889342530811048 0.182144385308274 0.136624793646436 0.122098122998191 0.117540717191147 0.108665854005194
0.150749418831134 0.0477308050147259 0.107471467388171 0.160606968171675 0.0059266506402664 0.0631109272438021 0.171047626666581 0.122301677729265 0.1033491875545 0.0677052707598803
0.142878447709264 0.0142937281415299 0.170132325373239 0.0159483133716159 0.170237760316123 0.0586231183670585 0.0853445919370627 0.100936251976899 0.120901957664572 0.120703505142636
0.132086096030118 0.181532842384064 0.0100909950341127 0.19432191101033 0.0346287029963775 0.0790609653666092 0.057825858147894 0.0357756171645496 0.128017576285425 0.146659435580519
0.135153413539313 0.0144053256024098 0.11167456647338 0.092286315798589 0.111826726294372 0.119343739600377 0.0743306754415512 0.068329457397336 0.124103738152305 0.148546041700367
0.141538036519157 0.15510098133709 0.110716287189685 0.11838203829497 0.0415911193035843 0.127065708109236 0.0811059325944561 0.0696224030053612 0.0560811048392489 0.0987963888072122
0.00332978431540092 0.201275091648986 0.00427430814889195 0.167551435800245 0.0468955916052548 0.0412133821098676 0.197780451389379 0.186543495269303 0.054933472227838 0.0962029874848332
0.123777838393975 0.0819632922198918 0.0562327753980005 0.104024842507539 0.116213214938232 0.103572844754647 0.00366123215712975 0.155347063967049 0.13494169727445 0.120265198389087
0.0513595988924296 0.120896732251743 0.139771413548983 0.0599453958868211 0.0817849894320315 0.11126105789897 0.0918813185970988 0.073600299146045 0.14648651030743 0.123012684038449
0.0341090465553965 0.111171295861062 0.123336636091016 0.15536896171603 0.0471725087145559 0.186209495985842 0.0756926336604831 0.051479652302489 0.107385514155083 0.108074254958042
0.0289774191374896 0.0865525211317968 0.0337251037504879 0.15129271424591 0.190040379950841 0.183357647702581 0.0456571749702764 0.09802533698318 0.084320289549155 0.0980514125782824
0.0136083643526417 0.222902436766873 0.0722085178954358 0.0974535850063492 0.144615953001995 0.0993007251350632 0.0512110008201715 0.118026024189279 0.00602876726373821 0.174644625568454
0.160361524582023 0.0944810500729395 0.135378963439798 0.159175805497626 0.0592776192818516 0.0591612199593246 0.104923805510787 0.118274860061181 0.00853908447213693 0.100426067122333
0.137009552756038 0.00653453997089508 0.126682673628204 0.0718929248163862 0.110630503598529 0.0304518396662582 0.16073130174549 0.17749699799557 0.177591916371515 0.000977749451114284
0.131755742283377 0.161043915774963 0.147460829561623 0.0790011859333497 0.156954760344566 0.173983151821761 0.0268019537853746 0.0452179975349885 0.0389946698124062 0.0387857931475922
0.134998070256447 0.0362976207369305 0.0292630096814593 0.0794486174356543 0.10513541546307 0.0815887537155961 0.120537857308763 0.144293949416155 0.113240172303447 0.155196533682478
0.0710940625945057 0.113421775511705 0.0860002662414143 0.0994403086168307 0.0495306173625794 0.11620646656414 0.118194776218161 0.0562818603293538 0.144118568321263 0.145711298240047
0.0582361338766057 0.154688457995734 0.100712811220043 0.135785296741361 0.122344583465691 0.0884185461144677 0.0791418917810621 0.148596383624759 0.0108688136783135 0.101207081501964
0.00610157383431751 0.0647134884440887 0.163070819238807 0.116278984786471 0.162052610274474 0.173193924690655 0.163305759780945 0.051238304136348 0.0146848530162936 0.0853596817976013
0.0973785046105829 0.117836039251376 0.164164100241856 0.0423222479783247 0.116337930002476 0.0404182052140325 0.0720949825186555 0.0462574041046879 0.157093002419569 0.146097583658439
0.0260987257627308 0.0605642827293813 0.112827001601308 0.172510626708249 0.0529139726376015 0.204874525402606 0.120071827054155 0.0675615184393769 0.0384993051915047 0.144078214473087
0.064674615818189 0.0673907638144776 0.014723841883494 0.215993744650374 0.0517423094250928 0.0552949365508442 0.102148688019154 0.17642559134161 0.228131338693042 0.0234741698037233
0.159053989385485 0.120458737517693 0.0285198652927126 0.0203772995745115 0.0274788288140769 0.273862839021771 0.0372092743411825 0.211810481890237 0.0961241399049685 0.025104544257362
0.0141830734669336 0.197114313107671 0.192357095262308 0.0265613987202388 0.165313488979781 0.188493071480247 0.00297486145690283 0.0179517464037778 0.101191197414971 0.0938597537071686
0.171441294735032 0.0395102887691444 0.159136061418097 0.068589169466633 0.032634477277984 0.133616924483246 0.0800629984431856 0.106093350287352 0.140295161566202 0.0686202735531245
0.124247093884719 0.109354076984354 0.151408875057662 0.0175381374631562 0.00383897864694365 0.149277763620923 0.143903875125171 0.117787647036219 0.058397754257502 0.124245797923351
0.0281749708035044 0.00592561953255342 0.156777369684597 0.210939530519225 0.0205296579001611 0.0167299263017669 0.174463359307668 0.116413003016859 0.1479967555112 0.122049807422465
0.125220193705794 0.0482800139714418 0.126683057935588 0.00519927303869071 0.106824516080739 0.111924572745981 0.110424520486828 0.132917605552553 0.120440124483549 0.112086121998837
0.122030848754462 0.107335952695747 0.100613902551486 0.0877906835697863 0.119122766088765 0.122088307154424 0.106386601536894 0.0628778219750109 0.0954184090962826 0.0763347065771421
0.117123772058893 0.0763328296392338 0.0275494953613542 0.0768067543482344 0.139726795495353 0.0874979152943289 0.208231557879245 0.0274788289846155 0.109990802175387 0.129261248763355
0.0717249903245683 0.084429623551258 0.12674877799625 0.122524311791411 0.0911113263574965 0.103573421312308 0.120291321132077 0.0533569907368266 0.142795961379013 0.0834432754187921
0.268906688163235 0.118654276152756 0.0695080874997971 0.102463693207138 0.0345854958843131 0.0116020567667363 0.0387765662291258 0.0530835659751952 0.251841453084018 0.0505781170376863
0.125872300744676 0.18752328498781 0.0891298336011055 0.187781839831579 0.0402726507213126 0.0902126130884723 0.137065285842624 0.0798647160800776 0.00425001529428957 0.0580274598080535
0.128346183075071 0.138096814653876 0.0418417233949853 0.090076535801148 0.0862681681179452 0.135627206749818 0.0653544261814708 0.132036099816264 0.11169137209894 0.0706614701104814
0.124099555285151 0.173565789000735 0.0444578718724684 0.140820189373512 0.0415629843506456 0.191838997746351 0.0593217848104759 0.165424588502119 0.034115290701446 0.0247929483570956
0.128590022370661 0.210221904765028 0.0730431301692553 0.126794162857854 0.0231154581774227 0.0157921192334871 0.0506676221530944 0.123926068979504 0.0949670511863496 0.152882460107344
0.159026730590518 0.0710988202090601 0.111424857844684 0.0141873825786734 0.156919374020232 0.0477909567084693 0.162994025100274 0.098394167451207 0.0889885671219875 0.0891751183748942
0.0832074191038253 0.118210603517481 0.0597867748027793 0.146601678487657 0.0565549117050736 0.0886545218916531 0.13120024274611 0.0597627436718501 0.119210605957508 0.136810498116062
0.144297505831619 0.192558616194749 0.0254530522062533 0.139974706269196 0.135225917280745 0.0531205271177546 0.00910151106210567 0.187827412268599 0.0221271198501272 0.0903136319188524
0.0810552946359428 0.190461538224048 0.00381441124609041 0.0866808372642419 0.0255003076414883 0.123746055537888 0.170361669109196 0.129792071788829 0.00895571003639442 0.179632104515882
