0.0213670736185429 0.0842083021008573 0.22130185987353 0.218327716999575 0.0952841851946688 0.196606627567129 0.0667411488278022 0.0235382366069049 0.0726248492109898
0.196833479781101 0.0768883777409467 0.130480329023985 0.125239749527212 0.0497056001863719 0.0525133148860682 0.0467526900445574 0.170778939094935 0.150807519714823
0.152884304562449 0.112997754202418 0.111757172079191 0.11599485425204 0.142824519239648 0.0403545320200266 0.0766780675538141 0.150704789489256 0.095804006601158
0.0929969638259335 0.164858013030409 0.0928200853113834 0.0667753045508242 0.00783076957832506 0.162703528780419 0.157736193738128 0.116554438417928 0.13772470276665
0.0201830789098899 0.0827446231728436 0.0645671811575649 0.167669128114464 0.141141952557517 0.0411124734331333 0.183375078348462 0.226337083957422 0.0728694003487033
0.0488086270628987 0.0856085302666576 0.121554440221412 0.0658337196815464 0.168807288725612 0.166269793124755 0.0360584971615716 0.206790435680428 0.100268668075119
0.237326931483042 0.0338462880285601 0.229237117250436 0.0120249256083221 0.241568451224244 0.0498755678897516 0.121021394199527 0.0514698976757867 0.0236294266403304
0.128663134604173 0.164703709831013 0.172340723125915 0.142520650698657 0.0328119346832596 0.0430080118965973 1.96880189110166e-05 0.165640763605263 0.150291383536212
0.13909867186402 0.118557295987492 0.151942794449085 0.1780590376497 0.14022810992353 0.0124386097354062 0.0819403807154643 0.114246508660987 0.0634885910143153
0.0653377888009048 0.0828737065684328 0.175551973480459 0.137847389154538 0.155983763783932 0.127224546000406 0.0865619309521269 0.0389416393050383 0.129677261954163
0.0256068194292921 0.166458444984479 0.0685762121108104 0.121025412052804 0.159513941495203 0.143933128882451 0.151589432520559 0.102872296531868 0.0604243119925345
0.0642313932053335 0.230065989162018 0.0319145942696431 0.017078916041778 0.229193650814484 0.0466004200777735 0.205724314559147 0.111426768419678 0.0637639534501453
0.185287319606653 0.0119951730524867 0.213965527859629 0.0503706166426693 8.94123962098084e-05 0.158621775691079 0.0215555712219994 0.21596792947251 0.142146674056765
0.0701651477793764 0.156697022372587 0.156014037298086 0.115462008200877 0.0839204424649668 0.0857934569879834 0.141394232170868 0.103558932834081 0.0869947198911748
0.0234800307885862 0.0609296389380195 0.128442685368303 0.0917619814794975 0.151113160902573 0.123131806871847 0.113110966608173 0.153598064410658 0.154431664632343
0.0659821246872767 0.169886149809931 0.0526374918288087 0.06493746442202 0.147941719573786 0.200656891200352 0.172725892264904 0.0652460943899484 0.0599861718229725
0.0833801420788839 0.0466378741349979 0.171675143076503 0.243243379926235 0.0473926176196732 0.142055437435679 0.0980704999866208 0.13713432224638 0.0304105834950282
0.0481274247275408 0.195600451951791 0.110882056685976 0.116153377754711 0.188651935352365 0.102542960334985 0.0371768567829474 0.168191402976094 0.0326735334335906
0.0686878623215331 0.0203199551675131 0.0398901244299442 0.171309786470781 0.173670438425558 0.240068023110236 0.0959341490150258 0.00577299678090534 0.184346664278504
0.0292830799658451 0.173678516612497 0.170750027316622 0.171951165347477 0.0777376260966413 0.0740920446677047 0.0530515798915862 0.213358157769822 0.0360978023318041
0.0422338902627418 0.244168101331319 0.239861819545058 0.029441430918136 0.00389783733153822 0.0298160171679402 0.182613294257306 0.0336374956771857 0.194330113508775
0.168772594662173 0.106653774220128 0.0646276928349035 0.076530021292254 0.0805991664759248 0.194927688303728 0.144133743287578 0.0466850991035179 0.117070219819793
0.00188126147190101 0.0461953765656468 0.298473986309685 0.0476723656262382 0.369885466525696 0.0990476367232827 0.0138074798087688 0.0628503348515793 0.0601860921172021
0.207775541305493 0.0331323378886963 0.0863342546918061 0.0912773066088041 0.112102877046577 0.141909052491114 0.125958510847436 0.00930079279495767 0.192209326325116
0.00191601786935946 0.1557585019126 0.184354860825748 0.0144526623042601 0.105546941770699 0.194999475803185 0.129962093030121 0.193766515919404 0.0192429305646234
0.0937614667658192 0.116748819600111 0.0849132242193099 0.0187440701318132 0.0601991984711997 0.204983893936039 0.173413876546782 0.193610328612513 0.0536251217164133
0.100920906138232 0.10721239677231 0.162689601004549 0.0665119937787832 0.0738294867075856 0.0847725026772463 0.0849322309003099 0.106786024875919 0.212344857145065
0.116647259451806 0.023026505099253 0.143296434959386 0.187706937161307 0.18703114920879 0.146464532686031 0.0870424094934829 0.0932725098916457 0.0155122620482978
0.145838830508652 0.00348022996309046 0.149968819621597 0.00974132986693207 0.0934404134989234 0.127813449023148 0.162723952778361 0.167927354403705 0.139065620335592
0.10113860418213 0.160172364580743 0.185979523324361 0.0845635793798894 0.0448291906914582 0.0259377751721559 0.0817268718006748 0.185580007019611 0.130072083848977
0.141727131264214 0.155665935850937 0.0453963955777739 0.12862821236617 0.0646218281639399 0.114924414162922 0.0765119830436172 0.149097072336316 0.12342702723411
0.115958211319363 0.156545377052352 0.142287588632976 0.0732904676315298 0.13858280279717 0.144214147415158 0.0722252589149558 0.0794288328295635 0.0774673134069312
0.14473052486409 0.0536459405486753 0.026490658261367 0.211901213192237 0.0738151769658757 0.00416745562352079 0.193383304624995 0.129191950556719 0.162673775362521
0.0527508711494819 0.0892521554519258 0.163153480178437 0.0860471576302076 0.139127236512726 0.133819778583352 0.156878915391428 0.157637059906304 0.021333345196138
0.163785493098051 0.109382830128039 0.206752421423395 0.030277032701368 0.0280504489674163 0.09045544291336 0.0034268948637085 0.195650689304153 0.172218746600509
0.0529702888399758 0.167577862804644 0.134578540281718 0.170424419912375 0.11227721762955 0.00693962415493022 0.178354086688385 0.0104770530986106 0.166400906589811
0.177181932417095 0.0405593975903562 0.171455489503534 0.163629880814511 0.153361023664671 0.0609180405719803 0.0190710861616437 0.0419908447093638 0.171832304566844
0.0778960935890222 0.185908315834852 0.202617173869978 0.0919490111457871 0.0573215343482816 0.132788821759833 0.123820732530118 0.01973720608431 0.107961110837817
0.0344821299121639 0.214774689867762 0.036486607631629 0.011358040828018 0.252561892284497 0.170165918334207 0.0425203394709098 0.195014411583562 0.042635970087251
0.0818547908413434 0.134055137189232 0.0565641293517236 0.154082381018523 0.120204515801713 0.0644627356403722 0.215025154977884 0.173564537140434 0.000186618038775773
0.123077144342602 0.00481156919165738 0.0522773583951049 0.0890359197367814 0.169190533065071 0.110982163356803 0.186067171690527 0.186692329706319 0.0778658105151341
0.138954301025939 0.010893783595739 0.211142167527218 0.0257543944449318 0.155186573226351 0.206015707114578 0.037662367764247 0.0553895449947084 0.159001160306289
0.169276463967775 0.18524695390132 0.0568389938386276 0.00885031021003416 0.163060247033862 0.112369170327118 0.106443072682643 0.0943833759502766 0.103531412088343
0.155686768734543 0.179833873920095 0.0344830848653689 0.0592920853710463 0.138352223986393 0.0929762548547938 0.142262349466412 0.0813082398387864 0.115805118962561
0.133386789795339 0.196037311132909 0.0366270877401148 0.210774728300627 0.0516936387578374 0.0365682037197621 0.155304652623358 0.100082645614374 0.0795249423156774
0.0025463475244833 0.120442167047219 0.125358304897106 0.0420611507311837 0.171857304106567 0.166615561928654 0.118038200322104 0.0782514625242686 0.174829500918414
0.138330314879064 0.107687495437478 0.0742891675888236 0.112567722418869 0.169328417047832 0.0682227837666111 0.0868691935306944 0.155521292502847 0.0871836128277813
0.146352216032147 0.162600621221889 0.00456363822562496 0.1374328910734 0.0332250361631878 0.199420189536975 0.145234964151214 0.0795976081733503 0.0915728354222126
0.177650385561153 0.109163399766801 0.0835691906678364 0.134293353377717 0.176365567081602 0.0884686023893479 0.139384854665162 0.00362070750890178 0.0874839389814782
0.125312739661727 0.130868616996162 0.108275373188661 0.114311803406589 0.0963856192092577 0.120615670660951 0.0974741568565039 0.0726351853590056 0.134120834661142
0.217033244321536 0.212805228102455 0.0944130485379207 0.0188882506057162 0.108460958701351 0.0704459507673103 0.0754484903337755 0.159550418541018 0.0429544100889176
0.110492372292284 0.0474286086075896 0.114095088359154 0.180962414954257 0.163714277164059 0.0601951322872448 0.196790834103261 0.0502491927440364 0.0760720794881137
0.176027536887137 0.138969495219386 0.0296047449340818 0.133725705172347 0.106019859603953 0.00203811020880737 0.168809538563194 0.227297026226103 0.0175079831849897
0.152147725329235 0.204096022083558 0.0817603175968851 0.105678967244986 0.042133043952239 0.0472435893023836 0.12450767129391 0.217244546121211 0.0251881170755918
0.120603916950334 0.0545574424419249 0.0554954176776864 0.161241960415758 0.250739297611533 0.0751930371453269 0.00127095380055189 0.111342915986866 0.169555057970018
0.123120296071889 0.159566823138465 0.0782543411758379 0.054987508087172 0.060449728428333 0.174613915653128 0.214504291723822 0.104563902881227 0.0299391928401269
0.142205959825581 0.14109582848282 0.0124297790449759 0.178930927466564 0.184704589596716 0.0102940489626021 0.101184445932771 0.0886168820170167 0.140537538670953
0.119689277407684 0.0974491999596764 0.151108525661406 0.179026401568245 0.0484371399501868 0.0393539664345396 0.0107546398717479 0.136055111071685 0.218125738074829
0.0201412792403141 0.0251180309204331 0.146168586212073 0.285503140009588 0.0359049981762301 0.0962138363299064 0.0684457023737537 0.0552443557335407 0.267260071004161
0.174555303927416 0.0992726317993737 0.0170370702206019 0.0992345793491262 0.109696401222536 0.16897052975753 0.156520393698582 0.0310019642007437 0.14371112582409
0.00368633248616956 0.310656247637691 0.0649396415117101 0.098407627610057 0.0592598787212138 0.0200282323089593 0.148820871978934 0.102287232676565 0.191913935068699
0.136435501383078 0.190920049334362 0.0763245948806857 0.18933547908473 0.0681770888006759 0.0699672554055512 0.00367439726042277 0.18732139179838 0.0778442420521148
0.153256833263553 0.0954814419725254 0.019539874448944 0.190405889527866 0.0537049928976284 0.0398085238545713 0.183283257249443 0.0611430463310709 0.203376140454399
0.0936328050341062 0.197078439658391 0.0524236864203912 0.0899355408611196 0.185704717794213 0.0232555061353908 0.17050060061181 0.028691678843302 0.158777024641276
0.0505840741092956 0.239778124143595 0.0676184586502288 0.0217351806512079 0.216526055817964 0.118456842005676 0.0407569525433493 0.0199889057028505 0.224555406375834
0.0512321083731647 0.0228130890780057 0.0336989128615008 0.183394130738547 0.211234211239365 0.104612916859065 0.175961105310681 0.156456285746291 0.0605972397933805
0.101271766934164 0.095989882774118 0.126338626658281 0.014259729081607 0.136552287316278 0.129392226579954 0.185259967485737 0.126374989783195 0.0845605233866663
0.0852210740615752 0.0884100249211217 0.0466140825523165 0.212129609970045 0.135565399396126 0.0949882993605756 0.0425729922076464 0.114976378094707 0.179522139435887
0.0401164243984602 0.0926318822889034 0.19579175956871 0.205847473325245 0.108593271111742 0.0179713201053271 0.157997269309254 0.169367930876681 0.0116826690156763
0.0516652833422412 0.117393032587067 0.148868551616909 0.14305692761069 0.0324306611510428 0.125964216944195 0.103793428006624 0.17061737086524 0.10621052787599
0.137644899489793 0.091124402338805 0.133489048969816 0.146102779601469 0.0937116919303973 0.149279094344729 0.0721347100818676 0.0292981725358886 0.147215200707235
0.176979926291471 0.0612304810232105 0.0344244750415608 0.155433801750402 0.110226653579453 0.158375185069344 0.0547695612572909 0.174191373928791 0.0743685420584763
0.0428043472299402 0.129994220668364 0.231547192625438 0.111941446581788 0.0713108841653608 0.0409401361062775 0.0422079219620593 0.230674338331683 0.0985795123290896
0.114288894054489 0.0735576655121423 0.176769096720175 0.0474668105029305 0.0153100099459707 0.0496034424052724 0.209713974651579 0.161024931635404 0.152265174572037
0.0136580495800713 0.0658214047489196 0.166317438300132 0.122743722780162 0.196444776981619 0.0935512522555916 0.0199122951463638 0.138937042867859 0.182614017339282
0.169043524604099 0.137375249005957 0.142021198425391 0.0255340367417601 0.150284690273767 0.139755146464962 0.221687794787491 0.0114826555162826 0.00281570418029106
0.0106011403878924 0.0637232900289073 0.243781604603703 0.287226024892371 0.0534069844042486 0.0575310448725271 0.0517785662544329 0.00700441076405118 0.224946933791866
0.0725292868172218 0.116302661165692 0.0529182031073694 0.173703518774943 0.0737233493594258 0.0924626524188147 0.0817146807327464 0.150354134773476 0.186291512850311
0.151710211119069 0.046535843041446 0.0762701946994793 0.121076213947044 0.218379323128472 0.124414559086478 0.135629603775633 0.0234220546942876 0.102561996508091
0.0397065625258155 0.104879459841419 0.033827878717158 0.150231846074888 0.134656021649071 0.13166885207191 0.126938060568151 0.147366037953352 0.130725280598236
0.105603309578175 0.19207575682865 0.0715905551842846 0.0176738723328748 0.0564000387914589 0.00585765321873069 0.194718868589836 0.174367614169008 0.181712331306982
0.0101370059770412 0.155899362578416 0.0938024986892387 0.0470929360355995 0.238033912581011 0.0710805661694533 0.0964452409641385 0.209292607227795 0.0782158697773073
0.0145437931279474 0.177177259453323 0.0322664148655565 0.185304256509116 0.155423513679191 0.0111715796588369 0.11387016242969 0.140280195551422 0.169962824724917
0.0665023655478005 0.0154715482948359 0.19862692284843 0.07767043235981 0.218971073530446 0.033249464704097 0.144553928477092 0.174936047475952 0.0700182167615356
0.120507477170323 0.107270885799112 0.0485434901731732 0.0390870753669462 0.139270445296418 0.137958959808096 0.164339724185373 0.075531875390459 0.1674900668101
0.0771752073002552 0.0170439088161197 0.0974970315159807 0.0538691245775484 0.135959298075875 0.0529004675495083 0.177366616462823 0.225602618325264 0.162585727376625
0.0672394386974794 0.0818581133597987 0.150626313285661 0.198522095570088 0.193866390951155 0.107476611712019 0.137292300371433 0.027688547097434 0.0354301889549315
0.12373976988615 0.149584235838296 0.0263542102974112 0.00584944781624929 0.179413929774226 0.163546352043351 0.132710968976148 0.130991632104407 0.0878094532637616
0.0191782138851511 0.213127120925366 0.0989623934234555 0.115234628144735 0.140337441694182 0.189704057892346 0.0517200657451231 0.0235485763432046 0.148187501946436
0.0671814359658344 0.103364974038058 0.00898299169144425 0.292083826432282 0.112386417462956 0.117593359954789 0.244824652365338 0.0529875814363058 0.000594760652993828
0.226102161968553 0.118827664552573 0.142102829208294 0.0720221986558404 0.0800382552488043 0.13219035404378 0.144811540365633 0.0236797477043324 0.0602252482521887
0.119548681903234 0.118738559183101 0.154358424704009 0.139771581904153 0.147447989975865 0.138667337389319 0.11887100769465 0.0353333527965126 0.0272630644491544
0.167264662461949 0.112977772850767 0.155409245800095 0.116033029921219 0.030181742710354 0.142528159841225 0.143417735631983 0.0864252965831658 0.0457623541992414
0.188827202672225 0.0916503756339901 0.0910735323092145 0.138532978750151 0.196708834048783 0.0271635667629543 0.137979594440446 0.0405112917672927 0.0875526236149426
0.16393485421317 0.28935338901757 0.036227193840165 0.0710075494086411 0.0313221594332638 0.0377132664288489 0.234559319670709 0.0568020289342037 0.079080239053428
0.128512098501938 0.0408357073731877 0.137505100337617 0.0619977891978631 0.16064027490557 0.10643076143711 0.113462546104541 0.128416343748864 0.12219937839331
0.134539495404079 0.125297515178573 0.122764369291089 0.080357641294718 0.10994763963848 0.137944464737173 0.115042695754797 0.071254062312114 0.102852116388976
0.106530452132009 0.0777774160343773 0.145782515872957 0.170303544124634 0.0207552719088731 0.217342124225881 0.0721909040786764 0.133704212197429 0.0556135594251634
0.227874409106749 0.0473842225290518 0.200727906445045 0.15971648682637 0.164680523796115 0.00570111746647419 0.163654230462937 0.0113572394768137 0.0189038638904448
0.177630050596489 0.127343543101869 0.000898162565622484 0.284577782353818 0.187561647185863 0.0172851146614967 0.0176791694631363 0.137878216509895 0.0491463135618107
0.207048876989333 0.0429310538780771 0.127398747507161 0.0794278941482204 0.0625433784436131 0.0323773024187147 0.128966733232828 0.0870889039312908 0.232217109450762
0.0479515413546904 0.00329658771593154 0.0066006537356902 0.229911875625473 0.0613748815704965 0.0741935664881108 0.172322347394797 0.16172512537366 0.242623420741151
0.141779648912975 0.16580712270455 0.0780044552009063 0.0934315733102514 0.0622921116915638 0.125032178419792 0.095244703687249 0.0445824663887913 0.19382573968392
0.104833118357222 0.182985980049198 0.0482845092185469 0.187546884089179 0.0329544431603629 0.200398301577001 0.0482612560127508 0.14704540335704 0.0476901041786996
0.163047711591091 0.101824248476466 0.110046075585135 0.092341626000315 0.135051462779303 0.0458992863068422 0.0567198506022537 0.0994925855500969 0.195577153108497
0.00104281673913411 0.153498831732022 0.226011697265102 0.14321079525594 0.131775530539747 0.0608287508788333 0.118692278946163 0.0175406019060852 0.147398696736972
0.101005855021616 0.129420405808563 0.160662494061818 0.0408019576773033 0.0198451959115259 0.0991170145384896 0.037912272375007 0.15925943473675 0.251975369868928
0.163431740983563 0.059315480288878 0.108803200294579 0.196092041302312 0.0464297804956428 0.0746179773012118 0.167145511756677 0.0993600490235317 0.0848042185536049
0.128603920400821 0.151231037736948 0.0892289251361975 0.166785466981453 0.022753115867623 0.0387434951550723 0.0841683727902987 0.264150386346464 0.0543352795851224
0.0695856683119382 0.0974892993454457 0.0651936971295537 0.165331448135904 0.137489169955847 0.156049640933083 0.105540405496324 0.0952641738935373 0.108056496798368
0.136201804421205 0.155372872657855 0.178065047427542 0.0441079409480668 0.147127328754246 0.0626239437356751 0.0661555425741605 0.0409286033892735 0.169416916091975
0.124359546723189 0.205832270170765 0.0108356800220603 0.00216759468224994 0.168450618104248 0.0141076388820613 0.117000318857529 0.206060438952504 0.151185893605395
0.142052448570461 0.196512968031368 0.0800168873877894 0.0352498909635728 0.175647360231796 0.0861416898398254 0.00264219390339531 0.116027982241655 0.165708578830136
0.13407468930781 0.102514946864819 0.178235133295804 0.0111171495648239 0.165218025940015 0.182922766122596 0.0229362025359193 0.120298329659023 0.0826827567091894
0.192081178230514 0.0531849438789766 0.189288763491623 0.035782998832732 0.102933712244256 0.177896177725026 0.184999884934604 0.00958638904083689 0.0542459516214316
0.120341180671723 0.0716618979631639 0.127568333763494 0.119311897704279 0.22302176643452 0.147095190327772 0.146543812365073 0.0164192081121128 0.0280367126578627
0.0071510165095359 0.227022080703617 0.0140458897041385 0.123654613540912 0.0451029624213226 0.00495270807144255 0.195555691710696 0.04082560101017 0.341689436328165
0.0649039208132272 0.134951734344353 0.161202487924846 0.223914710308984 0.125729628321294 0.113751700432086 0.0626816013819549 0.0101445874281653 0.10271962904509
0.00262759200511005 0.176030640113428 0.097652566320558 0.113451094625296 0.0738155717346212 0.243376480352346 0.0636914106450523 0.143832357654578 0.0855222865490105
0.171639886556554 0.0743884252766284 0.150415680098964 0.125904726253702 0.0580993130320642 0.184415558971903 0.100743987453875 0.112769820930551 0.0216226014257572
0.0719411780065115 0.0274641713981828 0.148428069535199 0.00900093582387789 0.246318386026595 0.0347420248699597 0.137413888163057 0.0771787214689338 0.247512624707684
0.123929974241938 0.144762938060181 0.0428304845081081 0.151650690908393 0.0549735712846932 0.0407007067693043 0.142235673296622 0.158972763023159 0.139943197907601
0.0620139549100841 0.0419793222455558 0.0244195745237328 0.0219865476037158 0.107445460758127 0.195457490084873 0.0486633797018826 0.226763978751504 0.271270291420524
0.0662884997263227 0.136238082002019 0.084024666279391 0.18518682951661 0.0316475807627317 0.0696806889861868 0.0814560837003778 0.0844851776367086 0.260992391389652
0.20055227998007 0.0820627996636462 0.0807999987321163 0.152871805239085 0.0925059950747422 0.143725524015298 0.103779743647359 0.00451763576370891 0.139184217883974
0.0609171513824134 0.154080377521437 0.197727703971731 0.123410676882432 0.074196536093238 0.157808366969769 0.0854546099908412 0.0102774327381572 0.136127144449981
0.152961835215308 0.0157367757676427 0.269064563085016 0.119445457426335 0.0598878668438968 0.311024813026596 0.0349857625363567 0.0217737957316321 0.0151191303672177
0.149644030356419 0.110342808685313 0.180206446089861 0.168132790988273 0.00540492488668776 0.00342756032319486 0.0635601428131974 0.261015511505758 0.0582657843512956
0.139904128660805 0.14452966699083 0.0903009215986063 0.129610005642169 0.0535506995557055 0.166394567497752 0.0525648695423964 0.135675592391283 0.0874695481204528
0.0473667180615556 0.0221241631772115 0.0495653330100981 0.18660999718803 0.144855063690607 0.0660400690907927 0.138536256708578 0.226305080834334 0.118597318238792
0.10066048602222 0.153019903099646 0.0538112080281776 0.177276170129529 0.126278642890581 0.0664745629147258 0.165362444019903 0.0336615570323126 0.123455025862906
0.210416833068436 0.0471555321367573 0.0667229360063408 0.00248111062991658 0.121315494773186 0.104413520990907 0.128365001139265 0.224759956844304 0.0943696144108869
0.0644454715794756 0.117097437576646 0.0394917343359866 0.0170141054860114 0.0909766233586475 0.149719427980628 0.171158410179904 0.122869687636693 0.227227101866008
0.169528115476858 0.0598605632552264 0.173359646189098 0.00626633732467121 0.150872397910543 0.146382524975772 0.0649602576604958 0.0502075123209546 0.17856264488638
0.18333099925329 0.150459563686045 0.105027855394822 0.143255815265224 0.0592715137284993 0.00336110145612183 0.210469896558503 0.0755072871533963 0.0693159675040971
0.0803237845318801 0.116241712212643 0.177418983748499 0.0663498625656931 0.137675488642334 0.0674468369894298 0.192641627017715 0.149362642088509 0.0125390622032972
0.0390443439001981 0.0485427519739653 0.258772145675015 0.109423702444748 0.139302086168195 0.0625510579775921 0.00467719772255753 0.0513995541436606 0.286287159994069
0.0737025020338889 0.182093581444302 0.0321082578290028 0.00588142982712487 0.214833307279318 0.041163507994321 0.106767514011657 0.133668124663491 0.209781774916894
0.13272878551402 0.0831083251315664 0.116488943182925 0.0113707661803888 0.125629567960754 0.144061772369796 0.137115236331828 0.135696866633449 0.113799736695273
0.022132372172265 0.113708473025379 0.0966357714049356 0.0859855956262468 0.15651203613688 0.147486815748994 0.0548090276993912 0.179499882236468 0.143230025949441
0.149121787062772 0.219654183439762 0.0433849135745649 0.108729081746705 0.0169037587320064 0.120723991097705 0.102685488582583 0.215943708619623 0.0228530871442789
0.0113387529931188 0.00418298728307353 0.11635916100176 0.196656417241253 0.14729130727183 0.117291316966787 0.191893883192994 0.135898896426557 0.0790872776226274
0.11236127931987 0.109498791692056 0.113966450379978 0.131504309728692 0.162225464210016 0.0380075954304784 0.0709469862868543 0.160899709139303 0.100589413812752
0.205837237020866 0.257936933041402 0.162769867310117 0.177933726769191 0.0399157208447514 0.0185996734827935 0.130274764466958 0.00531830068444813 0.00141377637947305
0.195185499927564 0.162761035685952 0.00162692058204411 0.159715323280116 0.0988294331982504 0.145180649421974 0.20229232026881 0.0252220235523307 0.0091867940829581
0.242015113923193 0.0788400620608135 0.151101867817741 0.154953339811089 0.0143459370336104 0.146786438786467 0.0503949759662727 0.0266940600278386 0.134868204572976
0.11038209192289 0.178318627144257 0.0443144002577352 0.177354542750421 0.0913505900899565 0.145559569951504 0.128406410399611 0.0937112102359448 0.0306025572476814
0.103967452517192 0.167906989441885 0.143499768535291 0.0351610681527822 0.0895125902980193 0.0783998400240314 0.0896145419046841 0.181974637605822 0.109963111520293
0.109890529474573 0.0517791368034184 0.119488950181019 0.240007315325193 0.116758022158613 0.000572525640857476 0.183823423508618 0.0318536624387856 0.145826434468923
0.118430485685148 0.0721647138993823 0.0117182073427568 0.0405694458516213 0.251974153802714 0.322324118583469 0.0512644467813966 0.125952824697176 0.00560160335633615
0.261344345905593 0.214639368404409 0.0481251924517977 0.0465865679970484 0.177421793421286 0.0763979686965801 0.0422997498156644 0.0690288052141273 0.0641562080934941
0.00882206765553315 0.0112694384791963 0.228879276374994 0.0908323244975082 0.0861464971400771 0.16534814075903 0.065185316389087 0.0986816771182611 0.244835261586314
0.0196234525212156 0.00437174383951255 0.144198260910722 0.0023299406569368 0.157833644516755 0.229747331550606 0.0636933505682464 0.146813818204788 0.231388457231218
0.0844348334564202 0.176013735420601 0.122196960148394 0.102321941276577 0.124958959732089 0.111337416634777 0.029630328731996 0.200970509272344 0.0481353153268022
0.0859488766574589 0.135279716370538 0.0982347327728996 0.205399225031359 0.198877521635092 0.028881324485485 0.0982820414340123 0.137710123646142 0.0113864379670126
0.163632832221791 0.156534893564201 0.228003660443965 0.0448382216459087 0.126293045714896 0.0439791184846024 0.0620181090990946 0.0100556044038188 0.164644514421722
0.160426706281842 0.0873444761199003 0.112870328361384 0.0436883198643694 0.11018237196616 0.0621138998169557 0.100169442278027 0.207058613804847 0.116145841506516
0.0582456759423016 0.127425310871263 0.110865144877669 0.0502782197435326 0.125927826593832 0.102566015816696 0.131760839795798 0.144980968427538 0.147949997931371
0.180731015523417 0.213233336969161 0.129543390936396 0.000268891810979626 0.101090628667265 0.0449466725276113 0.0976711229160495 0.181319222296353 0.0511957183527671
0.17270730734688 0.0988548322262937 0.0351714344942667 0.133013133914055 0.0265688042037447 0.20701469889305 0.183129949660089 0.134032966923133 0.00950687233848745
0.18796679450471 0.191730792178301 0.091168947987721 0.0417956761504757 0.0846723263760128 0.0822059463734216 0.0332337302987362 0.155819618551817 0.131406167578805
0.11069192073312 0.106977622431834 0.0242605505513427 0.115307597783541 0.0132659333393318 0.19187752620918 0.145400583858325 0.198435558744759 0.0937827063485659
0.119816447710111 0.131710255802922 0.0893164490090217 0.118660943356598 0.0236875450519038 0.130677579523277 0.0116630303319295 0.182954233474404 0.191513515739833
0.0274868739703566 0.0296223661934188 0.176807111901873 0.220320444228289 0.0218682017489436 0.213267179337922 0.111007599912813 0.0876650213416639 0.11195520136472
0.0570818125332983 0.189892912008736 0.199287007835417 0.145236731424933 0.119139638595862 0.0882182707266928 0.0222466147728214 0.0572467818272417 0.121650230274998
0.127208726951507 0.163315364633478 0.135915986122398 0.0146866808875856 0.0306634269302054 0.199436267602942 0.088002859504914 0.155137259429499 0.0856334279374713
0.183611613255309 0.0659765623769101 0.0530424162017547 0.183138901083124 0.044012496761457 0.148031415909127 0.108466339767698 0.177616584157456 0.0361036704871642
0.118214343618183 0.0470019828467277 0.0880835958860631 0.135918162976529 0.172782386331642 0.16019011460446 0.164967780454429 0.0219611053562417 0.0908805279257252
0.00339169780451081 0.0875053183624813 0.0736643691309231 0.141762809675662 0.0942205336598706 0.17162989485841 0.159605721068007 0.100724251672644 0.167495403767491
0.22267448187846 0.182118485411008 0.000507434132488152 0.0904462527893129 0.0463237218924359 0.0628282493592214 0.0358641354485665 0.132956909451362 0.226280329637144
0.143996777686602 0.0730853228458485 0.146644763303527 0.00477182184014747 0.168561191577917 0.171584313491767 0.0524894170417442 0.218755147693836 0.0201112445186114
0.110025097972934 0.0942008754668738 0.093484980795563 0.124785926262788 0.224154532214909 0.217174379226259 0.00395867209561725 0.0414706165305328 0.0907449194345225
0.0021780034186594 0.090945702224567 0.0955238278100427 0.188851665798374 0.109653833519055 0.170383660352973 0.0894242085101968 0.218942677597634 0.0340964207684987
0.0778422472955847 0.161222291621592 0.123887892735745 0.0408647255644911 0.0352420221956002 0.162827276278204 0.149268599293787 0.204435145941404 0.0444097990735925
0.0205488681402701 0.0619338575185458 0.0969831822494255 0.0485164816249085 0.182501169585898 0.102309330178688 0.142822349793148 0.160811321558851 0.183573439350266
0.0721496387335271 0.126210391530543 0.0895364572748778 0.0930193050341443 0.119831665971617 0.113953867693067 0.0846558150489092 0.150746628010098 0.149896230703216
0.0273972684010076 0.0807854028610358 0.162671300390061 0.0545073950445693 0.191526348246966 0.0117962084883527 0.00331774318709401 0.222235681460288 0.245762651920626
0.167999129636649 0.177606940579889 0.0925914630200204 0.0445901877961212 0.0619861814944654 0.0422984145840251 0.129685642324016 0.215625969839976 0.0676160707248368
0.155221324955974 0.143555517674472 0.146657934804329 0.101890857138326 0.125918804667189 0.098735202471546 0.038482970997049 0.106989160352159 0.0825482269389556
0.0382760741326326 0.183968020712792 0.187313070277406 0.0799290684949246 0.0479389503649365 0.163033501181049 0.0872460310586198 0.0394231151716807 0.172872168605959
0.0604332574077474 0.0198699367312155 0.19434709297469 0.0557033239399697 0.192701731440529 0.00507092361130353 0.0380104018858091 0.214301700107241 0.219561631901495
0.168773058703132 0.100276681469497 0.0170296901184539 0.0936472575345244 0.142400578458941 0.106272712017841 0.136343924855367 0.15802094319693 0.077235153645314
0.0734063178154887 0.0531175348397278 0.146004680835075 0.096830192346948 0.181101330475176 0.161933690338286 0.0439175736186536 0.117156707627405 0.12653197210324
0.21439748379629 0.0978355966310136 0.218183109952408 0.00173570443629759 0.0690455952044653 0.127287503388861 0.103332594784452 0.127145317168389 0.0410370946378252
0.0791449175483446 0.00869225468329314 0.139727961241802 0.116395880320638 0.194734617167535 0.0400569228908879 0.226720186581181 0.172066985833069 0.0224602737332495
0.169951494464883 0.175098780302108 0.0631215530340072 0.148080639114799 0.0325026247503842 0.0899361761805598 0.100498997177331 0.167018301454981 0.053791433520947
0.0935679325084222 0.158774409042278 0.0334040622390927 0.0447232291893434 0.123887131451289 0.153356251982724 0.0710511136752382 0.143898717302172 0.17733715260944
0.114173376185944 0.157773706196272 0.105312451622636 0.0739262623123008 0.140207547514765 0.000547956504440685 0.154032442547455 0.154203654510067 0.0998226026061195
0.0172064967100834 0.0575249995792784 0.195593543341077 0.199353310386911 0.0567161254059351 0.169651177916942 0.0741042392300143 0.0926898869527277 0.137160220477031
0.146826766881985 0.0737923041887462 0.0760089355136116 0.00885997019641508 0.129878971524263 0.0920213096021645 0.157415432580982 0.164845467798801 0.150350841713031
0.146776921934948 0.11083825932904 0.0701195909428629 0.135770039125505 0.146156605475737 0.0579490502999299 0.105107589378966 0.113682436423385 0.113599507089627
0.0876245210864171 0.152885743019492 0.18070559118177 0.11506073071717 0.051144246323323 0.13599916354844 0.00730508942703111 0.116037692038071 0.153237222658285
0.115988487421568 0.0384710773440924 0.165836503044363 0.152582083610313 0.134070753317211 0.198927583621912 0.128146000634523 0.0167556042206749 0.0492219067853433
0.030092693421035 0.00596693695344211 0.118126116119731 0.0296514989925974 0.217890876677122 0.170569506323178 0.164708600948582 0.152636703036102 0.11035706752821
0.206739024015689 0.154244565416837 0.0138499079663936 0.207633513262735 0.0268033345994005 0.0501417070008098 0.241553405048179 0.07396429890017 0.0250702437897865
0.097887103637829 0.0782057626636259 0.108951209459357 0.108373567168858 0.0817600090313875 0.16819836647804 0.155002656909039 0.130580315633145 0.0710410090187193
0.15873605056191 0.163601120996321 0.0733744795765937 0.0565337024403601 0.071937694707728 0.144061951636962 0.144815002506154 0.0790878158402828 0.107852181733688
0.0318460335872807 0.0807445049583793 0.0669771567192432 0.0558103020262145 0.165055224637652 0.245919940013075 0.12701548856357 0.000714263025404664 0.225917086469181
0.108010058361238 0.19430377578749 0.149471454287531 0.0654694678435269 0.0326746793931373 0.101183379386602 0.0523431262371228 0.171683320871595 0.124860737831758
0.0584987672267117 0.206699780184115 0.110053068077649 0.218361136673841 0.195740470840499 0.0375210217981925 0.0631378902732747 0.0507674891552065 0.0592203757705115
0.170191805473839 0.160094161175426 0.12356235856918 0.29193859525551 0.00397265990141973 0.208245026377581 0.0312472884855796 0.00565481993313347 0.00509328482833059
0.108223168273542 0.152153016030751 0.0975206770732255 0.095906305458175 0.0795236148230545 0.0653708950667325 0.0495843047263971 0.182919877833138 0.168798140714985
0.224446998615492 0.0766772735192058 0.189328923099952 0.154665027906801 0.0828045960073391 0.0208108403240654 0.168133545486708 0.0290326606725876 0.0541001343678498
0.0935900560129114 0.0881789292022021 0.163219144794294 0.138328316374309 0.120346168788681 0.114888585466368 0.0674412850234487 0.115236750852402 0.0987707634853839
0.131196702664684 0.124122614947281 0.0837750814700293 0.127832530296911 0.195558239892185 0.119219087568812 0.0271436228846568 0.0753033960931479 0.115848724182293
0.0278739336408796 0.0276922509451709 0.0514629243216299 0.0496946857929108 0.207937243475475 0.114290610607305 0.162706072322996 0.0627797114712661 0.295562567422367
0.0647968389441516 0.19004431710558 0.062374526485221 0.00112207001090601 0.0465889062389971 0.18400009891807 0.169769874026797 0.148710813516609 0.132592554753669
0.0970230491330815 0.00811590549465528 0.196085366459755 0.09075024510085 0.14653161953615 0.046246275637974 0.18044552391717 0.172911283193761 0.0618907315266035
0.0669118166888523 0.0781984899146049 0.188369580272305 0.0700746439430576 0.18381206115897 0.018734013546039 0.0422812330276778 0.146802508862251 0.204815652586242
0.103364910899995 0.155203455910343 0.00896915626070964 0.168816617935521 0.185057304663542 0.149716446391549 0.134942513777083 0.0901025718138334 0.00382702234742475
0.0597772600231032 0.0522800478109757 0.117957851764829 0.161268026471727 0.0996098642107432 0.169725740511928 0.171955871189151 0.0965073445531248 0.0709179934644185
0.143026949461392 0.205324299891276 0.147610687233937 0.0909455001840456 0.19769946841789 0.0568866363760756 0.027660365391116 0.11380109989068 0.0170449931535882
0.102583635789087 0.114824506732925 0.221212060172655 0.0197376542046958 0.161287119099532 0.0125982646888703 0.0991044236435204 0.199088332590038 0.0695640030786774
0.12774135351988 0.0495649888588681 0.0735366484215674 0.217976219045396 0.0793369761372187 0.0150584066339609 0.15561743641329 0.0784769250380408 0.202691045931778
0.168191563076184 0.0555972282737093 0.0157097624522673 0.108018672282166 0.0083872316185912 0.189915352579442 0.15920813647892 0.0664095783930016 0.228562474845718
0.100555481975261 0.0494358380518171 0.124781991052962 0.175964480022474 0.202161841414675 0.0435033645831007 0.0573459676217383 0.115711851098581 0.130539184179392
0.174325565452379 0.168465026746766 0.0500397767061553 0.085073651632226 0.175699936075343 0.0740544773641806 0.183658912747618 0.041526448769239 0.0471562045060935
0.0785885007504786 0.151256123302423 0.0919703294502846 0.0959246063689745 0.199636801329597 0.00465217149797741 0.0986568097311504 0.154169343752777 0.125145313816338
0.13878938830894 0.0567483388016505 0.133824957041597 0.0440829942114055 0.0970315758792041 0.0378254993803042 0.234497296534628 0.245475308252513 0.0117246415897566
0.0652417480000411 0.100288048092222 0.112190514242657 0.000480669815625148 0.130793393843501 0.138334800647679 0.14077919753214 0.141155449946623 0.170736177879512
0.177648689228718 0.0950507932550452 0.0268243882948949 0.155654312262434 0.173919690006923 0.0947069900736396 0.0170949620187012 0.149247229222055 0.109852945637588
0.0653101182249849 0.0813943649830976 0.202011214853222 0.209148062811362 0.114947325548818 0.14609087250931 0.0162161577717439 0.154154865047353 0.0107270182501084
0.0581145050153653 0.141224234479478 0.104353821585795 0.179673324755521 0.143227857467192 0.031013005151647 0.0309962457019541 0.151715832423334 0.159681173419715
0.12788067555386 0.166325664630915 0.134724908156892 0.107578522359858 0.0657424251901193 0.0742574881394131 0.0432218319752498 0.113533099727482 0.166735384266211
0.118973909784498 0.111972938882533 0.0997408596371575 0.0935778996339647 0.0554323629781385 0.123731734285326 0.0899629142752105 0.12666565595506 0.179941724568112
0.0105543760749591 0.00466380173175172 0.0125445720474436 0.117326393102459 0.292947092010208 0.191546347965124 0.0348684428224385 0.11028059268596 0.225268381559657
0.109342150093311 0.0459458554172083 0.020803825035568 0.167527903647264 0.131561225436002 0.146226048968958 0.168899471938464 0.0822846560285956 0.127408863434629
0.0904858036513805 0.137051275097888 0.128475962552683 0.121425704176839 0.147463322892459 0.0533656032246462 0.110249644918725 0.14065900697248 0.0708236765128994
0.0572306262790357 0.157056422403776 0.13044966545414 0.114930251434543 0.138835105900163 0.112669707380285 0.0403654953219727 0.127742345499132 0.120720380326953
0.217416559685091 0.0524491818867277 0.12971112173479 0.138302466322183 0.0231859985744175 0.086639392059996 0.0752491931082612 0.0698777545795982 0.207168332048936
0.165784838118428 0.11416655359083 0.164946118715783 0.131202701791198 0.00769658204434391 0.126713924154088 0.195985954384316 0.0345031121888314 0.0590002150121828
0.164522720797161 0.114885184132794 0.143447621817305 0.138270137950748 0.0480114857382558 0.0811962104459808 0.0459220331561146 0.163833617395818 0.0999109885658229
0.0368822286414392 0.120175302147516 0.144807065635114 0.0509165444659477 0.0498408873339893 0.0453299125765071 0.198572138073747 0.180833179646608 0.172642741479131
0.0372337733707289 0.145683746222013 0.224857063736112 0.185335680239947 0.157185780108932 0.177985422481221 0.0335126356174799 0.0276881989291433 0.0105176992944223
0.192506961907289 0.00179653988149888 0.0627778732246351 0.202457235381844 0.167241451021021 0.136694264536143 0.0644444285953618 0.113511095694642 0.0585701497575645
0.179849556418446 0.193634716840062 0.0145691648438956 0.0744978065367154 0.136335010262406 0.15944672075351 0.0285942519722052 0.163528757523936 0.0495440148488234
0.144817528994872 0.0288962325890043 0.115994367497876 0.0571522179847526 0.193237238926802 0.156688336082355 0.111577330893977 0.187740701359784 0.00389604567057684
0.199546700265709 0.17241416730174 0.0383034001415931 0.0857904427475504 0.16025321369553 0.0480883448069529 0.12702001263371 0.102337321330337 0.0662463970768773
0.160438900621024 0.0617982334560965 0.0103765672074451 0.231464304342888 0.177462223390049 0.0470994407443792 0.105151550544785 0.0891439616918135 0.117064818001519
0.147585357724572 0.0834648544886337 0.0691550720736071 0.117563881307876 0.122615684837398 0.0822368068582548 0.0602999796804806 0.075690464128653 0.241387898900524
0.166634944683956 0.0516295021390558 0.197213031975824 0.037525060818439 0.185810690573797 0.050205617578074 0.00444885887198589 0.0748268526804964 0.231705440678372
