0.318961743916532 0.00335762576370212 0.160246141800087 0.312135357873551 0.205299130646127
0.125397552329315 0.402383466069504 0.169195313072021 0.0267639238597484 0.276259744669412
0.365366820774763 0.217985392597727 0.0825397060973742 0.075911192870505 0.258196887659631
0.146431069297258 0.240793971798202 0.141731056212339 0.266498706455846 0.204545196236355
0.151646714668165 0.266499102270005 0.237238766258716 0.213992268406425 0.13062314839669
0.171932079463922 0.328720612130774 0.0779997177504965 0.0505630947374664 0.370784495917341
0.11462809255084 0.0337055974802631 0.308836475849577 0.222511175718896 0.320318658400424
0.0336948368032845 0.374681398052621 0.174753625802708 0.343496687677429 0.0733734516639582
0.116763093330344 0.361222093663644 0.37730724385797 0.10692806614204 0.0377795030060024
0.0690996271666492 0.327556135418303 0.302848754778807 0.266928366835446 0.033567115800795
0.0725979430535657 0.180399831875895 0.264202409411221 0.0746115453104211 0.408188270348898
0.176230997771111 0.270971284250634 0.315284819304292 0.0179299581555687 0.219582940518395
0.0314047232976996 0.396781528637399 0.17417954219336 0.0637039570350439 0.333930248836498
0.223880050946507 0.278127307802985 0.149697211265787 0.283111112152615 0.0651843178321062
0.056809455287455 0.118817619745399 0.19986166003144 0.198168916516188 0.426342348419518
0.339554697163589 0.0524917623469526 0.182665800968361 0.124911944030977 0.300375795490121
0.347161452114552 0.212541556574983 0.0143126781404697 0.269922289420239 0.156062023749756
0.12978995734136 0.132170611202085 0.339779429889615 0.274610634991858 0.123649366575081
0.0122659567317915 0.321131841098885 0.132965292816604 0.23012415878228 0.30351275057044
0.131430844931618 0.2561154638413 0.219275125967101 0.121207380699423 0.271971184560559
0.276700958380136 0.143670557008233 0.236811796596729 0.179659479956562 0.163157208058341
0.327180716387238 0.22750274513858 0.144481641873403 0.219515242324739 0.081319654276041
0.106728650758377 0.349909850011456 0.281290028870579 0.213532488893017 0.0485389814665712
0.0190102019675661 0.250419711974018 0.232760410708231 0.265301409434194 0.232508265915991
0.231722057530936 0.244984342209652 0.314721045064735 0.00116967495367841 0.207402880240997
0.326695446260143 0.168435524149119 0.325534327978141 0.145428567997911 0.0339061336146856
0.216678329386098 0.283976160106253 0.0504483074287913 0.203734460234938 0.24516274284392
0.47034741339556 0.0444132101429349 0.0365837782811676 0.0980257311017198 0.350629867078617
0.0560821405240436 0.42451822605384 0.183617537964822 0.262734803803963 0.0730472916533315
0.193289696300173 0.192173588504757 0.223120149181436 0.302653782465756 0.0887627835478781
0.272330245678499 0.243588498479481 0.269436628758044 0.0414167698311286 0.173227857252847
0.00164199453417002 0.00216414226870707 0.417832560586599 0.45607084765697 0.122290454953555
0.156443920203812 0.345138457090608 0.37493025122233 0.116434933042754 0.0070524384404955
0.506850844233454 0.0579957045565634 0.250980266015548 0.0787751461606083 0.105398039033827
0.226919165992672 0.12616936027348 0.288485938931856 0.303862940016659 0.0545625947853326
0.197239279264664 0.345975349726573 0.195900953895533 0.128286936857484 0.132597480255746
0.295925226754562 0.161272914056391 0.213455825494721 0.326797882323927 0.00254815137039889
0.307836808490175 0.0159650541937467 0.288124913772295 0.242715808486871 0.145357415056912
0.232044479634961 0.292155754580406 0.274659635540398 0.101493628879313 0.0996465013649224
0.0649448285556459 0.36467094747324 0.137143767320165 0.195404072506284 0.237836384144665
0.153031427606133 0.316667554824931 0.387654242633041 0.124257543518067 0.0183892314178277
0.144838458916198 0.222250272386191 0.170909993777523 0.057246742527999 0.404754532392089
0.254195697267451 0.308598008663451 0.123188275703968 0.232679283888552 0.0813387344765787
0.180665249658628 0.318441848890854 0.156133457379059 0.33764650556425 0.00711293850720924
0.131250261488137 0.360177454440645 0.0728396724670878 0.216084310318299 0.219648301285832
0.204113777201424 0.266650852097443 0.217386185297905 0.271523112887087 0.0403260725161419
0.313082038013375 0.417759569662611 0.0284653591388068 0.0124567203191685 0.228236312866038
0.174390056119305 0.00953743425194381 0.298702654742968 0.290860509172842 0.226509345712941
0.220513969245682 0.0621608869259498 0.0709858491703283 0.5496040565585 0.0967352380995404
0.144897377469501 0.381453295820493 0.00615113308577589 0.119629988447916 0.347868205176316
0.255655660626109 0.27695550012429 0.205448466631676 0.0870703410334697 0.174870031584454
0.173486860730579 0.292849282557231 0.00048773915269738 0.21967918569441 0.313496931865082
0.345080350090252 0.149069106989259 0.0756929361373739 0.367922250047204 0.0622353567359105
0.116711032065908 0.28819636686088 0.297947396578962 0.12695840181168 0.170186802682569
0.174309867768965 0.191016729602533 0.198644920106168 0.250440550687279 0.185587931835055
0.302610401703 0.115775278776811 0.0328741824500344 0.243083698237038 0.305656438833117
0.136587177587878 0.109465064642982 0.232567347521807 0.185312122389072 0.336068287858261
0.238305021239853 0.283997072458209 0.217317433870141 0.0532017949314082 0.20717867750039
0.440944378644074 0.312647537199189 0.188479016668766 0.0417989221645319 0.0161301453234384
0.196938613853452 0.202297895487388 0.398913540381492 0.00823073121910938 0.193619219058559
0.125123321788538 0.56146441673419 0.0239020323100323 0.100791732187889 0.188718496979351
0.0818348933005846 0.175643444059722 0.465133972777124 0.100472728886154 0.176914960976416
0.0178847875297384 0.328655740561679 0.199877128012731 0.295020641552303 0.158561702343549
0.171014974398632 0.412347855691843 0.0280601709526792 0.314814160205235 0.0737628387516105
0.0158382457200728 0.215663347311532 0.0384311407414382 0.299333946092218 0.430733320134739
0.172998797174378 0.382151311501815 0.0373878974423493 0.0548082406140725 0.352653753267386
0.172311486751298 0.00114387459032186 0.592184227186451 0.157161710642985 0.0771987008289439
0.127437570236027 0.274894143269422 0.241802864554338 0.283637588864005 0.0722278330762075
0.279481710074159 0.103059643560393 0.0503715340810791 0.235070412638569 0.3320166996458
0.111668907985402 0.328098072209201 0.224169936683537 0.316493929680323 0.019569153441537
0.0882797697672087 0.286946242860194 0.292736069782532 0.293927423857876 0.0381104937321893
0.016717863968417 0.124646364792374 0.34498879353225 0.339520866199991 0.174126111506968
0.281225337429873 0.240890647627038 0.158799136604167 0.0962131667857178 0.222871711553204
0.202597175115443 0.166573977852549 0.370154443799834 0.214945871863243 0.0457285313689307
0.269492110586504 0.392851485782724 0.0496104095603537 0.183583088894882 0.104462905175536
0.296886152160122 0.235888556058334 0.201480510720871 0.101173617423243 0.16457116363743
0.322803578474818 0.127272202822343 0.048696555778903 0.156917442470124 0.344310220453812
0.0474475460797538 0.358528613377468 0.0941388191316674 0.320841505036289 0.179043516374821
0.306882613257029 0.324006610898402 0.161708571356366 0.0465377091813658 0.160864495306837
0.11256355716247 0.190375623962105 0.27972498352309 0.217877964976713 0.199457870375622
0.115807316169546 0.181994058985118 0.293929027653966 0.280858310758917 0.127411286432454
0.180279839350328 0.173052220975549 0.298108923803283 0.328960934327893 0.0195980815429468
0.399562351178986 0.0596687524872232 0.0946971595891565 0.4106709432586 0.0354007934860337
0.278761078763678 0.172553097638433 0.258314247924141 0.0153253641933621 0.275046211480386
0.298448382422369 0.215964756250879 0.14191192063957 0.285727362822584 0.0579475778645983
0.216793690034116 0.226983912315509 0.0726671084014352 0.227932837533377 0.255622451715563
0.123757702005888 0.117074465343046 0.2687512318741 0.231091969980235 0.25932463079673
0.147505093157484 0.297606517992713 0.0670677212645665 0.330853896387517 0.156966771197719
0.561728522507566 0.0314290803244335 0.270151739872401 0.0333186950621117 0.103371962233487
0.22537047148261 0.156378769162932 0.357658318126933 0.100779967115255 0.15981247411227
0.264435742457276 0.166004239294011 0.126853170514159 0.238791330140736 0.203915517593818
0.28553665772796 0.0394618000343874 0.101349497092902 0.226612007830905 0.347040037313844
0.0691442388442551 0.250396359647506 0.0983197092464439 0.232679564693405 0.34946012756839
0.253549050885204 0.264944955284771 0.0778467435387693 0.350440082879445 0.0532191674118106
0.00463066854464433 0.238289616137116 0.338224300899476 0.118718976540156 0.300136437878609
0.283457708440846 0.190452980091044 0.0826940928794211 0.255008707464219 0.18838651112447
0.263655228597954 0.0980240716295615 0.272699505791857 0.232686943983946 0.132934249996681
0.234088052417967 0.102828496484951 0.142495946195283 0.113502863809676 0.407084641092122
0.362657338468656 0.354984493934542 0.143381584286318 0.100240086036178 0.0387364972743059
0.163776425899279 0.194448260140944 0.0366657352140044 0.381287346253385 0.223822232492388
0.222264252438844 0.231488926598415 0.252154985111466 0.126215508611216 0.16787632724006
0.122576993129357 0.212858460182278 0.353190885026797 0.2453851787659 0.0659884828956674
0.451897829250409 0.205396629924506 0.180058864968324 0.110566406461032 0.052080269395729
0.128494364481138 0.163554904121701 0.286020040920532 0.337410767810271 0.0845199226663578
0.150952395346759 0.242824397926574 0.25639970749593 0.0521612168142107 0.297662282416526
0.373174745288679 0.288862395981416 0.216933277484443 0.0317614782375631 0.0892681030078984
0.122412913856767 0.069416415199697 0.23792665014969 0.268053793574532 0.302190227219314
0.314412852033028 0.194303437873399 0.133397002486272 0.296770977806077 0.0611157298012235
0.113070776985121 0.14013708260094 0.28322298574237 0.182407371663379 0.28116178300819
0.118360069768736 0.234149465835147 0.163268167992293 0.26181444405331 0.222407852350514
0.340322163740385 0.0390995364289791 0.238618567739187 0.333469755874327 0.0484899762171219
0.0946040753327176 0.294663931415675 0.385781532279185 0.169403424513107 0.0555470364593154
0.144348703900757 0.155778971631817 0.324222149434874 0.242526157181653 0.133124017850899
0.285634512780322 0.269234664314732 0.152751570852515 0.0160130302769787 0.276366221775452
0.203817619075285 0.259545447210572 0.146008423308327 0.13254675068228 0.258081759723537
0.133175395548545 0.30921062037817 0.209743537135526 0.29658271315569 0.0512877337820687
0.297949197305123 0.292305425255153 0.247708033598926 0.0947595688898452 0.0672777749509521
0.256477113422783 0.30061926704169 0.00445164099090063 0.0962453006496786 0.342206677894948
0.155913129381717 0.457363654059851 0.250927036908363 0.0454400225520935 0.0903561570979755
0.0536631295449966 0.21623275317836 0.130028714146821 0.413230441262864 0.186844961866959
0.00495058956891494 0.0136320447016855 0.194336569403854 0.298989498814436 0.48809129751111
0.0724647189431763 0.0757035324748791 0.287386793132763 0.512401618937805 0.0520433365113759
0.228374708485701 0.257285068919188 0.116581049229239 0.244392311802944 0.153366861562928
0.0312844659238369 0.286085530946038 0.132534579882027 0.28312464025572 0.266970782992378
0.041808097647419 0.458387920776047 0.339169203853057 0.125905070817291 0.0347297069061867
0.320535972954122 0.150504647563788 0.0434050893322923 0.229591851742544 0.255962438407254
0.190915096012444 0.256122398572604 0.201389061120482 0.236081717520872 0.115491726773597
0.15310692006988 0.232521670003997 0.124377731564282 0.0785604869319908 0.411433191429849
0.0601618680334705 0.157623808702302 0.280162063908011 0.230887182046137 0.271165077310079
0.197602055800281 0.111666188211574 0.161846180588542 0.0488433047562732 0.48004227064333
0.120147885598633 0.168664895764421 0.16444545968481 0.289806158680355 0.256935600271782
0.254207701851126 0.0855733348084885 0.233624761414284 0.201014717469078 0.225579484457024
0.154221761824117 0.219923642327866 0.300035972527445 0.0815879300568448 0.244230693263727
0.213686443404387 0.153136114846551 0.0836343857012736 0.159016213234135 0.390526842813654
0.139002614336292 0.320729732936692 0.320732036464099 0.0352057215293338 0.184329894733583
0.055343819334995 0.260656839487093 0.0260181592719644 0.174508472060775 0.483472709845173
0.202270176637184 0.109001491205822 0.404775631306855 0.00774581222875776 0.276206888621381
0.0203838600880172 0.407788125574299 0.372428290991204 0.179008085713036 0.0203916376334448
0.100704862302854 0.309008697947442 0.0975569676725323 0.223130408428869 0.269599063648303
0.5132188253896 0.0897684992006343 0.0192798306064183 0.0352291183662308 0.342503726437117
0.0579624384593529 0.27921314751088 0.317946943137157 0.321819574050493 0.0230578968421167
0.0551458011537461 0.375183003852093 0.0628530327702813 0.307954042008667 0.198864120215213
0.117734558549103 0.281682940180807 0.331977598059994 0.102428728069423 0.166176175140674
0.173984656789386 0.0795524234238615 0.227277115678723 0.441229765053176 0.0779560390548533
0.181601724995805 0.303993693155265 0.207724007851439 0.022237634551743 0.284442939445747
0.245170182284786 0.178656569526195 0.0570852794704942 0.284404768283188 0.234683200435337
0.0458120916445626 0.185715573401923 0.15695736434995 0.336555531069752 0.274959439533813
0.315582939434766 0.387233336148504 0.069678347379711 0.162584461627463 0.0649209154095565
0.0187203479331136 0.14770923274247 0.0632309363348868 0.218611365343782 0.551728117645747
0.154292262220808 0.0780884807165744 0.244037027320973 0.109090820859238 0.414491408882407
0.274023400692611 0.24458414087172 0.0539033295824496 0.082287693571699 0.34520143528152
0.0924306684380593 0.109551238983411 0.285672212669683 0.244610525101256 0.267735354807591
0.277950889304495 0.398340204125449 0.0439124145934875 0.0369570161887242 0.242839475787845
0.0274867306812951 0.0824024995047481 0.367036291040924 0.310817640285936 0.212256838487097
0.199632538843267 0.186209722526744 0.0631760801802038 0.198465354664531 0.352516303785254
0.0347593289305459 0.0288321002921631 0.405222350765285 0.203522357848089 0.327663862163917
0.0274209244361382 0.40079456038727 0.0187637184327004 0.300204854287441 0.25281594245645
0.208828004810098 0.0465557845972318 0.218439628397111 0.246000757641567 0.280175824553992
0.264928634668282 0.00281304083416837 0.280263388113991 0.139413989608977 0.312580946774581
0.00311632971558081 0.095004684933076 0.49334099957915 0.134303341455284 0.274234644316909
0.294280607620145 0.496295771069015 0.00647832023960007 0.0256323635499589 0.177312937521282
0.072281612858286 0.293474599811933 0.116533498039479 0.210116151887113 0.307594137403189
0.295969062248255 0.195536521417925 0.242994174520029 0.141107620837602 0.124392620976189
0.175716295289772 0.17227888743007 0.304407198668586 0.0913437816633877 0.256253836948185
0.176915845231677 0.119854653694694 0.110862663913851 0.244301077628633 0.348065759531145
0.11132070197144 0.163676350285949 0.193333045336235 0.285509246534313 0.246160655872063
0.153020212657061 0.16986435161838 0.285879459534205 0.276998998637 0.114236977553354
0.335476790972512 0.250792302634043 0.165038393054332 0.137938090177957 0.110754423161157
0.00711883381230854 0.323431131005781 0.232143802480711 0.180080672390859 0.257225560310341
0.219965404768146 0.304238156431387 0.106233169574372 0.0252883555981956 0.344274913627899
0.0831392483621519 0.201221042905991 0.34166140497518 0.138142825291954 0.235835478464723
0.154081933749615 0.0798798253896556 0.30326401014957 0.360949410346606 0.101824820364552
0.320175196472588 0.0930829031739777 0.239731156239614 0.32898160605532 0.0180291380584996
0.115755556492188 0.364468959410548 0.269558659658722 0.127764890227625 0.122451934210918
0.131501159829474 0.248257888266179 0.13083230082235 0.241068898121988 0.248339752960009
0.269612942115317 0.258915905853964 0.21105529424208 0.179381673063696 0.0810341847249432
0.301548788064231 0.189744581328446 0.297564600731473 0.0576684736836971 0.153473556192152
0.167962106234188 0.164215492616187 0.180678062740511 0.245112767399171 0.242031571009942
0.389164613630789 0.158777922079041 0.210791997568641 0.232913956186778 0.00835151053475043
0.0501252676687025 0.045556169152139 0.207012760712401 0.34509782043622 0.352207982030538
0.125651603287799 0.319697708745257 0.183787718354056 0.141906293805945 0.228956675806943
0.321784412817742 0.0385147014377267 0.296053443228399 0.176390588505403 0.167256854010729
0.229345589316294 0.251627399903987 0.24371081493556 0.201481602613356 0.073834593230803
0.13792577820562 0.285066963729848 0.230653184814488 0.262517186336925 0.083836886913118
0.183226064342705 0.132983376447852 0.0315128647997385 0.211965397328486 0.440312297081219
0.298441050487442 0.187836510906047 0.262158588684342 0.107120226291366 0.144443623630803
0.308694188302661 0.199108544476586 0.201652964065206 0.277277446274229 0.0132668568813178
0.164956030508574 0.322417076740639 0.264454736049884 0.213527825690186 0.0346443310107174
0.209519372909809 0.308695688836985 0.186912191861281 0.246069530873761 0.0488032155181641
0.292437284581875 0.0528759628156281 0.133598907780497 0.284995822551858 0.236092022270142
0.280751920525814 0.030571862289056 0.175421079511702 0.275576530940331 0.237678606733098
0.322234849804554 0.0551528441659052 0.275961261120703 0.00825373281945631 0.338397312089381
0.343267681747921 0.0176511028955693 0.455717761765294 0.0805569266098304 0.102806526981385
0.0737899576634945 0.288658413134631 0.251038880959944 0.265712289248067 0.120800458993862
0.231598137685052 0.159033768256464 0.137760461400271 0.285748237516532 0.18585939514168
0.044625844376365 0.295217065956679 0.313940684347408 0.311289506364344 0.0349268989552037
0.0696547393739139 0.0686551919211472 0.00721994882557556 0.355644943699594 0.49882517617977
0.0298746894157124 0.151558082832898 0.543112294245755 0.265132619974993 0.0103223135306417
0.0361071851874292 0.11204211083979 0.305962935391525 0.288382205471963 0.257505563109293
0.29534705075326 0.2287155983316 0.224148151637066 0.0795513001001771 0.172237899177896
