0.296618550306897 0.227829032818653 0.383941039715754 0.0916113771586963
0.26821528183064 0.0851571519137019 0.526836100737083 0.119791465518575
0.468983066496654 0.303699465473234 0.0767304691450403 0.150586998885071
0.283350070908729 0.0570678242888093 0.367222300442189 0.292359804360273
0.171797263186563 0.273024517872631 0.136846888231174 0.418331330709632
0.00204622120140527 0.338826241527213 0.28030125777258 0.378826279498801
0.138440062733842 0.191262885357155 0.391262192022776 0.279034859886226
0.725837630407438 0.116378509134591 0.04354303121864 0.114240829239332
0.208511649060424 0.286470365425893 0.276526376794603 0.228491608719079
0.335470090019929 0.273549680653779 0.194057015273031 0.19692321405326
0.521401279728898 0.0503168399212469 0.0385149174033643 0.389766962946491
0.288566314226786 0.272105094233299 0.174447920960419 0.264880670579496
0.290891652353914 0.21710512347574 0.359577323394539 0.132425900775806
0.532057405074185 0.343067365312731 0.0638115008458855 0.0610637287671983
0.198306788037095 0.342509125675386 0.421835127579521 0.0373489587079981
0.232292835852313 0.229141807190332 0.270322080902279 0.268243276055076
0.350912564984644 0.049506961516525 0.247890077704157 0.351690395794675
0.17204823928635 0.403804112418432 0.0586537959457517 0.365493852349467
0.55208155955897 0.00935152075423599 0.0803807079783778 0.358186211708416
0.252657011070068 0.275359626194208 0.11380363500288 0.358179727732844
0.177952632642736 0.300548596057135 0.388116531144627 0.133382240155502
0.0215658618609703 0.854881672023379 0.0723560638671979 0.0511964022484524
0.138546840926697 0.393958113400491 0.436447751646395 0.0310472940264166
0.393560572973544 0.078056671217697 0.461782662169229 0.0666000936395303
0.222946850312771 0.428177599607338 0.0728274071317502 0.276048142948141
0.186076351562796 0.362781777616625 0.391856539743919 0.0592853310766606
0.11173661447596 0.523733734115301 0.12568839410122 0.238841257307518
0.083081616915922 0.00757339667334847 0.0639088630224887 0.845436123388241
0.115162608902532 0.419071480503017 0.336698545193707 0.129067365400744
0.278201454042188 0.206115741515747 0.325542263847134 0.190140540594931
0.230287076785227 0.271575968777722 0.122067220660361 0.376069733776689
0.0566584181061829 0.158371527740996 0.567870836871306 0.217099217281515
0.176554742406563 0.0225258235676868 0.44114439302695 0.359775040998801
0.343232388834201 0.179420436350757 0.300130859030442 0.1772163157846
0.161238044789898 0.267901598992211 0.30797595502828 0.26288440118961
0.61010923990129 0.21139898520958 0.0824045400337552 0.0960872348553747
0.46480235498987 0.140813518804908 0.188354575475185 0.206029550730037
0.323081118846688 0.0108349762767558 0.0970641440501761 0.56901976082638
0.466887252396133 0.100631237849231 0.160985783112186 0.27149572664245
0.0430649062801275 0.53937326877777 0.0583852682182263 0.359176556723876
0.231884679460381 0.117705165903792 0.346551792606459 0.303858362029368
0.377556641160608 0.00364350295662961 0.00738064210194978 0.611419213780812
0.385642683439291 0.110959381400967 0.103801717967968 0.399596217191774
0.017406189108854 0.0250444902609546 0.476253493305865 0.481295827324327
0.253886213218911 0.523752749725935 0.21801515840914 0.00434587864601447
0.158627919540652 0.286594583217192 0.242835159236322 0.311942338005834
0.482735801142963 0.0607349302708267 0.219634047366282 0.236895221219929
0.0616971820625651 0.411226064991824 0.457334506803598 0.0697422461420134
0.0589322171438982 0.24507604645477 0.420683250155463 0.275308486245869
0.343615214063836 0.446850396030261 0.0141601294086228 0.195374260497281
0.265614520761152 0.236187301476962 0.319401333373047 0.178796844388838
0.0894080983718203 0.200211192588976 0.491560720090822 0.218819988948381
0.36016390212608 0.123929602466608 0.340023998448955 0.175882496958357
0.137355740084114 0.33475924230263 0.388978340919161 0.138906676694095
0.48060641635321 0.204606405931427 0.264987250309754 0.0497999274056091
0.486250342552465 0.0294002444059612 0.011043187728927 0.473306225312647
0.45001162555465 0.319776615569533 0.0205399000675789 0.209671858808238
0.0246501672661938 0.261126536216868 0.212872466655883 0.501350829861055
0.303531448940648 0.269073647993342 0.30356401901387 0.12383088405214
0.451401840989029 0.0227798834751672 0.323740692966298 0.202077582569506
0.075521654506073 0.286925231588146 0.556598554249932 0.0809545596558488
0.429875649988915 0.380389113184555 0.0183994938998326 0.171335742926697
0.331411437489403 0.010482802227492 0.259732214292285 0.39837354599082
0.215783207057382 0.487618476881642 0.00243282304015118 0.294165493020824
0.208191300815586 0.422174915947359 0.0519231016022112 0.317710681634844
0.263914205928531 0.17230470363 0.293512696416987 0.270268394024482
0.269918806100324 0.282541434069332 0.423786459557827 0.0237533002725164
0.339610901579939 0.327238965895733 0.0387708523949948 0.294379280129333
0.335806794747056 0.138407429299342 0.0993067080450913 0.42647906790851
0.205087069431078 0.253000470652774 0.283938098453648 0.2579743614625
0.0137789676115739 0.364342359870839 0.357418214342102 0.264460458175485
0.179962610701621 0.634502732167374 0.0613746261646216 0.124160030966384
0.213066811980231 0.55460917667854 0.0411960041980141 0.191128007143215
0.279330777274859 0.17569774702445 0.242119511514382 0.302851964186309
0.163878313637208 0.118721418933098 0.144226036142221 0.573174231287473
0.400335765170658 0.0494425934563304 0.139477875698171 0.410743765674841
0.383571663334126 0.048160069535196 0.321399742807868 0.24686852432281
0.0533330357414996 0.414062301653186 0.318834690262744 0.213769972342571
0.187029239639681 0.0564043165919543 0.485980715208142 0.270585728560223
0.167529284942367 0.455573882736037 0.162892371432919 0.214004460888677
0.337607818270706 0.125548224475933 0.432393579093243 0.104450378160118
0.422665484300934 0.125535578614192 0.190147904509999 0.261651032574874
0.347706925809698 0.0511119687745107 0.472618909333643 0.128562196082148
0.27331436529166 0.231563266256007 0.262661018865665 0.232461349586668
0.279022579573607 0.259778228413229 0.242532476357651 0.218666715655513
0.0562982790639471 0.332764640557899 0.327810404807738 0.283126675570416
0.213842501875482 0.14515108697826 0.176864592655251 0.464141818491007
0.233219841661558 0.145071186553553 0.34248133776472 0.279227634020169
0.415352453392259 0.298038634718262 0.0696526335378611 0.216956278351618
0.317794010320572 0.274082734921215 0.11957697542848 0.288546279329733
0.154674626251869 0.301864774087656 0.058004198613215 0.48545640104726
0.190279999218605 0.00317781650680344 0.346785634393544 0.459756549881047
0.13560143051938 0.404893769371982 0.0920044289060019 0.367500371202637
0.172195098575586 0.474943367086206 0.26859606325356 0.0842654710846478
0.280788627360261 0.236396907870418 0.383815544161322 0.0989989206079986
0.460463365542693 0.153194370372054 0.0650814193967356 0.321260844688517
0.534800135384487 0.0314558899712531 0.069541757658724 0.364202216985535
0.146336124585552 0.37118817417799 0.258183622626877 0.224292078609581
0.301384958348182 0.276784345769996 0.2546926505125 0.167138045369322
0.151088926811996 0.211870838076102 0.428526999258757 0.208513235853145
0.3042056877437 0.204352573565522 0.228869339108797 0.262572399581981
0.250924825377192 0.178648377966423 0.266342079352096 0.304084717304289
0.0158327312623118 0.116945076410348 0.367646842154319 0.499575350173021
0.0686717920023844 0.335496537512817 0.441967810181069 0.15386386030373
0.207030373382826 0.25887387373067 0.206416143224914 0.32767960966159
0.28516479022625 0.0836921128392714 0.268529467520873 0.362613629413606
0.438777980414468 0.35098588706085 0.187528745759031 0.0227073867656511
0.470247098904266 0.106444621828552 0.104524478739898 0.318783800527284
0.226860200912376 0.283736691256664 0.178033358053912 0.311369749777048
0.34192554793561 0.0425469148211871 0.171094415334591 0.444433121908612
0.153277993964138 0.413577626433713 0.0330162362335694 0.400128143368579
0.408443754428288 0.0459658911519191 0.192812582949577 0.352777771470216
0.0638524094863963 0.106021765296025 0.233660075127688 0.596465750089891
0.0505807128489585 0.0459633004636229 0.201090986276183 0.702365000411235
0.239859336167293 0.21832232601867 0.300002322122632 0.241816015691405
0.295503213555728 0.167733794343574 0.0836486778950984 0.4531143142056
0.209641608231858 0.294874296242838 0.19317242040299 0.302311675122313
0.166607513940668 0.462283273179016 0.0209568029831822 0.350152409897133
0.187566297378917 0.410552848768477 0.244725654714996 0.15715519913761
0.038800331195084 0.380808390572088 0.20298530656168 0.377405971671147
0.281097830983867 0.207237296703543 0.245576570822508 0.266088301490082
0.291856284030725 0.0366740882907799 0.307874771691277 0.363594855987219
0.295088869273666 0.0467065167081858 0.262766899229384 0.395437714788765
0.249407840006603 0.14689169146291 0.30528459029771 0.298415878232777
0.344331205499679 0.289013158250941 0.264431943651811 0.10222369259757
0.358869419373948 0.31116884907633 0.172390185331293 0.157571546218429
0.140344725756814 0.335625643231125 0.11713235567617 0.40689727533589
0.2797933845131 0.365792292722762 0.283492361281423 0.0709219614827153
0.152524903825447 0.405663355886203 0.41641862914367 0.0253931111446804
0.302795994578876 0.235572531951998 0.271414831920796 0.190216641548329
0.0294349225679637 0.753095008219716 0.200527287249157 0.0169427819631633
0.256739452185384 0.141875371755087 0.273461741358373 0.327923434701156
0.250157628730577 0.133668282801385 0.0457848393478425 0.570389249120195
0.0795859543356058 0.487558357702674 0.276858627234398 0.155997060727322
0.273292674468103 0.165278432212296 0.284987201534124 0.276441691785477
0.0637943723978788 0.228884433894244 0.691021298387896 0.0162998953199808
0.448160466022553 0.141110587355758 0.0143118504264924 0.396417096195197
0.0284939558329152 0.302540742909865 0.338906361288244 0.330058939968976
0.0822166071546714 0.243607964988835 0.603961747865638 0.070213679990855
0.273027846062323 0.406990929223669 0.149611912450909 0.170369312263098
0.124167668559309 0.296049991127044 0.308470895379837 0.27131144493381
0.0537778307151614 0.410054606047976 0.525160691733944 0.0110068715029184
0.069498495660349 0.0585755421759176 0.515919350989503 0.35600661117423
0.305854047375116 0.00984142517529046 0.363193738383605 0.321110789065989
0.100150128971678 0.00312857325299643 0.492046894561932 0.404674403213394
0.270947904460537 0.450307801112588 0.114048606910676 0.164695687516198
0.0426008706893043 0.303926695251236 0.325590124863471 0.327882309195988
0.317946255510681 0.333004319203655 0.199198416785769 0.149851008499896
0.10481505055382 0.246518745647896 0.301049080411318 0.347617123386966
0.275527987240118 0.403237644494051 0.240721202725703 0.0805131655401281
0.108744824524551 0.400698157478258 0.271681311591622 0.218875706405568
0.366524935992759 0.0348348699964734 0.214296822991788 0.38434337101898
0.566216360660625 0.122253780426062 0.086755217063841 0.224774641849473
0.21936705791807 0.114449243041692 0.3492331104222 0.316950588618039
0.403266017835769 0.336706282741566 0.230565281107098 0.0294624183155663
0.445122983012012 0.203132331339084 0.273604550887858 0.0781401347610461
0.357983964180449 0.0578371885608909 0.358425484822872 0.225753362435787
0.273602087070887 0.282029440541195 0.215207623121819 0.229160849266099
0.131394894126376 0.161293130089737 0.34475001754087 0.362561958243017
0.190474070518255 0.234849604460955 0.0350265276877664 0.539649797333024
0.229251032763337 0.250468201085076 0.0140131543589874 0.5062676117926
0.331064307789781 0.221171362318118 0.252920474070914 0.194843855821186
0.337270226624504 0.370068114215979 0.0889116439528202 0.203750015206697
0.0949000912502196 0.240801068676764 0.446202310407921 0.218096529665096
0.29986876554862 0.0283688583909203 0.545041897450048 0.126720478610412
0.243601951074976 0.214950741556765 0.295444003439984 0.246003303928276
0.153032423497645 0.319858135342426 0.382543197873546 0.144566243286383
0.348224828516119 0.00772604862175123 0.251372463998891 0.392676658863238
0.090460184854529 0.095160783715568 0.257568532446704 0.556810498983199
0.493744487814021 0.20367644129029 0.178563222746959 0.12401584814873
0.136148902603664 0.176281892805934 0.170029506126946 0.517539698463456
0.350413710713594 0.314469491386929 0.00643287843600215 0.328683919463475
0.13176789909537 0.319150676234333 0.3343180084668 0.214763416203498
0.00800998818676786 0.473172359560851 0.404822578314051 0.113995073938331
0.430710594507804 0.00329099898213555 0.259716206752585 0.306282199757476
0.135613293938733 0.37030880072291 0.457855058637072 0.036222846701285
0.0810089892443952 0.191149363824466 0.300437252520662 0.427404394410477
0.228574485348228 0.365097513758896 0.29121653539518 0.115111465497696
0.334027440432979 0.225824187397191 0.0877263182790926 0.352422053890737
0.128844964287649 0.4462824911478 0.384157904294722 0.040714640269828
0.110351006317722 0.515618328321188 0.0464201392713953 0.327610526089694
0.332745969911672 0.382580575188836 0.209296662188634 0.0753767927108584
0.229028788845191 0.387618692169093 0.172633114481445 0.210719404504271
0.345112919125942 0.258887686454141 0.0803252982883153 0.315674096131602
0.293494155906976 0.19049217248036 0.182919586893409 0.333094084719255
0.405253777951433 0.316471905394836 0.0117392496273949 0.266535067026335
0.293521480314929 0.308393870479074 0.35580496593838 0.0422796832676174
0.223705465030728 0.307343570171278 0.281007181234215 0.187943783563779
0.186166047683207 0.0822447961284323 0.41415950873392 0.317429647454441
0.426682132025294 0.14523787401167 0.188921235964718 0.239158757998318
0.113281428517912 0.551123256745393 0.11341719495593 0.222178119780766
0.422531892637817 0.124740961457636 0.428390959988722 0.0243361859158252
0.496807769203434 0.248120269877406 0.193778416522278 0.0612935443968825
0.0197426017212866 0.231929270918754 0.523683893993622 0.224644233366338
0.156915120206433 0.241330572959234 0.351816688769239 0.249937618065094
0.0258662133958402 0.389530423028383 0.480227485175849 0.104375878399928
0.0204730417558183 0.2083175187585 0.233272021852964 0.537937417632717
0.330813202805992 0.125796654601282 0.220830972872714 0.322559169720012
0.181352651507477 0.317669187642446 0.126209545690814 0.374768615159262
0.0475043288203457 0.389514941659649 0.418967576625286 0.14401315289472
0.108922571104976 0.402803860992578 0.272099293924771 0.216174273977675
0.0116740275018643 0.326020508114353 0.32629990809116 0.336005556292623
0.400581790607082 0.559736232775161 0.000508659182139785 0.0391733174356172
0.359202536557957 0.0530386619656637 0.38753410921607 0.20022469226031
0.30825055212232 0.0721108014414084 0.517577047739724 0.102061598696548
0.657708716140398 0.0992879562691382 0.196695100846818 0.0463082267436464
0.379585661410286 0.196696036753994 0.16150705190132 0.2622112499344
0.335382534967024 0.278294864769454 0.282330231585914 0.103992368677608
0.350271628205638 0.148912030264728 0.222016510388516 0.278799831141119
0.334235953303457 0.0176844211127319 0.253901149179737 0.394178476404074
0.246436461205532 0.431051480169223 0.200369059472392 0.122142999152853
0.377762433420672 0.0243561109176389 0.417436894310539 0.180444561351149
0.453887200640433 0.0943499441258267 0.303719145647651 0.14804370958609
0.233964279299099 0.14705732536974 0.182005796853596 0.436972598477565
0.447200235021848 0.00333562422993378 0.396359645180245 0.153104495567973
0.43420467221247 0.171365287355531 0.158387212016591 0.236042828415407
0.286615157584553 0.320172897511254 0.379251053963094 0.0139608909410986
0.0286609594923783 0.115957583524554 0.494271904251145 0.361109552731923
0.105924859519893 0.0143800542009527 0.355757781487685 0.523937304791469
0.154504534671614 0.161625985374717 0.39454491111776 0.289324568835909
0.181301843816074 0.368837703149909 0.0424037704398752 0.407456682594141
0.267576863347781 0.313395193908615 0.0278690789427505 0.391158863800853
0.329058757716891 0.0355295133673382 0.311577794556696 0.323833934359075
0.266721052010469 0.301612541036683 0.307079376027083 0.124587030925765
0.400681276084032 0.411648215022119 0.11138620465482 0.0762843042390297
0.256741763718144 0.205840900595761 0.344723499118598 0.192693836567497
0.321595163212625 0.105317040001524 0.437816872592593 0.135270924193258
0.33767251464466 0.240163073766754 0.420878641018096 0.00128577057049056
0.273247694779885 0.242172916255106 0.453442996487343 0.0311363924776664
0.278837994893706 0.261920710247746 0.35590934597777 0.103331948880778
0.182791091219855 0.371354556866458 0.396078149486872 0.0497762024268155
0.257374957728241 0.190327090629055 0.274490677646547 0.277807273996158
0.293237443013903 0.292610893832122 0.30648749187381 0.107664171280164
0.34116732216571 0.0620542733222047 0.365424695112113 0.231353709399973
0.279608321224896 0.537455850174062 0.0835989278432308 0.0993369007578102
0.255083514418842 0.246689503954276 0.139779977713462 0.35844700391342
0.355692594338145 0.0350157865597139 0.491354122528505 0.117937496573636
0.272893797430087 0.227481037818686 0.0138431951253816 0.485781969625845
0.0843677037966546 0.187064205759246 0.0920701840275948 0.636497906416505
0.518226502953129 0.205699115946745 0.188281561245728 0.0877928198543974
0.116223705757934 0.501917281786002 0.34235450573658 0.0395045067194837
0.25241551856831 0.396906463813024 0.128343606579962 0.222334411038704
0.260565326442723 0.267662614560463 0.160243121005455 0.311528937991358
0.26299061876215 0.325113828218523 0.162428118614617 0.249467434404709
0.15571675758371 0.435789802074652 0.348972251789566 0.0595211885520721
0.160298707100122 0.404875078020399 0.0460905934783363 0.388735621401143
0.105977933481916 0.43222651733279 0.127820862862854 0.333974686322439
0.237397931089181 0.337859148856241 0.333449698677309 0.0912932213772689
0.0280432564967656 0.425867866351527 0.427461139913009 0.118627737238698
0.175209443372104 0.327691285469855 0.32434872899648 0.172750542161562
0.297639582114525 0.220539787872622 0.160752022718298 0.321068607294555
0.370879291016411 0.0385835672267122 0.479523877598075 0.111013264158802
0.249032226167105 0.270764711166316 0.305874150297961 0.174328912368619
0.00448395094878682 0.250417286560019 0.464206049766088 0.280892712725106
0.181468131169175 0.333327431226551 0.336975906726812 0.148228530877463
0.374186612111315 0.29657859989291 0.0400845210075539 0.289150266988221
0.0870360074410236 0.154342149616349 0.33859955128717 0.420022291655458
0.451444005620389 0.408522913246426 0.117296222413784 0.0227368587194007
0.298321498023109 0.264775678049371 0.0461528146824682 0.390750009245052
0.259693816855997 0.404091634787106 0.291729729710886 0.0444848186460105
0.156263556822234 0.377533781281862 0.224988498257698 0.241214163638206
0.189808406647331 0.187126015190515 0.280617588625089 0.342447989537064
0.0932482633055661 0.346094843920826 0.434251007348513 0.126405885425095
0.261199420617726 0.176085648698831 0.510963859513705 0.0517510711697384
0.214887887822726 0.0174113907361016 0.275798241024698 0.491902480416475
0.431634803111095 0.407459097387801 0.154893906512336 0.00601219298876753
0.0442431479042703 0.444862074816824 0.0650217429434657 0.445873034335439
0.501480066548128 0.216756722714703 0.209136920688049 0.0726262900491202
0.359596501722533 0.0863566542006917 0.37466450345845 0.179382340618326
0.254076754039426 0.247756059005763 0.337648948056286 0.160518238898525
0.361212462120372 0.407897170413924 0.211803571828208 0.0190867956374954
0.00804597345695839 0.399706192694049 0.36254312296522 0.229704710883772
0.0913603651597174 0.308540903153195 0.32377501820657 0.276323713480518
0.438844829260642 0.0557779142320296 0.288838730381668 0.216538526125661
0.274126663526748 0.413428197466966 0.166489320150258 0.145955818856028
0.373333588634978 0.421572136244866 0.0456503396229571 0.159443935497199
0.393505432860748 0.158764133711941 0.243896282492031 0.203834150935281
0.259418626926921 0.0861167546081246 0.323519424571412 0.330945193893543
0.684096978066666 0.037844558517125 0.0751665208709141 0.202891942545295
0.0730303209640274 0.362568877176763 0.261969923879665 0.302430877979544
0.572158249877336 0.205196481704931 0.148872509006755 0.0737727594109776
0.289816111595914 0.184237123052803 0.240369744508114 0.285577020843169
0.451565801901215 0.135651824372205 0.0877666996967586 0.325015674029822
0.128658442597203 0.330390470181251 0.178990327235682 0.361960759985864
0.1900360750992 0.38343679638649 0.175853178000165 0.250673950514145
0.281715841493346 0.255591674538401 0.273288642789943 0.18940384117831
0.331231699232059 0.363236002523074 0.265055646760746 0.0404766514841205
0.121925386260713 0.285413358276767 0.282356514587188 0.310304740875332
0.197679048367373 0.437893595138747 0.0609235186235757 0.303503837870304
0.21875439245948 0.170800175094153 0.487375007200207 0.123070425246161
0.176044206812232 0.0964890808993106 0.516986815351808 0.210479896936649
0.0638665787998267 0.16561105378846 0.325776643165346 0.444745724246367
0.280066255899802 0.0882564932809353 0.104674038933442 0.527003211885822
0.173783023705375 0.320586567204243 0.295365897740333 0.21026451135005
0.450457611109518 0.232426070928193 0.313131004739656 0.0039853132226326
0.0154268407226941 0.44732541042223 0.306177958702573 0.231069790152503
0.19094928074319 0.0271026221994227 0.428083030984722 0.353865066072666
0.407222916218076 0.0269902553247625 0.445356026906831 0.120430801550331
0.29756194454336 0.194072558924792 0.205269963761476 0.303095532770372
0.43506500945027 0.221697407027497 0.0264774145142995 0.316760169007933
0.274882138641765 0.306614106610788 0.316317513175993 0.102186241571454
0.265031715869941 0.283804807308444 0.188314197524478 0.262849279297137
0.170110164349357 0.250103647055233 0.185131278908976 0.394654909686433
0.224974269792987 0.358579589886351 0.0528958869447501 0.363550253375912
0.508745370637424 0.175691957782165 0.200862179263746 0.114700492316664
0.342001896443595 0.0745658884061962 0.00780220373866305 0.575630011411546
0.360735805689758 0.285426677960219 0.106120796994316 0.247716719355707
0.479260063652449 0.225413623758126 0.0835574696935579 0.211768842895867
0.0311455822216956 0.326841382386874 0.250267763610746 0.391745271780684
0.31207825378532 0.207137326361813 0.199951736246093 0.280832683606774
0.277329811034551 0.264371866009595 0.228855027211858 0.229443295743996
0.271374156536976 0.080377214696003 0.281883506460078 0.366365122306942
0.337728218292924 0.0437802818980458 0.425347166982359 0.193144332826671
0.417635609520928 0.0360731528563471 0.0716146191357829 0.474676618486942
0.0505726458027791 0.0317358172920892 0.50567814031022 0.412013396594911
0.178767405717764 0.261747300489609 0.255705549635815 0.303779744156812
0.249592128830089 0.181580463385799 0.478720217508683 0.0901071902754285
0.169421493899231 0.287255510582378 0.3026551430077 0.240667852510692
0.31570568935247 0.191760786837815 0.00622925839097799 0.486304265418736
0.137259754311077 0.341573014340892 0.15170445573051 0.369462775617522
0.0932581154685894 0.523536077022136 0.347393446465606 0.0358123610436688
0.4457070294228 0.127108329388773 0.408928058721525 0.0182565824669025
0.209129162496261 0.428711968620281 0.108543305524686 0.253615563358772
0.392515888340204 0.18118835204662 0.0659059073102935 0.360389852302882
0.256090527552223 0.273691461085175 0.295938795633989 0.174279215728613
0.0963563065051825 0.195820441724669 0.187945192512633 0.519878059257515
0.347623884068987 0.169383390038001 0.27959804735928 0.203394678533732
0.324750722714739 0.181601558297508 0.308378453403292 0.185269265584461
0.232270843637877 0.185434932095639 0.25680735076956 0.325486873496925
0.193492059786539 0.275775442264437 0.299072506202147 0.231659991746877
0.042276764420542 0.441256570683946 0.179458692388717 0.337007972506795
0.206136437632972 0.22142576521747 0.18145442976094 0.390983367388618
0.401606700711498 0.180241155787104 0.337050325001881 0.0811018184995164
0.82016876646173 0.107962555212682 0.0184186857394939 0.0534499925860941
0.117929391034294 0.317212642595999 0.286432324523115 0.278425641846592
0.347715026608801 0.00701684779438937 0.254575723866639 0.390692401730171
0.0464868456478214 0.355287406324769 0.533971253460016 0.0642544945673936
0.130879555181609 0.382744718314761 0.221195311141442 0.265180415362188
0.00267745750341346 0.287895287817261 0.318094039009797 0.391333215669528
0.0102796937170331 0.393497652957924 0.102653275377424 0.493569377947619
0.231749057409828 0.521662153650421 0.0569130667253403 0.189675722214411
0.326752565453739 0.331881226774127 0.184110806822502 0.157255400949633
0.256724624961389 0.236317264676363 0.268141533900517 0.238816576461731
0.0364049551456548 0.80707972503877 0.0445146614931365 0.112000658322439
0.210546899486796 0.147393029031086 0.373993074087898 0.26806699739422
0.179907053906894 0.679854200383734 0.0320707110417676 0.108168034667605
0.203957166085016 0.378093881360498 0.33241909031851 0.0855298622359768
0.553810540437736 0.331396713740005 0.0821510185096931 0.0326417273125653
0.288964234476948 0.295507459714031 0.174098750342199 0.241429555466823
0.182099369140635 0.36169034967595 0.119656576052748 0.336553705130666
0.115130827436672 0.307861557387225 0.15837829469361 0.418629320482493
0.324071198852057 0.0674918959618198 0.0290209794479123 0.579415925738211
0.043765823293276 0.349277925936689 0.57540749417527 0.0315487565947654
0.733248168814514 0.0179650676166768 0.0623015750727566 0.186485188496052
0.404630047614796 0.305822175308584 0.109100602977639 0.180447174098981
0.123416887853168 0.422506294381344 0.219002350063807 0.23507446770168
0.0486057539930761 0.370282359684863 0.492409512502831 0.0887023738192298
0.225389432707554 0.167702929039966 0.0862289964499794 0.5206786418025
0.48553359055479 0.12544252632481 0.0132307600846368 0.375793123035763
0.389632766140126 0.433399189406626 0.0977540779748928 0.0792139664783545
0.205881664072689 0.348229624467337 0.2945628106295 0.151325900830474
0.395704002267441 0.0306236258669743 0.39479172637651 0.178880645489075
0.420802048149351 0.300772050324996 0.211356760074943 0.0670691414507106
0.159455677596133 0.309614840001716 0.318080671300746 0.212848811101404
0.135679988134642 0.304054915066777 0.401096865578487 0.159168231220094
0.154351216315463 0.192594793169661 0.0261766753309254 0.626877315183951
0.70852538433212 0.183331098793284 0.0661384706727372 0.0420050462018584
0.420811426640843 0.0743519860874883 0.35233820559877 0.152498381672899
0.314820908884062 0.383510371057958 0.247153170389648 0.0545155496683323
0.270790383332802 0.168227277881371 0.262589255732762 0.298393083053065
0.152430437969897 0.376651142761513 0.358578365411991 0.112340053856599
0.425676016086214 0.0565503005160832 0.21124993892806 0.306523744469643
0.177501300530614 0.204076754432276 0.306686363766731 0.311735581270378
0.406322059989221 0.179002370098797 0.268468484373154 0.146207085538828
0.344852584057221 0.0267144606450886 0.24230344778406 0.38612950751363
0.304719322259217 0.241046713790538 0.0395721665543275 0.414661797395917
0.0650825288320229 0.43288608376511 0.12554193805573 0.376489449347137
0.402842562716082 0.398057071353405 0.0513985236341468 0.147701842296365
0.258099298202815 0.352387188560705 0.250420153440006 0.139093359796474
0.126606739419193 0.240230499614463 0.176275484183272 0.456887276783072
0.276643126017186 0.115918207197936 0.321069703742969 0.286368963041909
0.640123068776985 0.0649865930973628 0.128627653331053 0.166262684794599
0.394869898882058 0.0503534673327563 0.195917062983078 0.358859570802109
0.254027500467319 0.229252806937776 0.202805932224116 0.313913760370788
0.205391024511975 0.185836111883917 0.224785574794264 0.383987288809844
0.0538662252284689 0.19210037210815 0.324720441267639 0.429312961395742
0.263959434483484 0.279506249038667 0.374533072812511 0.0820012436653372
0.319274211940642 0.107750862485291 0.249486821287195 0.323488104286872
0.228417253209469 0.221888515668404 0.292202360022334 0.257491871099793
0.0547720634035903 0.312632835186176 0.329429782922903 0.303165318487331
0.0269865010138527 0.144060685420779 0.392881034971919 0.436071778593449
0.247852858314646 0.322311390498689 0.143492783885308 0.286342967301356
0.30506312491896 0.265694632272887 0.394437800405478 0.0348044424026742
0.40419068678598 0.144039572973283 0.233207389444496 0.218562350796241
0.291742426844613 0.353762011756289 0.0397435301009071 0.314752031298191
0.459444028797309 0.187878146832498 0.246912428173474 0.105765396196719
0.159081149048812 0.346224784380415 0.108416455381984 0.386277611188788
0.199082341791455 0.359506445527413 0.23683634508889 0.204574867592242
0.138831895630463 0.269368190722857 0.293275825408452 0.298524088238228
0.0479299953396472 0.0804628820502204 0.665855022447611 0.205752100162521
0.298318054767739 0.299051850745074 0.175947255565039 0.226682838922148
0.309335342004058 0.3130966479267 0.0696263189059984 0.307941691163244
0.273037111024381 0.259701879893167 0.193254954278397 0.274006054804055
0.352113194554817 0.242066701965537 0.0725764369656094 0.333243666514036
0.0269997831467714 0.469448977003554 0.43014955458783 0.0734016852618441
0.0516554331811222 0.400910952792187 0.365894318974287 0.181539295052404
0.266048678774164 0.223368983584358 0.0381799342456679 0.47240240339581
0.293282088012354 0.322001030272987 0.370917111809688 0.0137997699049702
0.414778679709979 0.116196294937024 0.197345895972426 0.271679129380571
0.395903165876012 0.0479894473591384 0.472398423501377 0.0837089632634722
0.112068139164252 0.340854743528601 0.0414676648235458 0.505609452483601
0.357801631199145 0.262524329496873 0.22605297592772 0.153621063376261
0.295569117710539 0.318944763978025 0.10833654112748 0.277149577183956
0.0943949015608269 0.339591684872598 0.309834663508359 0.256178750058216
0.247297225302479 0.147552327793741 0.0949955905661174 0.510154856337662
0.104569561278023 0.28239884792699 0.199548311563436 0.413483279231551
0.207477653425901 0.0576611037899825 0.473793280106888 0.261067962677229
0.425141854389249 0.220321524665889 0.0762759341145391 0.278260686830323
0.3721976792071 0.366324304477192 0.21988782847867 0.0415901878370377
0.262554230465316 0.36192706777184 0.221949968668324 0.15356873309452
0.343097218677371 0.267299825915924 0.341969288393113 0.047633667013591
0.0187849582471531 0.334559035335154 0.293658214667182 0.352997791750511
0.214869078853914 0.320155476042117 0.205475594622836 0.259499850481133
0.158788589163779 0.422173690013703 0.357707337078829 0.0613303837436894
0.15701101109288 0.2292210898433 0.161940903787747 0.451826995276074
0.364130314559804 0.145010278250977 0.458951118502495 0.0319082886867229
0.22627302401308 0.228234306569447 0.166604873098391 0.378887796319081
0.178373900399187 0.170709598454537 0.63239385592196 0.0185226452243159
0.174841447426797 0.277407209465785 0.410454478788406 0.137296864319012
0.16807509261998 0.399847422176332 0.152621264011084 0.279456221192604
0.0300836779999293 0.391568174142791 0.237820790076729 0.340527357780551
0.536929991128943 0.092651648118421 0.328311159453102 0.0421072012995333
0.124113750152506 0.345049042942717 0.365152793283633 0.165684413621144
0.435544256482301 0.119136850406925 0.396955998481827 0.0483628946289472
0.316607798626579 0.321348938932823 0.13698927857253 0.225053983868068
0.308677787531376 0.388067398696518 0.196090436102797 0.107164377669309
0.243760058850571 0.27387663246736 0.270271802450206 0.212091506231862
0.234724580833572 0.108156953514815 0.0420449251845971 0.615073540467016
0.048010850092556 0.138986044916336 0.412883493951799 0.400119611039309
0.0662467245136174 0.69376525492513 0.160653900405504 0.0793341201557486
0.198317876225315 0.234748118510225 0.230740453112945 0.336193552151516
0.265761160130693 0.260083929272885 0.241815110991261 0.232339799605161
0.251067724146992 0.11901379533214 0.340721792793767 0.289196687727101
0.225221995609697 0.280241655123654 0.0636718047600498 0.430864544506599
0.498895242322873 0.0539959631743325 0.34910117901314 0.0980076154896547
0.144213412915476 0.502973676452836 0.0707778058334826 0.282035104798205
0.548695207119645 0.156633077994675 0.134736385306795 0.159935329578885
0.474942706777184 0.0741865107238183 0.116189045663426 0.334681736835571
0.263844306150177 0.150349833725984 0.350323561271287 0.235482298852552
0.305836316431363 0.138165581324211 0.282548403646198 0.273449698598228
0.0616235742658359 0.338775129096949 0.270541497108273 0.329059799528942
0.0944476834962135 0.291972507235881 0.217365096369779 0.396214712898127
0.292427570033686 0.127271617695141 0.295189157742056 0.285111654529117
0.171642118420641 0.357594734773799 0.280346074541069 0.190417072264491
0.377933493900549 0.0460440610935747 0.292304581758033 0.283717863247844
0.558154948586101 0.0348272210548305 0.258972558049704 0.148045272309365
0.373201856033852 0.339034059556981 0.275832177565012 0.0119319068441552
0.218885603068523 0.100735667295415 0.47511545436743 0.205263275268631
0.0623679699567436 0.302558544824542 0.215094670915091 0.419978814303623
0.172865294609864 0.109287700244021 0.343175016018266 0.374671989127849
0.441585776954158 0.283738475734158 0.200159455968027 0.0745162913436573
0.272929551304072 0.224053331493128 0.423891952094617 0.0791251651081831
0.230888996211843 0.202026890743955 0.224095443182467 0.342988669861734
0.312479373147268 0.436415680512305 0.0305081404733419 0.220596805867086
0.240106071200922 0.465384172401121 0.270283823650015 0.0242259327479421
0.1439541713548 0.195043407005645 0.266065641725934 0.394936779913621
0.397712316889275 0.440493889154059 0.155105737203473 0.00668805675319279
0.512443126751225 0.0980342011268744 0.0488884875154196 0.340634184606481
0.154810071404653 0.618241274754407 0.0945053038272895 0.13244335001365
0.130803201534513 0.221576219621425 0.543826934733823 0.103793644110239
0.265744521286801 0.276654390652112 0.190203627124048 0.267397460937039
0.211402871783581 0.226893512285316 0.291029397515936 0.270674218415167
0.0244736650065114 0.412315883957558 0.389192015128162 0.174018435907769
0.176742072976042 0.282616069127449 0.168269728755718 0.372372129140791
0.0728349805832733 0.157005118339186 0.476742594123641 0.293417306953899
0.210626994776391 0.357619497309089 0.0492500755860045 0.382503432328515
0.117126164000421 0.188876623522432 0.236545960012268 0.45745125246488
0.333923746454026 0.325216412332025 0.302435004568192 0.0384248366457575
0.336402967373809 0.0980566958308996 0.449532364823215 0.116007971972076
0.0175422207355869 0.413706021074169 0.440800046227874 0.127951711962369
0.232987521262816 0.186715044696406 0.181394767098776 0.398902666942002
0.536044037814468 0.428293108059952 0.0130372993069923 0.0226255548185876
0.121405442713985 0.393406172626526 0.376526645403948 0.10866173925554
0.154396055615435 0.212131357965359 0.24966255102036 0.383810035398846
0.249132196821563 0.265648689348536 0.172732092494482 0.312487021335419
0.356388357178098 0.14786211952915 0.159250766892647 0.336498756400105
0.190238066909896 0.324608553258499 0.211239638818158 0.273913741013447
0.127159011975625 0.178351545524676 0.396125001533804 0.298364440965894
0.24828964711071 0.0749496319255755 0.630423736317456 0.046336984646259
0.0538873849677712 0.439827498244801 0.230657617293643 0.275627499493784
0.552833847340157 0.0397574312047796 0.255079520771886 0.152329200683177
0.386989775620509 0.098409883836539 0.400740789585528 0.113859550957424
0.342577840847317 0.385339710060275 0.22359553082065 0.0484869182717588
0.368837475717513 0.133640293761317 0.0272323210801347 0.470289909441036
0.14290850696582 0.548610169801859 0.270048446366842 0.0384328768654796
0.0350326254897385 0.177057422248192 0.290783303927204 0.497126648334865
0.139317530248199 0.0245792861558263 0.333947306643534 0.502155876952441
0.282018485332069 0.113215618155258 0.325622626781506 0.279143269731167
0.396902118215914 0.180461726158824 0.0106102644473416 0.41202589117792
0.030196144658477 0.167290721809754 0.069640443129629 0.73287269040214
0.219797182804207 0.430294741889576 0.0925851229122802 0.257322952393937
0.294077026819609 0.0513710752501586 0.0120791661169599 0.642472731813273
0.108601521408246 0.0715131257306893 0.632780153092433 0.187105199768632
0.285295700944477 0.261854943739212 0.352269975762485 0.100579379553826
0.345197059957841 0.146444587054659 0.404547367617745 0.103810985369755
0.368277944067251 0.493512437824778 0.0356113711945565 0.102598246913415
0.397045811100751 0.328269236465184 0.0509949631524335 0.223689989281632
0.128767554390863 0.220680138238176 0.310929077735054 0.339623229635906
0.479570291827043 0.0959926129487684 0.332492943044218 0.0919441521799712
0.329819785318403 0.174448000628246 0.132984119446969 0.362748094606382
0.317512759329501 0.284951733595521 0.190144169412031 0.207391337662947
0.257572408331848 0.0543132431210704 0.257961934355821 0.430152414191261
0.17424057137059 0.0131383091273152 0.125396662954109 0.687224456547986
0.187605204594632 0.128251782713977 0.471508119543213 0.212634893148178
0.323923132133028 0.396350813065517 0.251473875590025 0.0282521792114297
0.406863791676329 0.0709848501746121 0.140270277305179 0.38188108084388
0.0622374836497051 0.278373881273719 0.310179090187378 0.349209544889197
0.345361739286026 0.294327410343483 0.207500535388965 0.152810314981526
0.109717832397461 0.422059933960534 0.133567786483193 0.334654447158812
0.16427560516959 0.191816451541144 0.373634216521361 0.270273726767905
0.56805744202552 0.0650805853656865 0.0558534699336332 0.31100850267516
0.375280525113027 0.0798045374298755 0.331856649275049 0.213058288182048
0.326574506358036 0.251763666515306 0.305799359842755 0.115862467283903
0.463738159978064 0.0252143568434638 0.0332475415455395 0.477799941632933
0.34735018308499 0.201300471003526 0.308070676006603 0.143278669904881
0.155145371818133 0.315696232779337 0.117583070577603 0.411575324824927
0.269640739240932 0.0946438860593073 0.422299211207146 0.213416163492615
0.444985819736653 0.0156114540054618 0.21580894885488 0.323593777403006
0.151970657451945 0.117651074879464 0.215449578662482 0.514928689006108
0.381223989390155 0.034153231383792 0.218599206385408 0.366023572840645
0.114704163082834 0.239766403142021 0.300967871955553 0.344561561819592
0.345108999547936 0.161105312529404 0.0714228488823913 0.422362839040269
0.292618634628503 0.469651534740169 0.0740559539272239 0.163673876704104
0.15501393020767 0.139236462354572 0.434538700788557 0.271210906649201
0.448168213576963 0.21197795544467 0.139418168177985 0.200435662800382
0.272299876337968 0.352662212339612 0.045874609661205 0.329163301661215
0.44365384414817 0.121163255467288 0.298444213671916 0.136738686712625
0.0273613313929871 0.0952794497167294 0.199974931622617 0.677384287267667
0.0262142385796264 0.284545157970805 0.387927235637074 0.301313367812495
0.20150578236263 0.500139509095395 0.29810463835824 0.000250070183734774
0.353770305500997 0.0016963277380056 0.161746915569942 0.482786451191055
0.287914070072916 0.29804175615894 0.17348596064613 0.240558213122014
0.158546566010444 0.1961952717456 0.0373452242002754 0.607912938043681
0.404802437614975 0.395046001002498 0.139448382430164 0.0607031789523633
0.153654551964501 0.129097388926589 0.553975439156166 0.163272619952744
0.348787427958462 0.328591129262602 0.294881786352564 0.0277396564263721
0.0779121313602604 0.120425679331524 0.0689879201465106 0.732674269161705
0.246207137801733 0.285788403207471 0.244540581480783 0.223463877510013
0.157505953979836 0.345039967148282 0.348403859376784 0.149050219495097
0.254481498548327 0.389416241999257 0.134465288602829 0.221636970849587
0.444051561883858 0.0528960222848858 0.417935827379498 0.0851165884517586
0.100827780267748 0.0688921007427473 0.476788495130854 0.353491623858651
0.620211194980421 0.0807457496384872 0.173975533924517 0.125067521456575
