0.182527516834607 0.193998302603692 0.177122402238926 0.0245824587619884 0.206088368251891 0.215680951308896
0.00265621923727365 0.238470407646724 0.288247971371089 0.340240012791219 0.0615463371538844 0.06883905179981
0.210154533324325 0.0625929913261074 0.155551898091419 0.2563695473077 0.196273724215607 0.119057305734842
0.160074754975288 0.326582713731173 0.120336693699878 0.0245347830255184 0.132397105711121 0.236073948857022
0.0715179243429985 0.0706698769681244 0.150722595149622 0.25725000526739 0.175533236538279 0.274306361733586
0.0294677851010637 0.206634407569174 0.336424779952701 0.0541299024299246 0.0425223741814584 0.330820750765678
0.289782040021207 0.15869428258178 0.0461705722440979 0.0561744522815938 0.441974656709755 0.00720399616156526
0.155970963222165 0.113495695623037 0.191879670713461 0.161152535423299 0.20418370752633 0.173317427491707
0.0449445772033478 0.226485775964209 0.232718482964072 0.248463513709762 0.151868721289924 0.095518928868684
0.00536918360311064 0.255233149211801 0.00122864075284454 0.11994437213697 0.317961000819995 0.300263653475279
0.1712787355876 0.265610749406517 0.0714442028614689 0.185303778184777 0.187355610385139 0.119006923574497
0.0062989493837746 0.282603213398659 0.328334302090316 0.112125094135328 0.232114826602992 0.0385236143889298
0.253907355915271 0.149519132991699 0.100930900301088 0.209287695158478 0.166182381084561 0.120172534548903
0.197737774972575 0.202120423673168 0.0585799697431114 0.201584697655469 0.221767153337726 0.118209980617951
0.250084869916705 0.171965686531687 0.137630324732501 0.163089400296829 0.229978661081063 0.047251057441216
0.381954051147767 0.120973600257997 0.00287516130195095 0.0992815495347033 0.35735852450087 0.0375571132567118
0.251532032960889 0.3272104574089 0.296284689430957 0.106975780815008 0.016814727945525 0.00118231143872205
0.186480329158773 0.220593374858111 0.300793362360687 0.00957450323055156 0.14930875870118 0.133249671690698
0.169875641988988 0.0707382661037576 0.155311617760886 0.104616002884597 0.319117439044739 0.180341032217032
0.104909386158773 0.017373256311388 0.310525867337631 0.00631478416111338 0.311691791976612 0.249184914054483
0.0482512455703332 0.0192576747205776 0.165126493360839 0.182819079032298 0.238726211944506 0.345819295371447
0.0167152089859219 0.139485328788968 0.323345904288383 0.20894615703716 0.113210282092046 0.198297118807521
0.32439019561809 0.0617188985452144 0.292394492259391 0.0490688664966911 0.18455791164312 0.0878696354374932
0.0680882975814822 0.114683456840281 0.105938906673624 0.196220405411646 0.424924814862386 0.0901441186305808
0.317814137860086 0.189807736343042 0.0725368572462584 0.0997711051308187 0.0755473454547683 0.244522817965027
0.203846492849411 0.113000958202074 0.27837413459367 0.0628111298051637 0.136617793526182 0.2053494910235
0.192432489009427 0.00792102618472499 0.307100860763812 0.107711648941293 0.146664953663662 0.238169021437082
0.331575511480034 0.0387294084978569 0.375144376608962 0.154233199772152 0.0969247739833057 0.00339272965769028
0.17705890095283 0.232530289807588 0.183862868298927 0.245337915037891 0.158246924203159 0.00296310169960455
0.159115204139802 0.12527386909372 0.227351728108544 0.14378854738044 0.0950237457572811 0.249446905520213
0.160274428240022 0.23582511189497 0.116924441006293 0.178305300438578 0.218444616664243 0.0902261017558937
0.230399719858789 0.00341432827193219 0.137670037147794 0.139824930418446 0.243062028693501 0.245628955609538
0.0118828350230825 0.0863413592709364 0.0199464658158848 0.369994315441226 0.501562997683551 0.0102720267653196
0.225102682801716 0.311898834600869 0.0414707791294368 0.231577959731573 0.142681668258024 0.0472680754783816
0.217898297735443 0.237431271193872 0.0120158522297005 0.241359598520533 0.0111521632264483 0.280142817094003
0.050331629985088 0.328707906481075 0.0837844996010208 0.230596159602669 0.277402721460085 0.0291770828700615
0.234843388994533 0.250789659028205 0.242707412188777 0.0434713539592343 0.0866031881819004 0.14158499764735
0.107917914849717 0.0877634528389798 0.30577905538133 0.0588272663742351 0.204439796756769 0.235272513798969
0.174163007780448 0.0611329206855606 0.265846061966288 0.0495329734766318 0.288298700873739 0.161026335217333
0.0250418676564029 0.149616115034494 0.248288418453646 0.282353320869119 0.0764431747105672 0.218257103275771
0.137398138843377 0.281990304674073 0.295589585137687 0.214254306206791 0.0425604540160235 0.0282072111220482
0.0665848895563703 0.283700110456198 0.131555669620697 0.253078972065577 0.0837058410547815 0.181374517246376
0.0952492109347206 0.200104072139495 0.245051307316269 0.0948946712347328 0.0999946275467064 0.264706110828076
0.176118514203838 0.258512685555946 0.0367023669876387 0.160241801233159 0.251939652140988 0.11648497987843
0.0742215205441409 0.319404321331385 0.301458012413465 0.197893711028796 0.0233640202286738 0.0836584144535391
0.312386509875089 0.0501203259444896 0.0938805667086217 0.356126642325308 0.0840602702881504 0.103425684858341
0.218398013641317 0.180882501100571 0.207513293807772 0.0761399572230788 0.0449189368537335 0.272147297373527
0.0141911443488664 0.20986435758883 0.246128995383624 0.369930671535806 0.0899041036889155 0.0699807274539576
0.325652831634111 0.241653494492808 0.107126670199845 0.0400408068629363 0.0290659525182833 0.256460244292017
0.11730893062459 0.262361146949 0.183510187788814 0.106223992635541 0.154573407034234 0.176022334967821
0.185758721943886 0.106288398575625 0.234442468632892 0.130871475117221 0.19367664243953 0.148962293290846
0.0749826751707424 0.166124278908014 0.220010986611319 0.23313452431022 0.0724064438477676 0.233341091151937
0.166070062891768 0.217233371245455 0.174417586901083 0.060663601653156 0.116544180286479 0.265071197022058
0.305443123611563 0.191475402104331 0.0132945089272953 0.268816979801793 0.0221662703912237 0.198803715163794
0.0681266334597371 0.413060097195845 0.23555604940162 0.0470004625530173 0.183089092448121 0.0531676649416601
0.187519862192902 0.0174629774461667 0.284922307071521 0.193773041716244 0.171633904854828 0.144687906718338
0.131648544199277 0.164244610222913 0.253582670059106 0.129550657055044 0.0770198373286805 0.243953681134979
0.354616720581486 0.202710628973249 0.104522967384164 0.082270390860315 0.0664994727974238 0.189379819403361
0.0342718778310859 0.342051484691929 0.20094129078319 0.0205561976640129 0.360053541705665 0.0421256073241177
0.194015383323375 0.198752227409366 0.151292307951118 0.106804582096353 0.178993677170585 0.170141822049203
0.296453893009382 0.21809048641309 0.204717662743417 0.0921657835618895 0.0460056228754046 0.142566551396817
0.223516725988368 0.155839885383569 0.200095379365045 0.172180366897491 0.151154710379581 0.0972129319859463
0.29821032589947 0.161691659818529 0.0311020448148401 0.168069361739445 0.0460620502675431 0.294864557460173
0.313039082542643 0.0936310565323606 0.0958487907995092 0.190898973712701 0.103275050315898 0.203307046096888
0.0527879656347151 0.0515117471943054 0.223097730036606 0.262737522663937 0.361541926641788 0.0483231078286486
0.00202584299899923 0.375358974881464 0.168430264523816 0.226354325000075 0.1915511471404 0.0362794454552466
0.360723483811408 0.049074685822881 0.394302521472954 0.00175540778571073 0.094543932634711 0.0995999684723352
0.298938087342502 0.187548608489049 0.00620486092088726 0.0162869061747163 0.179936065537187 0.31108547153566
0.061876780506204 0.239653358655981 0.202725697299201 0.161636284748724 0.24945127128152 0.0846566075083691
0.216286790973165 0.180646936498893 0.0318889081880127 0.186697575638129 0.202253904585315 0.182225884116486
0.168211463055443 0.172367771267613 0.152346269995116 0.124947613742747 0.244259725741346 0.137867156197735
0.247881259422046 0.182626446152163 0.145274520003505 0.0868979907206049 0.112067497005315 0.225252286696367
0.0920258038512844 0.204756955825564 0.15734298022393 0.0645557636725608 0.104941567270265 0.376376929156397
0.203847409465547 0.317146782880971 0.279621774934732 0.0295336050719081 0.157873440546335 0.0119769871005071
0.119954582921889 0.217926761946817 0.134412513353494 0.155123900916156 0.340533655036835 0.0320485858248083
0.353324482268854 0.247481051179201 0.0297704975096235 0.0516533804013456 0.0873960137206746 0.230374574920302
0.0565587675919755 0.275014069442287 0.238650135643886 0.0232555096546971 0.280469410307112 0.126052107360043
0.134125897264248 0.016323311246126 0.358045578985626 0.227072012731971 0.228256934986802 0.0361762647852273
0.243138718377965 0.160146378575472 0.153617982299731 0.107493076892571 0.186634925616357 0.148968918237904
0.207976323954473 0.238525643653847 0.29102517173633 0.0148325601020698 0.0328701335792118 0.214770166974068
0.138699303145266 0.00805007518410367 0.262706258310015 0.258340891618158 0.139784515791363 0.192418955951094
0.33508400466389 0.0512506200612091 0.115267494401166 0.219581432329373 0.126222675104817 0.152593773439545
0.138602002373267 0.253883120302228 0.287145323849281 0.0221820964461935 0.0195100930267236 0.278677364002307
0.32587288986683 0.0462462309231756 0.165077873431406 0.0153343156226987 0.234645218877049 0.212823471278841
0.204175199825078 0.302625725831052 0.0898977159404577 0.123478377624555 0.0575234470330798 0.222299533745778
0.259407759304909 0.0177692380297961 0.119457421381472 0.275544222247814 0.239330632111494 0.0884907269245146
0.17375038972459 0.218951753140332 0.0302813343671224 0.175214269893887 0.287449185379715 0.114353067494354
0.27098106667436 0.103285759874553 0.360687605198871 0.00463917942996981 0.248752912486871 0.0116534763353749
0.0421293938828733 0.0678901395463294 0.233830605961122 0.238625270757134 0.227345171565084 0.190179418287458
0.207329354614535 0.101428194903052 0.280795743747675 0.233633389343024 0.172658334384733 0.00415498300698065
0.135100605341252 0.22238160735188 0.110505896681784 0.230057215917372 0.121283692637069 0.180670982070643
0.1018668537803 0.0170804134549854 0.188130133246278 0.262163850036337 0.244893897193973 0.185864852288127
0.194787819832858 0.211157500333582 0.148270524061724 0.123024793678046 0.173585925534566 0.149173436559224
0.231044253503223 0.226824760874969 0.316704435136443 0.0256961115796265 0.0366140535644887 0.16311638534125
0.34622095616788 0.200088542716727 0.047170571521668 0.308654861038436 0.0281968663437323 0.0696682022115565
0.0733444333411693 0.277402635832379 0.083334497440558 0.188945872311736 0.266287708380975 0.110684852693183
0.234979359912505 0.119092459565374 0.220991049739422 0.0999980516050081 0.0911365290312527 0.233802550146438
0.0184058866131699 0.0940562099357204 0.341162312663672 0.0625073542687429 0.169034365450765 0.31483387106793
0.17112899329786 0.16122819382476 0.0801058813521458 0.195511205424986 0.300057863843797 0.0919678622564511
0.0934327221840158 0.225311980196015 0.202104137569176 0.230947787278732 0.167189741254129 0.0810136315179331
0.00193665396021039 0.12696640561956 0.259454176787359 0.206681197275476 0.119871182284118 0.285090384073276
0.0347443443637199 0.202996175938515 0.11874655040999 0.201731041993928 0.177963492371548 0.263818394922299
0.20498053463963 0.00608500450064463 0.261342332676752 0.287069238706185 0.160262109158385 0.0802607803184042
0.0502278269829613 0.367300793574468 0.0770693523543374 0.161629116532588 0.0278054818745506 0.315967428681095
0.0696526603620887 0.130790314206444 0.0423537976296212 0.241744587453337 0.346231809152299 0.169226831196211
0.187914820894723 0.222392925172127 0.031034879237684 0.271432243713845 0.21662423397804 0.0706008970035809
0.171439092135832 0.193975799741783 0.250359854497751 0.134716093862913 0.139530111848029 0.109979047913692
0.198894871038231 0.0211071317687932 0.221566520668966 0.059859981604608 0.28101823393435 0.217553260985051
0.303756341276789 0.220988112943527 0.259007840500971 0.0652046601687187 0.036077421151163 0.114965623958831
0.0190201991888534 0.296164051704677 0.32096179214722 0.239874494567788 0.0536489228697783 0.0703305395216833
0.100699050589283 0.207296868835273 0.211261542083985 0.148877772871825 0.197878649514267 0.133986116105367
0.0483102164771781 0.215420210756623 0.217770362010298 0.267939093179874 0.0938149494727558 0.156745168103272
0.379910772473281 0.0977568898994853 0.00835001754046931 0.0881555982231383 0.320031830550912 0.105794891312714
0.206769842343496 0.138271553357165 0.21309838486976 0.114678048940592 0.159618874213434 0.167563296275553
0.015874043075344 0.128536139663957 0.186665525626246 0.0690386218512282 0.220101065649882 0.379784604133343
0.0668436830518784 0.247165845560924 0.221226002462418 0.0881452059473477 0.153430225913903 0.223189037063528
0.0416737700683316 0.006673214479607 0.000705596512506154 0.0603391535159521 0.474007127824453 0.41660113759915
0.242765353914956 0.345268060955447 0.0818723693203754 0.0518410144412755 0.216837251848812 0.0614159495191341
0.105809000802314 0.142971913196994 0.0765454633546367 0.158024935813895 0.223071132874221 0.29357755395794
0.00405437147738211 0.274478741653743 0.0791399921523481 0.462128410244484 0.0251640491184805 0.155034435353562
0.205470675061845 0.17603933640828 0.108904469814494 0.196644588474321 0.232854499560943 0.0800864306801168
0.0738641248747887 0.179898139406743 0.149629842373745 0.267911721519617 0.110814350095346 0.21788182172976
0.138306887923683 0.201615171671797 0.265903927894573 0.128445292204254 0.0828030641548928 0.1829256561508
0.168512280182358 0.154702183989897 0.16850967802535 0.193927850217662 0.216896167748317 0.0974518398364165
0.186934077088999 0.0242188933397265 0.278653252605395 0.125111206586717 0.0949137089818511 0.290168861397311
0.176421047711343 0.312088553031937 0.214598023384369 0.206570209554061 0.0671727387008444 0.023149427617446
0.0543863600824064 0.177344540101331 0.123435088599467 0.202302257730137 0.339202309715902 0.103329443770756
0.232683206685241 0.218419170761193 0.071931234479078 0.151042583560548 0.159859774294663 0.166064030219277
0.0688582629211724 0.21046962565269 0.0644414697796482 0.262372419617356 0.264107183728925 0.129751038300208
0.134233210134335 0.00827175621068361 0.405552188004583 0.0221930901992509 0.125130342770834 0.304619412680313
0.0909850681116891 0.251346226460805 0.214863747544914 0.0700965176446252 0.0121383568900635 0.360570083347904
0.173777639426093 0.0648122912129332 0.33123689936223 0.073356854919674 0.027550461142463 0.329265853936606
0.201585977703722 0.103112951130454 0.061619946933268 0.171793766886867 0.233061813568181 0.228825543777508
0.114416301588555 0.369840839381006 0.0494521238065558 0.395513709166799 0.0673993043731135 0.00337772168397121
0.0691395749882065 0.250020512706028 0.0263417012980181 0.181732730041857 0.263186201622427 0.209579279343463
0.139340555948258 0.115747456730596 0.260757891403663 0.15573253851214 0.142927638610577 0.185493918794767
0.213387400114353 0.134534787643764 0.298019814725549 0.0601000644906382 0.216224908252275 0.0777330247734205
0.181494967881479 0.111889084338763 0.215451360721273 0.216853043373154 0.0215195720198256 0.252791971665505
0.215865999711341 0.0499314963932999 0.12975701913539 0.165262603102542 0.199379464348275 0.239803417309152
0.126176335449084 0.239014669533709 0.196467477618633 0.153800933938005 0.231492160986464 0.0530484224741034
0.218381747903135 0.0346876123158479 0.135616723293665 0.282558518588498 0.0573618060686384 0.271393591830216
0.22737455263877 0.0729634685148751 0.154578243301593 0.1877688078165 0.0924469382228517 0.26486798950541
0.345831939200092 0.136533285468002 0.128871448897134 0.0148178893105211 0.0757428940511381 0.298202543073113
0.0867094679431161 0.0624402441589556 0.191762544776305 0.257738509710022 0.287112192291506 0.114237041120095
0.239691938605857 0.119971914036969 0.27049265452932 0.139229694486331 0.0250874585055481 0.205526339835975
0.0254994775708775 0.118031213157053 0.2817184457867 0.199940443986949 0.306777485935235 0.0680329335631861
0.183849182033665 0.243689763212643 0.0524455236196539 0.0706988963365515 0.244259593393443 0.205057041404044
0.266062357445129 0.0491323620169378 0.100827577633398 0.23632736467477 0.194793946367227 0.152856391862538
0.223185109593221 0.160124976280715 0.173241241171653 0.183399855418373 0.045163335014923 0.214885482521115
0.128065965966405 0.193481751359152 0.249876499036492 0.22958492434196 0.138951159062521 0.0600397002334708
0.17247660401851 0.0432683004721064 0.18050701620452 0.197810890338362 0.222421963116355 0.183515225850146
0.18871087021919 0.141410318757387 0.231922621894775 0.173528753800275 0.13690879986576 0.127518635462613
0.118347311629639 0.109198092630405 0.37966188558879 0.126988201701338 0.195827217945804 0.0699772905040236
0.18013001904687 0.0155374178658939 0.355340209116826 0.137799332392373 0.291971270872876 0.0192217507051604
0.23646389900954 0.172716191007179 0.0278900556434977 0.178424357635053 0.0611513452083868 0.323354151496343
0.177029664014399 0.223150334917749 0.0385818359429621 0.103370813515585 0.228332944222182 0.229534407387123
0.258206731424737 0.136102264477871 0.113640700646819 0.203464201150007 0.16456411205762 0.124021990242946
0.0509532883397684 0.123156028081235 0.175397169289991 0.296526452633832 0.200811859475736 0.153155202179438
0.169354538578832 0.144068517288845 0.0814670933138978 0.108750841565354 0.134293803124617 0.362065206128454
0.0521687791523763 0.214833186164784 0.199420127706655 0.243775757027566 0.21640852047748 0.0733936294711386
0.26226679468163 0.166945683995233 0.282320648709094 0.0287373932041493 0.0842568023075966 0.175472677102297
0.351571450997224 0.1288726396385 0.18334988332992 0.147782987508451 0.0807027145934934 0.107720323932412
0.210081750038136 0.206222519373316 0.137832846775818 0.171868417061633 0.263219438586685 0.0107750281644116
0.0585101850247303 0.0943322780682209 0.278157338718731 0.0359504740274754 0.267558645040819 0.265491079120023
0.307221359504792 0.113878396330374 0.0328182777402551 0.0218935492354656 0.229357625798828 0.294830791390285
0.0891650537729251 0.160582901840969 0.14998417409376 0.162218593427156 0.165571786526598 0.272477490338593
0.0941245141470908 0.343909934725687 0.3013763385607 0.0295162740591389 0.179086276133967 0.0519866623734162
0.147926021404554 0.175906525451088 0.00769187708786714 0.248503989800468 0.288558560801672 0.131413025454351
0.04187584320676 0.0906510956468651 0.157434817006582 0.31070462838298 0.157903856160487 0.241429759596326
0.187291285522777 0.0137641205735885 0.232200949059696 0.133931355923455 0.19265505091402 0.240157238006464
0.30822372885035 0.239812098990297 0.266820042863329 0.0320136093982905 0.127729568032668 0.0254009518650652
0.0854213399259908 0.227417481466462 0.0416456320527441 0.270521012088101 0.0961290793301744 0.278865455136527
0.235791809068429 0.0936643271196741 0.252311297995665 0.227251050586781 0.144120560428509 0.0468609548009411
0.185576307914645 0.0110870067477489 0.300316285757249 0.191694452654002 0.192523121700574 0.118802825225781
0.0201262031247028 0.237295503210571 0.186368279836638 0.207045144933736 0.285631392468345 0.0635334764260065
0.0593821043285864 0.301136990325463 0.333507768182386 0.00110655897805395 0.162710240196396 0.142156337989115
0.294821280255626 0.27674364011938 0.0975415318993565 0.0614271514315822 0.093764880857268 0.175701515436787
0.17861423751638 0.178379619669315 0.143599290858342 0.171855162966194 0.152289389286871 0.175262299702897
0.207924153029868 0.0869392294826243 0.146814802651227 0.132586477430304 0.215131947245812 0.210603390160165
0.0273014000743929 0.160906416299854 0.193662788914706 0.133070537669476 0.256623660016882 0.228435197024689
0.0719430773884667 0.170782184270991 0.141110368517404 0.170821182303553 0.305238803433612 0.140104384085974
0.0944168023936341 0.155413558486039 0.096278813508948 0.259237493601911 0.104382391793104 0.290270940216364
0.161306861465883 0.222289686285236 0.126922995991514 0.222563105434833 0.189650159301365 0.07726719152117
0.0366492113031736 0.262252216704713 0.285382441855817 0.202103566875292 0.135987142492346 0.0776254207686592
0.120458044104672 0.175844135660531 0.256180463595053 0.253174722720322 0.143052543304003 0.0512900906154193
0.0522697357127988 0.132335488449498 0.102846522784693 0.257452972557652 0.312174771643353 0.142920508852004
0.143553594784791 0.00333071307359981 0.239825087971819 0.341307770294483 0.0182333207806048 0.253749513094703
0.179102066099042 0.235969676978559 0.196043281378967 0.154618121653757 0.0072702105898717 0.226996643299804
0.0895883188935945 0.265311032199707 0.133830591541197 0.0640506875271344 0.261597836163921 0.185621533674446
0.338549103771502 0.227312975842335 0.0460078047764079 0.235096472844531 0.0422603260658644 0.110773316699359
0.116813616245303 0.240495938066194 0.197452432810741 0.153754536441105 0.112042729626976 0.179440746809681
0.287811433680499 0.0273924080408398 0.255777796397468 0.059703755618876 0.221292643719363 0.148021962542954
0.0210793088752138 0.268005897833953 0.211142374906825 0.121959581770598 0.147456287927941 0.230356548685469
0.120016513660958 0.23797265714575 0.183278079138624 0.1050656658886 0.0823934205420241 0.271273663624045
0.177941414292431 0.153844564102143 0.264482694163516 0.0225843569934154 0.197492755313597 0.183654215134898
0.179597931202158 0.102924159769983 0.165403616339224 0.166018651842356 0.173713685386635 0.212341955459644
0.284468159477513 0.240702950565115 0.0455493869082441 0.120007652958489 0.152764086509976 0.156507763580663
0.0298401101999857 0.0433148684040954 0.179353014496533 0.320445261147038 0.184003463068217 0.243043282684131
0.29953594121589 0.282790088264546 0.00657832691919243 0.0240771451847315 0.163141985418739 0.223876512996901
0.249829699262433 0.151851207038806 0.145755973699716 0.175626342341426 0.137679806293491 0.139256971364128
