0.342619426661682 0.246744021273684 0.276776617572739 0.133859934491895
0.275866347192524 0.219983260425565 0.228153155842682 0.275997236539229
0.124860404893612 0.314764935117243 0.317672094389192 0.242702565599953
0.341738828308023 0.351256433826022 0.131531869011921 0.175472868854034
0.205306116009788 0.0360819503237406 0.390882831125006 0.367729102541465
0.251188338107484 0.246447254147829 0.137955342494594 0.364409065250093
0.558862840944314 0.0940811933506942 0.100305536897992 0.246750428807
0.149759292693261 0.135522547555969 0.435226877177429 0.279491282573341
0.042045293443182 0.387657591496131 0.181405580918561 0.388891534142127
0.14815822789311 0.308012823181631 0.34612752512542 0.19770142379984
0.205874616824495 0.150348753556626 0.351977562894305 0.291799066724574
0.0987335003732506 0.497285220969413 0.197840954581927 0.206140324075408
0.318559509247817 0.285680402623296 0.274529541135785 0.121230546993102
0.403921984898137 0.139547563343459 0.385028934459663 0.07150151729874
0.383356243517054 0.350373963969325 0.202179664775995 0.0640901277376261
0.290866620078453 0.2615983703629 0.142424890819627 0.305110118739019
0.241130077122712 0.253928331989768 0.231558333177967 0.273383257709553
0.0324175119915844 0.348866862938469 0.212881438309934 0.405834186760013
0.429850848779513 0.0616268816805403 0.342262123045841 0.166260146494106
0.310457738180403 0.341320210280962 0.30675225684752 0.0414697946911149
0.446792239521597 0.0304709678838467 0.409940369099132 0.112796423495424
0.200390555948452 0.470277984369311 0.139710678095638 0.189620781586599
0.0261237531025851 0.299803025804635 0.306578261729001 0.367494959363779
0.0272534239782645 0.430218407416385 0.299707578241699 0.242820590363651
0.240635579854621 0.108442018612218 0.32476087835715 0.326161523176011
0.0663393162393909 0.380310600125157 0.310461157263347 0.242888926372104
0.0847940911534655 0.269439671691033 0.413780521424622 0.23198571573088
0.761223000604495 0.0525398750532183 0.00425522503462913 0.181981899307657
0.161248709382782 0.315041034928769 0.248240916265361 0.275469339423088
0.444257032319136 0.160149553336376 0.326213285201827 0.0693801291426605
0.253329416567297 0.0630379867811255 0.304568152537716 0.379064444113862
0.378048441072597 0.039573925948824 0.332289058023017 0.250088574955562
0.411435488082619 0.13145955611524 0.0809426808069814 0.37616227499516
0.319747869000797 0.160027370042199 0.360331226028443 0.159893534928561
0.372344119587924 0.0481208939660473 0.298612332138679 0.28092265430735
0.321399343088889 0.277088549326858 0.181902566898855 0.219609540685398
0.277287272118214 0.00502708983198379 0.410592026765114 0.307093611284688
0.125330410029625 0.219088869966266 0.307732397065525 0.347848322938583
0.539302854359012 0.175716616848372 0.0415826236085689 0.243397905184048
0.23080874097123 0.366163833903307 0.350656312901432 0.0523711122240309
0.316135211998588 0.327208996416207 0.0212260458191818 0.335429745766023
0.465513747331454 0.0206077111321805 0.510426663628697 0.00345187790766854
0.405459336918782 0.346686102729552 0.0106759852353774 0.237178575116288
0.0310699777253417 0.247982316434818 0.409609186931211 0.31133851890863
0.374164589313844 0.0237472250097152 0.396651131857738 0.205437053818702
0.316677811667476 0.475767366964963 0.190621663369689 0.0169331579978715
0.145389745367411 0.339197874029358 0.221997946584552 0.293414434018679
0.0949187861167605 0.296910141662702 0.267944427813006 0.340226644407531
0.228825598278279 0.0911043721379565 0.527390911427664 0.1526791181561
0.330741296946404 0.303427086615795 0.339303203469961 0.0265284129678399
0.338331330229002 0.242591439283752 0.336352562582554 0.0827246679046916
0.320227680228665 0.352998643672553 0.220790904346251 0.105982771752531
0.289823773440443 0.29794625373231 0.22202860065095 0.190201372176296
0.128443066585737 0.31735996437426 0.405584082590963 0.148612886449041
0.247331510291087 0.258191272878633 0.18457626206822 0.309900954762061
0.245330899393029 0.00478579354491914 0.359628934368031 0.390254372694021
0.300667279344434 0.10500100963737 0.359943630142359 0.234388080875838
0.0823603126692369 0.389059403598269 0.334819239565473 0.193761044167021
0.167910112242494 0.338365756005397 0.246401867571113 0.247322264180996
0.393228094855768 0.105299626536678 0.369947736050577 0.131524542556977
0.220494471820015 0.121720399459615 0.182139906324693 0.475645222395677
0.192529225116242 0.383683204439866 0.150799304512161 0.27298826593173
0.265948965992047 0.213769105187559 0.249604612340541 0.270677316479853
0.0215617680780701 0.111439098229615 0.431587945540587 0.435411188151727
0.0755458569200554 0.256870130413069 0.465738204433756 0.20184580823312
0.0400390588961024 0.305722240983696 0.532071504163085 0.122167195957116
0.150568002339053 0.0817426509243645 0.391252249907854 0.376437096828728
0.139910893123565 0.3546992626941 0.290454821239535 0.2149350229428
0.182017313655181 0.352555587080852 0.366481135734136 0.0989459635298308
0.132009836551278 0.238186890339489 0.40413214296633 0.225671130142903
0.111029992808244 0.365659594832573 0.336479448739407 0.186830963619776
0.28781068926739 0.103396463465695 0.188199728174167 0.420593119092747
0.117074316020719 0.280767650020031 0.257709419355921 0.344448614603329
0.39897261724165 0.205694610969023 0.194960963344477 0.20037180844485
0.0835695517358691 0.188127460128082 0.0564369065931585 0.67186608154289
0.226387928939963 0.220466868396245 0.261942073333375 0.291203129330417
0.343892640184172 0.174629056078213 0.431507061408941 0.0499712423286746
0.0281503550193836 0.449364550784483 0.136749847511777 0.385735246684356
0.255422650060344 0.107421198917096 0.362028228290333 0.275127922732226
0.516118809484326 0.315750544992528 0.0140262406768942 0.154104404846251
0.0813642522103206 0.0696070769048731 0.508538472964724 0.340490197920083
0.00884644661397551 0.352970928983954 0.414292552560905 0.223890071841166
0.379407251343213 0.26065057820413 0.292349645497146 0.0675925249555109
0.133346575990205 0.267075861486271 0.146026810999499 0.453550751524024
0.354802552923961 0.370424602016962 0.252997452955888 0.0217753921031894
0.551740915403977 0.309269009663409 0.0321804875098022 0.106809587422812
0.231718501813936 0.249176936604721 0.117839589654243 0.4012649719271
0.0693784274516216 0.076370010516478 0.445875354630389 0.408376207401511
0.0576074976597828 0.450260778105815 0.409630033308072 0.08250169092633
0.200815290058197 0.225762396167405 0.308700048995335 0.264722264779062
0.366259863340348 0.174288310738695 0.393255406204008 0.066196419716949
0.219920323823789 0.366933968192341 0.263922451707696 0.149223256276173
0.278503170459979 0.35814870465058 0.321388052528618 0.0419600723608231
0.0891642739081518 0.40278753678042 0.307708068822304 0.200340120489124
0.312901369736151 0.14076148778273 0.134278847109612 0.412058295371507
0.207958471069074 0.517571211872539 0.252093168754356 0.0223771483040318
0.106398519042922 0.310294820992063 0.290131638129909 0.293175021835106
0.277404818965106 0.265514643563315 0.111892460181348 0.34518807729023
0.301503521667879 0.395023929341038 0.0729899680718192 0.230482580919264
0.185847796937071 0.336150358517305 0.412168378994594 0.0658334655510296
0.315692559942737 0.125829106911742 0.413866606774794 0.144611726370727
0.0506602993922815 0.0914860704876264 0.458355790028616 0.399497840091476
0.283397511431149 0.282661948137873 0.162681573553163 0.271258966877815
0.239012319382769 0.0873815301960535 0.349977851256546 0.323628299164632
0.0590140664923827 0.374273794343426 0.338670967603941 0.228041171560251
0.30052197026044 0.440631145561286 0.116127830645885 0.142719053532389
0.196555875697545 0.205742596249969 0.299479136192165 0.29822239186032
0.430729698883923 0.298901568158645 0.191264577353392 0.0791041556040399
0.139924534180025 0.307035042406103 0.00593728244209733 0.547103140971775
0.192263169459498 0.1248780496358 0.290110184721753 0.392748596182949
0.190976713171342 0.447961977606853 0.0707985432571643 0.290262765964641
0.203081089158213 0.0732274642075529 0.413132437465114 0.31055900916912
0.103410067877099 0.327234186563709 0.367806026817968 0.201549718741224
0.309379509308466 0.092038761496459 0.17247178776419 0.426109941430885
0.139031386703002 0.228587792741204 0.338369623539227 0.294011197016567
0.33575317657852 0.160189350015937 0.281562825590881 0.222494647814661
0.356045185416706 0.436419492712643 0.0595847419700742 0.147950579900576
0.11907500099647 0.285788197397776 0.587759881406882 0.00737692019887153
0.361778359402488 0.296390404416225 0.0773718101484098 0.264459426032878
0.31174860403303 0.0883234339519239 0.2983249034923 0.301603058522746
0.223266988432312 0.269241145286742 0.471130227607913 0.0363616386730331
0.461199738209347 0.25358727558274 0.0795341033039774 0.205678882903935
0.484139262823231 0.146205851506522 0.0423479391781792 0.327306946492068
0.446986930379167 0.255065696952316 0.0345222637266415 0.263425108941876
0.138735110569822 0.424917274748776 0.405554209152107 0.0307934055292945
0.179698758524026 0.127927801451162 0.282993933277014 0.409379506747798
0.548722032872768 0.0683226334593243 0.18466471389296 0.198290619774948
0.288937848333357 0.205665673112291 0.20615061899985 0.299245859554503
0.352797281215342 0.112620977783187 0.114143751627863 0.420437989373608
0.231986158544413 0.239723529832344 0.269815706580189 0.258474605043055
0.151029708889543 0.166423342108889 0.383326598069107 0.299220350932461
0.30632718640498 0.304791936556949 0.336006284013209 0.0528745930248612
0.20500659600845 0.451783382288953 0.0581925481418515 0.285017473560746
0.291648131361263 0.174216775644414 0.462870544600745 0.0712645483935772
0.375626072709953 0.100385392549371 0.21516726739871 0.308821267341966
0.153755405870336 0.399384052682592 0.220780167971187 0.226080373475884
0.332915893644194 0.264191932870958 0.303639289158091 0.0992528843267578
0.376848791056564 0.142794747845865 0.10003431989228 0.380322141205292
0.299082279363518 0.186791073121706 0.28283124320324 0.231295404311536
0.309842950874844 0.151299242886332 0.406965349892722 0.131892456346102
0.0591273555870125 0.450252733019052 0.442220788961628 0.0483991224323075
0.350598236393888 0.160831660110144 0.394217039964082 0.0943530635318863
0.327220410581173 0.332415957765746 0.143503117931968 0.196860513721112
0.269682194987716 0.26615076858039 0.163941835484254 0.30022520094764
0.319441592618066 0.117014399196351 0.50323150937513 0.0603124988104533
0.24946114102119 0.150911796633968 0.542705510409152 0.0569215519356905
0.134247714756145 0.266912166145824 0.245591047726178 0.353249071371854
0.20927557261081 0.078229419368661 0.485454191599004 0.227040816421526
0.0646628954076575 0.386863826531275 0.209610378593016 0.338862899468052
0.0548396125133646 0.525062602437984 0.242270194592025 0.177827590456627
0.360377492454626 0.0314719870211321 0.350262951088669 0.257887569435572
0.372944585584534 0.412920603117492 0.162802114239915 0.0513326970580592
0.204692330487675 0.422049012147047 0.293318758834513 0.0799398985307649
0.163891763953781 0.371212485524394 0.24626680157378 0.218628948948045
0.355442037477855 0.259185720479346 0.242734183215903 0.142638058826896
0.339589327438996 0.18847747974889 0.250462458173219 0.221470734638895
0.0435472211639607 0.598148040667732 0.0959024025503525 0.262402335617955
0.22700421507036 0.334534212226849 0.316701087787793 0.121760484914997
0.0403841191363234 0.0916661006754544 0.338372561373201 0.529577218815021
0.179527212995992 0.647293756950917 0.147156933168404 0.0260220968846871
0.21108719569075 0.423148534355867 0.212032498844218 0.153731771109166
0.367704456694407 0.0965886405399398 0.184720177274256 0.350986725491397
0.283028035910916 0.268983687353612 0.290418811070975 0.157569465664497
0.613158096815731 0.174880912653799 0.193491039981628 0.0184699505488426
0.0668850156626947 0.05847822546637 0.432762276183564 0.441874482687371
0.442839882940739 0.34109734406277 0.110074956160091 0.1059878168364
0.421048531132944 0.307720271029783 0.0303405915774894 0.240890606259784
0.407736456838702 0.103949290566768 0.173885855333862 0.314428397260668
0.419315362283632 0.306370553674249 0.161912129207385 0.112401954834733
0.290321475347929 0.231145735195055 0.350528431258277 0.12800435819874
0.0305722961786947 0.274569151708691 0.62355887266825 0.0712996794443641
0.353176518885225 0.484950228892222 0.104200017673286 0.057673234549266
0.451902610849178 0.085058104256458 0.295693712743698 0.167345572150665
0.201136198608626 0.043896244974325 0.438272947851921 0.316694608565127
0.13358023150061 0.133557858828524 0.365920462788473 0.366941446882393
0.244762080061308 0.347248636110798 0.359821633092364 0.0481676507355299
0.43022543196063 0.0193669156491258 0.362681960287949 0.187725692102295
0.0998992972459142 0.251544835935305 0.37755825990269 0.270997606916091
0.307498281011933 0.265693739383776 0.143036665780823 0.283771313823468
0.410749394838215 0.224963334958689 0.208637727508831 0.155649542694265
0.321084357657141 0.30907761061835 0.0230688456308724 0.346769186093636
0.169575997838978 0.418270157991148 0.405013074423245 0.0071407697466298
0.359085034922411 0.124319957317889 0.149672770171521 0.366922237588178
0.300463039066799 0.270657255808128 0.317158218059106 0.111721487065968
0.288446281340238 0.223716939522682 0.359785855328479 0.128050923808601
0.0481795917749872 0.245755577813887 0.284159812092069 0.421905018319057
0.0174700136582501 0.360927927576078 0.353190698721889 0.268411360043783
0.36007434421179 0.0403223500979616 0.244741219701794 0.354862085988454
0.154668600255224 0.237488560388341 0.302203322078071 0.305639517278365
0.121866643859118 0.525112755207187 0.0287756199431746 0.32424498099052
0.295788765586389 0.272947056852059 0.334391119779236 0.0968730577823159
0.254955872317837 0.109321601655917 0.226825268243041 0.408897257783205
0.507771045230987 0.301510520801293 0.1545114090455 0.0362070249222209
0.295544698905833 0.16903809833685 0.189600504441494 0.345816698315824
0.300811652574258 0.45802737976457 0.109334790919448 0.131826176741724
0.122663283033302 0.497734663049864 0.159443676210371 0.220158377706463
0.316185638319457 0.290629577415975 0.128935615151373 0.264249169113195
0.403264254277815 0.186923538780264 0.387429702783147 0.0223825041587739
0.107356276748725 0.271316835190215 0.263393566916863 0.357933321144197
0.0450889258493856 0.522660719802507 0.234690573778828 0.197559780569279
0.336397987311812 0.439436698118973 0.0644174767188761 0.159747837850338
0.162605322269839 0.286645857561109 0.278060481685917 0.272688338483135
0.120608466764253 0.393956110861482 0.18069014144129 0.304745280932975
0.220885517799041 0.601168670830074 0.0953664597099445 0.0825793516609405
0.176406790553668 0.245209238016548 0.0906431345036088 0.487740836926175
0.446923136799577 0.345443805675338 0.137420229784406 0.0702128277406787
0.343076000595655 0.128636941799946 0.48223933093061 0.0460477266737895
0.185502607113878 0.195837981703017 0.337442405449045 0.28121700573406
0.196124987189908 0.154594722430561 0.249413489880719 0.399866800498812
0.0196854960233847 0.45065852742251 0.393870079738447 0.135785896815658
0.0377307330573555 0.253934891036873 0.235026519517248 0.473307856388524
0.164541353754764 0.252203975452427 0.521320585646167 0.0619340851466418
0.392475009250963 0.318655816417158 0.00788609241545422 0.280983081916425
0.309808689527738 0.294543815964265 0.379525542375052 0.0161219521329449
0.554811230992538 0.0638532084680227 0.294074608719232 0.0872609518202072
0.19588407200194 0.29330382925481 0.353003617783631 0.157808480959619
0.312094883033264 0.109558128905394 0.344139574356698 0.234207413704644
0.463795215157596 0.23339176556421 0.090474818298637 0.212338200979557
0.338809261092401 0.317687876182955 0.135410753076635 0.208092109648009
0.28453620358668 0.118378319809385 0.526617111693786 0.0704683649101486
0.132318044164063 0.320431251612083 0.111786706742377 0.435463997481476
0.265533745544209 0.0294240688122396 0.402989284358102 0.302052901285449
0.339838490756392 0.166570402487455 0.190016312212697 0.303574794543457
0.0348539388845568 0.250637694756952 0.32239532313168 0.392113043226811
0.420441167205794 0.20512848810953 0.342651642284679 0.031778702399997
0.107112776318969 0.336899349255429 0.427909352583893 0.128078521841708
0.371032471671241 0.128926185069634 0.315149919118353 0.184891424140772
0.188342311051101 0.308934090029294 0.34006752607375 0.162656072845855
0.319455862975288 0.49379186620019 0.130371264955344 0.0563810058691778
0.254061337313524 0.511769308583621 0.134235407382206 0.0999339467206487
0.397448139084633 0.275489529955718 0.291840245153695 0.0352220858059539
0.207762278677645 0.359443102840765 0.230577454640511 0.202217163841078
0.0591707574966064 0.0639195919355368 0.234740978685581 0.642168671882276
0.228291906442049 0.198970487907424 0.216188316364108 0.35654928928642
0.307099006114721 0.103767628635825 0.32247656744185 0.266656797807605
0.0417932660746537 0.429519103955931 0.31393101829957 0.214756611669845
0.454767999814467 0.271454809561171 0.170234217004188 0.103542973620174
0.243990107187694 0.234082668545692 0.315675767192094 0.20625145707452
0.449293063878376 0.262165366717942 0.153270750298345 0.135270819105337
0.450330010050525 0.171607454755084 0.356025799766011 0.0220367354283797
0.428052214105763 0.240687158078768 0.0154643107269059 0.315796317088563
0.102183424995041 0.224677080519032 0.513658032101606 0.159481462384321
0.354690871833744 0.286961536010615 0.0754710678246468 0.282876524330994
0.285748203590719 0.174460593535755 0.252668287306262 0.287122915567264
0.100937428243805 0.126593497778441 0.410733080065681 0.361735993912073
0.234822532199591 0.266743817553879 0.237586835273498 0.260846814973033
0.232466065839243 0.140333294790529 0.366992306273797 0.260208333096431
0.345978606084654 0.123887200480881 0.206842406075245 0.323291787359221
0.211654344111003 0.311382390905765 0.332144644142346 0.144818620840886
0.264231835998572 0.225595945273735 0.319084354374395 0.191087864353298
0.161510023643233 0.302334529977801 0.339194441942169 0.196961004436797
0.264301676278273 0.332404454432793 0.0224691924618104 0.380824676827123
0.263978145584959 0.214238927284647 0.245118738030754 0.276664189099641
0.26321644372115 0.014722161068182 0.40788331662789 0.314178078582778
0.365219049811581 0.215051109751436 0.363163890839254 0.0565659495977287
0.485422271048649 0.0146519305931942 0.30401382872596 0.195911969632196
0.275036564857146 0.342065999018515 0.182713646480974 0.200183789643365
0.434027566497313 0.325657428540059 0.10182323292471 0.138491772037919
0.229947842515166 0.28562561484206 0.289591023835859 0.194835518806915
0.410642591374211 0.0236314304832719 0.338127455675314 0.227598522467203
0.360861497454308 0.18158475118896 0.297314902314776 0.160238849041957
0.311342644626292 0.257337973037462 0.0627102675931978 0.368609114743048
0.281434075770409 0.299550036539151 0.107417734836091 0.311598152854349
0.24679884147432 0.150135593119025 0.16447908748899 0.438586477917665
0.587098339563393 0.0168104917383549 0.264188095776176 0.131903072922076
0.328496657600628 0.52380199905492 0.00734953783460663 0.140351805509846
0.39791221947344 0.0590471456094399 0.167610477840666 0.375430157076453
0.353563895948345 0.1450312745373 0.116575335468642 0.384829494045713
0.272323490746401 0.226941977166801 0.388577983378814 0.112156548707984
0.231639874778678 0.329712901011707 0.331226478132665 0.10742074607695
0.342256273437619 0.0376001226409575 0.423174073662755 0.196969530258668
0.543160757911465 0.0250124180760421 0.130106472260325 0.301720351752168
0.0785747286554396 0.0211815428064935 0.520384253194648 0.379859475343419
0.201407153935943 0.371460494862021 0.337491074024103 0.0896412771779338
0.46588485267583 0.126545451970382 0.210696210051992 0.196873485301796
0.218711972819281 0.0241868988357594 0.484176036862116 0.272925091482844
0.487149734822381 0.120611301458041 0.322258460484698 0.0699805032348804
0.391001226458479 0.0971362515724604 0.439709292404868 0.0721532295641919
0.275932464533128 0.304855699221682 0.13997047551641 0.27924136072878
0.283586901528441 0.285957445712981 0.31757007417721 0.112885578581368
0.345517953697723 0.0283906173640809 0.376691857401908 0.249399571536289
0.218881684172811 0.224110975249376 0.297569538412196 0.259437802165617
0.469489494030967 0.189338977619728 0.175954046169771 0.165217482179534
0.150701803525809 0.498364343884831 0.243810212788446 0.107123639800915
0.143273210216418 0.187029894380737 0.0729968788605656 0.596700016542279
0.397917823381934 0.0231665322919193 0.353493554607378 0.225422089718769
0.311809768128256 0.355315977276857 0.329488309070442 0.00338594552444443
0.136740029099648 0.405747029336505 0.179575287699026 0.277937653864821
0.483696809914624 0.118426289861901 0.236529027539399 0.161347872684076
0.425939121184798 0.377622961762134 0.0258859267130174 0.170551990340051
0.477665665579635 0.0758727756371689 0.399747495400108 0.046714063383088
0.0137189003695912 0.304518540313597 0.242828802210602 0.438933757106209
0.282986868553419 0.282352803074148 0.244136487963971 0.190523840408462
0.216717148734064 0.376734546345211 0.0933321714126528 0.313216133508073
0.212798047934638 0.102971136478221 0.455730127350933 0.228500688236208
0.077559793349142 0.365092590883823 0.300307262033466 0.257040353733569
0.108897346619158 0.173291521956402 0.668249256869782 0.049561874554657
0.0267232078062103 0.0853926952407046 0.249214259481352 0.638669837471733
0.165752761323975 0.321294131555824 0.189333395990916 0.323619711129285
0.133938682067395 0.382250188571558 0.115610642902942 0.368200486458104
0.198142943467503 0.195753261663669 0.315657422029662 0.290446372839165
0.349376613071347 0.271139424354655 0.276332225966271 0.103151736607727
0.351139401663382 0.00933422405123884 0.328523100029676 0.311003274255703
0.181056282699364 0.212095698281003 0.242199233022037 0.364648785997597
0.277097792734213 0.558396722874704 0.0331647757188708 0.131340708672212
0.0442414846272028 0.705542515978576 0.0180866630132798 0.232129336380942
0.483349539537157 0.36521529524209 0.0258607289993763 0.125574436221376
0.290575768494609 0.320136281249 0.259086101999083 0.130201848257308
0.163865136881181 0.0227037323125943 0.665129144534883 0.148301986271342
0.0382366028897219 0.400241889001489 0.392826590429188 0.168694917679601
0.101567342281431 0.346419089247407 0.239778029766523 0.312235538704639
0.271357607322686 0.379896105087441 0.291595486773582 0.0571508008162912
0.0889061585356416 0.34156784408731 0.120875758463805 0.448650238913243
0.273111160864951 0.334604404595387 0.204341667412465 0.187942767127197
0.35269811708492 0.22126946412048 0.252323617098386 0.173708801696214
0.254301784155561 0.0310162531297524 0.265734836764677 0.44894712595001
0.215804020759709 0.065528641497163 0.412410789521263 0.306256548221866
0.10737912183869 0.121393634320906 0.397620989122827 0.373606254717577
0.108066869691972 0.198854223927104 0.162742832697109 0.530336073683815
0.133602334490331 0.0639345635610789 0.244651322398015 0.557811779550576
0.162090303511841 0.577398711687416 0.124266402379771 0.136244582420972
0.304132389542471 0.254219977867381 0.169680535042861 0.271967097547286
0.290454815358564 0.159651953821735 0.271407612172942 0.278485618646759
0.188906477901633 0.196099233624631 0.338741856685076 0.27625243178866
0.264720565918677 0.14699667642486 0.331166819531916 0.257115938124547
0.320773734261262 0.41587016638363 0.219570338037986 0.0437857613171223
0.330665804596281 0.196121013931638 0.322028391695514 0.151184789776567
0.102736033972351 0.234397873200472 0.119139305016059 0.543726787811118
0.283299282970925 0.310466194602288 0.366111569731061 0.0401229526957264
0.265520361705117 0.243429790654327 0.19050559309976 0.300544254540796
0.106767930934329 0.142989387490727 0.277048519472831 0.473194162102113
0.197922672969538 0.0695805810720187 0.540040387918874 0.192456358039569
0.435088667000718 0.339605876198309 0.15633690544877 0.0689685513522019
0.173889155638776 0.378937180616966 0.305695972729876 0.141477691014382
0.619802022408911 0.00403169198513396 0.198610515052558 0.177555770553397
0.204007344099547 0.360622220218133 0.192620095303707 0.242750340378613
0.0669111478093097 0.0462809714105931 0.26935573627352 0.617452144506577
0.541872794191268 0.00737030068540579 0.418783533559224 0.0319733715641017
0.0929045391964801 0.190523789941965 0.357046759986106 0.359524910875448
0.463849692324117 0.185706813479443 0.217508650189152 0.132934844007287
0.342609937863455 0.250592150010991 0.0897734875978825 0.317024424527672
0.243944519731265 0.0598922061673366 0.538347945809586 0.157815328291812
0.0518816952262781 0.329461998472583 0.208087485176431 0.410568821124707
0.280765279550566 0.337089812006792 0.0769107112976731 0.305234197144969
0.279207724397057 0.397977956093081 0.100989275582533 0.221825043927329
0.457304943008625 0.329167720092514 0.164249331625029 0.0492780052738327
0.256000821669949 0.411199438476478 0.325695343739779 0.00710439611379427
0.127033631094448 0.318402618895173 0.324351528937284 0.230212221073096
0.367020544480894 0.260861947794857 0.0427182078763424 0.329399299847906
0.241808967446963 0.215403748126941 0.269633443198268 0.273153841227828
0.0918588323879942 0.450939067254187 0.0666349667497475 0.390567133608071
0.370510257735657 0.106044258259162 0.239776272161253 0.283669211843928
0.16327641312692 0.0853607136111748 0.591452190931115 0.15991068233079
0.0116276054622167 0.377087014521435 0.340695832487631 0.270589547528717
0.285162127502273 0.155898625033904 0.198865722614343 0.36007352484948
0.245005227741312 0.277044788496891 0.115423455012746 0.36252652874905
0.0871644791400484 0.387776552348239 0.499213050256053 0.025845918255659
0.120534035812034 0.457604208509228 0.0355540341864568 0.386307721492281
0.317908204497033 0.252279433176968 0.192471203778886 0.237341158547113
0.403478425548492 0.480094981635227 0.11478718153184 0.00163941128444099
0.158328802251129 0.47083590045257 0.154440365677242 0.216394931619059
0.260914843257956 0.205545317989858 0.345043950216675 0.188495888535511
0.244982264862312 0.366057963990708 0.0783581647477831 0.310601606399197
0.317169718900269 0.395422737412416 0.0392058122149431 0.248201731472372
0.185107606897442 0.350122916074415 0.322662583507968 0.142106893520175
0.163416866795792 0.0825234443415603 0.27558003440687 0.478479654455777
0.424090613510368 0.340525164510173 0.204831376232497 0.0305528457469618
0.347367533117488 0.252999780545562 0.337727421818353 0.0619052645185965
0.118047715507782 0.314181770461858 0.454527998751752 0.113242515278609
0.272995150416254 0.23339774049242 0.112632856937753 0.380974252153573
0.224982417275966 0.25743747111439 0.29177957816581 0.225800533443834
0.280837940130483 0.249678570390092 0.357314084229862 0.112169405249563
0.0577416778628192 0.0122547355731645 0.731168222831413 0.198835363732604
0.458801268870242 0.194107293958006 0.0717980107007647 0.275293426470987
0.368297063218783 0.150983402101616 0.448809191719885 0.0319103429597167
0.124238918367816 0.445214794232624 0.337533432859111 0.0930128545404486
0.312327994384913 0.364622079010744 0.22527019140394 0.0977797352004035
0.0947594524112012 0.270095650545444 0.38729753875356 0.247847358289795
0.181171030145129 0.303296700611802 0.426360946008577 0.089171323234492
0.284922113794385 0.270995232463502 0.34135840891731 0.102724244824803
0.0132434796862399 0.267284909808271 0.417700563436898 0.301771047068591
0.208521822852769 0.280519991077624 0.387615543026916 0.12334264304269
0.434744924053516 0.326114090203173 0.128606870157859 0.110534115585451
0.215300170808659 0.271360148265218 0.237456578046989 0.275883102879134
0.26949054369179 0.122039590303462 0.329604846966748 0.278865019038
0.121908816518931 0.469424057749415 0.12412542034366 0.284541705387994
0.202456408304182 0.59957096197096 0.019135516211979 0.178837113512879
0.0958767471709422 0.635038516867286 0.0175674353590631 0.251517300602709
0.0467431048262844 0.255836708272191 0.56621344280836 0.131206744093165
0.019636614367009 0.168362009311504 0.272016524946335 0.539984851375152
0.307247768212033 0.274746316772762 0.21421509698205 0.203790818033155
0.597788316189273 0.33070223156133 0.0450707513536156 0.0264387008957818
0.302083569198024 0.248398588635022 0.175476993509316 0.274040848657639
0.39561838829065 0.0319688737332691 0.357287044080902 0.215125693895179
0.484536748769756 0.342870718246247 0.0979689584856362 0.0746235744983599
0.276806143888352 0.473063029850159 0.0305768739653083 0.21955395229618
0.450250654539312 0.291684713468463 0.189803896207439 0.068260735784786
0.351337650708365 0.249722322232506 0.390736688068311 0.00820333899081791
0.373712283229747 0.38927044366079 0.04568488349348 0.191332389615984
0.312166698189625 0.0874440068399561 0.275682712732519 0.3247065822379
0.107842059226227 0.172973891709604 0.350106161739159 0.369077887325011
0.308292208724155 0.0356336803929381 0.145267502957103 0.510806607925804
0.350862248026643 0.332505509866304 0.140391336238715 0.176240905868339
0.353193002467195 0.316174823950304 0.151918132493856 0.178714041088646
0.306894704547172 0.335699291862635 0.124563184759432 0.23284281883076
0.0567491577766596 0.409649788209158 0.194120953808483 0.3394801002057
0.309985480756931 0.322577284853588 0.279737254483754 0.0876999799057275
0.0423865157235084 0.262987623856602 0.594340406293436 0.100285454126453
0.0865951180611804 0.63659184113084 0.244003474575215 0.0328095662327644
0.157217547191695 0.270946860525217 0.250469541567393 0.321366050715695
0.264419879174606 0.114999990563293 0.16391480090846 0.456665329353641
0.365366373471743 0.19291514741898 0.217813259655244 0.223905219454032
0.284963179153468 0.432812875990334 0.206924301464587 0.0752996433916107
0.329803285108849 0.17720337567373 0.175287955821444 0.317705383395977
0.315713263810583 0.10658485511352 0.331444630709562 0.246257250366335
0.473822839365685 0.255699344148767 0.25486294580825 0.0156148706772977
0.178953754486998 0.101847449095332 0.331408997474999 0.387789798942671
0.414217234002519 0.267596090828291 0.277168293980141 0.0410183811890489
0.356264665311529 0.2445281839908 0.376883940226021 0.0223232104716507
0.0115750010792572 0.27870644227922 0.32316549175219 0.386553064889333
0.40087291885202 0.169868853728672 0.263567056985754 0.165691170433554
0.0164702661564804 0.429088603376924 0.537242664757875 0.0171984657087206
0.16204634706508 0.163840419582457 0.258782925799828 0.415330307552635
0.341853207076613 0.277066843493357 0.106344238338176 0.274735711091855
0.232247974618352 0.291288998447198 0.11148395602518 0.36497907090927
0.0846687150155988 0.0523696714074374 0.603832353858781 0.259129259718182
0.129535998456362 0.431971103325865 0.201017547486395 0.237475350731379
0.148724526334005 0.306730789510455 0.219749485575294 0.324795198580246
0.268496064911922 0.127291208534086 0.221105141593946 0.383107584960046
0.0857023540261692 0.273794185235177 0.310302823124085 0.330200637614569
0.533915448346214 0.0515669343193214 0.192466418257147 0.222051199077318
0.519984353287641 0.228916045338419 0.0983417038257354 0.152757897548204
0.398901143090043 0.103452830961125 0.334505262569529 0.163140763379303
0.168865277359114 0.510853950535111 0.226104637610652 0.0941761344951235
0.188273970117722 0.413334339161305 0.203236818785382 0.195154871935591
0.353151781409364 0.0184681589448655 0.336107573074195 0.292272486571575
0.206254925679505 0.255622283276228 0.247464555969687 0.290658235074581
0.0834442646170814 0.255912923652291 0.360079970801188 0.300562840929439
0.314811107001636 0.508762267306105 0.0148897654589307 0.161536860233329
0.333160246299292 0.205895775005087 0.310554432857537 0.150389545838084
0.335776249767242 0.17670418561957 0.312117671650889 0.175401892962299
0.425533213824166 0.0548902398419913 0.284051942843151 0.235524603490692
0.45987263271724 0.257756302652565 0.276031456235366 0.00633960839482895
0.414040427739852 0.543247377175105 0.0218940103624948 0.0208181847225484
0.0954785432746335 0.0575740012118749 0.517657099592454 0.329290355921038
0.395223386683241 0.259561386859192 0.0153097818148578 0.329905444642709
0.233360603083362 0.453661616452479 0.121383418211638 0.19159436225252
0.203632319932479 0.137155829026348 0.0271572957454146 0.632054555295759
0.27887858525022 0.238531532641678 0.241066855703637 0.241523026404465
0.0364441965075331 0.249869823594735 0.129498315669642 0.58418766422809
0.25655876913869 0.322997048962353 0.238933821595103 0.181510360303855
0.259350792852839 0.0900377118433597 0.279210232632645 0.371401262671156
0.0672059134944695 0.3467353520969 0.0774588784622644 0.508599855946366
0.138775194803241 0.339552696809212 0.183676854405255 0.337995253982292
0.26306259985205 0.346429625474193 0.0864637249789375 0.304044049694819
0.420973452679212 0.062307265296863 0.050197336867952 0.466521945155973
0.00892525930580276 0.120075377168031 0.738462823126303 0.132536540399863
0.220659742814293 0.312410497241414 0.179101935766887 0.287827824177406
0.335295119755764 0.202655875630934 0.325024577937923 0.137024426675379
0.11070941467121 0.34442574875204 0.289685197051366 0.255179639525384
0.151823655135026 0.342841485907191 0.123629725906513 0.381705133051269
0.184950665460623 0.296007511362281 0.277817957253281 0.241223865923814
0.393276892606074 0.116651551374362 0.135834266819986 0.354237289199579
0.278616052564788 0.333156296803234 0.172856178678045 0.215371471953933
0.540796530412649 0.009824036183709 0.0493003655379089 0.400079067865734
0.219609989502657 0.293844727432241 0.228257592507422 0.25828769055768
0.130086673328322 0.359037071148556 0.292320766508144 0.218555489014979
0.13258342658545 0.013882162010169 0.391256537113812 0.462277874290569
0.483210995784685 0.180616493505088 0.101083001224642 0.235089509485585
0.424291942185029 0.362159610472398 0.0057251880769407 0.207823259265632
0.398368461033786 0.266886313277535 0.126207551174401 0.208537674514279
0.44682246061918 0.302162183788971 0.00744330090927394 0.243572054682574
0.138092785009005 0.40876140514281 0.240337840215077 0.212807969633107
0.162097127014647 0.13436315551223 0.6288639692126 0.074675748260524
0.118142913515162 0.267140855842956 0.45388937051176 0.160826860130121
0.0218939296711216 0.443178991855487 0.125766639069622 0.40916043940377
0.220028748030475 0.438704682119098 0.269034024712562 0.0722325451378651
0.591302542664175 0.315082544780574 0.0524548343847456 0.0411600781705057
2.7611092301852e-05 0.411943500780424 0.32034226718858 0.267686620938695
0.392856319316405 0.1881189135474 0.205391807444881 0.213632959691315
0.522055744817904 0.111446842217418 0.3653610294081 0.00113638355657771
0.2454584476794 0.280520770810599 0.131563171078438 0.342457610431564
0.354740116608725 0.155100558036109 0.219618163631075 0.270541161724091
0.260046316113723 0.272999475367092 0.0475764071515341 0.419377801367651
0.223180674610917 0.14273151231526 0.376544160950367 0.257543652123457
0.271376551558506 0.0248165958438246 0.332085357586208 0.371721495011462
0.393323979787332 0.289786665546883 0.0351539546327557 0.281735400033029
0.230315105261276 0.556233262531712 0.0265174727972616 0.18693415940975
0.0126556563410159 0.341566715499955 0.301785863514911 0.343991764644118
0.275515414330467 0.263523327525853 0.326630157008618 0.134331101135061
0.240985078059293 0.303681006342715 0.191808512595941 0.263525403002052
0.561837496299149 0.0565658812073916 0.164481935681963 0.217114686811497
0.555798941884559 0.136329515983561 0.277489796749565 0.0303817453823155
0.282249699794496 0.217890729761096 0.197216949579773 0.302642620864635
0.153136527914705 0.164529656480837 0.3338942176492 0.348439597955259
0.323515699171288 0.167509019080178 0.0675221166395466 0.441453165108988
0.158582276184319 0.402074141146661 0.212757791642361 0.22658579102666
0.114806961252431 0.0456628435002331 0.431949379018198 0.407580816229137
0.362443985025273 0.348399280552393 0.0786492326369588 0.210507501785376
0.266573545488748 0.152791687220165 0.289483827727337 0.29115093956375
0.33080190739407 0.127651199753491 0.305934893242729 0.23561199960971
0.245337967195643 0.323502188279628 0.259366031967113 0.171793812557616
0.188323762334241 0.548259009731369 0.134456292684147 0.128960935250243
0.21395384196751 0.372416624426401 0.158103627641554 0.255525905964535
0.335306095553655 0.500865774664682 0.078295379971146 0.0855327498105168
0.118799966724363 0.374678747820085 0.279852908700593 0.226668376754959
0.296524615751138 0.550819948806301 0.0635434117295575 0.0891120237130034
0.37358271255931 0.16438913459027 0.226427064130338 0.235601088720081
0.0266805483580497 0.307545426112223 0.0525452808818448 0.613228744647883
0.292424104719807 0.225539670688279 0.201713455249091 0.280322769342823
0.304841124396944 0.215019188669803 0.287598765135567 0.192540921797686
0.637434865266584 0.00671652289494698 0.0265628521999739 0.329285759638495
0.195663026195003 0.0327194761317753 0.238598623966459 0.533018873706762
0.190898412433557 0.11728973812847 0.289339789617709 0.402472059820264
0.37429069423175 0.133278053324008 0.113463842765653 0.378967409678589
0.435409552991195 0.120806606814057 0.337368247656254 0.106415592538494
0.160083314627891 0.48167039738641 0.326661627693052 0.031584660292647
0.439458496130614 0.104921715433069 0.214668865944137 0.24095092249218
0.327929191004833 0.0340123096876343 0.340067011286609 0.297991488020924
0.298828153563884 0.145540901441184 0.335333463211556 0.220297481783377
0.127878466420175 0.494103746761066 0.336819822482704 0.0411979643360554
0.0307236035272448 0.292984125675171 0.479786613270189 0.196505657527395
0.200838822570617 0.198365664454757 0.558543957923108 0.0422515550515182
0.0139855836636265 0.698559528803147 0.159086618576384 0.128368268956843
0.144202800766553 0.227089569146104 0.409459221859511 0.219248408227832
0.0242946460401263 0.315509175521115 0.00707076135601508 0.653125417082744
0.290062827960125 0.248561466609031 0.110440825546262 0.350934879884583
0.467247558418518 0.0868534716471922 0.329171391947858 0.116727577986432
0.418563228158816 0.282123989072222 0.153201436749067 0.146111346019895
0.010973339412829 0.423943468151571 0.409669174049986 0.155414018385614
0.19475668621849 0.304564826501285 0.212999159246631 0.287679328033593
0.321697113317323 0.340909065733121 0.164295077180268 0.173098743769287
0.0905816399257301 0.127733833002156 0.39279787959535 0.388886647476764
0.283581882825505 0.0700213231533591 0.188286184153812 0.458110609867324
0.274717326539179 0.403297795224508 0.220387611992681 0.101597266243632
0.2904275051813 0.2592227663451 0.315536899179078 0.134812829294522
0.147084524981889 0.283807127351534 0.223475365814895 0.345632981851682
0.290495674308023 0.0788325608461767 0.245176137507265 0.385495627338535
0.129684210664552 0.370114773824936 0.133061546072019 0.367139469438493
0.401309418740417 0.109232201586809 0.352042589036874 0.1374157906359
0.189344752795677 0.196351619334161 0.256108159939658 0.358195467930504
0.343553345128051 0.0923859365832781 0.498419383928824 0.0656413343598471
0.25358391188571 0.0652044068966477 0.307105357288323 0.37410632392932
0.405138040209698 0.199066374095362 0.286504248310882 0.109291337384058
0.489296494392709 0.146452087434069 0.220042797739214 0.144208620434009
0.329870722919412 0.209043204337394 0.416743025159058 0.0443430475841356
0.257138463115042 0.354079676455437 0.324599938141807 0.0641819222877147
0.0450418909675495 0.230831501120324 0.0372634196981113 0.686863188214015
0.188508728250257 0.578162909532885 0.152623761418919 0.0807046007979395
0.221641028040362 0.220762048515318 0.274250471885112 0.283346451559207
0.0341998501164271 0.412412259778635 0.320105587409046 0.233282302695891
0.35269607341145 0.398716631949039 0.121579470001532 0.127007824637978
0.0896480788261181 0.141854125460926 0.250816600451853 0.517681195261103
0.421433072257859 0.552317075594489 0.0122588137945529 0.0139910383530988
