0.219744175748122 0.0938880153179389 0.180695903309702 0.156033867757816 0.099727405664589 0.221380750528306 0.0285298816735254
0.0202223461162151 0.197823077534799 0.151819703112102 0.198590421335544 0.134047983915755 0.0554072976752601 0.242089170310326
0.23965023705373 0.0755514233519536 0.22628639185449 0.0120429608970443 0.180589160008336 0.148797740995172 0.117082085839274
0.236007528104279 0.0515004870365457 0.110770537983728 0.199484578570023 0.060208828464226 0.0896619113090712 0.252366128532127
0.0286041658598857 0.0935012752432176 0.0836007052241086 0.207460225000546 0.230583996767755 0.166493627622508 0.18975600428198
0.16526599295957 0.038771391898887 0.317587629657041 0.139284950072439 0.0710120263159087 0.113657178617935 0.154420830478219
0.256502324931031 0.0464574930319925 0.211263031298402 0.0781561669955638 0.0788852733759597 0.32243117261967 0.00630453774738043
0.132500740510311 0.249983974544254 0.0603150370691712 0.229927950915774 0.299210357510486 0.0174966263739336 0.010565313076071
0.312575996898355 0.0877240904833835 0.243936377426861 0.0656735526176224 0.0561739394023063 0.135696037654016 0.0982200055174561
0.0959878863760075 0.188074906723929 0.00556376965713066 0.241122057901595 0.171642809174306 0.0946981082711622 0.20291046189587
0.0566184535856111 0.238464663364325 0.25970956649944 0.268417885049671 0.03813422340706 0.121402936709159 0.017252271384733
0.241846629031017 0.0480044562134109 0.156708227693716 0.303025180173233 0.0702411582324502 0.0237304891620915 0.156443859494082
0.254203583468407 0.103228601703669 0.0379521899185628 0.0330018036296322 0.289349902880744 0.0587775584068725 0.223486359992112
0.151029493069903 0.0340078473617223 0.0712069069114085 0.221926056259561 0.225473772491795 0.124810063403974 0.171545860501636
0.0976256902946231 0.102623525512192 0.099023889762656 0.103172816055041 0.213929429781261 0.251940022986084 0.131684625608144
0.224850035918376 0.22753992239304 0.182119354924693 0.0611264103101639 0.122696613264138 0.121942874019383 0.0597247891702065
0.0189314876998895 0.268200907708687 0.0188905084796667 0.104548017263373 0.0251773116093938 0.259888198545727 0.304363568693263
0.150500370114482 0.0977892995041554 0.00676477641606365 0.250122206545008 0.0890835201124179 0.254272209690248 0.151467617617625
0.223607836779208 0.149658363177915 0.147947794313306 0.248097511803858 0.16040335571325 0.0157742719701763 0.0545108662422885
0.115133905076448 0.157746273537853 0.200430172238482 0.0110128599120885 0.242067645868762 0.223058988705864 0.0505501546605032
0.0261584668527611 0.0924034897335533 0.147687074777729 0.282605952120463 0.300706914677986 0.0905949274807964 0.0598431743567108
0.138007952282665 0.14358127182548 0.220134265912973 0.164973893132333 0.0548580173970647 0.0440573780053388 0.234387221444146
0.235791718972315 0.214311467792363 0.117327132879478 0.121430995921729 0.0697841249310561 0.00435539974214365 0.236999159760915
0.0493555480375926 0.0583475480717535 0.0651331185828351 0.269906465596621 0.062021107084864 0.207009903482644 0.28822630914369
0.216553792976999 0.0699099358947481 0.0493202290585646 0.0942847738382854 0.263965801212821 0.179796506474289 0.126168960544292
0.0301736688669632 0.263462062985704 0.113498722828669 0.095346222275586 0.213004044566134 0.0332116485347645 0.251303629942179
0.185973871287272 0.12207727813498 0.108685210043321 0.199508277102465 0.142490481260873 0.186446807581173 0.0548180745899157
0.142225167386803 0.0215468960151721 0.243444174807548 0.0155443588212927 0.222188811125203 0.342998444216792 0.0120521476271894
0.206103812172393 0.0981637541158165 0.19158911816192 0.146962357647145 0.0851569565425443 0.163877644117203 0.108146357242979
0.0214025885703484 0.109115305975687 0.170314209491444 0.233689884451949 0.201873438326647 0.0933741606582345 0.170230412525689
0.160358580606355 0.167281212474626 0.206655205543056 0.11670213971513 0.184192158760304 0.0462461860672605 0.118564516833269
0.0831730585771269 0.172545042291179 0.156963453047932 0.200193238261422 0.210914007341838 0.0655049683464554 0.110706232134046
0.0989229741166278 0.205758865910016 0.192910147144286 0.200620452048428 0.246096599450589 0.0208258358152252 0.0348651255148281
0.200917932728308 0.193923788507929 0.102242110594424 0.194187395063621 0.0117222819413988 0.194323024352136 0.102683466812183
0.290215808495652 0.17909131255856 0.208878893573477 0.0868026505024664 0.0289835755076037 0.202768866529454 0.00325889283278791
0.200457485708001 0.0801781224562354 0.114695699804739 0.106097377416846 0.1772512404552 0.207906718621263 0.113413355537715
0.0881187537965719 0.0290555271681679 0.188325807846436 0.129956149948318 0.229152573539798 0.170987164322046 0.164404023378662
0.254763004518867 0.128250842900839 0.178086542568656 0.0511483279023063 0.207953837367484 0.0776083977535271 0.102189046988321
0.137041275940136 0.170975413029859 0.159603620036121 0.174889071877552 0.136401024542756 0.0591465958982373 0.161942998675339
0.284829290058614 0.111831302611081 0.130369992825134 0.00436238135480306 0.147795439380404 0.0584083633017014 0.262403230468262
0.158388883882828 0.182378273924459 0.180865511974631 0.141698020411599 0.078393411584524 0.117559621693835 0.140716276528124
0.121820457966313 0.0163259134962788 0.182927326355767 0.257548597682578 0.0985121471561432 0.0748300755068843 0.248035481836035
0.222505147418517 0.174652285281906 0.163851684574293 0.1154554731036 0.0584461970926334 0.20444179514658 0.0606474173824705
0.145493135318149 0.0311253630064586 0.297820050789044 0.0114617989986204 0.0212380365733851 0.312806214158805 0.180055401155538
0.121412894740309 0.144358799847907 0.21042550210039 0.11577582658751 0.0160385051055578 0.236902107031713 0.155086364586613
0.203509944165833 0.162461598759306 0.0679371667418627 0.161991941357943 0.135451776453719 0.0931471379959049 0.17550043452543
0.0270675145887905 0.0408513410591696 0.0738388944647239 0.263711636778365 0.275790896084619 0.0986829505885632 0.220056766435769
0.196906031384136 0.0721921952957593 0.0208509992428045 0.0292738515896767 0.242551346949814 0.195663137009056 0.242562438528754
0.227205667167612 0.0931595985947995 0.0463892551981271 0.357070798462485 0.201401522197719 0.0527978771134107 0.0219752812658474
0.0759272112164698 0.26825385271621 0.189324879431121 0.0074073711934119 0.26496374789009 0.144509099133649 0.0496138384190475
0.234352971416239 0.15010978729076 0.233760900749379 0.128316579198483 0.0588471101316784 0.0957563464069241 0.098856304806537
0.168591161291087 0.102252374829398 0.136116379987486 0.210730835998811 0.113755784122987 0.169780934373512 0.0987725293967187
0.115021490578704 0.263451234945871 0.196963920820776 0.170416893790969 0.168607010131788 0.0362914968140286 0.0492479529178637
0.109145817330178 0.275860153289146 0.0945108724425906 0.0890571792754029 0.0191568242087715 0.128157440533784 0.284111712920127
0.0624213925429685 0.0993862045157072 0.022537777033478 0.182130764980391 0.209026899634267 0.244973843041988 0.179523118251201
0.119470938663726 0.107017476399199 0.233223033330152 0.0802853149108527 0.119986863636151 0.161390406401942 0.178625966657977
0.180706941328585 0.033052608507461 0.194443321641421 0.172051859350096 0.190249592601068 0.0847268224773227 0.144768854094047
0.160464191914512 0.100949116859613 0.124344274997969 0.159940932550966 0.0756796806031816 0.205184143377313 0.173437659696444
0.156977361669049 0.0755224211594367 0.1277535834917 0.124884233655783 0.242045358401148 0.0231009670221549 0.249716074600729
0.121967313556224 0.0281794595327577 0.110317188603652 0.207874974715893 0.174605807293364 0.125392759055892 0.231662497242216
0.207898897423814 0.0940571223243706 0.182169847213595 0.00517282983191872 0.205145095076905 0.165499159724188 0.140057048405208
0.137674275277053 0.178945606631118 0.0614640098498148 0.0914889108065386 0.217792183560342 0.163692934380661 0.148942079494473
0.0373164286789759 0.171728399091396 0.00468816557289799 0.222336248183695 0.19383169131538 0.32269034171942 0.0474087254382352
0.0353206755872578 0.213781092426647 0.0172940858881242 0.291286656708103 0.0435867334606665 0.186852424386531 0.211878331542671
0.0947158156014946 0.153282667053501 0.100562276704689 0.226190284606594 0.165039854172343 0.144976193836444 0.115232908024934
0.210099156849746 0.199396231598215 0.0650887095778687 0.172385407418961 0.196565734597194 0.0481201522413305 0.108344607716685
0.181096468281645 0.0260562845671581 0.102508775402808 0.265305492421486 0.0495491941944935 0.0812231270208776 0.294260658111531
0.0505000761579606 0.275079520553877 0.0233386374593665 0.23065485272886 0.0503596457781715 0.126880241819518 0.243187025502247
0.167505080738801 0.0952495687910476 0.0370304976919545 0.221567672849648 0.135630170847716 0.288945028324169 0.054071980756663
0.100600505402543 0.148306986104819 0.0324465449481583 0.129028226641152 0.12005711446313 0.222160630194278 0.247399992245921
0.0307233200593261 0.259832287228446 0.139744728249728 0.252357235057027 0.202795445679018 0.089356640586241 0.0251903431402144
0.19144201283496 0.0739968278128089 0.146194736729815 0.232543378949926 0.14837800635204 0.0390511578044442 0.168393879516007
0.0365735284791842 0.194050861852084 0.145166335435733 0.0262929523640656 0.136277597496069 0.0488113493755612 0.412827374997303
0.141415507595125 0.12733742215038 0.0855139119675213 0.186473166915184 0.163253280216962 0.121393273164314 0.174613437990515
0.10435138141638 0.236038165247786 0.242641466588587 0.0242225221642034 0.181053297807273 0.0326328635008243 0.179060303274947
0.204265982998032 0.0506532325527625 0.205540024967137 0.0637367005333781 0.196713383311744 0.0502207206600889 0.228869954976857
0.224640039620934 0.221360390516531 0.236712867228206 0.286342585540904 0.0056093957100066 0.00981818207564576 0.0155165393077729
0.178985189500228 0.127114573543477 0.143712737858802 0.175038514596663 0.118610777390108 0.0451939753144451 0.211344231796277
0.0707945399908539 0.178418616375335 0.25322199491302 0.00406008615002902 0.116718330809021 0.172248497327564 0.204537934434177
0.18937444971716 0.0380485906023223 0.0751635619422655 0.240453056687209 0.0563718325169588 0.233245837785775 0.167342670748309
0.173827548555138 0.0966528130568867 0.0388405002212089 0.112532299622 0.173337137544273 0.226502226563145 0.178307474437349
0.232766126428864 0.147191821209051 0.254218832916357 0.152149019614844 0.0302559488967276 0.123973271895634 0.0594449790385222
0.0332051583851256 0.318129987799458 0.241919031271156 0.185431361247662 0.0495234323455022 0.0191764329125941 0.152614596038502
0.047290087148102 0.187767412081367 0.192043274438448 0.182845499714397 0.081080252622906 0.210776029339892 0.0981974446548889
0.182370835089916 0.150042290908764 0.0591198715961565 0.116574223646774 0.140952763935189 0.17934275153949 0.171597263283711
0.068825887030526 0.0379324680469174 0.140431974290115 0.274786323798195 0.109385005012748 0.0612235755375757 0.307414766283923
0.172454879183369 0.078087475637002 0.0531993978595572 0.237684456909706 0.123496715970925 0.100696636054364 0.234380438385076
0.140659795928618 0.0642107644776332 0.228700330172075 0.132498561564351 0.134156507525905 0.18417203879343 0.115602001537987
0.157461090316263 0.0366666787823227 0.244331003414437 0.073903985625321 0.257775506734494 0.209460060896094 0.0204016742310689
0.0369596767549263 0.0795681268094368 0.0899880897717327 0.167512076882948 0.248220675644555 0.226217177791595 0.151534176344807
0.220124401061491 0.089454558462147 0.0173056856309009 0.21786326816584 0.131248038019409 0.16807979602603 0.155924252634182
0.15094480910378 0.00718094918884737 0.364041201363397 0.20017664474636 0.21146813392145 0.057156296034097 0.0090319656420691
0.0580775430351765 0.20585126663276 0.0763845732047111 0.22992979430879 0.16644035831594 0.0926536099724187 0.170662854530204
0.114996713272926 0.129257790598448 0.247403454022746 0.218319414518424 0.0639172292567229 0.0284786208079999 0.197626777522734
0.179744472710244 0.185716839600164 0.128979801901527 0.172204450374442 0.141641139102581 0.0209427885516285 0.170770507759414
0.192002359782678 0.127025852733458 0.169790500820836 0.0164234376436052 0.216251699165321 0.0417241452466058 0.236782004607495
0.215911884274841 0.110596410980594 0.122895858018892 0.046960702207504 0.00792040323032459 0.254561070351307 0.241153670936538
0.0405713654919605 0.203393144899463 0.16433577296854 0.108147286282813 0.207489248167806 0.177446983725228 0.0986161984641884
0.299556058409635 0.218260468875232 0.0641257625786046 0.112787465637186 0.293705201759386 0.000416597962011946 0.0111484447779455
0.12860348361856 0.121429114022544 0.14198950875214 0.429252756246849 0.122623739362101 0.00421219619128206 0.0518892018065236
0.355997712440344 0.147659948334476 0.102302178615403 0.121153370794882 0.0137113313724935 0.157766544213686 0.101408914228715
0.0526379682671705 0.308158750309442 0.0258174345590871 0.00315343403676213 0.0410769350247823 0.317173528035243 0.251981949767513
0.22087246225287 0.211403524167468 0.141066767372852 0.227951201234179 0.0374188454880554 0.0461161736430722 0.115171025841503
0.226046806641974 0.168638747502904 0.116810601529845 0.121283922432614 0.202746555512621 0.0193165235678448 0.145156842812197
0.14162647638608 0.129666321671977 0.0896929011702092 0.182045303754984 0.160431486110016 0.166836667482983 0.129700843423751
0.307578561721193 0.111330701944869 0.143622274180907 0.0652393136790362 0.0631095332568722 0.0372764701239166 0.271843145093206
0.155968708291992 0.151819631549951 0.240378990752921 0.0889550976632416 0.182282703929188 0.016129116850336 0.16446575096237
0.0673315563423024 0.137575889533922 0.127673662956419 0.208239067915588 0.00507065479708288 0.203652015565587 0.250457152889098
0.0913952435990361 0.214613128830164 0.0775065788456246 0.187683111174606 0.0203196940439817 0.216057133295187 0.1924251102114
0.0184771369082344 0.110708507836349 0.23525569026441 0.096847191905822 0.232801852479744 0.0894520264205406 0.216457594184901
0.196807177551953 0.16534451145261 0.0394228437866089 0.205508043180786 0.158879612042529 0.0319192306407478 0.202118581344765
0.0475194838854922 0.189195472489636 0.101369540710516 0.109020490761212 0.314848213246437 0.0450050963166835 0.193041702590023
0.0497717284479752 0.237896480649749 0.287827324041591 0.12671455728166 0.160039641015037 0.0664140391003908 0.0713362294635976
0.168115570739433 0.180788210477785 0.193000432114577 0.140686288997363 0.0839764141585929 0.176592839190668 0.0568402443215812
0.151976810169199 0.0377191653647939 0.093504466639646 0.142804389037314 0.282747417051068 0.226666073091474 0.0645816786465055
0.196747176819848 0.0266636579748598 0.0601919292533551 0.193284054351768 0.164429358308306 0.0983749042144138 0.26030891907745
0.201438618120576 0.162962657784668 0.148972208907509 0.0572708469005727 0.0707410093712901 0.306483212862847 0.052131446052538
0.0443137334994257 0.125392486452655 0.198379822068953 0.145946355134484 0.267688105727057 0.127686546427454 0.0905929506899709
0.186307956805291 0.123311299602379 0.0321471702367438 0.086722461168272 0.188235144016244 0.24655279749062 0.13672317068045
0.26125617901098 0.0972303828608805 0.344613431033569 0.00273088383158281 0.132141846504254 0.139234821111171 0.0227924556475624
0.206766247266936 0.0349681069561802 0.10434252226224 0.133454118933613 0.116667326935438 0.198405298154804 0.205396379490788
0.00788720467763385 0.0385166125123659 0.0544804994899453 0.318952769073418 0.249249524442767 0.301986964644674 0.0289264251591967
0.0150018034267546 0.0974333000008073 0.0584201357685326 0.257865143252513 0.18799850100096 0.308210441787774 0.075070674762658
0.0122607466594716 0.204942684787932 0.235022207429927 0.0558132626036002 0.249478732369794 0.0677943664682546 0.174687999681021
0.0354500722958259 0.0605519452056471 0.178890991632237 0.13414542869126 0.251239934928476 0.223607777709873 0.116113849536682
0.256736285677252 0.271185503293609 0.0310753059411486 0.283505822680385 0.0912668851518511 0.0232585372779586 0.0429716599777957
0.140353514226407 0.132391794399637 0.225624083748636 0.056868827824861 0.215191464814142 0.125271047707928 0.104299267278389
0.299984244802824 0.0676623124956053 0.0289056342273089 0.247500997036234 0.130353736698155 0.155731189765285 0.0698618849745885
0.0352757753872409 0.220116366751017 0.0478120761867063 0.23728414044689 0.233062813099132 0.0905853651741192 0.135863462954894
0.130092973788306 0.068113612672469 0.197943408815397 0.20220661411103 0.12729188550502 0.0491335406123464 0.225217964495431
0.120820224876099 0.00230717884211121 0.29692753499889 0.224322737858017 0.00319180212929619 0.0417394270015842 0.310691094294003
0.170207618711738 0.179247448416419 0.00723182259816639 0.189704506631277 0.177435014522438 0.139528425981312 0.136645163138649
0.0580921671694586 0.185382018015978 0.283363343953028 0.224153117238689 0.100909748035621 0.0287678298998396 0.119331775687386
0.0145886650342508 0.141722062113072 0.148113512383744 0.200242791741591 0.200104916410693 0.162377049371002 0.132851002945647
0.0609633046077125 0.121849227054582 0.122322138322608 0.183417813343637 0.263641339466059 0.0612821254661497 0.186524051739251
0.0701070844228903 0.178647429630154 0.0122115462793177 0.168155424370266 0.110016004948807 0.169912567926396 0.290949942422169
0.286550297454849 0.154878691029359 0.273297129745515 0.00614741641887202 0.0652021348212133 0.175697739506578 0.0382265910236136
0.122399997603424 0.164362600563696 0.01039197952189 0.24210402580969 0.227764075288709 0.076647243957987 0.156330077254604
0.218809661089596 0.00331768281209293 0.20211795622082 0.0639581347360282 0.159888421331729 0.22809122641065 0.123816917399085
0.348966726305738 0.0980158699921856 0.110060863379597 0.0193357354797689 0.195732903965631 0.040131155926351 0.187756744950727
0.312401391236757 0.251788482167805 0.0349596140689436 0.0642643414770552 0.00535694294456632 0.174406700384277 0.156822527720596
0.280852510259693 0.393140936845038 0.0294380568160691 0.0339270679059298 0.0912543067754538 0.145136434685097 0.0262506867127192
0.236515156946897 0.0726325542757607 0.220555766566668 0.135421401318905 0.103549990196779 0.161654429990579 0.0696707007044119
0.248672087691834 0.0593431330262674 0.147863773475641 0.180522631018115 0.210125859814381 0.0701957350484366 0.0832767799253254
0.215519386856719 0.134830779811399 0.0544090007113135 0.360282806631982 0.06045821354106 0.155520654842979 0.0189791576045472
0.181566776660884 0.0584274861415608 0.195978849979646 0.0153746571066113 0.185534148844007 0.142160397736727 0.220957683530564
0.250005490548759 0.0650304581394726 0.130328923371645 0.0685232246809883 0.164164442795965 0.0782108592905126 0.243736601172657
0.225748617738232 0.257621096547547 0.0208428522021281 0.032355108000396 0.11848326010779 0.0994549764644363 0.24549408893947
0.185408942178735 0.219891062561363 0.156799767901792 0.191028055735539 0.150361114432701 0.0954871805626893 0.00102387662718111
0.204856020168838 0.25244908375 0.0253396330206553 0.128502902572312 0.0459431010451395 0.0117873083838306 0.331121951059225
0.0402583897421882 0.389001100255243 0.0979848548225161 0.30819825706438 0.0478080055240717 0.0471928395665577 0.0695565530250434
0.184079239597072 0.0673346110411987 0.102054160348553 0.294429630224738 0.246504995175827 0.0292493461157527 0.0763480174968597
0.129745935038005 0.181479722261345 0.145058869990674 0.129719574541175 0.190111840164593 0.174374528686438 0.0495095293177692
0.135102858528988 0.109314863146562 0.111940701358214 0.209066043451696 0.0550599474969512 0.21369294041891 0.16582264559868
0.0569838645334039 0.16774298121842 0.0563777630251828 0.0834114967267417 0.265375316234142 0.0707881192881373 0.299320458973973
0.200105926589561 0.0551253733265375 0.224330836718448 0.240210425482943 0.0105013787073873 0.0860502020703825 0.183675857104741
0.229712319094116 0.0931626445453977 0.11443441137596 0.0090445261846258 0.364289142970541 0.163018375170877 0.0263385806584822
0.088592699568679 0.122451246510457 0.0791872330128984 0.143648665840521 0.229576676166275 0.145591678161349 0.19095180073982
0.0603909020344117 0.149783837893512 0.179349687505077 0.0780248024806986 0.0972188567488065 0.173377502546933 0.261854410790561
0.0949254829768259 0.164408281526639 0.308979825842275 0.181754569245583 0.0104593861235123 0.212049691050326 0.0274227632348389
0.189449774699335 0.160534392687422 0.0333221788762294 0.15908661373319 0.150040236149595 0.205295364432438 0.10227143942179
0.0662649604610169 0.0462384147411445 0.189024868493137 0.191553140921559 0.179600653450696 0.156715274838772 0.170602687093674
0.116148770367146 0.00297325881516721 0.171269256567183 0.206960202125148 0.206129136280999 0.14054732519143 0.155972050652928
0.0721453472205751 0.243151971470244 0.0234787591047946 0.189259237331454 0.252003770012172 0.0368351822312455 0.183125732629515
0.234392597710674 0.166218756570682 0.232662821038136 0.207455925604097 0.0819668991928943 0.0598494447002856 0.0174535551832311
0.0745311339856739 0.115316416082645 0.124022746618796 0.302350576949315 0.00814421167501771 0.0840176306974214 0.291617283991131
0.0886939733962395 0.143047773043008 0.112743395189919 0.111721271876387 0.229974015007126 0.234715917570109 0.0791036539172118
0.109690638314827 0.102677070226689 0.284037628122903 0.107120541185084 0.162670168214257 0.0632577739871511 0.170546179949089
0.163963625512445 0.176726958868304 0.0991334687495091 0.185513675451379 0.197302450274478 0.0654730742229018 0.111886746920983
0.142276550462474 0.0780170338326697 0.208512830538461 0.17572323901353 0.119301844634091 0.151282640318093 0.124885861200682
0.262742519858394 0.0212251549042214 0.18398036252828 0.0317510965979726 0.0365443600396917 0.185217062004646 0.278539444066794
0.0519432489001369 0.111690023297751 0.171575912156563 0.126811681540257 0.123531761821008 0.220367584693009 0.194079787591274
0.197065226944299 0.104623658278084 0.0948202889484071 0.164390134708639 0.173908369329419 0.199354158520369 0.0658381632707812
0.221211251230725 0.070798023553583 0.210590632492686 0.0706934398214177 0.0922244715518598 0.267608748145912 0.0668734332038165
0.15548483402736 0.270374679357704 0.0910282755157665 0.195268238308044 0.109708331349329 0.135161954590048 0.0429736868517482
0.196956353435152 0.0998744611131424 0.144149058948792 0.180502163877774 0.190603863496829 0.107635854127463 0.0802782450008486
0.198832242091369 0.194803630164757 0.0598920796348032 0.129196527704695 0.167382324436289 0.05441318994843 0.195480006019656
0.273194236718492 0.0699392935015855 0.0830858163995658 0.307518281972418 0.130278422271005 0.124106798525291 0.0118771506116421
0.208575169490159 0.219682791484681 0.169185429060934 0.171256764615277 0.0103872419276226 0.125002591177068 0.0959100122442579
0.110027696202998 0.248997027300946 0.265286406310567 0.050914174610152 0.135180102818574 0.0164973063395613 0.173097286417202
0.0691528597787797 0.163032329493339 0.131207994914336 0.084737483782227 0.18245532234646 0.169393495961726 0.200020513723132
0.202202372416948 0.139629697446656 0.0903105226181172 0.156619959868192 0.180403785102643 0.0968644136705841 0.13396924887686
0.0526874651963145 0.0509104825562037 0.208286018219916 0.246450367269005 0.184472480232813 0.0904709330243337 0.166722253501415
0.290844360693751 0.21433237491118 0.0539214703390408 0.0254987163275779 0.112857517607899 0.074052548322519 0.228493011798032
0.22405435249366 0.238906195299502 0.0219249208655365 0.266523275750792 0.178661036529079 0.0449038603326184 0.0250263587288121
0.160215955179249 0.161534352800953 0.174986044785763 0.12387049974905 0.116373390199504 0.109161304732922 0.153858452552559
0.279638340278928 0.0296946385310072 0.0713108660017928 0.281516165091265 0.0508026856388799 0.167558969061615 0.119478335396512
0.172288090650039 0.232027260297032 0.189064753360121 0.136250982126203 0.0677923688784482 0.189275396514908 0.0133011481732487
0.16135529933595 0.0648119008631548 0.140649225864489 0.125285172957937 0.134409638333339 0.0938538594908798 0.27963490315425
0.186147927322569 0.0579145357138971 0.327509051536343 0.227189860433557 0.176965590590657 0.000130550041680079 0.0241424843612981
0.172323440706464 0.165956015636122 0.237290136700605 0.131810110337728 0.11731250133668 0.00867297779708518 0.166634817485316
0.262891347851329 0.238488093997271 0.040267707418585 0.0113677609585274 0.258052228335629 0.0943492688449969 0.0945835925936617
0.0634537850696074 0.0370879032843845 0.114085962460636 0.215973402546498 0.0985146229094848 0.258817352485803 0.212066971243586
0.062335280703676 0.21861860888235 0.131281597225729 0.29497992517423 0.0217347669576019 0.175016017550258 0.0960338035061557
0.0480252401339991 0.0858956223283179 0.134929483747258 0.159022606540324 0.182889904439779 0.214128171314772 0.175108971495549
0.0603159352781676 0.0863383847926846 0.219268848631895 0.228113127772969 0.145337632517547 0.143921423207036 0.116704647799701
0.209035825412345 0.181676700320413 0.138646975333293 0.188919227728458 0.181871914403361 0.0713031740300657 0.0285461827720642
0.0147756817331729 0.165815770476932 0.0531320907776762 0.046333961810116 0.126376106962744 0.252569819111252 0.340996569128106
0.160549132049529 0.151060530045778 0.23408120271066 0.144509716224227 0.00411592998094987 0.189646489095354 0.116036999893502
0.14656314655932 0.309883247379546 0.258632508042284 0.0151266750333005 0.0373112282563977 0.0950279322619485 0.137455262467204
0.00861395656238179 0.0161826783459808 0.134552921634659 0.263207390214664 0.0596127170180965 0.202536837871839 0.315293498352378
0.00356942864790471 0.0859001872708364 0.25478952120929 0.0887159811553548 0.245184682743219 0.135561184205154 0.186279014768241
0.0126573816377329 0.0637977014450429 0.295522378931055 0.205582609370699 0.0319824756772541 0.079297503886838 0.311159949051378
0.0313401317251088 0.122732891302457 0.0199210187120519 0.0809161146223268 0.298085971131291 0.137215522295178 0.309788350211587
0.030387226200658 0.2683058712501 0.234412947700948 0.166572615108187 0.123363114437901 0.0762373637970782 0.100720861505127
0.0182114961501115 0.341004727731686 0.224492851745113 0.113575909960313 0.0855947127553103 0.189120878016044 0.027999423641422
0.0594259514355773 0.165598767176247 0.0229048502529491 0.26699931687153 0.357443505131493 0.121281064724911 0.00634654440729274
0.210805438424812 0.117539485784411 0.0574130658462243 0.0854269746739624 0.123491386864433 0.203586342885904 0.201737305520253
0.144635972204079 0.0407785907925317 0.152647831236071 0.0997970038835877 0.184442161358497 0.239807728626171 0.137890711899063
0.299724972160043 0.1371473371981 0.0402519498459231 0.0417657409569411 0.314302737206888 0.0618235944657197 0.104983668166385
0.385325556970202 0.0893872203448517 0.00631967097719553 0.0368976827426585 0.192727742206327 0.0407675632011108 0.248574563557654
0.129440565881214 0.277826182271193 0.0928328121281556 0.148731657640054 0.258351973201226 0.061060775383831 0.0317560334943262
0.0970996177857293 0.24966708077455 0.0907164976933354 0.0538839200304439 0.210912795650993 0.0400183664257914 0.257701721639156
0.0212868455226211 0.0588032682631876 0.209396318886991 0.0678164705285931 0.311996748097618 0.219464046913046 0.111236301787943
0.0776243350756589 0.0221490785603745 0.201136296423023 0.0186238011023105 0.195413061092764 0.255164732826617 0.229888694919252
0.0962312026775163 0.16150789813026 0.194418245789737 0.192707515337155 0.190241400712889 0.00483754392175468 0.160056193430688
0.148346030411511 0.22869366321692 0.213194336608618 0.0168781403350709 0.1736527625934 0.0563576511449509 0.162877415689529
0.204988394936992 0.0985717709161368 0.212768340461384 0.0881233133857984 0.188006450374163 0.196596569607694 0.0109451603178319
0.389033054286025 0.207397097311125 0.000680121886029507 0.10508403872734 0.0757094707400673 0.143220045453794 0.0788761715956196
0.131291990256225 0.0732062328632626 0.0808342829948633 0.0193367531588765 0.229507489538729 0.233097530147591 0.232725721040453
0.321301088512313 0.172026386471649 0.163299046623876 0.197963331469327 0.0630929761059199 0.0590063567369858 0.0233108140799297
0.177853287550573 0.100145574396325 0.0986447701692896 0.135089057102588 0.153027761007121 0.203187947058736 0.132051602715367
0.175046872220223 0.11255420011619 0.23211127911687 0.15704334103083 0.0144898589334368 0.253596547796702 0.0551579007857486
0.231794973031386 0.178162920813876 0.209814773447801 0.218524488376677 0.114204603052994 0.0310138322760518 0.0164844090012139
0.136862896183796 0.0230290755750323 0.139111836347816 0.30186059936201 0.0101093910283852 0.195189598797934 0.193836602705025
0.00237419298155622 0.221109373497482 0.137676942616755 0.193108810207622 0.166133917923307 0.232716440033426 0.0468803227398523
0.0669839578032356 0.0798050008255644 0.179202532607487 0.140719021624888 0.205604766531619 0.159308755284929 0.168375965322277
0.301575406923739 0.0809980319334396 0.265347296056691 0.0973056822709848 0.167814184586397 0.00994991495689503 0.0770094832718538
0.167101633240846 0.15910830670988 0.165402226457617 0.0676379352355761 0.0677575984548776 0.203805686997721 0.169186612903482
0.170506205489351 0.103192744933182 0.0145548869345869 0.144067263035971 0.227075250166544 0.214976758273052 0.125626891167313
0.0729056388965055 0.0607158099662214 0.367787209190615 0.204887036288709 0.0411668628141307 0.136259921770104 0.116277521073715
0.0405287582697118 0.0351926200542816 0.160721077813908 0.249830679514699 0.130769552762213 0.152247116878885 0.230710194706301
0.33912175570363 0.00151583521830248 0.0133801640503002 0.0253372877081363 0.00996403535077837 0.315626993997055 0.295053927971797
0.142537255426111 0.18032531781723 0.0745818104255053 0.0751692111861381 0.253146145646568 0.219118775764332 0.0551214837341146
0.175385672525823 0.2025875563839 0.11091556818103 0.171297720852494 0.101081898198848 0.157495452656266 0.081236131201639
0.193350532538552 0.0936164326342555 0.104725510340689 0.202025978281367 0.118213218077168 0.152029587067607 0.136038741060361
0.146287452348065 0.281690490216428 0.0283940556674562 0.0993506990756858 0.18309303079439 0.154161377275914 0.107022894622062
0.0237535124246913 0.183178694628519 0.236932869340782 0.192218093717482 0.0925214252591935 0.133955563093889 0.137439841535443
0.206500246438464 0.207227322584642 0.0971052918708123 0.0485795828290104 0.203094225583276 0.177934082508529 0.0595592481852653
0.0305240689538422 0.182665731343721 0.241213840299293 0.01971526772355 0.0047967541653192 0.1754314225874 0.345652914926874
0.247266640113963 0.237070690282725 0.0183419361045497 0.171511213893473 0.184069865581838 0.0505886932440121 0.091150960779439
0.155183741674341 0.270256382332445 0.0473597233637551 0.0360366913584703 0.331276041141719 0.113999615773054 0.0458878043562158
0.158693815129718 0.234603032823019 0.118643374004416 0.121114220386877 0.137580286850039 0.124774769416181 0.10459050138975
0.224685279330554 0.134416027573057 0.261868279446342 0.0394250646988566 0.0381933306510527 0.25460553392408 0.0468064843760578
0.124110496893778 0.121232010686555 0.170419225583329 0.270830373396996 0.0395235494687751 0.177073663522905 0.0968106804476622
0.278146981980697 0.0852011375799732 0.109216835390177 0.0533916359143755 0.065478719249953 0.13785329892981 0.270711390955014
0.242130552458421 0.18111940766467 0.207281655693884 0.148810365460816 0.101513684247108 0.076127263599578 0.0430170708755234
0.239640665144109 0.171969839888029 0.183615714084259 0.118725508204655 0.0243446285928814 0.183686997014822 0.0780166470712452
0.00343666243141196 0.119921194376305 0.135968913354323 0.0994974657692915 0.100551875119637 0.271334067251456 0.269289821697576
0.0981205617579946 0.153017662452378 0.193346971932065 0.146197192013284 0.146923151087843 0.208974953433243 0.0534195073231919
0.226562621120167 0.216977206510221 0.0637775282529631 0.0690318346145418 0.0470174724625477 0.216717093385358 0.159916243654202
0.0643604076474812 0.392974856539578 0.276579905199565 0.122933693944922 0.0255879331439932 0.0362383025590903 0.0813249009653703
0.151836585496766 0.111432002582632 0.0185915546616242 0.0834639416100808 0.369477700812842 0.114104701802562 0.151093513033493
0.136267201204405 0.0739730351965363 0.334215735328869 0.258164433859996 0.0150450032594056 0.0583630518798707 0.123971539270918
0.132616828397597 0.124644081812433 0.172057574456965 0.204835474246679 0.0846918571202606 0.146292368244748 0.134861815721318
0.0759309020499176 0.0397690573747073 0.279069060496666 0.124432361710073 0.206238964483289 0.197751967596628 0.0768076862887194
0.133669813271676 0.113659250144352 0.0924171325981371 0.178833057265978 0.0706498403822482 0.200611486837485 0.210159419500123
0.215907065437997 0.174525117723766 0.172879336831578 0.218690177189143 0.159671506205046 0.0358928487369059 0.0224339478755632
0.0737573401994459 0.246889561368856 0.0793567155126546 0.14074561911176 0.114232225556636 0.169286654911763 0.175731883338884
0.178228907834163 0.143762336746594 0.174542972625491 0.192650104540422 0.143236207937859 0.00164686018520446 0.165932610130266
0.269234629006461 0.0740874494027138 0.0939569868275125 0.317458412950709 0.0951124494390337 0.0947701448146664 0.0553799275589036
0.124710406678456 0.0918430221586505 0.167254754938415 0.179339872881185 0.131814502847077 0.133776793788444 0.171260646707772
0.135785390916429 0.229755687310261 0.244187170528046 0.028061654270754 0.225960074283167 0.0762635237955751 0.0599864988957685
0.107803237866364 0.241800432574982 0.235382620967805 0.0950413617914377 0.192373798528948 0.117577868679867 0.0100206795905962
0.0771036891229104 0.0701421240008001 0.153857786608352 0.218387796632605 0.0995242507664306 0.192239726855681 0.188744626013222
0.053948745087132 0.107028390445437 0.141907758971343 0.0657716711828412 0.062028024892374 0.295199781560694 0.27411562786018
0.201788316858702 0.25647491996461 0.0741180065316809 0.00209971831144756 0.162224000174075 0.101163049919765 0.20213198823972
0.440924229367152 0.117444637522382 0.0429876155930776 0.293582096076884 0.00655624241621498 0.0452694832123801 0.0532356958119093
0.241509161864665 0.0516208958516236 0.0725177980058223 0.12393064384671 0.281233385545225 0.183293429347246 0.0458946855387083
0.177897976229835 0.157063508220842 0.199632346695479 0.0613324281936466 0.242905082350347 0.071377335908231 0.0897913224016194
0.14731836686406 0.119876865163681 0.153375079398519 0.166347028024698 0.0811774959376194 0.156700130902437 0.175205033708985
0.12339212731748 0.101934977523422 0.0251713182246136 0.223451888260875 0.233054272300892 0.195052350962977 0.0979430654097399
0.103077907384962 0.267646872387719 0.155205529590259 0.0332774557958903 0.270695363597136 0.11173148838789 0.0583653828561432
0.199066469958216 0.198286567289307 0.133675873782181 0.284025719238462 0.045786320341661 0.133500385271094 0.00565866411907963
0.203065455107019 0.0389070912048714 0.0631401331912279 0.0109147468964192 0.0044414770599498 0.213551911956965 0.465979184583548
0.209705850072127 7.25280256041811e-05 0.101243211496265 0.12501941393874 0.248833676338186 0.169430256509133 0.145695063619944
0.199548345780647 0.0155104538819143 0.103848584203021 0.247165303961468 0.146062423436683 0.00447450962400251 0.283390379112263
0.269682493324135 0.0719447400744008 0.0381576110214941 0.255712052493902 0.221861454926484 0.00676390924554744 0.135877738914038
0.238999557511053 0.0780359864783617 0.234552545852171 0.136768463841988 0.0487088726576194 0.0045151374987685 0.258419436160039
0.137028114285938 0.0851687216022993 0.215978565750788 0.232834270830997 0.162740363690171 0.022833070020175 0.143416893819632
0.204884928020963 0.11928100028951 0.0847802527302615 0.0468635629875481 0.225417790616444 0.128070095805059 0.190702369550214
0.0546176669905383 0.0854782580872411 0.112298056027305 0.189259003134123 0.0667907026994089 0.252671505102153 0.23888480795923
0.144606079862621 0.0902174986655764 0.183075374736155 0.168820622910512 0.112511553631271 0.101033243299918 0.199735626893946
0.0964925687215855 0.0975064986602614 0.167924895739654 0.16654737615256 0.14957335219857 0.222282999046103 0.0996723094812651
0.0937693004725157 0.0804037530153582 0.169146465704093 0.300262754566763 0.142465382578111 0.110723332994617 0.103229010668543
0.0364955065717727 0.0968864175165892 0.127019773350126 0.240644968669333 0.110924656245299 0.145023343209806 0.243005334437075
0.158963544705493 0.182206807987928 0.0634337718881424 0.191865334309184 0.142380088821589 0.160265149187504 0.100885303100159
0.189052172593906 0.209809312516495 0.0372050283583581 0.183233212569185 0.0450069493574718 0.090302354231102 0.245390970373482
0.234419247456327 0.0576811643008518 0.306962043100227 0.0747818416692298 0.150161242387648 0.0471331109598914 0.128861350125825
0.0631058670386609 0.217599164175029 0.0281996541051494 0.166696830970502 0.0342457812250111 0.245457329785135 0.244695372700512
0.130557568074094 0.212299812378275 0.214547203217973 0.117578368824105 0.0910440394804008 0.0900967867365833 0.143876221288569
0.168587872952675 0.297582105788751 0.0957086106690571 0.104710192125939 0.0141076008188127 0.0257996608123055 0.293503956832459
0.0300065545396459 0.110205445822725 0.0174956845183266 0.337994162185355 0.303911982058517 0.0750791780691321 0.125306992806298
0.0732619205565255 0.0604438956276573 0.209096063666242 0.185127723778044 0.13812245977344 0.166401547751175 0.167546388846916
0.25624810769243 0.0858355677109271 0.0834809926887769 0.0583854177312477 0.13144326990256 0.326143328544353 0.0584633157297057
0.353407265896163 0.0619714453144942 0.0277416127901417 0.289838813000183 0.0276431940619633 0.102819194798157 0.136578474138897
0.143085798189695 0.223548958003123 0.0311871496945088 0.26467586089082 0.0761884529067105 0.127491495435466 0.133822284879676
0.216964318930789 0.0810171388240506 0.0311582158708866 0.249472277613932 0.226837603415701 0.063903658618975 0.130646786725666
0.222781741080605 0.0739397662388819 0.336365649265134 0.0961609319577723 0.209885269016494 0.0199581899147208 0.0409084525263913
0.121740225324706 0.148257975614308 0.194991744285362 0.0460294214339196 0.298889454718 0.112338368630341 0.0777528099933638
0.152223198672651 0.254261025581492 0.0346010244717155 0.0517230609885715 0.130171325238741 0.142227222200102 0.234793142846726
0.200639200755026 0.184311397282072 0.0536529014412866 0.134067576456022 0.0590986572430418 0.210893786308533 0.157336480514018
0.230120926801817 0.168373714618586 0.0846350281738845 0.264570715019091 0.0397652868794286 0.0148040371001355 0.197730291407057
0.0087125142033465 0.126018990236731 0.219344542863697 0.0632869467244269 0.142088622448008 0.217915423717401 0.222632959806389
0.105348364601794 0.0295761471174869 0.0685984201442133 0.380474051193621 0.0465698961056259 0.230758578834639 0.138674542002621
0.269844991510631 0.123545189361264 0.0205079859347495 0.233164659426009 0.0814804473896786 0.0196815541109239 0.251775172266743
0.190676783423855 0.205039744222892 0.120664736292499 0.193701840544146 0.202835832396714 0.0597140273153825 0.0273670358045113
0.0762087263399954 0.191870577534092 0.109809766562807 0.273412603691237 0.0517254952287722 0.112821867408907 0.18415096323419
0.0235251237811324 0.196584059527786 0.287916298749166 0.146862389050557 0.0965539398626591 0.0698974117484122 0.178660777280288
0.255683786454139 0.0567723757527726 0.238202633661515 0.165731456598086 0.150463944425068 0.114625753989902 0.0185200491185176
0.171396235200844 0.00366389107081581 0.0734580268471492 0.315568735036265 0.126589235809227 0.01602657649661 0.293297299539088
0.00214942256350156 0.282953731715104 0.0313183588811291 0.058290220415264 0.230461133868946 0.234952737196326 0.15987439535973
