0.0756032889531081 0.433942308952283 0.169646307850564 0.320808094244046
0.0476208935119547 0.30820591836923 0.270599648509424 0.373573539609391
0.0386601637201499 0.365897822612694 0.282782450671215 0.312659562995941
0.180540655879659 0.161751641263959 0.476926865191157 0.180780837665225
0.181737339265881 0.293514961830631 0.330302644143221 0.194445054760266
0.0376855845061519 0.346032937311981 0.37938193255374 0.236899545628128
0.0370935057969937 0.0540624585544955 0.191422289314121 0.717421746334389
0.269030805556581 0.280259837223678 0.128169440160923 0.322539917058817
0.437067425610878 0.239571488363374 0.107247957515807 0.216113128509941
0.145128699998823 0.0662203237293894 0.482396597593422 0.306254378678366
0.244161793537103 0.2103898927764 0.362876576281698 0.182571737404799
0.393447496459036 0.0293411851464669 0.393528205700274 0.183683112694223
0.289140153926147 0.0556162742118559 0.385848309444593 0.269395262417404
0.292025284926894 0.281036636886149 0.128912722304354 0.298025355882604
0.203778561543454 0.265725277491338 0.281690849818845 0.248805311146363
0.00283856206561323 0.399318082826208 0.383328648987303 0.214514706120876
0.212906638808936 0.197814851642244 0.233485618047402 0.355792891501418
0.187322785761726 0.198699908647473 0.347322824740465 0.266654480850336
0.290631564315741 0.387337357306605 0.274041782832597 0.0479892955450569
0.469163107096893 0.279581882505969 0.0203474521240472 0.230907558273091
0.3700852899194 0.120208639923705 0.251560342715358 0.258145727441537
0.17079191633396 0.296698595300633 0.224277912759886 0.30823157560552
0.171693188320106 0.282974037182981 0.177691836365034 0.367640938131879
0.218150460294731 0.011377980597615 0.471145818924846 0.299325740182809
0.556559331211087 0.341040059323421 0.0797542977719935 0.0226463116934985
0.61713719010418 0.0670208100625932 0.257184048668321 0.0586579511649059
0.189899531364123 0.359085255068467 0.334223266200066 0.116791947367344
0.26618480864198 0.430459133183232 0.104858476575562 0.198497581599226
0.31977385923194 0.38626583832638 0.0803325855932344 0.213627716848446
0.429664537975771 0.0373288730547255 0.31569146243558 0.217315126533923
0.335502650949018 0.386607424146622 0.112372526086181 0.165517398818179
0.0673214046902168 0.0816407668655363 0.36061156673205 0.490426261712197
0.220361324586625 0.210273531080395 0.326554806563106 0.242810337769873
0.240648449958259 0.140052150405029 0.342143595781341 0.27715580385537
0.0817547549501076 0.518669018632103 0.223366745629695 0.176209480788095
0.195533872082747 0.173512445940727 0.350230935156595 0.28072274681993
0.552837478013527 0.243371420349366 0.171710710731343 0.0320803909057648
0.336246879349973 0.211095249609461 0.104129195678301 0.348528675362264
0.40252117108921 0.17526269912107 0.171351319975946 0.250864809813774
0.258335833554243 0.0459806303387889 0.263031175441956 0.432652360665012
0.012203393431994 0.373634917452375 0.0211873987917612 0.59297429032387
0.24182953921586 0.272073801640286 0.243664304844339 0.242432354299515
0.399446183765188 0.0745199463660237 0.108484246939404 0.417549622929384
0.360215661700302 0.356229488785477 0.138961039556284 0.144593809957937
0.150753605013689 0.270941310063454 0.365677185908702 0.212627899014155
0.0860216670631208 0.377583580888525 0.176847263067092 0.359547488981262
0.318288385126365 0.197946022703953 0.329833204147742 0.153932388021939
0.273332921919641 0.272964202620824 0.0244414679027778 0.429261407556757
0.112894414113258 0.340242036133217 0.318350204070089 0.228513345683437
0.0199272733506835 0.505679220562212 0.305547383623175 0.168846122463929
0.312404961188093 0.0476512277866657 0.212046455402599 0.427897355622643
0.109072494932902 0.492165293618718 0.092585234981963 0.306176976466417
0.590768749810631 0.262533312153703 0.12234061542694 0.0243573226087262
0.0397932536713027 0.373673311720841 0.290607757678807 0.29592567692905
0.312600915090905 0.499056550878337 0.00574709594549309 0.182595438085265
0.466549734135288 0.0880446063059435 0.0167590588544551 0.428646600704314
0.714398410134838 0.107220645810499 0.043852443557721 0.134528500496943
0.493743952244509 0.12551740005194 0.0672543184725025 0.313484329231049
0.208407233508044 0.510219998224656 0.273602999868034 0.00776976839926612
0.210138455860412 0.338754860365615 0.135389985000429 0.315716698773544
0.364362651882808 0.195426426544374 0.199836113567374 0.240374808005444
0.410806527859531 0.118537048180631 0.0828640682731446 0.387792355686693
0.117386289840516 0.497360881981223 0.0308777364880311 0.354375091690229
0.478751385847282 0.161399541378815 0.310008252579767 0.0498408201941348
0.350895618126213 0.329686923091044 0.129772595114418 0.189644863668325
0.00199207970448411 0.00926804196211103 0.040223134787775 0.94851674354563
0.165941034970291 0.495087352925679 0.266972109863532 0.0719995022404982
0.342709272069605 0.0412120601399501 0.346034938448107 0.270043729342338
0.253888229968322 0.118241162185163 0.297350041199566 0.330520566646949
0.109875465064232 0.274526818481472 0.301380497227612 0.314217219226684
0.326174376960937 0.278013776778829 0.0656909409285442 0.330120905331689
0.130095737017544 0.43936803724806 0.0854759341208391 0.345060291613558
0.534181513042726 0.290654880705069 0.00616382727430655 0.168999778977898
0.337814406178242 0.0355429216001789 0.286208262477565 0.340434409744015
0.459741944028297 0.224398643965803 0.0797780056383706 0.236081406367529
0.350692091030044 0.227863321014927 0.0424014834896553 0.379043104465374
0.392705328505238 0.408337174188326 0.119405406600701 0.0795520907057347
0.453661626712922 0.0353550914414426 0.162237549239988 0.348745732605648
0.159389136772081 0.433994968969175 0.194389845098136 0.212226049160608
0.41373387715058 0.176603139228477 0.102998207012596 0.306664776608347
0.205461469287793 0.223676183717524 0.429731199971485 0.141131147023198
0.144855170433621 0.106921460838551 0.464297111695085 0.283926257032743
0.134185381276837 0.355915800644653 0.147069541390916 0.362829276687595
0.265358142144477 0.234490250548884 0.25071186685656 0.249439740450079
0.251193047828507 0.0930827518414502 0.330898782146512 0.324825418183531
0.314009539745126 0.273943528382094 0.232101205212915 0.179945726659866
0.372377289090885 0.490516430725072 0.00862391943799191 0.128482360746052
0.468899829440806 0.135923016515708 0.278101181973187 0.117075972070299
0.21554734156594 0.00878450998410042 0.291141323954536 0.484526824495423
0.321280396762383 0.072255935750315 0.525989175964257 0.0804744915230447
0.325409140407497 0.0518035256368625 0.31472376653437 0.308063567421271
0.37335307117282 0.265556865484142 0.314209640444331 0.0468804228987072
0.0928501113824165 0.545569812307651 0.0809712127618121 0.28060886354812
0.461106087115647 0.0658895832492525 0.11564220002271 0.357362129612391
0.224484233084284 0.246343314709058 0.118665174196185 0.410507278010473
0.504780122702465 0.318559991974512 0.00568918388451025 0.170970701438513
0.330817427537377 0.417643959668846 0.148671704634523 0.102866908159254
0.0285554134634769 0.230593749741752 0.630210611563125 0.110640225231645
0.255590181077632 0.0049645049494722 0.29138964826218 0.448055665710716
0.166120733251296 0.380700443142936 0.423984627786014 0.0291941958197551
0.336180763764744 0.349716443129083 0.00556682159668782 0.308535971509485
0.325814877224613 0.23497280868969 0.20313861680823 0.236073697277467
0.111643584994693 0.165504607656509 0.395167636751929 0.327684170596869
0.31931561441093 0.382106612132481 0.0814311550215569 0.217146618435032
0.224646273580531 0.409143697368672 0.129960416801438 0.236249612249359
0.0913959482954168 0.427518396210049 0.0919867640136763 0.389098891480858
0.497612112801791 0.193267254018996 0.161962221878227 0.147158411300986
0.293201010633867 0.184647145540548 0.288379524670667 0.233772319154918
0.0536792389648906 0.381897463367337 0.531976527384154 0.0324467702836186
0.129761418714007 0.204335585210063 0.261527323433032 0.404375672642898
0.0961406380272956 0.0408838441596374 0.507191508998136 0.355784008814931
0.320226024213581 0.356249806119432 0.0737092212032717 0.249814948463715
0.250817109117758 0.534378426872264 0.116419215603353 0.0983852484066251
0.266186840834698 0.276424617927946 0.429689499194635 0.0276990420427205
0.115310349826924 0.104454868972155 0.690160050338456 0.0900747308624656
0.59006515119229 0.160854035702654 0.185478326540256 0.0636024865648002
0.123482506259211 0.373321919629929 0.150258717859148 0.352936856251713
0.555403947332885 0.0187701699539636 0.334568382287432 0.0912575004257196
0.114288569691372 0.288317063047251 0.276197271565413 0.321197095695964
0.422903938468602 0.167853715175942 0.114906741325558 0.294335605029897
0.371438958568734 0.151376156000431 0.154720327352122 0.322464558078714
0.182447138597604 0.105770743501005 0.315534039269112 0.396248078632279
0.361844750489562 0.261759647474284 0.274075266162643 0.102320335873511
0.253502294884615 0.271481468282159 0.36965072051595 0.105365516317276
0.0923746182536571 0.17218609323839 0.239565109340325 0.495874179167628
0.390681005948577 0.400226175778063 0.0414891432312789 0.167603675042082
0.364678700381515 0.0627894070954195 0.439916132128832 0.132615760394233
0.348040334777802 0.0673683655626606 0.229388579427439 0.355202720232098
0.275849046892346 0.215778696693148 0.203327826941635 0.30504442947287
0.0104127948975234 0.381914595932519 0.329271149313563 0.278401459856394
0.0553994103062397 0.343563865203369 0.23650466037235 0.364532064118041
0.336179286821094 0.237533764635415 0.102104325665192 0.324182622878299
0.0305972643838731 0.405197591666262 0.341002756912609 0.223202387037257
0.0902497677623898 0.208568116742596 0.692086835948803 0.0090952795462115
0.171019185170756 0.0528602038063474 0.550377410406323 0.225743200616573
0.308654975566846 0.49514778322521 0.0619940613138032 0.134203179894141
0.343331942379397 0.294361823810478 0.197349621802986 0.164956612007139
0.135064553180811 0.153681956231572 0.268545066037853 0.442708424549764
0.160907922577808 0.462667851677004 0.00543658128488281 0.370987644460305
0.415063600235826 0.137693698111794 0.290426031227192 0.156816670425188
0.229136678876099 0.169911822339023 0.571947829741132 0.0290036690437464
0.28901449870952 0.427026509837215 0.151303966695607 0.132655024757658
0.422974085586901 0.27113455414112 0.179476301527856 0.126415058744124
0.23445801605088 0.539300048466874 0.157965763893811 0.0682761715884353
0.1757907944076 0.141672226393103 0.329083683300511 0.353453295898787
0.275040186631375 0.0681744844380433 0.374043393969079 0.282741934961503
0.260588871994177 0.312943449926332 0.248059646649371 0.17840803143012
0.264194459012732 0.2204417793304 0.189957619746455 0.325406141910413
0.261167177004854 0.170899487886976 0.310654280224272 0.257279054883899
0.186915600712616 0.302710790119226 0.288471451223002 0.221902157945156
0.139765194681419 0.000514388618072412 0.442101853432297 0.417618563268212
0.341626434674438 0.0779690385450499 0.248102300656233 0.332302226124279
0.329790143407116 0.332030942977896 0.109846177745634 0.228332735869354
0.140955860931305 0.0868406127478138 0.63942600569692 0.132777520623961
0.245932088313182 0.0951655580340799 0.35983622186664 0.299066131786098
0.120821964809527 0.318423530300663 0.38537083159644 0.17538367329337
0.295057960486996 0.0323671317694702 0.573716762989151 0.0988581447543824
0.163658703589422 0.426157904965772 0.0719657955928108 0.338217595851995
0.322491105042844 0.266094118923389 0.248973323630734 0.162441452403033
0.205156466080077 0.340705517836883 0.315338555171027 0.138799460912013
0.0655022731757808 0.527394531764454 0.121847162853787 0.285256032205978
0.25248705558876 0.222964854768236 0.293873898933451 0.230674190709554
0.55352930124558 0.186649431595494 0.0854365421334676 0.174384725025459
0.121830270354 0.451387908235077 0.0152904174461044 0.411491403964819
0.104547011557726 0.208667815599845 0.425662634914435 0.261122537927994
0.158868057443277 0.207925811303572 0.155091402328595 0.478114728924556
0.593022238947922 0.0656668677520457 0.301968277120452 0.0393426161795799
0.330630542378649 0.208298506308992 0.229720249575406 0.231350701736953
0.259533913582857 0.391518528697833 0.023166210638522 0.325781347080788
0.223014957296051 0.0159384878365078 0.30514611126779 0.455900443599651
0.0385631300484841 0.395504534053268 0.329314318183268 0.23661801771498
0.241786472112731 0.131780261265604 0.368596725320541 0.257836541301124
0.0977116961014113 0.0810557840694835 0.362731120519008 0.458501399310098
0.365709259812582 0.045490558351424 0.403122633608602 0.185677548227392
0.198903985461248 0.504887346063214 0.222499343976606 0.0737093244989329
0.140750628780532 0.338410414649742 0.512839707196353 0.00799924937337273
0.0520680810558905 0.190120141389717 0.327069137351123 0.43074264020327
0.0384628863491863 0.337498997162274 0.342761679704732 0.281276436783807
0.0548390273373162 0.338343622335637 0.322274622344798 0.284542727982248
0.149125196669674 0.259690621184026 0.486084154354607 0.105100027791693
0.21567970991349 0.313724220700905 0.104042913830035 0.36655315555557
0.273032175235365 0.247078472076074 0.114767417707092 0.365121934981469
0.266198710020966 0.278163002605665 0.0826621766172263 0.372976110756142
0.162873500950308 0.320277428303097 0.116137496875955 0.40071157387064
0.184573730835266 0.22078384055423 0.329479804468477 0.265162624142028
0.187373927920983 0.231287127703027 0.496097655166551 0.0852412892094387
0.192906145239807 0.383443164017973 0.0383436897470542 0.385307000995166
0.384376090784417 0.116477431733242 0.329283139189339 0.169863338293003
0.333303890927442 0.341911752110051 0.21765054895676 0.107133808005746
0.263811636063481 0.229512207100953 0.138354649347659 0.368321507487907
0.301906968541722 0.268923245944088 0.182939864656027 0.246229920858163
0.0631830989492825 0.0380588014608724 0.69442310739779 0.204334992192055
0.37764050894178 0.0779632553869977 0.0198052798921071 0.524590955779115
0.0759997476911716 0.392308125318743 0.261648632569179 0.270043494420906
0.257403537951144 0.19735151064281 0.297583969052053 0.247660982353993
0.302217257330489 0.0360862979712245 0.33585904753479 0.325837397163496
0.281326187628274 0.115164201734435 0.275140201745116 0.328369408892174
0.310250693674331 0.396697088044242 0.160939355966677 0.13211286231475
0.450168481533058 0.0907548734083099 0.24871700825462 0.210359636804012
0.269641097459165 0.268791002948695 0.23129300027177 0.23027489932037
0.384805236104484 0.267083413704593 0.277240225900423 0.0708711242904999
0.149823063294418 0.356330860015889 0.0894489500329658 0.404397126656727
0.285842234753383 0.0567145614225041 0.535430337161893 0.12201286666222
0.11645874883176 0.252490452901588 0.323631329774515 0.307419468492138
0.222421564649696 0.225992578227282 0.214159696002278 0.337426161120743
0.311480636575242 0.163765015474313 0.191528738316093 0.333225609634352
0.296701163456736 0.410530191408742 0.205165264317827 0.0876033808166943
0.031018381047287 0.150067509293715 0.383688399308865 0.435225710350133
0.10518615158486 0.362098403607121 0.372777338330613 0.159938106477405
0.232715585019792 0.241266049561687 0.181450812627954 0.344567552790567
0.345810088195187 0.106307763755942 0.247675466627773 0.300206681421099
0.176336896093734 0.385185917028318 0.043375943668254 0.395101243209694
0.267287312936263 0.29753558059019 0.297173538416987 0.138003568056561
0.235787109799605 0.22324550961891 0.279351949261791 0.261615431319695
0.229614189587062 0.344135597688792 0.0455454560311337 0.380704756693013
0.202075445375742 0.295068606689059 0.140670743084723 0.362185204850476
0.0508624268851485 0.384824692429147 0.556285841086149 0.00802703959955521
0.396409239255109 0.434610601060459 0.0323834032226688 0.136596756461763
0.355935423906438 0.228617249161711 0.0557367723460366 0.359710554585814
0.391054125269897 0.296859225932376 0.0224906865440142 0.289595962253713
0.398608778558945 0.407317955319982 0.0487648421186177 0.145308424002455
0.394954434465776 0.0726511175957413 0.276576631400462 0.255817816538021
0.307337625495157 0.277287559852312 0.142214649492127 0.273160165160403
0.254739474990223 0.175865348550639 0.239362923018 0.330032253441139
0.0902594538176116 0.510488377344569 0.107812505410864 0.291439663426956
0.528913994403664 0.249713824276931 0.112664365079785 0.10870781623962
0.285654505399581 0.381798643967394 0.0725625269129029 0.259984323720122
0.255972252976411 0.294861291210734 0.232988167960582 0.216178287852273
0.116208223291649 0.401709673011285 0.145015930105104 0.337066173591962
0.272008192284991 0.186682360990293 0.210671452708803 0.330637994015913
0.417587488945762 0.243205603441157 0.237126241773411 0.102080665839669
0.212630381016204 0.281934070760973 0.142079651279088 0.363355896943735
0.11279259908051 0.250726098680292 0.250063268588406 0.386418033650792
0.314252357494998 0.152510765693015 0.0649264521566624 0.468310424655324
0.102446341267899 0.360800056769325 0.376497751563409 0.160255850399367
0.0992498474199413 0.0541920748231332 0.469382659567002 0.377175418189924
0.301370861664763 0.0305722085515598 0.29038728308213 0.377669646701547
0.433277368735053 0.437275916211166 0.120578257651145 0.00886845740263637
0.244400844112115 0.20116871211461 0.256621676365823 0.297808767407451
0.229225890215306 0.238274474063549 0.162734328442241 0.369765307278905
0.445897850151059 0.272766571363265 0.166155459805936 0.11518011867974
0.382205323689534 0.0864408559431413 0.0899862569756793 0.441367563391645
0.285610327256482 0.41356861585665 0.136230479438109 0.16459057744876
0.173740952539092 0.266587595875629 0.378203616341072 0.181467835244207
0.120299611816334 0.348576008804406 0.165497437384202 0.365626941995057
0.0753650174999591 0.160337490114939 0.441028365686643 0.323269126698459
0.366361244023325 0.198226989029381 0.0711971356426627 0.364214631304631
0.115986937684415 0.433110458292669 0.226288911400217 0.224613692622699
0.240055726619171 0.440116249605403 0.04947689927305 0.270351124502376
0.699726763263546 0.016113760699716 0.064192480872716 0.219966995164022
0.31342940279083 0.304756690512288 0.214565395563442 0.16724851113344
0.362063709260041 0.0147725519309597 0.158486986898788 0.464676751910211
0.501674079204539 0.0450890534477017 0.297143484135138 0.156093383212621
0.435219361241319 0.137442966865082 0.291938465955062 0.135399205938538
0.0126702273724521 0.374457277958304 0.123290665404573 0.489581829264671
0.414852090929303 0.408416972246347 0.139933550160441 0.0367973866639085
0.322299805832033 0.332726595190958 0.194427534189046 0.150546064787963
0.0702329521150836 0.260876364413314 0.440984529739219 0.227906153732384
0.196678820169634 0.40855776837709 0.298398508542932 0.0963649029103446
0.384946094392521 0.138684673807222 0.0524551126125199 0.423914119187737
0.269310539738752 0.322516205906646 0.270026399466216 0.138146854888386
0.232121360930999 0.20731488189945 0.453220031786228 0.107343725383322
0.183216778059561 0.161067506875154 0.561637255400992 0.0940784596642925
0.327915314315939 0.426037867768099 0.218284440030052 0.0277623778859108
0.217267818863153 0.0958678531329154 0.266758866220879 0.420105461783053
0.027833884814991 0.0381692942075882 0.461632844627644 0.472363976349777
0.237269202317533 0.201944412445567 0.399707028915909 0.161079356320991
0.11165718073696 0.206000185267857 0.162273156383728 0.520069477611455
0.536078475805488 0.173414713810014 0.25779317903003 0.0327136313544678
0.704034290682184 0.14171446503598 0.024511877262163 0.129739367019673
0.340186455277115 0.156896917978487 0.341036776740111 0.161879850004288
0.180608885243559 0.329824528821596 0.37731447280342 0.112252113131425
0.213190173232453 0.272717335974505 0.222823447362398 0.291269043430644
0.324483767321509 0.197116925904705 0.177967089778743 0.300432216995042
0.320390341029821 0.240883580669009 0.13958267792882 0.29914340037235
0.375414850791492 0.332519743829705 0.141364946404527 0.150700458974276
0.214000813682825 0.221563887908487 0.0578625823214687 0.506572716087219
0.240874997951853 0.0929817810081833 0.400640272905545 0.265502948134418
0.209678822312536 0.0236537502798234 0.193065351623073 0.573602075784567
0.188036746547062 0.275816291194974 0.42436273936508 0.111784222892884
0.208848347568952 0.233920495986015 0.255366804784941 0.301864351660093
0.405585020901404 0.152793112578556 0.313099424281322 0.128522442238718
0.342046608424618 0.117757526659656 0.327606304493787 0.212589560421939
0.19770975128678 0.174649916756248 0.380980534026611 0.246659797930361
0.218595933405169 0.287652096828212 0.270614328622475 0.223137641144145
0.0477723374212285 0.406830964675533 0.358742504874823 0.186654193028415
0.207049163450257 0.30824984988669 0.216041298378108 0.268659688284945
0.13608015481909 0.341723522794093 0.093320784093598 0.428875538293219
0.0533110724523083 0.431785108824761 0.407764748948995 0.107139069773936
0.426185853102132 0.242050869291781 0.171952333540595 0.159810944065493
0.519399211951287 0.385623398155886 0.0459754759334662 0.0490019139593614
0.195479721624888 0.488769166394165 0.163651015777063 0.152100096203884
0.37791620599321 0.0820253417345175 0.271888710197086 0.268169742075187
0.0790808223363717 0.317813876721274 0.4107258600051 0.192379440937254
0.286830406495148 0.543690936806908 0.0887112490711711 0.0807674076267731
0.239868688949561 0.0170686694126527 0.408215768136219 0.334846873501567
0.3617672893465 0.0503900735916976 0.536773995921955 0.051068641139847
0.00822816359400045 0.165333898999844 0.339135081246678 0.487302856159478
0.00586306965626016 0.440005344577715 0.4582417776911 0.0958898080749252
0.258727481090545 0.126508225718593 0.40804471264141 0.206719580549452
0.631269711024396 0.19115946104858 0.107242479030273 0.0703283488967517
0.349663903828583 0.396246168178572 0.0485651903642671 0.205524737628578
0.337690617129947 0.152835416019237 0.340296732605744 0.169177234245072
0.169021209474398 0.119847429115567 0.273331161205724 0.437800200204311
0.338160091482329 0.0355264223705186 0.327796157448229 0.298517328698923
0.0745793897382621 0.39681016264148 0.233066880663976 0.295543566956282
0.172665827831789 0.286651537304238 0.272569198218167 0.268113436645807
0.474484560203452 0.123262658973787 0.0259879745487452 0.376264806274017
0.394464392026305 0.0667167666974033 0.0502978155251642 0.488521025751128
0.227568852774947 0.183690614484786 0.268555895536199 0.320184637204067
0.157588976959159 0.226468367657093 0.354264850485621 0.261677804898128
0.331492597943308 0.22470899558982 0.137690370668166 0.306108035798706
0.24383745840569 0.253808400531702 0.273605862344918 0.228748278717689
0.331519077963697 0.292040664334817 0.250606896073743 0.125833361627743
0.283188030576217 0.0692023387424534 0.365665727189811 0.281943903491518
0.363815741754626 0.00373622131858753 0.257478778113069 0.374969258813718
0.140942011939577 0.232067710443123 0.275736072442328 0.351254205174973
0.135020490662856 0.507350542113781 0.127843518404429 0.229785448818933
0.189536735644229 0.118875949908393 0.305293166731137 0.386294147716242
0.379040196841024 0.202774572726493 0.0765045021152209 0.341680728317262
0.0504698834062219 0.134977342610494 0.471961222169769 0.342591551813515
0.124685528509293 0.579368746909377 0.100774928144482 0.195170796436848
0.28546856280868 0.237164939221014 0.118136861596842 0.359229636373465
0.121212271862975 0.399340265686572 0.305991219829174 0.173456242621279
0.357214864595207 0.332862800802417 0.0508566573993953 0.259065677202981
0.117916104168983 0.179865255913548 0.376494927365056 0.325723712552412
0.291077617990551 0.0808200811328199 0.181490753384786 0.446611547491843
0.336058903657146 0.326194635935149 0.168877712362287 0.168868748045418
0.147444532747934 0.255917892249205 0.425220673995747 0.171416901007114
0.114041562090354 0.250101894925733 0.102816960766942 0.53303958221697
0.102825016423998 0.513066598644812 0.238213999899602 0.145894385031588
0.0971426265643175 0.0532168013408311 0.318902763390066 0.530737808704786
0.494061852623175 0.0568329976247784 0.0242626702578822 0.424842479494164
0.0922991818229434 0.174087233469738 0.372397617681218 0.361215967026101
0.057923924858786 0.250064327903719 0.374229069854277 0.317782677383218
0.289635112193282 0.129247187062209 0.2530437085745 0.32807399217001
0.245951489354915 0.30601145071728 0.292463944084417 0.155573115843388
0.23306964395946 0.292418087555924 0.163938895942678 0.310573372541938
0.463431764100322 0.307062201403146 0.182639952850456 0.0468660816460755
0.36601158337826 0.398748508184073 0.162214017764774 0.0730258906728931
0.218208936486895 0.245380422047468 0.364450508493885 0.171960132971752
0.423445820455956 0.303171103290628 0.209342173036998 0.0640409032164189
0.299579223218721 0.0927801157805329 0.258173894066855 0.349466766933891
0.0684124890034283 0.0527368538119912 0.390111623490278 0.488739033694303
0.150016580301188 0.263605912359475 0.324207330699811 0.262170176639526
0.126365574421204 0.435530217663347 0.17466136462147 0.263442843293979
0.271303890701548 0.257319762951056 0.254843897765819 0.216532448581577
0.277231843329075 0.286459434084382 0.145767657301113 0.29054106528543
0.200202262584701 0.498694259443309 0.228264766919631 0.0728387110523581
0.222085988448628 0.305115358105662 0.254678627624321 0.218120025821389
0.318422447919327 0.183981905368276 0.11714043313162 0.380455213580777
0.0766326036947744 0.22955320804927 0.197345065480804 0.496469122775152
0.309394160557803 0.11934606260615 0.27068166576817 0.300578111067876
0.370481374881632 0.107100672846718 0.497127554316539 0.0252903979551118
0.197896276396809 0.171164460084366 0.341725662367706 0.28921360115112
0.00744032098274083 0.169079812377021 0.416614188623883 0.406865678016355
0.0430181748739674 0.583162508365234 0.0887676201724153 0.285051696588383
0.549204370976752 0.0757909528627305 0.00678073572765459 0.368223940432863
0.272627364685461 0.221567653302819 0.0310813466862444 0.474723635325475
0.314886436485808 0.314142861006538 0.0561905817099198 0.314780120797734
0.530790741792972 0.181823501553508 0.0752548278193564 0.212130928834164
0.194536343237095 0.22155472999226 0.281356744219902 0.302552182550743
0.222441948115059 0.276925117874334 0.0110394853654994 0.489593448645108
0.21244063809937 0.379131026779307 0.242610478146283 0.16581785697504
0.0510269715450909 0.361973869074679 0.165221031682099 0.421778127698131
0.168770669124174 0.350219168956132 0.403368899128503 0.0776412627911915
0.302737022692037 0.111617779602912 0.275687428836828 0.309957768868223
0.264452277516746 0.480797399414135 0.095156707516178 0.159593615552941
0.0604685792727247 0.0771256509533548 0.0105095600738498 0.851896209700071
0.619207023844703 0.0790381656588455 0.19970217546231 0.102052635034142
0.0201182547639142 0.566976021135231 0.223768355031164 0.189137369069691
0.0519860164108677 0.423570003357363 0.227041445377937 0.297402534853832
0.419049727892418 0.316931033893578 0.0476160318933868 0.216403206320617
0.292776567982981 0.153197334264058 0.0539255285748281 0.500100569178133
0.337105845264995 0.568873783107317 0.0913500935232375 0.00267027810445027
0.215054670725478 0.144854601119961 0.36016584136522 0.279924886789341
0.0415169590322688 0.355818836795807 0.349686411529547 0.252977792642377
0.294060570833618 0.0197007577313832 0.0617657143812013 0.624472957053797
0.341538112550812 0.32114895136913 0.174312726170181 0.163000209909877
0.27617106824043 0.330689029489462 0.177505458760585 0.215634443509523
0.235706493403463 0.512751730085122 0.00830375917387312 0.243238017337542
0.290402430109516 0.113134949926909 0.260532362540774 0.335930257422802
0.308335178828947 0.20310416158398 0.214726652919615 0.273834006667459
0.286210784736735 0.0815528990623319 0.0510292833041628 0.581207032896771
0.379289085273908 0.0293925474994304 0.282302247415346 0.309016119811315
0.338689342635294 0.360825268064036 0.239762494869621 0.0607228944310499
0.115551801824766 0.320119147621936 0.556265360808143 0.00806368974515431
0.286263630661872 0.12484293442994 0.379411754257682 0.209481680650506
0.244607731802674 0.561064782426469 0.101437726064052 0.0928897597068053
0.399116871770677 0.329052811630245 0.0380279538341348 0.233802362764944
0.356046518967121 0.542450597340505 0.0196786054122144 0.0818242782801598
0.159078646120761 0.118419102040083 0.252568546002784 0.469933705836373
0.428738115790671 0.267293230549799 0.0476058410146648 0.256362812644865
0.401104960285452 0.0753718987944878 0.296055829574141 0.227467311345919
0.39110601001244 0.281884060407223 0.270036239179174 0.0569736904011637
0.301861807973014 0.141351239459042 0.356172266099714 0.20061468646823
0.206938465067163 0.300988754005664 0.373567644045893 0.11850513688128
0.300385949386322 0.122065013959294 0.306312381713456 0.271236654940928
0.425181851819339 0.196691251640934 0.0213138763906604 0.356813020149067
0.131890748297196 0.242614374663038 0.260655186128294 0.364839690911471
0.106646162378144 0.12557101910166 0.600033139682632 0.167749678837565
0.0868979129644157 0.198264289702637 0.336884290505175 0.377953506827773
0.260578976242085 0.270847700544909 0.135186264653854 0.333387058559152
0.165783474611329 0.314414203290839 0.181150870767606 0.338651451330226
0.249081009496761 0.29090787787418 0.0186455897079252 0.441365522921134
0.43417407267167 0.146992028731574 0.317508521589966 0.101325377006789
0.47009425802169 0.208600863700166 0.0712209136266514 0.250083964651493
0.0365971403583387 0.359604416516001 0.136637769813307 0.467160673312353
0.217324796289167 0.192104387728533 0.298545284950166 0.292025531032135
0.0262183689155036 0.217146924400855 0.208186941740382 0.54844776494326
0.140536036144142 0.361089015051368 0.193130176555276 0.305244772249214
0.225488292261389 0.295343250429453 0.273369044767164 0.205799412541994
0.174767352188791 0.100584449819462 0.409974653517792 0.314673544473955
0.571398617443353 0.0541790651022141 0.35816632612365 0.016255991330783
0.35820267975215 0.093811122400332 0.421098608348656 0.126887589498862
0.371749319529202 0.166984467588734 0.336982252368362 0.124283960513701
0.134131967271387 0.298896641091033 0.151820804100918 0.415150587536662
0.294528182989078 0.34247006897034 0.322825067257998 0.0401766807825836
0.161150612869951 0.130317630812238 0.336745246348418 0.371786509969393
0.269238638355465 0.0208710229602129 0.231989034903343 0.477901303780979
0.101589606545466 0.271274916664424 0.313125763580359 0.314009713209752
0.0528425231894171 0.226544345222612 0.346072090034938 0.374541041553033
0.213363459801672 0.232534403805643 0.184826581408065 0.36927555498462
0.448449323336833 0.22889127290684 0.289843685335644 0.0328157184206833
0.0239309833332681 0.395014899994003 0.251424586324344 0.329629530348385
0.130162361735899 0.0983702177861809 0.0965123255647862 0.674955094913134
0.311466892822102 0.0749075919918206 0.305195624452316 0.308429890733761
0.134362937614146 0.0365255501625285 0.444829641638763 0.384281870584562
0.330426540105713 0.371501130351527 0.262057066968274 0.0360152625744859
0.353121102617036 0.205611292170776 0.157045069012232 0.284222536199956
0.358907450826965 0.400357281432618 0.21090820647995 0.0298270612604664
0.397338758591829 0.169269460875365 0.130126186721054 0.303265593811751
0.310571781962202 0.0598339893299121 0.306299198668734 0.323295030039152
0.331778487413964 0.308089151857553 0.00243967039205882 0.357692690336425
0.275873643053429 0.509678548362069 0.142634518179533 0.0718132904049687
0.425893573131885 0.313047280236882 0.0853074913689237 0.175751655262309
0.289570473739052 0.255056819457883 0.326557402882073 0.128815303920992
0.0661087091202936 0.0438454141608676 0.0857707520256713 0.804275124693167
0.288105507873172 0.276627232824336 0.29366718992912 0.141600069373371
0.0232089216834661 0.562585465016872 0.181689785972863 0.232515827326799
0.414799919781872 0.0302897838394094 0.420420327359521 0.134489969019198
0.0170977006421146 0.503817897809615 0.251472239013663 0.227612162534608
0.165367131392983 0.219869934730977 0.219573894966354 0.395189038909687
0.16672604084344 0.257213965834935 0.271812917811326 0.304247075510299
0.259154763196892 0.239915414912067 0.261431809246991 0.239498012644049
0.274806492875773 0.138360963732692 0.182801344564906 0.404031198826629
0.529751009785555 0.11534420895778 0.233053503705157 0.121851277551508
0.340810080568943 0.355893706794377 0.00851353730029385 0.294782675336386
0.0918071903654466 0.331776890138468 0.251691160019008 0.324724759477077
0.452990806535711 0.0907659629079837 0.0664803816896651 0.389762848866641
0.263332915634464 0.269418186108839 0.0857216788714711 0.381527219385226
0.187735834827133 0.313973155204741 0.293505096700628 0.204785913267498
0.243918364995878 0.185885584940055 0.561294232558849 0.00890181750521815
0.336678115891444 0.0593320667008044 0.179499411398797 0.424490406008954
0.100828262377163 0.41683987080234 0.259440017178675 0.222891849641822
0.270658620956858 0.0424073728865349 0.305836656299714 0.381097349856893
0.24958196509195 0.0947209949545545 0.353648575916165 0.302048464037331
0.384444521288606 0.0662122055708939 0.411611905884247 0.137731367256253
0.327284662770849 0.210434014600349 0.0546444347071536 0.407636887921648
0.183115094775 0.353894349578727 0.207388307592206 0.255602248054067
0.375894589190842 0.123903648497828 0.249272035836198 0.250929726475131
0.295061336221063 0.301033510496922 0.278282565994647 0.125622587287368
0.399014306710562 0.15953030747666 0.428332147624022 0.0131232381887563
0.10402543845733 0.0559026629197132 0.371866245891156 0.4682056527318
0.0235875506096349 0.0795200212713332 0.495072060510486 0.401820367608546
0.36255768282017 0.337592039530349 0.22028839796981 0.0795618796796699
0.305693947304069 0.269785034175543 0.356311772619395 0.0682092459009929
0.335858423542416 0.250969050487436 0.133826984643591 0.279345541326557
0.312033500599057 0.135575457046661 0.313680993987251 0.238710048367031
0.321226657534701 0.0595144026734093 0.0181022821393079 0.601156657652582
0.189284695802946 0.261752175858431 0.348063099497858 0.200900028840765
0.0443452995109665 0.469110124178226 0.454735447244965 0.0318091290658425
0.271864523740381 0.510315283012849 0.142493781584699 0.0753264116620716
0.262472906669618 0.287059955849649 0.174193004953123 0.27627413252761
0.497604145710234 0.00142651760719965 0.125911203473395 0.375058133209171
0.246654805252508 0.307665830687802 0.17476597536235 0.27091338869734
0.209182561138006 0.271069634876963 0.237310870462413 0.282436933522617
0.11193874680099 0.342312104039559 0.303407696971672 0.24234145218778
0.468643513621575 0.163609285303925 0.153937374735624 0.213809826338877
0.437314100065196 0.059224729121674 0.211730042685387 0.291731128127743
0.10805645312872 0.098979709767447 0.441603037508082 0.351360799595751
0.0977875000236792 0.152607400167712 0.345229513961438 0.404375585847171
0.408633818886438 0.327138285910422 0.0976292535929908 0.16659864161015
0.0719143956005172 0.481839215293317 0.0998669171617986 0.346379471944367
0.145462087382985 0.157082380852663 0.467279532041567 0.230175999722785
0.180047177811559 0.297604830262089 0.283329289785459 0.239018702140893
0.142326206877642 0.354332294845944 0.286592750747362 0.216748747529052
0.0814909185759879 0.372339538303607 0.228818696843007 0.317350846277398
0.264821237647606 0.232479193795743 0.306075671764453 0.196623896792198
0.0482243359312692 0.404346121390507 0.164840900775932 0.382588641902292
0.464271798696111 0.10731262147902 0.212167992769889 0.21624758705498
0.290967708937657 0.0190469577859213 0.290783104353915 0.399202228922507
0.477222632103527 0.290962104403973 0.134541858537799 0.0972734049547012
0.119155518832817 0.381555239395659 0.209621567431695 0.289667674339829
0.117228457657056 0.354829666241499 0.341723302451477 0.186218573649968
0.106568207939751 0.528288400722162 0.0196155727659653 0.345527818572122
0.106435228252296 0.339062622017459 0.217167319078042 0.337334830652204
0.191983413230349 0.398846533586136 0.30038759739418 0.108782455789334
0.361267073317029 0.235414966174469 0.0295746556954246 0.373743304813077
0.347277413735121 0.212392520896245 0.326758335461052 0.113571729907582
0.180371725844511 0.245629575866181 0.363283132203869 0.210715566085439
0.205814525862144 0.263203914789941 0.266783178343412 0.264198381004502
0.300234732392974 0.349219428875288 0.194090544462502 0.156455294269236
0.286379744608554 0.0368951517609756 0.0353561545651462 0.641368949065324
0.243380519164312 0.391782319704762 0.0325978265553625 0.332239334575564
0.496909843137325 0.34428733007457 0.00701633635746768 0.151786490430637
0.308365436288361 0.19314156933884 0.27781421769496 0.220678776677839
0.319057566632529 0.347832278636356 0.321544846456365 0.011565308274751
0.117130742357886 0.287005032725767 0.335520027248724 0.260344197667622
0.0503644389797428 0.495857422585376 0.341865966731223 0.111912171703658
0.265956439526551 0.416435657953509 0.263078615262779 0.0545292872571614
0.559549437269077 0.146810961408795 0.254983964662733 0.0386556366593947
0.143704424603949 0.355529845965326 0.361196913411839 0.139568816018886
0.15902035097538 0.112283486995849 0.373839019383618 0.354857142645153
0.19224888233087 0.362250311556345 0.164201771370781 0.281299034742004
0.338362181371951 0.0351852968274853 0.302512311991086 0.323940209809477
0.149568365213568 0.00129249546552622 0.378824682054974 0.470314457265931
0.320142412773299 0.181327222657456 0.288828090109891 0.209702274459354
0.183862479425461 0.209715781881207 0.245155791608458 0.361265947084874
0.360846867040654 0.374252795504819 0.136453612218432 0.128446725236094
0.269215528084164 0.152144206961276 0.368159054428235 0.210481210526325
0.284115754102877 0.276943050727725 0.174933178168371 0.264008017001027
0.0787827224554704 0.0297182221660447 0.622009178021416 0.269489877357069
0.208902362151049 0.147981107831825 0.582627457713813 0.0604890723033124
0.503955387106999 0.0207986931292914 0.39540350609439 0.0798424136693192
0.421364373263114 0.173446691963651 0.13772910063826 0.267459834134975
0.321506046680013 0.238150209152896 0.25430663992128 0.186037104245812
0.179233176880866 0.00283097775909952 0.615812626889814 0.202123218470221
0.335374649227472 0.354129876233779 0.0200371178906544 0.290458356648095
0.399632070125947 0.163014856441486 0.0341787049600031 0.403174368472564
0.00610019043321422 0.540272144530807 0.052820597168451 0.400807067867528
0.357600517587494 0.171540066008483 0.219246874667041 0.251612541736983
0.160016739793091 0.28519804796054 0.217163380992462 0.337621831253908
0.327430836616525 0.0530673973711113 0.294644858309695 0.324856907702669
0.205075419453964 0.14050077348466 0.39243363429104 0.261990172770336
0.61842540229043 0.154373200257497 0.178663481503233 0.0485379159488405
0.0934833572541553 0.41012549343353 0.223053215519953 0.273337933792361
0.0673091975283455 0.270656567622162 0.273426846939772 0.38860738790972
0.438137508631736 0.325496815048954 0.177769719659539 0.0585959566597705
0.307472141321236 0.0609997944085641 0.189990548547688 0.441537515722511
0.19920595274633 0.249726581576994 0.262356010099691 0.288711455576984
0.00243049464869505 0.49686076869003 0.286392887934933 0.214315848726342
0.207352009732023 0.37845598937038 0.125241029439582 0.288950971458016
0.407284803923847 0.35633689549714 0.0574042803869819 0.178974020192032
0.0621690514282077 0.611462331107893 0.202288115525155 0.124080501938745
0.360195848148411 0.291881995220741 0.0220097397896552 0.325912416841193
0.301807056073719 0.288671516488626 0.0410907585656534 0.368430668872001
0.192786881499732 0.246438573076354 0.335102529316955 0.225672016106959
0.346641987407171 0.139230894840324 0.296309529872577 0.217817587879928
0.266402140684434 0.454254105808603 0.145540674225195 0.133803079281767
0.29629427102384 0.203198113334907 0.246049493159452 0.254458122481802
0.455635757735699 0.0296523644027744 0.475886487744365 0.0388253901171619
0.121720295368717 0.0480227647728485 0.404005918053887 0.426251021804548
