0.131083959596596 0.320133269498034 0.217003983813717 0.0731343508666665 0.0913393208156014 0.167305115409386
0.0342232836597956 0.280907241195362 0.231270767811869 0.122422427537282 0.145660292129154 0.185515987666537
0.274964486004072 0.00824708795581715 0.145738870788144 0.183983357800796 0.290061105797676 0.0970050916534951
0.113937731984074 0.0863551608422502 0.230355982652474 0.187988616419494 0.148429621621646 0.232932886480061
0.0796692692231132 0.198768839792144 0.16445334985369 0.219545414493531 0.189165316294697 0.148397810342825
0.176987620543577 0.269766329444597 0.0408183310656586 0.207688679578251 0.113851488731127 0.19088755063679
0.132160471524794 0.0973741041043307 0.318965769072069 0.203839586915442 0.204182591931898 0.0434774764514677
0.122729040942426 0.0208077744181294 0.328409630268858 0.382459333972428 0.0139372756657925 0.131656944732365
0.117781287756361 0.184446423029432 0.0356337905948542 0.317645718432181 0.251519494837114 0.0929732853500582
0.224088561659976 0.332213506138543 0.0087041736891805 0.0967194132636031 0.303912913959037 0.0343614312896603
0.144087874356314 0.161860786242921 0.0954469713899997 0.129123372739673 0.232257507079695 0.237223488191397
0.235478942390246 0.0174464430591414 0.0233109744488814 0.214551908722816 0.291874501842829 0.217337229536087
0.0230967206636785 0.446696509199912 0.0163254892739967 0.0547737346819318 0.0375403377348704 0.42156720844561
0.286487961148202 0.113113549956111 0.295044710749646 0.235502388841215 0.0435882031262818 0.0262631861785448
0.0817194782727968 0.20816224245821 0.303001379253982 0.176413919851694 0.174782205489209 0.0559207746741071
0.214983959420278 0.232226247726486 0.345941020635428 0.12274463375132 0.0758522636247887 0.00825187484169883
0.21466161852387 0.154743283818147 0.0871521648643693 0.188329759459061 0.204564520875294 0.150548652459259
0.172557043021769 0.0974051880820092 0.233172496931591 0.247691353900495 0.0157489193278551 0.23342499873628
0.139837278145252 0.220299490691345 0.0362845121680466 0.266027685072263 0.0634245313783377 0.274126502544756
0.228583460525128 0.0503453269171068 0.1521915808628 0.252354608623888 0.0488842350507591 0.267640788020319
0.257914853139306 0.163064632192081 0.133515271878346 0.239245681783437 0.167320504857325 0.0389390561495048
0.191843788099789 0.139545608843969 0.17319498816434 0.0481905393993112 0.19292898595327 0.254296089539321
0.210791423339495 0.121403498851722 0.209197810226513 0.0525493159230452 0.316967468484976 0.089090483174249
0.223962391864978 0.167485057940785 0.0742642623830249 0.233244174128141 0.0465293818974428 0.254514731785629
0.141939123911345 0.201650133895354 0.255313657996574 0.195833334184931 0.141649860770898 0.0636138892408976
0.230816729661039 0.214322765506034 0.10240084266183 0.201958311896541 0.0446678632291846 0.205833487045372
0.0789467416823541 0.0677559053855847 0.269827893708269 0.0276571552986492 0.220231992106039 0.335580311819104
0.112994304085986 0.254871361501036 0.0322488298899373 0.235075673994415 0.131988792949579 0.232821037579047
0.176955353252388 0.150196813152921 0.132665767750397 0.171977952379735 0.185018133270809 0.18318598019375
0.253324136767928 0.202061674689333 0.0611624855343464 0.0795884623081081 0.0951661055006803 0.308697135199604
0.177254346476582 0.207546695656637 0.203594450693082 0.019094431272014 0.270895811421047 0.121614264480638
0.154936887065989 0.181531334735746 0.126330479253138 0.133483584744482 0.19334060993295 0.210377104267695
0.0563408454770901 0.263145696518296 0.328248955772431 0.00826618904621155 0.155617665838732 0.18838064734724
0.281721845643051 0.209246403975085 0.0385137165464576 0.238180349514957 0.0778710393861419 0.154466644934307
0.187303158609562 0.114567621681515 0.0421205085053246 0.14630413185469 0.088293070188042 0.421411509160867
0.209857392525938 0.157263719845483 0.255439626874219 0.14584420567983 0.221291351937115 0.0103037031374146
0.194008784072341 0.196166347677776 0.246281158511292 0.219570231617981 0.00929133146202502 0.134682146658586
0.081981952158841 0.325109398385052 0.00524600787265404 0.264280557743768 0.263047112950575 0.0603349708891104
0.00273932172702825 0.186382708754058 0.208430282653428 0.193077320921515 0.204226588595516 0.205143777348455
0.326664807983687 0.124331764819573 0.0757486972498706 0.171329907722815 0.180722486129919 0.121202336094135
0.226673990338564 0.242740897307808 0.187014724897303 0.159072044841696 0.00596356840515338 0.178534774209476
0.161006412579227 0.114466805716607 0.247060371466432 0.0925118594775627 0.0635658865555879 0.321388664204583
0.180631696028721 0.0121374833128683 0.29438495099782 0.21705616421078 0.0875160911206001 0.20827361432921
0.14783405593543 0.230373007361645 0.246365668512854 0.132619809851119 0.0523750103499849 0.190432447988966
0.073224378656671 0.268090962465641 0.214437123240902 0.141034624033295 0.159898791781148 0.143314119822342
0.197811813965113 0.135596823713228 0.198460608811644 0.0854755826489531 0.145486676915802 0.237168493945261
0.0965525530716213 0.237724893652867 0.157073580871154 0.205702331734588 0.0189691450239761 0.283977495645795
0.0742133770022223 0.275964887499512 0.130081038726357 0.221725042334898 0.180447771157651 0.11756788327936
0.327783586968285 0.213712463269183 0.172178953827669 0.0730104501453145 0.056446079552045 0.156868466237504
0.00623229450646651 0.161608876357283 0.418643422370801 0.11491429343774 0.0253626945365019 0.273238418791208
0.0296237376243912 0.0186365507198172 0.279020066329831 0.255909750841199 0.167095317282917 0.249714577201845
0.121463998759725 0.339125948321245 0.0319148311000636 0.13795356566717 0.10718960227346 0.262352053878336
0.135600248235801 0.0415947567911335 0.024887214581626 0.146150895751787 0.196556627435008 0.455210257204644
0.152338103092238 0.0979688256930803 0.229945654024795 0.0433445569128356 0.233348117894033 0.243054742383018
0.196434554369765 0.351406068307514 0.0293343611344357 0.131110680732172 0.120240275988874 0.171474059467239
0.251559184342552 0.206854192359114 0.23804202128036 0.120887791923455 0.012697925958015 0.169958884136504
0.104988055600787 0.196773397441666 0.184582517071313 0.16364046246867 0.0875297060327318 0.262485861384832
0.175729255661961 0.27034065799696 0.0112894011048006 0.249603933499849 0.12580900578763 0.1672277459488
0.106203803273676 0.339607558991318 0.239921409315568 0.0775304116163981 0.182585403459115 0.054151413343925
0.301263118695879 0.0472606971814602 0.152292925645493 0.0158783467944099 0.218310487316221 0.264994424366536
0.152254956853187 0.169693781609196 0.0832775809052267 0.315034585159651 0.242319861870734 0.0374192336020052
0.0813726479488431 0.0519060373181578 0.291984649219386 0.021879380049569 0.288541641379535 0.264315644084509
0.235721102714609 0.235856788647589 0.201849209133265 0.130861660594933 0.101122269023452 0.0945889698861532
0.263852112472044 0.0242026229948296 0.286556541804267 0.308385554364036 0.102445460120307 0.0145577082445162
0.24061192346638 0.170190545570842 0.246504330796391 0.0238110976728323 0.223666953592664 0.0952151489008913
0.0691986859926925 0.119156994537501 0.170635767278826 0.261681610248709 0.151267888284269 0.228059053658003
0.0509132136685995 0.0972302617415568 0.496421030514814 0.114386321579525 0.0134573318186662 0.227591840676838
0.299979544127318 0.172678857937419 0.0227389681327152 0.144970152394247 0.0504974318804706 0.309135045527829
0.205793619371577 0.0656277575270368 0.327702329858568 0.13037439901097 0.0535342364309013 0.216967657800947
0.296235783658361 0.225253004852926 0.155313689104018 0.0420754911545844 0.230367266920451 0.0507547643096601
0.226973250042757 0.0889343815005596 0.171288183524933 0.106723859895586 0.217299107687245 0.18878121734892
0.224845347702438 0.098356257269918 0.237515136490904 0.147870310209046 0.223520884315293 0.0678920640124021
0.140042437471617 0.274319721013345 0.0383417485428781 0.249515732447465 0.0883327592402376 0.209447601284458
0.1539355184476 0.176562874613055 0.0409336667400557 0.228827698952774 0.134312657692853 0.265427583553662
0.202595001034491 0.0790174113902022 0.0170123934217914 0.370783470010528 0.0281677504135327 0.302423973729455
0.170595162153748 0.103281852474986 0.19354805200862 0.171658086983578 0.19545282848989 0.165464017889178
0.139369728243877 0.210960890234186 0.236788505742826 0.0671274336954979 0.21464676720068 0.131106674882934
0.366110930840405 0.13413549578934 0.0904362020102883 0.140137435603847 0.246874202200189 0.02230573355593
0.117196691096919 0.310811076208214 0.194934665287486 0.141458781352989 0.114595505204037 0.121003280850356
0.112655001861666 0.366500195452451 0.0760026356048758 0.258032372777213 0.0660917023958443 0.120718091907949
0.207101812493069 0.0825937775247589 0.23829524487927 0.154410201754971 0.145556437997099 0.172042525350831
0.28183602676939 0.259024530101246 0.00910273307834874 0.106831085693123 0.206798464661979 0.136407159695913
0.0136211213389202 0.243809651437474 0.31143994216969 0.171902490245425 0.0550806180563663 0.204146176752125
0.011073539276699 0.270727912059562 0.097309134458132 0.297597634593449 0.301359556192528 0.0219322234196298
0.131742194753532 0.0917482654217144 0.225420137851836 0.202827249499057 0.20761472931222 0.14064742316164
0.109128713814573 0.104728295804969 0.350635520386771 0.111904318819734 0.0951339260901543 0.228469225083798
0.0980451702184715 0.193857033397914 0.221981807685348 0.0832939608253454 0.167236703818958 0.235585324053964
0.0548657013450351 0.253238523941465 0.268917126855328 0.0577422114024145 0.207817248353971 0.157419188101786
0.145714057156995 0.101918960305508 0.214429602773065 0.0128838008249846 0.244572001569785 0.280481577369662
0.0791819321909536 0.37965120188883 0.276891675732488 0.0707200205855582 0.0454937056145448 0.148061463987626
0.101107113158068 0.182472234165176 0.191743215085382 0.175982389478594 0.183409866297169 0.165285181815611
0.25877059123705 0.202227838218446 0.190407482305787 0.00565846109055685 0.0173900441485135 0.325545582999647
0.320922398215883 0.0389134915801334 0.202311245041058 0.0427014015760099 0.0215371105773348 0.373614353009581
0.287616214798295 0.048941363438006 0.121955340718612 0.0656403045934429 0.222770908120012 0.253075868331632
0.22418330325601 0.261479104974805 0.0814967857304869 0.0994326451864927 0.0885860305200047 0.244822130332201
0.0494038167467609 0.138718358111692 0.33604009731191 0.020648747455958 0.175521131086764 0.279667849286915
0.0173415535014333 0.206293955497418 0.0654880298573983 0.385908108145088 0.272145831049515 0.0528225219491481
0.19597492862428 0.15474934016413 0.187732564437918 0.261199619126959 0.175954733104788 0.0243888145419263
0.119712100769244 0.312595780768279 0.309880782843606 0.0473070624667016 0.126710777157371 0.0837934959947985
0.173456848886446 0.164261416429081 0.180660850120583 0.0469437055212357 0.246019533977673 0.188657645064983
0.180902345504582 0.248381881061675 0.287225543700327 0.137689750878163 0.0599152972282748 0.0858851816269772
0.130141211686738 0.32822470142475 0.0518032435827648 0.0447388749530781 0.343483928416915 0.101608039935754
0.160652548217555 0.210080316191871 0.190481035641667 0.023954255523847 0.254142930636202 0.160688913788858
0.247602836812448 0.215711284266551 0.205115517497716 0.122909870089356 0.0558781548418921 0.152782336492036
0.177596620187379 0.139460280338492 0.0438926067885906 0.207059876498072 0.175441627535052 0.256548988652415
0.158193283756998 0.221692523775077 0.00429322620332421 0.193439362616973 0.374198214076029 0.0481833895715992
0.31535864642401 0.214888350809343 0.0302720522781165 0.0877767590130549 0.0168696081874716 0.334834583288004
0.191583063615335 0.227187363808151 0.222324908716315 0.260961953497831 0.0156092126798343 0.0823334976825342
0.222119460095232 0.292241733624343 0.0539360984347062 0.0104571055706867 0.173773115756 0.247472486519031
0.166614596041204 0.191374063397491 0.0223451212094402 0.0489236782313281 0.457608794533979 0.113133746586558
0.198502147789482 0.283730258580817 0.205197957347771 0.0764230512568286 0.0765668391712388 0.159579745853862
0.195844857105186 0.147931349760592 0.0777457915463882 0.182777969841699 0.236020612904245 0.159679418841889
0.274316522604054 0.125889505195532 0.191814897821954 0.227954981220408 0.0766809411878704 0.103343151970181
0.11628578342762 0.217764226471607 0.0728711202278255 0.0999979098740075 0.216007531182564 0.277073428816377
0.307232996032434 0.133660760391243 0.0689533437706256 0.195578189337517 0.0420247166751038 0.252549993793077
0.00314079653198718 0.271403149688523 0.231821280316216 0.33573493923483 0.0829018602365092 0.0749979739919349
0.264306731680817 0.172607822368695 0.0300853612364062 0.112371832377192 0.161607896666052 0.259020355670837
0.037155373200103 0.312941185900069 0.141835402275926 0.189685196731737 0.266744225618567 0.0516386162735974
0.0160375377201132 0.217491618463197 0.162511327797871 0.181939753604641 0.18363822016091 0.238381542253269
0.374004122222137 0.039912773651167 0.225375048115876 0.283647071467277 0.0640323711306445 0.0130286134128979
0.0712443126534116 0.0749275133402743 0.24010095220815 0.170202701385275 0.224210536512463 0.219313983900426
0.233519764495727 0.17160317249134 0.0850523268258506 0.0845795216035238 0.227331266665701 0.197913947917858
0.205541472542 0.231217882994383 0.155568927228411 0.315940751251663 0.0164037954980955 0.0753271704854485
0.212177088161241 0.0533791138040729 0.0610660559538229 0.155239197738554 0.245066280559828 0.273072263782482
0.339671387130883 0.315369647142322 0.0377997408226486 0.127886944111791 0.00255972841709914 0.176712552375256
0.210318043843848 0.213599232069822 0.14131153159715 0.10452509372657 0.0578068139685008 0.27243928479411
0.337346155017625 0.0784335325652809 0.181276418381805 0.200477780648833 0.0687588131374533 0.133707300249003
0.233381134603079 0.260085898934213 0.25366858445409 0.0223490182656174 0.195396895735006 0.0351184680079935
0.114104607366718 0.195347037305791 0.213784601188781 0.200800243462182 0.275740016587587 0.000223494088940278
0.0938172562257615 0.295095095531762 0.231812917874617 0.146287791093132 0.132273846264709 0.100713093010018
0.0697670899114761 0.242654164565014 0.141969666467495 0.270789628174776 0.193434836281802 0.0813846145994366
0.053128042873999 0.18653494428482 0.135268505532825 0.217651180450255 0.138845113329016 0.268572213529086
0.261936712261214 0.243424981908372 0.0639474201634955 0.0839143036624413 0.0664123270766447 0.280364254927833
0.233681119466964 0.275333690720018 0.145059996428508 0.283698879558992 0.0155719893034051 0.0466543245221121
0.000821197522153803 0.273962768172615 0.207640870369609 0.0587713482417085 0.252157888948977 0.206645926744937
0.288050591419333 0.140561933344105 0.034656970490234 0.259049173318137 0.167932537752536 0.109748793675654
0.203856098341 0.129036708714172 0.144018913011934 0.159892546461622 0.180981595753156 0.182214137718117
0.427479953125982 0.33361096893819 0.0885166751438631 0.0975214858728001 0.0468242405370781 0.00604667638208659
0.12401351700577 0.0720047950378196 0.101447063211434 0.187764314176104 0.254906214488945 0.259864096079928
0.0784479895899928 0.162405431344198 0.196325209088451 0.0739305499791581 0.33387084644931 0.15501997354889
0.371049443575864 0.116812264082817 0.0571265354416274 0.176971848361199 0.155362009482273 0.12267789905622
0.108792746530719 0.210099625533124 0.102778686866285 0.210530937336085 0.130155985780627 0.23764201795316
0.0988470724512017 0.221280339765176 0.13003656220751 0.245774774384945 0.127988365076251 0.176072886114916
0.216614160024899 0.212529870410605 0.183118691577455 0.0885101701010096 0.100095433192051 0.199131674693981
0.188807427491619 0.142381597522521 0.228794168162067 0.231275139611667 0.00733853337711011 0.201403133835016
0.0897999153390425 0.46700981452803 0.0215940111723817 0.220715517593415 0.119168334897737 0.0817124064693941
0.257638773487598 0.192265098702673 0.110820124014682 0.132786151044177 0.133054940404145 0.173434912346726
0.16981721928024 0.244877499380248 0.125249699077916 0.0212217146872222 0.213867109788023 0.224966757786351
0.0326125313578522 0.140245434996851 0.152770413635139 0.0481852462490176 0.259875121985883 0.366311251775257
0.304619451832384 0.305126871435446 0.00533901848457439 0.0637901076895662 0.0537098235721511 0.267414726985879
0.128376616316323 0.129519577110306 0.193087350823241 0.302017837140487 0.245483325105995 0.00151529350364822
0.12204429009662 0.151983831861903 0.104029693720156 0.274838133008816 0.26589579988301 0.0812082514294951
0.175761236293646 0.0219032035377115 0.293265250768325 0.118364350648315 0.131981850574332 0.25872410817767
0.0279194843714876 0.168620859328753 0.212570087761666 0.294254469255618 0.275098122119951 0.0215369771625239
0.144064579810328 0.277094940875616 0.144218641046344 0.179549260913876 0.225610822293436 0.0294617550604013
0.0108017873568077 0.11109720853417 0.0362161717908561 0.230483262673667 0.270367271153382 0.341034298491118
0.173048869461705 0.0690461488627372 0.0514147357892459 0.52828251989491 0.143339712418675 0.0348680135727276
0.213616310864449 0.0633260249260829 0.184931072032737 0.244142626192493 0.133151843119149 0.160832122865088
0.12485482413849 0.315102774224703 0.120879657235665 0.0593138921979741 0.120026845533872 0.259822006669296
0.226848394951428 0.316127841210334 0.104266388473143 0.184199005458402 0.0658917479754721 0.102666621931222
0.0632035584059556 0.199024912041936 0.177343076634159 0.227446014584485 0.167384579144845 0.165597859188618
0.208097323948963 0.219570129741295 0.139219227452146 0.108524515794314 0.207074118469875 0.117514684593408
0.22137493363937 0.0937216104803519 0.0871014289124571 0.0952931629249733 0.111460709608632 0.391048154434216
0.152635312416402 0.256562131537531 0.338160690607962 0.0895154368854503 0.0366212592438423 0.126505169308813
0.0152560907289958 0.209747291721395 0.309037314466832 0.27234925609516 0.072069291308244 0.121540755679373
0.314768483606715 0.0968590503457341 0.0124024442198317 0.300462210630588 0.0122770806658974 0.263230730531234
0.193664765757234 0.0517904302305502 0.31990859542673 0.102754445705488 0.167996521266899 0.163885241613099
0.268397875670113 0.0311108294594584 0.0380430886087371 0.405368891096416 0.0104681146427849 0.24661120052249
0.146846513119991 0.186553594702345 0.135303052465404 0.151198038943058 0.180588120946389 0.199510679822812
0.00086476421283853 0.238452272131153 0.0980238961892056 0.235125383104396 0.290878537979698 0.136655146382709
0.0937969736785363 0.150043240893432 0.102510468738358 0.297131651526825 0.254688579850643 0.101829085312206
0.173328160269052 0.084004701424271 0.0470288961013045 0.298564683968579 0.225173292412791 0.171900265824003
0.0233102501120615 0.0934494491844527 0.287604393425154 0.17631078647653 0.280694672902606 0.138630447899195
0.0536593373567752 0.0883998878577494 0.214226177167116 0.296024513905298 0.326993566454415 0.0206965172586461
0.289317903478595 0.0255885967451496 0.227330582035048 0.209834040120783 0.189398470612182 0.0585304070082421
0.257428676202107 0.0742521837971575 0.230694286491093 0.0475136107337772 0.220799172332126 0.16931207044374
0.134236703918382 0.318237230023019 0.253208291312495 0.248281478291365 0.0414902105368465 0.00454608591789342
0.273636299241469 0.172946895295599 0.12333710508501 0.266225715902803 0.109023375325429 0.0548306091496895
0.253541444059437 0.0403375793664862 0.121525405321838 0.296681702427721 0.105738809903278 0.18217505892124
0.128616066988618 0.147005625256388 0.11385399961543 0.137621574009724 0.2017681854258 0.27113454870404
0.250939131790887 0.0675731565545951 0.124335243214506 0.133232255257126 0.262173248124556 0.161746965058329
0.135174851732622 0.155968874617509 0.0367703870862808 0.186192625798299 0.269442931804191 0.216450328961099
0.271399224457677 0.0374369472327818 0.20883262028714 0.248196384042722 0.125500773631092 0.108634050348587
0.091519736799925 0.257421426746628 0.044723212256059 0.0262793214638913 0.278542301116049 0.301514001617448
0.254486095989345 0.183046289581918 0.091201880659616 0.264827607019184 0.095560600919154 0.110877525830783
0.0289721863241924 0.0935889404572189 0.0161730529663265 0.29974070283921 0.365468040260853 0.196057077152199
0.196733793405191 0.0654649373628514 0.308262625511881 0.115263013194036 0.106317450688017 0.207958179838024
0.161324189631735 0.208090624161625 0.13541985085698 0.198359251806964 0.20987845639339 0.0869276271493063
0.0560362776966437 0.169447053906645 0.190906386508503 0.168034120216362 0.182563448356461 0.233012713315385
0.196910775539608 0.16090271695798 0.19463100177014 0.146594823201347 0.125525652866355 0.175435029664569
0.200815416634075 0.203300604890544 2.81205769380673e-05 0.243161292236869 0.2875512821039 0.0651432835576738
0.0573749013838438 0.266714410368062 0.0372769674912432 0.224234570011224 0.146148929781052 0.268250220964574
0.047925779101187 0.313235543866558 0.0450957229210217 0.148300158559668 0.0922997340548233 0.353143061496742
0.282287561247264 0.213710986836608 0.265994203462859 0.0634124697388161 0.0805082657849901 0.094086512929463
0.057854364304826 0.39463172743936 0.031641644269405 0.143119416091207 0.294683945725418 0.0780689021697838
0.0322433723297691 0.184560551210431 0.334404140687357 0.31879901208469 0.0428867063960782 0.0871062172916756
0.175556981200661 0.285023070673987 0.195070415517359 0.0929524144492089 0.191579047363282 0.0598180707955016
0.144000412638685 0.277762566960817 0.10802884480124 0.219216015807652 0.0750676234280613 0.175924536363544
0.0146567170046245 0.126405117934237 0.16917465120269 0.122794738347613 0.444626066327222 0.122342709183613
0.165845091505897 0.047339807922338 0.267705233394751 0.180456734970679 0.160389422281261 0.178263709925074
0.351086728078696 0.00541508113435944 0.0706860322236346 0.197005348679642 0.373859235327853 0.00194757455581495
0.0919180047410916 0.159014388379417 0.223741467084769 0.324066044909921 0.0589353166683842 0.142324778216418
0.308117565947243 0.351774695091968 0.0210988478775579 0.0378696320649988 0.179704026392304 0.101435232625929
0.192462251616222 0.209542998220471 0.245786120368831 0.0851310388404612 0.097173452923395 0.169904138030619
0.162533990954186 0.184179983814679 0.260372130884443 0.129761903054941 0.229717029027419 0.0334349622643326
0.102210802396773 0.0991823159048662 0.267433497500181 0.382111991016979 0.0845766421054754 0.064484751075725
0.131852915215839 0.207405987659041 0.0345390951343314 0.173144958213873 0.251872009992721 0.201185033784195
0.0552653858393791 0.305356582433539 0.199231119159264 0.230540276062307 0.0680248733560039 0.141581763149507
0.230290964111335 0.110049000181944 0.0164378330039599 0.0356890266756661 0.349747860051467 0.257785315975628
0.184833243724214 0.303353420838152 0.106287531423665 0.0548961411731954 0.0941441546638963 0.256485508176878
0.217894811633038 0.239345147574626 0.211487665277172 0.0251487628885922 0.156241245540918 0.149882367085654
0.286995524092521 0.0179242427756371 0.270677865850707 0.188409905109513 0.0985473681632313 0.13744509400839
0.227649732632431 0.26556963603289 0.267516260772418 0.0355265087511276 0.107728597064085 0.096009264747048
0.0619122516022834 0.0309902925176315 0.415113181715784 0.363165792998933 0.0416701119566365 0.0871483692087312
0.311250014851018 0.0770230668058678 0.0346742879120396 0.228693792973197 0.0983079812108278 0.25005085624705
0.0446694084890731 0.119564237493297 0.291431636536113 0.136494226313854 0.251811728614258 0.156028762553405
0.0423921880066659 0.200670783781456 0.321987595143487 0.0389114500031231 0.198093372027387 0.197944611037881
0.0153439653783141 0.195169710996418 0.187564125793047 0.102858637882228 0.169369957932453 0.329693602017539
0.0110244594613392 0.220489450517857 0.143663732849269 0.310046983544072 0.0631399395367645 0.251635434090698
0.214941035064952 0.0123516202407897 0.173431605434402 0.338334329156751 0.0814641059766124 0.179477304126493
0.252162805452639 0.031241859893203 0.20624051157449 0.0300658688250436 0.242872060909607 0.237416893345017
0.127632723272178 0.232153206348998 0.143488597969722 0.0103566547692859 0.384522776966855 0.101846040672961
0.0116495017978021 0.11770866725399 0.339212070232059 0.0178005266704876 0.446666972263897 0.0669622617817642
0.242197713734007 0.233558872618365 0.140164182354141 0.0516580166584673 0.139787495751435 0.192633718883583
0.0605807033954202 0.0237842573386423 0.399867747015769 0.137505390670909 0.245741027278766 0.132520874300493
0.161093265975638 0.141521890501797 0.0123743173256269 0.49576208355959 0.12141653553415 0.0678319071031979
0.112860987304761 0.0187008329274351 0.127181130239686 0.228873186317028 0.263619518274211 0.248764344936879
0.235037314887454 0.108849375725299 0.19151769766562 0.117083501427172 0.0566958208105507 0.290816289483905
0.183736784046131 0.295843593261254 0.173767059317116 0.171625803723106 0.0649724037038082 0.110054355948585
0.244691468775249 0.0261171902609258 0.0799373825480951 0.209285378894786 0.30242739841465 0.137541181106294
0.129141774940744 0.161130981166404 0.230678937515498 0.172202506725047 0.17148982365511 0.135355975997198
0.0578376110708902 0.137801187414583 0.0331541573051318 0.0218741551613617 0.382678157689249 0.366654731358785
0.0674036651870228 0.0827013635286656 0.277774098192969 0.0447341023682297 0.230167387029573 0.29721938369354
0.111331048255297 0.227190382670679 0.20788765433221 0.237602799096027 0.144943397882924 0.0710447177628631
0.22409262948852 0.00257765465067964 0.132689655404712 0.108592443732143 0.222256942511552 0.309790674212393
0.10535979558886 0.158091639141396 0.171251348101766 0.24435974218971 0.200397475939051 0.120539999039218
0.284453938664391 0.0382181748477091 0.241940293567267 0.0847140411764429 0.303757495289397 0.0469160564547932
0.141653218134776 0.0531779120157921 0.0745364079181517 0.285023255194551 0.290476560168937 0.155132646567792
0.0391707761191701 0.0729431857829374 0.135147360606567 0.348851614912191 0.312053515180625 0.0918335473985092
0.280403201452983 0.104601511867999 0.135936907059705 0.0627581906834734 0.210288727515487 0.206011461420353
0.292180698212176 0.0294726159513304 0.0129134601072558 0.178660874663205 0.277109548175269 0.209662802890764
0.103840190358958 0.202513569502262 0.123003451017987 0.131991782490995 0.204247760412584 0.234403246217215
0.112260924647113 0.0030949228819717 0.00624382554408751 0.301926514532131 0.477981599635695 0.098492212759001
0.354605841729154 0.141809304495094 0.0907135899858614 0.187336790140483 0.061519293112612 0.164015180536796
0.0210018766267967 0.199534649840618 0.110874641529349 0.0845543167173881 0.289514778552315 0.294519736733533
0.0607464330952303 0.0516639341471871 0.23857870297684 0.0673581145173751 0.202519086216978 0.379133729046389
0.192767867804485 0.156937653636849 0.230291009882782 0.0137768789119498 0.101733838381864 0.304492751382071
0.0660057977295482 0.17260194172402 0.152220791076955 0.249666586459902 0.164197222883786 0.19530766012579
0.0807279143490173 0.286146407578925 0.156625658216309 0.143416252010966 0.298097699517985 0.0349860683267968
0.144093406555984 0.17345751046014 0.121931930599282 0.112795310175654 0.190363800877685 0.257358041331255
0.3199768720167 0.134339904693004 0.0361278143276442 0.0681489285127814 0.314122050850597 0.127284429599273
0.137999637269863 0.41398581232753 0.0362092955978014 0.0643032293901699 0.313324635225434 0.0341773901892025
0.162801001809388 0.0011798994580451 0.215039419206413 0.151975064766859 0.187366831945845 0.28163778281345
0.342596820621732 0.0267534385306308 0.16577718687714 0.212469629494861 0.0571971542994769 0.195205770176159
0.142595482544138 0.250353708140122 0.100248523426751 0.170071000943653 0.0757810601636811 0.260950224781655
0.205723504973896 0.174592407484371 0.089068022768865 0.24277273310654 0.172065025431886 0.115778306234441
0.172026729479071 0.124202592862335 0.0102144956679488 0.0966183655494159 0.282970857848727 0.313966958592502
0.205886095328811 0.290754768825763 0.254071828337947 0.0207272750824292 0.207780029679138 0.0207800027459125
0.0486848450223673 0.455879223236358 0.0149467315816387 0.00350176857555377 0.373732953721576 0.103254477862506
0.169476004994499 0.219714367743069 0.0412711790234535 0.069797803615737 0.228372525422368 0.271368119200873
0.113108474668451 0.239669167836552 0.15854275953732 0.0965224231277886 0.171087489453798 0.22106968537609
0.0600396859242557 0.285289797303987 0.236725214617073 0.197006126877604 0.161833637099193 0.0591055381778872
0.197694361266499 0.166379108502647 0.184582775499803 0.204790451627719 0.0968451625221885 0.149708140581143
0.0153830291222513 0.144720326138002 0.121613320966722 0.270920723265826 0.168110671152769 0.27925192935443
0.133884060835571 0.269324711652016 0.277649767964983 0.0828242507325499 0.0231770522819291 0.21314015653295
0.0540425620259352 0.234798123053066 0.0168988825329748 0.173805072145783 0.0850956210624493 0.435359739179791
0.282308426108709 0.0610290633331125 0.328692061799881 0.0609259746909417 0.214172763864305 0.0528717102030506
0.24322705552484 0.0644352641028513 0.0842180627260782 0.0392852310679808 0.25398980906624 0.314844577512009
0.195267844055056 0.126486334496954 0.218636136573714 0.252153682400165 0.0979746231555509 0.10948137931856
0.13004398999206 0.0361141502161657 0.176103798066207 0.333763862058438 0.0859692525219617 0.238004947145167
0.025390557190528 0.261221478230401 0.163652207337247 0.27779688827586 0.0691042904155162 0.202834578550448
0.0665857251554104 0.073764470004667 0.142049797853274 0.267323629719167 0.187663233258204 0.262613144009277
0.0892508619693028 0.0172918401866366 0.297736790986667 0.0921754612004563 0.201009659208269 0.302535386448669
0.0777589698959825 0.105523892739509 0.204773172946657 0.187926328890978 0.200333321789353 0.22368431373752
0.194256239360322 0.143073360582489 0.180012607681702 0.172990159089622 0.120864706419052 0.188802926866812
0.267705955453156 0.00828843371581946 0.229031521687318 0.13002916100348 0.280842547823288 0.0841023803169394
0.280049924374197 0.00765814794767026 0.196180895330798 0.188287098231413 0.269384400227728 0.0584395338881936
0.0251781840199267 0.109007236118346 0.1754015219417 0.151005045307636 0.149631564213301 0.38977644839909
0.15848018732559 0.26430758801718 0.184686553507935 0.197741397624119 0.165499751352019 0.029284522173157
0.121940980701661 0.278320522621419 0.296956640157521 0.146509026319897 0.12226552623427 0.0340073039652329
0.280735764168475 0.231544191279799 0.134915548753535 0.0425636338186979 0.204326998925381 0.105913863054112
0.276521451672578 0.0237318338579986 0.031011261927525 0.158707858454944 0.270239627846031 0.239787966240923
0.251951329493847 0.224255707729655 0.246787175014552 0.00792722038271017 0.225593443855676 0.0434851235235603
0.0817491550925133 0.0451340637822988 0.241237509216869 0.224120065612375 0.203460288245515 0.204298918050428
0.2030398071459 0.151051158468224 0.265299841311731 0.0303431496619108 0.261243284659019 0.0890227587532148
0.0397355385043053 0.170431929626261 0.160042865752668 0.2012345921336 0.20668569068504 0.221869383298125
0.215823509405014 0.20540422585072 0.0775873768269114 0.220400694031195 0.187739407544112 0.0930447863420467
0.150053496526276 0.205791782656652 0.166530200197323 0.226274432277293 0.0723620778419199 0.178988010500536
0.233758184510771 0.0522629928866783 0.108486900537501 0.266636940164557 0.0827836887689093 0.256071293131583
0.491428108152519 0.0420371847614237 0.2640141315798 0.0245321622234752 0.0656031210048555 0.112385292277926
0.2895736319339 0.304122742300844 0.0326506427765229 0.0780669355675151 0.218056818022029 0.0775292293991888
0.106422860622284 0.15548085575894 0.203954348162786 0.197570446335745 0.156441171922293 0.180130317197952
0.238639675415782 0.20694604837687 0.0302170861064292 0.161293242503476 0.274137576066325 0.088766371531118
0.0376994554556297 0.259301640792955 0.257586075804455 0.0684282566690407 0.191765458866551 0.185219112411368
0.207174161940323 0.169682867103938 0.058792157638856 0.146125594911358 0.161416526774388 0.256808691631138
0.16073843482693 0.0883609508712746 0.181370977002834 0.0929505843083709 0.310924982703992 0.165654070286599
0.171979703563075 0.128202721384624 0.227012997295109 0.243700591560695 0.102293625778568 0.126810360417927
0.141556189770909 0.203764295655558 0.0931152415625675 0.152922649692643 0.161308911189948 0.247332712128375
0.347375537201699 0.129851346184454 0.0890258355135381 0.00630345970556054 0.318241411176031 0.109202410218717
0.255512014436862 0.0196190869796141 0.239954530186521 0.0642580729157326 0.170481110577027 0.250175184904243
0.244646586890581 0.190745337342583 0.200479038340966 0.143338571297738 0.101819866111941 0.118970600016191
0.294485529985477 0.141781856323759 0.13390628812039 0.204235279820993 0.171508034490427 0.0540830112589537
0.309561942157951 0.168993930467074 0.269938034376657 0.136734278656013 0.0322656777768906 0.082506136565415
0.166378710849846 0.0283030145152455 0.171948956791714 0.217755109262833 0.19755942791201 0.218054780668351
0.125425184986301 0.197578591788574 0.188600016398303 0.180087986783782 0.188801350259851 0.119506869783189
0.11091797200835 0.13858965797197 0.258375072548491 0.0469918624762159 0.239155994506212 0.205969440488762
0.152255093887366 0.00407061037051925 0.269330359382706 0.218510608783688 0.14604479814194 0.20978852943378
0.0775736602862796 0.144995787458983 0.194518950066234 0.129346741122393 0.28988904579001 0.163675815276101
0.206456295842037 0.218508208412746 0.0745305703053603 0.199280395769221 0.243769996842143 0.0574545328284935
0.245359608165877 0.096449277538058 0.255397788314273 0.0170096489726577 0.335903508255144 0.04988016875399
0.270646114809028 0.0706236480311785 0.269489879192048 0.272483295110183 0.0909455076262149 0.0258115552313473
0.240734868472486 0.258765721133033 0.0635455127739723 0.0457670797797574 0.253273879055877 0.137912938784875
0.443364123926658 0.0135660589563626 0.139586282827752 0.110454335396959 0.0548580763662971 0.238171122525971
0.077245723466096 0.152266373928157 0.276861321011186 0.139152351987333 0.230724260232224 0.123749969375004
0.185034700203115 0.208321842147714 0.155360041641696 0.23075597669934 0.0707313787303164 0.149796060577819
0.0921797541847463 0.347871911761828 0.238287507578045 0.187635130491436 0.0419505072339135 0.0920751887500311
0.12709380710488 0.165530352523465 0.191199845511617 0.199200172556293 0.158425478474761 0.158550343828985
0.0364974962594171 0.357007055083267 0.398346376762571 0.075047481987326 0.0792785515696781 0.0538230383377414
0.0970316344278258 0.0691906603069108 0.153584386230659 0.215496647348097 0.254555626009889 0.210141045676618
0.247437881054401 0.142646272921401 0.0463543407611698 0.165147079718319 0.210655411437524 0.187759014107185
0.247602366849966 0.273281820136191 0.13746844027997 0.0347507544955138 0.101738236748623 0.205158381489737
0.0435307718431809 0.224583857117762 0.183154978860896 0.0717717971887535 0.271215209670622 0.205743385318786
0.268151228595749 0.248090464100382 0.221772222579746 0.0885573393045816 0.0753843350845372 0.0980444103350041
0.405089595594871 0.00279279733218535 0.0726284326398754 0.156447319419494 0.0368514200319565 0.326190434981618
0.25139215797619 0.0123678077297315 0.178661404696702 0.286673169353092 0.249639163565199 0.021266296679086
0.157818697664119 0.075925443808948 0.336715237299322 0.117872322561569 0.0281623090851863 0.283505989580856
0.251543075499012 0.00956373572255128 0.261922248519724 0.00910145162811193 0.362097822925738 0.105771665704863
0.186010197640328 0.252908872767875 0.149394999311427 0.0838306883316598 0.144688805600075 0.183166436348635
0.113718674152462 0.286843351169455 0.103759725581406 0.267290293365874 0.0624744214588082 0.165913534271995
0.0851736571652956 0.0648284231565968 0.217021545196745 0.26065767732654 0.258664956656252 0.11365374049857
0.0628469871043978 0.24942173413905 0.024637392568039 0.300073963180154 0.100883654639933 0.262136268368426
0.308233104834328 0.0974199976831868 0.11318351222659 0.0259177457865046 0.264666067861108 0.190579571608282
0.122593202503867 0.172876960829787 0.00262004321704225 0.0336931063990091 0.29410058700211 0.374116100048185
0.0738745848338678 0.148228382050782 0.275179862170912 0.0836332953231659 0.272839817725279 0.146244057895993
0.286121095775114 0.216041711413088 0.21674946591056 0.0235445332177882 0.0174439330552381 0.240099260628211
0.103288077716424 0.202117650254311 0.127788018251442 0.156270068515219 0.235803456253958 0.174732729008646
0.0102008767842733 0.0130939055262089 0.193691467652543 0.47932719143122 0.0140627995510101 0.289623759054745
0.354480644209294 0.2824985988082 0.0175385467673479 0.0922720541469974 0.09642527093939 0.15678488512877
0.286706987094641 0.0917596340685665 0.304543569309679 0.00213597149711807 0.0757979752097757 0.23905586282022
0.055983502134702 0.172560604095871 0.0366222570707953 0.350675385237123 0.255958023978535 0.128200227482974
0.106029342164463 0.0772455428177943 0.213582551948667 0.306337499278669 0.259505582759921 0.0372994810304853
0.25221126125076 0.244320239560105 0.14302660880173 0.0842395870873542 0.216860824631284 0.0593414786687663
0.0655566072884686 0.276358995798699 0.0313015659291631 0.225143497307828 0.137565085182247 0.264074248493593
0.236773424535336 0.112809565761113 0.261910981702804 0.0640573250779915 0.171999986525782 0.152448716396974
0.135286698963818 0.176793801784357 0.173131851061589 0.355329847259578 0.0328404847795696 0.126617316151089
0.217496519168625 0.104333595034751 0.096441722169664 0.0566313545684589 0.244160043861151 0.28093676519735
0.203001259698806 0.0855815345654314 0.258813852639947 0.349228275626008 0.0499216897170347 0.0534533877527727
0.0467002798799226 0.0794954012763252 0.235209276213279 0.280198913300449 0.231819771174281 0.126576358155743
0.0908140054415562 0.14247662700787 0.209972475052567 0.246015915420892 0.209342347475277 0.101378629601837
0.319104537207284 0.345416514776022 0.132051624883409 0.00473711399924378 0.137811254335218 0.0608789547988231
0.192675897209529 0.0264272709089301 0.225323774102184 0.245548483489916 0.259774244035299 0.0502503302541425
0.0454245792555441 0.0529231604453432 0.106139346301543 0.222350778561708 0.440092045852541 0.13307008958332
0.108846756414983 0.0883496895998922 0.212833092715348 0.298882244318867 0.221291892643246 0.0697963243076635
0.0270517205884757 0.285098886505632 0.038631845665599 0.00315549011038064 0.526824254756273 0.11923780237364
0.203668501436773 0.177204980337839 0.022161170865062 0.173278539165315 0.143744842677343 0.279941965517667
0.148170942372757 0.199756172524067 0.112331607506393 0.209379973161114 0.1366744788702 0.193686825565469
0.13919243617978 0.0471344135102488 0.217473253669623 0.219561485486048 0.195085506742597 0.181552904411703
0.187512782022954 0.206121141048873 0.192810224312039 0.108462941978105 0.264043594784161 0.041049315853869
0.0254472301750158 0.195766317892465 0.238256664259991 0.214069246702959 0.192845217852118 0.133615323117452
0.010466936060703 0.0831768656623257 0.23842437366077 0.25173930967241 0.345569707955578 0.0706228069882136
0.194296321353434 0.347205738129855 0.234004266812381 0.0219682136396847 0.0735631160636195 0.128962344001025
0.211502747041794 0.217469699027505 0.0738782932200862 0.257741040137094 0.090011853395343 0.149396367178178
0.343610583880552 0.188052419213306 0.0457372042139374 0.297205627905108 0.124024213739935 0.00136995104716154
0.212069566108194 0.0328554784156396 0.36775026872717 0.106143833599363 0.114095211620143 0.16708564152949
0.0443231922308247 0.284306557750587 0.0283098764323813 0.497186784868595 0.0674723763854597 0.0784012123321524
0.10916733914097 0.116927403540865 0.210497607613426 0.241245108009072 0.17509050999947 0.147072031696198
