0.0930524966716939 0.16565016260954 0.0899999035468732 0.145629665610634 0.20059124380101 0.206642341001039 0.0984341867592098
0.137034206784212 0.338080323838258 0.153323454678543 0.0983629713086457 0.0145460721691355 0.185570991642219 0.073081979578987
0.250896422432634 0.230911394317982 0.00282444272534926 0.227928251005396 0.0433030575895957 0.0929908525501662 0.151145579378876
0.0517307159362312 0.223008521947817 0.170507266785915 0.145961568801497 0.0590198865752047 0.0916559589316237 0.258116081021712
0.0476054440196353 0.182290834334545 0.0194192320328916 0.064804678626689 0.182008063751648 0.29637228263955 0.20749946459504
0.22194243729432 0.0696047125369147 0.145374562920436 0.218365722575517 0.0645897482317903 0.0422077063887168 0.237915110052304
0.131774244314028 0.226506507469164 0.149862056436714 0.0631039086554944 0.154130890394449 0.149477403060639 0.125144989669512
0.187883420580659 0.0188172763357556 0.13841644512606 0.198553623058439 0.183202332662909 0.21793317735007 0.0551937248861075
0.0419183932553255 0.0967850819155918 0.223914837358071 0.233873323877575 0.209813919415235 0.166647104808716 0.0270473393694859
0.193192996372089 0.13459949846094 0.0616319688867154 0.215230754080435 0.159886366857331 0.18416993031897 0.0512884850235195
0.235670773586904 0.235266120601524 0.210171018629586 0.0514907990497005 0.0871866842313262 0.0668750659214809 0.113339537979479
0.318572312063941 0.112163652888968 0.229150120273811 0.0108180145251579 0.000963598612597721 0.112882397919229 0.215449903716296
0.28992216754713 0.0626204394258289 0.0624974336570276 0.196389266626139 0.210462189736413 0.0864035769510477 0.0917049260564144
0.210940756704676 0.0265167992825419 0.21437195607312 0.0506929492835618 0.173942252591008 0.168475147016125 0.155060139048967
0.191621416180991 0.0904678348487694 0.17601737019358 0.113838465172466 0.182598327914073 0.211276930276616 0.0341796554135052
0.0871247786344043 0.221762495849444 0.102314172451373 0.204868024572638 0.131651226159948 0.0579561028865264 0.194323199445667
0.259331902237422 0.077647662642832 0.0675516948642096 0.243185096974023 0.218639372586954 0.124230001278605 0.00941426941595407
0.0882508744709794 0.128712190572117 0.249863579554615 0.310723715734096 0.0390811411860204 0.122709894230217 0.0606586042519553
0.0275712262320935 0.148287132985712 0.105015554682118 0.249014739776477 0.280040273333225 0.181372824599593 0.00869824839078191
0.17143831006323 0.129143738459625 0.157887940033659 0.147745033027461 0.133485516011564 0.0942154761124072 0.166083986292053
0.208187838071074 0.0187341055896914 0.0167955127896563 0.125191898944313 0.227420509240251 0.21798736980023 0.185682765564784
0.113996958743684 0.128341258921241 0.0179695085471397 0.321748901537044 0.112421555520531 0.302099025282716 0.00342279144764445
0.229218641444122 0.110355879924837 0.0416866905564687 0.0518909316737605 0.150010113454734 0.106709643253946 0.310128099692133
0.197005166455117 0.234663161513058 0.219067622957269 0.126718934507422 0.0345341436912071 0.0195523610487365 0.16845860982719
0.106268795101295 0.210642601461226 0.113380946128478 0.0353136018772176 0.130968502251369 0.172143270317201 0.231282282863213
0.114400223866563 0.167288688844096 0.152028698644701 0.0391065723668711 0.014346982740279 0.270215643039498 0.242613190497991
0.150885768643206 0.0344652609979323 0.214192517464565 0.189752369734526 0.229889203771559 0.0952065587413123 0.0856083206468996
0.205322867006666 0.155137420751089 0.181184910075117 0.0325051717902385 0.165481292176631 0.200376021498327 0.0599923167019317
0.200169841236964 0.0325494470925728 0.0772049205259656 0.358304298583454 0.222630563393565 0.0556423324303156 0.0534985967371627
0.289996533189952 0.04314847228856 0.0538916582749235 0.0695996255517327 0.230262450627738 0.188706246580393 0.124395013486701
0.190065492666308 0.17111033864117 0.129838747709324 0.0980036511538144 0.0755971680551553 0.0617913909688919 0.273593210805336
0.16964188737421 0.0454239669225303 0.135751798431394 0.191517145940227 0.275430232462312 0.119699988985945 0.0625349798833806
0.144902959315816 0.236460203277832 0.129190948844983 0.178758805513455 0.0501778217997115 0.040829863183247 0.219679398064956
0.0657292042275643 0.136096462259671 0.151668632334573 0.178851530858718 0.131590319908387 0.187658921832588 0.148404928578499
0.190554326246117 0.187952375189726 0.0908127268366247 0.100777094288212 0.138986908149667 0.130119085279467 0.160797484010186
0.0681654275100356 0.177765046964923 0.160662750301815 0.415092861717359 0.0794712154192879 0.0176356893222102 0.0812070087643696
0.265630123457592 0.215902444706517 0.034061449433965 0.00782500270081166 0.148686239663186 0.1060176797135 0.221877060324429
0.107353982623818 0.0756687520245412 0.188229573805557 0.179385619720234 0.118570803866158 0.17941282564295 0.151378442316742
0.286604391856017 0.0500595798964203 0.0632042973024148 0.111526554091552 0.138027095991154 0.295722606931852 0.05485547393059
0.192654929401681 0.158870839651976 0.0799289262801833 0.148089029979478 0.0822516745330591 0.153968827272332 0.18423577288129
0.17499968244948 0.0107686928219388 0.0520237972843777 0.149997354808944 0.247002326602813 0.215922270095428 0.149285875937017
0.107430776003821 0.192904381543633 0.0172020587212403 0.161051282635634 0.24442267317899 0.245114214587469 0.0318746133292135
0.102564757019466 0.0814682812747702 0.3394563912107 0.179414906754964 0.101500719321937 0.148527761746547 0.0470671826716152
0.251741964577639 0.190606752514612 0.13879571512459 0.0536826216277573 0.0417329303565206 0.244565602234971 0.0788744135639094
0.177039659160053 0.243088845218757 0.129542910362662 0.114144363930122 0.0762509971707914 0.0797641143228496 0.180169109834766
0.0923519543572471 0.0671187434747343 0.152849387575087 0.179224691167732 0.221778562408338 0.135603570059893 0.151073090956969
0.192542745985531 0.153456758316077 0.13489758668616 0.190767317860055 0.142634729076908 0.0535049237349583 0.132195938340311
0.319261224434225 0.033708562078115 0.154041275031912 0.195780252282103 0.140306844972047 0.0605995616662702 0.096302279535328
0.101089605785748 0.157969761054507 0.244488520023399 0.0146829416253702 0.187017845941243 0.21528083842487 0.0794704871448631
0.277793173362897 0.0898203153616083 0.14185558971844 0.0694524976420711 0.147663153964669 0.223347553996584 0.0500677159537312
0.0459741219653467 0.327393800968432 0.0410436410444914 0.0430955562959748 0.285200778514184 0.0190074737110029 0.238284627500568
0.223478252521395 0.26592938454595 0.0612206840014516 0.194700310881033 0.0379755547334949 0.0076395017142694 0.209056311602406
0.122429888780476 0.152946770750028 0.19172893036842 0.224088915760669 0.0133061296886444 0.259700083587602 0.0357992810641612
0.13165397608725 0.160924602068669 0.0378815121361313 0.0355514180032607 0.141606881526471 0.287669646454244 0.204711963723974
0.134967944563505 0.156382765839011 0.00677101667640004 0.072049464364952 0.314291479102285 0.240590790229927 0.0749465392239209
0.0093817400351452 0.102612107096537 0.18143438048626 0.126708820182357 0.185655688785467 0.197794204422354 0.196413058991879
0.141289335277847 0.0958566105291936 0.150087780938146 0.103811951395036 0.186859321638563 0.0813855851492443 0.240709415071971
0.0905465765334082 0.248007327666074 0.154812445505995 0.195740162279251 0.0242010477778029 0.0453860912839134 0.241306348953555
0.238819331933352 0.150929859567945 0.105708978597503 0.186558141993586 0.031233644122994 0.118998909617157 0.167751134167462
0.0841736107750215 0.135793935982164 0.147059360141043 0.206633275463324 0.189794033292244 0.0528331198518477 0.183712664494355
0.112564412897528 0.131887575692642 0.26107216013815 0.00369853398266227 0.259796875027525 0.196618962930623 0.0343614793308695
0.0597201748222387 0.202931811362253 0.03556491776585 0.0707954226940665 0.220490505650898 0.22488810207208 0.185609065632613
0.18945738873632 0.207339536997841 0.0215961143144851 0.139969108051033 0.191182651040699 0.165226540018388 0.0852286608412326
0.0777900593961235 0.0915484242359152 0.230302769562194 0.194998073509959 0.0898453407805799 0.115006024801661 0.200509307713568
0.253956563292488 0.313771696897493 0.102491445000712 0.137639871723366 0.0941393594988101 0.0849611141156658 0.0130399494714658
0.0313974837563977 0.20459774534274 0.199114087798106 0.18417724357514 0.112510971123774 0.0641451322102819 0.20405733619356
0.101451248381662 0.116334731682005 0.0566989923587326 0.0788839678874988 0.188813424955438 0.250272132521637 0.207545502213027
0.165117555847261 0.0942362813999535 0.152624091416155 0.292351441295858 0.00756281214785402 0.0971706930788167 0.190937124814102
0.253497607026898 0.103947689934288 0.080955184835152 0.231990534164511 0.273228388252355 0.0243330826753541 0.0320475131114424
0.0752524611395884 0.0788337795184903 0.226074583706634 0.209255624838856 0.108232199045913 0.156455904336502 0.145895447414016
0.119854571232377 0.109078567785265 0.150688434272619 0.175584370239243 0.109264407938943 0.317961899318956 0.0175677492125976
0.115130046480499 0.215544322757892 0.0321347506110602 0.0232576048240423 0.0613148765541338 0.25488727901315 0.297731119759223
0.182450136675867 0.179761649246885 0.0753508550556828 0.248346784029213 0.060508213467884 0.0649522672313854 0.188630094293083
0.21920039602907 0.30223846691594 0.0956273553559616 0.0283687759084453 0.0767893895151927 0.234365647954371 0.0434099683210195
0.0183382227293795 0.20673212774518 0.19067347331135 0.0374141572365553 0.121533302834339 0.260198561406291 0.165110154736905
0.179535955011962 0.19890544882969 0.144417564595305 0.0704517881689921 0.137655800120613 0.130984260034174 0.138049183239263
0.204343566060577 0.0713493488557967 0.197129711243775 0.121419997639143 0.198786765816061 0.0722780446102314 0.134692565774417
0.234513378229894 0.00926933155027806 0.0272932368452328 0.239635459123012 0.176952412101806 0.0853370454148575 0.22699913673492
0.213410824234266 0.152663105790998 0.152644003103543 0.0621035522483267 0.233415697448345 0.052208310135138 0.133554507039383
0.00532093459243685 0.275524973365693 0.0235075280452672 0.0421387943855937 0.267415675482083 0.329400288767277 0.0566918053616485
0.121183292633213 0.264335651833417 0.198119580659703 0.0378353015616272 0.109251308079968 0.163947363116278 0.105327502115795
0.133567011846234 0.114941024817234 0.148927986057326 0.208008050207946 0.174208167256645 0.172750233910635 0.0475975259039803
0.00694583578543095 0.023148250129899 0.308081177995025 0.05612939078048 0.334248447425059 0.191819635711164 0.0796272621729421
0.131148273628598 0.109842145739602 0.159435836994017 0.12412164527534 0.178750564262414 0.132544611522231 0.164156922577798
0.0813556240603208 0.0468908031428577 0.312521796821869 0.038764313655904 0.23241308883828 0.0580692330540373 0.229985140426732
0.21566108936009 0.127830648504372 0.134578349095614 0.0549988734684339 0.209829600343341 0.0386843415738241 0.218417097654325
0.195102751108233 3.57663380841576e-05 0.223180141034845 0.219160189521954 0.143207010782936 0.212049892911631 0.00726424830231677
0.201861567520996 0.142009634064271 0.00106903936435019 0.203714864075193 0.0204403167996372 0.264905787865906 0.165998790309647
0.076347068634747 0.283349307180233 0.144644342728098 0.0131710704428737 0.167227917021176 0.0628900652363542 0.252370228756518
0.186913873640002 0.114872685456616 0.0798220752080214 0.10085669737549 0.219001693927112 0.151200026650071 0.147332947742687
0.0631953192345345 0.047315088121793 0.228154685560217 0.115913479842931 0.144278302801359 0.185284847539692 0.215858276899473
0.0160524493134743 0.252944289141545 0.254675850854073 0.0621688319308729 0.195391868182066 0.109629887876955 0.109136822701014
0.0784733046281054 0.130266134042768 0.256890832028157 0.0355968614320573 0.146984578599916 0.0923553847562845 0.259432904512712
0.212161374917302 0.211120704012179 0.174096530048075 0.118292231015592 0.185801244457078 0.0625021955545197 0.0360257199952543
0.166776237208755 0.184348756273372 0.151386464513588 0.0818578207751837 0.205007069994358 0.0584255658820121 0.152198085352732
0.171379469282551 0.245679161937632 0.16786515028458 0.0557279236942731 0.15860447378421 0.110197426575255 0.0905463944414989
0.0753277394984345 0.0633846234317427 0.137386736117012 0.0932821605840682 0.228863457633965 0.171920117085915 0.229835165648863
0.144069992700003 0.163569508518726 0.185115153001776 0.189873205887315 0.0597608672181383 0.140157973157449 0.117453299516593
0.198069672595106 0.160061709285799 0.144164650885903 0.0594374669699261 0.212288433390722 0.0236530447260073 0.202325022146536
0.106705753219154 0.0824806353565787 0.179897379083542 0.105472610590269 0.30650630281572 0.12227637857867 0.0966609403560662
