0.0841514067071624 0.191888714439985 0.183544417664706 0.20597678654438 0.160624232490269 0.0888200313019973 0.0849944108514995
0.0518200603840912 0.0468957544400004 0.129737789145079 0.203235694052463 0.191132638570111 0.174851832334746 0.202326231073509
0.160887466377906 0.218727012289714 0.0511160993111267 0.192128374221354 0.0794351774567658 0.080247891310302 0.217457979032831
0.190532617934828 0.133765102415601 0.214947304887331 0.155842783667751 0.0861615479918009 0.0157311335280198 0.203019509574668
0.0425928490448036 0.233929489038236 0.086818724542117 0.197022295522872 0.0663228446857058 0.254340510017539 0.118973287148727
0.0683799180770288 0.220295584500419 0.123954973673999 0.240481308039448 0.173217747485 0.135105801836661 0.0385646663874437
0.100142252477814 0.181370907909612 0.158988847325124 0.221300227945177 0.067989969637265 0.129672792120042 0.140535002584966
0.224794410784506 0.0925012106761721 0.205739530803765 0.157729387288867 0.0321175659639984 0.178029685839419 0.109088208643273
0.187125858613313 0.045737826670786 0.11605626039178 0.175699927293219 0.112388814753229 0.18226838035329 0.180722931924383
0.136345977154855 0.189076227411248 0.17903400440873 0.177703312752475 0.164119281207128 0.0851284534957296 0.0685927435698344
0.153285727087657 0.0610461504379631 0.146940777143178 0.314177771270113 0.0707746477935163 0.239805425285142 0.0139695009824308
0.0272373710329755 0.045099550524361 0.0865979029732216 0.154708509511837 0.267297061408568 0.186926733149512 0.232132871399525
0.12811610430354 0.102715456557223 0.20315047408563 0.0151982659677744 0.155605824832544 0.233065219342703 0.162148654910584
0.217151304547381 0.0208685234806772 0.14879230493036 0.277551320906585 0.0948432032515441 0.196749012854975 0.0440443300284777
0.218381066769241 0.0277831969009866 0.138756697668415 0.0541584147011154 0.232570126767328 0.191226869475172 0.137123627717742
0.137040718498071 0.143858931587947 0.187612859615738 0.0987144516451019 0.0892296011116822 0.0492270668455351 0.294316370695925
0.20460300356437 0.0284151563394567 0.277253124109026 0.0879142078931676 0.162517943637228 0.142414167238426 0.0968823972183252
0.194447685901168 0.0555215536570644 0.133420458228892 0.233078172745052 0.0435711484131231 0.15213419843851 0.18782678261619
0.0577680652543556 0.179298839035498 0.174490284673145 0.279582663616708 0.070217066124694 0.145540085128123 0.0931029961674764
0.223651510952913 0.232638387429971 0.0658935373782989 0.136393026248851 0.125683163047024 0.0904712335812544 0.125269141361687
0.0695127620445636 0.272872171147062 0.0606860002886421 0.177504425197173 0.0845494785920515 0.128828422679643 0.206046740050865
0.240724127763705 0.0803985294490036 0.119434516174293 0.128233076757069 0.0366883156428601 0.30438830377484 0.0901331304382284
0.207661822895398 0.119285499262917 0.0452933340721794 0.0284215212608025 0.102079451659708 0.263189024027693 0.234069346821303
0.0757753133261618 0.0721479093848028 0.0515574597856404 0.170683404582561 0.207147185148912 0.305395944602219 0.117292783169702
0.196791059816866 0.0203707178007794 0.160256478216574 0.210691478558994 0.216007117827429 0.0874063019880423 0.108476845791316
0.198645313227213 0.176121294139758 0.0239879201411588 0.141340207533334 0.116310405411516 0.153541888357572 0.190052971189449
0.0754670147495022 0.0724968630652509 0.0523805909172276 0.249094910155391 0.109554932987353 0.249917331325197 0.191088356800078
0.0818181802134494 0.0703120196883241 0.0960891088386104 0.231028126660114 0.175027510134194 0.090413370896447 0.255311683568861
0.0804292264655721 0.141356578890203 0.191669391707213 0.168257341696373 0.137045583047277 0.200208770953321 0.0810331072400418
0.0756542395022421 0.0965716704511594 0.135864481657815 0.190633928734157 0.191124100837679 0.10360780457136 0.206543774245588
0.156370964863691 0.259206070248045 0.055082310543315 0.164752937482755 0.0332071527217765 0.316649701102385 0.0147308630380329
0.0978106664059514 0.138027953161104 0.0156179847510235 0.154467030703421 0.242555629810493 0.15728942139001 0.194231313777998
0.00506435056981296 0.240670264147637 0.216830862616085 0.114953961342396 0.170556150210404 0.137080674826628 0.114843736287039
0.145386230938493 0.200593885692576 0.113932025018357 0.118303333986381 0.00630399686941898 0.134760994588835 0.280719532905939
0.23882193972607 0.0806215299738112 0.079976028289561 0.123216933203526 0.112068431832304 0.163752689315832 0.201542447658896
0.156131533226875 0.230418040505868 0.141750825990814 0.0987214705965974 0.244506336800046 0.0947300927392402 0.0337417001405587
0.154900153680192 0.159335507538788 0.157742698000015 0.0763332412244623 0.154548576111111 0.198136394746399 0.0990034286990332
0.196279253922219 0.0931923055633159 0.125562233224117 0.139371685308259 0.190122974430778 0.213898433329394 0.0415731142219163
0.0875565998268911 0.159178630930831 0.107270019397651 0.169628425570029 0.108136012028927 0.155514812913125 0.212715499332547
0.15513928333982 0.0768576183220671 0.194036276297918 0.230107139375828 0.20925300797748 0.0928053062979217 0.0418013683889652
0.12120259110916 0.23402348728737 0.150841921484585 0.11061739320691 0.0289821893582624 0.180943427012915 0.173388990540796
0.23128111807771 0.228719831337477 0.0648763173766787 0.150988873704677 0.110594751892154 0.19367284335429 0.0198662642570141
0.154140786257904 0.0549027415199519 0.18206800864597 0.0842158523144079 0.18541173841231 0.177962952016366 0.161297920833091
0.0912360653618942 0.226938962049795 0.0548481253974885 0.103900819766486 0.124229115660773 0.241296958032195 0.157549953731368
0.367859578677102 0.164695517666918 0.0355466835703958 0.114295338236256 0.0219872534010999 0.136909309323252 0.158706319124976
0.0332834041208534 0.0439912399099418 0.0962522221566688 0.205264360138661 0.239556395820574 0.0771772598070288 0.304475118046273
0.167212312818181 0.0794456260186973 0.113599088782211 0.197431153381517 0.146231895401893 0.163042915958011 0.133037007639489
0.21361582094311 0.176548560659335 0.0683454822085803 0.0150521404768485 0.124248396544017 0.211776340690652 0.190413258477458
0.132622462080029 0.203324321605349 0.119221993657539 0.0954330187875614 0.251572095931265 0.0332703122280999 0.164555795710156
0.0986413323344326 0.201566348250987 0.10358669076609 0.207390514344908 0.0679733642502585 0.257184396031044 0.0636573540222801
0.235065719301897 0.172196049405836 0.140785150255909 0.0336860753378188 0.116819631373465 0.191814465167385 0.109632909157689
0.18154551827269 0.0851134425323582 0.121024201805992 0.155715472293283 0.119857494501241 0.17829745748868 0.158446413105754
0.16083181994909 0.183146819474168 0.0954274012959812 0.156357283805051 0.191105055822241 0.155557874358946 0.0575737452945226
0.0032661041712059 0.189261097847624 0.208945382428277 0.0697654741765296 0.170612871440867 0.176273238045732 0.181875831889764
0.152667720818276 0.0616680645288099 0.00178992520689609 0.311770002305538 0.135448252835136 0.203416899646358 0.133239134658986
0.0712198041106376 0.171035827152339 0.22555405013786 0.0695286256188357 0.349477702864303 0.0742940091768879 0.0388899809391376
0.149549570911538 0.140264182541934 0.0853281214987444 0.145775281555822 0.221027135445746 0.118849649636445 0.139206058409772
0.0745947589958139 0.180612701527893 0.241235308376251 0.0526229768578498 0.0200282112038447 0.240041090700874 0.190864952337474
0.147529904829562 0.162774125411148 0.163944451746345 0.176192676234069 0.164538899356284 0.182033006475306 0.0029869359472857
0.132515065096193 0.0882578704473408 0.148849771114659 0.1182174316292 0.207612950654037 0.128220304057827 0.176326607000743
0.0257134485604565 0.259883306591916 0.0314463894761381 0.254860388352827 0.043953084001832 0.187212815175136 0.196930567841695
0.239146361209122 0.03547920400918 0.0149156891544235 0.246915199257281 0.232574397844333 0.22442948476009 0.00653966376557007
0.047887894119638 0.224974536977262 0.278118874404339 0.263296625265705 0.0141928717928424 0.157218444422758 0.014310753017456
0.181315484128551 0.0968024837434436 0.109664843950486 0.122794650703686 0.251987849401071 0.0945547571905424 0.142879930882221
0.201557719792526 0.0338342555621287 0.113246845813999 0.0988948779650103 0.159166017686883 0.191255549352723 0.202044733826731
0.136147369506466 0.274376464198423 0.283687255965226 0.0658199184176509 0.0390152848332684 0.0549754630079352 0.14597824407103
0.0520251100865206 0.0688367909993943 0.266331543400624 0.0763009395021773 0.137255756718361 0.158403158223369 0.240846701069553
0.123889346414516 0.348729845152936 0.310913380560644 0.0178601983464286 0.119738022329653 0.00325701261104931 0.0756121945847733
0.0985932134556184 0.169079718472421 0.0818437208868623 0.196183151986168 0.0996331499168057 0.139671854227179 0.214995191054946
0.196076285761037 0.230245285651737 0.0881576867539296 0.183555220894811 0.184730929441749 0.0367452508473625 0.0804893406493751
0.104221372903734 0.165952369332622 0.0775751277110672 0.0626256686971553 0.192033280426397 0.204260475044304 0.193331705884721
0.025988060931986 0.031569250001642 0.127761147378068 0.0689078425107796 0.359440558628184 0.277997181288318 0.108335959261023
0.00633530325109315 0.205781416121447 0.131698855496657 0.148785884759225 0.254811975155313 0.0463674325328368 0.206219132683429
0.187476792864614 0.0933563188867082 0.160695084213795 0.108852951267772 0.124176337501395 0.288420310162041 0.0370222051036743
0.101273594182596 0.0377290658702823 0.0853995698497601 0.128943655523955 0.272500780027163 0.0593070253249464 0.314846309221298
0.251685118562683 0.0769504646127579 0.228563644581611 0.0305409674585456 0.107249430894887 0.277035471962702 0.0279749019268129
0.135114311271527 0.178340692830476 0.173083818823005 0.128158638052572 0.194507931511009 0.00218037059081605 0.188614236920595
0.208901207770386 0.174624898777995 0.175793475832306 0.136718955091345 0.11206314315927 0.0153175997521876 0.176580719616509
0.0201155281769425 0.219938851812716 0.093827340784467 0.241091178317717 0.0342320576241657 0.197721059031399 0.193073984252593
0.185409673463544 0.331539951927513 0.0187237354607284 0.0101390570661816 0.231549023582893 0.094818671267514 0.127819887231627
0.118192103667435 0.0677193121367581 0.239023663599175 0.17692564352662 0.0236394820953864 0.145630393779355 0.228869401195271
0.273479889718083 0.192453783822642 0.0258451467310704 0.165463498156055 0.05754470719435 0.0224992139536986 0.2627137604241
0.246932801645599 0.24881772828116 0.128568863761982 0.236615579981302 0.00714685400070787 0.102535183320217 0.0293829890090316
0.0176487251048852 0.366192498285636 0.0939412489205207 0.0416030699877418 0.225598465429152 0.0300130427165031 0.225002949555561
0.291953669450522 0.0332912934737206 0.0199336876805914 0.243511896460928 0.0752714269464216 0.315002210005551 0.021035815982266
0.284259659860801 0.102130991874033 0.07895740409657 0.223807153646953 0.0236163115920106 0.278964426720635 0.00826405220899712
0.174033755316965 0.0670938364455206 0.27574679143373 0.275039206544462 0.0974111778725359 0.00142944482304835 0.109245787563738
0.0945517921378604 0.123331808285262 0.168907117292252 0.192154951097062 0.228403681886944 0.183525644688997 0.00912500461162218
0.248233857326755 0.0436081288433387 0.0343603977900305 0.210816819263417 0.235725047898461 0.026937368228867 0.200318380649131
0.202063246230027 0.175445689069237 0.172944779552632 0.108117333694322 0.0603224313057059 0.203577931040097 0.077528589107978
0.238831892048593 0.0793466410697598 0.197610195799133 0.151496356700615 0.113632440165159 0.178523784954048 0.0405586892626933
0.253744907932958 0.221075852180833 0.0262240304764025 0.0234213269236001 0.0351322975097086 0.207840398409751 0.232561186566747
0.096888255123567 0.148159707866311 0.0937689882971983 0.177301660085499 0.183499662089406 0.0675383421592829 0.232843384378736
0.0611054182159682 0.155864475192975 0.373662864677987 0.200627886787892 0.0588128092287278 0.0969616490963224 0.0529648968001276
0.145463159751064 0.186285241831993 0.132293422359504 0.0246726681354996 0.0573045838976273 0.17855105119126 0.275429872833052
0.152410382884999 0.1341408157919 0.0937453997155817 0.140000753826805 0.165186807651355 0.15839887316913 0.156116966960229
0.150899553642205 0.251421984214512 0.0768004958229225 0.0595399242147829 0.0367117619664173 0.19731554396264 0.227310736176521
0.192280234889416 0.218045561939758 0.0251069496423843 0.148056068323165 0.156291620940413 0.0370915200142347 0.223128044250629
0.0689100005382931 0.201433627770141 0.170996768121268 0.0878613345207271 0.1943593317674 0.11080375873132 0.165635178550849
0.00289925247786034 0.0738219969478122 0.275673058573463 0.0863277285081112 0.267263264533572 0.192838483448485 0.101176215510696
0.0274956209421075 0.195559496532381 0.160801089801 0.224496215064227 0.0907714393854801 0.264618324565778 0.0362578137090256
0.260504079437127 0.179378956499667 0.13222318415343 0.0397970029052587 0.10941152009804 0.186199616692836 0.0924856402136399
0.222427061855956 0.113331576483697 0.0234206872922136 0.272502432118392 0.00451530967367648 0.122362064040742 0.241440868535324
0.098415808893525 0.243116490688894 0.0599679253805752 0.0876832842816632 0.226396948695604 0.154668526414136 0.129751015645603
0.217342049826649 0.11589536743221 0.158800214322172 0.144957951019755 0.0704939540056089 0.105222623950915 0.187287839442689
0.025975164483848 0.280910794168317 0.0521026118216452 0.0154117435196255 0.222696512405923 0.189240601836696 0.213662571763944
0.088720890721423 0.0165271698630913 0.211631859198973 0.107589463909939 0.292053453135147 0.144034560209291 0.139442602962136
0.282923252718118 0.145245871769249 0.0906298947650492 0.107167260804186 0.242840554336973 0.111842292891593 0.0193508727148313
0.166609514958131 0.14116889528895 0.203064358814901 0.0895746172520603 0.242317305930725 0.147570626338228 0.00969468141700459
0.165258539337988 0.0379876381715217 0.110314426977898 0.266168087695701 0.0701436275337911 0.305737267157866 0.0443904131252343
0.142147194843254 0.0225487599453118 0.320452411678999 0.106408656130203 0.0146840912569693 0.0160041187710275 0.377754767374235
0.244417358985574 0.106263195947217 0.0588888820563881 0.2169383149892 0.204350617018769 0.0808719843519855 0.0882696466508668
0.133699634470531 0.0570833735513821 0.190849844153101 0.137448384883498 0.121595956583625 0.119240836892714 0.240081969465149
0.281208854748655 0.00509650285945335 0.129969981285671 0.0148701689350434 0.0563389046940076 0.150037094343952 0.362478493133218
0.0544146467207637 0.142212082597382 0.275291264580658 0.0366602608601586 0.201252371622705 0.0326408441452155 0.257528529473118
0.264984167250257 0.0773148470746833 0.0662483442034869 0.0684022390986801 0.0613375038683184 0.231613720527302 0.230099177977272
0.0907737384878849 0.164779976283529 0.333864954711039 0.292246940216928 0.00739417299458635 0.0477528699389763 0.0631873473670555
0.164787134106243 0.205478617573358 0.230349738059039 0.0232911525215992 0.0528387176183523 0.0335848650365957 0.289669775084813
0.107241764089469 0.261555136875847 0.183148814010767 0.136339018635599 0.2103324225209 0.00205151918903611 0.0993313246783819
0.169084394501827 0.207588540179991 0.0988576769454482 0.147411352198935 0.124510688490581 0.0517009256766762 0.200846422006541
0.221153695857021 0.162232843980154 0.126178542702786 0.130569902618833 0.150725882910789 0.151873232461375 0.0572658994690422
0.00382392546813575 0.089357024565868 0.203084160383043 0.0826271782303886 0.103555347365778 0.246099011387272 0.271453352599515
0.16333857049792 0.157888704841604 0.0764928347210838 0.149366260981203 0.0964643226601129 0.134926356230639 0.221522950067437
0.202777017590231 0.0498702294378302 0.0242054732633275 0.240322172224216 0.0952587494081163 0.113750900697594 0.273815457378684
0.0947167044818032 0.212814974422801 0.146768011770298 0.178592591609345 0.052943436410432 0.222408538839756 0.0917557424655646
0.058053520990098 0.150342631816986 0.341904063172808 0.0970545433063266 0.153654657704048 0.170546404862583 0.0284441781471513
0.118684015628992 0.221167538931214 0.0163795579375836 0.167728927623392 0.234714519242507 0.0484937081740879 0.192831732462223
0.121435208219242 0.206296530673676 0.179490642178011 0.196746765190324 0.0919961662515192 0.188720159434913 0.0153145280523147
0.136431129994545 0.202745890359779 0.0448231847196067 0.0110288699515397 0.281831704514973 0.177001515582729 0.146137704876827
0.0467037001084612 0.108906987218432 0.0766352857836011 0.295363337650874 0.230644760295219 0.196312245616505 0.0454336833269079
0.161458814336133 0.0199713047783734 0.182701127674835 0.170879438200356 0.113085315342348 0.204396346764549 0.147507652903405
0.191758589316568 0.242382405871152 0.0971883880807703 0.0371590972239124 0.245210191221547 0.0820121555973529 0.104289172688697
0.145101044375132 0.079262377901856 0.0369005464214817 0.121813672014603 0.225020221013584 0.150630660691704 0.241271477581638
0.197291992724995 0.152988836713354 0.0579123316145756 0.213140404826263 0.0973849003109122 0.21974141428373 0.0615401195261712
0.123756079295652 0.00205141069851595 0.0885329210448684 0.0871163083712519 0.239203452683887 0.260459194864625 0.198880633041199
0.180964211486443 0.205883399807951 0.181490689762955 0.0468705590314991 0.101733900235054 0.161591025196467 0.12146621447963
0.0814156452799756 0.0289849530440343 0.245787497381312 0.171562180281034 0.0869721210375235 0.127003869613791 0.25827373336233
0.0105756747046219 0.184953587900457 0.124346803013878 0.175129571932153 0.273762943726716 0.174856417164828 0.0563750015573465
0.173036321486767 0.229503246987844 0.171859296926132 0.226099085957996 0.0386942070615244 0.106828288420288 0.053979553159449
0.168879378921099 0.159272626483317 0.0373485257482659 0.148989209619686 0.0728534296761107 0.198119564614644 0.214537264936877
0.218751179440082 0.0869679515399571 0.230310674072844 0.0226523913394481 0.0824561650879326 0.281572203847964 0.0772894346717728
0.179898131730543 0.085733132410842 0.0283125755927364 0.201616312700027 0.326211365052648 0.0950856499693317 0.0831428325438719
0.236930514057175 0.0295690298074209 0.232236225207259 0.189329929422544 0.0575643143919815 0.119932958433786 0.134437028679833
0.0989499429683833 0.129966596964605 0.156312795295217 0.140190775362288 0.203184215975711 0.168388797554818 0.103006875878977
0.0444772740693214 0.216815325192337 0.0759720057429768 0.247078354588459 0.227560894971224 0.181194908110694 0.00690123732498743
0.177619814833788 0.23304858331615 0.172898896281436 2.28663344806016e-05 0.143703251757948 0.172420931366171 0.100285656110027
0.0543673826345372 0.163271491221103 0.0160849599751987 0.229671885480607 0.0688928679040311 0.213586588835762 0.254124823948762
0.241931791906636 0.135244235210958 0.2088627728898 0.00612736231334581 0.112402399395086 0.0773621798856823 0.218069258398492
0.0145006174097476 0.106446821796133 0.204410517629169 0.392508306051388 0.181250819135468 0.000129658195608431 0.100753259782486
0.0486169935739601 0.0917050307923581 0.203468258447402 0.199696764564716 0.0780887347037833 0.197943069887857 0.180481148029924
0.0570463863968971 0.315081064055578 0.164583472220242 0.0517763323105412 0.164683372229643 0.0684718700746828 0.178357502712415
0.204900754565727 0.191875136180631 0.144216463625701 0.118378708947538 0.188161127018261 0.0886398737127996 0.0638279359493424
0.242528417959384 0.131402224086151 0.088623085723265 0.134915045399206 0.12477310328098 0.162737895442127 0.115020228108886
0.212090764560067 0.0606998602181083 0.108038655850449 0.18685746071566 0.127940664247349 0.0653887585483287 0.238983835860039
0.248454228312956 0.249784911159539 0.138134449793016 0.0475639331891653 0.0215415312916086 0.133381139859388 0.161139806394327
0.100829559120201 0.301964281335953 0.195638891552385 0.19043483324341 0.0886027047225855 0.0948329453010069 0.027696784724459
0.198749955876421 0.0191891529398943 0.349136687379748 0.0174885993507642 0.127012343111047 0.0352664555625166 0.253156805779608
0.174665323415876 0.0927302874355169 0.194721940002522 0.183234736226118 0.0790733628989851 0.243587967552326 0.0319863824686558
0.226169990465332 0.0442575238103252 0.291515516431651 0.0269960562965265 0.0981574182864105 0.0638492005015123 0.249054294208243
0.246568287224031 0.0581208618221992 0.0978925906053973 0.101034186919426 0.185711582875528 0.231853989550055 0.0788185010033643
0.179983598213889 0.251321176393044 0.0680293706202854 0.149347891746644 0.200793411286978 0.0154030333546785 0.13512151838448
0.228636717757273 0.16417777015477 0.0780717821041413 0.189248140746407 0.0595076925194299 0.125577142549634 0.154780754168345
0.000335320247950231 0.0181848424598635 0.349129838319609 0.00507885655576268 0.214339218816437 0.20563575234544 0.207296171254938
0.0879957976416647 0.264599046234961 0.11217505069168 0.224886397632452 0.070865942408463 0.00355720815160268 0.235920557239176
0.123831166246405 0.121575133400202 0.178230891626533 0.10142778191705 0.113116491175194 0.153691169735011 0.208127365899606
0.0477999835798809 0.116158424400744 0.0678625881597744 0.0122579928398375 0.168364714301697 0.385672467078978 0.201883829639088
0.118242227304778 0.194742615861376 0.215307356271898 0.0933535413669513 0.221392975961971 0.00785264688808351 0.149108636344942
0.150898406846462 0.189406593953673 0.18759908442626 0.00834654480132205 0.0475121702764516 0.133933388352843 0.282303811342989
0.170909351074214 0.069231415064649 0.149651465341934 0.126635189821957 0.230298838908521 0.077449781136106 0.175823958652619
0.157706564261667 0.163617685641929 0.176831685368999 0.185962084645032 0.166464939505398 0.0540359342358627 0.0953811063411115
0.0515055317664285 0.214801644950723 0.0203037516705533 0.206141703060299 0.125726649892349 0.20654186024977 0.174978858409877
0.221357150004605 0.00258359927455614 0.160049589837704 0.0589490971437552 0.074994711948028 0.198408700476113 0.283657151315238
0.0528717389308722 0.354194321685391 0.107825843564953 0.248601071674291 0.0209553261106115 0.114116816756464 0.101434881277418
0.219437363188364 0.137509174863347 0.324435687917091 0.0512293445566693 0.142047900939148 0.00831369353749887 0.117026834997881
0.143663838811868 0.229632654237555 0.157641878512058 0.0804910988339178 0.114083596531049 0.230221870078744 0.0442650629948079
0.064208945701943 0.0119055703910085 0.148510089531744 0.276950727381548 0.0570860085264716 0.40158360068682 0.0397550577804646
0.105901206812515 0.0278201212567249 0.0101005418518327 0.136949015743862 0.248943475875741 0.208363947652651 0.261921690806674
0.221025095989768 0.209017199632473 0.105639824678764 0.0990810353171843 0.0278733260202405 0.137656433545187 0.199707084816383
0.188638039863906 0.0306509846972085 0.0592036458680837 0.0565588434500856 0.163934964275651 0.303219670961962 0.197793850883104
0.0262131560101594 0.14577728896396 0.251474063392086 0.285818976097489 0.186033417086924 0.0809088794155132 0.0237742190338684
0.22155789696354 0.0214000865758621 0.342787883595219 0.230896299237993 0.119563707320827 0.0477197475119151 0.0160743787946438
0.11369276367486 0.161902720644224 0.221299059959591 0.0989000850471005 0.154636987587323 0.0865984044179763 0.162969978668927
0.324273323454691 0.236236286656139 0.0207081461110066 0.0735815078619429 0.125549472307876 0.20498788946402 0.0146633741443251
0.146909533870401 0.211232313075662 0.0694000239034212 0.203609224613251 0.164179400815938 0.119335922444359 0.0853335812769682
0.11359517003769 0.18471088257527 0.314413341191396 0.0791976207076423 0.2231083448482 0.0384185150656757 0.0465561255741258
0.0282562501926063 0.176574290934917 0.245715779912777 0.041752005973292 0.207589313321336 0.185165633492765 0.114946726172306
0.144102786853542 0.440269700692594 0.0673262440647823 0.0354201394354655 0.117736367031233 0.0506272450404319 0.144517516881952
0.173711098656397 0.307329619113357 0.0540723135390646 0.187147033425627 0.106563804285083 0.12688686977715 0.0442892612033218
0.164813792200902 0.133926184005853 0.105662306492952 0.092354859774413 0.148754984689942 0.0920633969397203 0.262424475896218
0.138352129584734 0.152310122978665 0.0978410580828863 0.0164190324162317 0.207374877809047 0.210754476897968 0.176948302230468
0.182179148203569 0.0280230879365215 0.0763744309766309 0.239208689660783 0.216701340134701 0.0381968972365389 0.219316405851256
0.133957016116478 0.210727168650886 0.18343700801546 0.192635364876398 0.070536008298945 0.0457791151855548 0.162928318856278
0.126587050694683 0.130835593093506 0.172361367182801 0.10394389428313 0.154003433198809 0.186311185211757 0.125957476335314
0.0598133681975802 0.145650812703754 0.227498240009274 0.0273448388081065 0.240020803083623 0.07122340083349 0.228448536364172
0.193074305401199 0.0342063166838465 0.162727294748722 0.159213440312515 0.0692028102514428 0.230970512017649 0.150605320584626
0.30125782476712 0.0843356140740024 0.100318383421302 0.060797486252459 0.32886801451286 0.0413139228521819 0.0831087541200752
0.216672416152991 0.131403701240068 0.15859678671412 0.0708097116288007 0.131491126417726 0.0966799618055644 0.194346296040729
0.210394981733155 0.0731139599490973 0.165347316975291 0.247050407011296 0.00442068353482977 0.0551690121387306 0.244503638657601
0.211356582535968 0.196173125061661 0.189549224360839 0.105244063562 0.0137734659806188 0.226060386667047 0.0578431518318659
0.298454412936741 0.00658379646412768 0.193129947056456 0.038738582858642 0.13678038263294 0.17833935895571 0.147973519095384
0.099591837970223 0.151365939118581 0.0476962638184288 0.193093941160073 0.207191322669059 0.110611420338838 0.190449274924798
0.167939497898902 0.0577505610948214 0.198041679537558 0.133556343958919 0.14916342110877 0.192629785454221 0.100918710946809
0.18220664976855 0.0962664974726309 0.0291326859536778 0.237486567396023 0.205722286076986 0.209737057305388 0.0394482560267432
0.0793607597034207 0.0455301364397227 0.0101559290466954 0.241048022869924 0.104855636235493 0.279529836674095 0.239519679030648
0.10950766071035 0.186623063447455 0.125845539033634 0.163861759393366 0.0593834850099439 0.223541101956963 0.131237390448288
0.0932682140353702 0.213476823288362 0.290132186232889 0.136718976558744 0.132414862420758 0.0532279856145216 0.0807609518493555
0.199446168268562 0.182392100560025 0.0843792688728207 0.0975756889854348 0.252761514535813 0.180895734356194 0.00254952442115079
0.184600231191382 0.180096882495134 0.185977504544173 0.191250248642503 0.0637125600385854 0.0110321692197378 0.183330403868485
0.252686998548004 0.155148923587095 0.100259120655664 0.189939273703317 0.00862081425999483 0.267312057088082 0.0260328121578436
0.0671960734448982 0.074665215352727 0.174873074131417 0.156937892579753 0.235921405049266 0.231034469931825 0.0593718695101137
0.0916398625175461 0.238089296665437 0.0267225365151377 0.241179185851682 0.159912987937488 0.00634895367147522 0.236107176841234
0.0777828117427322 0.0447590339798979 0.221310053780112 0.206955282891836 0.195623449822218 0.106502349607412 0.147067018175791
0.150050275074282 0.194447424108664 0.182192263169813 0.18849926433839 0.008172850698279 0.157899473185205 0.118738449425366
0.00604336063137912 0.199544888538218 0.194692529714314 0.207745611187824 0.136692779591928 0.238218558879861 0.0170622714564753
0.0379278543509342 0.196923192209771 0.0685597163832026 0.142472345551765 0.248724857031511 0.0598111781776659 0.24558085629515
0.100076394322797 0.241201273720038 0.0674813202781272 0.0598779797300574 0.140114787117876 0.237294719344031 0.153953525487072
0.0128280461594668 0.136969575726713 0.0620856324106438 0.224849203854538 0.198582212973438 0.122593162690204 0.242092166184998
0.0904538158562153 0.0882222945184259 0.0806929898732347 0.263191279643541 0.232991221313129 0.158382893707168 0.0860655050882864
0.299589922879657 0.0637470651409938 0.172926283680489 0.00508954793216721 0.216879274857539 0.146733200226219 0.095034705282936
0.0621217020601593 0.300201197240302 0.226619485449831 0.0904398942598452 0.178457531742042 0.0840700106045578 0.0580901786432634
0.0170749293932277 0.201878810323646 0.105330390042324 0.156631452610606 0.228592895039924 0.109202367714214 0.181289154876059
0.168416556474176 0.0569670894981071 0.191928900180872 0.112009844364976 0.190676633614175 0.268936101502427 0.0110648743652676
0.0855525636742353 0.154183101193826 0.229291914873838 0.113579171118808 0.0547480026769062 0.145879588430486 0.216765658031901
0.0771061205398972 0.0248328450070295 0.195929940612595 0.294930432625376 0.00842663003201682 0.158171042130148 0.240602989052937
0.171588498751752 0.153014930108574 0.0264937694677764 0.134313469271534 0.00584007120140784 0.383164684560795 0.125584576638161
0.0926894553268881 0.172040228473148 0.0750469719695843 0.0562215437660345 0.141102980141013 0.247082562507714 0.215816257815618
0.00464098078517069 0.0766057872841072 0.227384334634422 0.159147597290957 0.154341038125995 0.150322817578926 0.227557444300422
0.155302267820583 0.0460542596596529 0.0786486121732971 0.0176847102920231 0.280357925377556 0.280890454116002 0.141061770560886
0.243301712773037 0.0628201159717645 0.164007752019757 0.074372869318348 0.0821621572140319 0.210143611293496 0.163191781409565
0.160846301573899 0.191140645029113 0.152810780866651 0.0781143317580687 0.162997242108716 0.105866636349613 0.148224062313938
0.0799552258907715 0.108325219440096 0.221781071636026 0.0299574774421231 0.215244509633954 0.119602357955352 0.225134138001677
0.30593497778306 0.0671431921425009 0.227897281082359 0.0916328337415901 0.0599775991590397 0.0137930396190829 0.233621076472367
0.207731404491639 0.0774463542668203 0.201839216971718 0.174910148264298 0.00974216344674392 0.179473006017422 0.148857706541358
0.100557679189279 0.233319661499735 0.0902455404300099 0.254033859142531 0.184027378009688 0.0387318979298146 0.0990839837989437
0.153244405308756 0.0783764023784184 0.221782032846418 0.138087310188718 0.156798749309343 0.229053296295924 0.0226578036724232
0.207212141910183 0.200138391925313 0.148866162512236 0.139055745121563 0.171185678974514 0.0443080599659523 0.0892338195902382
0.222577887653871 0.060486415985472 0.0445210944284512 0.190414401809671 0.217619276824565 0.120121562463959 0.144259360834012
0.219999219569849 0.0095078118536942 0.172578171245893 0.239978838583628 0.0771962853054653 0.0742103610044174 0.206529312437054
0.104631523247149 0.149504922263901 0.068111670895921 0.18240710364698 0.155358314838494 0.254232601485996 0.0857538636215582
0.085852638215684 0.0346907380375419 0.21607961275759 0.231557612387223 0.202980720240907 0.0189015797042197 0.209937098656834
0.171031255193463 0.161992225353036 0.144991941650704 0.179336976197771 0.121780734920591 0.180500927073544 0.0403659396108904
0.004247163494629 0.244689716919796 0.0224223311475768 0.177728600137259 0.130288434008674 0.179246050334304 0.241377703957761
0.143026162182514 0.0378287560970899 0.187161768427935 0.216621839806295 0.176297534713933 0.0905945631185289 0.148469375653705
0.0505834498500372 0.219411380986429 0.147558127033284 0.274200881841243 0.154419962346875 0.0931010170816279 0.0607251808605035
0.162582521493748 0.14240145005304 0.252803872504282 0.0265130999733461 0.114599861861904 0.142235435310762 0.158863758802917
0.175843812222422 0.268294353388075 0.179745248545409 0.0847915403780184 0.0937032944166908 0.13301071641718 0.0646110346322052
0.197624149601796 0.182182565033857 0.0675600473900401 0.232193711688918 0.0312904632666545 0.0892978271200728 0.199851235898662
0.133611368502261 0.169263349440652 0.0992167364984171 0.304940512534785 0.0371488242446653 0.239655091002913 0.0161641177763057
0.114714674394747 0.23602705505561 0.209194525651586 0.273994916135387 0.0154690447616087 0.130419308118961 0.0201804758821009
0.0418967267519767 0.160216925980857 0.0981602392159548 0.240423889776127 0.152243100935609 0.247064925249532 0.0599941920899426
0.204626780252818 0.224243878737507 0.0843781130867979 0.176365667915784 0.0271417062043379 0.0799981409089086 0.203245712893846
0.203365863300933 0.0162773936875778 0.234914515275363 0.197496954307543 0.0789757864688112 0.236235224883779 0.0327342620759924
0.172861913604164 0.15059737950747 0.0783451887372806 0.105563705561045 0.165232913854939 0.15689072754417 0.170508171190931
0.193612965488929 0.133908741982517 0.146934339705124 0.0600383659916713 0.026191966733428 0.237308441782717 0.202005178315613
0.174648928918112 0.217208690794562 0.104197525344382 0.123475449896582 0.119032398203724 0.131674855924381 0.129762150918257
0.121517267527901 0.22201217508608 0.160698070838223 0.0393469941535347 0.0071041404879033 0.209240862401627 0.240080489504731
0.208407799361374 0.0335484490179734 0.247653806002376 0.200321983269124 0.0569724011678357 0.0690479136310823 0.184047647550234
0.217397729901463 0.220376494610055 0.00349002088887276 0.0914026138555098 0.237090152267593 0.222699892144197 0.00754309633230922
0.243008549417888 0.0486955222330679 0.217635201814123 0.142592092587924 0.229444865637908 0.0301778021785703 0.0884459661305187
0.0291873129831173 0.0896855335095525 0.0587018327848662 0.26869675410224 0.371986592036725 0.123231132663401 0.0585108419200981
0.0692280501810962 0.158192939560656 0.183176564871034 0.19439846185465 0.0974970575506667 0.136827076504461 0.160679849477437
0.204145712252308 0.150407840521556 0.300420131210616 0.0216244944282617 0.160647201488061 0.14177503795703 0.0209795821421679
0.0681595174995367 0.0117852931038025 0.165121458792986 0.280194803775782 0.0153863687435816 0.270841795132138 0.188510762952172
0.185099282802398 0.247114634740043 0.112235044047797 0.124287920925942 0.139277741519629 0.0113621766355655 0.180623199328625
0.0297168952401537 0.154489911291916 0.194660919221366 0.0744736651825126 0.17798692731541 0.209707216967074 0.158964464781567
0.0051765250487842 0.0835312476496174 0.202583045623378 0.126682449377377 0.149852431031819 0.187435967372792 0.244738333896232
0.127869909280657 0.18980118102085 0.0336294089329774 0.245689558933465 0.163931813318483 0.199902712539045 0.0391754159745221
0.252804082375522 0.29492696312199 0.085132259051478 0.030262478587653 0.144457373302048 0.0775261075521307 0.114890736009179
0.0969712356638433 0.203713997484588 0.171784622844749 0.0535488923558688 0.0396436997557024 0.246485515174031 0.187852036721217
0.116820290692543 0.361971627468059 0.00637331041145983 0.160474453165511 0.271887608734495 0.0596649023122246 0.0228078072157066
0.0165193372872544 0.164739444603695 0.253841578763766 0.174404470043594 0.0664680752735094 0.227923797058642 0.0961032969695398
0.0627702356325185 0.00865880534612917 0.192830991578794 0.214376067749708 0.0921925490390469 0.265026446399091 0.164144904254712
0.0585337389143355 0.209493709082759 0.0642842783574277 0.169814723662907 0.109017719246506 0.195400560003995 0.193455270732069
0.206587434506174 0.164280660742719 0.0656262004692984 0.193994346257108 0.142374316955106 0.197719493814493 0.0294175472551017
0.0357063929315269 0.00633513049697184 0.184897245156716 0.243949578780642 0.232921723933535 0.0406512109635832 0.255538717737025
0.212871318924605 0.172732179572142 0.0117548103929633 0.176365245638427 0.205433906389479 0.0574278945722638 0.16341464451012
0.136915805946695 0.110537712352944 0.209846202006442 0.194249232922156 0.0845452018243484 0.214838356591722 0.0490674883556932
0.0507648787255229 0.190284765212603 0.182510013018244 0.0353027686276001 0.149215291233009 0.155727754629642 0.236194528553379
0.0772645837822187 0.239700305735862 0.166357350559272 0.0739930913880036 0.147370949845105 0.131332552175782 0.163981166513758
0.0567255711276644 0.261409531697131 0.228030750271402 0.00644436853093503 0.0844726880115386 0.271748952303976 0.091168138057353
0.127972200024367 0.249733646753637 0.032219681899807 0.122592074043875 0.0493898533055124 0.190169619840578 0.227922924132224
0.0202788742103183 0.117729035621629 0.284797659801752 0.0846055807698237 0.352852327712075 0.076194972437985 0.0635415494464177
0.129498436210678 0.232114962517453 0.11674744119304 0.187199572895401 0.0779423557020222 0.0429310696738599 0.213566161807546
0.00715371637525332 0.255968425740057 0.253689585459107 0.0383184789027459 0.228381164036131 0.109851027703281 0.106637601783425
0.0960934256913979 0.178680400358815 0.000535867263421054 0.239246944629773 0.279619744451014 0.132969005711065 0.0728546118945143
0.197618097242962 0.0877302222302004 0.0780433031393468 0.112769964844438 0.11618298862549 0.323486398310487 0.084169025607077
0.204541573625733 0.0461358010794012 0.252529740534893 0.173961726704004 0.00505346485226444 0.231577165511129 0.0862005276925756
0.265350928717491 0.259862511117122 0.0895314873357897 0.0641540176933143 0.00725600823728442 0.190145956319256 0.123699090579743
0.161079318056007 0.250468312338659 0.120805605353193 0.127529937579397 0.174600274180754 0.0879724497060731 0.0775441027859167
0.207612403435678 0.115888534213147 0.0332468413720806 0.113567916521504 0.161945858354533 0.172721435305575 0.195017010797483
0.293528157966927 0.0621922495044021 0.0699412177284286 0.151655566728397 0.182638066444053 0.22524523858483 0.0147995030429621
0.208858526000294 0.0218176214495058 0.18524141996667 0.155210618395641 0.154974168580813 0.134376409881041 0.139521235726035
0.0142195374468293 0.126380021205847 0.144513452173664 0.203618234653213 0.11613347463225 0.188812932791369 0.206322347096828
0.0610554034249493 0.137761864680048 0.14086672144906 0.187569682309933 0.281926287439878 0.054147121207368 0.136672919488763
0.201201317767466 0.17195223903906 0.0654578561102047 0.182584132665754 0.0611313256841358 0.220791852292813 0.0968812764405668
0.0323577896454305 0.129187473359867 0.0502441136429848 0.234792914935478 0.224187760898037 0.211362181830895 0.117867765687308
0.140886535522164 0.0912470511020363 0.285534267796263 0.0803418445390981 0.240930722581284 0.0064461618077069 0.154613416651447
0.374197686274379 0.273575577563738 0.0745353061650347 0.21224859952038 0.0328298540968635 0.0135288057293694 0.0190841706502358
0.107013087292083 0.190519806894614 0.0837128034496191 0.137464748805529 0.170148549998453 0.187628134383337 0.123512869176366
0.0402268783169686 0.0875620336607457 0.257436035806857 0.235002491103388 0.218410897944674 0.14293415597676 0.0184275071906059
