0.208886532807206 0.053742492300557 0.187908508150701 0.0945232659769147 0.00173210368085505 0.225106597907385 0.228100499176381
0.066835447367697 0.0935084924754166 0.217458049827549 0.197834630712421 0.0873682001648629 0.15212042167076 0.184874757781294
0.0486419497331115 0.0475544272423161 0.15701043630567 0.10584800813767 0.241539270811886 0.229491368282008 0.169914539487339
0.199093824385403 0.133495995228263 0.0532853123687537 0.211057955568001 0.0870587942722289 0.163458311888426 0.152549806288924
0.0138682408228833 0.17559516575256 0.150131010886538 0.248422335318973 0.22477715936858 0.138616639946614 0.0485894479038519
0.175652571060369 0.185545825349321 0.0433365023937534 0.0850022634115375 0.160880576781994 0.213433107253868 0.136149153749157
0.0992484285297299 0.281344321952392 0.0245812745998231 0.356822557448494 0.0366328794989097 0.0911327916554162 0.110237746315235
0.245407413864017 0.202921315039643 0.0893308521982097 0.103740879790159 0.106419699827388 0.086014293959769 0.166165545320815
0.188541183279384 0.169412943957411 0.0777110902538316 0.135890129815822 0.235997076021843 0.0926709231002926 0.0997766535714157
0.195523203852824 0.106365942358243 0.264972400060696 0.225242027252408 0.0546047511639875 0.0024783131362419 0.1508133621756
0.0232093638038709 0.136505068524757 0.106576354186449 0.191042158358973 0.149624479373864 0.188842240669693 0.204200335082392
0.0503989426904984 0.131078055527636 0.222416488405751 0.0229206102609138 0.226382356388861 0.18119005890807 0.16561348781827
0.199906385679088 0.0632251298926579 0.0208037352346526 0.110066849430057 0.252240782714875 0.257453592854704 0.096303524193966
0.287779963170105 0.0482180335380449 0.114909298303584 0.0380141535611387 0.131321552392132 0.0774915662439885 0.302265432791007
0.0522496964020695 0.208769867429123 0.0477843537258319 0.114745210163474 0.148323180405693 0.217080201809806 0.211047490064002
0.0778910228822278 0.277021185843759 0.277447547163298 0.0977686967674354 0.0306199488033198 0.0987688285933028 0.140482769946657
0.0615564406945967 0.217004349299597 0.152177580091324 0.285023015620266 0.204721485455903 0.0408636993569783 0.0386534294813349
0.190137939562104 0.214528522421411 0.147725597539999 0.224831494710265 0.00996319279032016 0.110245575601834 0.102567677374066
0.203514210230573 0.202659619421341 0.241917707889193 0.0982016016287155 0.0863110765756345 0.0975425808395995 0.069853203414944
0.140706083834854 0.201203278838804 0.120059458894194 0.186162443664 0.161143320264714 0.037609102575884 0.153116311927549
0.256183893397995 0.13347978523757 0.137288287186739 0.0622675982999461 0.154147635667244 0.177644603150564 0.0789881970599414
0.158964908807068 0.200202214887564 0.163103361104556 0.157608601553214 0.0926816797525584 0.0648930047047625 0.162546229190277
0.245666844215191 0.0788465941915635 0.108165891270969 0.0263704336590625 0.265426738599753 0.12707828854013 0.148445209523331
0.150630055217867 0.151479960811612 0.167053428067128 0.130348152240679 0.150603623020922 0.101248119036105 0.148636661605687
0.135683556656273 0.00194482613217988 0.0954800941616181 0.201251442946583 0.213080382877115 0.201206500202751 0.151353197023481
0.103253292949431 0.322013625871241 0.160970776577214 0.0450904843739603 0.106690125200896 0.149766627601183 0.112215067426075
0.189625592727249 0.206400195438924 0.0857381172556305 0.181188107351772 0.121064127751345 0.0982614198174206 0.117722439657658
0.154810104766788 0.0185353139005443 0.0611791589335985 0.227394672410658 0.196112900392996 0.286225120958585 0.0557427286368298
0.336132371608059 0.219241559336837 0.14209529020756 0.0115044125553888 0.0270168415893743 0.0196907502177945 0.244318774484986
0.17537249959056 0.194601384501547 0.015610561367096 0.0520666564454939 0.14434625421988 0.179137611090367 0.238865032785055
0.000905540462829218 0.196885740413453 0.339436108792368 0.0901123262483441 0.147387617226835 0.10576014119161 0.11951252566456
0.0934617734398678 0.216490352852287 0.190314946249889 0.0748549780496171 0.0975580988402294 0.135507528928072 0.191812321640038
0.122432181979675 0.119579243681987 0.142906424460164 0.196352555182377 0.0483357032567157 0.188016407682102 0.18237748375698
0.140901732398564 0.0120008289853151 0.184776001520879 0.131814200066722 0.174054819855168 0.173913054982418 0.182539362190934
0.0935539793183746 0.0186719264301666 0.210224868851498 0.173659590240248 0.209202313047571 0.101285394441124 0.193401927671018
0.113419617257009 0.20007408835475 0.0784768466008062 0.181271496775417 0.109127532582518 0.26793320185875 0.0496972165707511
0.171452642514409 0.20000079847659 0.152421906559432 0.090270694374365 0.205137908333356 0.0320018097087864 0.148714240033061
0.00788027209809589 0.326915324540577 0.394506155353562 0.077342729487806 0.0448447542641395 0.115977291419301 0.0325334728365188
0.0810831517524082 0.0274289134769412 0.136971015795716 0.262378461992229 0.252724680988156 0.0145423033751719 0.224871472619378
0.117873931489448 0.15607328530701 0.152399579722508 0.237761211049551 0.00293149690284934 0.118226039097729 0.214734456430905
0.211076617938251 0.131395775187254 0.19869917792184 0.167016287207622 0.139438097017007 0.11770010551022 0.0346739392178063
0.174264104836487 0.253402506891854 0.168619702736763 0.114496148678878 0.0473946029849178 0.0429352358731667 0.198887697997934
0.104228288271235 0.129502296961208 0.185285888735426 0.167267857621341 0.0841075647167226 0.162041320452965 0.167566783241102
0.299075212199263 0.140956906093509 0.208415053242255 0.163208068242291 0.0400301950031365 0.143764862412711 0.00454970280683365
0.246613514796296 0.153536413206342 0.184827559604819 0.130292514323934 0.11409686930101 0.15846497771559 0.0121681510520084
0.125103211407505 0.0125187328546207 0.0870712236064266 0.281614895551762 0.214074360173872 0.076604695058645 0.203012881347169
0.0378447731433634 0.0488811002179706 0.0782950377852094 0.3841116312554 0.158375117735199 0.218912056543455 0.0735802833194038
0.178383397585903 0.185337837684759 0.240817603834989 0.0462378008832285 0.268741566853935 0.069770614685228 0.0107111784719579
0.230406900005256 0.251479905450166 0.0677384091138666 0.080945399191347 0.167192787696217 0.131253164105537 0.0709834344376107
0.259188560850494 0.086508876811821 0.121306108116264 0.141277957655357 0.0338920298861125 0.179832562517591 0.177993904162361
0.170027931946819 0.130210856471756 0.284050909813347 0.159102912471875 0.100871887025358 0.0780377568729546 0.07769774539789
0.143162694210432 0.107881754871848 0.143100391729073 0.141222410827958 0.103497556473794 0.185638535794392 0.175496656092503
0.0805811678211536 0.0467719177432329 0.211910578919355 0.241298434853522 0.158876744515008 0.0749872692642076 0.18557388688352
0.119099065798995 0.0716348315589463 0.125454527991892 0.0961083416112811 0.121442482386108 0.220033288260291 0.246227462392486
0.155350502794901 0.175793959127921 0.0921364910536736 0.065748297254736 0.217721443579606 0.224335349002886 0.0689139571862751
0.119309021007251 0.138349885800712 0.108429877218857 0.253157590804209 0.0704273956032605 0.249231709210997 0.0610945203547133
0.0304810510590846 0.227707767536332 0.214830320981898 0.0402807763542952 0.213095373281346 0.273301004035555 0.000303706751489401
0.0444060523249067 0.0880621782316925 0.0722973656076167 0.105312303200572 0.258005324154478 0.207035878039024 0.22488089844171
0.271381663379203 0.0257493593608471 0.164335471364865 0.226709107450767 0.161977342175635 0.0932972002369192 0.0565498560317624
0.0907299653748085 0.210486263974729 0.0151245091179817 0.165349416395819 0.1873704184581 0.188220060144253 0.142719366534309
0.00517295669048615 0.100789047923218 0.0390850690336941 0.193717097338547 0.440148550091853 0.182143658353738 0.038943620568464
0.0852681792033679 0.124846933134792 0.16181070372019 0.197409152017901 0.163444612665834 0.0170120324172098 0.250208386840705
0.0199629257697725 0.213372799880084 0.215676007783487 0.189235533151793 0.0613479887618398 0.220104280745655 0.0803004639073688
0.115916167496158 0.148717276246139 0.031462705216786 0.0972719758393607 0.277859965965182 0.181764116634532 0.147007792601842
0.0877727255981336 0.154513063726498 0.159032202042938 0.237337837661924 0.154390294886558 0.180643515759803 0.0263103603241455
0.161057592222059 0.391092100017557 0.0413591051331064 0.186292554539642 0.106712330526112 0.0502794658435035 0.0632068517180208
0.235044079471114 0.1952222835595 0.0676901106923457 0.0925017973661124 0.0807771909569758 0.157078131391341 0.171686406562611
0.234468796732256 0.106878130401462 0.152123505910201 0.169586965689837 0.204439808683392 0.0599601635649329 0.072542629017919
0.210136402715727 0.19129473913952 0.196478794434166 0.163904875348024 0.196178318355515 0.00932276241603079 0.0326841075910173
0.0968593454501225 0.0143880175848785 0.231008674892313 0.253954254343837 0.166200837843279 0.0194417302742968 0.218147139611273
0.130727688213734 0.233422831967387 0.125396368083585 0.0692408533105018 0.100084544879175 0.208663450993384 0.132464262552234
0.0243804765151081 0.234682218599151 0.0372470827598177 0.201013996077868 0.143142344346979 0.187292457498509 0.172241424202568
0.13821916856915 0.0488200817236565 0.102865198111627 0.380730709844121 0.072621828191022 0.0891377524866143 0.167605261073809
0.214670693798369 0.101487481377412 0.205014905469517 0.134592449099843 0.109962996040145 0.16922757592702 0.0650438982876939
0.11805072129336 0.0142276401243007 0.0660215272550912 0.313376123088726 0.108573137115002 0.338285562046822 0.0414652890766989
0.142261214758245 0.0419248536841459 0.079972478101783 0.248527885412052 0.271525946095797 0.0503673283921251 0.165420293555852
0.233902290124653 0.0906284601595979 0.117216936628647 0.231623136940984 0.00129253924989613 0.232243760738719 0.0930928761575018
0.292906460740847 0.0968573908340374 0.192435506756662 0.111999108632849 0.0119449561477539 0.0403293690324512 0.253527207855399
0.368227322264069 0.0337473444579615 0.0801758078406848 0.113178365820014 0.256988069141333 0.0110295889255663 0.136653501550372
0.205578590320553 0.00814313412856895 0.247342570584172 0.00790551064445612 0.148678101132888 0.275423722434676 0.106928370754686
0.0981692750911535 0.0383253962793347 0.297391113082339 0.288192540913841 0.0120575840638523 0.0267458330789022 0.239118257490577
0.0972392774829502 0.0960595780446036 0.205608990676139 0.19317848370969 0.191234351543179 0.133459368467954 0.0832199500754841
0.0895318346989291 0.022822688262469 0.159720025912579 0.330853306774269 0.0969317197741874 0.261630211213948 0.0385102133636188
0.149762469285799 0.151454669573586 0.196701722689261 0.224013694995608 0.0534375826347753 0.109324196802241 0.115305664018729
0.154790039663459 0.131335612549572 0.19985577534613 0.0539115772158368 0.13314372112126 0.288090939509104 0.0388723345946375
0.146133684514701 0.10895634898575 0.105568644307594 0.141868789762123 0.0323616298245257 0.198586212643011 0.266524689962295
0.0100154826005269 0.168303621763353 0.203224923857242 0.121545202179732 0.156646684727234 0.177925178539275 0.162338906332638
0.218841188333391 0.0869211448262485 0.0733654709865145 0.200870258923232 0.144972979120974 0.120670258201092 0.154358699608549
0.154212225836573 0.171613859173695 0.127032497937385 0.0979089315892632 0.10300554095699 0.121174733354686 0.225052211151407
0.00593015309614591 0.154005703546352 0.284808891817099 0.0741555153214324 0.234523626702501 0.0773016801335402 0.16927442938293
0.167885458638629 0.0715699425203805 0.168939856318739 0.0793024158611699 0.156719657203061 0.265252495474516 0.0903301739835052
0.313573565923571 0.0518963146589752 0.0166668779563441 0.187677756905203 0.0270099149951078 0.300483398453679 0.10269217110712
0.247813699402086 0.00740952542164524 0.0968610380664015 0.207487309747849 0.26608862252327 0.152061274707124 0.0222785301316244
0.098132886577966 0.0527013514985345 0.250830108498262 0.254748168153532 0.127249052954246 0.0867639868265859 0.129574445490875
0.0747606360475152 0.0688827824267414 0.274919846175578 0.240066941943561 0.0840701065152718 0.0163230597300134 0.240976627161319
0.186709889365006 0.224702346189907 0.193639297133855 0.0171956066868447 0.175009236967232 0.149432745378981 0.0533108782781732
0.0334329653082592 0.234780577293269 0.203651053095991 0.00180996521287303 0.273273886955169 0.00880565236566818 0.24424589976877
0.0288867695549198 0.0463288661962496 0.167914492850538 0.298038060758361 0.188000006975344 0.0186027246148911 0.252229079049696
0.115247078241791 0.0994163032594241 0.190061791240466 0.0397717166460442 0.119561496807045 0.00195885286163591 0.433982760943594
0.0204841391594856 0.277850570759727 0.0880907441991295 0.334110421228704 0.170667230861525 0.0704075225602431 0.0383893712311861
0.173844973815895 0.18587177538176 0.239391457730838 0.0220464803266006 0.23199027523181 0.00389825324014686 0.142956784272949
0.184337322126404 0.247703215679753 0.182766847128698 0.177519813148303 0.0136036751971907 0.0394638952503829 0.154605231469267
0.193402204624344 0.207448234777012 0.0476472159493165 0.101578052817034 0.183088143260818 0.165144169650127 0.101691978921348
0.145527258651104 0.0544249283532013 0.187547262763862 0.0799759242783634 0.17446717095892 0.222020905589016 0.136036549405535
0.111660188329886 0.134606715529829 0.0921188459955477 0.261195982800241 0.0183621615307276 0.187686850051371 0.194369255762397
0.0614858147497043 0.13540893512187 0.232093750358123 0.103427409183506 0.198979483024372 0.154923752798315 0.113680854764111
0.215756317916537 0.187385531151964 0.181801297355439 0.213266363466549 0.170580262657701 0.0225379479905041 0.00867227946130603
0.230780128869194 0.057220753405425 0.0446022459207751 0.120059682512742 0.0841989578431055 0.31236077379503 0.150777457653729
0.0772162500005981 0.15505984690503 0.127991668089069 0.188809049523417 0.179233964037939 0.0719217687952054 0.199767452648741
0.247686094570334 0.130999283436774 0.0821822592657748 0.162695981901727 0.100324441311747 0.00809022248499113 0.268021717028652
0.0480940063822406 0.0924836714103169 0.265192631578251 0.172454936580516 0.114222380869027 0.287858118828077 0.0196942543515725
0.033399221159837 0.0744041793165896 0.042189071873121 0.0065285468612736 0.388894235263398 0.221935649661464 0.232649095864317
0.0945523110880073 0.114355663857834 0.244040922476923 0.0886464874188216 0.116540047504515 0.260806255115571 0.0810583125383277
0.318295524951776 0.0941110887208262 0.235324773160052 0.104936013421375 0.0136277849679462 0.160918091479621 0.0727867232984036
0.106243507792653 0.224673122088386 0.104617903034337 0.214109643995007 0.221078063464948 0.0742291834194844 0.0550485762051844
0.0555912687826199 0.16578905068882 0.115114295628934 0.0658484567065708 0.243105409909627 0.239572763884186 0.114978754399242
0.113538105745064 0.193245729843451 0.19593148304383 0.0937813824321202 0.00655926787397324 0.132157997781445 0.264786033280117
0.119074562621649 0.146242598582016 0.134373222208245 0.0560779988991782 0.119088911766519 0.196672603679732 0.22847010224266
0.161522318771809 0.156261213238655 0.0993222757063306 0.0955094836040207 0.258463783851518 0.162243387663435 0.0666775371642321
0.0730849806977732 0.155009694250081 0.0200989606482921 0.259482506943502 0.245503821942162 0.167952356024053 0.0788676794941369
0.165695490482971 0.197196340500318 0.10707496680506 0.0522246433645757 0.221543648382916 0.120799544811218 0.135465365652942
0.213717238542405 0.00855487503439717 0.240061988741418 0.0200037805566825 0.082692259161055 0.197778850142949 0.237191007821094
0.204587990567229 0.0925659628715483 0.14087528295172 0.173801660815855 0.0834908275303856 0.104352837193807 0.200325438069455
0.043247509382806 0.0811433731485284 0.198730013002445 0.358518323007412 0.184817368235506 0.0112355207208898 0.122307892502413
0.146184352414433 0.194486387233059 0.0689045086074738 0.172227145677 0.168024177006484 0.164224339103554 0.0859490899579954
0.137663949795667 0.254058995513426 0.0752554037316949 0.193098301910623 0.0439459136516362 0.0992609461634357 0.196716489233517
0.196414236296949 0.187919406460436 0.113651469287011 0.107895869468883 0.0202711789126333 0.11835085074173 0.255496988832358
0.108464155786135 0.191378972784448 0.255318368817271 0.00137780178319575 0.219959823626186 0.101774160673565 0.1217267165292
0.101756728317597 0.209449541656277 0.19169159988117 0.216809183519603 0.0212724233612835 0.220127831016449 0.0388926922476209
0.234204589869806 0.0556953402146137 0.0646851549593976 0.210296466909551 0.0275840383728627 0.285033266760313 0.122501142913456
0.0863352779334184 0.236323670612997 0.155462535242999 0.136245807336174 0.0047745669274086 0.157786402677098 0.223071739269905
0.211823956501447 0.212679194004703 0.0512480731822541 0.0779508580277705 0.174028308402288 0.0307740023452182 0.241495607536319
0.128861122511184 0.275516242676373 0.0251821218714031 0.135834092769911 0.0814019816377568 0.0814006985341129 0.271803739999259
0.0418976865139762 0.140419825161902 0.122883357109501 0.159681013444616 0.198868515435055 0.128330094624491 0.207919507710458
0.160402926006346 0.0955594699642719 0.0192335232794585 0.222622625107093 0.109641045446882 0.18672967781707 0.205810732378877
0.0474493497689606 0.106885592150177 0.0927556143629327 0.242536430600813 0.195860210813259 0.167836510972506 0.146676291331352
0.0440063324288407 0.248267758368952 0.0371259412284864 0.0626313224188045 0.277790560328448 0.178702341690931 0.151475743535537
0.226341159717666 0.119428714220628 0.165265046633862 0.0929492966085658 0.0750077819914956 0.305668530884025 0.0153394699437577
0.153661255990838 0.236818735509535 0.13821235656589 0.115004736261932 0.0945734650386591 0.078454338380714 0.183275112252432
0.0206646122081729 0.265471090380179 0.0595158207490954 0.00926488086159687 0.0527589932798745 0.25128431073883 0.341040291782252
0.266949153944765 0.180542888222555 0.208604302279066 0.223230177095725 0.0919748273683815 0.0202806768389511 0.0084179742505556
0.255661252776526 0.103165955549326 0.206385513835328 0.270162080025447 0.047729424142904 0.00799245817795696 0.108903315492512
0.254416346661874 0.0636469456120386 0.171266909457377 0.168841147765922 0.00160071944348734 0.237789916725583 0.102438014333718
0.0359869189053475 0.294703829213822 0.12325809247713 0.358557487245248 0.0248679619770068 0.0516172290505748 0.111008481130871
0.0544450701615989 0.0434107364261239 0.0272747575086694 0.112067876863505 0.241381411848809 0.261644895573516 0.259775251617778
0.214307397729148 0.281887102828955 0.00263023048783528 0.224439179350745 0.0238771809100938 0.206016526293978 0.0468423823992438
0.00982537455061881 0.193247149012604 0.251592175413819 0.155348103631503 0.169206473877185 0.121383427630402 0.0993972958838683
0.171749248756732 0.074944169772271 0.00461217918527844 0.167377226711356 0.139629533585818 0.234558497980541 0.207129144008003
0.022263130200557 0.0786008149149653 0.00542800200718059 0.261556435906744 0.1511141920224 0.256746646597651 0.224290778350502
0.0139180977701682 0.174927153811206 0.193619406774458 0.256418089458142 0.162391170552089 0.173293920825753 0.025432160808184
0.0973322837895291 0.160029874576543 0.123690682841495 0.243495002374517 0.143744590336889 0.19921814980078 0.0324894162802468
0.10743966550131 0.20482730557972 0.241693455944517 0.205335122790924 0.0427440392431163 0.16999764849729 0.0279627624431222
0.0503405350883152 0.0440472169403556 0.143464665015351 0.23101682927858 0.218764191182764 0.0066753331318228 0.305691229362812
0.392941024712967 0.196348153054947 0.358964108114642 0.00666218645074428 0.00945584623702611 0.00275130320230151 0.0328773782273727
0.132602927290173 0.224665509536387 0.0524568043675338 0.153513490519692 0.134583831094265 0.0858443226922038 0.216333114499746
0.243349677760613 0.0998102872678815 0.0645518504749363 0.140732057179928 0.0595190629491503 0.238616346609407 0.153420717758084
0.0863820852841716 0.227170194536969 0.149397556244959 0.060044084901724 0.180115332500112 0.10989105168045 0.186999694851615
0.0518092638332348 0.0262869966946195 0.134762163312564 0.233413239293343 0.231398540449792 0.155761236720253 0.166568559696194
0.108912755279507 0.280843552808807 0.112161883628252 0.113934246926033 0.0124935435067519 0.240932604521266 0.130721413329383
0.294988203473645 0.0550813998000388 0.182205958344383 0.294959458865339 0.016782054705718 0.0826511564258631 0.0733317683850134
0.258943715492266 0.0608033014428038 0.0834137265334145 0.110084728923315 0.228640616206566 0.184366585675911 0.0737473257257242
0.152032313015391 0.0749397843866322 0.199680900108766 0.07787433826922 0.187986411725353 0.175879998430387 0.131606254064251
0.0956186355438342 0.182176697499645 0.182558777475345 0.0344472285920686 0.0671190658760085 0.251310011713906 0.186769583299193
0.00866006202198464 0.00683200273658363 0.27797259812902 0.0283045588198224 0.153081033537605 0.250458675369305 0.274691069385679
0.205152607533714 0.02606224623214 0.121006894807893 0.231133732886384 0.158516145825528 0.013802161266972 0.244326211447368
0.223494561924924 0.0465491282508736 0.341548580657455 0.0129101066400228 0.0150844493261546 0.34346460660693 0.0169485665936401
0.208847819137947 0.112568197091654 0.188564809325863 0.0292660788281303 0.138562930883124 0.211204777365375 0.110985387367907
0.16306800648028 0.193648897634727 0.246282856330263 0.0191017600431805 0.0127608051554006 0.210401819466928 0.15473585488922
0.161382716759079 0.0165613565395831 0.0644808177208399 0.230762100767608 0.230986717942728 0.236375826962453 0.0594504633077092
0.277148144840001 0.138135039648295 0.205512037042101 0.0295608525856979 0.270565014726673 0.0142758677162919 0.0648030434409397
0.165847436924354 0.164980664165834 0.0855512121602127 0.134630655166933 0.198916734811326 0.0450939013553889 0.204979395415951
0.11483128387963 0.146932944047646 0.135762857959454 0.177988835009045 0.101667333086201 0.196931877272973 0.12588486874505
0.158496613920554 0.150217938277105 0.137037166302722 0.211028305406925 0.194428860526659 0.0963722465205407 0.0524188690454933
0.170392449838081 0.111627247875785 0.137763133953644 0.109391140329568 0.160070903622278 0.180166726273556 0.130588398107088
0.235931001004414 0.0609516293591634 0.22288783462336 0.0396421373523558 0.208271072159663 0.0517604057811425 0.180555919719902
0.11094015309186 0.233123861967193 0.0684133313731817 0.189926530755911 0.0432899633076092 0.0767214172601577 0.277584742244088
0.0245775975781135 0.19203010713527 0.126928381459197 0.201512056024413 0.228502013112173 0.154413329375822 0.0720365153150114
0.255906373809218 0.134541362905093 0.256713102538102 0.20787607018101 0.0307478166834919 0.00220003088191017 0.112015243001175
0.128545590637232 0.167818719616469 0.310389470304196 0.033156457430293 0.132843392337012 0.224358775922869 0.00288759375192928
0.223368489452837 0.0966232264327235 0.0932226566714273 0.2784967226487 0.000538052241108668 0.166948342155802 0.1408025103974
0.122498235680875 0.21849266675914 0.00116301415608982 0.167891449842924 0.137056821665753 0.154214345204225 0.198683466690993
0.236455998232127 0.0515061239779207 0.127755207527515 0.276152910244654 0.142887331787963 0.0886926477776851 0.0765497804521348
0.25888269006116 0.0520147247057949 0.144644062056949 0.181879365621409 0.106666187355172 0.053604092607422 0.202308877592093
0.233409074521204 0.0267581189358625 0.0691006618871506 0.0942306730656602 0.0401996824498299 0.299822728556304 0.236479060583989
0.123143613726143 0.193615752845102 0.159652890044884 0.144186791769449 0.146912707442639 0.0156101903687584 0.216878053803025
0.176793692537816 0.12847642680225 0.00158630574117705 0.193901226201709 0.209438088309343 0.153777399596102 0.136026860811604
0.1672652357991 0.157211598284014 0.242123610548042 0.0441295038548177 0.127684561541113 0.113943930796262 0.147641559176651
0.288871490672129 0.142906362242457 0.112519320566368 0.206964800781732 0.107732750001157 0.0931983317189562 0.0478069440172011
0.208636725109474 0.137812846954654 0.0731721088668237 0.182693735798987 0.136404274490938 0.149720635847146 0.111559672931977
0.0309213170333797 0.158411638541635 0.105367789910125 0.259375084247955 0.119047005374387 0.059823052566534 0.267054112325983
0.176612851934544 0.215688421628098 0.047272662973977 0.199649612616487 0.0467546629755047 0.263419905880779 0.0506018819906102
0.132279434306979 0.134745704426919 0.212626230809009 0.0875830730667249 0.211642794052156 0.0997103166319518 0.121412446706261
0.191109082689086 0.19051246366926 0.103000506581629 0.0836949761827101 0.0564208623505637 0.186089136908706 0.189172971618046
0.198640780329766 0.0677298824107697 0.210628443744973 0.0543380303044051 0.168231100487573 0.222497928265419 0.0779338344570951
0.226401853540002 0.176716196580813 0.00615840131066775 0.250217403972685 0.00431079892629566 0.12836650572791 0.207828839941626
0.17900740028163 0.0863897402789361 0.0991319320764795 0.19556386751617 0.125461728011984 0.118969731528166 0.195475600306634
0.365281175042931 0.00228472349402433 0.000496149873531959 0.199661409439958 0.153456135550652 0.167340962625443 0.11147944397346
0.117487293193156 0.120753193194566 0.0211485194649228 0.145132707094198 0.206612336819469 0.164642755500197 0.224223194733493
0.134616271372854 0.0447976692481579 0.0396719200971707 0.242419795563278 0.0638016274190198 0.207828904151908 0.266863812147611
0.0821003888054055 0.0506869487075557 0.254472090344223 0.292210542317184 0.110443658934848 0.0821388822414393 0.127947488649344
0.0458722067522162 0.276963938228686 0.197109708829307 0.235166084042307 0.0812718667753161 0.0255839151486291 0.138032280223538
0.0587243569332354 0.193825063706895 0.236439603386548 0.124914329116564 0.195927251820055 0.141355323568286 0.0488140714684162
0.063877483601674 0.103683147242561 0.276028789404423 0.238670064673423 0.168368007531008 0.038741054129781 0.11063145341713
0.0645312180964013 0.106187955202115 0.136214579315962 0.136644604758934 0.0873624690123746 0.267928836334127 0.201130337280085
0.0463060139345302 0.174867313961916 0.146363666607047 0.0899328700946071 0.0879467331103853 0.126835844499221 0.327747557792294
0.172776337045493 0.040392532040579 0.210288783482613 0.227303219475639 0.00768612698863887 0.242846852688949 0.0987061482780882
0.111602096506785 0.0964662679210255 0.265095053977344 0.064799042538472 0.142394031951198 0.184130411310195 0.13551309579498
0.047560493206707 0.278852190375969 0.173231619028691 0.366798899698551 0.00897623116981892 0.1182792617342 0.00630130478606219
0.204297673976412 0.187964238785072 0.085878453182703 0.171306965528427 0.0442550589850702 0.139742807260012 0.166554802282304
0.274915527298617 0.0888894176898604 0.189124881896799 0.117634253308535 0.0200698931262145 0.218361775708018 0.0910042509719556
0.28513111597311 0.129835905137059 0.112327656303188 0.0880090488550772 0.316789110539702 0.0451948182976603 0.0227123448942031
0.212933077623081 0.194391784760019 0.0719346839662362 0.106169432344917 0.196376252953022 0.125071528922252 0.0931232394304721
0.16569608172368 0.128356073560886 0.124180098997664 0.184229889664962 0.176874230863775 0.100713113541817 0.119950511647216
0.0282026469532101 0.14319198141283 0.0674762719971782 0.274886467034705 0.0545070329962493 0.173035611830537 0.25869998777529
0.133477574188363 0.215021356233251 0.249676886077668 0.121957961961555 0.177199765390647 0.00832833520827747 0.0943381209402385
0.203002903808364 0.127545023244756 0.164084308735104 0.068531473616217 0.288900299507833 0.0487421271792187 0.0991938639085074
0.204322012616177 0.245825488510679 0.202371249379896 0.0649870012755809 0.0842897812058953 0.0645265479385403 0.133677919073232
0.0357328542737796 0.239342685588861 0.216299902931891 0.12509824407996 0.134210178516746 0.021702540207091 0.227613594401671
0.164267245012805 0.0570441564190718 0.306297588656767 0.0269291042266189 0.16415603974126 0.15606699945096 0.125238866492517
0.20099362087449 0.0902026824358071 0.321998682777745 0.0331510829607942 0.0603872465771674 0.0429160835330859 0.250350600840911
0.160708570699806 0.0187735710205699 0.066576258280955 0.0789809877002982 0.277045502143861 0.158676699709823 0.239238410444686
0.0632996135789081 0.238498699599844 0.343903765884243 0.095272086710618 0.0221657174698389 0.216558564236441 0.0203015525201078
0.248466646559799 0.121234087837009 0.0323916266893217 0.0727675138857212 0.128234194035079 0.211717461648131 0.185188469344939
0.237658749882743 0.24881713621032 0.0470108395404819 0.231409231568125 0.0216143894625341 0.104231689033027 0.109257964302769
0.182174457942045 0.272735565548118 0.0983450218186852 0.115232231193076 0.0645938042972892 0.0848872244585021 0.182031694742284
0.0892222086690211 0.0779477132097403 0.156060851907626 0.30760328577563 0.121718138487079 0.244446024056799 0.00300177789410523
0.0515730720264087 0.306282300831875 0.267127502551278 0.225731341609084 0.109474538352316 0.0373630417776185 0.00244820285141868
0.122671742047594 0.189083407769057 0.0883218369356457 0.0495096992771065 0.204786845700413 0.143614692760792 0.202011775509393
0.177558988224563 0.1380869283387 0.144614470698932 0.183660838012928 0.130686862322718 0.132006998076722 0.0933849143254378
0.118639645693608 0.168098274143911 0.146929504878576 0.127404231428506 0.117108772721334 0.222093070428358 0.0997265007057076
0.147529568536376 0.180300028374823 0.059964243182793 0.200073275261321 0.160238918673783 0.184298284700154 0.0675956812707505
0.338050716237795 0.27658290487601 0.150757350060749 0.121006904880702 0.0717463192795178 0.0141805382439805 0.0276752664212463
0.201142229661233 0.211010145519555 0.193587281719577 0.0817908262812185 0.0670945895878167 0.123139147525649 0.12223577970495
0.035524435003891 0.152387121116561 0.014673783427225 0.264561162123944 0.211807646043899 0.303629520835683 0.0174163314487967
0.197120990174983 0.102567149432671 0.120348473193548 0.153855826451179 0.194489507318979 0.103593374528771 0.128024678899869
0.0440219960918804 0.324557031698303 0.171580337943115 0.126022797533893 0.241146412842052 0.0799597561339933 0.0127116677567635
0.204070105541687 0.227558034059084 0.0412226139927312 0.163906537464724 0.0413444181675416 0.142092227996636 0.179806062777596
0.175110713768347 0.173386236477176 0.175005671840915 0.133500873834783 0.132468627888545 0.123291876223017 0.0872359999672168
0.0609958554405237 0.127461030121747 0.0268024631807334 0.325112205957955 0.048920208558967 0.276784480625354 0.13392375611472
0.0231148607371682 0.0540246201483243 0.227915551282332 0.0732808975450257 0.258059148553054 0.336828320085149 0.0267766016489467
0.176093422141682 0.26447506956012 0.00652382367482726 0.0473757574482825 0.239252674041395 0.238045551701827 0.0282337014318664
0.109894925399195 0.0962795790513744 0.0584345876540009 0.262407240131059 0.184629373578465 0.077043832749687 0.211310461436219
0.10985270605995 0.213007263609003 0.0352189789156411 0.202297210021836 0.155404582097058 0.120147416472757 0.164071842823755
0.230960193653327 0.0561356559423581 0.233904283055412 0.101885105852479 0.129519389268655 0.222997423700767 0.0245979485270027
0.214257736147266 0.147918345154925 0.309165917972419 0.251415003844428 0.0353696339229437 0.0262405486422818 0.0156328143157382
0.207934993071919 0.185963179705574 0.145941916065384 0.195111176618103 0.084585142691916 0.172886316331721 0.00757727551538282
0.0371352564315736 0.139532308377412 0.283793455333461 0.0443506815260123 0.28634844150168 0.188547596654135 0.0202922601757263
0.0536940445494982 0.190972233952491 0.046798897353206 0.161478415452837 0.20700954368626 0.166179413636582 0.173867451369125
0.152817342291005 0.157295850652086 0.184998118061699 0.124184711192609 0.174653922092065 0.114130079519304 0.0919199761912325
0.125528424775093 0.223486328919464 0.0860107802489969 0.0156036242838216 0.264358032314351 0.274114382178139 0.0108984272801345
0.16100622149537 0.26560333862481 0.0189698814816709 0.138335646622282 0.116107010891094 0.114153130465461 0.185824770419312
0.244834852556455 0.11236464255227 0.185675380145914 0.262174253496605 0.0526990042839498 0.138980886198988 0.00327098076581851
0.241215029233214 0.0205611462388738 0.129190651653557 0.139195043201326 0.273370395074516 0.0355988461350823 0.160868888463431
0.0217695933188669 0.267687735640691 0.0295465861412178 0.275759238323071 0.212705795572271 0.104841095635552 0.0876899553683307
0.0182025099978376 0.255760309259696 0.190899554145604 0.178501771181373 0.175693462384551 0.111963258242929 0.0689791347880084
0.277657111421849 0.288231534623548 0.0804941667467028 0.1663422400805 0.0168547443430349 0.0434035104992658 0.1270166922851
0.215325665600061 0.0443168429711463 0.0657464063793151 0.315465549337657 0.098322014241492 0.196466403264342 0.0643571182059873
0.0359279605330161 0.342134654499588 0.0888527621178746 0.0751585475684057 0.17646521462562 0.0113160985883233 0.270144762067172
0.132986761184037 0.235539541587841 0.247606492126712 0.126858276117316 0.0172006668854362 0.114702354523865 0.125105907574793
0.0421086601749089 0.148584658255751 0.133364926758275 0.0560963173769463 0.156458925532462 0.229466626938313 0.233919884963344
0.178385675675379 0.0923134067689954 0.0696682855121356 0.15315990968867 0.15671781292048 0.197662208969857 0.152092700464482
0.0834750748765118 0.0164708784456874 0.185096348494849 0.139541703552808 0.159681903756829 0.220180349450888 0.195553741422428
0.193907424216981 0.268097025179178 0.142805192599558 0.218789935362159 0.0560616353479466 0.0666780671292806 0.0536607201648977
0.172912982066578 0.122987306662348 0.0572808542966481 0.00739936245913959 0.194916180319 0.22032840761136 0.224174906584926
0.251127911293335 0.0489812612697135 0.137219533248304 0.159288215466476 0.189838733637134 0.0837636046051308 0.129780740479907
0.07351830279989 0.0526866743655531 0.228197797099596 0.225888962098853 0.237026635345952 0.0305331554979325 0.152148472792225
0.132462122188129 0.167444047153328 0.0895166294183512 0.190252980076692 0.205639826976167 0.124485711927268 0.0901986822600639
0.113555322635871 0.127452966036021 0.0270605322077233 0.18646808013273 0.113176562259457 0.21260690180169 0.219679634926508
0.138267437840523 0.0148686786625264 0.0767972800265163 0.193106300678122 0.250940506629981 0.113134253403042 0.212885542759289
0.219340373082622 0.0588549732515971 0.154600716508298 0.0892763981187624 0.157445543201471 0.109060396169708 0.211421599667541
0.0225737728013946 0.290851627174681 0.181570229876183 0.21034598640522 0.00537803488073373 0.164066215184499 0.125214133677289
0.0294719739369721 0.248695771854303 0.1478731301539 0.243240084262326 0.00258540901179115 0.0575025085482727 0.270631122232436
0.138289658087292 0.0945935374631512 0.187902125034588 0.00690659454524229 0.217761069891997 0.113213448734928 0.241333566242801
0.125646556452088 0.0981491297903344 0.191328063879771 0.125924149631758 0.0551501484052847 0.17770767017741 0.226094281663354
0.176413393958951 0.129858446940215 0.0756409800268183 0.186580307632367 0.12438657677888 0.102321440617407 0.204798854045363
0.188134923196935 0.00468773489923748 0.0123116298684648 0.169716497476626 0.306671391360366 0.173916326870724 0.144561496327647
0.173796978007393 0.235136260184354 0.0603770902136978 0.109974242150615 0.134714625534473 0.105299506339074 0.180701297570393
0.149767181238464 0.114648494038008 0.180840442719307 0.182501663684304 0.126422142716242 0.114988092772092 0.130831982831583
0.222764663577612 0.145933327314504 0.163486936344835 0.0176625350886567 0.147223892047246 0.0990475136237883 0.203881132003358
0.222007364449074 0.236176024757587 0.00121296027532085 0.0844326137816913 0.0411183173070774 0.260611254696088 0.154441464733162
0.188451503235361 0.159367250887685 0.131749067598318 0.184936948352309 0.086387187673699 0.211991041729747 0.0371170005228811
0.150086017374331 0.255087097743884 0.030156473003022 0.174380306034834 0.0988071461003101 0.240746447465367 0.0507365122782524
0.181353652086523 0.108373309172041 0.20185544687102 0.106949230795334 0.152881540532297 0.0257152771615807 0.222871543381204
0.123325594405982 0.252250657503175 0.11411338859899 0.0704401471387003 0.106847718042124 0.204420888418505 0.128601605892523
0.169591951099562 0.0403832811339392 0.054518727268428 0.195689931535778 0.165752460882074 0.134374809687473 0.239688838392746
0.0657844112775454 0.173260500302006 0.180506491452371 0.250134539217153 0.147970142622229 0.0322979387293801 0.150045976399317
0.222419841743223 0.0546580092658338 0.139150143169583 0.11753569720634 0.162515583035395 0.162684433521561 0.141036292058065
0.130622083165486 0.0938806820085367 0.250079461029464 0.126086809017156 0.0836715518175807 0.0828830274852544 0.232776385476522
0.0909866402083057 0.169106016599263 0.198875397331574 0.0908048988355883 0.159312273794859 0.257404557367421 0.0335102158629884
0.145033059073233 0.209684217849765 0.0620378824079754 0.148508895092216 0.132267557233384 0.204661041413755 0.0978073469296714
0.212196099646696 0.171239968244532 0.150186036299063 0.0246207883114447 0.038977363677112 0.157197374677903 0.245582369143249
0.0725074615773271 0.144427529956731 0.245846892270161 0.109308064772856 0.280792190285731 0.0471077350354446 0.100010126101751
0.133234143344805 0.101091170121811 0.0446764694906279 0.0462226363896678 0.224343679670427 0.314545816382168 0.135886084600494
0.0999414114609587 0.178599574091032 0.170518327257225 0.0541286240880437 0.167086704199825 0.182854444098933 0.146870914803983
0.247441888387316 0.208882286697349 0.0588380598086363 0.0911277863229045 0.0712776827315322 0.22998857470452 0.0924437213477426
0.204105279723522 0.186406125543764 0.111500467549183 0.146359357249741 0.0312801239479049 0.178619141092761 0.141729504893124
0.118902672869335 0.0177356346513522 0.23104279725255 0.218093248889389 0.197086518306288 0.0323311365233762 0.184807991507709
0.0697310980758001 0.0907869515916907 0.308943103010329 0.293967676428251 0.106431415091016 0.111966204219658 0.0181735515832547
0.00134590766555657 0.235316312242033 0.0573777965768606 0.0946440394440527 0.286026434603756 0.236109877783569 0.0891796316841721
0.0183540469321474 0.0656939686538411 0.204266517526822 0.243014885078563 0.182792270264061 0.275043814529355 0.0108344970152112
0.196439605609012 0.042499471193841 0.247539527791205 0.199940026096612 0.0502645538833633 0.127531287560113 0.135785527865853
0.0416150721043864 0.20566116581686 0.232559948379304 0.192405275323808 0.0618693063306432 0.00576044496862435 0.260128787076375
0.131031537922913 0.00364758570300497 0.265829762178728 0.31401611663435 0.102542896856387 0.126594753448902 0.0563373472557154
0.132354937868565 0.0285939426142693 0.190523863181998 0.211164005855151 0.119944146434516 0.26804528746557 0.0493738165799297
0.000302160807519182 0.124805768061658 0.143157223999117 0.140484957679163 0.144844874501198 0.251471082820454 0.194933932130891
0.0807194142071789 0.131292409669623 0.122658859807912 0.159322912396278 0.110210928564693 0.289232838370611 0.106562636983705
0.203995548484314 0.0306775738876021 0.177478022675748 0.152433043998678 0.0803358189077049 0.192499360335047 0.162580631710906
0.055956662010313 0.193596997952699 0.0689389626918099 0.146755142845471 0.154249775339166 0.0894513970641157 0.291051062096426
0.185164811552957 0.00552089732045629 0.0425220795933277 0.106075727379 0.193236818095057 0.22090091028739 0.246578755771811
0.0531081210731715 0.0440630435848386 0.0975592435101633 0.254103384987573 0.195554266349055 0.224728148080276 0.130883792414922
0.280481882385246 0.234460889374844 0.0811840540541659 0.0407813025845273 0.249830449290352 2.93998620123354e-05 0.113232022448852
0.0588881620282904 0.0212383830473069 0.203056470033699 0.262973496615051 0.067997014437301 0.20007631464915 0.185770159189202
0.0602781433018294 0.245600133304514 0.282998444502154 0.125945723053613 0.0838454447684426 0.180481968819908 0.0208501422495388
