0.29847668914335 0.148743020477033 0.300260728752418 0.0995554413117255 0.152964120315474
0.160558455215049 0.239412991661975 0.242025807355098 0.174097707494647 0.18390503827323
0.109792091291156 0.255332017992415 0.295344859970802 0.305731272172811 0.0337997585728171
0.0537976178786823 0.239895902781368 0.160140115015285 0.279266765066705 0.26689959925796
0.228642186486798 0.0366369523288302 0.325203330222475 0.223558790517172 0.185958740444724
0.191874126509263 0.115093193682161 0.241013844680717 0.23952493484931 0.212493900278549
0.290747190927717 0.199089480898776 0.177458634838021 0.327919230454272 0.00478546288121371
0.207737502319573 0.188257888605361 0.169189079476562 0.317534260566471 0.117281269032033
0.418788180440857 0.0400556638231233 0.397221143448731 0.115330582028378 0.0286044302589112
0.152629449676444 0.239422385878339 0.0648827432544972 0.238863307215172 0.304202113975548
0.0117723699810176 0.259908603448963 0.337651128531092 0.344710023946519 0.0459578740924082
0.359305008505506 0.0830309723768862 0.0810163661886182 0.206156478059031 0.270491174869959
0.205560431686209 0.405335625757076 0.330017489813812 0.0234879953844009 0.0355984573585019
0.042476498023536 0.164909520735833 0.228603512074018 0.282594984334541 0.281415484832072
0.0204520122243342 0.209270619571605 0.149333230123536 0.532067998184679 0.0888761398958453
0.194481726134229 0.0541837489764281 0.28820903242469 0.274918311678346 0.188207180786307
0.272601172297746 0.234035586614342 0.309898061509843 0.175607824563565 0.00785735501450388
0.0701482602629539 0.0296727081675768 0.233838619274429 0.299433756491876 0.366906655803164
0.767229647503291 0.056755658921065 0.0149188815751409 0.156412762937042 0.00468304906346037
0.12033188084887 0.585906686083585 0.0128758842123186 0.268025509812873 0.0128600390423536
0.237836095618371 0.119856232192816 0.135585142085032 0.258607130134318 0.248115399969463
0.327656169996227 0.329955141375372 0.0122481111363838 0.167713984491354 0.162426593000663
0.212062725422382 0.202751010737812 0.278083316181891 0.0918675324307673 0.215235415227147
0.127268580822379 0.381504904340883 0.22224357351619 0.189598204625136 0.0793847366954124
0.253889919204663 0.258102856669382 0.171179852067357 0.163583787028502 0.153243585030096
0.488758070498309 0.266586042260634 0.0885736376722145 0.139801569426104 0.0162806801427385
0.185268641395195 0.262464738708025 0.135612747556984 0.21240394906337 0.204249923276426
0.283053739298152 0.223500330140003 0.21829346900669 0.117938798536886 0.157213663018269
0.471552665858381 0.232936841742138 0.178392899544157 0.0184495310165545 0.09866806183877
0.204982944319571 0.287254236683347 0.279586426193836 0.0756557210349564 0.152520671768291
0.267153978475054 0.256528897281341 0.232090109246335 0.227214414439137 0.0170126005581337
0.176591023336413 0.217768169462302 0.26250456352324 0.00268876333186004 0.340447480346184
0.221693669432755 0.0138160890315919 0.289352454506275 0.145136109986961 0.330001677042418
0.104648310886283 0.0596666133358267 0.309335010454127 0.283056169619472 0.243293895704291
0.11074965415745 0.498446724743062 0.283671143149315 0.0831942827638488 0.0239381951863251
0.107448504547287 0.406805441489906 0.314980929225692 0.12584924485589 0.0449158798812259
0.0668482133603302 0.202096973854146 0.288669591297382 0.390030611676487 0.0523546098116548
0.345906355212652 0.241453896412961 0.0327628924315754 0.303282185746124 0.0765946701966865
0.128391562103014 0.309073775554349 0.285062800749871 0.200717949336058 0.0767539122567074
0.206983476716053 0.224530656385283 0.133416108437071 0.188201707855395 0.246868050606198
0.341285746487545 0.0669216297516289 0.105834570012441 0.333746564872817 0.152211488875569
0.1043009540806 0.313713317599435 0.2823740084117 0.0355260872549915 0.264085632653273
0.273059329391026 0.0827756006100624 0.173951064883602 0.251006396488105 0.219207608627204
0.200991903204858 0.328074950837471 0.247610700144577 0.112085644424866 0.111236801388228
0.120511521337647 0.256381723849247 0.148103922442646 0.222282484912069 0.252720347458391
0.320504704727088 0.0825564482465591 0.248737851757802 0.302227639269964 0.0459733559985865
0.170283762895995 0.251248625998961 0.189542296279227 0.266481632322277 0.12244368250354
0.22106763700053 0.133528162588072 0.212922599203844 0.271333811398821 0.161147789808734
0.124197748842189 0.16161284295621 0.135470813452468 0.146691109751576 0.432027484997556
0.320784244871723 0.326923512479669 0.0136806633136052 0.0229609553873668 0.315650623947636
0.0632691488901401 0.0552011771677448 0.460379339060179 0.304377952018587 0.116772382863349
0.0256971713218712 0.290602155276076 0.236894678197801 0.231943881016824 0.214862114187428
0.170086522678688 0.180090646140049 0.224674132919244 0.0553772336509948 0.369771464611025
0.00416874159205859 0.0703646507808269 0.37519876314417 0.232624028909513 0.317643815573432
0.205360669186036 0.235053994390331 0.0908865847294503 0.214296098708195 0.254402652985987
0.119592899313943 0.140728679535277 0.237716504237676 0.366549011325069 0.135412905588034
0.384171442343703 0.0676539079822658 0.0913510338917946 0.371846701308041 0.0849769144741954
0.285056480268689 0.26933838931978 0.172895664994152 0.271862715053569 0.000846750363809206
0.0830885953526438 0.188409529762394 0.254959064403907 0.195071012735429 0.278471797745626
0.0643471783566994 0.24779200594933 0.287252569613637 0.396702912919766 0.00390533316056822
0.0651857390075252 0.266819211317761 0.134156539256 0.294328421716152 0.239510088702561
0.275312371500395 0.0418527408292742 0.235552804094732 0.0648903833463148 0.382391700229284
0.0436350982838372 0.445492601452243 0.429505236411183 0.0756315201953201 0.0057355436574167
0.132242719173317 0.265046938387514 0.174027531946959 0.146108393357424 0.282574417134786
0.175005031004734 0.107783862448241 0.246873086402123 0.293079414748324 0.177258605396578
0.258836909069068 0.234622311146362 0.274871328033084 0.0340730287697258 0.19759642298176
0.0231461415228033 0.135659640250901 0.243362723820534 0.304572725338398 0.293258769067363
0.189754181888549 0.0436069472150432 0.299278746813505 0.152595314826178 0.314764809256725
0.223918843666533 0.195819924385842 0.218555752960258 0.265706689020188 0.0959987899671786
0.305999785388294 0.274049943746619 0.160572142736798 0.126000740978034 0.133377387150254
0.23974664404074 0.20888326281917 0.146358965596446 0.106359948950423 0.298651178593221
0.25079143122641 0.229094508480495 0.0829768598482906 0.30499384416382 0.132143356280986
0.0960764044425481 0.0318689556897174 0.306709916868196 0.417716335586031 0.147628387413507
0.283779653973808 0.0723389006025578 0.222060107537652 0.344471308202738 0.0773500296832445
0.151247047121995 0.121538625126542 0.178553342279572 0.27051304438091 0.278147941090981
0.165446942779173 0.2415717090527 0.193399006958504 0.120132199827872 0.279450141381751
0.280601490435829 0.251599334474243 0.0122957461348539 0.231468425939717 0.224035003015358
0.131512604345451 0.0378835950040846 0.290867169934592 0.26190272363499 0.277833907080882
0.267088854116783 0.10660308418716 0.197522193462656 0.192617427130063 0.236168441103338
0.141218452299843 0.267529037241635 0.29908023003246 0.0234848002326983 0.268687480193363
0.252513628630126 0.107657087798641 0.0693956539665953 0.418098018992526 0.152335610612112
0.391597262067117 0.193169351062392 0.235808543873713 0.0772923091897085 0.102132533807069
0.271534229571519 0.203567198012502 0.239257512247101 0.175678526201134 0.109962533967743
0.133540882973762 0.243135025173951 0.18387998836381 0.138311302380611 0.301132801107866
0.0593437459446514 0.232136956037426 0.112680405842554 0.27010353349783 0.325735358677539
0.126482669061372 0.370404951575368 0.291300533808151 0.132510389588176 0.0793014559669322
0.113390137794325 0.3655834730569 0.460872234355538 0.0413762555895822 0.0187778992036546
0.0695430390406479 0.356585693094323 0.250136604375563 0.258138938004833 0.0655957254846329
0.0827340361483907 0.299378103302881 0.150120699950205 0.371102374444884 0.0966647861536399
0.211709460820178 0.00670713847061625 0.196012561508507 0.295072396502214 0.290498442698485
0.148254537935888 0.312538282521338 0.0232538194301158 0.174660988118181 0.341292371994477
0.262821439420294 0.273447030724458 0.0478522086927988 0.0604266694443307 0.355452651718118
0.26303750517955 0.232782094437596 0.166170154244027 0.0640178042214515 0.273992441917375
0.252133092885364 0.0273918777752289 0.297660463394826 0.276954518636066 0.145860047308515
0.190920564091821 0.229176123079944 0.229450264488863 0.221227635340847 0.129225412998525
0.0297595449150658 0.228124724962858 0.140586360404561 0.202472686878586 0.399056682838929
0.0819256143173813 0.172641960556939 0.0609218448769619 0.534127569036957 0.15038301121176
0.186318981825283 0.158473464523281 0.22970553124014 0.190207316989977 0.235294705421318
0.262715327542975 0.158476352997745 0.231408941262667 0.13290008292939 0.214499295267224
0.219633372879486 0.298940898824352 0.0321730996447276 0.163452670566301 0.285799958085134
0.371577323623859 0.196932865879725 0.167728875839785 0.106821032094825 0.156939902561807
0.278090081603574 0.0558729210105645 0.211773324771208 0.202069071788626 0.252194600826027
0.205697779139689 0.186543336416649 0.204185465121283 0.240717865604338 0.16285555371804
0.266290896043142 0.291155061367814 0.18797309385763 0.0363039872797458 0.218276961451669
0.287682978181815 0.145957493673062 0.262445431789566 0.161142273110846 0.142771823244711
0.0586679574604226 0.228157014842346 0.165231557792284 0.332743735215438 0.21519973468951
0.286740260443784 0.172746898867632 0.288857801366148 0.095173017373763 0.156482021948674
0.109248777413232 0.203460050819698 0.11289710411348 0.378657641566367 0.195736426087223
0.181616754022506 0.211992391064167 0.404829669445687 0.178179319768779 0.0233818656988617
0.0989170859772154 0.280314470029003 0.107618270762463 0.352466356852451 0.160683816378868
0.314291116036036 0.0761625257121508 0.130982972254611 0.347885463684621 0.130677922312582
0.292372742327725 0.342126424132158 0.0115046764742831 0.218745519973967 0.135250637091867
0.367116216673596 0.151940712273296 0.0971835056703151 0.213054115061213 0.17070545032158
0.226068764031576 0.29977036626809 0.282833021571012 0.0763842780144529 0.114943570114869
0.165900823261953 0.0169531605276368 0.333278314181371 0.275172947644773 0.208694754384267
0.0332651559728285 0.4270328681278 0.0388797588377545 0.411909918951942 0.0889122981096753
0.148769983290644 0.358621792883844 0.379797637000647 0.0557188256958283 0.0570917611290363
0.157643096247275 0.0466399539430259 0.357125667583874 0.357546141884685 0.0810451403411398
0.265438615165807 0.0681298529308084 0.213987027808023 0.34516170800885 0.107282796086512
0.269483445143897 0.278319919322531 0.12027719360435 0.22676227786284 0.105157164066382
0.0480910369867727 0.18120686570688 0.193336499964989 0.28989286954816 0.287472727793198
0.309042911326142 0.0215976846066727 0.275776801203493 0.134780805552849 0.258801797310842
0.38892687911314 0.0320566032732062 0.140825293839095 0.279440994390541 0.158750229384018
0.0179590580232164 0.197821473074725 0.70108328949192 0.0353827716863806 0.0477534077237576
0.426683518783252 0.0512368100854748 0.234738422442068 0.1554445097 0.131896738989204
0.0519670984497745 0.204814491626713 0.288242478021706 0.135753041790819 0.319222890110988
0.287383886099374 0.29669929700551 0.0258380442192533 0.0180636115868496 0.372015161089013
0.0650813331341949 0.313705229738581 0.255434899470507 0.154612799265806 0.211165738390912
0.270572453220835 0.170198711225774 0.0793352853876647 0.280244454525269 0.199649095640458
0.232621406271278 0.285312264091893 0.0894161943348101 0.129678000124297 0.262972135177722
0.10721618034976 0.0922950326108264 0.386059102522429 0.17718947266243 0.237240211854554
0.291605756365465 0.24363375003065 0.316619596769102 0.0980489930312804 0.0500919038035025
0.0291337996799715 0.352393996067507 0.164059577679169 0.174514137843687 0.279898488729665
0.370875003510748 0.158110974570901 0.139329012385497 0.202758485058193 0.128926524474661
0.337365785938444 0.178621655167611 0.0968035353721126 0.157468141448973 0.229740882072859
0.213907905978771 0.298067452161695 0.0166537797485556 0.0550154510680949 0.416355411042884
0.247111683601715 0.0884666446235751 0.26796246200597 0.0467650318654887 0.349694177903252
0.192541164840512 0.179082811242349 0.310630290524176 0.262886591675441 0.0548591417175219
0.236604998466908 0.278210751275081 0.0460647318439999 0.249746839900351 0.18937267851366
0.268653328205913 0.202919632693165 0.168994543168553 0.297549027961795 0.061883467970574
0.0415129258036933 0.405325949640431 0.19596051223097 0.0797337826272712 0.277466829697635
0.269746190410023 0.230149101041543 0.110367249937905 0.285222694613788 0.104514763996741
0.126452958529599 0.134218963739529 0.367758243866658 0.190355650103108 0.181214183761106
0.314740108912055 0.41855906167863 0.0324905268575475 0.0888841954923666 0.1453261070594
0.325849902989609 0.0515581407829427 0.0208695558741026 0.389585979591157 0.212136420762189
0.0802496553110053 0.212665188965918 0.230507261830244 0.228321398653082 0.248256495239751
0.103680797079565 0.169189996860805 0.24419763520217 0.247703570306624 0.235228000550836
0.14424335879926 0.366875484559973 0.0493560785600345 0.399802313270585 0.0397227648101478
0.345937998861821 0.224979578753903 0.220966859809748 0.0807053641598193 0.127410198414708
0.274868924272981 0.263229824855331 0.216251211331986 0.114152852062409 0.131497187477294
0.196746139314349 0.109717207322936 0.218601876544767 0.149522925692721 0.325411851125228
0.219841331296983 0.272221558751484 0.169268064257471 0.086309553629801 0.252359492064262
0.275790285311295 0.112003021266718 0.0809647199507337 0.311214187287324 0.220027786183928
0.0485095525175452 0.3115385545298 0.282955362639153 0.18556110391102 0.171435426402482
0.349300216372728 0.152264389170733 0.137099861956206 0.187954501682993 0.173381030817341
0.180644218721072 0.129056351375897 0.22644960141889 0.34813388674445 0.115715941739691
0.168714860971976 0.0180198243153582 0.184009495472029 0.253231511899174 0.376024307341462
0.291116086097245 0.11299319346804 0.294356888818836 0.0981788515198829 0.203354980095996
0.046783430658129 0.0718855132586703 0.16844841990073 0.342764297317811 0.37011833886466
0.179910510220454 0.305960122788225 0.30811698040851 0.120509462975321 0.08550292360749
0.202332852549844 0.261660628774556 0.281466144509855 2.30355724813372e-05 0.254517338593263
0.0504517844163266 0.228000451456964 0.158541544925975 0.0019880123355221 0.561018206865213
0.0834029127143287 0.387224740671641 0.0893589332677117 0.332074569166796 0.107938844179523
0.368176335359844 0.108842087112375 0.293499351406389 0.0278723003387407 0.201609925782652
0.175639240913303 0.261419779911569 0.101561198118576 0.0364059522921823 0.424973828764369
0.156022508037076 0.0418926928951199 0.257951131930662 0.324455774200578 0.219677892936565
0.168781911035152 0.174250561161168 0.00264942242002117 0.322210143182821 0.332107962200838
0.0372119772460954 0.226798193139885 0.18364130009828 0.543836144544464 0.00851238497127669
0.125984432453615 0.360770759694196 0.103057771588284 0.0733114674115644 0.33687556885234
0.254532488302906 0.231098395061605 0.0910707640623738 0.327902092213519 0.0953962603595962
0.231883040713994 0.159973226152875 0.181950757719368 0.127167915231203 0.299025060182559
0.427025713170087 0.183770350923104 0.105120914745847 0.221686409830014 0.0623966113309489
0.270306455258218 0.0615277576765274 0.224320272998726 0.339106008757955 0.104739505308573
0.238441037183144 0.314686925455467 0.267017313455955 0.131414255114674 0.0484404687907594
0.164397414985403 0.205339396633821 0.260946962665324 0.258845269810869 0.110470955904582
0.218005999853861 0.174697835503232 0.294524657428636 0.298657911723299 0.0141135954909722
0.0880437030456367 0.188946586962641 0.300243969735641 0.115324580988706 0.307441159267375
0.214540794765069 0.239076753842507 0.171689791075505 0.19215700320155 0.182535657115369
0.11141064356215 0.38456667996477 0.275507573896988 0.0626246874413909 0.165890415134701
0.134011100066582 0.0592609407371805 0.425016174983246 0.300440226785527 0.0812715574274644
0.0524997563821146 0.381138513714632 0.133648814441972 0.161446498904473 0.271266416556809
0.249494427973946 0.0771581902215996 0.0907058271993779 0.257914123129926 0.32472743147515
0.111401747774063 0.150511515397043 0.366358223854997 0.199108365995225 0.172620146978672
0.307696717703275 0.315666730376857 0.278602409260408 0.063845750137805 0.0341883925216555
0.215711806416586 0.327197273267182 0.0523663763385798 0.363840772949186 0.0408837710284659
0.0618205735600665 0.167126359608477 0.249940337004575 0.401965383968141 0.11914734585874
0.324199795070703 0.261295853814421 0.0175082122706587 0.000271115897597286 0.396725022946619
0.0978892379528375 0.423739322743899 0.112766586550302 0.142250831972039 0.223354020780921
0.117402723059567 0.313615348870964 0.316597333233 0.0679423223369086 0.18444227249956
0.402039682726682 0.138781035406583 0.198547524672076 0.09552557308306 0.165106184111599
0.279537818859288 0.254940283782683 0.0224097183485816 0.128246224555362 0.314865954454085
0.273098497733271 0.0655724235948007 0.225816378919843 0.320489204519647 0.115023495232438
0.362481032863179 0.236721925737922 0.0156977702592102 0.202535039173074 0.182564231966615
0.247818409118053 0.163170172678013 0.272028710462283 0.245210198515267 0.0717725092263852
0.0761353903681565 0.315569263810717 0.208189074446528 0.324078975064722 0.076027296309877
0.124563028618777 0.228411383100611 0.278634562870798 0.163078728983898 0.205312296425917
0.30046705338175 0.295798117217674 0.170990546355131 0.23122299108385 0.00152129196159535
0.326009796798041 0.339591347359236 0.101086413585548 0.0934642525581983 0.139848189698977
0.300568788974013 0.285743978555836 0.306756583795515 0.06893797403947 0.0379926746351666
0.0092824347946757 0.187516205936415 0.0589644609212858 0.292815859595456 0.451421038752168
