0.214023972434835 0.0206781757217244 0.13486771122376 0.150851614539874 0.0677594576623224 0.16799477343602 0.0313248676895714 0.0077901188266061 0.150446638536005 0.0542626699292815
0.0902485592847902 0.14793962915976 0.145400032462653 0.0874681872397568 0.109757547600462 0.158970517601622 0.0319979435656949 0.126405588781939 0.0511810545367851 0.0506309397665359
0.0764914613893894 0.146268063712989 0.0767041938192612 0.116926782945819 0.109744748951877 0.0396039889668853 0.146442296208243 0.0766952489344945 0.0853866476443193 0.125736567426722
0.0635816473208527 0.119915064528432 0.139608618727815 0.0695154045727108 0.0446405860646629 0.1164979155842 0.168114631460879 0.104180544710347 0.00843772637467547 0.165507860655425
0.141713922918753 0.188516967099583 0.0261474603157723 0.158324689532303 0.0355120262417262 0.172996508719212 0.008344340754216 0.0496019480711334 0.0636885388392316 0.15515359750807
0.0674812406416293 0.0331646060120251 0.0872925010558324 0.20035136666046 0.0767910058666009 0.174794423665374 0.0622218193585289 0.175110615384356 0.108119167217356 0.0146732541378375
0.0415051751324179 0.151085053495509 0.0756735622105965 0.0277449777823369 0.182187905483545 0.253605196763491 0.0838185672826103 0.0144702841775842 0.140410895262416 0.0294983824094929
0.165215450657568 0.130166307132647 0.130801447746212 0.173907998357151 0.00583177370335999 0.0847056781977223 0.116590515097793 0.0853951397637689 0.0661781645646161 0.0412075247791609
0.187968486925797 0.0191544411052971 0.106998078225303 0.150205086317289 0.0452096263179935 0.0927593057688016 0.00636755877452205 0.186855273412888 0.0622922568219734 0.142189886330135
0.0186877906113672 0.222621802846915 0.027608785065745 0.014298852832848 0.128953575439023 0.0135506000252131 0.179405263530445 0.171854578323094 0.0630851699070205 0.159933581418329
0.0491129087095224 0.185422714182195 0.00539366214001975 0.0328478596092651 0.197888015384074 0.0363446616596537 0.213235573940572 0.00331813903718549 0.0114769480054436 0.264959517332069
0.0877054432866816 0.15295454721494 0.0854166991300097 0.0358426896552486 0.108360587768478 0.153154153264894 0.0778854356112725 0.0379448898285182 0.138887590511768 0.121847963728189
0.185459653464597 0.0282408306979748 0.0519780123272622 0.134311775548871 0.1368143483219 0.0479673281754556 0.0432269052016763 0.0499059581799553 0.203532176599486 0.118563011482822
0.0450791238252822 0.0911600149181983 0.16100621806049 0.0678281084422975 0.0680980243454796 0.170064166503925 0.0727451338487904 0.00936307244501843 0.12328465261959 0.191371484990927
0.0531427725330028 0.125739073961809 0.135994722272754 0.190185534468612 0.0578050524872505 0.0163861038954695 0.233497039541051 0.0131427180330012 0.0709692339320576 0.103137748874993
0.0277363664471435 0.00214902037851971 0.255751573546133 0.133865732597425 0.0219610107911176 0.11223879005557 0.176947592868671 0.0929574340030909 0.0920147115907707 0.0843777677215589
0.197061883031241 0.0486776221290606 0.101588273431931 0.223547183618055 0.0904562854293199 0.0205116155862006 0.0600097753463549 0.168154760664097 0.0879931370301688 0.00199946373357259
0.0821800611033612 0.0717192199726485 0.139358824012801 0.0257134412575027 0.0676376410758082 0.183209312785163 0.136593233930144 0.0836596778811786 0.0226029505417933 0.187325637439598
0.10022225891657 0.101895029472829 0.164341481716659 0.034831619023188 0.112540135136738 0.0991911701897222 0.0774416586906816 0.0428601321122299 0.136267790982489 0.130408723758893
0.0463622129815794 0.10937339617396 0.115804281062507 0.160918628309047 0.155597247991029 0.11313195290607 0.165770465490589 0.0251765306896701 0.0552510792509976 0.0526142051445507
0.0698136247757936 0.121788494393879 0.0311362472686228 0.0388362330440222 0.145893784599355 0.0749203693158826 0.119117510898926 0.0931038610445631 0.15928481205733 0.146105062601626
0.113338302489608 0.0729021577926292 0.103543061839454 0.107182112178289 0.156323039127644 0.142937057158521 0.0581000560472472 0.14224795173483 0.0950128659338381 0.00841339569793926
0.0733574122323438 0.0760914956992761 0.131050628226516 0.0983621552714185 0.111788772605861 0.0586261882364857 0.118448057490832 0.111922117303997 0.107041727682571 0.113311445250699
0.180023257224494 0.127768637616649 0.0695204932129221 0.0309501339979964 0.021136953311735 0.183962987103188 0.0911139024341174 0.0937395443714646 0.0181355229922918 0.183648567735142
0.0727179071004524 0.104939884077455 0.0826937153252216 0.0481904743034971 0.112617568098476 0.0463191435236359 0.107460631947721 0.103150584662665 0.0877188966271468 0.234191194333729
0.0946477328439526 0.127329527241548 0.102647408650865 0.164842567662717 0.0658332663279318 0.136821976335017 0.232424282902783 0.01581281747537 0.00967193403095673 0.0499684865288599
0.084524806535289 0.0826435273879553 0.195277344646322 0.101706020080991 0.112995501581231 0.00549691036753825 0.0722202504260765 0.213586263641391 0.0855291973865713 0.0460201779466354
0.139883379942762 0.0214934358615946 0.113057945374262 0.13540493961166 0.101077798964685 0.116735462731895 0.132721744341862 0.13325152173393 0.0562782497022714 0.0500955217350775
0.00599574565101162 0.163238691432809 0.162177435341224 0.180303886344379 0.00689106256661459 0.0483287477525899 0.0502356543022912 0.167494732728272 0.146004840385813 0.0693292034949952
0.0434144697242146 0.188449548280477 0.0956643070101366 0.0265110705524093 0.0691808110427327 0.025470886940761 0.124504117502466 0.255172350505284 0.143637294784438 0.0279951436570799
0.130600669102347 0.0518282047646908 0.119039755348454 0.062659046891334 0.135882926372037 0.138247188231794 0.0605910318272798 0.000668281896229141 0.163004762457694 0.13747813310814
0.168800550676023 0.115533566853572 0.04606614740875 0.0918263328466812 0.179579021769912 0.113547689878284 0.0460022069421257 0.0854134978244353 0.0806138195396261 0.072617166260591
0.164796055051835 0.0676712159221762 0.172826188399808 0.00490656262718287 0.00284554714841475 0.149892715454755 0.095410054665432 0.0727867897834322 0.101477889342452 0.167386981604512
0.0331761551769792 0.0775367156098004 0.0499753744364891 0.166524925477777 0.121457314440274 0.0581378063533049 0.071292634402622 0.112991651459222 0.16805481710874 0.140852605534791
0.204060202990935 0.0265715541371842 0.260994865745012 0.0157880696385231 0.135165969364429 0.0159960899710225 0.02926751886105 0.123504349431069 0.0965138546855145 0.0921375251752614
0.0416934863322844 0.169047465734813 0.182965692493688 0.1293165095502 0.0794445355483483 0.0370728141357939 0.104158498584863 0.127782288901753 0.0641810703274492 0.0643376383908073
0.00610768071049868 0.210277470131076 0.087145805254487 0.219097466290585 0.0702402775853919 0.0697998467714568 0.15335008086088 0.0844250748824295 0.000297431050288378 0.0992588664629065
0.0401567338407762 0.0839110656373439 0.119193805543777 0.109896738990738 0.172282551137661 0.0233601101757124 0.11927372454383 0.0551922387391457 0.0706922560244964 0.206040775366519
0.0253722735538156 0.0356355482997936 0.12280459364483 0.178261825207742 0.087269125901616 0.173467424464664 0.0384516591563722 0.163793473266306 0.0177498727585896 0.15719420374627
0.12326525689 0.107059914786066 0.0889716326647469 0.094118695517171 0.0877621747526218 0.180902318392049 0.0683314578543437 0.140541145118635 0.0582431637274532 0.0508042402969129
0.0478596852704702 0.163957324812472 0.0716495716533759 0.0542790191020604 0.0472581838181126 0.063929675699271 0.248274304403147 0.155064272065508 0.128742560057671 0.0189854031179113
0.116260414966887 0.0857384457703524 0.093365529744593 0.0813345173701677 0.0655957381011762 0.0520140439203498 0.124955485454959 0.0737476941925686 0.149628383132834 0.157359747346113
0.100726854238467 0.14702335402628 0.173583345004664 0.094833852413782 0.0201732933478352 0.140884945999617 0.0095810540592084 0.0897946775727896 0.0549633073709485 0.168435315966408
0.150907727858885 0.211441227367786 0.0779172185619739 0.185489861026394 0.231023020064181 0.0308296135629937 0.0433595184634901 0.0535623371206075 0.00621144630289022 0.00925802967079819
0.0779635280655757 0.189802816199509 0.0431797856499446 0.190443720301282 0.0453333509314831 0.0285548500480025 0.000204786366767584 0.162317054230264 0.12663626423119 0.135563843975982
0.104650677723359 0.183535571898082 0.0215789978850104 0.0434430677275441 0.0330802372032647 0.0846375045679754 0.143894778430567 0.206654930038184 0.144040223445695 0.0344840110803186
0.0130892908586558 0.166116523797509 0.0826713926586558 0.133376286516024 0.108069509847629 0.0876576670133406 0.0448885934895862 0.15830575590051 0.147946156035831 0.0578788238822583
0.0792717486792135 0.177750763623042 0.168856785938876 0.00145937095700052 0.16772933974294 0.0925128794227977 0.00937314543937905 0.116795973779816 0.143347778489778 0.0429022139271572
0.0637789485382438 0.0643546666422874 0.0743764641374915 0.105127878364032 0.0267007676358575 0.0162660592027239 0.118082595862487 0.17596077285335 0.221520797172117 0.133831049591409
0.161011650930407 0.0925221511954323 0.160818278814116 0.0726315024555364 0.0744438048129523 0.0918843756318145 0.0911323177183516 0.0484359501455328 0.0760440565063202 0.131075911789537
0.0866665760489755 0.0892440292166444 0.0712448873826659 0.0768427771606814 0.155689790619773 0.0741314164478178 0.063049516776476 0.104904857429233 0.150130708795125 0.128095440122609
0.0547228246976902 0.161005821586566 0.027265195404273 0.0779177999106911 0.187289170732127 0.0431911661301836 0.150620869873112 0.173850202313545 0.0952041311926132 0.0289328181591985
0.152125691948822 0.0708840837086152 0.0923950570948571 0.152869070235638 0.152740984820338 0.0275454738347542 0.060001051327053 0.126482933986703 0.0267504312933662 0.138205221749853
0.150316489647287 0.133427122943414 0.100238173860341 0.132203415396236 0.086918975508214 0.165790414543567 0.0290740109883087 0.0250095502625235 0.0231233514537889 0.15389849539632
0.0581920134654664 0.137485145430534 0.131000665105932 0.214832945009437 0.0280125462135213 0.14389310202884 0.0269684009207964 0.0344566801861467 0.0198140044502815 0.205344497189045
0.112656738937821 0.0380453982754706 0.0671391533152637 0.128006826614867 0.157444043671705 0.0299255657139369 0.144441988721751 0.0992749906299651 0.106389992727972 0.116675301391248
0.140334859424221 0.0524090142124298 0.140200971314275 0.095178312821868 0.0209544984736728 0.151763750587366 0.107128110576029 0.138026748595667 0.0494490143352832 0.104554719659189
0.154692637467663 0.109096484899609 0.205557429697981 0.0297305732048366 0.0485262665679961 0.0475529987897536 0.0266653021742776 0.158428195856598 0.180879302684889 0.0388708086563962
0.139966143922922 0.0753881350754997 0.116178891351682 0.135856869960642 0.103271647471035 0.116271606661524 0.0778805521096636 0.0423848934935387 0.09799321507053 0.0948080448829644
0.0921059253356238 0.10574269465512 0.0896441538643874 0.135090529561731 0.096609176825402 0.136649219552306 0.122635669051598 0.0201745784964047 0.117364392424468 0.083983660232959
0.0606539139032709 0.123513070440946 0.207248539204947 0.237180644245022 0.00164543893486597 0.134626770112653 0.0525043488333273 0.0856352673908914 0.0588091606925108 0.0381828462415668
0.17919743806352 0.120652076169136 0.139320989657089 0.129985945473767 0.178176158303887 0.0338694925701589 0.0429700342845394 0.148440662853474 0.00799842789164262 0.0193887747327866
0.102526406449199 0.109746982049382 0.156738376412209 0.129525980484534 0.113124785549385 0.0127386477904815 0.120220759327514 0.128003309872421 0.0044036763030648 0.122971075761809
0.149714706763082 0.101645329218856 0.0204347556238285 0.000616358330087836 0.10630039121568 0.113812640388547 0.157853995866969 0.159719570609555 0.0676628895356492 0.122239362447746
0.217263224850323 0.0817701072552787 0.0756751816107225 0.129723738915003 0.0869524208044055 0.0756618462058815 0.0154398776650216 0.13029733134973 0.133487348933061 0.0537289224105734
0.183310307756755 0.0883894623626504 0.0757199863902313 0.181628669992693 0.165718365569043 0.0537878110832567 0.0112134066195406 0.0521808749510598 0.0688347447085448 0.119216370566225
0.137263894553845 0.0230788811022011 0.134443556930801 0.118274265737216 0.021375756978957 0.127980203547301 0.139678479346343 0.136854591031336 0.115877240519294 0.0451731302527055
0.0442130198268615 0.0986765135041654 0.0614669087509369 0.0410964008712883 0.149313579602169 0.188239828263784 0.193653307189868 0.0497634484935211 0.152134504410451 0.0214424890869545
0.0767123133918459 0.0459393674016655 0.0207937673732411 0.158940574388751 0.165242481400393 0.147958577796389 0.110542136291343 0.122522256799497 0.13221735534431 0.0191311698125653
0.0943021266446287 0.0903465713837242 0.155372971922353 0.0148573712763629 0.151912499578365 0.19461864405659 0.164228176346233 0.040439691942544 0.0262038211406386 0.0677181257085605
0.0449490715169036 0.0214314504165256 0.119002388453385 0.114148208097976 0.0280948336319476 0.113559675572988 0.162690959918575 0.174999488452535 0.0867460996144784 0.134377824324687
0.152452574354226 0.0488520463487739 0.0267856341483328 0.197793341445379 0.140978500251604 0.0258041898592958 0.0586304605008644 0.187345197528552 0.150170572258681 0.0111874833042903
0.0991136010896503 0.189200297602208 0.181206874821723 0.144170502177389 0.080674044225151 0.0516264258479548 0.0876848018207448 0.0229586607509218 0.0517093074638826 0.0916554842003748
0.0429919714324059 0.0918966776096865 0.0408033490640714 0.128379777501716 0.168881433402416 0.202480213471365 0.00597632651536791 0.203861983351286 0.0205982750652118 0.0941299925864744
0.0878646933669523 0.153447942000069 0.153668398147489 0.0479201549100337 0.0885507887749234 0.0266076651360317 0.0958334918022405 0.125610241213775 0.0704175523972077 0.150079072251278
0.173789239954603 0.121155359064409 0.146705451195837 0.0643138388837766 0.120802269325193 0.0527459828180059 0.0975518600792787 0.103561448505824 0.0755790608086008 0.0437954893644716
0.0435153518893661 0.123332233446116 0.0514082445662429 0.179071783533292 0.118488580280698 0.0252532430349762 0.141517096168388 0.116203856671125 0.047477817318806 0.153731793090989
0.0088600710809178 0.106155073044649 0.156271975143441 0.0662051187058467 0.175332317638783 0.0147996313462978 0.0950575006478034 0.193135079472962 0.175651969968136 0.00853126295116293
0.14795696127628 0.173678230397388 0.0975774044142253 0.01316695829789 0.100545481627052 0.00547312539156447 0.0649956833219869 0.17791074585892 0.0496640023715541 0.169031407043139
0.116169452715987 0.122282111404016 0.108411156234618 0.0371384809764914 0.0857653397774047 0.0368942341162116 0.135690119426315 0.122255828787174 0.133326825169665 0.102066451392117
0.122555853070405 0.186802674130977 0.0229895584339865 0.105448167035059 0.00613687788717866 0.0681783758364492 0.123104167135333 0.168819585450921 0.0887548904288053 0.107209850590886
0.202445276640062 0.0532277310614186 0.00699547926899451 0.0366026455885542 0.177367480074808 0.00359770367978566 0.211759062180555 0.217432344983767 0.0133653439335771 0.0772069325884778
0.11476928430975 0.128151608572118 0.0725568384400885 0.0816061347312892 0.0408599388204504 0.128139655768879 0.157753827971157 0.0712928251848169 0.0651393935967831 0.139730492604668
0.00405531166003884 0.175689614455702 0.0637567113577906 0.088770673763729 0.0977929379959704 0.183299690268734 0.0473183531894318 0.0726990137747151 0.163736912480596 0.102880781053293
0.016728350594042 0.16069282857202 0.0145494818117639 0.00699921719435898 0.0811145438472109 0.0630825858022552 0.156511262235209 0.179137737789277 0.236339314666495 0.0848446774873682
0.129143353358647 0.159943795572733 0.0872257480292539 0.0480731750094169 0.0424372694669544 0.0726205395258924 0.0962371324644306 0.0911048766690097 0.121496656494675 0.151717453408987
0.0979761381280767 0.0373482708601089 0.00911805820552471 0.188927921585335 0.139951070478825 0.123142343324877 0.0466037195397359 0.063280094140372 0.140076288976363 0.153576094760782
0.192347737438066 0.0959603373305631 0.0877420880579884 0.073485252372645 0.0274319035345709 0.0409285417915792 0.172593207211065 0.0159545203253351 0.134146385836611 0.159410026101577
0.167803874496588 0.151606113281478 0.0932666597156783 0.00971465006202372 0.178448353457069 0.00719744311842149 0.169437821416764 0.0900839210180388 0.0254695727615172 0.106971590672422
0.0685283611449293 0.12699567220949 0.201020231622339 0.011101105146751 0.0213463452711675 0.178011114526546 0.114684470963581 0.0992972147357798 0.0458704721543296 0.133145012225087
0.0497852764331803 0.0183712298767795 0.126070917456557 0.170407930427721 0.114597803488808 0.183083917801956 0.00833742390757774 0.146427218236147 0.103126482483208 0.0797917998880653
0.0594778188527344 0.233088508356434 0.242615458165012 0.168487786958707 0.0551422981869535 0.0383969454144556 0.0192575041226951 0.000705598060849158 0.0992950703064505 0.0835330115757087
0.0753689182216567 0.106338649834131 0.0149644109286378 0.128276955648135 0.135156033566187 0.10174954483267 0.193644102921585 0.128619998503424 0.035196152970033 0.0806852325735398
0.190971259547725 0.0216107455847511 0.0438729717642331 0.146051028243264 0.110059876647476 0.0720399190937788 0.195888775433021 0.0541452702043467 0.0094840452164482 0.155876108264956
0.0789917778496477 0.0183222733937008 0.11338675132274 0.137773618004459 0.018175160301738 0.149332061342673 0.0988074420920105 0.163831508255823 0.0848951390789785 0.13648426835823
0.0424451106621557 0.160255752705633 0.00609419218207908 0.108952818361721 0.129574952724259 0.156527754730163 0.0972354341630078 0.212296170870017 0.00636602218677444 0.0802517914141904
0.035578236442501 0.188224156646997 0.0683427868368851 0.0282863728140708 0.194145226876162 0.181204289782827 0.1783569780117 0.00500012406755976 0.0086521898053942 0.112209638715902
0.0721297298055882 0.0246122542915911 0.0360089759475811 0.112723590834798 0.0320302958162295 0.259486214318471 0.0349150415851038 0.169255616982154 0.0441962017451684 0.214642078673314
0.00635808051263769 0.122972399063769 0.147565378577746 0.041681837831039 0.0993107625272127 0.0891257037227782 0.118267332744758 0.125936014754241 0.103130993342769 0.145651496923051
0.0310644402926707 0.108883798259852 0.0522125177838236 0.174456886248046 0.0998140281335228 0.155231178712002 0.0376713936742775 0.0759461206286131 0.103917343457458 0.160802292809735
0.1233151516766 0.0128826632611611 0.193875644710747 0.16262839408726 0.0702730656094959 0.0863926366965765 0.19049479339453 0.0508125422871575 0.0519322675176904 0.057392840758782
0.057398956949627 0.102040790448939 0.137161369203675 0.0675468691700383 0.142177742298218 0.0478555552770547 0.123763978240708 0.0968813705754027 0.130926266741606 0.0942471010947303
0.16904936803443 0.143883680762384 0.0557252209982447 0.0894883406819535 0.00923827114774353 0.169883036028637 0.09913102952164 0.0854438406526132 0.146818086917973 0.0313391252543815
0.112523890674646 0.159460765364321 0.144248306086525 0.0640942470206276 0.0525395759119874 0.117965886533506 0.0529408663999592 0.100375025847306 0.142168887293344 0.0536825488677771
0.00570411321285845 0.00692211435090486 0.0381222627722613 0.0275776416944313 0.113892503421795 0.221094032741746 0.0584442621677053 0.190479296086162 0.147277463484508 0.190486310067628
0.173073623747427 0.0530513193814233 0.112282226889981 0.210273672688095 0.173300647132088 0.0530859425753847 0.0169246084178671 0.0280679999384715 0.124781976516547 0.0551579827127157
0.0207858511087159 0.153978227055108 0.17374967256677 0.0207379398305445 0.140029374790325 0.0446209255544529 0.188549257913357 0.0500078382598066 0.15082250452352 0.0567184083973993
0.0841674511519281 0.113250336890346 0.176775163470194 0.165436128387045 0.0741279166702783 0.0641619559111589 0.118135277190823 0.106178893226497 0.0149488520921582 0.0828180250095711
0.107616774305407 0.119459383594182 0.107202286444106 0.050812220501217 0.175745304884805 0.0639909586366225 0.0749842100846574 0.0325865048892895 0.137636291377184 0.129966065282529
0.111877715742189 0.0918654387198783 0.0465230053570734 0.0175537009008172 0.159407733778869 0.0302088901972216 0.0363616741852518 0.16173320594403 0.158128843497053 0.186339791677617
0.0638878143338912 0.0991728363315278 0.125439446669181 0.0624083047144516 0.0738315105217681 0.107511989418659 0.158010251099676 0.126651943937212 0.067860570978466 0.115225331995168
0.0564958378795539 0.17568424690917 0.0649998321068064 0.0352433100827039 0.251122435550361 0.0557938156344192 0.0139106298559537 0.0724712578505306 0.257155149120835 0.0171234850096662
0.0296277532882869 0.0369281897197936 0.0315461726370324 0.17724891982787 0.0523032457717693 0.182401640449731 0.0399501519311184 0.00218384925870098 0.340793592889865 0.107016484225834
0.192426072300285 0.100040982568971 0.026700802425355 0.0170204466835862 0.143975587680863 0.164677211682867 0.0669476873233244 0.128514217536194 0.0310549545248481 0.128642037273706
0.182898264723336 0.071348231712164 0.13175366956789 0.171666536132438 0.0836968681175732 0.0737981937908993 0.123921753517117 0.131107339777071 0.0278663804826752 0.00194276217883613
0.0678893440018423 0.139494654664613 0.200702969571356 0.066704025280552 0.114159986167588 0.158128214148847 0.164267477104391 0.00769258794115511 0.039698494883675 0.0412622462359804
0.0196496394231317 0.210882694912052 0.0573076857869708 0.0814301342344981 0.0468073367601055 0.044937305104977 0.17217111890532 0.136948484777781 0.137877210799919 0.0919883892952447
0.130264864577355 0.0207327119269221 0.0625782888025358 0.0961994982850684 0.044727105401826 0.177473194495578 0.141848037605936 0.0348645132110312 0.123879919316131 0.167431866377616
0.109925867248622 0.0929869708935098 0.0599192001587115 0.0125953703933654 0.123715604875162 0.10386597085407 0.072942351481739 0.0961581254435907 0.206889961435536 0.121000577215694
0.0635305799032149 0.0205750423142619 0.0778296677195366 0.162582879731427 0.10008805071615 0.169797347863006 0.10587278884856 0.0445009750694075 0.187301165682475 0.0679215021519613
0.202899500331297 0.189581612339453 0.000324554074071328 0.0105427873520194 0.0281747427423674 0.114504262975223 0.221991111349742 0.00996420196750327 0.105427574498116 0.116589652370208
0.125400537542854 0.112464402821529 0.0209654578575952 0.147421378781053 0.139047038856038 0.0475524693746592 0.0680346587271344 0.094664169120372 0.142934782293123 0.101515104625642
0.0891350651488489 0.228680732191618 0.103946448192763 0.147267990538508 0.0313086895935901 0.0124783384227599 0.0888276802451222 0.119653336794494 0.0805392160269676 0.098162502845328
0.194675699525002 0.0775214811502721 0.115391845052263 0.0109701043593609 0.0918156821059344 0.108208809978195 0.0712421178023642 0.0879488262280802 0.135329118840035 0.106896314958493
0.0642677159542575 0.0307896003439108 0.0906877617373441 0.153816176758923 0.0891504404722243 0.0211869105060851 0.17164066996932 0.190132519091844 0.160306790095591 0.0280214150705002
0.0309581753133953 0.0438055577788658 0.068463117984533 0.0368440758121642 0.0465723096251886 0.167003830666363 0.181319118960368 0.0982876519348036 0.152234854290531 0.174511307633787
0.0257181957703563 0.0779528519533224 0.104346987282255 0.230181796947635 0.153369982129289 0.0837075961263186 0.184525475540147 0.0206798429387379 0.0251167726363992 0.0944004986755396
0.102674586126104 0.134548431672818 0.139717965931077 0.0638612166856788 0.177147097050377 0.0218067049819074 0.134017855389224 0.128381007142991 0.0344812310228143 0.0633639039970087
0.0186439865100805 0.0946634663715446 0.18596134702565 0.0277773878899855 0.0796947474315485 0.0983627116705715 0.196131016054741 0.0945456311134969 0.0101784835292215 0.19404122240316
0.174142890863419 0.0790060924361482 0.0193789148858088 0.0910971494391625 0.00169152704278676 0.129518057204698 0.180423917129094 0.043682594641805 0.112871676919315 0.168187179437763
0.00339874697015884 0.250027497136763 0.12620651089125 0.1150490319456 0.0663424775712807 0.0343641556694698 0.1723145027059 0.0971716264066276 0.120888836928449 0.0142366137745007
0.1295842114094 0.100333425670108 0.125804151110729 0.0880225756130217 0.00626474355633351 0.0439983366960052 0.0749658007847265 0.127545846575029 0.171989949883045 0.131490958701602
0.021924676167941 0.220878370423068 0.210954779488879 0.0490279934556641 0.170015129575181 0.0126402736421787 0.0266794165392048 0.0416038601161122 0.198661274607095 0.047614225984676
0.0869819287400386 0.239387174086529 0.0498205473224986 0.00880955754526166 0.0945483382650808 0.0353745743489445 0.254237553180859 0.0235640321789867 0.156194501038348 0.0510817932934536
0.0959841185082144 0.0895567161620333 0.0862388963515177 0.136939070607485 0.126072653013726 0.130695962858045 0.0304033957963575 0.0839198395956488 0.0921250195756066 0.128064327531365
0.109947122776771 0.126882042003809 0.14623088759738 0.0786021872601566 0.108576937953992 0.0292652383388909 0.088802650113094 0.121198090065612 0.0970665707362795 0.0934282731540147
0.137973548256236 0.0740475156352816 0.12688575078095 0.0154123311033612 0.0829632721486273 0.138881554707389 0.153364493370095 0.0497040525675647 0.118458718221522 0.102308763208973
0.0771199980586812 0.15091229521304 0.0495324715254651 0.0570635279266954 0.0133496834878564 0.18160467446064 0.0445431514536112 0.214037587304042 0.0431920397155271 0.168644570854442
0.165572233287762 0.0917140231744221 0.105319769684284 0.101155098015689 0.0856279672437563 0.0891627792992268 0.116435890989208 0.159060849032084 0.0362011951658268 0.0497501941077407
0.154290021291128 0.116587544060017 0.169755290507726 0.0540040016324817 0.170760742013525 0.0369228066716913 0.0843337048613396 0.0262974404707918 0.0155340314748828 0.171514417016416
0.141261902819534 0.0201157034356658 0.183565051966275 0.110070652518934 0.0686348664067366 0.152107530526505 0.122529146013002 0.0292867130427283 0.0783085877524001 0.0941198455182201
0.0567949145109138 0.0994275303685986 0.0869561034899925 0.0297700327806048 0.185111221793168 0.197274605237727 0.110036680093384 0.130984613900743 0.00473068824106631 0.0989136095838007
0.117515656113245 0.0617821021030191 0.0697203691028507 0.105735342503946 0.0394332850507534 0.128119653680121 0.098814953621863 0.0967518906030819 0.158891113924771 0.123235633296348
0.158885079192615 0.153518339020138 0.000193987625583275 0.144967853001766 0.188114788143623 0.0182602912708986 0.0729297337406243 0.0574423819754097 0.162666276192667 0.0430212698366754
0.119234562764636 0.131779131541612 0.0447614737302678 0.158257746138324 0.130051197094381 0.0960822440226576 0.0519600952811093 0.105484482315793 0.158360677544583 0.00402838956663668
0.0356216734554121 0.169288447820593 0.0860768814720163 0.107153575947442 0.172134452424892 0.0612334994294473 0.0266325417054223 0.102044681078119 0.0786816264435221 0.161132620223133
0.0744778423530437 0.0778326215339784 0.140247408679634 0.0793155132403149 0.167656165473121 0.0784028301465272 0.175797898020957 0.0524291906905508 0.136747898178106 0.0170926316837665
0.100521449473831 0.102465526946819 0.137218902333512 0.163536191125875 0.151205174062004 0.0402929613241193 0.0183344401935959 0.0561088844618341 0.00981100031416844 0.22050546976424
0.0260288558759407 0.117959681638145 0.0964640905756343 0.0546996011851192 0.148401238672838 0.0178221094562636 0.166319620315489 0.213340388820029 0.106331431675377 0.0526329817851645
0.0903829805468776 0.0611545898562245 0.101823825915594 0.0318576236470455 0.175254424840802 0.0558439561622747 0.122467592725204 0.0783342203354342 0.162723670239031 0.120157115731512
0.156009298161614 0.127361891311305 0.112755255540268 0.063481052989605 0.0522651036725929 0.0138271663596628 0.0565320120774787 0.14493314931082 0.111913574675167 0.160921495901487
0.0426729674870854 0.0263432360748918 0.0737155727636003 0.145752539360056 0.0373556913531284 0.157056954493756 0.0722600832399897 0.124413994922559 0.15618790211189 0.164241058193043
0.137609128679644 0.0445011395078304 0.11755708794925 0.141009380638368 0.141984243788332 0.181870938532064 0.163960333205558 0.0321263659227641 0.000589347184925056 0.0387920345912639
0.00314525281284195 0.0569362332333948 0.121222008066509 0.0830579988897657 0.0823385809780718 0.178147647297564 0.133910284132979 0.140517204427379 0.199359440766715 0.0013653493947799
0.0886642162617782 0.114625500170048 0.0588810962761031 0.0840887112954405 0.0970724271175007 0.135066014390469 0.119757829264212 0.0989595923854416 0.0561554253886399 0.146729187450367
0.0244587303046655 0.0481500231678067 0.147744849423773 0.0269912247111106 0.135297835588841 0.110740880167206 0.0721837042937441 0.0871755141238245 0.131767723823337 0.215489514395692
0.136599668044558 0.0069086876158702 0.0415984450280015 0.193435683299777 0.206391000259437 0.0254456138949045 0.086373380717063 0.0240415743346982 0.185645347501193 0.0935605993044974
0.10681804306244 0.00810483372914134 0.110416145792784 0.133867486033991 0.101245456245242 0.178142419664442 0.023084092283116 0.119801792557003 0.134809574384128 0.0837101562477127
0.0244829245234128 0.0646384449441232 0.152860395088652 0.0649595431535781 0.0188076931418201 0.162311576417063 0.122665567354134 0.0806134991077057 0.211027918653386 0.0976324376161255
0.0498042660849761 0.167700540676001 0.0740809831822158 0.123817861773536 0.0655721747130048 0.122956390972037 0.151231551001852 0.0335947303161258 0.149211633770793 0.0620298675094577
0.0420016142252219 0.0604679856565959 0.153085661718917 0.112689811872935 0.000155703365844921 0.0486953879199825 0.0860713524338846 0.176049518869089 0.174077603875294 0.146705360062236
0.0889358118337082 0.126526218517054 0.10856143537526 0.141694945263404 0.0483568631100675 0.106365646044388 0.133210520691593 0.0137002454711613 0.0989505502960425 0.133697763397322
0.0120615112550187 0.0414844731926614 0.0696368955178644 0.0913111661261257 0.158014751529286 0.132044554819754 0.182824457753853 0.158831657546774 0.0426844313983421 0.111106100860321
0.159609971587509 0.147134817293512 0.0933863021979512 0.0614046182992785 0.208582659502518 0.191988132015291 0.0132353683705913 0.0230200428771374 0.0358350127990693 0.0658030750571419
0.0402027581088423 0.026937394811766 0.0331370695961071 0.143485698150118 0.138693003126977 0.0332024904529101 0.17085228180949 0.089572699113754 0.158635910826226 0.16528069400381
0.0215519905180543 0.0879557095698535 0.0262138014497836 0.0900146559820938 0.0286117501465053 0.161833212529599 0.136444630940106 0.158505090380158 0.170389153766671 0.118480004717176
0.0509915737629883 0.0941949292413689 0.110456424751245 0.126436557127987 0.122176759599459 0.119082908344628 0.0950539251075875 0.116045346235794 0.115769938729599 0.0497916370993433
0.172097087172344 0.102729057631984 0.0172906620535424 0.0632247465125941 0.0454454324617331 0.138172868177407 0.0643668646007663 0.184079548417399 0.0600414676371363 0.152552265335095
0.0479997530292082 0.192657794378293 0.100918086973166 0.120578104478444 0.0414758274389794 0.167174832787245 0.158180684617669 0.0228101082393259 0.113912176625888 0.0342926314317819
0.136267153113162 0.131392023197487 0.0914603312166178 0.0491202207859905 0.133412378880472 0.0108267244349222 0.149912753788906 0.114339966039943 0.0872965943889693 0.0959718541535294
0.0174891750256651 0.13552673436915 0.230796520657466 0.00584243040849594 0.116167364590102 0.133243798643884 0.0841816707825219 0.0670532964896483 0.0831517011057298 0.126547307927337
0.0542688211820703 0.142841067822393 0.0102618781170928 0.168275174022277 0.138547380992699 0.118440293625126 0.0407936811602991 0.0839307786753073 0.106610838184143 0.136030086218594
0.180658376849135 0.130826805442014 0.0174426400474118 0.196469647643742 0.191147722448553 0.011852061339837 0.107190003929818 0.0617298209502368 0.0144913549180421 0.0881915664312104
0.0267532027369923 0.139709784275193 0.114281372162026 0.129938365358908 0.0932430816219906 0.176570359699181 0.101993133485467 0.12540943489884 0.0557184539249957 0.0363828118364067
0.142750733928076 0.162264292523638 0.129493139121501 0.109620805883596 0.18111290339413 0.0165376977511768 0.0152568924313788 0.127382817944374 0.109288171525995 0.00629254549613489
0.101391929863498 0.144689695648357 0.00340583296614791 0.146582970090101 0.144472295551809 0.0334303768556634 0.158744910428821 0.121688484219572 0.129349713310979 0.016243791065051
0.0940245928198432 0.146845049890713 0.0551073140160899 0.204953101445644 0.0462789617530763 0.167459838010384 0.0937320616868852 0.0417413148178899 0.0585140468516598 0.0913437187078142
0.161474307165611 0.0103483099512498 0.177257692140441 0.0747847842028859 0.0960481407869964 0.168235585557775 0.00174596597736235 0.0661289386650342 0.13413491768204 0.109841357870604
0.0652419467372729 0.143972646810812 0.00185054360151436 0.201957794605921 0.146862253319347 0.086686669298351 0.122702319223516 0.124983650638712 0.0859435915100032 0.0197985842545507
0.144860813991444 0.0409582970909867 0.141775508842786 0.0455055794775221 0.11770825104809 0.128178171434836 0.0294010879968378 0.120074527316438 0.119417248377296 0.112120514423763
0.160870464559142 0.0152571900030077 0.00367006931902182 0.105614423126649 0.121948916062324 0.0117307520162175 0.188158269141823 0.0925392224790206 0.147140670418978 0.153070022873817
0.109588914568067 0.092753252910179 0.105865088581223 0.130865814883552 0.142751942920333 0.0758862236632744 0.145688019348987 0.0832666979510683 0.11095621913503 0.00237782603828595
0.208320404372195 0.098076361841607 0.114112279911075 0.0397793191936272 0.102961026381158 0.128538010505853 0.0166562331892019 0.0825286112175757 0.196086147458546 0.0129416059291618
0.0613976744418506 0.0428321907091939 0.151038857575942 0.108437245018835 0.0759397062959134 0.124993558021618 0.113263539792007 0.0336271285255044 0.130009960553401 0.158460139065735
0.124925034795448 0.0898424624841241 0.139546245421566 0.110531110850357 0.0263297775151048 0.14070274609484 0.0444155953368038 0.129801137088867 0.0809885502490642 0.112917340163825
0.143089129124903 0.0763257245381897 0.0720518578435567 0.151722736935879 0.0761665890811159 0.129437333053154 0.0336554526960228 0.120683307199214 0.107672314147853 0.0891955553801118
0.0496069268325694 0.0121409640726635 0.046620310461972 0.192718227533081 0.051718022632578 0.150492474320648 0.0600047980947416 0.190600224512184 0.065464501280935 0.180633550258628
0.0681745197125087 0.0982653367701734 0.0956776515772597 0.204351377231159 0.0523765892593256 0.0892022768924357 0.129289670692811 0.0825575026379308 0.059867915322698 0.120237159903697
0.0552800179236768 0.151947871136532 0.0657133907366927 0.0433690961268051 0.123355649173592 0.163924980832228 0.181793144686567 0.097879795446761 0.0951611306089999 0.0215749233281444
0.0750969187242788 0.073017445349067 0.128254694086076 0.123091750430292 0.0901938813515021 0.0920601443219635 0.105627543589379 0.0115414440456836 0.131407619209141 0.169708558892618
0.109770496037085 0.144903745867375 0.128353783897137 0.0180180655792794 0.0583649557186299 0.15003260499727 0.110581323605872 0.076258232441717 0.113342274396366 0.0903745174592686
0.0914673775215982 0.127335447936977 0.0709815164872604 0.0875406975429948 0.0252113062091784 0.157597042345191 0.13555583681055 0.0924318829319269 0.0519499900453184 0.159928902169006
0.0654395230318997 0.230432216421718 0.0593917178947831 0.0112244979277541 0.135716325920888 0.137232701199877 0.0550588288765287 0.16118266911008 0.0144786031900009 0.129842916426471
0.00397066064377807 0.138087044388943 0.0231187247779238 0.00188414313322199 0.194274211917812 0.127251236532539 0.0279233026544408 0.219801394288984 0.107544011537048 0.156145270125309
0.186195809941872 0.122468611591499 0.134996375037894 0.0869515354282938 0.0136748703069097 0.199947417564697 0.0654356994897994 0.0268760257179433 0.0405381134947829 0.122915541426308
0.0715648936470786 0.147942599221367 0.0920554439806197 0.0701561594179002 0.134785798663301 0.144210413455603 0.0776554452338034 0.0278309270054993 0.09160513652145 0.142193182853378
0.0030590392549408 0.145873477585964 0.000545408377065166 0.116458801225175 0.117836640474874 0.15093256710844 0.138920158780826 0.161801350790453 0.0772049612995272 0.087367595102734
0.146748624374401 0.0757568118774952 0.0149824831269173 0.108170394174025 0.169093103708993 0.0363040578454639 0.0712888014092181 0.0285670539098095 0.313612273733167 0.0354763958405098
0.0821762135303194 0.0810498271267221 0.0867619189242671 0.109849906445572 0.129406769239016 0.10792910432333 0.136417099437886 0.0906130027730952 0.100192969407745 0.0756031887920466
0.198280110754063 0.197535233991689 0.0340541369751359 0.148075902602885 0.00884291819148685 0.113574808537254 0.190407369687731 0.0107767556037065 0.0907316842524183 0.00772107940363025
0.0476742157448316 0.0661208468106003 0.102270307831572 0.145845466093017 0.0202962734484731 0.170822935146089 0.08230786714844 0.0824772817263651 0.149372136018291 0.132812670032321
0.0855120159815832 0.189468456097212 0.0632839405683626 0.0305145155909103 0.0198379736236002 0.171032674955534 0.0931111398097106 0.0832855021541819 0.157402594313187 0.10655118690572
0.025388578085707 0.166192530218953 0.136156963551604 0.00795570505968374 0.115857817957679 0.113272263256975 0.103970077571178 0.181136094037915 0.00676519138217404 0.143304778878132
0.061684169959495 0.0381696443083181 0.178517755564355 0.144401403148965 0.148230891925465 0.129993620443802 0.114504081756438 0.00968572958253595 0.160573193836313 0.0142395094743126
0.0842868068790477 0.10763289816434 0.157581283295575 0.0463655742445839 0.0239406252997796 0.102114650966002 0.136898485352653 0.0669343111920414 0.123373344390329 0.150872020215648
0.155361003051866 0.147292418544583 0.167310886242459 0.136690902230143 0.0593702083619907 0.0055348222130544 0.0297680374967764 0.135395179623248 0.139137561928932 0.0241389803069469
0.202822063553162 0.0383581701396941 0.0125679614865035 0.144818839406644 0.158153237591775 0.0699228952773138 0.0620657595769062 0.03048559273224 0.0710171119226411 0.20978836831312
0.134734610311795 0.119210257274371 0.135537089490756 0.0144143255155827 0.11854432255852 0.0789809617312675 0.130138399859412 0.131546455309242 0.0306963977483401 0.106197180200714
0.155963286887468 0.174800494060623 0.0235070090856682 0.0776136231052393 0.104363538679593 0.110469273425217 0.0749069439906301 0.0517377350336431 0.15177487832684 0.0748632174050791
0.0845673935735002 0.0859541563426063 0.15546395218524 0.00527978634162985 0.124101836314667 0.0173663251915802 0.146716427983018 0.167309618893771 0.0373197210553471 0.17592078211864
0.163147148731943 0.110986601679163 0.126640707426007 0.0514835251228754 0.038592210649707 0.0622750476108603 0.156156814876181 0.0862523405162265 0.0960626742098807 0.108402929177156
0.0607009880730102 0.0630668210833919 0.158893821207886 0.0730894579942584 0.0198588270350499 0.148652925917227 0.158459457763694 0.129675535229626 0.0887431587202505 0.0988590069756064
0.132855483420041 0.0847074369069814 0.136289872540988 0.0686806471880577 0.143153751616025 0.149974597240534 0.0831461170735162 0.174704237644736 0.00710172209226593 0.0193861342768548
0.0720000178494299 0.0638806284698587 0.146779351453198 0.150255764295166 0.151733310514997 0.18332690816915 0.00154624101397596 0.032585715959454 0.0924778804105242 0.105414181864247
0.0804388570607743 0.13959040382694 0.0061737142909506 0.0828564390044232 0.080371035368852 0.0995596142983627 0.170472472474827 0.0636148164511048 0.14505136958053 0.131871277643235
0.0912675644511255 0.207250368526736 0.175931654535312 0.167779230836406 0.012893146446624 0.00906862032044341 0.198201783816707 0.0164722926766583 0.0594544489568473 0.0616808894331409
