0.301881838264613 0.137480079465198 0.11518889611035 0.085666124123491 0.0241849782770984 0.33559808375925
0.0264429940939111 0.140506847547607 0.286527747102107 0.264781366213749 0.0895462600391723 0.192194785003453
0.012733522266307 0.190576547812444 0.223126584328941 0.315322481220474 0.138200491004172 0.120040373367661
0.180295284971015 0.249007056763187 0.0128563629753315 0.21629055340203 0.0998851520181749 0.241665589870262
0.119312769416263 0.351358122239243 0.298894248764662 0.189855810118893 0.0373878508555739 0.00319119860536489
0.228110242015289 0.0783544964489463 0.220028300113837 0.0174501394145868 0.291653698734519 0.164403123272822
0.279379151117015 0.194819630642616 0.0747612741707589 0.193143355061789 0.205037128518992 0.0528594604888292
0.241447254284762 0.0878478823692712 0.183346222649358 0.278796326232239 0.147716103039897 0.0608462114244718
0.252380243588642 0.246555347448671 0.232658911077826 0.0206380244671326 0.0332732720765558 0.214494201341173
0.0772946230428097 0.0219585401535858 0.314605094801646 0.352384743341941 0.00686991772353412 0.226887080936484
0.147601925013614 0.137022760028534 0.172339198475254 0.272554806107967 0.188162502025476 0.0823188083491563
0.292800452489981 0.017367511945459 0.247065308800606 0.237953362268873 0.0234890471151406 0.18132431737994
0.0343704914732713 0.309089827387332 0.0443723065986159 0.235714584386771 0.0684337640591303 0.308019026094879
0.430309655621369 0.0463862567508611 0.260771461044648 0.207935939189167 0.0365579559526573 0.0180387314412976
0.120712716994885 0.100957360072671 0.12680301757156 0.274961591166477 0.308128486118176 0.06843682807623
0.289000761301665 0.220573761408171 0.103433882811008 0.0153684342439724 0.135181987366591 0.236441172868592
0.258931702575088 0.0886876019992942 0.0270548280427372 0.313546739990183 0.0771199487112225 0.234659178681475
0.208174615059065 0.329012220773615 0.109493049578172 0.00775121522246407 0.242151338499983 0.1034175608667
0.25784267366884 0.0453575736821479 0.237278735290191 0.166640352354303 0.110815267198603 0.182065397805916
0.156650246322704 0.234053643324109 0.183490901348366 0.220724509545418 0.00349634065796904 0.201584358801435
0.00907303644464861 0.145763290853947 0.350690688444949 0.3706909607854 0.108463736194606 0.0153182872764496
0.031319680711235 0.236973101153484 0.0373489371253894 0.341212111957597 0.287065046251913 0.0660811228003822
0.241119575083721 0.206835291460906 0.190701417240221 0.134481472654202 0.0533263900610806 0.173535853499869
0.181556726753274 0.263311079329882 0.252667220899743 0.106949950773212 0.118570804666307 0.0769442175775823
0.218854120284558 0.0613096380616009 0.0505430512390612 0.230534008255499 0.123195526513476 0.315563655645805
0.122479804729786 0.0968333807428688 0.321169055791246 0.132860234190213 0.0418893826049501 0.284768141940936
0.0568561394870115 0.255629161996243 0.118136651513588 0.121355846313017 0.216048073778763 0.231974126911378
0.302540380384242 0.199081645636336 0.182359492313679 0.184385311167479 0.0358485764742009 0.0957845940240631
0.227397649410154 0.0501895809174478 7.95110209052643e-05 0.283709557131774 0.249954056688088 0.18866964483163
0.205623576641009 0.234017085010471 0.056860646398942 0.243730337816953 0.217938598280468 0.0418297558521562
0.229529378009292 0.151537695433037 0.0402598164463889 0.264707219592715 0.131836476867366 0.1821294136512
0.116346150500956 0.0937294067262169 0.290012006332413 0.396093540929514 0.0383995139076108 0.0654193816032903
0.0750223691196788 0.135902175287104 0.0799719776712816 0.440130007464153 0.137907180850766 0.131066289607016
0.26149331911658 0.0918028065037841 0.261260636612862 0.198449461607127 0.0745525534404535 0.112441222719193
0.223312826169942 0.280337512815329 0.214896144069008 0.0980412801574339 0.0606241611564371 0.12278807563185
0.244830667853416 0.187590434066086 0.204436385619267 0.187953005631439 0.01319363433066 0.161995872499132
0.115853366165572 0.262100744787156 0.12337912083691 0.0355541561520493 0.215830057741312 0.247282554317001
0.0850898752449998 0.120758039623163 0.123254436178672 0.213652028013004 0.167958414866698 0.289287206073463
0.196716042930883 0.253612691341401 0.263964144182293 0.152943190767177 0.0921643491891737 0.0405995815890708
0.0771891221044481 0.284585589218517 0.0201928886632207 0.187433039843507 0.0831725651446575 0.347426795025649
0.231305220636998 0.152183002489507 0.218137600253916 0.229961059703708 0.095921517187933 0.072491599727938
0.156690082113593 0.284921360943031 0.0030943690783505 0.239545183130443 0.249919813508518 0.0658291912260639
0.18048873859989 0.0435751705337385 0.174697214999331 0.218900147202321 0.0715605619956532 0.310778166669065
0.0429948592714222 0.309084509964598 0.161061386519848 0.13582245292513 0.272369227081908 0.0786675642370938
0.112512861580638 0.31725244422849 0.0617278584144709 0.0158097438501178 0.295949011058767 0.196748080867516
0.141390927734688 0.118674051967216 0.195655905368551 0.345750951274173 0.0669672991174679 0.131560864537904
0.154350353572096 0.222627812429628 0.266077704151817 0.0259608127551236 0.197967043562784 0.133016273528552
0.159991051328135 0.208273184520198 0.0859134254508003 0.289515600314315 0.221031092782612 0.0352756456039384
0.216736725941101 0.144555470990083 0.13189263370059 0.135074421394716 0.167678881217536 0.204061866755974
0.0939006397788987 0.417225447225685 0.0339647558470695 0.0273097404643078 0.0470692566895961 0.380530159994443
0.322019348033322 0.0862071021429174 0.0222974081968735 0.0224529521656393 0.333048050159107 0.21397513930214
0.213690981802004 0.222205542152864 0.256662853123295 0.256981539341464 0.0127056288064221 0.0377534547739506
0.289278968823523 0.109228181473867 0.0541993163800308 0.263264187084872 0.119871191667872 0.164158154569835
0.261396238580453 0.151146421349751 0.034443860768093 0.137219788540572 0.235731697641253 0.180061993119878
0.229785871143478 0.262199776482526 0.0249514747775857 0.188570281062597 0.118252991088457 0.176239605445356
0.185161531069536 0.0517915216808309 0.167480322135001 0.329779266811024 0.233340372078216 0.0324469862253927
0.244685042917706 0.254372459139606 0.130587163104423 0.138006079735478 0.108843489495701 0.123505765607086
0.0572788571597507 0.256836035320057 0.220065925714117 0.0514284111265515 0.279114212500768 0.135276558178757
0.27704608260712 0.0175205783147942 0.0475883553704079 0.103276687508692 0.113551736626136 0.44101655957285
0.00749134341785468 0.0425840145289124 0.476792348578667 0.0364790816292891 0.0216451486760543 0.415008063169222
0.322937011261496 0.0559134405991141 0.139963234608991 0.250630054926156 0.0697027975870941 0.16085346101715
0.0572032926031772 0.00173631975136594 0.267479004797784 0.103146615800613 0.377121436058386 0.193313330988674
0.187324172261342 0.0342766097389753 0.243917800919504 0.173058705708867 0.196383584109206 0.165039127262106
0.0794891467672717 0.147900193898149 0.355319406088779 0.0348632601642121 0.291379861463488 0.0910481316180999
0.165344769868583 0.0254808481132029 0.291133429086524 0.0551336794376685 0.152806391904773 0.310100881589248
0.0957592378521011 0.177070519965109 0.206822407064187 0.169457662310041 0.148440561239217 0.202449611569345
0.0341256766210365 0.16020287021049 0.0286789719235856 0.304833270174943 0.121408411846099 0.350750799223846
0.319491152266379 0.060144991555464 0.00755478822044726 0.24654162916638 0.0752192440104634 0.291048194780866
0.174263950604945 0.264015578180905 0.072850388484441 0.169633737156288 0.249328988937031 0.0699073566363892
0.15893006510462 0.114817595313224 0.203155335661726 0.203776611854987 0.194901636308407 0.124418755757036
0.00547240130690195 0.339800553329649 0.0351758682062681 0.128232743150603 0.337967262789659 0.153351171216919
0.300729471298782 0.277756937537699 0.18825118015212 0.0693252353203909 0.0622134681717634 0.101723707519245
0.101884728463699 0.141334197615115 0.297770228844175 0.0217725819022617 0.147194616577436 0.290043646597312
0.247941385726305 0.0577505213628027 0.0897260322643235 0.239130720584918 0.158640699957524 0.206810640104127
0.220424688641108 0.109446131612855 0.248263007272544 0.28000162617955 0.0496183465765455 0.0922461997173978
0.116922543128038 0.160079672710504 0.0412959350527075 0.216043166264481 0.41958501800166 0.0460736648426095
0.109445743950616 0.22548976283327 0.196717061699055 0.172429520768705 0.224340178742681 0.0715777320056735
0.307482449118158 0.189088645860606 0.30069382372948 0.0610320148453601 0.0337106287971299 0.107992437649267
0.208366961878966 0.190819426778678 0.136246659489542 0.18149784311413 0.135243607137828 0.147825501600856
0.0333150124333928 0.0408512712799473 0.254582653880651 0.171573684474646 0.437182836727988 0.0624945412033757
0.159123519168582 0.190060121619893 0.172011172313358 0.106243051586343 0.176676943980978 0.195885191330846
0.138496649949774 0.0969229444045892 0.262618236683302 0.134112067205119 0.254050994535135 0.11379910722208
0.201998165768278 0.106253641208785 0.159756045845909 0.169409029429822 0.118618671295025 0.243964446452181
0.0396008914171206 0.227730153602549 0.234632154270819 0.228526568140407 0.119768589699304 0.149741642869801
0.163104411606445 0.154293674004166 0.210201989860893 0.210265372418921 0.102300947149742 0.159833604959832
0.229832410761849 0.0799986319319363 0.0526262306297837 0.190547417372922 0.274224804374991 0.172770504928518
0.03303475979427 0.183363933202855 0.174706712683951 0.231123115490172 0.153146525214549 0.224624953614203
0.0768454908895783 0.232441775017408 0.172756702399683 0.136880559532689 0.220769120693671 0.160306351466971
0.093532390520834 0.342804980447636 0.255256754271961 0.0958268401421776 0.200452913806118 0.0121261208112728
0.181012731182725 0.200709914358618 0.354586355212647 0.0466929857584327 0.0750064416304672 0.14199157185711
0.237181889871592 0.229773961404077 0.19687599673179 0.221180812149628 0.0802808448885822 0.0347064949543312
0.0563123198835656 0.222172764589354 0.157421220940728 0.234896770091243 0.116364934556446 0.212831989938665
0.114439933479551 0.333030180624478 0.0121237542865118 0.344902252610139 0.0215845218859826 0.173919357113338
0.221821187008593 0.245914649098994 0.121785832252394 0.0956432371577849 0.00469642962460026 0.310138664857633
0.329483871907457 0.0883015472291021 0.247372203461508 0.000243624923619777 0.0149004703919278 0.319698282086385
0.216135713250083 0.251366164842982 0.0983938627711946 0.118706316383781 0.0228178719043479 0.292580070847611
0.136113032473669 0.152657115701238 0.142559997056436 0.0976377486582211 0.221319510599478 0.249712595510957
0.234339043382986 0.0255915436011936 0.213676748765056 0.200685884084342 0.215677004650436 0.110029775515987
0.270457742691122 0.0104663689544176 0.0305202324758099 0.246629108308372 0.162714737587554 0.279211809982724
0.247962131755395 0.0503682905140465 0.205100064633185 0.301994457247351 0.115981668237458 0.0785933876125647
