0.418310665006416 0.463095718390271 0.0422015769244723 0.076392039678841
0.230663131888788 0.327911652230987 0.35008463873223 0.0913405771479944
0.434272543097007 0.379269286850516 0.126098291785742 0.0603598782667348
0.371092988260948 0.262543354826606 0.216094861002132 0.150268795910314
0.271200385221599 0.474072274539582 0.0416396676369592 0.21308767260186
0.324150263206101 0.23516509171681 0.372844603346451 0.0678400417306387
0.340582260454742 0.464428881985618 0.0531406740629593 0.14184818349668
0.30026067084004 0.351821803378106 0.246671059530351 0.101246466251503
0.126066070620508 0.424548160475375 0.265129810991215 0.184255957912902
0.399698058264402 0.0498975767246159 0.518410126532948 0.0319942384780344
0.271966668643717 0.39101374502068 0.300787264498422 0.0362323218371805
0.111106382394281 0.323112689665712 0.353171175914615 0.212609752025392
0.57382758686681 0.0420889881126943 0.189821198158884 0.194262226861612
0.284872573475714 0.296626599434729 0.131998647815997 0.28650217927356
0.0929198933364695 0.416892205200551 0.23798808429809 0.25219981716489
0.348541032850927 0.232237869377972 0.146864559083302 0.2723565386878
0.0628403288912659 0.267999524914599 0.0787823752544902 0.590377770939645
0.114836832212007 0.353497890264208 0.464061998418459 0.0676032791053264
0.0600725888530093 0.438462848148872 0.379995648976064 0.121468914022054
0.109381504135133 0.26847300917802 0.404575585493553 0.217569901193295
0.269196612766328 0.654432940787284 0.00928004001139729 0.0670904064349907
0.0351866524644079 0.24923721442796 0.21084110377157 0.504735029336062
0.201257347081678 0.0471308786746772 0.344693208196521 0.406918566047124
0.328627000584073 0.0029233387377698 0.164756922811718 0.503692737866439
0.213576403656156 0.132516684639504 0.344960503666807 0.308946408037533
0.197000833706412 0.119916025406462 0.456351338281631 0.226731802605495
0.646670575561445 0.25380742735319 0.0922521715520782 0.00726982553328665
0.108951606808754 0.328098413402665 0.345193424364919 0.217756555423662
0.333752275998937 0.331387418745472 0.129200413282931 0.20565989197266
0.200468066921001 0.140586209128535 0.383632367626051 0.275313356324414
0.261776602505932 0.391239450939182 0.0157786419570611 0.331205304597825
0.260027472207658 0.325011664786943 0.167001016847596 0.247959846157802
0.223931136011973 0.344744173473989 0.147428256366362 0.283896434147676
0.303466702987425 0.177284678134869 0.259656060584349 0.259592558293357
0.397647538895112 0.261381751794139 0.232018008002234 0.108952701308514
0.423629495639304 0.289418705405428 0.168563748318072 0.118388050637196
0.262707797982847 0.329255997064558 0.0832966863008202 0.324739518651774
0.25622883751955 0.146176697785824 0.275112478007032 0.322481986687594
0.470116283790693 0.401568246685839 0.0116074610122474 0.11670800851122
0.335709201159038 0.23630685224523 0.0115144511841363 0.416469495411595
0.352813551698334 0.367018156193033 0.178015981257313 0.102152310851319
0.386673127793812 0.0330874299828146 0.3370292796745 0.243210162548873
0.200898511331107 0.128897651571418 0.479476932650045 0.190726904447429
0.0207091074716545 0.520043703286295 0.096530845629193 0.362716343612857
0.0077736384486334 0.181252717620123 0.409457895673763 0.40151574825748
0.209190253279247 0.34760099087973 0.224837120070473 0.21837163577055
0.426926352428673 0.145161855109142 0.298766808669396 0.129144983792788
0.32676329221963 0.0906566738330447 0.332728818906618 0.249851215040707
0.198009459706947 0.325452651787278 0.108322282538235 0.36821560596754
0.221059125308923 0.399768483486942 0.184400522948026 0.19477186825611
0.377198310817995 0.327141220504716 0.0220685519216278 0.273591916755661
0.0568079017304503 0.101360957610587 0.739080328869214 0.102750811789749
0.317115682723735 0.0127624800558602 0.265488180470498 0.404633656749906
0.521493704754413 0.129528896970786 0.17913700583805 0.169840392436751
0.270290034472933 0.161448046047011 0.342998248018561 0.225263671461495
0.192477298545097 0.409243279124294 0.398252204624184 2.72177064250852e-05
0.25812795942226 0.217410303884842 0.410654760092886 0.113806976600012
0.35428223686896 0.105098936114929 0.261127633383098 0.279491193633013
0.247187921520132 0.073544912953547 0.332997106568414 0.346270058957907
0.148330842772424 0.172789975136376 0.307324649581709 0.371554532509491
0.194712257022224 0.270639816961927 0.372318271736967 0.162329654278883
0.252725254690897 0.157305529457131 0.322192095685835 0.267777120166137
0.236175189391875 0.114935138324328 0.102466316713395 0.546423355570402
0.129406375521782 0.545387230732838 0.24872593858789 0.0764804551574888
0.239520401142789 0.25858411439775 0.23081791489918 0.271077569560281
0.0138838395584872 0.318561634440999 0.324550197872892 0.343004328127622
0.385163783066767 0.508448063251012 0.00521004337758559 0.101178110304635
0.132709983519437 0.0927821147548427 0.246951997910816 0.527555903814905
0.0504777259654973 0.153845689548698 0.288784462997234 0.50689212148857
0.184887381917142 0.211667026737887 0.293805769918299 0.309639821426672
0.171090676321987 0.602192496022838 0.068865342207985 0.15785148544719
0.512978276323671 0.0695037263661927 0.391837408765724 0.0256805885444126
0.204787079098376 0.093737838433319 0.157901332081984 0.543573750386321
0.131827735932123 0.195590689364718 0.428038095650184 0.244543479052975
0.106978533797459 0.278854321017137 0.330582675815345 0.283584469370059
0.45264636971816 0.0286365318414708 0.202828593338157 0.315888505102212
0.327400783254002 0.311799190927544 0.32801219755436 0.0327878282640935
0.133765480415184 0.359603998978723 0.321801468072247 0.184829052533846
0.337599066044704 0.228127304445099 0.376441004529515 0.0578326249806815
0.321930669621839 0.0351764736187252 0.117915966229964 0.524976890529472
0.19406443542629 0.310595924360847 0.184841657432171 0.310497982780691
0.0411039931051066 0.203737647883834 0.375432564289005 0.379725794722054
0.300421068623259 0.110392151303976 0.339140674181094 0.250046105891672
0.233149973092834 0.390551947605859 0.27004714734726 0.106250931954047
0.011229576747954 0.0220216007659783 0.465130119851181 0.501618702634887
0.489671830044378 0.333149975788087 0.125764853077791 0.0514133410897435
0.350351186652154 0.175690910371503 0.251217658447431 0.222740244528912
0.236150982199668 0.345582535724451 0.224516060088043 0.193750421987839
0.114993648575246 0.333163312971518 0.269425055569496 0.28241798288374
0.16568498400592 0.35926351980579 0.270663282100153 0.204388214088137
0.230899700980033 0.0142752719446073 0.337410990747101 0.417414036328259
0.418093676105557 0.201082877096223 0.226322610861078 0.154500835937141
0.333461127738089 0.137414481487945 0.275092341850868 0.254032048923098
0.240410773761833 0.0698172152767578 0.364167884708766 0.325604126252644
0.081880737298381 0.239851155803419 0.242085396169743 0.436182710728456
0.110120601565149 0.303812135363 0.297654378542849 0.288412884529002
0.0766928292611508 0.145104079935982 0.471044574789799 0.307158516013068
0.485536531699071 0.256209552750794 0.00491796019162625 0.253335955358509
0.15710071568346 0.0284114706053437 0.717076817602095 0.0974109961091015
0.121447794814246 0.180994011941152 0.591243513020025 0.106314680224578
0.0178064595964689 0.50922846375908 0.432651507697781 0.0403135689466707
0.0280801793483005 0.344137247872747 0.472835501654805 0.154947071124148
0.178651121869641 0.229361459711997 0.279210764064299 0.312776654354063
0.59008575363995 0.168604601402504 0.0513102067323073 0.189999438225239
0.050781260669204 0.277658137124616 0.256783300031442 0.414777302174738
0.243272651046518 0.646951663296283 0.0471595802442726 0.0626161054129268
0.182644006520698 0.412757081360279 0.0943642939759669 0.310234618143056
0.264745699459733 0.167477287496161 0.171846411736644 0.395930601307462
0.141209494253893 0.104711382842989 0.687342373336477 0.0667367495666407
0.415826587456128 0.125832165877322 0.386969468704276 0.0713717779622736
0.593739933000684 0.25456862673066 0.0554725703867798 0.0962188698818761
0.385729861212355 0.0641492368709747 0.478202354696682 0.0719185472199889
0.385403757865297 0.270491526060844 0.0111816811362085 0.332923034937651
0.417062251492416 0.214714339408688 0.175511314447476 0.19271209465142
0.372236722234898 0.291547796668346 0.168751526853132 0.167463954243623
0.38763085742023 0.0979504812985416 0.220609965930886 0.293808695350343
0.448583929668002 0.18876537568892 0.103858476298595 0.258792218344483
0.38431423046266 0.164351683764079 0.333994579869878 0.117339505903383
0.392834947132044 0.053822937912909 0.31664305113513 0.236699063819918
0.269259773526187 0.309262515005367 0.319341495995394 0.102136215473052
0.324275012179416 0.327055193339638 0.0318294411074278 0.316840353373519
0.439535525864131 0.176116520396087 0.234357466385668 0.149990487354114
0.193936823922311 0.35240540761941 0.262832132908935 0.190825635549344
0.470930382795553 0.146921294023901 0.00465180634379967 0.377496516836747
0.39461705116644 0.0979409764352764 0.337682336444862 0.169759635953421
0.100324199061423 0.296885100974724 0.455111803816443 0.147678896147409
0.201475785765786 0.221704500057373 0.0575010117568003 0.519318702420041
0.176287696511926 0.366068136253663 0.210547628256988 0.247096538977423
0.365495341221974 0.139209735744186 0.412650483524226 0.0826444395096148
0.0654834583141002 0.12320101134496 0.554773613441203 0.256541916899737
0.134959736278656 0.219016184721594 0.418388909008836 0.227635169990915
0.439609721391216 0.119213483220524 0.0248916281028569 0.416285167285403
0.15143442450229 0.516077637195614 0.259880301006438 0.0726076372956571
0.221321628221579 0.0218398818257883 0.250939295711326 0.505899194241307
0.205906903165366 0.274218228483757 0.162998045247782 0.356876823103095
0.228015482524325 0.13124865863622 0.168156806700233 0.472579052139223
0.207626605911177 0.252217089567911 0.285898352194526 0.254257952326386
0.289838293931565 0.241131407746405 0.24082284582539 0.228207452496641
0.336525686418919 0.0946936301719657 0.254826885055464 0.313953798353652
0.36594535788586 0.133912802297889 0.312200023002881 0.18794181681337
0.229152285568454 0.222330846499803 0.192002719872895 0.356514148058848
0.1499549171184 0.303740752835648 0.342603162394736 0.203701167651216
0.317668452263255 0.209129597629923 0.0518785714660323 0.421323378640789
0.466450229684292 0.314080104850072 0.137629599114563 0.0818400663510736
0.205018853970885 0.292869857155308 0.472415137509929 0.0296961513638782
0.284709995249651 0.400014698779787 0.158143774857167 0.157131531113395
0.169537099047575 0.298852619782845 0.269554438922548 0.262055842247032
0.32258892954031 0.0419525059750583 0.208659003811345 0.426799560673287
0.284061425539224 0.292722245799385 0.0598443208674213 0.36337200779397
0.282394478230185 0.306984244625103 0.135302164171854 0.275319112972857
0.441904423156802 0.0732783574833613 0.0299041512369226 0.454913068122914
0.465382636650556 0.184753882884284 0.0130128804500388 0.336850600015121
0.307656016577361 0.326873706336888 0.22413967431928 0.141330602766471
0.159259487550098 0.18293320754526 0.0488138431582674 0.608993461746375
0.123302738952889 0.0626303548144456 0.572781666281417 0.241285239951249
0.0445767341886208 0.0735699177499479 0.655041471168817 0.226811876892614
0.220903894158659 0.0624382423768241 0.378268961242423 0.338388902222094
0.0689312849227037 0.235265797616101 0.386215072747814 0.309587844713381
0.270533604010923 0.108427632308775 0.252120584802897 0.368918178877405
0.377223635468739 0.238375841067509 0.0568040660854712 0.32759645737828
0.0866632250153942 0.293034703810322 0.302144375304737 0.318157695869547
0.114172620593204 0.204680945854832 0.255938698017184 0.42520773553478
0.140387747842387 0.193641099189029 0.354820978681986 0.311150174286598
0.0661259433539437 0.401281195517627 0.218943047256078 0.313649813872351
0.0360497365595499 0.422192413729493 0.506162427287385 0.0355954224235726
0.287227268975877 0.0190802514876591 0.316416854324973 0.377275625211491
0.394038406429628 0.228541706718287 0.0529954880440982 0.324424398807987
0.362602930231517 0.128406210124867 0.114783226329707 0.39420763331391
0.146386001948051 0.351618285000163 0.143853838269442 0.358141874782344
0.32335283713307 0.321186108174598 0.0447900553437906 0.310670999348542
0.311497634722804 0.195536162668415 0.0257659054506034 0.467200297158177
0.500987720138042 0.330092482059471 0.113240182960595 0.0556796148418919
0.235182921459192 0.0243119621456681 0.33020600180465 0.41029911459049
0.357663645496637 0.376395078301462 0.205483981366388 0.0604572948355132
0.358236859202226 0.227118130269822 0.286338509314637 0.128306501213315
0.039552221640895 0.45361912770857 0.447181117074372 0.0596475335761624
0.183026176099166 0.213168747418675 0.235077543179525 0.368727533302635
0.258701276078397 0.349801091574125 0.0577142566522383 0.333783375695239
0.53675459829526 0.0521068098139648 0.273025950810864 0.138112641079912
0.177063062269364 0.187215522318581 0.114539616753325 0.52118179865873
0.337811397759366 0.359080735574164 0.0513152429978796 0.25179262366859
0.473087786978765 0.0547027712216409 0.344464488737867 0.127744953061727
0.225400128764746 0.336909138840407 0.23576977414984 0.201920958245007
0.289816131201331 0.28245450107743 0.0716661037595789 0.35606326396166
0.250457906768156 0.319065933101407 0.278671123040407 0.15180503709003
0.0965331646418785 0.301043469985275 0.259503281930086 0.342920083442761
0.213195749976335 0.253767196835562 0.131211765137702 0.401825288050401
0.414313438993007 0.122621792120847 0.268696982972227 0.194367785913919
0.156523380995938 0.0135039796681933 0.423314307100684 0.406658332235185
0.438784402708034 0.0275265716990813 0.39492186683234 0.138767158760545
0.186794950129055 0.117329650996042 0.345775005740292 0.35010039313461
0.0786630820450448 0.342708375325949 0.347674913471988 0.230953629157018
0.306516499878027 0.249602555521927 0.26465360886515 0.179227335734896
0.335193755618911 0.206617192585279 0.320704285417222 0.137484766378588
0.319849943018851 0.162185301401372 0.266918093972743 0.251046661607034
0.281694203120539 0.293540041322288 0.264628247772104 0.160137507785069
0.420777950251326 0.0634874646004994 0.276059851190294 0.239674733957881
0.269123616480732 0.178853038555199 0.281823264780671 0.270200080183398
0.233492815457401 0.176822233861005 0.363517250222942 0.226167700458653
0.417608165949386 0.101318967961323 0.314779484365863 0.166293381723427
0.0567554984057363 0.320148973808599 0.411060285088414 0.212035242697251
0.0522327981687156 0.0691079342467358 0.400692984083994 0.477966283500554
0.346458270200236 0.17120095999873 0.0343527531411385 0.447988016659895
0.156905993382797 0.313299302686475 0.281421324441622 0.248373379489107
0.0696557022110581 0.487849577553916 0.122277800777429 0.320216919457597
0.27927264370106 0.111538344948579 0.281967991442637 0.327221019907724
0.419135293477156 0.115916724403344 0.00213077720774535 0.462817204911754
0.0534587183999661 0.280816156914965 0.33509121173503 0.330633912950038
0.280070032676146 0.0657377958920084 0.540209166608455 0.11398300482339
0.214962334795285 0.229672057460004 0.148689056430078 0.406676551314632
0.390339306106448 0.101499406857892 0.424330172567051 0.0838311144686086
0.228634180408754 0.406647376164132 0.0636957208595032 0.301022722567611
0.105521617553369 0.164310249983741 0.316993714897664 0.413174417565227
0.226416323005729 0.23392380537599 0.180030509425526 0.359629362192756
0.172288442881608 0.225872154310748 0.227740698195034 0.374098704612609
0.188533603521548 0.289904890899072 0.253083670480818 0.268477835098562
0.164351901594865 0.133364116022282 0.461271290270067 0.241012692112786
0.254302515541625 0.101997853680194 0.343383575195744 0.300316055582437
0.244768715812818 0.24965269039489 0.324676756591515 0.180901837200777
0.174014775245941 0.323411714633942 0.213626551172575 0.288946958947543
0.169993171990131 0.288133853673069 0.259193717784262 0.282679256552537
0.404311997596461 0.273505106535123 0.133159308621588 0.189023587246827
0.0225528318932847 0.449834968309199 0.114360671502551 0.413251528294965
0.120301661331587 0.372147204325811 0.101092710897519 0.406458423445083
0.316021849134613 0.249428042501695 0.224693246679984 0.209856861683708
0.242905837200835 0.0666592109773316 0.251860935615862 0.438574016205971
0.0781644484665481 0.43742492160135 0.0986581807674269 0.385752449164675
0.136522574148294 0.298256652298256 0.347781128337969 0.217439645215481
0.0283291807853478 0.471015580553674 0.273979991977791 0.226675246683187
0.0515146531310684 0.389814005144667 0.362145448682606 0.196525893041659
0.199946455086554 0.156307635422766 0.369460492681243 0.274285416809437
0.00810718161983873 0.403355533891028 0.212613466774003 0.375923817715131
0.225298932768822 0.444064233656693 0.190175949650391 0.140460883924094
0.169721147822463 0.354094871779051 0.418561190840188 0.0576227895582981
0.416003330568704 0.0781262503116512 0.316125691306682 0.189744727812963
0.298737964268658 0.126056029806795 0.22648077798866 0.348725227935887
0.101491880818338 0.567529451509378 0.0499033873374008 0.281075280334883
0.160123918054154 0.28682180405881 0.295239297293941 0.257814980593095
0.136573244604652 0.0788591614731152 0.376805127562012 0.40776246636022
0.446787011093794 0.134138262984933 0.253290604600714 0.165784121320559
0.150117924144979 0.426264668268944 0.30777420225001 0.115843205336067
0.11159721513882 0.0137446603258468 0.402377231899778 0.472280892635555
0.371625745524899 0.127300140572888 0.199638166972091 0.301435946930122
0.288849765494296 0.251512948434452 0.104804187152454 0.354833098918798
0.0507107645314534 0.160937230126323 0.667614172740056 0.120737832602168
0.0399536968185965 0.38552528965038 0.39206146064106 0.182459552889964
0.234162052256373 0.34363075606225 0.105918266158968 0.316288925522409
0.425613456530417 0.25173683524333 0.285048046151234 0.0376016620750196
0.298946227919367 0.112380124844657 0.243036580361384 0.345637066874592
0.313374413551658 0.176567848503366 0.264267151364173 0.245790586580803
0.194317897114709 0.265252648939721 0.328401399829082 0.212028054116488
0.252608639865247 0.306891527322702 0.27107209982429 0.169427732987761
0.239624742044987 0.0956725663433237 0.34758450731022 0.31711818430147
0.241869558539632 0.414159525637492 0.33423894809272 0.0097319677301558
0.316780829078303 0.282861608048983 0.254890098401716 0.145467464470998
0.195429886497726 0.307334605645109 0.4732590240944 0.0239764837627654
0.241086037707836 0.308163499127011 0.143039650198901 0.307710812966252
0.369107050533706 0.16189267435969 0.173250688914735 0.295749586191869
0.327459456083603 0.260405044851239 0.270898261498718 0.141237237566439
0.201523379030389 0.341485799568029 0.214279903160835 0.242710918240747
0.324168481868416 0.158056558847233 0.306519222803455 0.211255736480897
0.151174533366733 0.475425417485568 0.0433869840784003 0.330013065069299
0.398700936391889 0.0743631529190294 0.327666827038907 0.199269083650175
0.0142552094951465 0.195544472448088 0.428346268904374 0.361854049152391
0.088569086885978 0.0340533799588105 0.401707137017656 0.475670396137555
0.458312184177473 0.0530975840911896 0.270840720026456 0.217749511704881
0.408704649471085 0.160204808868899 0.185163163178894 0.245927378481121
0.117922671316748 0.583466175884603 0.175902908872901 0.122708243925748
0.242213901113498 0.216460813658558 0.384450254067784 0.156875031160159
0.312235033824067 0.36450797221335 0.30023131091974 0.0230256830428431
0.141438965122358 0.410725801158069 0.0896159801452238 0.35821925357435
0.618057216688164 0.123972653742172 0.123662345738489 0.134307783831176
0.0432855691889634 0.201595266301111 0.572369206472182 0.182749958037743
0.000940801433805718 0.495469126611841 0.265445081222144 0.238144990732209
0.419870550462709 0.109459512997397 0.100287829642056 0.370382106897838
0.149348961707703 0.294985797968167 0.261083848722062 0.294581391602069
0.0412507988110266 0.437664274119631 0.234775491551235 0.286309435518106
0.526740815984454 0.314509079280787 0.108436838961478 0.0503132657732815
0.202968279055499 0.346928219517472 0.389953037616377 0.0601504638106522
0.314049224535216 0.192472100711037 0.356410714444252 0.137067960309495
0.357420869484501 0.404967563849631 0.119334769166951 0.118276797498918
0.29671031132809 0.192412973508187 0.146440570565216 0.364436144598508
0.0424710983332817 0.019968247598052 0.360780358845506 0.57678029522316
0.341876869987042 0.341913914121037 0.172144651486057 0.144064564405863
0.184977268462978 0.279278652422171 0.236858994231369 0.298885084883481
0.291647473877988 0.257028219079435 0.227193618093331 0.224130688949246
0.595119679531503 0.184034708560571 0.178358049515531 0.0424875623923947
0.632762732348282 0.0516318944015026 0.22337194112992 0.0922334321202958
0.234232276957155 0.219318755948411 0.287528862759238 0.258920104335197
0.344485556447767 0.155340846209256 0.176075356408612 0.324098240934365
0.126026373214349 0.258990090346168 0.338046643740866 0.276936892698617
0.212424823773972 0.241763500757842 0.226009722612981 0.319801952855205
0.130932681030377 0.197806670859961 0.38250376474162 0.288756883368043
0.064349941516456 0.501962867712293 0.206065049462547 0.227622141308704
0.390938668732522 0.0564100323571754 0.498879490348866 0.0537718085614365
0.21255726456963 0.33057525931532 0.330629488924133 0.126237987190917
0.209250851383538 0.276855253345798 0.321278895183014 0.19261500008765
0.309254208057091 0.164187430262348 0.262611750202524 0.263946611478037
0.358555647985873 0.315669074347583 0.314210274413062 0.0115650032534816
0.330518856355611 0.292116970194592 0.213673031333222 0.163691142116574
