0.176563786475334 0.135124314787301 0.0625675945864517 0.152348747607784 0.151292745380903 0.146034632173473 0.176068178988753
0.104731039038091 0.039714339712944 0.32196563873077 0.105983081734419 0.108677421420435 0.00700162853562482 0.311926850827716
0.0119462772015119 0.206636258127945 0.0138804607903775 0.217016501168531 0.152081494720894 0.246003857860028 0.152435150130713
0.28694294480971 0.0227333815661584 0.14014633787141 0.335443968857015 0.0467237965949356 0.157485759007968 0.0105238112928033
0.20713631335737 0.0952585927609624 0.162949210305042 0.0839699357647148 0.148168166104299 0.0554297184202978 0.247088063287313
0.201122031398469 0.0303045443005 0.0789114508765614 0.0377871203940432 0.245066251574721 0.220347104044883 0.186461497410823
0.174744248070176 0.155713160957374 0.0115257281904471 0.24061951469648 0.207455043718428 0.0585476520620353 0.15139465230506
0.194105723253415 0.151395972527713 0.0166494204271949 0.181030005086476 0.00810615168311918 0.234674116404479 0.214038610617602
0.0714340499543928 0.00104060847268455 0.244279405148596 0.298344723286583 0.276846767153119 0.0298529931691072 0.0782014528155178
0.286855356438927 0.0218327489575221 0.0282186544365212 0.166665224085053 0.166540824997524 0.123640322437575 0.206246868646877
0.145435421400077 0.0880552544372616 0.168182365915838 0.197781804022833 0.0843839883871984 0.196473819248536 0.119687346588255
0.202315412758962 0.243515360946715 0.0641477204382712 0.0723732384108228 0.0238275002614817 0.102829565029513 0.290991202154235
0.0858348178253845 0.00847163232120318 0.249748715906458 0.189569622304807 0.252999541042573 0.0597127274570854 0.153662943142489
0.191078654814721 0.188687421117016 0.250039841689697 0.0413228285196119 0.233276779067141 0.0793915878863286 0.0162028869054852
0.0979050255546779 0.204347537482778 0.138742247723391 0.210262527571203 0.146656333173549 0.145874241085272 0.0562120874091284
0.252824252954291 0.024264798331279 0.145007193635569 0.037647612475162 0.136155973820932 0.260082643803189 0.144017524979577
0.0327381887152425 0.124485146239047 0.0651920112339122 0.0462665841979661 0.28184944161446 0.185396287816962 0.26407234018241
0.131422960158049 0.0321619719022775 0.0807716587410096 0.164874835267887 0.216738919995025 0.222354537829407 0.151675116106345
0.152798701079634 0.138937307417903 0.0635937366248231 0.114119436466842 0.190698586037078 0.181846607879806 0.158005624493914
0.207471754163079 0.237193392620216 0.0591535369534328 0.0805749255575772 0.27934871630402 0.128027878411033 0.0082297959906415
0.152128347152347 0.286102512759311 0.0217751548680629 0.218118556721791 0.00515087668610144 0.223096166297392 0.0936283855149953
0.0203683466981043 0.199523586014301 0.13121090113054 0.0602387228593682 0.0626753773936813 0.25735216096401 0.268630904939995
0.236863244946734 0.0759041256105108 0.140526813175832 0.22073731946554 0.0284373714605012 0.186582600828555 0.110948524512327
0.125957915246498 0.0856922300196325 0.196870847820911 0.0818325052719695 0.224537974649859 0.126729773145345 0.158378753845786
0.145141361442991 0.122337488827647 0.254797410441558 0.0565970709204261 0.211968916947799 0.0735636342256683 0.135594117193911
0.04072362242311 0.0712890158546251 0.131980626880254 0.245484283908813 0.181770976087203 0.101379754120691 0.227371720725304
0.202751908294905 0.304230818174506 0.206512645484042 0.0411762839301504 0.128049549550867 0.0636626759782134 0.0536161185873153
0.141626203698628 0.25008091924768 0.121905680270131 0.00540585968266738 0.0908864355527988 0.10901159879815 0.281083302749945
0.0883476950329404 0.117632657526998 0.184432548599638 0.185950932913939 0.171743809393321 0.138353615400644 0.11353874113252
0.154676029397612 0.151654429414906 0.145448085907118 0.137393602062864 0.138978512389685 0.190307959958038 0.0815413808697759
0.191585316732444 0.0492908171139629 0.149652651301758 0.140943275301005 0.0788786817145568 0.19124235288924 0.198406904947034
0.137147594121934 0.0197362338727572 0.208198525605916 0.101013331908624 0.165228801096009 0.157942100207854 0.210733413186905
0.313934661906676 0.145786541466893 0.168732294419401 0.0376234038529299 0.0104977942229648 0.115110573223447 0.208314730907688
0.075941604572901 0.186557450316853 0.0556329671023922 0.103727871913391 0.139449000797088 0.198351785866646 0.240339319430729
0.430571016580447 0.0814303307565991 0.133328570889489 0.102369323194258 0.0686219910523058 0.0140741192308652 0.169604648296035
0.143899616297829 0.172095483758167 0.150442419663422 0.145678421842476 0.148953616346757 0.0666387284509587 0.172291713640391
0.0795520936054858 0.27408707369496 0.305485177350103 0.0171445518194268 0.0345595156073433 0.149645402384303 0.139526185538378
0.0419123829088022 0.184385025896858 0.164388578552736 0.189253705887767 0.090283716439213 0.126139795374107 0.203636794940516
0.0544095105563811 0.0609648604693768 0.230311906296395 0.142727278433889 0.0994489681516665 0.231659361196487 0.180478114895805
0.0334699981131305 0.0451122273412072 0.137971555741096 0.228606779975183 0.0805875260800101 0.267160755214758 0.207091157534615
0.116687591553955 0.0281181505723335 0.197531466881397 0.183599316806701 0.204740594275877 0.084550236371467 0.184772643538268
0.0566847320623924 0.229796967585831 0.0401005866094568 0.120144033013769 0.273261797091417 0.137254808552333 0.1427570750848
0.0624629012264636 0.220839616563958 0.111640981808205 0.212452765631367 0.0324984120284012 0.179048838856525 0.18105648388508
0.0598707735564882 0.130322996595985 0.133761339764574 0.219889554378125 0.1949135838318 0.0818491240770767 0.179392627795951
0.307833624507559 0.206487811445295 0.263547224366403 0.0208178770394079 0.0602500728285565 0.129877239205956 0.0111861506068226
0.0802037702096321 0.14506544208125 0.339095251786991 0.0475317214580858 0.108269667196814 0.195834531403086 0.0839996158641402
0.114863050046822 0.0221754900522748 0.26076332300568 0.0346223848648515 0.259200101796633 0.133993324958866 0.174382325274874
0.0747303188517478 0.116294579450603 0.0889236100791548 0.18391109738228 0.16792350040082 0.213396600564469 0.154820293270925
0.0191665139654388 0.0892799384225002 0.244185636204293 0.22001876478685 0.298497756492838 0.00275702902799761 0.126094361100082
0.197898197906891 0.212330793667097 0.0513596140240901 0.178246137649609 0.0517632712012063 0.207258601645109 0.101143383905998
0.177527846315116 0.204191999187904 0.0226374490638827 0.214598238025621 0.0937248302326295 0.161553309806004 0.125766327368842
0.159374080012864 0.0952927242745576 0.189314432929401 0.190741163071868 0.0122957322782147 0.0999271665311786 0.253054700901916
0.0283904112286827 0.123928748640099 0.209427934198858 0.0289066288852615 0.227818624963788 0.253295006606078 0.128232645477234
0.0240859639717327 0.165951578342087 0.367467630611724 0.0237589788876367 0.0695869592484358 0.306943273318281 0.0422056156201027
0.0191010797404013 0.258302854066702 0.176408043041089 0.184232872152526 0.0698564836879269 0.00189113666073883 0.290207530650616
0.216330912591772 0.133620982146193 0.169071962985413 0.0815718282763821 0.0734914028156414 0.201565934444785 0.124346976739813
0.115895520917202 0.245193550525148 0.191481055894841 0.0141057690232273 0.0597762041959777 0.160497650650687 0.213050248792917
0.251424024823311 0.230494875869983 0.00537019900998492 0.105783479984926 0.106539547688686 0.268395024640435 0.0319928479826738
0.225176004433946 0.0899586677518273 0.0789588332467074 0.0602177240798496 0.133702199681824 0.202287596826946 0.2096989739789
0.122606366513617 0.0366573291164673 0.107993400194927 0.295349614712754 0.0752213951474304 0.212637834121238 0.149534060193566
0.180319568469305 0.0939131085772345 0.174539230575012 0.188427489041737 0.0830441647450013 0.171286121980708 0.108470316611002
0.104733567595612 0.223657108050277 0.211129276863858 0.221304193528972 0.0087993401075108 0.223322805336075 0.00705370851769432
0.0613284629412722 0.203939799044404 0.201507983193138 0.0322777966152761 0.0946375730742207 0.196033942111837 0.210274443019852
0.234272908984185 0.248378436893876 0.118542785504098 0.0148902739090062 0.18329824293091 0.192072406985733 0.0085449447921912
0.200920022639966 0.0337336377917699 0.0113369673292267 0.206702576490581 0.131529021506954 0.22023217769634 0.195545596545163
0.084586566784592 0.203944598698949 0.131128068704641 0.132744431783 0.0799663792732868 0.235006641112182 0.132623313643349
0.221700275729427 0.085432557314833 0.116935417760082 0.0455729607265914 0.202618936456393 0.307379887630392 0.0203599643822814
0.129555955730264 0.00673228757850374 0.10728566628769 0.237194800306271 0.168300988918277 0.160668191549883 0.190262109629111
0.190990423986847 0.1635405903177 0.0779409546852557 0.0958293304125419 0.142001678661076 0.226748051943827 0.102948969992752
0.0279386425651999 0.188437216020232 0.179698531241496 0.165074212403703 0.19673776648433 0.159806385768081 0.0823072455169589
0.158880418742685 0.0701087348880974 0.146852775721399 0.122147491067535 0.0172068555468042 0.276414850824821 0.208388873208658
0.103079549219942 0.130995768251682 0.220003541279843 0.0341963163055427 0.197858439494188 0.0548549662845055 0.259011419164298
0.160867010650681 0.208437641376162 0.103987491916334 0.212345458856384 0.183441940067534 0.100528371425804 0.0303920857071016
0.137695225735027 0.208246603312633 0.193915027820498 0.134841595691927 0.242909777955176 0.0686767194811871 0.013715050003552
0.0716173081943895 0.247563435323919 0.271683286350825 0.0342655809934126 0.0564995494553111 0.113996122898448 0.204374716783695
0.169385125734968 0.201163609630064 0.101641673352807 0.134820277723622 0.228863991356366 0.0441547793089961 0.119970542893177
0.195861664162095 0.114656012613374 0.0878224690542449 0.123975807568692 0.146640692335898 0.117577130348707 0.213466223916989
0.179348342750226 0.222927308772502 0.178408865333016 0.149586113752508 0.0577100894346244 0.114820953476517 0.0971983264806072
0.186047574502713 0.0434424462884582 0.211721334496265 0.138567703762954 0.21170480800248 0.170058000280352 0.0384581326667763
0.158485490448857 0.0456309882714136 0.184055767387916 0.0850103485991123 0.175373586809999 0.161591352282892 0.18985246619981
0.0364971962690902 0.225343096015654 0.2283442018513 0.197393303040271 0.123580480711435 0.0845812103480867 0.104260511764162
0.265822036246188 0.0219905403974448 0.17169347896075 0.120366902528474 0.246141849790202 0.129146179642929 0.0448390124340121
0.18826883367703 0.0655763512767179 0.172993947863499 0.0560256905220621 0.107142342448512 0.195051177465085 0.214941656747094
0.186696214877924 0.157217105426413 0.0444901184549636 0.0286082995070253 0.207031236691886 0.223360069128825 0.152596955912962
0.156582362752667 0.187603594095154 0.104422042742646 0.0158589324784034 0.315389562392247 0.197542832717021 0.0226006728218606
0.0795473164659045 0.081328400313205 0.0831414101293669 0.0481045662632559 0.330669619171476 0.0403713211530173 0.336837366503775
0.133957791399835 0.00509332123388985 0.0923422953953468 0.114545848030639 0.22831433795553 0.233770351014981 0.191976054969778
0.127317933280691 0.0970740714433729 0.00652944848379609 0.0841454033590983 0.251418122224161 0.204860208058183 0.228654813150698
0.281699913200244 0.169761570163384 0.0259039298222223 0.0485191852134737 0.0669507050725408 0.115064382725014 0.292100313803121
0.008899969283939 0.0508965757947534 0.272996994356712 0.18080851564533 0.109378347896276 0.171502202293965 0.205517394729025
0.175989964485207 0.0637292638480063 0.130216500631143 0.139005373658999 0.165640018380975 0.212775886946324 0.112642992049346
0.109875829869097 0.0386768761086987 0.228869338580182 0.270903009385732 0.127051728754753 0.162272264718019 0.0623509525835179
0.159089124732514 0.158483632634894 0.0110576774836808 0.0800284014983688 0.143123441936043 0.232189619691552 0.216028102022947
0.0194986086716347 0.114918564157538 0.172987352330581 0.190235537257255 0.242950106152021 0.0538861995039172 0.205523631927054
0.0581189723755379 0.125344707760569 0.032542880688368 0.0962668996667732 0.511195066685318 0.00570258180105379 0.17082889102238
0.165133230111217 0.0784666833330623 0.0917399984112154 0.283630604503243 0.186941201429476 0.179598827457309 0.0144894547544769
0.11382111517656 0.0164749925666558 0.260116634014834 0.232133192523915 0.0719591720550772 0.275443163528515 0.0300517301344424
0.24846891471032 0.21920124986995 0.0128612983547534 0.120264148966258 0.119272020840153 0.192069287126121 0.0878630801324443
0.160761191351093 0.177692167542831 0.0670308737902924 0.0998816150532248 0.236014068433628 0.0842305416005743 0.174389542228357
0.224974861412574 0.181726253826332 0.0184800926045362 0.0698930248569133 0.22017635478264 0.219090592602412 0.0656588199145925
0.0632007665575693 0.145719999548549 0.103479093478052 0.104720929463464 0.19828074738779 0.215862488877151 0.168735974687425
0.14608183257241 0.0595808797894874 0.230711792214599 0.0949332763930352 0.225344286711966 0.123445526306948 0.119902406011554
0.21122503388601 0.12612142617022 0.168914495467529 0.189394469626086 0.0453119920181034 0.126937698056007 0.132094884776044
0.237366190472552 0.105284180083786 0.112232242139031 0.0729762039210722 0.148474278110129 0.207528685498929 0.1161382197745
0.135229036881951 0.194666257936983 0.0690739057485296 0.183499803894965 0.149923716000625 0.0845176533172444 0.183089626219702
0.205647872341692 0.00534452122121183 0.0680670621276552 0.160250424827501 0.139336257226639 0.174301613827534 0.247052248427767
0.116379913938511 0.235369695436099 0.0976809776424896 0.122478023680785 0.0612654868043962 0.137714739564019 0.2291111629337
0.262352999192652 0.0891406761009226 0.0882015754439481 0.143192337373584 0.108584603533593 0.0454353326332361 0.263092475722064
0.160886607228154 0.16676281801367 0.156270367565085 0.1420484418382 0.00279659708998292 0.204398942351241 0.166836225913666
0.119649404042734 0.22305549621568 0.170191258902941 0.103579520808659 0.195665307025906 0.0415294938614944 0.146329519142585
0.250850061388655 0.0689473077190567 0.303079516817156 0.011012558309568 0.0349526959183333 0.148056184333061 0.18310167551417
0.0781521032494513 0.173254820104349 0.0702411883092506 0.198899975755732 0.0582640621507132 0.295635893030176 0.125551957400328
0.271198389718741 0.0172488256447037 0.196715514170152 0.104772489300904 0.028608687440182 0.231127444271631 0.150328649453686
0.100125439677691 0.187291178838533 0.0663605221289742 0.148262557002548 0.155148554323366 0.162635556591656 0.180176191437231
0.229003718739977 0.0798359549551674 0.199562302361216 0.062981534067997 0.150621887064941 0.179113822033141 0.0988807807775607
0.200835600402286 0.0688650771397067 0.127234663764654 0.238459009461694 0.12836691641581 0.133110579392225 0.103128153423624
0.155833395489758 0.197333913363272 0.194051078502023 0.0400527842464817 0.215499360882432 0.0199162083930257 0.177313259123008
0.0407923785696943 0.00983887156041668 0.00166367125028886 0.336654722517034 0.125252182530002 0.153777872754095 0.33202030081847
0.123322275335325 0.197965407434634 0.000923949923388494 0.168136251115272 0.0198325505094084 0.27562643104294 0.214193134639032
0.135931244587412 0.181980338085124 0.173168857044633 0.174468965692238 0.0759264039222527 0.19739160541949 0.0611325852488501
0.197517912788827 0.138313501266819 0.0868717658596509 0.156885188822247 0.0734757506434476 0.190560987074845 0.156374893544162
0.125995196570688 0.210675498419431 0.105427777616062 0.0202605385026314 0.208631040378228 0.174915241613912 0.154094706899048
0.0977730152402939 0.0483505155515011 0.35085296798058 0.1216728480028 0.277527417974816 0.0441959347954105 0.0596273004545984
0.158973608123877 0.247144169240894 0.0236129380268031 0.00300414243570378 0.235292415930011 0.26257483386834 0.0693978923743711
0.192064608131791 0.204960582589529 0.120962415709406 0.025007614765809 0.164683254189374 0.158189548960976 0.134131975653116
0.196536179932758 0.0227567121061647 0.177273147782455 0.0496147547804748 0.123809399022978 0.23459203796726 0.19541776840791
0.117719391053413 0.11837655590193 0.373552179441576 0.201855956896001 0.174147410442615 0.00289302051365689 0.0114554857508092
0.128254286879945 0.227241657351968 0.0506431857641415 0.121966152421411 0.215484560327621 0.170256415649812 0.0861537416051025
0.061082445129567 0.118751577631013 0.117828926694093 0.209030510318016 0.0349267737292112 0.263358231310549 0.19502153518755
0.0508684517338933 0.0747391240745372 0.237628826327617 0.264087067649314 0.209694079544136 0.099889781425816 0.0630926692446864
0.175795167583755 0.010126160830211 0.202718360922655 0.210516779252682 0.20512220216037 0.186119905677021 0.00960142357330572
0.00506223967901441 0.219655777518477 0.0323636565481644 0.353446479139944 0.0387968338575085 0.247048812342988 0.103626200913904
0.175396623088994 0.0324014670034836 0.0193372695519533 0.207886677403441 0.326841710383071 0.171422210757293 0.066714041811765
0.13568552359844 0.0369244765164874 0.213719990265307 0.128258387150807 0.224504754091576 0.129275814695855 0.131631053681528
0.167744110299129 0.0485725452535795 0.255202828343964 0.0661736868357762 0.135917573081562 0.126464112116394 0.199925144069594
0.298304692728841 0.061172906385161 0.0688576344890295 0.227894608158125 0.00377739064903274 0.240933331092126 0.0990594364976856
0.135763203531865 0.006723970837509 0.114113187686058 0.204091546926398 0.0602286613964264 0.210112155855363 0.26896727376638
0.0454491287626396 0.116926868033362 0.197357621872977 0.126498058916301 0.182561092658549 0.19704409131232 0.134163138443852
0.0980225642775047 0.374793131471136 0.0994263725873411 0.0954900391378733 0.0217021195241662 0.131543377261776 0.179022395740202
0.0219182097863063 0.211507878944284 0.212194789484796 0.145637723567817 0.185725629044455 0.031094508056139 0.191921261116204
0.397006101478099 0.0932447373606404 0.0642840422145085 0.0421091918055109 0.239990630238034 0.056739792962611 0.106625503940596
0.23555723860688 0.129846820931761 0.0870513003825648 0.221222143097959 0.246358360237643 0.0676621083464756 0.0123020283967174
0.0380722804795781 0.0858033807465785 0.0895728137711344 0.0666719767036907 0.166274023402731 0.259633077322661 0.293972447573627
0.0176774436733399 0.143335706152131 0.267758689903616 0.0515212382967133 0.266474946802115 0.243376931279138 0.00985504389294618
0.0471040812154381 0.103519483105343 0.0156980373740699 0.221521066641973 0.133232233186962 0.0852495397621957 0.393675558714019
0.190288768739173 0.1975884313727 0.145901855293362 0.138900109612289 0.216434493531172 0.0895347425462922 0.0213515989050118
0.12294658095355 0.0971084487127248 0.0732857000984799 0.118059162242767 0.165957006765686 0.250254089398427 0.172389011828366
0.0364732945266081 0.21136909027923 0.178403125210326 0.231950497704812 0.24915781586764 0.00831753892134461 0.0843286374900383
0.201280417333405 0.12878972111099 0.12029154577546 0.209763743369224 0.0478762432455798 0.148555780717305 0.143442548448037
0.303192060617058 0.231547658695083 0.0448700430776469 0.244346576143457 0.0503210816630066 0.0431323897117967 0.0825901900919518
0.0613329599511132 0.146868692609176 0.127638392445295 0.135619698258357 0.266707985876502 0.221408885142314 0.0404233857172428
0.0619211340742957 0.239841880710593 0.208130531950274 0.0799954401554111 0.260862455992716 0.067726629604642 0.0815219275120684
0.275625353822235 0.0241260625344797 0.0844767174013523 0.219328278588651 0.220675761468894 0.108585038425159 0.0671827877592286
0.0694936595403513 0.174188722380793 0.153272674603139 0.243820951549443 0.0895187463046489 0.102206427353793 0.167498818267832
0.0280540171311203 0.0662540312760239 0.132632975844339 0.250237418331917 0.128903600215826 0.31845393135357 0.075464025847204
0.0704983244003417 0.136052700497434 0.0934934196144202 0.16197732360466 0.247637544022988 0.114642034319301 0.175698653540855
0.0162718885082751 0.235624143859601 0.326343659524224 0.0383509469639017 0.0866385814146225 0.249429683326028 0.0473410964033476
0.0703070177085966 0.0173326077156177 0.155032806408373 0.202228121909609 0.291671713051327 0.24580610762003 0.0176216255864472
0.122520857986058 0.0430197417685764 0.109236064693346 0.219495573094062 0.22894388259594 0.121549241767554 0.155234638094463
0.115630744490588 0.0450546419576536 0.149432727553834 0.260650942902226 0.245145276779656 0.121798743380929 0.0622869229351135
0.301126737666307 0.14993754472248 0.0225933120424807 0.181713205585757 0.214324699464104 0.130246796068721 5.77044501493977e-05
0.0879713217453992 0.140666824375628 0.201439682343653 0.193340327552579 0.120890223915739 0.153917669553472 0.101773950513529
0.137955251395124 0.00987773901634728 0.129492128187028 0.259492972135219 0.0197227027607286 0.128360346006578 0.315098860498975
0.0841924775695268 0.136776323605842 0.235596212361618 0.0339611755196058 0.192240773136789 0.0479423526404527 0.269290685166165
0.0793750104143522 0.083523939580426 0.31073625841769 0.223006650319957 0.144891340035328 0.0217785238835334 0.136688277348714
0.283252650188176 0.251598568570835 0.0267316300153349 0.0221606189821154 0.118627155735291 0.0550476777259104 0.242581698782338
0.0667467388605261 0.00514919711123327 0.261691536740275 0.0120548292389217 0.260691044560398 0.310284700962077 0.0833819525265699
0.138137442952026 0.160861602338816 0.0892848279236251 0.0182792198466575 0.236887397409775 0.214872523319874 0.141676986209226
0.0725094029399693 0.0544440016100615 0.00296251287009347 0.387833800203037 0.211223639049569 0.0108868428123238 0.260139800514946
0.0250538584321024 0.0289074754202883 0.32170506201968 0.301331434619419 0.0135951268172608 0.096093073813444 0.213313968877805
0.182318955730503 0.0926183961381336 0.210786140252065 0.0846013172669733 0.118327508818842 0.202190216061814 0.10915746573167
0.177859299650368 0.122726695424476 0.161807781199173 0.108560921168663 0.1829418729911 0.183914084219477 0.062189345346743
0.0947888225554087 0.0808218609526387 0.0802048643287191 0.182019045480211 0.175172898941911 0.199290404599655 0.187702103141456
0.0911025816281541 0.0355812832062921 0.146822276074188 0.147511703146914 0.211773880875058 0.20771147362576 0.159496801443634
0.255312410090369 0.0782201528158949 0.0706002521774174 0.235126071890869 0.0499688908936359 0.135587010990009 0.175185211141805
0.0622025501694198 0.262211689139641 0.0723447731682813 0.00932817125372912 0.196036538730569 0.179494907270396 0.218381370267964
0.0854602783515366 0.203350703404296 0.152553593718844 0.121196246834024 0.19079125491954 0.125734814180546 0.120913108591213
0.146781367484502 0.114509247157503 0.145839553573936 0.0547610589811182 0.339440687791203 0.186594384963869 0.0120737000478692
0.134203775214886 0.125906130610219 0.176590116258557 0.211731998774073 0.00841805961674478 0.121123346572936 0.222026572952584
0.186311930352885 0.180435763378549 0.0750290360071624 0.181764635775952 0.134355471545064 0.0855937163312634 0.156509446609124
0.164962644832015 0.185138729575475 0.120464085620013 0.0561404038180945 0.207875531947154 0.0624642709836505 0.202954333223599
0.0665920094150958 0.274252317202237 0.149295891526568 0.141465488181467 0.136673365841724 0.0840792574294525 0.147641670403455
0.112222434034493 0.155479868278611 0.129844393361644 0.263945833799532 0.100908419098581 0.194451543764131 0.0431475076630075
0.0632257150252908 0.0874751747051712 0.334453235452318 0.193792435216491 0.0454034251556799 0.00348770973130067 0.272162304713749
0.18013617326988 0.185337909045835 0.0604137180116129 0.169535190313241 0.136944585714581 0.107064883001949 0.1605675406429
0.0562056693966572 0.120338373223732 0.0897521496513674 0.0287141524604755 0.341983070347244 0.0134737649382624 0.349532819982262
0.256753031797921 0.0571911288848398 0.102113729372986 0.131824068989522 0.252676075231836 0.184633899694092 0.014808066028803
0.217454504756593 0.07137321139181 0.0743015951659003 0.204792668519257 0.215288916752002 0.00145859635198028 0.215330507062457
0.175917773558821 0.201884806508365 0.12853879549373 0.149568163983614 0.0876300388541864 0.182533701291606 0.0739267203096781
0.246795773039456 0.146289698535065 0.19695852461307 0.109121239057363 0.0394457654822741 0.0356556598213497 0.225733339451422
0.214346633839931 0.149742128435719 0.179096384766535 0.162141835098238 0.0268870031639935 0.1327559134287 0.135030101266884
0.236304086012413 0.129867803422189 0.0267792470232001 0.0398910467463296 0.282560544602929 0.0220532127383636 0.262544059454576
0.120591843583568 0.158367030306143 0.174664714431041 0.155467897737259 0.222111907378704 0.12412944149441 0.0446671650688752
0.161947533338709 0.00657547507093242 0.164317656521124 0.10833684339323 0.178745470980347 0.181198142698924 0.198878877996732
0.158946180416628 0.215071838482914 0.156993642858895 0.201701988359627 0.0690456713218301 0.172949703637381 0.0252909749227244
0.125521331046659 0.00309742317709915 0.0435643993079904 0.245186210798691 0.213574068162831 0.0185965279705992 0.35046003953613
0.0178821252284792 0.0628796317287328 0.164798258492229 0.196586229500043 0.236694107640267 0.11062735665598 0.210532290754269
0.118960787873276 0.234288025565 0.145417019726614 0.106653571845086 0.20814528373386 0.0814594017851748 0.105075909470988
0.152447943708912 0.168001987914253 0.240919143234106 0.127086657580088 0.256368722423916 0.0433372745278544 0.0118382706108709
0.0341260727819756 0.0601650776140693 0.264604826292076 0.133481233919492 0.184221937751164 0.143482776930082 0.179918074711141
0.0528251251735135 0.161234434620608 0.100012451913447 0.212513589120896 0.208625415693396 0.191188576656067 0.0736004068220724
0.2480757818977 0.271359416137532 0.205134301058043 0.0859236148943867 0.0084046602306261 0.00970714126002779 0.171395084521684
0.209627621001609 0.0503175156469585 0.18448765563516 0.198262847729022 0.0461405226469381 0.183717565321479 0.127446272018833
0.122748803402269 0.177796314899342 0.116901722279238 0.0924401597295435 0.117632606214339 0.201465731772619 0.171014661702651
0.182307394126128 0.136357231382928 0.0856032387316761 0.159900383639723 0.00560506863175895 0.219620302049026 0.21060638143876
0.217048243143456 0.11251870521141 0.110193949257071 0.218824797300791 0.216130610600095 0.0362436392896551 0.089040055197521
0.235279414632702 0.205309305093105 0.094467142548746 0.266188795942594 0.0589804968213132 0.0722234607149532 0.0675513842465874
0.187153146182907 0.0935962342982898 0.0944619262837948 0.385416162558949 0.226628710835077 0.011489590998608 0.00125422884237488
0.075080534120096 0.148202585255382 0.129002318321705 0.183531053036675 0.113417695514965 0.118727554758091 0.232038258993086
0.176205543369801 0.150553039961593 0.156235023325173 0.154056263271049 0.145697185407239 0.0735416257249318 0.143711318940214
0.0139748293811809 0.186768855729886 0.205442006083469 0.0862781241322012 0.218801768756581 0.050686666455896 0.238047749460786
0.028496072987938 0.264098734477481 0.185774990698081 0.174776313871089 0.155665837855429 0.0762479852120111 0.11494006489797
0.156494950227147 0.0463328631057075 0.267426085140189 0.0657390058834315 0.262583180880121 0.0957669776044687 0.105656937158935
0.128339604328965 0.0532339757256195 0.145626760952182 0.222063471864504 0.16810830674289 0.0667018283548372 0.215926052031002
0.12905064338279 0.131858987191292 0.019984344520985 0.197360986866152 0.28402443303149 0.0237762446839455 0.213944360323345
0.160932599201055 0.265500980849421 0.184171339764463 0.102183405967158 0.0939375652559245 0.0957320353195799 0.0975420736423994
0.183013790924148 0.0649104836578488 0.164462687828292 0.128744372347503 0.174281617686359 0.152797453581268 0.131789593974582
0.258741950504116 0.0397650169846403 0.0462128105207928 0.172290249529498 0.0346908608138053 0.263770772327035 0.184528339320113
0.120885747262352 0.0109879761123423 0.0458482936922048 0.200555462600057 0.219307117726766 0.283763813889747 0.118651588716531
0.118742805232577 0.111242729795759 0.091160576076707 0.214215479234205 0.215692647073968 0.0631586980663996 0.185787064520385
0.0933439570035301 0.0899989675460733 0.170487605404537 0.0891214142839518 0.214611294866658 0.194388271447807 0.148048489447443
0.21929010263856 0.0860178242767901 0.192559407416131 0.119147388704503 0.0765126842066631 0.0670059232929416 0.239466669464411
0.13800923096853 0.119529139631573 0.230218196921321 0.0670097957331431 0.0706618085397153 0.24151007834296 0.133061749862758
0.00239665145322354 0.187177218187007 0.322864948825978 0.0338812990052106 0.233199110643966 0.109445276213207 0.111035495671408
0.24673843365001 0.120763157567004 0.0754136964471384 0.00143982845594442 0.0858666960283998 0.213025595798582 0.256752592052922
0.0403118939345518 0.18525219631557 0.0607352397623155 0.132160085890164 0.249958273765355 0.0767434459734792 0.254838864358565
0.264943314831114 0.251368212507285 0.0454732670126753 0.150687337861986 0.0095796964749416 0.0545571124377215 0.223391058874277
0.191732374756107 0.0389713777084595 0.218881713154303 0.217806683461543 0.128349684279973 0.145626509360389 0.0586316572792254
0.0990124526343809 0.314637373351481 0.039738051805126 0.0600912824774834 0.11984838282299 0.103458452955417 0.263214003953121
0.0609441293918614 0.11693621052738 0.180220826657052 0.262207675599034 0.130691330035253 0.120899673673285 0.128100154116136
0.188107803956785 0.0755299051375909 0.0772290552824248 0.231045012383101 0.244465440142242 0.178340657094112 0.0052821260037448
0.12805700314335 0.151801989001467 0.0372170243619709 0.278121096895948 0.0834142766656937 0.0390850442824917 0.282303565649078
0.176612232834946 0.0518713138316469 0.0736169998487812 0.222813963783622 0.129695762805857 0.210250399272487 0.13513932762266
0.166394981779507 0.178706485592337 0.0292632756451275 0.200033307602006 0.146650578164071 0.164569258164207 0.114382113052745
0.0940245464805382 0.137394043142382 0.0416579568521307 0.228863637506046 0.145129344638523 0.122051940673072 0.230878530707308
0.154746356832819 0.177324595818979 0.0916978197992869 0.154002323892282 0.0813286925274466 0.173754850858419 0.167145360270768
0.0819605867519861 0.112497701049996 0.188159785189133 0.0733497435493293 0.218083627242182 0.206435560463729 0.119512995753645
0.00308311603141601 0.265599619645091 0.244207080268669 0.0932942962174329 0.0774134419076419 0.0337210281031299 0.282681417826619
0.163956937402049 0.0852594641242902 0.205980866078586 0.164218666668554 0.130227061436915 0.147349974240222 0.103007030049385
0.136132307045883 0.0543868522011623 0.0558021094501484 0.21105159986025 0.144246969882756 0.216797707930605 0.181582453629195
0.129798546432716 0.0741398114131956 0.0480759504989149 0.104469587843547 0.145508241138198 0.250139038943956 0.247868823729473
0.028825491334539 0.23504243876703 0.0331871758444194 0.27678855613418 0.0130003275202646 0.286388635838724 0.126767374560843
0.120470734293381 0.242386028253567 0.172147830657542 0.123420046087522 0.213702157431166 0.00718726680768947 0.120685936469133
0.0704569590389191 0.154734001862725 0.000335445943959514 0.151983422061362 0.233780976798881 0.144843822652461 0.243865371641692
0.167215466948054 0.112933902037068 0.116010596517161 0.180221572684042 0.124521514093767 0.233286189833493 0.0658107578864145
0.228815602672451 0.0327323904991134 0.190375672685408 0.0665226890503902 0.198811740827558 0.152740963560413 0.130000940704666
0.253413355861136 0.164962454914575 0.230607463020356 0.114639344853383 0.155284147804979 0.0717043647703289 0.00938886877524253
0.27825938850069 0.112651950527625 0.18958620790032 0.047461429303671 0.0790700114186575 0.0386474366145698 0.254323575734468
0.131595464487683 0.213664136001998 0.0471871041797124 0.10900326355232 0.0804464171977353 0.204539422690102 0.21356419189045
0.00640701924323436 0.205431248211537 0.234993787019773 0.0460435737930945 0.215329039555545 0.132612692878043 0.159182639298773
0.120769240111823 0.131711915363871 0.220912663737902 0.00617083657351198 0.247700788040614 0.16211661891346 0.110617937258818
0.0557421731936602 0.221660958847973 0.204387866845508 0.0930943593810905 0.0596729643751439 0.23779110045782 0.127650576898805
0.154853529928816 0.221467442390078 0.0672229606386347 0.0511526855159937 0.0200250962354863 0.252620358758229 0.232657926532762
0.117562549728208 0.0520284838957637 0.162034761826369 0.193548030664522 0.157481071890667 0.117769241469493 0.199575860524976
0.121472417485736 0.197643790999424 0.183856291064225 0.184114595372198 0.0542321594992688 0.152020535554091 0.106660210025056
0.182836925413842 0.091728169056241 0.241823682597824 0.225082852356831 0.00697121199648381 0.180293495059547 0.0712636635192313
0.166898814571288 0.0746404842780959 0.0948668119143029 0.164811841418494 0.196645290775219 0.190590969595736 0.111545787446863
0.150954352314886 0.153008491781049 0.281589908084075 0.199269286514138 0.0110449079036704 0.0116744377554405 0.192458615646741
0.136792422540534 0.206213294169519 0.249213870486814 0.0428748269675657 0.133541201237816 0.121931201719655 0.109433182878096
0.202047289722624 0.036969279209317 0.175710273033962 0.261688376680775 0.183634270932331 0.0520501815033814 0.0879003289176102
0.303017924341861 0.425908473993295 0.0107788566541047 0.0994211982208329 0.00880400107231797 0.12080183436832 0.0312677113492683
0.00197751150591296 0.221236718124652 0.105448003676548 0.233170970806839 0.134640210199489 0.0682500403077897 0.23527654537877
0.229947082361407 0.13105774188775 0.0840574298758868 0.191831924351539 0.19761745578379 0.039943467593723 0.125544898145904
0.233151205780019 0.220931007916789 0.137911979437378 0.0228867835177755 0.121648145145988 0.1294681578605 0.13400272034155
0.0684511309021903 0.199674902545639 0.134154993155741 0.147718066414378 0.0979910722105685 0.158854096261943 0.19315573850954
0.0561176589940606 0.220542840554435 0.087590803313381 0.119472898739838 0.16807622625707 0.138573568361815 0.209626003779401
0.0992925232520487 0.233258022332801 0.123254602083417 0.135364277283063 0.0877980889233654 0.199370252977102 0.121662233148202
0.165432479189777 0.0846999680940361 0.230219621160188 0.066838829365939 0.0668888417368104 0.180897931528207 0.205022328925042
0.0785393007655331 0.0977960038013476 0.0545645832986206 0.207083444870025 0.100928051125564 0.0714780685686131 0.389610547570296
0.0654166621229791 0.198763592146275 0.0267564175437944 0.171215457654458 0.276220444212739 0.137517522868655 0.124109903451099
0.155526845580703 0.0951218912001115 0.16717176661295 0.174534606003655 0.0172052702119835 0.143080384502671 0.247359235887927
0.224343204689253 0.138809887428986 0.228797533243639 0.190926219931928 0.0379978985611812 0.127626624954213 0.0514986311908004
0.106135363900555 0.213139729440582 0.221492421399627 0.214930878579351 0.185690478833361 0.021040245310257 0.0375708825362668
0.192976020890153 0.113768199180831 0.138071968543474 0.10883449388803 0.114706130287126 0.255705035903389 0.0759381513069966
0.120795274486852 0.135222062621126 0.104146936942228 0.242161764824466 0.101757707144338 0.142545492768221 0.15337076121277
0.0916463024494485 0.180863829894134 0.0228574149743886 0.190964317965322 0.145484026960292 0.180978860240322 0.187205247516094
0.243264265675562 0.171319927226474 0.17644501763981 0.00681439932725767 0.120300400633635 0.196872202463467 0.0849837870337941
0.129529505074551 0.190561950478444 0.0630683601411344 0.204280031004645 0.252473529237975 0.144153435679564 0.0159331883836872
0.183240599339569 0.0837305433333867 0.139589092499026 0.09770944304877 0.0211539915536713 0.353379614309748 0.121196715915829
0.0562769529268674 0.204511465822471 0.182179227996665 0.134750710919294 0.0659417975581384 0.191902340115967 0.164437504660597
0.0106918004665849 0.246674467842516 0.176943374349324 0.0815607189975764 0.151935948037761 0.188481937314805 0.143711752991433
0.162911907452239 0.153936931883261 0.177172832112408 0.107661187779447 0.0924872925952628 0.208351442472149 0.0974784057052319
0.177850245334051 0.0866146120999073 0.0717209430119979 0.155858161603898 0.229316926284192 0.148175022642214 0.130464089023739
0.185447439888428 0.115936200473958 0.153100225535487 0.182557805898775 0.226338795128574 0.053183288066679 0.0834362450080997
0.0975130772644596 0.20185981761424 0.0266531107346554 0.154061412584153 0.115720370371387 0.137812131124751 0.266380080306354
0.0140294583756095 0.209988840553822 0.117344780044711 0.304079448099011 0.197591991520042 0.117037065849615 0.0399284155571898
0.083564475657731 0.219827082689474 0.0743539871442556 0.11284880468928 0.207210631025462 0.279303632755828 0.0228913860379698
0.142706665630129 0.199436785013465 0.162368883158767 0.207583214198585 0.00024618062237482 0.117196731836632 0.170461539540048
0.135503033549179 0.0275676981455999 0.206235906753796 0.195915261368713 0.170911163566293 0.226770865262724 0.0370960713536948
0.1656392031157 0.0695534043942937 0.110489278821199 0.204971902291746 0.176453937972929 0.0775496723704635 0.195342601033668
0.0591756168360166 0.157501852232528 0.25949897688021 0.0851953892810579 0.232322845873715 0.0349811404457951 0.171324178450678
0.0111912442379501 0.154567155874434 0.244204528066267 0.257089003165088 0.0232659890506199 0.11895951011653 0.190722569489111
0.0994579410152806 0.125982996346365 0.141079774819829 0.20707501758154 0.0752986123032071 0.188587353350732 0.162518304583047
0.138862842219215 0.00533401728175116 0.146620467025656 0.132308234383082 0.301327749108602 0.240002484111357 0.0355442058703361
0.107924316977906 0.163612584919601 0.100668743981225 0.195951784600903 0.0530852508982558 0.260504470544901 0.118252848077208
0.00244712709927683 0.196083128295723 0.141353843721477 0.186521377586622 0.280670754636464 0.159175944283968 0.0337478243764686
0.125230275360813 0.201297885997102 0.0236907835610421 0.240509470820382 0.118861867763506 0.194257787723838 0.0961519287733172
0.316089536977015 0.15144297131738 0.163196520763632 0.249904019696421 0.0142516294680343 0.0887492549576463 0.016366066819871
0.147299862462793 0.233953217864368 0.0877256419779017 0.229552911748256 0.0586216800069521 0.0125428824045135 0.230303803535217
0.0222949365440242 0.207362866679587 0.236344008855207 0.0825164046400857 0.253657823980989 0.156246734137156 0.0415772251629522
0.0740895080547665 0.181480429273462 0.232933422195855 0.265906421262038 0.082422392423208 0.0335235308378423 0.129644295952828
0.116882104414627 0.121555693625716 0.13196831559278 0.171397037858228 0.201841716457413 0.168420497209404 0.0879346348418305
0.0638025034562235 0.223638222631399 0.161146713361253 0.0273914640663854 0.217777182716344 0.14628884340229 0.159955070366105
0.204838637684336 0.0565985202759321 0.205748978051543 0.148427426153335 0.02207944272757 0.222097961500024 0.14020903360726
0.10241797458848 0.143054050387039 0.0195948165935923 0.205327623738332 0.190545829810343 0.160629594181367 0.178430110700847
0.130753526531321 0.0352072615240397 0.249570041649909 0.277209683135687 0.0662554151016165 0.105325427631548 0.135678644425879
0.0435903764982584 0.0881349878827255 0.319455132373681 0.163611009674364 0.0882237748201765 0.272906457241465 0.0240782615093301
0.114161789657934 0.152829283947796 0.139948269170647 0.0361072172979175 0.239793522361379 0.266471781313116 0.0506881362512112
0.187174198576582 0.207098298242142 0.0131005114048853 0.112454944392724 0.149694314325979 0.140969631639157 0.189508101418531
0.0038402013056919 0.0176202225328757 0.0957672701426541 0.201172673291148 0.35356880679314 0.31150787297396 0.0165229529605306
0.288161184026619 0.0484881109211169 0.0355890405417603 0.168059109384545 0.0360728074285342 0.209076635440787 0.214553112256637
0.185100252111511 0.190840458817356 0.109280889019044 0.156058211826853 0.188204843580606 0.162449901993231 0.00806544265139899
0.0467378297778115 0.289823166495011 0.0813288936276829 0.0905008858133122 0.111129119881823 0.120317619718381 0.260162484685977
