0.111897017026344 0.148488316950325 0.0186450707803432 0.118755578560415 0.10828945760866 0.0405447830012546 0.0668899548570502 0.183339839640027 0.0177949281585657 0.185355053417015
0.167842421360929 0.0799075333712284 0.156873797937394 0.0471831852764761 0.120496493587345 0.00573382169616932 0.101162858422977 0.10688513405776 0.196855447934851 0.0170593063548692
0.0694604234736391 0.0798725245315088 0.148372539968196 0.1673313412815 0.011838547710616 0.153830969919671 0.110156098455016 0.0578043429256397 0.0512033078988274 0.150129903835386
0.0706737867438918 0.122322633259412 0.0266497354210496 0.0933301733129115 0.101128721432238 0.0782995306692953 0.114482979229989 0.111745091420009 0.140649688282809 0.140717660228394
0.129108251055599 0.0647331807135063 0.193594499245811 0.143493726301581 0.0481949952692555 0.0729267681876115 0.0154428080798578 0.0392549067407944 0.203785663670322 0.0894652007356621
0.079236198325145 0.0941000078370386 0.06016805495763 0.174774394268382 0.00966697022850465 0.176565324334371 0.147274639594357 0.113961948242927 0.0900066955210232 0.0542457666906221
0.24923015086312 0.119206893887479 0.21322324805078 0.051771264455101 0.0983860909489978 0.0302766171293933 0.00528531187242667 0.0836557390816251 0.101592840093201 0.0473718436178766
0.115687630819859 0.0184718818166285 0.0648291170825848 0.0357136714919867 0.190788022605044 0.165206340489983 0.0286858892057679 0.117665257539287 0.186298556915826 0.0766536320330326
0.138420068673919 0.0215254963493463 0.102407806639214 0.0756334570917538 0.119391232711163 0.193234743248639 0.148892350586441 0.0644739872914814 0.0731294705845128 0.0628913868235291
0.0106412930790084 0.161700103233254 0.101036861480327 0.134561901474367 0.0164273434728596 0.1136363425372 0.0647746385531971 0.0868204538647306 0.156318280188049 0.154082782117006
0.052217609711459 0.169774163551649 0.0408806605684841 0.0471195377188019 0.0970056542376541 0.219235991049781 0.12950257042627 0.0290492107101571 0.129309708260391 0.0859048937653522
0.0177850082578137 0.195478957406316 0.172071591680024 0.15216282570911 0.0103213760132283 0.102339605178011 0.1123449979002 0.0200674633220267 0.129036815221812 0.0883913593114582
0.0725781777503449 0.0544824067396719 0.0376651585112431 0.031909711366359 0.101557527374185 0.181478465614496 0.183008772906058 0.0583373440135298 0.108122300243712 0.1708601354804
0.16647034676424 0.0990961840444861 0.110321897126434 0.128685817709345 0.0220032725681768 0.0283603099854267 0.170197999321185 0.0747254891214016 0.078010829156941 0.122127854202363
0.126374426290633 0.0970457478864848 0.104381433027117 0.0932478738750927 0.0691966413543928 0.0586069685720562 0.125910575080107 0.109456844678956 0.1187608852645 0.09701860397066
0.045014834236724 0.0656127354253592 0.0362017006313532 0.137268347788061 0.179315177212787 0.0242983954852234 0.135012049182704 0.182404692921433 0.053399910735933 0.141472156380423
0.0469392665715303 0.134868668564092 0.150105327854558 0.185724819743636 0.134371507870291 0.0656814534566675 0.00258636268188729 0.169761744038078 0.0786299496225667 0.0313308995966939
0.167467286694853 0.0118976086063461 0.121783900527445 0.168232105537164 0.0716534572848036 0.113436085825801 0.145100017664635 0.1489049244571 0.0136677165051454 0.0378568968967074
0.10430214319253 0.118529204952638 0.00691619207553864 0.13997785185226 0.0940287659286224 0.0943980463499395 0.0250665932527982 0.156477881932644 0.198521748841458 0.0617815716215719
0.0810905919036067 0.0883583974514415 0.189166109793615 0.0632194545348739 0.19652614800848 0.144099375090424 0.107575785839061 0.0124639324965767 0.0984196606102669 0.0190805442716538
0.0821089543960457 0.0795265012076556 0.12620112946239 0.0535880947733885 0.053674704386593 0.129094154069589 0.112229409916359 0.122682737141946 0.120939048417158 0.119955266228875
0.217987751417747 0.129309210449909 0.0958546974733288 0.0137567497199528 0.0277127447490133 0.198546999110777 0.0647364198244825 0.0788414137622793 0.133894274592409 0.0393597389001021
0.191388332673466 0.0387324411505105 0.0391296975285109 0.124148134752012 0.0875331484296267 0.0480396008251803 0.224303903956838 0.0835259364350676 0.0435197238398127 0.119679080408976
0.0381363380918366 0.050052001689692 0.213806363479663 0.213788145169654 0.105118093428795 0.0768745563057731 0.0944931710832068 0.00315829032475931 0.0239649277664964 0.180608112660123
0.0296816685944139 0.110152218051691 0.113367397928729 0.102201695932725 0.108451891636464 0.0993186072703774 0.0972070322167679 0.141779197017237 0.15405023500242 0.0437900563491748
0.10765482883794 0.0844434337388742 0.184979895355234 0.198822287279874 0.0288628595459546 0.0254127159309518 0.222728989573351 0.00599448344864944 0.141083545138833 1.69611503381721e-05
0.169926164346225 0.126832080361557 0.013451555784013 0.115862442781569 0.040820539164511 0.200520063526365 0.0550783407174248 0.117274816146964 0.0961301427527789 0.0641038544185917
0.025883305578266 0.159225582478447 0.0450994888135603 0.0962154394635056 0.208116821284741 0.146136247993933 0.111785985186993 0.168459149965161 0.00147241228649801 0.0376055669488952
0.0454972819160858 0.160026743488875 0.0797105992875128 0.142344523968929 0.141134972469303 0.164465797765846 0.00631864143145046 0.154783258722191 0.0442066448868757 0.0615115360629335
0.0861705301289408 0.125128655284081 0.0693613500390474 0.143685573174533 0.153837898084466 0.0510123801965353 0.106611733699763 0.0631655486256234 0.0123743550590426 0.188651975707968
0.0965697424973286 0.148355802769603 0.0660440434282988 0.18227218920885 0.16305998901377 0.0279065395222209 0.0138235634026973 0.130821709854015 0.103429175733048 0.0677172445701682
0.193095138882209 0.103740704235816 0.018854826085363 0.192147149182633 0.00153893041574308 0.0222209580878067 0.149683287157589 0.0881918492866026 0.170486704242644 0.0600404524235945
0.148374879178754 0.143318042260818 0.131674864674255 0.0124795313073181 0.0292249358706419 0.13430506521847 0.0738738850561827 0.103865621372383 0.15143157116507 0.0714516038961064
0.122028394330308 0.0713230229626742 0.0756916904064749 0.046959636914003 0.0833243765815337 0.197719269412476 0.00294526704069141 0.18817574281346 0.0121613812817453 0.199671218256634
0.144911456605555 0.0797035050440403 0.0808261165708793 0.145258434503899 0.157616416263168 0.0655392372776721 0.142872841391097 0.0412957030734589 0.0278162887230673 0.114160000547163
0.0233319618686428 0.183901548211889 0.0360230624100174 0.155037861475176 0.168737803300383 0.00137178109140005 0.0789423537230553 0.118391421932056 0.156511044552282 0.0777511614350992
0.0761698341990652 0.125455848087457 0.138983549733575 0.146862106119843 0.0990002770256661 0.130957636751812 0.0405577174577992 0.0446761520608687 0.118879416976493 0.0784574615874208
0.129775278062613 0.00240983959386069 0.0955828322864349 0.174588298322425 0.0697093352789878 0.220598702740308 0.00572062428985141 0.192724757198637 0.0754444145098276 0.0334459177170546
0.124794696379765 0.020631231113789 0.078930516708577 0.17684220659265 0.100179572006966 0.115761680204233 0.205153180570335 0.0811025806348723 0.0145954492358799 0.0820088865529323
0.0514698149156416 0.124688381423324 0.0358330938515801 0.0958439882263739 0.0419866399007565 0.0560446708737729 0.188082101780037 0.146533350360397 0.0653143404398234 0.194203618228294
0.0551358635528214 0.182439428398859 0.0717336106097439 0.0471742003080466 0.0955728061363833 0.0923466809300185 0.15183842525205 0.135628715321038 0.148422356515583 0.0197079129754573
0.0558174908107046 0.0804283468301599 0.143998214578678 0.136691331999677 0.145419094753234 0.108822043200726 0.155178086547464 0.0871774045833148 0.0248364619929027 0.0616315247031388
0.0185461769097758 0.0743617469596244 0.0491461009679517 0.115008200067399 0.0259628273224005 0.209996608690159 0.181890009822373 0.155815703705405 0.142555258507826 0.0267173670470867
0.103837095444559 0.041552167624312 0.147178592661854 0.101036081550563 0.113625519046775 0.00329774097579014 0.16897392647588 0.126338489217961 0.0508614610811056 0.1432989259212
0.000396533543836325 0.169248001057903 0.178239270168557 0.0563856974778494 0.100774313862294 0.0871069837279722 0.130507405731155 0.00746620766509147 0.179978006583346 0.0898975801819943
0.129429567302301 0.0855590293037085 0.049728227313593 0.0697221857300496 0.162583433993274 0.118485531514716 0.152330520452896 0.0387820974361429 0.117538694318391 0.0758407126349276
0.0162591968568718 0.0491409259948838 0.126511997671588 0.167149915958331 0.0487393189775339 0.169100195020407 0.0254070780353565 0.128627828452831 0.164880868898456 0.104182674133741
0.177044649077555 0.154849633474651 0.133869316782621 0.0261491991280567 0.00014146905288048 0.136950621901204 0.125260483551551 0.0795874752076396 0.0372327709557625 0.128914380868079
0.0271068382750588 0.0384954040320052 0.209571056395456 0.171296642420702 0.100839614951511 0.11062720435281 0.19026366773249 0.04379112361546 0.0373380713618955 0.070670376862611
0.0178187833098586 0.21826635887769 0.00446702427171686 0.176581569723612 0.050799555904253 0.113161575127017 0.22049290140684 0.0976968847395616 0.0482097041266221 0.0525056425128296
0.0628462706422811 0.133329313331706 0.12338496362313 0.153100765168164 0.160833442004066 0.12518972821548 0.127345048404389 0.0501451586659494 0.0397353860249297 0.0240899239199043
0.00107409594938865 0.0617656756230232 0.100274334111645 0.181683438579232 0.0793570739548335 0.0575947322458231 0.158343906100269 0.173656853584928 0.150166088179198 0.0360838016716612
0.0996972227004478 0.120186943333063 0.13568564685536 0.0862546362923489 0.0499661759988875 0.0789486610527723 0.142466327781556 0.042416442461159 0.201909085370809 0.0424688581535964
0.00880339514722956 0.187512291512049 0.168097205018623 0.129027756334974 0.0372897056766061 0.0568679594940726 0.105991082488091 0.130284195842797 0.0726073045752229 0.103519103910334
0.157111938612741 0.00764141833773858 0.11361348180616 0.108770578109311 0.0326970526725909 0.142304391500221 0.0619279631750229 0.169574611555347 0.0928218069837778 0.113536757247089
0.117541987470259 0.124223493536772 0.232357643337968 0.0150822974247131 0.0601962814650535 0.00698050860000714 0.0915867689466962 0.108819292660347 0.0490039225232267 0.194207804034958
0.155936285900621 0.0701013196873417 0.0789058055300314 0.120076525380547 0.00800779643879661 0.152392384441898 0.124118390497405 0.090974791980082 0.119629620049864 0.0798570800934126
0.0674437306190434 0.0410564779225972 0.165495759851872 0.159645584650774 0.13702379812214 0.0820910754687669 0.0976100413870742 0.0149423396876153 0.121458241048834 0.113232951241284
0.0463942053877408 0.00401753873511754 0.1468446318614 0.0396013300818637 0.176248203555655 0.0583083689885248 0.132871315140569 0.254533227014325 0.103045424662715 0.0381357545720889
0.128138347826105 0.0653260451405292 0.0940945168226179 0.0691804487615733 0.202342831499627 0.116913502837925 0.000119914559428262 0.078973524767266 0.0775672531145548 0.167343614670374
0.0737480570967302 0.00134381940942431 0.213023341543542 0.0726999534204834 0.132365138073787 0.155594172173508 0.0720526598352615 0.050689866043851 0.0746777143152995 0.153805278088113
0.0370017830895642 0.157852201322375 0.148769288353498 0.018154619528922 0.14163914617457 0.108765582211356 0.0679343306629443 0.13433433860425 0.157083219677789 0.0284654903747313
0.142134392236129 0.0782240713680135 0.106445074546691 0.131677262043265 0.0233804915982977 0.0686017416810506 0.206522307303974 0.07569511259046 0.029956425262326 0.137363121369792
0.19156957369614 0.0626495680321642 0.145035172020695 0.0383810318961897 0.00921075037464405 0.222981872355303 0.199199937561317 0.0147823891394504 0.013990511278338 0.102199193645759
0.0943419565512971 0.0394488694112374 0.0686864624748805 0.0732396616517279 0.136129756400983 0.0695398136473098 0.0912165693989638 0.125812863537117 0.166546956014146 0.135037090912337
0.0972557932371057 0.190145130820712 0.117932629874902 0.0569219439303541 0.0230420041705715 0.0776033391952917 0.0399058012300464 0.156544991904211 0.0680400531819532 0.172608312454852
0.0770770219009275 0.153020348259632 0.123559060413691 0.0670644703718837 0.123625037889302 0.0488917040488611 0.0538516914022942 0.181398834309238 0.0687807685368225 0.102731062867347
0.158229974525235 0.0922714592540611 0.169576152110401 0.0335865759133714 0.142547557142525 0.0253689358824962 0.110081467196237 0.0573064669494582 0.0770593178110118 0.133972093215204
0.0376236916472538 0.0487939659281557 0.106836130154184 0.141391245126755 0.136526168478295 0.0199286261718751 0.152259483291569 0.112252488681234 0.11213705522642 0.132251145294258
0.163206998859538 0.120774510918936 0.0764032673457753 0.0542575050697444 0.0223477121668726 0.152806736216255 0.208784171426941 0.168530987757879 0.0250799257315948 0.00780818450646387
0.106782349229329 0.131241241371649 0.0728299987870973 0.148201811062404 0.117927874482657 0.144984285824373 0.0421710739758222 0.0536550586559077 0.0438458029841258 0.138360503626636
0.0276596321350723 0.176480448127052 0.116936569414094 0.119418243105592 0.102459570971296 0.0886349619570467 0.00917949204141758 0.164361539764657 0.127716624141656 0.0671529183421153
0.123830189196361 0.0186193755207344 0.0864017469088171 0.121147316138149 0.108771973596161 0.0626304296520898 0.0115318521454049 0.198490590697629 0.138228765096405 0.130347761048248
0.0990741034629913 0.142449393095565 0.0918509246492349 0.0243622291758082 0.0957181677187264 0.0307764715597288 0.0838565111681448 0.0955921023148479 0.167772633275966 0.168547463578986
0.0869212433750717 0.178171141068815 0.04366201506353 0.183484119796101 0.18812714828132 0.0407246916761045 0.0189850371776101 0.0984061550053491 0.0202023789526603 0.141316069603438
0.0523775006987976 0.041564380115518 0.198150506121009 0.0263439258655985 0.157797810798604 0.17337826505969 0.0717497086828623 0.154945234134234 0.0172736807586278 0.106418987765059
0.0269548334930669 0.18735321632537 0.0593181958049871 0.20374843953281 0.14277561245733 0.00844909345722426 0.224359345849485 0.013861464505313 0.00897022050059247 0.124209578073821
0.0853866840421666 0.0907909173117573 0.0641675192201555 0.14320212522121 0.113600606725674 0.148305897146376 0.0321139322907414 0.0992109639015368 0.146746304929866 0.076475049210517
0.0990982963056372 0.0716672178389988 0.0307198987423084 0.0956489424287078 0.122256586945816 0.165296367682761 0.0756971836631389 0.112894644327371 0.0667275668331878 0.159993295232073
0.0928081427301497 0.102450193953136 0.137127238343797 0.0143678884126694 0.0585412216175175 0.192717114589889 0.0505055166548082 0.0209439220872368 0.0931462773821602 0.237392484228637
0.0259438540663641 0.0338153860172658 0.147267133423817 0.242204030776468 0.0188382085778177 0.229146898265769 0.049301580948027 0.0400248683575416 0.0135623393187888 0.199895700248141
0.0304000415846086 0.128626609882118 0.0474507189437689 0.0388697446358486 0.154155080078378 0.0371929761734193 0.23002465058474 0.198866611362439 0.123528642704372 0.0108849240503068
0.0875938474106892 0.0438675133037542 0.0632717641170323 0.123920077761393 0.132735833066227 0.16587466020558 0.143364508633235 0.0326270234295646 0.121045092070473 0.0856996800020527
0.117736232521267 0.0502075655023604 0.140679029540601 0.142451790547088 0.0267121639638282 0.0579200703317175 0.108536244749541 0.137428369914592 0.0956672312118393 0.122661301717165
0.178515876453902 0.162016564113336 0.078657507184372 0.106886486886592 0.0429510497928646 0.0599068940317814 0.0927422693307179 0.0687117269413012 0.139970683020207 0.0696409422449265
0.0504962497096123 0.12610437764443 0.159079667979122 0.0274292828874181 0.0722604939199347 0.0602253989668419 0.127994159429482 0.162519331339213 0.130362748437648 0.0835282896862981
0.165454465295924 0.143227083850356 0.0581819454852265 0.080252472522285 0.0308658857666304 0.0871026186281103 0.0103066109577009 0.171231176052116 0.138320172507768 0.115057568933883
0.0668457728622418 0.145043023777218 0.0438058128314254 0.0937015044142156 0.0569271795987384 0.169343607169196 0.106666901332136 0.0771646326456356 0.0956431139074969 0.144858451461696
0.136895841360619 0.0410156786168735 0.0932049036498584 0.1204482114756 0.0539916619376719 0.149924620396236 0.137771850424036 0.0837215249211353 0.0666856504007209 0.116340056817248
0.164521398962991 0.191103493849331 0.028760194798224 0.0435960775180684 0.0552393389452051 0.0516100025760923 0.0871017535479636 0.184665559733387 0.0966899834007812 0.0967121966679564
0.209211515779295 0.0384317257070347 0.0557605760965492 0.0251504311650571 0.0318081608318096 0.0833660876785887 0.055388957596727 0.237498210722454 0.222901952685352 0.0404823817371327
0.143953685446055 0.00332848478772419 0.131419023459408 0.164497262271723 0.169890536102857 0.00426676510152066 0.152906313642302 0.058695800782673 0.12867179302571 0.0423703353800284
0.0264605534038117 0.0809011370090867 0.11107158006673 0.0184365573893943 0.148270933525625 0.137779972437487 0.0166872813088522 0.14930758160506 0.163851969670988 0.147232433582966
0.0281337046411829 0.0837561689043993 0.142016883010336 0.107941581919238 0.140067333000139 0.0975786223587853 0.0523479821097713 0.056387898136988 0.139804417357308 0.151965408561852
0.0933366304578506 0.08620712950519 0.139410237290376 0.128212233360739 0.112201752265208 0.0972996840009695 0.149009190044742 0.0721989057903708 0.0305858684602244 0.0915383688243306
0.00158869146581809 0.12304669075279 0.176073207075733 0.176162788838338 0.0588920918800141 0.0682713345774342 0.138620881358698 0.0939004063290957 0.0311178279506655 0.132326079771413
0.0181885401411746 0.0880796200704832 0.0943658813744543 0.0765385952678986 0.225044080405614 0.0192927066646725 0.138452886079796 0.0885407359461397 0.192371615613513 0.0591253384362544
0.18209388529958 0.120610638638711 0.0642838684236387 0.0745814561754262 0.165598807593903 0.00783613772475272 0.0675287782824871 0.151776274602702 0.133423132916548 0.0322670203422517
0.110299500935235 0.0936076099811648 0.139605464267573 0.0257121592118653 0.162914262606454 0.0159018920600298 0.0567991087595811 0.0500285218670663 0.19545722668602 0.14967425362501
0.168220068285454 0.119279771649189 0.275504623195259 0.0127090698448175 0.16525823149984 0.0430029331084409 0.0658294003164107 0.0794397245657953 0.0565105615757929 0.0142456159590011
0.0981440605954058 0.133320937191359 0.0482662560105981 0.0254589801493691 0.122945931397246 0.1092680410189 0.0842773462750074 0.182082702675864 0.0873110905776009 0.10892465410865
0.107833544058779 0.0799980408219104 0.172398783846213 0.263917861189771 0.0894060985231586 0.135003565565103 0.0275075429775623 0.0760854637670114 0.0451559899702927 0.00269310928019795
0.148711765972846 0.0097919159277037 0.0810592813527652 0.0769795286645134 0.0306022226569372 0.131459154141947 0.165866578891981 0.039776664266155 0.167893739867367 0.147859148257784
0.0623677430678806 0.1028045436818 0.069529377796486 0.0999105568308047 0.0216324955639501 0.180772430572485 0.0359608920045079 0.210795703000455 0.0638223361669722 0.152403921314659
0.0623320757207856 0.151971790737541 0.0411236856828214 0.128287066200786 0.0555592572073101 0.204230482241448 0.0827379125999217 0.107962893696536 0.0307065145817172 0.135088321331134
0.0256418292244656 0.0149605608696827 0.0903553229451274 0.161970673137786 0.116254790646626 0.139474034390772 0.0263551771735937 0.149212109895444 0.116663983692988 0.159111518023514
0.0869491112452315 0.170927612822852 0.0562125293183906 0.145422184883952 0.012111874185248 0.0591574580718991 0.0532417881810809 0.145386516450682 0.1513254767323 0.119265448108364
0.122190142575001 0.164824737442203 0.101025157043781 0.0772133139957318 0.00762244082686834 0.111601386079367 0.14985032033592 0.100225244885537 0.0803499791144965 0.085097277701094
0.00873170347989203 0.0375306490816003 0.16291069452128 0.150684949979102 0.0393123220587606 0.18957207190871 0.106945120770155 0.19071263797135 0.0310386306331519 0.0825612195959975
0.161778241912889 0.0117496823421505 0.0433379342183852 0.081066615324532 0.130791007251531 0.0595257892896961 0.104530950025361 0.11731191376815 0.168229733692285 0.12167813217502
0.166353319830279 0.0260040149027683 0.11362716421765 0.161503196133017 0.150676024543831 0.162118794377579 0.136116103205183 0.00838144526458018 0.0179775720361329 0.0572423654889802
0.149127059290264 0.0251267249900024 0.114586374715262 0.0923564554231319 0.024613418581416 0.131746664821658 0.039795170886446 0.113224799327249 0.117623521717413 0.191799810247158
0.161505919206707 0.131574071813496 0.0225837025091907 0.00837150689279507 0.0913754393584252 0.10194141822413 0.129606456869141 0.177539704953325 0.159826101683473 0.0156756784893171
0.261949282836092 0.0878717897630774 0.141050067735176 0.0445618896772214 0.123026850268385 0.0747642097864319 0.117041574761034 0.0168208978783791 0.0977851321382226 0.0351283051559807
0.0315182205013742 0.00900243851050854 0.114546861195305 0.180107283468399 0.128677004406875 0.0759416318212869 0.124054252798766 0.134492777318508 0.172024968509992 0.0296345614689848
0.039063877983122 0.0696779337990202 0.104364723343155 0.0989088992431404 0.0768690837060707 0.114646874376614 0.0683489350295564 0.155993157927639 0.128862811261329 0.143263703330353
0.0680815465565811 0.214316739438907 0.00135042931236227 0.0727430103844966 0.072935501045986 0.200145948821314 0.149896655342222 0.00505253503570291 0.0227725737380519 0.192705060324376
0.156775455315791 0.189735127852957 0.159654418482941 0.00344095514200053 0.14075875966951 0.044616240610559 0.0590046251142691 0.119799322197245 0.0605623410963229 0.0656527545184044
0.126591480355331 0.18513598721009 0.111258640555873 0.0206462961942023 0.180491161939159 0.105766644169513 0.0263846288538535 0.0353419208881727 0.0641613013812143 0.144221938452591
0.156282270658169 0.0945173263015275 0.0436846553804519 0.103927472776722 0.097512230446616 0.146519989655811 0.0482536698669756 0.0646344191513033 0.164158509726932 0.0805094560354923
0.0428507692415934 0.04449592744783 0.190772484257841 0.091602121406796 0.176408430746776 0.0416674401671438 0.166432366248337 0.0114415928898426 0.131556143180819 0.102772724413022
0.13635778659649 0.0436122966170732 0.116581735031435 0.196098868372955 0.0420914825935665 0.147059385767867 0.0449884247309473 0.147704684374712 0.00750874256730811 0.117996593347645
0.215385815033615 0.0126341622691907 0.10124463011126 0.0449266061845987 0.0713388088038582 0.0676160790668855 0.218662046153942 0.068394534359554 0.158026528397968 0.0417707896191275
0.141586441692833 0.0417556605159558 0.138091753465494 0.0224693418747941 0.19052331297828 0.219072790970171 0.0481460717042475 0.00265924260446386 0.0679469393569563 0.127748444836804
0.0755403931091086 0.189863811647834 0.0735202889431428 0.0568815456574443 0.0908041843495747 0.104824762061488 0.0689451401000435 0.171060681148664 0.159820798998537 0.00873839398416323
0.150432532237369 0.0368336243543896 0.0925031285298318 0.191396956820989 0.00104698778167596 0.170691707629543 0.134008796055303 0.120582687510677 0.0143196599195406 0.0881839191606801
0.105848509258867 0.025036575559155 0.0284124149146884 0.179316186068432 0.151085530117334 0.112785170097178 0.0232068580551463 0.0704948215689218 0.161256584791465 0.142557349568812
0.040422252674348 0.15856085912313 0.0535435766489794 0.0619312954445865 0.159718190643623 0.199634777376463 0.196223647879197 0.00163332361689968 0.114498486125201 0.0138335904675718
0.159769572608456 0.00943966285726653 0.0991382693258205 0.00358037941350826 0.157830938568495 0.0199758793507996 0.0853829942591256 0.165219605090485 0.138961761871705 0.160700936654338
0.0326058952058601 0.000995607546079215 0.15963011804656 0.161396789303884 0.0152326286936452 0.157005899460927 0.17140041477714 0.159519197502978 0.0134393295621835 0.128774119900741
0.0927640694872285 0.0971325988593238 0.00795124464952918 0.152877565964144 0.0756428708937004 0.0512176447873777 0.164318212031978 0.012239719521863 0.171242020719659 0.174614053085197
0.130933833359899 0.0435924959647546 0.00850511350928202 0.141447353280454 0.17617830051371 0.108186559825293 0.0606279725854291 0.111849320993297 0.158718267478244 0.0599607824896378
0.141389407525997 0.0482251392777594 0.117712046086822 0.0402078300097095 0.0407860316030152 0.0474918594768361 0.259199874117251 0.014297514332501 0.25001852179458 0.0406717757755285
0.0136798915177501 0.190612133841005 0.00911328811309147 0.134844962717744 0.0344297554935056 0.121526200242853 0.11541503033506 0.161679468345038 0.0708436333694526 0.1478556360245
0.0749573414684694 0.0644251398105471 0.177759045817738 0.0642920854830465 0.160741508380521 0.196140478714079 0.0409314718412756 0.0161790555891736 0.0451024724600848 0.159471400435065
0.100286347600487 0.126190711801638 0.174042458879607 0.0566691789728356 0.0592111216183969 0.0909669196931831 0.000742291025828123 0.173810429115034 0.0677916340988809 0.150288907194109
0.148927380602081 0.0480352581203478 0.0330777891133832 0.144565425175297 0.100673720578929 0.144835317532183 0.00836574941450123 0.140478440128143 0.0647730693961848 0.166267849938949
0.0120610295309981 0.118862292243638 0.248879816539688 0.0648150099018642 0.0117286911011642 0.183859219588113 0.00486816941866166 0.179037312976101 0.0273539303336419 0.14853452836613
0.170718255387448 0.0329786925582552 0.209707649347846 0.151002919693109 0.161762437166905 0.146781656264509 0.00884132378939125 0.000316833840204711 0.0889421247020166 0.0289481072503143
0.0363202854098634 0.0941986241141159 0.171746602887333 0.106849542189979 0.131956513938286 0.0892458572132954 0.0425243546594676 0.07911278733099 0.157676299035475 0.0903691332211948
0.0913770482836409 0.20216470890778 0.176824968451144 0.00855939958340499 0.196844880215465 0.0112548745875829 0.0175295010897975 0.0235747510730298 0.142140008565233 0.129729859242922
0.160006864329777 0.0992322492774794 0.0417252107296565 0.0491329129107622 0.202727270618504 0.157414285975728 0.132442995307779 0.0207255475864039 0.0466778289291945 0.0899148343347156
0.0678847760158308 0.0563249574643547 0.168016223913136 0.140541531998545 0.0744541064522095 0.00148961317923721 0.159257446390265 0.16265483290996 0.119303781619065 0.0500727300573967
0.173288129098279 0.175515643828607 0.00336753350411244 0.0477196743465916 0.0261667784747489 0.153050691554085 0.0596750627707209 0.236425018436138 0.0933443549622049 0.031447113024512
0.198321467760582 0.125229799451791 0.0358374470639624 0.0498371038776149 0.173353129549717 0.0344279175067496 0.0196047110461308 0.163459800073525 0.16848990800898 0.031438715660947
0.0529341633715132 0.105714307857013 0.169733973151844 0.197083578895617 0.0613243504446209 0.126533025023998 0.180078537457833 0.078559902534867 0.0191197855674864 0.008918375695207
0.181211554155585 0.0682505526281133 0.0767143768723806 0.033584167088152 0.139038475358882 0.0485223349427054 0.133651440283721 0.00653103324621782 0.120876820703961 0.191619244720282
0.00704204554866901 0.163250433165247 0.0926377151475448 0.101248757840823 0.129578639058692 0.128210747605503 0.163230391285739 0.0651075835110006 0.0864511895138794 0.0632424973229022
0.0868654746560584 0.157979618284576 0.184659297983167 0.0293191543767859 0.0717706269461502 0.00640283601675461 0.0350454058613117 0.121381590370174 0.138384824234926 0.168191171270096
0.0961122885246064 0.00381744317231722 0.0165387025335586 0.153299585823275 0.199579688722823 0.184934669863315 0.0254658904698962 0.0822800091663339 0.199188098035218 0.0387836236886565
0.159374806814394 0.0663045093267617 0.118079760067843 0.0867139590860239 0.091497607631744 0.154967197956914 0.0757791479105319 0.0309570301829547 0.0857059972725444 0.130619983750289
0.0381524913303587 0.163292035843697 0.0454695004181091 0.19222684146476 0.189845590749792 0.0714068659127134 0.1322144774244 0.0559063604914961 0.0334129741395184 0.0780728622251552
0.0499614115196468 0.119013025117887 0.0417026434150236 0.130652471501221 0.168781497069086 0.0307292482205592 0.0701909660991918 0.152344126645767 0.106332094833073 0.130292515578544
0.176786475725079 0.166467198202241 0.143502330706403 0.0214055544819685 0.152210816539512 0.0194903702215805 0.163288600339354 0.0866598718143319 0.0507607681963289 0.0194280137732001
0.000449270526782212 0.0116654937623784 0.207588997604908 0.166056367989963 0.0816926553217647 0.109459182036106 0.139977677311805 0.132571710614917 0.0368793917859282 0.113659253045447
0.154405412523845 0.127773417631111 0.00967620932892105 0.10927943955264 0.12172074518242 0.00793066579221715 0.0690051019505426 0.156396494543679 0.088087342543946 0.155725170950678
0.189068044231163 0.0354118167912329 0.180898999027335 0.0542958388988465 0.175887883209214 0.125807417449077 0.0523312154782372 0.0147966731494843 0.150202666235579 0.0212994455298303
0.125931261902166 0.236241140182501 0.209811109721816 0.15291530822542 0.0317432122218479 0.0857225340020474 0.0185440693707774 0.0841167584203501 0.034610914880131 0.0203636910729436
0.0199230589445363 0.165033405136693 0.13737769994093 0.0820299308319397 0.0299932343310478 0.0149601961360537 0.163770284642356 0.114466012302772 0.123947317982775 0.148498859750896
0.0182762038841976 0.0873513785970643 0.120914337824903 0.0800727545628287 0.162917161027282 0.175203390936805 0.146591454889213 0.0796372965041393 0.0985084998013478 0.0305275219722191
0.140741720853396 0.00320153493529034 0.0622597781185505 0.0391689232433826 0.142912482856584 0.0803189457125354 0.159451942786804 0.173655701810891 0.00436820786685032 0.193920761815716
0.193667580674705 0.0917122647288944 0.042885656798985 0.101821424236603 0.0126124820881995 0.0709112771627037 0.171322505011856 0.09760444063166 0.0257057621912099 0.191756606475184
0.0777591593069361 0.0910737147062824 0.11263015086468 0.102075540888538 0.14654154379421 0.169846392329093 0.165888826832229 0.11762413434063 0.0118564356955378 0.00470410124186361
0.018239485651573 0.103173178519817 0.134686551320465 0.136795765799075 0.123553627546943 0.0608628864095943 0.155311895616299 0.0600615036260771 0.0997968875519727 0.107518217958184
0.0184025895339639 0.0554949843220345 0.0659324222894356 0.0325979859229287 0.224893106456253 0.0791547331309002 0.235373621144634 0.131792014887036 0.0203897876827677 0.135968754630046
0.0188527947569456 0.225675180940404 0.201782921568293 0.125456535212675 0.0619301266862956 0.0144692552557165 0.0421570541611568 0.129711983083248 0.124778444261782 0.0551857040734842
0.160237260926931 0.0567958190869605 0.0658601688829467 0.11518988161426 0.0329521820886884 0.150139053227907 0.135900207341356 0.0771963954431246 0.0317304496544814 0.173998581733344
0.144344694687173 0.102231897876051 0.0706501386232234 0.0821947457756114 0.195138501975541 0.0538199419108847 0.010396405518348 0.131900019469982 0.179370850789339 0.0299528033738461
0.200668884856347 0.00685242349909148 0.142276624811155 0.0350703896690301 0.135901141100197 0.0915396307214233 0.011657062923966 0.174188972709323 0.0562061029283632 0.145638766781104
0.119489853324263 0.0379041228622291 0.0532626281477265 0.144662151978033 0.16764767739496 0.163926050059688 0.0491196244541672 0.0491475745477962 0.183481309037449 0.0313590081936877
0.0213544212419246 0.106824055632923 0.118173228596388 0.193806678127012 0.0498337293812826 0.182128023303809 0.12693902002402 0.1070985221238 0.0607807250379617 0.0330615965308798
0.0432052537712881 0.0479146190748148 0.0433832562141503 0.158710653136066 0.159057946548137 0.146768258127633 0.0962593406635559 0.0015933924042064 0.236090296697917 0.0670169833622306
0.173977694890994 0.0047646624507443 0.0985193552505786 0.135462419058017 0.203301513433646 0.158631649052752 0.0703040373458502 5.71943591539823e-05 0.0228002164601619 0.132181257698101
0.0210171618297727 0.131944882244104 0.15919448179423 0.0882378662374879 0.14111351482244 0.154502852745323 0.072151691033291 0.046463294006286 0.0719001749854548 0.113474080301611
0.172695582917913 0.0274327737487634 0.11735036396612 0.199050008911025 0.00950684330530699 0.0135155914429154 0.176900979683458 0.156653431888487 0.110459379524893 0.0164350446111189
0.0231192931182241 0.110782902247416 0.156660627352464 0.0281016274931746 0.193558084231996 0.0244164455169447 0.0217025413433615 0.128993275771004 0.237489566442991 0.0751756364824246
0.0650169307846804 0.120032404203034 0.122517329232705 0.142847870541726 0.0847415476925357 0.0895800759851744 0.153304398652536 0.105824880535205 0.100771122455863 0.0153634399165408
0.187873225583553 0.0149839657152171 0.0681167619066343 0.135171959917235 0.124428872703754 0.108684184292944 0.0025457427488113 0.0757273250721074 0.0836068466308588 0.198861115428885
0.0279230202678768 0.167658167851655 0.0691636544360223 0.191404796855646 0.0646139505236463 0.0980949623747373 0.0934369582999961 0.0755888736931343 0.18855716984935 0.0235584458479359
0.104076972260509 0.0671937597419066 0.115337385361238 0.112049867228043 0.119344275403176 0.0844102468311429 0.116342945224285 0.0458940939283376 0.121114919262711 0.114235534758651
0.0140020757394235 0.16440161991877 0.0610860959190205 0.0830995206092015 0.174229432210496 0.0844597056378134 0.0862441504494313 0.122581359674319 0.148506913179631 0.0613891266618935
0.201962370693326 0.00198827262670046 0.331258654065948 0.246736741618237 0.0641566363948172 0.0206902260664045 0.0104462847331036 0.0101095906845606 0.0950736678049338 0.0175775553119686
0.00652328926384818 0.00538792883081191 0.128120862957259 0.140453859846577 0.00180233901394403 0.223920495037817 0.198162934868523 0.0858747327445535 0.0364819605761614 0.173271596860506
0.135750552018513 0.113593788717464 0.119721422314804 0.159927296649788 0.123557746453102 0.162734255935786 0.115656977239607 0.0350546595706447 0.0190438555959747 0.0149594455043157
0.0181330498497862 0.145392338406799 0.137223096871707 0.0303847860201892 0.166418328136383 0.0849565384400525 0.0269415497631897 0.139726021392448 0.21480215549268 0.0360221356267653
0.164426296592252 0.0255236906772229 0.0906264451806189 0.147107429214393 0.0753501415748329 0.0783252488993344 0.108244624587893 0.197976758882877 0.0402981922477938 0.0721211721427816
0.156545076459236 0.00681972040175109 0.0296199920041091 0.05826054583763 0.109300850251293 0.101351723703312 0.144351597386766 0.165853135761137 0.108265796570712 0.119631561624052
0.177577963930575 0.136610581802289 0.0274702623226049 0.000938389724017347 0.0666903354218186 0.138404458414221 0.186845902175664 0.11989250728464 0.0796165588333672 0.0659530400908028
0.140368989347348 0.0618097801548408 0.141017047842118 0.0923994257418636 0.117459080997222 0.146506139543911 0.0653061742542561 0.0131310282563189 0.0367641942230233 0.185238139639099
0.158717174080977 0.0960709156248004 0.21275358940031 0.0198014568495809 0.00258218016736901 0.0844648432555006 0.235979287445861 0.0411115090428665 0.140748271726654 0.00777077240608109
0.00397436339742561 0.040573530937259 0.141999073414335 0.00886133586038163 0.195980145908745 0.0748678684290824 0.0976955411132048 0.0566911122276752 0.164830954915458 0.214526073796433
0.0576234349446677 0.158155072110473 0.0416943015969548 0.142047660660522 0.145198502626812 0.0212948545741122 0.0294781484199196 0.126118331475383 0.134398852513408 0.143990841077748
0.148659291389983 0.118492063375508 0.0459609880008637 0.0430009886306586 0.172690525192667 0.173027228263591 0.110302669784787 0.0194954631466372 0.0722331181925483 0.0961376640227559
0.0927951944387589 0.0175785301752861 0.134906362787176 0.169125459650023 0.122628327255709 0.176626931187579 0.0745396218696925 0.177002666928006 0.027809492362765 0.00698741334500455
0.0530971107605191 0.0224834471050748 0.196598738100921 0.188266265687377 0.0841338394701821 0.0493550282686967 0.171778774850013 0.016432289955153 0.146972035871057 0.0708824699310065
0.0948954152179129 0.135130958039644 0.167101721743815 0.0562517225022929 0.163173884145983 0.139061495337494 0.117931943562148 0.0519774223635045 0.0412835133718057 0.0331919237153992
0.203726399338382 0.099825062497429 0.128483032459142 0.172051722221373 0.0358748785800457 0.110232301690853 0.136167913366684 0.0131522118854692 0.0926478058560664 0.0078386721045545
0.149964124014373 0.0144869187153472 0.164647066695524 0.027925030173308 0.0873629895874009 0.199655607763558 0.186411913482624 0.0746456824632391 0.0657170142494354 0.0291836528551903
0.0506668076344627 0.160939518827749 0.15207729002854 0.15632342809225 0.139351286987738 0.118778587053304 0.0949468930677678 0.00702790766270301 0.108433950051381 0.0114543305941049
0.193330957020343 0.105203580232189 0.0777215664143753 0.0771815054815206 0.0413811696024918 0.0677976923237127 0.0383386058245473 0.0944667133911443 0.145033575461438 0.159544634248238
0.169516962136018 0.0128801133813713 0.0983085922954938 0.122256010786514 0.0365249766142409 0.0443954758699702 0.107629075417349 0.165304555680776 0.106241612233076 0.13694262558519
0.0874618707662923 0.17723876499588 0.0106017418418676 0.0129430360166051 0.257131127202946 0.0399077414428981 0.0489273054646608 0.0084980548363615 0.174092313721758 0.183198043710731
0.190020561850622 0.0270912475523397 0.0117036109988624 0.204491829504774 0.22184860860922 0.0841185360396554 0.0875886091147641 0.0703809763876739 0.0598587708088092 0.0428972491332788
0.00405125648238873 0.113430186727437 0.155153567336979 0.0456338491229632 0.0017775348831768 0.14498544610155 0.127233917905775 0.147654204725747 0.200396830663352 0.059683206050632
0.200335770892335 0.107792137100062 0.0129933303891413 0.0397533916966642 0.208089581211114 0.00801711670974468 0.0921141550842381 0.130236193336119 0.136284162135085 0.0643841614454978
0.023183589306507 0.0442053893184718 0.216523004244359 0.174124144755915 0.159213876533152 0.0451958794781316 0.0728101786461537 0.060780233086418 0.0744056863198731 0.129558018311019
0.187800999538293 0.0184845113973424 0.0538311045667866 0.0510688808126683 0.201091572583387 0.0118774134583271 0.0281932157860593 0.213237902722855 0.137624782531769 0.0967896166025134
0.0215718794696487 0.178956630836114 0.0573636073587238 0.111217935897773 0.201950866432722 0.121823616045368 0.00791351030803708 0.0604415530619589 0.105244040125959 0.133516360463695
0.135565085511006 0.0997398926975186 0.153650838102454 0.101991107660478 0.159549571786057 0.000297459164736538 0.0763610322745761 0.0137965732876785 0.111379379618368 0.147669059897127
0.116815483015816 0.102315956774602 0.0251889292597101 0.110053435919043 0.139724630866613 0.131489222331431 0.108396812617391 0.0712574716556854 0.085939409989418 0.10881864757029
0.0663106913444511 0.0813552081526644 0.0786382098953372 0.0918647526590418 0.178187627017253 0.134528858889957 0.0854178644001203 0.0458811481846782 0.0690281909911354 0.168787448465362
0.0262130942315401 0.13847227092064 0.138838093814321 0.16150723741053 0.00746683263506468 0.112569065101835 0.127885652929137 0.0475499660424436 0.0662240412805176 0.173273745633971
0.145727376768631 0.216792104670924 0.00204438099216591 0.238246890020237 0.0835459476576244 0.0261404206552404 0.0719928174529833 0.00238340857901966 0.193851179277483 0.0192754739256911
0.0208019576753582 0.122045456417939 0.0720699538226356 0.155332476859757 0.0426934714647089 0.143529582139756 0.037334444757457 0.0676375767251342 0.166301952546117 0.172253127591137
0.0174854057813908 0.00346389949724399 0.166634251251834 0.193313196703996 0.0557343960717346 0.141139341706019 0.190025414333034 0.103184096858707 0.0869618956235865 0.0420581021724538
0.178284898867375 0.0085543734264667 0.115599417775661 0.0353148186329762 0.055112982356975 0.0699358459894379 0.0625904950545568 0.197141057882996 0.228002733342615 0.0494633766709409
