0.166781497940755 0.0604284241825856 0.140167049981229 0.088630711690572 0.0908337569649753 0.135674651280468 0.134296498655817 0.00996278024869183 0.117973529873363 0.0552510991815433
0.0214082307320818 0.18032234765736 0.0885020358989262 0.176877616229457 0.032059260495031 0.0692145818541537 0.0728174369441627 0.0548475787440415 0.169509966450342 0.134440944994445
0.139814106767828 0.0885295514188903 0.0408359836549945 0.144126430591258 0.0322060502151473 0.0867697131162793 0.122373071704996 0.154124542501475 0.0244324879406236 0.166788062088508
0.0767809877266227 0.0544973789197521 0.0477285520958209 0.184688964421278 0.19164662525941 0.0185026426082448 0.113346303805388 0.157201111396363 0.03041078016759 0.12519665359953
0.16264001075912 0.101985679167605 0.100847821668182 0.00636042486622837 0.0331728326451433 0.121631847280165 0.159235996942437 0.134837220774899 0.0426241793597271 0.136663986536493
0.188028467395432 0.0639561210217529 0.0733054261983246 0.0428556297673144 0.0763575694259947 0.0255708670529548 0.129381987388089 0.0603688939937645 0.162407357584271 0.177767680172101
0.165749599907935 0.116541627121224 0.11757457221342 0.138600146574783 0.0987313214159352 0.0346281386231628 0.0679299475664707 0.165868203401616 0.0721523839393167 0.0222240592361364
0.111216712719795 0.0678126317366391 0.190373921650369 0.0972827092589244 0.186813478387401 0.0482511016217242 0.0336711249255159 0.118222448626519 0.109567632447854 0.0367882386252582
0.0286283825874782 0.0541425008008754 0.0908475190458999 0.0739522570332756 0.0951742567990545 0.173303939968739 0.0936221667907742 0.116428642782387 0.144997493858982 0.128902840332534
0.124151820599401 0.0955086702957973 0.0294371861946898 0.107290031310415 0.107378633920586 0.0345171536076633 0.0956985847207352 0.088016010836024 0.160625471707582 0.157376436807106
0.0510511928430875 0.0796718151151375 0.159807630505062 0.173849114740206 0.00638322675838232 0.126244350260661 0.138130528734675 0.0748416016574765 0.151274437976792 0.0387461014085188
0.156822517619941 0.13329047314194 0.120904855031465 0.150340238715555 0.0766257478392976 0.0565576802058662 0.144789202003559 0.00689191752858748 0.0388172493145967 0.114960118599192
0.115213789841264 0.0618951665733228 0.000599503061818388 0.0895008229319568 0.180142743234422 0.0267230053364446 0.168883920102211 0.127124520395198 0.109928906271785 0.119987622251578
0.105179719642867 0.0514383347048329 0.0172273388692553 0.189678020642917 0.151119840444348 0.12888520255582 0.115310758584239 0.0360545500078419 0.137316273387099 0.0677899611607796
0.104106036994359 0.0105646859741161 0.205975837462207 0.0022141271760943 0.0280082025006779 0.0598803192848251 0.159410549073897 0.199429716611017 0.0218960765048366 0.20851444841797
0.159381254873931 0.173939179534659 0.0324542268991463 0.0318239291161001 0.024138382634417 0.0893686864766838 0.0783239224694078 0.0402708586064461 0.192606212714542 0.177693346674666
0.0110238557738401 0.136638134190912 0.075395246098569 0.0277612707405752 0.139180247447954 0.164210967009212 0.187133765013905 0.0948533512651397 0.104519242725758 0.0592839197341347
0.130589981258395 0.0901013657638219 0.0698782312652711 0.0366297409370582 0.0761008063905646 0.0993615138953571 0.166417196288916 0.0151604623974057 0.17627814230039 0.13948255950282
0.086497027131891 0.0252504734719956 0.106816401077653 0.159009525688054 0.0183880559845463 0.115819378028737 0.126427130400074 0.111265406182005 0.0958201050320294 0.154706497003016
0.0573203304879468 0.131832813737629 0.0227068932844903 0.0819836924068674 0.106928799551093 0.0402735307584675 0.0906636947367491 0.0854118663052426 0.123223203695661 0.259655175035853
0.183509368721372 0.0562604856799925 0.177259120427618 0.0692644765367652 0.0355963381253874 0.13123869036686 0.147724247506519 0.00891164999639013 0.0290410387539386 0.161194583885158
0.147958052648382 0.107039683503068 0.0845546421271815 0.0680864504372238 0.0454999422702223 0.157317185707171 0.0734283209913813 0.114606170033368 0.159069946021984 0.0424396062600176
0.138052961615196 0.0308533485826776 0.128517062914135 0.100941029479186 0.120942878255451 0.0903096421029834 0.00238548586775595 0.171712308146838 0.0772962799620675 0.13898900307371
0.0449402559996525 0.0952628200429023 0.115761158192225 0.193636798416614 0.114918330237468 0.0690987638228752 0.0878210916546691 0.10867977271713 0.0115810692485856 0.158299939667879
0.168236117612909 0.126319678240322 0.0647165268365351 0.0354757575901734 0.135828369605959 0.0586048102850731 0.0485420187320729 0.00522213787932941 0.179472570922703 0.177582012294923
0.0625269138245216 0.0482679297025985 0.0880585731486778 0.182827595779292 0.0252037312008956 0.130878135016998 0.0553385245504955 0.140097067664928 0.209371308373543 0.0574302207380499
0.000322102983200457 0.0132571811576794 0.210451305195188 0.175466077899476 0.0282789586640401 0.0488868751300535 0.135415400946848 0.239090012897922 0.139107980626884 0.00972410449871047
0.0440922165657206 0.12908005095069 0.0824661140665094 0.0900801099670525 0.152769184110182 0.0884136263990808 0.111378425992492 0.152822035898487 0.00325329888027552 0.145644937169511
0.0380203189776356 0.13972432797619 0.0907565276611485 0.163128643998136 0.041717137074623 0.116655031019935 0.0685172977272691 0.127807152468182 0.16184561832534 0.0518279447715419
0.0917963861944662 0.132323448315246 0.100583737577162 0.0584763781740608 0.0352795585359709 0.118185868838248 0.134242134067783 0.121365049813628 0.104316256429798 0.103431182053638
0.0729033394925698 0.075757169611353 0.135574400253089 0.109714601022597 0.10094577612021 0.0321977690760033 0.0975542740341964 0.0787739992536403 0.160633813037899 0.135944858098442
0.206324557325735 0.00636604012807852 0.0170750420796608 0.149965594990617 0.0932591967003558 0.079029882237264 0.0662301537321768 0.29097051504721 0.0640567943064101 0.0267222234524925
0.130388466782803 0.116904928323336 0.0820147347768339 0.136310780945316 0.126452317913984 0.117793590251837 0.100105307216591 0.0542692396571198 0.0899901825526753 0.0457704515795042
0.0742186900778157 0.11653991192203 0.0954200125803784 0.0029091964147251 0.184994088401353 0.137035788789922 0.0744301448768988 0.12230591917925 0.185191285811011 0.00695496194661679
0.0606289558185142 0.0274273505754101 0.139148532811789 0.0271615486615914 0.15508195554305 0.0572641813471607 0.123214435293836 0.14157662932951 0.113081271809798 0.155415138809341
0.0995926028998765 0.217561418267218 0.206000973283585 0.0664903781691791 0.0286540605862275 0.00683947843018161 0.052632258993925 0.0769786521757505 0.0933158017411789 0.151934375452878
0.116829621817273 0.0798885793251302 0.128535089368575 0.158993804742067 0.0658716281182003 0.108218962206006 0.130200569493103 0.00191207494852459 0.0541320279570025 0.155417642024118
0.120554760797953 0.102780534746227 0.146816025253414 0.111669674979243 0.138882058512446 0.115336245662137 0.0901149934780373 0.0634877687171704 0.0532372737402447 0.0571206641131266
0.0624019504331848 0.0168216697776768 0.0181277391324441 0.189039353329367 0.201731980317699 0.0184843551676773 0.0969439128438673 0.0393198716140554 0.268049549301042 0.0890796180829863
0.031347578828905 0.0595938688864116 0.150765071969993 0.0978007395058031 0.094863758271719 0.0266076624889739 0.20232283245464 0.0109028416225572 0.187753940893955 0.138041705077043
0.128235027796153 0.149563307536405 0.155540316499193 0.0300520025890994 0.0246412259678112 0.0385489242738962 0.114814178976177 0.146179878257918 0.168415290551941 0.0440098475514067
0.00651732728308166 0.12723100025085 0.0973218061398519 0.130733030029409 0.0653017940098094 0.109903411094798 0.244735646670375 0.0509354805507197 0.0503116778758349 0.11700882609527
0.0660292051503365 0.111889581143512 0.26074947318647 0.089418829146362 0.0211723846743941 0.0550787617589333 0.017174061110075 0.1200679991268 0.0225890226895778 0.23583068201354
0.057320730512014 0.149209494170382 0.0432806795440817 0.0446488259364017 0.0423362929794178 0.14448367239235 0.138313863595333 0.0500934265653668 0.178903649640664 0.15140936466399
0.161881399223063 0.0660580473857406 0.0669142070759298 0.0383678177663716 0.0599877528422573 0.213724840743041 0.116105482080632 0.0336273887528778 0.0417642345497768 0.201568829580309
0.198107190784036 0.0864731090188236 0.0863410500303581 0.158922333111081 0.054559550925996 0.0224517708932114 0.0981992039671114 0.170451633110213 0.0880193986683096 0.0364747594908599
0.176933740464532 0.0297485055170295 0.126905802382859 0.155863939787227 0.0517821765419386 0.0816127128227902 0.0231182763824903 0.0563401436456506 0.076841665317826 0.220853037137657
0.00726745881341669 0.169173044560427 0.156546279998379 0.114579406715464 0.047933155736018 0.104801525759383 0.157445488748853 0.131649263929434 0.034862532144647 0.0757418435939776
0.111751335414558 0.0960377146416783 0.0644323246476198 0.0803981963902419 0.154768347289413 0.137045544404116 0.0436818012768586 0.110438065729977 0.0739521811926901 0.127494489012847
0.13079825014317 0.0987179577444204 0.156179950788171 0.179652825605838 0.174430016600684 0.0243263801642034 0.062765331169854 0.0437805130832886 0.116171537193559 0.0131772375068116
0.149402158140097 0.0697915356430726 0.120219732366215 0.181142002090583 0.0798753659457963 0.0575301303856592 0.0313763929465844 0.203920003614678 0.0779389841901889 0.0288036946771249
0.0472514148122383 0.157120896971142 0.147709756891511 0.0732773653232533 0.0535077842975495 0.171067460837786 0.115805849601777 0.0491785138683808 0.169837514276998 0.0152434431193637
0.113405386338513 0.0769599479961779 0.0866169469317403 0.00389038102037423 0.101712990188436 0.150756345796368 0.101814292601138 0.0831764062177568 0.144126568014553 0.137540734894942
0.0449083002828256 0.113916434526699 0.0100265725228798 0.233298068006825 0.0709225298630049 0.0208270397438467 0.130600291988127 0.131719078699799 0.0563295341979147 0.187452150168079
0.00234270371822945 0.146068160933016 0.143116010348027 0.0985739418363681 0.0261478426201294 0.149018566199613 0.11828346551773 0.114872030317777 0.08198335522553 0.119593923283581
0.156257202418651 0.0846759385518768 0.159861142036526 0.00235332770811012 0.044031901639022 0.107319998281281 0.125339773296927 0.064033226664814 0.17012255128606 0.0860049381167326
0.0992439788650233 0.0795432212657122 0.137196273623067 0.0820834794140438 0.0343063990045642 0.132703912269543 0.145410695040846 0.0643531298748723 0.0930138865592293 0.132145024083099
0.222783982026078 0.174463990199395 0.0318955238821381 0.157006169532745 0.031040296283899 0.0443021084638051 0.156194554266448 0.0121417989348632 0.057592558549309 0.11257901786132
0.104161721631514 0.161415767858324 0.134648174007926 0.0776174811533942 0.0990735536664889 0.146912732298202 0.0952265304986161 0.147173216169437 0.0283098234906757 0.00546099922542215
0.154643991964314 0.164772293681617 0.029891244445584 0.125661856545932 0.0867297505874467 0.00661196850693276 0.157900424711306 0.072774348876347 0.037216144350338 0.163797976330182
0.154821988915197 0.207471158620334 0.245642620481519 0.0517173495213588 0.0389393180721481 0.00161045690288704 0.0597387414922914 0.00993054820752931 0.0504416347725964 0.179686183014139
0.100026239374199 0.120212339967846 0.0303009006749011 0.0504305580209736 0.170553644900389 0.0883527202627065 0.150206352816059 0.0434033649594005 0.152633814744309 0.0938800642792165
0.195389417422298 0.0651710175602307 0.0727411949262083 0.0982394287991319 0.143328614559964 0.117872882704315 0.0176738769218543 0.0967790776033167 0.171116082188031 0.0216884073146502
0.170415059290545 0.166361066816816 0.0906428792766958 0.0874465718193538 0.0931590182196899 0.0255946934510988 0.0784039830436706 0.0106105660072084 0.142679477679556 0.134686684395366
0.112153013274437 0.140102192348001 0.126318562351431 0.0195175983278613 0.0169404418437257 0.124795295610745 0.0524929702758079 0.151545481527118 0.116111104275116 0.140023340165757
0.144113053588674 0.100479271572454 0.0930553688154769 0.0722974316194696 0.106882611078395 0.126810628869496 0.0516531785239204 0.109741997959667 0.15006890083465 0.0448975571377969
0.0388250017446862 0.0536183718364842 0.285411838700509 0.0077009834457827 0.0572854841362057 0.0469887413725655 0.11752482000048 0.0570788249401166 0.265698719954808 0.0698672138683615
0.0093091823870856 0.0898803327991057 0.0991809258693246 0.166520564473572 0.128868066920047 0.115109316864249 0.140284226351377 0.123110108220547 0.0789108973325471 0.0488263787821452
0.00782019937437062 0.070302127738486 0.127251479590357 0.19502408999096 0.0872968417735725 0.0138091492343732 0.125655027951029 0.0792623119625443 0.122945929181867 0.17063284320244
0.0497755943564409 0.0270903293263568 0.106142926453484 0.112774587750183 0.0967043156359213 0.0274276911990017 0.151093944966974 0.15119212649528 0.125159754748416 0.152638729067942
0.143402011007951 0.179840950902158 0.180518860725873 0.112952869334539 0.127176318417411 0.0510647238384929 0.182433652717852 0.00912930956108615 0.0120219030550408 0.00145940043959467
0.198134918310471 0.171149711005574 0.00307688504115855 0.202252514490573 0.144019293689556 0.030942317973331 0.154122262201871 0.0651332048295439 0.0135686421805523 0.0176002502773697
0.0850802091926338 0.0941796788705431 0.136785323384419 0.0443725094945703 0.0933689464355279 0.0781984516502172 0.125010209053886 0.11115813357557 0.174298557803992 0.0575479805386404
0.0969246006151378 0.115200345456988 0.00788114432107673 0.0125411341677287 0.105873891772826 0.187422606740769 0.0513671649565489 0.18028169388236 0.184101665753898 0.0584057523326667
0.168878928604673 0.148031896042435 0.0595879421170764 0.13948418441512 0.0613184461551924 0.0960327917442589 0.0433290792313467 0.118984175616747 0.155614525506181 0.00873803056696961
0.143198223020423 0.0841510537947786 0.0646818055953694 0.0227422206362102 0.15314048415832 0.200673617594732 0.0520092587508989 0.066796942291501 0.0379495672667107 0.174656826891056
0.105669344836814 0.121333059021028 0.0162020342428954 0.0216757893898389 0.164813595752912 0.101213428295682 0.0170987940020359 0.125335338148849 0.1208933076338 0.205765308676146
0.179089632074829 0.0793468652078793 0.0526717531349161 0.0868861454023412 0.088180182921066 0.0283833134853469 0.0267447191647699 0.174046861449674 0.125333773090578 0.1593167540686
0.182883863699623 0.0426553333133789 0.163811795637252 0.0464554888641729 0.00139761959256245 0.115834778245207 0.143750267133645 0.135017449885721 0.157006280964057 0.0111871226643804
0.173719743059227 0.0129056535652769 0.055058937194422 0.150839142364281 0.131531558126596 0.0458476732549777 0.0984723476244565 0.0485136823346466 0.123987517913279 0.159123744562837
0.0849432022626563 0.0531320662569567 0.162866258053403 0.112716455510603 0.145437373531144 0.101507299403649 0.0454892797211129 0.0996306370525195 0.0158021041608501 0.178475324047106
0.0839786965410695 0.0567356406625644 0.00609677757624244 0.0437319067208378 0.154793530547124 0.143479742871358 0.0333362606159936 0.185170534079881 0.277091853158123 0.0155850572268057
0.138763250222059 0.109360166345065 0.0641151481170927 0.0369141298915875 0.119448679961885 0.207808500127126 0.114304932517088 0.0720135890158934 0.0059778871968239 0.13129371660538
0.0093503774251011 0.174617451630522 0.154432921149147 0.0432073121248385 0.0503888772095204 0.0950306769081803 0.154016206176411 0.0711172935914067 0.207111159738382 0.0407277240464908
0.021430951139666 0.100821235730109 0.137943665078649 0.161042055333002 0.0989709100808216 0.0486517595421662 0.120616073602562 0.0706360450323434 0.15860375297086 0.0812835514898193
0.108943862502322 0.122944317139209 0.00612949338017228 0.0354955294783425 0.0137585751606344 0.27696295683876 0.193806773791922 0.0498302028593126 0.14585950646531 0.0462687823840149
0.159953728425429 0.217359926158409 0.00394400191692569 0.0645075334685294 0.0301220199606247 0.226099024983076 0.125730975649711 0.0072265696820415 0.104533309526565 0.0605229102286887
0.00322726633517187 0.132705039638456 0.169410841756104 0.00325790789376566 0.0991823292524728 0.148412600248768 0.0971285344523643 0.158865918328473 0.07834587819223 0.109463683902194
0.137585951672366 0.162790016217434 0.112146337908377 0.18936160048337 0.0785642919311204 0.0291662341267902 0.0351326658978536 0.0295344033867048 0.193233621136562 0.0324848772394236
0.0598932489503358 0.151632602712199 0.136777451702018 0.213755463154421 0.137178503805011 0.0548283135848286 0.00645513495427678 0.0520000344687406 0.150995707805831 0.0364835388623374
0.152965060577019 0.141701742487336 0.121547175227078 0.0882989698241358 0.0774889293228043 0.0510539876308477 0.140578816882461 0.12631742456247 0.0710920551587154 0.0289558383271337
0.126076466185045 0.0483744681567091 0.129541230002039 0.151438995751748 0.204197127087702 0.0586045853616198 0.02679746514246 0.110169589910416 0.0442730207345776 0.100527051667683
0.026252223620056 0.0005968050300264 0.189062093476918 0.203403609309295 0.0257357483880627 0.163285803447186 0.21192746709229 0.0375735854537514 0.0547108229041511 0.0874518412782625
0.12211670912989 0.0451522917264281 0.151401630561715 0.110371346889733 0.100988453885464 0.00556705341698239 0.102746561757591 0.186131990115122 0.0443380696901965 0.131185892826878
0.0683638440826164 0.198580759263411 0.0662410802703923 0.0534151856298553 0.10786694119437 0.159711046262494 0.140668699044587 0.102859170889436 0.0175286691812126 0.0847646041816258
0.0252816289383442 0.0283789691152429 0.0852853324848059 0.152012603480266 0.149803599620025 0.159571475294355 0.131988883146975 0.0155749459499638 0.160664856523276 0.0914377054467457
0.144176657600155 0.154063449550131 0.112271005115983 0.104494123721235 0.0766564868244316 0.122847356296821 0.0719183212178434 0.00362818551673424 0.0748073131015619 0.135137101055106
0.136143122340057 0.0816852441195407 0.132719144867399 0.0902727152406228 0.118307577540861 0.0871419858267454 0.0584695930843143 0.0949200765955404 0.148501761147718 0.0518387792372018
0.108862872717509 0.106830068842534 0.12748429667772 0.0950547746946302 0.06758191203135 0.0329744242188176 0.122277125530216 0.174262304086913 0.00458949694924973 0.16008272425106
0.0543583894807504 0.079557419946805 0.19631007491905 0.105498980793981 0.147468475515303 0.0461950485301943 0.0919743696590506 0.00391083632442524 0.232191231539637 0.0425351732908034
0.0184358466409666 0.159365474425512 0.136877593215414 0.087327156365901 0.0039684937518529 0.161916670415433 0.124066104496052 0.0799188781924944 0.0807878249422844 0.147335957554089
0.0624217508408327 0.083381919187327 0.0889432563561032 0.0521894535920114 0.0679034332634184 0.144503532527475 0.013949803105407 0.189865932453532 0.255280573702196 0.0415603449716968
0.159363069125297 0.0326837603860985 0.180144829204488 0.00828946606127177 0.0337963406710923 0.159735333407902 0.103502330364103 0.0523275206014211 0.155674714449615 0.114482635728712
0.0805671788004195 0.220326623103152 0.183753304215749 0.128150361667782 0.0629504090420814 0.0449374538805668 0.0545214128084353 0.0330074577674911 0.162418579771749 0.0293672189425745
0.0741940745520008 0.0691383808155531 0.150386790855498 0.0694678659971122 0.149893206271502 0.131035491149104 0.0686273149053279 0.122216267870989 0.090497199900888 0.0745434076820247
0.142890990989024 0.054427028015894 0.089271407961593 0.158946956351606 0.0692423691047809 0.0558689386101689 0.0938872600713284 0.154608886880539 0.0163875901508812 0.164468571864185
0.166811366454624 0.153358050811317 0.0301216718346951 0.0320074374566157 0.0832397581161478 0.087459993561935 0.0426718579471009 0.150518483226002 0.0953494977104851 0.158461882881078
0.030661385697534 0.103514939470438 0.11474286279211 0.0948011814652634 0.034926050185352 0.192935866996 0.0620881367117971 0.23051336486429 0.0909616061192892 0.0448546056979264
0.106767626964005 0.118111287852484 0.172075093847055 0.0448787337546314 0.120039016897454 0.0433842295207407 0.0284579751487884 0.127991521163182 0.0839299311761962 0.154364583675464
0.0281020188682467 0.143287546666682 0.145165490084783 0.106629753738796 0.116328954808006 0.15567222990808 0.113617466884057 0.0898357230335435 0.0580000255676569 0.0433607904401502
0.0475476330558229 0.150396318380981 0.181521603519029 0.0137380046069372 0.200933417200844 0.150274252979372 0.0776303876623693 0.149314404034682 0.0184615566383751 0.0101824219215874
0.0744452468608853 0.149229654944384 0.118238701628868 0.108428931970133 0.0292230469171518 0.174758891584164 0.141238695809561 0.128320660508207 0.041657044212879 0.034459125563768
0.116616187385629 0.144302948221083 0.0262513202972945 0.134408985428663 0.102803861120695 0.121491054444019 0.147073191647039 0.0991738954361787 0.0764110642982946 0.0314674917211044
0.153094029358705 0.177253817490804 0.00632372896531856 0.152892712077638 0.0549023811130162 0.0254248585261028 0.197028696843134 0.0789856050798784 0.0353752081547915 0.118718962390611
0.0676741520431201 0.0631925938134982 0.195876483827535 0.148083201230498 0.0995567146191735 0.00417077719251738 0.113059171226436 0.0567581451128886 0.161748683589695 0.089880077344638
0.0453192929747967 0.154478367951763 0.00398723864273305 0.0344722974917592 0.219855981739507 0.087512620374802 0.0910868142144504 3.72459582612079e-05 0.215379409924764 0.147870730727163
0.0652434826643454 0.100790292094423 0.158747961322745 0.137769757908003 0.137842943190902 0.128729688194537 0.0390156283787728 0.0792739604306098 0.0838857807309422 0.0687005050847193
0.105102612940085 0.188953528308039 0.161149039799894 0.133286797776205 0.0168297372383544 0.163869165966465 0.00732710871504376 0.0839259923658564 0.0335266268745255 0.106029390015532
0.116707647353377 0.00829830873249477 0.141226690792847 0.12306036329014 0.259869565616083 0.143037249246134 0.0388708255717136 0.148852978959691 0.0139904288454519 0.00608594159206811
0.0536321135100864 0.0761635264741518 0.120824130645504 0.11012401741884 0.117145207073008 0.122603011897368 0.156690491295571 0.00326775683138845 0.134292110841884 0.105257634012199
0.143318403623602 0.106026149881206 0.108891661336408 0.00269610623591912 0.0744765909606451 0.151231233936824 0.123820362716337 0.0482766136285745 0.0826305864514496 0.158632291229034
0.0267736817507885 0.0916531544283973 0.111429136859744 0.0914873772969525 0.0505738666319593 0.150988804377412 0.100790034637864 0.13377910860481 0.13944984692651 0.103074988485562
0.177531034323859 0.117878500153517 0.213567983530064 0.0465324505861905 0.102802811242826 0.140480659727344 0.00218403893025736 0.0960255406262611 0.0672691872659574 0.0357277936137243
0.0307929555226931 0.121288894525618 0.109619407083142 0.18678185173071 0.0411677169076967 0.138767165161414 0.107599936698372 0.0486016528136941 0.0908657821424929 0.124514637414168
0.0363294710541457 0.130028666993013 0.0779190861994779 0.195109624697469 0.013250324647497 0.171483238784007 0.0687819156975902 0.182052111569203 0.0395913595550308 0.085454200802567
0.0065891548204794 0.0980446989039178 0.110332958154199 0.0179807460225368 0.185405791242567 0.214474598276817 0.156072101197555 0.0349172367400618 0.0616869078037981 0.114495806838068
0.0827231535321789 0.124684258207081 0.0211142587648257 0.0399875562835759 0.228773541788629 0.181434294312025 0.0309575618699033 0.169301709400737 0.0827034079687325 0.0383202578723122
0.0812118528468592 0.0805124650600647 0.15204802868193 0.0902520165606592 0.142975398062245 0.0659919926832667 0.112387854738706 0.126667921119978 0.0692907301987425 0.0786617400475473
0.0574534302682255 0.200428312836255 0.127060926270963 0.0229598792331698 0.0301092847340289 0.0542749221480716 0.181085221835443 0.057394631113895 0.0958697316188266 0.173363659941121
0.102581372506556 0.113812196901891 0.0939468472494529 0.103552160683153 0.101011428718455 0.0506821864053797 0.123275123858475 0.146834919456813 0.0419343253659582 0.122369438853866
0.139342655456874 0.162348343330615 0.157934205194485 0.0290524031633609 0.13053349954217 0.183837941210809 0.0239243933228564 0.093568861833065 0.0517020476028633 0.0277556493429016
0.106697530078596 0.180300127336698 0.111817736666955 0.0400902712125407 0.14731913298937 0.131403491846777 0.164484212503097 0.0553094399184188 0.0172945910026422 0.0452834664449055
0.221652706347064 0.0853999124200695 0.18284187438865 0.186904871762866 0.112503656877165 0.0218252674181518 0.0813052276115483 0.0435946879771175 0.0135337221082846 0.050438073089083
0.0820798995871646 0.0796828977352116 0.0911678573348897 0.188717143981457 0.159007570713436 0.0926246147720861 0.00182093888052835 0.180212828642214 0.0563461194658924 0.0683401288871204
0.13434096956963 0.024083333538041 0.1442153971419 0.116662501239867 0.15417904593201 0.0274285722820088 0.0828097024575437 0.163892217150584 0.0376085930459535 0.114779667642461
0.125443330719232 0.0614908884762918 0.150081711434626 0.171884395835429 0.0584520961496165 0.0200131633426357 0.125002115048468 0.0657950618573163 0.108183822845984 0.113653414290401
0.0417555901030297 0.0756276014703544 0.0755682315285356 0.0433845778380852 0.148196342076619 0.160177776164206 0.16640391842045 0.0395319790997569 0.0994588615910366 0.149895121707927
0.160479473745825 0.109170946996754 0.111311953238379 0.00959414022504608 0.0785468539938687 0.0863950181929241 0.0429425201892337 0.115692646696689 0.148588841660974 0.137277605060308
0.0718188982335397 0.114629693461108 0.127830113556524 0.0430218988037565 0.126344052264914 0.00439809641464451 0.149593081302037 0.0688271037165132 0.204375082149322 0.0891619800976415
0.0558465974526484 0.00101436273209845 0.0930189933083841 0.165591953223585 0.170221472948422 0.0911402219757071 0.0912733715048575 0.132816438907814 0.137582512772444 0.0614940751740399
0.163214597045091 0.123144627708628 0.0336859564863704 0.0733909596198574 0.20307346356706 0.0194890138188179 0.0751319606818987 0.0660658623557805 0.136339611606674 0.106463947109822
0.0827899550648812 0.136981800540773 0.0107819149898049 0.106464971737807 0.09164264088963 0.0562143163288319 0.0630123498561867 0.144500348183048 0.118236718914599 0.189374983494438
0.0560315776367885 0.171226068265696 0.20668342822534 0.0600389699028205 0.163372847343029 0.0961666631527513 0.0354788685864639 0.142691224705454 0.0109546003733786 0.0573557518082783
0.166704866856735 0.048768254488478 0.0270730043141539 0.0430613816924991 0.0914390773313098 0.00812324658068315 0.153006308025351 0.186640293049719 0.132391141683301 0.142792425977771
0.12107771550114 0.0702945274052016 0.0287611273168239 0.143177690052696 0.050806230718019 0.0627979070020981 0.161983943949582 0.172997081405133 0.0847635209353184 0.103340255713988
0.117869946489634 0.015806635097365 0.152822417899875 0.092320287806241 0.0376392614200302 0.103956420562767 0.17449101345127 0.141311149058337 0.0126122135367071 0.151170654677773
0.0809727178029395 0.121601672629202 0.173214126954134 0.10640353380516 0.113162948123527 0.0194287393856336 0.055769685037245 0.154433058782059 0.141866337201306 0.033147180278794
0.0179403788039294 0.137980016270222 0.013487362770158 0.204099721786027 0.0800942222064854 0.0322708295168958 0.143328696563959 0.164582151806946 0.10449141656942 0.101725203705958
0.0179440610204122 0.00508990010545675 0.0321350583289563 0.0673806471962556 0.175314574777322 0.163643998202915 0.132256171301691 0.185477900274678 0.131681334480536 0.0890763543117759
0.12654242999527 0.0931902541214586 0.0720048051648462 0.0576057456234339 0.122668278359537 0.0426226665404907 0.0655639659703328 0.142469476753608 0.136685025870403 0.14064735160062
0.144332770348486 0.00621949525635511 0.0499063339513187 0.0470037012801005 0.0834190335053292 0.00381278674104945 0.047704621537402 0.278747078918165 0.107461492541093 0.231392685920701
0.0968129281897038 0.136205404391442 0.0285932595622672 0.0349732090407374 0.119340928147384 0.0517147174900596 0.0250474225673836 0.144798833097073 0.142637323225925 0.219875974288026
0.147711308848773 0.155601546768996 0.0555820995175983 0.000676266412745612 0.0576292288962828 0.149634188572522 0.154023246653576 0.00541405250059195 0.177107342198065 0.096620719630849
0.134075545633993 0.139975638195409 0.0659903549378602 0.0870025582986822 0.0577926641564486 0.0468221522310487 0.0571928134426385 0.120265746586642 0.139749511462983 0.151133015054294
0.145019342068432 0.120531596290832 0.0954417687008119 0.0415455632652822 0.0874739447263746 0.161928238986523 0.050528630867546 0.143708452271376 0.0583461608395005 0.0954763019833228
0.120728456534149 0.110505531483825 0.166719943726432 0.107106372946497 0.0680360948501238 0.0877934237301579 0.0327951359412186 0.0853934532007927 0.0548842004445272 0.166037387142277
0.0519639784664165 0.0593001152663803 0.0271510731071037 0.0965332138797194 0.188484491787935 0.182595062284568 0.0197671518457379 0.147184555373422 0.10760929574183 0.119411062246888
0.0139094816251479 0.223861903534438 0.0625551953953735 0.0931619381167193 0.0501926900735217 0.193164582952029 0.0894480182305573 0.201088834105839 0.00604259226873309 0.0665747636976402
0.162169261220717 0.016860593294647 0.208999719070405 0.062929670676597 0.0840813168013754 0.012865981081809 0.082375719768019 0.192922174103625 0.0393079309147103 0.137487633068095
0.10060107134952 0.168394859761961 0.0357188133208902 0.113134076592738 0.00914207019511566 0.126244635718678 0.157174406619808 0.0962382806398601 0.141772382027832 0.0515794037735966
0.107325878870741 0.120015967890874 0.0982053485455055 0.113066483866233 0.0865034611392812 0.050861287745298 0.0843284661097143 0.10754172475591 0.136635997819771 0.095515383256671
0.110586302948095 0.212761499682858 0.0398907226856309 0.0906967405511098 0.140274873189141 0.0589769502126177 0.01286618114099 0.0364635060799145 0.148502252581284 0.148980970928358
0.0838673437900924 0.0196099577805988 0.112470256737517 0.0742449772943031 0.0609228469154377 0.0712633833232394 0.15816255901683 0.153283840603331 0.214274823679212 0.0519000108594383
0.0917120803141691 0.14568616474505 0.103740479845177 0.0831864181808642 0.129749820048707 0.146103398750302 0.0266010289202735 0.127060617639849 0.0433998604557489 0.10276013109986
0.0320469271283565 0.149767345534935 0.111941354687567 0.150903457903708 0.111314039399085 0.0187010979153606 0.207510328074309 0.0233543519443412 0.186258681325156 0.00820241608718151
0.173509558833286 0.0362170108829967 0.165709795663249 0.155862364418998 0.0405516801647747 0.146103669267867 0.0974029686576809 0.00744170847136747 0.127815801637415 0.0493854420023648
0.0595482182970176 0.0494031355071235 0.161250948683484 0.0630997295149947 0.186192749925194 0.186996533525894 0.0226178668814041 0.0788961467645133 0.0306834977885833 0.161311173111791
0.0770300030333775 0.0815925759356238 0.108233523185659 0.0343696623564448 0.134013166907767 0.0640628029489976 0.172364549752231 0.136475179355256 0.0644255832795816 0.127432953245062
0.134641764697689 0.156904816540059 0.140831497774981 0.0755521521851611 0.0600286181067366 0.13592950662608 0.0296786084950662 0.155202958102656 0.0655183590928668 0.0457117183787039
0.183343807836689 0.0377507089185689 0.132116533584243 0.177716012754059 0.0238918842161172 0.183250610283674 0.0184809728833921 0.0259993843813301 0.0322664183576183 0.185183666784308
0.182784107754031 0.0158618813862337 0.165431353647547 0.185927029835721 0.059765514647148 0.0213014416346212 0.100456860065093 0.0465588878613963 0.185463384590891 0.0364495385773173
0.0610313666940841 0.125837620604531 0.0633938882944185 0.00527648551930009 0.170523240881482 0.0916761375238029 0.162187827632656 0.117685062503601 0.142056872306549 0.0603314980395754
0.134821368285372 0.0722455265444989 0.0666404563702456 0.0995987035175627 0.0502559183887638 0.0832374418899332 0.141086259878309 0.178668092795716 0.0732713188557774 0.100174913473822
0.061638886042799 0.0551945833964679 0.234607597525996 0.179678431909924 0.140701792156359 0.199633411272333 0.00735206688390858 0.110863308073521 0.00666781908790452 0.00366210365078629
0.0703287029798055 0.0652672986666364 0.0421025560580624 0.0267339585363903 0.125779240976421 0.133249322156209 0.0785005041141382 0.157789194054339 0.0697339892289043 0.230515233229094
0.0199094361129269 0.0224564814926772 0.130790861670875 0.0913516343003242 0.209951360280003 0.00754389846058126 0.0916786330243313 0.103044370772078 0.209093639939412 0.114179683946792
0.206149254578066 0.0743986192999231 0.076742435843178 0.153090721478958 0.00376229690126089 0.166053004622155 0.00864191846785423 0.0591977852538565 0.0773466414047982 0.17461732214995
0.0623000969347765 0.026372915089701 0.166902836610953 0.12344252050712 0.0331661754201345 0.0503084175967458 0.163675810910093 0.0976303271903525 0.159783162248571 0.116417737491553
0.151359144858096 0.237733568631497 0.0214961871231019 0.0505575257665543 0.0233599105673342 0.138086294722501 0.0562534028895946 0.038297588548379 0.193246240199756 0.0896101366931871
0.0882456672373255 0.0704456246315335 0.141184580614692 0.0904286327710868 0.123667056094757 0.109791580165591 0.140475825147831 0.0326899845242595 0.140941333370167 0.062129715442756
0.0411186444141481 0.130861115626336 0.0751193389638129 0.181438743231362 0.154441820759551 0.100635809127713 0.103471149852511 0.17207071916372 0.00318640153255722 0.0376562573282898
0.159345018345187 0.18531312015747 0.126954243863236 0.0365181666172542 0.143192696467659 0.0130631303972435 0.000668135756877941 0.03035334732053 0.131477463301357 0.173114677773185
0.0150539294682341 0.09027202874253 0.188183828794068 0.164964409834033 0.147489113699858 0.0722607266771029 0.0106471911553075 0.113532716928525 0.145807648380741 0.0517884063196007
0.0639099811415974 0.0693134529656711 0.134634919222177 0.0257129009289924 0.157656847630671 0.093417712128003 0.101115292530736 0.108340782190599 0.194333150556534 0.0515649607050194
0.11988611666929 0.136796303278876 0.0202771339861337 0.187740046370025 0.155711707739682 0.121230216740257 0.0345957026293848 0.0697582926001052 0.00522919740471535 0.14877528258153
0.192480664194332 0.142578684745594 0.200370623722365 0.111910312954752 0.0851029194523715 0.0384183875611102 0.121672888548131 0.0970781736129703 0.00623979477592538 0.00414755043244941
0.0479707262406689 0.100448615980417 0.194613721837096 0.171359509144481 0.00476400922816964 0.103914600278573 0.0639610490846766 0.102591171159722 0.136907563254272 0.0734690337919245
0.0549957139668756 0.0722593927458552 0.0106403404049195 0.158850979799325 0.150086844348251 0.129633405407393 0.133071854234809 0.147136676923077 0.117883122277666 0.0254416698918275
0.0758402523738912 0.0168536289320351 0.206779493100013 0.0229962348207985 0.126084970884713 0.15619989457808 0.185846284056584 0.0333444339133945 0.122669502265797 0.0533853050746939
0.202669849690481 0.116446762551398 0.0468658622204504 0.111757250191586 0.18878394183567 0.0392382993671488 0.120084602222353 0.0825166484154613 0.0639721616766731 0.027664621828778
0.130781635172519 0.101864407014773 0.146909423789073 0.0957641924243519 0.108114254800066 0.0280816381225713 0.162783403310861 0.0705985391176766 0.128258491000853 0.0268440152472561
0.0716449897611395 0.135359312092947 0.074888105648561 0.0718612913186621 0.09298837888565 0.0456411729162026 0.159060363759015 0.16782335227658 0.168676979640645 0.0120560537005981
0.101780061981091 0.166096490464565 0.145522681908479 0.0058872149470153 0.170713572426456 0.0380804419148614 0.048902671280371 0.123206797696187 0.0622601403374831 0.137549927043491
0.199138350316898 0.0904254946536897 0.134977670871925 0.0714204983073587 0.14586255936375 0.0284576786358026 0.0333742755727456 0.121880338029742 0.0379036250697059 0.136559509178382
0.0653059836321493 0.132597672710062 0.150539049584593 0.127768234963206 0.0326653780649376 0.112116947171593 0.144723170799013 0.0763649366995758 0.141181991276408 0.0167366350984624
0.209755896333216 0.0967175399452768 0.00026655133761416 0.105027999600612 0.118214518530126 0.174257102064204 0.0552577110592608 0.00353484202427143 0.0464499009700975 0.190517938135322
0.090217640016299 0.0638904462951411 0.0577547748543256 0.072575078264646 0.114114064195105 0.173790833971913 0.212548917496373 0.103207540989426 0.0140077955777555 0.097892908339016
0.115268989199084 0.0172308599900275 0.135228205405304 0.133667714163937 0.0709668156397452 0.0957681563777495 0.155349620624802 0.1160157253537 0.130035642362189 0.0304682708834605
0.019927184663683 0.141998262681236 0.162503316000082 0.00349144342559589 0.0838764008149511 0.171305521998629 0.00651551136654116 0.116000370047992 0.157124067005644 0.137257921995646
0.133882041792415 0.0973003823155593 0.141075658728617 0.130580214937719 0.0920369970215661 0.0172978837887993 0.0502542310111291 0.0822092430719781 0.205169170345837 0.0501941769863807
