0.30956018663799 0.0292998913439532 0.377868007363301 0.283271914654756
0.184894514933894 0.371092635349724 0.390734329078335 0.0532785206380468
0.139552296803355 0.0347379636909531 0.430448055146883 0.395261684358809
0.108415495808133 0.607489671843705 0.0401559184111803 0.243938913936982
0.150097488180112 0.129118473993088 0.410213796495636 0.310570241331163
0.258787166486015 0.299203626316926 0.302075019197856 0.139934187999203
0.164677176868046 0.0352982048191571 0.37397703060835 0.426047587704447
0.497382984420741 0.195336061918055 0.167256935318361 0.140024018342843
0.305385853173249 0.262547555839751 0.419046640004122 0.0130199509828778
0.401636866052057 0.234920602633091 0.124506837208846 0.238935694106006
0.318426755832529 0.281219736430798 0.314694757895272 0.0856587498414021
0.139625538984276 0.438750859213348 0.272579449102767 0.149044152699609
0.337737172479525 0.448280992472549 0.138782850257558 0.0751989847903689
0.581489114679632 0.190328198493638 0.170471707192216 0.0577109796345145
0.213239359156525 0.0601249303324898 0.367795773823782 0.358839936687203
0.241398139080758 0.154653983049984 0.0813122491587454 0.522635628710513
0.116122453468069 0.0829157347051213 0.0550584377847334 0.745903374042077
0.307711510079422 0.247677872368432 0.268158651423251 0.176451966128894
0.131746519593308 0.319451709835011 0.138568021106738 0.410233749464943
0.330797598792772 0.262229906934014 0.385242096644678 0.0217303976285363
0.136823842615044 0.358073768073788 0.460516965564815 0.044585423746354
0.127544304953669 0.375548490332008 0.34388933566005 0.153017869054272
0.324689338974823 0.223410087203978 0.182735661975611 0.269164911845589
0.356535777125397 0.26961833470174 0.271768837512244 0.102077050660619
0.194427967370251 0.245826738138637 0.314277201330547 0.245468093160565
0.00950076842289528 0.352764225280493 0.350828389292499 0.286906617004112
0.226144603975845 0.0525257422957751 0.401762100451574 0.319567553276806
0.403727332599533 0.507816107537391 0.0093326607762081 0.0791238990868678
0.267977653161885 0.29602124292573 0.229003816707315 0.20699728720507
0.0867132869463783 0.496614742919235 0.269991724425024 0.146680245709362
0.58207012163872 0.0201321172949824 0.269216909361622 0.128580851704676
0.416019565070754 0.396688099537035 0.17098089356797 0.0163114418242412
0.1735364036702 0.0259679127749871 0.385753084264207 0.414742599290606
0.326407583148816 0.117569751350429 0.388027029890756 0.167995635609999
0.524651721989734 0.271952032211728 0.172396515241126 0.0309997305574114
0.425485220958635 0.174332916655519 0.204138872241405 0.196042990144442
0.242932722166935 0.199163282703743 0.44237438741827 0.115529607711053
0.172197435516039 0.194798452888236 0.323456892435262 0.309547219160462
0.265937238982446 0.244928145427294 0.194567530926597 0.294567084663663
0.401272940711536 0.0826622786222271 0.280628923651154 0.235435857015083
0.307025151383416 0.28293603266225 0.0106788001222098 0.399360015832123
0.163606810845079 0.401810761788693 0.160837616294209 0.273744811072018
0.173378127178712 0.177773481673059 0.34587659356723 0.302971797580999
0.146569669382413 0.151527029738433 0.348775737883404 0.35312756299575
0.416519415418658 0.403337893086385 0.0874691282459843 0.0926735632489729
0.301348840163409 0.255813977433986 0.291011746486657 0.151825435915948
0.0146962232434547 0.306831236432773 0.262055601002242 0.41641693932153
0.373997807642864 0.0347832396629559 0.0439425643289437 0.547276388365236
0.303441407311261 0.282827421181934 0.344503986363634 0.0692271851431713
0.18080382989151 0.149254286021419 0.128529144495942 0.541412739591128
0.432137031593425 0.23912488579582 0.233904943222439 0.0948331393883163
0.481727545569865 0.0735947355718664 0.353673388498654 0.0910043303596138
0.0171488792180091 0.462645200869422 0.0801496900110131 0.440056229901556
0.128121951584871 0.343715100766578 0.308197780646707 0.219965167001844
0.468790663053474 0.293502420990834 0.158280555922393 0.0794263600332989
0.154749907409489 0.492265824221115 0.207213343201975 0.145770925167422
0.470848942418594 0.22913754737925 0.212549030481031 0.0874644797211259
0.0162669349753676 0.212535698307073 0.430576782023249 0.340620584694311
0.277958516429137 0.273452961691681 0.143651912325319 0.304936609553863
0.460764820186123 0.0266549302200925 0.0909894666295033 0.421590782964281
0.361826596612902 0.332497259048508 0.150704456209297 0.154971688129293
0.113775250081601 0.583756726089044 0.275074122567421 0.0273939012619342
0.224334283218917 0.223943811174472 0.373070386259752 0.178651519346858
0.342061785833092 0.232009357024937 0.377885131730976 0.0480437254109957
0.175843300752628 0.220840644925013 0.318372343191917 0.284943711130441
0.313585265618542 0.184250036109031 0.292164436812514 0.210000261459912
0.189811995666998 0.306558093752064 0.39395400001941 0.109675910561528
0.492457547161029 0.102159513222268 0.359156053636181 0.0462268859805228
0.166485416137393 0.3878177456534 0.169018154896902 0.276678683312305
0.0194571475684065 0.38882207462387 0.33049588503399 0.261224892773734
0.260553594193107 0.174561487473736 0.300679195863306 0.264205722469851
0.000473622047017638 0.452440314368239 0.460227405122678 0.0868586584620653
0.00439305846828186 0.0635004553943385 0.60146536121955 0.33064112491783
0.15073401101526 0.103802638449788 0.309445036251247 0.436018314283704
0.273182828858147 0.198857654541747 0.159789537475137 0.36816997912497
0.182318777195757 0.0692723788958149 0.400067286016397 0.348341557892031
0.311626940777221 0.175053022425405 0.162230703269633 0.351089333527741
0.0376736681503642 0.0746294804192424 0.29604632607674 0.591650525353653
0.580907432153112 0.160192462643347 0.171897704895855 0.0870024003076852
0.287119473150235 0.139330433705148 0.255950171632627 0.317599921511989
0.226408452191227 0.180696458563179 0.243570931491529 0.349324157754066
0.298379742631054 0.0955623513958992 0.104361589927195 0.501696316045852
0.291206317860516 0.0847851622269879 0.446473676824993 0.177534843087503
0.139239499210848 0.404751042187636 0.106591059326012 0.349418399275504
0.252927989666957 0.362779543520712 0.316084720873115 0.0682077459392161
0.312076157998254 0.309507968526107 0.107079244262715 0.271336629212924
0.172753998352753 0.102503377671263 0.388666952594806 0.336075671381177
0.23170663636105 0.175400179161617 0.347155794872271 0.245737389605061
0.185988725141065 0.347291985479708 0.247296551857498 0.219422737521729
0.302153080301678 0.221873394266809 0.0700494652906467 0.405924060140867
0.351531109424363 0.237764870715665 0.215418625583913 0.195285394276059
0.286999379252294 0.385274448210924 0.181182961363655 0.146543211173127
0.295597178516863 0.064848331382904 0.307398406379593 0.33215608372064
0.327642724099126 0.206087156879295 0.183042274062338 0.283227844959242
0.276428917359177 0.30694142908075 0.177892672257806 0.238736981302267
0.129931295441781 0.0848614017676685 0.40736712756498 0.37784017522557
0.122136904543292 0.408815207313996 0.179009038704155 0.290038849438557
0.216883883538093 0.464897520902565 0.221577155722694 0.0966414398366481
0.00237923833017029 0.0715858960061662 0.537518289234697 0.388516576428966
0.172655330342191 0.128988227791071 0.0589734244834132 0.639383017383325
0.184031990194738 0.135984067751582 0.382056976283629 0.29792696577005
0.270381289437586 0.247724602117828 0.339158450392049 0.142735658052537
0.0129672655276429 0.48832344864333 0.229842895647298 0.268866390181729
0.090478558876714 0.280420965124372 0.264377241098649 0.364723234900265
0.257029743769122 0.108382063419304 0.0837998996970559 0.550788293114518
0.255993988227438 0.424921210576342 0.317081000361355 0.00200380083486482
0.163335436922477 0.350232687465282 0.103603173134423 0.382828702477817
0.100831528840678 0.084526641912374 0.491304112057924 0.323337717189024
0.181653537923092 0.216595242059136 0.260535891237797 0.341215328779976
0.494597744712347 0.161087679338672 0.00622888393897912 0.338085692010002
0.0781111016980294 0.246825178045915 0.350843738199483 0.324219982056573
0.302122470528134 0.486681152611278 0.159324762929101 0.0518716139314863
0.246422610171841 0.416952468239317 0.243205638505167 0.093419283083674
0.126023472048006 0.223807176146117 0.456266266241899 0.193903085563979
0.347795446644198 0.572026744420327 0.0203174557296849 0.0598603532057899
0.285224262830174 0.324467447346147 0.318169580798591 0.0721387090250883
0.168831650894847 0.292994976684201 0.255031328412867 0.283142044008085
0.174806169749648 0.101249104673676 0.359376508359229 0.364568217217447
0.157313084643745 0.11986758748757 0.366028081831699 0.356791246036987
0.234330285214718 0.207903227944281 0.337383233117479 0.220383253723521
0.411041668894125 0.235882613939866 0.303029359687266 0.0500463574787441
0.429799038955842 0.134679447440099 0.210611025009113 0.224910488594946
0.0792218934530843 0.0718896826944527 0.397457828376552 0.451430595475911
0.160550552481481 0.0243355413138973 0.504925972647442 0.310187933557179
0.27605871604743 0.152630624239459 0.308798141678864 0.262512518034247
0.282150036724788 0.221080447634657 0.321652545606888 0.175116970033666
0.253004339422301 0.337518929303344 0.33267479113191 0.0768019401424451
0.245630632933606 0.181554374416385 0.223357060809319 0.34945793184069
0.432388632775748 0.0751359661747806 0.0346256107641073 0.457849790285364
0.189401365163322 0.203911215736862 0.307164322667087 0.29952309643273
0.36616448818806 0.402555089400521 0.0884468672160615 0.142833555195357
0.331317485477757 0.161909711889903 0.104850826090083 0.401921976542257
0.227099812261784 0.20242895512959 0.27178295870053 0.298688273908096
0.199601280083748 0.624487582197734 0.157535421825402 0.0183757158931162
0.115468746039304 0.144880442149811 0.137520703486249 0.602130108324636
0.454009416913004 0.195406517928771 0.241608188939623 0.108975876218602
0.377564854947675 0.215954411352342 0.0180268498990421 0.388453883800941
0.217796460159837 0.109354185895082 0.387432193954425 0.285417159990656
0.439790593296178 0.141211473390957 0.215708193518767 0.203289739794098
0.480543025125498 0.453481018169357 0.0366373330485226 0.029338623656622
0.143891134226733 0.347038214800256 0.0732288212968583 0.435841829676153
0.199554522419151 0.199148889618355 0.251941398905823 0.349355189056671
0.270134077095128 0.463800419405733 0.159857630264513 0.106207873234626
0.00732826165974783 0.563331121312032 0.0982308149927927 0.331109802035428
0.379344083488259 0.349648688693968 0.24443267352778 0.0265745542899923
0.122030822042609 0.465290445315092 0.144866355436882 0.267812377205417
0.139165541478524 0.0946002028972002 0.408321339981837 0.357912915642439
0.420763017048116 0.3970741552764 0.0128115500350155 0.169351277640468
0.292199062052966 0.212705395058973 0.219195512091503 0.275900030796557
0.143139834402904 0.419247402999009 0.164484424882137 0.273128337715951
0.268438974078239 0.222966208609718 0.278598400059014 0.229996417253028
0.387858103382919 0.0710732438861395 0.26562559125108 0.275443061479862
0.235023063242596 0.161262683345141 0.0681083384778621 0.535605914934401
0.00679015105768819 0.430887443742264 0.474958854667469 0.0873635505325782
0.0315018306711727 0.363624781443339 0.512518203786232 0.0923551840992566
0.311976577836105 0.170004715015565 0.233258462742584 0.284760244405746
0.348024229067759 0.0642237406792889 0.182348504402673 0.405403525850278
0.270485796347759 0.257197313846138 0.190265881549676 0.282051008256427
0.388362206452192 0.307531505895499 0.290258941490432 0.0138473461618765
0.648075772910976 0.0495590372385419 0.299145574243592 0.00321961560689062
0.269025242326761 0.0684676348556755 0.469229165307868 0.193277957509696
0.323378718010944 0.260626275706624 0.317252429578609 0.0987425767038234
0.255844961936325 0.185999008549391 0.0429620795507364 0.515193949963548
0.484847049174017 0.0256118658019322 0.351010372315888 0.138530712708163
0.469436047443556 0.349950426578113 0.0678202939885585 0.112793231989772
0.310711877921126 0.246287922659938 0.240385407153654 0.202614792265283
0.212893509047063 0.151330851800187 0.36860505221731 0.26717058693544
0.296069952063492 0.0597879258203822 0.213549138076929 0.430592984039197
0.12915140147798 0.207931800488229 0.283588792756533 0.379328005277258
0.0570161323344815 0.0912619259308039 0.218007443882655 0.633714497852059
0.242063369420926 0.224475061832417 0.238048868039637 0.29541270070702
0.0757553781936941 0.324820028082256 0.262357357943107 0.337067235780942
0.416824942841274 0.444816948712713 0.0650742310429384 0.0732838774030746
0.252054510864485 0.0880881840164307 0.438250934304535 0.221606370814549
0.35975148629461 0.221436125707055 0.254188482989071 0.164623905009264
0.453190173489342 0.0738560032626851 0.255881848911688 0.217071974336284
0.667479686271705 0.0309748455787046 0.265338886333143 0.0362065818164473
0.140659276649854 0.0550452524554314 0.732993341105455 0.0713021297892601
0.269170616499121 0.412032128611796 0.264530334695074 0.0542669201940098
0.343485660985021 0.24413666222102 0.356690554992316 0.0556871218016435
0.130842675996813 0.336403464755137 0.167123317446524 0.365630541801526
0.371142169382941 0.176890112358535 0.281735898092555 0.170231820165969
0.193545449309501 0.0172809395506027 0.369130063625436 0.420043547514461
0.149317992181595 0.141419645009197 0.640066212148587 0.0691961506606215
0.192704110436168 0.297567170274002 0.202017920771966 0.307710798517864
0.376225551263295 0.189943177290004 0.35213302431359 0.0816982471331106
0.0168360050031674 0.299417633481417 0.40706869465388 0.276677666861536
0.195568388629106 0.235238581908169 0.23248846207453 0.336704567388195
0.104222512042558 0.38995120858918 0.0253841215778472 0.480442157790414
0.0587599546791905 0.466762451376809 0.258415091956322 0.216062501987679
0.198361145587637 0.395799149810054 0.309250219794931 0.0965894848073778
0.272105645330422 0.263236001758858 0.0726874357784997 0.39197091713222
0.186065755016154 0.333263964396883 0.228488806198884 0.252181474388079
0.362067548192921 0.025300405920819 0.508362501389534 0.104269544496727
0.150578918426309 0.226686905220968 0.312191532195453 0.310542644157269
0.350554733294057 0.308822870671613 0.304385991314044 0.0362364047202862
0.138737438155435 0.0184273478469797 0.448884991687148 0.393950222310437
0.354578317736579 0.39102377654984 0.0627476685057696 0.191650237207811
0.257323479537491 0.256466265925872 0.266657498336064 0.219552756200573
0.0202414765632637 0.370252166448048 0.285666619338156 0.323839737650532
0.397756566012783 0.42802097331216 0.0360838657487285 0.138138594926329
0.398836714852367 0.476278814630812 0.120012298635954 0.0048721718808674
0.105888256978909 0.0662869374100498 0.415182389426736 0.412642416184305
0.11644535206217 0.394838728224881 0.394259433952607 0.0944564857603412
0.232766457254242 0.301260894518234 0.0870650302034692 0.378907618024055
0.510855180027782 0.0018061809939036 0.419895288232671 0.0674433507456434
0.162618386166172 0.165603658565181 0.310453429031447 0.3613245262372
0.248963182463456 0.302368396165608 0.327300307124054 0.121368114246882
0.296714480699555 0.336025796722204 0.217275027534687 0.149984695043554
0.282864835866658 0.115063433045799 0.317111527114437 0.284960203973105
0.485188226002876 0.130269851718914 0.255852062189076 0.128689860089134
0.155215180880968 0.265368877781704 0.360713295562094 0.218702645775233
0.109750144665307 0.438375335587373 0.309403698253764 0.142470821493556
0.00447415025144675 0.00818410538834281 0.299658146805246 0.687683597554964
0.0190289491354198 0.346055589547277 0.220129776543392 0.414785684773911
0.112476902659604 0.353429491820507 0.305867688398074 0.228225917121816
0.367520340401063 0.295583246804395 0.0289698033195845 0.307926609474958
0.132071813529979 0.309402296647375 0.545857270340712 0.0126686194819338
0.313469362610736 0.322781016404584 0.305551765841677 0.0581978551430026
0.0107106732511688 0.160084281827861 0.550676321472969 0.278528723448002
0.00184458008349542 0.29086656387117 0.264516090506227 0.442772765539107
0.019837362834499 0.4047875344796 0.446735660386943 0.128639442298958
0.0337381962596434 0.331257416956798 0.4161850215686 0.218819365214958
0.135253619220101 0.051928868452925 0.154996891239326 0.657820621087647
0.20989780783627 0.427727279172543 0.198110101238153 0.164264811753034
0.421840890700292 0.346786749532583 0.00453598372982277 0.226836376037302
0.418688622065946 0.0498142877556461 0.095767449783572 0.435729640394835
0.450917488544053 0.0516793658708909 0.465300093950182 0.0321030516348735
0.216434889860131 0.301348243005368 0.202449534636254 0.279767332498247
0.179301462829686 0.0134912872740036 0.38586904160672 0.42133820828959
0.171504874621779 0.287823254547935 0.410559075778742 0.130112795051544
0.13211412274779 0.036055703120033 0.364844532572928 0.466985641559248
0.269448512311738 0.241077971940685 0.324131438048915 0.165342077698661
0.0177857131389383 0.133339683709606 0.636924383565981 0.211950219585475
0.0790393156352296 0.272923033685039 0.328497909379636 0.319539741300096
0.314626874563159 0.33594195218099 0.231631896006511 0.117799277249341
0.242821417733606 0.165130162514752 0.456264687215799 0.135783732535842
0.237790210592462 0.27913013035737 0.227985793202807 0.255093865847361
0.0949343096544841 0.226276823110404 0.325403909930336 0.353384957304776
0.27334747170671 0.0464990205090621 0.102240481066212 0.577913026718016
0.294133052929311 0.33627799743419 0.315980222612653 0.0536087270238455
0.312858470000164 0.315127236490359 0.284834103916958 0.08718018959252
0.200848183698343 0.332145307388318 0.316446448151151 0.150560060762188
0.309567372578002 0.111284613688922 0.278215292108379 0.300932721624697
0.209844309328133 0.560267031615266 0.0943429163794491 0.135545742677153
0.00875688483044218 0.176140753480408 0.471716458423476 0.343385903265673
0.71041394887932 0.169300120113597 0.00435095018337916 0.115934980823704
0.251834903462313 0.171694537131337 0.223505646339738 0.352964913066612
0.272697838273964 0.40145831984895 0.275772090183169 0.0500717516939169
0.0693992890895745 0.337766222292432 0.335715202930542 0.257119285687452
0.124733982443456 0.142977658329602 0.400336429312652 0.331951929914289
0.244643162600458 0.229163807401079 0.288112708002921 0.238080321995542
0.278088314282456 0.344620378985115 0.0528713324918503 0.324419974240578
0.128399205153419 0.461540708886441 0.0833241702745248 0.326735915685616
0.403370631982428 0.20370992118117 0.0595026900559923 0.33341675678041
0.392441208614919 0.20563305234221 0.173301621521239 0.228624117521632
0.0157264889402266 0.387369813992946 0.0739872279684133 0.522916469098414
0.398933560137419 0.096382087479514 0.389398121866803 0.115286230516264
0.0115469077132623 0.230210827892887 0.412092377772918 0.346149886620933
0.280052803456357 0.278915137714057 0.31166302015914 0.129369038670446
0.171974584181558 0.0725263369797705 0.731756945143799 0.0237421336948732
0.204026318483398 0.405288059141428 0.234219798588872 0.156465823786301
0.3301013113429 0.286273363717598 0.350695685518211 0.0329296394212911
0.168727743451132 0.563892513078796 0.0846888928978109 0.182690850572261
0.315560986616999 0.0844301758075431 0.320567440220838 0.27944139735462
0.569455932586705 0.0160229181071977 0.311811092410495 0.102710056895603
0.327489248363821 0.188386603204206 0.224201588384791 0.259922560047182
0.502704416363167 0.299876080625749 0.0718897790785969 0.125529723932487
0.230656184858342 0.306629605453554 0.292652666302178 0.170061543385927
0.174711266264402 0.347416067803821 0.187443090060163 0.290429575871614
0.07792899373682 0.41634861946559 0.23066650314994 0.275055883647649
0.367582748440705 0.214198890987277 0.305728992386784 0.112489368185234
0.428826056422276 0.192499489602619 0.311554843675393 0.0671196102997114
0.329824758736098 0.328714763054502 0.0806943583482605 0.260766119861139
0.190527321078802 0.387123752643055 0.174627826200605 0.247721100077537
0.246278717829082 0.215301838783889 0.268034872736591 0.270384570650439
0.276347966133116 0.241700327801164 0.208727829785003 0.273223876280717
0.24368383410009 0.299501950619531 0.327303781967339 0.12951043331304
0.329085389727564 0.304239315228199 0.0260289746155146 0.340646320428722
0.0619984347848932 0.30759984929271 0.419867537206324 0.210534178716073
0.00618949032695282 0.158501212040568 0.44880116588033 0.386508131752149
0.00704412577834488 0.306925611905118 0.342064427656458 0.343965834660079
0.475505927643666 0.183518383742753 0.0882130653876381 0.252762623225943
0.311606505949354 0.28558038866856 0.326903713896797 0.0759093914852886
0.389088437132843 0.204699513384731 0.302433121437118 0.103778928045308
0.220787909546579 0.144831281460226 0.321625799862498 0.312755009130696
0.246769115470492 0.137930660034879 0.46689549355021 0.148404730944419
0.286638418566579 0.235087228365533 0.172275494920677 0.305998858147211
0.204800596375471 0.290788463621176 0.424129998036175 0.0802809419671767
0.32919433684826 0.191575530177711 0.383024318973479 0.0962058140005494
0.195911960783173 0.00900935130815393 0.42244474856583 0.372633939342842
0.287011073853673 0.0373792376181344 0.671692983986464 0.00391670454172866
0.372885930837283 0.253105702293932 0.10862000421089 0.265388362657894
0.251453201171413 0.317404161102276 0.227465145759677 0.203677491966634
0.244992701918409 0.118836333335508 0.511246982709007 0.124923982037075
0.347365969203058 0.152103881119289 0.149086513791144 0.351443635886509
0.0174906278803274 0.404539383295441 0.199728809242264 0.378241179581968
0.173646823972751 0.425031190688008 0.176823231822591 0.22449875351665
0.216872041476762 0.221407754206485 0.301063074892251 0.260657129424502
0.389907466978303 0.342479415826029 0.13596796935981 0.131645147835858
