0.155933510803314 0.228763462178163 0.237964536362525 0.134559253452511 0.00740527057149219 0.235373966631994
0.000283485363929216 0.0181427234440046 0.246204430823349 0.12593865050192 0.304801973959971 0.304628735906826
0.102444399575288 0.191398547132352 0.00186022081721835 0.0759134920546356 0.327863080561455 0.300520259859052
0.334333894456474 0.207228965927789 0.26650381761693 0.109048005921695 0.0176420582623025 0.06524325781481
0.0657169461117305 0.235049813491826 0.0756562395688824 0.338228564652948 0.0498464773879485 0.235501958786664
0.0213871047464552 0.206826284053047 0.0820727113647268 0.342989698045995 0.221129629089688 0.125594572700089
0.187531131437397 0.199807683272304 0.132697580839917 0.0439455988451705 0.257512305332172 0.178505700273039
0.247638950164837 0.236459964231956 0.000334472636728808 0.0448701922036324 0.194638114711592 0.276058306051254
0.0412778039752339 0.307528532120156 0.0908890001619648 0.183647150406353 0.352712657980487 0.0239448553558048
0.271697542729323 0.154793294747391 0.134473491316156 0.083552145005052 0.182437039218401 0.173046486983677
0.00406104522749761 0.0521329029891611 0.132773597010024 0.33297819097897 0.177508739044783 0.300545524749565
0.405879801395279 0.17878507406294 0.0780821507302173 0.0751061796349683 0.0773902893512037 0.184756504825391
0.117364735154603 0.361951594157839 0.0610579753999117 0.15850984807384 0.124222355008616 0.176893492205189
0.162712078331438 0.206692415575987 0.159564612924184 0.106809248585982 0.145814197688742 0.218407446893666
0.184799062329477 0.248856624715352 0.134655428806955 0.174849483377844 0.0856273775798811 0.171212023190491
0.367882360648684 0.107222741442529 0.361584079825521 0.0634737200846964 0.0988182385769609 0.00101885942160953
0.177703598677025 0.0561439368277774 0.221303365126372 0.182155657476068 0.0933989563714156 0.269294485521341
0.168269523586316 0.143839026190256 0.193814762010991 0.189769682162119 0.0354384428938283 0.26886856315649
0.102285140641557 0.142263445244828 0.261175551475033 0.116517906525773 0.0155125746249092 0.362245381487899
0.140877051076317 0.191803280324118 0.182168607913432 0.0425829519548116 0.210797967854018 0.231770140877303
0.00231117323706664 0.181341970548629 0.301264194596958 0.201231383936533 0.222747175210986 0.091104102469828
0.0304090459351891 0.281733960664283 0.0264846934656959 0.0818702301647763 0.333544355030122 0.245957714739934
0.140218339591749 0.217041931885699 0.163155178259852 0.178613755745456 0.11194664813681 0.189024146380434
0.0513346054524515 0.312260017447841 0.321541286865565 0.0100307728936811 0.0715976431442589 0.233235674196202
0.358989354794502 0.0113432289436962 0.0204133050661619 0.332073677282181 0.233218063215943 0.0439623706975152
0.148026443518174 0.0729929502642248 0.144234005193561 0.238820781834794 0.121276833275063 0.274648985914183
0.268168835432412 0.256606686228947 0.117402577747584 0.143111659320558 0.172496320329654 0.0422139209408439
0.147788448617454 0.249608615903536 0.0643213346630015 0.128949668741156 0.239891594036493 0.169440338038359
0.0564023881186592 0.270752029873275 0.0857321847792492 0.14745422962092 0.114090229682802 0.325568937925094
0.11908333430253 0.0818778752673857 0.127536664881991 0.238200163707106 0.26058076149473 0.172721200346257
0.264052670293248 0.088503627269588 0.233404562769482 0.18067426882271 0.139677215751913 0.0936876550930587
0.268336802024021 0.102299302578429 0.0521651753549779 0.286276551002756 0.133043035323972 0.157879133715844
0.127414809084148 0.245488070346762 0.201835394230623 0.200861332954138 0.0161871633669919 0.208213230017336
0.0796715593791207 0.087407282263584 0.174761232394777 0.108171750892787 0.301475940331584 0.248512234738147
0.262827815540233 0.096618543966601 0.119001400939477 0.145290009515184 0.127070408774135 0.249191821264369
0.0985177237855555 0.190877851978055 0.454468683059424 0.0396565284316754 0.069935596046191 0.146543616699099
0.227603972242247 0.103436174037249 0.109614373874222 0.245901427933493 0.112870519615533 0.200573532297256
0.047393769027456 0.255339251732619 0.0571827876393074 0.0311764192173824 0.246827289537569 0.362080482845667
0.0500299169016562 0.214262124700561 0.221334206498614 0.26425690755007 0.0300429313452678 0.220073913003831
0.217354981421955 0.227423739849282 0.225522326068786 0.180880884897636 0.0873231327821695 0.0614949349801716
0.0971552075898816 0.217753286458343 0.201291796833813 0.165300640548587 0.258792249227151 0.0597068193422248
0.0827688849347858 0.170976437596287 0.114210849593281 0.267986543345735 0.0900236993229507 0.27403358520696
0.150525143688446 0.144455942867785 0.168940183574468 0.213205484526651 0.188891967656125 0.133981277686524
0.227067222170801 0.0259074302466836 0.0474901746776533 0.265850909575914 0.263581107532197 0.170103155796751
0.246213092499946 0.145421808703016 0.0857180891623139 0.197022656197737 0.105343408788908 0.220280944648079
0.13735033747451 0.0411420428706758 0.117670928406547 0.252563074529215 0.375409592875335 0.0758640238437167
0.179782440280891 0.0468264933505837 0.208830658709114 0.168462049776469 0.247597958171445 0.148500399711498
0.0782719329799144 0.244074753386909 0.121458703267359 0.15463825934914 0.166767897373535 0.234788453643143
0.017512824661173 0.148908069075869 0.246557152788125 0.321132975328015 0.25812674167344 0.00776223647337809
0.190113118632639 0.17362684542856 0.290535102681747 0.0010524704001455 0.277112887458145 0.0675595753987639
0.292115952359176 0.143651331498443 0.282579198764163 0.184547704382744 0.0557278983474821 0.0413779146479912
0.205470750887165 0.183492516951925 0.121884824409769 0.119867506577125 0.209483230729658 0.159801170444357
0.249191169346514 0.189762010483193 0.00523192406972096 0.0974470556435066 0.329229231335151 0.129138609121914
0.112409322893759 0.160938539431948 0.0336848323514485 0.238227639438888 0.241742540343428 0.212997125540529
0.18387862509085 0.162511015993597 0.18738855336968 0.10376388180612 0.152712889886134 0.20974503385362
0.272156978147427 0.31486069766912 0.175142695868567 0.00716119507756962 0.14633794722698 0.0843404860103361
0.00353357143058495 0.295450422361701 0.0961774222204106 0.298096555253746 0.0611089190657273 0.245633109667831
0.293844746192392 0.0498098866986794 0.168072590947409 0.245255173303094 0.104004822598205 0.139012780260222
0.0248615674620011 0.34637347961907 0.31041895313013 0.214300006588731 0.00119073286771081 0.102855260332357
0.213469684447602 0.0304244816465269 0.0124170828562108 0.392116617554244 0.292646516119069 0.0589256173763477
0.223265432413314 0.204190560799566 0.159694180872829 0.0425127354123231 0.12039344468505 0.249943645816918
0.0637024242199244 0.179399744119344 0.144117573361737 0.324585119659898 0.00369441918205487 0.284500719457042
0.232906708116267 0.218072469947566 0.112387940961292 0.206963614412024 0.104521647288906 0.125147619273946
0.223705691874531 0.203797120897492 0.070819761057124 0.272073378188381 0.126477786928097 0.103126261054375
0.0688502604918234 0.210854160637595 0.233177814774161 0.0212333745665635 0.346557788813776 0.119326600716082
0.0148071006514854 0.177774078219364 0.169807180429296 0.187310318061734 0.220016814794192 0.230284507843929
0.228122402430255 0.20225167493387 0.267880190289631 0.248295215104819 0.000574627651616107 0.0528758895898094
0.190122774116296 0.233626106309996 0.0756300756358315 0.265061447662557 0.167230011999775 0.0683295842755445
0.247497414484041 0.178380674244133 0.141222945404989 0.198521556398251 0.115496511353095 0.118880898115492
0.0229873326840731 0.249470686207604 0.128352470675557 0.233904858572875 0.242735484212898 0.122549167646994
0.182179168245119 0.0189319901061715 0.154651281723201 0.154127894035879 0.241341432074131 0.248768233815498
0.227477491233166 0.185992334994961 0.220634952003109 0.232160407030977 0.0821181323080438 0.0516166824297434
0.0469178748510508 0.0624321783028312 0.24568709917811 0.208920166306122 0.262300651071816 0.173742030290071
0.127481866273293 0.288653804788298 0.0805095102301374 0.0100089847611563 0.346324370420018 0.147021463527097
0.234832532579482 0.183041299606519 0.1760686071563 0.234585529967433 0.139780925276169 0.0316911054140973
0.104831886817458 0.113791637005478 0.164003102446613 0.199580786607159 0.163297427941187 0.254495159182106
0.0629874823666858 0.207197038598456 0.265599551615517 0.118345832675184 0.251741057541067 0.0941290372030896
0.136313018868094 0.070845704199088 0.240205027982468 0.394645624168713 0.0597760339730841 0.0982145908085527
0.14300955104202 0.197380266880132 0.0257146843875792 0.123830911821964 0.219890954523249 0.290173631345055
0.551870665654314 0.0637636398420307 0.0724985812331192 0.261371021653029 0.0259578213491734 0.0245382702683341
0.0882140734189591 0.090995620684926 0.30746161392187 0.201536048999802 0.0465318166435736 0.265260826330869
0.178604522747287 0.166008402465728 0.156131636059958 0.14259942634043 0.247095145376712 0.109560867009886
0.115528799147444 0.178701059588487 0.127967189269163 0.183559876220648 0.221116499220919 0.173126576553339
0.271698543212903 0.268572839358999 0.00194161328604095 0.0882633663485854 0.18807074457463 0.181452893218842
0.203408605510016 0.121444012022525 0.042885541305464 0.153484783517845 0.366412586702124 0.112364470942025
0.155585990738016 0.215862917022201 0.0596459334080401 0.246073837080718 0.150784871285494 0.172046450465531
0.333834435830856 0.150033055144015 0.012247025027864 0.0811782763649643 0.0777264284896458 0.344980779142655
0.221173118335066 0.0758579650322972 0.122489028450177 0.108871627995847 0.254955616717808 0.216652643468805
0.30457306716013 0.0187905260710875 0.275657598991558 0.0737112564088988 0.0501142224501376 0.277153328918187
0.101000698852407 0.246343131115782 0.269931501567892 0.0538294226781679 0.143612265042444 0.185282980743307
0.464375340866393 0.0713781145128595 0.104085249713725 0.0865627934280082 0.255758019092224 0.0178404823867908
0.354820854733255 0.124158728693324 0.0895023242012627 0.00872237094246318 0.288757818504608 0.134037902925087
0.312793103325652 0.117534144592923 0.292447192911332 0.110970573209527 0.00538156306977635 0.16087342289079
0.147726204057639 0.303686468483408 0.376844482599128 0.106349930870446 0.0554200005308249 0.00997291345855356
0.142003531553301 0.137942216061498 0.131495265072062 0.186388478734078 0.100136175122457 0.302034333456604
0.182690093506167 0.0532953315693995 0.194536115627091 0.150656046630936 0.347574521092442 0.0712478915739651
0.0510816762790843 0.189717947305581 0.170123379214883 0.2325246236766 0.160482022656166 0.196070350867685
0.295453271014124 0.156061846586858 0.162639016321491 0.204333597447385 0.145012313100075 0.0364999555300672
0.247312799744231 0.316950138489748 0.187747392449067 0.0926721717221115 0.0882949197527229 0.0670225778421201
0.268509169797472 0.157370196923294 0.100382951332716 0.0792455451188525 0.170257538777212 0.224234598050452
