0.18193615737084 0.302444212605511 0.174173306781861 0.0811198587670065 0.260326464474781
0.289188638853752 0.0733146270051672 0.00358928322573484 0.455084164979046 0.1788232859363
0.162616420579693 0.497858178281717 0.072671055202852 0.0660081765827757 0.200846169352962
0.284282675843463 0.0512728049343071 0.118825310672309 0.367663697627072 0.177955510922849
0.181874669230408 0.14629367445842 0.317689440317584 0.0614036240331994 0.292738591960389
0.306623776643088 0.0205851048794495 0.0310535002575436 0.49738040368306 0.144357214536859
0.13281149478102 0.144663784853999 0.16090307252675 0.312100319604733 0.249521328233499
0.157810768448622 0.212144868650385 0.136335429058846 0.127680832423224 0.366028101418922
0.121099702118523 0.223330726351485 0.0801030879728507 0.145461883840008 0.430004599717133
0.159804713322108 0.207200210695521 0.141357205980053 0.180626205213811 0.311011664788507
0.190733416100806 0.166084822207278 0.104271130972307 0.373852825736388 0.165057804983221
0.206969963433461 0.263616296983251 0.133175139727055 0.188045630515676 0.208192969340557
0.309427627610232 0.0531059985656486 0.286056708904609 0.329541781388315 0.0218678835311965
0.147432959433864 0.105501101794828 0.285933696381309 0.269992499444438 0.191139742945561
0.307096217796723 0.0193777969024181 0.0163593163585341 0.301682282822331 0.355484386119994
0.0300676589585441 0.451881232803267 0.13016287260686 0.0820258887648757 0.305862346866453
0.181103146796729 0.209397118786794 0.18691380142681 0.224746559595154 0.197839373394513
0.309485474837642 0.341068949316906 0.219697497725172 0.0227529048994998 0.106995173220781
0.172060308629892 0.294280399860903 0.25888120395222 0.261429654338452 0.0133484332185337
0.241093514323134 0.189290846435074 0.257099110431235 0.272800238933481 0.039716289877077
0.0560239186734695 0.224988300544209 0.184327541320344 0.24628686145098 0.288373378010997
0.262621036478002 0.265732781626093 0.416202321191225 0.0422036638838756 0.0132401968208048
0.0177470385679167 0.282251977057393 0.290019392680196 0.264267996656975 0.145713595037519
0.0770425435890349 0.278181422487445 0.214313079813116 0.351896405253901 0.0785665488565035
0.224079290639524 0.243985154367903 0.173837382954574 0.208747187909831 0.149350984128169
0.242921819885493 0.256539895487962 0.252878445405289 0.0111595549161006 0.236500284305156
0.12537778744094 0.126680136213419 0.274175840483534 0.196245634649585 0.277520601212521
0.263832163550868 0.387724280920718 0.0795079656335149 0.0562131473884507 0.212722442506448
0.316888132719618 0.0253801828786212 0.379593251969252 0.0179551671591621 0.260183265273347
0.257624063441821 0.230254098411302 0.148711106126621 0.255461775247937 0.107948956772319
0.319346306665056 0.223383682882788 0.234352092218512 0.0636694691070892 0.159248449126555
0.157367333927454 0.168116975460028 0.263167397104109 0.33754012500871 0.0738081684996989
0.204601343576968 0.242313661671655 0.232681279792675 0.169428333970887 0.150975380987815
0.211217526865209 0.163453337860094 0.279877669457442 0.100773067705112 0.244678398112143
0.292727498183319 0.224169251412153 0.21536397124024 0.0167214277299634 0.251017851434324
0.418336453535243 0.150656445358307 0.167171345330471 0.0836969155681408 0.180138840207839
0.141001980753255 0.210450853687197 0.26970405651608 0.180238400576091 0.198604708467376
0.260386922024853 0.168732482226573 0.256068826565694 0.271390813763282 0.0434209554195979
0.118855469089246 0.144126367818588 0.00787730535862888 0.415779963704012 0.313360894029525
0.324137239893622 0.0102739568162981 0.283056721068181 0.166245015863751 0.216287066358148
0.0756544707664293 0.437286308380994 0.109075380213529 0.0296291116227915 0.348354729016255
0.163250011283497 0.26900875572325 0.128076835840908 0.180056610527526 0.259607786624819
0.365596409713569 0.340658271563982 0.192035628857376 0.0678799967176728 0.0338296931473996
0.0232246238453895 0.073317189636087 0.0846193987224579 0.48330482147858 0.335533966317486
0.396569182362042 0.0864531701629029 0.16516582217476 0.122181512608266 0.229630312692029
0.56065101711038 0.0805284926944395 0.162500453923728 0.0735610060174421 0.12275903025401
0.280602522420377 0.171878567181308 0.220152370158563 0.305380832471122 0.0219857077686303
0.313330863807522 0.262726166541818 0.203768313397266 0.182349792589605 0.0378248636637891
0.0611274028106077 0.22391975205936 0.215071800257161 0.267638051923169 0.232242992949702
0.324862834950753 0.0865064656164768 0.395974675172612 0.166009767081912 0.0266462571782461
0.0481810139607486 0.324072014392099 0.0876352675411365 0.270064509491659 0.270047194614357
0.208759546805824 0.214227717950753 0.332504213826773 0.0857934416241341 0.158715079792515
0.197056394320329 0.532191226603615 0.101480776011923 0.0366395850794937 0.132632017984638
0.419000355150189 0.325331831310674 0.0260063360218801 0.19733527745932 0.0323262000579374
0.298754931476036 0.159729312377377 0.0167631822648379 0.454511231401318 0.0702413424804313
0.0183233885146949 0.259109127531773 0.208721321701342 0.202517245487426 0.311328916764764
0.175992426538595 0.290767605052586 0.186690189949776 0.0579264959587438 0.288623282500298
0.134586565474943 0.374413455704063 0.184583128308509 0.20393137619546 0.102485474317026
0.299842805043033 0.0743796804108598 0.270222391311457 0.147602733594654 0.207952389639997
0.29089705794198 0.312841847782094 0.101277800613546 0.0616365819654511 0.233346711696929
0.209961195522965 0.302476944340077 0.0818887825735975 0.214505564765862 0.191167512797498
0.00187081421019444 0.175568203933779 0.211771063714817 0.156792228253143 0.453997689888066
0.544777943178006 0.0346041491121749 0.102317784231059 0.305903525789477 0.0123965976892827
0.128035874352385 0.317669138417934 0.201238878718541 0.0477502393788816 0.305305869132259
0.0279918909905214 0.041031908071164 0.308081767636634 0.325793617949503 0.297100815352178
0.154391976851077 0.238662197325006 0.262050377302409 0.199565987972101 0.145329460549407
0.392904409593535 0.237840227557302 0.164354424664378 0.0188480102484304 0.186052927936355
0.47900745835058 0.186868416367425 0.0127756697346656 0.180937874738443 0.140410580808887
0.186205383915018 0.36323509382746 0.0925085135250842 0.158664058525848 0.19938695020659
0.0221555138447298 0.393402649207017 0.154836565369789 0.324009036728585 0.105596234849879
0.104567397233281 0.028095861607841 0.37399581563454 0.230130644220297 0.26321028130404
0.146625217312077 0.137840715478841 0.135385047388735 0.553253292857579 0.0268957269627674
0.0243082237993069 0.154989830541679 0.476242358394571 0.307686364488066 0.0367732227763767
0.258399583117989 0.177546000855041 0.263471700089953 0.0745523337647755 0.226030382172242
0.297713564919112 0.262560534906608 0.233718560211531 0.0917290386266941 0.114278301336054
0.256668547330238 0.0612610985020652 0.0860327425598117 0.301782727727831 0.294254883880054
0.177722680974329 0.333145404756919 0.0063943757829464 0.0685404130368817 0.414197125448925
0.145685212809094 0.0836199403939281 0.45494531855402 0.306874278929402 0.00887524931355586
0.165372703940441 0.203289055959691 0.0939281830873473 0.392484943682051 0.144925113330469
0.453357361998652 0.151506775083698 0.0414823875222962 0.337840723692054 0.0158127517032996
0.263057649400212 0.289508645667037 0.113543483692385 0.241329568458222 0.092560652782144
0.267369297690374 0.133808436948971 0.13626880013189 0.246979155095021 0.215574310133744
0.232722384996346 0.308479578892311 0.0896966222245965 0.0880967433462871 0.281004670540459
0.208460277806861 0.23092286930293 0.29986391801344 0.0275767308858623 0.233176203990908
0.358310930071193 0.203917346460656 0.135063430101286 0.173993124676811 0.128715168690054
0.196075818825912 0.129615203864179 0.280526453011292 0.27572896668062 0.118053557617996
0.337069510449398 0.0867757245033749 0.131278263151442 0.14309885435634 0.301777647539446
0.425346907697164 0.0709551793367925 0.132572060450037 0.129323721950761 0.241802130565245
0.257033503157799 0.2155757547794 0.214221844462533 0.182588599308049 0.130580298292219
0.164671638308717 0.302433272431754 0.0519292943698534 0.366274554362206 0.114691240527469
0.312842736468779 0.170984493509272 0.301596390235684 0.110903714816809 0.103672664969456
0.38501101403837 0.114461173969534 0.164667006195863 0.109335634103485 0.226525171692749
0.123408561362105 0.28217172312711 0.0545840324446553 0.278224497263241 0.261611185802889
0.381570330268767 0.110077115497844 0.185991239013294 0.176255313241886 0.14610600197821
0.162896756542984 0.165380669485317 0.307792599613435 0.0952287292092519 0.268701245149012
0.253135750010968 0.256166250766735 0.1844712753774 0.126136767851425 0.180089955993472
0.135523449119125 0.244991269386837 0.177087522777455 0.104409975598345 0.337987783118237
0.198953125825465 0.221801192054284 0.216692252437113 0.171303530131735 0.191249899551404
0.209006142491885 0.30710232013371 0.0947016432857222 0.153690091005595 0.235499803083088
0.224997419615681 0.288754504862306 0.158072651208717 0.0312524041583253 0.296923020154971
0.210376863337344 0.25885186445347 0.141512014638867 0.195736346310846 0.193522911259473
0.197640742932071 0.115236481134601 0.233857413977563 0.374914169611324 0.0783511923444411
0.287566595695821 0.306020159658222 0.0960474778208169 0.0869589911986054 0.223406775626534
0.292375673708378 0.292844997857123 0.187697805254665 0.11405492982391 0.113026593355924
0.126958564555721 0.558098154773556 0.202963431387816 0.0471247991303542 0.0648550501525538
0.175641111876386 0.223843613642762 0.0896425528845133 0.229699991520948 0.28117273007539
0.23100490444958 0.0834496505971355 0.175365124602613 0.0915203412857435 0.418659979064928
0.305921552419264 0.166505985444242 0.113326322706314 0.211086640167485 0.203159499262695
0.0825989753119378 0.206873277115388 0.28455317398158 0.278362832261034 0.14761174133006
0.263303122496741 0.179596089540909 0.212617043830299 0.0354806522449936 0.309003091887058
0.0133523423209125 0.137178565863439 0.0587261293579945 0.123880186896213 0.666862775561441
0.195346563931389 0.292741524281038 0.125377305858418 0.142740620312461 0.243793985616694
0.361370631449212 0.121916181949572 0.0893405691563676 0.149631062873727 0.277741554571122
0.00851083736074666 0.298486868674701 0.0725694792036795 0.314187697377032 0.30624511738384
0.1942839304158 0.229121279137674 0.284735992424698 0.117052123326298 0.17480667469553
0.063204436524408 0.390081164377285 0.321928516657507 0.0685058364667211 0.156280045974078
0.00863546867242681 0.13659569024762 0.404158870017269 0.0676940549613748 0.382915916101309
0.0780500619167817 0.14889363282583 0.19324889934439 0.20177039305461 0.378037012858389
0.0416933181896941 0.221612450616921 0.255201422492718 0.19124027246963 0.290252536231038
0.376320005673024 0.164295076372438 0.0532359890428495 0.0205349502931837 0.385613978618505
0.313600872080325 0.0882083638147372 0.353733439583087 0.09848830322805 0.145969021293801
0.181592315278062 0.196883695693066 0.0149500713227441 0.324345557242476 0.282228360463652
0.440432254455833 0.114017027832534 0.229288294600765 0.117186461981208 0.0990759611296605
0.124279467942224 0.177356438671762 0.529491739588993 0.0498019659945641 0.119070387802458
0.219410019048482 0.186262404441868 0.264563304999479 0.267531772185716 0.0622324993244547
0.169513750249812 0.147608504118478 0.214182397391707 0.228512418285518 0.240182929954485
0.204250808337384 0.125728595611196 0.158994025184815 0.398557671709951 0.112468899156654
0.157905155872893 0.218809111589107 0.186624278013356 0.217829505003917 0.218831949520727
0.215745793584005 0.0992099749746515 0.237626091428523 0.309122742187663 0.138295397825158
0.025717604716748 0.0487073502805162 0.3785611904866 0.33128481850968 0.215729036006457
0.257668982688262 0.181095610360665 0.428324787884471 0.0249257297524872 0.107984889314115
0.032130588536812 0.0304677010361358 0.34378293722527 0.524703313902459 0.068915459299324
0.18319349169586 0.12504253460943 0.25888638352147 0.299164962010366 0.133712628162874
0.171685986762102 0.145745516385424 0.172959485369971 0.296823340285623 0.21278567119688
0.254180161641028 0.215693024058886 0.428642898991731 0.0179569788999437 0.0835269364084112
0.29328818566092 0.122421518603669 0.164274310021026 0.0424427894655139 0.377573196248871
0.0564234265126375 0.191907971003608 0.327582822160452 0.0514591196119273 0.372626660711375
0.328200061735231 0.125104596496345 0.128927279225434 0.327289121196754 0.090478941346237
0.0424919035509843 0.243651425928177 0.244253308643622 0.227304419938137 0.24229894193908
0.273800893571365 0.0907074543483845 0.337823636862288 0.0209546726942322 0.27671334252373
0.233489040076446 0.0178022407538879 0.140567042593329 0.264718805722779 0.343422870853558
0.470570028244069 0.13316529922266 0.25309746888465 0.106251355081931 0.0369158485666905
0.27589314201203 0.0420308850063303 0.337439878494503 0.265210079906417 0.079426014580719
0.268116820436359 0.218341343592068 0.345083088626631 0.115675548940701 0.0527831984042406
0.131777072613432 0.175705116266722 0.251042542184625 0.239649215676906 0.201826053258315
0.208601104606041 0.0750502604173823 0.338264195827776 0.109737110011229 0.268347329137573
0.252365110845823 0.0644573017641444 0.264090123120269 0.400665482054057 0.0184219822157061
0.3052586429723 0.236748317417656 0.222702759803766 0.160175231222272 0.0751150485840066
0.186225322280891 0.233180698157993 0.375347520907593 0.197056283163998 0.00819017548952497
0.0828822508592672 0.33829344721297 0.0991429065665358 0.303425393982277 0.17625600137895
0.211136736719879 0.376633950797698 0.0538660214844861 0.343340852389719 0.0150224386082182
0.05671819865907 0.125434945518121 0.437494535185361 0.0903122018124631 0.290040118824985
0.0690064699604069 0.570760665205419 0.0525205138508234 0.159992515589264 0.147719835394087
0.184886751386449 0.268191438358352 0.18792297836391 0.176193336273129 0.182805495618159
0.286918113730163 0.140807448117423 0.333199011493535 0.00931533554790853 0.22976009111097
0.300903533606417 0.217527252256765 0.0918236564148518 0.181002299419739 0.208743258302228
0.149033196243208 0.181244951993849 0.241347176401372 0.239137558094076 0.189237117267494
0.105334389200743 0.543176523309583 0.080274968808243 0.252004691580805 0.0192094271006263
0.398925624842066 0.25836652586242 0.171172688324142 0.157997684853124 0.0135374761182483
0.0436390679313806 0.299223312518236 0.162663935512019 0.275294382771214 0.219179301267151
0.430659576461128 0.161587534428459 0.0736104508315491 0.278992542291562 0.0551498959873025
0.243724996280411 0.38993574062248 0.0674432561861013 0.26092413201819 0.0379718748928176
0.220951994963401 0.00899687226468333 0.0854574043274012 0.277118316481568 0.407475411962946
0.326123179980522 0.0695489911675549 0.0996808978908662 0.355422632050266 0.149224298910791
0.276787316379936 0.0788146652979628 0.15501345327938 0.242355642036411 0.247028923006309
0.180138902451447 0.195292773983231 0.208685949877472 0.304050352132026 0.111832021555823
0.141874680786469 0.216947561347372 0.21484518439464 0.220860456002619 0.205472117468899
0.0265825478814149 0.20091964184459 0.424500851767822 0.337356186022066 0.0106407724841066
0.259093869289237 0.215463677166597 0.11040606739026 0.263316009556584 0.151720376597323
0.33042032035112 0.276537989385675 0.0773069148064262 0.0810476865066147 0.234687088950164
0.292334435869458 0.310460052950726 0.246636193393119 0.0606304780021176 0.0899388397845781
0.204769399559335 0.11702207831951 0.0587988987375781 0.0998438283671419 0.519565795016435
0.0683957613173503 0.341656271252256 0.208522557456844 0.085079779401906 0.296345630571643
0.00935742046386941 0.395195687620128 0.309817445436998 0.190687415889093 0.0949420305899119
0.0668579448697359 0.553674793833135 0.106884101744694 0.259187620847864 0.0133955387045714
0.193976399462824 0.165600766698516 0.158596069920056 0.205219970446554 0.27660679347205
0.172396760871696 0.176526613190612 0.283953097179616 0.358904935192473 0.00821859356560239
0.0226050641084713 0.320772772465314 0.190840760678691 0.32905240880034 0.136728993947184
0.133495512492514 0.188206459031018 0.159701915544415 0.315860848874854 0.202735264057199
0.49295443523654 0.0237587488041387 0.328136033021093 0.0588098427685079 0.0963409401697195
0.121397896718351 0.278610807895209 0.103661121992347 0.404503499654676 0.0918266737394169
0.285126801636572 0.0988019244318362 0.191975668333926 0.164100827587266 0.259994778010399
0.285519877134881 0.247639897767451 0.220070167168358 0.174175493271076 0.0725945646582347
0.331011962106034 0.330362927411098 0.0696390027946344 0.212052979837868 0.0569331278503655
0.27298186188525 0.272263030786845 0.00844952870312899 0.193957933458437 0.252347645166338
0.00110263379798933 0.118162713706268 0.361444828737756 0.158562614233498 0.360727209524488
0.204180726995708 0.282112727341435 0.256997918176838 0.156543163643236 0.100165463842784
0.583507534772235 0.141421701197157 0.0427414955813478 0.169916135219928 0.0624131332293315
0.190521307253627 0.126982421241091 0.336996967514232 0.071719731015955 0.273779572975095
0.192880170407833 0.221917983061503 0.215517350508192 0.174388148640302 0.195296347382172
0.301635507566649 0.141452709217385 0.238664047889375 0.0199822224682318 0.298265512858358
0.248744377226349 0.26908854905816 0.0522929423686405 0.205950453203039 0.223923678143811
0.25030843778642 0.226887700025289 0.107012038187477 0.239498835018136 0.176292988982679
0.133041103225544 0.269628720073066 0.30448973364144 0.144298623650655 0.148541819409295
0.261760078198566 0.166555366339079 0.206053252798306 0.242509785022985 0.123121517641064
0.159857126532165 0.353633021997341 0.226965646331036 0.222467111471848 0.0370770936676097
0.140824748449166 0.261811086821802 0.373918964500329 0.131488264456559 0.0919569357721443
0.278510341007406 0.0865543602547104 0.248877789654005 0.253076372896612 0.132981136187267
0.103817156867952 0.408245146389311 0.284027699378046 0.0101527441971833 0.193757253167507
0.31575708173672 0.315042386229499 0.105444855062878 0.0913986011556759 0.172357075815227
0.0734296412467374 0.256716407939232 0.262136382860288 0.0391942194161766 0.368523348537566
0.235964418366064 0.288819855785033 0.204826161038512 0.1191436884979 0.15124587631249
0.32066158987807 0.20862497060228 0.207178545816683 0.155989407432823 0.107545486270145
0.316168698038561 0.0767619571956416 0.319125209663351 0.0239579923791987 0.263986142723247
0.298750191342556 0.248382682473969 0.144045743565608 0.203587563225924 0.105233819391944
0.177509037845245 0.0854274745509119 0.209740578461457 0.14482339217801 0.382499516964376
0.0269327932867714 0.106983694760044 0.448771849788983 0.245384012597845 0.171927649566356
0.0881750211957502 0.167783365681809 0.198117980324672 0.240696545842458 0.30522708695531
0.348241020941315 0.169862564698597 0.0164374948064196 0.194145206250551 0.271313713303116
0.165864485560224 0.0288450608423702 0.175864429128208 0.567742476285981 0.0616835481832161
0.0215854108723996 0.472972909213629 0.302247631386596 0.0229207058433704 0.180273342684005
0.375697379141241 0.131304376430253 0.217577739267948 0.114831488621802 0.160589016538757
0.250334242633523 0.289926384259664 0.314018017013888 0.109525894774491 0.0361954613184338
0.45421074591558 0.414546183181752 0.0250475941063393 0.0065615141584151 0.0996339626379136
0.0950583960765759 0.0276367644625274 0.152067368413476 0.256789209609973 0.468448261437448
0.0992724437232921 0.174544731597696 0.311101283457015 0.216801958447665 0.198279582774331
0.153714947222917 0.0864690359444165 0.231123895545808 0.248648575180409 0.28004354610645
0.012334684411983 0.37267031220204 0.329734040327427 0.0926734864542459 0.192587476604305
0.128467577630034 0.387618455165498 0.191450089520389 0.0517276703875438 0.240736207296535
0.125301509657315 0.337590505906137 0.00946315772781025 0.233517112995295 0.294127713713443
0.286566373365075 0.331325127724209 0.0244038037444698 0.260988418888417 0.096716276277829
0.224617976050209 0.367679083230283 0.243315806445364 0.0383996747043972 0.125987459569748
0.150262653305532 0.257193138380644 0.233829704794842 0.232330336133618 0.126384167385364
0.350421102612694 0.172104631257628 0.159700001244873 0.0145769088740779 0.303197356010727
0.234522800930941 0.22017597779465 0.190963305602966 0.17501052143649 0.179327394234953
0.146552435423139 0.186065148361807 0.249190152823275 0.204931636530576 0.213260626861203
0.219973891584833 0.162256771659167 0.1056347997889 0.156946237943334 0.355188299023765
0.181300908657885 0.0768367986497309 0.366486839080147 0.164184835223457 0.21119061838878
0.0998192092179187 0.253785051661535 0.209421478681974 0.175130322635427 0.261843937803144
0.263926544613184 0.221613006193549 0.147989575139153 0.065932754292082 0.300538119762031
0.30721510363007 0.0816247396203127 0.208704377681924 0.279587028254596 0.122868750813097
0.188675642952017 0.0690591936726414 0.395535050589462 0.318355361108781 0.0283747516770983
0.141333146351905 0.0238309931435313 0.258241853707426 0.228985202430366 0.347608804366772
0.347689190255031 0.260225748132054 0.0677384329858817 0.0677729089162136 0.25657371971082
0.238234599375481 0.119202866309018 0.169870737317909 0.241369044989206 0.231322752008387
0.175233517310107 0.201050275439229 0.344073313572951 0.224666382716836 0.0549765109608768
0.0161942543953298 0.27517127894922 0.323417157635068 0.317161670581316 0.0680556384390668
0.0487909738916116 0.261128434624653 0.298160962536417 0.115682057035985 0.276237571911334
0.267576958530919 0.214430354325711 0.0218183567995914 0.168327161768657 0.327847168575122
0.201674523768386 0.375794813252982 0.0746070800500336 0.263922122543721 0.0840014603848765
0.394823454124214 0.0425008790664762 0.115091711157472 0.263643805671938 0.1839401499799
0.168460301364069 0.118642565935889 0.173862640442787 0.440951469450481 0.0980830228067732
0.224339415716823 0.151068035799088 0.1995447189695 0.240271920302875 0.184775909211714
0.274260775866622 0.181319964630924 0.281774450742459 0.247351078220929 0.0152937305390658
0.227245227286035 0.0462785535409699 0.0289385689137652 0.286111547790979 0.411426102468251
0.0444305266961856 0.171738217321521 0.0988055027891706 0.559250724610999 0.125775028582123
0.318340053762525 0.0961529771141927 0.291501603227281 0.0567432919829715 0.23726207391303
0.180702009798904 0.23786326935425 0.141767435433892 0.315678923539318 0.123988361873636
0.137565763723742 0.23741670171948 0.109302509979292 0.15075737876488 0.364957645812606
0.249293419007389 0.222312744435989 0.209819123238706 0.0354898423409565 0.28308487097696
0.0358247597201776 0.170329480233164 0.233075112485382 0.32021861483153 0.240552032729746
0.0441024465780597 0.189814469940374 0.279671107179223 0.289729581275422 0.196682395026921
0.234285553520098 0.130337229353144 0.269641286757152 0.0662074384613072 0.299528491908298
0.27452606340876 0.30189282742372 0.0320816833749225 0.093278624520775 0.298220801271822
0.290202087239808 0.270438826110325 0.0420695168764826 0.287307192281568 0.109982377491817
0.197565875468164 0.196940647432984 0.32309452300979 0.147577682165463 0.134821271923599
0.0607257667839301 0.184762528418338 0.136169218389807 0.175686489988381 0.442655996419545
0.316958935374616 0.25312372274265 0.168900189556646 0.0435779461635661 0.217439206162522
0.328560055914155 0.285863704666964 0.0478462822982757 0.219096340945491 0.118633616175115
0.142000937496107 0.391203782977802 0.326773208000224 0.133792120254369 0.00622995127149783
0.227376423747071 0.247022479144727 0.193548875551452 0.158519300918351 0.173532920638399
0.388260122400185 0.106230967077625 0.0505552194878292 0.301966389505119 0.152987301529241
0.245863044859571 0.259894546453905 0.0382184873526383 0.245950328354324 0.210073592979561
0.189648065003677 0.192254672314177 0.350289628499607 0.178136087706755 0.0896715464757845
0.0282153658624312 0.273209890419611 0.405747670455819 0.0476820593359735 0.245145013926165
0.326159897829127 0.283308479382601 0.13291612357806 0.0614816451300927 0.196133854080119
0.0586466169809944 0.02923760156637 0.244813429038514 0.462921028411832 0.204381324002289
0.206469404123572 0.260740196566565 0.340056395791255 0.112725120806407 0.0800088827122025
0.365703672887335 0.080507788828995 0.368102570025881 0.0273513542478116 0.158334614009977
0.273490583340986 0.0727775633579785 0.242332950266211 0.200944116794946 0.210454786239878
0.166020857585746 0.199195114474839 0.209394899168347 0.0698346128040752 0.355554515966993
0.487825117189197 0.147153077278979 0.186435694070896 0.000288106953176225 0.178298004507753
0.246464381486482 0.171108756420792 0.215158972898319 0.141052021028441 0.226215868165966
0.251019734213063 0.203955786932922 0.318779881919968 0.0972219710459428 0.129022625888105
0.220255818589969 0.0731222885634555 0.00401068096987334 0.344523039243234 0.358088172633468
0.169472958487527 0.239817082443142 0.213668405979394 0.282949411677958 0.0940921414119783
0.00135269064388924 0.388365425356453 0.0425977056946375 0.41201648076484 0.15566769754018
0.108471966541692 0.106491142673854 0.277035327841292 0.271139103421942 0.23686245952122
0.0975664262746569 0.455506086783879 0.0677620929645718 0.295894073010515 0.0832713209663775
0.228982736635382 0.141347880728484 0.264401301599013 0.356278218921257 0.00898986211586424
0.19453337212099 0.197275223681208 0.19008566495909 0.214534776411298 0.203570962827414
0.239349625467855 0.224613260054065 0.313005234068655 0.0304443368559603 0.192587543553465
0.524739061510081 0.0279175510042998 0.00117394524566189 0.437483792181226 0.00868565005873101
0.220418335926292 0.121545619268358 0.355125369418258 0.12416889794808 0.178741777439012
0.237526662937652 0.275908188996481 0.0299816632763015 0.374414507216788 0.0821689775727781
0.200964702303321 0.0701572710000009 0.300283773992872 0.363008026454562 0.0655862262492442
0.116113406035678 0.267568935704201 0.0180352661080873 0.287113449783322 0.311168942368711
0.0688282354465849 0.269225829294621 0.231568463523045 0.251026614086796 0.179350857648954
0.123809405415623 0.151651104533477 0.222610669002481 0.247316878179491 0.254611942868927
0.0566075941363955 0.404392670305994 0.0440271148522988 0.154427995271564 0.340544625433748
0.14815779001092 0.169937796091928 0.376220982707993 0.191332556979624 0.114350874209535
0.331510915575054 0.325944130758529 0.088458541031595 0.0297039619028083 0.224382450732014
0.333632297965125 0.242356515385013 0.102888844518736 0.141164026694186 0.179958315436941
0.291905200232593 0.0827299286886825 0.102182200462844 0.248738464622899 0.274444205992982
0.20791951770289 0.217605136417823 0.100426199120752 0.236923373828221 0.237125772930315
0.291376474821266 0.297189009519882 0.135932101821652 0.129402438600193 0.146099975237007
0.157486655890701 0.230773896150776 0.225232288202975 0.35348287491906 0.0330242848364875
0.378043012173523 0.168178018072986 0.0812712996950972 0.371334566690737 0.00117310336765613
0.0345758510240298 0.346239314666281 0.171421843327378 0.0917207328460873 0.356042258136224
0.108247295282201 0.349263063574436 0.194946803450193 0.247008968736318 0.100533868956851
0.170400130910156 0.148237582800559 0.338536617748651 0.0317671957263176 0.311058472814317
0.156400474171437 0.206948576287768 0.0736811608973801 0.291671909630216 0.271297879013198
0.221187228260091 0.175662178360089 0.240150356922112 0.281250021763392 0.0817502146943152
0.105617204903407 0.235206595660714 0.127344761361867 0.304220872431127 0.227610565642885
0.0276827124011572 0.482431390819461 0.19398679040573 0.142169698407667 0.153729407965984
0.169897783664266 0.168359774611564 0.25347070316965 0.150220439149166 0.258051299405353
0.0866958606693886 0.303713775087021 0.213192175861073 0.256040839658498 0.140357348724019
0.190145076321913 0.334009321980189 0.308479552658981 0.0116227612930904 0.155743287745826
0.253237130101531 0.326268540949597 0.0142213922037264 0.250359836056027 0.155913100689118
0.039674473496153 0.174857072451433 0.253199946252776 0.269307575258343 0.262960932541296
0.138194907412995 0.0725916386777003 0.161661155234175 0.29127353142052 0.336278767254609
0.169519853337557 0.339892762408375 0.149626361728192 0.310753395583252 0.0302076269426249
0.09118212315485 0.267274879486046 0.101879977305254 0.3236497006469 0.216013319406951
0.164006204032076 0.26419935132147 0.330588853252913 0.207095667535783 0.0341099238577587
0.142246442353064 0.13028201479794 0.25843019506854 0.0923302374612078 0.376711110319248
0.0778430009231042 0.368490659433302 0.299858836662334 0.177506187307003 0.0763013156742561
0.12781824879556 0.235749538233557 0.510551507700422 0.092190139288071 0.0336905659823907
0.0746447784440187 0.158429981953624 0.229876677470236 0.25483233874588 0.282216223386241
0.256731625034444 0.189412566809558 0.251705869245455 0.0619856366186481 0.240164302291895
0.267543295652241 0.165293659200598 0.0899434592059013 0.274491767058418 0.202727818882841
0.243317027258584 0.206702656398934 0.045274417495427 0.256509146092058 0.248196752754997
0.128910968342445 0.240230846550821 0.0797964300570854 0.27162345522189 0.279438299827758
0.114187079462031 0.212686285222255 0.266032803481647 0.339520075763457 0.0675737560706102
0.261198312479001 0.398357628525808 0.111960292347098 0.0143649901699407 0.214118776478153
0.233870989116261 0.268625152842557 0.207402049094609 0.0864326766121645 0.203669132334408
0.179922026156558 0.269059688652002 0.0795928123248899 0.0269233045773993 0.44450216828915
0.0012578775444728 0.44853163904934 0.00528127260372091 0.162829990400352 0.382099220402115
0.238028869819816 0.501134981772785 0.050855059659521 0.0261153329704452 0.183865755777432
0.358740481295781 0.217773527971022 0.233691952356534 0.0181000539530212 0.171693984423642
0.228848362091018 0.062422669003015 0.0581871791721103 0.323954222974744 0.326587566759113
0.163070480616028 0.223583324276012 0.154563220202523 0.227233960574366 0.23154901433107
0.230217957673422 0.113307313879801 0.368945112731665 0.113514563422573 0.174015052292539
0.302860576693997 0.381012480250348 0.160925210423485 0.069452327935968 0.0857494046962026
0.260850433666322 0.204330963786081 0.0846247366815494 0.301101429077396 0.149092436788652
0.208088007112069 0.183880330766521 0.187546330634013 0.225145041132887 0.195340290354511
0.547484769408623 0.0918153537621265 0.0793605159749769 0.0755645254653406 0.205774835388933
0.261027213068007 0.07770100601821 0.0964370501342003 0.202017958067893 0.362816772711689
0.237933653110656 0.162045956694894 0.208434190083029 0.0378536480405516 0.353732552070871
0.161354228657316 0.176704756480543 0.206014839352046 0.0500308101339293 0.405895365376165
0.307107861508479 0.273495546340606 0.0504909965057175 0.017278447229659 0.351627148415539
0.348182617477909 0.332816431176701 0.0717912412692188 0.0813864492035042 0.165823260872667
0.271935059029762 0.0436498543850924 0.148915601774507 0.294282861644866 0.241216623165772
0.260337343136866 0.302988019619915 0.117485770278929 0.112190590100447 0.206998276863844
0.0832390864784999 0.175536151493534 0.26704220326765 0.321611792459852 0.152570766300465
0.429927851332058 0.147327448211897 0.200519901550763 0.200812074222683 0.0214127246825998
0.216422467454712 0.164564819468892 0.231659986872567 0.280628513986243 0.106724212217587
0.115658303423103 0.108954604134088 0.286698225243709 0.11238546732477 0.37630339987433
0.155851701750145 0.293024132516264 0.104451217103855 0.334826824894979 0.111846123734757
0.0739582035930265 0.0989518733720323 0.432895723038191 0.0376688855002338 0.356525314496516
0.0917415112710174 0.304478454551144 0.118150676313995 0.30277751488744 0.182851842976404
0.200423586295682 0.0424116438465564 0.231204841409019 0.22256909814716 0.303390830301583
0.0606308097886475 0.248640876455433 0.173458903389492 0.39172501557097 0.125544394795458
0.141683949159024 0.183946799569023 0.103757627753175 0.30163500968543 0.268976613833348
0.349108125128628 0.0417369939010163 0.0378140279757064 0.320110586798012 0.251230266196638
0.342068002422426 0.113211257938495 0.194172259705816 0.251943048984428 0.0986054309488351
0.237270519106823 0.271666393106916 0.122726048582478 0.126591434061429 0.241745605142355
0.461328114617916 0.13263361674389 0.0498225975782453 0.00882976693645592 0.347385904123493
0.20719227757419 0.235971939142189 0.226830975059659 0.292417250133491 0.0375875580904711
0.343017734355326 0.316387915866895 0.0890750017963702 0.184655249475283 0.0668640985061261
0.0210388876501857 0.0489349556890737 0.372099025852088 0.319355834944701 0.238571295863952
0.365722795058476 0.21620434987497 0.0250813688414357 0.306602490500582 0.0863889957245355
0.28437576653946 0.0895769976172498 0.371887556535301 0.122593923213746 0.131565756094244
0.21910021436894 0.172575662969833 0.173707794492543 0.224344643355083 0.210271684813601
0.347834236055179 0.228628366889722 0.339566676138331 0.0807351251339416 0.00323559578282741
0.283140243502186 0.153028157396251 0.173353283757198 0.230725902985586 0.159752412358779
0.0788747133669792 0.158122222181407 0.181713339333138 0.290126466890108 0.291163258228368
0.177862402660051 0.107228346347689 0.164615596697145 0.38451355960938 0.165780094685734
0.222111692988909 0.281146920170491 0.16059893283128 0.269279881387402 0.0668625726219175
0.000631146102874967 0.317265496639254 0.336433848695752 0.197332330385733 0.148337178176386
0.0978414363100413 0.0151601863540473 0.325060405948673 0.348900413696978 0.213037557690261
0.051325762611994 0.294124387729623 0.134014735039966 0.303304295335938 0.217230819282479
0.0694402916037962 0.205379720364429 0.211422697360291 0.26724399297722 0.246513297694264
0.189039729985201 0.0880758685665547 0.270501784834103 0.0287033296704477 0.423679286943693
0.146289809768415 0.164197244884856 0.273595279215409 0.073878412026849 0.34203925410447
0.146454660664806 0.291627587471726 0.300252774926861 0.00375153660300597 0.257913440333601
0.131297329386113 0.0610679618127452 0.29958784356618 0.471785264958121 0.0362616002768413
0.298093647475717 0.0101554406388453 0.0109086656861409 0.263689774475595 0.417152471723701
0.0797567934682139 0.211149906585314 0.330676715906207 0.160857744516515 0.217558839523751
0.271459683719686 0.39069662664203 0.0735618232394688 0.00124895035897807 0.263032916039837
0.0908916694796379 0.35727335525476 0.267465287744496 0.0932534895260941 0.191116197995012
0.278271462874346 0.153692830174891 0.211287170532134 0.0574696401451 0.29927889627353
0.438268133701825 0.167345507356547 0.202746004369523 0.180616802852821 0.0110235517192842
0.0666581832920719 0.33547073880183 0.203275639443472 0.00557992041544081 0.389015518047185
0.28806630076118 0.280998890307716 0.0484511631514964 0.246538272402731 0.135945373376877
0.221739547350035 0.28250188051701 0.0679496818038303 0.168094623792977 0.259714266536148
0.137326658024399 0.333224621562102 0.397707835343269 0.112474412716563 0.0192664723536662
0.0706554490258112 0.0844228833342131 0.450526884494824 0.124139515495501 0.27025526764965
0.0603334313326458 0.169931475897269 0.126116966034544 0.29733176435163 0.346286362383912
0.126666533560593 0.0481185579604806 0.0251017406206076 0.491134999681323 0.308978168176995
0.0635892341090308 0.175339516610831 0.24253728027875 0.191283300723286 0.327250668278102
0.167356583836457 0.277359686375016 0.0842400202768597 0.215938157142751 0.255105552368917
0.181788084754315 0.118999752223889 0.275856607530936 0.341741123589383 0.0816144319014771
0.153502026076469 0.314654059393022 0.169083932523112 0.243428662082398 0.119331319924999
0.357610828004074 0.373178140518172 0.0146938071904274 0.182333862643335 0.072183361643991
0.261164578393789 0.31954117134538 0.23319400123591 0.0870746453941362 0.0990256036307846
0.264112663049664 0.1373845492672 0.00823943103387893 0.214298231913174 0.375965124736082
0.201263436790322 0.133339420721841 0.0606290457817917 0.411752073875572 0.193016022830473
0.206357865076813 0.188397407271828 0.312447888331727 0.267885628373592 0.0249112109460395
0.217685908376356 0.0102959040849405 0.195137639728928 0.252722832433664 0.324157715376111
0.297773169700172 0.0940257630711416 0.323624367240344 0.0461092076303636 0.238467492357979
0.0422537464641714 0.417936483205466 0.227967290789554 0.0659733744044101 0.245869105136399
0.246881559719194 0.245919251146826 0.0062931118175299 0.217227142716756 0.283678934599695
0.0551677631096741 0.0861330708984168 0.128729299568153 0.282395202455 0.447574663968757
0.268764265092914 0.245295349198416 0.169098246720493 0.242687967971198 0.074154171016979
0.183710296876044 0.278410733301543 0.250056609086393 0.161695799499185 0.126126561236835
0.0588027906332656 0.179394296687762 0.463813173226134 0.279236216897598 0.0187535225552402
0.222423542941154 0.265525099197745 0.0727963249880776 0.074079285576305 0.365175747296718
0.113925084959826 0.315618128741003 0.0202835496044752 0.0669225546939951 0.4832506820007
0.263913476849947 0.307486257965194 0.203177941715841 0.0718985137552481 0.15352380971377
0.108632819095031 0.301078705205396 0.189147027681572 0.189373621574952 0.211767826443049
0.060743743072601 0.186929169718022 0.282773707379164 0.116350968318511 0.353202411511703
0.276947456289002 0.183759055902914 0.162185902223171 0.186298225091833 0.19080936049308
0.0758178597165672 0.026235565996141 0.413253665034007 0.109256965503105 0.37543594375018
0.226382844976105 0.0609711360674562 0.674595725486095 0.00802678504321473 0.0300235084271295
0.372929424665654 0.0910119986682868 0.40404564555157 0.0943849998339827 0.0376279312805068
0.0746223118791278 0.367573771570616 0.141660348951615 0.0381400405519846 0.378003527046656
0.282939506854723 0.0295403747835781 0.298675317020552 0.357058946960289 0.0317858543808581
0.206254446534039 0.173242413842761 0.39696964787899 0.21007533836521 0.0134581533790007
0.146169066427042 0.287174630215829 0.0526993884690269 0.141135955937296 0.372820958950805
0.275537316312365 0.469654225721582 0.0645065638422713 0.0997767934458692 0.0905251006779118
0.212257520019268 0.235270793089118 0.265900379079643 0.269941263806131 0.0166300440058395
0.10465755373554 0.0417652720548332 0.414177353257229 0.375481932764653 0.0639178881877448
0.142280661990587 0.315448482596343 0.138850035856777 0.0861027356169556 0.317318083939337
0.212554744421358 0.265359466403815 0.185859139162396 0.291857631526925 0.0443690184855055
0.113427228834198 0.314788347735411 0.109137846880256 0.125142256830548 0.337504319719587
0.264944455603849 0.172080658906832 0.0588858591291493 0.198217136403993 0.305871889956177
0.0667238788799072 0.0994035419961811 0.289155206889778 0.262912322570476 0.281805049663658
0.103006418333792 0.300297845661177 0.247009807395117 0.0792993035330634 0.27038662507685
0.124533589381824 0.00148979978076987 0.250843561331946 0.332567264405796 0.290565785099664
0.0573535260219077 0.251281333278012 0.183249509920844 0.176316532426942 0.331799098352295
0.146047239797688 0.510961051558582 0.24846294563297 0.0160896558991539 0.0784391071116055
0.141709599824523 0.321989233191499 0.227919036838827 0.0672234238132545 0.241158706331897
0.204743119259911 0.199847854551578 0.195308328452186 0.0639434220939835 0.336157275642342
0.136727752203649 0.124261972224046 0.222412626478244 0.27700754034546 0.239590108748601
0.035231237282271 0.311795627236658 0.308442454175044 0.0365180311872032 0.308012650118824
0.200324468035994 0.189955844597781 0.291190744301675 0.137481028841898 0.181047914222652
0.287627830058482 0.0717355975914519 0.150642312490042 0.203175243367008 0.286819016493016
0.257920757042264 0.244600731226616 0.120063804492131 0.296308407703561 0.0811062995354284
0.120269500837876 0.0733783257898249 0.256968934205324 0.339029809018009 0.210353430148967
0.236539207108657 0.0910232894706736 0.442818835213383 0.0831431106685174 0.146475557538768
0.279896103573848 0.0743778802810673 0.0618955565893788 0.445675380822637 0.138155078733069
