0.238876166133856 0.0579139650812669 0.219975296677861 0.256574771429449 0.189530047005964 0.0371297536716024
0.180999304094037 0.284820441761169 0.0802730848016863 0.283447557049734 0.14828554220703 0.0221740700863439
0.145724556585464 0.184599929687606 0.198813661676305 0.114843482121083 0.162903746040461 0.193114623889082
0.130337165218204 0.161025378254892 0.100984513963416 0.195160850681209 0.111350387083636 0.301141704798643
0.0840174362536769 0.23539097392315 0.0538699817783026 0.287935173177811 0.197491046175241 0.141295388691819
0.284547811215475 0.0946021022657678 0.183374870861855 0.0315360138558051 0.166731169467013 0.239208032334084
0.174202053955836 0.205333975001308 0.187880798823653 0.169916465468734 0.217318870143071 0.045347836607398
0.345283885372608 0.0710456526432568 0.233516421460537 0.309496246836811 0.0370886027847473 0.00356919090203986
0.187394081397761 0.150400804657016 0.207036344082755 0.215550636230932 0.14690825009925 0.0927098835322877
0.0498653180596822 0.11980792365995 0.106461141697426 0.24380866280961 0.109638449447662 0.37041850432567
0.0601694480655366 0.176525124323955 0.242169560362805 0.188424316647462 0.143766709892809 0.188944840707432
0.195745444826881 0.262527808298378 0.145252379458655 0.153265581065856 0.0603185152860821 0.182890271064148
0.00546509689143174 0.0536726339214051 0.26877871565436 0.0586829384847787 0.243280441122162 0.370120173925862
0.167739008456336 0.0671751754963601 0.237330324344188 0.28024614362176 0.107994623265392 0.139514724815965
0.0983531627624365 0.221359131359976 0.0657977233220612 0.231638770834054 0.190942839657783 0.191908372063689
0.346190864682614 0.163159612515573 0.0303554312013465 0.282557750460567 0.0251200326052529 0.152616308534646
0.300711516871025 0.225849301781797 0.0820785830611792 0.256343321450032 0.0316953037901602 0.103321973045806
0.0501657828766537 0.225258855737763 0.250100689237995 0.106929422493526 0.0202121570806812 0.347333092573381
0.250043148701117 0.244286192391697 0.16543459519587 0.0567248340660162 0.228841558331464 0.0546696713138352
0.142542105876068 0.0347623535404267 0.17117776115044 0.184909512413438 0.20715986825603 0.259448398763597
0.189881583967393 0.194433537782032 0.218797063348848 0.219450224229629 0.0767400250253473 0.100697565646751
0.115459423252904 0.324856808354901 0.226982183851274 0.235198952354139 0.0530730344704008 0.0444295977163816
0.258134537200202 0.240385527181083 0.0589268677843078 0.0912766465777432 0.0597784168734256 0.291498004383238
0.204608517220624 0.139264308534233 0.165304339676929 0.235379627607077 0.228199589849861 0.0272436171112758
0.0521593728214608 0.213085399959393 0.137337284873544 0.21658704073022 0.354210325072591 0.0266205765427904
0.0205101863825064 0.222923011856291 0.196931619406106 0.22499832563383 0.177378362236127 0.15725849448514
0.169106007102781 0.113532687048367 0.0639430561099635 0.213647683630773 0.176681758167318 0.263088807940797
0.249940334281397 0.113865438824684 0.193668473487176 0.0409524717271533 0.06176821373283 0.33980506794676
0.370870096984108 0.206742639715209 0.391732603537193 0.0107481213385513 0.0198795107446034 2.70276803351666e-05
0.129456451627878 0.22512124367457 0.0456962079766575 0.226235772599664 0.242231630200646 0.131258693920585
0.0149319330208653 0.337373516753123 0.125230589578298 0.0493435136283557 0.303455733796403 0.169664713222955
0.278088781776507 0.0418090281507114 0.0848408535467775 0.273861315873306 0.0665849940901765 0.254815026562522
0.163973915423184 0.179796573997128 0.215278556934476 0.16947289786929 0.156028504189435 0.115449551586486
0.13718876918402 0.154315613581525 0.184151880278628 0.283374403030608 0.0910653543416074 0.149903979583612
0.230518032520421 0.232946644731955 0.109255864136619 0.101986837750689 0.15105840276879 0.174234218091526
0.228450103108028 0.227516883140569 0.214010688717512 0.04700323846733 0.246076581313372 0.0369425052531884
0.165166347339168 0.135608944688876 0.285761604337217 0.26809842856693 0.0499716617324231 0.0953930133353868
0.201578699542287 0.336353568273566 0.0814386040542136 0.0603466373990612 0.0316805439164028 0.288601946814469
0.232314250870192 0.0994553024483681 0.280800580059445 0.00994512922155647 0.178837402147614 0.198647335252824
0.0413909643787272 0.239780041707298 0.165835280583783 0.35354861349983 0.0494049900651131 0.150040109765249
0.20800637541535 0.301542069512106 0.0141160589268205 0.0321193669796837 0.266244617548793 0.177971511617247
0.281466579833365 0.156470984287688 0.158244933416771 0.143607867410711 0.145856381222433 0.114353253829032
0.0341094748580214 0.211228502457764 0.21834027721657 0.18721977423989 0.120227986278686 0.228873984949069
0.066733913608261 0.301203346608235 0.336533211811671 0.228322016878364 0.0497540410329271 0.0174534700605422
0.196134878990579 0.156898246823193 0.156892921079767 0.169735503197457 0.15115143382871 0.169187016080293
0.247740491470227 0.35602783508878 0.165781046733472 0.0275508907599801 0.140333470724385 0.062566265223156
0.255728792690586 0.154185252247126 0.160308319396868 0.295299847115378 0.00313204900318417 0.131345739546857
0.0604797858360092 0.267021599462234 0.0836950105919364 0.139352844321068 0.262039620949146 0.187411138839606
0.209912399244413 0.223701694115442 0.176172168279503 0.120400991947515 0.108114991664435 0.161697754748693
0.168617895538826 0.335186367990423 0.367323646309135 0.0307004541986146 0.00252632149527824 0.0956453144677231
0.240749411143209 0.133828827143206 0.303753326765267 0.185601829447301 0.0942236710345987 0.0418429344664186
0.204951761864778 0.183759074380657 0.193826700969029 0.00984881440721507 0.149923612625906 0.257690035752415
0.339086291831587 0.27832610541043 0.126032231917474 0.0750610458499659 0.0618747640636521 0.119619560926891
0.10676473356471 0.357503395777367 0.198260898915093 0.278703494973259 0.0374326079653887 0.0213348688041823
0.315999779699512 0.183202220064012 0.216072940534361 0.0846817887961044 0.0854756902920296 0.11456758061398
0.236755464858607 0.25305237973735 0.252760597057984 0.0077567053275698 0.160243756611091 0.0894310964073981
0.192762133821133 0.156162252429966 0.211953771594964 0.278832628599443 0.0682065541683478 0.0920826593861461
0.114747416083573 0.176818094064356 0.336755088117158 0.126139469300397 0.160622384950461 0.084917547484056
0.0814579183697698 0.0891592505986512 0.234344633013251 0.241516327997111 0.192555210776318 0.160966659244899
0.204466798974373 0.267303010056402 0.176539004357378 0.16454104122716 0.0483240596461924 0.138826085738495
0.0323644255212329 0.096721281408779 0.271249869318932 0.0990570526198766 0.329920711142932 0.170686659988248
0.208530930412206 0.287961938639976 0.104641013420978 0.23179542665383 0.118837678608213 0.0482330122647961
0.18698508847725 0.235146812060176 0.0695682323026467 0.0552818705377025 0.221905271487707 0.231112725134517
0.174183198612253 0.156496692314399 0.261690644716529 0.171108816658827 0.0697317573636349 0.166788890334357
0.0176083429505004 0.150667194018095 0.275401557806091 0.179099271110837 0.235928990734635 0.141294643379841
0.116924551249227 0.186632102306817 0.0436697545185974 0.247767631504949 0.117106729056715 0.287899231363696
0.338285153776142 0.0051779947994423 0.367089904036976 0.0236092493547217 0.104033146974314 0.161804551058404
0.00446190591072659 0.192323832624358 0.130453213548683 0.229951085938094 0.238229284043344 0.204580677934794
0.266031852989948 0.0336236728881736 0.0976823780662023 0.146785507961964 0.280876921503462 0.174999666590251
0.294134587525227 0.0509885238367344 0.187022353458576 0.1445410511947 0.097093204487101 0.226220279497662
0.235420205270529 0.0269824208789799 0.255873879209433 0.188170485414571 0.0875764957372935 0.205976513489194
0.21055610410713 0.20890332766733 0.0913196110938543 0.108886735991266 0.15641937065934 0.22391485048108
0.106071136479288 0.0812289534993349 0.187167966387091 0.127862318061219 0.267841835699891 0.229827789873177
0.0195515355149775 0.176797850857933 0.147215615649023 0.226636596197682 0.104001954221167 0.325796447559217
0.15973900601732 0.0224197046280322 0.313978868337059 0.146698189375897 0.320071527067879 0.0370927045738129
0.00895459638871348 0.275776297481215 0.123099652553394 0.13195000534756 0.270820517093442 0.189398931135676
0.164311138086337 0.0505821927546685 0.225020977861932 0.326087347960622 0.228274849930657 0.00572349340578436
0.252047912581854 0.138081807939701 0.368917154559117 0.198320046030296 0.0364605908468502 0.00617248804218222
0.190244750306232 0.09822336119385 0.223399549932056 0.202784181445288 0.0643150884851743 0.2210330686374
0.205281275547404 0.0574293995636752 0.411724239612287 0.20160656704205 0.076237345286133 0.0477211729484506
0.19545942008837 0.229754258711721 0.113199759347182 0.00309313214956675 0.20479157064381 0.253701859059351
0.0452384722943519 0.281480459169011 0.344495149065654 0.0403372838137403 0.114963415015876 0.173485220641366
0.214271259011256 0.167269054916766 0.0365066593890638 0.0342140984787023 0.237781502652294 0.309957425551917
0.07009188892264 0.262493233218004 0.251369720436069 0.143403865939713 0.0756613492289779 0.196979942254596
0.336245171084076 0.00934644893365081 0.063770631110014 0.236676367379889 0.0877856863746749 0.266175695117695
0.122603696963687 0.288345137292372 0.380885036771193 0.0906277084814708 0.0327025416962044 0.084835878795073
0.372817477954171 0.156638851577615 0.0832569686710613 0.186597915203842 0.109907904354809 0.0907808822385021
0.0581121698874657 0.16421083361634 0.23419958055711 0.234216307600827 0.0939800742359189 0.215281034102339
0.314116865882973 0.196780842573452 0.13671023469004 0.17271043924389 0.167054029944414 0.0126275876652313
0.2608364297874 0.00230142571399183 0.100552371615881 0.2732324642482 0.330867267739941 0.0322100408945869
0.292767167617247 0.0355433214783398 0.0901609703786853 0.0273244881820397 0.393818086658145 0.160385965685543
0.222146928732765 0.0392984924919954 0.388907775396778 0.00766849474922055 0.0300458633669581 0.311932445262284
0.240100251022626 0.164566500455752 0.142878291312783 0.119368119939835 0.054272569790356 0.278814267478647
0.256126056665763 0.11025149740852 0.0548387196258619 0.246971254651006 0.222434449943785 0.109378021705064
0.0678336806448332 0.281299547985957 0.00593320266024616 0.299974357412178 0.154853463517252 0.190105747779534
0.141644353996782 0.182585832253283 0.295523286964528 0.082630270241954 0.292487463123686 0.00512879341976747
0.235490967154984 0.048873210391301 0.253647254408281 0.156015053119235 0.286625247957113 0.0193482669690861
0.162204332189218 0.20248735999353 0.00918647974103698 0.185289957630575 0.0408702366044786 0.399961633841161
0.212651622752844 0.136842482627479 0.214244611550037 0.054639961207437 0.0970601356940024 0.284561186168201
0.305847369617956 0.0351672394086884 0.0141876165981497 0.157985223827403 0.237236484248068 0.249576066299735
0.166837959865311 0.289909014918232 0.0425470931663429 0.211298070431655 0.0560793305189773 0.233328531099482
0.146522308766316 0.0573435270127052 0.246518551233852 0.0359156366063046 0.243857680153058 0.269842296227764
0.306775490571686 0.213475427312626 0.0753140843319243 0.179685021455154 0.213293783453908 0.0114561928747018
0.154251954250296 0.205930465166202 0.20664121354172 0.0901358203853695 0.0752457559122135 0.267794790744199
0.0114789175655333 0.0940859669313293 0.347969638661893 0.0469506429960145 0.275132417514483 0.224382416330747
0.0542256591489962 0.18885453788422 0.244708987806982 0.178645371202931 0.141793303307142 0.191772140649728
0.278559553249299 0.229266539874752 0.123192859919446 0.0466488608423883 0.146681026560042 0.175651159554074
0.323002837845053 0.404372900704086 0.0872695170690872 0.00529831088458747 0.0724569148218173 0.10759951867537
0.0476279803751116 0.297515377778662 0.188079421841957 0.125386431181162 0.287649525990887 0.0537412628322213
0.0175649205355878 0.23917294117716 0.23541785792564 0.226080415493571 0.121130508593267 0.160633356274774
0.213430300721791 0.118963653531687 0.0205829584952106 0.271133265917761 0.16003351533325 0.2158563060003
0.0738551090346113 0.200404071087884 0.0912563475167815 0.205742756316229 0.23984864599724 0.188893070047254
0.0348446846267607 0.164042246197632 0.226047106464348 0.295650296159268 0.0218456482844361 0.257570018267556
0.158607020597966 0.151647076222728 0.221369302368223 0.32903994434746 0.0198093441380617 0.119527312325561
0.109331859837294 0.16148426733354 0.203287660048654 0.0703074527415208 0.253655520468156 0.201933239570836
0.0887942202779822 0.0190877992807136 0.220890320322647 0.136034355306278 0.376171358342914 0.159021946469465
0.20362931243115 0.131668262725167 0.260265954627516 0.235537032894405 0.161458813179352 0.00744062414240993
0.127318592918995 0.162742146051028 0.249277252616705 0.248534915938754 0.0806119766963387 0.131515115778179
0.181080792691131 0.197868486662376 0.0186086599989935 0.310640030016392 0.181789572546728 0.110012458084379
0.260021392716763 0.0684951554434308 0.246491570938978 0.13009244371234 0.0119569381191331 0.282942499069355
0.180411428060673 0.201971577794791 0.157886715097431 0.254335174999917 0.165894703440739 0.0395004006064498
0.112244483552095 0.0943613162256657 0.18006005953683 0.271311601907709 0.138703057154254 0.203319481623446
0.337691381541099 0.270098325134532 0.15823276046118 0.148305884844597 0.077473170606172 0.00819847741241946
0.262661917185098 0.240854829091719 0.0923521108816051 0.0299542426435356 0.0901934868370935 0.283983413360949
0.16710508340901 0.0847420335243294 0.0978731549540332 0.43894202087943 0.206027755402198 0.00530995183099921
0.213758630649945 0.19272033889443 0.00600154227013236 0.276496650866642 0.282522597636078 0.0285002396827717
0.161765118924137 0.132949261052713 0.209537001752524 0.205473878284533 0.1214782721431 0.168796467842994
0.262011979272721 0.251448553818629 0.239127199617256 0.0290946189446883 0.0246364894467629 0.193681158899942
0.121686125124723 0.294945223222719 0.0776000630913575 0.140889832117753 0.127407735570845 0.237471020872602
0.294476731039585 0.116119619082936 0.0639168980032749 0.236598521551136 0.255072576724926 0.0338156535981418
0.232821890611358 0.167469890051641 0.0397164408217743 0.31191463513557 0.10511951642612 0.142957626953537
0.268121596135721 0.267251325415947 0.0740256933166532 0.0607624464603115 0.138201692291882 0.191637246379486
0.222283502155514 0.0197316214246014 0.291416030236861 0.211641032456752 0.194572387335351 0.0603554263909212
0.105012627959614 0.251225943395148 0.161642174227572 0.093634703949985 0.160684453785218 0.227800096682462
0.188063323172304 0.0772188191951631 0.211852844184506 0.28510665840638 0.0385315215182963 0.199226833523351
0.207985350500063 0.0894993618190127 0.0546696618780288 0.237592156935091 0.236476208750547 0.173777260117257
0.141485167737482 0.267462338530715 0.138632826181277 0.152854863192489 0.138058035862884 0.161506768495153
0.265484593052765 0.108920193378742 0.0350138111818312 0.255370300832195 0.111580043602778 0.22363105795169
0.268503916138677 0.138716909887008 0.0539361806608894 0.0370286034474305 0.247196798755823 0.254617591110172
0.115189525008417 0.134714200989881 0.311520927274991 0.236131170090921 0.00163415131975177 0.200810025316039
0.218769646873111 0.114488198760916 0.180010465204229 0.236349532187503 0.140829152066441 0.1095530049078
0.219583394943463 0.226782159234309 0.192470830821799 0.071987345512406 0.225161229892683 0.0640150395953409
0.199052478102965 0.0484209045121961 0.264674174977117 0.130100983528827 0.164624178539833 0.193127280339061
0.00682369584742811 0.200985512845311 0.15406767840361 0.252310732294153 0.103440962166331 0.282371418443167
0.0944896971789569 0.167457578585644 0.240099484313853 0.215648993259881 0.247581378204201 0.0347228684574642
0.0780303391699974 0.186082686403623 0.232894036490128 0.00275716399016565 0.0304275898040544 0.469808184142032
0.15909415297235 0.0874215868655184 0.166206165997215 0.103884928542756 0.239982052802271 0.24341111281989
0.215656270621117 0.135048666941841 0.121298200057005 0.408122040799069 0.11100391193841 0.00887090964255845
0.154323378180663 0.203716108646109 0.226192506655887 0.228611056379929 0.111299427536066 0.0758575226013452
0.228212242197266 0.280640097103067 0.172115315536164 0.123528600830634 0.122421238725755 0.0730825056071142
0.154153419757107 0.015657236283304 0.312017806748023 0.21280103791984 0.264517873909078 0.0408526253826471
0.339122291658802 0.0418834246859998 0.0579690026987234 0.153327441688364 0.0471393492743417 0.360558489993768
0.154719072173151 0.194300960878814 0.184287841587588 0.12195368118187 0.325458123192739 0.0192803209858369
0.195754785636696 0.18056812804363 0.139903708293824 0.129896985450591 0.142008473972658 0.211867918602601
0.142240274928656 0.179203152216099 0.155048249658185 0.0665188701152555 0.233896320968437 0.223093132113367
0.0487744186694143 0.198945176672648 0.213467772819918 0.147535810436206 0.216225713763536 0.175051107638278
0.200467370131656 0.00788840679319614 0.248006089726077 0.162375737939482 0.248135184171905 0.133127211237683
0.213233756160269 0.233062851555493 0.264788261646333 0.049771122505162 0.0353372522231203 0.203806755909622
0.252451334688673 0.0991002597766873 0.0836774559663979 0.201580891913508 0.177540143410363 0.185649914244371
0.132600850243586 0.213731354648226 0.191261982629016 0.188359734856393 0.176205767428452 0.0978403101943276
0.262016622101917 0.107761484135043 0.0689970953577597 0.287019932532042 0.259571095582742 0.0146337702904967
0.364902121929892 0.15032721879023 0.158636790747704 0.110405491938653 0.127633099395291 0.0880952771982302
0.0577808544737924 0.217088268339733 0.212480281711482 0.159036503236107 0.161565439565138 0.192048652673748
0.196046923807529 0.224750141104801 0.049990093901195 0.144906858084862 0.22844591856155 0.155860064540064
0.0402493819582113 0.294586960826839 0.021607228595748 0.0679376338146597 0.452678813222505 0.122939981582037
0.322997011042903 0.023582045360035 0.157306896593021 0.0395340059764305 0.338813201095917 0.117766839931694
0.270898742108267 0.240925492163715 0.192804679963349 0.0698361707380147 0.0449822305412924 0.180552684485363
0.00403053207395088 0.212839424465828 0.263599529264198 0.0601480304525587 0.245808124105828 0.213574359637637
0.304760951785991 0.053565137027265 0.17370411851274 0.014576476423813 0.178437781420593 0.274955534829597
0.289003869377491 0.0278886546952303 0.274213343371545 0.0798719675811743 0.169405049981881 0.159617114992678
0.161315319494942 0.359957849822025 0.0820449717219051 0.0480919677159856 0.0191520265573639 0.329437864687779
0.226660736252641 0.17610061714484 0.0635213789557015 0.300487897795468 0.020455844047231 0.212773525804118
0.320333474187552 0.00235223531506563 0.0660343996826843 0.293205023207747 0.139952273499192 0.17812259410776
0.0358920761622916 0.189233283980341 0.154048562597274 0.234637777284451 0.156361321233167 0.229826978742476
0.00872299485816264 0.38198847084816 0.194056405917133 0.039519276567933 0.290091750427501 0.0856211013811101
0.185363121449484 0.176163660334483 0.179639722892787 0.0824482170387858 0.172998764200694 0.203386514083766
0.050544715418221 0.229752203988381 0.0661188084176284 0.232258513970952 0.220331043069048 0.200994715135769
0.221561441669746 0.245579046567779 0.118254229006796 0.0575775251719126 0.280933601400372 0.0760941561833948
0.164324480491237 0.15460872312108 0.147516434340667 0.0488796936679134 0.226805793094463 0.257864875284639
0.249327757812956 0.277312942130392 0.0238964899465217 0.0617313970089501 0.325755952018029 0.0619754610831514
0.0857135275532709 0.150812186129059 0.162638126066066 0.201321798611985 0.216412753224287 0.183101608415333
0.359807435692257 0.116952448799053 0.141825802050947 0.0809748961165445 0.283159958991954 0.0172794583492452
0.241253428756626 0.132430085127263 0.0592123278310046 0.257094888327309 0.0797127529669036 0.230296516990894
0.0206583893566589 0.292331178534752 0.161529799614087 0.197355776172783 0.232116099920737 0.096008756400982
0.254519938029527 0.166323976013784 0.265078720001218 0.110684683121699 0.065857038694751 0.13753564413902
0.0160262553861446 0.288056105685956 0.157805696703506 0.481869742108832 0.0513873723849154 0.00485482773064627
0.283045088940536 0.0045763429484372 0.262261007936682 0.173850029428454 0.0832850350517721 0.192982495694117
0.0735878195915244 0.107200804631794 0.31403999067581 0.119734847919661 0.228674400499698 0.156762136681513
0.217022434427283 0.237926990883358 0.122073182194094 0.0516435129808573 0.268982835283866 0.102351044230542
0.131847029213268 0.175769458571189 0.162781643301019 0.381608864927381 0.0679673982181918 0.0800256057689514
0.222394056202711 0.23754393128564 0.254161009267402 0.0336555763443183 0.0966746996719954 0.155570727227934
0.155567169792454 0.0183192869719653 0.279929188818623 0.233320707064201 0.0832796916269477 0.229583955725809
0.168685370891675 0.252210481174632 0.125892020230848 0.0737759956552879 0.326115151227571 0.0533209808199861
0.229359888774265 0.153108916670544 0.110474369945498 0.139733257583509 0.188240830761735 0.179082736264449
0.186910049726462 0.298830903273496 0.356080830788863 0.0215753906207854 0.03201312680656 0.104589698783832
0.189969179622119 0.233802734436807 0.0878965563783121 0.170659050078242 0.199777409167163 0.117895070317356
0.225333582836925 0.217350418791812 0.0863308481882994 0.0652613546644869 0.223940510082403 0.181783285436074
0.108338522142769 0.214157678937035 0.0879034858870975 0.300592236021104 0.1626055338329 0.126402543179094
0.125646493085695 0.115414696901029 0.302782995741121 0.0295996704267406 0.0239746228742348 0.402581520971179
0.30730984378741 0.198920740013418 0.12858934542272 0.293770457934553 0.0312322861047516 0.0401773267371479
0.27819283053124 0.158497402350548 0.225594420235759 0.034173408227277 0.279370815291347 0.0241711233638298
0.255827726869613 0.170343904743006 0.165323299853416 0.184472883180948 0.147566781130269 0.0764654042227473
0.171113827906728 0.273656830249604 0.0807191209519858 0.0421151854214154 0.209302495077964 0.223092540392303
0.139649677040434 0.0767568785914991 0.191343310882736 0.25738266718068 0.0746843356369985 0.260183130667652
0.229486184212477 0.22354221670567 0.160162917810445 0.247610967650714 0.031280047760928 0.107917665859766
0.0295266291604645 0.206628257305193 0.167121276085085 0.159918053402801 0.204098222463476 0.232707561582981
0.0822588981564344 0.341318075572553 0.00375412594903207 0.00799784204048909 0.297838858343464 0.266832199938027
0.0325146934721107 0.185378821152931 0.156845743128325 0.307458388869839 0.105966502430825 0.211835850945969
0.263247424023022 0.304510652567107 0.0313453055330027 0.30069023853476 0.0279544212150676 0.0722519581270411
0.252070142112338 0.0934116783397006 0.219610778080303 0.27583729330043 0.00446965670135063 0.154600451465878
0.354632817226386 0.00917963651146234 0.0546722351278496 0.210463698246361 0.156535927115908 0.214515685772033
0.321708687333836 0.128820555904459 0.0878648575531548 0.029055808005838 0.139984083179199 0.292566008023513
0.133772307594389 0.11375564690759 0.264048015466883 0.129871713503395 0.171332330897606 0.187219985630137
0.185706001952369 0.135731698910404 0.230278789668711 0.198009697948511 0.130165502702979 0.120108308817026
0.18698927788464 0.131676743807862 0.194164514489937 0.176022703012005 0.0914033945218801 0.219743366283676
0.20267482092216 0.199176402142088 0.171171232504365 0.086505164981657 0.16978502846523 0.1706873509845
0.231710150047273 0.232899521512616 0.134611560582822 0.0627042889774874 0.24437215609258 0.0937023227872205
0.0562189237499949 0.136462925192724 0.0096502861625724 0.27539584218527 0.246315453018547 0.275956569690892
0.143728821572238 0.128547630048611 0.205841241713981 0.171381090844333 0.0774814142090199 0.273019801611817
0.20974988300148 0.206338788912858 0.0970577753117347 0.113586595282076 0.161623405024584 0.211643552467267
0.0696568633705559 0.103543975614077 0.191470267937731 0.182764167438216 0.233558320125556 0.219006405513864
0.118799252857671 0.264655076711908 0.266680978906661 0.117546390870046 0.118950065046158 0.113368235607556
0.205649971255346 0.138268616442272 0.245947710310459 0.101810726824772 0.170453358580931 0.13786961658622
0.22103579123298 0.0556285993059045 0.129383291284314 0.226256432593464 0.19242821134494 0.175267674238398
0.143607495548742 0.304956507860574 0.219522081762318 0.0399483969422377 0.250930108352756 0.0410354095333716
0.242767860683319 0.154491988644139 0.10602300855217 0.0536479193965306 0.285400784138405 0.157668438585436
0.27219706062958 0.196081070853601 0.141580442203666 0.00292037262884507 0.314238228321024 0.0729828253632835
0.390107911708309 0.140211344370928 0.252173197991714 0.0540215792525756 0.0264452372904428 0.137040729386031
0.139263202874006 0.0722921169480361 0.144143000012307 0.244230481946226 0.216676018407539 0.183395179811887
0.128192173566492 0.0312377185973778 0.121113562560424 0.194380494803142 0.232736056881593 0.292339993590971
0.196175517482384 0.146718808657155 0.24987142372298 0.0377418120592909 0.12924958761533 0.24024285046286
0.221499840678024 0.164836108401233 0.241724230043639 0.064815805283653 0.029086551074909 0.278037464518542
0.0548670693865336 0.0929238280799411 0.264790431899338 0.126817237228332 0.257023163135881 0.203578270269975
0.209743779056551 0.200220044612189 0.244149797515198 0.162246054858115 0.0726183952504939 0.111021928707453
0.164571551869916 0.206895930498262 0.114711531192259 0.14541510659888 0.217181457562002 0.151224422278683
0.0799023824551019 0.136372915555379 0.267593287701612 0.0893248645955397 0.266002413973135 0.160804135719232
0.184786267154652 0.0150490594445137 0.281004404943392 0.179687841309383 0.189011277335282 0.150461149812777
0.20092996921838 0.150332944889431 0.200567778960562 0.220780363750979 0.171942742260176 0.0554462009204726
0.325382485910462 0.288071974808958 0.142903393650941 0.120106852138558 0.0327518091090781 0.0907834843820035
0.187887574954765 0.232676045473083 0.0797470529490389 0.194951070341815 0.0688789662877296 0.235859289993568
0.0172034395334679 0.0224596150517331 0.260796699554411 0.011091784921411 0.187908025953859 0.500540434985118
0.140163874744206 0.11952297642729 0.193257031638527 0.203696823881893 0.152297317246816 0.191061976061269
0.121022095840184 0.234622668489128 0.0852556840017011 0.197597780177337 0.138377962006645 0.223123809485004
0.406253736333797 0.0654303487393056 0.0400653271964114 0.0774806251108899 0.386214582937415 0.0245553796821814
0.016173112475537 0.0817938833905862 0.21147670729847 0.336858200130694 0.209418511532959 0.144279585171755
0.439331514927167 0.171437735550103 0.0338897269982482 0.0221123830808931 0.0658219974842682 0.267406641959321
0.336750370666515 0.176521773769483 0.135154764789513 0.175654415399559 0.00349046775253789 0.172428207622393
0.257270686376023 0.162393248998222 0.209557733670695 0.241947375925172 0.0312257006059401 0.0976052544239478
0.0906534943532838 0.0297674358882433 0.113258593006959 0.28895952389867 0.231846084042517 0.245514868810327
0.0896804115579857 0.166433100869272 0.195255190872589 0.246407242123127 0.270023714891895 0.0322003396851312
0.235112223902749 0.205699183837913 0.235810267708276 0.207409844096206 0.0286209419395626 0.0873475385152945
0.0306723068501779 0.153537759125998 0.389567675165515 0.347616239062892 0.0440098434007749 0.0345961763946427
0.283119818418094 0.11829775345252 0.10720335966998 0.0491255270597132 0.216337993670842 0.22591554772885
0.307828539313334 0.175876366383782 0.328956387608205 0.107488346884562 0.0754714154370574 0.00437894437305872
0.0215343515704405 0.00919157303441675 0.299243816822049 0.200022420191046 0.308133471662989 0.16187436671906
0.430592978450473 0.0453633895910619 0.0121210423650612 0.395688457700039 0.0501334727335122 0.066100659159852
0.182958446476766 0.132350782775031 0.247791071095073 0.1596752903494 0.121397228513163 0.155827180790568
0.0435615408516661 0.0690229107268544 0.308386056582541 0.0740313227334137 0.215965544301828 0.289032624803697
0.184048695950805 0.406235229227293 0.0643322460206839 0.161296545428927 0.0384309853257747 0.145656298046517
0.198163487553777 0.218151871983071 0.195275300837209 0.0858074552099197 0.189757894671607 0.112843989744416
0.139366296994557 0.153713369499332 0.19847294721985 0.234014730603126 0.131236267085924 0.14319638859721
0.274772381354418 0.0882480330854007 0.176802371124898 0.239298313970225 0.195104291701002 0.0257746087640569
0.204224111405861 0.154294426591341 0.0462311186116156 0.252777634837744 0.182177761335819 0.160294947217619
0.0266198743905164 0.174209926209883 0.0810982506688363 0.295793108889112 0.382680751542337 0.0395980882993153
0.258488168835259 0.204864911168108 0.0813153362571413 0.131075043815822 0.0355321275493946 0.288724412374275
0.183270550385686 0.0164000445746072 0.0250839718232782 0.00846307183416733 0.454051378364005 0.312730983018256
0.184248731541728 0.171120769971711 0.158034332897417 0.251740352045688 0.212886537985841 0.0219692755576159
0.140429209002475 0.0261094813241908 0.2875952009337 0.27358170990119 0.142128703589476 0.130155695248969
0.23083470898709 0.181739536877714 0.0831872751234336 0.15071724555544 0.215512425137738 0.138008808318584
0.247135868826018 0.219221744732623 0.0141619104609748 0.231956145916905 0.192512036332407 0.0950122937310714
0.110155177848541 0.0206242482508786 0.178732842306877 0.300169507296134 0.119825643408711 0.270492580888858
0.229710282302054 0.121082916081674 0.235087433575609 0.184545288364049 0.159278126611912 0.0702959530647025
0.408412959430087 0.00798469416754491 0.330717697361379 0.0982621166032351 0.0637136400034465 0.0909088924343075
0.0428799916500368 0.0875566297294125 0.229450293084575 0.196174940785403 0.29013851267492 0.153799632075652
0.259782912641588 0.151181210462909 0.0902855480242803 0.23231113554178 0.168458198415446 0.0979809949139964
0.278838419270811 0.258989702481323 0.180743906665802 0.106414253098401 0.0797813220804502 0.0952323964032132
0.120345488443027 0.0663001405410793 0.021155094850371 0.347783077930081 0.189323010798218 0.255093187437225
0.21190967337854 0.171295759680705 0.119296266938113 0.275307736831595 0.157038201792739 0.0651523613783073
0.166306483482098 0.272437025870787 0.105167555127113 0.155574484763517 0.243105269358783 0.0574091813977026
0.380348757917302 0.070255685464456 0.0622257870420682 0.379964418792567 0.0323697244391499 0.0748356263444571
0.102593539211416 0.0634923979245922 0.22267306709423 0.213252851143898 0.247093539579294 0.15089460504657
0.120320149894779 0.101954035851557 0.336161550999171 0.00672153970178372 0.280174083056678 0.154668640496032
0.0392034336624586 0.22428035145243 0.23793555623606 0.176816644248027 0.224368629184579 0.0973953852164453
0.264364627936792 0.0896901975307926 0.226740580020141 0.231533889382041 0.127120138693691 0.0605505664365422
0.114269009391179 0.0699009664177746 0.214172364024623 0.375415119055701 0.0516245056508359 0.174618035459887
0.183900617461299 0.164072653271691 0.238603186196104 0.160068646024652 0.205627381322762 0.0477275157234911
0.262515895870457 0.00585339975080884 0.131856298210695 0.258423573101729 0.154728058806495 0.186622774259815
0.254371546154491 0.053845455582469 0.214089771275362 0.199420922154679 0.0248595296075674 0.253412775225432
0.300519081230573 0.164347347226104 0.20907635805148 0.066564330136076 0.229670016911036 0.0298228664447312
0.0153537357823756 0.147327297028562 0.279325339892367 0.159584574859699 0.110978924003509 0.287430128433488
0.325909942774286 0.186914053578258 0.406787373211704 0.0445046288145163 0.0320218594669585 0.00386214215427726
0.175294346392456 0.212291703063524 0.159639797999468 0.176571327112918 0.0616932730738696 0.214509552357764
0.225960050310218 0.152397814773583 0.296907683827336 0.300656389558271 0.000113505336941688 0.0239645561936513
0.176527169101825 0.139255900122981 0.0169369633043227 0.318419211919692 0.0322707665508734 0.316589989000306
0.348677977798445 0.246556892155463 0.0578723527104141 0.284714417185039 0.0332527365959683 0.0289256235546708
0.242059984355868 0.177435069956181 0.0971292932267159 0.23581242434082 0.115769183689117 0.131794044431299
0.192519977820383 0.231486973256846 0.0951021913006248 0.206726940887263 0.0488482049438473 0.225315711791036
0.103646253938078 0.268253051513356 0.231155338057661 0.116624855799823 0.0688590261490817 0.211461474542
0.301572463739299 0.340783795790567 0.0504953470719222 0.00425780733090396 0.00901521466152088 0.293875371405787
0.192803744830877 0.23682343083783 0.0105223229722587 0.151047995182348 0.14076992644383 0.268032579732856
0.115145408758289 0.200690720807922 0.21893270218168 0.197314145672086 0.0376758009717399 0.230241221608283
0.130989682625675 0.222158101160493 0.0929765087269416 0.150973205639676 0.265478191606295 0.13742431024092
0.208860088633379 0.0300998516014047 0.244640526188325 0.115031047859008 0.264266547865142 0.137101937852741
0.0931166205447621 0.160962151066292 0.1304163527417 0.142214382113155 0.251949688845818 0.221340804688273
0.101065775313931 0.224184864122029 0.175553719278841 0.236515712735303 0.0773462575514518 0.185333670998445
0.129476448626422 0.0990322491464885 0.0377043535878046 0.357947465040181 0.0878590097348175 0.287980473864287
0.0443061444160063 0.296868172490101 0.0618387998706972 0.258407549998436 0.170481982769239 0.16809735045552
0.0386025639843762 0.379356268877283 0.0530606467134152 0.325572097287652 0.116900093652532 0.0865083294847415
0.277114431646998 0.122563074325986 0.0513002050177793 0.237007261036819 0.212681335235869 0.0993336927365479
0.238987583162838 0.139279466586523 0.262805201186526 0.0974436714358626 0.239594401825273 0.0218896758029783
0.276623681075573 0.192639298391525 0.0198524213570692 0.133281254658026 0.163660979880959 0.213942364636847
0.256370232875065 0.188060699315073 0.112182395362226 0.0915396871949682 0.232260946487246 0.119586038765422
0.0957606488572492 0.349723237172435 0.0372372614789327 0.184095540983817 0.280331624626597 0.0528516868809687
0.23424903780398 0.251083844464992 0.189923837705651 0.177347330368991 0.0836265096727472 0.0637694399836384
0.0715846133881879 0.20881112166286 0.253767814083412 0.299868440662104 0.163423371324818 0.0025446388786182
0.0533554147433857 0.364979721914645 0.292013057033775 0.164900802432028 0.0791788357176045 0.0455721681585618
0.0475657631289662 0.2224854753221 0.0774455595867504 0.0567867023145805 0.294959044549612 0.300757455097991
0.118344833333772 0.231972444746244 0.106635926868886 0.241623444884578 0.112871440283498 0.188551909883023
0.105121692465902 0.0132884553833584 0.145705907612261 0.285219832422612 0.239286968180287 0.211377143935579
0.0825407367203688 0.301466616400623 0.217207512723189 0.210969207571854 0.0874464601307776 0.100369466453187
0.042020691780205 0.225118727532331 0.251197288789191 0.183539297976399 0.221596079107495 0.0765279148143795
0.15252951269639 0.101346370414309 0.0485238430104995 0.00998591422967461 0.410620360951977 0.276993998697151
0.156291414560436 0.122229337594371 0.42145669806464 0.118979652714592 0.154910134745826 0.0261327623201351
0.140984673267937 0.175624302588577 0.248045068174969 0.125639556707711 0.161866128821171 0.147840270439636
0.0955582075452794 0.160923216629494 0.104274334714167 0.31486252456575 0.164030093852326 0.160351622692984
0.305927343841358 0.173929174586029 0.0470445645271867 0.191420187715609 0.0842658645645534 0.197412864765263
0.179586263135529 0.0917753278378854 0.140865930478041 0.292879374385971 0.246739921925091 0.0481531822374818
0.187605926781101 0.239293359141595 0.196616979930026 0.075283142509935 0.183131050023582 0.118069541613761
0.0975950625497931 0.0154853059032925 0.429708345590654 0.0578038479247748 0.320864992463255 0.0785424455682302
0.238522044852581 0.0021419712931492 0.225839331110673 0.166902136374044 0.275768427651023 0.0908260887185292
0.154211177978845 0.219967992745798 0.258136686693993 0.125021934442974 0.200680115883152 0.0419820922552384
0.0318409812457403 0.0638144513145365 0.351038605575287 0.0914554743689532 0.330143776290968 0.131706711204515
0.201755113530645 0.282279338577721 0.265195135661293 0.0190829747375433 0.152844932770256 0.0788425047225425
0.0624269542476955 0.451025960450409 0.0660031076737472 0.114194762767729 0.00390913291454704 0.302440081945873
0.14496864607118 0.311216967948672 0.122935581786811 0.291023075355169 0.0561324409576967 0.0737232878804716
0.409402152392152 0.0686945329730746 0.0614388656296908 0.169512411215761 0.253474294553127 0.0374777432361941
0.351812353317127 0.119247298810837 0.0758917914610066 0.180501538698779 0.267735811386356 0.00481120632589486
0.187033252610199 0.15506338108967 0.0182091810050136 0.231025151411117 0.233858477063807 0.174810556820192
0.0350695207661149 0.212563842628385 0.184855627175736 0.107398808097352 0.445065009860379 0.0150471914720337
0.279198214861117 0.0319488454351955 0.267809932347143 0.158470341703247 0.243428628112434 0.0191440375408635
0.0234674034149367 0.195211254170213 0.224140986297106 0.162303613051229 0.175063626290952 0.219813116775564
0.191067920714239 0.0862876715410829 0.269006337540074 0.0599280093120707 0.122396308721329 0.271313752171204
0.165014063274251 0.0144508712425442 0.397139396756255 0.183311563779829 0.0481996339136615 0.19188447103346
0.315975597090021 0.275200308818526 0.0231683199741262 0.0912383878853057 0.212550885384384 0.0818665008476375
0.0948613677931498 0.171851403098196 0.233589274274876 0.237617464936171 0.0491779438332511 0.212902546064355
0.111899243059547 0.200083384534216 0.268734113248129 0.265058677712226 0.0978206898352123 0.0564038916106696
0.268094056610768 0.310659016483547 0.181266779462136 0.0159376858201087 0.0792706905215984 0.144771771101842
0.379360914713012 0.328714127263987 0.0768424263132598 0.0247639019785762 0.0492943565309952 0.14102427320017
0.299188197656809 0.0357026795537141 0.208059712449074 0.0434622227077379 0.182095976069731 0.231491211562934
0.0728349484034296 0.025750400329872 0.079045191622971 0.118389309833945 0.353637856219609 0.350342293590173
0.293992693127555 0.0298568260231083 0.0478808506142563 0.116945382133545 0.409706602823775 0.101617645277761
0.165116056036204 0.0632411409131138 0.0699804180886507 0.178772115723735 0.11320345167521 0.409686817563087
0.0685773138470847 0.130948348639095 0.262115588449867 0.0484287407946921 0.12559996551144 0.364330042757822
0.0171076515613475 0.280900750249909 0.0436905599180162 0.312689122450567 0.204587553316273 0.141024362503887
0.11850929997919 0.144518036677292 0.223689949272454 0.301299332814567 0.0444188167613625 0.167564564495134
0.264880542381902 0.19634114485311 0.22250522519853 0.243199326399035 0.00992486239711228 0.0631488987703099
0.0370100836939451 0.299384147832605 0.239955081644182 0.106000742429491 0.174912308578934 0.142737635820843
0.177634815108205 0.181254564483704 0.16269532978082 0.251030407258405 0.198970177834402 0.0284147055344634
0.24240723542483 0.0368340254569138 0.175303144961331 0.335238310647803 0.0452911232095746 0.164926160299548
0.227928742721904 0.220727344521514 0.0805108160144307 0.17721579294596 0.237874866504623 0.0557424372915674
0.153530802179342 0.270575018064949 0.182916858149091 0.200953062889329 0.12419400586151 0.0678302528557792
0.248018537184401 0.135612918803717 0.0502258084603743 0.105836590585654 0.24389464482318 0.216411500142675
0.146421845457603 0.206046030275512 0.078710567176082 0.0798695164214651 0.136344764740869 0.352607275928469
0.0361763691108323 0.00570087717269333 0.165935325178244 0.342708838479365 0.300240723057955 0.149237867000911
0.0525867554236542 0.164215901680146 0.25694573956333 0.194834283434971 0.232775664162276 0.0986416557356226
0.0622002573886658 0.0642801868496419 0.102370779468374 0.421376480240379 0.158461612279851 0.191310683773088
