0.101872479870129 0.176875217118446 0.312038442870444 0.0965153480365833 0.0338749187800481 0.278823593324349
0.127740525797517 0.277285722903689 0.239612725116745 0.196249966902145 0.0475142553947078 0.111596803885196
0.141630568609548 0.339294498916922 0.449155070235908 0.0465738979771822 0.0052400490793049 0.0181059151811346
0.259265989828446 0.0161115594771057 0.0559910879136882 0.311648708179127 0.17378059219841 0.183202062403223
0.193905029424781 0.196915328608756 0.115912561072239 0.168611230852703 0.150915233182238 0.173740616859283
0.215269733640647 0.25892794831638 0.165953602468937 0.240996789764923 0.0086109624901435 0.110240963318969
0.11872983536808 0.151928550745676 0.131396913953691 0.216732958880641 0.134114380573839 0.247097360478073
0.199049765000612 0.261205399817149 0.124565801728571 0.0427302645135795 0.358000523512606 0.0144482454274833
0.231617926093626 0.0831242900408393 0.231199888761301 0.192866472712004 0.21121819906494 0.0499732233272895
0.221969342068176 0.161129145608146 0.0573910856035548 0.190001919918308 0.227971940041065 0.141536566760752
0.0154832770034953 0.112698510939074 0.154707322721286 0.337527239022377 0.0765648630296944 0.303018787284073
0.150413807406641 0.0486425449541914 0.123273367203572 0.226805905471658 0.252801981011417 0.198062393952521
0.305944583221444 0.114176699744767 0.0269284524657808 0.273932013166077 0.117671118862585 0.161347132539346
0.354462611462687 0.151202019632489 0.0779551539185776 0.0559448056742169 0.0941178728973257 0.266317536414704
0.185531495752477 0.118296451903378 0.136831987768174 0.177528642043135 0.233427454947366 0.14838396758547
0.021795395766926 0.297179493585694 0.169292893035967 0.209547447922868 0.12892355320234 0.173261216486204
0.306484261414335 0.113473328706058 0.288263633119202 0.235101187914195 0.0046282630253098 0.0520493258209006
0.20340288744238 0.00424793142801768 0.214490775064382 0.125068651573518 0.157503580614173 0.29528617387753
0.142900018435404 0.228767969667984 0.243663551951366 0.247256484723345 0.0553842292420044 0.0820277459798959
0.232347297733998 0.0685785191289262 0.240855098112909 0.0989890119974704 0.167566506994315 0.191663566032381
0.111204736095392 0.174482083216534 0.0974033155565431 0.247362686533271 0.136715961062597 0.232831217535663
0.213104566183882 0.00251814346943132 0.116659273852732 0.250436655304713 0.307190491209604 0.110090869979638
0.0994320927702245 0.215517891500963 0.42667800162726 0.0240954778323634 0.0863934626791044 0.147883073590085
0.296068057791798 0.0346720508174727 0.191550635682507 0.206556844970996 0.0372377722513956 0.233914638485832
0.309587087575254 0.158205842982099 0.205762191561139 0.0738245438044243 0.21779412825425 0.0348262058228341
0.086108390716331 0.297112276526299 0.229488687013407 0.209962483079297 0.0807609612401702 0.0965672014244962
0.142064511057422 0.122228477072706 0.214835388419269 0.242334637002098 0.0255875001845143 0.25294948626399
0.384379116741455 0.325189866763839 0.102566946777012 0.0113508143497939 0.0447294121345003 0.131783843233399
0.370693204124612 0.0371380470411476 0.0428992538479809 0.0663858152794959 0.199063497746475 0.283820181960289
0.259727873981601 0.159127165017453 0.22847265990763 0.0499407966975482 0.236388981271568 0.0663425231242
0.282571394413186 0.186002948362275 0.252250922516071 0.0095882233696286 0.0669950555604516 0.202591455778387
0.00746435497198754 0.0617776798187073 0.364670173120858 0.115326259602154 0.386665691046393 0.0640958414399004
0.171468953488405 0.245601320250999 0.143234638188565 0.00304387625313808 0.208712344224908 0.227938867593984
0.21450483785648 0.220098058458493 0.235083359121805 0.121263051351195 0.00301273786668928 0.206037955345337
0.190845534685503 0.0918536092373515 0.283057659168752 0.174979229533325 0.0634852704395564 0.195778696935513
0.179279080759938 0.164038910689814 0.213924151337034 0.114903368944528 0.143145344849486 0.184709143419201
0.15586282521839 0.0755787396570098 0.187070668906879 0.279166943787936 0.168914830847059 0.133405991582726
0.063211190578697 0.0477729221481687 0.210712797130286 0.133428973027592 0.456369335933413 0.0885047811818436
0.102463441804858 0.129677984053845 0.180156846615627 0.0826292279686194 0.0084647843766198 0.49660771518043
0.309228244780976 0.120928125067331 0.198493530675022 0.0128509551450998 0.0931302520215197 0.265368892310051
0.041193524366827 0.193136328099766 0.257496162145905 0.00318919667032603 0.312666536774048 0.192318251943128
0.129625995057424 0.322829226420549 0.153692705733003 0.0469476581537001 0.136992802384257 0.209911612251066
0.205012046301918 0.194896463800471 0.144514283503231 0.213799864834537 0.115674630720211 0.126102710839632
0.415382697404943 0.0484690169130845 0.139770450837216 0.0611275888893717 0.161606233894656 0.173644012060729
0.108243298564947 0.203733959890084 0.0738624473672724 0.227272800836805 0.270326542928027 0.116560950412864
0.0943540145775389 0.0124644532196968 0.187581043287828 0.114693231028577 0.333398556675617 0.257508701210742
0.145057800994998 0.0781104141738759 0.0563617647307385 0.152262905193526 0.316676405559676 0.251530709347185
0.00898040117484226 0.00687440403038566 0.061210863126016 0.47980684138238 0.0457895362834779 0.397337954002898
0.334089397333587 0.0588004196649165 0.177494471688685 0.0385353890606594 0.290076940778429 0.101003381473723
0.0354076076642394 0.0754519365991008 0.192907563099735 0.255179191471609 0.305646899384982 0.135406801780333
0.0876458780747431 0.00927771576626192 0.148606803288934 0.322748134962947 0.285326544467875 0.146394923439239
0.118555569579815 0.183636723092988 0.103154169427026 0.0762007930936033 0.507585450051029 0.0108672947555398
0.183471681325358 0.239881098198447 0.127742454243288 0.131186737397375 0.231572559100996 0.0861454697345361
0.271370348402211 0.273170563786058 0.0647396678832411 0.278714404309366 0.0110334432562717 0.100971572362851
0.199273117755764 0.00234059910684495 0.246796075593593 0.157543311330828 0.248719985065007 0.145326911147964
0.105106563453243 0.247374603757082 0.00803382656500721 0.117599224003084 0.302955443444688 0.218930338776896
0.260348864158982 0.282869976004174 0.176946584493059 0.0908551095898747 0.104340196591183 0.0846392691627273
0.223659033151797 0.0282604328166839 0.0698797038742089 0.112414796960251 0.285694877309282 0.280091155887778
0.260360748877831 0.199408105942786 0.17875765604149 0.122561474921584 0.168417105027626 0.0704949091886841
0.0992363547837925 0.319525729108517 0.0160267092518156 0.199212914060031 0.25109074404041 0.114907548755434
0.214971996895116 0.261241881889018 0.0307740249076994 0.265240244672992 0.219928665531569 0.00784318610360609
0.260040782589084 0.10402926879293 0.0305887120857076 0.246829767755242 0.287044301792487 0.0714671669845498
0.2794072059786 0.099880627909703 0.140745262976621 0.191111092112544 0.198242700828475 0.0906131101940575
0.0456831860721421 0.23198628832681 0.140219780039389 0.0506856692942849 0.223204123795044 0.30822095247233
0.172887454390849 0.198994392640957 0.0297129397514689 0.206207594835603 0.148945919856581 0.243251698524541
0.410824790244399 0.0959913764010824 0.075040744163287 0.222098146890476 0.10678807771684 0.0892568645839154
0.376036038405281 0.0426134378404352 0.114522559034296 0.0132691780673281 0.165972420434293 0.287586366218367
0.0195350706815559 0.161223486945279 0.157378063589812 0.263683814063661 0.23860928507278 0.159570279646912
0.174697424196424 0.139634536331436 0.161810650838279 0.16273858822686 0.202322916237799 0.158795884169202
0.0322225961153548 0.16362777669884 0.175951852857796 0.174598564960868 0.281100698405372 0.17249851096177
0.12390839387876 0.211913829757858 0.0376102921500924 0.217526237301752 0.193034852398076 0.216006394513462
0.0553614139247663 0.129497050112358 0.189615762669871 0.236559623244411 0.158196851165888 0.230769298882706
0.17854067307863 0.0109687889917278 0.237422346960914 0.255832479172979 0.305595395009176 0.0116403167865725
0.177547945337939 0.288921069228125 0.110901273696442 0.114870878420185 0.202631383205579 0.10512745011173
0.211858403362746 0.229496180412238 0.092311783080982 0.167468403978108 0.0093155662134319 0.289549662952494
0.15642415099397 0.150877696734035 0.165307014732536 0.1862231864812 0.234025615360792 0.107142335697468
0.309551613170605 0.16122471006467 0.300622700728172 0.0706952774554325 0.0551356877040863 0.102770010877035
0.23954446287769 0.103861897883233 0.176733717254775 0.0458666751820322 0.110926549313064 0.323066697489205
0.288664891100055 0.0626188965615967 0.0624230106958922 0.0112880964117081 0.276554547469393 0.298450557761355
0.29987193988996 0.134211803040725 0.144340434306459 0.160265753227392 0.0370163197342705 0.224293749801193
0.317254609270337 0.00174214430334928 0.287232074536368 0.280696331494709 0.0330212028688554 0.0800536375263809
0.261106376052528 0.280290947963878 0.000274286111172752 0.0559528552388119 0.223753514711119 0.17862201992249
0.013665978812763 0.0623684051063024 0.169442889587358 0.168908438732796 0.302547590674171 0.28306669708661
0.39450976345564 0.0840461071735618 0.393330719045132 0.119412065630198 0.00604938386527309 0.00265196083019512
0.0221872970900467 0.290326125244062 0.257229547312463 0.216286874001819 0.0309564532404204 0.183013703111189
0.146224833556954 0.0708205612691224 0.154076416563868 0.0912067038713958 0.122504335156288 0.415167149582372
0.177576306770099 0.468577966833447 0.268149460955674 0.0163175717384856 0.0207032856315168 0.0486754080707776
0.0633055463964417 0.01276743789483 0.149982469989393 0.162275372377926 0.312062623337936 0.299606550003474
0.0682877676746146 0.294710538605139 0.275652086320964 0.0793365504995385 0.0429620063762322 0.239051050523512
0.0557894366091193 0.210564638696109 0.140978602627034 0.161407368314283 0.205887607223406 0.225372346530048
0.0388015047794242 0.246687923020018 0.0672024971642229 0.253525421233851 0.155073583250036 0.238709070552448
0.016465345973437 0.287272333141733 0.230475459248683 0.269958548543584 0.0303195341591792 0.165508778933383
0.189139729890688 0.0444175884038234 0.0528921764069684 0.377516829993537 0.189266745449001 0.146766929855982
0.0630603592617025 0.109062832084425 0.138574583488827 0.306578901760549 0.220622776153692 0.162100547250804
0.164441304519023 0.193191067964182 0.237262952939573 0.235910215456404 0.116257428835675 0.0529370302851419
0.115611974133973 0.171436633179364 0.226692410545767 0.152970475093589 0.128655411799924 0.204633095247385
0.16892500049608 0.346625083018011 0.000254206850151833 0.117592296645345 0.0828328122102784 0.283770600780134
0.279371023977798 0.0749793257201351 0.313015867228321 0.0297028797272103 0.296043719140199 0.00688718420633636
0.125686759895179 0.248316963909204 0.137277362858349 0.226665375376528 0.209943378247905 0.0521101597128353
0.172847287273204 0.0814076712798232 0.0830399589190226 0.252203425004666 0.216589618060306 0.193912039462978
0.135672854985022 0.0236763637099616 0.246226976007048 0.0796036611388543 0.201755763751795 0.313064380407318
0.0320073926275334 0.277357698248338 0.260449972125422 0.280385912634886 0.01767930719661 0.132119717167211
0.161891045310023 0.10692505085837 0.192123751383236 0.0169646099845908 0.433674352390346 0.0884211900734337
0.184923001997716 0.192979683855678 0.105975741841851 0.204112667567491 0.125081157148971 0.186927747588293
0.258860684208841 0.0561659340154811 0.213048771516355 0.0294707593400757 0.3474347651827 0.0950190857365475
0.136638803440847 0.264827434022811 0.0271952693695096 0.135946105036335 0.252079183892184 0.183313204238313
0.359636554638585 0.115018090119829 0.0337732640246894 0.0531923652212915 0.0918780486854752 0.34650167731013
0.0923507779043275 0.25367772194794 0.0261177013522998 0.441025029460117 0.0143351383707556 0.17249363096456
0.169915248846529 0.125910365722398 0.0426779898655227 0.206752362371307 0.213462855514421 0.241281177679823
0.399207028318131 0.116662791015942 0.00530344777427565 0.0333965447641572 0.00172807612143856 0.443702112006055
0.0305838730541815 0.079438576186249 0.216520766903901 0.295579803305591 0.146510507766346 0.231366472783731
0.191656467449157 0.0485740801823738 0.213304512254182 0.0454712063112992 0.303315920680526 0.197677813122462
0.113434997915013 0.0396651198716588 0.176099841773769 0.315798677628219 0.283173169748695 0.0718281930626458
0.041027081282896 0.218317036871114 0.0298580672628647 0.271633231210925 0.409203504212629 0.0299610791595714
0.136577986269988 0.149302706430412 0.20407666818763 0.129215174850796 0.216099580756391 0.164727883504784
0.175251361817494 0.334833351962804 0.0276138709805552 0.0445234345462835 0.115737015695121 0.302040964997742
0.0697711132614858 0.0930317620508106 0.106987281886467 0.161545916306211 0.314469838062748 0.254194088432277
0.0419682578241848 0.218339409334043 0.23546231846055 0.10349624755572 0.270112514600162 0.130621252225341
0.178141040627558 0.201920367199456 0.00353483933537287 0.274428067973307 0.0667803125456558 0.275195372318651
0.115744918776895 0.353699141241247 0.183755423444762 0.0512101271852866 0.215363334467723 0.0802270548840865
0.00495354172202829 0.222097144059098 0.146656998273104 0.2385317977844 0.306212301637116 0.0815482165242535
0.0328500685143984 0.186096539018876 0.36936330432565 0.218850044915033 0.10587477406247 0.086965269163572
0.0890529427990256 0.216104980735251 0.218328764397817 0.0594467467627866 0.227010577639617 0.190055987665503
0.402658148196076 0.106052568779582 0.2122564558448 0.0388862231338933 0.125485219313382 0.114661384732267
0.15601918219172 0.100342125823683 0.224801742668947 0.261338745285709 0.030861714513785 0.226636489516157
0.118901932749014 0.0254235476127741 0.119715080009186 0.160307122739401 0.372668011534827 0.202984305354798
0.334276426151111 0.346963086257592 0.20759478037272 0.00660882722452683 0.0490889899999967 0.0554678899940529
0.187472029481108 0.295093255833064 0.0627166763823253 0.252551923961913 0.0711015602298512 0.131064554111739
0.12653285668946 0.191523144030838 0.0396698457981278 0.0720134659309902 0.300150026463551 0.270110661087033
0.176049857307222 0.0945405154380323 0.236774695629315 0.28880480028256 0.0911547517842319 0.112675379558639
0.0635027435163073 0.0655533832875081 0.267955077403793 0.174471322173843 0.168357009040411 0.260160464578137
0.125473722697725 0.217234083884976 0.106993926373154 0.0688376483200635 0.245078152481451 0.23638246624263
0.174139148215014 0.197407526011555 0.112510234661801 0.288416303469866 0.0551042244348509 0.172422563206914
0.246575683108364 0.238197917445133 0.0578512210281922 0.0906267322090542 0.198096176725237 0.16865226948402
0.142397182229072 0.01007642962808 0.265876536509141 0.273948505307123 0.284670211424994 0.0230311349015904
0.122715053130426 0.151915490846631 0.09178593382677 0.305161736070959 0.260981908907468 0.0674398772177452
0.171846406184953 0.243487783137646 0.108279643240209 0.0465000590043444 0.0308147273086698 0.399071381124178
0.196013840724153 0.175840177481695 0.185593164549278 0.266066079001709 0.0214078999163331 0.155078838326832
0.133460841096023 0.278216459072679 0.0851815302145222 0.317380215067361 0.0145532831384702 0.171207671410944
0.247191034511245 0.117811658191591 0.193279476415219 0.158392083909021 0.255588810704751 0.0277369362681726
0.100799917544163 0.248906686207733 0.140282606979462 0.06979326039217 0.30895097776148 0.131266551114992
0.0573766500534205 0.180952005199088 0.312024163525376 0.19672177570544 0.150396174437183 0.102529231079494
0.265978204794488 0.0628774251856129 0.217193156265175 0.233922854070061 0.158949434866069 0.0610789248185944
0.236534027541521 0.167298775882085 0.193447760609539 0.290130153309501 0.00854757056673868 0.104041712090615
0.237473648654926 0.129216101187382 0.310295055834347 0.00786210102898433 0.0379073999815826 0.277245693312778
0.0698565571086532 0.133676651319631 0.204797472594911 0.108180560649564 0.282511635349062 0.200977122978179
0.229098704916153 0.016699219073347 0.254833996804186 0.224583740931612 0.00521486787968418 0.269569470395018
0.0264893256984615 0.182119486515601 0.0194790738102428 0.262596956401 0.366714176163886 0.142600981410809
0.329856847187288 0.0133299234781488 0.200415534429428 0.278458116763683 0.140046395694447 0.0378931824470043
0.23006014727196 0.131494670258063 0.0174112704917076 0.198366662951494 0.196531338533828 0.226135910492947
0.228857606812509 0.0663073363724771 0.287923191120831 0.275717139968181 0.0423232085726978 0.0988715171533048
0.196812387999366 0.149162928364612 0.134378010032471 0.184657770554953 0.317190928407644 0.0177979746409532
0.20741187724872 0.122197516651622 0.145322341939614 0.262479099668212 0.229999050373684 0.0325901141181469
0.0261039320672766 0.00257416363459292 0.216609571338322 0.23651713620651 0.265311085894329 0.252884110858969
0.260748747559116 0.1424329505126 0.135788588324694 0.271563496439761 0.0222221886781335 0.167244028485696
0.259946508611906 0.196633819895016 0.0491675794983812 0.164335646310083 0.262890062331506 0.0670263833531084
0.213294590733077 0.121080549074232 0.124247947607297 0.0579612737823506 0.32958915241262 0.153826486390423
0.255883562947851 0.103271531609237 0.212458625785903 0.261029579204565 0.00102352329481923 0.166333177157624
0.240108526252615 0.208732379938513 0.185013447748217 0.191630277785691 0.169887427858131 0.00462794041683437
0.0156911815641631 0.0930023269251934 0.249939425646903 0.241046912738194 0.150497931805254 0.249822221320293
0.157671390151126 0.120516859002009 0.152431749747349 0.248617385973943 0.183634347549859 0.137128267575715
0.218741126880669 0.0342391354259413 0.188037779772987 0.226072140509488 0.214105256196806 0.118804561214109
0.254311639368962 0.173728159069051 0.198358675908652 0.185636552993699 0.123707663218751 0.0642573094408842
0.0286291931072483 0.086220716388736 0.466388919654258 0.162760447511917 0.0667821272559552 0.189218596081886
0.288045475932412 0.255023910574753 0.0949325389697997 0.128952780431745 0.131257278927748 0.101788015163543
0.146390086550055 0.321876674430149 0.0277510937898677 0.0174752571985129 0.294096750644257 0.192410137387159
0.426660731077449 0.0355636042246963 0.00204077016229165 0.225874337964255 0.306658230938379 0.00320232563292883
0.179250401732292 0.141418048018459 0.249077878846939 0.255717205140914 0.0380354967816843 0.136500969479712
0.259846034647614 0.256961791603556 0.0344865522396809 0.0490039996730474 0.265016060471345 0.134685561364757
0.089499189582421 0.0815507094900658 0.321556755164729 0.122110822018656 0.106256470689131 0.279026053054997
0.288781802278731 0.0276613298305439 0.322489714895325 0.0657397232040273 0.023036779868635 0.272290649922738
0.3467573472162 0.0459881772313367 0.174275653022328 0.0444856284031103 0.0719904574764895 0.316502736650536
0.0107981715309161 0.35018538047023 0.0274535653078094 0.193852407378857 0.133953634249098 0.283756841063089
0.0387691411485493 0.166263865706878 0.11074985515549 0.356861828925237 0.25117270534536 0.0761826037184865
0.0110155218200143 0.127748753065138 0.0145887140466724 0.288170821159885 0.352113283315083 0.206362906593207
0.243314343940626 0.0144301103827529 0.0101533027650487 0.184254697092444 0.2772477910054 0.270599754813728
0.171867919579764 0.150408804461351 0.255723600964926 0.279353374081374 0.079963549615732 0.062682751296853
0.0777506338725405 0.271315983140451 0.342375548147222 0.0289040185005185 0.256979311181366 0.0226745051579012
0.105081240967079 0.332305011526081 0.1250179685419 0.313765839074487 0.0980348658401488 0.0257950740503035
0.206176299201651 0.302258291864093 0.0655959906556373 0.233049438594933 0.0844678267603009 0.108452152923385
0.0358277659077628 0.023460992072524 0.0700483852975448 0.0283506802337781 0.313844360194147 0.528467816294244
0.239042455326185 0.178026568389929 0.059678406026816 0.179862378301269 0.139571472293448 0.203818719662353
0.218300871463803 0.257871519862876 0.128535041001852 0.16974371871469 0.0793351463164516 0.146213702640328
0.0940159899783924 0.0901804083708257 0.218422521441044 0.163606864173474 0.194377786689305 0.239396429346959
0.191342082889969 0.236526820626189 0.10457733894336 0.181830826176583 0.283842404102652 0.00188052726124752
0.139436029522403 0.251409526796077 0.0763409219861946 0.122453164265268 0.233919930006689 0.176440427423369
0.179181567285111 0.106714698978091 0.232624427453276 0.236197547102181 0.193230235120666 0.0520515240606748
0.0988532416401646 0.160476932268837 0.368341581983572 0.0996366302182897 0.223359258965732 0.0493323549234046
0.219822091357598 0.0800424866219783 0.0442505014022734 0.00231629018449415 0.357969115852806 0.29559951458085
0.187759544944722 0.25025625158665 0.0714433425640706 0.260913397379763 0.195093284132075 0.0345341793927187
0.0575964439042051 0.0843680921202321 0.105071958635663 0.30089267199588 0.220202673854339 0.23186815948968
0.333558830502742 0.204867604420149 0.0151149282402969 0.0520013891939906 0.256210968939464 0.138246278703357
0.252638066542922 0.0941595212532392 0.1944800696931 0.265151161562264 0.180155201021657 0.0134159799268176
0.0741049999628659 0.175059124290456 0.306621361915975 0.0112851950151564 0.12284859626676 0.310080722548788
0.145669956822288 0.180729295334097 0.143785647370399 0.134284264812172 0.231115174260209 0.164415661400835
0.344942153205771 0.129658886038536 0.274992457117076 0.0595685615922077 0.00551094046213157 0.185327001584277
0.232391325008675 0.0633346556792077 0.281192604432018 0.0452038997394892 0.173999759485431 0.20387775565518
0.20016791261307 0.0740218765541119 0.0238223577398747 0.232480422060377 0.208397942275342 0.261109488757223
0.128840383800664 0.0989502055383089 0.104361119336398 0.206870955045955 0.20180978244455 0.259167553834124
0.115145890786047 0.205205080340324 0.170355295026122 0.151965205955817 0.35512496213955 0.0022035657521405
0.23684758155536 0.236346246716636 0.0960219872637691 0.153091467401003 0.107394571986631 0.170298145076601
0.212882581187678 0.202269248910714 0.101773331204735 0.0306797844997645 0.356333744074755 0.0960613101223531
0.144525989726467 0.18195053490428 0.205180276322975 0.248326003180103 0.0152032192750707 0.204813976591104
0.244748439914108 0.0973512929307723 0.328407129797187 0.0832013944412687 0.158332761260174 0.0879589816564905
0.228818026212416 0.100034691362892 0.185639587435706 0.191457958184307 0.125996844954928 0.168052891849753
0.168299776549933 0.10598488722458 0.301268778613636 0.17453019609584 0.0582747436653446 0.191641617850667
0.348449153797206 0.169622764932113 0.106585047909137 0.210292607929591 0.0199973220041342 0.14505310342782
0.190815042960662 0.230925301897887 0.114340580875973 0.198128537596136 0.162624244382112 0.103166292287231
0.0782042305569659 0.105846301105421 0.215997248616617 0.0377365779328565 0.283638775472251 0.278576866315888
0.252099268489982 0.25360856316851 0.155210336864874 0.155521932041255 0.0677777022188334 0.115782197216546
0.294585224818267 0.19561413256649 0.138156409172947 0.0524438579987604 0.11839174443028 0.200808631013255
0.224859247588971 0.0543161076971307 0.221416423221306 0.157313265864228 0.133597221570579 0.208497734057786
0.0891073470476901 0.0657331810985332 0.13628570310858 0.251910662063079 0.21412471778384 0.242838388898278
0.111641225498565 0.0972416956538887 0.334589330892195 0.0767183727505955 0.328163421132237 0.0516459540725188
0.0286278396555016 0.16877849113427 0.177930011500216 0.0517779691451247 0.149288186591255 0.423597501973633
0.264580750172326 0.117992723085248 0.0493324437287525 0.0412295030747247 0.256897389200623 0.269967190738326
0.298306551462774 0.143337503503026 0.203144134358394 0.12273954399042 0.0439445246782664 0.188527742007119
0.315711857223386 0.241391112215939 0.330834520358786 0.0325328567753349 0.0780901123204179 0.00143954110613672
0.304368504213783 0.04810493532355 0.436318150477414 0.0828174744739674 0.0638920492211618 0.0644988862901242
0.184183445217197 0.19837536904283 0.305279779707295 0.209654669711892 0.0284663075332862 0.0740404287874986
0.173299905377887 0.266201046858375 0.310290552941657 0.0358086074950232 0.12632173497824 0.0880781523488181
0.257577700032446 0.284519549705329 0.105567794839399 0.038950339088199 0.258757859544117 0.0546267567905096
0.291178544389566 0.192259133631858 0.276790641598432 0.0929973314309634 0.140938247206784 0.00583610174239739
0.150015170655544 0.100519351649694 0.0911841057912466 0.236490699186555 0.0995939018154626 0.322196770901499
0.102432821271175 0.162246020635959 0.207237902452224 0.102060985803188 0.226213117739729 0.199809152097726
0.150996747343626 0.181568382126536 0.221589608707582 0.0326864767717858 0.288689774633211 0.124469010417259
0.0661977034235702 0.133956614023218 0.221633768139734 0.191363417828803 0.185157574221854 0.201690922362821
0.0680140483147201 0.247870811502984 0.124202646606413 0.147548489775612 0.0325453157131073 0.379818688087164
0.0833166652703709 0.300833909677738 0.127404795963894 0.176099408993194 0.281940217289674 0.0304050028051292
0.238489023449315 0.0707571482792209 0.137296666402963 0.27369317384342 0.208542312272388 0.0712216757526928
0.0681491271269958 0.184758602533896 0.186225443607346 0.0204459111659644 0.292270163398347 0.248150752167451
0.203001142082748 0.0108019378489859 0.114419498125824 0.237737623910741 0.249583447675473 0.184456350356228
0.0711816647315295 0.134288072758071 0.208876610747364 0.220384582015983 0.146397669581273 0.218871400165779
0.14000281345421 0.0917212580318697 0.305476485095386 0.301976123891634 0.130333994344435 0.0304893251824651
0.0786752865149725 0.0467514276116743 0.0384628128850247 0.502375029251551 0.0789348027654199 0.254800640971358
0.134577765369351 0.329191616379499 0.108568530603938 0.000495498467181745 0.243802357206507 0.183364231973523
0.0586954962756983 0.279944622565272 0.157013851177254 0.24340446830027 0.0977248362212197 0.163216725460286
0.285683046713164 0.0609664065727821 0.376469801274248 0.00152109425482149 0.225794676786348 0.0495649743986366
0.0616891343046588 0.0738378271980093 0.213100395618141 0.245654641432119 0.210855384174699 0.194862617272373
0.232413643748936 0.151708464841518 0.00128339133286917 0.312789737680622 0.280890918296803 0.0209138440992521
0.305747013952269 0.286735653310293 0.117698139883618 0.0666719472409608 0.19652922544442 0.0266180201684388
0.0880518510291591 0.331721509756166 0.0111236525488892 0.131141925761185 0.103628886632282 0.334332174272319
0.0470666315551053 0.204939598619696 0.299456848079408 0.210904752443965 0.0820450571598741 0.155587112141952
0.271373702714526 0.296289291097395 0.180039293145983 0.085692348188784 0.0493096613096906 0.117295703543622
0.0220030623469113 0.352525698688066 0.0402009949515732 0.0309521098850512 0.259281896779213 0.295036237349185
0.259132681772155 0.0274867881376805 0.196723144059466 0.220857188626108 0.0636899190160654 0.232110278388525
0.17478051016617 0.140464471028683 0.20854030869759 0.195559000610303 0.165641308277416 0.115014401219838
0.0284431553374652 0.178512172081049 0.265272381733416 0.093926171753676 0.241270677631366 0.192575441463029
0.0987826896482215 0.141958417922243 0.0748261079116381 0.339680437813288 0.321849808604589 0.0229025381000207
0.179352607652828 0.218068408602934 0.219850987910238 0.155765185946282 0.173938123492182 0.0530246863955363
0.112223444875787 0.188868922412456 0.09151123509845 0.24652759264215 0.160271012354136 0.200597792617021
0.144938373808647 0.215642482938471 0.0932638046871621 0.0749026334605834 0.290731130832739 0.180521574272397
0.181821453398863 0.27626635726636 0.00742332097951232 0.234224575030803 0.122182709878543 0.178081583445918
0.0893306029641379 0.293531732908283 0.0683172725398979 0.342034192614597 0.0446633550889994 0.162122843884085
0.219411692331674 0.00975761662646725 0.215534784403479 0.256465800248563 0.0695984359449528 0.229231670444864
0.115484757459649 0.266711221469414 0.284125013278744 0.0971417912103635 0.188442652191117 0.0480945643907132
0.00724522554753893 0.30446929840723 0.0737220967809719 0.270471805704852 0.137476539205299 0.206615034354108
0.003513536269925 0.0587614332703547 0.0599402006423279 0.332869453732312 0.308061775162727 0.236853600922353
0.205164322654216 0.243285693277513 0.00303316042079544 0.0543938289651005 0.192897034932568 0.301225959749807
0.129642918775053 0.0994636814356767 0.160064990577023 0.272988532339304 0.0373177516313981 0.300522125241545
0.00756889233879942 0.28438424980749 0.123135550905486 0.193717084867813 0.103350592207873 0.287843629872539
0.417198701870253 0.0723045387213773 0.00729389678314952 0.160651725830628 0.300394785308632 0.0421563514859602
0.187499546236761 0.245461454146053 0.125823160992034 0.171154958307239 0.243984317397881 0.0260765629200319
0.108107735706203 0.254967085906754 0.0702636258452469 0.122993466815764 0.21960599776655 0.224062087959482
0.171588456521167 0.219466616751748 0.185570785721558 0.15792446247009 0.0933882444139064 0.172061434121531
0.214343433516419 0.171317404187684 0.0872962487775304 0.209662614275014 0.168821074839692 0.148559224403661
0.0312213134314868 0.302246168448323 0.00163832240310259 0.305951462265449 0.32496692103822 0.033975812413418
0.237090921356448 0.0997486348607489 0.0338568614980431 0.342417025409765 0.12979999993105 0.157086556943945
0.133992164040709 0.077824771378165 0.283474912973648 0.0200734786726447 0.468331267869286 0.0163034050655477
0.142757556397463 0.248320618911628 0.218748995274835 0.266346412785806 0.0738628522462732 0.0499635643839953
0.0998649485765546 0.0783735231976068 0.129761381928316 0.162927484467324 0.231426880126302 0.297645781703897
0.23738585236361 0.0202060373229928 0.361585115839692 0.0411534019471861 0.29434625615873 0.0453233363677885
0.35626222737223 0.0828947271774612 0.0944049244844029 0.256737328564706 0.0313370430459379 0.178363749355262
0.0725894359774908 0.249941176212611 0.285249909663628 0.0634382370549814 0.0513765705707964 0.277404670520492
0.00805169398856053 0.270927280735243 0.0959437460964981 0.348867932422644 0.0690814402686555 0.207127906488398
0.176053352497774 0.154458546869804 0.0252559378039745 0.423971869626695 0.0870649669083601 0.133195326293392
0.152683669809824 0.234455237231103 0.0857195694331118 0.221302687769523 0.190676441239808 0.11516239451663
0.202975116088323 0.160993827554019 0.236927360619737 0.055580870475688 0.10110210625269 0.242420719009543
0.279871577225162 0.0195366428995162 0.30161760305217 0.184279648505156 0.00356078487355141 0.211133743444445
0.196882147113099 0.106718826388792 0.142968978770431 0.197978228734721 0.164375719475512 0.191076099517446
0.417312316655533 0.0678796433153914 0.068335733488283 0.0183556180553723 0.392902188280057 0.0352145002053632
0.234458463738917 0.19367018657459 0.126187999597618 0.0625616111485707 0.135045478727404 0.248076260212901
0.0623549516357197 0.202763616963631 0.28265324306742 0.286444365329341 0.129177082055264 0.0366067409486245
0.0579938569218125 0.0226215834257595 0.411398984995588 0.247742619789115 0.168603815360594 0.0916391395071302
0.206686934212741 0.267868902528231 0.123473385407417 0.144618471796365 0.159181401050761 0.0981709050044854
0.0794783338144399 0.171610109844347 0.273985438918251 0.265901019767316 0.153505221685888 0.0555198759697585
0.215787935237993 0.00595007548353098 0.258663628292199 0.175113933856841 0.218020680666505 0.126463746462931
0.237220146742887 0.352122284730253 0.123278456392857 0.0202244967109693 0.130488767466016 0.136665847957018
0.27279087947942 0.132210740116317 0.188612030917814 0.0105127474014579 0.006942950715573 0.388930651369418
0.124443733281991 0.248456271158656 0.257573306751588 0.0142018519707635 0.253222852923664 0.102101983913338
0.206598007019931 0.158957191990915 0.187494453574407 0.11633559146874 0.118289088862001 0.212325667084007
0.203739654677435 0.360577076327202 0.103753266827612 0.153613433611971 0.0630341293881069 0.115282439167673
0.177271835158249 0.0566034598230591 0.224184059780488 0.225583132350065 0.163430188464804 0.152927324423335
0.0164396644460489 0.175657375998257 0.145741483066217 0.133016383377664 0.278027267827613 0.251117825284199
0.203384320721474 0.231765559377644 0.0848944823364444 0.0370860778939633 0.176122638069586 0.266746921600889
0.137494741285803 0.144268386086098 0.0331031210958481 0.251450959900397 0.147519672693357 0.286163118938497
0.144260762267569 0.0211983277397685 0.242870079626163 0.198320082460043 0.14277901017787 0.250571737728587
0.203638813268753 0.0496933343164886 0.243292292687616 0.145854010941796 0.114615615894788 0.242905932890558
0.000212419525306018 0.124942328760423 0.420380631516021 0.00295673236853526 0.128359061372847 0.323148826456868
0.322161701930585 0.13541021515722 0.233481203562174 0.0783121023221943 0.181956270509264 0.0486785065185619
0.164080811061061 0.0716353022293184 0.15236017694283 0.253442124607338 0.334774504310553 0.0237070808488988
0.238866178949056 0.0510670016472231 0.322415482030488 0.0941269336012123 0.0743235562190135 0.219200847553007
0.0549198251601836 0.00070764371910485 0.185821522938973 0.401429560431319 0.0360725999159447 0.321048847834475
0.0493644282575551 0.0523329191028612 0.402759447299063 0.226465485905046 0.0899390221108604 0.179138697324614
0.378153139654108 0.214980592979841 0.0611444283954764 0.140255493076337 0.0118108794192195 0.193655466475019
0.0819083901385044 0.214495187555589 0.0905523408504616 0.190258649209239 0.192490561376498 0.230294870869708
0.254796352636571 0.319161071598325 0.173246237403686 0.0338922049186214 0.10100140343049 0.117902730012306
0.264711392610858 0.237545781617853 0.221380108029831 0.0490627982113779 0.203581411400848 0.0237185081292326
0.248617645257391 0.203155896006905 0.22936900411976 0.145316568549151 0.114834976043847 0.0587059100229457
0.152313222767308 0.282490198139648 0.335338707900299 0.124492835323442 0.0751716920165737 0.0301933438527296
0.17067069094819 0.223666266219248 0.0674307501412789 0.0435966495040522 0.125449492302977 0.369186150884254
0.0640067040656181 0.203367923374182 0.0566469279730853 0.131063903968088 0.358943382522735 0.185971158096292
0.165682168110691 0.183916718048568 0.26699552951689 0.220407050358595 0.00996748021154709 0.15303105375371
0.217103221664143 0.213785961480203 0.0965423348863356 0.101528986235892 0.155156637954524 0.215882857778903
0.203406943100856 0.0734754808160674 0.179054352633956 0.137350900600418 0.167155978992247 0.239556343856455
0.17345740262289 0.00925881955503637 0.259805057775737 0.0724810526265836 0.188217888163733 0.296779779256019
0.218436936750619 0.184943630388038 0.214413078305956 0.164148288380573 0.207129897235703 0.0109281689391116
0.188005845643469 0.272844644435066 0.0888411807053498 0.364443615959243 0.0153992126984763 0.0704655005583964
0.156842739949711 0.226106287069553 0.16125777763422 0.137665593219189 0.149718601288593 0.168409000838734
0.160181245332007 0.0341989382310138 0.101499731037829 0.289691297633004 0.117898389823119 0.296530397943028
0.208306716691699 0.19918971207341 0.0956777674252806 0.206274894246079 0.232892437968427 0.0576584715951045
0.241900815960738 0.223205218214046 0.0667568752424953 0.17142420130685 0.0804839304472953 0.216228958828575
0.246617686901938 0.295758009900445 0.0726470842298184 0.22700850264745 0.0372425295669383 0.12072618675341
0.145585371456655 0.238313467405947 0.214028579535804 0.0531026686929921 0.219634043326695 0.129335869581906
0.025952137143671 0.284712244074943 0.14672921320126 0.150186773760099 0.150119115564909 0.242300516255117
0.12825602742466 0.360618869898813 0.147107644516653 0.18206852233421 0.145299177743587 0.0366497580820757
0.136349859276845 0.247846822052333 0.106914217913335 0.101550003506386 0.252570451148665 0.154768646102436
0.260184979429038 0.267843352453423 0.0338759388513835 0.19455643383829 0.085387979633719 0.158151315794148
0.291934471177325 0.0298236653294146 0.243754536441797 0.0716054533088299 0.175093660396533 0.187788213346101
0.151384903544996 0.0499471129805836 0.273762793215897 0.141257698603087 0.0670648422361507 0.316582649419287
0.0576201021598265 0.0153142296958766 0.275308210866981 0.281065236914004 0.254591445621721 0.11610077474159
0.00521186953305892 0.204133953974804 0.113950466577169 0.261018250393058 0.274437099111989 0.14124836040992
0.226662849403405 0.0192586465040094 0.23847618580163 0.254020481849602 0.117532565907958 0.144049270533396
0.242434592150604 0.200478309643647 0.126426440107129 0.0544016454053231 0.319490404177034 0.0567686085162626
8.21539984751569e-05 0.0143667769240247 0.0295728336128978 0.396156309401458 0.317951193721635 0.241870732341509
0.0915046078918436 0.149990785717443 0.136912268819162 0.226079663567086 0.217940868911049 0.177571805093417
0.258363836374976 0.111159135599888 0.118713007270601 0.183647933299694 0.0959638134078334 0.232152274047008
0.287850045166338 0.233620935741541 0.029132994478564 0.286154487753746 0.015454422182328 0.147787114677482
0.391284429217042 0.251568622287167 0.168151744018569 0.0256832905002608 0.135375864362779 0.0279360496141825
0.300763401031938 0.013517169996768 0.209894385462543 0.213409404865118 0.182563239012546 0.0798523996310875
0.165858881638898 0.234466525581381 0.150855388683261 0.154591742359229 0.153200485631571 0.14102697610566
0.00977568990895118 0.160200364499054 0.377954100441125 0.183220837281107 0.0224825449033519 0.246366462966411
0.0703493899704428 0.0714690848445433 0.169335674369262 0.213256189919713 0.278260290721821 0.197329370174218
0.110674471226868 0.359685174713868 0.127558991668038 0.174940568047158 0.13932989348792 0.0878109008561485
0.176924064360327 0.0856212472700309 0.438804424862445 0.117860709415645 0.0677528437957608 0.113036710295792
0.0110638492214095 0.307791206935227 0.277029346539647 0.154379630708711 0.225593354353126 0.0241426122418792
0.0340748969706098 0.272356634425612 0.0754118883243761 0.291599622613763 0.028358973604649 0.29819798406099
0.112027203516531 0.112665284404132 0.275418502950196 0.252297762556566 0.160912722037789 0.0866785245347855
0.232170085408119 0.0925096745559741 0.263165042688496 0.157389995078319 0.177329994034869 0.0774352082342227
0.202565336740972 0.188161146683705 0.134930686584932 0.269429583623987 0.0723213503525232 0.132591896013881
0.262280044941129 0.0825854948527745 0.000838074003659224 0.266814655621656 0.131601624664306 0.255880105916474
0.169518541401625 0.201298911102386 0.0846328454706019 0.227531565727254 0.197887097577963 0.119131038720171
0.110232471580209 0.191607333883465 0.27082790720871 0.137584423618881 0.0441103595970702 0.245637504111665
0.159110305844097 0.0391141131058763 0.0550832446269434 0.177669644420505 0.284404086463375 0.284618605539203
0.182531946592564 0.0522883170077675 0.165699742751258 0.137980622284707 0.279848969277183 0.18165040208652
0.252640645474427 0.0553518561831551 0.171476588989167 0.159757105444361 0.0846705754525306 0.27610322845636
0.000308794118204878 0.11050798542408 0.192674613520396 0.382946084767015 0.0901214821380371 0.223441040032267
0.00240816959068893 0.10751542711656 0.322811141049378 0.0510949655400496 0.141548311301483 0.37462198540184
0.117491792302197 0.18963533574402 0.140363538216587 0.19486464259775 0.104408806211806 0.253235884927641
0.158067479913111 0.273493907396651 0.0871350502936795 0.0320302330425908 0.138800570797123 0.310472758556845
0.0898723325501928 0.242256561807768 0.218777103459752 0.183052119429508 0.181161814604018 0.0848800681487613
0.349460074584099 0.0337317616766575 0.117319774859863 0.110151104030666 0.0365689034535842 0.352768381395131
0.115051013257694 0.194979956718313 0.0848539311044561 0.275374720689699 0.280933598018877 0.0488067802109603
0.21158945884489 0.223552975861108 0.199031895890515 0.162606891402825 0.195910045057364 0.00730873294329793
0.0711473004518897 0.249829583751015 0.285946032174278 0.119305452531553 0.241384472921127 0.0323871581701375
