0.103574447401821 0.118887010631309 0.0206405226982993 0.170871047332078 0.0557197670490251 0.159960865428913 0.103927252888504 0.230829919937758 0.0355891666322929
0.133101273268497 0.0851199080666061 0.132624554132001 0.192444243679626 0.179011347486121 0.167364071414058 0.0156889170749734 0.0147884765031383 0.0798572083749791
0.184525820944627 0.061624439333883 0.0349533340738899 0.179337659147102 0.149774056380538 0.0656227157683314 0.179324403482085 0.142081423764914 0.00275614710462955
0.00975364608024975 0.109072553711164 0.0168593331124597 0.155159258038259 0.172917301571548 0.115196369109481 0.146612299727593 0.126616613634461 0.147812625014784
0.0243134718456074 0.0228306575585552 0.231028589208808 0.0800304489638438 0.230233133882225 0.202316339991288 0.0581202942555825 0.128173721441801 0.0229533428522878
0.100779248091801 0.161907419920905 0.00420666761813706 0.19803929180626 0.00503927001351735 0.0531112142202231 0.118022275733337 0.206246277214426 0.152648335381393
0.0957397950924743 0.110059569881836 0.182635273298012 0.0228646372551366 0.17645723749953 0.0750089293604965 0.0599393660496294 0.213448285077204 0.0638469064856806
0.117408329991511 0.187270949866596 0.0154487203794785 0.147653549881579 0.127593278349668 0.0948318814688408 0.150601600179428 0.0107886443479905 0.148403045534908
0.0405710095288255 0.094623167598175 0.114441716581093 0.125478545318449 0.158275438071431 0.201931847925804 0.122451930950227 0.0399201676741221 0.102306176351873
0.0138442392927166 0.000600207440465328 0.018332044234433 0.0112104686034672 0.468236821604727 0.249781410774374 0.0154867105559295 0.205038737972062 0.0174693595218253
0.11481044228096 0.164047442471558 0.0661907293701374 0.15466792163856 0.0468301203991122 0.172940607294688 0.0867768509585589 0.109560669791103 0.0841752157953219
0.0872966456877213 0.0739251617355798 0.165671438983118 0.184143160580233 0.177262246566864 0.0466805462781256 0.00307468737668895 0.16654983023633 0.0953962825553397
0.148282107809787 0.156017459307545 0.0232584652287 0.0891589974328666 0.0423952219513042 0.149168522594723 0.189044449766888 0.0365620162681784 0.166112759640008
0.108958857456976 0.12024456049947 0.0776890805530026 0.133259362925667 0.157065007248501 0.103829901158302 0.14222010446798 0.0911688858367783 0.0655642398533245
0.11743485662292 0.120705670179997 0.112237830820684 0.12509274812904 0.11020270960891 0.151353338978021 0.151350695583756 0.0481532749869269 0.0634688750897448
0.0991459799228512 0.161901650686088 0.18298505525066 0.136614089437212 0.132899854174709 0.109042488772255 0.066735253263296 0.106025575107794 0.00465005338513455
0.00507868010296093 0.178526574624925 0.0390590364622493 0.094107848220504 0.158951676854836 0.152153858209676 0.197868940937312 0.141165623370722 0.0330877612168139
0.149169635007424 0.0461589514837305 0.0887970646924989 0.131799321513998 0.17618695014565 0.169697619831708 0.164923358818573 0.0686717180629914 0.00459538044342511
0.11037794830457 0.0816736376723511 0.102256662372449 0.108643452123922 0.170560162955731 0.141592614976417 0.116826540279161 0.0971484244022881 0.0709205569131103
0.0636166733469526 0.0254892107773952 0.12088750482132 0.121595119710678 0.213086572573922 0.106165450656015 0.0404341597026287 0.172505519357464 0.136219789053624
0.0279090270399345 0.143911478536545 0.144797239870056 0.125312335786417 0.0280705375463139 0.167935967610375 0.169006906280968 0.133884509897469 0.0591719974319204
0.168096664616925 0.0356602618589552 0.116856227627659 0.0905080461688234 0.0862637534166133 0.156826681449579 0.106115992723362 0.12323699641571 0.116435375722373
0.201153037095798 0.12190242136458 0.225771888666818 0.0353648689600943 0.0587655899440278 0.141870057609196 0.0221765944325128 0.10476854769865 0.0882269942283231
0.0234500284587391 0.225848796022257 0.0519790468021232 0.117563327753406 0.172229633057144 0.196403699269287 0.0744660955752663 0.0830823764916808 0.0549769965700965
0.123218101797872 0.186799595641618 0.0443754021368588 0.00625679255581618 0.207735354521698 0.185771337926829 0.0603230796967893 0.0104018512616304 0.175118484460888
0.188458154089047 0.0180941030146961 0.149623331297963 0.0618996526757958 0.182415214623896 0.0705027134017321 0.075145685992612 0.0818829332106943 0.171978211693562
0.0992470062785569 0.0881150856018407 0.0237584288755893 0.110572477336831 0.157560938836855 0.162203806373552 0.129084884562695 0.159086347937279 0.0703710241968015
0.130556132654056 0.107872364032705 0.0939462725397668 0.0110051385530254 0.332554644372993 0.0137766549662777 0.0968905308525034 0.0464099539001764 0.166988308128496
0.107918133885132 0.00562841030755469 0.0323590402783237 0.154986115616178 0.109464615391313 0.0322210799777892 0.238277788855281 0.270245906490637 0.0488989091977914
0.0991357225748877 0.138530491834213 0.131559818834119 0.0920527178971641 0.0214210026846535 0.17467095151275 0.179952831338841 0.0895420599539518 0.07313440336942
0.00228511712318751 0.0851375801929962 0.169330329891398 0.147332224167689 0.142602520312567 0.065591777297878 0.193465023342196 0.157003139776411 0.0372522878956778
0.0930895011037142 0.0624201956154389 0.030766566563001 0.202889123489653 0.195845296601098 0.19144503483043 0.0735056652228068 0.102080195903226 0.0479584206706316
0.272669987360611 0.0108714162309921 0.0157115123531614 0.344740326204763 0.000903223782873913 0.0607230773092199 0.159569474616996 0.0994554637800748 0.0353555183613078
0.0325147704050217 0.149594804711256 0.1788433639977 0.0517596868576789 0.10340448986932 0.168981998392742 0.10378407711959 0.16692069972458 0.0441961089221123
0.176363456836261 0.0452650372000649 0.110004071886669 0.167814787383331 0.0917583141295594 0.0671545080228274 0.197643087162712 0.109761080111224 0.0342356572673513
0.0994818797685683 0.01483938332965 0.0739374573947595 0.174746299971372 0.00483212564657845 0.0281973706167703 0.150814555812061 0.232362178679277 0.220788748780964
0.235098215116387 0.00394367736391836 0.133292988114035 0.166427853074197 0.166659771958188 0.0706247214149449 0.0443565223399839 0.120731537774691 0.0588647128436549
0.279547502974761 0.02509031030135 0.0465226619484284 0.097489702535028 0.0393021949498018 0.104245551073351 0.0461847068145526 0.225057222391821 0.136560147010906
0.162402847708301 0.111753752555145 0.133130013659652 0.148847842566926 0.0204804998062244 0.123610692353138 0.130095033388847 0.0742775050150026 0.0954018129467654
0.0845055642643169 0.235147393544234 0.00812633386484835 0.0567848603005557 0.0994144046125646 0.192240562476141 0.093600020715311 0.190904117804125 0.0392767424179027
0.0975301535805321 0.229765642286567 0.036631351213784 0.0115833809069927 0.00696492475459575 0.253022537120028 0.146526050474089 0.147453892580737 0.0705220670826743
0.210908567197751 0.147122476221922 0.0182778765476987 0.0522888621241142 0.0274843468205348 0.10520991682095 0.0222456543474036 0.18536655582036 0.231095744099266
0.193614566704001 0.00693049104993336 0.0196921347309646 0.16916999887894 0.209658053112153 0.116113187068799 0.126303078820132 0.00079491009403102 0.157723579541045
0.0536231531575664 0.182458457338176 0.0301265589336064 0.191998816092685 0.120274259183567 0.0485959504166567 0.0330905331993069 0.132815405195036 0.207016866483399
0.0823913088512708 0.176123592794356 0.230182165918876 0.0200821358689583 0.149772351651589 0.0159999977322332 0.0801035931196164 0.146633826587316 0.0987110274757853
0.135533135620872 0.0331882348131458 0.0574770457295403 0.0942542865317892 0.0494006288812095 0.212075740705117 0.136328406377471 0.0363073979806061 0.245435123360249
0.0681440591645291 0.12800526795153 0.0244692014905505 0.240124650419324 0.0148988284666752 0.241347598613478 0.176079658584432 0.0944140377600594 0.012516697549422
0.0777666540218166 0.12511920416374 0.0963335625156063 0.116762513738519 0.207468963196755 0.222753027404431 0.013224752889908 0.0418917979602275 0.0986795241089976
0.0622688107012373 0.0952450378293055 0.168514841043515 0.0771701436969362 0.132818122480362 0.0277724115423123 0.176095088973706 0.0315371401713165 0.22857840356131
0.0387389574257925 0.0111479355128247 0.0475878005684883 0.105446994662818 0.0375519151651071 0.200229482305456 0.0411695468777668 0.27040007852422 0.247727288957527
0.148790872206636 0.0287532453099589 0.154860511112521 0.163138558523726 0.107372724890644 0.0846191534870898 0.087547009719579 0.135379387604101 0.0895385371457454
0.0108906499505278 0.0208091466342461 0.0865643777508169 0.0194644212385479 0.0810061895578399 0.157210128257598 0.184995177721831 0.22945231558496 0.209607593303633
0.124375608132646 0.0707931821851111 0.0222537909343648 0.146667475417412 0.126536811573344 0.0886352542726676 0.140155839618015 0.179602938634595 0.100979099231845
0.0456703930149541 0.256940837031567 0.0236668421249 0.079562123895716 0.132056874425272 0.0838729607976121 0.222299709706791 0.0563663966225332 0.0995638623806549
0.145092910818155 0.00972395703390925 0.109283815613162 0.126842697383205 0.0257179538951184 0.101675993696662 0.125042320528992 0.176786239564528 0.179834111466268
0.11169094188913 0.0480689383638109 0.0321502423715179 0.013558260581085 0.0160733642068702 0.138720060259793 0.211946581515687 0.149250401933953 0.278541208878154
0.0364328940083046 0.00642230530740635 0.149263022163204 0.0875645675582196 0.104377650686559 0.0818897282417776 0.169383660428437 0.199832525062628 0.164833646543464
0.0682286505706621 0.140919308536524 0.125073739833546 0.011177527294602 0.182497218955711 0.13659916153853 0.133616895878089 0.0320948176261963 0.16979267976614
0.117597521724286 0.189841241852382 0.0630422204898696 0.112573748208947 0.233469557373066 0.0335143184852234 0.0471732280951099 0.128049764035434 0.0747383997356816
0.174585231096247 0.146499685905191 0.0373436034034404 0.0950074378112699 0.161129684529742 0.037922331455453 0.176528960461366 0.127084030117223 0.0438990352200664
0.0656943270999851 0.0774749794454075 0.245202610516937 0.207943885342715 0.059326932810793 0.0744253526583836 0.0411663945505804 0.0861030096683783 0.142662507906819
0.0145375090848951 0.0326198950216919 0.105310745686761 0.0685495188608837 0.13056261954612 0.130036996771639 0.203922224150521 0.134531522851752 0.179928968025736
0.0333370771933248 0.1809280220302 0.184452194819736 0.145625358117066 0.147099399078913 0.0511105751842404 0.0585164070050208 0.0855521703856144 0.113378796185886
0.215304597417723 0.038074224409427 0.0322179383505398 0.055745440549491 0.158726286279699 0.208287211939768 0.0838506776153868 0.170313426299484 0.0374801971384813
0.156682212063573 0.119563463851125 0.134100359920741 0.00572029001060293 0.0324198914096233 0.117508253392086 0.153353543910876 0.243351692323181 0.0373002931181915
0.0194722940186837 0.230641252173612 0.0586257330245032 0.126045213877204 0.228725593564227 0.0755143747423755 0.0251919415414068 0.0408239983244653 0.194959598733522
0.00805343037256425 0.124050359230064 0.0860419204585893 0.0900311564330263 0.157216904339224 0.161688228513777 0.181211982246608 0.0509723413083078 0.140733677097839
0.029858197222866 0.0382941919246151 0.189456484799146 0.000497898558274947 0.139087521591739 0.181265928773942 0.090909689534155 0.117376919880088 0.213253167715174
0.248925777056577 0.036287601901945 0.2015827237484 0.126814554336182 0.0482581235849333 0.178793595766882 0.0361921021811556 0.00358249059003125 0.119563030833893
0.114567403606071 0.0629813353122924 0.0930752800474926 0.0944147205733209 0.172804600862962 0.148419028016795 0.131036530701716 0.114875369877783 0.0678257310015673
0.20920235516892 0.222879415753408 0.0301229890206942 0.0703099376747421 0.117715864208602 0.00833207837604081 0.0862473583145246 0.099638036176174 0.155551965306894
0.0150187514595127 0.0988711775642998 0.296021125746128 0.133460852237868 0.0328784449670955 0.0913008904055005 0.110794944712133 0.0511911684589959 0.170462644448466
0.105138850711791 0.0430267489207947 0.0674788592531767 0.149029087506198 0.191693138244749 0.153402448898848 0.136636433976621 0.125440693789036 0.0281537386987871
0.096368531818807 0.164688472130472 0.0628407333631921 0.12330509609478 0.00744455280107733 0.117268410324818 0.105167241943002 0.142882890302831 0.180034071221022
0.0498236511054913 0.0306969923043854 0.00847092605697278 0.0877089748407426 0.171979692379267 0.216368424583658 0.190377871773178 0.00814722596185908 0.236426240994445
0.103543647644222 0.000891438263761836 0.227631987825259 0.11233326980906 0.0189884792671161 0.0786234703230532 0.191227778213941 0.106346025640004 0.160413903013583
0.103520515033536 0.168666125879724 0.133672343224997 0.126652859506941 0.0339467538520253 0.0999510044822599 0.0817446741346176 0.133648944866727 0.118196779019171
0.0667492890838145 0.222138434609311 0.115524433872734 0.143328405243695 0.0160616873880953 0.107111663088369 0.106521370179587 0.0816436226038086 0.140921093930585
0.0641360089741558 0.167645824357982 0.157179601401895 0.10222099039243 0.182596716597307 0.019401649819513 0.00918239244450146 0.196064258003105 0.10157255800911
0.146301436356758 0.0894141924435023 0.010782162511039 0.132204041342664 0.0490225535423541 0.171027708086031 0.0268863388787249 0.184076000569565 0.190285566269362
0.0984720892585699 0.135522858714325 0.15756877741174 0.100178235263175 0.157125906468821 0.151794099433111 0.0288625855465254 0.105748270951194 0.064727176952539
0.123964247511018 0.188192302122512 0.105561534239391 0.103193051846889 0.0929578673250433 0.0335018372519004 0.115833458480645 0.0101265862702816 0.226669114952319
0.0200237593505633 0.223257885611284 0.141222118240078 0.154064814246897 0.19055168138311 0.0280174944155849 0.0251033423671437 0.141205769645487 0.0765531347398513
0.104113900541412 0.144733062985414 0.0203975310334975 0.0242775045499682 0.185327908284503 0.147766419364393 0.138243803596183 0.157809184397259 0.0773306852473708
0.15876278743045 0.135128119576705 0.12484420391581 0.170703063021493 0.101532367420344 0.150128064753752 0.0382166867505558 0.00505161455831286 0.115633092572579
0.0191977773951474 0.137176520822258 0.12335982137954 0.140287729614307 0.107261844705189 0.193178996365596 0.0409988563549091 0.160076472580299 0.0784619807827547
0.00755903157819073 0.105067749720143 0.189573220128849 0.136443924082849 0.188714009349891 0.206083807472544 0.0188070231720674 0.069812112254728 0.0779391222407386
0.106104354219636 0.071665786974022 0.0893672924247886 0.107202896513379 0.0733447100570229 0.187338132797619 0.171187561210212 0.128171585150785 0.0656176806525351
0.0688298508955432 0.048678694117668 0.0389206244205445 0.172955016576181 0.159507362066302 0.263864032096365 0.00228558712555176 0.115919111264456 0.129039721437389
0.122043013143605 0.0456087300579248 0.0594650940443932 0.0388463185514948 0.251639465759386 0.0614043956285811 0.221179014960599 0.168856253630349 0.030957714223667
0.0661899536978343 0.155982255897102 0.123558953923376 0.156254600958392 0.0241001232722939 0.192307039276008 0.0955743489045177 0.15893984837118 0.0270928756992958
0.158907595443331 0.0727135012213431 0.220650084137656 0.216889025081179 0.0584994689910045 0.0448956941732366 0.0176392684456134 0.186019856635409 0.0237855058712278
0.019897582775758 0.296831427670326 0.155052904344552 0.211858734402725 0.00860158590606465 0.0905096645486207 0.032853412002182 0.178658600577621 0.00573608777215164
0.0407956421401393 0.154142287950573 0.104573465992377 0.141147134245604 0.15626933152219 0.108760702856844 0.0856864249987801 0.0615702537935071 0.147054756499985
0.0749561316667598 0.123247301418045 0.145326960116769 0.100103915736904 0.0978007716361137 0.149856421437514 0.0669746426150431 0.0762366020454206 0.165497253327432
0.130105920875363 0.150418651761993 0.0506580752397592 0.0341471911063258 0.0581707943313406 0.149986028091415 0.105983396460051 0.156698752624504 0.163831189509249
0.0233145020989279 0.0834633308572042 0.166245272810729 0.128754911823041 0.138896080249761 0.174628582306147 0.143913667155565 0.00740677119271859 0.133376881505906
0.121545792949619 0.154405722380011 0.0521068375762059 0.232088718782585 0.0224486244112076 0.0269259806996071 0.216065354408501 0.0109754153286156 0.163437553463648
0.13990415527621 0.160124068233201 0.11581329495227 0.0111506657816336 0.142747991213614 0.0978600007869941 0.0563353181290723 0.166518330535318 0.109546175091687
0.0519947925562912 0.0147618650998868 0.0277186302451673 0.170863017042307 0.164375472402123 0.142187114208809 0.12783743111977 0.143595725625219 0.156665951700427
0.0938276095608436 0.168837910399765 0.0844158723253568 0.162305054827619 0.129299732301319 0.0222652604476105 0.146117063083192 0.175125145782837 0.0178063512714568
0.217371171015935 0.015659694174088 0.144981120135033 0.0873302774016987 0.00352354878736315 0.136981712602334 0.230580989770513 0.0462960784528819 0.117275407660154
0.17499084991164 0.176896423735984 0.0592574411055282 0.174958496725326 0.0846968298799981 0.000673807166425561 0.13993530093433 0.0271084085241956 0.161482442016572
0.0880295564068341 0.0324821287485269 0.0070676041180264 0.0850432120452212 0.0218939858259405 0.121823814624987 0.15875034780472 0.155094515337937 0.329814835087807
0.0479990645948855 0.17168748737019 0.100486132428414 0.070371291219739 0.0907984765127746 0.0837052532339751 0.150799935213506 0.153101062439184 0.131051296987332
0.00270846038281489 0.147063309438873 0.0728156242744459 0.10810670871056 0.211891130694183 0.049860184435974 0.205148256341274 0.155449746804451 0.0469565789174246
0.0274368574567145 0.0940408358374482 0.159602391054811 0.0320350157155755 0.1804179737128 0.0281608661959772 0.181396710042881 0.130667192944953 0.16624215703884
0.131019313313581 0.136354503870104 0.115965100824332 0.0801285891037435 0.132220623146465 0.10042662479301 0.0647396043479202 0.128267939418683 0.11087770118216
0.205121932892608 0.104589454359704 0.0758597929956556 0.156341187088593 0.0371923444792988 0.0925858870924583 0.0324430093145953 0.209077581170052 0.0867888106070348
0.036889408805496 0.142959764602264 0.0983274113249815 0.027189992512438 0.258872657087327 0.0767442308216907 0.116532290963028 0.227826767277331 0.0146574766054426
0.068424974563907 0.0791836556771883 0.134683729118769 0.140560483060369 0.0375360380118194 0.161530405963711 0.171327795528635 0.139227853869249 0.0675250642063512
0.199825157312083 0.185087097074408 0.0650586768798292 0.100110916431885 0.202341192739244 0.0179514451589227 0.042157678955921 0.0723859047453985 0.11508193070231
0.0261664153507857 0.104100471516979 0.0229883668383992 0.191455428303265 0.183680938775328 0.13570846697558 0.0523480983570045 0.12822795986034 0.155323854022318
0.11316885636275 0.09552995734147 0.0756940960666705 0.151896073323765 0.0835597548748945 0.111683574115664 0.142060741790015 0.162611407054216 0.063795539070555
0.145618674850009 0.140151508525405 0.0176881402227315 0.134402014600795 0.119967872380767 0.142858388022656 0.102863911335155 0.150184410265775 0.0462650797967068
0.0511948001230987 0.0870973214139158 0.121611593791344 0.137163591097936 0.200093542998684 0.0113101232091288 0.0108150697982735 0.176033671836134 0.204680285731484
0.114117183387214 0.034191295623416 0.0241293245997364 0.0145871013993723 0.190988134757414 0.252506821990088 0.054789124089327 0.231925547000537 0.0827654671528953
0.145866171558866 0.0083913084150362 0.163874446188745 0.152576133462577 0.0816636904040063 0.176143228471415 0.049409109017113 0.0635548739829087 0.158521038499332
0.0655474004823652 0.202132947577744 0.215092413185574 0.134905014698246 0.0330251972628078 0.104537891749448 0.0095599305756781 0.107444674799044 0.127754529669093
0.00313518868368798 0.0165805477447846 0.0962256259847566 0.15186798169162 0.141761170833235 0.131595054263028 0.190647831318589 0.211400268542815 0.0567863309374837
0.0828298184637576 0.286739431486695 0.0218858154978021 0.0240578612760553 0.143344181583902 0.158766562888535 0.0359169711951099 0.16810885323053 0.0783505043776127
0.197442007456709 0.211049663250987 0.00737683351533191 0.131859265687338 0.0439369829404098 0.0918241392428488 0.223964080770451 0.0140024904848966 0.0785445366510282
0.149277220942469 0.14281021504122 0.156961426415882 0.122156903557797 0.0979293848412691 0.188384084647318 0.00616534983003143 0.0555488082597042 0.0807666064643094
0.0479243762730642 0.0764529608125785 0.220448712814784 0.112575857068554 0.0609731513693365 0.187012174391534 0.00485861824092061 0.0973737935427881 0.19238035548644
0.24345824810741 0.145443007166279 0.182779637762193 0.0320335973280267 0.00492147273255133 0.0555380946458217 0.166768048144563 0.10291833259763 0.0661395615155251
0.106628039911898 0.183041941890813 0.0825288729744786 0.0833230245793836 0.105724153181689 0.105772713722135 0.148723620924383 0.112755198134732 0.0715024346804887
0.0736154343625605 0.0709106699066717 0.102772270667839 0.196950404085742 0.171725970710779 0.0443583965905176 0.0473799013020033 0.174709385709315 0.117577566664572
0.0686050951441104 0.0626879982155354 0.13103585368267 0.149462576354773 0.0480053582436691 0.109023899531548 0.182344865973001 0.187133216179997 0.061701136674697
0.238214028550772 0.00657311527868448 0.179766880060034 0.0880655635898051 0.0613302546897927 0.138453175548568 0.0561420717799539 0.231144728364918 0.000310182137471652
0.125753041619252 0.129678037575149 0.0727925035096029 0.0049427557115826 0.139818616298135 0.0467636770438958 0.167929871934072 0.156953639073968 0.155367857234343
0.131118986046097 0.0980340718123302 0.123764651122284 0.147166424592722 0.200122075431704 0.0843211426840802 0.0384164502654908 0.101922608918166 0.075133589127125
0.0598565004053902 0.139164202213326 0.119184175844347 0.197915948991463 0.211482563631964 0.0232636766888155 0.10554004405971 0.122476584599549 0.0211163035654345
0.100740681866723 0.166275405151924 0.275931544034962 0.0698912689831054 0.0435719799777882 0.134999575272332 0.0201651841495537 0.0954582181872435 0.0929661423763676
0.227714223694988 0.098173755887915 0.180826962183041 0.0334590313854502 0.031172037100803 0.114789277307067 0.0618536380439722 0.165716304636953 0.0862947697598115
0.058810567417777 0.357327692516251 0.202162468204558 0.0926088865842968 0.0249224219667834 0.178525578730819 0.00847839654920554 0.0251166539393305 0.0520473340909783
0.117362559393066 0.0340318628446459 0.13822711245118 0.272515313178191 0.0970573078630101 0.0989449949257901 0.225161809095563 0.010044554704366 0.00665448554418801
0.120571490920058 0.0515167394028577 0.199728785318046 0.153886312724085 0.066988234415197 0.139287024977021 0.00686974187488824 0.0890865884703029 0.172065081897545
0.0720671534615117 0.000476490870529943 0.0651078420839354 0.10534894608386 0.316272955606263 0.0893376694200743 0.025050417841964 0.0202753914133409 0.306063133218521
0.0915916433353153 0.214597950129334 0.00979281261832096 0.199262074918777 0.134486890424815 0.0649871002619902 0.119988049746389 0.0570754542474879 0.108218024317571
0.101514142325093 0.165205066301673 0.132648816111126 0.17534195014822 0.0643549766959563 0.0358427880168937 0.0502782251840978 0.130424293145772 0.144389742071169
0.149314023706511 0.177423095563901 0.280925099047897 0.00602934370358621 0.271438921900209 0.00513003196497034 0.0492025134261987 0.00147181757205154 0.0590651531146753
0.0463584446001961 0.191114916948799 0.0627722378150785 0.148481303937844 0.0302999576796028 0.217843818844631 0.0728206262188927 0.031575707722286 0.198732986232671
0.0112417264880882 0.266310655603092 0.191316910782305 0.0319474244273844 0.194664742738227 0.00737565932792106 0.239441561799591 0.0242967292701196 0.033404589563272
0.167770020546491 0.0581017804531948 0.134613505397486 0.179436706693083 0.208345736056584 0.0950039517683784 0.0918543998954266 0.0267936121713859 0.0380802870179706
0.00581998752016837 0.211180330387099 0.0256866465484125 0.212828482306608 0.0150455429891049 0.109885894575387 0.16367871206156 0.0799295577418626 0.175944845869798
0.141447963339018 0.133955803830205 0.242800349838327 0.110252724308855 0.157944897363494 0.0935901189596429 0.0858717539183333 0.00586355403615485 0.0282728344059693
0.155417391549055 0.04326330124399 0.109171201982585 0.174727328947792 0.142183843317088 0.0772430708962352 0.116822829267517 0.180090788687527 0.00108024410821078
0.128871449168219 0.081342982516859 0.0244143133931097 0.208834531397063 0.0176818891426389 0.18622103269528 0.206176526669253 0.012382627969764 0.134074647047813
0.132340752455047 0.161402831594782 0.0684346644874174 0.168817976903142 0.0312257135004843 0.185797269189527 0.0926771650876949 0.0877293033370556 0.0715743234448502
0.206970553985575 0.0623497804694934 0.0887032512823829 0.0128195803254203 0.117649863587747 0.185568131959355 0.136888164046528 0.0819261502049148 0.107124524138583
0.0822303634075192 0.109472496230452 0.0832541791483599 0.147837173654357 0.0842468714926262 0.0950121592251923 0.18108382216752 0.0589070636567867 0.157955871017187
0.162644898070117 0.133058480135617 0.0467264213119308 0.162870122380737 0.0564346661093221 0.178595430972659 0.200541510192052 0.0410729225534946 0.0180555482740694
0.166467009577129 0.184144884318399 0.0772905820126534 0.156836229893427 0.0713483332839847 0.181097081074517 0.0744755592327747 0.0713760543370754 0.0169642662700389
0.00979586402786363 0.226867722100886 0.165562165513746 0.0965268604826339 0.00906097739945482 0.142945151682911 0.238947489464797 0.040714268160348 0.069579501167359
0.160149367907873 0.0403792229032924 0.109062765453901 0.149519434802459 0.0287962332603907 0.129548275177038 0.162082011412913 0.150619746868231 0.069842942213902
0.127460208524228 0.166199909247976 0.122913662333211 0.110005863701944 0.149198139617605 0.155800752569061 0.0869492618359442 0.0598100579470305 0.0216621442230006
0.00248484349330791 0.133009104098059 0.0839454216581068 0.171843204293067 0.0839680519045711 0.130159574204484 0.0828940031386838 0.116808324052205 0.194887473157515
0.159319514974704 0.0566664289673201 0.110502747142893 0.149138598459876 0.147775833863525 0.0713516836409148 0.229027216187735 0.0729255306241828 0.00329244613884913
0.0331998428762812 0.186489887729389 0.0101500948292643 0.066820629099976 0.150015821196752 0.0403186432855778 0.225105066398509 0.177099147382284 0.110800867201966
0.0734120650673723 0.121054124807204 0.0655583747037189 0.145538887217742 0.129671591132118 0.0504613505812427 0.159053159623264 0.128109891416248 0.12714055545109
0.0229183718912375 0.145333862522802 0.00889922818507639 0.0642618538270872 0.114226545326362 0.167314500607754 0.163495863926764 0.157367683301649 0.156182090411268
0.136178760403042 0.151436868815438 0.156321640592755 0.12174648942075 0.18495566170907 0.163757611079706 0.0165817132077573 0.023905308759368 0.045115946012114
0.125848910221937 0.114047213843103 0.107999431627653 0.0295967957123801 0.200984479626492 0.164107129544222 0.0258865022573233 0.148715406212833 0.0828141309540565
0.0254780270838245 0.128140650747665 0.0731863369120902 0.185229370264542 0.132225644352355 0.024978723378096 0.196829329098584 0.0694936368024125 0.16443828136043
0.0640541493644038 0.201430458984007 0.0568225598798025 0.139968231789837 0.189789503826607 0.190819049364727 0.0272762804030419 0.124621678477459 0.00521808791011489
0.0878970141977647 0.220296648427194 0.0517062134323446 0.094189352923772 0.0689586202548993 0.0971370331591976 0.199889156299355 0.0951539050665161 0.0847720562389574
0.206409063325605 0.0575617918372555 0.0388867604406449 0.0415698384411696 0.0549158161084781 0.20210360910332 0.121996267453605 0.237286831096926 0.0392700221929948
0.0560459199954015 0.151185052904175 0.127674390557487 0.185496837910698 0.00549948318172423 0.169068716175249 0.0744474226919221 0.0693492233124155 0.161232953270927
0.127223294730382 0.214997739953905 0.0993520152141506 0.125358804527699 0.0437637245975634 0.0280179231077907 0.00891919259262842 0.182116946012298 0.170250359263583
0.0612336513702342 0.129053621755426 0.0567733670601968 0.170196913306835 0.125523843163569 0.171537847728068 0.125585640262204 0.158358260797327 0.00173685455613972
0.197706665522909 0.0811442211066374 0.0405429031854313 0.151115123276504 0.0919411760216385 0.170396895794349 0.0866758485603284 0.159209165573616 0.0212680009585863
0.176469196893966 0.143275537146239 0.024444293526727 0.129935310458136 0.0964032843673348 0.115278408478237 0.135490415334481 0.0350566181215052 0.143646935673374
0.167731678484076 0.0270477492865697 0.0429109421638982 0.192176243734995 0.132765086647507 0.0795958894805257 0.0985710200107134 0.112530563472459 0.146670826719256
0.0337902925043235 0.199657027090575 0.110175628640318 0.0174050562093481 0.181172453652453 0.225308952591597 0.0241209760518894 0.0196245939488183 0.188745019310677
0.121828823025309 0.0488554933099121 0.11461076081251 0.00556745497201626 0.171683469369858 0.0280700957116536 0.157819613240869 0.161261706223013 0.190302583334859
0.153278602203647 0.213353106184558 0.087681923923457 0.0946184641917969 0.0563988627685853 0.240907242280596 0.00962081837740699 0.0558442274382468 0.0882967526317056
0.0796565093815601 0.250568071604676 0.0666317039321272 0.0508577807871554 0.164936722726661 0.049547054156598 0.0583842449223113 0.194945768039191 0.0844721444497197
0.155872385766261 0.190195454641039 0.096242165711054 0.0648768672300624 0.075990779991356 0.206606526289884 0.00302112055754651 0.0194145764081242 0.187780123404672
0.164048805104365 0.219301495597353 0.0957296294496639 0.0042148838413757 0.220919150828733 0.091730403153247 0.0403745471781876 0.0817223510038918 0.0819587338431832
0.0886664435305391 0.176902743760467 0.182426154711984 0.0674103393041298 0.116061000144508 0.0352154749812137 0.0526553517828977 0.19892821044444 0.0817342813398202
0.0331185186836583 0.140131312882579 0.0350761104820821 0.173854679233471 0.153323925275125 0.0863741631876194 0.207798573329014 0.0162110069633899 0.154111709963061
0.0310766058023136 0.0771632235048869 0.128106392729298 0.174641575713417 0.196504491761651 0.05232404189024 0.0183854910925894 0.227488884347369 0.0943092931582354
0.00512125041257344 0.183306722176933 0.151942280901947 0.00911375904682375 0.184993046954093 0.084538119133083 0.139334524415669 0.0423470301158833 0.199303266842995
0.049527358560578 0.117086787027034 0.00430497348123907 0.215696947660936 0.107358325880652 0.0293769347524435 0.133957148205531 0.216023744044286 0.1266677803873
0.147665208633697 0.123703517685994 0.0716156342663271 0.119869627466292 0.0983618614614511 0.19098912915743 0.069761213374752 0.157854738334028 0.0201790696200298
0.124874608384923 0.140187137552538 0.175813169772557 0.151172984764359 0.193027810715998 0.053196975626469 0.0403152035327477 0.0264869642304096 0.0949251454199987
0.0910402935340221 0.0839954004020877 0.114841362890882 0.02428688970705 0.101285140539066 0.144413773517403 0.0740366291195124 0.309271246633232 0.0568292636567456
0.0458753265503537 0.0120060712849883 0.141836590920956 0.111869032353175 0.225495385574074 0.196576030903473 0.0771705036303198 0.0992913869686244 0.089879671814037
0.181607630733807 0.0167308389552244 0.0432088665707362 0.199611720266318 0.0265302763249505 0.167806286695188 0.159368178061627 0.137463712476084 0.0676724899160656
0.0673782154249478 0.143894851853157 0.0221174681905527 0.16807772293261 0.073606071756767 0.171427928894602 0.133830588693001 0.0596245943878838 0.160042557866478
0.124841524893302 0.201803835699555 0.0432024969485602 0.169352092448398 0.0191935566758992 0.0511489718064942 0.193680469759857 0.061691106291662 0.135085945476273
0.0492458594146473 0.0109454455222045 0.133619822913009 0.160251853851315 0.196207895250047 0.0826847307188866 0.196205474505538 0.157728410972136 0.0131105068522164
0.173668195113452 0.063903634100663 0.196205708704443 0.0115029377256809 0.181273023380137 0.152333570238499 0.111067449857772 0.0474222483838198 0.062623232495534
0.0216811054424111 0.203227615839093 0.0515583115780185 0.159742956602522 0.219531092606013 0.0581721412966553 0.125574017747525 0.149426206141774 0.0110865527459877
0.0906171779949401 0.157569762982097 0.0100354186958053 0.13292246359403 0.20573003446404 0.137579978457029 0.0611848323080638 0.16880085046955 0.035559481034445
0.177692494553014 0.260926638830797 0.213645814821275 0.0722211639010615 0.14583641635644 0.00141049919679875 0.0336989134077853 0.0318167300733582 0.0627513288594699
0.163572031875535 0.164851311125466 0.0249360750569187 0.161516977364245 0.104866118206441 0.10292225587286 0.11634096394302 0.046742080609707 0.114252185945808
0.127529079209945 0.100090951669732 0.192547148156628 0.141876497130937 0.0542078354785551 0.110424649177973 0.0876426581641927 0.0921735685136218 0.0935076124984161
0.0716289750351282 0.183533873422943 0.0209457572687683 0.162616975889563 0.195276178274379 0.0652299139030545 0.211245006825957 0.0472724994869344 0.0422508198932718
0.094308708653795 0.151755149012167 0.129381107143657 0.237846657810489 0.0485182676732475 0.0124892767845305 0.0459061770166512 0.240675123137017 0.0391195327684451
0.113504146878288 0.00131807584116492 0.0333176072896662 0.181977788736867 0.165550983834384 0.109579814282439 0.146121513258648 0.0627304335584771 0.185899636320066
0.0600957688755212 0.0880213468739068 0.0709835926334365 0.172365412556765 0.219056140214264 0.0375078141894022 0.0270424645373154 0.191038111645924 0.133889348473465
0.177529817365513 0.000172180964742947 0.11276824167992 0.0346847139965408 0.0388892990620455 0.24797475119309 0.136342700812384 0.173488093726916 0.0781502011988475
0.05851654623108 0.0216702144686501 0.104497073433022 0.137408659058255 0.0508144637861462 0.171417152782991 0.203394689468088 0.235418155260062 0.0168630455117059
0.163677674073178 0.206208066898358 0.120119098488904 0.100149839823938 0.00190141454664372 0.0615104642200957 0.169280867009408 0.134868491412955 0.0422840835265204
0.0206391581324479 0.187375217249269 0.178437474577272 0.138743249598463 0.0255816327082711 0.0538808211047235 0.0155351660161494 0.193742938771225 0.186064341842179
0.0366516295159648 0.177956574660485 0.0733085551200278 0.126306247765531 0.198999476214662 0.0872775606094039 0.167509488651622 0.0346416006741083 0.0973488667881943
0.0152019839896093 0.312384187024194 0.353003131105224 0.0202027950135462 0.137218447922272 0.0062653647962391 0.115099028286594 0.0353922496994873 0.0052328121628337
0.112616013929091 0.00314571195852042 0.0234963544916501 0.201378549209941 0.0416068556819358 0.138637831270236 0.0978856620738118 0.229170265904094 0.15206275548072
0.100650162983289 0.0159498396645996 0.215674298956679 0.0763614734283124 0.152987731126114 0.129362974203255 0.159285356428394 0.0633914242187302 0.0863367389906267
0.0116258089265077 0.0423926068374817 0.221090867524034 0.025782819839526 0.165028526469964 0.108902351103012 0.185301672574691 0.0875411867432588 0.152334159981525
0.200532845587603 0.0802017847056286 0.110132188826515 0.0954948414066348 0.184801610161232 0.153193139596721 0.0131069287435053 0.0820999216002462 0.0804367393719129
0.101450405978101 0.0363301273241438 0.135563583585869 0.0293348605691987 0.189147587670088 0.0548927391568051 0.190109959520563 0.108062921223921 0.15510781497131
0.166594024182681 0.122017631248517 0.0977391478982056 0.102722720872756 0.12964372464478 0.00948109875715089 0.176286820579779 0.0861039257222352 0.109410906093896
0.198033394334506 0.0742589676074985 0.0166116010978931 0.0595932264130848 0.120008252280276 0.0695493674482033 0.0948448481624363 0.176011783019221 0.19108855963688
0.0471723170648163 0.0558989164675207 0.0989287388327783 0.15100291658128 0.197441940164084 0.174957243849438 0.000274866969955796 0.218742849506997 0.0555802105631294
0.0921601658701272 0.18059873304801 0.00210067842540964 0.167621404586319 0.114570749731836 0.0815213599012656 0.0993958192138112 0.203572955311313 0.058458133911909
0.0365411177409443 0.103584977417312 0.136668085805547 0.0319590380008893 0.166327010680715 0.180071324679941 0.117249635499284 0.191468803920282 0.0361300062550845
0.17294287933387 0.165553430046098 0.150438785046557 0.181855898589723 0.110200870026912 0.058428327191661 0.0543487372220871 0.0596681499751038 0.0465629225679877
0.0488051755939844 0.15029108814894 0.0978529858597743 0.206825712271509 0.057711700520224 0.199881935603392 0.0826621399279517 0.111455100399208 0.044514161675017
0.015065922940694 0.071012613080603 0.189607904679336 0.0862389513699164 0.135207162115844 0.00400086857320644 0.162723949954535 0.201042998792401 0.135099628493464
0.147490139295559 0.0787984358900537 0.15377183474965 0.0296730418735196 0.174801091650624 0.0250863336498195 0.0680180960020325 0.136855820461755 0.185505206426986
0.00256528665428734 0.136481262537136 0.0929990355154709 0.00591175018052089 0.20697775676714 0.0795296604239811 0.0997947999863853 0.159913803244936 0.215826644690142
0.0980748847232474 0.00392263942135486 0.197859963481639 0.0368508702339651 0.147261265394695 0.022961431054006 0.0912434102028227 0.229978776875305 0.171846758612965
0.109139435137455 0.125212528869521 0.151700347664946 0.103710490912801 0.139874020666671 0.122305337146898 0.0725793916092209 0.00740336563180242 0.168075082360684
0.160357938976299 0.128836806223725 0.0698646283443768 0.00769211403752415 0.00394076619805924 0.0904102337078117 0.205839229237601 0.204611153919692 0.128447129354912
0.10453679192934 0.141433541746269 0.0200414341880541 0.2133421364477 0.216909329571338 0.0264447864516605 0.146304067986199 0.0522115000557915 0.0787764116236485
0.0497568643547047 0.216073066679783 0.07062189048843 0.205441233114905 0.100189647769109 0.156391532598118 0.0540040954700355 0.133569970077913 0.0139516994470026
0.124673726086034 0.177861580089914 0.168682630560774 0.169148657618561 0.0233095294846839 0.0530617771791928 0.0422502104875094 0.1230891888029 0.117922699690431
0.169455027813776 0.0858964406679899 0.202121287978987 0.152556955687987 0.194348149509463 0.0184248133288731 0.0271557438478736 0.0153239935728724 0.134717587592179
0.0194756691731184 0.155434134806585 0.151905716703307 0.0961956754798515 0.0984298394322978 0.187516014668595 0.153455832595632 0.121631593278409 0.0159555238622039
0.0642525276756491 0.207992682880224 0.186214955575336 0.0636188985157685 0.0408164688392863 0.0639417156783937 0.173569732745896 0.153115564837959 0.0464774532514875
0.0493121538854957 0.170361389296623 0.117170870855474 0.173064967804764 0.126693861179945 0.129282877345508 0.117512841669805 0.0453251053593723 0.0712759326030136
0.16809705054795 0.0102162273395443 0.187470471014111 0.138149387901715 0.0377963817935596 0.059357081441905 0.182195453355642 0.0261203549216038 0.190597591683968
0.0905582120923804 0.0103704858286329 0.0704040147814887 0.0494052606734325 0.158685891760092 0.20264935747308 0.0939032986091559 0.172530175874374 0.151493302907363
0.162676513729898 0.1282014444796 0.100356924133981 0.0531510970465336 0.155512974606594 0.171176111710888 0.0751447523581626 0.00334505680845747 0.150435125125885
0.0127017678728234 0.143379163793682 0.182389613273277 0.103480799132795 0.026037512231783 0.128050135394213 0.0866737195283913 0.145031690473364 0.172255598299671
0.142821314633997 0.0269057657236749 0.192387140062522 0.172372835843782 0.0284454873351237 0.138507671672248 0.0917468104149554 0.0890230765083664 0.117789897805331
0.127388875681877 0.117000327895685 0.171798174401107 0.135312060622094 0.0575823776546898 0.176706564344462 0.0210149269684988 0.0615410861652309 0.131655606266355
0.204403279483405 0.0127831489095983 0.0296680973780792 0.163209163489985 0.121589298645111 0.0149176832832629 0.00897608285347802 0.135276898742946 0.309176347214134
0.0303886657125909 0.22349869418482 0.133788948297401 0.111582351737292 0.299109911756922 0.0158331476902271 0.122567450786293 0.0503734041910556 0.0128574256433979
