0.228224955133847 0.0953131244559578 0.154443071288147 0.0794418764607162 0.017915136948724 0.228223352008109 0.1964384837045
0.218075236547439 0.134888385955794 0.0614271955719255 0.226480505264075 0.00285108651059506 0.262183298642513 0.0940942915076588
0.315248851745939 0.222704316022836 0.161647232690747 0.0125252339121938 0.138398418336737 0.00783903550382106 0.141636911787727
0.208764718913921 0.209121668616131 0.202884746408066 0.000260170638122524 0.0669147283280563 0.0460469525876754 0.266007014508027
0.234811513354543 0.148416446051906 0.176097122875498 0.102359358967253 0.158359874976655 0.0762791860217725 0.103676497752373
0.141229412583051 0.166320024355238 0.214526851496541 0.134124228045936 0.0894623011786187 0.212676197130984 0.0416609852096318
0.186980165057243 0.120090067302515 0.0277060830904428 0.0525307693374958 0.194359702867125 0.134614957707468 0.283718254637711
0.037257427789901 0.18487784619678 0.198434927427946 0.131011268470713 0.0873864735233101 0.182515549368965 0.178516507222384
0.043876913290929 0.158537486098718 0.310275223183072 0.105891763447433 0.108224959601207 0.259111078033158 0.0140825763454818
0.210852429784841 0.164917503919426 0.120602483201758 0.185698800488653 0.197271206880817 0.0102814154513189 0.110376160273186
0.105929562762048 0.000345166393292102 0.156229582450421 0.0715250858393696 0.190706699367296 0.120453853749265 0.354810049438309
0.0109610877418021 0.128489842621019 0.10399720463959 0.157208871451976 0.243009055801753 0.238710119297049 0.117623818446812
0.0514518979677684 0.297994448553135 0.0224002482442381 0.0356372658617029 0.104437285867234 0.323417378197285 0.164661475308637
0.194231801483091 0.03824598614856 0.0336211665339934 0.158358885624295 0.109096037779861 0.277894318073728 0.188551804356471
0.2022701646618 0.179739662999497 0.322687380650857 0.156617068842362 0.0806249654662443 0.00549947571412731 0.0525612816651121
0.0788198081437843 0.145790591601045 0.196975856359915 0.0966570283583724 0.179487351653108 0.205191151517707 0.0970782123660683
0.214141881146463 0.0637860049272019 0.13615896708031 0.157887881764846 0.130508880868795 0.160205190980909 0.137311193231475
0.111019740320902 0.282504205742762 0.237301949052661 0.0541731246138139 0.0745106768455129 0.219768678010343 0.0207216254140047
0.0611506946321333 0.0641254763090748 0.27429033856108 0.133516009984716 0.150084686071197 0.195423255022747 0.121409539419052
0.219775468635399 0.0894337408247108 0.139132044024928 0.0739595157370095 0.0344292302981422 0.266476009187832 0.176793991291978
0.151276583587901 0.269332986443669 0.0585182548958166 0.197196806494634 0.204669409337953 0.00466804404312368 0.114337915196902
0.373292328640057 0.125291982475417 0.156212142037873 0.0394410370482882 0.0379451652345767 0.0998066192569234 0.168010725306864
0.0672486505822287 0.0626574931522042 0.21845173050219 0.175860655660746 0.188292414533966 0.231561587194305 0.0559274683743596
0.19112205572327 0.113556087299529 0.209447567821197 0.187351723825445 0.0967401218504441 0.00688034588531834 0.194902097594796
0.118146871742095 0.0320611032138557 0.0446417593906231 0.246327559062772 0.245156092680502 0.174073875905371 0.13959273800478
0.093393235900599 0.190322896219116 0.252119579037103 0.0110727076451564 0.140802396699741 0.102259287636696 0.210029896861587
0.0949151060506001 0.222314736673887 0.226819502087641 0.0968744361749635 0.105461385894126 0.0629225866528713 0.190692246465912
0.163225503988432 0.0536061554909625 0.211786263855812 0.0139035427107349 0.115304748640203 0.216689791564907 0.225483993748948
0.145199426479408 0.123991805500258 0.111978244541393 0.114024340352287 0.241351966547816 0.23444959764108 0.0290046189377572
0.162884425874918 0.134995440426743 0.143467556498035 0.068035023470158 0.162797994704316 0.132577979947781 0.19524157907805
0.211635250569687 0.163951216074902 0.0822447507499461 0.0516191842639563 0.27266665162553 0.207471015356972 0.0104119313590065
0.264046685151022 0.11712249170709 0.110069798957677 0.000587529646913223 0.216361080677189 0.26857133532176 0.0232410785383493
0.160495611789555 0.122950875064457 0.048964595545599 0.196342702101199 0.227979787510442 0.120228373755371 0.123038054233377
0.201085543977264 0.13884698249679 0.0499700708785419 0.195970437669382 0.00585357486238989 0.176278006763236 0.231995383352397
0.253660903360715 0.144276087256235 0.139730676172417 0.221020198427943 0.0717855373535298 0.0758600331972807 0.0936665642318799
0.233177747047328 0.125163202173499 0.123010702627819 0.0105157008761761 0.0567440201435717 0.281956940586897 0.16943168654471
0.0459915112933741 0.205349770579967 0.243407396217948 0.0724361324653809 0.224961411930334 0.132130099506466 0.0757236780065311
0.0192742065781573 0.0660304846394965 0.221468819761012 0.0882771655132827 0.226613917356928 0.264904201703672 0.113431204447452
0.049545588542734 0.238345223789141 0.0408156064892423 0.0524199873876833 0.169600078663018 0.24003603081577 0.209237484312411
0.119006767561393 0.187520009949484 0.109484564847046 0.09956005322082 0.112374845998647 0.041093341288779 0.330960417133832
0.134800911645243 0.199868994921087 0.0940384876249343 0.0777514892018389 0.191332272604847 0.136498523500412 0.165709320501638
0.209869776730494 0.102090108682485 0.163992908670672 0.221771077123657 0.118057982144539 0.0359958344098044 0.148222312238349
0.201536180064378 0.149670391635269 0.260054151665187 0.216031217420374 0.0764479208490994 0.0492672161939556 0.0469929221717377
0.163337958547365 0.111317568950533 0.0186751716201153 0.191576802769373 0.238627875313029 0.1158231934024 0.160641429397184
0.114869777626891 0.185234053653109 0.125229660094957 0.106998629358729 0.131478130448305 0.190279552173561 0.145910196644449
0.144659195429832 0.231894716454561 0.167186564641924 0.0370134573804616 0.174272759429891 0.0689376875981078 0.176035619065223
0.20096038595059 0.0142782327163085 0.158346712159948 0.0342696937799411 0.22188250532357 0.208405724125467 0.161856745944176
0.0627525402555349 0.28583490326887 0.0524147107635998 0.201047429203407 0.101153821105379 0.197738206730751 0.0990583886724586
0.127413722997276 0.142786602844553 0.0966645911043712 0.248231832392548 0.0369629847735502 0.0730456778728509 0.274894588014851
0.0889622442977275 0.148646996650275 0.170975412309128 0.146316020552026 0.0177709132138266 0.218437060382506 0.208891352594511
0.193338180894395 0.126875912144935 0.119949937073164 0.15891727425511 0.233868296318366 0.116513228818586 0.0505371704954439
0.210108367783612 0.0279293664463151 0.244807907300377 0.21356110750678 0.0552651246404826 0.185524100319136 0.0628040260032977
0.232689515693988 0.173230144092462 0.237661231073111 0.0419529264403071 0.207447911077365 0.105479731214508 0.00153854040825897
0.274112166603781 0.10007750300153 0.126037817219811 0.0322565525628982 0.189944731446435 0.226643740708962 0.0509274884565828
0.290801078752639 0.198197684449012 0.170596737603771 0.0552175127024809 0.00763018665976967 0.272305956135201 0.00525084369712647
0.0510644484431711 0.164119695087359 0.195664600517985 0.225666743231757 0.197089477185882 0.106700637246846 0.0596943982869998
0.0157876350899503 0.151325100709254 0.179624711043808 0.218315566574178 0.0296989044593838 0.208905639774727 0.1963424423487
0.0779222365177679 0.282218967977032 0.286783623015899 0.104820295025704 0.173423463563432 0.0549949881124062 0.0198364257877596
0.00910493234327631 0.2539873292067 0.297167774835052 0.292537159649504 0.0152406483790103 0.0526470810939205 0.0793150744925366
0.0901810203739938 0.273347486423304 0.0384265658578857 0.151676565021093 0.00397046314179604 0.285683530803286 0.15671436837864
0.215969555675597 0.289312225000704 0.170071598646785 0.0157704967824144 0.0907843977085158 0.0536841654706233 0.16440756071536
0.147231583200996 0.195273413369975 0.207076943253632 0.140832495161444 0.222648565309924 0.0448278435412311 0.0421091561627978
0.127831571402371 0.180246181372573 0.0322198242550442 0.219759429229323 0.191741974950632 0.156426610770044 0.0917744080200126
0.150128840323938 0.268040628761664 0.0397707787774633 0.146871131252166 0.114857936712098 0.14281419355422 0.137516490618451
0.273161766933825 0.114622213106498 0.00411775328420313 0.328781348212528 0.200455473704162 0.0684152298883578 0.0104462148704257
0.276925148807356 0.0633835420807995 0.210793007413704 0.0500951055133889 0.29062278537643 0.0917618222080644 0.0164185886002579
0.462799314326312 0.0459479733858061 0.161177280140571 0.0983201762692067 0.00199897981656617 0.0934529035840759 0.136303372477462
0.116871327206293 0.187842402272262 0.166224276424253 0.0321903049365979 0.00741613742994744 0.273392577619198 0.216062974111449
0.0373024164189661 0.0724120189637057 0.152225813682767 0.197514447045798 0.199853946957145 0.0406823886383575 0.30000896829326
0.0872433168344683 0.194350234945701 0.235195270143128 0.0728687086796838 0.0398806212043565 0.196798160552364 0.173663687640299
0.197160045837803 0.0801293307981821 0.185574866104383 0.190178049955417 0.0728396746154807 0.132764977294603 0.141353055394131
0.0270765975920495 0.223344320946781 0.258363912041478 0.318368330694105 0.00125446209867705 0.114346557860002 0.0572458187669067
0.277949774556026 0.0104118851107846 0.212648946533217 0.0088303507920335 0.152671286816404 0.195802275344036 0.141685480847499
0.0963112653231211 0.23976712344019 0.240515558404866 0.0770570063624456 0.0225350235144771 0.148005927275476 0.175808095679424
0.0238493258932234 0.155170434089732 0.087755054827122 0.209145836533471 0.151848169074126 0.214899932699972 0.157331246882355
0.0238978030387528 0.23560231821598 0.0345270621611379 0.25893777436184 0.189237088057862 0.135354075028458 0.122443879135969
0.146637059510117 0.0758763033014085 0.209793735737705 0.0478838820107257 0.186577290881795 0.0105633492392457 0.322668379319004
0.210307429833174 0.236953161649292 0.134171314246523 0.0047997778490752 0.185582682948934 0.15708541922265 0.071100214250352
0.093975360711339 0.255648951962006 0.272958677014882 0.246403629292324 0.0451060904637321 0.00572379614161462 0.0801834944141022
0.0709706181511927 0.377773025424745 0.0114652479640959 0.00813234709071446 0.188044870858175 0.149264620696225 0.194349269814852
0.0775368554968362 0.336237125456018 0.0280114735187992 0.0922990459588519 0.0980824914258021 0.0215259705414966 0.346307037602196
0.00799182043353884 0.254903782955071 0.0536312625750397 0.185146969664842 0.200966476389738 0.0594615318747662 0.237898156107003
0.0670160958195381 0.0603146695491617 0.150071657819661 0.162028116192776 0.270146780273792 0.287105308838807 0.00331737150626406
0.0975824982607664 0.268709460928707 0.0413505618192004 0.207372516611842 0.0794987763127536 0.012538368588858 0.292947817477873
0.0149130990881598 0.0375843734407638 0.18850562529362 0.029195073459646 0.24877218717089 0.186469050519977 0.294560591026943
0.102639598499559 0.172667255802183 0.0846149793079536 0.201763300648786 0.186219716758279 0.181531691984848 0.0705634569983923
0.15965738315311 0.161338420895791 0.176984160417324 0.160916879296705 0.120471244085637 0.0472679705622441 0.173363941589189
0.146283001166983 0.168863159214237 0.110704285816241 0.178287925082446 0.08697029212291 0.135293349562063 0.17359798703512
0.0602987517334185 0.195298585692968 0.0612169260088231 0.131256334229226 0.169804795712056 0.1628781741089 0.219246432514609
0.102293086434291 0.0991743185034517 0.062300447958752 0.26748753522311 0.0186941629361851 0.311342840619534 0.138707608324677
0.134003708922762 0.0800727830691761 0.239120416824081 0.189141779384429 0.0628085821855018 0.291558570729827 0.00329415888422331
0.101864429061641 0.0534283931733082 0.20637086105101 0.106872391867048 0.248752848373467 0.177931080743574 0.104779995729952
0.369940818746929 0.252556251904095 0.0721175484366858 0.0544373176393079 0.02867754809386 0.030791495747151 0.191479019431971
0.0192472891425619 0.200725045561707 0.148977803530296 0.191009368491328 0.262623714445735 0.0195401085725126 0.15787667025586
0.194490247536327 0.211936233792149 0.0144716751555523 0.10890208089821 0.15835215187455 0.225714907198293 0.0861327035449184
0.234395481691167 0.314759302440399 0.190634827567427 0.00967282178306471 0.0141415303795227 0.231614770585084 0.00478126555333593
0.192779590601728 0.105152911525146 0.0669997269496402 0.0702693621854068 0.133767833958035 0.20957772905308 0.221452845726965
0.262020186960326 0.115122760570691 0.0765178285277698 0.0984935692374721 0.303144376718368 0.0428116523524102 0.101889625632964
0.310154006074346 0.0319196603081614 0.06589817594689 0.0484165896156518 0.235040241971195 0.0285414074956891 0.280029918588067
0.174752764009936 0.145578322148506 0.256537443871313 0.00907981047288728 0.0549370224575962 0.336785974213002 0.0223286628267593
0.0541075111004473 0.369610280492418 0.251506457036485 0.0852291656771391 0.131123781317189 0.0674862842183246 0.0409365201579971
0.240847902402613 0.157279051062786 0.124181290652815 0.0235914369708286 0.207532247979111 0.129972011922169 0.116596059009676
0.272077403835358 0.253801966975534 0.0498579596241165 0.169853444567107 0.0937426765124497 0.154827395810889 0.00583915267454678
0.0535578478778556 0.175253182614922 0.061973171880515 0.187686921246647 0.24100927460229 0.230504404879076 0.0500151968986938
0.0693998073006483 0.116444735662306 0.157086082621912 0.0855697436009074 0.276887955025765 0.148086387847811 0.146525287940651
0.0433417765051676 0.112133448112999 0.32120925511855 0.156773795628656 0.0650733589977637 0.0749974533191471 0.226470912317716
0.168601041921081 0.130194450414877 0.0529626568872822 0.171634264758744 0.0747799301447954 0.154045364198437 0.247782291674783
0.041368683496897 0.0241703108567846 0.202422688634724 0.110575931830891 0.281092231094776 0.12839757620686 0.211972577879067
0.229414769901745 0.260820510658101 0.0940467433293088 0.146394095160838 0.193503175593993 0.028970576200406 0.0468501291556084
0.205697473278692 0.156085323846832 0.0771901887007143 0.217095778044351 0.189315914102828 0.153382815047984 0.00123250697859866
0.206053932255035 0.104711308236744 0.181379539572487 0.0849889720673074 0.144984569520863 0.0521373739495462 0.225744304398017
0.163088194112597 0.12203879201435 0.0151349888624372 0.117039620814453 0.0295570053883231 0.280793840678713 0.272347558129126
0.265301492667236 0.0500102507631904 0.0908327444544684 0.244105255065533 0.0617750451761526 0.211732780265889 0.0762424316075296
0.160508244801297 0.0627066936772884 0.0528894064721684 0.332674170618342 0.0933083772742681 0.125203532369831 0.172709574786805
0.095653192565784 0.182548535430179 0.212926727507158 0.158057345645569 0.103649851915699 0.0310778463043163 0.216086500631294
0.0674109611152522 0.196440051559126 0.00530752826538034 0.0918632542708852 0.0413662507586257 0.382280683331283 0.215331270699447
0.0492980919019265 0.248729433071197 0.0826818536780036 0.0455041997079929 0.130176314491586 0.193978959895195 0.249631147254099
0.195937041545984 0.0875299503110848 0.26505178371108 0.224914176716868 0.0740238037602863 0.144676809040023 0.00786643491467509
0.224016122739708 0.0272496506658994 0.242510180186379 0.165472276140156 0.0737059911830451 0.155678272753145 0.111367506331668
0.153851632621513 0.00814872046978114 0.00302745686400621 0.12694452345375 0.180016853861905 0.30922578773904 0.218785024990005
0.162067587273822 0.208037020980691 0.116293304785548 0.169213910302157 0.195436321037703 0.0106300403049472 0.138321815315131
0.242103841124298 0.192144609036081 0.0941103213876968 0.163467798769382 0.0494800247952182 0.118005498689635 0.140687906197689
0.0481719837092081 0.34400946654497 0.22582049468132 0.25225503977264 0.0477809756874156 0.0753310692483113 0.00663097035613444
0.0704412770643227 0.0842301123102411 0.178410002702979 0.260920914056963 0.0176307857575161 0.12708694870223 0.261279959405747
0.00636569052078554 0.225851563285956 0.174881853615258 0.0721137032748073 0.058728434866547 0.147009125570901 0.315049628865746
0.0708431318618209 0.154087668495655 0.201051341664617 0.129830045186763 0.181501264316465 0.0598474230263017 0.202839125448377
0.20875238045885 0.0471202622665885 0.220129235434001 0.131837627489901 0.209551568130722 0.0289002631117341 0.153708663108204
0.265864289690413 0.0989482610991955 0.0753106629492918 0.186008153223807 0.0295762922914583 0.288180325296275 0.0561120154495604
0.209444530100208 0.230163224014851 0.148882783881815 0.0756878667505127 0.143749025076011 0.0566625685053782 0.135410001671223
0.199611587631606 0.0148805014449862 0.188432825526725 0.175328697382134 0.107947152569917 0.15308883715351 0.160710398291122
0.152031458484577 0.134641496544198 0.209069884013042 0.0066931653209595 0.142466384216266 0.256317463805162 0.0987801476157959
0.129066445737739 0.0918530567617469 0.135545815512075 0.232177178751715 0.198444657089378 0.0592573180973474 0.153655528049999
0.121025224485618 0.13448006065668 0.125302859016165 0.177363513637657 0.0764118472826099 0.100473474239726 0.264943020681544
0.161706534654573 0.0617686028905548 0.0458593593268243 0.148372517441041 0.246975463867478 0.112293522206481 0.223023999613048
0.236098234493329 0.0778975871627438 0.167199266350884 0.208661415897394 0.145144746152148 0.10179603312003 0.0632027168234715
0.116148870903383 0.100645673497958 0.204113240519979 0.147215722526027 0.202032160388886 0.137755068857951 0.0920892633058171
0.186398025723486 0.182280424921013 0.206746598603014 0.128190796970354 0.148171380088636 0.141954172594979 0.00625860109851851
0.235398160352916 0.0583232603963128 0.273944331570266 0.174146059313603 0.00732135983016074 0.140203212200113 0.110663616336629
0.164264937053982 0.0986342859234627 0.325760351656597 0.233911607197719 0.00579523339376687 0.0175960848636146 0.154037499910858
0.134147201205374 0.191371675541816 0.0596089764031132 0.0952402815809757 0.0905623252538815 0.21046678572057 0.21860275429427
0.2835845652085 0.193345738386414 0.00097586532165014 0.176671022543136 0.0909266948026633 0.0988616685015659 0.155634445236071
0.102153642289793 0.183581528818642 0.0503204821110652 0.103558670019532 0.199654034916952 0.186852631133546 0.173879010710469
0.295250087316536 0.0720087394984687 0.134154224583415 0.138027320046521 0.24636933513966 0.00730894379107164 0.106881349624327
0.129268729175702 0.246572910884596 0.151995263319639 0.109270962676314 0.156390756896329 0.0893323528544968 0.117169024192922
0.2261717828725 0.117135848258685 0.139261069936645 0.00328025087354172 0.267965058651877 0.195721337130532 0.0504646522762199
0.317565220442403 0.0745903552494936 0.23223778494953 0.0138202282116502 0.187188823025846 0.137400867312238 0.0371967208088391
0.171910138133212 0.00178842366110326 0.184330630451789 0.0465208947666206 0.096542036018657 0.244730379758685 0.254177497209933
0.233806127949237 0.107996766260517 0.0629640252445496 0.136443009472376 0.196619431945234 0.197902520298683 0.0642681188294041
0.087860120737167 0.131041365746029 0.187482866840844 0.114098801227213 0.00617333357508664 0.185968083321444 0.287375428552216
0.169928177720618 0.172589825184315 0.105399066880198 0.147052349363428 0.196033047821777 0.0676702558987992 0.141327277130863
0.074030662405657 0.040785222330184 0.303810439229711 0.0170746900708048 0.329739100534894 0.0483486741400072 0.186211211288742
0.139704791656666 0.00455662460949007 0.24235485570819 0.195121851104336 0.000385700599946923 0.219377504888432 0.198498671432939
0.214579662429983 0.131374182281922 0.216718632282612 0.080400855654484 0.0145975797953377 0.128229739857464 0.214099347698197
0.125175055189027 0.0772064300122574 0.266835742743632 0.0940525959892979 0.0142092889200916 0.124794753291127 0.297726133854568
0.110795273099322 0.0791400117409613 0.290912343566683 0.0978841045810465 0.0792822228571855 0.108896411174024 0.233089632980777
0.0765225249447408 0.0197141554119545 0.110075209857421 0.150396242738861 0.134816096620788 0.288905983626252 0.219569786799983
0.220148213759827 0.0468152687549921 0.160378716266922 0.193993260062276 0.159027510187629 0.155517463561477 0.0641195674068759
0.133846315032894 0.196730874077579 0.211237447340228 0.0371618587928472 0.185801242486501 0.221528081367477 0.0136941809024742
0.0934764851980346 0.181471578254747 0.147782685483973 0.188954546258788 0.135924419025917 0.0547397437756329 0.197650542002907
0.265011294515061 0.0308112263830197 0.0543865045068904 0.260093356267332 0.201445951658707 0.0713472330829493 0.116904433586041
0.174451536559179 0.123312385172766 0.126820764709124 0.0682300578177563 0.175418793909784 0.233260791114909 0.0985056707164811
0.169360220099165 0.136943666262867 0.181991733891783 0.194445220211499 0.14533490902334 0.0663030012148653 0.105621249296479
0.144134194105262 0.210929906778071 0.0150769152447363 0.00933812642770072 0.248623362774475 0.284302901065789 0.0875945936039658
0.142510803741322 0.0496554264092421 0.189939373562851 0.00653171588447485 0.24536211791823 0.209698438787452 0.156302123696428
0.198201741969396 0.095295254017556 0.240358419050203 0.0563912754777176 0.171687595070989 0.0643095123675943 0.173756202046545
0.164221687079339 0.084843752153043 0.201373695082793 0.0138567263292175 0.136034211092603 0.180508715852274 0.219161212410731
0.156899375014646 0.0388264654768104 0.182930041897093 0.147675119899332 0.131633613932 0.203995431735112 0.138039952045007
0.0436925269144522 0.155698407645833 0.19453018052398 0.196383138633657 0.120288222553166 0.216605434575316 0.0728020891535952
0.154096261005192 0.0197198208410024 0.228071662318108 0.00791081707417422 0.195016004502487 0.171077637338579 0.224107796920456
0.22708948204179 0.163404266518939 0.0594795837332226 0.14028120395745 0.242466210158007 0.0200925085660639 0.147186745024527
0.163921085463143 0.0979635209048396 0.203649129876649 0.108001488670229 0.135400527335497 0.217921784944595 0.073142462805047
0.104243203063207 0.090348330202116 0.159878325314126 0.201011329765783 0.19356483854206 0.190462304357929 0.0604916687547806
0.578182700019103 0.0520447677378146 0.18296016188514 0.0628714147743263 0.0334447766385407 0.0427934538535049 0.047702725091571
0.0183574522850547 0.13336771563035 0.137623071720369 0.121955422565019 0.223192988048269 0.137499839305511 0.228003510445427
0.221540485110017 0.214345911526253 0.118024888437741 0.1946750136377 0.0899723520410879 0.129439643883598 0.0320017053636028
0.0796417628900877 0.176995200451044 0.00406949487977003 0.172913578572894 0.191872914592913 0.132723381163605 0.241783667449685
0.177460361057134 0.0122118162492093 0.122103596577033 0.116575149963937 0.169344105000361 0.248026649120836 0.15427832203149
0.0891871738876306 0.277458872283493 0.0830052290916396 0.150071395461676 0.254387288201722 0.136428990518866 0.00946105055497322
0.148852328375296 0.066200310258817 0.189016569839785 0.19230376034666 0.0715899512068971 0.107300446900167 0.224736633072378
0.107504250591879 0.194443661958783 0.208672711201676 0.219912341128441 0.124931973137937 0.0390333695257205 0.105501692455563
0.203296608722949 0.168786226202587 0.154848465312411 0.0964188939694886 0.218236874098429 0.15101136630216 0.00740156539197513
0.344790634328604 0.148553706129669 0.0561003953359129 0.0185070429326908 0.266375614309023 0.148269163554424 0.0174034434096759
0.0768564166505857 0.133641796256145 0.2721716782895 0.0516139829404019 0.10676052060337 0.242457554962193 0.116498050297804
0.162570047992078 0.136425514497682 0.130378251321264 0.152964839759513 0.172575127517926 0.117540013077887 0.127546205833651
0.261654942960808 0.0478440131172573 0.00423625968672757 0.181845887976693 0.125421806062378 0.16010060385903 0.218896486337106
0.0633263391463312 0.0779295961232561 0.25914394149137 0.207607324583834 0.087103867721749 0.242800656989472 0.0620882739439882
0.115784098294505 0.114132710458153 0.197704711311537 0.0903918706936274 0.0842709470845226 0.167056433851157 0.230659228306498
0.129380824614232 0.151547558652611 0.151463877235444 0.0307253979387745 0.2416164476247 0.165417182392664 0.129848711541574
0.160950377047835 0.102923312533317 0.0889334340500313 0.139495619821554 0.173024384772907 0.117577915977489 0.217094955796867
0.0689166540853893 0.284497475040722 0.165175646278694 0.0763989705222295 0.0526464134826063 0.110758639900042 0.241606200690317
0.117233656578782 0.067988350607477 0.0863991960100286 0.395054802602575 0.290723017872289 0.0199825040472871 0.0226184722815611
0.372283105165379 0.288965041187856 0.0237023368641326 0.0141282015374013 0.12603717987234 0.157778717219434 0.0171054181534572
0.144426544585351 0.0357119792972867 0.00608222883587028 0.261489353742478 0.237397512295164 0.177154671762013 0.137737709481837
0.106001370001475 0.198268965200297 0.105605103968315 0.16259125509098 0.182453552809395 0.10014778146071 0.144931971468828
0.12285683876236 0.0768803462554203 0.231809144085232 0.205492185673035 0.186062196513307 0.0124080750094443 0.164491213701201
0.0578756680969717 0.204439494335287 0.0364767265698689 0.209568388759309 0.0141967450516446 0.0644331998134157 0.413009777373503
0.175164149563286 0.124416893240268 0.0591556364927643 0.245033565437342 0.0533301831467861 0.17856471048505 0.164334861634504
0.111542231316147 0.0788825687709492 0.07638389943803 0.351249498079933 0.123896298375858 0.0282909299615729 0.22975457405751
0.107079870760263 0.208753624923551 0.0354109155052939 0.2153976092419 0.0505403214792863 0.233445575774834 0.149372082314872
0.10625071375755 0.13849658373168 0.193254488748315 0.141111731390033 0.0640535491663093 0.149841949494893 0.206990983711219
0.0181947802411011 0.0981388865255869 0.21922419553161 0.0805440616329227 0.172199598317423 0.296729923540399 0.114968554210957
0.183293719425472 0.229760846794108 0.0882362551223055 0.106600795691 0.145716996044644 0.0612285086011702 0.1851628783213
0.104939146740801 0.100575355825884 0.227411512001859 0.185337618180738 0.141527986638011 0.00951430290941996 0.230694077703287
0.174411036110875 0.261183034778145 0.261778724173847 0.0790412656146966 0.0306421735243341 0.0612985324828069 0.131645233315295
0.194490578538742 0.0811362994885357 0.120324399244141 0.0805372785432692 0.149813581474847 0.244786518732954 0.12891134397751
0.120911986169794 0.0153910446835103 0.0995549725702327 0.0556216639863092 0.276437232922391 0.292738762951565 0.139344336716197
0.18034000981012 0.0555898642161473 0.072981560606291 0.161490793240485 0.224655643593435 0.271706272032848 0.0332358565006743
0.145011143215041 0.212086940241481 0.0932563816176376 0.0228700624630735 0.145429483404657 0.18112544781154 0.200220541246569
0.169174843036308 0.254849189505544 0.0564229283297805 0.113916581618633 0.0573435049221572 0.199806144148607 0.14848680843897
0.104767954928741 0.297887591948453 0.00197292533830303 0.142893709323282 0.258786291185183 0.111876957762882 0.0818145695131574
0.204167342679419 0.0737231558216218 0.309735665597378 0.203346302523222 0.0101288914209715 0.161588561571804 0.037310080385582
0.177306805322338 0.00964103134922273 0.150092731190026 0.0279546903984452 0.229060129425364 0.256452034928964 0.14949257738564
0.342647077123216 0.206911868526811 0.09692538690685 0.0569613766017286 0.104944137885487 0.123765632203461 0.067844520752446
0.0179680515560019 0.165280410034614 0.123555115065658 0.178965636079611 0.157860900475864 0.168427635279647 0.187942251508604
0.275624069273662 0.128094730861747 0.131032083827559 0.121414125831189 0.247726157911434 0.063448859618752 0.0326599726756571
0.133729423699703 0.183435215562318 0.137111070869458 0.128551997660497 0.187341108782215 0.206279114270633 0.0235520691551772
0.214320714380245 0.134113441321892 0.0823674810357041 0.196471847159679 0.133633992407485 0.0336553672238519 0.205437156471144
0.11518525341812 0.200514028399883 0.177709222208356 0.157327645469694 0.128474420093358 0.127888379887578 0.0929010505230115
0.139840069652322 0.179536440821645 0.180479525574169 0.171544296284374 0.0678395315463747 0.118068693001148 0.142691443119968
0.234085904381043 0.216514675312945 0.180865998559653 0.165449338618099 0.0456296509771815 0.111430231990586 0.0460242001604922
0.166803312496228 0.180078864194725 0.135536742730839 0.233406088995169 0.0508216407288696 0.10226423312684 0.13108911772733
0.0458832032565216 0.0306891339552357 0.186221611985956 0.147123906431396 0.211752815015201 0.152283358125387 0.226045971230302
0.0102103152419024 0.0184305747514307 0.196210086356923 0.170401245071238 0.233551382222802 0.179898215676468 0.191298180679236
0.167049193224672 0.0825928314537988 0.188024663033209 0.135506775591531 0.149643251437184 0.163278390952975 0.113904894306631
0.233609781294997 0.00330033546141029 0.126286670854912 0.154424210572829 0.054629869939789 0.29287137738767 0.134877754488393
0.189546504950189 0.248751417985204 0.00791655004366945 0.115352080716908 0.116604287897282 0.213095489684682 0.108733668722065
0.160591217715352 0.160304172969939 0.130943655157686 0.121274483598087 0.0840170150379618 0.161438861380733 0.18143059414024
0.246353181716393 0.107579759381901 0.0693954175727929 0.27778038041378 0.153046404552094 0.0528721154495005 0.0929727409135391
0.184643772158374 0.203898673292395 0.0278429459151017 0.163583843400077 0.153594943355865 0.159424238920105 0.107011582958083
0.112371086146161 0.145847978942024 0.20801800240918 0.0891995013071225 0.194668550956176 0.0300881142898846 0.219806765949452
0.0487277711035288 0.0471913999441495 0.309427709711941 0.286807465110038 0.0128922940591102 0.155767305194586 0.139186054876647
0.190853506072347 0.171427811360204 0.0386634469879782 0.271450070682172 0.0418709114951101 0.0907322141058152 0.195002039296374
0.0861017898787672 0.0911010640452053 0.202590675235413 0.0127887239549658 0.0731066552632032 0.324642787663142 0.209668303959303
0.210471638156726 0.193565984500128 0.117724487864861 0.229247762687837 0.030083405226204 0.170680468728107 0.0482262528361374
0.142834288898843 0.178883255878057 0.198684803239279 0.0439518736309601 0.208409914965046 0.0793066603666228 0.147929203021192
0.00462002224749298 0.259375681149129 0.112606756840935 0.156811854306863 0.0685687220198628 0.215600868932362 0.182416094503356
0.139754819709588 0.0968786076834398 0.242105707190404 0.142877596566982 0.0731187613243005 0.234590150507759 0.0706743570175264
0.170451547276634 0.000538435563030469 0.287704183502272 0.227080990320129 0.0551313287492985 0.103243350370824 0.155850164217812
0.0615280862853388 0.297920907941628 0.0223551266565561 0.0235938684622471 0.351246035585267 0.114765880336059 0.128590094732903
0.150484188827439 0.129309340894789 0.20136596504213 0.182310593048439 0.0273889152203433 0.118944324691489 0.190196672275372
0.0285077389810716 0.0982525924101849 0.21634092609191 0.164373836097116 0.184274217578552 0.163090197662335 0.145160491178831
0.0732581689692516 0.175703916993244 0.027733813884312 0.180832833348514 0.23278400751015 0.270299399107909 0.0393878601866195
0.0157427152221123 0.127956155370633 0.035644178276638 0.1665425338189 0.255151831825882 0.310989109170459 0.0879734763153766
0.116831961310315 0.0672340008822488 0.220949580369783 0.0193037572402662 0.330013092345017 0.0270497065990037 0.218617901253367
0.153570236721796 0.218589640295476 0.0450353936718731 0.1191225505069 0.152879989769162 0.208032755107936 0.102769433926858
0.109207469108656 0.0896310604117623 0.191848341013889 0.0674718821291679 0.205539806604584 0.209751106616754 0.126550334115187
0.241616858892935 0.122714917598909 0.0527745395656018 0.0755180760557115 0.0850678122693708 0.179479417989805 0.242828377627666
0.0432357594280583 0.237002234404371 0.24078430456766 0.117275672850107 0.103077088615563 0.202085161545463 0.0565397785887789
0.202081039141047 0.184761898644487 0.258071938137323 0.00972478301020941 0.103022134520956 0.156570450464768 0.085767756081209
0.135005955341031 0.0387520821760862 0.162247191045139 0.180432598647865 0.136705134283334 0.152241498946001 0.194615539560543
0.169151575553844 0.146407653196267 0.186582632255454 0.0216554637983943 0.177459806859332 0.157026965999906 0.141715902336803
0.247351668070216 0.0779424513429986 0.00526549181312268 0.119258705692181 0.28387549561238 0.13435213299791 0.131954054471192
0.147630013900674 0.103003210913737 0.173852901992665 0.238639758931037 0.169715688981454 0.0169582359694579 0.150200189310975
0.263487482614879 0.184130750876916 0.12065117027566 0.0118188290748292 0.136724741310522 0.0643694432920872 0.218817582555107
0.11553428390964 0.149635913622859 0.101736676442221 0.0379397573387438 0.214796837485141 0.194676898656445 0.18567963254495
0.190020909674053 0.163581895741344 0.0507639033515466 0.220283882617377 0.237693076359925 0.134529748651454 0.00312658360429988
0.0267107127798375 0.272346321202548 0.0311913060350032 0.0683434050003134 0.048705655431674 0.256369724361975 0.296332875188649
0.0990631401801386 0.249233587815356 0.174524259763256 0.250461663437801 0.0410181965317532 0.107672203219851 0.078026949051843
0.147499508696285 3.32027425474335e-05 0.408046049236974 0.00544188410036977 0.185137367704957 0.0485792250444376 0.205262762474429
0.149580719719335 0.139409887006139 0.051096896925007 0.310024641366949 0.0378337891508791 0.0752200662903205 0.236833999541369
0.0964542471136357 0.122755111363182 0.0387727569587181 0.14045559291633 0.224985104556457 0.241288879453665 0.135288307638012
0.239192093977665 0.0325011692075387 0.188771824531084 0.198246109250834 0.220884737260134 0.0862937369153616 0.0341103288573833
0.0514349971832734 0.0012758059217522 0.255207113905209 0.0516094419267867 0.0876798698230955 0.269894770709078 0.282898000530805
0.0472643565787814 0.0794020915067018 0.303222128269522 0.0892789036644344 0.224700168716796 0.0189643799768252 0.237167971286939
0.0248261750838152 0.0716760762339321 0.256520926201692 0.0709711642927851 0.128686785872441 0.113241680937794 0.334077191377541
0.0138124020024668 0.159424585257 0.241741676143631 0.156522943619274 0.257912678765224 0.136564625853513 0.0340210883588907
0.099947899525467 0.0495337095842853 0.219279056294455 0.0346137518944757 0.230192085153275 0.197516666689709 0.168916830858333
0.222728333332607 0.13062991939047 0.0652993306005683 0.228529816033233 0.147032421721602 0.158876132780277 0.0469040461412425
0.140063848172539 0.220180591047225 0.0799604503243552 0.149996337885739 0.167269403884197 0.0382298087378572 0.204299559948087
0.042828810679767 0.149194427230559 0.198914456993744 0.32140490821958 0.194029857101964 0.068809526156123 0.024818013618262
0.0576756339338681 0.108016918689446 0.134244078488082 0.26862779117872 0.0880296320604915 0.155864720916967 0.187541224732425
0.108700960629184 0.141775145559317 0.171480192092469 0.137124361793343 0.118984815153385 0.191554701196914 0.130379823575388
0.24348084025009 0.145718125297962 0.0646499858894844 0.0426464513493364 0.0336838567752484 0.208214745619017 0.261605994818861
0.142104955317899 0.0692317217635612 0.241303242614986 0.032261871887049 0.0349343671042754 0.180536281863875 0.299627559448355
0.0152828538017655 0.0647942535549029 0.349624689628331 0.261120438719173 0.0191384697534297 0.0787431885321143 0.211296106010283
0.214223286144729 0.126285060556183 0.084811894978636 0.121846106742076 0.239742609711875 0.170344304635363 0.042746737231138
0.363140273515945 0.302280424528018 0.0225827982314432 0.243035275490636 0.0019273282003496 0.0650262797831449 0.00200762025046339
0.0985716889186823 0.0869671389308394 0.193373136368443 0.187177523183478 0.0779330395530837 0.115673177246495 0.240304295798979
0.157157061588292 0.121603418541873 0.0459644357005393 0.261205519020201 0.394168694219578 0.00496095801932068 0.0149399129101952
0.405379424308292 0.0133913833350662 0.12554595099923 0.294122018508453 0.0364251449216175 0.00733589290273582 0.117800185024606
0.196069915211652 0.00790302579367688 0.143469055321393 0.104039819139213 0.193465750168788 0.183285691209692 0.171766743155585
0.258658057893303 0.12759945624417 0.00298471940292426 0.312698092629506 0.0370083446482501 0.152860042311461 0.108191286870386
0.234079408808816 0.00373813759533401 0.350080060292937 0.111054387982953 0.218340347832368 0.040620778585253 0.0420868789023386
0.120213961404106 0.0440867746347196 0.22031753803143 0.0450464277429737 0.178965140389038 0.143808158604853 0.247561999192879
0.202999101668686 0.120996616914439 0.196434835895027 0.174147812391226 0.111654255860768 0.183450368933372 0.0103170083364829
0.044067467326724 0.00391911917573186 0.174745334415207 0.259870105443704 0.206266570310892 0.0375631272399763 0.273568276087765
0.196254415263401 0.17568757909585 0.19268375410059 0.106112449712031 0.0636043754819764 0.205101130729448 0.0605562956167044
0.0547681326077734 0.010935200904219 0.0610741791765844 0.313511893601799 0.0459587400486184 0.336623008348603 0.177128845312403
0.0327987878349842 0.399213768949731 0.11817821119008 0.13097105255427 0.171496400424945 0.137594529482958 0.00974724956303086
0.0156067712201865 0.0837817728941577 0.13927046805475 0.159548690070043 0.184401344953042 0.197135401322871 0.220255551484951
0.154292448739694 0.216880976429795 0.14534199044222 0.202879693324665 0.0790614787058923 0.130416861101562 0.0711265512561715
0.197069683192031 0.16009959926806 0.0479855077734696 0.177041451859738 0.0770306484909884 0.140687240830343 0.20008586858537
0.167288615711391 0.229481119869672 0.199717658926284 0.110335794216905 0.040825447998061 0.0137134589422923 0.238637904335395
0.162185444633481 0.161432463240082 0.143559537062809 0.123801233028608 0.100345356092248 0.148865712605827 0.159810253336946
0.202408969958866 0.217048642968027 0.175103836610711 0.172063418337541 0.0974136547073953 0.0181377229044353 0.117823754513024
0.14750003639297 0.153153232125392 0.134728100206288 0.141121369206046 0.0325540828504376 0.136798385640046 0.25414479357882
0.0731070650246056 0.279223396738713 0.187925478021635 0.212652410840278 0.122322975006908 0.0872837014766322 0.0374849728912273
0.100208734257631 0.185209994946406 0.101898717979227 0.177021492529405 0.0551768178378037 0.193194312433435 0.187289930016092
0.171284229378928 0.231757562383356 0.0031542773424805 0.200131302078091 0.0982636433318143 0.095465762692065 0.199943222793265
0.103389295318109 0.073383940495395 0.262225559870182 0.0569507678369321 0.205930044710581 0.0715113973082147 0.226608994460586
0.276773283889109 0.167583323859554 0.190394929608197 0.0756165357349325 0.0884316690659224 0.0437844094833405 0.157415848358945
0.060406704511382 0.212276542313363 0.0880190930068394 0.197092478471705 0.129286160770487 0.202353251591488 0.110565769334736
0.184880841295611 0.17267178113838 0.0981047854336334 0.170573138361419 0.192259469994773 0.0537811221124408 0.127728861663743
0.078394460584032 0.0589675683619988 0.137402179893536 0.0302012393268291 0.27264587484999 0.354688053032336 0.0677006239512787
0.105287255200266 0.158137545656397 0.0474491663095344 0.15808104971441 0.175699997693864 0.157093734415596 0.198251251009932
0.0661068326736358 0.254699603659144 0.046728361755685 0.0145224295701593 0.252837636487801 0.215667455215917 0.149437680637658
0.0206055388407374 0.102238811925986 0.149416316922053 0.261642223552172 0.132640121142459 0.0625413217926296 0.270915665823962
0.0861767586410595 0.156170877117936 0.16964159261868 0.157503096079913 0.173967941772007 0.145596807936247 0.110942925834158
0.0590930268904087 0.108079870987504 0.097102207765747 0.220383345146925 0.107084491392767 0.349824128512602 0.0584329293040462
0.0436449197690489 0.215492394469974 0.178570734376609 0.181333817673938 0.124604532638204 0.165235729640277 0.0911178714319479
0.183562389206735 0.167476684050898 0.15165975966078 0.0757155043368871 0.13723876209403 0.186824046745958 0.097522853904712
0.118626297812424 0.132060810059831 0.230008454789014 0.082617892238762 0.0730352465482685 0.164978426542851 0.19867287200885
0.215911113163637 0.0665316136781279 0.190716506534683 0.184968439212126 0.0845154932020879 0.0590887149200631 0.198268119289275
