0.0417514513880663 0.0286579100313404 0.111304919793365 0.024457469204684 0.209395205681004 0.281508653795482 0.205309063565712 0.0976153265403462
0.017235225076687 0.1880809988634 0.214026514998589 0.0555126308928181 0.196415596679376 0.160114376041722 0.141392059965256 0.0272225974821512
0.00940630642291481 0.0886419734053276 0.186596303787584 0.106630906224104 0.105738167574589 0.261649924159138 0.089782423062791 0.151553995363551
0.190142618119968 0.142911409086117 0.0958479754615828 0.188562245157877 0.0876224860833319 0.00393954150258098 0.153579327674922 0.13739439691362
0.00553796418719915 0.18708142504883 0.114250119206731 0.130915537046284 0.0298087850226401 0.0810815738998183 0.19219964460593 0.259124950982568
0.174393968735883 0.051375923511887 0.0407446844237056 0.0541614038906791 0.0841751117677569 0.269162876662923 0.0410482323122654 0.284937798694899
0.163993951118867 0.030970820881784 0.0837336410089967 0.179634322895713 0.178642991526606 0.171871623178274 0.0160840864644903 0.175068562925267
0.0223558644724985 0.0882836843512765 0.242910555939079 0.206567259974941 0.149736572431514 0.210647073198163 0.0174199538181722 0.0620790358143559
0.161416549694032 0.160432070572619 0.166363949444653 0.143346965623385 0.0958966132229901 0.0702884699716278 0.113444086806638 0.0888112946640542
0.220342211472445 0.147442693682574 0.141871419590752 0.0274774914361964 0.188640458788103 0.122688787125325 0.0490119477700022 0.102524990134602
0.177802784388149 0.0458645709502366 0.0567376777706241 0.0542224300580633 0.187253128348134 0.181809540177954 0.185017866576229 0.11129200173061
0.0207285145231461 0.188140551452531 0.0994044545525798 0.0364148812779965 0.177747584886466 0.185598194274041 0.181950014683012 0.110015804350227
0.114248982685832 0.0259555153379421 0.229517838622872 0.134560438625638 0.212322397705987 0.167602410696777 0.0224217181736588 0.093370698151294
0.193270117638905 0.16221821496483 0.221625022011839 0.0109278798195012 0.0610185510735222 0.0578260898405115 0.0605012994464484 0.232612825204442
0.0156412579267412 0.178186524676786 0.000337458107331627 0.131405290752137 0.106176127549107 0.121443816869953 0.217960900738407 0.228848623379537
0.010084555999648 0.180817047826545 0.0223029530240085 0.149260883009711 0.0512117833322367 0.237113906221981 0.260384579280562 0.0888242913053079
0.148439934465939 0.0393415962974279 0.134829419810296 0.151878322370045 0.176989312100929 0.147811637655588 0.0696399126915302 0.131069864608245
0.189030127085277 0.0117504224377705 0.16327406650952 0.179684702552499 0.0878412588404392 0.150373037369191 0.108301750500605 0.109744634704698
0.0854671290407635 0.231238396943308 0.166034770909532 0.169917022474851 0.0112831374609318 0.24297134748585 0.0499235360151568 0.0431646596696067
0.11845199366908 0.12675113764707 0.0492518580252764 0.147535014921272 0.0152775122298077 0.222705953566476 0.100426276340617 0.2196002536004
0.128751446323173 0.00680680110778837 0.219006045750999 0.158220926780681 0.163796256557418 0.0240104106067064 0.131510253848532 0.167897859024703
0.185284724279533 0.121605691061021 0.0277567910993044 0.0635388579257762 0.184026404452961 0.144723308835223 0.0535397928016615 0.21952442954452
0.264398169695075 0.0317992369205564 0.0248030647029898 0.183288479659101 0.235790149157441 0.14606641790396 0.103865317549236 0.00998916441164019
0.229463913405028 0.128395726342117 0.00172744944229604 0.0636025067102581 0.208153780404041 0.129030625059957 0.0597756303534718 0.179850368282831
0.184486536271559 0.107768908183577 0.122339906219289 0.166534002744139 0.104714674561465 0.118061077846148 0.0602563948376955 0.135838499336128
0.040422784716399 0.141823432879048 0.177155487995079 0.251892885568374 0.0740855343385371 0.0029206996688837 0.134421864429751 0.177277310403928
0.0559151687630208 0.0880067547857794 0.196521021037216 0.0881286536491641 0.237738334937373 0.0403390158680936 0.160427301984274 0.132923748975079
0.0687418199293389 0.157852404254824 0.100320662788219 0.0371977661283226 0.179752937056487 0.138633762751395 0.174671458638445 0.142829188452968
0.0476785628076333 0.0749588549886572 0.137478312059003 0.168756609160804 0.177810816213153 0.0851591962254881 0.160459193768594 0.147698454776667
0.140003174999881 0.0978110424005206 0.0575065476655304 0.0763943823188121 0.319464383842774 0.291131657147463 0.00905433337171467 0.00863447825330497
0.111888405139098 0.0660581282695088 0.154351059705179 0.183628786814869 0.160952735249272 0.188469782299968 0.0528339864827976 0.0818171160393083
0.0560458576284771 0.0453748077562683 0.111188360791916 0.0542364362801577 0.246468637798265 0.242618186194121 0.189998585100235 0.0540691284505596
0.156425965638973 0.148278388223424 0.105875954832101 0.0349172577668206 0.168144959785149 0.124740983959589 0.165566587859803 0.0960499019341409
0.0650579887949826 0.124408581844522 0.198668808947941 0.180936958286932 0.120030879276955 0.0506668448575694 0.0923065076695489 0.167923430321549
0.0837995558228595 0.152490509276206 0.12784338428517 0.120153653772014 0.175499675935859 0.14803063256677 0.100393407929817 0.0917891804113061
0.0417558686823883 0.0323777663178756 0.107024475001169 0.209761494983155 0.0732646376527413 0.0892211059033677 0.166667469581808 0.279927181877495
0.116743539152548 0.178405147221026 0.152119985286682 0.154082207359801 0.0642683320638538 0.0585500651075973 0.161372216315185 0.114458507493308
0.0180762961810995 0.1144857937099 0.211649641067272 0.194123361593071 0.0797817801584686 0.030307402426737 0.141969415545889 0.209606309317563
0.154506823542488 0.0712622003954223 0.164326466820114 0.133985011281741 0.0562301581956319 0.120848126232827 0.0800280414313633 0.218813172100411
0.00993880395060454 0.00341866192102151 0.175987897013856 0.0978218997034767 0.213483906785565 0.201689805970256 0.186350094469632 0.111308930185588
0.170759762556733 0.164771707007799 0.169463886022396 0.119887737047834 0.0484226787894273 0.194948426454439 0.0352101011478902 0.0965357009734816
0.0440084843440495 0.078562824011994 0.0044070378197679 0.253444275249856 0.261380650865067 0.201312834468971 0.0744218309649133 0.0824620622753812
0.149453046517553 0.153965051097241 0.140684728052174 0.00372039700661494 0.134069542499877 0.196318673105175 0.0973694114280342 0.124419150293331
0.170480438481807 0.192379815053064 0.192997844447419 0.155430747495896 0.167552256722432 0.0151165272428502 0.00697039626638058 0.0990719742901523
0.0352704858314237 0.177289978853785 0.114309605132032 0.129229712015047 0.107303805596442 0.084938765276318 0.177047724923094 0.174609922371859
0.0832095992893569 0.209393030010624 0.14099443770294 0.0517875943249123 0.206482858501161 0.126807079882516 0.133013256133523 0.0483121441549662
0.109865715156647 0.143620024633355 0.178029328125999 0.0614797247622106 0.138080303392192 0.0982521410220018 0.209395150348201 0.0612776125593936
0.108392938959621 0.180109142110022 0.104253180871894 0.208304831628688 0.10900861168819 0.146375781586403 0.112517187251246 0.0310383259039357
0.137762390202203 0.0603043678232523 0.134127005050021 0.180358177293374 0.134422380486751 0.173816929698222 0.0570906550663814 0.122118094379796
0.151752644733722 0.206995292286235 0.0792057168381773 0.26357140496294 0.0764221737686571 0.139101943175712 0.00687254641635123 0.0760782778182061
0.0543031351971143 0.157859835617873 0.0614722335412159 0.238968392967738 0.0688331814726356 0.0976127892459401 0.190513371244506 0.130437060712977
0.157961437458232 0.150835798376778 0.100812714034027 0.0841279600810687 0.175117074535289 0.108955171730481 0.116756799439895 0.105433044344229
0.256300942727848 0.0640207918738482 0.104507607638562 0.243319048295456 0.0271088852597442 0.0481735116605111 0.0939964176784946 0.162572794865536
0.129015653200615 0.180790094304446 0.0556539435903401 0.140319748328675 0.0136343746696581 0.172813018981009 0.173831143397942 0.133942023527315
0.193829536934612 0.161087227409782 0.188281680684808 0.0729802702646168 0.0832380369518047 0.086491256896686 0.123348919642851 0.0907430712148393
0.217276296508833 0.254259164196729 0.105976355532922 0.099920356856385 0.277545905534021 0.00194401641216788 0.0223245604514782 0.0207533445074647
0.0891929122156286 0.187627100750249 0.0216140795848533 0.107821862657342 0.201816796364944 0.16690376469509 0.100195068535278 0.124828415196614
0.0363847745770102 0.220689135966722 0.166893900256627 0.0684694994020513 0.0446695052091483 0.133640599539745 0.103243762918174 0.226008822130522
0.070094372155023 0.0269638704745793 0.160785224327769 0.213277730331211 0.400728168977238 0.0712767652586028 0.0417420953854969 0.0151317730900801
0.0583684393032189 0.165069667231957 0.0554347521495138 0.0837316264300628 0.0666859923969003 0.208824159697615 0.132448014265377 0.229437348525354
0.121682672174857 0.200119093566199 0.0125234247133811 0.0911873270904545 0.203407812468526 0.122916173206278 0.121339489334283 0.126824007446021
0.0173003262275875 0.0747825405490029 0.0781311159078784 0.171937878368457 0.149858099288995 0.139843822157066 0.175059097942989 0.193087119558024
0.0262531332714998 0.195595223774748 0.0731208738273685 0.111497943536921 0.00912386755172709 0.240278278850942 0.157987901094173 0.18614277809262
0.0139956158074648 0.000815903938044767 0.185261142893046 0.132231008969638 0.0118566988167509 0.298231825627603 0.0358278904983793 0.321779913449073
0.202443724320291 0.0503029172884605 0.036678216919932 0.199489825515347 0.101729880227186 0.157288283057025 0.0449930588820838 0.207074093789674
0.0904871455665043 0.125049196158139 0.1905670777168 0.210065654814384 0.0791505335683387 0.0642036553236561 0.197859528567468 0.0426172082847094
0.223288435835705 0.0262260390065071 0.0667849203383915 0.0374009364385291 0.217459871990787 0.167942703038253 0.151768195761226 0.109128897590602
0.0224180287803413 0.0278146786577927 0.203125779327164 0.144923799778702 0.227571269414745 0.0120767635069924 0.250490126637248 0.111579553897015
0.181672308022897 0.0469294133543241 0.140481737257877 0.0576119628432975 0.176229713570424 0.0761626914081533 0.164818783091499 0.156093390451528
0.160370007386927 0.174527745496159 0.0864724618775708 0.0718782653282872 0.106901963252445 0.146742819281169 0.113947214985192 0.139159522392249
0.106795028021362 0.153043242164221 0.162448597476182 0.0990434036277328 0.0964868717969514 0.19525230764848 0.0937019540687408 0.0932285951963294
0.148548719024386 0.155365614988091 0.112202981177086 0.117322884641445 0.142631259453371 0.180606898184878 0.0416741151376879 0.101647527393055
0.180464859306598 0.00556839623079007 0.293961152010664 0.225193820800807 0.168890824869777 0.0591971661211982 0.00857011925314959 0.0581536614070156
0.146443424055306 0.0845768398729351 0.0635229306111016 0.142494191032742 0.156960605860414 0.0696699480035436 0.188058225243735 0.148273835320223
0.14296842977539 0.0561261099122813 0.200688003208539 0.137786716247273 0.219814751635349 0.107640968665649 0.0271049812506851 0.107870039304834
0.116164642060118 0.0225040534475708 0.0905278135996589 0.0211986402484788 0.253337104637264 0.20240834051348 0.232373289026322 0.0614861164671075
0.158121257827626 0.141452594973097 0.153812346279064 0.0897341215937608 0.10062853741244 0.161812861417767 0.0362164749283012 0.158221805567945
0.190678705184188 0.125860488404722 0.0669071510375771 0.13902521418256 0.019462049786097 0.183868936802132 0.209112372151283 0.0650850824514404
0.0235385117794504 0.205410179544986 0.208965904000589 0.163912294494069 0.12729772375107 0.000579693064412994 0.104294903520782 0.166000789844641
0.236933248173567 0.0245480942105208 0.0936886111650792 0.243384214692305 0.0780402495077709 0.141499994719625 0.0767471096385694 0.105158477892564
0.178804398781255 0.0461049931372316 0.106417228415279 0.0452850306594905 0.107479488941652 0.290161113122739 0.0738706945601312 0.151877052382222
0.178708681346796 0.0449136793629213 0.157406804381985 0.138516063146194 0.20607107918248 0.212437671349132 0.05374117404795 0.00820484718254108
0.0150436386866953 0.117154970987208 0.233348017863659 0.0164206620376796 0.0933535519189056 0.271236655217124 0.126176994209409 0.127265509079319
0.231876422318315 0.226981604109649 0.0466931357122118 0.153325167963679 0.212769595146432 0.0107589416143036 0.0760447129867156 0.0415504201486954
0.11796037895254 0.162205283360134 0.0959958230606589 0.0422025903616917 0.18858869557427 0.13882215278656 0.177028870942904 0.0771962049612412
0.221121169279928 0.0367241804783662 0.23277289526006 0.0610985824720532 0.0710297859415455 0.0590986247362354 0.186745458467269 0.131409303364543
0.261792921184894 0.0874069619780209 0.166036840046154 0.152486084703689 0.20211711951468 0.0615578857824328 0.0435103102381986 0.0250918765519311
0.211073757022031 0.135931575494855 0.182647833492584 0.187995241129392 0.0503528853975163 0.0970524435166721 0.111539212996153 0.0234070509507969
0.199366238147028 0.151013323472395 0.0805956652570609 0.0458873771215799 0.170292372546838 0.055747083751063 0.160089412819933 0.137008526884101
0.0379009102141665 0.0931898398517933 0.212483945458225 0.205471578616789 0.152006341070987 0.0866841672354093 0.163141459399929 0.0491217581527009
0.0959121567968173 0.321908137503327 0.0916850217538805 0.000484648790406603 0.0784756300283554 0.252713338550536 0.0958306184364301 0.0629904481402472
0.0678060557743697 0.176976699072441 0.139584515065979 0.00649208759575762 0.155155069604715 0.146181630150204 0.19011757997982 0.117686362756715
0.115604690457201 0.110949061285373 0.123035211250922 0.0688605123824988 0.178526743104592 0.140255540693931 0.0867365676899562 0.176031673135525
0.12587133113239 0.0222228344567692 0.180505361679609 0.216660983910931 0.0525100796002471 0.114781385072467 0.0378627920251014 0.249585232122484
0.116310406747925 0.0274742303465663 0.212161440095181 0.0817121604733506 0.07358101451692 0.14952049683851 0.149263894775853 0.189976356205694
0.239111527928039 0.044757594531782 0.136454051863518 0.0309832659893967 0.103064158334292 0.0948993971555153 0.100609284649743 0.250120719547715
0.108677029895718 0.187653019677819 0.184864389311492 0.0353113568821236 0.185967144224108 0.110543199633644 0.119720502177444 0.0672633581976505
0.263126444959629 0.174757956104858 0.0197686531528916 0.00131293760289875 0.229472801196057 0.128843299676534 0.158696470971203 0.0240214363359286
0.093628926379437 0.141265525721731 0.0897106447474733 0.156207226558294 0.154071819037039 0.137006884739176 0.154729682110667 0.0733792907061829
0.172910825840386 0.0771023413745997 0.148406128520571 0.195507364869731 0.0649107103147676 0.135966705258146 0.0989470951998058 0.106248828621992
0.0945764725736963 0.0555880561004622 0.372410415419754 0.000649805936854786 0.0862460975303791 0.00539595239213707 0.312217626455872 0.0729155735908439
0.0428236193055568 0.238210734946307 0.0874119881629425 0.0742909144594885 0.0781846667199439 0.287335091647541 0.0517619936669011 0.139980991091319
0.247486109969411 0.187642845558968 0.219025120895456 0.0490798203695831 0.0477902786030357 0.116691554153449 0.115017761001381 0.0172665094487158
0.129485099172872 0.244393975539493 0.0761544194322092 0.0421911537366873 0.111104001033202 0.116189496820479 0.143892565103851 0.136589289161207
0.0732784464542603 0.110746602168828 0.144991605095154 0.182499048994338 0.113118359754291 0.0535403140323187 0.178962408189294 0.142863215311516
0.0625491214841382 0.0301510076459152 0.20560230710761 0.147868096834299 0.0988121965350646 0.0320114692725641 0.14660690893084 0.276398892189569
0.178637182772967 0.104962085101808 0.218483495706137 0.190477707361832 0.0637581026556098 0.0621566608151482 0.012382354651264 0.169142410935234
0.0297477584170654 0.205417887301322 0.00980377062362398 0.0453050189361783 0.270498794161406 0.194790123042019 0.146258481370159 0.0981781661482265
0.0743406434558696 0.00934835042104399 0.0913556116110974 0.225414173267649 0.244404273571812 0.175860384166904 0.137378017864585 0.0418985456410384
0.192202549343244 0.168857384062146 0.015837401670998 0.15480598418014 0.182825750008796 0.0685504975226456 0.101306303340241 0.115614129871789
0.0655189553855924 0.0986579997485801 0.178845239994163 0.173788347386257 0.104750330688197 0.192461034205726 0.0626910508177298 0.123287041773755
0.174453559510983 0.119229676775364 0.101269033501154 0.0147565539867993 0.162107524359088 0.175924404121596 0.145311322326841 0.106947925418177
0.124951334677206 0.202140911986553 0.147926486162265 0.123479000949496 0.127795580738851 0.0793052325992549 0.0226783588817457 0.171723094004628
0.151559310863475 0.149779406783935 0.047471831869563 0.14399013060011 0.0463078980857037 0.174641365290754 0.159099305693503 0.127150750812956
0.157051819117799 0.126835300307602 0.0821070263710867 0.125431624770467 0.120858911291293 0.20526223140725 0.0430796681092208 0.139373418625281
0.131465441783129 0.034885580447345 0.137674088202993 0.124168917567764 0.0831239523007277 0.112216082377839 0.150820257765757 0.225645679554445
0.145372709841971 0.20036396463848 0.116288285879046 0.165090556692847 0.0666734532593062 0.0944549686884128 0.00110890817616778 0.21064715282377
0.13815394634146 0.0539939762783452 0.224079500317996 0.109048090221788 0.0957690429466092 0.100679947127029 0.236830332075954 0.0414451646908194
0.184792046836076 0.0995784849477277 0.0952377338853298 0.223687651767228 0.121822175595731 0.114598093332746 0.116471551559437 0.0438122620757243
0.0402057195567799 0.100003310650726 0.0829542194054279 0.157993058237588 0.109341318586381 0.178460525182473 0.13966735837786 0.191374490002765
0.0654830700423485 0.0916700329688161 0.00726116489522042 0.0245929197868562 0.0399792474702572 0.341193290921414 0.320397709483249 0.109422564431838
0.00813846831111864 0.0411977547182902 0.0232643933608239 0.0849005295562786 0.205537419206138 0.254563935737453 0.328377213565558 0.0540202855443386
0.0560701723629684 0.152917874010702 0.145550880370078 0.124542514393276 0.0479958206649325 0.177343419205884 0.14613510438277 0.149444214609389
0.323151563168654 0.19955181752088 0.0326200974132818 0.0552250368340001 0.15835099347653 0.109384208796585 0.120899621341569 0.000816661448500505
0.00932516686203103 0.193947028888998 0.0865235381661809 0.117189090562804 0.113401826796563 0.150896445350508 0.173010683618832 0.155706219754084
0.0639357209222531 0.031398167525273 0.110918295423164 0.187193772860446 0.0818657089231765 0.222514926960974 0.154723513550273 0.147449893834441
0.241891089777745 0.168437828338834 0.163775726761104 0.0709154514356211 0.00508900572599425 0.154162080645335 0.052347326066149 0.143381491249218
0.111441351129926 0.0873469997388598 0.1986573595158 0.00529410064455032 0.203916215418954 0.236285492738713 0.127514502426141 0.0295439783870565
0.120125623231732 0.000597291930213374 0.240157014290989 0.0548378202607264 0.235891862622158 0.0566263233653391 0.160879880846201 0.130884183452641
0.216984824200161 0.00495885335228879 0.0208325018183326 0.239474398005282 0.219162896573953 0.129201011014691 0.16069971464703 0.0086858003882628
0.131023316366569 0.0681797777372757 0.18036926784442 0.0570580292469279 0.149101306208665 0.14177951989431 0.127988627049701 0.144500155652131
0.0423387791621755 0.041558565615929 0.22127005645541 0.212986877644311 0.1117371032768 0.183011552319594 0.0225811772837411 0.164515888242039
0.00626519529689894 0.132363677542833 0.210966143993482 0.103295665285853 0.140499022018626 0.111129251160334 0.0704156521489023 0.225065392553071
0.111678300348897 0.00413302930246253 0.122858814412369 0.214250275464225 0.0642150923526236 0.110697533943041 0.185430370450443 0.186736583725939
0.00458876543452331 0.24345284532976 0.0862880379687946 0.0726793356838016 0.198197125001344 0.168596260186995 0.150584042214845 0.0756135881799365
0.1721983612134 0.0261334480256277 0.299535138661057 0.153087278466841 0.0696793358865741 0.0249978100057558 0.0423080229106614 0.212060604830083
0.111398584914613 0.0279109732872735 0.197443355469782 0.122670397566673 0.196750309528637 0.172312239611051 0.0561321728226808 0.115381966799289
0.169336723684952 0.168330066875756 0.0226554110618201 0.303895368980712 0.0859777492792591 0.103574442910065 0.143472477644988 0.00275775956244747
0.0291602941986271 0.16898052965704 0.0711646596566917 0.151091995610691 0.175124661994606 0.0583787884582749 0.119249359184289 0.226849711239781
0.0719934559109812 0.218217804854302 0.10296551294388 0.0796882907707296 0.205753055307427 0.225074669927043 0.0952798551975935 0.0010273550880441
0.165764914515693 0.0938700572708736 0.166756781498911 0.124263205857598 0.0917478913093355 0.122697582039709 0.0458423451493911 0.189057222358489
0.137811467434358 0.180939693150658 0.0584483109651993 0.215584740175815 0.182925220550077 0.0247247022912511 0.173816091967213 0.025749773465429
0.159921596688632 0.155403997297562 0.0856369732665975 0.14073909170556 0.0509638853841143 0.0959410495973455 0.158277364674892 0.153116041385297
0.23290364808358 0.0698031805234681 0.215334240515776 0.0553860266702596 0.0111949667901016 0.107597646412268 0.00286505853085523 0.304915232473691
0.160255379302337 0.189326582612195 0.170018508630823 0.0299757305791937 0.207419264260024 0.132288193364888 0.0115372252499334 0.0991791160006064
0.190226605136483 0.137082911036372 0.154497801643744 0.10585008727385 0.0014337584084923 0.180001617317036 0.094292801700517 0.136614417483506
0.240604469750344 0.17269650094346 0.110565798553922 0.0672254321877434 0.0561060235101688 0.202196031573359 0.0363948683724431 0.114210875108559
0.173255515081196 0.133549970514142 0.0837611617932427 0.19404478299257 0.130499436294922 0.123359523616441 0.101232245634023 0.0602973640734629
0.139916888659717 0.0243768126440161 0.0947003615869968 0.0611231502526756 0.244452537143475 0.0570733953263399 0.1566554843999 0.22170136998688
0.12781663247163 0.100550607651729 0.111832121246926 0.0883743279918143 0.238179898130107 0.00717910426014651 0.252681273182453 0.0733860350651929
0.0797039153877024 0.0933038285197727 0.0744166956920699 0.0577541145841542 0.184255942350191 0.225146735533691 0.0963622117120299 0.189056556220388
0.155623208318563 0.12358659172775 0.0559130793301815 0.0743797514144692 0.104049254261083 0.170407342904201 0.0732567200530697 0.242784051990682
0.137491233600701 0.165452044626795 0.17191520933305 0.180801989252992 0.126464050961972 0.177219172943218 0.0234291995917646 0.0172270996895072
0.151582554739144 0.262324826091493 0.0952654172070592 0.00638357441132657 0.0854841642812373 0.00565542826302813 0.193036427616313 0.2002676073904
0.241995707553052 0.249003414271289 0.0202325270327633 0.059581220050358 0.0328731757077197 0.218191741318346 0.0180229385903848 0.160099275476087
0.149360007926686 0.177647266870138 0.0111022589434199 0.137436550518352 0.13464451277115 0.166190174477238 0.0390696532065412 0.184549575286474
0.313034459918041 0.0483690902722349 0.036709415207592 0.101045537808433 0.14849534096581 0.043237988796493 0.178171448665985 0.130936718365411
0.135955394163092 0.187386939256538 0.204969497885971 0.00839669680576734 0.132826662621403 0.0875278596710594 0.125416477337109 0.11752047225906
0.214131438572635 0.0983191463984458 0.040316555588101 0.189567728301284 0.118872301512313 0.059915430689213 0.234606055334337 0.0442713436036703
0.0773220042170208 0.185492737589064 0.208264299073934 0.128238345071292 0.0347666269446885 0.0785836420611836 0.219961421931438 0.0673709231113792
0.111635117739454 0.213693593013776 0.359745171576411 0.0607000100780104 0.0413854164238287 0.00481725989562182 0.176227632490114 0.0317957987827836
0.133091368176238 0.211209799557793 0.199760130992157 0.0440696942297253 0.103810472422276 0.0399671297911118 0.250781868355284 0.0173095364754148
0.100271175017716 0.146056398881067 0.0289489983976494 0.233822791007683 0.206960741822591 0.0134130849571683 0.106902633787809 0.163624176128317
0.171695343085673 0.0854051162996052 0.177748879990743 0.11546989977237 0.0917035906235475 0.252444465159483 0.0499586863518213 0.0555740187167571
0.0790013968818973 0.0786626115470619 0.199712803898082 0.126104996601653 0.0470618903296451 0.09184351142886 0.116864356368456 0.260748432944345
0.131986642718009 0.00820848403284531 0.0768852519073561 0.154098655095154 0.163974307073801 0.108775124032721 0.18276190937973 0.173309625760385
0.202109391420927 0.139329405066635 0.064298467506384 0.0441490798407317 0.135540188548713 0.180345787567783 0.168149532895024 0.0660781471538016
0.142577199342076 0.109134183478774 0.212148904169836 0.0959005783670097 0.11045922684471 0.123661849457346 0.0561069194109071 0.15001113892934
0.0228378980108927 0.20627108400048 0.143006106273851 0.0405998400586938 0.107325859901989 0.247340671931132 0.184984220477572 0.0476343193453888
0.25944660003565 0.0567766254508407 0.0164603770217144 0.0913968459937482 0.207499711178414 0.241514844179193 0.0818368423438405 0.0450681537965998
0.18795059915355 0.0303601837440787 0.124990608655118 0.140400403234724 0.0441607974013049 0.118511569274849 0.160121653170417 0.193504185365957
0.00413712426910561 0.0632480876061084 0.311982343146866 0.0121332175725941 0.0752944492655257 0.290013703160837 0.204467420952828 0.0387236540261352
0.132081999878479 0.109772560769956 0.283238268155303 0.205641459897518 0.0498663462988679 0.0341025546012092 0.0464807229660822 0.138816087432585
0.143878769731618 0.264105072664707 0.0259857227521735 0.00880526452763749 0.118827785540563 0.0710096555482343 0.159196880513138 0.208190848721929
0.168790999732967 0.0691669768294107 0.140254269704915 0.0525932911417035 0.187237027102237 0.166664317739758 0.104719831675575 0.110573286073434
0.0795362111296345 0.144056371835562 0.103268912363491 0.00315941834536912 0.0960061659877159 0.191964125309899 0.233721409680588 0.148287385347741
0.1324342421896 0.155907688468723 0.0191747879828937 0.156227377273091 0.106621965986879 0.166567467457514 0.122612508690009 0.14045396195129
0.111857029892803 0.0145557625505137 0.166543684240847 0.206552767253378 0.123159532931505 0.180293375166344 0.196430702777124 0.000607145187484774
0.0478783138767219 0.0917025673924022 0.226881801806669 0.189063612586267 0.131123877184063 0.0887712719844917 0.122818736376944 0.101759818792441
0.0357441706039199 0.0899451945524063 0.160234146194634 0.102701566662733 0.167229067154813 0.198429336233143 0.0925340690539471 0.153182449544404
0.222453969020738 0.0554417305413989 0.0328102936897273 0.0221840633458463 0.195507584172009 0.20042374556005 0.108309081293716 0.162869532376514
0.0135553161082428 0.136481092622705 0.220911527940764 0.203564489286327 0.150368721466144 0.0333842435260522 0.118832030268379 0.122902578781385
0.300598891091824 0.195621309446799 0.204572187877601 0.0496822513187244 0.0577098662684766 0.113054203785984 0.00221262135466721 0.0765486688559238
0.114155595075167 0.198286517682636 0.0885955636335306 0.172877757718773 0.162803467824139 0.154426540430481 0.0329287362378475 0.0759258213974263
0.0530226179675857 0.206629694741822 0.144260115861184 0.165296480625566 0.0262939221899607 0.251521082565945 0.111530262800352 0.0414458232475839
0.072563097247455 0.0705282495269745 0.309261989552203 0.188145335004924 0.0713461398183876 0.137655822527794 0.102701034139089 0.0477983321831723
0.027484488566759 0.180006989400579 0.0338437524040655 0.0168962960048979 0.184329465905641 0.25801792266669 0.198400939652808 0.101020145398559
0.162836137463785 0.0101542045076131 0.0408215397507031 0.229986595670305 0.111371211386179 0.15646407544122 0.111982753341192 0.176383482439003
0.116069744769766 0.202458890428892 0.0351709674765791 0.155304689478642 0.0965933613758209 0.146105047714118 0.183534308214734 0.0647629905414483
0.209093925027562 0.0129283115831932 0.0662175064129216 0.228819461731244 0.171814660271819 0.0153193279596022 0.0985222550096689 0.197284552003989
0.246647420524406 0.0257397441843379 0.0250680257966357 0.159400995877014 0.137321069234422 0.104689406612202 0.201141483087287 0.0999918546836962
0.23213840836756 0.103303893270117 0.0239667424155586 0.0220947768126727 0.221490989071446 0.0445702989234908 0.107783425637916 0.244651465501238
0.135036169189316 0.0424391594243587 0.0708546007487538 0.195380542080223 0.180756281816651 0.185718084325392 0.00285949916082737 0.186955663254478
0.0578719393038737 0.127833263062263 0.16407724917783 0.11877113659185 0.191277342942912 0.0869288733061215 0.0468962793980722 0.206343916217078
0.0318718008747758 0.111363610070563 0.0955614471198637 0.285911850276546 0.111988413531113 0.0926368729284299 0.0372128727777117 0.233453132420997
0.161746499681309 0.0663292222396579 0.0639833330645254 0.118150834469585 0.00017758888977647 0.196692877608858 0.187171523767127 0.205748120279162
0.173946243977911 0.153720050854939 0.0139307041826015 0.162401103878534 0.0409715785173471 0.237194884692407 0.0938140209812903 0.12402141291497
0.0605187995125045 0.236922977182812 0.196840029178858 0.118062475894816 0.169362108993578 0.0508438923220781 0.0487152685342727 0.118734448381081
0.0262190604531943 0.0941296735742739 0.0473057651940753 0.180619103234565 0.304859722581697 0.202163260412319 0.129807397694318 0.0148960168555571
0.120594385645742 0.164354349185914 0.102873448836146 0.0744297317433192 0.0541844549550312 0.169436228494051 0.140163405616081 0.173963995523716
0.055206109178544 0.0640027467984715 0.342990613556377 0.0572377589803469 0.239971410887916 0.12364000067934 0.00433324599993276 0.112618113919073
0.149599358006096 0.0732990968838204 0.177388166658993 0.153229748655808 0.054513256543796 0.0830193473816413 0.168547289313748 0.140403736556098
0.0100751156149933 0.127318836431174 0.200324349271683 0.0870535897187116 0.178548939657814 0.174145911094536 0.178599576778539 0.0439336814325495
0.197104774460134 0.192257439297011 0.174832209018522 0.0292125623051512 0.0564486449152792 0.0902646322557293 0.0768941243099563 0.182985613438217
0.0628726271834466 0.205920985728248 0.202502219406563 0.156693201982377 0.030780205045788 0.157280879482229 0.156810978688502 0.0271389024828459
0.0860838855378605 0.0546057277967071 0.153247464118078 0.247801705044625 0.0586228624673165 0.0501064543183071 0.26722319372361 0.0823087069934959
0.12034547645339 0.18503405623045 0.0729646714876706 0.132245645954314 0.0558783869304506 0.146976856135785 0.137560979034313 0.148993927773627
0.164776465609293 0.164180971417508 0.0390845268659304 0.171324419607117 0.171451062484583 0.0733975946076198 0.190026328199303 0.0257586312086466
0.206839141788795 0.0198838303499693 0.0495010585770019 0.15386587856126 0.0246495549156169 0.219832865664439 0.225184784735688 0.100242885407229
0.144902374138013 0.188416382503714 0.0961071155696364 0.0440358671093158 0.0702373695644702 0.226854386604149 0.166866631300798 0.0625798732099041
0.124257135087186 0.0561083909855801 0.0209027453573263 0.2277651205498 0.10149716571616 0.225167162693246 0.115954726303047 0.128347553307655
0.220256068409609 0.118654948547925 0.073339026973855 0.165400370559044 0.0336935127065579 0.0234863966805997 0.333464859544472 0.0317048165779374
0.160054050915647 0.192201396766096 0.0709178399026368 0.133642461679589 0.144070073807957 0.0587043233267761 0.16879596337102 0.071613890230277
0.139747168469286 0.0282471752714108 0.131365548115928 0.0548670657468236 0.222813479850087 0.245219047323491 0.124909472433476 0.052831042789497
0.00752722209129688 0.20666486935241 0.14558420040772 0.075925017193705 0.282493248925155 0.128835113405028 0.0119164090962554 0.141053919528429
0.244742699082194 0.150267507581779 0.0763853620457456 0.22557414316521 0.140140530500834 0.0389218019358607 0.0264310348936486 0.0975369207947294
0.126852242032719 0.0638908543645961 0.190142368115481 0.174258739867785 0.0912236609955466 0.102095347254575 0.10003755334641 0.151499234022887
0.0305895196669082 0.15827112907117 0.102700523763696 0.137371585003644 0.160599378768821 0.137056876037655 0.147740519332793 0.125670468355313
0.226634491856981 0.0105664525980142 0.0803492845293985 0.273544418407444 0.265968297812686 0.0324549745810058 0.0775616250922584 0.0329204551222122
0.0121273619526602 0.0469240231228915 0.0389987297212627 0.0648642666315648 0.1251953207352 0.264142212888583 0.184382770000235 0.263365314947603
0.127221338104704 0.103134561967854 0.125992326477855 0.145360750446422 0.146789380630756 0.0922781391008939 0.134233533879673 0.124989969391842
0.139641046102669 0.200083983135185 0.109263914509848 0.0544081165402438 0.0926992299187991 0.123646485505971 0.0836185366004686 0.196638687686816
0.156980019458936 0.00497703898733726 0.12163323373912 0.0746189550518425 0.189334383961736 0.168095377013214 0.181915931155311 0.102445060632503
0.0640470596777613 0.213147027035532 0.0193481880035375 0.224039841786019 0.00965708489095134 0.0828375465272172 0.251127081179365 0.135796170899617
0.0247070537555422 0.0932758998659266 0.0662809461981269 0.107709763653966 0.0910497310972595 0.212837768387106 0.191509052253546 0.212629784788526
0.187579776175997 0.134106540789943 0.09601034951953 0.0496472055030062 0.0723541623546741 0.144895860218562 0.141158922446838 0.174247182991449
0.0150954574306525 0.0368808609778608 0.0134221476631752 0.315258758283744 0.122209872248114 0.232647529160271 0.153867051219119 0.110618323017063
0.206292302622696 0.205821560894204 0.00843682160395251 0.0798651679136758 0.159915503612834 0.118782731715102 0.00943429684239629 0.211451614795139
0.143150145473547 0.120867042399154 0.0108941306159755 0.102607945547567 0.0964822235074095 0.185213218856708 0.142546535310589 0.19823875828905
0.0676464597240992 0.180771458535447 0.139420206703884 0.169658338906251 0.233098335054081 0.0394426021621583 0.128961987026908 0.0410006118871708
0.0227615150887917 0.242996703975169 0.0265439104771207 0.198870546741602 0.0909163195064116 0.0958295702440107 0.128042598774604 0.19403883519229
0.147652952923429 0.10862682115808 0.126824806212137 0.176606329707996 0.203468418022317 0.0567506380872094 0.086962161649638 0.0931078722391934
0.018682925451056 0.164412578449732 0.155803790954233 0.145310570589873 0.1071243216447 0.15810466290457 0.135640489589597 0.114920660416238
0.115848417664355 0.0174035455858106 0.183418005280397 0.171492218107137 0.169717929501931 0.0573201011917796 0.253614180385294 0.0311856022832958
0.278816570375925 0.0773848536067413 0.113706016001143 0.0827909261074295 0.0258413393242205 0.205267600204395 0.135232955313305 0.0809597390668411
0.124852513389827 0.0103387128940621 0.197396670863948 0.104172793298355 0.217208598994944 0.121284294639939 0.0124981454284957 0.212248270490429
0.0603013440831316 0.0461691344310197 0.127129055024878 0.190884072634026 0.172687229878517 0.212917727217552 0.159446752597201 0.0304646841336738
0.160352184607052 0.152817163648459 0.111160786844587 0.134558839624214 0.124336501330702 0.152293616637315 0.0163641255745715 0.1481167817331
0.0633788777955688 0.0581865908770846 0.0287517009113593 0.242706490225211 0.122330830713738 0.144247937068764 0.199443253995294 0.14095431841298
0.127267717844337 0.00340443013613901 0.206339959839134 0.18302325076492 0.14986658594542 0.189329815142138 0.0490612553428844 0.0917069849850267
0.166502588780411 0.024005925826427 0.137556300445136 0.145926385826261 0.194801500613341 0.00651765675420495 0.202719528913357 0.121970112840862
0.171938527873437 0.0553161044012136 0.115646125332103 0.234088942105507 0.155763557925689 0.157966438680643 0.0277122319794245 0.0815680717019824
0.0301761782753074 0.0892744668239863 0.00672195510061317 0.238977185152559 0.0964212248126227 0.15058515077155 0.148084004539324 0.239759834524038
0.13719167053694 0.175728849834801 0.152123747676523 0.219678813972516 0.0197316856573663 0.262217220900262 0.0158174339851788 0.0175105774364119
0.0600282307883151 0.10974328647451 0.0130342372909585 0.173210526486274 0.20599375557141 0.120856280271962 0.132272127464436 0.184861555652135
0.130241068293557 0.104376691006007 0.17794716674779 0.0940703358101068 0.0905187347190555 0.200894282097367 0.194267729232382 0.00768399209373584
0.0254733814006556 0.233632375267295 0.0385023979059923 0.202280579268882 0.00553743865059573 0.119688797479694 0.228217989590966 0.146667040435919
0.131975155952108 0.211888937909304 0.0127249265325157 0.108568118745896 0.154563411022029 0.185101165292045 0.119501987019202 0.0756762975269001
0.0609372158582089 0.0365303813989852 0.0258846372907352 0.0207212395266844 0.27057683273701 0.21986030300379 0.242582284690397 0.12290710549419
0.173837682791302 0.0965071073419184 0.0190878380941495 0.149549257393708 0.245813567085707 0.0254984095386587 0.173759321072212 0.115946816682345
0.199359112417308 0.208891111835259 0.208794306565468 0.149529710366192 0.0434099023979714 0.0240415331652879 0.0877671081280123 0.0782072151245016
0.108923072702186 0.207834824357878 0.0945413159665678 0.212584875425182 0.0607345959068346 0.113075800891847 0.0718573573953625 0.130448157354142
0.0731385760441134 0.253011170146313 0.125518064948895 0.150338146927283 0.103591495260457 0.172020483016084 0.00590005243469273 0.116482011222163
0.0305191473279441 0.301838288711527 0.158034359822367 0.0920230272215409 0.267172670469353 0.0752565748901018 0.0463265966797208 0.0288293348774451
0.0386607770170227 0.181703705854349 0.0785335429093487 0.0108502383112255 0.165678698592809 0.128821963992803 0.16066997459468 0.235081098727762
0.135005811479737 0.119495487439406 0.0878284632589313 0.121790407675438 0.0453390790762571 0.215458699211064 0.210382231281905 0.0646998205772606
0.110692681842926 0.0455697016065308 0.214943372126837 0.0063815867780854 0.123213856816458 0.234983242788983 0.138269681440592 0.125945876599588
0.25253183644232 0.0602573757301199 0.122731779825153 0.0455612774199539 0.0592455727865116 0.188258176292728 0.131966573904255 0.139447407598959
0.0423402371455206 0.104607027251281 0.131361130096175 0.0820354990463658 0.166079796266168 0.254950650094512 0.218364691903002 0.000260968196975925
0.320360738828236 0.0854380235889026 0.0671723093302657 0.0182791369910316 0.0686087397189364 0.0511790609209644 0.290405004816388 0.0985569858052743
0.0807693054448115 0.081579995081753 0.0946292351433572 0.000332215872699032 0.196709350683451 0.0769206742086074 0.237667782206777 0.231391441358544
0.1987991652606 0.0697480686974753 0.0230971043535124 0.255840841179455 0.0609174939870238 0.146528815299455 0.0131786220485139 0.231889889173964
0.130797902962068 0.0634500598786469 0.158347168835179 0.122877928039848 0.0164367900590148 0.234474188266014 0.220324477901463 0.0532914840577678
0.106515030407783 0.118734748353256 0.150854845809817 0.0599936250409101 0.0973672755701812 0.167856528958988 0.166513268918571 0.132164676940494
0.0168160732882745 0.190126510547068 0.215650478064681 0.234669268560115 0.137358936487452 0.135497726942375 0.01622157616785 0.0536594299421846
0.157778336772527 0.120562897844907 0.145366167237639 0.095944709190099 0.113111877856062 0.121373762949262 0.159267180147748 0.0865950680017565
0.160165619419819 0.0914810379252951 0.165467392873963 0.0567668087676088 0.11851159818715 0.116750237355342 0.114788801500419 0.176068503970403
0.232088615949276 0.161122080337841 0.0405781268759965 0.0945826080478739 0.136414168422002 0.0509014100843404 0.227432600139113 0.0568803901435577
0.315125255633774 0.00934406974056078 0.293034214849512 0.0429537934452447 0.0661456841351797 0.225114081902968 0.0123379312756084 0.035944969017153
0.227138804466963 0.0585984176328772 0.134076138388412 0.152804993030379 0.160766940163482 0.0641639026111024 0.0196653235009529 0.182785480205831
0.176744311217544 0.0700594974191086 0.214351571391029 0.219849921826467 0.0658588239615685 0.0994640010660451 0.090674330291928 0.0629975428263098
0.130319257680494 0.00951840892129274 0.180333190957715 0.282862360655571 0.0639975913964585 0.224648275881402 0.074086738679593 0.034234175827474
