0.107248850433835 0.0771944203186128 0.280639160268388 0.158890101073007 0.0727093012368843 0.0971049152279407 0.0481941059094964 0.158019145531836
0.188211506596016 0.00309454209976849 0.197702216938696 0.170057088120294 0.0674953539512545 0.167349360345367 0.144247214526092 0.0618427174225116
0.117570561453595 0.0565257934625895 0.132838578785635 0.117154898757357 0.0287143685858356 0.106324384655465 0.224612742150159 0.216258672149365
0.144745661488431 0.0779404919311175 0.00483111983575787 0.137874928281218 0.0851468757579255 0.155694665167396 0.16390350749975 0.229862750038404
0.107475158218102 0.0743505524523256 0.0954936305722573 0.185103361931775 0.056430229090864 0.0436866940182061 0.22278187091093 0.214678502805541
0.0828242321365801 0.132892114960627 0.178228994183341 0.196303125584222 0.0820072041952536 0.138466702832392 0.0794343969105459 0.109843229197038
0.253116115081935 0.0567893907911744 0.180182586801973 0.0180770177529188 0.164259880116774 0.112213363044642 0.116251358008737 0.0991102884018458
0.0748358851855641 0.035861646628205 0.383211841407142 0.0111891327477964 0.311621263371774 0.0885045193148416 0.0295375308710524 0.0652381804736244
0.0841738849670264 0.035814206787013 0.150679147896088 0.0514126064872483 0.259034060278661 0.00828993302045143 0.200337281547135 0.210258879016377
0.0543253230963914 0.123195902365234 0.0402243517266763 0.0549047237374603 0.194305334500949 0.194034109204288 0.192682431096836 0.146327824272165
0.0798388411473686 0.0269160881449221 0.120627220101792 0.232578060280631 0.210247637834755 0.0112140899117615 0.159117399729554 0.159460662849216
0.105106334085368 0.108084042873975 0.0844395573262566 0.122346761665792 0.121411652682976 0.16771237126186 0.169318503073017 0.121580777030756
0.0582868145834613 0.156278411304751 0.0935111702116462 0.267353193084504 0.0497571099636478 0.0668039936194955 0.199119967659978 0.108889339572517
0.134499505092815 0.00681595148401963 0.295899316378008 0.0459353023478501 0.283277181333127 0.123261949791463 0.0469364378295767 0.0633743557431413
0.0142554343406127 0.227394562305987 0.0515736888787897 0.117106275712773 0.160497146071052 0.184900170375909 0.0501197306546799 0.194152991660198
0.144414467958498 0.073901016656428 0.145488808836132 0.0505169786460761 0.1521622078455 0.176958477242883 0.0884392012176883 0.168118841596795
0.135639210835938 0.159975284964697 0.186032587318055 0.123291827149301 0.182772114639366 0.00812562210181113 0.0778348113189606 0.126328541671871
0.213633518824624 0.068743996800998 0.210632664484874 0.0894594515850675 0.0684650576025124 0.186172973807555 0.121787560573685 0.0411047763206848
0.158880381353293 0.0312863902929334 0.17765192594024 0.0328717859511461 0.0860706343229248 0.183877694147178 0.135895556146091 0.193465631846195
0.0957789002329231 0.24528500209921 0.039264388943157 0.046705344732419 0.220322373238043 0.140039193167749 0.16278563077505 0.0498191668114496
0.213802896142922 0.0438621167630736 0.181778275092548 0.0564768784789768 0.19342865309617 0.182045019843265 0.11476108803383 0.0138450725492158
0.143341027197272 0.164240367810599 0.157882168397483 0.149931035005431 0.0357349785354663 0.192798727600084 0.102249335123533 0.0538223603301323
0.125485189330091 0.145011076221483 0.262388797589063 0.17963105775047 0.0922996851807455 0.0713799496137527 0.116332684408069 0.00747155990632438
0.0367515242182951 0.141799009253677 0.199059908031667 0.0385433360162877 0.202321229186744 0.121863677548603 0.155247814817346 0.104413500927379
0.109358399385417 0.201269296917059 0.186340030588661 0.179730335292017 0.11426507459673 0.170348375394621 0.0384573247099186 0.000231163115575902
0.0224668445488209 0.139334973028353 0.188591437422879 0.112714576455255 0.0360300306819871 0.12953744794393 0.195094082975337 0.176230606943439
0.214603405145012 0.0224464072352098 0.211182414724678 0.0779870056334423 0.163372643667233 0.165538607432369 0.137861337586416 0.00700817857564077
0.198679881702202 0.134144588537401 0.198417486753077 0.15463854342204 0.0230908266042202 0.0964177713526369 0.115742233936207 0.0788686676922168
0.249338328271481 0.224815557630565 0.0438991282711392 0.0202869144157318 0.127753847100021 0.00910377279003994 0.192574402441938 0.132228049079085
0.140315810697495 0.177118501008542 0.214255920937808 0.0314273637637267 0.0532780684810859 0.139942904618459 0.0732173392896123 0.170444091203272
0.134370609835105 0.185853523093685 0.0912385861951176 0.0366565907688066 0.0580630116359277 0.0185263159242951 0.253158986694346 0.222132375852716
0.190437669660504 0.0779814805014468 0.121494332987409 0.211509557524606 0.0149836752759043 0.171880014327502 0.118662729811755 0.0930505399108719
0.118935502230282 0.22349987853076 0.110829818353793 0.010399131165979 0.106347462863713 0.078221206299609 0.115115522971726 0.236651477584138
0.283139025288717 0.129807697548195 0.050990512825071 0.0241297576907909 0.217320536651614 0.071529176834418 0.0738091376446342 0.149274155516561
0.160412485890062 0.224395119616696 0.0429691943179707 0.130740262881939 0.00789047310474564 0.156554645318651 0.00811818706921278 0.268919631800724
0.206360327770298 0.0729425404215247 0.10416030199708 0.0402776232868213 0.123632633434075 0.146191542313652 0.0756520631920615 0.230782967584487
0.108148103971726 0.143280767766243 0.157892596445052 0.00430214115193847 0.134306948070692 0.157576547901994 0.16606903413683 0.128423860555524
0.124454716157702 0.105284790244141 0.09205961075291 0.125443512944146 0.113978683829807 0.197441961850389 0.194297402063876 0.0470393221570302
0.124769328348129 0.136175027882453 0.011777828705174 0.0148803614709031 0.243704819670355 0.0258695591133201 0.230576769926693 0.212246304882974
0.132655093588216 0.276975261520408 0.24341695278054 0.0516192415601846 0.163917593008596 0.0312756704102793 0.0294442460744015 0.0706959410573741
0.266664957766611 0.0580642339981275 0.168002689886476 0.109047635008029 0.183899494148988 0.0378308785156829 0.0365177467191207 0.139972363956965
0.181641790834107 0.209903702342061 0.0924545468278741 0.0818417094975768 0.0133701498378074 0.160687516714745 0.0445105131948494 0.21559007075098
0.158747278799487 0.00711102011731697 0.152368770064217 0.101799048033486 0.186459966161393 0.186356462709127 0.181608182247783 0.025549271867189
0.198275593335408 0.1999205914192 0.165057001603272 0.0820483012560927 0.0187510729264805 0.056252812406776 0.126517235179845 0.153177391872925
0.173933520011972 0.0768111385757012 0.065219838715171 0.172011453660861 0.0283120408878133 0.0826192430186422 0.197758508426695 0.203334256703144
0.17969623809879 0.101166853173813 0.128373571287156 0.0401987919477389 0.133340935608676 0.114893629119186 0.174992807989092 0.127337172775548
0.127606702798854 0.244528787036917 0.0289872164843964 0.164258922644584 0.0601399895772111 0.135330993541753 0.211052971914569 0.0280944160017155
0.131120494849559 0.00913842869088026 0.334046072189884 0.0499187607603358 0.024827205175415 0.0360768740272593 0.33037727595462 0.0844948883520473
0.154546556070959 0.00272104224927238 0.0875799356371928 0.117386426068023 0.201996895915491 0.0789495396056227 0.178134011932237 0.178685592521203
0.207826351094211 0.168879905096829 0.134825495022164 0.0863245584851969 0.0884948461171725 0.194986265943121 0.114322242349628 0.00434033589167853
0.158742375916111 0.087055851857011 0.0753469536860217 0.162235067079987 0.0385508365476575 0.13640162326683 0.178712318174172 0.16295497347221
0.0236335533600916 0.125933707248442 0.104618027011024 0.0454636713741713 0.102440508479235 0.236927481795789 0.155596694357964 0.205386356373284
0.0642707501932061 0.0976722991196322 0.0354985637626302 0.192898838760937 0.0426319948851269 0.265405057921007 0.124693595691069 0.176928899666391
0.145529171460201 0.149919425059393 0.103474132500577 0.113255258070679 0.165742366060986 0.0706671289861076 0.0454369126527816 0.205975605209274
0.153249282377714 0.0546107481127956 0.0999375661946816 0.110097210486964 0.138667137787278 0.236532106709989 0.132857241183418 0.0740487071471602
0.0454698644442118 0.0121994776931243 0.07910072286111 0.00768380882421612 0.213256971049126 0.239675314166787 0.155999732219398 0.246614108742027
0.00633809345857147 0.285203538487104 0.0243210764814671 0.0498675022771923 0.158693921170098 0.215583321349069 0.148309075631894 0.111683471144605
0.161454338775977 0.249096164077493 0.11163178640115 0.0239794029179004 0.154399803779954 0.133978812988329 0.0618772634322722 0.103582427626924
0.100198845114208 0.133520824170643 0.207684922443812 0.06861216640741 0.0951069980924158 0.11441371820881 0.209911478244172 0.0705510473185294
0.0286998810201895 0.220597754168807 0.198655040692882 0.00294701536011559 0.059422154981818 0.21299234962189 0.194877785816217 0.0818080183380817
0.0689629101238219 0.0950476638699606 0.199206781203995 0.201557202809683 0.181601691896144 0.0821657384542804 0.00578405702347519 0.16567395461864
0.198660103943986 0.0457349654603611 0.133382582571688 0.201099751950545 0.108738301078601 0.187973415173363 0.0908549000629627 0.0335559797584933
0.172462236584356 0.252921057514389 0.0262486358516706 0.00713280389125672 0.215131531841662 0.199037692315293 0.029731327323094 0.0973347146782783
0.0720766925618105 0.214304727780526 0.0743076678854254 0.142075953957935 0.13856185620073 0.152596133862424 0.154548710814186 0.0515282569369628
0.195150397353698 0.0431965162463069 0.0210661521412239 0.128626222744369 0.261087456193453 0.0486495341235627 0.0634826666698583 0.238741054527529
0.136139918315751 0.0480398569973791 0.255682741706548 0.188936099661544 0.0861732773290979 0.217354426651298 0.00594696453349946 0.0617267148048822
0.0408090948205127 0.0536257294318346 0.104950233917756 0.0934171479938141 0.173611596231066 0.241626472696722 0.0962784452574185 0.195681279650876
0.158560976908564 0.208974690546439 0.124446735137788 0.131938871760639 0.151369630553704 0.0905373217200707 0.10804794967311 0.0261238236996855
0.103434980218821 0.120643478746356 0.251784270389808 0.150666627047963 0.116076613723063 0.145620280087108 0.0140826863982825 0.0976910633885996
0.156931535399626 0.14981892155421 0.0190453989321597 0.123848849806013 0.195548704790212 0.0847629435692801 0.0341952724638557 0.235848373484643
0.0721740836173811 0.149970806888426 0.205858584191736 0.0351449329565007 0.104185967288922 0.20008354125839 0.175447901814068 0.0571341819845752
0.0091264733363954 0.0870244327117506 0.173230842415108 0.178952678566828 0.162800717316827 0.102257613627627 0.112233560641058 0.174373681384406
0.241971173033272 0.0267180367926518 0.168540749721843 0.0383559029433576 0.0811300315799525 0.207882473402043 0.154352736496688 0.0810488960301922
0.099183810724795 0.194875480673399 0.134217728609859 0.121949894084907 0.0749532003577614 0.19168576174896 0.144187679413835 0.0389464443864842
0.132532730246037 0.123581471804161 0.227532744056857 0.142704113864073 0.056445037932076 0.130803177751384 0.151740229402471 0.0346604949429412
0.139485507442836 0.116385457734604 0.178379831451601 0.101100530843685 0.192531783604969 0.218888083161605 0.0303058244515638 0.0229229813091362
0.161799959206923 0.118270497203219 0.0577555363371196 0.0756647135129403 0.0799419755437725 0.238629196620825 0.0718453338086475 0.196092787766554
0.182739971369166 0.158992750566077 0.0453160505553451 0.0452141240543664 0.188261842334971 0.187708203191774 0.178040547855482 0.0137265100728179
0.146883327623146 0.184209003657076 0.0466902263439844 0.0841282523593268 0.0440122353830179 0.15703255994163 0.0933784905051948 0.243665904186625
0.0857334061482883 0.110621158963614 0.197693868297452 0.191003810315676 0.178428221247481 0.143179486447229 0.00835306153395319 0.0849869870463066
0.179822756199598 0.0312561203622018 0.0706618220873715 0.201270906355299 0.129902388938383 0.0770302495876782 0.123109395782495 0.186946360686974
0.173954350613659 0.0899878404745715 0.0489237068117898 0.048463021367504 0.271242621508817 0.107311978424833 0.239728918943001 0.0203875618558241
0.168282245542526 0.100613637639947 0.156401862696992 0.177059889774947 0.0133641310167768 0.0900832321247066 0.0454268733213023 0.248768127882801
0.0560561023333414 0.0406951256283704 0.222342212756331 0.0384766165900358 0.277712735767328 0.0246611568699744 0.127830788599411 0.212225261455208
0.15568633723883 0.00503916606327791 0.144604545297745 0.230610306059668 0.093074965571065 0.200845896388483 0.120793566647063 0.049345216733868
0.170770560921218 0.0611963891594733 0.201333029419712 0.167800921895432 0.00242243156750068 0.117196645914739 0.00785471808561839 0.271425303036307
0.197318515456218 0.115526381587506 0.0890888185563136 0.107256325564952 0.1462781042234 0.23130990931044 0.035677212655969 0.0775447326452019
0.314835311897136 0.156877803992737 0.0885203697426877 0.00365630455196649 0.0592085176670326 0.0843267401929448 0.271081892229498 0.0214930597259974
0.206258704194162 0.0837589890453799 0.0130512426887757 0.0289942404566069 0.131806042131755 0.21021941242534 0.114161506661291 0.211749862396691
0.218658688917054 0.00380685620807393 0.0928342173112972 0.103331702937322 0.134396573751988 0.226420576979789 0.16902799606838 0.0515233878260965
0.253808343655664 0.173743214806583 0.0930135098422344 0.0303059398292264 0.082973350762208 0.0437382794348047 0.112368350221035 0.210049011448245
0.104861032885443 0.0963564646481639 0.0663739295590927 0.171239527791875 0.100172171640942 0.162744977187949 0.159330906943312 0.138920989343221
0.104871426774177 0.133832986403891 0.153419452975204 0.188651745089397 0.0362006810830819 0.0757786739706304 0.186920955665351 0.120324078038268
0.11444703241622 0.0814548674306931 0.137926164808698 0.166194937444456 0.0753637103016038 0.0897194797749137 0.175792959884642 0.159100847938772
0.0679170084724324 0.127947023494757 0.0960347628141991 0.19109827749937 0.0911224974747169 0.138458987254373 0.145225507226106 0.142195935764046
0.0803915192220191 0.0875213503044076 0.0680330659274149 0.15886092711003 0.16483346954059 0.19799336065758 0.17606227048325 0.0663040367547079
0.194264156654657 0.168219099542022 0.138144619489642 0.156979814414716 0.0661924130233103 0.14729670102628 0.108987612389531 0.0199155834598416
0.111767067038124 0.220686639945286 0.142338992232503 0.188578362548366 0.0265543943489676 0.0653762853728765 0.09343204784386 0.151266210670017
0.0610942079528636 0.0837253429908119 0.165148631208004 0.127139407205589 0.153749219315694 0.0696953605933524 0.0298541192770021 0.309593711456683
0.154284330814368 0.145625385498211 0.148307715165381 0.0623442906623887 0.200614501725328 0.157810619226574 0.0438614985089194 0.08715165839883
0.00645933122009368 0.0269064824663902 0.214568449630624 0.11760898140981 0.10658440320554 0.00111001572626922 0.249997623063396 0.276764713277876
0.127287088044824 0.0101072188371818 0.198881677878376 0.113219093048641 0.0278767400045045 0.0730860438187879 0.29329293713081 0.156249201236875
0.226575723770456 0.0670386877905037 0.21690004479578 0.0377899447801425 0.276123943006211 0.0620115945586187 0.014678366005544 0.0988816952927434
0.242194239317389 0.00280608456149282 0.0767331617217072 0.274786349651048 0.078882061470056 0.186646343272732 0.0425115698923348 0.0954401901132398
0.00464787084222279 0.0595733277349096 0.165687990273329 0.187606611002675 0.270553310620326 0.0436912368596422 0.0737552268765729 0.194484425790324
0.144336102124013 0.141220211797925 0.126368554313849 0.022278704810912 0.214940054911538 0.023702201052766 0.134312927230447 0.192841243758549
0.124779217040547 0.0203320821201429 0.0991255918287962 0.179093217331365 0.188238020781499 0.14813840040932 0.108267718966947 0.132025751521383
0.0520534329251648 0.0224760430381827 0.155841142024976 0.120517015419937 0.15788258582372 0.102534081407314 0.223005423938714 0.165690275421991
0.129787645010577 0.137191173903554 0.069174931616593 0.183691567475897 0.107360685303521 0.112084063850761 0.108211771449049 0.152498161390049
0.274488604363579 0.0285170151427227 0.192640770074234 0.0222481706945262 0.156776627746601 0.109244831647254 0.0950904651490293 0.120993515182054
0.122591165820054 0.0680710386841713 0.155624473899241 0.175155137783804 0.0761711465291483 0.135924144023133 0.158897647408229 0.107565245852219
0.231906284193815 0.0657852624819026 0.149498431945022 0.172185392654121 0.034584752847008 0.0566894918641051 0.185074767020812 0.104275616993214
0.107644113329666 0.163997675567588 0.0109124323676219 0.226899440417328 0.223422338429322 0.0627333937473951 0.102002714558194 0.102387891582885
0.158863324675001 0.161492058779848 0.142050440485556 0.053150619268612 0.189698655890508 0.0633197150129893 0.135199980620924 0.0962252052665605
0.204514104148063 0.0866050451289036 0.227333641030517 0.112202332508818 0.0485202574317918 0.0612950678135302 0.0905784225356773 0.1689511294027
0.0538033304474124 0.0836702723358304 0.168189629051032 0.0151398066630316 0.2090358108763 0.183337593352761 0.0667593024502308 0.220064254823401
0.0856495019176798 0.242510317686958 0.0167841709857254 0.138729612037041 0.128291464262192 0.156395578636913 0.168205222114923 0.0634341323585685
0.232233470623743 0.0655127600213534 0.0370687368459695 0.168161240895161 0.214836631912362 0.0481346039109674 0.209903065649612 0.0241494901408309
0.226125016959711 0.130487453120283 0.0516648928564014 0.172760718070199 0.0921065000240622 0.173409229934053 0.0730684076990863 0.0803777813362044
0.252863906259809 0.160139483021056 0.00611781268649525 0.104338237872296 0.122981230298523 0.105873063287984 0.182320960762264 0.0653653058115735
0.202538479750233 0.150821055493791 0.0391491409861407 0.220656188978409 0.0379306138787633 0.0815791330086849 0.217772033450929 0.0495533544530484
0.182536333836162 0.173965505151995 0.0958873790705751 0.111730947135662 0.0826259737597989 0.13720931343139 0.180866600235605 0.0351779473788116
0.0624109339958942 0.0436848158304034 0.168441597964038 0.0963824430199119 0.140637856895402 0.0216514941079787 0.24782280444663 0.218968053739742
0.196757956414844 0.178385966266211 0.181994217605737 0.0231307337135189 0.0735136698278782 0.189115948509614 0.109768686719169 0.047332820943027
0.0924570486641996 0.0276280858584037 0.222310435880093 0.147393044941965 0.214054953232796 0.0456429800983073 0.0706182739137502 0.179895177410485
0.0238941537529758 0.136032698085832 0.109346585835798 0.0716698951511117 0.110749525840293 0.181803922931914 0.227361278909369 0.139141939492706
0.170081974398262 0.185712328248465 0.0545773337455799 0.0408447807696864 0.176240459790639 0.172604168096269 0.0140567565965566 0.185882198354542
0.09113751453523 0.124233108809906 0.0417681683686905 0.128974983922034 0.168297211965794 0.162468967635873 0.241958945113394 0.0411610996490787
0.253840662593651 0.208754821613755 0.0119756431462556 0.109248880518339 0.268225208020957 0.0106787025010309 0.0731653727123357 0.064110708893676
0.107003920511111 0.00528678953409392 0.0528452087261556 0.129538240480428 0.207889093020295 0.145052128665251 0.0946411602804639 0.2577434587822
0.0921019017626304 0.190278664352523 0.107905523953466 0.0566530253164436 0.0908467800917012 0.154959073366583 0.121474185783354 0.185780845373299
0.102455766601765 0.191032235238739 0.026555255927701 0.197057195970076 0.167661689015498 0.125800563580508 0.0833265306002747 0.106110763065438
0.0538814651597068 0.0398043887775798 0.385858288671562 0.0244671613327875 0.100918487006829 0.171724655807495 0.124467572699463 0.0988779805445777
0.222193928329395 0.146043051619408 0.156397178915609 0.0350267041486318 0.0106287918486017 0.221783617848709 0.15207675849482 0.0558499687948258
0.00989341659904135 0.064620619024009 0.0729658682442775 0.0317201830081364 0.204712993358039 0.12365239354023 0.272551918292568 0.219882607933699
0.0295905590379127 0.196014625070741 0.202945554874544 0.164151931637734 0.0944862380261026 0.189587838232041 0.00713725423776682 0.116085998883158
0.049705485862347 0.116186122280774 0.133858315065158 0.0153158558019849 0.0566617540094449 0.278520910503126 0.0533108652609786 0.296440691216187
0.139172532023144 0.139993837579536 0.165815943511237 0.0628390611606809 0.0206793831982993 0.207901215009883 0.175134813875746 0.0884632136414747
0.0389365848543921 0.158841752654444 0.118503111237591 0.100288499831189 0.180928588461138 0.186262950133996 0.149161193067746 0.0670773197595037
0.0753535659404283 0.122139684335343 0.065322061346645 0.104489046706571 0.0487098292477144 0.195926938852438 0.251550618544175 0.136508255026685
0.0014776732451322 0.0148769048136324 0.178724440167768 0.294288835856819 0.158382785382042 0.253855933390952 0.0591607634031735 0.0392326637404804
0.148437208518537 0.0967789848125855 0.0911215113086542 0.15678700239274 0.156346570592229 0.158464524821151 0.0752708548169792 0.116793342737125
0.0245459643245883 0.195237010865217 0.230172918423043 0.0720446096030142 0.0494774423504691 0.0452776670460122 0.188634229871711 0.194610157515945
0.151210249229135 0.0790669646885504 0.0462297123183219 0.075735357849561 0.0559423964977965 0.238755030907606 0.103587192217853 0.249473096291176
0.135951644332181 0.254357123768727 0.270962561693892 0.119592758459487 0.00700894396360262 0.0414170303995603 0.0402076697630361 0.130502267619513
0.128413590316296 0.291884763706815 0.0413910265348314 0.332844694896903 0.0211250550676286 0.0211834797289957 0.144394992385468 0.0187623973630623
0.185008727189942 0.0589276997427822 0.066873603448354 0.0492964469841313 0.0597604517789114 0.17018606575403 0.19733419885309 0.21261280624876
0.00463273827486574 0.223835703231803 0.0590542728597701 0.150192892710704 0.293344137260661 0.0265979402094277 0.203173508663936 0.0391688067888325
0.0915042118065346 0.111001703173242 0.0590325087175869 0.141598175395106 0.13514242739415 0.0781113465517038 0.152500329490089 0.231109297471588
0.185740691739725 0.0335783620675624 0.228332685780861 0.0568283768977464 0.218246833129769 0.0153152633790837 0.162029321701317 0.0999284653039348
0.0790235119810568 0.132061708621326 0.162490427987454 0.0959316990101435 0.058087274528503 0.152653679632309 0.0766782913658746 0.243073406873334
0.078040596846887 0.05538539915796 0.0484768123106036 0.249466989880243 0.241961726470244 0.0664930317878277 0.1677853200759 0.0923901234703357
0.166488025513274 0.0939236263944666 0.0502753652265517 0.15407290038325 0.14494378145263 0.0990485046246003 0.0892452878141644 0.202002508591063
0.284829377613228 0.0336369994268931 0.0288967496923511 0.0642640596869671 0.282818746567379 0.027171673741217 0.0913185876944313 0.187063805577534
0.166413578236876 0.197194690547825 0.111963192854074 0.131306712919541 0.111838112071399 0.036229110836771 0.0680553433457819 0.176999259187732
0.0780675323040825 0.0385343663465573 0.142748776936473 0.150000617473167 0.18759360693069 0.110660627658722 0.155352038502414 0.137042433847893
0.07491391288033 0.0521389571362123 0.00435253470203195 0.228210075581043 0.321993588621789 0.212507842833246 0.0690624153879551 0.0368206728573935
0.0347223793659812 0.190649385826013 0.150699571580674 0.166278331832388 0.147424327883418 0.00458127476587843 0.122334301163142 0.183310427582506
0.16559120953858 0.0242070320328061 0.171923196372689 0.126212435764617 0.201039939297463 0.221535047144371 0.0308732130122503 0.0586179268372234
0.059729587569049 0.0904728113117971 0.226915302591522 0.003341329106151 0.144185202091466 0.342484310495358 0.0926082203989394 0.0402632364357181
0.111090345467567 0.0236969134307316 0.217807594669735 0.0963365418487393 0.219017052509524 0.0394517269097505 0.071350730328024 0.221249094835928
0.202124160579052 0.110104536190027 0.294129891899963 0.200221365328677 0.0536441683221235 0.0481836274962111 0.0439571851438722 0.0476350650400747
0.0206305823045288 0.103216963261021 0.141112053451252 0.0588806972811193 0.170181526254259 0.192024625834318 0.138984550303648 0.174969001309854
0.14394783588198 0.024185077874856 0.0184356719066505 0.0856397435968832 0.0893271290307819 0.232190361974948 0.215418537949997 0.190855641783903
0.123317583558471 0.129054767154243 0.0681586511804999 0.209799013555732 0.0242422372863625 0.117444512000756 0.227350657885207 0.10063257737873
0.134867747535626 0.0368776075254018 0.238465697162998 0.192547732307279 0.0325960618892502 0.239848699828678 0.0724062929124045 0.052390160838362
0.0213514559807815 0.171911161115269 0.107826820212286 0.0987906551630874 0.203830368113849 0.0754182121682482 0.238693445258206 0.0821778819882727
0.0842041514012268 0.149907743726473 0.139462862753503 0.126623396415456 0.191730430628914 0.024645152126091 0.190966046105792 0.0924602168425438
0.177439362474936 0.145534461285606 0.0759510719643536 0.0145786159396999 0.060128708183393 0.133888287952886 0.195663780746861 0.196815711452264
0.0845375410043347 0.251586238741756 0.119943517128955 0.0635725898712731 0.17503805592668 0.000290533655065373 0.0434861623336277 0.261545361338309
0.136354339674723 0.041077093327647 0.0741553974195302 0.15620662901781 0.177293393183153 0.199604012752095 0.00489764968929689 0.210411484935746
0.185969725367395 0.249567564266614 0.0975723288136183 0.0674268127051777 0.0905091141854441 0.119499597103393 0.0334742236422022 0.155980633916155
0.105198372088876 0.00700076144299288 0.227923054402692 0.124199723226258 0.178826919769381 0.0464361495669698 0.118344988097163 0.192070031405667
0.0852517559923837 0.109352920038729 0.0675719483585714 0.202365537909877 0.14728800929874 0.18842293774908 0.193583843018905 0.00616304763371352
0.257865780461838 0.0280331994134646 0.125005932710441 0.13109266285564 0.142511158305063 0.052459083348583 0.0266228878723439 0.236409295032626
0.0642004039392917 0.202647368468314 0.13896737535198 0.202313773186632 0.0860021744386975 0.0825080436739226 0.0276572034583087 0.195703657482854
0.169911294641183 0.162670714047337 0.0106100600222455 0.00972895063756826 0.203232593646997 0.212781752156632 0.181435195082938 0.0496294397650997
0.187044164017584 0.202402445765295 0.0804082018856043 0.0492758612442352 0.188216056814519 0.108119403524479 0.0333026226094593 0.151231244138824
0.177369223822919 0.0343763888463807 0.0154501557342766 0.0968348769298135 0.182876749391862 0.198733795920857 0.0845442565810681 0.209814552772823
0.155386831872585 0.0236953473685525 0.0854738167215156 0.182920740460133 0.126793086274869 0.142506531377983 0.167690406832188 0.115533239092174
0.0934058090957986 0.226148774582891 0.128838513593574 0.0647176988195236 0.185883117386127 0.0924622815776218 0.200087128573603 0.00845667637086108
0.0871788736322849 0.102515746637043 0.084292590105306 0.170299243690504 0.152963446031566 0.200362028763234 0.133713047837365 0.0686750233026979
0.082059592379078 0.170781803766353 0.127244280707087 0.106044436490303 0.185995971011646 0.180078029462522 0.0110631019355453 0.136732784247464
0.0318192113788152 0.170497389711048 0.114034959671289 0.192758275198098 0.128975777008863 0.202822615169804 0.109868628678558 0.0492231431835247
0.251957550680807 0.0749650691113287 0.0966546281679135 0.163410778125283 0.199346618820577 0.087740814846319 0.0526781772239434 0.0732463630238284
0.0754225753704414 0.0965022733963819 0.197322552948285 0.143556515047014 0.124225339102036 0.181829881615748 0.00102284733848376 0.180118015181609
0.193457694115169 0.11417302468124 0.00866807559699156 0.139574928172144 0.132675124467849 0.048343504216645 0.182923436823461 0.1801842119265
0.254390034495721 0.233388880885308 0.0340237118609538 0.0581561345789984 0.0686956163666571 0.0750684347854294 0.0430773437957536 0.233199843231179
0.123427979489201 0.122251352209014 0.106161401590295 0.171838466588252 0.118488920108529 0.162756305929812 0.0371596367120907 0.157915937372806
0.120671992053063 0.181265009126785 0.172514265367764 0.102492975238644 0.126357192517942 0.123769106834073 0.0385716866074931 0.134357772254236
0.215636308279657 0.0616447099938023 0.0902193106255142 0.0101233569161603 0.0563772710905833 0.221891288906388 0.102957447409085 0.241150306778811
0.139319989703409 0.135064618916338 0.176699359262525 0.152777816759164 0.114340213050949 0.0140203323427552 0.17111259447487 0.0966650754899895
0.101483086976102 0.189227066187525 0.01910177746748 0.0254911213740545 0.184585757854467 0.150240133804446 0.168206437085795 0.161664619250131
0.193239850644618 0.12584649757341 0.109363502770805 0.172219157677125 0.107328715429895 0.0754038560430756 0.0349974796966344 0.181600940164438
0.0874109721799484 0.188994552704924 0.181879870952237 0.0768636895605628 0.122541779365445 0.0342962012193331 0.11648638456631 0.19152654945124
0.0198991100655256 0.11334401537772 0.0374812337938392 0.202363598572795 0.147638516867198 0.149087937565995 0.171968077015211 0.158217510741715
0.0464108381713529 0.097111643232574 0.0774552428193997 0.148810980397856 0.0730323574696897 0.175559885709035 0.10481768174558 0.276801370454512
0.162760740473017 0.100603302918071 0.17925532244152 0.115452269169342 0.0972140613971305 0.233546895030016 0.0927510074968026 0.0184164010741011
0.113458753299112 0.192426653247968 0.247866741865361 0.0639988730413347 0.0886919338047125 0.215166190322835 0.055703007501553 0.0226878469171242
0.176728984606487 0.165349976442449 0.201004651453654 0.144342465675482 0.0652959878702879 0.0467224363504499 0.0596337346927989 0.140921762908391
0.116459112625661 0.0249647307345545 0.113518648771125 0.246396255735782 0.0038708370585762 0.158310844734588 0.274943186153324 0.061536384186389
0.243597446577905 0.0635818569204979 0.0549285107793199 0.0302911825733463 0.24491747713258 0.0500353994496517 0.102756085715515 0.209892040851185
0.0539289015946137 0.407668836074994 0.0551546053428073 0.027415972425441 0.222216823504229 0.00618222948639146 0.0818181138055417 0.145614517765983
0.0952551958614317 0.0271300793580572 0.142295514880954 0.217340761694279 0.13130420705642 0.228028231523584 0.110015062926581 0.0486309466986941
0.146339108786537 0.0702220725662594 0.0768169735899839 0.192922479685404 0.0404504837266111 0.133436192370791 0.156698894125557 0.183113795148858
0.148382289409843 0.190159232638656 0.0115950537628667 0.0640790167515865 0.0263187591043532 0.208952723054981 0.201284178964185 0.149228746313529
0.181150119276288 0.227626867248722 0.029291756472935 0.0278827598368964 0.0539709198967436 0.105591628155327 0.290834116443481 0.0836518326696067
0.133139492721223 0.336806587266139 0.0360193939643822 0.169856383596007 0.0749078372150151 0.0174930653672534 0.0360879683978608 0.19568927147212
0.0275222418761742 0.223648925630112 0.0539247888210305 0.0351324081895609 0.266868705813557 0.296446775455144 0.0288380453618995 0.0676181088525207
0.0494052302494936 0.158563959322854 0.0184502622874751 0.219608137304764 0.262291373600761 0.0997294635466196 0.157675940902512 0.0342756327855203
0.0845345457981433 0.185347046278639 0.0573552225670041 0.0183391785555791 0.16455175540331 0.16271253760397 0.0417468955755524 0.285412818217803
0.0292576033654022 0.312432352785922 0.261065957024218 0.154195441721337 0.147030157658494 0.0438054167868387 0.0420100138304684 0.0102030568273189
0.196891511164575 0.0877198988144313 0.0844895689766709 0.151459363931819 0.0701979927874215 0.107780314646952 0.176133999280357 0.125327350397773
0.00862843618182762 0.0812236129047939 0.126559738251363 0.0721759894197277 0.175684139991587 0.191962866626463 0.173038802744131 0.170726413880107
0.152891269223891 0.227122247514735 0.173704816161957 0.0804170768301617 0.0205208925410743 0.00708745740379121 0.169000554748463 0.169255685575928
0.0851024539154827 0.0387437255721379 0.223494451068924 0.0440597915041171 0.107578327360839 0.196166804553567 0.0585869843039636 0.246267461720968
0.026614562997725 0.0424200101044733 0.0740554071184421 0.0362206110418159 0.249503982451217 0.0198328007348971 0.263515733775893 0.287836891775536
0.142639618283039 0.195906233802039 0.0199749212207524 0.18329979256848 0.12741311561384 0.203431462174392 0.0669574322333779 0.0603774241040808
0.108829361560589 0.186466398319673 0.130658099912861 0.0685057244575975 0.161177724766877 0.154300022632328 0.176624242458539 0.0134384258915362
0.00225972789319159 0.237165944214672 0.0739204542175414 0.0347316200650662 0.258504523183738 0.122972586764134 0.132017995266815 0.138427148394841
0.220295261240696 0.180391653463127 0.170012503603824 0.137771806304848 0.101885403236299 0.000671228389282578 0.156995676124707 0.0319764676372178
0.102234361858372 0.176507080235678 0.159147932832766 0.16502769030492 0.0219910511085184 0.131363777970892 0.163886339425955 0.0798417662628975
0.0704389676227193 0.108166951894153 0.184944619486492 0.163676495632873 0.134801811871514 0.0150730212809504 0.172148105505804 0.150750026705495
0.147103053252357 0.058017910451775 0.0407656641337289 0.190363132935878 0.215703857182314 0.211618410288256 0.131294234449786 0.00513373730590533
0.136898888078924 0.200328432110315 0.185207809549795 0.0155480305778551 0.180431767903748 0.195379066955183 0.0370647472099185 0.049141257614261
0.043388797182844 0.0842587135462696 0.265009655979072 0.0933711454777998 0.167239481308398 0.107628195791495 0.139939112550649 0.0991648981634722
0.0733120372606707 0.119976925405409 0.190060744484641 0.15462067114095 0.0529581414678686 0.110704091775464 0.119904130343571 0.178463258121425
0.170539619990514 0.0942329930748041 0.149657395721924 0.0908727912865074 0.000665835148973723 0.218026572242126 0.14316008126229 0.132844711272861
0.351981982341166 0.0156969547076144 0.0690886879032916 0.0625385025417533 0.071589603853325 0.0411984338073256 0.340677485468331 0.0472283493771934
0.0110321286129021 0.0800106287500479 0.0736239688497044 0.312127368441058 0.162058525327592 0.195192929202191 0.015131021075177 0.150823429741328
0.0785194014781204 0.225660194094982 0.210318351704839 0.0513034795031731 0.0618841052644688 0.0415901294580765 0.249045429321624 0.0816789091747161
0.192816848023826 0.161468912915355 0.203692555664004 0.133587062938398 0.113094273300054 0.00727557687892199 0.0709608001175353 0.117103970161905
0.183532993728101 0.196720104915737 0.102208223301158 0.0464630336784691 0.0810507285593621 0.0930586056701986 0.223430997945323 0.0735353122016507
0.0326561820905996 0.107641008169777 0.169675784521288 0.0299777765210595 0.0609812804930084 0.18224666911554 0.222166592885415 0.194654706203312
0.060792154824278 0.230009302958277 0.0210930817824181 0.121271644739664 0.0816482617101159 0.124441639930863 0.15174876423792 0.208995149816463
0.176559857307776 0.0198599935047838 0.135518354091144 0.203641828475476 0.180811224339269 0.0459013087643331 0.208189545642413 0.0295178878748055
0.165315900286954 0.0421316923080639 0.115593223418531 0.0887812568393047 0.146943520069374 0.246020427712413 0.0042845468038537 0.190929432561505
0.0917626517355214 0.043792197837403 0.110996481643896 0.247470905632472 0.211446093872297 0.0509133540973634 0.0742271722708349 0.169391142910212
0.143278541168996 0.227221538715493 0.148081205042576 0.0736162667309386 0.00215202575523192 0.0106069449206105 0.175743919648213 0.219299558017941
0.063757108992656 0.108531624301202 0.203680867527449 0.16973537851709 0.137824478188744 0.0256119726220272 0.18611602919576 0.104742540655072
0.144528327091254 0.124345313470417 0.118159238383842 0.106347433603128 0.15813946643387 0.109051336348556 0.171164681957025 0.0682642027119077
0.00916998333213978 0.224544996976848 0.0756877659542126 0.119380515730479 0.305991666233569 0.103453846337057 0.120048710868478 0.0417225145672162
0.191382729073601 0.00844252110161381 0.0317525411123853 0.0837696782225824 0.16738771611517 0.191518842871171 0.0786243921432804 0.247121579360197
0.10536746046931 0.177526608742288 0.145383125063393 0.208646473428257 0.145161809410604 0.0773740161652714 0.0098083106663823 0.130732196054495
0.132450070071091 0.144976861152533 0.0237329554696747 0.167762348689766 0.189439151542948 0.174747732995963 0.0484444232849373 0.118446456793088
0.000578770816488759 0.077630235255005 0.0960145591249218 0.249479070038789 0.0163831958095249 0.361164896577471 0.0769102738088209 0.121838998568978
0.13515413345372 0.0728250345276701 0.141690553413414 0.0675666245916788 0.238789809048837 0.230201660687469 0.00959074583651406 0.104181438440697
0.12922808603845 0.217867209585334 0.135045200884971 0.0854154120540245 0.0734073924617006 0.0283211508681682 0.0737774251009122 0.25693812300644
0.0751330484275824 0.0674737547501191 0.0983244454783277 0.0596626502797847 0.0519005926502077 0.198328982044104 0.233903566044734 0.21527296032514
0.209074974525707 0.191171674395941 0.120218904026995 0.0689813306170791 0.0659747859237765 0.164737700264308 0.0669238365034031 0.11291679374279
0.0145299901767726 0.198935540370829 0.166391780568008 0.201257956220626 0.0593549587610054 0.0514885779788065 0.167198033893472 0.140843162030481
0.00629228274294273 0.0404207544799489 0.0695383227201311 0.12956058981704 0.12386070098536 0.199408812151878 0.216291495379864 0.214627041722836
0.11908045047224 0.160677324849273 0.072875072397725 0.0779965903546581 0.0942435001724895 0.0385135452931641 0.227532345909452 0.209081170550999
0.17849099129232 0.0698089403103703 0.0881336991860095 0.0979371737604171 0.0526635688490336 0.20865781432086 0.11933599246074 0.18497181982025
0.0189744898644595 0.227330621746217 0.172774261266761 0.128768241519533 0.110858427233944 0.050062264124517 0.0316863232595343 0.259545370985034
0.203677852014957 0.22086084150822 0.0761863288715607 0.0886153190309971 0.0553956043089145 0.0014411987593773 0.176238586074361 0.177584269431612
0.0343410394044993 0.18379668374512 0.0712527887603557 0.0817744353427071 0.109186516119699 0.10887100153921 0.224256621662053 0.186520913426356
0.219642302723113 0.177022886684465 0.229693831960509 0.0995913448979098 0.0097334873767325 0.06404443031835 0.131883936786397 0.0683877792525232
0.10061125410187 0.0616733572577223 0.131006036237438 0.0252468330433622 0.179611889861339 0.211981723341891 0.185112858853286 0.104756047303091
0.0360004468516842 0.014765653456947 0.264389676122561 0.0996327541724409 0.241395620538674 0.171261514721783 0.109457564252157 0.0630967698837535
0.209924509476662 0.179472554853887 0.139303519507572 0.171683422218011 0.00623026460178108 0.0831221269089902 0.0955117527036234 0.114751849729473
0.132088614165956 0.0870487491378699 0.169058678320108 0.0728588572476201 0.123840324818147 0.205389591399371 0.111737242601737 0.0979779423091901
0.205587895935532 0.170009052983768 0.175237879473619 0.160694279041772 7.84672331701155e-05 0.197735170379945 0.0555643581557302 0.0350928967964636
0.0535707059022634 0.0743088071903919 0.231005363477883 0.196898259838572 0.155377634428248 0.0304437882013454 0.0752827136295839 0.183112727331713
0.0670469240277905 0.189367675369887 0.0800204239744098 0.15662565395557 0.0673358848733637 0.135882839663507 0.146611044021382 0.157109554114092
0.0390220585111399 0.295016558999418 0.129538480520968 0.0669791898245466 0.042059718148244 0.306848757449239 0.117416913778862 0.00311832276758175
0.142844326407432 0.100865340447147 0.0773538375320453 0.206163298442214 0.160423288369546 0.148962408182126 0.0864267838817882 0.0769607167377009
0.0643821617645554 0.11234897100832 0.0327624292678776 0.0331340509081372 0.163607066800216 0.216586179846387 0.25053612635426 0.126643014050246
0.188528346079028 0.177667936243878 0.0849375931199548 0.197125470148654 0.00468885389986381 0.149179357913692 0.109529947924705 0.0883424946702241
0.0623891147125543 0.0866792372428784 0.194660136242551 0.0443911897931048 0.191761915805225 0.185145302372713 0.228122069716054 0.00685103411491883
0.0396136157607103 0.00625281214912017 0.19599488807186 0.0688261319389802 0.300920798979607 0.0815592575964249 0.041555229672071 0.265277265831226
0.126128487518472 0.0638231999165026 0.0683464540498907 0.193257421887637 0.107477411343014 0.277418158022372 0.0722559482787573 0.0912929189833544
