0.210736576721502 0.0638404187252077 0.304741831908347 0.122341504503981 0.0684701679776657 0.229869500163297
0.149529198962287 0.017317925465556 0.260897158546962 0.0187773679982863 0.495419771753573 0.0580585772733353
0.138941254240746 0.191761526295222 0.133994848822918 0.144813844743661 0.212968574511333 0.17751995138612
0.214275164507487 0.0394361972274596 0.240845216467741 0.253617657475496 0.107108695201606 0.14471706912021
0.0881945743066273 0.138431540529121 0.268202591504292 0.291940634753059 0.142277085182995 0.0709535737239065
0.252719400375829 0.246785538011194 0.353780131178397 0.0998154494906387 0.0291373156669625 0.0177621652769782
0.386531900273818 0.144144122996728 0.221271787911947 0.148703420596559 0.00974453901630587 0.0896042292046415
0.19915838125638 0.216708107759972 0.178935925892781 0.0240545621709371 0.240332345593318 0.140810677326612
0.181519732885725 0.246899255603137 0.0547286263271332 0.0786981423758228 0.095916619783822 0.34223762302436
0.088146379345758 0.0853658673937927 0.207834482141839 0.0856807508586188 0.138143318760335 0.394829201499656
0.272277705793078 0.029851122647406 0.166494057232666 0.129997023291267 0.243515628065851 0.157864462969732
0.154585377708213 0.315672688038282 0.212416126186663 0.134862722132115 0.076315229111604 0.106147856823123
0.54970657847839 0.101990648246939 0.125014887983876 0.146201519763667 0.0686030097638845 0.00848335576324338
0.278152660997566 0.240551521037444 0.037921815369036 0.0295852594842829 0.234296060631201 0.179492682480471
0.188789084336243 0.266829570316701 0.085772526630384 0.0886601755096293 0.258737136216741 0.111211506990302
0.218273033491977 0.0822017183996839 0.285941009633954 0.132229068217248 0.0821306914332188 0.199224478823919
0.116498294308161 0.0549681007344932 0.306001630449528 0.362289551989896 0.0842124161448911 0.0760300063730296
0.0571161015604425 0.265136956332268 0.161597097151761 0.281087172242621 0.0236021939836712 0.211460478729236
0.0629226158842324 0.27394620726554 0.0219701095980336 0.276529704129578 0.220684661364293 0.143946701758322
0.000491070114517922 0.310028331067409 0.267698255494909 0.254713326878675 0.0624979283422603 0.104571088102228
0.109921927188784 0.252081087341508 0.16977381723413 0.102802361711286 0.290603840066596 0.0748169664576952
0.0859854737276948 0.268814696301107 0.328715793406201 0.0124904220532708 0.0391353733421595 0.264858241169566
0.132145259628176 0.279302869319499 0.140471900847243 0.292868493409468 0.0470258718980002 0.108185604897614
0.202825488824714 0.0488505990252292 0.425767825016543 0.134568223867239 0.0415387493489394 0.146449113917336
0.0621171144259984 0.243500467381629 0.265020036154033 0.228850336550786 0.0391880154720366 0.161324030015516
0.0980292597538518 0.171575278313143 0.0923753300454683 0.230027713811585 0.198927199689195 0.209065218386756
0.241602153461284 0.239550849170821 0.0340704705285957 0.14045708877924 0.122562619545466 0.221756818514593
0.228928287895816 0.0872739205500683 0.493799935502406 0.129304291123334 0.0577781939249499 0.00291537100342606
0.315463140860675 0.0522874423067887 0.00620467120723483 0.30585202297887 0.0559729520139419 0.264219770632489
0.275127616019557 0.173834759355522 0.122487630256539 0.0967864820037957 0.178479815404388 0.153283696960198
0.205428553201881 0.256450164765644 0.0978806032537299 0.127953752045293 0.236993594106814 0.0752933326266376
0.114800682978465 0.221000415294552 0.126077550351598 0.356322747851488 0.13409040801334 0.0477081955105576
0.15024423141199 0.126852349558323 0.228732521853781 0.00291589299690793 0.252345369870252 0.238909634308747
0.181821024116716 0.169588813734666 0.218952032256949 0.219281176171161 0.166106755638208 0.0442501980823006
0.236508566064899 0.181517621605428 0.210327607553891 0.16647025446752 0.0758859565811072 0.129289993727155
0.191918581397085 0.036167576900476 0.217222280270524 0.414442628444355 0.0993244275121158 0.0409245054754449
0.0362674899191023 0.357027307664755 0.302885602046083 0.0990435471576501 0.201088662670205 0.00368739054220473
0.143753576952754 0.173147137485307 0.185915610839231 0.26171169035168 0.197492615479066 0.0379793688919627
0.175635642899498 0.148569793043682 0.257531220121676 0.0791430495210103 0.237702503579902 0.101417790834232
0.0262683136813442 0.159284272865687 0.262078429605353 0.0931254352468346 0.248061263772943 0.211182284827839
0.0935254840410789 0.262718757213485 0.0500292492849486 0.201282543097744 0.340608123938959 0.0518358424237844
0.0619467569565639 0.108318371581847 0.22521371997263 0.0687410294982923 0.233374361932767 0.3024057600579
0.147624172346051 0.261319446987596 0.175106211860116 0.2869084771938 0.0629490342498628 0.0660926573625727
0.184150263736238 0.162413322867638 0.175247712208149 0.0587981189391519 0.221872617309945 0.197517964938878
0.170469823357279 0.305509048344449 0.265224986832995 0.164156869244708 0.0899730411747053 0.00466623104586369
0.22665173339766 0.204323901635058 0.0902329453018671 0.167562244560319 0.201831470571067 0.109397704534029
0.0653704067454135 0.0589623498633168 0.227031105862588 0.349184856919792 0.157576493017313 0.141874787591576
0.136326545112454 0.202957804931925 0.154820685213145 0.290650360484779 0.0160727436446953 0.199171860613002
0.0318045617269968 0.222751796224306 0.176951827993985 0.245798294361566 0.23254049397347 0.0901530257196759
0.148844770156353 0.19413499833569 0.222355214331662 0.192204817581661 0.216226744392905 0.02623345520173
0.156292139492729 0.279691633227731 0.180669284480554 0.117518479912604 0.0520094585310095 0.213819004355373
0.0198211783392693 0.250627819673653 0.0928878091636592 0.299966890186925 0.160321172519167 0.176375130117327
0.171701961920355 0.209242014302772 0.0635687168250716 0.172068474754121 0.130986127723594 0.252432704474086
0.158757703132584 0.0239172414714298 0.236387459011104 0.226923887097371 0.0647119566798475 0.289301752607664
0.166170920627696 0.0376018093019445 0.185269119727833 0.0470409121561855 0.244800981218417 0.319116256967924
0.179988456524989 0.143632457912815 0.19341592112952 0.241112925909117 0.221740073111852 0.0201101654117067
0.236121819396532 0.191680873660207 0.243936730576588 0.15409563961035 0.13039326532695 0.0437716714293735
0.206931555252662 0.010645046654637 0.180672010882701 0.225224710874637 0.19862137218835 0.177905304147014
0.0659823717780402 0.0804700760905084 0.21538723293252 0.283179219218279 0.125796210342527 0.229184889638126
0.0210515047211934 0.416544578449371 0.282797729595774 0.148590599861259 0.0658825609703107 0.0651330264020916
0.016884946948576 0.245433094950197 0.159039139953586 0.255504644714763 0.248778607183056 0.0743595662498215
0.175904509224766 0.0417138765170848 0.320522039301636 0.21394232766196 0.151029334673182 0.0968879126213716
0.259277016690153 0.192026553167732 0.175745507970446 0.0321944348499219 0.213388144145131 0.127368343176615
0.122422817225549 0.0530978768618436 0.053449849839285 0.27794117525475 0.456345453179817 0.0367428276387558
0.14332754333972 0.0125602598339763 0.175244520180842 0.24394684618461 0.217616912222085 0.207303918238767
0.0948977521510383 0.149712237371654 0.205378538968744 0.0474899004493905 0.33396140870713 0.168560162352043
0.245257905080644 0.0617468042316441 0.0490537575898454 0.196371392539676 0.248640681786736 0.198929458771454
0.180893542483962 0.058823829527899 0.208830987361056 0.16046371283643 0.12807052815394 0.262917399636713
0.15273494948514 0.168497712037413 0.0693906891134204 0.20647968646365 0.157844936787262 0.245052026113113
0.0180758219634176 0.00409002905179232 0.0158603588067693 0.37863864873046 0.239058976629088 0.344276164818473
0.142760566752354 0.253932670932564 0.136272369208763 0.280466715051053 0.0901117852303246 0.096455892824942
0.244148249218436 0.192014458469215 0.0506062943449055 0.183934762679599 0.251135946715884 0.0781602885719593
0.144889229826343 0.23234669992143 0.207063052506822 0.253903227941078 0.147352965634008 0.0144448241703188
0.0388740354546707 0.110718827713322 0.271121803244506 0.315831224455273 0.0547807826477128 0.208673326484516
0.172234519801865 0.191884142384521 0.175053917893118 0.0790210118790828 0.190835866630402 0.190970541411012
0.0774470988499626 0.0466190733878134 0.0637791756395672 0.206640432348627 0.311737587421095 0.293776632352935
0.120534324099232 0.0165711730505783 0.220462353900188 0.278601715217653 0.113667530053989 0.25016290367836
0.217534020609819 0.474517674991894 0.205988597362077 0.0193698786855082 0.0466864177627006 0.035903410588001
0.0038780269536356 0.245669153936386 0.222036977399945 0.0571102246855968 0.423192185438993 0.0481134315854439
0.155833655710664 0.154988251743361 0.262984935945017 0.111538252013242 0.0410932641230902 0.273561640464626
0.156627258831665 0.28925422566238 0.154033780722124 0.0209442545395871 0.13628934778198 0.242851132462264
0.258051511059026 0.135555723373355 0.120491525175178 0.0891231653320468 0.143281562516811 0.253496512543583
0.064833617072668 0.156677886308031 0.269352726795274 0.20172266672747 0.209540911486499 0.0978721916100588
0.156101518657836 0.108668120550149 0.180589946834744 0.207891800211548 0.0751307053712847 0.271617908374439
0.101523863027672 0.3682763936736 0.0486173852795293 0.184758950059055 0.12865982947648 0.168163578483662
0.253258200364483 0.0237801715790793 0.0097547306865414 0.302302042701782 0.301699350994199 0.109205503673915
0.128959810780438 0.0995968286043921 0.0231990954069082 0.202728292330298 0.268485603946055 0.277030368931908
0.226581260151041 0.296936850170945 0.0418899686801091 0.220708042769914 0.0690785107177587 0.144805367510234
0.171499583335309 0.165718448112383 0.318901034939626 0.249132501976404 0.0523878018504738 0.0423606297858049
0.225787312423907 0.037283888938644 0.235588636663884 0.217391149887096 0.247902381236616 0.0360466308498529
0.222298815454738 0.139482739595855 0.130796994959476 0.0475681880217258 0.294945103818792 0.164908158149413
0.277833591479594 0.0929041272766712 0.196684414678095 0.0886273770099712 0.144744372276429 0.199206117279239
0.162113140288947 0.336197198384146 0.298200578740267 0.0537407868504746 0.107994040350678 0.0417542553854877
0.15846321328005 0.0965284384581305 0.12604850053304 0.0796368098737546 0.202469125256337 0.336853912598688
0.201877738693294 0.000801861831005544 0.015847201584709 0.247622892285833 0.11030121605494 0.423549089550219
0.000248512903902109 0.267323255727521 0.168117784279535 0.250835397092546 0.267451530243014 0.0460235197534827
0.127359205459436 0.0239221962544716 0.13681117615378 0.315015764031448 0.186771062493312 0.210120595607552
0.0193928719143112 0.232123524390656 0.18326401302119 0.184376287486055 0.200552557378776 0.180290745809011
0.272163611264438 0.288534782486222 0.0373718283582273 0.0462549310708373 0.0825690626800447 0.27310578414023
0.227308526171023 0.167647586331643 0.0181232947414614 0.16101197829417 0.235636427499651 0.190272186962052
0.173735392999551 0.141239713748636 0.0500795626023113 0.472215295846281 0.0110138639737682 0.151716170829452
0.269919773736129 0.250337787114194 0.15448372685356 0.00573647441475048 0.0536494767013235 0.265872761180043
0.555727621001377 0.0340575872590104 0.0108179336935917 0.247469815061226 0.0619524142209656 0.0899746287638298
0.144697636697324 0.240548912494718 0.16710010200856 0.08682119194479 0.202336625069734 0.158495531784873
0.0425310958594571 0.0792856278704974 0.283246132211021 0.360366191437335 0.21675707054306 0.0178138820786299
0.140601380873641 0.174693129908119 0.0838733609224195 0.206903835673736 0.221858743657899 0.172069548964186
0.0478809447743096 0.173507878580282 0.0386670086521441 0.59081991994797 0.131865748064686 0.0172584999806075
0.157740662019678 0.199399777768842 0.151063796516756 0.177249595926567 0.114715099423011 0.199831068345147
0.202806661269249 0.177891990726536 0.0869630273684819 0.211472638266937 0.0649384271249109 0.255927255243885
0.267438016237957 0.133212558511335 0.0251458381643332 0.202578797508311 0.238056776473439 0.133568013104623
0.263602109015223 0.173091353885975 0.0125085760415121 0.138417114406672 0.258070110892489 0.154310735758131
0.0443254488249664 0.0528269902600841 0.147722469465117 0.172383701982839 0.293759531203204 0.28898185826379
0.0459647482588224 0.242198156902 0.377319847105301 0.236622559198547 0.0671325729388704 0.0307621155964582
0.251985156365216 0.0938223162283222 0.172908437317276 0.105100749758226 0.00813509951836716 0.368048240812593
0.138641845804124 0.216584226674003 0.166310804634275 0.2150580401852 0.228160101284132 0.0352449814182661
0.0195395550494107 0.189634302960471 0.0875614821386431 0.273352330167812 0.342596822073059 0.0873155076106035
0.17762620686147 0.174079998826265 0.133247095483596 0.163152478660273 0.171649546781376 0.18024467338702
0.150400533213561 0.142118834876376 0.167756951156637 0.18676335037607 0.0927016869717308 0.260258643405624
0.125133818183973 0.0745723564212447 0.0233797888669171 0.308663303037757 0.300284618960165 0.167966114529943
0.150070689960274 0.0806452447332942 0.197112281372838 0.180412046504738 0.251757539963581 0.140002197465274
0.128013186015846 0.129919086677684 0.000342131698953403 0.366079024286783 0.109134174074162 0.266512397246572
0.190620433123675 0.199411052696039 0.339913400477697 0.0656915750622413 0.203186684403723 0.00117685423662484
0.202157942444471 0.142935130493668 0.172007702295116 0.201653449116748 0.194567319150161 0.0866784564998361
0.0852702792541832 0.276217446665602 0.099883662499425 0.232532361083063 0.248702254082057 0.0573939964156692
0.280943852305772 0.299110025193517 0.213523501589707 0.0243076217230599 0.0955222363814291 0.0865927628065149
0.137560597759298 0.317819626366413 0.0241136654658668 0.0850322383764183 0.104682633866447 0.330791238165556
0.0269982456553939 0.242654888127308 0.162268605355648 0.0511805422857664 0.317728356499292 0.199169362076592
0.251817293058736 0.139931779169265 0.112397024154205 0.130127159827406 0.140684379615204 0.225042364175184
0.112314671448411 0.0837037788412089 0.243209241918473 0.279516154176161 0.19129133451043 0.0899648191053153
0.282760324559915 0.0319355588922589 0.358923904377232 0.083609072046623 0.0722597656920199 0.170511374431951
0.273573915537934 0.0280492794661481 0.288564057228659 0.084588069770886 0.0470860729178266 0.278138605078546
0.0341974874547046 0.0292436215574026 0.141669178676003 0.31616126902133 0.387146618450846 0.0915818248397143
0.124288669624083 0.0994151285804588 0.214881409948937 0.0694700918114625 0.212617760835394 0.279326939199665
0.0342806531741753 0.144961063385619 0.276330979889961 0.112014385691891 0.109780975617177 0.322631942241176
0.223524106627256 0.0599618537690646 0.0581146158668765 0.0238300416593933 0.321467527790273 0.313101854287137
0.0876004157874478 0.259771440932801 0.189252609746869 0.105835827456538 0.097967324216124 0.259572381860219
0.176960983894257 0.327622206500383 0.137809735750167 0.292356632775609 0.0350219425830414 0.0302284984965416
0.148000985129246 0.173685354176168 0.11440990635223 0.171159074799125 0.167703482488598 0.225041197054633
0.0239843030206283 0.0813409295343621 0.302573984507939 0.151494546915228 0.125682224197307 0.314924011824535
0.00244702650604553 0.258760191560822 0.267774146090297 0.299034482676045 0.13801784866829 0.0339663044984998
0.227629478944834 0.175667543203738 0.100697768273024 0.147328548670802 0.204241930693652 0.14443473021395
0.210149034199986 0.287748070862889 0.096670946786289 0.29207205961345 0.0105533967165107 0.102806491820875
0.283309960378237 0.000447184520391401 0.345492915640428 0.0738376593058215 0.212692041901885 0.0842202382532374
0.0106542880950756 0.0516090271389575 0.432099781989718 0.203833356207664 0.233860758595572 0.0679427879730129
0.392010157125863 0.314530102473939 0.0901271624737861 0.000284412714807331 0.104722904375899 0.0983252608357053
0.274775288465952 0.0787168873292251 0.0392882738291202 0.202922186312445 0.282562517393928 0.12173484666933
0.0979184991162959 0.221052499674907 0.168146591220936 0.184093024232823 0.202817291879513 0.125972093875526
0.221556153882278 0.229762475939362 0.111728300955903 0.0135486528370901 0.192372116999644 0.231032299385722
0.239543403382937 0.141635603667914 0.240651453810166 0.16996120364948 0.0482676393471461 0.159940696142356
0.0900272780503064 0.0294050062891473 0.230121027451572 0.220043481940871 0.169951320236925 0.260451886031179
0.195515466056905 0.34395126594763 0.0626122595936323 0.0430339767480534 0.188256341655391 0.166630689998388
0.285950625061362 0.174772560249529 0.0713773129812098 0.0828658412397422 0.127571332150367 0.25746232831779
0.0639308313487999 0.195026030400666 0.211376522488125 0.342904740231435 0.00452434926010155 0.182237526270872
0.224035132988316 0.14435911401919 0.244523637990221 0.108133515595904 0.0966573119091467 0.182291287497222
0.11844390620858 0.098332769381657 0.216870235759576 0.222289404986268 0.146892007718768 0.197171675945151
0.217651813571206 0.219093137325457 0.0979441636601643 0.0994308418787588 0.167968973829948 0.197911069734466
0.000436173877049783 0.144930688416822 0.247402964280237 0.361650221453331 0.116658504248223 0.128921447724338
0.00561461657326591 0.058172231464372 0.243710617221843 0.286785540561553 0.11893696056337 0.286780033615595
0.313519365280332 0.0890053219247984 0.27275838213795 0.147571122374435 0.0224618547675125 0.154683953514973
0.0884569589703756 0.0992596283816616 0.0892821329363271 0.166384565833391 0.186608036758838 0.370008677119406
0.0647657046720063 0.116179156510976 0.245978822731559 0.156652519971235 0.261709585852029 0.154714210262195
0.35369198685474 0.0716070660381121 0.0227191391322629 0.0659362705282475 0.122611051575925 0.363434485870713
0.313459100698517 0.020957659199897 0.22744291508222 0.142819010537404 0.137861285613216 0.157460028868746
0.074001909495962 0.111695137964575 0.250626282591101 0.266847476280564 0.290792823413571 0.00603637025422653
0.225692105961496 0.264511336756589 0.175206570836867 0.0608442348002052 0.128078712147095 0.145667039497748
0.15791773815479 0.0909685987756158 0.289838069532223 0.262730517454716 0.0157647424149308 0.182780333667725
0.152667693883122 0.104562233376167 0.256770638759056 0.125781412051298 0.243538417098864 0.116679604831493
0.116231611271233 0.299812616384527 0.0233521351488158 0.0890449908024901 0.440266076847301 0.0312925695456325
0.270245173703439 0.0297127520513869 0.0145446001433459 0.26476811122246 0.382406131005466 0.0383232318739024
0.0225330976782989 0.289612091620613 0.147796277343893 0.20073842367746 0.217832704125793 0.121487405553941
0.257174125966317 0.113095638753674 0.0928777758048435 0.295393129218343 0.200306441930365 0.0411528883264573
0.159521129987955 0.129908108053633 0.187587475779801 0.189194932857517 0.164145032837621 0.169643320483474
0.296080673765592 0.0184607831903539 0.215666150514137 0.0147149507650006 0.103836217828542 0.351241223936374
0.19602405604137 0.258730784263214 0.118228190720417 0.246648398640698 0.148924444431284 0.0314441259030169
0.201435184939825 0.256629639666562 0.156759587678109 0.0578031320645188 0.230219020371573 0.0971534352794119
0.201001828254129 0.297037160586031 0.122541975738317 0.181928931042872 0.0597208414151802 0.137769262963471
0.169594618225983 0.144106711172772 0.238600550740958 0.101920905757979 0.291427201227946 0.0543500128743615
0.0575458780839822 0.191454237140651 0.12515887251542 0.21410056758795 0.0905963815644542 0.321144063107542
0.00542584058751248 0.00210994851048452 0.119319393388198 0.232654252615706 0.416374684625121 0.224115880272978
0.165179923372923 0.117078353193074 0.286075042870272 0.128316990729683 0.0894185894182437 0.213931100415804
0.193361436390158 0.250208716805457 0.200831436466428 0.180134102047397 0.175047242267091 0.000417066023469815
0.0254491178792578 0.215113306931409 0.196998548335568 0.19446208742454 0.155413285136081 0.212563654293144
0.169855074202255 0.265656751081241 0.344309805828667 0.0888674454478164 0.110115978827789 0.0211949446122314
0.229505077593448 0.111028700429039 0.190682003726049 0.0526469987787502 0.224930489434671 0.191206730038043
0.195563585474792 0.0380365744198156 0.219726087782103 0.151646764383766 0.217243051009252 0.177783936930272
0.175302092643093 0.15053788243901 0.038700858865027 0.0953305410015203 0.367303482992405 0.172825142058944
0.236223586991623 0.028529373095847 0.131496794000917 0.162850657161506 0.0746740023226228 0.366225586427484
0.251960086109057 0.0464423902421662 0.126246852495899 0.137796202471046 0.239766670441475 0.197787798240357
0.184289086301871 0.0102524179464067 0.244377256485785 0.205296029520584 0.319075568242661 0.0367096415026921
0.120713286069367 0.0974229689443366 0.105526655950365 0.239355909339729 0.280338021607044 0.156643158089158
0.027840452400636 0.00296033216912749 0.275361124836798 0.33163138788274 0.304345009395889 0.0578616933148092
0.224789615006659 0.162281973315778 0.135287662703883 0.0656775939522794 0.238059886436917 0.173903268584483
0.00764809800081539 0.332488575119393 0.247626331035026 0.143867215462184 0.0189862838293951 0.249383496553186
0.256264115129179 0.0961885629019895 0.0989254299255685 0.176378912684302 0.202903198928423 0.169339780430539
0.185140773434467 0.121866939827089 0.111710418027922 0.22889441348514 0.280751684742038 0.0716357704833438
0.108620394482114 0.267290869731675 0.194683871322688 0.0124851789152489 0.206658379961326 0.210261305586948
0.0743456296051516 0.0707212782366681 0.259209105177479 0.276964207322442 0.190670437433049 0.12808934222521
0.489306157897348 0.0466827917865992 0.127415254999183 0.0408006534883802 0.273604647892626 0.0221904939358626
0.0177588762197696 0.321041784782521 0.171215153803841 0.123783241062093 0.217809834849788 0.148391109281987
0.0315089870379396 0.429598544951375 0.0932663438862418 0.00472786017814499 0.355922654471763 0.0849756094745358
