0.127404111593976 0.0351071575315342 0.00425634463678288 0.053369466542932 0.0705472970186929 0.164657716249346 0.0752085671111553 0.0985796969124294 0.188561151895192 0.18230849050796
0.0288266656754535 0.160720507700504 0.0278710218015196 0.0690795703582885 0.204045856677981 0.184899143453581 0.0329640475476108 0.138832169115091 0.118798461373913 0.0339625562960586
0.084117890900575 0.00669230903493401 0.17252138332065 0.118592400911793 0.125793261099193 0.024480785963158 0.112451653655591 0.146469085139019 0.175695152798743 0.0331860771763434
0.0753646049981419 0.0608150010021723 0.146603791553922 0.138012599904074 0.000819436341375275 0.104913143226723 0.163000121749667 0.036893736252766 0.136396646749532 0.137180918221627
0.0177264702940676 0.132871436512987 0.202451848541955 0.183309197126932 0.0514301442032934 0.0160005148594301 0.0925440124445627 0.0302117885511647 0.130414797271519 0.143039790194089
0.103953007072698 0.0817620182748697 0.146397168767788 0.0387508299695247 0.108018164849418 0.0274207925143106 0.160296064452004 0.0690739951038675 0.127116030965627 0.137211928029893
0.130888768950161 0.107336281430603 0.107825239024164 0.0209762222384192 0.118894924938481 0.138271311922683 0.132219240269127 0.0113035460976231 0.111828866115248 0.12045559901349
0.070585223999471 0.143612371268058 0.12987396154877 0.0767267866005409 0.125330416317981 0.128786124387696 0.126963998114469 0.0948759988317034 0.100256443779964 0.00298867515134734
0.15352908953015 0.113693108074913 0.107678911765619 0.078301471521564 0.132059937008942 0.136366228109226 0.0324504285205538 0.0962701228695326 0.018254475944021 0.131396226655478
0.244596608307284 0.055466369347559 0.0720166476921737 0.0628278777743398 0.0947586297202023 0.184037327994499 0.0155450349510477 0.129854593547239 0.0599313984982892 0.0809655121673668
0.138325038354908 0.0887311006408461 0.0908834739951967 0.0418216813066115 0.152281369915257 0.0716078656448178 0.150383434483041 0.0665084291683579 0.109465284016878 0.0899923224740869
0.145483634076038 0.0644855829165908 0.0809935582742157 0.105814865608313 0.134708508319833 0.0742585069294661 0.101926324110206 0.0298209775334404 0.181801101463083 0.080706940768814
0.079884451953046 0.186527286833887 0.136846749442646 0.0663844851877553 0.172048708635167 0.0799535350653804 0.11975467078713 0.093243729864081 0.0315255001115405 0.0338308821193669
0.145159701904854 0.148697506620092 0.109268160928825 0.00354418877527861 0.144866017788117 0.172878635036319 0.0461843547056569 0.166930792896034 0.0386468974183999 0.0238237439264254
0.0907498390407952 0.20613793890652 0.0231152788189939 0.096171098218112 0.130710716196986 0.146336441963813 0.0416175644278498 0.119532642239959 0.123167458898017 0.0224610212889543
0.0724118750027716 0.232002172790639 0.201042390284297 0.023240901097294 0.0545824661988336 0.0723285972314081 0.0333516082032217 0.14506053926855 0.0616130881090199 0.104366361813965
0.135271881938043 0.187096925434061 0.0320578384949612 0.196087892752718 0.0717726987736146 0.110133580120593 0.190338380550605 0.0553922023832831 0.00978064606488495 0.0120679534872362
0.125728032044987 0.0150404462709105 0.0512356885377847 0.0510848264718332 0.113813204614706 0.120243975846296 0.0943242032839439 0.0759122358735154 0.180534144962663 0.172083242093361
0.0210457570129729 0.12659638119575 0.0853120637445114 0.111041470211649 0.0814768655204582 0.114999444713018 0.0973585298314202 0.122557379007352 0.122920422711962 0.116691686050907
0.157825616021309 0.0443260233479094 0.030547535858543 0.0526166201760333 0.0635539261819947 0.152816017286798 0.0749513584036025 0.0757606770636889 0.172540574838464 0.175061650821658
0.00570703814328755 0.213483326555159 0.112635791291935 0.0464961331642363 0.0183713238030208 0.0257048014605061 0.163216175207308 0.147831819832462 0.103099305545374 0.163454284996712
0.0139341401601547 0.00056497650050422 0.258248097384077 0.0315548308385305 0.0561042416750609 0.0799387162924132 0.0988039319130457 0.0974224497837092 0.170163787573579 0.193264827878926
0.138625121418573 0.172423950340971 0.134521772028771 0.0698641572731503 0.102852825005221 0.0559215645407378 0.151606068919424 0.12798908935601 0.0284522940701644 0.017743157046978
0.0281437005429277 0.128552861642099 0.13021974546497 0.0312651875307433 0.0821583331455489 0.13109690086078 0.101952697964289 0.0964883218115455 0.148484267284799 0.121637983752298
0.04927942888705 0.0525800007978593 0.199636005416275 0.00690309330434118 0.118802923233433 0.0709082051941012 0.184465300871283 0.102759080171907 0.109567577489073 0.105098384634677
0.168956921160167 0.00298547558716261 0.111891139331224 0.163873127591586 0.0493478569782166 0.15566361587253 0.085476449743805 0.169746763741134 0.0434483427976305 0.0486103071965445
0.13500297961491 0.0710292767479289 0.156769379046567 0.0639049203500957 0.0570672537366694 0.116404466875641 0.0739930963027406 0.10110674484518 0.0849167291133703 0.139805153366897
0.126423827970013 0.0672459232558163 0.164675066672403 0.0993462747320829 0.107778726083541 0.160862625331841 0.158524844327069 0.0331620158181377 0.011191030230359 0.0707896655787374
0.171791615891482 0.170737750036136 0.0363463770311473 0.0607427736394654 0.0844461239772122 0.161089893588562 0.0124081817671245 0.122564349060061 0.0655562846301297 0.11431665037868
0.0478617510156024 0.0670108918603051 0.0739905744143042 0.00194479345061714 0.148713074686543 0.207498068546088 0.0193516876505297 0.173786864644609 0.207008173607546 0.0528341201238544
0.01735063619696 0.150581959529891 0.122049500341465 0.0960632457420875 0.0580929327118141 0.0231126057227272 0.0671455733339196 0.179795050262072 0.192286476943037 0.0935220192160274
0.00115067628844734 0.0707354441052668 0.146267323222232 0.00355843832588416 0.17408121457681 0.0403612548898289 0.0733371649149177 0.0775501103563695 0.220628537558381 0.192329835761862
0.0441303081194122 0.152196536893989 0.125064471294602 0.048672522092213 0.119370630857737 0.0963305111273801 0.0573879004023097 0.172217218140607 0.170604047211744 0.0140258538600063
0.0396769499115133 0.015941034852407 0.0289112234463278 0.159313803114995 0.151697751053858 0.0684747464450704 0.159495848503345 0.146839301063534 0.113239858657623 0.116409482951328
0.0769666645112483 0.14801514252395 0.0662138007304222 0.121309056285647 0.0360974549140108 0.0229772055973317 0.137640745743864 0.154195161547071 0.106051715151448 0.130533052995007
0.100773038394188 0.0721775355246656 0.0378365733273953 0.141462489687419 0.102073899874584 0.00221409295331333 0.148847464916556 0.102328432045563 0.168294731014081 0.123991742262235
0.157507221048736 0.115938119068201 0.0887286954878527 0.155184784049273 0.0485777492797987 0.0906982294991217 0.128768327784095 0.109332483349031 0.0461744275912882 0.0590899628426035
0.106030163458856 0.0738941997575577 0.120879029962261 0.017709535908611 0.0465656032910936 0.163847217025394 0.130047062810826 0.0923739721294424 0.0834134266500591 0.1652397890059
0.0121372014996295 0.131523257660256 0.159737073132879 0.0766263330078672 0.16498836981347 0.191317526857887 0.0547790915692798 0.0774178146273213 0.00688810851624923 0.124585223315161
0.16592104799869 0.00605268464221923 0.0397656326195018 0.0753492606576753 0.152547579936649 0.153372173913108 0.18035483342078 0.0406073768779741 0.146798079909218 0.0392313300241855
0.128409243086459 0.123981974885638 0.12101343037683 0.105064503830552 0.0748107155401977 0.139193874013337 0.0184888484928573 0.106273165649381 0.0770681430570824 0.105696101067666
0.142962683382699 0.00170123241869514 0.0966576592114412 0.050439782382511 0.144628866235283 0.12162056259161 0.101812032415013 0.065945264774593 0.190317403577599 0.0839145130105549
0.146361183199667 0.197356121526505 0.00277365559961793 0.023534374604617 0.139560347854021 0.0110563805485161 0.200842764106456 0.0616111674343185 0.143482510274872 0.0734214948514095
0.137254864971461 0.0472440913740882 0.114161330680377 0.114649016803337 0.148346009527802 0.13807236835548 0.0509719470461439 0.115191504121346 0.120517117605876 0.0135917495140889
0.131215809627271 0.069920716694695 0.0617949684572751 0.00078948689790551 0.160375665044199 0.0771898128737296 0.175501924535289 0.14732883373256 0.0321196806407487 0.143763101496326
0.0571705309498089 0.146166925700832 0.131252467607915 0.0415998768408362 0.0711376167377596 0.0570344812533268 0.161865741275961 0.142148533620972 0.0448206109645108 0.146803215048078
0.135896146074773 0.0436382468585076 0.135496834180547 0.105574011465097 0.140772453492892 0.107144762556463 0.0347431079469659 0.050533058185173 0.129351224465598 0.116850154773983
0.00909411255689313 0.139923061893954 0.0993761610178309 0.197013545403648 0.0130856662430899 0.146097350452506 0.127924101176482 0.011827462728966 0.187408821252922 0.0682497172737079
0.0608976122424993 0.142973213171269 0.135857754385447 0.0989739534446019 0.0529156310007848 0.112583726168764 0.112515742016613 0.143704530254414 0.0288700917700025 0.110707745545605
0.0879366152674655 0.0835293601399854 0.0193143902711263 0.0311972274707245 0.0527468007342281 0.111064351784875 0.113319732339108 0.176827124013897 0.148524160662154 0.175540237316437
0.0508462337774538 0.0311409584174937 0.128064118413061 0.118002693045153 0.0386545032211623 0.147264647016961 0.124460552027404 0.0172167856826527 0.151495203650388 0.19285430474827
0.11808634987351 0.131058233855694 0.0523087228982598 0.0955265384880787 0.0725836696467693 0.117860941723023 0.124294155895288 0.0571488895527973 0.124731864639862 0.106400633426718
0.166398373393494 0.0745419071075585 0.0285291464387893 0.199633998764839 0.00623666071862591 0.0325262454785757 0.233086234661878 0.0871493601362716 0.11006591862026 0.0618321546797072
0.122252716210314 0.168716875750013 0.0362246130807372 0.181081622148929 0.00925286312501069 0.202058519682902 0.122276038020978 0.022919619512896 0.105433894941305 0.0297832375269152
0.0676679141896737 0.0283158709343712 0.0937571017037926 0.0783952254397802 0.106572105951649 0.0780380121305624 0.230186889169584 0.0332935846473761 0.144008170696653 0.139765125136558
0.0442993400360354 0.162084602117817 0.124454353897251 0.104099645055414 0.175173435190006 0.0512103421516512 0.061189770440803 0.0506286954734465 0.0964255962373161 0.13043421940026
0.0143654537679974 0.168552144548879 0.180538328332063 0.194623552211056 0.0747813140636024 0.0949265088099334 0.0262508984335219 0.167605754511131 0.076573215120719 0.00178283020109713
0.0297399096059732 0.119403963841026 0.124458153485838 0.118679826511204 0.0399007534055271 0.136445877590665 0.117415555981571 0.0811040735775108 0.0796147976717094 0.153237088328975
0.0397793967955526 0.17768379285629 0.0933080182130549 0.122249366537966 0.0950197510071666 0.197661346361025 0.113706100413637 0.112676210532705 0.0173103988276961 0.0306056184549069
0.184616182524848 0.158148746099213 0.0527674300194295 0.0839267208645261 0.0455495360366656 0.180333118478257 0.026349727552935 0.0501355151550879 0.154565346459195 0.063607676809843
0.0593337495263235 0.0841826236293453 0.0896677033763687 0.122990257105088 0.147950438718858 0.110112375776311 0.0918906042701716 0.153844133310241 0.0487471713378182 0.0912809429494744
0.0667986119231362 0.162558199378888 0.175994974330093 0.146569968163364 0.186523684438051 0.148501818249244 0.0385973595944757 0.0290547585290946 0.0343976709248542 0.0110029544687993
0.0471787946500902 0.143067635459058 0.0697671844227654 0.151266437769528 0.099323729222838 0.119034965549633 0.0988933053802775 0.112592225020755 0.0611692182991709 0.0977065042258844
0.0849263628209747 0.15033703108632 0.0857085045266334 0.0729647595002926 0.173969866432671 0.120572837982813 0.0808653658290044 0.11209627195762 0.00434964429636543 0.114209355567305
0.173042526274918 0.0365281810079069 0.160662174346928 0.184446442911554 0.0594793565943475 0.200542328263876 0.0669435297958946 0.033547578240966 0.0381035455920249 0.0467043369715836
0.0153134210978803 0.0988311455332053 0.05318608605581 0.122507488492374 0.0911840997978302 0.128480407568889 0.253162307518811 0.194711773145209 0.0217140737205506 0.0209091970694413
0.0169564361207299 0.149412491802154 0.173883858408602 0.115874185815932 0.136445716431715 0.17950828971991 0.118238361904155 0.0637801537056709 0.0354414833108287 0.0104590227803025
0.0685505713523809 0.165005234083737 0.120040732593153 0.0392668737244495 0.169495866926886 0.0251143306454912 0.130794669347834 0.079785071556947 0.0957341548137914 0.106212494955329
0.0284976260397636 0.135884050139414 0.0111448147089412 0.0905420871993811 0.153602541854157 0.201985606715939 0.124241044337153 0.0282622127889711 0.200031675337776 0.0258083408785038
0.162197589022869 0.07584078286784 0.109591503095382 0.0300919713850398 0.0489814933147846 0.120569667961638 0.15038155120166 0.136595512362988 0.138092058232695 0.0276578705551037
0.102652874113322 0.100694117863457 0.046941506218984 0.189634342957645 0.0434783518751738 0.164382042746906 0.0327232446099009 0.191350951027283 0.106551622172811 0.0215909464145168
0.12664510167174 0.141106780319065 0.114444334238908 0.00255112980575078 0.162798730718731 0.059891439720792 0.142847538830885 0.0948267157841325 0.109386849731555 0.0455013791784404
0.156960282803266 0.085008248670572 0.0354510403052005 0.105924540458453 0.136370862576646 0.145473882222154 0.0750760669194971 0.116899847208541 0.0749144796264461 0.0679207492092241
0.194743191572141 0.125450144145017 0.0441555500071771 0.0425125270055073 0.00728629190371846 0.137182845108577 0.0460386806634602 0.173976957367249 0.0578835362953084 0.170770275931846
0.128298886697582 0.0596123861454191 0.145461363577347 0.128791564298658 0.159913639495137 0.0838150137825635 0.0269538517226751 0.0466557550929006 0.107585115200927 0.11291242398679
0.0991975174687973 0.12963326025068 0.0719901862371033 0.0972721986226372 0.0428302153319694 0.100141484613824 0.0860840729361919 0.14861911820999 0.0999265579998997 0.124305388328908
0.141431037258411 0.104854709280634 0.142606070603019 0.172440901352162 0.182297552514856 0.00681419452668515 0.0712303838058564 0.0917752043132534 0.0683041486484711 0.0182457976966521
0.113456356870627 0.135567392955718 0.137039268659088 0.0710638769829465 0.0477662229709618 0.0442096993411013 0.13644889461324 0.0452044098115974 0.132180423873762 0.137063453920957
0.190686462090495 0.0494660903696402 0.142755018763953 0.0618938031477132 0.154060373632211 0.0341943353665054 0.0322369894360174 0.159891368142223 0.164620190715216 0.0101953683360262
0.121124519513605 0.18989192292185 0.0377822573511152 0.0886979936223151 0.0351347254913436 0.010408581075787 0.0527942770977725 0.112574957798018 0.235486331143818 0.116104433984375
0.14364030244151 0.133446362790181 0.0593611938348712 0.224708546142956 0.0744706730576112 0.0264584512133498 0.0453955849496791 0.0912710031959732 0.0120540035208744 0.189193878852993
0.0824417591577354 0.0857685085384684 0.0222838014706881 0.0679305193694035 0.0788396830285225 0.0378676425021136 0.209881749605941 0.0441380291486787 0.215818566448655 0.155029740729794
0.0159964088448821 0.162467904714841 0.141866784066022 0.0097672480724505 0.105901053213327 0.132286850114417 0.139769755267192 0.136184417941925 0.0654962205393422 0.090263357225601
0.0383839006343352 0.0304191757498352 0.189901752848968 0.125336276279086 0.0255009277072654 0.0825069940750595 0.109714338010523 0.079020415449389 0.173481446607115 0.145734772638424
0.0138155074890675 0.0540573136175107 0.000390361391098316 0.142340203295884 0.058909797808859 0.148535700647241 0.160217713019649 0.0953328438101778 0.0590480016453014 0.267352557275211
0.0142660802811833 0.0513373320620799 0.179364248990642 0.238503655968472 0.0421908639833152 0.241599647520701 0.0243982169422777 0.0372220255995744 0.00527683345567606 0.165841095196079
0.0827246733825508 0.136078368886062 0.0349547313646832 0.136778095343093 0.0157420349231561 0.171941708338876 0.108133467921432 0.0988714285704434 0.128567675917039 0.0862078153526648
0.157759509485366 0.0430599778034925 0.192958420053109 0.0284427142325466 0.15413868200403 0.00253270839646781 0.202444636165523 0.0659487073056569 0.053499842729113 0.0992148018246946
0.132411459997345 0.122561606398366 0.0427282076273008 0.149806572005543 0.0415954033438715 0.165361197198428 0.091892711163097 0.0528137913596539 0.0897018672695332 0.111127183636862
0.0995417208830314 0.139273140317102 0.0272467331558997 0.11523727241935 0.188532624875716 0.00653933057634666 0.075761823226082 0.148609797985132 0.192813177462856 0.0064443790984843
0.127030018537088 0.119250588321324 0.100112158424307 0.12531297539932 0.0988101375955444 0.131423061752244 0.113900472004625 0.0320670186813521 0.132657910564201 0.0194356587199934
0.147684393414677 0.22851043696026 0.0648278477753186 0.0246654079123952 0.110029680846816 0.128704200991776 0.224537064043632 0.0277099121662931 0.00107602249287544 0.0422550333959586
0.0642979431628633 0.158304667652838 0.0207976333953755 0.157305050564322 0.165885117990539 0.00211937227490916 0.0240370769860355 0.151085152870756 0.121692769962568 0.134475215139794
0.14086366245687 0.0886122600630999 0.0849629187205405 0.0158401201275664 0.14877098079401 0.058559240725586 0.133002731882962 0.021572248596787 0.178568295921135 0.129247540711444
0.0624636740999079 0.121223421868351 0.0936596944832558 0.0704517071236003 0.0858027932011015 0.0993602694525675 0.129992587981484 0.101461535907115 0.108282605256515 0.127301710626103
0.103660460147617 0.08949798338076 0.0365667372499082 0.0465342873364431 0.0431063816730907 0.0970381932135287 0.117280870622935 0.206182780534081 0.0319980686813701 0.228134237160266
0.153811989514488 0.10148065686425 0.0526396564325603 0.138281398785175 0.0417836651283529 0.0974517300984806 0.112937587844261 0.171172666069801 0.124275225723564 0.0061654235390672
0.052593069326224 0.143133147779441 0.168282371534563 0.101270907458249 0.0439797461046771 0.0645587379178931 0.00909927644446931 0.17235513135293 0.160169732650968 0.0845578794305856
0.118109266085301 0.0752462334854758 0.126272566119484 0.107434694565383 0.0835063830236752 0.172067267655325 0.129975627496668 0.0730139447443781 0.0718075145699941 0.0425665022543173
0.127004756152801 0.160327708847578 0.141631500972632 0.00534376197000087 0.0268797584713093 0.116588298246526 0.0764581341548021 0.110458597402018 0.122889131147013 0.11241835263532
0.118346064442394 0.186994746031447 0.0174571089799237 0.0587178471370212 0.0546014363178811 0.0714719467831677 0.186312938166766 0.0984005989855791 0.148355060295795 0.0593422528600247
0.1039883479216 0.037997132834313 0.0467315302691818 0.150656066755591 0.191347985630362 0.231068195519196 0.072072786156753 0.119260240972634 0.0221676716440489 0.0247100422963204
0.0140210689556503 0.109644679217224 0.0922111417578744 0.0708983184456897 0.121400470122202 0.106131266672713 0.120304227898737 0.11410214755336 0.14711777737354 0.104168902003009
0.164900499190835 0.000997892396855067 0.0835058062840758 0.121439468808097 0.115900634381838 0.0359621843773218 0.117666441599989 0.0419597767366766 0.155437233061234 0.162230063163078
0.0550117298815188 0.116267007351187 0.131488999356477 0.121579867073949 0.124075586582887 0.112612829898194 0.155068991925194 0.0632286147820658 0.032613174856118 0.0880531982924087
0.175925039414588 0.116152636729639 0.10968402935219 0.168708515653703 0.0635700127743428 0.0162736816598762 0.120223015396132 0.0891849770930858 0.0885582891419895 0.0517198027844538
0.0815104420261357 0.0334176508390605 0.0937579924149686 0.0441976697879866 0.115604091513276 0.120783961007167 0.106474111790014 0.124367749422611 0.178748574981551 0.10113775621723
0.151099963159133 0.107458017454303 0.0958121285178893 0.132757074708324 0.0662719174549306 0.0800021700088134 0.106917115463901 0.136882679947198 0.111781220380037 0.0110177129054715
0.0274273620594793 0.0748832629743596 0.132308201521921 0.173183680323196 0.00988140751453594 0.107695079202126 0.0904147163249962 0.0875433871556746 0.175663338266519 0.120999564657193
0.0686313966154566 0.121842643982147 0.06566969822459 0.0287120635328373 0.0837607427695371 0.178669560046695 0.128167826299432 0.17715775878388 0.123376117237598 0.0240121925078272
0.176927836498243 0.0218931809574489 0.159661412704423 0.0328412232688227 0.107057288987212 0.0113528839106119 0.178922088829347 0.122283232469057 0.159602936320507 0.0294579160543265
0.0958590455313982 0.0939545209095183 0.0542905371264596 0.151387949850391 0.125620070138118 0.145680833667773 0.145893077723042 0.0791534721065305 0.0429382817231567 0.0652222112236124
0.126917824068577 0.114080340892491 0.217135851811908 0.0335317027193651 0.0717855285619544 0.0780590349065584 0.0630581279182557 0.0166735838158837 0.155964722991566 0.12279328231344
0.103104080463802 0.0386356718464651 0.0857665503046228 0.0483885191360112 0.106893116610156 0.143556083385721 0.123144160677145 0.0903534982349791 0.10832660110616 0.151831718234938
0.0254225370186902 0.0248043300740317 0.0789702000175958 0.128219080937696 0.0701228750896348 0.194009499253763 0.165015937219725 0.123712766951924 0.187978595243799 0.00174417819314033
0.089178086804261 0.0486550215200934 0.149903132508304 0.13819266570336 0.0440964835653737 0.141466200741178 0.17803844232509 0.136395934423092 0.00499376296879211 0.069080269440457
0.158470361093411 0.140346459957845 0.0804141817616563 0.1354517049792 0.0339299582901368 0.0972019732781019 0.115046751264446 0.0362142342689719 0.116577883432921 0.0863464916733095
0.155127123711707 0.0350467238890781 0.0975175297794736 0.148234090306813 0.0551768448472299 0.062877083346155 0.0350092862500838 0.197397189753322 0.201364932416291 0.0122491956998461
0.0793067978218059 0.118777741597168 0.196143335663123 0.115099206568211 0.134181651290655 0.0228514368909886 0.0171784378189256 0.0582178356539118 0.103082298073437 0.155161258621775
0.195334530381514 0.050821451218909 0.083829007941864 0.0665618006185753 0.0313096459376742 0.0491617935555629 0.111497018653399 0.0586948633508653 0.123275544866854 0.229514343474782
0.238548726559133 0.0663161651637461 0.126737849068861 0.0507238318416904 0.213167705626774 0.124593078228161 0.0195310295147839 0.00854315348271631 0.061248632008325 0.0905898285058098
0.0585318268704198 0.15780085098609 0.165644947331576 0.00711881500109801 0.175947215849476 0.107912737744931 0.0581940835427246 0.18599245509303 0.00400175074847261 0.0788553168321819
0.153745309078827 0.0328081816039126 0.154681823433606 0.0710976510086342 0.0937231422431729 0.117314814592068 0.136799830275047 0.110315197415825 0.0650116994827182 0.0645023508661891
0.0164694410575486 0.118707386573295 0.17229911151556 0.140212269844963 0.0125125179067953 0.062388737995638 0.137072458719162 0.206405106488691 0.0409223465924955 0.0930106233058517
0.199581467956506 0.11769939683597 0.0875266058124027 0.0875341273789719 0.112923734629592 0.0307848281137222 0.032493418009974 0.128649349292568 0.0894995925332097 0.113307479437083
0.103000998084654 0.137919583720598 0.120858042493864 0.0212496190960198 0.0602806449108528 0.158441867542017 0.129176475341302 0.148303036423655 0.0993756991011032 0.0213940332859351
0.127049292821679 0.0219212983873948 0.136244996536924 0.120999251101802 0.119256371655104 0.0304895453866729 0.140838487384798 0.0316790859623727 0.151432801515108 0.120088869248144
0.190307917659372 0.0642287840524808 0.181365775632398 0.162597797540953 0.024709987063271 0.0836990799905211 0.00659003829174189 0.16891894124697 0.0135984346814967 0.103983243840795
0.114431971124876 0.0297177349919333 0.186007102035137 0.108235292968837 0.0034954736406434 0.110703514388873 0.130499397691911 0.137394962236565 0.0483260719996354 0.13118847892159
0.0390360799184673 0.14131145016114 0.126285039073048 0.155293617669128 0.0328852437311902 0.118865446007822 0.0170509736744875 0.147354361075621 0.121896849301657 0.100020939387439
0.0834579924228848 0.22149612653603 0.233378911826254 0.0225304122619835 0.150421783863878 0.0545774877407259 0.00957531901752722 0.0634620172501248 0.0418667652028157 0.119233183877776
0.0101250121275409 0.187348793972338 0.161771584671092 0.0275040264681225 0.172537063359444 0.00430591673165405 0.103890084596088 0.17719815653241 0.0331484796097353 0.122170881931574
0.10578885744971 0.156146773755627 0.0393922709031275 0.0994192158909861 0.145453606465031 0.0812818673893381 0.00702014046211617 0.0753285491230146 0.135828265498235 0.154340453062815
0.0612304389461581 0.178443098192671 0.0490507714411657 0.149326638802534 0.0892553322817994 0.100404173525829 0.0745921179910548 0.144088249486462 0.0767065948434723 0.0769025844888533
0.135681227114097 0.0161957795297951 0.207835210392917 0.113589671024417 0.245272987651927 0.154903364425457 0.026489470225957 0.0598721843361873 0.0349006919397556 0.0052594133594893
0.120714251574995 0.0249920344735255 0.148655335098236 0.080493645251572 0.00589253825084385 0.113549663901067 0.115810799797734 0.167008923447746 0.172009533273242 0.0508732749310398
0.0695650623176284 0.128450676015272 0.113479054254465 0.0996952089101113 0.0528007355794611 0.118780822177719 0.102257022756686 0.0846494748706713 0.135646386061981 0.094675557056005
0.110733370681514 0.0127528124339156 0.113014271543217 0.0439469808462492 0.157137712457822 0.121449802995947 0.158714598811876 0.151748218042533 0.0800751690814398 0.050427063105488
0.123543241355599 0.0157824624304979 0.0412817850778779 0.194568931125085 0.00653561725959076 0.0686848509519934 0.205836949091988 0.0178837874974931 0.167171841710354 0.158710533499521
0.00171756829948761 0.1429881983061 0.108909969219659 0.0930907004558872 0.155018384671036 0.16785759408526 0.0356463836282102 0.0554953570230724 0.171558290651821 0.0677175536594665
0.0696066461877199 0.146244244508906 0.138997410812606 0.117166806607498 0.156875049930107 0.0440638007004598 0.0451323817141973 0.0886437385608438 0.0425808364328416 0.150689084544822
0.0103893325557577 0.225545389772951 0.193632473229819 0.119507221274291 0.0268118249117305 0.0295179722125431 0.193918778784716 0.0594296283821139 0.0423287199954891 0.0989186588805887
0.175660249723872 0.156365253202311 0.0441100142766179 0.0215353430650416 0.0736579502344321 0.0981328059345212 0.0314774203430098 0.132307993938871 0.151888031865497 0.114864937415828
0.12230296091767 0.118383661046728 0.110349868350151 0.133663884912137 0.0172757438767874 0.161617759247739 0.173979741355198 0.0647780552785117 0.092971717953854 0.00467660706122405
0.049434586146351 0.0802800708348781 0.19642083506137 0.183799333114324 0.0245987139208425 0.0654644619633023 0.105707086817502 0.1727279637488 0.0849305812381702 0.0366363671544595
0.0153356725617627 0.11332189268383 0.0748350678174271 0.0601441973212881 0.0632314482860041 0.16759474454765 0.192018632950265 0.0222311368138057 0.137866818359384 0.153420388658584
0.149969813626983 0.143998307304323 0.0647904644422684 0.024489044376222 0.155033529449318 0.0422899222080352 0.0906167861971512 0.101961171114695 0.110930302335011 0.115920658945993
0.0871608774682488 0.0708697982523426 0.0553484768034123 0.0731030554549518 0.121548736917316 0.161996779290669 0.139001223710419 0.11473060348648 0.157966421702917 0.0182740269132437
0.0737923886298253 0.0438292523894328 0.0126247915538917 0.0857051561435927 0.0284285689996556 0.188141923694391 0.106649721512724 0.205407410162462 0.101039930948964 0.154380855965062
0.228464863436895 0.094997996116946 0.153104246682169 0.0175519057701938 0.0662376940740031 0.0757938983125831 0.0502839396885802 0.228832430425461 0.0293671592578906 0.0553658662352791
0.142377442066972 0.0299581552812072 0.114934167582603 0.134937561956748 0.118058113475975 0.0589307447417006 0.125989255472447 0.145529298160125 0.0462291240221685 0.083056137240054
0.0648785984695719 0.138902761753133 0.0206670634309721 0.158102665402999 0.0466943519715402 0.164226175500276 0.129468291607254 0.134650801628814 0.074788621205662 0.067620669029778
0.00284121815848267 0.0667479792242727 0.127091038354756 0.0778428339853744 0.133708198722561 0.160335271940432 0.123586908107971 0.000869411647986807 0.167865087937472 0.139112051920691
0.159504826457659 0.16156590865733 0.0775013242295558 0.0370343309821345 0.172123833368807 0.0692423900719464 0.163470107747866 0.00773401761116778 0.0340315669312596 0.117791693942274
0.0299720819007819 0.111502325938576 0.0891728208177184 0.153522394042295 0.0977305198408551 0.00328360264335065 0.168557091015928 0.0617408032311649 0.235028916681393 0.0494894438879356
0.1165994688099 0.0664634712744325 0.133632118421997 0.105725493869475 0.0706352397797381 0.13487778309968 0.118800130934246 0.0636720032964662 0.101290935615494 0.0883033548985708
0.0989266996365778 0.149352030237794 0.00409000163411655 0.148949005601729 0.0723518306061704 0.139822884966557 0.0990194462548546 0.147692281217742 0.010971709631727 0.128824110212732
0.0522352726765754 0.147561253641154 0.0386670890223992 0.151825461977431 0.0300499939656426 0.0784501375101238 0.0365254056311016 0.122947140466691 0.164891755037974 0.176846490070908
0.0820290635492136 0.0486156340906035 0.0119780922980514 0.143890064736424 0.129886068042838 0.0703036080683719 0.194556118110987 0.100447366556496 0.214961040305768 0.00333294424124609
0.134184275661734 0.0410859515952723 0.0565972679098912 0.0565669081062467 0.020492094696331 0.194355415175774 0.15115846196628 0.148189537556511 0.107177472757833 0.0901926145741269
0.0982490415037797 0.0906665977119286 0.112641617576612 0.136537430075564 0.0683333847623558 0.0671478917392202 0.0806201379595824 0.0813242072015106 0.137987297527517 0.126492393941929
0.152953504081382 0.15422664533633 0.126907824873025 0.0281220282619022 0.132112679756503 0.0339774340062284 0.106077137770141 0.118085363194385 0.0708379160519595 0.0766994666681449
0.0723630253871192 0.116497871135497 0.0245149090418253 0.189025616203611 0.162450419741797 0.0529203316130668 0.0322656365656333 0.0711550945074342 0.167348250023836 0.111458845780181
0.247742783565122 0.00462373352660021 0.0285988035039933 0.0725330019158379 0.0373780217219765 0.121012897175697 0.12714094506118 0.282858402089453 0.0610187428240406 0.0170926686160991
0.160001237892718 0.100534898430885 0.18309487682187 0.0692705096260461 0.162242193604625 0.0804254947577105 0.0116644380259915 0.125807277014805 0.0748753331707659 0.0320837406545829
0.0538394890928849 0.0547833839600522 0.0219248128841153 0.187391887731784 0.0242437915150415 0.179301198283746 0.0331500150122689 0.188034260746745 0.210311238400571 0.0470199223727921
0.123799950532588 0.177586762153687 0.0419308051653484 0.172586163279579 0.0223588946278978 0.0104822208382126 0.131832255041204 0.078656411718457 0.075390710821594 0.165375825821432
0.062574764480184 0.0405243489089559 0.156635206879591 0.132397599251551 0.160747714463548 0.0993535775406793 0.034405675542132 0.103188632783045 0.0781144392698974 0.132058040880417
0.0246910518158025 0.151908717183507 0.0653826389659497 0.0850253525873064 0.157531017850182 0.227801476554864 0.00282908218538652 0.170276803609927 0.0106772264868184 0.103876632760257
0.0577009895867239 0.0359896924804116 0.0744842548040024 0.0637698823794641 0.0488514971891484 0.191309384279892 0.273876350935907 0.0141804244121258 0.170427627403274 0.069409896529051
0.0855189871314331 0.188102461472568 0.0415750397315774 0.0820747292648775 0.130628975922041 0.117963368842825 0.0750152942833377 0.0167904132959603 0.111966227437145 0.150364502618234
0.03880739850976 0.18606642332294 0.00309741249785853 0.132348284831564 0.0510796977977309 0.113126575714355 0.106018500105138 0.165504094833145 0.0460227163224389 0.15792889606507
0.212142637504832 0.0675941488421143 0.0427997273772719 0.00134478935566181 0.122972611490131 0.00919845390632869 0.166336083232802 0.17265295274534 0.0488296911539258 0.156128904391592
0.159313197518889 0.133932044709917 0.100211724330446 0.124578419382175 0.0895693538719066 0.0615279554392481 0.0762518132781496 0.036061328840134 0.164014090354883 0.0545400722742521
0.113707020210823 0.0116159016883008 0.0462423031982587 0.0473118903427537 0.211870803730288 0.178212814058157 0.176505913872873 0.102880974649475 0.0386844282402384 0.0729679500088317
0.175319484052316 0.055016865739149 0.239354336579352 0.101956281526659 0.208521728485536 0.0574741973621742 0.0325507184380546 0.0197662150754981 0.0932602307446109 0.0167799419966493
0.0908306618537128 0.0603165592450888 0.0693900947256872 0.167013007329614 0.115594839663183 0.067387318546625 0.17192255419376 0.215196410927768 0.0341525397317231 0.00819601378283799
0.0883573971046795 0.123749160136551 0.00678060062541643 0.0994908469870532 0.0879809906280047 0.0853085240121743 0.122427686134548 0.0993153451764143 0.157987779978404 0.128601669216754
0.0295968075232124 0.0709795567676762 0.0744713130234776 0.149799061269328 0.070021985723976 0.180671027986052 0.0687149397036618 0.158947583478021 0.0719114818033117 0.124886242721284
0.0831936872342223 0.128607013134924 0.0987228737964684 0.0545840977523566 0.156795509948078 0.00453600941207482 0.131202824823762 0.17735906261626 0.130430320065211 0.034568601216643
0.0496724241020215 0.161504579513405 0.0822295769416532 0.0538264245745194 0.14969860077072 0.0546962073589295 0.190497294035301 0.0735115053588185 0.0223513680551693 0.162012019289463
0.0684553696808699 0.0842019466215783 0.112908479177381 0.0418040439144969 0.135239518888619 0.0695537293776832 0.16304038027159 0.0492640088381002 0.118634151788289 0.156898371441393
0.129258945546058 0.132307702065204 0.0821566995705287 0.127113452664414 0.116895184648558 0.0782526982105716 0.0748840222198109 0.0743852307200693 0.136272882697252 0.0484731816575347
0.0180394667816955 0.0478779633669683 0.0479463677803223 0.129230256575508 0.139861447911483 0.178345687563128 0.145375188900219 0.169001987585565 0.0136437575040627 0.110677876031048
0.161781457069953 0.165933197640428 0.0578589293632201 0.0979564554896584 0.00379314499454274 0.139741541415768 0.0544011782519153 0.00714103041689954 0.168914419381941 0.142478645975675
0.177894059911046 0.161660611039744 0.0266276464043862 0.053950230315657 0.0866620376783287 0.00921825382881873 0.0442154570304511 0.175225584482411 0.182752605748245 0.0817935135609112
0.058694520744996 0.01640077201895 0.0628007186662361 0.117654581965238 0.00518783079322081 0.216754178436214 0.0469796520089925 0.104853929297712 0.158267605788103 0.212406210280338
0.049720433726392 0.134268328084251 0.154155923604696 0.101624460587863 0.0907947502328798 0.0614923346666343 0.0202028548561261 0.0975431897891923 0.14500906584417 0.145188658607796
0.120685679785326 0.136066500614797 0.0168578910960989 0.140693892275632 0.13425262163409 0.0255758129156488 0.0864769941902063 0.0740400552459414 0.157145919464695 0.108204632777564
0.103029032415349 0.127333281252238 0.0618286903366457 0.142885512504629 0.114040432474845 0.0933808995808621 0.106472823725062 0.137368460501632 0.0299735587003763 0.0836873085083607
0.2003610868515 0.132065436849322 0.250592027497189 0.0562014257119859 0.172916960435557 0.00270292861180663 0.0392912103599517 0.00372702256573396 0.0432734803797952 0.0988684207371589
0.0961891443483864 0.0393592093776635 0.159700795225739 0.0678982699466144 0.160493222636161 0.134224279486731 0.0449850055284761 0.0418850173176549 0.132136479257953 0.123128576874621
0.0388269482453166 0.111915525667526 0.139709796353026 0.0695734332255282 0.111490525695812 0.132386493080304 0.132809116053342 0.0372690483628136 0.137822741394923 0.0881963719214088
0.082999189408379 0.161069226145422 0.163895784163881 0.189455945413521 0.159531254492595 0.0478034692378669 0.0142330129537892 0.0782386675269979 0.0356634651435503 0.0671099855139975
0.141678093194501 0.0210140072276901 0.128317976275209 0.0826794458150489 0.123719860469135 0.134329662391077 0.104980675812049 0.0859398553897141 0.139902288650767 0.0374381347748094
0.0613809521898106 0.136864312632935 0.0870856084188753 0.133034241716559 0.0957107041909735 0.101795170188518 0.145529152530697 0.0203782630588172 0.0868013243760774 0.131420270696737
0.160358830616062 0.0669531265674412 0.117081137917447 0.036049331296201 0.078252945673143 0.0957136749244366 0.0621643873521325 0.141828427860258 0.0808638601154719 0.160734277677407
0.151008677137105 0.103290037946987 0.0851798888626076 0.113358943641598 0.0690578649074742 0.179823866002674 0.0470923260969179 0.171934068808538 0.0220338436986724 0.0572204828974271
0.193215540881972 0.149798255881535 0.0732738319548965 0.102423545933363 0.176344446767069 0.0450434744034766 0.0702842437432855 0.00142569702156276 0.0213091444408071 0.166881818972033
0.108818768312111 0.0264391695066699 0.0511166248796766 0.217910182199583 0.122770669967399 0.135035367056824 0.223652092981204 0.0106861292279601 0.0835149090419784 0.0200560868265949
0.0926849052743452 0.0837907384209659 0.0912222549298715 0.0267974204023107 0.169342064539294 0.148979557803152 0.180527076068227 0.102707954280897 0.0654436648072027 0.0385043634737349
0.11723219613669 0.0755385431976987 0.0522755934430696 0.0512797140348212 0.130318983922193 0.135576055691004 0.161429194032872 0.0251173000044336 0.1624376797298 0.0887947398074179
0.0560554699576517 0.147626550279242 0.146192387374034 0.110076676310289 0.144441779626049 0.121777023577072 0.0761364786730033 0.00847082249713359 0.136496376578486 0.0527264351270387
0.133589014004099 0.143638822441555 0.10018523447085 0.164822583900652 0.109374659957095 0.155522651011436 0.063965737577252 0.000491226117980625 0.0352973071608743 0.0931127633582066
0.224550603138828 0.175582969984095 0.0737055939119963 0.0781262301093136 0.0894016889004378 0.0260576251661571 0.124587307448646 0.0232681249349042 0.145389929155143 0.0393299272504801
0.149931039637278 0.0597735058815096 0.012190339172971 0.0334499207987522 0.11004101339634 0.109687656056833 0.0660654869502405 0.168270466081757 0.114429071650814 0.176161500373505
0.0234586325803063 0.0262546780059646 0.204926429383747 0.235134070490787 0.0370943385482412 0.0394799514641953 0.0254506671157738 0.00737098661598948 0.207815721017119 0.193014524777876
0.156500447647021 0.0485358225612129 0.0273878852022933 0.183848003727768 0.00649257728392284 0.188130886827851 0.00315311142759423 0.151540175678338 0.0571183481894891 0.17729274145451
0.18004378997743 0.0175084370654808 0.161513516575579 0.087346246158379 0.107812613559222 0.0593423135085059 0.0677879727283291 0.0105636160375559 0.158502336374216 0.149579158015303
0.149066683402064 0.0869808473251732 0.0469538414016857 0.14698329716305 0.148365567395372 0.115474067379341 0.0838446138208497 0.136842208273165 0.0135154990278763 0.0719733748114229
0.053234692535388 0.161920981131918 0.10285966475408 0.120707722437735 0.0392251324904992 0.0649428591745325 0.152792765922404 0.115691917766754 0.0679001476019564 0.120724116184734
0.147208857109639 0.000505970472947629 0.051869330067234 0.172266195841584 0.18178099297976 0.163731902247397 0.0870035551007772 0.108816934043454 0.0416022416473666 0.04521402048984
0.0974815252720353 0.152172116553063 0.00190979664681593 0.168075077206724 0.0518489349992752 0.110996141231676 0.0575799070719434 0.116910269734826 0.173578729746041 0.0694475015375994
0.148576475820397 0.0622904176792837 0.117019742195935 0.178156571002113 0.0114046960934522 0.0713797971893852 0.103783544819526 0.168596230088517 0.0835178913912679 0.0552746337201219
0.140821745514959 0.202498238855899 0.0503723935797375 0.000319056215414226 0.121106506232832 0.133712968646037 0.0394942265555459 0.00669909599954291 0.100135595338182 0.204840173061851
0.189296892337619 0.047275054576821 0.0941986071982319 0.197737473526088 0.0557797069895242 0.0709778160044347 0.0334920203684137 0.170529262154874 0.058189769283124 0.0825233975608683
0.0450928803257398 0.0265005596672234 0.0755873742720356 0.114182508999842 0.124854527326855 0.114414536919848 0.118768052565616 0.111620892275803 0.081850618420144 0.187128049226892
