0.307727597938143 0.233540797997312 0.145183965858494 0.313547638206051
0.316491759065587 0.0622541287130058 0.46681886314895 0.154435249072457
0.395424556111739 0.451132803421387 0.0212730027397264 0.132169637727148
0.397020099223778 0.0554391286666195 0.409979438554909 0.137561333554693
0.261614925420405 0.41441842052076 0.0480491291670221 0.275917524891813
0.0591681423448103 0.406971361857913 0.123080714079281 0.410779781717996
0.318195947312865 0.588586376589652 0.0445956950047559 0.0486219810927271
0.357325004043363 0.279776031872681 0.35602200867014 0.00687695541381508
0.250466482903149 0.316453163125156 0.227052919168908 0.206027434802787
0.130431309356709 0.0291096429985155 0.635514283158766 0.204944764486009
0.443510876977256 0.404873550899034 0.022112445392048 0.129503126731661
0.17706878890284 0.00393419914214171 0.515975325558515 0.303021686396504
0.391508108441148 0.254814316981851 0.270220366726559 0.0834572078504419
0.335070722496225 0.101747608649597 0.247302837584155 0.315878831270023
0.0405596189620207 0.204933238683744 0.539889676054266 0.21461746629997
0.356847600380863 0.324930475942326 0.294330940440997 0.0238909832358145
0.296651775946844 0.244812727075918 0.448134652735983 0.0104008442412552
0.480198072209113 0.468159882208528 0.0297598650063392 0.0218821805760189
0.207921542951798 0.18876739032342 0.285168679146857 0.318142387577925
0.301198088159846 0.222304691131518 0.381385297653881 0.0951119230547547
0.348425695427926 0.0360066655826434 0.337434252206075 0.278133386783355
0.260819625908048 0.473069505468609 0.0679538947826208 0.198156973840722
0.393054661953145 0.330213313667938 0.120512043094633 0.156219981284284
0.350951338624039 0.0108502275551591 0.373019522180379 0.265178911640423
0.27433123111345 0.00514924968674688 0.399701383032585 0.320818136167219
0.219515441394466 0.065058130669993 0.169518879477985 0.545907548457557
0.258907017429861 0.43949766862244 0.218999016659535 0.082596297288164
0.305839235370292 0.254174706632826 0.22097310965229 0.219012948344592
0.270222684453498 0.316938203543337 0.275527462375417 0.137311649627749
0.375146118362222 0.404015836957974 0.14019628282679 0.0806417618530143
0.129706903856881 0.326467632116074 0.275602309297152 0.268223154729892
0.425095199510636 0.0453412818786255 0.38716151998716 0.142401998623578
0.243252336281866 0.326269494648335 0.0424177322583359 0.388060436811463
0.253816059067783 0.274374850733094 0.395480210079462 0.0763288801196598
0.392474230596384 0.193778805056011 0.0501965787977863 0.363550385549819
0.333400671774285 0.1909639562046 0.326744206039507 0.148891165981608
0.105609397204218 0.150092702532483 0.492477315119442 0.251820585143857
0.0784530832071148 0.00904778830388226 0.529601805718678 0.382897322770325
0.330042163175352 0.196683162474752 0.162132100806892 0.311142573543004
0.162158146434652 0.29529279116006 0.230960524098327 0.31158853830696
0.417133939042934 0.166101040427628 0.210696427240299 0.206068593289139
0.306508175359648 0.260376597941768 0.072707368112536 0.360407858586048
0.086103312299254 0.376215366492835 0.323696841383017 0.213984479824894
0.254975141321639 0.656112366838884 0.0221812541734956 0.0667312376659814
0.14790770538695 0.40249041669384 0.352103091157668 0.0974987867615426
0.30333997245924 0.22001196353244 0.3130166849216 0.16363137908672
0.497405046254474 0.0510087224078171 0.333294204025189 0.11829202731252
0.442885790100552 0.280144967859275 0.253135932246596 0.0238333097935775
0.295008058752161 0.314016980119915 0.272914627279456 0.118060333848467
0.19628609578771 0.263504848769713 0.263524324889356 0.27668473055322
0.155960580149532 0.237128411988471 0.361282432957598 0.245628574904399
0.112533235080417 0.386167021551217 0.409539026256046 0.0917607171123203
0.012858567371124 0.180855617184967 0.552118986168461 0.254166829275448
0.199001388000968 0.278488029047184 0.27314016983308 0.249370413118769
0.277890584596537 0.230530950688959 0.11400568312764 0.377572781586864
0.376382180492852 0.0120083427824903 0.374802384967592 0.236807091757066
0.209890652448957 0.126759620724244 0.185500410166474 0.477849316660325
0.153778082732018 0.172373771391228 0.355670935068792 0.318177210807962
0.458494287761338 0.117892192376114 0.135017558439356 0.288595961423192
0.229455704451016 0.150950542245741 0.33165278503944 0.287940968263804
0.242589669903458 0.123006983940403 0.202294632757357 0.432108713398782
0.446459712312103 0.313032643254197 0.100426693359973 0.140080951073727
0.227761788172793 0.251200846311845 0.265271831352603 0.255765534162759
0.190321450396824 0.000579256611130242 0.280540032465808 0.528559260526237
0.269100597113097 0.346002176058448 0.0923183990135269 0.292578827814929
0.0415138186010357 0.359951576758649 0.2546025632226 0.343932041417715
0.127472754504063 0.325960428295482 0.00567942553224068 0.540887391668214
0.343321537766308 0.0609058568686395 0.197803785572261 0.397968819792791
0.202894223123874 0.155969859180463 0.34608942764727 0.295046490048394
0.328416138302018 0.0569072259780957 0.14272710736923 0.471949528350656
0.207902819271869 0.0207683953626306 0.352034163346833 0.419294622018667
0.248496376181781 0.339586935778103 0.161046611799016 0.2508700762411
0.470666574512739 0.409155929149415 0.0871111959665734 0.0330663003712722
0.215261882651532 0.286765614830231 0.314114847954421 0.183857654563816
0.0122517734443389 0.318582480462588 0.362801347841289 0.306364398251784
0.101821392237014 0.403180731729314 0.181163058652574 0.313834817381098
0.149944197022149 0.510234520539012 0.183138485575327 0.156682796863512
0.0500191788519274 0.117997079515732 0.470910316801647 0.361073424830694
0.146019271346575 0.219569084731788 0.206978558909298 0.427433085012339
0.219014410401828 0.256893572065238 0.283322797320639 0.240769220212295
0.122867694320135 0.362393933134858 0.346690357353419 0.168048015191588
0.250696257120121 0.223081310068594 0.138695875059843 0.387526557751442
0.0477049149878112 0.407025367905211 0.219794087288553 0.325475629818425
0.269248388120876 0.283891749504119 0.210383875679013 0.236475986695993
0.227457573120845 0.105573944069296 0.280573726586426 0.386394756223433
0.312781517021744 0.153956636908789 0.312358181925068 0.220903664144398
0.434736538843792 0.210340866709419 0.222255023632787 0.132667570814002
0.181619145953065 0.0564292787127989 0.35189531734663 0.410056257987506
0.0715064017150166 0.372378544584059 0.277522776314519 0.278592277386406
0.27433965020525 0.364514327293413 0.229822275279969 0.131323747221367
0.107894978685162 0.334388936130306 0.0588578406555262 0.498858244529006
0.184661320067087 0.277873440009618 0.185182845437447 0.352282394485849
0.0255854363727812 0.269571778840308 0.378117915144924 0.326724869641987
0.19460971173626 0.186050252520403 0.276694602420965 0.342645433322372
0.261531125246215 0.226005017191825 0.272911555529037 0.239552302032924
0.341465581311477 0.394279667715469 0.0648596208226123 0.199395130150442
0.00157565487293937 0.365092590471181 0.431685515355141 0.201646239300739
0.203298795417932 0.426888963542582 0.363714164663883 0.00609807637560335
0.280680771031486 0.192380323172124 0.25067159422118 0.27626731157521
0.423360394435914 0.0780168369127366 0.144072284132024 0.354550484519326
0.220112283922048 0.250094271893352 0.273266987197806 0.256526456986794
0.17573636608505 0.398998417277462 0.185175541407682 0.240089675229806
0.501674316351247 0.0724193927764347 0.328655128185013 0.0972511626873053
0.00405140302553466 0.112827549636133 0.70040509148401 0.182715955854322
0.320539252271836 0.106171857901501 0.276828101400431 0.296460788426232
0.234171491676406 0.271570887891889 0.361184189036325 0.13307343139538
0.192377868078265 0.499316783916573 0.215455816828671 0.0928495311764914
0.0937644008528066 0.137579600783332 0.501904773412875 0.266751224950987
0.306816248382078 0.104150448723541 0.160342591197299 0.428690711697081
0.484896264582236 0.000834867080292848 0.0545687620543347 0.459700106283136
0.384583683259411 0.1047333465042 0.395150474809585 0.115532495426804
0.132080192629798 0.242755166694334 0.401142277852794 0.224022362823074
0.261357425698461 0.160306423757544 0.333080577869915 0.24525557267408
0.0224599821488149 0.372345318721478 0.0901856346428094 0.515009064486898
0.114351373396986 0.233431052912819 0.335621415567342 0.316596158122853
0.193791812361236 0.353375941941242 0.197637850828309 0.255194394869214
0.319272635078549 0.313301697340122 0.25673337448629 0.110692293095039
0.46521763213348 0.0141811656418494 0.470981803694389 0.0496193985302812
0.394191459341917 0.221523734698547 0.0734852164135299 0.310799589546006
0.316910340729611 0.129937440430962 0.319555097925526 0.2335971209139
0.163801677699092 0.336433447490973 0.180730240643895 0.31903463416604
0.488042778817379 0.100017221617499 0.312941697428252 0.0989983021368694
0.282069008158796 0.167793082451481 0.26137747561655 0.288760433773172
0.175140820901263 0.0559776201720827 0.507042990075045 0.261838568851609
0.236188937240071 0.27170832249504 0.20009142993302 0.292011310331868
0.0349126277689016 0.139402341649309 0.720281876590407 0.105403153991382
0.108737280667327 0.383083691761474 0.421528709136997 0.0866503184342027
0.431269386684179 0.0295876898584418 0.378215227974625 0.160927695482754
0.171872961178035 0.497684290760963 0.0637313736190117 0.26671137444199
0.259948732531993 0.374023030923173 0.204781089671962 0.161247146872873
0.293725353462901 0.168085421711863 0.271980860438933 0.266208364386303
0.283722715210798 0.292066347205783 0.278189224331486 0.146021713251933
0.362517895855577 0.140000910446399 0.327895592063908 0.169585601634116
0.176359594546306 0.243481543654754 0.0927623220644579 0.487396539734481
0.314190376689788 0.119844690822755 0.376407746238906 0.189557186248551
0.270294134311651 0.305377336180766 0.0313672991746011 0.392961230332983
0.186402881673537 0.271549130886334 0.293946174293812 0.248101813146317
0.393463434387647 0.294274840394843 0.0206745006420578 0.291587224575452
0.0299486630658973 0.0261521201494896 0.245243063732215 0.698656153052398
0.474899105396973 0.0240445851047095 0.331913887338456 0.169142422159862
0.0125148918939482 0.499768278029641 0.460697104939927 0.0270197251364832
0.352157343096666 0.145935661540563 0.0383577616364855 0.463549233726286
0.279697603548722 0.321227589574881 0.160969212465064 0.238105594411332
0.248001019424184 0.35013707062522 0.217703221999073 0.184158687951523
0.198514291761379 0.0617394212745396 0.366035566749381 0.3737107202147
0.258649859244999 0.243182472590438 0.185835109947801 0.312332558216763
0.0795359078213181 0.237990729588749 0.278676765890761 0.403796596699172
0.239956820118085 0.315972747231752 0.175152062683545 0.268918369966617
0.00518763939761924 0.858912875789917 0.0478670376585154 0.0880324471539483
0.437198773309056 0.00013466715222616 0.304418262301688 0.25824829723703
0.397637586113823 0.144885444131844 0.408044436692569 0.0494325330617635
0.096675857737669 0.305220537600148 0.508824644194446 0.089278960467737
0.0264142551395686 0.217866936384084 0.398379872056647 0.3573389364197
0.449700037101572 0.121658170525268 0.19192547214699 0.236716320226169
0.228020195602599 0.215922410638792 0.358795414919547 0.197261978839061
0.200743133558153 0.326752342565189 0.220209929447428 0.25229459442923
0.133317954964172 0.121517825013526 0.504667990481907 0.240496229540394
0.0364234951026955 0.415321804241961 0.27803716010304 0.270217540552303
0.286112563308635 0.256583572611733 0.15482825281406 0.302475611265571
0.469124179142862 0.0771392192477014 0.15837845579986 0.295358145809576
0.233521136066917 0.119113625282281 0.375834907467977 0.271530331182825
0.186029248341884 0.0624086518177661 0.491321221743919 0.260240878096432
0.213194388340785 0.189434544081631 0.174811219492933 0.42255984808465
0.0639223939765176 0.0527417405315418 0.879725791084216 0.00361007440772443
0.200569754249989 0.37830677431713 0.14657620500611 0.27454726642677
0.0768450590504032 0.10355077466614 0.527789864557116 0.291814301726341
0.303449593632717 0.0457953586376912 0.191407254803485 0.459347792926107
0.33955299543888 0.40991513506012 0.124413216529873 0.126118652971128
0.225752067498865 0.194785362369231 0.490688921053055 0.0887736490788489
0.330373650505554 0.308475302424176 0.084148091783524 0.277002955286746
0.0572073708181274 0.0424626393162936 0.196918405260966 0.703411584604613
0.274328409199759 0.0380212959841216 0.280871192367514 0.406779102448605
0.164684924167823 0.288125588902198 0.293992764567443 0.253196722362537
0.301197363431345 0.191227874522929 0.408500632542191 0.0990741295035348
0.440946242602806 0.331666014618844 0.0467763980871521 0.180611344691197
0.104111574195654 0.0680646235757803 0.444532701146618 0.383291101081948
0.181414779145232 0.337291602522687 0.256745630352239 0.224547987979842
0.320105682647245 0.301898224409803 0.251777691628455 0.126218401314497
0.180399462668568 0.390444140774715 0.107448411291477 0.321707985265239
0.238580187192664 0.39902786496902 0.263565513962918 0.098826433875398
0.29863752345102 0.126334188576013 0.20560317103774 0.369425116935227
0.116488102598774 0.778808321267077 0.0365817553658746 0.0681218207682743
0.175477488968676 0.312725454410765 0.301209941462989 0.210587115157571
0.0343231803048013 0.497784728389156 0.158105106315609 0.309786984990433
0.183354802414089 0.0456294029817482 0.460305598270693 0.310710196333469
0.26449270495108 0.451186639300582 0.0837069188586293 0.200613736889708
0.297701068695942 0.536081105792553 0.0328006074249564 0.133417218086548
0.0865748074927922 0.336954119549344 0.445093520938628 0.131377552019236
0.328843054851566 0.407563517770197 0.213957742157608 0.0496356852206291
0.0965188261402131 0.531336172272232 0.147786362206044 0.224358639381511
0.0947633007006713 0.157339064113305 0.324577998082779 0.423319637103245
0.26770508883357 0.137983476464145 0.424014436295614 0.170296998406672
0.169610961174636 0.427103688293613 0.193427641093121 0.20985770943863
0.427655410169682 0.280996143844462 0.192250231282401 0.0990982147034559
0.400845802360698 0.0160476061729745 0.349219805250653 0.233886786215674
0.145807466786015 0.149296241059888 0.244397953415994 0.460498338738104
0.122292363501332 0.34199377048624 0.14300528619166 0.392708579820768
0.413994241701771 0.215892413188637 0.310283559407182 0.0598297857024099
0.379522836389312 0.259943798365264 0.100597435798726 0.259935929446699
0.312369585766229 0.127029567749017 0.135795602640834 0.42480524384392
0.0496116024021951 0.501450271770884 0.288407549378019 0.160530576448902
0.0244520557474438 0.423019126428181 0.237915070143847 0.314613747680528
0.271837713513142 0.296352191913682 0.119640827219691 0.312169267353485
0.0780473848522992 0.285496956092258 0.335136262435728 0.301319396619715
0.416271511856884 0.0752968189151821 0.361409056618064 0.14702261260987
0.0468511269492221 0.440935299347269 0.186480103270004 0.325733470433505
0.28037657012212 0.312146690737423 0.284021851549846 0.123454887590612
0.261634860722886 0.0969927624553801 0.266719643258287 0.374652733563447
0.116556628242225 0.372091522077976 0.246939562391369 0.26441228728843
0.337137810807362 0.190462973140059 0.365388209927642 0.107011006124937
0.0324408664913404 0.387559009846929 0.0745302175445744 0.505469906117156
0.0862288015837653 0.240583780806571 0.249705226204442 0.423482191405222
0.257658771145464 0.151199600135554 0.119184518351743 0.471957110367239
0.252494870964651 0.143148651406778 0.266314959625568 0.338041518003003
0.0149924819591572 0.0426502292047306 0.344025989456732 0.59833129937938
0.213713341602237 0.0274385682086635 0.375933229031465 0.382914861157635
0.218985772323701 0.372747512024315 0.0840825932500966 0.324184122401888
0.0975953004668873 0.234163289122611 0.327823761825689 0.340417648584813
0.540199231995382 0.0289007295656793 0.286512079395997 0.144387959042941
0.395468145358043 0.0692103609007891 0.251316924068483 0.284004569672685
0.0736256049408045 0.293440893062275 0.394920800066273 0.238012701930647
0.159088203700056 0.417697205052867 0.318786013647332 0.104428577599745
0.532029159737723 0.0729374626584891 0.393083461182193 0.00194991642159545
0.127431233264739 0.419579054627551 0.285065277590676 0.167924434517034
0.108255900400471 0.251942607524908 0.402459303542502 0.237342188532119
0.201268336131623 0.353800456029782 0.123758717880654 0.321172489957941
0.309201566909456 0.326560680563987 0.252475154319094 0.111762598207462
0.323068805224609 0.0812129944173695 0.184400690847772 0.411317509510249
0.468638389826835 0.0859288179835909 0.346945649858498 0.0984871423310754
0.0790921510256842 0.288483205184539 0.273852720268263 0.358571923521514
0.220300727651944 0.297067883234865 0.359916836429713 0.122714552683478
0.226999413173508 0.293470655973246 0.164648409931119 0.314881520922127
0.498677199765612 0.064024262937645 0.323648993923573 0.11364954337317
0.275548598631127 0.277952477994108 0.250737703132123 0.195761220242642
0.408377037261432 0.320774913978087 0.0984257618404321 0.172422286920049
0.179417367472963 0.0519638324290638 0.530873489173447 0.237745310924527
0.603489371085015 0.265476649289224 0.0984195117132062 0.0326144679125552
0.426290263191891 0.0964510081912943 0.254388058958326 0.222870669658489
0.427936854715994 0.232677751634006 0.193009080407288 0.146376313242712
0.177404557077424 0.246791735218688 0.238119765321121 0.337683942382767
0.332395188241946 0.022979391286059 0.27785076455631 0.366774655915685
0.271479866805096 0.320545717128797 0.220369838290139 0.187604577775968
0.222911379173501 0.482689908765204 0.203179991912851 0.0912187201484443
0.30923794923779 0.316785525874845 0.123359623998939 0.250616900888426
0.0622473308152065 0.163510827238647 0.242750234328785 0.531491607617361
0.334854246220882 0.312646125536558 0.226528962696157 0.125970665546403
0.335961019653802 0.17271369465767 0.041582942989891 0.449742342698637
0.186731389796854 0.145828058705986 0.355236110934873 0.312204440562287
0.266113409097285 0.273631808731006 0.11235971406131 0.347895068110399
0.124245577431053 0.0314968729194151 0.403230723071261 0.441026826578271
0.087692570409996 0.414011834418965 0.327852110468214 0.170443484702825
0.150203607118273 0.149515714527374 0.285011931929661 0.415268746424693
0.180362697169193 0.382496830641091 0.0214346193501459 0.415705852839569
0.302824108208854 0.0922808086936124 0.281896352877417 0.322998730220117
0.103031593884857 0.178005049063352 0.556302764447671 0.162660592604121
0.191938750524799 0.159626783084473 0.282809327099571 0.365625139291158
0.30822995587462 0.20844149577344 0.195795363345164 0.287533185006776
0.403847436124849 0.271459242627021 0.0231434255994341 0.301549895648695
0.0857033579692835 0.138336106709063 0.300498212982557 0.475462322339096
0.383691977002183 0.0604461895739645 0.230100027306468 0.325761806117384
0.332731631022671 0.52163746577064 0.140237015086222 0.00539388812046684
0.406663217539268 0.0915278738446946 0.269122335289663 0.232686573326375
0.0645684719499418 0.433907226580265 0.422361807653552 0.0791624938162413
0.392207132288792 0.376530412105417 0.16769240543505 0.0635700501707413
0.370280977097902 0.159194389736732 0.241894041195164 0.228630591970202
0.312923657734719 0.304608974615274 0.18914136880098 0.193325998849028
0.504201963967729 0.154971576568048 0.0213888074257683 0.319437652038454
0.316789967012097 0.0548977608765549 0.0593350913476048 0.568977180763743
0.198112298429084 0.4073522455347 0.338917558838775 0.0556178971974414
0.231644356211756 0.35983971860556 0.384151244658188 0.0243646805244961
0.391697384982037 0.0408600253837252 0.462160819797896 0.105281769836342
0.391134502507224 0.359767891239835 0.214249889939113 0.0348477163138275
0.265782834800714 0.270995520026308 0.120868433588706 0.342353211584271
0.470867511725712 0.0171199846547478 0.200280892613045 0.311731611006495
0.267809388332176 0.30962747878316 0.0505200464900169 0.372043086394647
0.00183772645153961 0.26527798229016 0.130840551516408 0.602043739741892
0.243857303394536 0.258398528491634 0.19254237163559 0.30520179647824
0.283540311733718 0.0555402785686442 0.309900594890637 0.351018814807
0.0894908759244998 0.480802505898546 0.0203487184338583 0.409357899743096
0.182463583340569 0.110648765456067 0.238786281831485 0.468101369371879
0.0710245939584839 0.381218178016344 0.483459922383442 0.0642973056417303
0.356279457175027 0.468709758018206 0.104040472012177 0.0709703127945897
0.191128254601446 0.455603186670938 0.338595310396322 0.0146732483312938
0.199627552726706 0.0224662468010261 0.399376443621186 0.378529756851082
0.453870995890955 0.470340988862428 0.00246668251274781 0.0733213327338696
0.218143294163607 0.133508702266536 0.170139645427196 0.47820835814266
0.634179054147025 0.0384171848243304 0.317966040609831 0.00943772041881331
0.349256863477798 0.0749042064909151 0.297393841131651 0.278445088899636
0.233181510129959 0.263243631374441 0.388206755450851 0.115368103044749
0.0623985582903226 0.403609950424107 0.250439151416469 0.283552339869101
0.354722252924184 0.3124198137357 0.0194177273462503 0.313440205993866
0.358849905646293 0.0486958104275665 0.28525244392981 0.307201839996331
0.391384266052948 0.185645491310684 0.0946758391703757 0.328294403465993
0.319022494903248 0.258958754469185 0.260147990751446 0.161870759876121
0.0814801414023934 0.424592269428335 0.247472269695435 0.246455319473836
0.184984090376508 0.145911720461795 0.379155283809847 0.28994890535185
0.183489584269935 0.265569381812388 0.324441902632909 0.226499131284768
0.242334803595872 0.105181276075552 0.264315478472609 0.388168441855967
0.207055579096954 0.107098729402152 0.49284234279943 0.193003348701464
0.361973886927593 0.145119421018028 0.158385795463305 0.334520896591073
0.224149906225316 0.472156146700774 0.196530734986458 0.107163212087453
0.282753431172938 0.271158700425273 0.275550777911595 0.170537090490194
0.236689936361302 0.169685183383434 0.189888245574161 0.403736634681103
0.135781475225709 0.609194563831701 0.073000880026998 0.182023080915592
0.242474496039255 0.257644848375641 0.169483203567141 0.330397452017963
0.243921050034663 0.0476495214268282 0.518578936030096 0.189850492508413
0.0154881648206262 0.334506052496035 0.588339613455721 0.0616661692276187
0.402134949586631 0.131277900546178 0.111652531667065 0.354934618200126
0.365817535729477 0.0948477700536498 0.319751201442628 0.219583492774246
0.177334034992733 0.119417420231882 0.273100303980856 0.430148240794529
0.303643509307312 0.286610831340285 0.23866513635923 0.171080522993174
0.225539446214619 0.178637502193066 0.16509468391886 0.430728367673454
0.0709336206347578 0.317989128579561 0.351454824086152 0.259622426699529
0.17181680072455 0.0807788814719462 0.305983174459035 0.44142114334447
0.290874325484353 0.0195113432330473 0.179248548012234 0.510365783270366
0.105763666449514 0.206843160583874 0.290975873474254 0.396417299492359
0.160869881685948 0.250377527862849 0.282938205009948 0.305814385441255
0.4822201550445 0.233430691601128 0.167088280424883 0.117260872929489
0.0567084775125868 0.26620947014369 0.277406994563364 0.399675057780359
0.255032180972239 0.0910625516249405 0.299291538538397 0.354613728864424
0.0745117768066343 0.15190406261535 0.148013837715593 0.625570322862423
0.434407043217621 0.380200161271316 0.0187298354632694 0.166662960047794
0.334673285050173 0.0762346772985123 0.21294582621963 0.376146211431685
0.114008360192111 0.39647093615308 0.46969423562133 0.0198264680334797
0.243656350313591 0.129419091642819 0.590142401474523 0.0367821565690668
0.0573805408501726 0.199070167738798 0.482719614015611 0.260829677395419
0.0435788467414846 0.420549298833138 0.287473875621102 0.248397978804276
0.262917130210373 0.421432311062641 0.22676294877097 0.0888876099560158
0.352754746974228 0.0996977409061172 0.419710933615396 0.127836578504259
0.354818111976786 0.187518033719008 0.0173731483930064 0.4402907059112
0.226238425815725 0.133138343066354 0.353309214238605 0.287314016879316
0.283567487569904 0.00791050935534138 0.251582169634191 0.456939833440563
0.129422972545396 0.227238337656998 0.473519574391221 0.169819115406386
0.17789618015481 0.0137933255672278 0.420001589000142 0.388308905277821
0.492960413603008 0.0437556088981896 0.216088833652962 0.24719514384584
0.0674101659229545 0.0513685888450323 0.513458007622297 0.367763237609716
0.129227333524463 0.359950876775088 0.293592805969501 0.217228983730949
0.19401110105393 0.043813428010755 0.358406170840619 0.403769300094696
0.195271070158194 0.595901300191668 0.0244411050777572 0.184386524572381
0.573661445272085 0.253448584414035 0.0448813997043199 0.128008570609561
0.502144228288178 0.126396838096798 0.0794456962026327 0.292013237412391
0.325062287120665 0.269921900094383 0.348019035077091 0.0569967777078612
0.0956635057236351 0.319428403375186 0.255357051304371 0.329551039596808
0.231169387043767 0.0789072387229701 0.370833757375496 0.319089616857767
0.357400329291446 0.115858524201237 0.221507531150175 0.305233615357142
0.250147410321226 0.126622679196972 0.41466900104381 0.208560909437992
0.228555145260192 0.152067477135461 0.317365795512919 0.302011582091428
0.387044915484209 0.231412981988435 0.302374872931083 0.0791672295962742
0.286581534652328 0.316543233412143 0.324933797797029 0.0719414341385001
0.0732308597641463 0.270458141996208 0.418791563510704 0.237519434728942
0.230317771464879 0.234487150905638 0.182581411081057 0.352613666548425
0.374843190231246 0.363433728482279 0.170496588236819 0.0912264930496554
0.187059889910966 0.406059753744455 0.366689927329033 0.0401904290155465
0.409713953017437 0.415691319934832 0.174427914096876 0.000166812950855778
0.171909208037577 0.196744410183262 0.340501923241102 0.290844458538059
0.264625085017854 0.30696178161367 0.349730468016838 0.0786826653516376
0.19883463619529 0.329165488006799 0.364804471183496 0.107195404614415
0.0176981211345365 0.00197534613275893 0.442121634570657 0.538204898162048
0.500813290802615 0.0808915607055392 0.213592389263515 0.204702759228331
0.147236812780638 0.3001403464488 0.253884911707671 0.29873792906289
0.0919602014367136 0.148086793097096 0.330682917695452 0.429270087770739
0.247267092396951 0.378539130180205 0.0287881565021192 0.345405620920725
0.230121951785162 0.213682579059605 0.295768541277156 0.260426927878077
0.277507064989702 0.176712020202503 0.148158902915515 0.39762201189228
0.0332117228650579 0.351910988716657 0.5267033062753 0.0881739821429852
0.311919238253624 0.178957595745871 0.238173310907104 0.270949855093401
0.351215788842865 0.0712846396712257 0.132789090334192 0.444710481151717
0.217772006307421 0.207266211876753 0.303360346914218 0.271601434901609
0.281712709868798 0.19882833487144 0.28541567454175 0.234043280718013
0.193991032332148 0.366816263278347 0.40990366067571 0.0292890437137957
0.282342904128967 0.145086487516798 0.222534250831435 0.3500363575228
0.0604298057662983 0.524058244436394 0.0607067800907322 0.354805169706575
0.309130540413916 0.356110755002474 0.19290507430614 0.14185363027747
0.28738130502672 0.142644504804974 0.320431941161611 0.249542249006696
0.14420036843919 0.514723492995106 0.181678491662303 0.159397646903401
0.0795287393160868 0.170496503615776 0.272868843875785 0.477105913192353
0.153756652823293 0.15603582319988 0.347496219731833 0.342711304244994
0.350063255383764 0.48354278791905 0.0725091724860801 0.0938847842111063
0.517684089997307 0.0846454855487913 0.1812781695974 0.216392254856501
0.373074815190569 0.24286048861056 0.0308636612499518 0.353201034948919
0.261785670516126 0.241978865828805 0.263839876961772 0.232395586693297
0.122030665755485 0.0326128098874552 0.755354977220885 0.090001547136175
0.268221458064801 0.0273862477531514 0.489719548608472 0.214672745573576
0.179761234042402 0.288864840887747 0.280890557345605 0.250483367724246
0.248791509158222 0.281617733060453 0.083472443160867 0.386118314620458
0.238587678220427 0.325883324758088 0.114161434151935 0.32136756286955
0.59677854495944 0.283910970102143 0.0649717349121388 0.054338750026278
0.137923474217822 0.137186983668637 0.188014077848137 0.536875464265404
0.0772970100524702 0.358048220101469 0.207122517482009 0.357532252364051
0.0136466405633231 0.399175597754365 0.198731968388495 0.388445793293817
0.0436779539256641 0.071819926406752 0.467821487262889 0.416680632404695
0.222823865929473 0.40964249813299 0.282680859068925 0.0848527768686127
0.0621269799863127 0.0534959240853718 0.44921160849221 0.435165487436106
0.295197580100036 0.223819350944323 0.124501406667608 0.356481662288032
0.407941907029162 0.32337880672729 0.077236597880782 0.191442688362766
0.558693211125732 0.0916908414823339 0.0347438130206318 0.314872134371302
0.142664453543276 0.176568654991733 0.170528553789734 0.510238337675256
0.453936763026092 0.316858660055685 0.0763521493089336 0.15285242760929
0.0451048472374198 0.471676122777302 0.182035189954514 0.301183840030764
0.0887810138864996 0.225246616703096 0.565162974514231 0.120809394896173
0.169567391981718 0.437136176322664 0.26557906418412 0.127717367511498
0.246149705788846 0.190451271043705 0.241330759564131 0.322068263603318
0.279954127125009 0.213330018797592 0.186869949208137 0.319845904869262
0.129697328363523 0.278423465604926 0.313758780728716 0.278120425302835
0.302538790837644 0.22327391677883 0.175992030516083 0.298195261867443
0.0812924919083685 0.409855767260557 0.284492286702227 0.224359454128847
0.349211049037818 0.324360169554038 0.175098619051995 0.151330162356149
0.220007077163948 0.102523501181844 0.476486381344416 0.200983040309792
0.33167267716522 0.139773059822422 0.140145302204154 0.388408960808203
0.322486828985654 0.0238320714918994 0.255551487735691 0.398129611786756
0.271063396837195 0.172395654358452 0.306587409118831 0.249953539685522
0.238990360443335 0.536135386982374 0.127989568526562 0.0968846840477289
0.119668217549295 0.39489718729417 0.25052978889653 0.234904806260004
0.304863813794787 0.15892057463819 0.276034895580808 0.260180715986214
0.0704374646517776 0.450822245476398 0.356151907484569 0.122588382387255
0.321927731442882 0.295873869244473 0.0946191539475619 0.287579245365084
0.451110435121153 0.132070762976441 0.0716117611570549 0.345207040745351
0.203806413674786 0.139454462692115 0.142026345338849 0.514712778294251
0.0436507127229137 0.0613613420823058 0.64019370724894 0.254794237945841
0.0364499048717465 0.335918431834223 0.314193686885684 0.313437976408347
0.232331706920845 0.0864650867830819 0.30448102772566 0.376722178570414
0.196745506976849 0.0797368986228833 0.279089271770236 0.444428322630032
0.214024759784387 0.224159570247813 0.4501765628786 0.1116391070892
0.0142593676124902 0.405750831659152 0.218909646669164 0.361080154059193
0.0464423703453014 0.396706971615398 0.0579774605710728 0.498873197468228
0.277684480262275 0.293981211987415 0.250082957467983 0.178251350282327
0.0789813184715707 0.0422872806482337 0.207738774718671 0.670992626161524
0.520430211598736 0.227485999811701 0.15406905649045 0.0980147320991132
0.259812663890202 0.257778694290917 0.276289435049685 0.206119206769196
0.39824301937511 0.0556646427634603 0.315136443405666 0.230955894455764
0.301276503340412 0.150670915173648 0.182115002234208 0.365937579251732
0.17334409703092 0.0417353233429756 0.314123276819879 0.470797302806225
0.0545364979002823 0.334560670341297 0.42721279489582 0.1836900368626
0.191590315050496 0.564205024308119 0.013382568240721 0.230822092400665
0.265940401156602 0.200504372034416 0.320081867500003 0.213473359308979
0.127253832298855 0.0963589384454966 0.472907373998705 0.303479855256944
0.0911144714377567 0.432043897059191 0.23797824046629 0.238863391036763
0.0869816565145067 0.367369637789042 0.443900664834453 0.101748040861999
0.482055939005377 0.0251117422373718 0.277236796247838 0.215595522509413
0.316916853655357 0.0768326387232886 0.326550986950817 0.279699520670537
0.279109097704801 0.25585035281231 0.411846069990371 0.0531944794925176
0.0726394669880732 0.392508157212644 0.385008645721153 0.14984373007813
0.15957630317026 0.00500517970296965 0.430897780915646 0.404520736211125
0.228157033353933 0.366682399958179 0.153421455851125 0.251739110836763
0.0680490354760038 0.409518172183928 0.312207518613069 0.210225273727
0.117542046849331 0.272593514041763 0.132238432813945 0.477626006294961
0.608227947473204 0.0231603054088032 0.074462693276125 0.294149053841867
0.333488015307259 0.300595747191026 0.162008719872006 0.203907517629709
0.380376779055622 0.229455481751389 0.0503999794460876 0.339767759746901
0.159422077188726 0.269587812193907 0.20639100422461 0.364599106392758
0.25240982320582 0.134801789461699 0.350076956174485 0.262711431157997
0.257875265826747 0.338324445112009 0.0654440091943959 0.338356279866849
0.18287579474701 0.333707737249831 0.397114963974511 0.0863015040286483
0.219761125380009 0.34804583364338 0.305729256920628 0.126463784055983
0.320518446925141 0.312726335253226 0.226206865122254 0.140548352699378
0.178080092273605 0.423400792044748 0.384666801569928 0.0138523141117196
0.512051634994399 0.111463838430176 0.142246301189053 0.234238225386372
0.126149638735942 0.328662587148458 0.174768854571659 0.370418919543941
0.295724247093809 0.09971400145932 0.336054087458799 0.268507663988072
0.0431440101340178 0.426170986178673 0.281680054215302 0.249004949472007
0.415176252340601 0.143736876006295 0.379646224595016 0.0614406470580881
0.247908795208789 0.493528580727681 0.178011218619948 0.0805514054435823
0.20155716429931 0.197545037851799 0.24245071132942 0.358447086519471
0.414972836619118 0.221064921808489 0.00409993424548648 0.359862307326906
0.13357387561988 0.610316009343728 0.195144839448251 0.0609652755881416
0.0627353241482416 0.257456834948975 0.311362732848111 0.368445108054673
0.270058764545407 0.195725739285131 0.333163347654488 0.201052148514974
0.162747296000123 0.254169189785067 0.398623767665436 0.184459746549374
0.180736769716797 0.333113370172875 0.315327129209752 0.170822730900576
0.0191138096058803 0.543015689462697 0.114520191332191 0.323350309599231
0.252734941057237 0.105552699188249 0.327238189909284 0.314474169845231
0.330594338455258 0.199493903698114 0.347321395120924 0.122590362725704
0.327154531815383 0.164137379012794 0.203208394070146 0.305499695101677
0.401504586159637 0.4282343862367 0.102777438897438 0.0674835887062243
0.396450163289284 0.131346249100353 0.186075923727834 0.286127663882528
0.0492491111518 0.375612159618137 0.280245876334056 0.294892852896007
0.127174759010465 0.42474674966617 0.328788772920698 0.119289718402667
0.303856546975349 0.303383493353584 0.317062751817259 0.075697207853808
0.127307935591874 0.117832343850209 0.730859863628208 0.0239998569297081
0.277393977826634 0.31033767539247 0.278124628430911 0.134143718349985
0.276641246818296 0.245051311966872 0.0240721729454482 0.454235268269384
0.262590220242012 0.312876162899773 0.21797191942819 0.206561697430026
0.00971373211244445 0.302962575238326 0.179657329681184 0.507666362968045
0.58455122278007 0.0114903583829841 0.0509290885120638 0.353029330324883
0.313789546178135 0.160604308398763 0.0962518147639111 0.429354330659191
0.237527817614123 0.394555003928417 0.245269202951165 0.122647975506296
0.406865286638899 0.252954785873106 0.108632811273531 0.231547116214464
0.0629863753863271 0.317253747927398 0.441803507860934 0.177956368825341
0.326429310447599 0.273444213972443 0.114138205858385 0.285988269721572
0.191751570406992 0.384258568217695 0.127450624387858 0.296539236987455
0.254901997360408 0.245935171635531 0.248102640978959 0.251060190025102
0.325956369051363 0.320719736309901 0.16852218240044 0.184801712238296
0.0500364169464846 0.360811519557354 0.207198206134534 0.381953857361628
0.355693632509357 0.200222993998258 0.0306536718804662 0.413429701611919
0.655522303247393 0.0260140453509301 0.100018548334008 0.218445103067669
0.100184123580873 0.153310113198203 0.180527580592278 0.565978182628646
0.29972197332611 0.276474979731777 0.177347857353701 0.246455189588412
0.140545851440389 0.302740006058667 0.44722641606582 0.109487726435124
0.357803013618252 0.382836214326909 0.00536040699793101 0.254000365056907
0.16425163082946 0.413751075202684 0.0765788455788402 0.345418448389016
0.353452959125148 0.0427105581894127 0.360500244231119 0.243336238454319
0.18059056739524 0.245246431764263 0.397273205519862 0.176889795320636
0.348412085650602 0.375553489420598 0.212763088117539 0.0632713368112616
0.381091506444553 0.11224546103809 0.188050147996884 0.318612884520472
0.305055443592501 0.32635860881796 0.109707230985608 0.258878716603931
0.609011064571921 0.0585957302758684 0.326607533510057 0.00578567164215395
0.304456236661174 0.0246841623757844 0.296310579988998 0.374549020974044
0.108637302903222 0.645310550699748 0.242473624800264 0.00357852159676569
0.186797465140911 0.144900361887889 0.363249076360073 0.305053096611127
0.353537853621469 0.134547096809655 0.258833178863192 0.253081870705684
0.202048314041702 0.350817537242366 0.394048781350765 0.0530853673651669
0.285846906384926 0.217716172586283 0.282953151622521 0.21348376940627
0.113291131895701 0.78075972923668 0.0485939402080037 0.0573551986596161
0.227190014358777 0.242056732191953 0.32062240454931 0.210130848899961
0.310543287396242 0.123402970253662 0.338495035656163 0.227558706693933
0.173123691492739 0.503129804523923 0.104168313368692 0.219578190614646
0.325552939497845 0.45137561323477 0.0529003396405485 0.170171107626837
0.321073804859425 0.31415255310497 0.0589973327151065 0.305776309320499
0.001902081560275 0.337586945588036 0.355253559367784 0.305257413483905
0.301213179399131 0.0989191197087169 0.297151665177021 0.302716035715131
0.163360409459888 0.0778856751456235 0.424380681185714 0.334373234208775
0.372883560922795 0.243872046879243 0.182374222414687 0.200870169783275
0.165460513469932 0.295305414945171 0.195529915330237 0.34370415625466
0.00901340510391422 0.359306419567807 0.360378978914481 0.271301196413798
0.302159834830032 0.228795377365383 0.0647524233164673 0.404292364488118
0.456590652057646 0.186588571920061 0.311638368927879 0.0451824070944148
0.386926621304421 0.300792131151693 0.21238646351874 0.0998947840251465
0.233379078772449 0.0633615043832276 0.235309562702262 0.467949854142061
0.140043287296393 0.282458118602403 0.317346106024818 0.260152488076387
0.34838373288292 0.344440420533525 0.0997993912323032 0.207376455351252
0.247163053637501 0.145411692295016 0.220846535764791 0.386578718302691
0.441434752143724 0.131852411036948 0.183654606565424 0.243058230253904
0.368555714185408 0.095552360555586 0.151218963601688 0.384672961657318
0.110383787061976 0.433168073829885 0.175520158012531 0.280927981095608
0.307275728766346 0.288693101306169 0.335165049614312 0.0688661203131725
0.302599583918906 0.0708971102718755 0.333208157926374 0.293295147882845
0.266390275470714 0.288486100245672 0.181483487820401 0.263640136463213
0.310314840070678 0.233418977088972 0.341755213697233 0.114510969143117
0.545643499549307 0.122900390655989 0.165420864657087 0.166035245137617
0.361692625620817 0.173881257980056 0.220980549703774 0.243445566695352
0.101542758436787 0.207650891322441 0.209847807759595 0.480958542481177
0.496662776258714 0.295816729457818 0.120197631092151 0.087322863191317
0.227516780801934 0.386247916071767 0.169339288466099 0.216896014660201
0.38679699652441 0.101271253202242 0.316702453122775 0.195229297150573
0.380476655278521 0.404527833863344 0.161114177814617 0.0538813330435175
0.294572698129574 0.170326744472835 0.190938468168779 0.344162089228812
0.425727437284601 0.102034585525501 0.316476060910632 0.155761916279266
0.317895880772001 0.241362102928648 0.148014299815328 0.292727716484023
0.208667482602644 0.293465657026179 0.20677285995538 0.291094000415797
0.199635759423074 0.200699661651337 0.144240439081407 0.455424139844182
0.252610084586534 0.235828529029377 0.39599096787062 0.11557041851347
0.0713744699101701 0.363703892350068 0.311815637492501 0.253106000247261
0.518269993134564 0.0945406484233953 0.205239542179422 0.181949816262619
