0.126657087287325 0.0707446041678593 0.0323491842986877 0.11214551958413 0.0930857133556633 0.0645802551368585 0.222931346000201 0.277506290169275
0.0612192196766612 0.191463341981064 0.184633899942224 0.0635671854968757 0.0756086591152985 0.192527930994334 0.0890921455972845 0.141887617196258
0.146155011904751 0.042993369921972 0.0908867901472844 0.0707003592964047 0.239264078697351 0.215845043928534 0.107217540063969 0.0869378060397343
0.194832428091499 0.126940120874985 0.117665339328425 0.130204583790904 0.199923466307229 0.0347215434704456 0.133329209073698 0.0623833090628143
0.0224212604596291 0.140039394387437 0.250710523601839 0.0796682558261627 0.136417486694003 0.0286420724922582 0.175510171628171 0.166590834910499
0.182809122734695 0.104429575543901 0.244310025079992 0.0274128623289672 0.193354799106193 0.00201815606199691 0.0797077707129505 0.165957688431304
0.0337826765254485 0.0634143979180494 0.0795235071130508 0.138457476160352 0.17113993484579 0.246332445474584 0.0870385460064025 0.180311015956323
0.161752359173131 0.071650665211751 0.0411155128048821 0.188362711424374 0.186031107977517 0.124524935610174 0.0380970528621502 0.18846565493602
0.201859837035084 0.176859334963331 0.198202152182498 0.0301229272788441 0.129635625843048 0.0569500066232758 0.0437142650658864 0.162655851008033
0.0991147878370137 0.157000386989565 0.189734761207994 0.102706529395006 0.0588268701148068 0.0842125645168033 0.161789480064193 0.146614619874618
0.143478212490915 0.197129197619891 0.0762899244985869 0.0647543598793215 0.067675803503172 0.148727815657991 0.135077523471512 0.166867162878612
0.0888412093164536 0.209585245354408 0.162678413544199 0.085699202175761 0.130212232339503 0.0826021788013304 0.00415170223427644 0.236229816234069
0.169727874600675 0.107762304593343 0.0241639124763605 0.109585878448768 0.177029367335514 0.183623803042344 0.0679967707747591 0.160110088728236
0.0524717603473979 0.195562113007099 0.160667648455771 0.163477181478711 0.150820440442297 0.0102152629948444 0.19726121846353 0.0695243748103499
0.158251678609324 0.00178201051864035 0.228936972856837 0.102799393255479 0.209604767401075 0.0689471628962503 0.229244405857691 0.000433608604703426
0.0687784146674436 0.216230333581677 0.0765947116786129 0.134407523522162 0.0918639554188908 0.141019257005097 0.129112284044571 0.141993520081546
0.036542225525921 0.227049576228638 0.014778164524832 0.0510681879422953 0.198777189479544 0.166621110490225 0.0380573825080112 0.267106163300534
0.0466283823455433 0.211370005190221 0.211316103676844 0.116145553489243 0.0972281969535204 0.0312632379953935 0.0993850956022171 0.186663424747018
0.21138002324036 0.0190883529937644 0.0923499702705426 0.10511530592612 0.19147388606179 0.126472139315635 0.136895750458645 0.117224571733144
0.176795700449658 0.14488194467973 0.168000989576873 0.0373566041176585 0.0554961931216842 0.126180090003025 0.180016553535722 0.111271924515649
0.143990506535435 0.0438576933539308 0.142606787461355 0.0311851547100268 0.179504235504946 0.133843261028832 0.179816409649747 0.145195951755728
0.219155217886346 0.141849557002933 0.0287788558585316 0.106987737899805 0.204033565320354 0.0616336158504895 0.150406966806675 0.0871544833748663
0.190778909031826 0.221266497470833 0.132083760411026 0.148999210965746 0.0837905938094098 0.133843109507571 0.0468101595765399 0.0424277592270492
0.0134323404347386 0.160840925119308 0.188137193640742 0.118098454605786 0.0468927840574464 0.217340442075668 0.112999073443542 0.142258786622769
0.0100580297708346 0.105965905764877 0.199953282346387 0.110421014502436 0.062577362665298 0.259169909462696 0.190881695788286 0.060972799699186
0.108036983187144 0.118186450019927 0.180331751957824 0.107126651033753 0.158433322507929 0.150002588333076 0.0688985307023878 0.108983722257959
0.0881872880365903 0.226983556876227 0.199065860739614 0.112796331347275 0.164039668067517 0.00766563486902987 0.183826918340364 0.0174347417233822
0.136394960708301 0.0577203422450395 0.0391879008225377 0.108600905736983 0.200842947906333 0.0851299525724524 0.233137220815615 0.138985769192739
0.14117743927994 0.201705969416391 0.112972552668314 0.188655411225587 0.0443475625034974 0.0756466518901667 0.0912818017015563 0.144212611314547
0.0754732615600643 0.0620964929801397 0.20119150025054 0.137218369598708 0.17316083560622 0.203319012389095 0.0562787025012968 0.0912618251139354
0.141268209597457 0.0763738317942593 0.161724828470738 0.115787711119949 0.152585581747287 0.0667811485051663 0.077954578489078 0.207524110276065
0.115471890289056 0.217031662543873 0.147909656303016 0.0156752469387626 0.158517820460241 0.182348415551256 0.0339833916772228 0.129061916236573
0.0484180758660925 0.20802113906812 0.0338649968755389 0.0429962969993014 0.227382787080253 0.18096369257484 0.0590382764129561 0.199314735122899
0.173208684005382 0.0589221568071245 0.135501411300044 0.0845748708183565 0.0310880622231931 0.0491074647273668 0.265149364184612 0.202447985933921
0.214237269369632 0.143140929910688 0.0673350081333203 0.00726350785836013 0.193665374106681 0.200698646312507 0.0987065233182239 0.0749527409905874
0.257218638260705 0.0194309025502941 0.204246266873388 0.126703658622991 0.105206849810156 0.0191117395476179 0.0114534562284991 0.256628488106349
0.12215520055927 0.161518741278393 0.0676537275934188 0.216796718070035 0.10920588849532 0.100078051445435 0.186790848353332 0.0358008242047949
0.0443514023608732 0.361681977448981 0.00184976491018917 0.0712294904360949 0.221935049609896 0.126505959568135 0.108344117701955 0.064102237963876
0.130007842089356 0.0516343689297843 0.195401864935888 0.0926091379891422 0.107983616846268 0.130179508144103 0.142833005129669 0.14935065593579
0.192460394831254 0.16162511638479 0.0928551015372013 0.0576367710903458 0.152777959483813 0.173845578151562 0.108725337104047 0.060073741416986
0.0327873194864168 0.0698343372619628 0.0745841933573386 0.178920643744308 0.00540054325708129 0.232416694655011 0.17866553034644 0.227390737891442
0.0669424257923951 0.0914492832750316 0.145207462028475 0.130050890067784 0.0979925448359761 0.135660182328794 0.169040135150172 0.163657076521372
0.00712415798870269 0.18521616236089 0.157655421510364 0.256458497862906 0.0723029951651911 0.0424675858330614 0.150095004219605 0.12868017505928
0.0705238622437678 0.113896268557661 0.229150231426941 0.0459208482638732 0.0754577199220526 0.174574216345428 0.248636025416659 0.0418408278236181
0.109827258707083 0.145816284322869 0.176977302502408 0.1834558492136 0.110313246306856 0.0218953192214497 0.132570734487289 0.119144005238446
0.138913194817181 0.273580646754298 0.0867191998355525 0.0921170787194251 0.0690035529942231 0.0322693263558938 0.152084007750622 0.155312992772804
0.166091897254032 0.162257185656424 0.199399871023828 0.14747192945765 0.0251550654763769 0.113039037149396 0.0235415830447806 0.163043430937511
0.0624475645918457 0.295141230825633 0.0833507851294058 0.0370109730579004 0.0227615179640283 0.178609316487921 0.0889001817451466 0.23177843019812
0.1566314206125 0.167306854559115 0.0895967656942219 0.160565198515834 0.0867312017843931 0.184368716887108 0.140876885504501 0.0139229564423276
0.000633754336138545 0.229826838960358 0.167926213940733 0.00880824475742238 0.0899286033580359 0.195438268344112 0.228564308093477 0.0788737682097233
0.160759109599583 0.0383452848242989 0.138965178720168 0.0595689915262589 0.144602380075124 0.15123450982193 0.120212999381005 0.186311546051632
0.124924115139499 0.0826509376198184 0.112318427448407 0.189765585474559 0.0800011174046396 0.0494109127486389 0.137954503072264 0.222974401092174
0.124271951760324 0.159998972290309 0.0774936037933224 0.212670526056604 0.0261090413515381 0.0480863993562765 0.219796022261697 0.13157348312993
0.0209342278327365 0.0970948654823056 0.0735979850004487 0.0280163722180654 0.172182063935002 0.265333618288867 0.152673649699362 0.190167217543213
0.00484575027400609 0.230356744108886 0.146199819435019 0.140984859746775 0.101018870566273 0.111008901948768 0.13407670278824 0.131508351132034
0.0998561604809 0.110481705662011 0.119087716934391 0.172722971476292 0.171732072258375 0.0754397870547346 0.0964504062234123 0.154229179909885
0.0507415426147715 0.143344164445578 0.108284622442854 0.151131537774068 0.209590579029317 0.175433001549131 0.0545355185239058 0.106939033620374
0.0449420585316999 0.236956621646213 0.0393958306042233 0.235351729127122 0.163474747379962 0.0936257383887206 0.121936470329056 0.0643168039930025
0.194157226496761 0.00522438231998423 0.0670719565473681 0.167009421145478 0.086720577466095 0.0599972625987526 0.07085491667221 0.348964256753351
0.158294751003215 0.0505565846084005 0.0685201461547837 0.148982333217703 0.00329732636519423 0.125274046452613 0.185031386803234 0.260043425394857
0.0333005585770089 0.183624075906101 0.056818968045831 0.136682423197584 0.0924106629126112 0.195864537330463 0.145294924177847 0.156003849852554
0.149061530748704 0.160144676352836 0.202453172537946 0.0971654338798913 0.0979038580613066 0.0668351032603183 0.11398102717813 0.112455197980867
0.208185976187166 0.13057451044273 0.156255988200183 0.0332097024803202 0.293013572829365 0.00990775742726496 0.0455630207078278 0.123289471725142
0.209927548263111 0.189346740044611 0.129354858851819 0.0285633961503311 0.0653942832763846 0.120070863692403 0.204037538075364 0.053304771645976
0.219786752593356 0.177662473356903 0.130958953447262 0.00126194568599171 0.0507673751469311 0.0523181775495507 0.197635024242612 0.169609297977393
0.00319972582641226 0.0434440084481656 0.111901867150566 0.0783448058775857 0.140739282659806 0.220502601746639 0.15798336610605 0.243884342184775
0.0932365954777744 0.151333346555941 0.0981891658981354 0.145153272378586 0.0872614043789646 0.146117148740722 0.120384993744062 0.158324072825816
0.125957514753367 0.177745008261671 0.131817080887132 0.119728063022188 0.155739518359574 0.0804648375138994 0.187324207656454 0.0212237695457144
0.161724793655516 0.196993123345307 0.12694840626169 0.0750373332467585 0.0718128822138214 0.19749471901747 0.161841235954631 0.00814750630480681
0.0405411554097284 0.0571408727407101 0.134314594329123 0.0652060856199176 0.130612481243243 0.0754261804784851 0.23517410965143 0.261584520527363
0.145054551888198 0.131089501916595 0.13999429119042 0.240378704803011 0.0533698779792261 0.118537265010278 0.045010640316996 0.126565166895276
0.156151732276403 0.215334425065103 0.0536751759479893 0.223224881082236 0.0733090901831521 0.117892203639473 0.0108213998444614 0.149591091961183
0.099326355214379 0.119889273663116 0.224148638745776 0.120691199896326 0.0766045055435369 0.206594985756989 0.0491344057264249 0.103610635453452
0.189067630803899 0.115926752358746 0.0741836354765247 0.198454104058818 0.139253766646444 0.027094920815571 0.129423929977656 0.126595259862341
0.0354548331417726 0.248888911261443 0.265085164893755 0.0863348312248851 0.1185444861575 0.0857096865653743 0.103872916685863 0.0561091700694068
0.0909058446878837 0.12875433597231 0.277982701689355 0.0892916794437188 0.0247684233558264 0.0582622766919601 0.258377118268985 0.0716576198899615
0.125466177343292 0.0420373041811635 0.186183785822809 0.0818981415938282 0.0810404922801653 0.210284826087777 0.111125555966369 0.161963716724596
0.0317128837130971 0.100662465368741 0.206584793708944 0.0312872305899262 0.202980249978159 0.242038054576234 0.173409537414697 0.0113247846502012
0.136763530330058 0.182819121490976 0.147450307572524 0.135682785816871 0.0446813347441806 0.0784464813945518 0.173069559114649 0.101086879536189
0.182911371756228 0.0940009431498922 0.149203306183221 0.168334733622435 0.0382129607946292 0.13756806095694 0.0561064408148663 0.173662182721788
0.197409197329366 0.134130149279671 0.0125444665360546 0.103424884386338 0.00254971156763436 0.159952845593559 0.188340392743292 0.201648352564086
0.222871552476984 0.0142946473768939 0.108522681656852 0.13429686582928 0.140847742967111 0.164527019068722 0.0872273179853074 0.127412172638851
0.0793476636583484 0.105122729735104 0.058009307915007 0.212639429049253 0.0618888607226282 0.197009725448207 0.164799228774702 0.12118305469675
0.271134363121197 0.360596462400494 0.0709432312637779 0.0599328534114218 0.0270082276715054 0.0379437398662915 0.0923298171940925 0.0801113050712204
0.137264518700483 0.0658940212287347 0.115992283028104 0.0762859124357831 0.149697995836285 0.186945325976089 0.195180124152258 0.0727398186422621
0.0710911671573923 0.156877146149457 0.15547585904861 0.0382779813885572 0.13957779136463 0.133680018817131 0.190560528613345 0.114459507460877
0.115994778280369 0.153008455219451 0.139505010485522 0.175478878161837 0.150251937281111 0.113698915379951 0.146473571725733 0.00558845346602545
0.109293205818649 0.139120754888647 0.0419057689884281 0.0480125352051538 0.1362181437941 0.162095746874166 0.184039071200228 0.179314773230628
0.140490401460345 0.111559375585165 0.196492425435678 0.106653228475846 0.205192953053074 0.0706135828288937 0.0428403083239745 0.126157724837025
0.0247896574480762 0.26142883060584 0.119525586680882 0.121246950106313 0.0251921070371965 0.271445084853056 0.161232162984534 0.0151396202841029
0.216423149320557 0.130330809807682 0.0855548394433607 0.113351418217779 0.0410516551825564 0.145644464221663 0.186940474342649 0.080703189463753
0.132477782432155 0.102050851213236 0.198680633852422 0.0249796324822474 0.0705586051688118 0.115500329799107 0.140102437218779 0.215649727833241
0.113311553999205 0.195795771158267 0.0895462313684017 0.070059748607656 0.169917663558191 0.134972315888403 0.0497872741571305 0.176609441262746
0.0489406712055395 0.250533431429973 0.10307503396777 0.171113980047241 0.0130185527604539 0.27777039659826 0.0988726199281486 0.0366753140626144
0.172009660048519 0.195519320382034 0.00186136433056463 0.14232368944784 0.107876008028381 0.0781345490824685 0.00947646322906578 0.292798945451128
0.0841451776208888 0.234343520668682 0.240950113598905 0.140290009813771 0.155477441530774 0.0879700974382764 0.0345594539367789 0.0222641853919235
0.0448193638269606 0.112590505532764 0.250354390233543 0.0436328693392209 0.0620118319851298 0.240500786015785 0.186425968415854 0.0596642846507423
0.0102117686422225 0.217742766085331 0.212467323745261 0.000148758176778433 0.0468970037224377 0.175362979709074 0.230920403282992 0.106248996635903
0.0868278321395676 0.206482000185887 0.106089884940123 0.137016015682325 0.162292527199768 0.208366297436952 0.0498999942359897 0.0430254481793882
0.284108446549333 0.0689491490523268 0.0381911214750075 0.0644753114396852 0.00899449448664362 0.113902025829579 0.156499343024211 0.264880108143214
0.0774573273262188 0.103325733941999 0.061917854720424 0.107527403022729 0.170255668712235 0.197525565736885 0.145368796792244 0.136621649747266
0.0140313237325252 0.0831343258492572 0.237213690082407 0.00924286911140632 0.221919184127415 0.0210729392639381 0.157978834238111 0.255406833594941
0.136265722097293 0.0278288728254986 0.184770953674022 0.218870428107149 0.0726932092416367 0.0611130434987176 0.143334302014124 0.155123468541559
0.157256391649413 0.0985857467240954 0.0951222659880064 0.115229179739923 0.170555492131156 0.165917903755435 0.193794901199366 0.00353811881260432
0.199850813838939 0.190311264867259 0.0548522083851113 0.0891376374057466 0.0784779491374753 0.0897864213276109 0.150194846810588 0.14738885822727
0.095672715339957 0.0712925580183193 0.134516108361808 0.0914132014386701 0.213074899894767 0.187177077143465 0.114962384125355 0.0918910556776584
0.148820653916381 0.00992610611818047 0.197724382845468 0.193143975455541 0.144249093005657 0.161320155723579 0.0399864548649699 0.104829178070224
0.116174654041188 0.164033945488201 0.115582123901985 0.0767347282140706 0.0095569432352297 0.190733315312888 0.179446521633738 0.147737768172699
0.149706799588151 0.0579162940313365 0.143222259381108 0.0685106336704645 0.0543066372096199 0.0854085499537844 0.204910883894318 0.236017942271218
0.178246416551773 0.129537364229181 0.127000010246725 0.146429909186422 0.000470186297984383 0.181795074059195 0.0912156904637557 0.145305348964964
0.118013184541483 0.145074568968927 0.156922719450104 0.0346433122948568 0.16456318421812 0.191990119853337 0.158712117764989 0.0300807929081831
0.185165509323673 0.204868392846849 0.171993970412903 0.0260102557029787 0.110443696555567 0.127460182979687 0.147111775509793 0.0269462166685507
0.101263875629643 0.130215965433237 0.0718731785257728 0.121627008933619 0.142457206482708 0.0139132082851598 0.20366690412748 0.214982652582382
0.0635728112100656 0.0197996231969139 0.194450422580324 0.19920393411138 0.201682700367093 0.19512255149051 0.0749722342989092 0.0511957227448054
0.0700734401787327 0.128641944239369 0.203966161376577 0.092641324981697 0.14643563638546 0.143159773003873 0.184259936233029 0.0308217836012623
0.204208856552518 0.168189176435673 0.098751973751231 0.195335064102469 0.0995958933900024 0.044164746442998 0.168563760812719 0.0211905285123889
0.038363102481583 0.018610764431405 0.117750026510287 0.180556667433993 0.197219886428639 0.174795167219088 0.114328771399207 0.158375614095798
0.183719540655129 0.00904376324798419 0.153122553951989 0.0414220414730768 0.193396357439903 0.108477790693961 0.187864871718198 0.122953080819759
0.0359023029982284 0.124132910110188 0.131616223580999 0.0816859768459337 0.16299502124923 0.163162871227003 0.122169548665042 0.178335145323376
0.00518554399111585 0.184752245171375 0.158880090739978 0.125245601406169 0.169587407069957 0.015323181455497 0.175204721281134 0.165821208884775
0.19393805922579 0.00837991668874545 0.0222426551736909 0.184829030744913 0.184266526890488 0.0538754537147282 0.202110055776977 0.150358301784667
0.125355972433259 0.171013636651354 0.0631957046806181 0.137608683896763 0.0205576754200463 0.218749651121756 0.169374324077139 0.0941443517190641
0.158297474175438 0.175130956152114 0.112740891746701 0.176085540656769 0.00344000277122642 0.0856636330237736 0.165348447126794 0.123293054347185
0.17148109745249 0.00726872281659252 0.181794209009843 0.185703519273661 0.0594404998045611 0.152060675457029 0.124878772696706 0.117372503489116
0.120156582724264 0.190784120683216 0.149795190816948 0.043535298102295 0.215183110039461 0.169670627113659 0.0915097988551139 0.0193652716650429
0.196959825489719 0.00103435147588404 0.0750945578973325 0.198785413766237 0.135145083277765 0.177380031671648 0.143775868279808 0.0718248681416058
0.0944428395058823 0.18220227583254 0.134958338276865 0.0857125845489217 0.175970539740762 0.146558163109057 0.0136628658621368 0.166492393123834
0.12107457177224 0.0434157278114521 0.11582746705395 0.225662780951693 0.142595975209457 0.00491092194725568 0.0975577492802278 0.248954805973725
0.0767564665079268 0.12109197666294 0.111373270395192 0.00847462157095751 0.10994890688225 0.037988944300138 0.270456363579963 0.263909450100633
0.167799775031161 0.141071515330975 0.128676659374614 0.143360742757005 0.0609385140169233 0.171518161982745 0.0557755721503564 0.130859059356221
0.09471367338246 0.194264008133897 0.252011066179607 0.0117638950736408 0.0661067114857642 0.036323937374219 0.0735404284309219 0.27127627993949
0.194932997946309 0.0709342717227296 0.0900519308458113 0.157763470671127 0.0695030838559661 0.139389952392514 0.159119446834508 0.118304845731034
0.0582845601020368 0.130650245391009 0.0934114884853281 0.154239440333273 0.133786807735399 0.147367540844894 0.172305023742796 0.109954893365263
0.0484591483305558 0.203771179437234 0.122560587338456 0.0165592023629313 0.272404223347346 0.0492364108949042 0.280597120798947 0.00641212748962626
0.105447388614683 0.0957341129173705 0.242880704699889 0.0772585268932904 0.033765884372168 0.0740715959892218 0.20489104455282 0.165950741960558
0.222620826894403 0.0478240858609106 0.0629889722706966 0.222768051938037 0.0154597734709484 0.12705726403363 0.232776176324665 0.0685048492067093
0.235549683627158 0.277004223737055 0.176568361411203 0.0676124393421999 0.0616697256010218 0.042882935320968 0.10313078332067 0.0355818476397246
0.0783914178577473 0.0115144080813662 0.231017668003944 0.181794727216713 0.144931806158209 0.240131120613211 0.084261671867596 0.027957180201213
0.0479029197960144 0.0487979466401004 0.223904528694981 0.040449391028706 0.171716643923181 0.175049993881456 0.0343461839351724 0.257832392100388
0.12171640984699 0.0995513855683712 0.119712049179443 0.194850384755088 0.192797873478168 0.108179262343989 0.128722665960619 0.0344699688673338
0.125375096480506 0.0254479122091969 0.129202280165562 0.0390916487083287 0.0121215481323799 0.292375333264866 0.228651877714948 0.147734303324213
0.0177124058984758 0.0307287350057414 0.212006077173689 0.171059979736991 0.188669632086893 0.0945973129676593 0.162048020541802 0.123177836588749
0.0337326497441562 0.202186361046085 0.0641114161698806 0.222716857041814 0.0604892639715387 0.0323583462503212 0.236516614308337 0.147888491467867
0.151388906909058 0.0410141172706265 0.155272826490795 0.101757215739853 0.146038356994883 0.178815663554314 0.13769959136077 0.0880133216797003
0.14798871483854 0.118844409977544 0.124700508256326 0.0695691239496408 0.179723361375349 0.0925133188023025 0.197633567518416 0.0690269952818817
0.0557342792132212 0.031038586074337 0.0536656220811877 0.163221114055434 0.20211061556757 0.0539012962698267 0.218497785712638 0.221830701025785
0.171723892197686 0.188826379254615 0.108663409755815 0.117193649887661 0.132888058842028 0.0345350383936319 0.136187000287003 0.10998257138156
0.0470907258607396 0.0645901799801853 0.00252846091839334 0.161262292623554 0.16646933076374 0.209939231445609 0.131907392172613 0.216212386235165
0.14894662866061 0.262708816741659 0.094700360778973 0.0023568619567385 0.116890749614283 0.00149068249704254 0.152481993482955 0.220423906267739
0.00467878886718876 0.188760817662361 0.204700337285127 0.0631513482060134 0.0301119495628325 0.158861363833692 0.20053070397195 0.149204690610835
0.162442360134961 0.172156665500212 0.167945675524829 0.0998949341245373 0.0657418643030867 0.146147099667626 0.0841354015506994 0.101535999194048
0.104838441915791 0.168476004731117 0.21334648496397 0.0525156158678787 0.0397150879263636 0.0785946054597438 0.123951534995093 0.218562224140044
0.201383641971792 0.190638645925746 0.125325636856605 0.160955406584979 0.0382876224078429 0.0295883531602249 0.176500607144322 0.0773200859484883
0.04486178619897 0.10598357294319 0.191035065510553 0.191825202342222 0.0227318732618682 0.0894880433148462 0.199338077589199 0.154736378839151
0.15958567545695 0.119857349239886 0.0434212004769588 0.127041010348954 0.243747619381003 0.115066990835011 0.0641556704358003 0.127124483825438
0.186912035625862 0.200833978606337 0.095456359389535 0.109903020038098 0.186438966734736 0.00701930082524187 0.0373523469588624 0.176083991821327
0.163912891108166 0.124425980251895 0.173359130301008 0.00888208192011373 0.133547495123432 0.206586763955996 0.149781991975511 0.0395036653638787
0.195064777943314 0.226189387120727 0.133460040262852 0.0717225017207935 0.0311230372846525 0.124745330274601 0.136843037166828 0.080851888226232
0.0957730979333942 0.177706423640092 0.291915328500075 0.0720926715484458 0.0671731684736344 0.230183328010916 0.0224700772584394 0.0426859046350035
0.192635717471099 0.252132707587951 0.0731023847734436 0.069207446676819 0.0289444887523375 0.260309881586814 0.0169919641531083 0.106675408998427
0.151812083147869 0.165370221240914 0.135622287134624 0.0816577048808301 0.171261664656201 0.0450323999909611 0.195646920969874 0.0535967179787262
0.0456677526330753 0.129849762478318 0.042647635113577 0.11708062870264 0.156733452406217 0.187338331208721 0.159576290298338 0.161106147159113
0.000667671680330062 0.435456787661014 0.0297358808311216 0.255106230765876 0.0358043332219464 0.0261500157638005 0.137830822953275 0.0792482571226365
0.154319379833113 0.177828357020561 0.228992829744035 0.0361676653310313 0.0633225523480695 0.0716565261559673 0.19032611681022 0.0773865727570036
0.0167979400110577 0.0932594261622696 0.27293844417708 0.253121790350011 0.0654943890528748 0.271875867865377 0.0114555102424015 0.0150566321389275
0.204894481682979 0.0634588887241623 0.0138294831940731 0.136242673134908 0.0689560220970452 0.0854370142710303 0.267724699109254 0.159456737786547
0.0834011187525258 0.14504582270187 0.164127813278755 0.13153568655566 0.0888269981599029 0.160762264483731 0.0937282207644123 0.132572075303143
0.129135848501953 0.111368387261087 0.146349104581606 0.053777793594246 0.185195437889895 0.187846485314339 0.184858859156246 0.00146808370062819
0.194431865603232 0.0172213266849384 0.0632082431554723 0.112736904653282 0.145090580472408 0.110102616153554 0.222206059034966 0.135002404242147
0.15326585968181 0.14664290697848 0.0229602557802905 0.0618563362894187 0.222565255147912 0.220810726975844 0.104570146270539 0.0673285128757054
0.134254009052697 0.0227561846507356 0.159450671190898 0.148142279906914 0.178807497180509 0.0683141290479907 0.145607871780941 0.142667357189315
0.0693700420023714 0.115424944445779 0.0621653350304138 0.129042163839017 0.178979517300811 0.0248063367460828 0.203519672717908 0.216691987917617
0.0378451100516176 0.202593562479516 0.0522766240893184 0.249969032365459 0.0577069007848756 0.128672556592788 0.0798228766839814 0.191113336952444
0.100514975655434 0.156861139251361 0.142815778028868 0.170045053878528 0.0649272214194422 0.148330529420943 0.0941927306359607 0.122312571709464
0.202274675655011 0.136746625418422 0.0224077264903709 0.101167759778554 0.0635327749330184 0.0302354846021832 0.316781741333626 0.126853211788815
0.106042362368414 0.103721818358313 0.00483647206974578 0.161597104655259 0.183923825374017 0.202186371258164 0.221392936764355 0.0162991091517326
0.185051324613575 0.0509513768722164 0.0443695286205134 0.0956235371771928 0.200363913182044 0.158731907374991 0.140770893436527 0.124137518722941
0.230888155124168 0.0163979907936206 0.0437807099543051 0.0710793158233503 0.126878788822208 0.0995507338858153 0.0889491490614668 0.322475156535066
0.117423098636989 0.177350164723702 0.0814747967635784 0.171186741723866 0.175323135887253 0.0212566113488042 0.180782393560423 0.075203057355386
0.008372612131368 0.222797033742611 0.0865648240286546 0.229650373514337 0.208197683363182 0.045700866955861 0.174727666523764 0.0239889397402217
0.202008578430716 0.0506884719073863 0.217055242758455 0.128005155807345 0.0548500270074999 0.0610833249378758 0.0460597356008257 0.240249463549896
0.152885260271663 0.0498598608099596 0.226927763649339 0.181079109007784 0.258542802618465 0.0569591084551483 0.0278180578501265 0.045928037337514
0.00877513402403511 0.217803074217689 0.0703302808105721 0.0427578829468373 0.224548041587423 0.233952721927981 0.0418744315243422 0.159958432961121
0.0160637803442402 0.149270658555525 0.122779879153385 0.194189217741168 0.172443178456306 0.160267297369583 0.0249522516401345 0.16003373673966
0.243659453365615 0.345633929434378 0.0442382597959192 0.178036894599762 0.11655096753254 0.0181860604905669 0.0120372505532699 0.0416571842279492
0.135192320751307 0.200550583477943 0.106251649273408 0.167878988361546 0.0086073595030099 0.0316963889931536 0.103747824402787 0.246074885236846
0.130192663673612 0.130618233582291 0.0734469168769527 0.0308650999679973 0.162221182622403 0.127039695434762 0.202050826507821 0.14356538133416
0.180379321830948 0.0702546197159175 0.132506533720239 0.0881821444360104 0.0712625390807683 0.191549442107464 0.125636877418042 0.14022852169061
0.210508590386045 0.128577611302781 0.127065315252752 0.1718105097207 0.190915415999575 0.0597434049818416 0.0354170362093898 0.075962116146916
0.110711318149913 0.0774147625240158 0.145054963239441 0.114079939045932 0.0470022491985485 0.130313391973967 0.283044765819517 0.0923786100486659
0.195850487446297 0.133051614125345 0.0360617366012785 0.0622126869343155 0.160345208276784 0.149218576234023 0.0859165404954968 0.177343149886461
0.156961884056015 0.0768440559272805 0.150439777977913 0.149513835743952 0.0832733111643409 0.0969572201614993 0.138834373164985 0.147175541804014
0.122012799951069 0.0069118420636315 0.130457678909017 0.303093978310595 0.191413796582376 0.22019725845219 0.0153693467761409 0.0105432989549805
0.167837501923185 0.0847019607409078 0.161136356289612 0.100799721946605 0.16986493882513 0.0744449332668296 0.126664125174654 0.114550461833077
0.148053866271048 0.162506251511937 0.112802122414976 0.0938600617953331 0.166051189442758 0.0867126000342314 0.132172405719302 0.0978415028104148
0.0855381270344512 0.124085153047012 0.0256329138669211 0.00441763077624164 0.163739101827215 0.234486969258694 0.232563762759434 0.129536341430031
0.13327159939124 0.108602577072789 0.209464090930719 0.0966018385774872 0.0364285617544078 0.00743890992687413 0.215196902816297 0.192995519530187
0.151899290734902 0.144513496744819 0.174605972838315 0.0117038745841024 0.0850682416788121 0.115315693891781 0.151133518104761 0.165759911422508
0.099783751757294 0.0456733532912663 0.209401385998709 0.152907589832913 0.205030145622672 0.062848285455026 0.0807229677663438 0.143632520275775
0.142628759317882 0.0555908931151295 0.0827931156414865 0.169711470663905 0.167193996761426 0.176933352468547 0.103555823391821 0.101592588639803
0.0664869591270758 0.270137623397357 0.176977364170213 0.243325029939751 0.091029995603865 0.097446872001956 0.0288599102126273 0.0257362455471544
0.151038343741444 0.00706179920279225 0.0385678076459697 0.233760808574761 0.1940033064043 0.0406328070891147 0.115297335433603 0.219637791908016
0.318066037675558 0.203421646432663 0.0578458587151237 0.0210270697477947 0.0684207894100831 0.155556492958092 0.133193067854325 0.0424690372063597
0.125320049805461 0.0561374394027169 0.245148633707485 0.100545360553922 0.174114345813325 0.0049948513105791 0.245296934134095 0.0484423852724169
0.0135875537695552 0.102042121423671 0.0802447687149913 0.204316072960749 0.170339607986827 0.217326400492765 0.00725024799183194 0.204893226659609
0.105263303233227 0.0900627589568921 0.0477702990053356 0.0309205052558531 0.201516674177849 0.24077162138693 0.242399649931887 0.0412951880520262
0.24315251727558 0.0823222268637743 0.160307081177587 0.0647107228701835 0.0598685920113875 0.000883032950534432 0.193478040177781 0.195277786673172
0.020650462605381 0.192511388880978 0.290952651404584 0.0190178942355095 0.0891686139701589 0.0560332605810264 0.298962958737074 0.0327027695852879
0.121014182473672 0.127631388697197 0.114951987761635 0.0940459558649409 0.139174796335037 0.085245011272691 0.155405842465662 0.162530835129165
0.0073440535951676 0.302060066668802 0.0300965578364888 0.0918202626021144 0.132165476214628 0.237853714798929 0.0479465572860806 0.15071331099779
0.0556055336520725 0.214589445761335 0.136430194739253 0.0274540876745816 0.163092595856365 0.0283101614052119 0.184933505470746 0.189584475440435
0.146585151080807 0.233080379957102 0.0671775852842174 0.0357360838858529 0.220693975706694 0.192263620021389 0.0301759958503935 0.0742872082135435
0.186170782874825 0.0673258313636781 0.166410295011309 0.113097643042895 0.176594673941812 0.0771504204962297 0.0642562897017243 0.148994063567526
0.160600545441662 0.0809879873120895 0.10364465168899 0.107437606649255 0.187897169608707 0.0939101510698501 0.127766783104106 0.137755105125339
0.0913292686134917 0.12807750924731 0.0823092211246565 0.159021401672218 0.167504369868881 0.18360138315317 0.1175447951477 0.0706120511725738
0.0129675613444478 0.0799717134834271 0.09976520130846 0.14908035697929 0.0444349635252947 0.223703538440324 0.271685793700587 0.118390871218169
0.147233465990677 0.0921213620344897 0.155856408348676 0.111376462571548 0.210419098962062 0.195726672137718 0.0781472981266849 0.00911923182814428
0.130817097634223 0.135319693122771 0.000740539885615834 0.0404881829490256 0.261395828398108 0.250165921494358 0.0167064542591405 0.164366282256758
0.161301323192442 0.195142883727051 0.158797642803599 0.184037949086607 0.00905547808244616 0.0751366496253374 0.161468299596525 0.055059773885993
0.145914327173703 0.0962531197640196 0.046174298796755 0.184423488563129 0.223708539031526 0.156166668850504 0.01123547028144 0.136124087538923
0.131692078197473 0.120752826893423 0.144094269096291 0.221264628994988 0.0337839921661301 0.121054361161285 0.0136581444680723 0.213699699022337
0.0859083148273506 0.0872627986865947 0.146539377671416 0.302221014695826 0.122970266234663 0.0422682178724245 0.0969104555988319 0.115919554412893
0.265456556039165 0.0764901579837636 0.228110039044439 0.0448224826287884 0.011692409475446 0.111426029100178 0.149933564811776 0.112068760916445
0.127287048688673 0.185518997011689 0.0392931331475689 0.26079223158069 0.114384170645207 0.215312589668049 0.00656680291583115 0.050845026342292
0.0041683780640554 0.0147979047580107 0.0266467965302032 0.226666106878202 0.135593040376022 0.219364574797113 0.200739342868819 0.172023855727575
0.0459521079674247 0.142481952656015 0.113202802669189 0.137880753055255 0.06101885925012 0.0662589107324882 0.267636907333802 0.165567706335706
0.102964581285518 0.136871915683451 0.171847070029254 0.105395155055876 0.0856468324138093 0.150552996559557 0.209444161679494 0.0372772872930411
0.176938251507212 0.046171982714556 0.196171324431283 0.0997321102157628 0.0998404649704127 0.12358058789068 0.175549962431643 0.0820153158384506
0.0497359083679255 0.148948769902383 0.213501171352507 0.228619683067421 0.00555251048316616 0.165659909530067 0.0809301239543288 0.107051923342201
0.0723983788218781 0.0423672074714315 0.238937162877437 0.239981330975449 0.172529861498359 0.0786659547091337 0.0919487032116936 0.0631714004346188
0.149618766295501 0.153666321017811 0.049873418317707 0.0926237310384568 0.247842642329066 0.0330215560515852 0.0705818128564457 0.202771752093428
0.225162438839658 0.15043263053911 0.113922103805388 0.0582442725270205 0.0353091233337153 0.198993200055925 0.109040575236263 0.10889565566292
0.226553806900522 0.00347581768016129 0.0625931238807393 0.135739806745261 0.063387309484204 0.188772193564268 0.0637075931067679 0.255770348638076
0.225680194821747 0.062318364759992 0.150743984436699 0.233575467135892 0.129818308941049 0.0146423921600325 0.161671620361082 0.0215496673835065
0.103447754969328 0.146952462378739 0.119605746362092 0.115198179904873 0.123235875414712 0.0951467581242807 0.137212563035796 0.159200659810182
0.144028879944939 0.148491938338656 0.119088418884161 0.0664050411015371 0.1966924432789 0.158964349609677 0.100968936637393 0.0653599922047375
0.158070700971327 0.0900134106649625 0.159132602819325 0.177094369643274 0.187611231164133 0.0221338381820963 0.0863358235146759 0.119608023040206
0.23285583515039 0.119326773947092 0.0780805695455628 0.138093074624631 0.246875875177091 0.0949212174551373 0.0134425098443497 0.0764041442557453
0.221845838908992 0.150511072386087 0.117674495217791 0.0975519081818751 0.0823719675538492 0.0931913598869812 0.232508668670732 0.00434468919369225
0.191372257709822 0.253161361423254 0.0287191568467113 0.250830996568239 0.114871121786244 0.0811274620047898 0.00969189303900132 0.0702257506219377
0.181426299950579 0.172803369909138 0.167376734430373 0.170429048373724 0.132272329563024 0.0515483296471807 0.00846414017742328 0.115679747948558
0.0902963667338142 0.0225455417824324 0.00911567114610023 0.216630778939002 0.164312439739973 0.114550548708306 0.177083251037043 0.205465401913329
0.200763801279165 0.00595510562575952 0.154628399210862 0.189438933760541 0.0818327662215452 0.139155931645803 0.0207592484473819 0.207465813808943
0.142606202050943 0.228224600977689 0.0803124033764405 0.0523750308455847 0.0314217129046534 0.125145810963973 0.10797233464354 0.231941904237178
0.206644717250861 0.00540931677355984 0.193124875579847 0.143054404972603 0.159919815244647 0.100454813434806 0.00918178158821 0.182210275155466
0.177881629601448 0.207843873391934 0.163271784494459 0.0883914913398173 0.0140462406177666 0.149423148110336 0.197843816046887 0.00129801639735169
0.143653825395684 0.0391123131085333 0.0114099202339977 0.165723733714727 0.239466358830661 0.188621007192691 0.182781683063108 0.0292311584605973
0.213087639605008 0.197660472670316 0.188890946688492 0.0289626574588346 0.00261814647411812 0.164859629344156 5.3594476566265e-05 0.203866913282509
0.220530456244454 0.202225595317318 0.0472804200111645 0.229833493046659 0.0627709070622225 0.124489489752774 0.0499158319748284 0.0629538065905802
0.127126406757565 0.179627550475376 0.126907349613026 0.0651868186431944 0.151796828985075 0.171977281808378 0.0718482639177732 0.105529499799612
0.0875360610605365 0.0913520769588768 0.153241931250881 0.226222662190596 0.0166358487998395 0.0699156467577671 0.22643769065255 0.128658082328954
0.0519288809587447 0.219209408677182 0.142613589888119 0.0285965641418559 0.0748025227866047 0.128141891471625 0.168677072280289 0.18603006979558
0.207382406059098 0.275498414921912 0.210483172475218 0.0803392112451988 0.0131440898614065 0.0169003188995488 0.1775977437779 0.0186546427597178
0.0811449743107059 0.0143016610721793 0.144881030045304 0.219252907741959 0.06426986080653 0.0159750470819698 0.235512553868559 0.224661965072792
0.0714122170974089 0.168909208555011 0.0795885347436557 0.0420729153653426 0.183205417452486 0.158566686606135 0.0554664734575012 0.24077854672246
0.203796077638997 0.14386732417884 0.226095703022298 0.0168526863219231 0.0238437039238101 0.166995388506868 0.0154812443960553 0.203067872011209
0.0317596663884406 0.32745759757657 0.0267150788780579 0.115848205588889 0.0925968516931794 0.200550828517655 0.0245115813911271 0.18056018996608
0.152617577376917 0.0689596800808955 0.171024649577552 0.155513868540749 0.275946862953787 0.154345296795722 0.0120179559180635 0.00957410875631318
0.158814484976759 0.277464182325838 0.179257232863718 0.108804529507776 0.00554814974455599 0.148879982002 0.104076728357891 0.017154710221463
0.176442639480136 0.0163507979159515 0.222856517054917 0.129134454616144 0.0650532764087343 0.131478607776666 0.235953494856249 0.0227302118912013
0.26891147109442 0.138758760624843 0.0954328903040867 0.0299724766108407 0.0314177536733221 0.0392996385965627 0.311533946341949 0.0846730627539749
0.18321350936812 0.0946340847012936 0.0132359018293164 0.175535470638337 0.206403043708834 0.115359064311184 0.162962789126387 0.0486561363165275
0.0947534566347531 0.174740402959406 0.00421849348611568 0.28837561104734 0.0696476144896442 0.217768426606347 0.00185051329701895 0.148645481479376
0.168769681357521 0.1937475467226 0.108144320556646 0.0393689974738835 0.197317751513224 0.102311516832968 0.131951108798151 0.0583890767450064
0.08163534107003 0.152580915204859 0.137484563019977 0.183964867202761 0.138386490829287 0.0666639324501373 0.103450684214588 0.135833206008361
0.112000629049201 0.0312287238031684 0.250039825186315 0.0212577848220487 0.23171270032518 0.0699481930018854 0.187526307631275 0.0962858361809271
0.063054716106888 0.190038581790811 0.210775493600639 0.0801295329142981 0.109628777308107 0.144281528535116 0.0238285166562769 0.178262853087864
0.0470757449242069 0.182982993476776 0.147314239577627 0.100895379838607 0.159963240310233 0.13368468657358 0.0793394131632053 0.148744302135764
0.07954080861855 0.0373924878408594 0.0316290331038037 0.164518492266074 0.167339316347 0.130149889494096 0.173193075078951 0.216236897250666
0.0821480289590867 0.124494017051414 0.11644339229306 0.086981248596265 0.131537037679538 0.21920218325463 0.153369927932324 0.0858241642336816
0.0725063845236991 0.175840240645404 0.112735404951527 0.181333098363562 0.131512205453273 0.179572098983358 0.078954685531625 0.0675458815475513
0.245575928551948 0.120110037606097 0.172219550121546 0.0198799697791678 0.0252284731197305 0.032253845428921 0.143707476923236 0.241024718469354
0.110455131904483 0.160137084769883 0.0704755244611266 0.155207628581492 0.0550034953179474 0.103368947305816 0.16172333664277 0.183628851016482
