0.0516614074048381 0.199408091121818 0.253760280032458 0.0426693832530283 0.197555764914493 0.254945073273364
0.215248041632255 0.075193593723119 0.131400233733119 0.161098458698585 0.319682546359456 0.0973771258534649
0.198606079865988 0.289759805338939 0.283030406050157 0.0604257810119243 0.10673529940527 0.0614426283277224
0.24085159204333 0.131348517032605 0.257174408566594 0.121020334084222 0.184755796722746 0.0648493515505032
0.153990938589255 0.0383315381209537 0.259677445385065 0.257937300617276 0.262922914074029 0.027139863213421
0.188949171496326 0.184959086963748 0.0178686430889386 0.229616828875436 0.155532341519436 0.223073928056116
0.121323302657758 0.327086755393153 0.006912422948558 0.316420424715365 0.223753962223754 0.00450313206141177
0.218855453745851 0.277352025293286 0.179615555983455 0.157769326784463 0.0420647612831695 0.124342876909776
0.162062199303096 0.193594666109454 0.26241181798454 0.111701279581354 0.0287864613127507 0.241443575708806
0.0612734560663389 0.236571637009302 0.206275787722881 0.125759781768633 0.203127044721423 0.166992292711423
0.0931318216715745 0.218706875096894 0.200412714095286 0.169746184131734 0.180645529774591 0.13735687522992
0.300869104813287 0.0545753779098728 0.323003828880785 0.239899820860993 0.0727999796951567 0.00885188783990524
0.109399010108497 0.371837215277874 0.178512455273301 0.225988791183143 0.0966764255421857 0.0175861026149986
0.175975563324407 0.300338131184245 0.00843328603010979 0.267631577754005 0.243015760826331 0.00460568088090194
0.0107538818458462 0.248416473966515 0.0264399659560357 0.151171368991535 0.304556806585032 0.258661502655037
0.177853602640323 0.266436549863866 0.096007660722762 0.274262320698472 0.0934795236122615 0.0919603424623161
0.123358533370785 0.104680666242787 0.379374437113749 0.0128155207793902 0.200823574251331 0.178947268241958
0.155105297478766 0.313423868428945 0.18629853085664 0.0688039052413993 0.0775691964515536 0.198799201542696
0.219504629306745 0.119440993737228 0.338007179627165 0.015754256527658 0.117766587082235 0.189526353718969
0.195751177267422 0.323919290560933 0.0529427908781539 0.141100986279542 0.0932554436250623 0.193030311388887
0.0308842262244617 0.101557966583233 0.09236207980492 0.279587884334648 0.220308040633629 0.275299802419108
0.123798998090059 0.212699748474866 0.113125854751122 0.168020032090621 0.24696539052016 0.135389976073173
0.20409720924525 0.167930178494404 0.267603677773376 0.159988200256798 0.13970836540131 0.0606723688288622
0.282679200593724 0.0123331235142081 0.188921647296421 0.301611281067784 0.0835428017463691 0.130911945781494
0.0179993408640728 0.254278267248114 0.294475678529398 0.294565513074947 0.0858074129854324 0.052873787298035
0.172699283688927 0.300704445071107 0.0865593137367022 0.142824693958883 0.137723237290284 0.159489026254097
0.0806897069679005 0.238853792961945 0.142069525225993 0.340727657202284 0.154456204802981 0.0432031128388966
0.186751508058602 0.172009332652242 0.0672696825930447 0.0804743696943434 0.184033850861646 0.309461256140122
0.107784778129708 0.235529512823493 0.0751901010972397 0.226391182193534 0.12978361890137 0.225320806854655
0.254739373262189 0.0170756781898949 0.21339397574463 0.240833343620091 0.161155284678474 0.112802344504722
0.0789753775270619 0.236594449115052 0.121193258402925 0.290332116012679 0.180300972531995 0.0926038264102867
0.344209371006807 0.240226657794879 0.0598793923305728 0.212843150092052 0.0865916196076549 0.0562498091680344
0.156730875780436 0.143565074644746 0.250616978427301 0.00331806446442903 0.19997341410266 0.245795592580428
0.0574771347248931 0.334389686282956 0.225233002436911 0.0553338740673588 0.0621960660603693 0.265370236427512
0.128056464803729 0.187166631948103 0.265030473623653 0.164927349618814 0.17624936031394 0.0785697196917618
0.0264145395250112 0.222367252687073 0.329725806355243 0.128826046922055 0.11686361260536 0.175802741905258
0.21203342234986 0.00990741935487291 0.3300560853573 0.00739653204108577 0.234121496409032 0.20648504448785
0.117022642802702 0.24484072211821 0.200007085990165 0.0467475200379194 0.151592126264287 0.239789902786717
0.238468084155205 0.296677482512158 0.0140607368110209 0.0443020353259488 0.223469047352027 0.18302261384364
0.235686517837438 0.300221407205067 0.0203946041530268 0.0798709412817982 0.308238052644887 0.055588476877782
0.347851477984563 0.247233814669884 0.00977001475067922 0.249179453047479 0.0695663683011281 0.076398871246267
0.151591695141155 0.202745000016465 0.30274405109667 0.0777205012344401 0.168421417773239 0.0967773347380316
0.278993620983387 0.0836901760083827 0.209743073532555 0.158973900263138 0.109060413688952 0.159538815523586
0.236573183764302 0.162370171931145 0.0822418234187022 0.15740819416625 0.14433619734254 0.217070429377061
0.0941732964761395 0.272546751152972 0.245032139051194 0.140969445390656 0.212619038558825 0.034659329370214
0.0741265383554275 0.0223903894602131 0.156319318402452 0.257855823959419 0.0304696160342159 0.458838313788273
0.229090930848281 0.114441511179812 0.21432480357908 0.129794315412803 0.139069773391916 0.173278665588108
0.263319666142687 0.259070364731715 0.111547557114587 0.0370586342023201 0.221960279511167 0.107043498297524
0.128650989180285 0.0451380682315579 0.264221250454887 0.223303957159682 0.265463435156067 0.0732222998175208
0.144498385646879 0.119081322970275 0.171367924684615 0.298140570093735 0.156339377920993 0.110572418683504
0.144099015085997 0.213027162787213 0.277946019645508 0.0337786069125283 0.262797869710788 0.0683513258579656
0.312370569815359 0.102788241838417 0.204063874350405 0.0207871189173367 0.138395620154745 0.221594574923738
0.23381743269555 0.0118935713341248 0.0203497974693874 0.328647639199252 0.281710846227843 0.123580713073843
0.187995426793077 0.183201705932159 0.236553685335297 0.0534090301703381 0.00128281533585255 0.337557336433276
0.274110085954867 0.148560404760133 0.0614344117483691 0.219744231213605 0.0381628736909162 0.25798799263211
0.202206012541166 0.109838504687065 0.193913755265377 0.057629004379794 0.331594793388952 0.104817929737646
0.210408422585431 0.0390981122584347 0.181901360276089 0.154686250443299 0.224972544753422 0.188933309683324
0.201811095517031 0.0906207075469155 0.214884709001729 0.229585073533475 0.00844889485019719 0.254649519550652
0.218308527463968 0.0751720772880568 0.22312253320752 0.230101183361339 0.212292314021178 0.0410033646579381
0.221725472386823 0.232106059489286 0.128021178914517 0.163057838910982 0.196610158381435 0.0584792919169579
0.0655895435524224 0.0286904624192419 0.245039734127915 0.0429593798513816 0.315335389904987 0.302385490144052
0.167302722004926 0.00270844704002448 0.134877133689263 0.217825953718731 0.215787511553276 0.26149823199378
0.235593113589333 0.146070573525942 0.332356634740356 0.00781027537544324 0.0629964526513298 0.215172950117596
0.0665764328539751 0.209442644954504 0.31084202754291 0.179254143093008 0.16680223646184 0.0670825150937631
0.0587472091700085 0.480435176497787 0.0879218298137016 0.123715603482822 0.0957449004288315 0.153435280606849
0.109146717828012 0.129650215882276 0.0953270034457901 0.308227984099817 0.0921562244492755 0.265491854294829
0.202064936396586 0.00867914664056055 0.203436396104298 0.149512857785405 0.235070168566242 0.201236494506909
0.141129399466243 0.151185736984988 0.242720440025029 0.318228614116875 0.0497548594057556 0.0969809500011103
0.116225877277385 0.160818926185554 0.176651647524385 0.0726690636720209 0.160741544315719 0.312892941024935
0.190795341169024 0.242026115364145 0.214685265685128 0.22411775958673 0.0684645922107539 0.0599109259842194
0.0512458314371414 0.0687158089212328 0.0488726563923312 0.28273546918601 0.291642007737907 0.256788226325378
0.141047628366319 0.301768943767603 0.139832234458626 0.104449526270406 0.12026258890011 0.192639078236936
0.237801848813093 0.113282055242118 0.264456284636703 0.243632130584148 0.0578125853739453 0.0830150953499927
0.00840658826916856 0.134740330452127 0.240876955229528 0.210850951580043 0.268705272882339 0.136419901586794
0.125907745549698 0.102175386295952 0.0801718163979559 0.17980615970142 0.251883841981156 0.260055050073817
0.140481208916382 0.168781497570488 0.20262550027713 0.185641924227033 0.102154107031533 0.200315761977434
0.110628266717536 0.0484693596079888 0.0646003213943918 0.143446486326473 0.21931836039094 0.41353720556267
0.294329277284737 0.0420014678210434 0.07898116011545 0.12403397390831 0.205150425927533 0.255503694942928
0.0401481802329057 0.264830229316761 0.126779732675015 0.275897233649139 0.134938487738318 0.157406136387861
0.249525666905474 0.217843230945846 0.0655577452083565 0.051860601602641 0.153627415245495 0.261585340092187
0.0929868302431847 0.064140100956438 0.171384745581771 0.222881879464576 0.136654566043347 0.311951877710683
0.013740496999298 0.152190753916101 0.223355162634746 0.309447910927881 0.275068820668639 0.0261968548533357
0.0845548554127864 0.241073239760189 0.279258957963603 0.209799935576216 0.151892736671359 0.0334202746158462
0.11850121199686 0.190880134148613 0.28554333036077 0.0683648021588789 0.14693190648063 0.189778614854247
0.174186822715075 0.107053804253636 0.0716536980405916 0.360907387213663 0.1169309549648 0.169267332812235
0.0356916641028235 0.309085935236744 0.164179400602333 0.00689757980089308 0.145404973923772 0.338740446333433
0.162739308035308 0.203571998535502 0.199894763802324 0.0168674940694502 0.123903063808694 0.293023371748722
0.082990769090292 0.25165189603396 0.0854663401703967 0.234948372842748 0.193078853201434 0.151863768661168
0.126530435524207 0.0190544749654825 0.141513578929438 0.342066522779735 0.0967137904173868 0.27412119738375
0.0762945789475741 0.279156646484866 0.218742149151201 0.169507532049916 0.121649110348297 0.134649983018145
0.0256412435582089 0.164644541222076 0.215005351705854 0.168959653371401 0.224296984616582 0.201452225525879
0.24149823829292 0.178680408371659 0.100255292923048 0.224219867799963 0.11614509146908 0.139201101143331
0.212852964655491 0.24092648577721 0.079331143366256 0.0896786529084258 0.19810938032213 0.179101372970487
0.116126700101854 0.0789028041771597 0.301870498111153 0.289212552276508 0.054829788752345 0.15905765658098
0.266615740250293 0.0259054017420554 0.320280765879585 0.00491174136930259 0.194510277520057 0.187776073238707
0.240445973621551 0.331252757271225 0.303816113781105 0.00055315890486778 0.108402107331991 0.0155298890892607
0.182770186458556 0.163771924104865 0.174052303591534 0.236816773334308 0.124377943612127 0.118210868898611
0.172446559016624 0.258587543205031 0.027630008537322 0.307884182406722 0.162421516131437 0.0710301907028639
0.20637025450166 0.0793918311392224 0.0853802727830033 0.182665840311981 0.348593856938676 0.0975979443254572
0.129489711283229 0.373616088317167 0.0159978155681521 0.321589520349513 0.0706591151489956 0.088647749332943
0.298921031896384 0.168010406404353 0.2487526789668 0.00136896330479453 0.0150623674542796 0.26788455197339
0.238762511485478 0.272854391723005 0.0641304338078648 0.14553859086813 0.0925361663685284 0.186177905746994
0.106599017601436 0.0519256625007471 0.227917721187847 0.283625724671852 0.111431266726536 0.218500607311581
0.148765084826709 0.213681774524222 0.0404838305065027 0.242701875221937 0.183138173859692 0.171229261060937
0.06396230441797 0.254029306346104 0.14092768574107 0.212434812506364 0.291708861098507 0.0369370298899844
0.153560325342256 0.253582896381481 0.217039097101113 0.00707458415209444 0.260238010487761 0.108505086535295
0.255912088807393 0.159648598914625 0.275109005219557 0.0394737541723552 0.0916343153475194 0.178222237538551
0.335883379965523 0.0522817691947852 0.149353508394971 0.0461970631121521 0.285619377816654 0.130664901515915
0.286347936906817 0.175265955972591 0.0977524690617834 0.130959913193567 0.229958238507076 0.0797154863581652
0.15403241850985 0.186644312427462 0.200914562001463 0.230908286000026 0.202198824131918 0.0253015969292817
0.401320218125899 0.0355121606683284 0.0354515778440199 0.272213841058619 0.154070923768196 0.101431278534937
0.375861555865582 0.143832909657191 0.207765421776171 0.0501393617279674 0.168531426337384 0.0538693246357047
0.133427412053064 0.236176045161476 0.144830559178029 0.226522546458571 0.135794094903784 0.123249342245076
0.22970123261221 0.0994325114143852 0.113956839521719 0.171015954637406 0.219359338864078 0.166534122950202
0.19073092576361 0.0214144482706142 0.226918378329221 0.213871868721574 0.238017370386871 0.10904700852811
0.164709434077917 0.169600546522555 0.0997628197279931 0.0966248619881925 0.200279898472349 0.269022439210993
0.213808526781655 0.224341054617365 0.0795851645839789 0.156717173601825 0.2635636412268 0.061984439188376
0.281117668454535 0.00077270939628247 0.29544517951621 0.121718962622951 0.0785749638033155 0.222370516206705
0.042452144432491 0.192045602802862 0.223947272242028 0.283654037110382 0.0145402580002235 0.243360685412014
0.224800084905467 0.0580233687542031 0.21510369692684 0.228966439465546 0.117306967115254 0.155799442832691
0.0799014119736428 0.426167665146554 0.0561139052585269 0.245914997180678 0.15257123803901 0.0393307824015881
0.180817359117455 0.0606820065516358 0.0983296729014018 0.250600073710321 0.215476063891632 0.194094823827554
0.160265544879787 0.239562998928711 0.147485082563297 0.0276367936211273 0.188740264393154 0.236309315613924
0.196757254054431 0.208798399774696 0.157287650575318 0.101880276755936 0.119248882208127 0.216027536631492
0.0327395577040291 0.0839655959884002 0.258069706690615 0.27818481630922 0.271808323986861 0.0752319993208746
0.215466731248175 0.0394475699217291 0.112415625118326 0.250651004658658 0.288214842798589 0.0938042262545238
0.143285104408671 0.175326472548964 0.105266578566863 0.187681392844632 0.051452442017164 0.336988009613706
0.417676016765446 0.000769243571268601 0.0482027973251144 0.108883421985636 0.16149249403941 0.262976026313125
0.116084863346252 0.357221901766007 0.145418975366749 0.296504669892508 0.0181104602991699 0.0666591293293146
0.0190251364452919 0.0253281766694481 0.306559458145724 0.361561350877687 0.111361178690545 0.176164699171304
0.296981910869561 0.150201422092608 0.0312114442230239 0.0293971801329437 0.244546575634717 0.247661467047146
0.111158003341567 0.0710866691527337 0.233847269302532 0.0699176427767258 0.353318621029511 0.160671794396931
0.0465721580776803 0.101638915972025 0.193602945290243 0.24208196902011 0.351634760615422 0.06446925102452
0.294221160961227 0.144562564738108 0.0349488540234041 0.143756528903439 0.268337329551887 0.114173561821934
0.21652984843301 0.0713746426313493 0.266356027928742 0.120745750275478 0.0359048686259221 0.289088862105498
0.0580685700378657 0.354782017510239 0.0530334543938249 0.0737653086685024 0.152779659952285 0.307570989437283
0.0865278138685873 0.161444485940664 0.100015685986823 0.0666356841148806 0.287241545114274 0.298134784974771
0.0621799097081938 0.248895997558078 0.379660816472532 0.0738720611818457 0.106928426591086 0.128462788488265
0.131612605123987 0.195120484941334 0.136230181881509 0.213734728210955 0.253751022532029 0.069550977310185
0.221581304591108 0.16447268713614 0.166458371977808 0.231678589129061 0.0941418429248038 0.121667204241079
0.240494043669831 0.200481920017111 0.0794807330999606 0.199277583093074 0.243648087610533 0.03661763250949
0.0918922175298523 0.243871809635378 0.0760068281888811 0.209567020309356 0.131533231397537 0.247128892938996
0.235866881415178 0.2415493777935 0.130831748019613 0.04741186539893 0.14062856329987 0.20371156407291
0.168860472494408 0.253116813233613 0.33227914532954 0.0682188882781256 0.00676110640667421 0.17076357425764
0.327189830821904 0.216275194637861 0.0260690856740388 0.374104748220455 0.0158098219860617 0.0405513186596791
0.108051373661917 0.171801961991832 0.124915814057976 0.180438795172272 0.202538258013101 0.212253797102902
0.191095170362891 0.0901405337698814 0.0547644662657309 0.0587130240482005 0.128869793166354 0.476417012386942
0.431453356311103 0.134458362979256 0.089368787986345 0.0410775686831674 0.0729389784311989 0.23070294560893
0.142050416054961 0.282095870959463 0.174823545287197 0.131798408704921 0.19202095299383 0.0772108059996284
0.243979424347419 0.25868796778335 0.165326509316959 0.0395470340135131 0.043446027137201 0.249013037401558
0.211751268449319 0.164544734966867 0.124829261077542 0.371883144109593 0.0735445888352135 0.0534470025614653
0.16035335162797 0.199738653393193 0.239667178142692 0.101588951269348 0.161981890161576 0.13666997540522
0.018245632370494 0.114323966754888 0.184174173544776 0.250733172175719 0.2163774571416 0.216145598012523
0.190875827451315 0.195976541850775 0.224715544450543 0.115817204793076 0.223997401486092 0.048617479968199
0.231280968373793 0.140922353524199 0.168077769533032 0.195459695046358 0.135523850540494 0.128735362982125
0.0419035027853559 0.255972880811181 0.249023703426722 0.0715295846771593 0.0480564049107282 0.333513923388853
0.200698666283415 0.249677892344241 0.0895101628977286 0.0936444964638601 0.160418804238909 0.206049977771846
0.195410248065826 0.0567258391791294 0.317885655561701 0.304221906931507 0.118210017575873 0.00754633268596328
0.263499351333637 0.0749297993601404 0.254701841248696 0.0461107072725502 0.167556679940513 0.193201620844463
0.111459973362235 0.0326865329225579 0.179423813034754 0.194557851758147 0.322017374996204 0.159854453926102
0.166789596018158 0.174681009040973 0.163485778146434 0.198359484906718 0.089139227567681 0.207544904320036
0.0443520920510674 0.255460458556241 0.125069617624032 0.118463359549787 0.249194512048105 0.207459960170768
0.238779625928686 0.127965762508817 0.203046703363752 0.0753041790388239 0.104480811414736 0.250422917745184
0.0911005423024978 0.212021478551903 0.458897881640479 0.143850352272617 0.0738701613579108 0.0202595838745919
0.194974458875443 0.0635397257506403 0.190792329759321 0.232660503351284 0.113754245036057 0.204278737227253
0.0969489574935241 0.143529502723825 0.0711014331514398 0.294487816414585 0.19238922373535 0.201543066481276
0.207585320226241 0.0932151517165846 0.0552545754671258 0.240439714728243 0.278105822186023 0.125399415675783
0.162683752898966 0.104201544053604 0.0814464569368611 0.233186584380845 0.220239434212744 0.19824222751698
0.210858035674445 0.183905932373989 0.047926589249399 0.259668422914587 0.207339313708922 0.0903017060786595
0.0913642718176332 0.180914412022152 0.212994496870176 0.0366539429157977 0.257351150865245 0.220721725508996
0.040043725506514 0.0962201941986782 0.206483572728063 0.150055915536283 0.267205249614952 0.239991342415509
0.113792383386688 0.288305831152841 0.0970615891436679 0.179860764648358 0.156018360987221 0.164961070681224
0.0611772965409818 0.116702059755953 0.0127557339901268 0.246061272759296 0.284883109817212 0.278420527136431
0.331087487028791 0.0492367717406748 0.236861384404935 0.19408624584885 0.081020771647085 0.107707339329665
0.123532034947999 0.0907120903308983 0.149446175338771 0.271588836554083 0.287495237077916 0.0772256257503325
0.157674526145807 0.0545907012474828 0.363010788482096 0.184978809123895 0.0433223771639097 0.196422797836809
0.100095882377326 0.129743368811888 0.121836790375665 0.16856304348186 0.299458487823293 0.180302427129968
0.125785972662644 0.326570621836677 0.151609531044075 0.236342597652338 0.057410810135339 0.102280466668926
0.0631553011490017 0.255878247827822 0.0681109774534647 0.254404141775208 0.228579211977677 0.129872119816827
0.0740968337326429 0.234075039772822 0.119307434513873 0.188762808814521 0.149253275260374 0.234504607905766
0.0244488116203599 0.328813096364024 0.0668740681610352 0.127115401200531 0.227972751168005 0.224775871486046
0.300611891343124 0.068023637015891 0.129983524238559 0.0766710837759156 0.166727587367133 0.257982276259378
0.0241139358890162 0.083057707726193 0.0878095125639765 0.379261519416292 0.364789379597641 0.060967944806882
0.167597707236384 0.150330896093539 0.206670427140713 0.217843334467711 0.0667917545567702 0.190765880504883
0.224387729095016 0.158318785843762 0.1935522528639 0.203495110130306 0.166086639884819 0.0541594821821972
0.0150506097377402 0.294254082468052 0.0434809746809791 0.197937036453305 0.24275897974931 0.206518316910615
0.0113710385146632 0.320681697164678 0.00353318731703263 0.0524318935401788 0.30210272716681 0.309879456296637
0.238585614711571 0.0278960503105058 0.29166503307976 0.0525646078294262 0.329590345910144 0.0596983481585934
0.289909384974323 0.0399443498053785 0.104901570762626 0.462619040252099 0.0977601455815434 0.00486550862403037
0.230625859734286 0.156488108387173 0.0127698080040485 0.0824579227538411 0.425908103041106 0.0917501980795462
0.347905965329264 0.0264840608656898 0.0373677067280417 0.280166959519916 0.142652544636642 0.165422762920447
0.0918410429723963 0.22671105467359 0.172627007408673 0.0252095066418602 0.188653150238311 0.29495823806517
0.133652609842095 0.0215408788455787 0.319064338790421 0.065281896413617 0.323985349016661 0.136474927091627
0.286266834181312 0.175782347207082 0.0692879229240187 0.284353164440077 0.152467651899668 0.0318420793478425
0.267773039741704 0.104751749566135 0.0355950775887992 0.375783955112222 0.0773961597564628 0.138700018234677
0.124566482471024 0.107703593847844 0.148116400660571 0.147888623742764 0.175694210391063 0.296030688886734
0.122860739544306 0.198636550445791 0.15445790744294 0.132871212345046 0.160663811442277 0.23050977877964
0.104069454326995 0.310838007261081 0.180093396198474 0.142716144655253 0.017123934094565 0.245159063463632
0.178650529694837 0.117736195330179 0.120256837209769 0.123700122371343 0.385237264323942 0.0744190510699304
0.271132669540025 0.294056842805085 0.0890768778042774 0.026610676600113 0.0328738232502718 0.286249110000227
0.192811480256163 0.157546525029283 0.281853871786634 0.0497299433513881 0.276657918092388 0.0414002614841437
0.177282864446275 0.0753846475871197 0.216654168608429 0.128636830585473 0.140206504064204 0.261834984708499
0.181188514925894 0.0401866178198885 0.133256859683187 0.275405840752288 0.16277499419795 0.207187172620793
0.0464004058853432 0.292194428202762 0.123110678722466 0.0187075736978127 0.21475366822358 0.304833245268036
0.278618337124475 0.0210923598413749 0.439525071717403 0.200159502621987 0.00635299628160362 0.0542517324131563
0.288185586964403 0.0785458071208376 0.123550874336637 0.263893892307853 0.231184252502197 0.014639586768072
0.0739278389490805 0.0673940965643407 0.0468647446844769 0.499403756009852 0.156912498930851 0.155497064861399
0.206653147528864 0.253873161936075 0.0953490786269267 0.171620890730778 0.223869301671624 0.0486344195057316
0.226612952316701 0.161919111612086 0.103101206474107 0.217321754896377 0.219770048894805 0.0712749258059242
0.00757217393442525 0.121898428215289 0.233544000534137 0.0470249682219051 0.127879092145231 0.462081336949013
0.126986463808755 0.0808551058590959 0.200177942666299 0.303147092878117 0.0533266434169839 0.235506751370749
0.127287680084251 0.221330611161959 0.185234658409912 0.114487178311483 0.118483753661885 0.233176118370509
0.204274192295316 0.217089481263796 0.204755864498437 0.11535223519273 0.217591275927643 0.0409369508220774
0.166056636800179 0.144296958678088 0.200845658460745 0.111884698834038 0.203553379019344 0.173362668207606
0.0197719615336402 0.122285098334713 0.0293289652206268 0.571841012228691 0.137183259142002 0.119589703540327
0.223496014873883 0.270163962158475 0.18541397327139 0.1213586027879 0.195151251033027 0.00441619587532352
0.0884191241715827 0.0907095401600964 0.26946300208757 0.205437847411762 0.275885702821624 0.0700847833473648
0.0751993036718379 0.044637083324574 0.26034300109907 0.135794616853889 0.375901320141553 0.108124674909076
0.145768195635312 0.187560747103497 0.223217511530408 0.116775779983641 0.103457477141518 0.223220288605623
0.0445289737736035 0.103801520219944 0.0416020978218203 0.155189503784629 0.466291347617082 0.188586556782921
0.00629679756086244 0.235630890128431 0.107887673847461 0.162754349080645 0.273426924033646 0.214003365348955
0.225748476484841 0.109435449774695 0.193979537130219 0.013459558491074 0.0838116280581584 0.373565350061013
0.10179193950873 0.0839039028372381 0.264698844218467 0.398377369520997 0.149340057402071 0.00188788651249678
0.216347529929077 0.217061911682809 0.231372068145817 0.0273977256411852 0.0792913154431768 0.228529449157936
0.299456419741557 0.006075937712586 0.325099820630365 0.109471194284046 0.253774843103222 0.00612178452822307
0.398856724301662 0.188866216154537 0.0210365290937678 0.216010394726726 0.0258468119913542 0.149383323731953
0.0809853452136346 0.0746069546878105 0.241564898226457 0.248238990315166 0.138389816624018 0.216213994932913
0.332642176811547 0.0800913011810753 0.12297880902122 0.325653899076463 0.0696392845183686 0.0689945293913263
0.00120089724415129 0.197759714343701 0.0109903516754198 0.210326209283322 0.317155503617425 0.262567323835982
0.171755028080272 0.0566963729820123 0.0243388298807481 0.29911230064745 0.104751302859094 0.343346165550423
0.19052261502481 0.165754978044524 0.195549376601889 0.172680688176206 0.215839844022022 0.0596524981305483
0.101800627343989 0.200390661801613 0.178296455120787 0.286487083670461 0.0515314569693312 0.18149371509382
0.326895761577479 0.238373660372865 0.047008403007547 0.0923743529143956 0.000681083577456669 0.294666738550257
0.0404545781234974 0.267605349125305 0.32161419491224 0.000622981921835674 0.213169471198376 0.156533424718747
0.19456676228789 0.0515834505355027 0.334011082168911 0.130535743047206 0.209227493397132 0.080075468563358
0.302608237844767 0.135048602312121 0.108603533155258 0.127355821449604 0.0182081748915101 0.30817563034674
0.145184022662617 0.325367948970905 0.0807100264351973 0.0877572932671225 0.335257390014172 0.0257233186499857
0.222567082920202 0.271471557720254 0.141182289365381 0.0659253503097313 0.0533776761859231 0.245476043498509
0.0724386564715292 0.051512439904058 0.113791742517334 0.310483025956908 0.0308082437120566 0.420965891438114
0.0990268813311765 0.123280593580562 0.26992419954935 0.275428647765405 0.0815757353410726 0.150763942432435
0.0548752232511834 0.203220742241701 0.118658917279476 0.0988638113139633 0.237232536488925 0.287148769424752
0.116616111317841 0.0786430835594672 0.188564418880456 0.322504923151428 0.292628389820719 0.00104307327008779
0.196864753088216 0.102574424572007 0.243111075167016 0.233912267652751 0.204382449330253 0.0191550301897573
0.246438445654868 0.0070852522056375 0.431175262522081 0.0237748309789945 0.0921922824759004 0.199333926162519
0.0330290390515552 0.135157127189677 0.0268043253749167 0.378810172768829 0.307682647175358 0.118516688439664
0.151660060121944 0.243693600218682 0.242636162765333 0.234429780517398 0.0515831303062702 0.0759972660703728
0.121460256406583 0.085637469215452 0.276859842266352 0.16764378974158 0.248530925629591 0.0998677167404412
0.26516127702945 0.289168532346599 0.106301794850573 0.105148917177315 0.123161762487958 0.111057716108105
0.0620949493412718 0.0707017251296222 0.128667397868064 0.264229803708231 0.231447555307421 0.24285856864539
0.160813216612591 0.235673213567716 0.0942902789789295 0.119220306035951 0.236336413946058 0.153666570858755
0.220343179790373 0.2100562418707 0.110988399170047 0.124738006082439 0.275338120747151 0.0585360523392907
0.103181046937243 0.2111301545821 0.112752039700229 0.260718321555364 0.21227434393949 0.0999440932855738
0.160441800766082 0.316580724627609 0.0396362096374832 0.0574857874581874 0.25013716714644 0.175718310364198
0.0259496794524982 0.227493678223413 0.180243815773539 0.335886874267344 0.13885889716233 0.091567055120875
0.107126632720385 0.029244499939164 0.252811095115133 0.185010968582935 0.234534532955656 0.191272270686727
0.161351229335434 0.224374330202412 0.234898848828317 0.32156141037785 0.0121791678660961 0.0456350133898908
0.178054480122212 0.136550626638 0.243364759493427 0.0270694455809027 0.0968502954838533 0.318110392681605
0.108908205728113 0.23999625083139 0.236762659401677 0.0415323454766085 0.227292716627507 0.145507821934704
0.154052008647133 0.259056596490165 0.0759982709912932 0.165310587280464 0.307596085365814 0.0379864512251311
0.367602656202327 0.262169813166034 0.0035717934642559 0.0340912065828862 0.0039421919899013 0.328622338594596
0.126364427933053 0.349263812640671 0.039764949769071 0.0797288524595328 0.135310199463479 0.269567757734194
0.0487919571087489 0.338424545694379 0.362095284166711 0.0321055335257997 0.192029085576563 0.0265535939277981
0.190537945431863 0.226422547706066 0.217893429505665 0.209910081832543 0.144748550185712 0.010487445338152
0.261670319227689 0.299699013061521 0.0974432153753147 0.059517337222419 0.206340032815313 0.0753300822977424
0.362554042383043 0.100863822273601 0.00634856672814917 0.168068568898829 0.172098519719672 0.190066479996706
0.00224941487765417 0.0121866845883246 0.182623464469656 0.231788554896163 0.303774464968679 0.267377416199523
0.359321802432507 0.0156579452199959 0.153341772047429 0.0400977304806989 0.204832772350286 0.226747977469082
0.239153024003367 0.063255085537971 0.299786260137989 0.188533560285973 0.0536063108051755 0.155665759229525
0.184787355110797 0.248278519467568 0.119940213107449 0.00412625506742248 0.212286404862975 0.230581252383788
0.232402149557142 0.0126302996356373 0.0996152962342784 0.0586477490761146 0.292315016071072 0.304389489425756
0.0750441689975359 0.137458155391661 0.183507003960032 0.194567613817344 0.209345326276442 0.200077731556984
0.130785586380745 0.137048479684087 0.134100812561261 0.282829294967759 0.185435372387465 0.129800454018684
0.185633219682279 0.178873315187771 0.161105641727069 0.00870112926658617 0.0256850225563797 0.440001671579915
0.149159211998175 0.163394630939438 0.0886000679393899 0.224123246703263 0.249103085806727 0.125619756613007
0.148920447087577 0.256840123263702 0.308019083441614 0.131962628245715 0.00628147237872835 0.147976245582665
0.233738348774395 0.0213678681181606 0.243744155317346 0.207378823764746 0.197145230384089 0.0966255736412635
0.0666296468999223 0.306360116901222 0.270921838356157 0.16490046071969 0.0383965052756953 0.152791431847314
0.180692024640076 0.0882130936368669 0.181944866091724 0.104556560462883 0.216540087301662 0.228053367866788
0.0423543295125335 0.082501061575784 0.0880703298238298 0.280822624542245 0.240285310989718 0.26596634355589
0.118420299583372 0.0402305530074066 0.0898338731955657 0.198286764041491 0.274936923749779 0.278291586422385
0.0914868526056002 0.2153168679125 0.271754940547192 0.21126680698007 0.192645200541593 0.0175293314130451
0.267988216312302 0.230605032754026 0.101951053844453 0.0295284975078088 0.275910802509971 0.0940163970714393
0.119979255687553 0.208696758964631 0.225998485072826 0.218195794626444 0.0526621345229349 0.174467571125611
0.190269196499325 0.214834233918574 0.200911725776569 0.0357002885843813 0.161489497572289 0.196795057648863
0.311237592538362 0.0238816029987798 0.491043400288772 0.0236680551716679 0.0323720399909761 0.117797309011442
0.0929282998476056 0.0957443648882142 0.32516239422193 0.2078884720987 0.0629022862689548 0.215374182674595
0.0301526894531201 0.338431002956347 0.119210835253087 0.0932584470008966 0.0939598549245692 0.324987170411981
0.235301393304697 0.183503481877934 0.136782560229617 0.0999498356630235 0.175225652766014 0.169237076158713
0.178665034008878 0.129917961733621 0.113214403920378 0.210156957625981 0.292386560063748 0.0756590826473935
0.149225395810257 0.246996281670835 0.230241148207151 0.146444521537955 0.0741100353918469 0.152982617381955
0.32867201718088 0.104759457165745 0.111791532161102 0.116374730811178 0.140275667102236 0.198126595578858
0.176370188353621 0.153324038275407 0.0403842758968216 0.223400964902543 0.0868895100760109 0.319631022495596
0.115475691431164 0.176317772102059 0.2257125583585 0.18310069289967 0.197864588556775 0.101528696651832
0.284022927961927 0.110740641824011 0.102760290056744 0.0888511572536221 0.127971941172776 0.28565304173092
0.0485564178462562 0.0517342551055492 0.256213853545393 0.330212053000116 0.221135160761241 0.0921482597414442
0.154052082340413 0.0606814361933057 0.209766969861092 0.160251929111684 0.282191953413996 0.13305562907951
0.00782034317496 0.115443758760251 0.235027177603129 0.236785227320282 0.147130434053615 0.257793059087763
0.0192210605627764 0.074450973007724 0.174733790317272 0.135348424022046 0.231247620767701 0.36499813132248
0.199387337613449 0.204636959417684 0.236085878955025 0.227679520000322 0.126884447232086 0.00532585678143342
0.101743448259795 0.221593976855922 0.138244367703629 0.232079663330116 0.118480348578843 0.187858195271695
0.35777965894683 0.0497985185413272 0.0943659863900605 0.132127941525149 0.10987450631531 0.256053388281323
0.085866975982274 0.0088988475679603 0.362723383431387 0.075230322000135 0.202826627831859 0.264453843186384
0.117908631757595 0.142775613168399 0.135854322231423 0.320971317558044 0.0271290814697815 0.255361033814759
0.149306759721646 0.186464963119921 0.275133900333515 0.09438537604958 0.162692812625653 0.132016188149685
0.141177323521164 0.00286739994589421 0.266806232660152 0.137813701117074 0.351856773796912 0.0994785689588034
0.111543047163947 0.211626718147466 0.275593880567982 0.280344302125116 0.0146229636352526 0.106269088360237
0.0543840865572449 0.237944760006086 0.36005917740296 0.165503012032854 0.141003608570745 0.0411053554301106
0.166668435748248 0.12605674681958 0.12381575187118 0.196144644343596 0.200759581870041 0.186554839347355
0.0282396353345636 0.328661113313014 0.0147750011775742 0.0733111370013324 0.255078339217005 0.29993477395651
0.214516870416937 0.180737956956961 0.0772934578266458 0.203309696463468 0.168165625108857 0.155976393227131
0.0236446527678519 0.347370935180465 0.113995813466628 0.216563038235436 0.0103094868086274 0.288116073540991
0.155869713504915 0.249967503262141 0.144309021727827 0.103658113969125 0.190562069980427 0.155633577555565
0.127819704198422 0.163019080448343 0.175023935687826 0.234423658590002 0.116673116026538 0.18304050504887
0.120274266885562 0.247186281968999 0.225430750516954 0.0285676992605393 0.29036486481845 0.0881761365494953
0.108530827451436 0.325645109643271 0.172104331347346 0.308318723914741 0.00962498213947749 0.0757760255037283
0.189886809713468 0.262285643869317 0.126285588504517 0.040432083695519 0.137602996894267 0.243506877322912
0.280205083874459 0.114095412215216 0.298278809795523 0.286872044900897 0.0166027036183511 0.00394594559555323
0.210935971607465 0.237928521242119 0.248961160855401 0.102108253960244 0.194896517400169 0.00516957493460138
0.201007001537798 0.158396187539544 0.142730789430624 0.219084604752591 0.0694917874770685 0.209289629262375
0.130799004822365 0.219155223657391 0.283749647165635 0.0882231784970493 0.0398275269072494 0.238245418950309
0.313075372907945 0.31200414431023 0.0630856069842538 0.0150436202019285 0.203585874500765 0.093205381094878
0.182869638903065 0.0959411766634906 0.239065057054608 0.153792106580548 0.2212278530604 0.107104167737889
0.25371751411716 0.107405461160662 0.127338790604461 0.235971435490778 0.19545268680025 0.0801141118266889
0.220297737564689 0.102539952606191 0.15439041176598 0.372165180587872 0.0526293524333595 0.0979773650419088
0.109012324634203 0.171805527709026 0.156515008737183 0.264939677948011 0.204099655699508 0.0936278052720688
0.213293223994521 0.0155958031356635 0.0102161646825508 0.0202276441188317 0.424107412758424 0.316559751310009
0.00713814303004975 0.218359337140138 0.312033000242235 0.0158714279660883 0.347548671017205 0.0990494206042831
0.206924439210474 0.0165652264559332 0.132892265443621 0.191176009906493 0.261216084338057 0.191225974645422
0.22144937133695 0.113054246834559 0.157304292895471 0.0825240609860481 0.150399901228781 0.27526812671819
0.427928797556344 0.0581301425781595 0.050620105954232 0.392089990868385 0.00685152040786422 0.0643794426350146
0.0730958613644182 0.2015566296904 0.162320117092328 0.213529823545033 0.0748352530592852 0.274662315248535
0.291238565337861 0.157488213395117 0.201609183256595 0.0726502225344492 0.148476490656142 0.128537324819836
0.218869483161147 0.14271178615753 0.464385180813614 0.0382942480907637 0.0505219878903743 0.0852173138865713
0.215029168804382 0.189521757491545 0.0329313809152003 0.208583827835391 0.191960013667125 0.161973851286356
0.20561466738765 0.112328403143959 0.257498925027615 0.145282645209287 0.0726520083119876 0.206623350919501
0.176360479418158 0.0410984176328677 0.0104519217364135 0.504724450234322 0.177153321846557 0.0902114091316815
0.019367572860166 0.0995474801644495 0.204240936997527 0.249194311682631 0.226375628604716 0.20127406969051
0.243442108667529 0.224342591577138 0.0020688702386469 0.269700457926341 0.248721933503995 0.0117240380863492
0.209533413296933 0.0813759800505778 0.10778368802807 0.297906067468297 0.260389647184728 0.0430112039713941
0.321176623280692 0.00314631663578929 0.129067984304087 0.251351992851621 0.0424817813170177 0.252775301610794
0.150643716112902 0.247068159292761 0.156937576287498 0.205948847480467 0.0284819654878221 0.21091973533855
0.0893919361750801 0.244964482884988 0.160181026207344 0.102055928064053 0.234014551323851 0.169392075344684
0.226718048264983 0.293444746984573 0.0626820074495728 0.0797475454785764 0.131465855283309 0.205941796538986
0.389436207085242 0.0139137798995202 0.325645381065895 0.0188133618551356 0.243793944493417 0.00839732560079076
0.297466326731029 0.0723304962665117 0.276490382528192 0.0709436832117255 0.248868964883708 0.0339001463788341
0.279368227015206 0.0706083042224795 0.234137088162472 0.0467881626226719 0.183613990964877 0.185484227012293
0.20980564341402 0.1088670402284 0.216420312232325 0.110550441463648 0.104290195099359 0.250066367562249
0.0798549707602393 0.179510997685395 0.226898726351739 0.356281396194079 0.00571655517929948 0.151737353829248
0.208759530577067 0.306229023550576 0.181285224010866 0.000289818077691132 0.099714301198185 0.203722102585614
0.0150082750596156 0.202721561169099 0.181921615367406 0.110993618834854 0.195796279714839 0.293558649854187
0.0210143882259324 0.302232626105943 0.131130853355031 0.175141688405206 0.256796181129519 0.113684262778367
0.119280628134666 0.177706533724829 0.143176959837017 0.21769174045227 0.244512503011495 0.0976316348397232
0.391098125530687 0.175163789519822 0.1776917574951 0.0790644594691357 0.0330656901434821 0.143916177841773
0.0952680260904146 0.110426012261999 0.249333957002054 0.0943924847196637 0.0369641291054781 0.413615390820391
0.262875896033212 0.118592810321637 0.0824858764396046 0.225303446455639 0.0707095505561222 0.240032420193784
0.179593641099699 0.0148988829611166 0.290343957662056 0.213482019680507 0.163654353234134 0.138027145362488
0.150245735702948 0.199515337041034 0.083193608045523 0.192316767801858 0.210206984976269 0.164521566432367
0.00265155307614961 0.244552762733185 0.188380235430852 0.15443374238378 0.19035044979329 0.219631256582743
0.315125268394676 0.201621037466389 0.187500418366634 0.0654830880828335 0.196745970878204 0.0335242168112635
0.026670052191672 0.179656558110363 0.113613559954964 0.263452561400844 0.242602665547075 0.174004602795082
0.180678584648256 0.15269779674984 0.181178096434456 0.186631841888779 0.0922599428400039 0.206553737438665
0.237341704167129 0.154461766601479 0.10004725456918 0.150995807302455 0.213705944988339 0.143447522371418
0.217337895112312 0.0658138252518101 0.00491122562369339 0.125174055526619 0.264560403024808 0.322202595460758
0.115452591705714 0.22607167063505 0.175964165991164 0.268924460544677 0.0272567217475845 0.186330389375811
0.311075368137366 0.0727862179527105 0.136541515123364 0.248126789321244 0.0190683009999083 0.212401808465408
0.146772780390789 0.0705509076873157 0.20144583768656 0.193232567830412 0.235722367617182 0.152275538787741
