0.242019368093753 0.0800380441381736 0.18106617468796 0.268282206445697 0.228594206634417
0.0497477233218441 0.370296694818379 0.0846279170322973 0.337031174052367 0.158296490775113
0.145671263665791 0.200503946203504 0.11765228100287 0.276438238880188 0.259734270247646
0.156069431805878 0.181396966789584 0.00820465024976217 0.485551603741275 0.168777347413501
0.0949911821743702 0.118154282765426 0.162705506711365 0.278193660980847 0.345955367367992
0.38610261672424 0.107670627068293 0.0859369637598579 0.330271335273275 0.0900184571743342
0.173582932245098 0.17658053486813 0.35329229506833 0.0650530386754572 0.231491199142985
0.243845795169938 0.0593788362426844 0.21052839718287 0.0989120092203166 0.387334962184191
0.0137558721421319 0.144119457903244 0.340313385472432 0.370098602041304 0.131712682440888
0.00816300449341358 0.289603122941207 0.261066753471005 0.111945802007603 0.329221317086771
0.228295324282333 0.101631734369114 0.148697894238988 0.182887666078878 0.338487381030686
0.257958901520166 0.28155458012328 0.223848859534165 0.170568153255006 0.0660695055673837
0.2921785466711 0.219475410045385 0.240152378852213 0.123110696107493 0.125082968323809
0.0525119914888872 0.0375295179270041 0.0282834484250525 0.319276094822821 0.562398947336235
0.0929476037608339 0.291029922331503 0.343717079772175 0.251420313824815 0.0208850803106731
0.207485352376801 0.105882348454391 0.194709359262319 0.210995561516362 0.280927378390127
0.257120635946253 0.274865071348307 0.385010330393296 0.0728244933794728 0.010179468932672
0.256845785333946 0.205954253919965 0.288794612055178 0.137904062203432 0.110501286487479
0.298052081666783 0.106069321840688 0.188779853000758 0.194638299315128 0.212460444176642
0.145576323394222 0.203831854580445 0.215309082201703 0.267412134623869 0.167870605199762
0.0483488557264306 0.268970733467679 0.077828092639541 0.347871570400945 0.256980747765405
0.206614252450919 0.133827354108974 0.276416559502043 0.0867181519171599 0.296423682020904
0.300943096156112 0.140689647763142 0.053898776848039 0.443197594986079 0.0612708842466281
0.305352680224777 0.0908311589249026 0.186725040283486 0.1793369794334 0.237754141133435
0.480828617644933 0.140102512683973 0.100682151948122 0.220825057423242 0.0575616602997298
0.227657390869884 0.190702304805972 0.118411265813708 0.303474033627776 0.159755004882661
0.105824507336767 0.341565458875886 0.227764294163423 0.261583580277993 0.0632621593459313
0.195024068516081 0.213688855154395 0.348831854362763 0.069893132875079 0.172562089091682
0.269816270027157 0.0879167573195053 0.0194223837330345 0.27523254937047 0.347612039549833
0.402674107440273 0.0277953409370331 0.0951956748080143 0.106925995459462 0.367408881355217
0.0659969647223315 0.235650267148618 0.215534091811168 0.182750390474714 0.300068285843169
0.254070889416759 0.0446837660963848 0.311626545070478 0.36442704427321 0.0251917551431684
0.0496496555604951 0.312393855271008 0.289127550229988 0.313291318843966 0.0355376200945421
0.270107158574854 0.178656386578487 0.107609206288989 0.12865135925919 0.314975889298479
0.206208027221567 0.302181817170064 0.286424487682351 0.0916072805014602 0.113578387424558
0.121468684828566 0.232904772363743 0.122480057769274 0.249896052486232 0.273250432552185
0.152647262790852 0.373852738856592 0.271559729594607 0.000147331380291493 0.201792937377657
0.285481286720446 0.123926795591717 0.0868288433378396 0.393727795961438 0.110035278388559
0.267087299528844 0.401812397109851 0.0156581353728761 0.133778790152332 0.181663377836097
0.340201279438377 0.0696232785683595 0.0489048464321933 0.0866405763736272 0.454630019187443
0.17188422950641 0.049037776950737 0.208996683891795 0.304020313348578 0.266060996302481
0.081489401791997 0.113813994400424 0.0248071068385667 0.0572160754825772 0.722673421486435
0.149791015670513 0.316388312908968 0.154612251253901 0.103459251599044 0.275749168567573
0.178853391671902 0.144768919282597 0.121368223020822 0.360074239583267 0.194935226441412
0.252810026660191 0.216099631740363 0.244514788265865 0.258933132180399 0.0276424211531816
0.41288632390962 0.208603237277469 0.302721012590045 0.0745077786582919 0.00128164756457448
0.168218800820837 0.0265843031962633 0.343633342093375 0.355835307876384 0.105728246013141
0.132884257224082 0.211547709547658 0.287207962938844 0.286522983247662 0.0818370870417533
0.237264291310357 0.0677346444645948 0.238945510653024 0.147395453211991 0.308660100360034
0.0911066792690336 0.16120633452221 0.135505518898095 0.258401501192801 0.35377996611786
0.297333521622744 0.340411557943461 0.0489600422514493 0.182474888459179 0.130819989723167
0.00470095678036194 0.244441893146154 0.330186933226754 0.0852921578521997 0.335378058994531
0.071466985136622 0.199494566042063 0.368186450500883 0.088148530184427 0.272703468136004
0.357469507540419 0.0706826013256524 0.289161633864515 0.170341799211284 0.11234445805813
0.180127312835839 0.0983276417455176 0.164535325429355 0.1636062235164 0.393403496472888
0.231664994062605 0.22115140850201 0.202862645407591 0.155793916346424 0.188527035681371
0.313226382772268 0.265249711757633 0.157667754185146 0.00291944694634387 0.26093670433861
0.137501907470807 0.261036718211027 0.229641954044424 0.200324817924441 0.1714946023493
0.409753156648621 0.0788478445520862 0.299680687960165 0.180196278334251 0.0315220325048768
0.0253515915126693 0.131480582294255 0.224891652706148 0.402139495840379 0.216136677646549
0.261666582340625 0.270374264063967 0.0807299678407974 0.146610658910344 0.240618526844266
0.239870484321348 0.0887172979289239 0.315764808928021 0.0863131618184636 0.269334247003243
0.0827359679770093 0.368613169799944 0.11883772273977 0.304704464977644 0.125108674505633
0.243600944780809 0.0575936329241654 0.372884198789821 0.291611736411835 0.0343094870933704
0.349617623799468 0.316365625830608 0.238519346824265 0.0490266606432261 0.0464707429024325
0.254931462827246 0.188525945126795 0.167731876139168 0.161606612502123 0.227204103404668
0.200556050917506 0.170605935882287 0.175764650871793 0.280763479323682 0.172309883004733
0.349703128114775 0.165389067759807 0.132956889407273 0.171114065231324 0.180836849486821
0.0048269893415986 0.41437859724877 0.103907238718023 0.170943620247932 0.305943554443676
0.356795054428299 0.14087336749663 0.131500470574943 0.369006410399729 0.00182469710039893
0.246857652383228 0.340438741285893 0.0413823889256547 0.34839644845493 0.022924768950295
0.347086534496449 0.00707315502685203 0.358305400393511 0.261210165582162 0.026324744501026
0.134154142386608 0.229849872937178 0.250579748889198 0.245417055930544 0.139999179856472
0.1665426394411 0.342491352193203 0.054146694631379 0.348504264559114 0.088315049175203
0.0892753262245291 0.0912358043865137 0.237052630150822 0.232629851347779 0.349806387890356
0.233980647865544 0.257137208567054 0.143374657928827 0.11233667817294 0.253170807465634
0.0737958536026087 0.355964775281265 0.151725891224657 0.137348813811105 0.281164666080365
0.00171877259997821 0.403621686146553 0.211275913341546 0.151432916251098 0.231950711660824
0.374960588121014 0.0223858544916251 0.184074300135615 0.238636193696523 0.179943063555222
0.00837581838227721 0.308891331920425 0.242348055005271 0.21190019340965 0.228484601282377
0.256119657635831 0.19104423823602 0.217630685713812 0.226229699401044 0.108975719013294
0.0868641216921364 0.359710517250237 0.0949485566116861 0.192880024649413 0.265596779796528
0.118785966748708 0.375778797222268 0.132151494967807 0.117493944734325 0.255789796326892
0.124813215044783 0.121671007724934 0.370808806325298 0.332465793000188 0.0502411779047971
0.0476426963557706 0.0955427622239181 0.304159087394348 0.335369701568517 0.217285752457446
0.0308856172678348 0.143975692415579 0.24223261886515 0.320679944039347 0.262226127412089
0.383557675373125 0.265380033608764 0.179704915553854 0.123227277252379 0.0481300982118787
0.24184250126599 0.122675403514905 0.431922464588578 0.178902222736252 0.0246574078942745
0.30205821782137 0.0739433809816556 0.258469494698401 0.232705091546517 0.132823814952057
0.295568436314682 0.321234314084387 0.000390694156595213 0.293061842821088 0.0897447126232481
0.132519414355263 0.262195958257511 0.184405562009447 0.270012107305402 0.150866958072378
0.257431444373915 0.249166325261146 0.00799150623642011 0.244454575571663 0.240956148556856
0.117746400541498 0.162476192960182 0.104152914124256 0.312427958041221 0.303196534332842
0.218301829258951 0.155666518019818 0.10693417529657 0.334140814030207 0.184956663394455
0.29929007350419 0.217799944820081 0.089291002240134 0.222515676862211 0.171103302573384
0.0497601287653862 0.0362941278767756 0.216647725581087 0.536756310041076 0.160541707735675
0.0572891094354695 0.286463692242243 0.433749096015649 0.0304087987384773 0.192089303568162
0.204351070775041 0.026392029342774 0.331877029311901 0.172805202270216 0.264574668300068
0.136069358477389 0.425555785446819 0.351462121203569 0.0360680447986085 0.0508446900736144
0.153162242609549 0.172869913113375 0.0997438566735009 0.459481585874536 0.114742401729038
