0.314509251340115 0.267719377978937 0.257595769859504 0.160175600821445
0.214302033677286 0.187942497158083 0.334214102302264 0.263541366862366
0.340537198009349 0.464183307685011 0.175838028546261 0.01944146575938
0.326787671278546 0.107281019119127 0.301958244088917 0.26397306551341
0.401708891769554 0.164598347498276 0.124256092457153 0.309436668275018
0.374382186921754 0.218817814860341 0.0682368446314107 0.338563153586495
0.226590931056628 0.213017418698655 0.52173053642304 0.0386611138216771
0.429713901622521 0.0195317645537642 0.382497657681168 0.168256676142547
0.0749732138120806 0.510387414919305 0.327010275427212 0.0876290958414018
0.252705830145949 0.283883469189098 0.285978456925436 0.177432243739517
0.354884724995276 0.0784715900753769 0.261798735809535 0.304844949119813
0.451630454972496 0.32314263042136 0.00351692248794898 0.221709992118194
0.292014376551172 0.302630821683361 0.0779737634235459 0.327381038341921
0.127887167307435 0.336896507380198 0.185418929834527 0.34979739547784
0.0260600410851999 0.376802036573594 0.218071358484314 0.379066563856892
0.439348475870944 0.108573689407892 0.289508842048361 0.162568992672802
0.362514942384911 0.180254969982305 0.270412513594772 0.186817574038012
0.16111249814597 0.466608041384936 0.0229894971301193 0.349289963338974
0.454094602467919 0.114135067845498 0.334628653955096 0.0971416757314863
0.426862455887852 0.00258122154654919 0.0124232115911482 0.558133110974451
0.616303060371478 0.105618478801777 0.0892638644519337 0.188814596374811
0.256020807462964 0.113110023715603 0.388558565363975 0.242310603457458
0.278463249866555 0.378347907101475 0.336632374018525 0.00655646901344521
0.111143700236473 0.102689634080612 0.533313037152755 0.25285362853016
0.0455003888505225 0.640747404078355 0.20162891540853 0.112123291662592
0.173162628970751 0.23538512044321 0.230147640744435 0.361304609841604
0.147328297941225 0.154908850177912 0.29168257197674 0.406080279904123
0.0722965592973279 0.361371982323725 0.166950761399897 0.399380696979051
0.249845690956704 0.0920964225469655 0.498941586983848 0.159116299512482
0.385077344321603 0.215664902673756 0.0877608408368124 0.311496912167828
0.392888300923675 0.26553923042108 0.270882151101848 0.0706903175533965
0.354886905687624 0.222134405172181 0.165381796306504 0.257596892833692
0.306479854725818 0.300550261156977 0.0167492416932733 0.376220642423932
0.242684068241401 0.293375908917636 0.280110227318118 0.183829795522844
0.20086783765887 0.237863364515958 0.298902540181367 0.262366257643805
0.0510415936001546 0.237960726026414 0.30470757921443 0.406290101159001
0.269681412705931 0.00123211426197239 0.187489830667033 0.541596642365064
0.258625157866237 0.119875794528821 0.0446564116786886 0.576842635926253
0.496460102900003 0.0119502792360009 0.078599378686221 0.412990239177775
0.255662871993015 0.236272036635682 0.218077975764545 0.289987115606759
0.284129666406008 0.308350037775585 0.300390287532392 0.107130008286015
0.326212359931304 0.223944779079252 0.343345649023969 0.106497211965475
0.518684586411926 0.236692379715977 0.159726349485601 0.0848966843864952
0.293742011168428 0.481323117777878 0.0170974634645563 0.207837407589138
0.257816248350019 0.199668021840282 0.21528420008145 0.327231529728249
0.288591425713477 0.334813119739389 0.0480264540201488 0.328569000526986
0.275335923003115 0.223239613837084 0.224843549530813 0.276580913628987
0.315593004658196 0.183733827240064 0.297361705627908 0.203311462473832
0.209245058801758 0.374579586671961 0.390843913664542 0.0253314408617388
0.0432475047792017 0.104337671149331 0.401140938026422 0.451273886045046
0.0534699750121087 0.376040720193011 0.164942270796611 0.405547033998269
0.355229759414468 0.306073100939531 0.225303516973176 0.113393622672824
0.413085573375307 0.221391640851872 0.271091076713614 0.0944317090592076
0.188101886640309 0.239301534195535 0.278118352197971 0.294478226966185
0.164108394302073 0.363509581164241 0.1790309452839 0.293351079249786
0.122847301225055 0.227013314127895 0.172228639460655 0.477910745186396
0.151709606656255 0.301380750531781 0.287785002476407 0.259124640335557
0.504298012118255 0.121000180341653 0.0808906682166866 0.293811139323406
0.511789901627487 0.0323316726229374 0.423529515070458 0.0323489106791166
0.346329357761466 0.188974970788698 0.157485948396902 0.307209723052934
0.310360194782712 0.249258516269636 0.195646405666991 0.244734883280661
0.25351914497671 0.261316268032669 0.0413394829938046 0.443825103996816
0.117182055328071 0.310934439060371 0.272570728827246 0.299312776784313
0.338847913687751 0.0182134017847344 0.306364895269107 0.336573789258408
0.226587277136776 0.128322622601579 0.246420960403918 0.398669139857727
0.151839237686332 0.354265795024791 0.34207429166194 0.151820675626937
0.00074014565748224 0.478819341693894 0.166496820248049 0.353943692400575
0.245113545221953 0.228030978686717 0.296962582852684 0.229892893238645
0.418097608471204 0.216407811599398 0.031911171239608 0.33358340868979
0.307964315499578 0.224082056371913 0.28759432034937 0.18035930777914
0.045046587211348 0.243632476460948 0.381866570833769 0.329454365493935
0.340765289456183 0.11681713983432 0.539128140636865 0.00328943007263344
0.334226923523272 0.00891986631424474 0.453885002739036 0.202968207423447
0.28954736185757 0.0851889494560823 0.300319261854307 0.324944426832041
0.101784856860003 0.406971066154302 0.295380167222476 0.195863909763219
0.000844782029761287 0.354353668555031 0.0894784159822747 0.555323133432933
0.283342521329055 0.142551684376744 0.424995195361373 0.149110598932829
0.443876180445654 0.093941722062124 0.384762822407182 0.0774192750850397
0.300844227429267 0.236270293605651 0.038988803596158 0.423896675368924
0.226949602512859 0.0720892876289761 0.338975818402756 0.361985291455409
0.208010037394724 0.168308807698716 0.216610811250604 0.407070343655956
0.399621662231949 0.164041419024881 0.0596830312733578 0.376653887469812
0.233611820014079 0.187298586883747 0.229204269109154 0.349885323993019
0.208639674405039 0.307218148720425 0.0537805955096658 0.430361581364871
0.276500205276086 0.271703044955727 0.206444553275523 0.245352196492664
0.569226295091952 0.059191212988032 0.154178916149115 0.217403575770901
0.402217381326847 0.359921806685495 0.0106700536257461 0.227190758361913
0.241363872546246 0.469468283967308 0.0127439863798033 0.276423857106642
0.253237314550146 0.422411213809283 0.0625073502816366 0.261844121358934
0.188397010308824 0.228496990084937 0.222685391905392 0.360420607700847
0.310437587983686 0.35340574564232 0.0778509699664497 0.258305696407544
0.0953331467031704 0.241734783976772 0.209553152843566 0.453378916476492
0.422755365344347 0.419670489553184 0.0795496606325222 0.0780244844699472
0.270415456657553 0.15784813823149 0.532439383576419 0.0392970215345382
0.294553795669795 0.188343527009464 0.226420636270757 0.290682041049984
0.310113477702067 0.0999811254507999 0.391291052126156 0.198614344720977
0.0594241225309172 0.282859417102776 0.405996078493185 0.251720381873121
0.168313682379242 0.293659481894197 0.443298893132244 0.0947279425943174
0.241388592828828 0.135445312958801 0.134512386027394 0.488653708184977
0.365593875583281 0.0763642045171778 0.432383861133312 0.125658058766229
0.128071648876998 0.30417745738411 0.365584380341269 0.202166513397624
0.182921850151303 0.401609428918054 0.0636972242451355 0.351771496685507
0.27315025026505 0.146756306368101 0.177248924035241 0.402844519331607
0.229829432164143 0.253693012283558 0.277164389241503 0.239313166310796
0.234554277706489 0.318746865824721 0.060109386403459 0.386589470065331
0.223922673283295 0.208969481633447 0.306323948119459 0.260783896963799
0.241604627629883 0.333261277557894 0.188478947284605 0.236655147527619
0.202541211602942 0.382429198058004 0.0369470769355453 0.378082513403509
0.565428215487373 0.377808962796598 0.0112204108604932 0.0455424108555357
0.375457629003515 0.45874215531158 0.0206869406736053 0.145113275011299
0.43413187129317 0.219531204376035 0.149611463516047 0.196725460814749
0.0440704402305128 0.484128387239463 0.0478056534163074 0.423995519113717
0.602653226207389 0.322221476045279 0.0314032318638261 0.0437220658835063
0.258360225514727 0.0747568484943551 0.292171719028748 0.37471120696217
0.296143211503043 0.505003260005689 0.109780385787412 0.0890731427038563
0.189363667378183 0.334047380648421 0.35090436347149 0.125684588501906
0.320043312267866 0.207725845066601 0.300077629495102 0.172153213170432
0.315089200192069 0.0805035674384175 0.289249955511105 0.315157276858409
0.223549203738081 0.343145604884322 0.0781169584369997 0.355188232940597
0.338414436616149 0.37154342932337 0.2722649989185 0.0177771351419811
0.00357439214843793 0.288371411437607 0.356306208318277 0.351747988095678
0.156146606253973 0.050144468700314 0.35073103607242 0.442977888973293
0.265548488723647 0.0393927801637171 0.273080388544932 0.421978342567704
0.0592205698405236 0.366279473008414 0.203496324922331 0.371003632228732
0.380840568422331 0.405506884438956 0.0972891974082259 0.116363349730486
0.37782822433671 0.182102146704405 0.0285271206598866 0.411542508298998
0.395924241871879 0.0675784502449954 0.140020135433782 0.396477172449343
0.167340537235133 0.100736459475271 0.429403936195435 0.30251906709416
0.31864207767448 0.00620835242544021 0.373057792752606 0.302091777147474
0.0498249606829865 0.403180100819264 0.332118622582372 0.214876315915378
0.258658360106784 0.161598526078037 0.290109135951181 0.289633977863998
0.501650234849702 0.207990285429843 0.124480625427824 0.165878854292631
0.216184485114216 0.281744977461668 0.227939763764407 0.274130773659709
0.235445981749957 0.243475337716512 0.257524186372833 0.263554494160698
0.427966110756061 0.243852418853054 0.316173578105438 0.0120078922854475
0.358491602360338 0.190347727650829 0.0972207528467512 0.353939917142083
0.647812390161854 0.10700154114214 0.154263129055474 0.0909229396405322
0.342987824352141 0.12364241287692 0.127581271051563 0.405788491719375
0.450366001524418 0.0818547404899179 0.0334156590848273 0.434363598900836
0.0200355888126035 0.355161786330733 0.360625508692449 0.264177116164215
0.11801307606094 0.0922729898613073 0.510429597606989 0.279284336470764
0.225650830217232 0.0643384779397742 0.584537319050078 0.125473372792915
0.384328587117923 0.337276592501742 0.159326985045692 0.119067835334643
0.273944470589906 0.142525146159568 0.191836774932348 0.391693608318178
0.014493009598719 0.213498713785443 0.43988499651222 0.332123280103617
0.177996377726122 0.0710548736968173 0.0377300057765165 0.713218742800545
0.232809807824347 0.331600781697068 0.173203477051395 0.262385933427191
0.222128175465567 0.285269817879307 0.44249211223964 0.0501098944154863
0.4166688416648 0.0985772455592173 0.404884176950054 0.0798697358259289
0.338745422789466 0.20542982910868 0.0840023744723861 0.371822373629469
0.206572377451179 0.0344646777654077 0.245676597132001 0.513286347651412
0.428572803819417 0.320419427244916 0.119677745261389 0.131330023674278
0.25873468527169 0.2308744279668 0.211066665873522 0.299324220887988
0.109172775179447 0.0681196770204656 0.284375377192767 0.53833217060732
0.322468678709253 0.152905101922241 0.0598514297368952 0.464774789631612
0.325127946090207 0.336747952853424 0.257551671053508 0.0805724300028609
0.253127086759143 0.145900814871019 0.539450519708651 0.0615215786611872
0.412343354529123 0.0995739752797525 0.43199971459855 0.0560829555925745
0.350259971657911 0.00714579901892994 0.328949189156992 0.313645040166167
0.175885364583077 0.292560946502838 0.309743681295362 0.221810007618723
0.128524377305813 0.0187002309729425 0.401082835863999 0.451692555857246
0.0605284459349021 0.31459195253701 0.347242378322012 0.277637223206076
0.231307943339781 0.277333174202349 0.187961071278158 0.303397811179713
0.289768157709381 0.14945469080633 0.296803506145578 0.263973645338711
0.310306740768913 0.341318064300951 0.286773888250719 0.0616013066794169
0.433708271205732 0.00935457159994671 0.214728777106405 0.342208380087917
0.0168195584642093 0.482286427440941 0.130091129318872 0.370802884775978
0.315622882042079 0.13709335344231 0.0273863345165849 0.519897429999026
0.172038247916222 0.480778487252634 0.250515595846457 0.096667668984687
0.00343631611845562 0.213029672495066 0.510334966997474 0.273199044389004
0.502317458290641 0.183127044894009 0.155317232085986 0.159238264729364
0.19250696997268 0.0444165508954066 0.392950528102698 0.370125951029215
0.329352452898934 0.116432800240493 0.30149955089283 0.252715195967743
0.374188481545994 0.15606410446377 0.0900119019321737 0.379735512058063
0.196257208685379 0.102782634461264 0.335844571489228 0.36511558536413
0.293515732222103 0.0849553801446544 0.271412536546809 0.350116351086433
0.246292619187846 0.00247281010222483 0.56846256654931 0.18277200416062
0.145462488770832 0.458625276581739 0.209522014676317 0.186390219971111
0.0963994814065458 0.489601163589444 0.0360128867723403 0.37798646823167
0.12696559055706 0.413615675424086 0.208763456801166 0.250655277217688
0.0304141582277175 0.261133381356845 0.456441276907011 0.252011183508426
0.219246712358869 0.336731234991675 0.25969119658267 0.184330856066787
0.255957425062478 0.314133696523901 0.102009059208983 0.327899819204637
0.461860758043938 0.116538771311598 0.312113303170656 0.109487167473809
0.347459686089352 0.235525346004713 0.0432997626417778 0.373715205264158
0.476010788131201 0.366684367773482 0.0817184724397595 0.0755863716555572
0.267002096922137 0.209754971022936 0.338993138998211 0.184249793056715
0.224452374926524 0.145726818794029 0.345572417348426 0.284248388931021
0.314050585671046 0.0769963348977087 0.374788334795101 0.234164744636144
0.0471926929791847 0.499844986341255 0.319249556280598 0.133712764398962
0.507166187497839 0.00166646943132868 0.194359733830232 0.296807609240601
0.386853992408417 0.206685199282142 0.318359766136807 0.0881010421726339
0.0667516985847055 0.5035011399086 0.401203946901991 0.0285432146047038
0.30934309778975 0.347551215661078 0.0308611954303088 0.312244491118863
0.257558373565636 0.067602736973636 0.0727337932871748 0.602105096173553
0.398980209702341 0.198061377652049 0.328953102244713 0.0740053104008973
0.2362437577623 0.152956977980772 0.132525118496895 0.478274145760033
0.170951056788503 0.375980252527055 0.243679205960157 0.209389484724284
0.247330936735961 0.162083436934295 0.333945206878223 0.256640419451521
0.280801627728436 0.0780134463330155 0.495543726096766 0.145641199841783
0.0248230636252343 0.200045403089518 0.355607530988731 0.419524002296517
0.438009893075347 0.114480888595409 0.156751559879761 0.290757658449483
0.0852047454944614 0.40362237802478 0.366164182620133 0.145008693860626
0.239693927318842 0.0237072489080402 0.632650043869094 0.103948779904024
0.209926934914032 0.36596450549141 0.00405411172209541 0.420054447872462
0.401597239272243 0.236884266248079 0.235946148493401 0.125572345986277
0.347451610189033 0.0911636612257939 0.118104574243046 0.443280154342126
0.105992110303827 0.303319489118829 0.242304743988789 0.348383656588556
0.162394378673716 0.309322422860792 0.107311586337799 0.420971612127693
0.286300941171918 0.504116880132557 0.0610650692364279 0.148517109459097
0.0217584140008357 0.543105086205393 0.0437905102491307 0.39134598954464
0.338990150085986 0.247179971422598 0.371482538174703 0.0423473403167131
0.0685570689237003 0.365073957889556 0.551269561401213 0.0150994117855312
0.357766806165609 0.0636818012815367 0.358417175340765 0.220134217212089
0.0766708194647834 0.11239299664896 0.461142687096124 0.349793496790133
0.157042030317518 0.521340143806943 0.264772538226228 0.0568452876493118
0.0784324449722266 0.474820168442398 0.219324868698527 0.227422517886849
0.34931090901 0.22379826541848 0.181775766082099 0.245115059489421
0.161850831790616 0.439633312219896 0.240049230227277 0.158466625762212
0.293178503749274 0.292972238221106 0.192094485777565 0.221754772252055
0.127995940728158 0.40248680569771 0.106405380827558 0.363111872746574
0.022827985405342 0.469977070508235 0.0206402335865049 0.486554710499918
0.335177467518639 0.438003890419341 0.108834036667652 0.117984605394368
0.238233086032002 0.25156894876341 0.280543834737937 0.229654130466651
0.0506568469024176 0.207397475856918 0.534322517870866 0.207623159369798
0.0118964592454089 0.60018493669479 0.260380694585681 0.12753790947412
0.189543189146121 0.0530690977231209 0.298821973482336 0.458565739648423
0.314548244947218 0.324422010014766 0.208911976758505 0.152117768279511
0.302370183393597 0.103028903162345 0.276900861924077 0.317700051519982
0.266524856565754 0.416653873327087 0.0794219627530101 0.23739930735415
0.271016597355786 0.289360896523668 0.333200610699324 0.106421895421222
0.28855731517377 0.237771313947585 0.253752605687058 0.219918765191587
0.00107040086158095 0.382207040094162 0.303332945839132 0.313389613205125
0.341222375309513 0.0206524844219085 0.284696993119732 0.353428147148846
0.151041425947761 0.497166513919237 0.142387689231662 0.20940437090134
0.187908106460059 0.179848587629592 0.212289667555453 0.419953638354897
0.122982532404035 0.397946131780793 0.433380717365046 0.0456906184501258
0.36882432566193 0.12208688398434 0.350500184045385 0.158588606308344
0.248862095776596 0.45648104645444 0.25446008281694 0.0401967749520234
0.334099557704096 0.224336766408029 0.251259333496906 0.190304342390969
0.0556390488320208 0.206768915606086 0.300538082996682 0.437053952565211
0.162696631262 0.256542158366197 0.394809929899264 0.18595128047254
0.182174213243169 0.357580727046037 0.397367106195644 0.0628779535151505
0.332155511795732 0.0825603975269139 0.447486421435809 0.137797669241545
0.288998357682963 0.197700805685495 0.474522644938385 0.0387781916931568
0.624435137687239 0.187077994514552 0.121392281902834 0.0670945858953754
0.339350553458817 0.462567498552482 0.170271151603935 0.0278107963847658
0.0360856606847339 0.504433055714364 0.172217612015754 0.287263671585149
0.0918762711366082 0.46495396391515 0.145807721765817 0.297362043182425
0.272016619135046 0.342326515768532 0.310094516404942 0.0755623486914796
0.489617130659649 0.0275104944062171 0.232738827327787 0.250133547606346
0.281650158465259 0.125680343056889 0.178063510459891 0.414605988017961
0.000680377594886395 0.346445973091763 0.302932476485718 0.349941172827633
0.0519152656524389 0.171828863933749 0.553593729340099 0.222662141073713
0.0761074689959378 0.493174593689765 0.0592392358192655 0.371478701495032
0.329937276274252 0.120394943695615 0.355114533064145 0.194553246965988
0.397391971423242 0.234932463004527 0.285601350417101 0.0820742151551295
0.352220076350485 0.206211869032336 0.251278253749255 0.190289800867925
0.230081600791303 0.461374499974544 0.0425869317136634 0.26595696752049
0.372044750064176 0.0860093491575498 0.240870682836478 0.301075217941796
0.351499282594682 0.177220579870209 0.41195639270683 0.0593237448282785
0.0933493189053164 0.353801433681069 0.105186477452301 0.447662769961314
0.235060248538391 0.353226276560855 0.398962990578489 0.0127504843222653
0.344164069248346 0.177748816332058 0.434287507536659 0.0437996068829369
0.142682882470823 0.289423400518409 0.439927245544582 0.127966471466186
0.294195738166931 0.253102104574423 0.0717402854294589 0.380961871829187
0.508977013814517 0.017279627306359 0.466831025843795 0.00691233303532956
0.367598300587076 0.0168106413987523 0.345070667306142 0.270520390708029
0.067311472352953 0.132677388849837 0.40305105981878 0.39696007897843
0.303906103314778 0.29507126063835 0.186939299942242 0.21408333610463
0.366419190988267 0.249646778210017 0.170105573002496 0.21382845779922
0.293089756005456 0.236559106157629 0.0040249490418107 0.466326188795104
0.0970324695168987 0.333392774486294 0.296380199653653 0.273194556343155
0.125874637622239 0.328466041331577 0.13221709401193 0.413442227034253
0.378726878629098 0.175550336096837 0.413228051210186 0.0324947340638781
0.454628327690641 0.203390301921395 0.18836313830223 0.153618232085734
0.610448324960039 0.000794614960681746 0.352329763526967 0.0364272965523116
0.297921165286991 0.155325021141341 0.383589696216889 0.163164117354779
0.439832633225199 0.235540457205199 0.134490729177366 0.190136180392237
0.535682229386986 0.0111818297372243 0.207727103775149 0.245408837100642
0.198931617135601 0.103104048829567 0.319852317735548 0.378112016299284
0.324422462320379 0.0533187234089713 0.172483513802462 0.449775300468188
0.120127630838783 0.280147384276877 0.378883863226795 0.220841121657545
0.243130261611145 0.285076600331689 0.288554852315637 0.183238285741529
0.116589846080383 0.334378191106593 0.350784414694085 0.198247548118939
0.33368352543938 0.366724970172609 0.196372511038838 0.103218993349173
0.312279436899005 0.347401267850133 0.295298515527403 0.0450207797234591
0.200503639991643 0.360077017158387 0.243552467137965 0.195866875712005
0.185889270153703 0.2312339385332 0.29439499543966 0.288481795873436
0.171466043357677 0.0819821299268277 0.202905867637045 0.54364595907845
0.330375930639482 0.187088821992514 0.335900468222963 0.14663477914504
0.290849910900009 0.263643488510986 0.264749665607349 0.180756934981656
0.398906226152042 0.409804778786521 0.157141144439032 0.0341478506224045
0.198299168268058 0.00215476232262936 0.427233317513808 0.372312751895505
0.231346517227967 0.348994327688255 0.0928128457593376 0.32684630932444
0.495996396431517 0.341514629699508 0.156064560274233 0.00642441359474219
0.367571058129176 0.016261714622789 0.4965813647793 0.119585862468736
0.1653944959317 0.265120797806326 0.265511846759831 0.303972859502142
0.44093170430339 0.0534861456005424 0.178890219831076 0.326691930264992
0.000893452739328832 0.116128459414084 0.395063830506042 0.487914257340546
0.63254030673903 0.0893699076660777 0.149745967276596 0.128343818318296
0.27751105182473 0.109358038570927 0.0856315073296282 0.527499402274714
0.294386600236973 0.0609311903684941 0.371509449742649 0.273172759651884
0.188683040980034 0.445147282616114 0.131399600295758 0.234770076108095
0.252308069030247 0.35741625748247 0.210022340767542 0.180253332719741
0.407568905360786 0.00291530907601624 0.406931632718928 0.182584152844269
0.223125711906891 0.0349951514888153 0.328957999417397 0.412921137186896
0.339629188742486 0.408847481095629 0.0567190023623535 0.194804327799531
0.320391239214914 0.0561670237983857 0.236310004503458 0.387131732483243
0.131103223552994 0.492157754507388 0.154716996611385 0.222022025328233
0.478441546326949 0.0834088682708233 0.351068703586042 0.0870808818161853
0.414413607732508 0.0553194345011045 0.365716459653158 0.16455049811323
0.380273195846091 0.270615270684595 0.0992922637599343 0.24981926970938
0.254041774754601 0.249462519853396 0.32709219399077 0.169403511401233
0.39015532314231 0.229592644082493 0.210182752785312 0.170069279989885
0.359744667474726 0.24062513510894 0.178296580134588 0.221333617281746
0.330295719691252 0.16443917068554 0.263550886193386 0.241714223429823
0.396127772282863 0.101980207863494 0.383526645322772 0.118365374530871
0.320962373406559 0.241714107096175 0.116699680652345 0.320623838844921
0.411224804435394 0.217834984456699 0.012266096901958 0.35867411420595
0.304602921309762 0.317859817231953 0.190625018012512 0.186912243445773
0.457414916596697 0.025002302519667 0.125545684365135 0.392037096518501
0.275732381955275 0.211763271709157 0.152427298319925 0.360077048015642
0.303901343331699 0.253646889454665 0.273225475857864 0.169226291355771
0.307932829612203 0.0784756518239165 0.115658360845997 0.497933157717883
0.18964761126784 0.191149413361631 0.569674577904442 0.0495283974660866
0.274469379999191 0.195815655503934 0.340865394808206 0.188849569688669
0.160782433419642 0.44165153587848 0.190872741207443 0.206693289494435
0.283671065999235 0.108020877354627 0.376505858102469 0.231802198543669
0.438495781851424 0.171423149363444 0.186816679830478 0.203264388954655
0.417099933272789 0.0981187629344198 0.124800794652138 0.359980509140654
0.298176108997063 0.0225620095765519 0.261435866576945 0.41782601484944
0.325349945835869 0.203556796754819 0.062120221789794 0.408973035619518
0.0710804529518518 0.152106983574474 0.333300480701862 0.443512082771812
0.0731036427744437 0.174009367725866 0.266870653270118 0.486016336229573
0.0255007854351095 0.209503299786642 0.269651842258882 0.495344072519366
0.301165967104666 0.199075616687493 0.242152408406502 0.25760600780134
0.321188361530335 0.188189467756886 0.235860212411485 0.254761958301295
0.431199939521174 0.0234279699342517 0.247712932843604 0.29765915770097
0.150087637890228 0.603018317291821 0.180274836934004 0.0666192078839467
0.26247902952683 0.0645053592784231 0.576327970176589 0.0966876410181578
0.360151221629669 0.204504917858673 0.255311676916654 0.180032183595003
0.375862021116212 0.139414864133659 0.0506915043782536 0.434031610371875
0.240212853063501 0.27101357433777 0.174086994406303 0.314686578192427
0.30965717515782 0.0428960870221975 0.27149206131358 0.375954676506403
0.429138754023273 0.122647245940302 0.181436197168027 0.266777802868398
0.206610208002411 0.402113418904984 0.137304214297403 0.253972158795202
0.313677888953134 0.124431079798357 0.274243195475212 0.287647835773297
0.471146066311387 0.0917414275702361 0.0117109063202561 0.425401599798121
0.303697229523352 0.312818315047002 0.0210939226350204 0.362390532794625
0.489078184318764 0.153899307523564 0.24100174371435 0.116020764443322
0.305628790869953 0.330370342840437 0.202613477549788 0.161387388739822
0.150975035513985 0.151064367542245 0.293908709029931 0.404051887913839
0.0332918188572412 0.396700471131339 0.253628862335459 0.316378847675961
0.266363132624121 0.229386069118413 0.375584435490228 0.128666362767238
0.260293414574749 0.242701881189066 0.264105161292832 0.232899542943354
0.261782000104363 0.147593575481004 0.367599664198845 0.223024760215788
0.240240481711027 0.232473559015602 0.274640446710128 0.252645512563242
0.0845462314685951 0.201394197432328 0.152087267655838 0.561972303443239
0.197106924550582 0.364382439628315 0.243888808446239 0.194621827374864
0.0940802419131212 0.321876621188981 0.39781329213006 0.186229844767838
0.104609902848658 0.420810698352007 0.474184716338557 0.00039468246077809
0.411873714688908 0.345544255316298 0.166676406721901 0.075905623272893
0.203590119497974 0.294646510144266 0.228530084850288 0.273233285507473
0.134369421842512 0.148338741639126 0.561640659068608 0.155651177449753
0.0551008943834215 0.0696310889061302 0.0569998173727878 0.81826819933766
0.014310315524948 0.247942714517674 0.398477445422116 0.339269524535263
0.269882242238366 0.32840848488717 0.0905131967001738 0.311196076174291
0.431189824192956 0.0721682917849169 0.416014613549311 0.0806272704728163
0.368587024620016 0.127305444037647 0.072965886940093 0.431141644402245
0.444386351112501 0.180106213585057 0.279091675795662 0.0964157595067789
0.177113023899714 0.0439042956605314 0.511111673655148 0.267871006784606
0.346296678844187 0.130457647668033 0.23973294267758 0.2835127308102
0.401187591152945 0.248414243025593 0.12132275086068 0.229075414960782
0.252755865682017 0.32217280982648 0.395988568758716 0.0290827557327879
0.359679881530279 0.0054843271688842 0.343779509672416 0.291056281628421
0.373381513191315 0.0553155335905033 0.249704667799902 0.32159828541828
0.0342144061119625 0.296861874246262 0.429306863188207 0.239616856453569
0.436007799167721 0.515188052022601 0.00748001785262239 0.0413241309570564
0.287092078663378 0.328951468919419 0.281265735271859 0.102690717145344
0.373624118601699 0.306383452303588 0.0750665121275753 0.244925916967138
0.0195472325946219 0.358089835867323 0.512441548685931 0.109921382852125
0.149028045625804 0.218876268979336 0.373317588486359 0.258778096908501
0.387524311318538 0.25649966261159 0.237028275851802 0.11894775021807
0.326749612183427 0.223466667436083 0.346536484888704 0.103247235491786
0.2463309722338 0.217315908573367 0.129590002594868 0.406763116597965
0.246171428198436 0.531653239275573 0.0159577783577021 0.206217554168289
0.00172700281556096 0.0152860719995024 0.543002068686696 0.43998485649824
0.404072373043384 0.00355050524391381 0.523946083922112 0.0684310377905906
0.193700471732263 0.269874628603691 0.289949465241064 0.246475434422982
0.254253728101649 0.2428627336078 0.287155943983215 0.215727594307337
0.17772485809772 0.182480803174979 0.31434402788755 0.325450310839751
0.318476516594558 0.309940525032281 0.351623744235115 0.0199592141380467
0.315379965940131 0.342433398783603 0.250997233549758 0.0911894017265087
0.0523342192148432 0.187706944142185 0.304293461347703 0.455665375295268
0.2271375938369 0.270784858386549 0.315839766798543 0.186237780978008
0.044103486134396 0.144350672793961 0.64719134444149 0.164354496630153
0.37289229994679 0.34525502627526 0.026565717448521 0.255286956329429
0.300140050850691 0.28064135136123 0.0849166843832204 0.334301913404859
0.311890592433854 0.338910601055202 0.298309634347991 0.0508891721629533
0.365022001825848 0.271209791873313 0.273251425853238 0.0905167804476018
0.116928388651292 0.422979373861833 0.19499732236943 0.265094915117445
0.00711084472584736 0.145695712544557 0.390123613940011 0.457069828789585
0.209834233758193 0.292569911572204 0.487486094837149 0.0101097598324542
0.141960901827382 0.3553275050883 0.364093671886829 0.138617921197489
0.259487150037777 0.22347015909755 0.26085296753798 0.256189723326693
0.291886986540521 0.506600813865581 0.0954151291885458 0.106097070405352
0.0137530205459157 0.0627021780627779 0.464398711947858 0.459146089443448
0.410827187759481 0.0497850165175717 0.360755444621237 0.17863235110171
0.142061850335109 0.223496310417532 0.0385653267549575 0.595876512492402
0.322554350840687 0.104191689771681 0.50138064393276 0.0718733154548721
0.433833453979046 0.15276253459355 0.317428230440926 0.0959757809864785
0.180272420365684 0.241624021019763 0.374558588094573 0.203544970519979
0.223105487519378 0.270710374434159 0.330813059513909 0.175371078532553
0.627952676395019 0.0768854693441129 0.00133902716947179 0.293822827091396
0.229140908238613 0.0793829510282499 0.429636691559249 0.261839449173888
0.527152414407095 0.30752273768244 0.0489238490322184 0.116400998878246
0.332812794810637 0.476856112035662 0.145770808826784 0.044560284326917
0.286525603786009 0.0877012545715302 0.218459701823144 0.407313439819316
0.0254108590764558 0.46867832092113 0.282657636207234 0.22325318379518
0.218553064767859 0.395676347895886 0.350318349942062 0.035452237394194
0.382714942121058 0.157630096934857 0.044924614650652 0.414730346293433
0.335566737661667 0.188153744109508 0.268748878944055 0.20753063928477
0.164901851847552 0.11387070849176 0.477073378667304 0.244154060993384
0.236637403377375 0.298795763893972 0.279389106480488 0.185177726248164
0.262955026064114 0.272316159498981 0.442242969681419 0.0224858447554869
0.279254019583904 0.239115144383964 0.287551683247012 0.19407915278512
0.263964858529119 0.0873363185371095 0.33055236354971 0.318146459384062
0.118193756606802 0.242933005798323 0.348912978607386 0.289960258987489
0.289040528911881 0.0973174982571342 0.257786224185116 0.355855748645869
0.247062397762675 0.0899513942498029 0.135510886737257 0.527475321250266
0.355691767023764 0.143175647142745 0.116057644012992 0.385074941820499
0.19009858509893 0.303317894656787 0.319812967768162 0.186770552476121
0.227263890164339 0.548543169370961 0.058734112882841 0.165458827581859
0.290514859512125 0.239049942811394 0.232600304338827 0.237834893337655
0.187271665534936 0.303172241179283 0.195320818362587 0.314235274923194
0.244264283099567 0.0874001425527488 0.346466017856575 0.321869556491109
0.478498794137962 0.107187759534588 0.267759026819558 0.146554419507893
0.148436090815621 0.311015744302396 0.428919653488469 0.111628511393514
0.189981641979125 0.308675458140257 0.128788651598708 0.372554248281911
0.151456951097343 0.116855503286056 0.308475222610283 0.423212323006318
0.110875633200086 0.275041524208259 0.277344327784936 0.336738514806719
0.401564081385573 0.159750080942139 0.0857491323704758 0.352936705301812
0.442545657186556 0.39250995336623 0.0388923523071672 0.126052037140047
0.294366950022637 0.189143906514394 0.319807917418184 0.196681226044785
0.252419279145647 0.182132389392161 0.284415208652846 0.281033122809347
0.188345618417928 0.184345208202177 0.268693197448704 0.358615975931191
0.374020332929161 0.207436561981773 0.143220254299926 0.275322850789139
0.235143125026298 0.306920946018964 0.0640624802692474 0.393873448685491
0.235977774970727 0.450616380408421 0.0582430715919592 0.255162773028893
0.568935200403143 0.154917776613429 0.10854826826711 0.167598754716318
0.0564035146163013 0.232807752845947 0.451351261639632 0.25943747089812
0.171750195649204 0.276414837390035 0.389513610277749 0.162321356683011
0.282299135490327 0.165936617966149 0.340294742456051 0.211469504087474
0.223392814080845 0.23907263221268 0.332222941664317 0.205311612042158
0.222654440587274 0.267249102278443 0.345996069714581 0.164100387419702
0.313923053049843 0.171780379241243 0.0286133830159453 0.485683184692969
0.364029977607851 0.219847728322995 0.287909336869075 0.128212957200079
0.521192902002685 0.25853697439131 0.164725196099315 0.0555449275066911
0.259558869745388 0.207575502784243 0.272621640915573 0.260243986554797
0.265966756291867 0.253683850597963 0.0442604735075023 0.436088919602668
0.107828248195122 0.23997723842266 0.364456475184975 0.287738038197243
0.300813875260418 0.0903161680631609 0.242855948236331 0.36601400844009
0.374070535357428 0.136005571847527 0.371585878371626 0.118338014423419
0.472497662079728 0.47471701675794 0.00137476900281285 0.0514105521595195
0.289161333300295 0.481650157544721 0.135881472748012 0.0933070364069723
0.624337853040081 0.145290032770416 0.056692641312615 0.173679472876889
0.362242776330484 0.214431561286733 0.137299606751985 0.286026055630798
0.19501598494789 0.212246682322357 0.28361953396817 0.309117798761582
0.257901161149464 0.187727304422116 0.318241669851952 0.236129864576468
0.53213716508038 0.0608799568890431 0.158860618743773 0.248122259286803
0.234066754010102 0.207298729772486 0.215058981731321 0.343575534486091
0.118890547618541 0.561626086422342 0.00188060436794256 0.317602761591175
0.222920103301073 0.145914475174565 0.323775196695785 0.307390224828576
0.051057811514473 0.389128488497068 0.314349662482229 0.24546403750623
0.192833283796713 0.438786424517752 0.0808397059101548 0.287540585775381
0.270534743719939 0.348723978357338 0.0338583723883851 0.346882905534338
0.328442077098713 0.508996020211642 0.0316809769834771 0.130880925706169
0.289653785303722 0.354887192532641 0.0441650272688454 0.311293994894791
0.144283953213241 0.286610375367839 0.411574090868776 0.157531580550145
0.3494156534301 0.416420976060447 0.178895301691013 0.0552680688184396
0.329604848130845 0.0887493646152334 0.352424643917812 0.22922114333611
0.435303643032841 0.270179890000427 0.2449668419289 0.0495496250378317
0.0674768595449863 0.281389241523269 0.637770925690944 0.0133629732408014
0.383115721902171 0.383009327295961 0.0702479067735347 0.163627044028333
0.27224223325724 0.357576488829936 0.259973502147626 0.110207775765199
0.0978287877346963 0.293644812990416 0.389318664768135 0.219207734506752
0.352198313879129 0.216922633945232 0.252751678202302 0.178127373973337
0.334685844924407 0.0772476806217653 0.0418068038244457 0.546259670629382
0.200030358838625 0.102708040075791 0.22023451921377 0.477027081871814
0.266233938173081 0.189882057733202 0.119666433396695 0.424217570697022
0.000930961125223721 0.129332457421449 0.431517942936081 0.438218638517246
0.666573396027715 0.10510514741173 0.161263823939184 0.067057632621371
0.000446322750156392 0.104952264991748 0.103213163000929 0.791388249257166
0.404780945673044 0.207058387122254 0.177733856262032 0.21042681094267
0.318235034924172 0.118589052109312 0.273643306907269 0.289532606059247
0.330696043333103 0.365779207235379 0.111210452415556 0.192314297015962
0.352283335899359 0.421114778405046 0.100051041209017 0.126550844486578
0.264954543170003 0.151445045222105 0.0764305094798613 0.50716990212803
0.313900424931695 0.270107418102849 0.294114381076461 0.121877775888995
0.1802302747263 0.109139876490108 0.271238493365374 0.439391355418218
0.537635515750115 0.0663997351773671 0.0280711971749687 0.367893551897549
0.00200208519966513 0.37415562498326 0.157737636277872 0.466104653539202
0.413477358487332 0.433600462540724 0.0215046059442544 0.131417573027689
0.335022346984574 0.37084057232921 0.034854704221208 0.259282376465007
0.265567966926681 0.227933279581009 0.164303923757431 0.342194829734879
0.137240205638675 0.684583793450591 0.043974781076291 0.134201219834444
0.122978647887655 0.306877558489303 0.216221889360393 0.353921904262648
0.352399000296432 0.272351562812694 0.0756239745553638 0.299625462335511
0.235097505548099 0.304275092056151 0.228558078855818 0.232069323539932
0.352282115229922 0.295598545633401 0.257765746074165 0.094353593062512
0.345733970672762 0.0137439577843073 0.308564653438745 0.331957418104185
0.460315116986457 0.338714307397261 0.124954520864222 0.0760160547520597
0.257574676169152 0.0959201943827708 0.472779587035269 0.173725542412808
0.0818823546328913 0.184831560084594 0.392205413191999 0.341080672090516
0.397957888852832 0.272686611043345 0.0791192373155093 0.250236262788314
0.0740077441626762 0.664229902226598 0.0665864877001892 0.195175865910537
0.181423064342897 0.354042528970859 0.121741483362717 0.342792923323527
0.329440521741373 0.153267884171242 0.426050613573827 0.0912409805135572
0.171266930057304 0.0483463407601148 0.299087683937031 0.481299045245551
0.366852238643928 0.0288611476905303 0.216979576281748 0.387307037383794
0.248529098768534 0.306698869241982 0.215485259924585 0.229286772064899
0.291783929161878 0.27950492520759 0.129473286995119 0.299237858635413
0.155470926356132 0.347773399192109 0.152157431867553 0.344598242584206
0.122706096061177 0.0923173639587835 0.56637699018975 0.218599549790289
0.319651363405683 0.322226668338025 0.186003618294705 0.172118349961588
0.306796822685623 0.486613029106994 0.0745766489399945 0.132013499267388
0.178131810527637 0.187039370220349 0.148231143543281 0.486597675708732
0.0363395963399621 0.521604476482807 0.0403295607248589 0.401726366452372
0.297118378807826 0.569051536326075 0.00860181662572705 0.125228268240372
0.292896530116185 0.425496355615314 0.218235410168203 0.0633717041002972
0.0631167177228395 0.116230635479876 0.570248590065949 0.250404056731336
0.141993944150815 0.34662699197346 0.302087165585522 0.209291898290204
0.339974802068353 0.183521811177736 0.0642681733234352 0.412235213430475
0.354767118913099 0.24170683305093 0.0773239906899869 0.326202057345984
0.258268232558898 0.30296602996221 0.15650995216033 0.282255785318562
0.236483599784215 0.539584340517554 0.13873119481764 0.0852008648805912
0.0902024354077681 0.582066744478274 0.213348731718335 0.114382088395622
0.234856964898446 0.184030349867564 0.36793084546876 0.21318183976523
0.132945429412846 0.434036723584642 0.307323472363745 0.125694374638767
0.275669147744471 0.288683925793828 0.195499186469165 0.240147739992536
0.206141587827202 0.101383657344964 0.663145008352921 0.0293297464749135
0.26757925414262 0.373541024827071 0.25334529950946 0.105534421520849
0.655563178534612 0.268928055408517 0.0199024956747768 0.0556062703820945
0.396618934997838 0.0504125109938565 0.493442765635757 0.0595257883725487
0.287097971959524 0.130314165489017 0.39525200941689 0.18733585313457
0.392685098927893 0.162102640995233 0.153542756302561 0.291669503774313
0.441834211788731 0.0647946613296205 0.112051813657274 0.381319313224374
0.0309545171746825 0.608014921769781 0.132423239741356 0.228607321314181
0.285966227448956 0.296150824830072 0.288349082936862 0.12953386478411
0.23504767660228 0.31909565429087 0.097044473973701 0.348812195133149
0.203057912659647 0.235157981925284 0.310980236648668 0.2508038687664
0.176023491815076 0.371981800148468 0.252327210134621 0.199667497901835
