0.0901864101204627 0.164754239017425 0.135028213724489 0.0572184124908371 0.156813557045415 0.0320188591161042 0.197499311216259 0.0687932814318983 0.0506071764902976 0.0470805393468118
0.0348004441339006 0.169545924440968 0.0245576763566403 0.18295183757229 0.0531080427114896 0.214284174184016 0.0817477418607523 0.0753313371306944 0.0328563606729562 0.130816460936292
0.0852527785178167 0.124857860689437 0.0748562327300101 0.112699627801474 0.118225727328511 0.102492436785862 0.0393040585936829 0.0802578591674332 0.125743870463924 0.13630954792185
0.170289377819421 0.0171796826413869 0.143801468593714 0.0783194539190224 0.0793198693874133 0.0962223145749295 0.152213741647279 0.0513254611112439 0.137883065950379 0.0734455643552117
0.00206065667137264 0.000810148111515337 0.195549603066798 0.177459900644936 0.0504483767915268 0.170974539230889 0.0390679820388508 0.0538826059424103 0.16719767316279 0.142548514338912
0.149517247316397 0.00222181210474308 0.169650544956356 0.0481551455951535 0.0545615867918467 0.12326176108295 0.167975823344273 0.0146643530333217 0.206652690908943 0.063339034866016
0.0847536222666705 0.166116516797872 0.08163003473258 0.0380355975500208 0.167740955869776 0.107240254937254 0.0580773058309651 0.0382271132504457 0.167783402595696 0.0903951961687194
0.137815019884716 0.160289126639101 0.160053230993103 0.139623149138194 0.085667828892027 0.0318434382993082 0.0902978087166997 0.0581298236578621 0.0594756862125393 0.0768048875664499
0.181516554876302 0.0410498112352057 0.090330689176986 0.0300357210092756 0.108184622420159 0.160428845690096 0.112738968082911 0.0398537053258198 0.0544610561523239 0.18140002603092
0.166110861362 0.0960754425573022 0.0251269722172357 0.1667021118397 0.126267076791107 0.0246420591418503 0.01145320265208 0.0077670453744618 0.252632509926137 0.123222718138125
0.171894113274551 0.01037564711671 0.167554035494906 0.15866863305637 0.164010028380786 0.00841889234898177 0.0513381616011437 0.0892438874773247 0.107532314631319 0.0709642866179067
0.010196434796237 0.0759163889759427 0.0481557071413825 0.0319451070355151 0.0449059724567486 0.0291711316236967 0.0647180470054458 0.229620204330402 0.239710501204969 0.22566050542966
0.117467710851897 0.0390300373501319 0.00271328623037806 0.138995390006909 0.0742762931791046 0.0859516286438557 0.147108028403736 0.204117381576509 0.091668352146816 0.0986718916106629
0.154375234051943 0.139553856178537 0.0235811537302057 0.161383838103139 0.0421523196669297 0.0954462134661653 0.185126143324466 0.0258578674237223 0.0926771600061145 0.0798462140487777
0.0844879603419791 0.010694760785987 0.0591160188775455 0.0470711447188443 0.06006746076845 0.087893212713256 0.169328497035852 0.0876321083478738 0.211014768739407 0.182694067670805
0.147079682379803 0.0655410384857746 0.0878737594845863 0.121564351554975 0.1216526866557 0.145372157984359 0.0448498189505806 0.153406147170394 0.0835560559326866 0.0291043014011401
0.142396403808103 0.0625297555873708 0.085116457675587 0.0467608065000392 0.0277842057474765 0.0630508067839878 0.083604939622527 0.167720036670505 0.140416534849463 0.180620052754941
0.0134729015598496 0.122496384549246 0.0789458174730899 0.172696103094757 0.132696989341272 0.00467377075421766 0.139422464004991 0.125139607158943 0.15535494800213 0.0551010140615039
0.181717208663818 0.0151776744446656 0.10531582527411 0.095486852636233 0.0729120445923727 0.0951371503306076 0.106115220456111 0.185973116924042 0.00598453527688751 0.136180371401152
0.16049343594995 0.0373750088723629 0.132416659617293 0.1638772824547 0.135861194868413 0.0755783868562369 0.175060977565219 0.0276154723915372 0.0128807590983938 0.0788408223258935
0.0961434180372444 0.0240323867919736 0.149459535811547 0.0113178082526701 0.10936473009529 0.0453992065970506 0.112033792887667 0.176890133613139 0.154625027280681 0.120733960632738
0.129466595389524 0.0912076371482246 0.110717505073481 0.0477010693338267 0.152200271629706 0.0410565569262889 0.116652628381998 0.176118668110502 0.0364218048942167 0.0984572631122315
0.0551399963201749 0.108942435665109 0.174231981779584 0.212010360994961 0.0320179859687502 0.148367481837072 0.0580936218347244 0.0879970049228494 0.074551454174833 0.0486476765019422
0.038295839566222 0.101662693282804 0.134786264403518 0.161340414419819 0.130199939267129 0.155755219748541 0.163124957369186 0.071006630697459 0.0392836067648278 0.00454443448049441
0.158245889014027 0.0524252655580087 0.0184698552716839 0.110523990212074 0.200669670067652 0.0596462858067699 0.143917113989893 0.031186225653844 0.0867539234890852 0.138161780936963
0.148307064290463 0.108279694504765 0.12174580217233 0.116376090912819 0.186793082134648 0.0106716686194917 0.0983673144349023 0.0128549982378016 0.0471850246349831 0.149419260057797
0.0812874074590012 0.18565913181375 0.100363551928033 0.0319650393962676 0.0909907889870289 0.156407391086719 0.102834939496781 0.0140246549529183 0.00805708385312268 0.228410011026379
0.174773672647782 0.0489683465611508 0.0727284435186905 0.0110680621739671 0.238764476679724 0.11168573379945 0.0869832264199545 0.244240342415474 0.00354993570744991 0.00723776007635729
0.0782030740021439 0.117185506449297 0.0798230312187175 0.0390075560705807 0.129205062068288 0.0447040866007798 0.0185395404598393 0.137174813156799 0.253403085926484 0.102754244047072
0.0387933713580656 0.117248519832401 0.161247521424828 0.0122218251974741 0.0838500355046211 0.0753408534896424 0.116921120010167 0.0556566323405482 0.175124015666327 0.163596105175926
0.0414445296048134 0.0321977005566333 0.0662075978445526 0.0433073924816552 0.166420886942063 0.152738746120149 0.112710188971224 0.103452126942793 0.183797768328594 0.0977230622075231
0.0357375819087892 0.103372701320558 0.191407037103004 0.0783351491737291 0.0955323850536288 0.0877316084645495 0.191930665037979 0.0308489744645331 0.179150684756188 0.0059532127170415
0.137529021211088 0.0836843268516139 0.137110388810565 0.060993761135644 0.0334074546692964 0.149668412156278 0.125003093032758 0.102816240706263 0.108496060898417 0.0612912405280773
0.169023388342521 0.193832441719175 0.0904760296817945 0.0744850946965046 0.0889201710350393 0.115852031028348 0.0196437846458853 0.0219610025371038 0.0164120788033566 0.209393977510272
0.0893626361154726 0.172822614210917 0.01176945261487 0.0913907344132505 0.118130047140277 0.159186813314957 0.166843453639957 0.152653786570316 0.0258381046389586 0.012002357341025
0.142597982156465 0.0661998426049668 0.139482464709956 0.141963664625197 0.0690667868522869 0.111843856855713 0.0309512297889941 0.155578326527103 0.0236433816616461 0.118672464217673
0.0644695899776433 0.167168841298747 0.178532196051764 0.121865883817866 0.0268989982138008 0.0632255582320997 0.052097783848015 0.181737814258012 0.116903733283089 0.027099601018963
0.0816458176407385 0.134690197381083 0.187133410826594 0.0292781514941506 0.199119031998248 0.128257774810187 0.091181717569917 0.0071942598256736 0.132565581860889 0.00893405659252017
0.0776022497934856 0.0844879766125357 0.152970227195113 0.0889842398009367 0.157276592870141 0.1458396380131 0.0257860942670321 0.0438846377876611 0.156634326684997 0.0665340169749986
0.0621264785890618 0.072657222204127 0.00562308270854569 0.157557527702648 0.19139641351365 0.0475208412169595 0.0799394198020228 0.00357316066437884 0.295294703184464 0.0843111504141425
0.0234074865437793 0.0549063505624453 0.144803838274234 0.071942014766801 0.0915610493542032 0.14771681655559 0.165549691231492 0.0776782565984947 0.104233936813293 0.118200559299668
0.167578559756177 0.111503535311581 0.0484919617382589 0.112313481701155 0.0861682038075212 0.136179903409302 0.153599864424222 0.0286394466823085 0.148979105814296 0.00654593735517821
0.0878514560090597 0.112002917856158 0.127894910351726 0.0856317146315047 0.165291769295401 0.0804004954307911 0.0190774841073926 0.196269024299507 0.0734934234755807 0.0520868045428795
0.0144542996087459 0.17916787589363 0.182266587266428 0.0886591761867599 0.00787088407302812 0.103503465899968 0.0143441977556978 0.0270464461131316 0.175498024718689 0.207189042483922
0.149584110951045 0.0916682260281028 0.159651051819374 0.111743331007808 0.0136282179285303 0.0551583993411301 0.179794718522201 0.0899795989672765 0.00967142979017311 0.139120915644359
0.139170548824916 0.0935494485068064 0.142270517811964 0.150723675740755 0.0584219422096707 0.109322217239704 0.122004503821396 0.118499343301478 0.0612008371919143 0.00483696535139567
0.185201423575329 0.188956399354039 0.0807146136529178 0.0402232569130559 0.0862302744800397 0.106374283645541 0.0700795121260627 0.144765953022101 0.0415371256704484 0.0559171575604658
0.135186792277255 0.109801678654647 0.0751636117915497 0.00906920562688363 0.148132710582203 0.0786261699963703 0.00901777917430777 0.170487686213462 0.0856872278567039 0.178827137826618
0.148561398318328 0.103062403107009 0.142658888134266 0.015854064312802 0.107976325892454 0.00671872692245251 0.142514890176397 0.126217115182324 0.0536126936719285 0.152823494282039
0.082875269967828 0.0795330860578101 0.0896404077018101 0.135180768733589 0.153793104653977 0.102490571143103 0.0237024765400832 0.0934447977927434 0.0950693260138084 0.144270191395248
0.0481287798488378 0.169053845714951 0.0212666410126997 0.0213522409101392 0.138611929893681 0.114756829755126 0.0723696863315818 0.0894005626253701 0.16569993934223 0.159359544565384
0.0362979912911309 0.0601744112051607 0.0461015456555487 0.173716025307324 0.0572679424774005 0.0642018065055569 0.197195834502015 0.0612996965734993 0.111756328996463 0.191988417485902
0.0532928739969121 0.118798744196705 0.153546999295063 0.1229279578891 0.107076015293436 0.00420821164185766 0.0166753573419065 0.0406103960476234 0.213339880379016 0.16952356391838
0.0847755651510546 0.0169576240250597 0.01544609378449 0.17466051550203 0.0784056453633422 0.160157268675212 0.069254932432906 0.136372401301579 0.149882827124328 0.114087126639998
0.113363322248391 0.0542317812075559 0.0114666998654464 0.182940919484586 0.173539103333726 0.034725514120444 0.190134070577621 0.112700153958043 0.0274358777819254 0.0994625574222609
0.00289173258267589 0.119958295409068 0.107791993139356 0.0491795203811543 0.123466644632813 0.14902921270448 0.161085703669071 0.0297599505833008 0.148421623848164 0.108415323049916
0.067833396960447 0.134707632334076 0.0159271818955346 0.132319034196113 0.0495110658153812 0.0310657107900871 0.0809473290214122 0.170769910612175 0.245714481394412 0.071204256980362
0.078260778237499 0.00567318081304711 0.113063095567811 0.139000030269813 0.152066347119817 0.114742592296458 0.110793537720722 0.0502445154514669 0.148970608198225 0.0871853143251407
0.144959531857529 0.0405880866818737 0.110155599684725 0.149136696609904 0.0588335478736498 0.144285211758308 0.114706591850578 0.0496217848335477 0.0337371936096278 0.153975755240257
0.117263214252229 0.0810351135007747 0.0882236767053373 0.0940624515240755 0.121812259144437 0.0987503770913757 0.076592547799377 0.134649144544707 0.0613477332486774 0.126263482189009
0.104424717709523 0.0988549910790698 0.00471434075069897 0.0215218889481015 0.0816753692759032 0.181818176003124 0.0571938662337351 0.166875479566583 0.10331054418169 0.179610626251572
0.0743086697407953 0.183708238182073 0.141047998329441 0.0684225946151659 0.00377237803314362 0.0227083005197199 0.142836328121961 0.0252181244423573 0.137987845568343 0.199989522447
0.0110222301311367 0.158260008066402 0.133376234919133 0.149098002839656 0.0781646785688445 0.131595029601838 0.16379239852937 0.0148151470890492 0.041365102412412 0.118511167842158
0.0151888029466931 0.188720766284241 0.136522329051726 0.0171499140844873 0.0175747496596436 0.162144620624527 0.21255756530929 0.0390110460622263 0.155969806048557 0.0551603999286088
0.0265891837814702 0.0202140563405562 0.205173799484697 0.226013685689954 0.0850029882800599 0.0777692225539595 0.0471490998061217 0.186113822540923 0.00600484965658403 0.119969291865675
0.0855138696546524 0.173886398515304 0.0621540416468462 0.0835051762676486 0.0205025795660946 0.172937695006883 0.0559257607754977 0.15799814363661 0.117997603260994 0.0695787316694697
0.0438501348907122 0.143397948056229 0.117875429318256 0.144606191953229 0.113017309447979 0.0792531836556612 0.145732482090733 0.093481343019894 0.0682920168304348 0.0504939607368722
0.105213423318767 0.000753835267861683 0.140597963162688 0.122596117128982 0.123256512603801 0.105654355087291 0.178410195076451 0.0801301279326941 0.0157052191687428 0.127682251252722
0.0325710707416139 0.146284765364153 0.175685800221096 0.183190822337856 0.0680915346073616 0.00558365815460306 0.137173848104887 0.0706289989819694 0.159855080510567 0.0209344209758927
0.063205338684136 0.173848514934209 0.0249225857716257 0.130762207422427 0.0169104051507016 0.159526416430636 0.0998560201746922 0.0705676486059181 0.0919404933533718 0.168460369472283
0.115731504446001 0.142350466008694 0.119614444618905 0.179329390150949 0.0310889915778337 0.0116325713196764 0.20061570714264 0.135902470759849 0.0223652350553517 0.0413692189200992
0.0138522783436601 0.185792046296493 0.138464971228415 0.0119151564286304 0.0219728233073132 0.176776189254032 0.0999401882309082 0.173400953269475 0.0623327413621465 0.115552652278927
0.0463205444295877 0.089903142903712 0.134935065444643 0.126075521559031 0.133307940739327 0.0865146344881342 0.0558215541684649 0.0927304577884251 0.140640589356355 0.0937505491223203
0.0771432468285326 0.110467226937912 0.0356046325108219 0.155730877149458 0.0101200201168164 0.0782233736828388 0.115148255084195 0.106072847498824 0.181109709867519 0.130379810323082
0.00550022568694044 0.074859296008434 0.0675335388305668 0.144525645449547 0.147926721306127 0.144103758024109 0.070286459092013 0.0711012275682113 0.140208875439339 0.133954252594713
0.0745825015787697 0.149354705735461 0.140989209910537 0.0401398374931589 0.0906523469279159 0.134801350169995 0.17866991408641 0.159632198965534 0.0107750800737951 0.0204028550584236
0.115089018645418 0.00928516640963097 0.0780898692256734 0.167470014901103 0.249594537954994 0.0820239316645977 0.139230454998994 0.0757141471938433 0.0745575420828848 0.00894531692286196
0.205434017485995 0.11730842095633 0.064784877705947 0.0215846487176099 0.0619411866160078 0.0923781510711457 0.107119015713818 0.219672161335947 0.0357929483858805 0.0739845720113185
0.112462250381804 0.166442531311136 0.153995873980957 0.0462565057964115 0.0341586681297122 0.0853340492501325 0.0963395333979882 0.073739799297899 0.140440441251448 0.090830347202512
0.0362250378214402 0.0178399168543708 0.0878997978433163 0.0395934320638064 0.143839425917072 0.138333517864824 0.0513781274972286 0.196611292336961 0.18896063913641 0.0993188126645712
0.00628393123325344 0.160562116590807 0.0547337851537194 0.186051630473887 0.0644145590214392 0.00875494024201827 0.176659597506843 0.0567919346529221 0.115945841726023 0.169801663399087
0.00397906633603435 0.0596904857047477 0.0927497780785905 0.155361174696093 0.15476128796579 0.132596623453011 0.119233532771993 0.101331418037622 0.0363280735150072 0.14396855944111
0.114243319315605 0.106689558734261 0.118547351816618 0.00567919650366816 0.0182197919810609 0.124973853516677 0.0783257057359315 0.0709403909096787 0.15899592465552 0.203384906830979
0.113855226872392 0.0886962069750821 0.0651150720518308 0.0122757116604807 0.195164591460189 0.114267649983798 0.155864260808924 0.188804894455691 0.0577638270585675 0.00819255867304459
0.00358258832806556 0.0659298141109996 0.0538633483403054 0.187227707341765 0.0561278581826957 0.0802251063220271 0.18614953529999 0.0706344315439241 0.12808279987407 0.168176810656158
0.0277360659617648 0.105092482873631 0.120036822650527 0.141516472831344 0.150909799509782 0.158685163757193 0.120044682087967 0.00281410438592779 0.0176768764576792 0.155487529484184
0.0681523280081321 0.186125701851963 0.0138756863910813 0.0652324557658377 0.153978048074469 0.146157734416228 0.233853030490274 0.0900495652085203 0.0423864956660168 0.000188954127476819
0.078225801852176 0.00229212123902023 0.123612006239134 0.194130427662422 0.163476645497283 0.13063997213027 0.106597314123332 0.00550836026280401 0.177538199493848 0.0179791514997115
0.00799541471617781 0.0696742537619875 0.0994089611297416 0.176070444174565 0.166046451632669 0.103170418719531 0.0702171165179503 0.100399487381154 0.185065741581783 0.0219517103844406
0.00932763882718219 0.0740717947689578 0.0960397924802237 0.149563894053144 0.140726425052549 0.118629721180571 0.190621278728752 0.0717149675553957 0.142111545824888 0.00719294152833666
0.000190299830956349 0.249436771687398 0.0464732250428576 0.0198118918273262 0.247145562868119 0.138371101264231 0.0252462604357179 0.240315100492539 0.0297457752166586 0.00326401133419687
0.0305925317058927 0.0567237005292525 0.155285230388669 0.0646278825455009 0.102144169500585 0.140507938617478 0.163685549413763 0.124143561287879 0.158565664997224 0.00372377101375556
0.156670049804576 0.0563461577839303 0.123559543081696 0.0567318954467173 0.0125948638520251 0.162967361419479 0.161131028638516 0.00705998320640458 0.163485310071732 0.0994538066949238
0.0780154858721394 0.0514976369512673 0.0592527955654988 0.139841217752871 0.148317763633202 0.141019802823539 0.128506590334843 0.0646832204925286 0.145459482924859 0.0434060036492509
0.0479061635107727 0.0354595224189356 0.205316922550557 0.143368384322493 0.0493202855971863 0.191745569178808 0.0781793934395308 0.0575708708867608 0.096524893321726 0.0946079947732298
0.151600376364805 0.0235073474403246 0.141281355226809 0.128881374607561 0.117850072552122 0.0992392770340885 0.11140853631978 0.0105011224408627 0.105217116707231 0.110513421306416
0.144638281886063 0.123162876301448 0.108137310191156 0.0158428067304727 0.16525390641422 0.0731597910245845 0.157034966954714 0.113416538573764 0.0469958327103207 0.0523576892132565
0.0786880401162495 0.0224768455063492 0.126141824329171 0.0804524100240736 0.139895247547896 0.175930553883623 0.122879491859642 0.0759244526525176 0.00619752849635027 0.171413605584128
0.120071814842056 0.165709042757287 0.127860712929225 0.134473836388476 0.004691791306906 0.00993336434953668 0.123984869876572 0.141241695070413 0.0811916809504911 0.0908411915290375
0.118085908127209 0.123197683010953 0.0840771584823151 0.0251622851953752 0.0901678530531696 0.041433794603205 0.0982022009322859 0.195101806926983 0.031436639524539 0.193134670143965
0.00738481563029054 0.178103929726299 0.120602329965331 0.0658400938552607 0.0190647153101342 0.132196959537017 0.0198570704113617 0.0750368520161825 0.210705531733253 0.17120770181487
0.173698007402841 0.160149529757142 0.175820654689965 0.0303806410341874 0.0756012533912351 0.0149523121956336 0.110451082623813 0.142739257604751 0.098287848063971 0.0179194132364605
0.0264262940156501 0.15259158445003 0.00423456020575962 0.142552766425988 0.0320741886144537 0.203066175028881 0.0643893801093954 0.100378657132715 0.079900182107095 0.194386211910031
0.00637072760201237 0.114146515325167 0.158107663767064 0.152834873035676 0.104953090463651 0.123812255872362 0.127471985762597 0.0803054033100158 0.0318728201361531 0.100124664725303
0.145845473947086 0.137971590867557 0.103978516281771 0.148622527070772 0.0545079659430905 0.0778599271395554 0.0549007185264899 0.119594075439037 0.126185401780965 0.0305338030036757
0.0613502341753341 0.131114504992689 0.0766380420649534 0.126410988130416 0.182079624577251 0.0999520038673406 0.0938042626164715 0.0171022930263409 0.129967662447317 0.0815803841018856
0.0988015999749627 0.0636307674460464 0.129036144300994 0.0637485535195961 0.0510146097338297 0.192843952016261 0.162106856896702 0.0184610493921968 0.0879977215991698 0.132358745120243
0.00391182012248146 0.0158826063761904 0.0844963535291418 0.226155461766906 0.221451467849226 0.193269593718319 0.140262412577019 0.0786572986914465 0.0250833903260802 0.0108295950431891
0.094077114267189 0.0932292238102651 0.104976435191815 0.0897657023789704 0.10227589273539 0.028362886002902 0.177731499362413 0.100139340447597 0.0950688350818452 0.114373070721613
0.0674438895267672 0.141789529439857 0.0248107567882712 0.156775314463382 0.0129806113723668 0.0556925215536441 0.0924967434996123 0.135204186174622 0.139107831756071 0.173698615425406
0.189794732972147 0.16591934741208 0.0833616868481579 0.0146943399650851 0.0713694687902471 0.13939644094499 0.00965810581284727 0.108422744372797 0.135817308951656 0.0815658239299921
0.0375868572622172 0.154235799373637 0.029637355436829 0.0151681373128782 0.182996109177326 0.199640321159553 0.188805951038574 0.12743460477462 0.0512482230366923 0.0132466414276737
0.0311754770756476 0.173122319310146 0.159163259196377 0.112442807397422 0.166276859917349 0.0350770854938197 0.0686920205276103 0.174873578660902 0.0363670778618816 0.0428095145588459
0.00867130242567316 0.00582614857268377 0.116047639313844 0.231929340800551 0.0500075721640222 0.218805408497628 0.132235384257304 0.0917484739085979 0.113013851486828 0.0317148785728682
0.0661964274252213 0.113272283645495 0.13757175408995 0.0454575199389951 0.00186998470350196 0.147901285906629 0.170486758435085 0.157862137868109 0.136304813491344 0.0230770344956696
0.169378633690461 0.111484986760825 0.0789532911190851 0.154437606072966 0.1846859310755 0.0778359251300258 0.00699345942861859 0.108153781272089 0.0516593878770338 0.0564169975733946
0.00640972363200604 0.0386088661348572 0.133596499727111 0.0984593086461285 0.11383555046241 0.202540619093549 0.125759292437565 0.0271515227570781 0.0833033230147069 0.170335294094588
0.0423324105226601 0.141462854998692 0.0417527493090903 0.202751016670523 0.174504161225279 0.0292615093825088 0.079510821437256 0.203626907822422 0.0629415640998015 0.0218560045317674
0.0804051097476172 0.111125669630187 0.137846777931257 0.0556067615924515 0.104783190502761 0.154318558068286 0.0663041115754986 0.116544123030143 0.141256292341014 0.0318094055807854
0.118381382054084 0.0942686162061601 0.11537535427233 0.139655525831988 0.0433391009818405 0.141999919440628 0.0396059868477646 0.0599264912754299 0.124873543076753 0.122574080013021
0.017038154801843 0.123282113548825 0.145656942309785 0.184200282955101 0.140966913738956 0.13099215849029 0.0855811161466236 0.0170308742712517 0.0644371781931183 0.0908142655442062
0.00666005753989142 0.0601191382971137 0.056794797900338 0.16327998656034 0.188722948650821 0.00533666914490449 0.0935063635784853 0.139604189310671 0.0733327373731195 0.212643111644316
0.05551950664573 0.0807137656124373 0.138755119816742 0.136283122796539 0.00123924040186282 0.0477126486019289 0.115818047863144 0.0938715073633815 0.125410439388017 0.204676601510217
0.238825518901176 0.0151735537122734 0.0470884610458911 0.0200688524868115 0.179702661463415 0.0393570153380321 0.0891651944848174 0.156215866273654 0.202911213059816 0.0114916632341138
0.0518135101733204 0.0254065185964741 0.0515502510482096 0.156495799084889 0.1840302494064 0.114904762623431 0.0840618803845112 0.0425510619703651 0.116095196627978 0.173090770084422
0.16562447782864 0.0701511619868127 0.143938130715664 0.145238753298839 0.063749784372627 0.0504286892520775 0.115594575442913 0.0506199683380299 0.118285826772056 0.076368631992341
0.072823116575803 0.0346773032384213 0.132303399281672 0.0948079552570495 0.130001404474347 0.0803891181509704 0.141374539136788 0.16181575426705 0.0326289699289648 0.119178439688934
0.0711357114768614 0.0855026785860815 0.126227974476559 0.108930107212586 0.0951261611526094 0.0454670923384333 0.139293056475027 0.0615882202770549 0.13018440227209 0.136544595732697
0.0520715407766604 0.123442380576207 0.0232861634883208 0.167742035870002 0.0530131445474282 0.124650341293786 0.144023297779599 0.0971694161915985 0.0879829435889364 0.126618735887461
0.150932850005662 0.0153595112640266 0.198899693112937 0.116802216411474 0.118088272657313 0.0638052373651014 0.00488136822558614 0.0565156587896179 0.135927666717196 0.138787525451085
0.140236397526511 0.155451907806071 0.110748571019091 0.092249394142753 0.086011042942781 0.153311861851277 0.0778832145913457 0.0540366945801615 0.0489616476889536 0.0811092678510559
0.0506604266587139 0.0830147733284394 0.0595163835634811 0.190440370442794 0.111086596654974 0.0740380589148379 0.103135669489894 0.0552809320866833 0.127435090117829 0.145391698742352
0.0260822804092416 0.141486779681431 0.203808281119052 0.0203157731523408 0.077766733532053 0.0680539354689531 0.051189592217766 0.22781036577603 0.0232318480880596 0.160254410555073
0.124716964661399 0.143947161668419 0.00215203232011159 0.164800433907611 0.000448793311703334 0.170576410744638 0.116048970661721 0.0824951491331642 0.0588413685031077 0.135972715088124
0.13212089830146 0.0796795693224948 0.0395487878108209 0.0482917948001153 0.129566325573672 0.0859807139106666 0.0492148733886574 0.0998657319041938 0.149444104190455 0.186287200797464
0.167960924124935 0.138291473021477 0.0369987220169224 0.00392264024588917 0.0816334735041993 0.147066648172293 9.69597709184388e-05 0.0997694725427778 0.16074767423445 0.163512012366137
0.175816787558935 0.0110856867817849 0.153840763494274 0.00852357767554736 0.0379944045227792 0.15505980972538 0.151444464088195 0.0203807889092843 0.162201757949006 0.123651959294815
0.0296805175388169 0.00616633917902105 0.0308565658904431 0.203427950707977 0.185054230158979 0.0671033181641234 0.202908782590414 0.0850315854006646 0.047999204677495 0.141771505692067
0.176155343275088 0.179290778305548 0.0549102988705112 0.0842215100846787 0.0485025051536925 0.187527363227081 0.128260220806815 0.0612025889837143 0.0533823076100561 0.0265470836828161
0.0295122457098651 0.149863555390367 0.152449898622568 0.0080282544031392 0.0256638604236576 0.148810918825289 0.163081458431699 0.0415388966120755 0.139983825583488 0.141067085997851
0.0911786644556083 0.106021595201265 0.0836866620006251 0.172657962246818 0.106190497814624 0.0210139545744018 0.0283399784796386 0.0902360654450351 0.138367136000031 0.162307483781953
0.0831127196666915 0.0904671869659848 0.122536159953125 0.0731304818562006 0.0798234716163887 0.130286698673675 0.0567590776611972 0.14873276656274 0.118099931601938 0.0970515054420598
0.055596694956101 0.157037345887354 0.0499979970873444 0.084941212695634 0.0710940739233647 0.122173869376857 0.192346470794388 0.100160843541643 0.146289934853043 0.0203615568842716
0.00625296015188419 0.121787352694525 0.0679107246045609 0.163873905625215 0.0990224962003986 0.187871180259074 0.0706024011278753 0.0325135443641614 0.200960782238638 0.0492046527336676
0.0444020139606188 0.219919840528423 0.127334469347831 0.16256353631972 0.097879076319109 0.141661229356153 0.150955123119577 0.0302853002279999 0.0236593314909232 0.00134007932964447
0.124407774339907 0.101651941768165 0.133179655178819 0.0595414357597021 0.135891404799867 0.069635121827873 0.0622347577218988 0.106173702387629 0.121946172505385 0.0853380337107539
0.0950835799540649 0.102917674253049 0.0547384408813534 0.0517706286122258 0.0997512889816065 0.0587374168058349 0.155774015559431 0.0507492544280173 0.151500215209718 0.178977485314699
0.143445041902789 0.0679004276897125 0.146068063804365 0.0961697494303965 0.0878123394636662 0.0230903358736381 0.0977611882988095 0.149322953940592 0.0475525939568298 0.140877305639202
0.158254619571454 0.111716673316114 0.0539301043856735 0.169584366974753 0.0530440148216657 0.0104318705586352 0.0541186234827217 0.119958621451959 0.194832558921999 0.0741285465150253
0.109908153391515 0.076205294747475 0.0897075567989223 0.000808795959046227 0.149087922633606 0.0351210922497209 0.0873283112273096 0.148171196937077 0.15988374175017 0.143777934305157
0.033239946841736 0.172815603192912 0.0337444810718799 0.0239565444326184 0.181767235508992 0.0254293310879008 0.00153592495237047 0.193880528966299 0.176973935829817 0.156656468115475
0.0297741208425547 0.00271849815262008 0.131645036356407 0.126803555362887 0.0241339705502659 0.14497778144305 0.202813131276006 0.0486974485972039 0.108853038845006 0.179583418573999
0.161954270495259 0.0141007865775534 0.130708877106502 0.0467843427803404 0.029345716365793 0.233075417417959 0.147221196049771 0.0457178129477151 0.0856250690127642 0.105466511246342
0.0355695050694401 0.0576328611970833 0.0890062235829406 0.236071933689113 0.164875184061995 0.213175792771995 0.026906014517303 0.0308438250261908 0.0488764305602522 0.0970422295236875
0.145007587387639 0.0752690001560268 0.107779837373083 0.0166422895513691 0.0280119200798222 0.154638932018356 0.148484195294874 0.164885637929632 0.0306328343420237 0.128647765867172
0.134726487887939 0.0897360389874125 0.151039933016942 0.147854459154854 0.16177497964415 0.0269504783720877 0.0376524907789751 0.0602682878726283 0.152037100169288 0.0379597441157239
0.00713713200467308 0.144705186416852 0.0354318383386603 0.00409145288667966 0.0266397735583467 0.203024031837413 0.206866827068788 0.23554440319559 0.0719382241777381 0.0646211305152601
0.0491542777055267 0.172382929087291 0.0260861879381234 0.185078811532584 0.175117100208065 0.0425496816875951 0.056067736543595 0.121234352657339 0.10360978431573 0.0687191383241511
0.108934880782399 0.214398554616627 0.00975567944230193 0.0197106678889103 0.150806137303894 0.109312858844553 0.0712492695235899 0.167392635679977 0.124499691833678 0.0239396240840701
0.115581296113546 0.124077174718455 0.00621271865054682 0.0882901150615741 0.131463994724906 0.030093101950699 0.0858664026023313 0.106228338288215 0.159818927773398 0.152367930116329
0.064560537018732 0.00370906365120995 0.150636810317263 0.159290716294104 0.102707924530075 0.111284177714825 0.103861434952443 0.118286405616031 0.0631578850879369 0.12250504481738
0.0775783883903535 0.091497449723885 0.110162492539335 0.0690549311615543 0.123431115617052 0.156348466821696 0.126205604078496 0.0628353238751728 0.0311162038235153 0.151770023968941
0.0735244300650955 0.0701179131418581 0.086452828455084 0.0780964615272693 0.138076622716257 0.138859339159155 0.116752858008111 0.0906923184373723 0.109688308410412 0.0977389200793854
0.00764565888873263 0.0705604558654577 0.0660227609571633 0.194661684296297 0.119715148208136 0.0545622215979181 0.204075001772585 0.0698801690417941 0.202019081511898 0.0108578178600175
0.121948108937363 0.161660046863381 0.117300359821073 0.0946595865104986 0.0440187049450355 0.136025955112759 0.116506751462476 0.0785989983716231 0.0599595551265261 0.0693219328492637
0.106281151407344 0.113824582749401 0.143360428430314 0.0314354301420527 0.130535953151188 0.143686519122705 0.0179680193892541 0.0976479565539863 0.0851397568567549 0.130120202197
0.0602291312408258 0.0618898751153837 0.232061032421928 0.0420103361081887 0.0688082092371454 0.0489749061621949 0.0993733919298599 0.0161598732710492 0.180218643436402 0.190274601077023
0.0772754668695404 0.0203471410692369 0.0490540545492504 0.0529742342614448 0.146693351889641 0.122496127560489 0.0861585101944567 0.144655548648053 0.175901221878527 0.12444434307936
0.046591900161529 0.0478816250282821 0.0912206429773082 0.0166680918354933 0.0519784339733666 0.114607841100456 0.140849898038821 0.106464225169492 0.189309428642927 0.194427913072324
0.114662124948567 0.105871020648724 0.0926708318877011 0.145356063766533 0.148127994265081 0.0285719823671712 0.0314196870622412 0.138210324951366 0.124079746330574 0.0710302237720405
0.0982816314668185 0.0921154446968492 0.062431875402825 0.145935767133333 0.142101293966008 0.0859728496586992 0.148456279851604 0.0513295013572639 0.149105154119298 0.0242702023473018
0.0715243995710407 0.0538054601255321 0.223124584104637 0.0156466784437824 0.101398330975593 0.219461046271026 0.0374626748672732 0.159905942948053 0.0586442718286746 0.0590266108643878
0.176110635701646 0.136772446903614 0.110434214111959 0.0343573084841306 0.0898718103386472 0.103078405983729 0.0418443031012356 0.106729229669732 0.124566238586696 0.0762354071186108
0.0417442265711075 0.0111476807537056 0.151911373340333 0.1512741159726 0.0849469827455297 0.146101561667449 0.0880738493242909 0.130335996548762 0.129405774231823 0.0650584388443992
0.0758883446721579 0.0838218212854366 0.0286970813810395 0.0915662966732895 0.0915809371663748 0.0493810707825547 0.161594966666429 0.113597107568444 0.153346596358257 0.150525777446017
0.0390646713992697 0.00687181464886352 0.213809908479733 0.0367939921975353 0.0699997624808353 0.092407749140639 0.00922857695004982 0.150196407280795 0.201869920517699 0.17975719690458
0.0236533432768828 0.0263509103533128 0.161993716701697 0.147911337976798 0.177876190192578 0.162754603053536 0.0356465059264828 0.0806866723148071 0.00463833221384145 0.178488387990064
0.175294213403258 0.0721568193993473 0.0847041843684684 0.0131147427895672 0.197610552589391 0.0870822849588074 0.10820116411531 0.0414680938354125 0.0169453613825845 0.203422583157854
0.079260295656519 0.0700254284926275 0.159545338249358 0.16898488031904 0.0829617852610731 0.167773901646565 0.0969685411074017 0.0441087516992561 0.00163163273399694 0.128739444834163
0.244252355658581 0.115923186278362 0.155210921480946 0.253394008038639 0.0890731590247536 0.0177188970365141 0.00519355754915626 0.0899684879627083 0.00680709006143228 0.0224583369089081
0.16752885585283 0.0361047226318486 0.0580062136511018 0.1594481732817 0.166842683242788 0.15291517751405 0.0448984825090066 0.0958343971535741 0.103197565946004 0.0152237282170964
0.180183765081416 0.0655936265281961 0.165902692766601 0.148725743726317 0.0792295081313286 0.0217971460025185 0.00532919018785357 0.0282142301974969 0.131187140096783 0.17383695728149
0.0186255969726666 0.169485566616368 0.0543987505772196 0.167490151651103 0.149858156409304 0.151281521430854 0.129714065658775 0.0125774165297523 0.0586797357408171 0.0878890384131397
0.0248493481940129 0.077480043297605 0.109515947218726 0.0165158122437034 0.118718135604635 0.157974479162282 0.129320030295342 0.119976228239939 0.129802542173971 0.115847433569784
0.154472434189053 0.00805081182923528 0.108288631782504 0.120565649891253 0.146965187187751 0.110414317072439 0.0885517872515625 0.0983520467237379 0.122324914710012 0.0420142193624516
0.0841468955438179 0.0593032198786403 0.111115386993615 0.0746270430730025 0.00289022373249559 0.176547822056958 0.203436367206263 0.13602029168017 0.0161365876505434 0.135776162184495
0.0175451340552919 0.0780650610251617 0.214668533959864 0.156067290983866 0.00588850974681424 0.0758156795435442 0.032045596118908 0.157756389336242 0.0444145436589059 0.217733261571402
0.15305869069334 0.146866590967289 0.132429614009599 0.10481100389566 0.106808098474122 0.126100226568821 0.0568976832508236 0.108747713333838 0.00596558157672933 0.0583147972297781
0.0401410296398442 0.158677460151304 0.0669480570861655 0.156159926578579 0.013398949555487 0.128882526032272 0.183271337289187 0.0745100014917608 0.0699954841686786 0.108015228006722
0.0767660329861041 0.0869193439749745 0.152520753042777 0.164036763549229 0.0227650842272885 0.0403521785320791 0.217604741159634 0.0749599209250423 0.160906941705562 0.00316823989730975
0.113457609111156 0.128169843302305 0.148716331868999 0.0180027680448953 0.0177483280183604 0.142215442756412 0.120430358504861 0.196096721737276 0.0651131433890585 0.050049453266677
0.117881739484962 0.101006757169652 0.125547687452637 0.090837345138768 0.054712867901042 0.125150463391455 0.0565405332851168 0.0861094584551526 0.120527299577184 0.12168584814403
0.158484141768241 0.0709293644146827 0.00265350007113296 0.145224666583444 0.026020435909314 0.0107548313787234 0.0532286660109993 0.173767918402441 0.187437382991954 0.171499092469068
0.191918408574977 0.0224710699797678 0.115939499065774 0.154661693777141 0.000204340765626477 0.10732634134789 0.0340713449133938 0.0901677997672439 0.0844929741087663 0.19874652769942
0.0448015722182642 0.0400309859652919 0.00436883626836781 0.220593467129222 0.141263381604431 0.0144263048670139 0.181041934643807 0.145177334301578 0.0156433803805918 0.192652802621433
0.00212796879274131 0.00698585891479221 0.204072260899398 0.0539126048567048 0.0872355921848453 0.209952867056088 0.187761241236022 0.0380690113295575 0.118128673796353 0.0917539209334979
0.0865007051212187 0.0681680761957641 0.0745082981654714 0.0872311977271851 0.151574032614154 0.10195189067977 0.137454207232445 0.144244242717686 0.0913948915980326 0.0569724579482732
0.181165925710318 0.109950281853064 0.000667625549090788 0.16446357592968 0.0930527958237439 0.117401820959415 0.0763238665885972 0.114976734698119 0.114967173809902 0.0270301990780704
0.170786356232646 0.0099231605919706 0.0207285396585705 0.160789361510455 0.181269615796624 0.0167019752416117 0.112296500968265 0.0393888585898767 0.11066127662458 0.177454354785401
0.106126265383281 0.0792150479068735 0.0375034585235549 0.0477202834894603 0.0420180448463693 0.144435197825957 0.139604834244916 0.183676808344789 0.12107580259183 0.0986242568429682
0.148357139313875 0.159634460429559 0.113199808816074 0.131019756226751 0.125809466295761 0.0578619813922247 0.0534024293969627 0.0292365346175556 0.154687549440569 0.0267908740706677
0.060081396883409 0.0431703498571308 0.0556572197217845 0.0772040088851526 0.159683040038093 0.208148858592516 0.0717964623376358 0.133725352179481 0.0273047336729741 0.163228577831823
0.0813358822990963 0.0394072102959441 0.0123061710225363 0.143808424676887 0.0968055194638296 0.130918503263104 0.11676646007059 0.127815465021798 0.104202120152601 0.146634243733614
0.148811206259784 0.100797913066726 0.150239530400171 0.0900687846574807 0.114900089385131 0.0454168600271747 0.0846850240079241 0.0314320456989403 0.161768853039701 0.0718796934569672
0.0621030161246708 0.113497691710648 0.14340555589472 0.0856600888734115 0.0944238289287687 0.178776398235036 0.0605360705980836 0.114692820114767 0.00950740398576938 0.137397125534125
0.0744649990896285 0.123177779515392 0.0412414072389216 0.186109399874399 0.106928874440862 0.0585094541409911 0.0659279900366314 0.108945818761323 0.0770789438939911 0.157615333007862
0.119356572825598 0.141054449518514 0.0799670152452224 0.0530492373513545 0.157950716959472 0.0779129498272228 0.165033643179649 0.084722866853854 0.0949991531031577 0.0259533951359567
0.122918086437412 0.222343295292311 0.0395918886977703 0.0453748327130533 0.0407984483785823 0.171983987896178 0.0362246422127887 0.0553430532402083 0.234769420746239 0.0306523443854573
0.102391699532305 0.246117182882348 0.0599890858300585 0.139361766843958 0.171711755916617 0.0339294348942156 0.139524106767432 0.0356722032121159 0.0496306130410712 0.0216721510798772
0.137543036327667 0.108888690116937 0.101713737429546 0.0660729245300197 0.0711245022495269 0.110508177794842 0.142421859974286 0.135148517487497 0.0730421810752671 0.0535363730144104
0.16686584907804 0.0825588937224512 0.0456809287772211 0.119294044000443 0.0574688246810077 0.0977321400084905 0.143706008064715 0.173416130397063 0.0867850275328115 0.0264921537377575
0.160198707797684 0.121248895210691 0.0542177908616907 0.0235804251589489 0.0400689130229964 0.0338957675801822 0.199105852189795 0.212967698846815 0.0195508927853023 0.135165056545894
0.0287065188725195 0.0788242992426579 0.0363696766689456 0.16862323100201 0.152649086584076 0.122618802695514 0.00195998183428064 0.152284533070786 0.118147067361213 0.139816802667998
0.129547602714618 0.144991260233016 0.1464594846481 0.161521283820637 0.100507557600102 0.0457427326812538 0.0929722060416645 0.137729342287322 0.0265532536163644 0.0139752763569221
0.0998920710555815 0.0488634547344827 0.0813888944786161 0.0869688383708316 0.17750467088735 0.0826609694621772 0.0171359421105284 0.189628644490093 0.166829924212573 0.0491265901977665
0.152186980671368 0.128603977829752 0.00392778258072582 0.0859951899410372 0.0811999006857888 0.0651394381566668 0.0755258931985994 0.0792385103249485 0.167913269408364 0.160269057202749
