0.120820754105488 0.530360932605077 0.0464164595732559 0.302401853716179
0.125890426851771 0.199059561057551 0.320025908394127 0.355024103696551
0.379685688666091 0.250291089448912 0.357288740242186 0.012734481642811
0.000688514358907846 0.325972393942024 0.578189482029515 0.0951496096695528
0.283576348689362 0.227839908321043 0.461292249362554 0.027291493627042
0.0647614672979933 0.542261602751641 0.267667259507294 0.125309670443071
0.3703960579918 0.252374142737311 0.146617395130843 0.230612404140046
0.0236950255242222 0.352855652776908 0.332365443702295 0.291083877996576
0.18008244625504 0.225686008781099 0.277132253461735 0.317099291502126
0.203606932586857 0.0461660878904363 0.400737146209806 0.3494898333129
0.076046755460678 0.318254957402516 0.471613952006722 0.134084335130084
0.346676516806244 0.257016363504291 0.0921618583250687 0.304145261364396
0.248889401922146 0.169106318463229 0.302282115309962 0.279722164304663
0.377105363282291 0.373994442435118 0.0676952744300022 0.181204919852589
0.110729526869584 0.370606101032431 0.0123040625216066 0.506360309576379
0.221318666830614 0.290283520750872 0.277759954864111 0.210637857554403
0.231246258107638 0.132741889105178 0.44608319766039 0.189928655126795
0.382318433255602 0.372021048935968 0.119469240993526 0.126191276814903
0.346734019278106 0.216745084477258 0.284653139697597 0.151867756547038
0.487824526666708 0.0930220676202946 0.288812243579641 0.130341162133356
0.27539018563959 0.0136230755788907 0.368290881012914 0.342695857768605
0.275825791424379 0.27875551743271 0.0799689619260085 0.365449729216902
0.277831720294386 0.228782001633801 0.218909141336726 0.274477136735087
0.223532198556199 0.327946446293259 0.268368067437993 0.18015328771255
0.189191835768043 0.195918802627382 0.383524733637457 0.231364627967118
0.392779843003967 0.412750573991725 0.010900734654657 0.183568848349651
0.346202413242989 0.112925088134008 0.239792836101894 0.301079662521109
0.439698465373264 0.235189003424979 0.124880810185163 0.200231721016595
0.123626359211016 0.175069435416871 0.480462700525598 0.220841504846516
0.330649773064259 0.149113639707983 0.1676694815217 0.352567105706058
0.00469684252683838 0.401581216178703 0.200009698058373 0.393712243236086
0.37740898168232 0.228023223751663 0.102450220145714 0.292117574420304
0.189692569479642 0.073754709059557 0.454014951233155 0.282537770227647
0.331630038127585 0.124791793753645 0.203577850376901 0.340000317741869
0.450559772788015 0.0131051073322002 0.398283199544869 0.138051920334916
0.0965101432041036 0.371310753963575 0.314559252849665 0.217619849982657
0.537484982417498 0.140118170798888 0.0997025848578414 0.222694261925773
0.377547009260964 0.0333010971077306 0.118458445454035 0.470693448177271
0.349801778428177 0.35101714460412 0.295467107020342 0.00371396994736106
0.0776637828073665 0.198646153960561 0.654540869201195 0.0691491940308783
0.247354337301066 0.164942012117507 0.269079929502355 0.318623721079072
0.0177295969735959 0.364813894940639 0.33892490073955 0.278531607346216
0.0826851030800052 0.232275161610189 0.580840811366957 0.104198923942849
0.475977297693775 0.102021638007599 0.201151340314824 0.220849723983802
0.193148731012786 0.307608182741315 0.0619906023013875 0.437252483944512
0.352550258438465 0.286232046523222 0.0197864250693605 0.341431269968952
0.131789475663444 0.220415238900227 0.346379479355042 0.301415806081287
0.217128121612494 0.303551573366174 0.177228847769027 0.302091457252304
0.362729605698263 0.376594621097221 0.048381314209821 0.212294458994695
0.0803188144743439 0.171489222764744 0.382925272424222 0.365266690336691
0.312433612464055 0.213140865652414 0.288235320953968 0.186190200929562
0.253736202210895 0.239734720195008 0.19293878929219 0.313590288301906
0.579485085773656 0.0838321796236182 0.269012132052108 0.0676706025506177
0.157447697300552 0.299349920961311 0.0926016359913407 0.450600745746796
0.254342665518001 0.0951211347652538 0.350194106388934 0.300342093327812
0.287160597566131 0.325240844294843 0.162901542036179 0.224697016102848
0.0160534080000652 0.429807007518757 0.393953053742986 0.160186530738192
0.350922067044198 0.173801687133658 0.319100376250755 0.15617586957139
0.26352881096687 0.298241325905378 0.104789506950875 0.333440356176876
0.381765784669524 0.451607837198008 0.0898873172110095 0.0767390609214587
0.294175285799723 0.0508761917610951 0.272684372848006 0.382264149591176
0.208027954069302 0.112050568911267 0.190544762495067 0.489376714524364
0.288870200129384 0.045663117845273 0.408234069620311 0.257232612405033
0.354222325735516 0.00770404614981538 0.177411289068506 0.460662339046163
0.040545382474272 0.715359913282179 0.114377592933419 0.12971711131013
0.313258481146732 0.128281602003197 0.359868718843268 0.198591198006802
0.453750002233856 0.154003760176321 0.126953796557924 0.265292441031899
0.193491419659466 0.0726383952583766 0.411656612023824 0.322213573058333
0.272331940047197 0.249284352207265 0.141853648861971 0.336530058883566
0.102501958275464 0.413007871691565 0.125591706127683 0.358898463905288
0.125811987507938 0.0327558468232624 0.39766258516064 0.443769580508159
0.285216745787822 0.30081392797191 0.121343205333437 0.292626120906831
0.0577508658005182 0.278326918829327 0.322747588412105 0.341174626958049
0.276025049641423 0.324561669600964 0.15609464986363 0.243318630893983
0.286657065049271 0.202461994049254 0.278506804075796 0.232374136825679
0.189272852763377 0.157564848404461 0.31234329589462 0.340819002937542
0.472535334729483 0.0166085562490882 0.245574320986834 0.265281788034594
0.27705379585819 0.314752920207075 0.201460658463178 0.206732625471556
0.631423374445421 0.0794141949965331 0.0771782733502205 0.211984157207825
0.353228686760463 0.144684681657759 0.206642337956653 0.295444293625124
0.219092987632746 0.434368883425635 0.00892920743513786 0.337608921506481
0.0292386788455707 0.275160446431981 0.638039588252276 0.0575612864701723
0.212113765983511 0.0926666528230997 0.208804716563003 0.486414864630386
0.0164983426966994 0.31249526255273 0.557455021771295 0.113551372979276
0.283681550702941 0.441114193782866 0.0500902760935853 0.225113979420608
0.364552138327117 0.43886103963995 0.14478309220399 0.0518037298289427
0.28487995082608 0.236309692921498 0.25813053399067 0.220679822261752
0.27325818603342 0.252718529948362 0.169015933328227 0.305007350689992
0.251129607034473 0.217041728334738 0.260825776601275 0.271002888029514
0.0791860787468063 0.449588577195222 0.297684270490434 0.173541073567537
0.328962886410854 0.065361777951654 0.477939132535393 0.127736203102099
0.25421624710695 0.239127947011251 0.215095008384649 0.29156079749715
0.276328088845914 0.543327452308741 0.171933906921229 0.00841055192411531
0.370893751440314 0.0550418649426755 0.327884148478011 0.246180235138999
0.418941727967885 0.143276209443086 0.0765650754671113 0.361216987121918
0.362986436647159 0.17990922857447 0.398764977660068 0.0583393571183033
0.406098952641139 0.0536237209901777 0.416821833986837 0.123455492381846
0.19439519479866 0.169403036029375 0.63347270342261 0.00272906574935518
0.311125671297657 0.0301509196285972 0.0609507263034366 0.597772682770309
0.176378781701285 0.254064648758793 0.289762390032426 0.279794179507496
0.0333451370585705 0.519781905416156 0.0622376108235085 0.384635346701765
0.416084546592636 0.263513693635534 0.246213800340797 0.0741879594310331
0.0826893875829 0.300526146916179 0.4429888796479 0.173795585853021
0.00231756375104178 0.21723377198345 0.20062014104641 0.579828523219098
0.276842455732437 0.160535505699361 0.172219822554798 0.390402216013404
0.25122573308435 0.322068065408899 0.273853438150252 0.152852763356499
0.250733541334672 0.0777611647293229 0.0881172537572856 0.583388040178719
0.241301639636734 0.44777342313103 0.203764159052357 0.107160778179879
0.222226474627874 0.213601592011843 0.469978005477396 0.0941939278828873
0.329423875003308 0.270875876599824 0.308601638312738 0.0910986100841304
0.235846367513894 0.336654892468923 0.0057759653017025 0.42172277471548
0.0792905805953769 0.479321608073961 0.321147550137459 0.120240261193203
0.145545733812108 0.118863454051851 0.305939942037132 0.42965087009891
0.153765216197697 0.262996260177529 0.320751740991132 0.262486782633642
0.434896700973071 0.112796992176329 0.376297818135353 0.0760084887152464
0.112256399746932 0.29254494786679 0.314843943530152 0.280354708856126
0.4021316791021 0.118591207577825 0.140714934918967 0.338562178401108
0.372323885160959 0.0835746753387933 0.221235295450557 0.32286614404969
0.208635435529867 0.123814667378429 0.0715556272308763 0.595994269860828
0.20849008262986 0.216970836349847 0.476813946641895 0.0977251343783982
0.166578555374163 0.240491708266206 0.291877497684353 0.301052238675279
0.272748438521232 0.23447041300491 0.137661507268977 0.35511964120488
0.132295525042422 0.0114891623034171 0.262651591632332 0.593563721021829
0.441019983344619 0.0598997993438992 0.32174282580175 0.177337391509733
0.350854144927245 0.300711992276189 0.333989885971932 0.0144439768246346
0.284980648113031 0.263343397508276 0.276559743869886 0.175116210508807
0.0857583784781951 0.343133889354171 0.146300199771341 0.424807532396293
0.291162384976597 0.23867534001536 0.280836311789292 0.189325963218751
0.319884049853462 0.126222158318022 0.224637470779843 0.329256321048673
0.298854793348844 0.344134847470521 0.116812955122211 0.240197404058424
0.144687534690714 0.248421699611562 0.0609751672380184 0.545915598459705
0.237644977431244 0.0159850785205012 0.640812872837368 0.105557071210887
0.373627163946561 0.0392215435086128 0.259666409373535 0.32748488317129
0.222670874310356 0.249114811869269 0.227465288722825 0.300749025097549
0.153380325678961 0.198055374624441 0.247435919481006 0.401128380215591
0.253969095950025 0.271003967932306 0.250893488427951 0.224133447689718
0.354476901541614 0.234870812721693 0.157083397802026 0.253568887934666
0.0132733122671413 0.464265587805094 0.481035112464353 0.0414259874634112
0.0114260648504687 0.349965163103256 0.206734404725761 0.431874367320514
0.301345512575136 0.243350844818173 0.0272360822821753 0.428067560324516
0.399212580740372 0.425371592705189 0.0516210983120545 0.123794728242384
0.344769373121645 0.150935091329774 0.240267117524121 0.26402841802446
0.288676596841691 0.243681974914183 0.202795821608989 0.264845606635137
0.258216134648556 0.360113328555549 0.336072037564418 0.0455984992314771
0.378924753943253 0.112469070865855 0.285664037555885 0.222942137635007
0.117571168716989 0.409264683220714 0.0661711436302995 0.406993004431998
0.0851540823038767 0.370063141140256 0.247661681321273 0.297121095234594
0.086446857903695 0.10917684358534 0.523849008164225 0.28052729034674
0.221756541070745 0.119609979521264 0.369106133356885 0.289527346051107
0.0516182438113738 0.0572376796752775 0.33297713833457 0.558166938178779
0.354321032766813 0.304609163815981 0.254560899283694 0.0865089041335114
0.171703657540027 0.274316347637273 0.25840052232065 0.295579472502051
0.084591332637164 0.41045819593488 0.0536771106233333 0.451273360804622
0.0386307314468856 0.526779987029161 0.0654106231378677 0.369178658386086
0.222005770545284 0.255043727710391 0.270570493706773 0.252380008037552
0.298930448231078 0.0373965907889305 0.343545669044092 0.3201272919359
0.050695799718951 0.429274936292352 0.288256236513097 0.2317730274756
0.136657397970344 0.36020118994751 0.328702396220682 0.174439015861464
0.303087075131982 0.208177253418096 0.315939777883339 0.172795893566583
0.331493407573321 0.313565680925568 0.335503686836662 0.0194372246644494
0.326973242857732 0.0633015189967443 0.368202729185677 0.241522508959847
0.257105142707676 0.301513899692495 0.426797376517265 0.0145835810825648
0.592971796023649 0.195630331264839 0.0226573049025965 0.188740567808916
0.294989671803113 0.0952131448399081 0.296284540054162 0.313512643302816
0.196189225939013 0.136486580423733 0.612063143118364 0.0552610505188905
0.0677434054827935 0.564580074640315 0.306577687674359 0.0610988322025325
0.241876402257661 0.257604063284501 0.244727842062884 0.255791692394954
0.491805222333545 0.00285928082638373 0.395399642294687 0.109935854545385
0.0139334050716513 0.37967750104656 0.599053353854455 0.00733574002733409
0.173563137690587 0.0322003797670924 0.542151247599747 0.252085234942574
0.413653336123969 0.230943052894894 0.0403665223231123 0.315037088658024
0.232141571819061 0.214765496651618 0.248102003128943 0.304990928400379
0.377636703518324 0.0522346359287303 0.174624581584828 0.395504078968117
0.0953531669698022 0.259996137837988 0.343086198962323 0.301564496229887
0.265064140396036 0.390872437621414 0.170556099582477 0.173507322400074
0.162358173033952 0.418530665328429 0.154949651229371 0.264161510408248
0.33988908464898 0.370897344494088 0.150270632359243 0.138942938497689
0.244296422706793 0.387300143562774 0.196950196967548 0.171453236762886
0.16354468796107 0.224967624530146 0.240114837971167 0.371372849537618
0.387866777479252 0.0732726180866334 0.434384619525925 0.10447598490819
0.102960036797321 0.246987546210911 0.448928743911486 0.201123673080282
0.38673802409545 0.326458691160006 0.130491189603262 0.156312095141282
0.377510120153649 0.109247217925295 0.0268438945808436 0.486398767340212
0.116880049745699 0.277773485621329 0.306879867485613 0.298466597147359
0.289495392095745 0.0121501955491951 0.371786647951721 0.326567764403339
0.28192464753794 0.4930980435141 0.21667633134979 0.00830097759817044
0.179941296076725 0.27061060252114 0.313493715913464 0.235954385488671
0.162161407842049 0.169780196615869 0.378062271324284 0.289996124217798
0.329586373072078 0.335089584282205 0.229932257264259 0.105391785381458
0.364172168044912 0.191830205430674 0.0554182936429651 0.388579332881449
0.25074001608364 0.191304760753067 0.185306666827013 0.372648556336279
0.554838977060969 0.276213496897602 0.102268245020409 0.0666792810210204
0.0961334309256929 0.376061633639264 0.0890940813165107 0.438710854118532
0.125445906825228 0.153878235165448 0.281492555781319 0.439183302228005
0.258119297601973 0.453827674974556 0.0799772129567868 0.208075814466684
0.344873226732752 0.394688473368189 0.0658202815826444 0.194618018316414
0.0119300291617761 0.270659100129908 0.255785688619645 0.461625182088671
0.590422595193849 0.0311258929231329 0.277078681495048 0.10137283038797
0.0344382509556644 0.162438872429871 0.441382863609586 0.361740013004878
0.309668440214785 0.411870558342098 0.240534532757288 0.0379264686858294
0.0527240473784845 0.336998398878087 0.300015271547541 0.310262282195887
0.40573280440334 0.192612525995608 0.161871398057116 0.239783271543937
0.352926977616364 0.200808579645313 0.0187999704704173 0.427464472267906
0.165980486460455 0.0337706404633718 0.396451894683954 0.40379697839222
0.309944680759174 0.225394636826841 0.137409688221738 0.327250994192248
0.582776016471595 0.0444761562430867 0.34247709711963 0.0302707301656889
0.225861741524954 0.189349381227174 0.217671820646994 0.367117056600878
0.327274868745803 0.0188210202518435 0.370965259575864 0.282938851426489
0.407471653583019 0.0901965949314975 0.00527264053630155 0.497059110949182
0.0901677210205081 0.103995692524637 0.348317508014244 0.457519078440611
0.26176320107609 0.329008587856708 0.133453823147964 0.275774387919239
0.114798853946131 0.497451961255638 0.264100183210279 0.123649001587952
0.304408767168593 0.152790662808884 0.279941549979513 0.26285902004301
0.295306725603299 0.164924717188556 0.240861961869881 0.298906595338264
0.000235340104963807 0.306022254188255 0.384782694871905 0.308959710834876
0.422886899606012 0.041094337396791 0.145626414927802 0.390392348069395
0.334742435809304 0.15871301191133 0.335248832328597 0.171295719950769
0.00184051508653806 0.244004044747508 0.0269897635125509 0.727165676653403
0.615184787017874 0.188371447364166 0.106338389004426 0.0901053766135339
0.0824954955617735 0.265288495457655 0.26742881887558 0.384787190104992
0.101097742408238 0.598803068866972 0.140270698522299 0.15982849020249
0.32520471531824 0.419799051946206 0.0736367961396422 0.181359436595911
0.180194370901511 0.420490265649782 0.0891521409645059 0.310163222484201
0.66841999435525 0.0860432726728427 0.0656226706410121 0.179914062330895
0.364496612690771 0.250197465123869 0.165773836510351 0.219532085675008
0.615198473122462 0.0794006471279774 0.129586470514707 0.175814409234854
0.182549365405355 0.0315783970056344 0.552792962037154 0.233079275551857
0.240133673756008 0.155651712353032 0.36783895549635 0.23637565839461
0.296678004109282 0.339337129175007 0.294806918694316 0.0691779480213938
0.361718372824617 0.0533515277425109 0.356569132832424 0.228360966600448
0.22675601775428 0.286109830834692 0.367363832826758 0.11977031858427
0.138842796109042 0.0456773527758212 0.404086201327452 0.411393649787685
0.000524455730148664 0.35297331680744 0.357529495189991 0.288972732272421
0.326357964902859 0.227333310706122 0.254870246946112 0.191438477444907
0.354191238860062 0.0968494700194659 0.319069011202819 0.229890279917654
0.101293311802072 0.43752272025725 0.0163271685259976 0.444856799414681
0.264156205163607 0.215379890132758 0.161548997115176 0.358914907588459
0.00947179297346906 0.322457346530374 0.147105550497484 0.520965309998672
0.0824492648716646 0.33490461782552 0.278808963119761 0.303837154183054
0.446442215589401 0.239148983583145 0.283089562150116 0.0313192386773381
0.229345737509091 0.218290750454868 0.21795097693682 0.334412535099222
0.362506373303774 0.367250388161524 0.150108722112115 0.120134516422587
0.0615535946428583 0.294551212617168 0.554114683154479 0.0897805095854948
0.321616396746396 0.417013013844798 0.128770835238988 0.132599754169818
0.489385313365022 0.41996307994617 0.0553891121813405 0.0352624945074671
0.212140467787989 0.230161976501717 0.381936169062373 0.17576138664792
0.44716314423517 0.364318090922788 0.0164600069774129 0.172058757864629
0.478569706115076 0.0259367247189707 0.339875261202946 0.155618307963007
0.114890836101125 0.672225162045197 0.115871291749369 0.0970127101043086
0.407188173648989 0.0234566380568381 0.564409643886893 0.00494554440727972
0.300825904095718 0.502949717653019 0.0945525501463895 0.101671828104874
0.364512341960333 0.173839737621738 0.235075007917794 0.226572912500135
0.125548562015496 0.354456570617634 0.144927757894661 0.37506710947221
0.149447770951448 0.394727733486537 0.217452372902617 0.238372122659398
0.235486811337634 0.144611962362951 0.332241619268483 0.287659607030932
0.268215023422873 0.0532738738279246 0.486404882591741 0.19210622015746
0.205351245318818 0.25840294450715 0.205780395547337 0.330465414626695
0.231469572753437 0.379791129676216 0.248068899289195 0.140670398281152
0.00932270614193994 0.315322640884014 0.447771238819243 0.227583414154803
0.241859079672926 0.104878339896 0.300445989596016 0.352816590835059
0.22863343058829 0.00934464079785755 0.367459541680179 0.394562386933674
0.0895903833794363 0.485154192936181 0.190398060132951 0.234857363551432
0.369187881939198 0.121974564958479 0.239659160735673 0.269178392366649
0.299612488230868 0.432665039001957 0.0216674179199825 0.246055054847192
0.27753220207913 0.356151532221629 0.111185638187557 0.255130627511684
0.293873277075028 0.251071701434163 0.173918118396292 0.281136903094517
0.34332455092929 0.0698106827799421 0.297180761194638 0.289684005096129
0.0118717006700839 0.367241727138315 0.32419371540208 0.296692856789521
0.211191842581414 0.150208156822684 0.252849493839736 0.385750506756166
0.0246294027045746 0.188818689383213 0.423884487794985 0.362667420117228
0.097450748859106 0.265194857149298 0.249316699726198 0.388037694265399
0.381753053038338 0.153716973144035 0.251666861404793 0.212863112412834
0.431912689523885 0.126065942547202 0.0124141678450498 0.429607200083863
0.438767483689989 0.208530594933856 0.177017369486983 0.175684551889172
0.321840078906187 0.179310506196473 0.161184133515766 0.337665281381574
0.167451413661113 0.182856773745711 0.442289080425991 0.207402732167186
0.0475090630815015 0.220546327833162 0.428790980071528 0.303153629013809
0.425292042998452 0.241584565602665 0.216023498982417 0.117099892416466
0.573321973486742 0.0485192438031037 0.272564061890496 0.105594720819659
0.180816226613796 0.290701591837998 0.4565264503744 0.0719557311738068
0.474346767275887 0.127266401659625 0.268562838865943 0.129823992198545
0.0918442498733392 0.223212605402007 0.249598322643324 0.43534482208133
0.365249430161569 0.234804664197168 0.258420061161346 0.141525844479917
0.313430643095735 0.339828155487634 0.336922493918198 0.00981870749843354
0.313796150869053 0.322403659932418 0.32753649020622 0.0362636989923086
0.203705246135736 0.181397274306736 0.306974368881897 0.30792311067563
0.510839221807418 0.0612853309120194 0.20407381062351 0.223801636657053
0.0457780240331926 0.514136431061414 3.44464326277592e-05 0.440051098472766
0.0580116388231056 0.218409243626905 0.154359824001381 0.569219293548608
0.354267882049876 0.215436982042085 0.256896479273961 0.173398656634079
0.206024016289484 0.303066338766895 0.271406652001238 0.219502992942384
0.362060847571488 0.384888249193499 0.0821437762867681 0.170907126948246
0.424118738182896 0.376872201316654 0.169868504976606 0.0291405555238429
0.0173685255913073 0.449685787177872 0.212608077748923 0.320337609481897
0.142850789056802 0.439810058464341 0.403969268805022 0.0133698836738358
0.340929141326616 0.00573768148950534 0.336721491559327 0.316611685624552
0.299826924039936 0.285322281918258 0.10802908514154 0.306821708900267
0.175462216063514 0.251718933198522 0.254882796213636 0.317936054524327
0.273834718106393 0.353294297746002 0.0651231041506101 0.307747879996995
0.372885883121464 0.383228250627037 0.225824346511176 0.0180615197403232
0.241307275440925 0.314568848254855 0.302052475311911 0.142071400992309
0.151285132846221 0.239934038403816 0.292817779623677 0.315963049126286
0.124174395757361 0.337784361096009 0.141634817933486 0.396406425213144
0.142197555783035 0.220062252747151 0.322810084767937 0.314930106701878
0.256416037766654 0.248524806670217 0.440409608713074 0.0546495468500551
0.0980806451209339 0.163385462186336 0.439410959871222 0.299122932821509
0.254721039794042 0.003994130647566 0.54027781011189 0.201007019446502
0.0327335412117041 0.288144667980151 0.354781181517578 0.324340609290567
0.195771972878299 0.590922564817607 0.198579920481346 0.0147255418227481
0.133154409927987 0.644078630305096 0.0052276335169145 0.217539326250002
0.0502405697181038 0.00704162301241291 0.712492950116834 0.230224857152649
0.374408125417218 0.403269709897644 0.194393812402729 0.0279283522824097
0.572636966564844 0.300042232320654 0.0809551216943877 0.0463656794201149
0.326719145978759 0.339506735583846 0.000554693976099843 0.333219424461295
0.176221920437979 0.407972988917934 0.315839790955109 0.0999652996889776
0.457684531821519 0.184739466098628 0.0184885587447152 0.339087443335138
0.164330637326176 0.20146594719026 0.407171206618491 0.227032208865072
0.33155320698785 0.0239353493749585 0.238649746089886 0.405861697547305
0.331603040954425 0.291595753610745 0.148887392301515 0.227913813133315
0.305176752504705 0.0264586079310996 0.339955779469832 0.328408860094364
0.343130739061915 0.061328822108913 0.1240101563636 0.471530282465572
0.282241088386653 0.265489896698675 0.292921435958028 0.159347578956643
0.272441539331827 0.186533953452758 0.349669298738438 0.191355208476978
0.0679662536363924 0.0541478176206739 0.341262989315312 0.536622939427622
0.0809528494566609 0.321726832834975 0.172016413908165 0.425303903800199
0.210883838172007 0.342749858104842 0.151638758324078 0.294727545399073
0.257225075262509 0.0692951835189659 0.341731285445425 0.3317484557731
0.345146364285711 0.299615793184917 0.183603605990866 0.171634236538507
0.285402792154118 0.224078267030353 0.151246843213733 0.339272097601795
0.171780169800754 0.202259783182371 0.210550861919477 0.415409185097398
0.14665771404475 0.118420686936194 0.302857824783213 0.432063774235843
0.675531785082841 0.159050263257984 0.0392061780198527 0.126211773639322
0.121125007863933 0.564353459147145 0.163583950125562 0.15093758286336
0.291085137197757 0.135127211616616 0.280103477034365 0.293684174151263
0.317639359804199 0.0476576509408608 0.320486618426752 0.314216370828188
0.496853822307152 0.026591332630661 0.292322827634814 0.184232017427373
0.0792315155953425 0.482768144083578 0.097717552390995 0.340282787930084
0.361073906165661 0.0457950425596308 0.164945322728098 0.428185728546609
0.249835598373213 0.290477656028711 0.127276993803657 0.33240975179442
0.122016905493352 0.292286360942996 0.208119794593443 0.377576938970209
0.392299778930931 0.177111549435598 0.226741542236307 0.203847129397164
0.121380605746752 0.356682142395768 0.252739172099254 0.269198079758226
0.226843824813138 0.215274857800913 0.353379563615396 0.204501753770553
0.338737693167125 0.108931688731665 0.197503113554539 0.354827504546672
0.260876817361069 0.683907339581143 0.039214344297778 0.0160014987600095
0.255824216963788 0.237111072530428 0.155932990216068 0.351131720289715
0.271851130291694 0.228727815015628 0.233096043443078 0.266325011249599
0.265106369240475 0.0433511897922632 0.39417511657024 0.297367324397022
0.0629943621726136 0.642247679301461 0.281614421892662 0.0131435366332633
0.250322926517357 0.236932265940634 0.22854666758693 0.284198139955079
0.0648581539560444 0.370664612718732 0.304718347742948 0.259758885582276
0.136400419264204 0.678903655913732 0.0911476663141467 0.0935482585079166
0.20536994556437 0.225350489987282 0.13487963948577 0.434399924962578
0.0965210841294547 0.480314278732014 0.118215601018967 0.304949036119564
0.336845837573113 0.117997775929548 0.129936183807442 0.415220202689897
0.429882153425556 0.222397831040876 0.267248465510699 0.0804715500228689
0.0944559108638029 0.289541107798464 0.318527965657615 0.297475015680118
0.176401481068357 0.401219423441161 0.40719516089446 0.015183934596022
0.141044870427107 0.283602555064529 0.287782493543656 0.287570080964708
0.00270861616580921 0.320778099465504 0.297305512810661 0.379207771558026
0.486014423872908 0.00311169665871216 0.309984816644635 0.200889062823745
0.113207680988551 0.208088273875584 0.5395569870743 0.139147058061565
0.112285231590494 0.402957289206522 0.0885213982859602 0.396236080917024
0.453305359207307 0.0206953039278546 0.0325159750637292 0.493483361801109
0.510057958310884 0.0927264596991939 0.0992222683904522 0.29799331359947
0.168776226273574 0.566539328704394 0.101858121284431 0.162826323737601
0.0755545352608109 0.219313005112541 0.430675673305978 0.27445678632067
0.248101207196455 0.22850781821763 0.411500618134224 0.111890356451691
0.416510183091886 0.140144129538746 0.0795203852823018 0.363825302087066
0.387532692378743 0.169342213443305 0.101173764345791 0.341951329832161
0.183895788675428 0.00295174265491218 0.387038713844182 0.426113754825478
0.381180370345332 0.248614722385743 0.157406892267399 0.212798015001526
0.113996671928096 0.131956721802663 0.669748158055283 0.0842984482139576
0.332252761894862 0.26377548843639 0.137210793447908 0.26676095622084
0.306030519471596 0.437366717937883 0.233757869687636 0.0228448929028857
0.198522686603109 0.141404513179454 0.298159147568022 0.361913652649415
0.180545594928984 0.171017396587656 0.190869205462142 0.457567803021218
0.249816469708555 0.16789831894644 0.409104819479776 0.173180391865229
0.146878391471434 0.404442388702669 0.1912533461531 0.257425873672796
0.459241200991639 0.444070730756761 0.0339075922498572 0.0627804760017426
0.160262567496206 0.26279264432878 0.0441226705696002 0.532822117605413
0.133067541842364 0.397015791288966 0.210211685155769 0.259704981712902
0.179999674034427 0.164059728152357 0.106424914195123 0.549515683618093
0.247014503413668 0.478867083863965 0.101680930367729 0.172437482354638
0.150164436946741 0.393557855939518 0.141011472544597 0.315266234569144
0.120230675347679 0.387359350950992 0.218428715764608 0.273981257936722
0.404489733554686 0.212461946387338 0.120015867060714 0.263032452997262
0.154819208402377 0.412415359950681 0.271062704585042 0.1617027270619
0.0449396882842422 0.3187739652052 0.341802271367981 0.294484075142577
0.380199711708916 0.179493613913501 0.353380718670977 0.0869259557066054
0.424572737225317 0.120537429972769 0.349762089328006 0.105127743473909
0.225667104243721 0.546656128787047 0.117122888748829 0.110553878220403
0.286121150434498 0.263506076044974 0.0985065924207024 0.351866181099827
0.420476763858937 0.22257084476961 0.326828055562359 0.0301243358090943
0.353034967945379 0.121890475241097 0.235893207942049 0.289181348871476
0.271628806617255 0.152981193258712 0.206950604290794 0.368439395833239
0.125282725561945 0.240965474462923 0.32216075599273 0.311591043982402
0.463849379977294 0.128094678775808 0.00180613980185728 0.406249801445041
0.392441064240067 0.0953701873765515 0.312678664949856 0.199510083433526
0.274148583136062 0.418279513901102 0.0773134044565917 0.230258498506245
0.106845067087085 0.294437194253703 0.272639649000928 0.326078089658284
0.348553537224115 0.0220999199299468 0.334443143397078 0.29490339944886
0.21972318436277 0.416115703219011 0.155924089026375 0.208237023391844
0.228495713412805 0.034279891747627 0.541218432121398 0.196005962718171
0.273726189790224 0.265432301852378 0.177483906083243 0.283357602274155
0.232579999613317 0.124343762357443 0.400934244163798 0.242141993865442
0.0636831829336364 0.284658432012147 0.285591806803263 0.366066578250954
0.0764399057265188 0.33481059629422 0.352503497389511 0.23624600058975
0.0597723931454338 0.136796189249192 0.271372363977999 0.532059053627375
0.163315284377985 0.312466809926377 0.113137126463705 0.411080779231934
0.275644345772799 0.315216019439856 0.0209943729051151 0.388145261882229
0.275368520264325 0.314380141159505 0.0809906568820107 0.329260681694159
0.556601646564912 0.105795372030119 0.0702801680601009 0.267322813344868
0.453805297033655 0.237105152110249 0.24197217921498 0.0671173716411155
0.220026605526496 0.191730158939837 0.229214906639932 0.359028328893735
0.0070942516962555 0.279542942454321 0.0122349710909553 0.701127834758469
0.165455773144728 0.146792280208764 0.497725490404962 0.190026456241546
0.447286699306327 0.221284086701652 0.0734371745504701 0.257992039441552
0.469376149318778 0.382807781158717 0.0146589953742933 0.133157074148212
0.299782045365871 0.177432137114298 0.227049603693863 0.295736213825969
0.32185858568873 0.0168563514383507 0.297151863867704 0.364133199005215
0.275395377995328 0.422529713614562 0.195134438260237 0.106940470129873
0.292557911792662 0.258582534975056 0.0959198756186512 0.352939677613631
0.412528449869535 0.221704150502865 0.343747078710736 0.0220203209168639
0.00791899304313803 0.291121300144989 0.679303496685642 0.0216562101262306
0.417196897972422 0.1845424326836 0.279691359806454 0.118569309537524
0.154044741351874 0.193752351433024 0.559882282018428 0.0923206251966742
0.327518758185723 0.443905542288185 0.163677283715914 0.064898415810178
0.632833497775455 0.131389120588728 0.113278140740225 0.122499240895592
0.449998050954341 0.0874303528323408 0.141637311930481 0.320934284282837
0.224577545963709 0.177256171940858 0.344606095072687 0.253560187022747
0.436082308119496 0.11297275578326 0.062163068254282 0.388781867842962
0.302655711440684 0.306324320283203 0.00639938020690947 0.384620588069203
0.532419368254503 0.180812295619661 0.059108126251214 0.227660209874623
0.0917673359366455 0.475933094294242 0.0463818551689493 0.385917714600163
0.379812487020974 0.127047492600159 0.176342648997907 0.31679737138096
0.461524092910958 0.178443459620573 0.0864107703066364 0.273621677161833
0.360417133808427 0.424641137545496 0.0943719500833071 0.12056977856277
0.139143692266017 0.0593520128282393 0.418150275361795 0.383354019543949
0.052639130400611 0.0889692970798195 0.365986827490578 0.492404745028992
0.100755600716153 0.207945874725016 0.144211975383177 0.547086549175654
0.362680876110539 0.147248743072187 0.215339857134997 0.274730523682277
0.335425857722833 0.161683977156864 0.117262539487748 0.385627625632555
0.250848332886054 0.384916733481407 0.0555475127716309 0.308687420860908
0.372648060870405 0.26755072791259 0.16091490919921 0.198886302017794
0.189567456269799 0.258349033583006 0.170813821392725 0.38126968875447
0.305374529343166 0.475065859987569 0.122473723715186 0.0970858869540795
0.404716936433146 0.0316476474061662 0.205239975432797 0.358395440727891
0.179881493021533 0.245465059249497 0.225679811131508 0.348973636597462
0.294334362943932 0.240931357577854 0.138185282887674 0.32654899659054
0.28639412997558 0.127514464801019 0.380050401003214 0.206041004220187
0.351294744046967 0.0103870883515951 0.309782877982381 0.328535289619057
0.145989902575357 0.278134190364574 0.286400662582081 0.289475244477987
0.204895586822039 0.223496890977645 0.237627897214146 0.333979624986169
0.331458745724693 0.34946870608095 0.213791021249961 0.105281526944396
0.200304479091838 0.314873979480622 0.116356237919615 0.368465303507925
0.464028253581189 0.0339811720968009 0.143149955473558 0.358840618848452
0.511596384627839 0.101360267244165 0.236240834360071 0.150802513767926
0.12817637536127 0.34518332453881 0.189668049212171 0.336972250887749
0.230423426184573 0.318910587471754 0.194494008878281 0.256171977465392
0.201757125847275 0.399696583548221 0.36470765949564 0.0338386311088643
0.293598999606512 0.266872118960388 0.0546434760654907 0.38488540536761
0.225824644929228 0.0921700480354734 0.31369168042604 0.368313626609258
0.351146143341449 0.249359583547488 0.171305318538833 0.22818895457223
0.393461211701258 0.291358954429879 0.161753060980385 0.153426772888477
0.543334050535831 0.27284727732133 0.106872131586082 0.0769465405567569
0.0722244968300114 0.414265351374548 0.0749879420817685 0.438522209713672
0.498349425832012 0.187288985063546 0.109749124982822 0.20461246412162
0.132074631477263 0.341670993758865 0.322587391833625 0.203666982930247
0.0388743197661566 0.215730485115721 0.123029094691865 0.622366100426257
0.474827210102707 0.192614014583703 0.166723526678179 0.165835248635411
0.549129024550149 0.179534119006842 0.240436713218394 0.0309001432246154
0.181117852552531 0.179370495117881 0.314079475573122 0.325432176756466
0.172824915292911 0.344900632784612 0.325159089702317 0.157115362220159
0.0231892959540644 0.248846588208349 0.603691640048202 0.124272475789385
0.0706019971970463 0.289789270249358 0.328080606395457 0.311528126158138
0.329192911516891 0.263463611932823 0.167793841199264 0.239549635351023
0.1374976676124 0.280679809469076 0.255005901149326 0.326816621769199
0.0653082873203426 0.321090678090331 0.311532767871871 0.302068266717456
0.328338565488239 0.298123933941686 0.154125394195189 0.219412106374886
0.114695813090912 0.0738714723755041 0.364695531810567 0.446737182723017
0.273934238172339 0.28001588388437 0.228330342317211 0.21771953562608
0.0265710705819633 0.40039037477755 0.416229173145988 0.156809381494499
0.10580722771363 0.0167326721827262 0.406474707435622 0.470985392668022
0.404616446558036 0.283155899084615 0.191116264631126 0.121111389726223
0.17171119784223 0.359389299416487 0.429354623854757 0.0395448788865267
0.341488813331535 0.224565628655236 0.104542881091694 0.329402676921535
0.226784564627004 0.142854782335845 0.480787998146762 0.149572654890388
0.33907318818594 0.421389626925164 0.178207772086834 0.0613294128020624
0.159501322142827 0.117946029516366 0.10814135872101 0.614411289619797
0.137923206339085 0.285637155475918 0.250641150932662 0.325798487252335
0.502288656186609 0.284116508255661 0.00879819224125749 0.204796643316473
0.208472294332923 0.105290554015951 0.314749919244698 0.371487232406428
0.420229168250488 0.323843255761479 0.173346977702047 0.0825805982859855
0.34071028882482 0.0974537403614331 0.202895237847792 0.358940732965955
0.219215208679161 0.33366846710912 0.0974967996364482 0.34961952457527
0.216107803686927 0.269438737791635 0.279541443791087 0.234912014730351
0.336329514608618 0.474396639915641 0.0343113081329901 0.154962537342751
0.192186493801975 0.0552140486669686 0.420293819918196 0.33230563761286
0.448092578829998 0.181180832929795 0.157498571279417 0.21322801696079
