0.180429770680197 0.0681403756826327 0.187920600376112 0.178195271075377 0.250065577492689 0.135248404692992
0.134512779720304 0.247260891254115 0.0202074214171726 0.202661034401235 0.106968500125377 0.288389373081796
0.250310205168891 0.219349328302853 0.133711754945721 0.0101117193841102 0.182899068378052 0.203617923820374
0.273510226280652 0.012632048277352 0.135256797047213 0.201380101758141 0.271311570178026 0.105909256458616
0.163292726605091 0.0130394455076502 0.183096008582583 0.187626350257553 0.272215344655304 0.180730124391818
0.135821064112947 0.0525231476278801 0.228437769459014 0.13473077575785 0.299473371242964 0.149013871799345
0.218751048911512 0.266293138699674 0.0093656092588613 0.255589867476769 0.162309871253694 0.0876904643994893
0.254576457901264 0.193015156869777 0.237188077934821 0.116772362497613 0.0679168169935821 0.130531127802943
0.0979049503338763 0.0909909449230103 0.21078899943441 0.235847453321059 0.208340754507289 0.156126897480355
0.306862125776152 0.120799719130935 0.103220878370935 0.0620959492609856 0.156500477631766 0.250520849829227
0.30345914424705 0.0902989402270279 0.298565208270025 0.0133704283263638 0.0684809702466399 0.225825308682894
0.119809400308041 0.261018830542622 0.189486925770233 0.0429087079051606 0.183373844195552 0.203402291278391
0.0232313895130789 0.0435133341727709 0.115526610786461 0.111813105167034 0.338291319012312 0.367624241348343
0.240988326190215 0.132331341810016 0.291767675486331 0.0714640302680403 0.206880486131215 0.0565681401141825
0.322606278440375 0.118909140260211 0.124617563784164 0.264643911512668 0.149719755017705 0.0195033509848773
0.13138008511798 0.225477860890193 0.200782250300711 0.207377925909218 0.105249457333102 0.129732420448795
0.28820043357735 0.14010206129473 0.0362429111933403 0.217899220353514 0.111884914304035 0.205670459277032
0.210194550776886 0.123675596213764 0.0502099579691798 0.321807385924598 0.0452969998037922 0.24881550931178
0.027146462080485 0.130947369996208 0.111424216548211 0.097001434745575 0.24409278599781 0.389387730631711
0.0453557903019724 0.0647889614504383 0.32802422932001 0.00400864879329495 0.262082718616359 0.295739651517925
0.17673866984995 0.00235596011212703 0.0424680775710751 0.196897760714657 0.282964525131277 0.298575006620914
0.0725670154775392 0.138755760835012 0.208135266638583 0.162824011755208 0.223034810240411 0.194683135053247
0.097678441270089 0.237309618752907 0.0969331615064168 0.218876364129942 0.115777758780338 0.233424655560307
0.192386251727666 0.288629874379332 0.22601423498344 0.2298384455672 0.0391344367339986 0.0239967566083625
0.313840262620733 0.168026388141661 0.246149762286106 0.120934992991821 0.0474063283431158 0.103642265616563
0.201323220420899 0.120675792935487 0.108578163088761 0.171044155436797 0.189095700712072 0.209282967405984
0.0778075329442047 0.0919801159142476 0.273071376902929 0.276294356627046 0.22952529548956 0.0513213221220129
0.621486814706927 0.0188364434938635 0.0405504814617634 0.123175637565693 0.0777515562048916 0.118199066566861
0.23901233130825 0.240796756858004 0.039712725455938 0.241547548048811 0.0463653439598946 0.192565294369103
0.139194941605668 0.124986133057062 0.350324828498438 0.216469433894138 0.00234273141488924 0.166681931529804
0.04977269399733 0.130180783688287 0.0803134471086312 0.276247377518096 0.260347401286974 0.203138296400681
0.266060551358767 0.0606988203118026 0.0855554166924862 0.121944492606258 0.163252015645365 0.302488703385321
0.10008871248303 0.0589872350668266 0.180885239978452 0.126013213626806 0.281847701764571 0.252177897080314
0.173928354891505 0.121543309979078 0.132220713692505 0.157526736186514 0.193680891220779 0.221099994029619
0.2070829383652 0.195955306278596 0.177661141737768 0.077153170901547 0.19522994309571 0.146917499621179
0.0327036536299636 0.102192973831148 0.120795373477099 0.412741355601615 0.0427334194683916 0.288833223991783
0.0176808047010915 0.14792729301731 0.25824048264104 0.209987003139898 0.110070148287733 0.256094268212927
0.0744476193577613 0.203927362876196 0.313845540407499 0.222338675877559 0.0392413682396219 0.146199433241363
0.241036210402165 0.0895315145125381 0.233905801327408 0.0382924216602939 0.18839786726608 0.208836184831515
0.123356116554104 0.21639024559565 0.118640651403889 0.231005011426477 0.251543978215065 0.0590639968048152
0.160887501428628 0.0995323199777327 0.196798598565379 0.184442619176284 0.153638110436313 0.204700850415664
0.104210267779629 0.1259339419268 0.2036820461585 0.214777238220638 0.25695457017252 0.0944419357419137
0.176349071949645 0.127700815432059 0.182780459869841 0.202018622805606 0.207334570224794 0.103816459718055
0.23209745426803 0.127795454626671 0.149556540300418 0.169928166307533 0.190792521634419 0.129829862862929
0.234867208146385 0.253065079452272 0.216199279321596 0.00841945632889855 0.141465502828506 0.145983473922343
0.0213742116741111 0.13520342106913 0.330410464734327 0.190732851931005 0.239174032191368 0.0831050184000585
0.0212575414660857 0.0858040518283421 0.173421360558358 0.387296952701684 0.166850462151618 0.165369631293912
0.0381949360736016 0.00818970376741694 0.0654832077085336 0.534290604011118 0.0549956872359273 0.298845861203402
0.335473585514436 0.107910596440638 0.0859853633462239 0.254880439778635 0.0681613757653123 0.147588639154755
0.194616298080779 0.107351638195769 0.245132287436114 0.372300681884144 0.0178397226544517 0.0627593717487419
0.218586507752341 0.159556112069497 0.401582791145921 0.0648895844419139 0.0763108517806898 0.0790741528096367
0.220820937031742 0.271375759171872 0.0474086244793298 0.203102611915109 0.0454048143496148 0.211887253052332
0.152657533966856 0.172147714798877 0.030798192050918 0.219441201247638 0.174987761458843 0.249967596476868
0.184276150548771 0.214734609062083 0.283696058516282 0.201014646980979 0.0326926330443682 0.0835859018475167
0.149108258923132 0.513906921192488 0.0125410962302918 0.101570295778186 0.0916309156340253 0.131242512241878
0.275961951267066 0.123960189840409 0.223294560064622 0.29296417263092 0.0339163260657226 0.0499028001312609
0.24400803643619 0.180601848280032 0.0156926001793783 0.132064629654401 0.158347741081783 0.269285144368215
0.162014683133548 0.0324143109176596 0.205528537393818 0.214964925347454 0.217472139819695 0.167605403387826
0.081245410386817 0.246974845730302 0.269005128035012 0.122132180339519 0.0205495502010737 0.260092885307276
0.0968249645175544 0.10008393683244 0.28861321220406 0.304679304268721 0.0472465671733092 0.162552015003915
0.27490808835567 0.00623919060180158 0.224358000513055 0.42382663681291 0.0630737013303355 0.00759438238622769
0.236942483734603 0.0800960452536591 0.14092325495162 0.163850689374101 0.0339849829816279 0.344202543704388
0.136183124373328 0.0625262308690167 0.119215799537391 0.197706273580064 0.373558498472973 0.110810073167228
0.249536138092558 0.0467074789675441 0.237936869455845 0.14589922685358 0.287059630960694 0.03286065566978
0.0765956439960038 0.0205146653474315 0.0631900234271362 0.225133867869941 0.0742532023263885 0.540312597033099
0.193090019213248 0.000378804070453996 0.0786185865780578 0.298975329477119 0.220186793649138 0.208750467011983
0.0789768138808835 0.13821568940153 0.134833186808015 0.258024413981493 0.051775627132941 0.338174268795137
0.136032495991532 0.0123043102191569 0.0250931272375151 0.196101313376204 0.283823042412404 0.346645710763188
0.27243982691668 0.0716901277953905 0.217929757252251 0.15451907778019 0.0923668807423657 0.191054329513123
0.211715848894565 0.164638776212316 0.0763783850747704 0.116690910460554 0.141150787759375 0.289425291598419
0.0593372987102104 0.10185190230658 0.319376765998741 0.0690826416951587 0.141781278187942 0.308570113101368
0.0186047114072856 0.0185182179721394 0.0680157866046897 0.2695727466518 0.246739267012744 0.378549270351341
0.0779366426557337 0.119327884221071 0.384332083721889 0.173148827959137 0.04338288871757 0.201871672724599
0.187013641788893 0.141578259387133 0.131041224999982 0.171665606223653 0.216597891961633 0.152103375638707
0.157456856956509 0.369822896310903 0.170291418322256 0.00701689336905728 0.178193106764641 0.117218828276634
0.180081898087174 0.222668147906159 0.283737456619184 0.00445651615436087 0.140636367346694 0.168419613886428
0.08006351278319 0.0187473685943858 0.023391946650496 0.366625893480225 0.24143201792652 0.269739260565183
0.0450134482930864 0.263565587768371 0.262342558930911 0.131597270092462 0.200714841062467 0.0967662938527033
0.160222866811029 0.217334553287809 0.0852008281773479 0.0483565927225434 0.250437053660389 0.238448105340882
0.163478292506639 0.0206440155584689 0.294125231469166 0.0408152607802658 0.157311372096836 0.323625827588625
0.262660167794372 0.116192887854391 0.233349504769224 0.112674386981819 0.0710986206568219 0.204024431943372
0.191084608293279 0.150742851459255 0.110527104653537 0.254608337342793 0.27365391360989 0.0193831846412468
0.198349191739395 0.0941969175569363 0.255772445286308 0.0570988592082308 0.182533148472641 0.212049437736489
0.131771548077408 0.142752764265107 0.166418430488701 0.330792199230889 0.0472428716591472 0.181022186278748
0.233629679320091 0.0563158679195633 0.239524749220101 0.173289413821925 0.0320039405436439 0.265236349174676
0.167107451545527 0.0746898916037996 0.293538291885205 0.100087908813908 0.100175801504945 0.264400654646616
0.245377498732808 0.436822670971768 0.103226800098673 0.126888859180685 0.0663418993558428 0.0213422716602227
0.129136308701579 0.248779777101167 0.0688960838719848 0.213573005652869 0.159650641743235 0.179964182929166
0.0887279537093029 0.222284890885705 0.173599154851133 0.129332035769737 0.100032924933088 0.286023039851035
0.12951341026436 0.286230935156106 0.173697875315513 0.270349426727208 0.00609469014969647 0.134113662387118
0.0405281122500799 0.139207665439304 0.0568081041978946 0.158325096076057 0.437983112289512 0.167147909747152
0.269526287855963 0.30813996864793 0.0998232259227317 0.176902332923008 0.0330003065758982 0.112607878074469
0.280606450301026 0.00461313298924425 0.166198590333957 0.0914853003310627 0.212582984652172 0.244513541392539
0.143230175043716 0.0345264998847329 0.272830851794966 0.0445292262912254 0.261715917609592 0.243167329375768
0.108614905777552 0.316541785291331 0.227639087356929 0.128667639760884 0.147954215122846 0.0705823666904582
0.212346234079095 0.025853007021856 0.39045071958438 0.137020487622312 0.136963159607444 0.0973663920849121
0.222248848861252 0.180196494564807 0.149139529450082 0.191619134983301 0.187837346300254 0.0689586458403045
0.035090150315734 0.135190745188747 0.227395220943188 0.249088676085315 0.276242592205888 0.0769926152611269
0.239695576574225 0.296184125491753 0.252511578795198 0.0217240008835132 0.138609544536002 0.0512751737193085
0.248832868767074 0.185214144010547 0.163044411771754 0.0171863440056689 0.21452608768838 0.171196143756575
0.160699404828644 0.175610956085642 0.237663218560256 0.136280505394674 0.198278776319143 0.0914671388116405
0.162544032093103 0.261301274035345 0.280290279032611 0.170036382218096 0.0424266406039674 0.0834013920168777
0.264397567779653 0.232204690347323 0.288939437453391 0.111983953352695 0.0240540443921719 0.0784203066747651
0.145270505487492 0.235471212069421 0.0250399024434419 0.240760092364853 0.123411438858172 0.23004684877662
0.409394166226503 0.169261155989034 0.242964615614257 0.0277687335940092 0.0717033514855479 0.0789079770906487
0.0766366247363032 0.138977408891389 0.223880779846141 0.158530367174686 0.276034476417903 0.125940342933579
0.15248412389698 0.00274619632370694 0.13532675522408 0.209433502502683 0.268759377679121 0.23125004437343
0.156359802243528 0.14361884278705 0.1788254277443 0.11104260255049 0.171542586417566 0.238610738257065
0.240099734098068 0.182635349228443 0.0684792352886501 0.192962135941924 0.182085179129178 0.133738366313737
0.075014538807896 0.171501303439839 0.121190783358939 0.278990372384148 0.0730058340276297 0.280297167981547
0.260653963591602 0.241322101187383 0.205469435508373 0.0865632839581056 0.109709114420897 0.0962821013336408
0.389693295727815 0.0486662131617715 0.20080830729163 0.00651042869978613 0.273203365927058 0.0811183891919403
0.130819070228786 0.077696201726075 0.0991181714462176 0.119183828894357 0.357120944429295 0.216061783275269
0.090257960255265 0.34107447806182 0.0669083826335891 0.15866915610498 0.247890480424741 0.0951995425196047
0.180827041267473 0.236583394754104 0.163116597930989 0.0814889087259302 0.209986962030583 0.12799709529092
0.194776414508891 0.175715421212236 0.314694668639779 0.0706858139501946 0.0188490632054912 0.225278618483409
0.0651553104338281 0.0111257905494042 0.211693072215336 0.279269063107629 0.152335561276794 0.280421202417008
0.062335549351679 0.255365806107884 0.227908940923497 0.24690011777665 0.0846876229476208 0.122801962892669
0.0347322975755816 0.299429729096595 0.166115377643298 0.323205217887005 0.00374901796360714 0.172768359833913
0.108147844797952 0.0948046398929102 0.234577030356184 0.263970152660188 0.20806076305734 0.0904395692354246
0.0364405118542187 0.127571443350912 0.146501424733114 0.245559766572956 0.338564990867943 0.105361862620856
0.14202894069531 0.121990509886789 0.250427518630535 0.0548411467347156 0.232565352818853 0.198146531233798
0.271465976393791 0.280546124340737 0.106925823894114 0.264589191469972 0.0608112091520748 0.0156616747493112
0.243861781095002 0.148010848548029 0.152584123317259 0.0288217524352488 0.178593386692915 0.248128107911545
0.00636570319023163 0.208550145937918 0.169131004233423 0.0819386328075901 0.479445670165653 0.054568843665184
0.0549178049163236 0.0472802118614339 0.184733244179669 0.351928196951896 0.0428979367565601 0.318242605334118
0.280674060603492 0.0223185881353052 0.0122836332417602 0.25333752265498 0.280548792557693 0.150837402806771
0.16117385897536 0.218835038323189 0.0950268514201171 0.145607312264895 0.337694811665488 0.0416621273509506
0.0873645247872065 0.257140179974161 0.0632991020807711 0.23021008590921 0.029481294044743 0.332504813203908
0.165716986685057 0.0869954512010719 0.22630400561603 0.197861859804423 0.107302673320858 0.21581902337256
0.202122644525586 0.07085848697159 0.233769170936954 0.19672714918008 0.253679205659507 0.0428433427262841
0.190914637993461 0.18916959443365 0.0962503799494235 0.163436988420336 0.21594868115223 0.144279718050899
0.257270080514622 0.189950039082335 0.226899313805634 0.206063034505886 0.0103844712083357 0.109433060883187
0.0642749564522016 0.399281793787958 0.0338430842484551 0.0064815704537048 0.335399527165459 0.160719067892222
0.0693422767641249 0.0035966368482582 0.413495084046203 0.322710106254507 0.15550035687431 0.0353555392125963
0.335302486367626 0.115931830560976 0.354945944902449 0.0997268356502668 0.0572525959671313 0.0368403065515509
0.23872293424956 0.100893125395056 0.264608467893095 0.0846506528814091 0.24544358080949 0.0656812387713903
0.0384940756834395 0.253891945949136 0.0311011920418173 0.146852237839786 0.291872597478819 0.237787951007001
0.233344685609041 0.236522498961306 0.159691119588974 0.0188980902373844 0.257036162719781 0.0945074428835135
0.142629900603789 0.0725974632679693 0.17154398986461 0.295254272545947 0.158682459996118 0.159291913721566
0.0847883800096757 0.0690675722957823 0.222232606962735 0.203678596049972 0.310434143482669 0.109798701199166
0.241975777884909 0.170930981811171 0.163898436928685 0.0615571730597151 0.200848505038595 0.160789125276926
0.155461397820486 0.0304490609777583 0.112849209272378 0.21444723585783 0.263685866192367 0.22310722987918
0.29056944417161 0.0875939222862925 0.293391436012808 0.0581888927408072 0.0151697735021055 0.255086531286376
0.052375921094313 0.0399122304970254 0.257837797925696 0.264735740777121 0.0264315996455805 0.358706710060264
0.176577229180577 0.153725373404347 0.21654912260077 0.217370931091082 0.0428447366175549 0.192932607105669
0.206787849983996 0.0693283137242728 0.194314191848377 0.206410241316253 0.184372490569511 0.13878691255759
0.220955390736784 0.215653930026437 0.200795727287002 0.0455026725528289 0.312352166109353 0.00474011328759579
0.21773424113018 0.0236523636474406 0.206714858865644 0.254593982005478 0.191275963739356 0.106028590611902
0.115377879471999 0.22423945666152 0.139381130014692 0.322081038956496 0.158039650107752 0.0408808447875423
0.000798228394721217 0.160523443162105 0.288821048990284 0.0891529956210131 0.202337489936023 0.258366793895854
0.093519529496017 0.101548578179093 0.277773811029194 0.0565781252259748 0.315732264346663 0.154847691723058
0.104482629524002 0.149935235633255 0.185964768957503 0.130090054142526 0.244764472202607 0.184762839540107
0.107724796009593 0.063492440587517 0.146464488396798 0.131722481162837 0.0735724093124741 0.477023384530781
0.192542235252181 0.178856971363569 0.099689923865159 0.122555524628979 0.232698218329893 0.173657126560219
0.228311585721352 0.0763413729483026 0.34096971112887 0.0758345716210265 0.163585457172058 0.114957301408391
0.162949407551692 0.0780628772491148 0.459308265214125 0.0178573095781492 0.165416318843997 0.116405821562922
0.216232450329235 0.0619191704492548 0.124350787776317 0.17805182296441 0.18136209499379 0.238083673486994
0.100981688747907 0.0405118769446771 0.20810250345066 0.188872229148208 0.176873192277643 0.284658509430906
0.202401967495791 0.109949270939613 0.217168192214971 0.244707709372988 0.0437533210640705 0.182019538912567
0.147619843760455 0.201690094720925 0.291388704063273 0.0508749022918618 0.168068870878942 0.140357584284544
0.0950595632936783 0.225193229501322 0.184340927885036 0.277046502465734 0.0849379178792914 0.133421858974938
0.224586065438856 0.255507517284843 0.141300648420925 0.143899951465954 0.184429773157727 0.0502760442316953
0.0456080360136593 0.043646885816489 0.131048762151768 0.312183621408284 0.130697334823418 0.336815359786382
0.196345183418134 0.0647046552328151 0.0269971099199832 0.0891707042132892 0.402303420057965 0.220478927157813
0.0696516534891544 0.268738705113642 0.103102973195621 0.291882594873219 0.135846507470215 0.130777565858148
0.0936782611085996 0.120039689507869 0.269339907171595 0.220141778109019 0.247358554551428 0.0494418095514903
0.308911599000248 0.0134735551227327 0.074168574448948 0.177356034057972 0.219079421931065 0.207010815439034
0.303625355967999 0.14831400309253 0.12190151278243 0.232859695071361 0.0124852181588401 0.180814214926839
0.146615501744466 0.352809047641665 0.114728629065371 0.274456145100751 0.0999801239232771 0.0114105525244697
0.155734663751064 0.186765793945903 0.0483846744154514 0.165796948900267 0.233393870736331 0.209924048250984
0.207710656284071 0.221471909803953 0.243296325484843 0.0612991613269272 0.0341335718623758 0.232088375237831
0.123422617187205 0.210263507185112 0.240169628495377 0.0696005209996703 0.241620420665076 0.114923305467561
0.203766737448365 0.201304771082645 0.036455930018472 0.149781425301386 0.347743207964467 0.0609479281846651
0.208102147435437 0.211408472828754 0.100111986982298 0.138598025218552 0.122895695059584 0.218883672475374
0.14399635697577 0.0419357379133278 0.167809445025412 0.225988467040667 0.334805486134265 0.0854645069105587
0.253571687042009 0.167924213440353 0.212963210255564 0.0678222095934794 0.177154806914048 0.120563872754547
0.178336266138741 0.0530959415664389 0.146478813306314 0.217017603909493 0.225129312094513 0.1799420629845
0.26318289021485 0.197167728629432 0.26313810819674 0.0762661760633871 0.132011828525055 0.0682332683705365
0.0242484847667287 0.253528038954613 0.00656048560581968 0.268839540693314 0.139342992751188 0.307480457228337
0.156717003974559 0.0359121429278407 0.216606372310048 0.0745821033756251 0.215643357293197 0.30053902011873
0.0256815010219329 0.143196532561604 0.362549372560904 0.0344611540941502 0.358279501519637 0.0758319382417713
0.154188720977074 0.208478131007042 0.117527211153713 0.210496061857587 0.137121820970522 0.172188054034062
0.0990266431353815 0.109167824967559 0.0981950941060619 0.159325639494004 0.255154101791276 0.279130696505716
0.238142537701549 0.0116129478779127 0.147060109395085 0.0510761202916362 0.28061506801621 0.271493216717607
0.264760266574575 0.247599861433436 0.237084263707619 0.160506770902637 0.0564557823907971 0.0335930549909349
0.0953400700219112 0.102311559240289 0.207777432885129 0.261854182665966 0.289111161397911 0.0436055937887944
0.171472274052311 0.203588802745393 0.231316348489361 0.0241728977965685 0.126375885297375 0.243073791618992
0.171729702440259 0.00212922794277618 0.264223361258546 0.0880583420858805 0.229039826730561 0.244819539541977
0.220330287527497 0.216473988949563 0.0528755560609998 0.272077285799075 0.125449366144749 0.112793515518115
0.0317787198541163 0.321730342729708 0.118004452650347 0.0231590198263928 0.0862687964755805 0.419058668463856
0.220025380001086 0.147163695390943 0.20014895514137 0.202643098210566 0.0442163592981303 0.185802511957905
0.242755076666028 0.123782493818386 0.11595647693615 0.256498920760397 0.0563078298287841 0.204699201990256
0.105305724245622 0.0313380374567867 0.312350249285544 0.293915238057987 0.0870679362835199 0.170022814670541
0.0961035718817025 0.088991701612521 0.135903028583136 0.21561372243015 0.259383602332729 0.204004373159761
0.16058147578354 0.247841113452597 0.142226064820004 0.0015933872438698 0.17303499237135 0.27472296632864
0.0881619818612246 0.0863481363665853 0.297097128128462 0.325698510013192 0.198511224682992 0.00418301894754437
0.0923075535282699 0.222142677551841 0.236980402405694 0.0804211205893651 0.209672974949949 0.158475270974881
0.118461331299864 0.118754530301298 0.121490887487197 0.0915376937959266 0.180207970545327 0.369547586570388
0.238353081514167 0.0866076740272749 0.115367084385557 0.063103764456106 0.183196652477388 0.313371743139507
0.124874269493603 0.00821617638515029 0.317187961339916 0.041002061996572 0.302932578438576 0.205786952346183
0.141470937606582 0.132485113949281 0.0521330847068706 0.0922942288333408 0.27015244925755 0.311464185646376
0.153226518053185 0.215240612951746 0.0975652792513159 0.0554298118266079 0.326318620266129 0.152219157651017
0.0301727105993669 0.0356475444720436 0.177738997433441 0.00757509634945383 0.40373921020544 0.345126440940255
0.0417358493767565 0.0303005213478984 0.266790009726282 0.191046061333657 0.206532252891757 0.263595305323649
0.206758035807262 0.266533442859604 0.114747823466239 0.226240679091139 0.0616592930246408 0.124060725751115
0.139626804006896 0.0197871730815767 0.270514154854014 0.240798340975185 0.128597804955774 0.200675722126555
0.265196747369518 0.0303398770722973 0.306879942421904 0.021044613914141 0.173195765099959 0.20334305412218
0.26553518026907 0.108513005198692 0.104722059626526 0.0181573809886655 0.0990438272405978 0.404028546676449
0.220403393819772 0.0774767241204383 0.0184613350480437 0.177399710513531 0.248383275248111 0.257875561250104
0.0278626474469682 0.2437889000519 0.0485165966567999 0.200166583569423 0.249319901376525 0.230345370898384
0.12573815636742 0.180738826881968 0.0774721956827244 0.433244682337647 0.173899357195333 0.00890678153490896
0.212170303862708 0.201935721366334 0.215477362325607 0.105420299956353 0.121534262755956 0.143462049733041
0.18289813038043 0.0695070503850435 0.209720025266138 0.125816848033904 0.221024840822893 0.191033105111591
0.261940222255449 0.115820297844536 0.176645177271268 0.128041024502257 0.0544478973415825 0.263105380784907
0.14166116860031 0.0718739989056899 0.287520633377009 0.183705053129701 0.0566500273762238 0.258589118611066
0.0979360009497659 0.205781476429931 0.234423986993652 0.12040722568775 0.14693052419894 0.194520785739961
0.0666708671834304 0.246897915456664 0.126376770844958 0.192439817322879 0.0745464618849563 0.293068167307113
0.0232195705102398 0.106240871436678 0.0431362424087708 0.343483399221768 0.325700205388098 0.158219711034445
0.224204223407754 0.105769267156785 0.00275831520944478 0.209694031892663 0.23700486904939 0.220569293283963
0.054128876040451 0.19620773991761 0.232374451954474 0.128342073699651 0.24947335868711 0.139473499700704
0.198930438207124 0.172228475219813 0.107122155480553 0.225108958632597 0.0317248223434119 0.264885150116501
0.295614412248981 0.10639780887041 0.20060911109611 0.327124230582451 0.0256200503949989 0.0446343868070491
0.170091678012201 0.190232018688067 0.0616783351454714 0.113472900151522 0.2929524236278 0.171572644374939
0.331784059023093 0.15006475048787 0.163109487577422 0.0305251226548586 0.158762154619634 0.165754425637123
0.230861459257764 0.230990467541635 0.0453685766647453 0.0395435089724549 0.285096229556051 0.16813975800735
0.178797227886301 0.212546338319494 0.0760408623175241 0.0466476608594036 0.236689396945695 0.249278513671582
0.267927100326808 0.043167302034329 0.11876867295644 0.25339239113508 0.169233214808097 0.147511318739247
0.126015230003371 0.220259355472445 0.122219312374205 0.183676926809313 0.170408522428667 0.177420652911999
0.141231378480019 0.370319818119491 0.0189334686163105 0.251171996977028 0.189985571467229 0.0283577663399221
0.0359810816498892 0.0449162835022366 0.173724866161129 0.253812157495895 0.247897914203298 0.243667696987553
0.204412549836254 0.0766294224622132 0.171131163278847 0.186599892798725 0.225050302712182 0.136176668911778
0.00526793140383999 0.0620509521368421 0.254139921606981 0.0432040865727215 0.356845125852048 0.278491982427568
0.293050424779931 0.0340607588951224 0.240397404379501 0.0823608004305268 0.314483157209014 0.0356474543059051
0.127435970244352 0.206289552991724 0.137712405910693 0.16826321082048 0.215322637712086 0.144976222320665
0.251820579659914 0.0543151477505737 0.107390920886753 0.15084297968121 0.24790395100456 0.18772642101699
0.0519271246322558 0.172549626718664 0.0440257706121511 0.284121671724461 0.218188298834504 0.229187507477964
0.146167894326804 0.205958356101754 0.0561270583614065 0.203334346636702 0.23198892885991 0.156423415713424
0.22279023929007 0.130016045753945 0.206903352780417 0.151419678950135 0.0493075130883688 0.239563170137063
0.0367518887155675 0.167918126897862 0.200684138368812 0.18744780691491 0.195993834853812 0.211204204249037
0.00608060336073702 0.23287549173426 0.264553603742649 0.373305787216903 0.0773573581991711 0.0458271557462796
0.116749240950995 0.142577733048102 0.22657947075156 0.172343990630153 0.250540489300866 0.0912090753183243
0.179018986645913 0.229061782821879 0.367097497567711 0.00110701410042323 0.195200394196914 0.0285143246671601
0.23310016218344 0.00380137908583871 0.160238669542704 0.153357862427162 0.254087913185827 0.195414013575028
0.17887821973121 0.128728676104571 0.320412645720193 0.0261453708303434 0.240145313886532 0.105689773727151
0.163490532274347 0.155136781436053 0.0475043065508883 0.254885753013811 0.189022711534201 0.1899599151907
0.0592716841379195 0.010809098867824 0.28450894985857 0.204129774244994 0.289945054722852 0.15133543816784
0.324230930399906 0.220954720135762 0.0327093488004545 0.254059366162451 0.146588713976274 0.0214569205251526
0.311679495023264 0.0328737601030883 0.0472985616614069 0.282715349481739 0.0625353812835968 0.262897452446905
0.23270179999525 0.0191277067526019 0.290406768658397 0.210299194521495 0.196361937571963 0.0511025925002935
0.291357619889497 0.218816357414115 0.253641136584238 0.0792950495660728 0.0115093987763961 0.145380437769681
0.160639769825721 0.185769520882009 0.164290921578986 0.0910889319375042 0.183938256917858 0.214272598857921
0.134707068599499 0.0470144936605409 0.311877112711066 0.115562850231423 0.0929157411419118 0.297922733655559
0.0566514949077226 0.0543057742958166 0.251473955666949 0.116026353468183 0.229712463670605 0.291829957990723
0.253051644116573 0.167183535606095 0.0951650494995039 0.0760570538550245 0.151627414226555 0.256915302696248
0.150118039986487 0.237292153752743 0.116149754901878 0.153223507732993 0.130533901837526 0.212682641788373
0.268988989987523 0.139941097432028 0.301248103628292 0.0133117909396956 0.0701824322705233 0.206327585741938
0.301538038946006 0.172338760653564 0.0765459967237605 0.00350587109782635 0.278549815002527 0.167521517576316
0.101369537592711 0.143905970001044 0.25347036277522 0.0650754275707545 0.222921696075549 0.213257005984722
0.269173103142555 0.383661060865572 0.0284365245931288 0.0141872658129658 0.00195243749200675 0.302589608093772
0.0427116568498681 0.145716745669517 0.203013292647461 0.211592664558198 0.277796278567875 0.11916936170708
0.184392865927861 0.0747290190966201 0.395414393153478 0.0555052472897038 0.0887509151583262 0.201207559374011
0.17010192313418 0.250375556097356 0.0268250450768785 0.0737503733633774 0.345425574643197 0.133521527685011
0.165522984477237 0.107559522719502 0.118677578729462 0.227722368484584 0.137841078948165 0.24267646664105
0.219586934974937 0.00436761915949164 0.184851456481814 0.183849319154346 0.20188333081245 0.20546133941696
0.0697501863584252 0.145224685217653 0.0640485165339543 0.214125287824573 0.302559623735474 0.204291700329921
0.222677085996286 0.288795913986164 0.187120147185637 0.0214336571242573 0.136153439986715 0.143819755720941
0.147143712235784 0.275347910753571 0.178288208106273 0.0737897350025366 0.0800661564617708 0.245364277440065
0.275481187274267 0.0706127229526249 0.100572112976942 0.232549690623442 0.162970576339585 0.157813709833139
0.201595136491336 0.136478482274116 0.259206084768929 0.133372003166284 0.266872967587406 0.00247532571192919
0.184263335155605 0.24665624314335 0.185825235971535 0.0459938148872949 0.187658455812817 0.149602915029398
0.170560388592788 0.163480673842771 0.226065834990467 0.113328390361833 0.253616859924261 0.0729478522878804
0.126678015225204 0.155237731550684 0.228530800782876 0.23524127474822 0.162894200439254 0.0914179772537618
0.0942328547473232 0.0909208747443264 0.46735023695687 0.220015095894675 0.124224704499681 0.00325623315712445
0.26617889567795 0.151234245259521 0.134800591642448 0.1900361222278 0.164640025383795 0.0931101198084853
0.185246792671941 0.187688473348604 0.221199937944217 0.0841076435962817 0.188392275510968 0.133364876927988
0.128030276664551 0.160731933302321 0.223139479143435 0.0106469728314441 0.37129737793088 0.106153960127368
0.0128572214828675 0.348425380924559 0.112679432587357 0.053519345811105 0.250128322075539 0.222390297118572
0.217003229947145 0.0867124614470952 0.104607469647126 0.216981059275739 0.229227279952834 0.145468499730061
0.271066384956071 0.0753541281591223 0.0917654115940902 0.250958931536195 0.0991607802760876 0.211694363478434
0.117462822322637 0.351318863416213 0.163033675069812 0.224242284438226 0.0345789534736036 0.109363401279508
0.0628549641109761 0.154521050186232 0.134818478382572 0.474352617994573 0.0385993313352514 0.134853557990394
0.244696984631168 0.149994065951246 0.169394756727099 0.192776315792783 0.183424184969394 0.0597136919283103
0.152589840185158 0.14727071725423 0.164031803131193 0.239191360821813 0.233248994872444 0.0636672837351605
0.076898754366244 0.216520937290299 0.193989509331677 0.157687306944858 0.160795098874056 0.194108393192865
0.133859239627852 0.0804549604421604 0.199605756006526 0.249938887145174 0.177313069953561 0.158828086824726
0.149744245091152 0.201362382970105 0.158765088293383 0.0726595145675876 0.134843087495404 0.282625681582368
0.144404102242331 0.122559145717838 0.13459367980364 0.0728337157153484 0.271995673938132 0.253613682582711
0.294765210452144 0.0773947120358726 0.148962453080257 0.119256111448517 0.104325752017282 0.255295760965926
0.121027927046274 0.245681862192453 0.125747429904107 0.119851244357863 0.173796788766011 0.213894747733291
0.13360449478944 0.2203992235195 0.162884475619765 0.117671445671958 0.116038056126852 0.249402304272484
0.204204561002113 0.274335187272398 0.172090219622983 0.221199871134792 0.0981091714793986 0.0300609894883153
0.20047009409668 0.107376107422523 0.163908748922566 0.0860871397472864 0.178193911281093 0.263963998529851
0.209371129716317 0.0567206391587968 0.141467481473273 0.123308154653825 0.215150432765831 0.253982162231957
0.234423085628725 0.219470634471793 0.0969919054381015 0.110925890710684 0.169239731150514 0.168948752600182
0.0716495833131675 0.0674140942457652 0.165335273344646 0.188599575465723 0.286102660472969 0.22089881315773
0.131060234123453 0.0990325118534595 0.259982577577521 0.18436578025137 0.267756192205065 0.0578027039891309
0.350770121843656 0.194019928242437 0.0507314685681026 0.129432930935881 0.225081584499253 0.0499639659106713
0.272616368758566 0.0381526455962562 0.0601366379631136 0.284614937573915 0.187418059626371 0.157061350481779
0.247165994387446 0.340349434887625 0.229233273875811 0.0449810349075402 0.120307254350598 0.0179630075909797
0.199399661142839 0.0927871596065377 0.147900730639221 0.167543024480119 0.193387708372109 0.198981715759175
0.229416494596954 0.0722667903096568 0.204157936225395 0.194735187276784 0.0772158923861596 0.222207699205051
0.312031756511678 0.023428774287876 0.151444445947761 0.182559787040377 0.0851808465347911 0.245354389677517
0.323335925620692 0.135470327608394 0.161133702895685 0.295871004116137 0.0224082081546698 0.0617808316044218
0.223703571875898 0.133362451660595 0.142503010055623 0.339044920533026 0.0882793206469832 0.0731067252278743
0.088085955533496 0.118499027613184 0.258847980902885 0.154739775479346 0.144430143135773 0.235397117335315
0.300082285719801 0.025886343161155 0.00903326535763679 0.431907863043033 0.0199271711521806 0.213163071566193
0.179322068015258 0.17063222798208 0.134050573132977 0.173250364756843 0.185657650360478 0.157087115752364
0.096093173284167 0.105545981789809 0.0926700988367087 0.238290625089726 0.258476895915385 0.208923225084204
0.171444932311102 0.264438221412825 0.136574916333409 0.171006725809085 0.127589857420708 0.128945346712872
0.0915011619728027 0.113278911791005 0.0789241667330861 0.271996065366518 0.168122522787898 0.276177171348691
0.132066529541298 0.178031982535419 0.167998110495521 0.102075883979374 0.311851995724484 0.107975497723904
0.223126532321944 0.248108944865532 0.168446571111983 0.0657221605612517 0.121759252861525 0.172836538277763
0.208575464089977 0.167273846677451 0.111233942978808 0.167978897651984 0.0418707461464967 0.303067102455285
0.172681023180271 0.197138986226511 0.152813306189678 0.259639373221288 0.184896273754003 0.0328310374282493
0.233282611637109 0.182099600473448 0.306777979984008 0.0551910102196179 0.0623858501249476 0.16026294756087
0.304112384441978 0.00814865972794368 0.0925473255138425 0.236938605185527 0.0444952329454058 0.313757792185304
0.0126979850841733 0.268253072860801 0.287020935303791 0.138587688913701 0.108403794221421 0.185036523616112
0.00881367268714591 0.283491670203717 0.186522612749032 0.152551294794764 0.203733488519249 0.164887261046093
0.172438499611189 0.27313167596373 0.0685469543926794 0.0358688148585136 0.231551285741328 0.21846276943256
0.187144059909082 0.0885218340409212 0.212516743932811 0.148692046242723 0.154690041788958 0.208435274085504
0.18312423093684 0.0880199210010821 0.0306339509259378 0.195752794911534 0.347042121191788 0.155426981032819
0.168445776093841 0.252453237355473 0.0458652334420993 0.073867731001675 0.322719858986178 0.136648163120734
0.213706956527388 0.0401113236875395 0.283438242805825 0.296522409815347 0.0426267536160166 0.123594313547884
0.359887656511265 0.194385747614379 0.0908825113866866 0.0166202294815573 0.241752547534082 0.0964713074720301
0.252834996980902 0.0815761349946565 0.192321065357821 0.0994202925205775 0.207395184759273 0.166452325386771
0.0125238564254987 0.0442682611336519 0.106999594846625 0.298958944644701 0.270488007898886 0.266761335050636
0.217986886636219 0.0678400562001756 0.141443554238543 0.170289807134593 0.273877504099687 0.128562191690782
0.159512116929259 0.218163439917816 0.260838420290701 0.250093305829278 0.0971182811776651 0.0142744358552813
0.143407581752057 0.184256367338234 0.281799162645872 0.177384531604972 0.203779093352821 0.00937326330604419
0.120851765119757 0.203695236661413 0.220737030995619 0.0945618366088919 0.0614797706486252 0.298674359965694
0.262434139861521 0.125409346089838 0.26780725451552 0.0543726464462593 0.193341414196507 0.0966351988903544
0.0588520538185701 0.229232507868719 0.314550947129408 0.0502794789928357 0.269951375792102 0.0771336363983653
0.0424606192070326 0.135813955193094 0.286246350737073 0.225528246169147 0.154793510003359 0.155157318690294
0.221108426552962 0.0880162510275942 0.249642914819496 0.0812503741312269 0.0709302643723344 0.289051769096386
0.269513086860389 0.0551080106592806 0.150301946449441 0.216984461340205 0.157423757630361 0.150668737060323
0.259769812003225 0.107441518981214 0.0513473506551832 0.31360848379394 0.245617083176794 0.0222157513896423
0.182953720477893 0.279455332428627 0.039037914664576 0.277567004174753 0.161234688084706 0.0597513401694449
0.179559732108308 0.0252731307554022 0.298996079886293 0.201528502922166 0.268619748472495 0.0260228058553359
0.195845241562158 0.0598892444639433 0.233628015670354 0.143864956200232 0.233108589569004 0.133663952534309
0.0517115965451176 0.124266449750075 0.411165341167823 0.296980439055853 0.0899048715847544 0.0259713018963762
0.296342806130033 0.102027505728759 0.151872493096554 0.0780729414058168 0.108825288470048 0.262858965168789
0.165649543969819 0.0522814404756061 0.109012857745434 0.179620026985685 0.292687805255972 0.200748325567483
0.252996248897554 0.064423585489928 0.239236832758781 0.165006265321713 0.266696817952126 0.0116402495798967
0.121244918438937 0.143003602384686 0.185962941813498 0.19347939952309 0.162629066343282 0.193680071496506
0.0478654338288157 0.294218646465149 0.344383967819918 0.0713211178293871 0.118111716198772 0.124099117857959
0.0173361241241862 0.336400377103211 0.19867468255716 0.109051332945671 0.271137559564107 0.0673999237056654
0.137494743120474 0.0861296824667724 0.253968382223178 0.0668270878198337 0.122537306690852 0.33304279767889
0.0358889346739854 0.286122316456602 0.278573359037458 0.246791587357579 0.0297473573089055 0.122876445165471
0.222348938970818 0.261256160112505 0.164626122889644 0.0985615021834226 0.150877574610395 0.102329701233216
0.119375753010455 0.322057809378648 0.106599618020659 0.0406117932590967 0.179891167274983 0.231463859056158
0.284299745760768 0.209907995833635 0.11172277373298 0.0248481687310626 0.0867183284694851 0.282502987472069
0.240925171171635 0.112623889778068 0.274592473312751 0.0173866931010919 0.152085898790418 0.202385873846037
0.0770381635914607 0.111368898823349 0.216787640348041 0.242028319799452 0.0994384033483416 0.253338574089356
0.108689793453266 0.215065461589264 0.19724751192712 0.223208513403106 0.00814585200189468 0.247642867625349
0.24394394862718 0.0724013471896159 0.285876390324389 0.115484012337757 0.189976909870358 0.0923173916507001
0.222938538818022 0.0926418319921621 0.241359807307754 0.116417497768378 0.147252565389694 0.17938975872399
0.108013939995805 0.266856311931511 0.0752480842642983 0.17605730797789 0.234581064000281 0.139243291830216
0.22828185580352 0.134597330507261 0.154899230744803 0.234964289960322 0.062048890069184 0.18520840291491
0.0796537052900627 0.11644431545397 0.30615641833248 0.0607759000610659 0.170881577348239 0.266088083514183
0.0711302352847265 0.236896688234914 0.288821382636392 0.184465250220866 0.15731035346546 0.0613760901576413
0.099325110775771 0.217818666113957 0.0620708953375937 0.173989598413611 0.206070880521508 0.240724848837559
0.298209561004315 0.170815670491836 0.00257677961275407 0.249685606310235 0.0932289830833425 0.185483399497517
0.218303163453422 0.034718226388407 0.188948481790476 0.220162866117689 0.190165005138388 0.147702257111618
0.308786967522038 0.0608054902775823 0.143723263309026 0.284488496606524 0.114154715694132 0.0880410665906972
0.289035757389721 0.207064504427171 0.205342747883511 0.156107441182687 0.00413530637677906 0.13831424274013
