0.00105816944828518 0.31391283566634 0.265623541366953 0.0157542190897593 0.0693200420838792 0.334331192344784
0.199684097158943 0.188890960487222 0.113004755377601 0.0110879155417546 0.460528754280399 0.0268035171540806
0.322179867856761 0.106940786921292 0.298114029323162 0.146745634065709 0.0185515235715387 0.107468158261537
0.0674626953617266 0.352145933340945 0.0199897418075227 0.3522220583982 0.102559444657683 0.105620126433922
0.115985840336703 0.202644743343516 0.0245082689911924 0.252091204245044 0.10317810975443 0.301591833329114
0.131836241346772 0.061240977299155 0.113127642897557 0.274472175630017 0.206945290288749 0.21237767253775
0.108293723720116 0.235059870948031 0.169827130193589 0.0801088260724506 0.216646213191847 0.190064235873967
0.361213986688082 0.136839755881959 0.336961216820328 0.0268503106988378 0.114253034697544 0.0238816952132495
0.227551926354675 0.0110007818732317 0.203231205505268 0.124603866774971 0.166766575264646 0.266845644227209
0.0589993093712536 0.349634753112911 0.137548538404637 0.0772032257665581 0.173611442973107 0.203002730371534
0.0568732642727505 0.163981791172922 0.0960631972049835 0.0452621496483889 0.542662617699468 0.0951569800014873
0.173995836836257 0.184266702361009 0.152835639442942 0.260595873039691 0.133683017370924 0.0946229309491761
0.0651969858703817 0.140643675095112 0.200519896682753 0.0205808127607809 0.496649218595437 0.0764094109955348
0.263970957956086 0.130647694716458 0.164040185706009 0.00503537375619278 0.264982578027732 0.171323209837522
0.228484350193847 0.095764777987641 0.123759716772751 0.0862489601308722 0.0843036731912386 0.38143852172365
0.16636011824771 0.0730128009336181 0.178003121703311 0.300525244159134 0.16675816667454 0.115340548281687
0.198344766781276 0.0870519329973441 0.205987011498957 0.22890386422329 0.204190967278116 0.0755214572210162
0.250073992037075 0.131952099449235 0.438451547649787 0.102615052725743 0.0299494570935356 0.046957851044625
0.244525767371215 0.197540512931123 0.145580407887078 0.317129142896122 0.0639467250629174 0.031277443851544
0.130754480227343 0.0494127912464839 0.285135135896846 0.0284145934558506 0.20405175191674 0.302231247256736
0.0782434814092106 0.00498222760842753 0.31399730294751 0.315105091008127 0.228895733686441 0.0587761633402842
0.119751004850759 0.0627441369017434 0.21525464776908 0.187346823088573 0.249486642913893 0.165416744475952
0.0602915747469591 0.169771263785572 0.388719525295656 0.0745034112086104 0.0522936472078119 0.254420577755391
0.201338255183336 0.188103338117226 0.153172199438466 0.139414624585632 0.307602598661386 0.0103689840139539
0.169796495331112 0.152589509464972 0.203567469738052 0.167835209199837 0.0929884878146784 0.213222828451348
0.147194286198561 0.0534332204132332 0.258750438539953 0.0106519025688163 0.266851580198222 0.263118572081214
0.114555857644116 0.195088187383333 0.0919003498133762 0.0403236838394489 0.446724192999075 0.11140772832065
0.249077996636188 0.130131304671862 0.0150538792229574 0.287242835317662 0.0714724503660534 0.247021533785277
0.0344476784544441 0.279319974652695 0.164365934431517 0.155701833256356 0.210501020218011 0.155663558986978
0.0910134490360436 0.195393319559853 0.121776651571834 0.261871545171275 0.131747740044784 0.198197294616211
0.132433029829433 0.106192712659769 0.162743371090442 0.226435886328204 0.222555293173973 0.149639706918179
0.217270838473614 0.289209794139433 0.0711950990261615 0.145302668598082 0.0365074839157168 0.240514115846993
0.202812128123374 0.287397424091718 0.100333245074799 0.00393807138907709 0.0917038890372217 0.31381524228381
0.222871478185818 0.177122712165724 0.117353074167 0.144464131202943 0.12107971837056 0.217108885907955
0.0574709172140901 0.106088059418106 0.21652637871412 0.245622607113897 0.238965469157298 0.135326568382489
0.183169443779091 0.0661961153248099 0.155517305729629 0.287854926144444 0.187214894713103 0.120047314308923
0.285468219211896 0.11316921130967 0.252350227543646 0.0955986659208496 0.0742068973386772 0.179206778675261
0.304350505874706 0.171410499783724 0.255720561725868 0.132948667940888 0.0572647278789204 0.0783050367958935
0.0131142235057237 0.0784133513933483 0.447901593944955 0.0248030417645678 0.257651213203213 0.178116576188192
0.208693811122793 0.296812524206926 0.153264479332354 0.16684541777426 0.164309256320832 0.0100745112428344
0.0603169499233667 0.215883046448928 0.184160851384094 0.155898340798819 0.16249495207348 0.221245859371312
0.0986462850818348 0.121088198173441 0.270144621458105 0.116180745986736 0.211731395874289 0.182208753425595
0.248602492997301 0.0101703476358946 0.00497215389458487 0.393553405568269 0.101813610923698 0.240887988980252
0.0962888306273777 0.207848118328336 0.113191232189766 0.161631916146351 0.188420623933403 0.232619278774766
0.20239149842339 0.348025955303305 0.301898600780303 0.04649098993796 0.0102590616874937 0.090933893867548
0.186571544324134 0.130928233224952 0.28571443260724 0.0859199959094739 0.165231516442663 0.145634277491537
0.249010902049389 0.166109474813742 0.0822999083013865 0.166321116538536 0.131193831788608 0.205064766508339
0.0708812432966276 0.168677651242152 0.217358748556548 0.211279827154569 0.122934069510094 0.208868460240009
0.139482538514404 0.147640300866596 0.053449376527243 0.0916220105051867 0.392817507454732 0.174988266131838
0.171834543244285 0.123031487197356 0.0805029074233729 0.249500341949194 0.21604838374583 0.159082336439963
0.089169401335708 0.222122625272796 0.201724737326617 0.193698450913884 0.191533310279303 0.101751474871692
0.215017507988387 0.0646236692529565 0.170880277704292 0.18546131762254 0.219411409031606 0.144605818400218
0.0658362520020534 0.289278607578529 0.236537020536145 0.145949414633585 0.0885427845904055 0.173855920659282
0.024508585451885 0.00296352118585551 0.45147016868178 0.0747504656923334 0.355298578984356 0.0910086800037904
0.219858489420666 0.118128546652748 0.125561106331605 0.245279185049415 0.180463501180888 0.110709171364679
0.151594815812128 0.0899841761244866 0.339836183730623 0.181461708267185 0.10159422520349 0.135528890862087
0.0120719699806745 0.205364808745239 0.219357543584726 0.20591487752558 0.158717134694324 0.198573665469456
0.0355739831290018 0.296852308180242 0.183944712396964 0.12631480746165 0.355873854893362 0.00144033393878079
0.155613546276424 0.20484829965447 0.0908981269048142 0.307450492403837 0.193734039089243 0.0474554956712129
0.0959743319896627 0.0457293899550802 0.197690396723712 0.218532502696454 0.260133100020939 0.181940278614152
0.261127493131857 0.133318278746194 0.259785865278365 0.0565707202591565 0.0439840034747233 0.245213639109704
0.0924813448213729 0.235816861896583 0.187086476372962 0.1967010500286 0.151914222008238 0.136000044872243
0.193833480822655 0.077771717411179 0.24740471512741 0.0442740069904735 0.290729176632482 0.145986903015801
0.133916260426867 0.122979966958075 0.11904069783232 0.280028983412139 0.14180777120355 0.202226320167048
0.176937858322747 0.244169267778904 0.249827532252976 0.0568437920969096 0.200482029467138 0.071739520081326
0.0899504983348147 0.377433484706892 0.140452692218112 0.089437577628271 0.0339683913032137 0.268757355808696
0.279493317178489 0.137876310620379 0.327953933434371 0.00471364500254122 0.000901236544257154 0.249061557219963
0.184206599565532 0.0755724651686187 0.0311088625431414 0.301176760992043 0.100770771224193 0.307164540506472
0.143671119139728 0.205447722933621 0.183998422104281 0.140280047105641 0.191556309099966 0.135046379616762
0.22249235179271 0.0973468162955055 0.225960173649512 0.153758608082333 0.119010895724739 0.181431154455201
0.072415055592107 0.15800203917954 0.221881390875455 0.131240502288341 0.242737447688142 0.173723564376415
0.158427441337554 0.249158724232885 0.0325184958482884 0.0932185234387113 0.125183675667705 0.341493139474856
0.129737988316824 0.115816037186917 0.00399504263875409 0.16881930966659 0.278940571277877 0.302691050913039
0.333368486358821 0.0183701949762077 0.0357094310334576 0.241066792007787 0.0925445148829205 0.278940580740807
0.145982896146452 0.0307357669030978 0.283157499848518 0.169033189056529 0.171570219978478 0.199520428066924
0.290316571157815 0.122353773347437 0.0570720849429465 0.0904637953477844 0.0268449184804997 0.412948856723518
0.245958602543052 0.148919705454841 0.0548107387184024 0.186368056889326 0.256737109365289 0.10720578702909
0.0728420845655177 0.0779955219300903 0.131521698460372 0.193114581297227 0.404397339670132 0.120128774076661
0.229962410824337 0.13661574058721 0.0417400424637701 0.225239748947394 0.0752899215435124 0.291152135633777
0.0330060163148967 0.186614425342264 0.207276287419708 0.225012441915317 0.178989605783337 0.169101223224477
0.217225222966925 0.157011253132042 0.12731580334934 0.176639947161983 0.150497339097373 0.171310434292337
0.0589215911297662 0.349330510613358 0.109655114196304 0.166167080695445 0.168131549389056 0.147794153976072
0.116986811774473 0.112853607369551 0.00776313077034019 0.259713598125144 0.279159492647405 0.223523359313088
0.271658087647342 0.111188398865494 0.0228372533517676 0.199267639911085 0.1423047480961 0.252743872128211
0.203562411489275 0.23049600274536 0.010469027624014 0.179268715337658 0.20974975417511 0.166454088628583
0.0952985075347374 0.0109319207973528 0.284839365192883 0.125721060207683 0.341477154574646 0.141731991692697
0.233683436089884 0.110482289337385 0.349111766468463 0.0773784468971874 0.0399928380804412 0.189351223126639
0.183750737151675 0.182452567956883 0.250207159052045 0.167492486569507 0.131373972577736 0.0847230766921538
0.139504568840006 0.0939645736897445 0.14495887920169 0.233610569260361 0.0266160398664181 0.36134536914178
0.235798795519532 0.243302317036185 0.14068892596225 0.202744362440549 0.0537157476169584 0.123749851424526
0.174135178888438 0.050672875782324 0.223006509506686 0.0112114004173918 0.24564387787689 0.29533015752827
0.265594795044653 0.061627706519767 0.10746149047366 0.229454168609264 0.112279445597838 0.223582393754817
0.173724146849731 0.0919388554418891 0.25849106170617 0.0511360134422676 0.331890984642514 0.0928189379174283
0.197093051373235 0.046437789654543 0.177987483631897 0.226947749165274 0.207057155413355 0.144476770761696
0.0580361364482578 0.132738309812492 0.200525307567966 0.128848703973216 0.276522064720555 0.203329477477512
0.178834909167587 0.0289313879301578 0.13907344401711 0.261403689860418 0.196921900766106 0.194834668258623
0.185591912834932 0.182389769912342 0.221665744477065 0.204049436483987 0.150305934656477 0.0559972016351971
0.0289811467130892 0.390942600583278 0.337341403331957 0.184405763521511 0.018922760093603 0.0394063257565623
0.229986030140508 0.110888803794122 0.300298715348244 0.0251352158867788 0.18733026240918 0.146360972421166
0.0547582400696262 0.00153227231927686 0.246995868362771 0.313357762961454 0.0528501905530463 0.330505665733826
0.0661131652147933 0.117888115077184 0.166708283375047 0.359728201950835 0.0924792989355446 0.197082935446597
0.314166062108289 0.229929409303398 0.115108323619192 0.101698621047567 0.00299977912921625 0.236097804792339
0.137939877902214 0.156256244275471 0.273334864664455 0.194061280324588 0.131247632995632 0.107160099837642
0.27759867150427 0.273812356470559 0.275509158040221 0.12949699429324 0.0365397504860705 0.00704306920563934
0.342827304655396 0.073701703352074 0.112816803969787 0.0673514574986865 0.232345115555347 0.170957614968709
0.0666373317416638 0.0460156265927825 0.0760686976789921 0.374825220494635 0.353010445869327 0.0834426776225997
0.267894064032493 0.129303169496428 0.0142730931489811 0.107192583959784 0.303846956382806 0.177490132979507
0.0768221249390511 0.162216855294361 0.136725778662153 0.266516840963451 0.0858570619432035 0.271861338197781
0.0337602241746384 0.199125597206238 0.0684868851281141 0.0501323966581244 0.309245728357267 0.339249168475618
0.257827554966109 0.242523303488295 0.0505673288370491 0.0974890339364154 0.111167186081405 0.240425592690727
0.270598809086694 0.0588281903794818 0.261360417556654 0.0542163196253449 0.124945035488048 0.230051227863777
0.367411988043557 0.103132089161713 0.150122657355942 0.0965559711901337 0.276344919900549 0.00643237434810541
0.236388584893335 0.283185938983675 0.0586302343087737 0.236543643917326 0.128469820404157 0.0567817774927338
0.0479945230284366 0.0785699640127695 0.228108408754459 0.0460216460619085 0.318386088775957 0.280919369366469
0.200129999753258 0.183287668270226 0.183620394600919 0.10150075789547 0.213981221114902 0.117479958365225
0.276311021493539 0.134015614654063 0.055289686533276 0.196156281040961 0.199858785076928 0.138368611201233
0.24420823655024 0.146881497405708 0.132922796038824 0.163589955367192 0.177797558550598 0.134599956087438
0.309507293748682 0.117358244706924 0.0743439068810884 0.127259080055741 0.109015726804223 0.262515747803341
0.125680301462937 0.088403961047165 0.267510139570654 0.270455761954449 0.0981584293480681 0.149791406616727
0.227049702849423 0.0695649270006993 0.0104456034637243 0.418939845239134 0.155556551962638 0.118443369484382
0.0499021729931782 0.36339189973129 0.226459601563661 0.139414213490125 0.211298392759446 0.00953371946230033
0.098534354300375 0.165483055677607 0.086739531234538 0.223392407896717 0.153705453663287 0.272145197227475
0.123390344975096 0.347002444634718 0.041673450775526 0.0302578607421012 0.320300422232259 0.1373754766403
0.180804752498128 0.21860213738866 0.160167061566949 0.184164600576929 0.0363655102671962 0.219895937702138
0.229761680359086 0.286326838218286 0.0809214706360775 0.103676725706017 0.130747611183626 0.168565673896908
0.16203527655911 0.255481634349644 0.155458710522271 0.144142922595942 0.0383343507540532 0.244547105218981
0.278815563418269 0.17208295767553 0.0280259318506479 0.211771755210449 0.0783454457844221 0.230958346060682
0.375975018892273 0.186224105152043 0.0455141709401979 0.0981714828698164 0.201542658730575 0.0925725634150953
0.119810550920545 0.300516908268161 0.172358424141806 0.0530655740280682 0.0758836173947732 0.278364925246646
0.275780323366619 0.276626947885156 0.0857845672894423 0.00355111166477271 0.0105746375734138 0.347682412220596
0.207405327311903 0.257035177352469 0.153337016286212 0.0938996170019511 0.00605222586040745 0.282270636187057
0.0379782780409448 0.284929930266537 0.0933203703882807 0.253117018677426 0.0634449338773701 0.267209468749441
0.205230721439487 0.194395457822014 0.186171329480547 0.136144791292329 0.0967268690096055 0.181330830956017
0.257837764155433 0.221716966107158 0.157780081839192 0.169207886875806 0.0870540870994844 0.106403213922925
0.148168765768091 0.176131332238459 0.299012835247117 0.194257243060443 0.17973016536701 0.00269965831888005
0.0638265318527925 0.219423636665756 0.188591969887137 0.284371933193916 0.219598428463202 0.0241874999371967
0.136564806453875 0.268895567101772 0.228610701552825 0.0403545761534477 0.0565975527395974 0.268976795998483
0.214094115957932 0.134465371175957 0.145050528534099 0.270227628529355 0.00255458411300472 0.233607771689652
0.249524620557348 0.0128503150284707 0.263109688498511 0.0927205530713706 0.261249232955879 0.120545589888421
0.310645328905322 0.0930060004569963 0.195768885953233 0.0410566625327529 0.208282350994199 0.151240771157498
0.333716460969783 0.109096730557827 0.0783271902878041 0.011302742273542 0.00119722365410935 0.466359652256934
0.00168509612541608 0.162440825278273 0.204082012776086 0.0785131950651968 0.289470704025644 0.263808166729384
0.0501972130133379 0.29257780740794 0.164495803941848 0.160371953229186 0.247139388323019 0.0852178340846689
0.110610700631558 0.0336805957473918 0.143479850495784 0.22500810531807 0.233783893177739 0.253436854629458
0.132820701185427 0.380409259939172 0.240150382202767 0.0354028527157961 0.12346876988052 0.0877480340763174
0.202749017914059 0.0634049114330282 0.250181529409485 0.219792337262969 0.0527733555004747 0.211098848479984
0.248494120058594 0.0942492949962218 0.0846920541802221 0.272766922149268 0.160686216675168 0.139111391940527
0.15286547107764 0.208777438944845 0.0805065268687674 0.194902446804393 0.1197936399495 0.243154476354855
0.101646533575246 0.22994156146849 0.249527557842995 0.0529483167682367 0.261568952751253 0.104367077593779
0.0786351285915678 0.0433503447321014 0.03233513521758 0.326158537759126 0.305496612028045 0.21402424167158
0.18995853728762 0.294235932556382 0.0730789596296649 0.215682272557844 0.00371610534905385 0.223328192619435
0.184982807002254 0.341313593011548 0.183617548836675 0.0906098824386442 0.124367277175431 0.0751088915354476
0.261761985455411 0.234751977495156 0.0388062689207289 0.0828364258577173 0.205432035406663 0.176411306864323
0.118742069419379 0.187146360255573 0.29039506790553 0.026509562003844 0.0286832172640336 0.34852372315164
0.282085234277595 0.0645770719139368 0.204429167698162 0.0801225863891698 0.283234403371668 0.0855515363494685
0.353326208055994 0.0752282696489983 0.250330932182659 0.0363882435728262 0.209068443109582 0.0756579034299398
0.0122668247525143 0.0362742277544792 0.0870159198126001 0.519571927414257 0.254269399448508 0.0906017008176418
0.187311815449189 0.212621425443645 0.188464977023152 0.194248112259794 0.00318179573368541 0.214171874090535
0.311120702938625 0.112010861849557 0.149866856675328 0.00632018712092889 0.189999569265416 0.230681822150145
0.305873233979938 0.00659954047357738 0.184609634619095 0.183992225541622 0.18929538008251 0.129629985303257
0.186788206075369 0.225608501527287 0.0599794757206776 0.170962909205494 0.18077380394754 0.175887103523632
0.00412713245786978 0.224501691302296 0.164673987419394 0.118951189748382 0.367656164206435 0.120089834865623
0.325074410098775 0.0324956537458803 0.161017059664239 0.164430007261562 0.123968046184734 0.19301482304481
0.0256256428147805 0.0249311130777589 0.319865715924027 0.232665582531542 0.256913082235327 0.139998863416564
0.0980113494617234 0.191946330093284 0.171325444606226 0.205614285659131 0.00224115898902956 0.330861431190607
0.151863941514972 0.169066305106818 0.0397849172799538 0.20461528207731 0.188196457351272 0.246473096669673
0.228497662243931 0.29405422438025 0.055465667180051 0.0736114723855104 0.166793251698317 0.18157772211194
0.336993458338377 0.123813071285759 0.158473557342722 0.103674699378696 0.0323771617520754 0.244668051902371
0.210828545237287 0.166802708379442 0.172801624891817 0.186444139075929 0.196675464350453 0.0664475180650717
0.0610660990457129 0.197069857291435 0.2835497738767 0.0456454597513535 0.387375487905196 0.0252933221296027
0.147408853324098 0.362116740463854 0.0355574779913304 0.0665930681931999 0.325715590298068 0.062608269729449
0.0805935725238005 0.205947000220173 0.0183978751749581 0.283968898147732 0.258104071360058 0.152988582573279
0.347062831046676 0.0559822164395817 0.0147330882385132 0.163565226782908 0.400849334886046 0.0178073026062751
0.23082367950319 0.141906619412878 0.134125606467404 0.158009897832472 0.218176889656119 0.116957307127937
0.00574438951681339 0.257895584214892 0.0560930009072622 0.243670663806382 0.102102290382313 0.334494071172337
0.17768359951274 0.0872926616362459 0.347732479348101 0.098816552117246 0.00996281267138102 0.278511894714286
0.333880724207244 0.336456167275507 0.168477880357683 0.0186988926540322 0.118933461352736 0.0235528741527974
0.0815741458398105 0.296004273194982 0.025944075501418 0.415590547990356 0.124422495944751 0.0564644615286826
0.107797599730645 0.174061252161588 0.277275273181376 0.276881197168717 0.0666519554967045 0.0973327222609694
0.286044552622638 0.239168745288635 0.0632992449162428 0.00358720395559266 0.070668282353294 0.337231970863598
0.275345710753569 0.0734345224354021 0.0650818579574892 0.14452536466524 0.117355213983344 0.324257330204957
0.402209432647162 0.412883164537601 0.0504030726468114 0.0026602642760908 0.100149244441932 0.0316948214504026
0.0272681246172639 0.205014670644107 0.223424897887822 0.0776236292960276 0.239274899375678 0.227393778179102
0.0549603750263434 0.237964291533176 0.101517317285544 0.182935787528507 0.137246134093629 0.285376094532801
0.256707429562824 0.122087242588133 0.196923944531428 0.239744886218012 0.0329560172678858 0.151580479831718
0.208327226371958 0.131477222435907 0.231303228580484 0.102858665187081 0.152623134007632 0.173410523416938
0.263484714959808 0.212831523728196 0.107779060802894 0.276322187518074 0.00166213265510499 0.137920380335923
0.284745699980744 0.221485203607488 0.0309229670169848 0.239058252669986 0.208950957223423 0.0148369195013742
0.121704022389498 0.183699668490488 0.103242864379871 0.217875664092686 0.121675955547688 0.251801825099768
0.0540725180040087 0.1720297450247 0.0584184755096081 0.271647587720725 0.121327057008979 0.322504616731979
0.23250901002119 0.12106835771246 0.251193264689935 0.283445469866482 0.0271951611372269 0.0845887365727067
0.178596432283036 0.287900923220488 0.292994395447445 0.0418228717320528 0.102830909492428 0.0958544678245499
0.193837638516412 0.207491782235237 0.18940011678147 0.267672098561864 0.0780517819662311 0.0635465819387864
0.291246261005004 0.106331161759573 0.0607315628909664 0.183152800608193 0.101187756076225 0.257350457660038
0.18241389910462 0.0616898986881277 0.285790346732137 0.126449869068549 0.195474177544756 0.148181808861809
0.106818580551587 0.155379045056448 0.093234820775174 0.247810307134258 0.191789816005214 0.204967430477319
0.0593916856629012 0.0326894633424584 0.447772614819421 0.327110942804583 0.0618152966397311 0.0712199967309051
0.0962388373286754 0.256379151562981 0.0966982624226353 0.279442627913527 0.147250574728991 0.12399054604319
0.192270335095089 0.104844213456564 0.175435747242839 0.160619843849676 0.0885901090786906 0.27823975127714
0.0359760996628001 0.241162770217048 0.230369325499037 0.201169163793988 0.241162752812606 0.0501598880145224
0.336836859882631 0.140092301843005 0.116808936453495 0.0170553537909941 0.173589685206584 0.215616862823291
0.180831780134869 0.113631559321691 0.25104877388155 0.123457637743519 0.0273083427900339 0.303721906128337
0.185723719835153 0.101569415858481 0.113223019128954 0.221320719230004 0.153913530674815 0.224249595272592
0.188588378719546 0.211679720814406 0.114673312617348 0.22657382887848 0.0487768426954585 0.20970791627476
0.0217965398477801 0.308330687727871 0.312329884497891 0.0640901293187318 0.222264205211792 0.0711885533959337
0.168016330537656 0.198555868531966 0.25745187434584 0.223269257719656 0.13270016886792 0.0200064999969635
0.277941769854918 0.0476685700460652 0.256176666468422 0.157986130202119 0.10135701052644 0.158869852902036
0.3460681978462 0.140870235146262 0.0189669625008163 0.237288471602429 0.107613814541599 0.149192318362693
0.0153912847567721 0.221090481115074 0.107137120154551 0.140850512071145 0.322435118777261 0.193095483125197
0.184674534645824 0.355999404837712 0.0642413732979018 0.227346050283313 0.0975103853485282 0.0702282515867214
0.0834358009123934 0.214958576768196 0.148605446071685 0.206333827339482 0.184092464006206 0.162573884902037
0.0302448228427077 0.184820304069396 0.202556240227311 0.255153573803902 0.0133625630184741 0.313862496038209
0.0705664004349812 0.183743538914573 0.123530558952135 0.267438407098505 0.147832092827058 0.206889001772748
0.15701700824564 0.126413175678792 0.217869445548116 0.247973735985233 0.0958403657398584 0.15488626880236
0.195720010569607 0.0915479054163857 0.197702628788727 0.149103656285472 0.200073822876519 0.16585197606329
0.32821388580746 0.0639565136350286 0.326837649779459 0.0896877517210202 0.14927317731717 0.0420310217398623
0.0918340359195085 0.276149597501961 0.139501480100528 0.0319264969292421 0.165780518935452 0.294807870613309
0.203043531075915 0.189457088226048 0.021926216845558 0.348384634553184 0.206677591920614 0.0305109373786807
0.13099208966135 0.17542902317895 0.129378645328839 0.0594585637102693 0.0435661766504242 0.461175501470168
0.255482593441338 0.0654632910373151 0.198729950216293 0.259232655147549 0.16189541045457 0.0591960997029353
0.173134476360401 0.185361563700602 0.196948880586462 0.152537087414072 0.144940854974814 0.147077136963649
0.12345646594161 0.0926063043965696 0.269797465479101 0.249061278070555 0.0420574643077078 0.223021021804456
0.0766804381803824 0.166815439680987 0.215637973609815 0.252108472565568 0.188497968018325 0.100259707944923
0.00981367628669799 0.141046279623714 0.274036836731687 0.237730737572841 0.20334224642628 0.13403022335878
0.206382172064199 0.177879457367951 0.195937523927439 0.208329838824661 0.0775144924915482 0.133956515324202
0.209641345526191 0.0671074168444869 0.238409701709804 0.0552462995277486 0.238678891024033 0.190916345367737
0.234765878749706 0.269764346580462 0.0778054723563725 0.00491071795062987 0.220287539352866 0.192466045009964
0.0198788456288437 0.0979803495881838 0.312218237407096 0.112775609299768 0.302671009797196 0.154475948278912
0.0628984699577581 0.156012961612627 0.275235704509214 0.122627819768569 0.286364147583519 0.0968608965683127
0.128736050833022 0.233047187904609 0.129403644512345 0.279085507240128 0.226734095943275 0.00299351356662059
0.0561696892618104 0.222278311791746 0.25459205181486 0.0763439532349464 0.107358161516875 0.283257832379762
0.22142394233172 0.00350115702263909 0.194423307588447 0.280804981497027 0.111881834868417 0.18796477669175
0.14976696347006 0.0637127379140137 0.0743543455044266 0.249781699292814 0.32971752615479 0.132666727663896
0.147898125336085 0.241715384771267 0.125487819655636 0.145403586138488 0.130278304316686 0.20921677978184
0.0385193622145139 0.173241474731198 0.250200705531165 0.21635260116488 0.0219596380636148 0.299726218294628
0.379176866619201 0.0694801252249534 0.0255675314566353 0.178100913739925 0.0950367842085392 0.252637778750746
0.239061467571642 0.24289682565533 0.0652040541362493 0.0841984592776418 0.247748810415106 0.120890382944031
0.187947808893243 0.261462529169641 0.22795821944428 0.0966907427573776 0.169214829627205 0.0567258701082535
0.150438169486532 0.186044089496024 0.0817988336041521 0.0721350474501296 0.238082526961768 0.271501333001394
0.235900004358733 0.368424518518807 0.0502891915103263 0.103173909965199 0.114526692632083 0.127685683014851
0.251917446165278 0.217005044854033 0.143668537890067 0.206927277023715 0.0138139229013941 0.166667771165514
0.309024659220254 0.0502960723834565 0.317298333822467 0.162767932569983 0.117956731251727 0.0426562707521114
0.142872159161085 0.158201936143779 0.296705646514245 0.236900867256335 0.108412816063312 0.056906574861243
0.0637068242797861 0.267003676620032 0.111508516634832 0.13779294177869 0.273515041624197 0.146472999062463
0.156772051256755 0.108442782188846 0.189650689470334 0.148808216486713 0.250057969024452 0.146268291572899
0.162446503741988 0.253130756232964 0.292273796780742 0.0568225863060565 0.114859035249846 0.120467321688404
0.0576988474021684 0.201883699243461 0.0827694572574299 0.219512836446037 0.22305183119196 0.215083328458943
0.295634696566836 0.108395118205967 0.214249748540574 0.13203247476429 0.147603433949943 0.102084527972389
0.194414753016299 0.162788831987804 0.196719866508111 0.0506332609355835 0.37242822574284 0.0230150618093622
0.0523131479469306 0.0208153496189262 0.0850671424761381 0.321846361463345 0.294455679709703 0.225502318784957
0.299953062975039 0.0940588506338936 0.00413288036958619 0.140585595946307 0.220606587379229 0.240663022695945
0.262802427751176 0.102348687628499 0.285012797848201 0.0637135923199455 0.228355699058305 0.0577667953938739
0.0545900742774774 0.306260966494886 0.115791189888275 0.16813152951192 0.103087165671873 0.252139074155569
0.0349024459740919 0.259210533773662 0.264005138650697 0.221462310942277 0.147727827089294 0.0726917435699783
0.21823355349159 0.312014983482241 0.0992857507889144 0.118942246121612 0.0420129053579802 0.209510560757663
0.117151721247599 0.270525933472866 0.230840067494662 0.0756373648783806 0.102143937439249 0.203700975467244
0.0662408129558446 0.266505663128289 0.160400717667128 0.143853758450999 0.173191401015519 0.189807646782221
0.247180688185164 0.0595090715140762 0.319127083251204 0.0607737229775935 0.0333868959369382 0.280022538135024
0.185383506787597 0.00414486803990055 0.285143460738421 0.0690121503875324 0.226469048539269 0.22984696550728
0.115306134679953 0.04317869925841 0.202098985226443 0.0515240460047494 0.50707503306437 0.0808171017660746
0.0507882247433264 0.0474764589202582 0.0883079464020583 0.215069593747633 0.297743319649747 0.300614456536977
0.0122805317701969 0.333840643776009 0.0620752545279158 0.026057186707142 0.201466848968259 0.364279534250478
0.07666826678175 0.187073883546628 0.153374532291499 0.26182903628513 0.0588573383207989 0.262196942774194
0.209159212331114 0.134673548482572 0.241376115354433 0.143501346022511 0.11925927709055 0.15203050071882
0.108375240913551 0.0335569400979844 0.247714004794377 0.400235340278865 0.0240817751707644 0.186036698744458
0.0429983845109966 0.236563719473063 0.0455373291972143 0.298391524770703 0.170598136600131 0.205910905447892
0.0764838320769791 0.157903815043086 0.175710886696697 0.313475713158295 0.0297178370384831 0.24670791598646
0.339317022006812 0.128405842414888 0.0938351456651754 0.189854888315043 0.197173388064491 0.0514137135335906
0.0139906626048927 0.143949345028293 0.156241444162154 0.0845633662616245 0.297141649659005 0.304113532284031
0.134968809076635 0.121556398130825 0.115408890336891 0.0567769914720741 0.337700808013778 0.233588102969797
0.310950474768389 0.0425760842547009 0.281628715748269 0.194675794616757 0.0520800702742807 0.118088860337604
0.0664101605312815 0.214603408197923 0.239515324220753 0.230109968265922 0.222544662869114 0.0268164759150066
0.284496842327951 0.0107261997115366 0.179032086777222 0.243952838424888 0.0275314451988815 0.254260587559521
0.0785703593761968 0.135464363098248 0.0391233283950412 0.155104388267348 0.480521836944011 0.111215723919155
0.238105507422931 0.188830257250274 0.122310102401884 0.0072971613373008 0.325879490508573 0.117577481079036
0.149407403020388 0.210004697954971 0.173474060105355 0.161139148928469 0.223887090884125 0.0820875991066911
0.124867134814874 0.246180378488431 0.0730077972005544 0.144985591116284 0.24328023786503 0.167678860514827
0.279940859856586 0.0807458153137136 0.439294289889077 0.131064800099427 0.0451642513063229 0.0237899835348733
0.13945510128131 0.18601759445297 0.110916394954547 0.191389501254226 0.182498650383935 0.189722757673013
0.261066443382252 0.00987403804215748 0.124132139612091 0.267809129762107 0.276227801145554 0.0608904480558393
0.284667867652302 0.290251073135044 0.0843532365180295 0.0311072843442669 0.0427920191334962 0.266828519216861
0.0683700683336277 0.0872519421502672 0.196795675885249 0.118588060794737 0.281137522976622 0.247856729859497
0.15634651495148 0.244284355186128 0.0785870438238439 0.117867154831751 0.313713531880681 0.0892013993261163
0.0949090654506836 0.224792444983081 0.258679061477917 0.0920241575649311 0.103785015664453 0.225810254858935
0.0926308129708802 0.210585200292108 0.0562779352228506 0.263866821349045 0.139669780368996 0.23696944979612
0.179839874424222 0.0788104476152392 0.174521148662441 0.193376385354436 0.276371471157699 0.0970806727859632
0.172208222960474 0.200170358248867 0.187176990976344 0.170419972267648 0.0756231700938443 0.194401285452822
0.116785405705091 0.122159305349298 0.448290665820761 0.178623328416589 0.00710362929866299 0.127037665409598
0.285062651367329 0.070613995155145 0.187835783718907 0.119039242980754 0.220719025725983 0.116729301051882
0.0276392122312083 0.0702928940147101 0.15311832235032 0.332016929492746 0.0102707095948906 0.406661932316125
0.234168257636574 0.163944551994778 0.389033304579813 0.1070975513159 0.00739955314459129 0.0983567813283439
0.0952222038192154 0.253693607466445 0.00242363500548936 0.187105940299488 0.246532878062854 0.215021735346508
0.165773482623446 0.197764893147196 0.0197411957290621 0.285816141073072 0.0846653830152381 0.246238904411986
0.0336838335429314 0.275743878450615 0.331965651924669 0.182498560675769 0.0370578645661665 0.139050210839849
0.00492965806134023 0.339878043559312 0.0275242110176095 0.0374984104307746 0.270594785105205 0.319574891825758
0.223916595869487 0.154519476876123 0.0494721605212841 0.177619103643891 0.167421025340904 0.227051637748311
0.224433156883863 0.238284895536148 0.0935270349956113 0.0349028880237924 0.292685598908143 0.116166425652442
0.136018105942026 0.214563979001624 0.212122112257148 0.16111793087431 0.153012610753056 0.123165261171837
0.23471857269251 0.163768250729826 0.0954062361915137 0.150559867831045 0.17176571275006 0.183781359805045
0.153601237812926 0.156419989989829 0.11265652641525 0.391838915487805 0.175830805156788 0.00965252513740205
0.0051775866940977 0.22587521863254 0.117630820835763 0.203721913578892 0.0138413810813066 0.4337530791774
0.0460972451008327 0.0695387677674469 0.14818259538925 0.291843555087033 0.213677880102777 0.230659956552662
0.196308426881273 0.0129502658992097 0.227348577783995 0.140574756423918 0.0923686403917081 0.330449332619897
0.158556090493479 0.192860490926952 0.128540616390856 0.156271122792794 0.172792388456974 0.190979290938946
0.0297761727427466 0.119417787525261 0.228774333342514 0.100435256234835 0.409848499057302 0.111747951097342
0.343285366502063 0.215594054155629 0.0068712174234498 0.0325684816960132 0.153193639314667 0.248487240908178
0.171515333737242 0.36768838308491 0.290431611146582 0.0441826985021321 0.0258903051562601 0.100291668372874
0.0884985540042622 0.188933502549311 0.191704318507317 0.170528645249352 0.219268458578351 0.141066521111407
0.0910841690228564 0.119597767095415 0.21040153896429 0.171162720333787 0.334262816555814 0.0734909880278379
0.082990207108948 0.096844639927569 0.218591026457497 0.223269662012232 0.154329778388281 0.223974686105473
0.056992078458802 0.155767512128902 0.230111947227969 0.323258870498975 0.18046467905535 0.053404912630002
0.00170850038394923 0.111939635987657 0.216784490398211 0.589729440386798 0.0174079751405526 0.0624299577028326
0.0844382972736084 0.346821858754065 0.00408759248419102 0.208227023457565 0.264200818437394 0.0922244095931765
0.131507127301634 0.00851882659441509 0.249066030960762 0.240878960029534 0.272650622543845 0.0973784325698102
0.261942297378188 0.215742045764677 0.137750349828845 0.0768135146164065 0.118278680990074 0.189473111421809
0.24136133025914 0.117881885910476 0.0527603097849195 0.179011994536609 0.0320333722869532 0.376951107221903
0.00761966644038728 0.354673016584573 0.0756400207632514 0.235164177392093 0.0641474675616967 0.262755651257998
0.176786697169682 0.192156660641714 0.126612087712905 0.0174689883274123 0.223943114829306 0.263032451318981
0.00328155607110735 0.259066628957929 0.212590153830859 0.150477240220594 0.16113910636631 0.2134453145532
0.130700187805859 0.072507610926685 0.220771261480447 0.349252337175662 0.0350747325098989 0.191693870101448
0.0115642229627288 0.243136670068353 0.131820437306546 0.0851989596301371 0.297855096228556 0.230424613803679
0.157086800234556 0.00428926472843418 0.296915227731912 0.0548703609921347 0.334221087514956 0.152617258798007
0.129114227581952 0.504552887444107 0.187514049790924 0.143046811548904 0.0182122139569555 0.0175598096771572
0.181657124953498 0.201881602089096 0.260282197742066 0.147964461842898 0.193148490574934 0.0150661227975089
0.105514960723983 0.192989177897596 0.222263506023585 0.29378096177354 0.139919649558923 0.0455317440223727
0.176522783407182 0.043272165611405 0.190972863226516 0.255820773374203 0.254903430459659 0.0785079839210357
0.261834604915755 0.0148002661337424 0.379475548030809 0.0415860797674788 0.228315760368477 0.0739877407837376
0.317419148766597 0.226689275451249 0.0263159617297045 0.103026482642322 0.215147996075324 0.111401135334804
0.302351697741757 0.268090252082828 0.139521631023223 0.0858007292058812 0.0525274544949998 0.151708235451311
0.294030871912702 0.0788058770262171 0.191729828805553 0.222056406638962 0.115143006799035 0.098234008817531
0.307655689852088 0.0547484351623179 0.0386569276498742 0.159617031334487 0.266089058657428 0.173232857343804
0.253008129432844 0.00376324280654952 0.116233633073031 0.269546433346444 0.27873388194893 0.0787146793922014
0.148784911435592 0.138369081022205 0.15892643115115 0.225866492226701 0.209824273578505 0.118228810585846
0.239072307890812 0.0047151966368138 0.31672633489944 0.113246663982689 0.0363526205779642 0.289886876012281
0.190358975366335 0.31912616176453 0.19404616797463 0.00119060794115595 0.17206769083965 0.1232103961137
0.30224636895785 0.226340557245002 0.217621755409476 0.143864270729249 0.0720596340100687 0.0378674136483545
0.122708707415112 0.198972347080464 0.308523028724176 0.218099167447979 0.0140390611458604 0.137657688186409
0.139523760114509 0.0949166714941735 0.289379802821139 0.285708251975336 0.121976554508509 0.068494959086334
0.161313481518629 0.204553532853547 0.131306422409782 0.168550554857008 0.232460563021541 0.101815445339493
0.111470854121819 0.0293481300738925 0.294291365902634 0.163036083726189 0.049005859441582 0.352847706733884
0.0443794483094316 0.222833526672218 0.347542052679399 0.164269461745405 0.00191309791574406 0.219062412677802
0.0417465240000963 0.322712620535574 0.115322020174094 0.266085966272146 0.101815689820742 0.152317179197348
0.157734992570341 0.0660322758175128 0.349507601795636 0.305254039335794 0.0528028499486544 0.0686682405320621
0.257025440625065 0.0376821430989387 0.0965327457017149 0.166211580574955 0.156765625381457 0.28578246461787
0.249878544288923 0.0118629415945948 0.28082620429571 0.0771021288515266 0.119292534786357 0.261037646182889
0.18635124607434 0.0884363726641534 0.0150768406112024 0.454273877784847 0.194711495279498 0.0611501675859593
0.137131573006154 0.174899225592637 0.0916412930273549 0.287183357389211 0.0859518568620676 0.223192694122576
0.0236564403915493 0.255287624071895 0.0215050629771377 0.364644837453564 0.115692828012203 0.21921320709365
0.223409660868027 0.255378339271333 0.287870638836237 0.128859195861683 0.0913599886446015 0.0131221765181185
0.281354252559476 0.040421186480485 0.0590486488511677 0.0680754829738403 0.32155352769573 0.229546901439301
0.24111560871474 0.270831349181898 0.189174208993932 0.215231155955351 0.0096420267554947 0.0740056503985855
0.0839385334989814 0.0977727048016974 0.256845042647311 0.244767922797225 0.0543227786600385 0.262353017594746
0.192085491089987 0.34134653560859 0.107463984521656 0.180130185483203 0.0155027345057998 0.163471068790764
0.140893203997654 0.285040336714892 0.282084023978922 0.241154892503038 0.00587273265511323 0.0449548101503819
0.0183817341201297 0.2658402232082 0.291646568000327 0.0252160196531731 0.26477070026149 0.13414475475668
0.153846486388422 0.163288758693992 0.186272983908631 0.154590450336039 0.176291888706079 0.165709431966836
0.0322377812860163 0.0895879240819095 0.218688295838911 0.0588651959991504 0.324082595206212 0.2765382075878
0.0259617060933817 0.156724693723652 0.28227959028229 0.168195339776507 0.0557828313618806 0.311055838762288
0.075669691376626 0.0980549296015099 0.279985587584358 0.13293449428865 0.137214314461591 0.276140982687266
0.186978431906381 0.192129036876588 0.182552733066257 0.0997464078283728 0.040750831165851 0.297842559156551
0.185405375143795 0.263350800184681 0.100317126548388 0.191220880094138 0.0820648158825196 0.177641002146478
0.0682498723107191 0.066979998246263 0.285773984630916 0.221440148994316 0.066014892109197 0.291541103708589
0.192115074451237 0.158511375907613 0.0246724816337346 0.0694408865384538 0.309064708220389 0.246195473248572
0.168085420290733 0.0860655203275621 0.256536734336466 0.0892904998267401 0.0975676876094302 0.302454137609069
0.278582076347264 0.10707695213262 0.193204584596625 0.130741925201553 0.290092503789957 0.000301957931980722
0.0526326018969712 0.130839703323258 0.247971624068846 0.1712845068252 0.20235577491248 0.194915788973245
