0.0203652723650785 0.0830614400012257 0.137230027661604 0.237848827276162 0.0578691004818644 0.144918019451245 0.0243741213633339 0.0874379740751255 0.20689521732436
0.00886208581995817 0.248597143786545 0.222200819515767 0.0139231488704883 0.0605970943994074 0.127485214455819 0.0763241874200216 0.0530849457882262 0.188925359943767
0.15495494166176 0.137347981944182 0.0170850951860389 0.0424499072645776 0.0848141079776977 0.0390663355328619 0.143241196362295 0.270224849878872 0.110815584191716
0.0114491177776836 0.148811494684331 0.143563115761677 0.163861646487386 0.0328633315039564 0.030160403030513 0.153779392852039 0.142641898522716 0.172869599379698
0.0152793596402272 0.0692288029454274 0.178764991126853 0.155484800312262 0.0564882114306171 0.135667477981429 0.0459034937087525 0.0903370095113059 0.252845853343126
0.0518860112253916 0.100608830298742 0.222146374285335 0.218389474147231 0.00384853409869089 0.0594858098292185 0.0867658364143086 0.220412605695919 0.0364565240051642
0.103305485623484 0.0944474838033354 0.211171261358892 0.000570385760672467 0.130172617600808 0.155792610999405 0.0134714856363746 0.0800379145555768 0.211030754661451
0.111274012819443 0.143573466755404 0.119424615421769 0.118819447116233 0.12406225073567 0.0401936668783185 0.077659745656515 0.146741619003665 0.118251175612982
0.011555182908705 0.116052811893538 0.0117756494165649 0.0676381216050339 0.199427267229057 0.107680324211749 0.160896445345741 0.226622639750988 0.098351557638624
0.198640764802934 0.201330882653077 0.0326483539232462 0.220476661372175 0.0448849080886495 0.0938600363332138 0.0164309010644399 0.0732071298770797 0.118520361885185
0.112877663497338 0.139904891168431 0.0666921067283657 0.120511893102379 0.0367402210414051 0.110104889997402 0.17591684713955 0.139006877365619 0.0982446099595095
0.0799118011860424 0.259907700737269 0.141279937437791 0.021225271654769 0.0385569520611246 0.0517558340443711 0.0720862411230381 0.076824659975064 0.258451601780531
0.00372093196155702 0.205470761875319 0.183718711310619 0.0177032242083712 0.0100647258011608 0.149261444222557 0.103022934707014 0.212354375472449 0.114682890440953
0.0470650028750895 0.314565488677294 0.0595016210202029 0.198843721629278 0.00072937229334775 0.071870593623642 0.062098739257683 0.101779967521181 0.143545493102283
0.0611166204028211 0.099993255252317 0.185250724599081 0.0723483020329359 0.0606807587689369 0.185378942252299 0.137094872119598 0.00950623956537094 0.18863028500664
0.145081422672657 0.104464612161156 0.10889186320312 0.0514364481648224 0.0695303803430304 0.193910614914646 0.00891759383953551 0.151910168039955 0.165856896661078
0.00151014955718021 0.0200918639173662 0.00599194663692975 0.0851519620950543 0.181840376063308 0.200480133843624 0.195279680474696 0.104805614409439 0.204848273002403
0.15544799474528 0.179015887081026 0.160257713133828 0.11390670923526 0.0253272409245076 0.169540175399924 0.0195604064208541 0.145468576788824 0.0314752962704959
0.119692204203202 0.0886159311970209 0.127364490038489 0.103738424169434 0.118549716070341 0.0863110172945169 0.110958815995627 0.118465670204133 0.126303730827236
0.0259377281854331 0.125253806912338 0.14228867936522 0.120745582189289 0.0293658074843572 0.117604992581271 0.169839717439131 0.0897389852682441 0.179224700574717
0.0566783825666624 0.0107385526812368 0.273869465986613 0.162644376446107 0.0801883968865393 0.0399009812017469 0.0664078601380466 0.112447395780546 0.197124588312502
0.105005012839783 0.131305735335516 0.00967953057252448 0.0731692932072675 0.0184829645518701 0.184606156727058 0.15621283603746 0.0797130242905069 0.241825446438015
0.0860816431849644 0.202995938714738 0.0398566037551429 0.0622137203421647 0.169165262220264 0.113297552448849 0.0830102051928023 0.0292890207393067 0.214090053401768
0.104265489176251 0.0514968422856646 0.0962300386329105 0.0896567493857732 0.230345104297962 0.025442026459138 0.122338968493896 0.252969459298324 0.0272553219700809
0.0171658294757517 0.0348183577824283 0.00211652495197262 0.226775972034883 0.184238626730514 0.178773918837643 0.0235326811054313 0.0937058777990869 0.23887221128229
0.155647544932562 0.0966975311815769 0.238935461028679 0.160748463858667 0.0950593735997818 0.109554477741855 0.0507381822834175 0.00966459505299067 0.0829543703204696
0.19597920995061 0.181140681370449 0.0118297622739179 0.0762740507649076 0.0676705390702672 0.120609374845749 0.0050975973830667 0.177663611430612 0.163735172910421
0.0998833916353526 0.0203089216864859 0.19111304986177 0.0681270411067509 0.281573565878485 0.00129137737648052 0.082758822128749 0.114688396662479 0.140255433663447
0.11505181830408 0.00816566849989273 0.103093021767083 0.177947280652972 0.148447222995604 0.141294993601124 0.0685090875463321 0.175692704235536 0.0617982023973768
0.0994351893716268 0.0298404611110779 0.180770268230929 0.130261760326587 0.227948718059936 0.0415229895244561 0.219577024133281 0.0677910728945559 0.00285251634755022
0.157343899049154 0.128654772126648 0.114597051296055 0.143344971484585 0.0396688704159426 0.04949383307393 0.17273412539476 0.0515352288937014 0.142627248265224
0.0351186449990309 0.107873415382549 0.0885863321882522 0.197986918523426 0.0439791461301558 0.0605935278234311 0.123036613753052 0.183626918073468 0.159198483126635
0.146504800950409 0.00954370287378097 0.0990340616724445 0.229940378844819 0.289027586656166 0.0668762928388678 0.0292406121256828 0.0852638813998513 0.0445686826379781
0.181339871058495 0.107263420940168 0.240748493635101 0.171752014768361 0.0191536678933439 0.0258335989703496 0.21356908294053 0.0293180648153047 0.0110217849783464
0.157374858185915 0.168823776525281 0.0852771624964984 0.117624513297207 0.0785529928767386 0.146671280132989 0.00492675952276257 0.125462462232788 0.115286194729821
0.087122902574698 0.0907662390692 0.098769412314221 0.0997648693994053 0.179083318747948 0.0939774974827738 0.145576704403486 0.161017856247622 0.043921199760646
0.195158417334014 0.0976795725941635 0.00841209294525802 0.185407222785897 0.0638096883349383 0.140561702152339 0.0443931149429181 0.0535696876888082 0.211008501221664
0.178549024333969 0.0343564265464797 0.0119731307475404 0.150313002679394 0.0550427517762048 0.167442803951885 0.0595430853784225 0.170859870792136 0.171919903793967
0.1666663368564 0.189182607655627 0.0069560849057249 0.152598790484101 0.113208819985377 0.0367175774413567 0.0454725209278996 0.112635435031575 0.176561826711939
0.19687313816359 0.0770442227515903 0.0142775821820549 0.160516048020494 0.159930466353862 0.125635748310736 0.0266176750972029 0.12713139784664 0.111973721273829
0.138358779192633 0.0533455064919919 0.0646307695339474 0.284232657889246 0.137959238071147 0.0197101350755009 0.0534478803245608 0.115593617937048 0.132721415483926
0.0280335330042258 0.11593536757508 0.110770964097064 0.200372098372743 0.172252924587415 0.178537882532116 0.0697242555791882 0.0836032199913786 0.04076975426079
0.0663630189854196 0.186469784057052 0.1466446227351 0.186467538617242 0.0123193905133414 0.0797276759805465 0.176482917287621 0.0583881342481745 0.0871369175755032
0.140444864906515 0.111169845651722 0.0336475944776127 0.193425722403299 0.100052367606242 0.247384573701991 0.0186173719748965 0.00280721859496632 0.152450440682755
0.0576329699071393 0.144952515236771 0.152012713884331 0.165248057339654 0.0692029698222932 0.106882412666908 0.0226741019088783 0.136546370138283 0.144847889095743
0.124349128463612 0.161719366566081 0.0845112986294515 0.0283782473021298 0.0656485147280601 0.0814475419807807 0.17364303013416 0.161527103653942 0.118775768541783
0.124836736150396 0.0165192418685993 0.0573849522150623 0.109762346234001 0.189003048063236 0.0579529172248187 0.0264349433563926 0.217987818341528 0.200117996545966
0.0590037583917111 0.135315774276462 0.0441906978101921 0.131356075718149 0.0977698498511461 0.173922749212288 0.023482133489862 0.147102033066441 0.187856928183748
0.140963250247371 0.146857279940351 0.133629338284447 0.110707601935695 0.170096625231708 0.159509216106591 0.0227990343979485 0.0791524537848176 0.036285200071072
0.133906529483652 0.159494435282267 0.0200846013564815 0.00692250881444368 0.194206698147899 0.0353367947233261 0.152658116133071 0.185322079692136 0.112068236366723
0.208759213077896 0.103765009509365 0.205386011227964 0.17703372777768 0.0580744688420811 0.155257042466208 0.000432304590764341 0.0143779775592993 0.0769142449487411
0.0985758113092733 0.151142913701005 0.0161506579033657 0.0328445779058509 0.260851736093775 0.00486784132309929 0.175329571326583 0.0272000694691131 0.233036820967936
0.036392594509003 0.0209097382008747 0.0623702322468947 0.167622268944995 0.106477127579286 0.135201287330326 0.0863998401311266 0.265337452671705 0.119289458385789
0.204734525928834 0.13780790473141 0.0888044265477854 0.193202028614523 0.0822068215629121 0.104651456335921 0.009326177020994 0.085062460996846 0.0942041982607745
0.0618721296389512 0.174390599086821 0.0722018082166552 0.0480914305357942 0.0966535677814691 0.184318008234639 0.0810542206338157 0.113626152107369 0.167792083764486
0.0140478658306201 0.220859296767896 0.0986779356560024 0.132361684904417 0.174520004950477 0.194394563740019 0.0851598956610294 0.0561203937025422 0.0238583587869975
0.147145207663918 0.0335115855655279 0.177758696422718 0.033727181799455 0.102365377058412 0.0930534000709866 0.114492468460776 0.191665861909323 0.106280221048883
0.118654789395894 0.0281719625476094 0.00833104961618105 0.187630319227751 0.0949022096918887 0.163425773187225 0.0825784817444464 0.183124220897783 0.133181193691222
0.0727270272610634 0.0351465483511541 0.0528456022991595 0.106323732087374 0.10730910969447 0.0980359787556704 0.245243859357799 0.150407608097326 0.131960534095984
0.0521408022807167 0.159516568519111 0.142939188128852 0.0104894890591744 0.226054675628688 0.217753587522516 0.078596166689655 0.0598310954090291 0.0526784267622581
0.0698371684085484 0.220022814645486 0.184686622497803 0.0184191395763222 0.0801149371902688 0.00111389618193619 0.114584342529604 0.0833286003372229 0.227892478632809
0.172915036818985 0.0538547376694432 0.00202552930327293 0.317727102170347 0.062977192437252 0.0899919758832983 0.0569512916374023 0.0453106071492951 0.198246526930704
0.00977463528212654 0.07173431761474 0.0291152689451577 0.212191122005584 0.041584664896314 0.18551858378872 0.142198737712327 0.202367723845042 0.105514945909989
0.172940814228907 0.139289448157891 0.0638483948480201 0.194205638144582 0.0335138180575352 0.172213794825435 0.0483357711317719 0.161624009678475 0.0140283109273833
0.136935713562185 0.093939145831793 0.0672889181042578 0.234470298868941 0.236524512479137 0.0588755665044604 0.0612846910199082 0.0267628440800239 0.0839183095492944
0.0128598375535546 0.117180033421403 0.189083834417171 0.174559583041262 0.0812577585972615 0.0394256746749456 0.0540217716716644 0.178338460995474 0.153273045627263
0.208402643449368 0.231807385510256 0.157959560013279 0.0655360200373911 0.187314488163655 0.00057324951357553 0.0846609826950217 0.0592704546069598 0.00447521601049357
0.103603382216765 0.149620877624 0.285092993758096 0.0777526048334314 0.139186838405533 0.122371309190224 0.0894190615672213 0.00230575342533872 0.0306471789793905
0.112134458968531 0.0508713977170931 0.117854172228494 0.0330027992012377 0.165376325828931 0.043967536926331 0.177180164635831 0.176869208564774 0.122743935928778
0.052038209013944 0.182427679419344 0.0769682419785921 0.154700884964343 0.0128299260663199 0.126299891049596 0.152589916489516 0.0596109185576712 0.182534332460674
0.134346627961897 0.0617405239812147 0.0434849718031181 0.0903111776373456 0.209738322960686 0.0913549593269197 0.0743089832099057 0.186769635084575 0.107944798034338
0.0166383947521236 0.0151069496944972 0.117802433485395 0.247296650956409 0.147948930436115 0.00934159059233261 0.24391287891542 0.0262205927398837 0.175731578427824
0.0704721077252142 0.166172712922388 0.162721032721588 0.0636735965982591 0.14774152981889 0.0997597993694987 0.12135083770927 0.103506804528825 0.0646015786060665
0.0283589341504226 0.0540571224235738 0.135642083038952 0.0436127398653511 0.132854830107398 0.0721699639897176 0.149735844813002 0.166968070545501 0.216600411066083
0.160301601398871 0.0285460288076962 0.101475013278772 0.191464400255712 0.12532399256339 0.153466014151207 0.00623506351595219 0.179877260533379 0.0533106254950212
0.0687104658734791 0.0646802660406634 0.188187037207279 0.197640648568072 0.0921083664202736 0.0370520216497166 0.0425299021253959 0.126142820495035 0.182948471620086
0.0120146931004846 0.125308003649883 0.208428067819717 0.0213036903985505 0.0861712241697019 0.0438459339941972 0.117521053703746 0.229670379731014 0.155736953432706
0.0217381204186733 0.0160388089575635 0.11705543690367 0.183574726398522 0.161312318411627 0.132248334234575 0.193195768311702 0.127027624606159 0.047808861757507
0.207059908823147 0.10449735727554 0.0913606305886181 0.145651911145021 0.024235610907852 0.102100849896727 0.00990256968857771 0.179965280208689 0.135225881465828
0.15573845311068 0.171540804294215 0.0598016109082707 0.12584045725371 0.159232251848753 0.119896689114046 0.122722604581948 0.075559171538689 0.00966795734968846
0.111605547065643 0.158750738141701 0.0653834930843583 0.130102783598614 0.106646672237032 0.118355756185048 0.00523056376726305 0.0470444625832618 0.25687998333708
0.1328826937974 0.140904203193258 0.184716865553787 0.157469167529845 0.0665868766779704 0.125731586761951 0.0114817166834414 0.159310938276107 0.0209159515262418
0.0507201493421128 0.0981487367567986 0.172057883771096 0.0934914379172673 0.0524286969381019 0.251459346193272 0.134234920888403 0.0678259314335827 0.0796328967593659
0.104159206485551 0.244551789628286 0.1883253026632 0.0388020222847194 0.114246678478999 0.0489480967068704 0.0113918360969361 0.139172465650096 0.110402602005341
0.0906345696067043 0.0837127807654186 0.0954086167983638 0.135891021911755 0.124139750806456 0.0831747764677434 0.151069172470401 0.0612382195362739 0.174731091636884
0.106837427471745 0.15763537104911 0.0276012562448922 0.0701339298745748 0.162835085152279 0.128441971394021 0.099423815980131 0.146781567388184 0.100309575445063
0.0781897651873597 0.0990979988320561 0.0991636543687107 0.146846515030448 0.200833510955405 0.127822597102575 0.0465511950922394 0.0360457964166431 0.165448967014563
0.136261138930105 0.168692877831874 0.153920063503205 0.123851369595954 0.157129151817398 0.0278034458101096 0.0992775203869569 0.0937540888886886 0.0393103432357074
0.226834688270813 0.127919882174133 0.159989999240821 0.117352777904163 0.120720615203129 0.0626213510657735 0.0595671521239581 0.113118714535645 0.0118748194815646
0.0557020262073263 0.234719007741263 0.0679095367700705 0.152598905238421 0.0807967112746525 0.0274425280310466 0.0735777415261721 0.0869419617280806 0.220311581482967
0.00645540307313251 0.05231615533066 0.0662296913483138 0.177684529904558 0.27145003401705 0.127137301750004 0.0886134246157941 0.175508282439016 0.0346051775214715
0.165340248851665 0.244134407563632 0.0541339812330635 0.0179486902767406 0.197156088393601 0.191143098427399 0.00321669588906506 0.106184853290815 0.0207419360740185
0.156210252079556 0.0295922262328984 0.0553872264253725 0.0265392425978442 0.143391650340726 0.133369013182459 0.0225987688226388 0.214278418179429 0.218633202139076
0.207455993624718 0.00746566547176301 0.0138120843636982 0.19125465140341 0.0176714445213427 0.213720921480228 0.110742748114766 0.0469865772727747 0.190889913747299
0.171245199461049 0.0401035942253226 0.157054467039025 0.108625786187876 0.11177408240563 0.0305691876878722 0.204479639422202 0.0622907874613003 0.113857256109723
0.0179846744014848 0.172109096259617 0.199845915228205 0.150748488001553 0.181317305706227 0.175722461408492 0.0238210942396508 0.0775142607527232 0.00093670400204705
0.22003200914028 0.16230612169932 0.147043775082256 0.249122617376792 0.0875584706714836 0.0303634165320079 0.0192018414050593 0.0647058673927909 0.01966588070001
0.082254327343275 0.154873867897102 0.100833750653851 0.164537972668935 0.0945419831279079 0.0640783265782723 0.0768953549408739 0.108775679233615 0.153208737556167
0.179350587116367 0.116887816167768 0.193599223017865 0.150219699904675 0.107364619753636 0.00349977404508231 0.0843321213599884 0.146988235313383 0.017757923321235
0.0490811131920547 0.0711925373720759 0.116611170365221 0.134287322690945 0.0940123006917707 0.0710336746286702 0.192645213932478 0.0392777577825601 0.231858909344225
0.0916265487856808 0.105894255011147 0.208445363035557 0.114701465076462 0.0711343040076331 0.0379609393217652 0.114090648401821 0.0190325515895952 0.237113924770338
0.151159357809735 0.178097898216252 0.0732575752328632 0.179313194926643 0.0658892749967216 0.0324685103704621 0.103285271629274 0.140442035042716 0.076086881775334
0.134466270919225 0.0582447196876562 0.170989070585328 0.129583377016314 0.0073586974244466 0.152706330017374 0.174115982281827 0.112974467333401 0.0595610847344284
0.109950057003024 0.134048478131991 0.0356021213695795 0.118612140810979 0.188688654999995 0.0279084971933388 0.108736066807683 0.199819834104381 0.076634149579028
0.115792319564288 0.0187923526542753 0.0632786452612564 0.091535289999692 0.0403529214994692 0.257469046101099 0.120010619195895 0.205904975060634 0.0868638306633922
0.00782923021804994 0.0537749960260461 0.047425942065596 0.119273918261501 0.194978536256728 0.21353140533779 0.260920232110474 0.0442420476474353 0.0580236920763793
0.150261611693918 0.14581268942917 0.120528957144346 0.196655275110213 0.0822206854713334 0.0459126920557338 0.0953282630894655 0.099004333527639 0.0642754924781821
0.164076311361112 0.00277854553291814 0.193807703120703 0.16672339900024 0.179768965115335 0.0146075942822692 0.0794043168228782 0.0136071567623436 0.1852260080022
0.214613667567811 0.222117208873355 0.0445196565288783 0.0799017245636813 0.0547048433862987 0.106151384722899 0.0867939293574057 0.132449114157829 0.0587484708418419
0.0809348459123262 0.037073248241661 0.310722521747116 0.161873919409569 0.0671241351411884 0.0593151755545075 0.0209093115488178 0.12236403612409 0.139682806320724
0.0501750704857868 0.0555821797812023 0.0906436972275491 0.186643967658323 0.364170060945878 0.0899706396171723 0.0516942868106545 0.0612908846764949 0.0498292127969395
0.0237064565423743 0.0825355526017761 0.160496304480076 0.0797560597214304 0.181550639495914 0.158300318731611 0.0131023091664321 0.106958813855621 0.193593545404765
0.11912246213504 0.162674274779478 0.220592869469893 0.00521575440423989 0.0452873912228538 0.0263012761389787 0.295850398464106 0.0805208747531341 0.0444346986322758
0.0789106385154045 0.12501954935961 0.147091273684729 0.162496978749527 0.128512605867027 0.0765142436363737 0.151516712506295 0.112272168335758 0.0176658293452769
0.167585590007003 0.159367187637538 0.0535156195374806 0.00274148768911719 0.0423343272209083 0.0319444061823659 0.229391800043946 0.225125723853168 0.0879938578284736
0.191192420239651 0.257198010253984 0.147671381956595 0.0865781476359807 0.0754991661205 0.0905074556357969 0.0132897280622106 0.120385371225186 0.0176783188700952
0.0806995833109825 0.0462823453806062 0.275075040710191 0.0656452310052852 0.0229025575431036 0.208611988375365 0.0509560437745726 0.01097760638004 0.238849603519854
0.0226902446545996 0.0380828532705606 0.0880522129160491 0.205427082783742 0.107368802223521 0.0276178814467313 0.143745485982382 0.196272306457544 0.17074313026487
0.148177320827214 0.0794796719445145 0.0781813052633932 0.171598933070636 0.196289634375898 0.0635038107629095 0.175373758330187 0.0443805827015099 0.0430149827237373
0.138786195884338 0.124872281433158 0.155520472482093 0.0519979803193847 0.0392231320078772 0.194781594943142 0.0163057388334357 0.128485536356173 0.150027067740398
0.0373512303681386 0.0848789119933893 0.206327040077138 0.0824043097656577 0.149244275702751 0.186932605598208 0.11399143036946 0.112515548651788 0.0263546474734691
0.0984742123046106 0.223695916829552 0.0238592131148243 0.11868798959795 0.167203013198979 0.104437377185355 0.0156081433911393 0.0349141561136875 0.213119978263902
0.167085923184709 0.0814209987337127 0.109602079773721 0.091234921006684 0.131324491379111 0.139114733345789 0.0295826208561435 0.0714203152063819 0.179213916513748
0.175876347128872 0.167917501771542 0.177801331242842 0.0661822435504954 0.077963956950527 0.0360011693824961 0.0970476154599358 0.185693652326566 0.0155161821867234
0.062344955838302 0.288893142140729 0.0643681975352546 0.0400167625209415 0.0745121884134295 0.116326736293974 0.0908371128007433 0.165364037487968 0.0973368669686583
0.08867388430495 0.150853102167254 0.0365146328302066 0.0550512284222718 0.065453174068736 0.179270539837918 0.149531230050904 0.14482710781576 0.129825100501999
0.134015091816984 0.0831490145397392 0.146968527667115 0.157253378058553 0.099452570315423 0.0661715616478118 0.149324432727243 0.158585003544019 0.00508041968311105
0.115082839224958 0.00865985549183172 0.103788581365827 0.137395622134481 0.211625847947697 0.157321472564483 0.0291628184477909 0.065305637492915 0.171657325330017
0.13654639324149 0.185153752695126 0.0762723186422517 0.0174848570186955 0.0968168099853168 0.136102758132283 0.0510837570487106 0.172968946356228 0.127570406879898
0.176144899934866 0.0778170419973809 0.0511066891775598 0.0363166139694023 0.149127753112433 0.163946023630344 0.0904272078660549 0.150404604777562 0.104709165534397
0.0155192082183989 0.132928445303264 0.148489543388061 0.127109422370894 0.126691320279272 0.00841520215024166 0.115802744091249 0.152260811665057 0.172783302533564
0.198134381861692 0.10798892873545 0.104086336982652 0.158779303568029 0.0674682280402065 0.136545376825759 0.0814636672023332 0.0610605206586441 0.0844732561252352
0.046518647688975 0.0836513482722956 0.236808038592685 0.110303277241644 0.0549547042227161 0.0372114396898977 0.176483953270401 0.110959739385367 0.143108851636019
0.0943118689181249 0.0220341574624182 0.104725053499839 0.00533221308145588 0.0900534467307091 0.168403620722666 0.155052140805183 0.173830870559892 0.186256628219711
0.0401608515382365 0.175261259272673 0.174084893002108 0.160970337593383 0.167367186930791 0.00883450615046265 0.0872035582866352 0.135905184120601 0.0502122231051102
0.0545851219925185 0.146955483171879 0.146209850327402 0.182966100972653 0.0301123361549809 0.119108897709674 0.0363644277223543 0.114012650950257 0.169685130998281
0.0152489962770364 0.202824672231111 0.0385054973591923 0.106597203235613 0.0415192621467338 0.196169825401273 0.200760438598907 0.196221460469462 0.00215264428067143
0.132933791724195 0.0104009393821239 0.0536635727874185 0.117083429871268 0.00119742971896763 0.212710249222116 0.0492162980443409 0.139896282884993 0.282898006364578
0.158946099187194 0.00779584954269727 0.00164810286403235 0.0285656620824558 0.224748557416245 0.0726179752295902 0.122210526641754 0.185541561977148 0.197925665058882
0.00304978631147398 0.147303561416234 0.118674841572277 0.0970979281800606 0.0869977950316359 0.147175984037365 0.0927924369541726 0.148078241461033 0.158829425035749
0.169953150303371 0.0122820076681817 0.116959995162879 0.0630909960182433 0.256789374334148 0.00385610929180387 0.129981660741977 0.135159055120279 0.111927651359118
0.125170982127976 0.196053972337604 0.0460761998641938 0.104052061535157 0.177227192219498 0.1966456055041 0.0722566098874781 0.0706255085945695 0.011891867929424
0.022689591049202 0.200906090982718 0.160160028292005 0.180443325442291 0.118331137891507 0.0757828346360082 0.0368996487887233 0.0946588594890542 0.110128483428492
0.0109447457482385 0.176208456099804 0.156751555308178 0.161171137807501 0.155887670076066 0.134303114011881 0.0548421592193164 0.0475875916216636 0.102303570107351
0.144164970785228 0.190103300056144 0.199510810221235 0.0139298298039376 0.0535554238903186 0.1837718740868 0.0275194757524983 0.0666363260079211 0.120807989395916
0.00909384984733915 0.11875687853742 0.0883917031691861 0.176902039600725 0.137161325453099 0.0513816516762036 0.0249340032957085 0.18750982877343 0.205868719646888
0.0171347517765656 0.0303240015153622 0.166110440197193 0.144713771103426 0.0631597402468673 0.151197085938067 0.197725015643819 0.0838798446790601 0.145755348899639
0.0718959421447741 0.0882331060094395 0.170959833616567 0.132958731542994 0.0763927558943656 0.0651641871565511 0.148932459724951 0.100587074891089 0.144875909019269
0.227345838423123 0.0441160700829112 0.118832481803555 0.212486431495962 0.00809894946298711 0.232055466195683 0.0144991319039625 0.101552094250091 0.0410135363817259
0.118184371728982 0.0979561293070814 0.137171933046473 0.106137783760214 0.133042262323963 0.128203414661177 0.0931435168671635 0.0798189436185274 0.106341644686418
0.0712421235139782 0.0476448157891021 0.0777328599893781 0.0258758076581049 0.124100698458193 0.193829024414979 0.187134064981655 0.194308991739795 0.0781316134548152
0.150577652564653 0.0697846419280625 0.136194921004644 0.0217419660797344 0.0388818817782783 0.173411322599265 0.134473977832902 0.111914215268877 0.163019420943584
0.0305564530361815 0.200778551560958 0.0246419863747716 0.108458456884131 0.0301105023162477 0.185772351635076 0.168872814348266 0.0453653571024357 0.205443526741931
0.0630864976888732 0.162843761124449 0.0741856981932335 0.0124550771486183 0.0991177092974269 0.184061761295517 0.120098586044009 0.0946837540655123 0.189467155142361
0.0241385959058013 0.169100422122316 0.0485882778135531 0.0341687206239049 0.127086686800007 0.0520304058578071 0.287857912546546 0.11889539995888 0.138133578371184
0.0901728306683383 0.100466454340142 0.198459106831608 0.219495846140401 0.0440298981069919 0.179973917908826 0.00999670557350211 0.0913644105510552 0.066040829879136
0.0369959085126205 0.130981808465277 0.166529239359435 0.101405253829039 0.0243908878149767 0.174699177418923 0.0792679636800234 0.154508839620376 0.13122092129933
0.127912189667527 0.080069530084907 0.0952240408717765 0.210013532104411 0.0275997266390569 0.0245149933558223 0.128709774848787 0.17222439912473 0.133731813302981
0.0697201374324782 0.0289405704044598 0.187902747334077 0.0736128652644627 0.187820282707085 0.00662386925521211 0.149286710125161 0.172861939229733 0.123230878247332
0.158628062010477 0.117763116359425 0.163603904034561 0.113345837826485 0.16473528952559 0.115965688214906 0.0139423229925908 0.0856604822794582 0.066355296756506
0.120476932624616 0.0823845890233541 0.195798647164673 0.0570861542863321 0.129785581100299 0.187038535968569 0.0270738174742031 0.0209563771162857 0.179399365241668
0.0884689603575271 0.224115363786842 0.0208394827046799 0.157613202582527 0.0700617030834407 0.165228715436627 0.0785041292228172 0.0886226869812467 0.106545755844292
0.113835442348185 0.0751050062699569 0.0465576948904042 0.0959028118635165 0.120826542926922 0.21817731496569 0.0341318336623061 0.0433311619710564 0.252132191101963
0.279007619621604 0.0973928617166353 0.150912442584349 0.27343363719514 0.0593144431981732 0.0250563076962924 0.000776225413415193 0.0986866045750717 0.0154198579993186
0.126234071066161 0.321935443831204 0.150016593286985 0.00233227490052789 0.0575549738469028 0.075113697001742 0.0937111419706566 0.0307794878981309 0.14232231619769
0.053986832173519 0.0509225027876162 0.0555466070097983 0.0570197039470358 0.210515599259088 0.176817005120591 0.134081134616398 0.0130144216231466 0.248096193462807
0.0917501936265534 0.117014069724898 0.174825153977892 0.0936839592095308 0.0983377718381358 0.111573937130493 0.076971435336901 0.214927557528103 0.0209159216274928
0.173982588011218 0.0966002114659634 0.0859473244314221 0.057562364342653 0.0479636050631994 0.147678961995047 0.0545140383097691 0.115312104312246 0.220438802068482
0.112129455504279 0.0678060956337258 0.0918727269587748 0.0515084591755555 0.157942245494568 0.0682624564359502 0.063015147217389 0.215505737803069 0.171957675776689
0.107580497969842 0.00410773036663495 0.172646484860686 0.0350281302109766 0.218134483898481 0.0698549021723548 0.00737539740108628 0.18994028773476 0.195332085385179
0.179583977237267 0.122362306172707 0.0585205409091166 0.0822525438808233 0.0391430216080016 0.157738216431549 0.136961791701777 0.0922394318894018 0.131198170169357
0.126061499536457 0.036723457760688 0.113413929960286 0.110593681385584 0.111153980121197 0.0119134807031184 0.229766566451436 0.0591535860995044 0.201219817981729
0.00689745825912494 0.111226319592353 0.0741812269020213 0.107886451703814 0.0762874993788591 0.0566878413997252 0.193894930060058 0.185630206732804 0.18730806597124
0.176605153789671 0.0867078231168841 0.00364590008128571 0.142167776612098 0.108055187611685 0.0545672644389841 0.103197793866542 0.162186892977005 0.162866207505845
0.0780725728233335 0.23401890819622 0.119947966111942 0.141235509447404 0.202556173658941 0.10979864105244 0.0503070212787276 0.0447155236352672 0.0193476837957249
0.0611374149850941 0.174734293745938 0.185846433869289 0.186517587992966 0.110009868845512 0.0985021598917998 0.134637969360822 0.00613078588767551 0.0424834854209037
0.088399702692401 0.108828354918131 0.213193582992043 0.040543428037509 0.044200866020005 0.126497133716329 0.0256971987082939 0.288486166931907 0.0641535659833807
0.00391199920326027 0.0492176104534902 0.131985090245316 0.0673906760008647 0.149077748293165 0.201505299166501 0.195056848379375 0.0200997232389897 0.181755005019038
0.126587323669186 0.0707214069928117 0.0273691296265702 0.112630816804711 0.141528238531961 0.0483975505971059 0.151207498788336 0.160546081611519 0.161011953377799
0.15395882440807 0.0111115030821171 0.0513338560911682 0.145554207748061 0.0732149491842687 0.181757747527448 0.205642303495622 0.0533116043234964 0.124115004139749
0.155875160472337 0.0673231863537208 0.0513756693098383 0.093606699455745 0.171517038877195 0.169751299299955 0.0464132162756573 0.166183342363403 0.0779543875921482
0.0626420407698862 0.0888276466495596 0.048243051987297 0.136664531138737 0.239654127388231 0.00363494546637957 0.200791211775123 0.0524064314456641 0.167136013379123
0.0589720453216785 0.037262071602925 0.102415651970035 0.103817435068893 0.105741297496291 0.118158024289743 0.100265319755278 0.171426738248888 0.20194141624627
0.181969647447467 0.0600684082983899 0.00535701835017522 0.173506822188643 0.131359175924184 0.0684318856949791 0.0339754208121488 0.160380478807257 0.184951142476757
0.0713323892191225 0.0165503130634584 0.03240049974274 0.231316103637672 0.040398898549009 0.207925292125499 0.0850718141159454 0.0894497325913907 0.225554956955163
0.07865478274089 0.246932335546148 0.143168550736355 0.0163028150719701 0.192502449044179 0.08226483238199 0.0104324448652773 0.0129895212408023 0.216752268372389
0.0561178194173893 0.059581997887398 0.117704698154812 0.0795662161087524 0.16295630112792 0.104429308633618 0.0682963857733125 0.174990189482549 0.17635708341425
0.1830109522735 0.1152109319001 0.0278077574812234 0.0259150160741544 0.0782558113152643 0.0355960060611666 0.189383173480548 0.152360926278094 0.192459425135949
0.172672710186783 0.00151215225258592 0.171778387822469 0.0830745273962463 0.130651392143043 0.0215975733411336 0.171116609998713 0.121529402161277 0.12606724469775
0.123858098695055 0.0543220902638219 0.119358524629232 0.0479681035522663 0.0622179338498328 0.139126506405023 0.215652669116863 0.134238199896787 0.103257873591119
0.176051148849643 0.181449349640476 0.0765143780706832 0.153737097923655 0.13608278747119 0.193217583255538 0.00616899518880391 0.0148401356313743 0.0619385239686381
0.1946071470524 0.0661819273888033 0.0806230830634173 0.11218544519608 0.0284359781689083 0.0130044771849436 0.200491065405238 0.148218237560225 0.156252638979984
0.130015081882321 0.116109992957 0.0865601944854777 0.135401922945967 0.110898821298133 0.188239328440697 0.135791915377939 0.0493248694001168 0.047657873212348
0.080303964771903 0.00681632836934149 0.146366688649427 0.0737306855593502 0.165492024235253 0.0860099012182703 0.0332825178852614 0.25171812413821 0.156279765172985
0.149937197791878 0.159411949402553 0.117429917145029 0.096045487896073 0.152090544980442 0.0104889856009856 0.011041580240443 0.15420715837707 0.149347178565526
0.138446748035284 0.170739702180521 0.0484429106861036 0.270486831573281 0.0972060267874243 0.0118077752932744 0.108701374892155 0.0874599846267047 0.066708645925252
0.2264801200982 0.103969407699103 0.251571570388649 0.0914106221562527 0.0977493040272051 0.0369565502386289 0.0885973548970587 0.038456883240975 0.0648081872539276
0.102308781469753 0.167807370092466 0.131657639052991 0.118618654143828 0.156803380181164 0.0285416245196751 0.0495687264563328 0.0963259252344357 0.148367898849354
0.0401859082028798 0.00607489816774818 0.0822919516311349 0.202309964698276 0.150497407268897 0.0523256553649012 0.179633151373166 0.170415966675663 0.116265096617333
0.0845837147360737 0.211792836588456 0.246619385101396 0.018950295552077 0.169646732005362 0.0897435841900948 0.0174933431190406 0.133018265240394 0.0281518434671067
0.132618602914168 0.125962087305267 0.15659778818331 0.176029600111451 0.0896953005763217 0.0555910625959626 0.16000468143233 0.103423672067482 7.72048137082611e-05
0.220495773415205 0.160551593901918 0.129214706264301 0.0585888081252882 0.114286316066123 0.0011470516145556 0.219304260080729 0.0887184526621273 0.00769303786975281
0.0121156334144489 0.146709361791387 0.193701172968082 0.150648349104035 0.0459532147934041 0.0784806489763852 0.157453251465909 0.018702681141626 0.196235686344721
0.158366094010161 0.150128231312343 0.0134583110921351 0.122033489025116 0.0881422246039961 0.0573148232890012 0.0872043378649333 0.117633321110906 0.205719167691408
0.0424468075831526 0.00318559427058914 0.0732155585403816 0.303155862800471 0.116060037943322 0.236623565319383 0.175522661678794 0.0430478806189095 0.00674203124499671
0.0821099454045073 0.18583999207419 0.14867026745127 0.039180919857239 0.0693562236802849 0.0616057737514762 0.120793759485569 0.196560567275734 0.0958825510197297
0.155851826777685 0.0433347407570341 0.193150217617791 0.0125643486689522 0.285110549960755 0.0579314890452299 0.0357305430223489 0.154377218251276 0.0619490658989279
0.10718691736476 0.17208612978709 0.178638987960379 0.133381507616602 0.0982587072765299 0.0116900714125173 0.133233037248706 0.0724820880025892 0.0930425533308267
0.106148084769617 0.0278148293247022 0.044920795774628 0.052210154949822 0.161667621234556 0.0629406679924534 0.185121363851088 0.0962704392187829 0.26290604288435
0.0949024973622029 0.108813120166572 0.117748281035034 0.131474468303203 0.03069925811124 0.171103449052998 0.0798901991342843 0.161250531527104 0.104118195307362
0.0239126232567817 0.0943140413303604 0.0698957186128724 0.0123365744577006 0.0249028245570988 0.276309728379498 0.160891322161142 0.106875508487715 0.23056165875683
0.130669843629642 0.0893116796247055 0.119556155016307 0.227190797875637 0.108346520359651 0.0431582690986752 0.0836570600418041 0.0381867853026345 0.159922889050944
0.0557600326772474 0.0172565071006201 0.00529880621338417 0.130987720150446 0.174248031937761 0.186037129098447 0.139453549718711 0.235505423339182 0.0554527997642016
0.159948330377483 0.112031278615313 0.125929152670377 0.154620546026787 0.136626025424362 0.160811735951625 0.00986438789093909 0.0970437611295537 0.0431247819135597
0.181225425864871 0.0235447886444835 0.0722550413476831 0.16626271953837 0.124460949761281 0.0427996417113415 0.158769224732384 0.143014472606324 0.0876677357932615
0.0499823507333614 0.0700938355697996 0.0614612152947976 0.0209817000618018 0.188004183126376 0.258343770320937 0.0504406712095085 0.117407763450352 0.183284510233066
0.150113284440219 0.0147623548888265 0.18490580718035 0.158255536633076 0.0166038052811916 0.142965439067708 0.101683647504266 0.152947892238237 0.0777622327661261
0.193910342395554 0.087889442209372 0.0195680597651008 0.135829539163314 0.256591206067658 0.10101845768158 0.0827538627984988 0.0989869486149862 0.0234521413039362
0.0530727025253544 0.0382509364091299 0.202782117492757 0.140733345380354 0.0791459234380447 0.193356608789239 0.0486676215597002 0.0630028548460188 0.180987889559403
0.143646230357743 0.158316684558945 0.126988246751804 0.106063195952779 0.0669563338853467 0.0523513936296332 0.0337895399548608 0.158281318627128 0.15360705628176
0.0210348157014984 0.0814190733732439 0.0725538365527051 0.157711709390343 0.139949528678218 0.0921455729430137 0.171075251531188 0.118911280395903 0.145198931433886
0.103447434315495 0.158180493232961 0.133974090734374 0.0651840648728187 0.166585762290874 0.122840398880449 0.175255454208219 0.000578230091638483 0.0739540713731699
0.18900198887248 0.0978334108481731 0.170844181554738 0.0997050731812737 0.120222990527641 0.0943472066557698 0.133247920416347 0.0343248813045369 0.0604723466390398
0.066292433506556 0.203830994814554 0.185418159355333 0.0252194538411643 0.185698778764588 0.0554572163125111 0.124783625307142 0.0593300053205526 0.0939693327776
0.199637660312281 0.0808200750013335 0.100336401118036 0.180626179800153 0.0269324187766744 0.00116954296871436 0.228557008628853 0.0583141974236948 0.12360651597026
0.0541440705613803 0.0919599265564784 0.150825816006355 0.135701190415404 0.146036125808359 0.0351727865362114 0.0992144105621429 0.126128148613954 0.160817524939714
0.0721041803835814 0.061450305619232 0.150210700393147 0.15369966675724 0.149778614711468 0.115425389845504 0.142476725639231 0.0468833345169601 0.107971082133637
0.219372314458292 0.180214878930319 0.137959783937662 0.0430098671112895 0.0996982957621094 0.0289551826675241 0.0612165275043502 0.0270881814289897 0.202484968199464
0.0138232033615825 0.186868120469666 0.155558738284349 0.176738992615038 0.179198045757802 0.0172799113461852 0.00048429916557406 0.145077449094708 0.124971239905095
0.175204651322838 0.0180910731647627 0.159603737147236 0.153525494651633 0.105848328194856 0.0380264737044073 0.134188610184098 0.13050482364835 0.0850068079818196
0.111828616809777 0.0904314518291306 0.154923474075399 0.0629842448364049 0.0192492113662523 0.190956543799993 0.180140100593043 0.0673573208447564 0.122129035845245
0.286862106723095 0.0160624975875803 0.0148132638235472 0.231408928333977 0.0188927118573913 0.0674883201003371 0.261890632169575 0.00258015451928471 0.100001384885212
0.114809664546251 0.0938923586716532 0.123082039005569 0.153380949036719 0.0894014028952393 0.184932283177835 0.101029374889131 0.0547818458332637 0.084690081944338
0.112804622659178 0.0704064239027489 0.0702488393702833 0.200289137085443 0.0715559194010042 0.194591757382903 0.113102425038011 0.148868787679191 0.0181320874812363
0.202170202509923 0.18762642711769 0.0845347506897747 0.0146330770696646 0.137908117035439 0.145696434292882 0.0589264628674561 0.000905282020163096 0.167599246397006
0.00471830151531924 0.112358743826912 0.150848043162812 0.10563474813443 0.0431208818104685 0.149797477947323 0.119307390636548 0.187518192240174 0.126696220726014
0.0357780172433468 0.119304675718279 0.127351781572417 0.116141244102084 0.168639602885925 0.0605479369182625 0.182398327021994 0.146628670416491 0.0432097441212006
0.171943836986806 0.0303823309009224 0.18441288908134 0.137525217118247 0.138333380058369 0.0930212996848928 0.0133784012486596 0.0938424170030539 0.13716022791771
0.0962074314208617 0.063929319434491 0.110351713815801 0.0394743860859944 0.151773740161191 0.161517767760051 0.157659131944148 0.107474263063101 0.11161224631436
0.151461961308083 0.131353378681869 0.14696062512399 0.135418792070847 0.144973821603769 0.0527601087795063 0.046201316910396 0.151278045575318 0.0395919499462225
0.125385556132768 0.00887591841109391 0.199702996454796 0.192749018076502 0.0291400830887621 0.126852728395474 0.16013619720502 0.0998317418571339 0.0573257603784502
