0.385265527677861 0.108407802159516 0.153767845749681 0.12729389414235 0.0585350409106776 0.0338546382022606 0.0947935736246565 0.038081677532998
0.128477267460542 0.0710600496448024 0.174182296478147 0.129428441457634 0.178252816524804 0.0932041319431954 0.0673245292084213 0.158070467282454
0.175845643391245 0.0649660976005633 0.15140507840472 0.080216339129784 0.16025488098801 0.0121759826637703 0.146774444133325 0.208361533688583
0.183844831388227 0.153463335776626 0.0398851213252564 0.110450254109901 0.0384693698623829 0.143849629341094 0.132506691451353 0.197530766745159
0.163576573390742 0.199460970741651 0.0824322987278527 0.0301916168793956 0.0523969189888578 0.159075010271072 0.132916052569263 0.179950558431166
0.0109490895423398 0.0223500541523862 0.198078603309762 0.0197320913024648 0.270446615991406 0.208484771279236 0.146133279827853 0.123825494594553
0.141165850393109 0.132420029005034 0.030502708759597 0.0609805372182808 0.151702235647582 0.178912176097466 0.165889972038798 0.138426490840133
0.00708452363921736 0.109117419674779 0.287767799089573 0.0847143532420207 0.103489730654536 0.0666091700912285 0.139085562024776 0.202131441583869
0.183729761940416 0.124476773874058 0.102836204416421 0.0826292541404138 0.193298208510253 0.182895576310347 0.0880714788076757 0.0420627420004153
0.279255241647192 0.372637641530294 0.093029092916545 0.0631112097644154 0.0906963838041408 0.0434538273131175 0.000261954453860975 0.0575546485704338
0.143830436791084 0.191136381191677 0.179282931304944 0.0791452954870663 0.121245133073191 0.0504581087919866 0.04870253529463 0.186199178065422
0.190787915747293 0.114435334316829 0.202295733872429 0.187134220620313 0.119075597325185 0.114934184549604 0.0422154209201916 0.0291215926481545
0.179469373771242 0.00734643040404232 0.227426219219115 0.212395887185444 0.0154465960674907 0.0701480068803892 0.284961800523704 0.00280568594857225
0.0343865988305477 0.0527414557237617 0.197630583130694 0.0423476210813143 0.107821079911812 0.180976683849691 0.0889724038124036 0.295123573659776
0.174530374414935 0.168660927056401 0.0248849890501474 0.11848532467063 0.113318302571303 0.0711073689380661 0.0394931047793988 0.289519608519118
0.148755518945934 0.119537984882014 0.162025679830789 0.0540793402609074 0.167481327311434 0.180362482400976 0.0329380569450463 0.1348196094229
0.121693899825886 0.032764183741102 0.157452742250815 0.160358639743135 0.0903390048774734 0.108382369675949 0.178489574889759 0.150519584995881
0.171661104766324 0.181584502103196 0.0180034174848345 0.220505143053558 0.0122852318866127 0.156018431579285 0.104161670103339 0.135780499022849
0.0764304932658264 0.261967387084112 0.0966870173424292 0.110929214567378 0.116782467887353 0.0689572440316137 0.218997244461249 0.0492489313600398
0.0705297851433942 0.164524837677483 0.0582149707635277 0.152921601544329 0.118534630710706 0.213589058212797 0.15649698786217 0.0651881280855924
0.281143047071803 0.132944649958881 0.0158565585571077 0.0520892287884659 0.100713843941139 0.133660250831863 0.228527286951902 0.0550651338988397
0.142188994632101 0.0304164294474906 0.136785102632606 0.0627917388443625 0.278306551105866 0.0280845927452892 0.142924319058719 0.178502271533564
0.190671726062491 0.109553084215612 0.172568872510598 0.20927533642726 0.102897635708917 0.10259532328329 0.111557745175116 0.000880276616717079
0.119747436351811 0.183127038313986 0.113438935449971 0.19848347741479 0.0507220065820547 0.114600367302105 0.0411418840483302 0.178738854536952
0.101725064039032 0.0564078615148649 0.228148784991384 0.0184862275587609 0.306457423186699 0.116291414236129 0.0754887463271354 0.0969944781459942
0.23471332621585 0.187279115873319 0.136250052517095 0.116334316086507 0.0921018943398195 0.112244595651287 0.0386087305979696 0.0824679687181532
0.174588680528344 0.0108235124987659 0.179931038100524 0.129096956204362 0.179144325629561 0.154092883999417 0.127112371785229 0.0452102312537967
0.0343449003057609 0.167959083711648 0.0897544228540881 0.192866126245564 0.196447503313119 0.0676918668727111 0.0400886534851197 0.210847443211989
0.212193381917053 0.244221929968144 0.0920317166540297 0.15915399764441 0.0413546839854455 0.20207874127236 0.0299090199663678 0.0190565285921897
0.17745197572361 0.196719031245558 0.209158692065211 0.00921252334665268 0.11940531618976 0.142966600079891 0.0273917383512644 0.117694122998052
0.119441560064469 0.000340885625336501 0.192923757716954 0.208116921970103 0.227657443424311 0.109904346097343 0.124101774082221 0.0175133110192625
0.120791023256893 0.135167255680276 0.177593289595777 0.0253312862786832 0.0692663622124901 0.154224358260567 0.184530954609764 0.133095470105549
0.197884170006369 0.0253735002449849 0.157598436019543 0.171471411662686 0.193082775701876 0.0955037135702706 0.00250464814769928 0.156581344646572
0.183399549753843 0.185087425849047 0.154054950756929 0.0691672746881922 0.0686956372740068 0.168221962039358 0.127704692329984 0.0436685073086393
0.197851670842187 0.160209942783284 0.0899593119785049 0.13020359199102 0.207734014326307 0.184266107191954 0.0287364876248871 0.00103887326185578
0.0145140006274781 0.240527898353626 0.0733827575857801 0.108119464584492 0.095049216999574 0.104608706854645 0.117834384482759 0.245963570511647
0.201593987659985 0.186269168998143 0.180174111859887 0.0255128366792107 0.274627122682629 0.0825280761562164 0.00405012724444445 0.0452445687194841
0.14055589548687 0.0111019693404966 0.197916686204921 0.0807936465562728 0.216306261962306 0.141886771356339 0.168224802427627 0.0432139666651676
0.157145286029807 0.198078939725318 0.00463195218280149 0.200787815046958 0.00947156390212775 0.280047230585761 0.108990025675875 0.040847186851351
0.153244574671237 0.0745254293177452 0.0940818062876988 0.155367927070131 0.141341854749693 0.166465385568318 0.188464433733059 0.0265085886021184
0.142986426150544 0.143080049373007 0.16329537514596 0.0577240601115021 0.155615031787257 0.115365223298331 0.131813844633379 0.0901199895000204
0.195552692456277 0.0510938941326893 0.0317255471669702 0.110804061297721 0.220093532942477 0.146406920004416 0.0640912213631055 0.180232130636344
0.153912454448396 0.0170176704852539 0.0460364274259135 0.190958506688061 0.199482336649435 0.0392280152316465 0.200508325598287 0.152856263473007
0.125013942918781 0.18538652451608 0.155200245812675 0.118706595866156 0.0129714598274089 0.14492176549498 0.1304657795106 0.127333686053318
0.223388567710796 0.16578793436281 0.0412830875934263 0.0709756441515182 0.192455116052629 0.187180958625928 0.01947692217897 0.0994517693239216
0.00924537876629723 0.205657881914469 0.116958607496638 0.0900618636298047 0.139079144308593 0.104965054322975 0.203767891593031 0.130264177968193
0.170308828905075 0.151475561460345 0.0776042432275954 0.123099105959753 0.163943623485154 0.0986445866562101 0.180860400007387 0.0340636502984806
0.173004377981794 0.189788691481533 0.0787207824964224 0.100622627256195 0.141270789190062 0.151491199647631 0.124231046799061 0.0408704851473016
0.1329675684795 0.097353066561743 0.0524816312950696 0.0288287247080418 0.0817579221785787 0.111064237728977 0.225581921671856 0.269964927376234
0.16680726881324 0.111997190385173 0.156106824504754 0.173221009368608 0.091434836351863 0.0598515631706414 0.212547032471596 0.0280342749341248
0.185525904150594 0.124967563142555 0.171208692792624 0.18996179981092 0.0892192117725953 0.199418788932979 0.0199737662337476 0.019724273163986
0.217376381265048 0.05162659733311 0.221349259576693 0.0225473719222105 0.168333070369106 0.203118076535339 0.0573706747833009 0.0582785682151926
0.196879588846885 0.0537080038296292 0.110571902400839 0.137676312464345 0.214415547579563 0.0422119105367911 0.200667788452643 0.0438689458893038
0.0525208843424166 0.204511555439706 0.260800059251246 0.107042690825079 0.0826663211504424 0.103237330454876 0.160974679101741 0.028246479434494
0.0573902420472927 0.0152448573133599 0.197024203181457 0.204003041057478 0.191411105804995 0.0963625092831717 0.213946938654991 0.0246171026572546
0.170672716015537 0.034381827687993 0.0666313183406081 0.164246633960825 0.191569287923888 0.182121211278331 0.00960308998017849 0.180773914812639
0.180471079008599 0.134460701991022 0.18881031728739 0.0983271100530356 0.0328541791308891 0.0677089820472434 0.171335766379005 0.126031864102817
0.190923602597869 0.0670730629935356 0.119646415398442 0.295374870549706 0.136255862790826 0.0411146278762949 0.14473378224955 0.00487777554377643
0.181819436968625 0.0943322179577408 0.0718398216773009 0.119974704886764 0.0374633671511772 0.149025615451819 0.077403989832572 0.268140846074002
0.141800308742763 0.0927325184925254 0.29459309522023 0.0584262805388767 0.0573230367351767 0.213609180272567 0.0618789371568114 0.0796366428410504
0.109933152958509 0.175325184624246 0.0303499697741091 0.167793298562962 0.104493171962866 0.165192033753908 0.0379529174487789 0.208960270914621
0.179415858443945 0.121876553988023 0.12230202215558 0.181672434341592 0.083139386183538 0.129488998227702 0.0123206511669002 0.169784095492719
0.192514257016374 0.175916661785968 0.0524557506920678 0.0462665285183796 0.0695233284619454 0.113987669143778 0.149733070174019 0.199602734207467
0.0452971921070253 0.137155402740742 0.0893688935713492 0.161090288937774 0.176585113794381 0.138699584265917 0.106712568773825 0.145090955808987
0.052460608031693 0.00174751259073843 0.198186234844233 0.0197016138256041 0.135780578130656 0.184448845696728 0.235385005104458 0.17228960177589
0.142743148320916 0.190791890772927 0.160986739522054 0.0738814028132413 0.174567813133425 0.0313286437355912 0.154565418117184 0.0711349435846623
0.172018908681798 0.0690763053102426 0.0106219730774216 0.294138982386043 0.185924379465798 0.173400425588263 0.0473468664909457 0.0474721589994875
0.207625929631814 0.12331289575166 0.107808790936699 0.147678251363274 0.116682727575078 0.0327790457856231 0.14912091360749 0.114991445348363
0.158199209640216 0.167740566937896 0.0109748214289527 0.128921958101124 0.118354621383442 0.137811356518592 0.126878139997381 0.151119325992396
0.165194996445845 0.133897558469783 0.234039836694011 0.0749305324878957 0.036000844420477 0.00860140103312503 0.216391850619766 0.130942979829097
0.0181937174929474 0.175919883716198 0.0437623056160774 0.0866332213921591 0.226130710715477 0.201082445090252 0.0618389652738373 0.186438750703052
0.121496271447522 0.149186341810088 0.0633741218324091 0.0549719778724672 0.165678765203072 0.233515742357041 0.0900379511843535 0.121738828293048
0.211625509331188 0.250764878766859 0.0605787904491435 0.0223403232642328 0.0953817735933959 0.0232874344337395 0.0737277699600271 0.262293520201414
0.111910532577873 0.191522623562526 0.10225236614585 0.168968368439625 0.201162073736827 0.0527916190766998 0.122677790990051 0.0487146254705482
0.239649646489618 0.109818438259355 0.00456379198525004 0.145231653635115 0.0592680048576988 0.172615934982858 0.0332079275218254 0.23564460226828
0.0718132957110009 0.253668478540482 0.005909354383632 0.0248870719006682 0.226381183572065 0.0983338139983062 0.118057549928993 0.200949251964853
0.21707608930906 0.0762952048272493 0.0210043727590812 0.177878349347551 0.216501982413437 0.0105972206148003 0.094559903793785 0.186086876935036
0.194575560428533 0.139882036903926 0.127456691236727 0.249161187747517 0.000407891572862612 0.0022964496049236 0.0171279889506338 0.269092193554877
0.147290799225492 0.031938814189012 0.088219219405595 0.149207966652308 0.226297071621047 0.106870083822801 0.0748349924232812 0.175341052660464
0.130037896817155 0.0308174101204534 0.29140872672304 0.0616631000897827 0.179409263647703 0.0665796969850566 0.114507606994327 0.125576298622483
0.17487884032006 0.194712869992915 0.0423480121722658 0.144425328981042 0.0751201668120378 0.191835466786349 0.0074596525133308 0.169219662422
0.0238227366725538 0.140288617764892 0.123355595105351 0.0213257188376879 0.267708312338668 0.248458905052615 0.112479769891778 0.0625603443364549
0.0661329598961333 0.0706901171378206 0.165372805113538 0.174415140287322 0.00226325160471724 0.181236538170977 0.123847967699084 0.216041220090408
0.00460590564700978 0.154403087116233 0.036060206267115 0.156997358328639 0.207541474970786 0.115156303474522 0.174951943786062 0.150283720409633
0.13292103705122 0.191743724724585 0.106916691592236 0.0662336193136418 0.143786541967018 0.0534186488231578 0.120516933325458 0.184462803202685
0.139036649491693 0.173085665603316 0.131907390562671 0.163130905295129 0.0429247952380263 0.110199609452195 0.0875481007101006 0.15216688364687
0.118594750377996 0.0830482895589734 0.190939956318424 0.0279905365321432 0.0139465191126738 0.113984296476936 0.214849016598851 0.236646635024002
0.0121340575805677 0.239306652741239 0.0242116070739649 0.167755887534807 0.029710826955062 0.142886669892026 0.177545568922071 0.206448729300262
0.10987745132494 0.0955761529171913 0.161009575930486 0.0791017700943895 0.177103171696427 0.142049026656169 0.152094514877195 0.0831883365032014
0.0109566109435069 0.196327542326347 0.198963138266742 0.202322166643502 0.0826032674606482 0.0852655882386032 0.123971612319617 0.0995900738010341
0.0559588219173957 0.0177403614411742 0.15124258670561 0.123367869773832 0.158809584745333 0.15363044936077 0.166587640543888 0.172662685511998
0.135171477383656 0.220233786097823 0.155364751151063 0.01656533991693 0.0615488959250663 0.208108361464409 0.0307351149501877 0.172272273110866
0.185595234626078 0.0529142620216433 0.261183287622016 0.189506976313427 0.0310626743707191 0.0494287247163328 0.101582901506302 0.128725938823482
0.0928636213042517 0.0659544046834177 0.266033112816129 0.187498873439092 0.140515870326709 0.0273396379040725 0.052305404274745 0.167489075251583
0.172423966871525 0.0602532537318032 0.07209504621009 0.187608342893249 0.16651896887238 0.132621331814238 0.0854306506146676 0.123048438992048
0.137802501036311 0.221617510769695 0.0627966740860118 0.0569140956458427 0.141889224478034 0.265382555800522 0.0291279067257589 0.0844695314578259
0.0766673292644063 0.208807454268369 0.119911446309058 0.183542013637249 0.107588331773255 0.11277638413391 0.163121863592695 0.0275851770210569
0.098091718759915 0.116768811164559 0.0617069851581781 0.0607115498846968 0.0729599987677344 0.185641116347325 0.228090151870709 0.176029668046882
0.0231551736414627 0.214732004825326 0.158956225566256 0.0105440344935019 0.0970470548256582 0.192422450474645 0.181496561761149 0.121646494412001
0.183405680719088 0.0378217150562815 0.174895500112604 0.0852079295829944 0.164110389094385 0.0306730602930418 0.102046926087156 0.221838799054449
0.150484337449486 0.165950050640507 0.0941557583165691 0.168249225708846 0.0832025418027848 0.094153913276724 0.128016839658186 0.115787333146897
0.116835810373157 0.0577294899226692 0.242632600847999 0.124448317278411 0.198406428102541 0.052302766363536 0.198010882805967 0.00963370430571997
0.189018439852006 0.185147811808131 0.0509318240523977 0.17075424348973 0.0779001723839429 0.0985657681423487 0.123653829924289 0.104027910347155
0.249240814832766 0.195214553449316 0.141757332399325 0.0227519833089619 0.0889527518366962 0.137014320300347 0.158531339588561 0.00653690428402729
0.0608439389841609 0.142805623398027 0.133797489020512 0.0899968255912884 0.0333999304757472 0.212359149428756 0.0927206469430625 0.234076396158447
0.14638372912039 0.0527761396648737 0.164324270263219 0.109328820749529 0.136756664190102 0.152384178262356 0.0313469807871996 0.206699216962331
0.148496891666826 0.110911882921258 0.139494780201828 0.146338429999108 0.163516916758822 0.120082705071528 0.166893443712532 0.00426494966809687
0.102491689255287 0.0554898335529114 0.22695567407124 0.193567663491447 0.0351472313852303 0.242815847302896 0.0852016178535915 0.0583304430873973
0.115990727498148 0.0620261340231822 0.255971624181525 0.0826386624052396 0.169440162784286 0.00775049345326599 0.227499943648332 0.078682252006021
0.131446195693868 0.0614091447427339 0.142112103750929 0.151306706197085 0.155369718347391 0.129591038594108 0.123846068430503 0.104919024243382
0.156469087598278 0.0457326622699093 0.176389419960177 0.0503809707160989 0.167297459896185 0.135647519286162 0.139186254967144 0.128896625306047
0.146718908414036 0.133936524860322 0.163133348853127 0.122311485889411 0.0779737451580363 0.0734160824627035 0.192477565646612 0.0900323387157526
0.181184726582983 0.0253391881150757 0.245611033146993 0.094862428439576 0.131209310545473 0.19877366484046 0.0150108219146269 0.108008826414812
0.239282373906965 0.200617949348139 0.237669995702768 0.0530547932804173 0.0329952401828138 0.107879449348904 0.104682872049499 0.0238173261804944
0.141670964658615 0.207072739320034 0.0246728533396751 0.0997113242083075 0.0624497109196868 0.18293450180322 0.139005406117357 0.142482499633105
0.197671414974837 0.200518531928781 0.0648212937649496 0.166450887976423 0.216042533163731 0.00765820750728147 0.0992814352045647 0.0475556954794322
0.116414855566232 0.100139013115479 0.213896726889607 0.0253870786890359 0.0358558144868458 0.252171264585938 0.0829861885382369 0.173149058128626
0.165169784917402 0.154496647467037 0.00758946368869738 0.217085522074135 0.133652863214111 0.207965057667835 0.0900595953029005 0.0239810656678816
0.041156934830579 0.21155476243793 0.207014724684915 0.19872001323542 0.00467932655870111 0.233538882917523 0.0736391274038806 0.0296962279310514
0.101095000900711 0.0740401180821015 0.179015670229225 0.0483557551757046 0.179708110506243 0.126064329832599 0.136093960248587 0.155627055024829
0.0952677439395651 0.132299197702743 0.258225361389434 0.0216319626826823 0.267819323781125 0.0465235922721334 0.135524210241466 0.0427086079908519
0.245129902416407 0.0443825373626636 0.0657313883490717 0.0153060744968036 0.262162259425215 0.176331385743807 0.0892821098177704 0.101674342388261
0.118375958738058 0.149539149217816 0.0354249328184547 0.24103608054021 0.108214728307539 0.204847069320761 0.0982685467890412 0.0442935342681194
0.161753457833479 0.134260539128087 0.0653474565777848 0.204413953490605 0.175484770630434 0.135933829182357 0.0375101018007601 0.0852958913564934
0.064696853454711 0.0645357895131658 0.0780262167785796 0.00569749174153958 0.184414096631175 0.259772971518688 0.178777582280006 0.164078998082135
0.196533338298979 0.0192413964370792 0.0828821468206381 0.157365629681395 0.224993264586228 0.0844762829276275 0.181785642610173 0.0527222986378801
0.0938262970211706 0.086938925926924 0.0609111839934138 0.23321396237259 0.175307423994193 0.0460264562900852 0.130076737017249 0.173699013384375
0.157901376390706 0.0745462570210513 0.125887774985611 0.0386934518535562 0.18743301687599 0.179535378724037 0.159239953785403 0.0767627903636458
0.126991814300661 0.0944466416433212 0.215818714849014 0.130680035586203 0.131499490958717 0.16509767278591 0.13257379430462 0.00289183557155445
0.00896714532174228 0.191350109974973 0.099980878493209 0.171732280010791 0.12635927288411 0.0420676922805531 0.305298122937895 0.0542444980967256
0.163551813169766 0.226038524433445 0.168231858637945 0.0965676524647295 0.0549448130064418 0.114949768662204 0.0782617843647331 0.0974537852607352
0.139687698253908 0.0415012701350796 0.092294648868346 0.0846865102807161 0.214879342711932 0.0955710931398193 0.159620899420576 0.171758537189622
0.101789592453163 0.110518875938259 0.172335977440101 0.0552512933264683 0.00981351645608941 0.248064702157817 0.151591327081342 0.150634715146761
0.177925645166893 0.0642012497497966 0.0688559212396499 0.193334779005462 0.139992394962505 0.0832112906935448 0.0864290814797259 0.186049637702423
0.0584901069264352 0.150057402919827 0.0111241567252171 0.209087428776741 0.206354204299283 0.165654300928211 0.118905336128578 0.0803270632957091
0.138041275728786 0.126358097172774 0.209687692990184 0.0185874516122928 0.127397089411876 0.0892919724033106 0.195687309431929 0.0949491112488477
0.194775743663958 0.143494450704795 0.146377003663407 0.0801868537241753 0.165539836034792 0.142399287937113 0.115355780464883 0.0118710438068765
0.0223273209846343 0.348091152469863 0.0791284234634373 0.0624119267346182 0.107392464035151 0.299745752472659 0.0265361174685636 0.0543668423710738
0.2126746364218 0.184273403770099 0.0034426008560739 0.266223241299106 0.0212025578752102 0.0620513224158912 0.0112454599438208 0.238886777417999
0.13431614213994 0.01177437059693 0.134353814460991 0.138936166377853 0.116630402850163 0.184869683214954 0.120072963681631 0.159046456677538
0.265763515884267 0.101833525668684 0.0269511556449322 0.0180324054493373 0.139889547660261 0.152040034180475 0.123350415364438 0.172139400147606
0.17978651029489 0.043727174952863 0.191982788160369 0.091538045614741 0.231898428034271 0.120989875938692 0.0753473353252221 0.0647298416789514
0.134012724113151 0.0413510006353739 0.155669256507931 0.0987105572796909 0.154503044745297 0.14381196824513 0.112577991400109 0.159363457073318
0.0465541779211278 0.184963770030019 0.0107356519561427 0.282597055871389 0.166215951700548 0.238782527083233 0.000942085399598556 0.0692087800379421
0.161094315817897 0.202486435505624 0.0760447783015717 0.090141380622615 0.017345475906436 0.1718425220331 0.123807895187826 0.15723719662493
0.110550988919471 0.0880301045505654 0.0619679745459298 0.0971910561773494 0.182197425634333 0.127217300132585 0.162032144661938 0.170813005377829
0.289978158673109 0.271654544642555 0.0948249795822872 0.0763116322138088 0.122803889640753 0.0681508871275256 0.0762750913386685 8.16781292530453e-07
0.108059429646025 0.204831456807276 0.115030583610578 0.179126135108661 0.147625587048681 0.0597330579766519 0.0808260370198814 0.104767712782245
0.0313683314359729 0.11606458297949 0.17501980725277 0.10996892740016 0.117742446260514 0.0666791772955066 0.197319093096481 0.185837634279105
0.0465637914224033 0.0376952332591016 0.011866561029583 0.146768251157973 0.394923566581661 0.217003758578262 0.130313671584238 0.0148651663867779
0.118200799089351 0.0421417493447665 0.159329316558358 0.0799850550026381 0.126831757891903 0.157952726472557 0.176243201781203 0.139315393859224
0.204117918963478 0.107539114933361 0.100552548157591 0.22736710518881 0.103457283276091 0.203610605945867 0.0117972096701358 0.0415582138646656
0.118391669353217 0.0671069322785006 0.0917498951141839 0.104350312219496 0.200625574238027 0.0832580552713329 0.217275893869434 0.117241667655808
0.238655849162873 0.00782986465391461 0.1992700278295 0.203456578903638 0.0681890806332931 0.0408151437856273 0.229307816266606 0.0124756387645477
0.184619402944568 0.0947950202672069 0.138355607541518 0.184012729793534 0.0471135539078776 0.146618246586458 0.183664908278196 0.0208205306806423
0.161266226480327 0.308249976991121 0.0506140215361791 0.0138644090056298 0.112476194908331 0.117425185397372 0.0638183970028554 0.172285588678184
0.094560724694492 0.0418530689936646 0.0851954187383591 0.170581782686893 0.098190821192591 0.143390854823425 0.118415198855268 0.247812130015307
0.0554231032076778 0.0294296095943089 0.0550720562354734 0.282595247203253 0.0593129446630395 0.260744701127605 0.215943935773865 0.0414784021947768
0.128215715323279 0.18199796300241 0.15826153587339 0.206629902860652 0.138583000811809 0.000472906188098521 0.173585679001623 0.0122532969387386
0.00660029881635193 0.188268363381423 0.0708522871700143 0.178137754682714 0.133191987999769 0.0804738569418928 0.250604478176434 0.0918709728314001
0.0453594368360983 0.0822491166121114 0.00110843179994387 0.176558766982209 0.272496120383418 0.00730869354695691 0.131841276518341 0.283078157320922
0.0382216549895842 0.120281780795819 0.192820966632109 0.177197617779906 0.188253347694233 0.0713142486493261 0.0426116562307721 0.16929872722825
0.0720162694083808 0.0751490201213505 0.0801669103555888 0.264495141739959 0.265063484165578 0.010483950572828 0.0665312623557452 0.166093961280569
0.18686499346787 0.138607346790543 0.0108816998392453 0.195277049985475 0.0816023744395467 0.146252111715984 0.132527138421538 0.107987285339798
0.0547490553579425 0.163200988201851 0.137559277457191 0.0384182356463584 0.166369651576322 0.171266938487277 0.152176083820675 0.116259769452382
0.217836362795877 0.0495302808190543 0.0868618660643341 0.253351850066766 0.240959202632927 0.0540398000139378 0.0147958506054518 0.0826247870016515
0.168826486571958 0.11249460763926 0.147728367490324 0.139608638192179 0.195200294407335 0.129842309787429 0.0566800824069796 0.0496192135045361
0.0125917475800207 0.185186290142032 0.093366156508774 0.163515285117518 0.160339452580398 0.184881632637752 0.0752198484879659 0.124899586945539
0.128439325844407 0.0921539085524306 0.100213256145784 0.187058035032859 0.175898717242463 0.0977391112296156 0.0478760715801047 0.170621574372336
0.206164752529924 0.169759571854934 0.184408952221938 0.0311329355802873 0.167610922258807 0.052898249840331 0.098091081489819 0.0899335342239599
0.219908995927486 0.0152366712161248 0.195570578915917 0.113706259945412 0.186952931201041 0.0599565211963548 0.0402238916613114 0.168444149936354
0.157195112728341 0.132091140924581 0.136401057602068 0.0577577843598459 0.0340430083978905 0.0457550612468374 0.230163919108709 0.206592915631727
0.184340634660799 0.174502919548959 0.252206536010189 0.0168275624308275 0.0561595229087149 0.117033989300266 0.100823556610566 0.0981052785296793
0.100320906682208 0.133547618575545 0.00731261368500168 0.255693545555062 0.0882244802095994 0.239196444658284 0.0573933176363535 0.118311072997946
0.0193564233802303 0.0732996608983916 0.205685074042028 0.160499390787261 0.198685075559419 0.119915905539172 0.142236097429129 0.0803223723643685
0.0358941071573442 0.111480672705333 0.0831772265784388 0.144694725774308 0.234048082997603 0.139117952297822 0.137735078564826 0.113852153924325
0.158733816952775 0.0956630777976156 0.211259349143547 0.0905961983238883 0.218058662070837 0.198201780000129 0.014368665353615 0.0131184503575928
0.0814930515306714 0.123993262666817 0.0926653958852903 0.0290064851577072 0.241055430725794 0.148553730461315 0.0730521814095134 0.210180462162892
0.0766457249540422 0.195090587773292 0.0811293328747841 0.00947714654482766 0.187002621936285 0.193979272887089 0.231479486229124 0.0251958268005564
0.173829209581573 0.147336893531392 0.000242074840089506 0.20823653574627 0.203996679647324 0.203036517133414 0.0184832423388632 0.0448388471810743
0.156709083976723 0.166179960641786 0.20708094404975 0.156324676686166 0.220822893404052 0.0787736524202306 0.00965996665005724 0.00444882217123533
0.0608682765505605 0.031901673754374 0.156903532693547 0.224515742010189 0.0857454107473833 0.189927266784418 0.0879526708563115 0.162185426603217
0.179412540988571 0.144343464938433 0.119893690733799 0.0623970857278339 0.127643566239623 0.112071360287554 0.205050324962388 0.0491879661217971
0.0427669040258669 0.171489628955496 0.116255893358112 0.169008290081766 0.150780158214361 0.113651614754176 0.0561710539784496 0.179876456631773
0.0163977372110904 0.101292109225257 0.198331578570462 0.00418062563652601 0.228380183235246 0.0774629978454516 0.26490575476113 0.109049013514837
0.116938593032072 0.197366501557411 0.124558695314469 0.154843692518578 0.0210783871490804 0.142250349155047 0.0523196235873912 0.190644157685951
0.155384683905908 0.220622945450019 0.070648225343926 0.139383797375594 0.183523393268431 0.0609844446589702 0.139760654318869 0.0296918556782836
0.197266752173622 0.0238250806461244 0.181007392147437 0.207670751897914 0.0533170882742642 0.148475270172655 0.0502971092540764 0.138140555433907
0.0739873116366595 0.125141015205445 0.117946678953712 0.0653055238908261 0.0901087647254942 0.228768674027546 0.112217405860589 0.186524625699728
0.218676213083483 0.0737615736501978 0.0796351986403349 0.0899822312838712 0.107151416365927 0.165093627616772 0.158297054372557 0.107402684986857
0.196807899522925 0.156525785682284 0.105552759501684 0.0401921920867935 0.108381777027203 0.0644688194044486 0.179128210007037 0.148942556767625
0.0619646398536662 0.0643541746995426 0.00917498731301977 0.359368209242439 0.138138691915304 0.00856369554952582 0.296916688521434 0.0615189129050675
0.189138384632524 0.10799880138352 0.151975513801558 0.181703255511926 0.124941661492091 0.190769009756918 0.0315193009607993 0.0219540724606637
0.0230059773258271 0.0112342514759619 0.275150761946952 0.250803022987955 0.175606921551078 0.175630036853101 0.0159698436245476 0.0725991842345782
0.121133870995265 0.139451720860828 0.187568649912075 0.173598295770981 0.0629888391817756 0.106814057884261 0.0463504604195121 0.162094104975302
0.186679034767292 0.0753187732356217 0.0484848391268921 0.167797563915935 0.172591858441067 0.130811457733503 0.0922833480020627 0.126033124777626
0.169856127573826 0.0267394174277588 0.176640705424947 0.10656606545237 0.160318566813552 0.140173216672403 0.159762025540806 0.0599438750943375
0.0774728144961321 0.238184220512856 0.138146141217818 0.246920470518222 0.0478936964641949 0.206103117930842 0.014370645088152 0.030908893771784
0.184226731992333 0.143124947061716 0.106659548611131 0.151941303865824 0.191626662772498 0.000639024668011983 0.0806814599733252 0.141100321055161
0.192380805331525 0.21860037993612 0.0357244451701606 0.0491088931228315 0.0564993249798945 0.222285043548905 0.110983199765803 0.11441790814476
0.159230142228862 0.127688790071003 0.121734377236005 0.121556150302045 0.157188531987149 0.0585544715543558 0.0607389735331687 0.193308563087411
0.0186889473597604 0.19941149187869 0.205859894327945 0.109070870859992 0.130520990618397 0.167594243133939 0.166125617938296 0.002727943882981
0.136657977736958 0.0770824179612776 0.240447530392081 0.0274061896785483 0.0118779584220401 0.160816305938288 0.207098574964804 0.138613044906003
0.161966895511689 0.158054735930971 0.137584597418733 0.139396999883756 0.120808466299052 0.0850888422371856 0.0434076018161241 0.153691860902489
0.0761778262006411 0.157271199005361 0.148825562918486 0.146383335856092 0.115385895937045 0.102641723884084 0.150574331698693 0.102740124499597
0.175437929061348 0.0489756540597489 0.0347842649691938 0.148931568649999 0.106215244144684 0.182133364705185 0.0922047746150902 0.211317199794751
0.0750583093837739 0.0245071444752033 0.0703987925951311 0.119854373743322 0.228698216585014 0.0220505203026066 0.263049404720911 0.196383238194038
0.192673589065762 0.308701652148785 0.0850301285232867 0.0413151468530628 0.0528482420825253 0.00410331793130197 0.1758926686824 0.139435254712876
0.178415192481402 0.0772582325532765 0.0972586757461333 0.1584543570385 0.147578599497467 0.152062478122673 0.050566873192959 0.13840559136759
0.0426844533796483 0.0839483724594927 0.148811276169911 0.253607178029123 0.0388943702429809 0.138595210069951 0.0714061704311734 0.22205296921772
0.149357227727896 0.146396696505955 0.122012632470227 0.153852159009678 0.039784326834653 0.144627560095954 0.102299255057794 0.141670142297844
0.153495388328695 0.150682992544277 0.244229242015066 0.0766738554008473 0.0494829950485685 0.193884461242128 0.0742480638250379 0.0573030015953803
0.179335014301998 0.0981983415436925 0.12071458710208 0.114427007721411 0.220574781735021 0.108758646372298 0.0161168899293045 0.141874731294195
0.130542750762854 0.288398364721338 0.0769285682060816 0.26857702501494 0.0774142726351649 0.0285159296346107 0.123470314897527 0.00615277412748435
0.0871439491015515 0.00382626681251925 0.271295591428344 0.0579523710433893 0.211464198181437 0.0141984773010766 0.0804533882616593 0.273665757870023
0.172748807655527 0.112526419314841 0.0586207422882506 0.000254680298670086 0.195051518353833 0.0554166271837106 0.197106255307793 0.208274949597374
0.0826123738938658 0.038118528005611 0.0523224591061087 0.180227432869122 0.293663421151675 0.197340307711851 0.152283980057078 0.00343149720468836
0.0141651777175355 0.199812297276882 0.0996712116104054 0.281754446929536 0.016399607576373 0.0214998659509926 0.0815606739111641 0.285136719027111
0.139332033421255 0.220049184752908 0.0657049191208394 0.0439570029059473 0.153194622266937 0.0265448691874856 0.264891591796018 0.0863257765486102
0.132092401412548 0.0824206475673867 0.0912822838809418 0.115632066452348 0.197630498430535 0.0922243416392844 0.106319550798883 0.182398209818074
0.19487731130595 0.0606637624560426 0.146390529273907 0.0550212777486166 0.0985702063731074 0.0289182577743022 0.211563899923373 0.203994755144701
0.114106338689449 0.207833914015985 0.143066680510418 0.0129328271492376 0.308778654143601 0.0663753587686961 0.0489964568087346 0.0979097699138782
0.00531732600564593 0.156372464522477 0.0759681483788956 0.222238253868121 0.194500366230371 0.038082053994712 0.166788461682574 0.140732925317203
0.263501258749242 0.253071634898552 0.137558871603236 0.0179473215116084 0.00612741225575292 0.171818849124061 0.0350330920163011 0.114941559841247
0.172651608811668 0.210756770375315 0.0812717896446209 0.134256813669106 0.203005265798784 0.0169352105429614 0.105924085281698 0.0751984558758468
0.0128206435969248 0.118547187175029 0.0907338899643449 0.183167881805168 0.0995127430499288 0.238187523013846 0.0479803494311694 0.20904978196359
0.269869022543979 0.0426626834593815 0.171913405493607 0.00948091532722611 0.0328547311086061 0.0356741790549538 0.164595094249626 0.27294996876262
0.189931295669202 0.15403130880144 0.0771956704982649 0.0657540175690635 0.183073410093287 0.0856001390953599 0.0839218824651631 0.16049227580822
0.221759700227696 0.0530679179235269 0.122920430460533 0.0317398720297747 0.146077112144368 0.134006750233009 0.218627757271704 0.0718004597093886
0.194094987488515 0.0061513033961176 0.0327448703326481 0.0691254563824137 0.101459973302222 0.265905618971657 0.0827844254475884 0.247733364678839
0.183099676299835 0.228320703542607 0.00295976652225705 0.0980149445694601 0.147892983559755 0.176412205600038 0.0180029737226058 0.145296746183441
0.0268986230410694 0.233664311984287 0.104341364699251 0.214710419648131 0.0609319604807379 0.116613314354429 0.135503488475681 0.107336517316415
0.160736293576179 0.216736195231245 0.11465000011568 0.0966638292682794 0.218012651375443 0.0853084351690903 0.107488926794929 0.000403668469153736
0.154033326611506 0.0940323038190489 0.136987992897435 0.108469801955518 0.157766987375018 0.11886651293228 0.104273084574274 0.12556998983492
0.299227920599901 0.0713085243514489 0.118376208214697 0.0293757693504794 0.284284882577422 0.0139004568837318 0.100567060116491 0.082959177905828
0.101465885348398 0.0511802431461331 0.177605651734943 0.18934750482959 0.0476676114673633 0.114276094031181 0.212683300060807 0.105773709381585
0.185420844066778 0.099296250912569 0.240487512776621 0.102342299739879 0.0856400526449992 0.12290769585432 0.108430769937212 0.0554745740676231
0.0199180464854348 0.2208214831767 0.197684636375738 0.226290957979138 0.00717727719805638 0.193827526998085 0.0923964857846777 0.0418835860021691
0.152003733106882 0.144790749743179 0.115234062473927 0.111764514316327 0.0663578366328281 0.0982631592977458 0.131255720446201 0.180330223982911
0.0714959497254708 0.0132281778889134 0.278065905375557 0.151463657136323 0.073223049362818 0.261183890585177 0.0881957272470647 0.0631436426786759
0.228198348821279 0.0437541505726155 0.0163516895424133 0.00247964306209316 0.0945807151698255 0.14296400373332 0.27891331957566 0.192758129522793
0.103691681126789 0.0925547681525469 0.157115014563139 0.130930199422988 0.160758962960983 0.190013732971325 0.156152530460667 0.00878311034156392
0.168374028089677 0.162490712158664 0.00857539328295257 0.174157368022864 0.146538098794721 0.142605013418753 0.107231722734839 0.09002766349753
0.194176220328979 0.0449923087307169 0.166258716490619 0.121417058514782 0.142131669565079 0.233773512035692 0.0193111997374861 0.0779393145966457
0.209805599244018 0.178024548759783 0.0786682444107475 0.183170410469241 0.0158614569519607 0.0796513679223841 0.167244795446146 0.0875735767957197
0.217891244708324 0.239138348763767 0.0469720960513366 0.00200993277832635 0.11580728368534 0.0309662560411227 0.140732306224211 0.206482531747572
0.147522534006578 0.179579044546306 0.0709492479099414 0.112658254242085 0.0898983903067741 0.166388667790475 0.183857842818322 0.049146018379519
0.139655982464009 0.197949496105764 0.0389687748884913 0.115920773128737 0.224245745781345 0.0531135502106641 0.156799746084772 0.0733459313362164
0.179754014016376 0.111789193716155 0.172545404422698 0.0521636324748438 0.00514348672241913 0.297970610500589 0.131026135450664 0.0496075226962548
0.187710045396496 0.143017823035669 0.15396156470005 0.177063380505652 0.110024243254918 0.0264758268166634 0.149181291412717 0.0525658248778343
0.153577081316547 0.0495507529990351 0.0965784628973894 0.0954826041048649 0.0937340018635769 0.145724525543297 0.112516319561629 0.252836251713661
0.143378633028242 0.1723349183481 0.124075041726922 0.156433669049126 0.156281805825986 0.0412122997878756 0.167282625498234 0.0390010067355135
0.223029403901195 0.205154351945249 0.182098234434116 0.0257190012529614 0.113334056427261 0.0934251830035264 0.00609298556508752 0.151146783470603
0.0672804814598107 0.225751933203739 0.117954809389825 0.106220488267427 0.196089096274689 0.229575568920423 0.0403231107453602 0.0168045117387258
0.187506319955169 0.158201539950343 0.0235451390864744 0.16599378815473 0.0885850269525369 0.109406803452858 0.040865872621533 0.225895509826356
0.192329208331899 0.201477984748974 0.0367832937599134 0.0703982797587734 0.113427834703891 0.034420389337928 0.172171350688939 0.178991658669683
0.20300944371469 0.191708870161923 0.182845475284485 0.0544090647454356 0.0246343689878118 0.150379050851703 0.0476855587652067 0.145328167488745
0.0754284344771326 0.182531570375756 0.0745059996696516 0.0925477362924819 0.184728819248333 0.0320377235516149 0.177013442174612 0.181206274210418
0.0224509935879894 0.234383126579379 0.043896605378202 0.0384449098149159 0.213274768066299 0.171914948008644 0.0254289029200913 0.25020574564448
0.129083250716564 0.00332655722328703 0.0955317468300366 0.0707451340239513 0.134524249687375 0.149687848293459 0.214318539358277 0.202782673867051
0.20345440213325 0.128550088949569 0.161735009348141 0.149826974245942 0.0358186180809559 0.138521095058789 0.0435679707002752 0.138525841483078
0.100830831064907 0.24910420688482 0.125807832641432 0.0225988520201671 0.0416370249168262 0.100264382021746 0.164033013740997 0.195723856709105
0.144997151280073 0.177040496225485 0.144849048772668 0.0971184434538268 0.0428732409962378 0.20359955020731 0.152256601564381 0.0372654675000185
0.174488576912258 0.062524600442615 0.17922756546012 0.0805935119713212 0.128542682065881 0.133015682975933 0.103485421696317 0.138121958475555
0.052923529601633 0.0485562242229567 0.131284457356328 0.109477386125184 0.205289007880693 0.143094214933882 0.0424246663048554 0.266950513574468
0.00680237774621608 0.144904314472913 0.12678704308251 0.168288348416546 0.129013129874521 0.159379207717376 0.224947642233915 0.0398779364560038
0.133572258734965 0.0888937805755771 0.144175815438537 0.212333899819335 0.130207211209166 0.120215490239246 0.141615690028719 0.0289858539544546
0.0452256178741344 0.333990984712778 0.0924991417092997 0.0704226306473388 0.00148507892855505 0.12894705405177 0.0218977880892605 0.305531703986864
0.0941808233246469 0.147784931453793 0.0910066691460241 0.290018038470331 0.0301008454935657 0.0886164977575166 0.0954272370942461 0.162864957259877
0.0987906666194917 0.239779485746621 0.109663690015928 0.154119368189089 0.00210378239719737 0.0233911393235891 0.156580314307717 0.215571553400367
0.112419216392044 0.123949486609747 0.044202519411759 0.142150715643527 0.00638873261403497 0.238914972543537 0.0862661354843886 0.245708221300962
0.175084255839469 0.10989460772501 0.0694978607217216 0.247457918186545 0.128187926390766 0.0743661475427655 0.0253074699389068 0.170203813654816
