0.115661991945692 0.13187535662147 0.0619044143816395 0.120274316436427 0.167415537930372 0.00138898363815319 0.0617446904765331 0.172958277433323 0.0613207779988769 0.105455653137513
0.152252162021284 0.0513741632258439 0.0859468024868577 0.0400466970633608 0.0293114890839573 0.187650224697926 0.0133610683978316 0.11672941312637 0.152429380921218 0.170898598975351
0.135389372194085 0.0816849173468052 0.0706768759616647 0.103353559212615 0.0816402311204618 0.130085705233979 0.0792419023064241 0.0825452499303829 0.0760255712054026 0.159356615488179
0.131803299341681 0.150648161323009 0.0656471936307953 0.095977683831137 0.112881930920197 0.0612345349081738 0.0848887600647447 0.16524348132753 0.085069858116697 0.0466050965360356
0.189939691511104 0.0154341763290696 0.15805770577753 0.0779332890353958 0.10738761686944 0.0105859879435357 0.148673701551048 0.0915742047313825 0.158088205548404 0.0423254207030912
0.016823934553556 0.0183861531958959 0.294254621096381 0.0983869249926554 0.143605389370493 0.00425141839102545 0.100520012529701 0.177857001492045 0.137059937309186 0.00885460706906189
0.0745861145885322 0.0137344601882886 0.179163509954664 0.162026698992306 0.0491152546272163 0.0880050756888653 0.0600443076998168 0.134114043710607 0.196926215777089 0.0422843187726142
0.149536173794253 0.0274299760813742 0.00317041532230234 0.193141258400439 0.143209400351302 0.204425394537586 0.0552071455597061 0.202721117844172 0.0167760600645859 0.0043830580442793
0.216156216094893 0.0239092397032655 0.016694641674782 0.225336636466341 0.0626592994505383 0.0858540419878395 0.0379358223523311 0.170008346157339 0.149064606177947 0.012381149934724
0.186131088104256 0.0955013970742436 0.098084000564174 0.0306819234887465 0.0419933675628301 0.113630546111233 0.140011889031961 0.131498409715026 0.123296962008085 0.039170416339445
0.017200993652265 0.0158795083278116 0.16023095753223 0.157852055110165 0.0904963987955641 0.122511128498657 0.0618533998502714 0.078283808447717 0.166868145406185 0.128823604379135
0.0648138513519301 0.11900764297075 0.160282176384159 0.164043172829562 0.156386697696461 0.0640003107489917 0.0800786769540337 0.0161374397468636 0.10280522243533 0.0724448088819194
0.0196271605069499 0.0724428253612724 0.106425384293432 0.169844261358708 0.00678815797453266 0.0912371889793743 0.157041810635006 0.172959429227171 0.0525092785128833 0.151124503150671
0.062222152209627 0.000604065805470217 0.0568662755817521 0.0494212784014958 0.207663886125431 0.153091453033857 0.156061785965272 0.0324421848167358 0.0986903613193258 0.182936556741033
0.178905550073845 0.210529468443898 0.0393927454417381 0.0869384806583019 0.152727318357228 0.0922238397622215 0.0323919825151891 0.0834101571562617 0.083226248396706 0.0402542091946107
0.144871958047602 0.10153590027375 0.136142495836562 0.0308765915119802 0.156829726214478 0.0340144770234249 0.152850459578704 0.0636919196460581 0.0202323923999734 0.158954079467467
0.00352846584365713 0.188157127979351 0.132532373345234 0.162985726067602 0.103356407251336 0.0345745821831104 0.0597417151648425 0.087950222813598 0.0416297409806929 0.185543638370577
0.0983857509320109 0.0875095079885942 0.0335310887325435 0.137040496990523 0.149379618174903 0.0724346968751219 0.078149084812041 0.0449713189339627 0.160649222742274 0.137949213818026
0.155643655175047 0.00115655776931454 0.0757701061008145 0.107165450549328 0.151690186511884 0.0561204842954403 0.13388357993683 0.143538788936003 0.113852629111059 0.0611785616142782
0.18777779449109 0.0122899351388724 0.0477283808709679 0.194474839044819 0.000847862323956449 0.0672199122871697 0.134828732275972 0.213423259402228 0.0964099239310619 0.0449993602338627
0.0278218777677864 0.0890638769071513 0.104045349237675 0.146794830826501 0.0195679586671669 0.161089004943662 0.084077918590089 0.169929209815461 0.0659638693891453 0.131646103855362
0.00527081338043039 0.10809261650681 0.188741367232753 0.0695196814849799 0.114912866619825 0.199399287398614 0.0207142336887166 0.10383353669374 0.0989282251909231 0.0905873718032066
0.159180368728889 0.147622381752786 0.189302202433945 0.00539602202499469 0.0472665813427283 0.0189386959100377 0.00470456527113099 0.135002617939777 0.156436247542931 0.136150317052781
0.0928695057211227 0.13627607767343 0.154592788495558 0.0270189242063292 0.0160643117436641 0.169770040469579 0.0721176504262551 0.170753300620733 0.158767120110503 0.00177028053282566
0.122462416953436 0.0773163492832887 0.120119738458666 0.157115842064584 0.0327997651324929 0.0451965500359275 0.149717089899663 0.0125142428766824 0.191328538289046 0.0914294670062122
0.0747796591957235 0.0235552460504637 0.0179837859405959 0.13937550294993 0.153040947704843 0.0339022217468582 0.11732465383961 0.19492257475358 0.055322689266451 0.189792718551945
0.200834663626184 0.221773833345731 0.0546677320858391 0.0423143156857665 0.170287687682913 0.0611084659522979 0.0445032793112811 0.0550059340344073 0.105499819311773 0.0440042689638077
0.140004189914589 0.120171785726746 0.101711531418251 0.118276291101746 0.122581432198874 0.0924456454488439 0.109333276274972 0.0770421558167445 0.0147369987369987 0.103696693362235
0.180500054940679 0.0258945164173883 0.164122300817959 0.0544453247743389 0.159219947489843 0.128548276136827 0.092497487138951 0.0767704678219776 0.101539207523175 0.0164624169388617
0.194026440751124 0.075060267587633 0.0720764037289984 0.168828948477678 0.145370759228623 0.0122285807528942 0.0949984097216755 0.193411846824217 0.0051335832824025 0.0388647596447544
0.171921177132302 0.0487388617895437 0.164110819334521 0.0539741421815893 0.0984682683760084 0.0856184876267164 0.029387407780759 0.113993169371614 0.199965348282341 0.0338223181246046
0.0257636008352045 0.16789186564038 0.107321117185669 0.000871123758858089 0.0359060974761947 0.162456647194463 0.0927422866646568 0.16991816268594 0.0789286812673864 0.158200417291247
0.0926921610317132 0.19388900248263 0.0228273649751376 0.152995112960925 0.105019654620985 0.030725299736295 0.090811742393184 0.0384207980724576 0.188931587878337 0.0836872758483355
0.16947930512227 0.0471116128413932 0.0567962625578097 0.102663688714075 0.107873732659306 0.171662234529511 0.104236176704159 0.112792956228533 0.126546988678294 0.000837041964650229
0.0544843289987641 0.145016703012336 0.0185605445689606 0.0909759308439639 0.158718469982199 0.282560389931532 0.00196236859263121 0.00341202985076363 0.236197698024742 0.00811153619410693
0.11873155315809 0.00686492267454504 0.149836540363422 0.0531798848568024 0.165412322627085 0.0952732125639994 0.0282604052011576 0.168190999096661 0.0955037574306377 0.1187464020276
0.0150366483530281 0.0789891105302345 0.112534870547515 0.149427987446678 0.0415414304278221 0.151026529947086 0.0745197556627591 0.091438000132558 0.155949448438094 0.129536218514226
0.0535287370401657 0.0211529473767135 0.134985769028082 0.119001028737414 0.119853655524151 0.184269134808106 0.0152759417582352 0.00927767879608727 0.182246722343545 0.160408384587501
0.148175679826497 0.0946107842682577 0.0744268133332923 0.162447283653444 0.0717435184755094 0.053697422640295 0.0740914108292639 0.136499445819076 0.115992342017447 0.0683152991369188
0.16500721356552 0.0917029052924437 0.149952046868898 0.0636342735579403 0.141457534120819 0.00696732727626302 0.158978912210963 0.0755242322800477 0.14097882129977 0.00579673352733514
0.106530549124708 0.0484021177517916 0.0765875978022927 0.1250185916244 0.113007865299955 0.133415467002142 0.107151607562833 0.0692386865702732 0.129760321030877 0.0908871962307282
0.153351529641914 0.132613184417148 0.0285842809500566 0.0582801087194537 0.0721965494826896 0.135904669220335 0.0917546032477652 0.000843215429569358 0.128266507235465 0.198205351655604
0.158221492547407 0.111228073814623 0.122401532486162 0.0324261789871071 0.133481641107457 0.139303483948763 0.0793247097360018 0.0990346669426493 0.0565170362918378 0.0680611841379923
0.115215257120979 0.174549472367729 0.0668952431995387 0.225241211849998 0.0762258401787717 0.049971301173393 0.0628069722115011 0.065358804949599 0.0904591504404184 0.0732767465080714
0.0305312479878531 0.189303998398036 0.0614056150897642 0.0580024862437941 0.00707844430198649 0.195470223699874 0.090017891115239 0.0746561859270022 0.18083805755867 0.112695849677781
0.176268447949011 0.0942534454439604 0.147379924125893 0.0566564764297775 0.032008996509101 0.0160719719842974 0.207119660321631 0.0837901247065165 0.00145106167311563 0.184999890856698
0.0733210867907033 0.105628378929721 0.0588648164929311 0.144054280316424 0.158638818522033 0.186034970998054 0.0270632244559606 0.147022146854624 0.0663338886904247 0.033038387949125
0.170786223669298 0.118700266262311 0.125030162013968 0.133715234662445 0.00147465950089018 0.0465291084337051 0.0928334215983732 0.10528373670274 0.0797198357803008 0.125927351375969
0.0675862649668593 0.0738108915310133 0.138820874115977 0.120008914611525 0.143945241124572 0.0579556860712525 0.137637921938178 0.144184412006869 0.0307439581959479 0.0853058354378061
0.0132701409252321 0.0016135109962156 0.18354675471652 0.129975491652327 0.156167658683925 0.133429629691592 0.0241413359491363 0.131226732443334 0.175121990422731 0.0515067545189866
0.155990461525888 0.14458799643902 0.0329824389484688 0.132375461141024 0.0852079765834371 0.0693046154021079 0.119087668623443 0.132313556393809 0.120723194084674 0.00742663085812832
0.018820332465543 0.145747762796359 0.142045565487475 0.147941721377671 0.0797123604452418 0.142932553054524 0.144532788432384 0.119251933268021 0.013280614203527 0.045734368469254
0.1213142486867 0.0355254982982866 0.111601313892629 0.00922409874623783 0.179367238021844 0.0454698636015589 0.142611825356432 0.16706714305022 0.0749779333325817 0.112840837013509
0.138714175648207 0.0769205653942142 0.144841862315293 0.078788909347579 0.0391300254731279 0.106514409114044 0.0851374234059147 0.156974113193686 9.66308657172483e-05 0.172881885242216
0.122562058321422 0.000318591980602472 0.11531254599523 0.158008597698504 0.153350365753821 0.068605795172474 0.154538455288541 0.0201729393214321 0.0631696765727255 0.143960973895248
0.19056274036518 0.078904295090622 0.163316384798563 0.192117913914082 0.081843386828329 0.10393671605858 0.0326160037358995 0.0449377462270605 0.109161395888353 0.00260341709333141
0.273048199558358 0.0429121552269603 0.028539966943571 0.121757866741073 0.205755767893274 0.0760811592790106 0.0299885951106019 0.105763996410886 0.0649824535671483 0.051169839269117
0.0840580935024175 0.151820058352967 0.0708097542181971 0.0487162440914988 0.0617651836824041 0.146610078738217 0.145227014531343 0.150198534165529 0.0154351725519863 0.12535986616544
0.0135866533724358 0.0106209832155252 0.169847838601925 0.0984870985561853 0.0626115607139408 0.166856774468223 0.147619541329988 0.155174942468371 0.0838677836710127 0.0913268236023944
0.128927913580547 0.0420635515805492 0.137973219980976 0.138096989187843 0.142960921254335 0.111286463986837 0.0428001768528807 0.100231773068413 0.0871655871359554 0.0684934033716618
0.184854715459866 0.029576570721129 0.0954271662678675 0.0592310152834811 0.100197772897312 0.00974385710903231 0.112339048462428 0.0774499292616178 0.184860712166423 0.146319212370843
0.00297458232269864 0.0972103232195218 0.131951359238132 0.136360071639951 0.0970112560380339 0.139124051277436 0.0923626856242182 0.140853751733571 0.106665474746829 0.0554864441596072
0.166467780070081 0.0394638237976387 0.180472108526514 0.0425398529461754 0.146639894534931 0.099207287214562 0.103887658835997 0.114135089851106 0.0601758813888747 0.0470106228341203
0.0362148188839188 0.0241603354000461 0.0132716739379413 0.200941643477603 0.0953443967364956 0.191499946083567 0.138660046601688 0.0401044336936034 0.11716244096309 0.142640264222047
0.123244841427228 0.137322801481005 0.17088152184401 0.0510169185561496 0.032551853499645 0.191385661791707 0.00762682072126478 0.0433482086186446 0.150691388052247 0.091929984008099
0.000460472253873556 0.182039348140923 0.079939237953163 0.0767704494254416 0.179069815083197 0.116013485234819 0.216301855337259 0.0755048607361572 0.0696597097777993 0.00424076605736689
0.108929387606485 0.145479841873226 0.00303777593558882 0.156733125865589 0.093692249856974 0.0358845313000196 0.143588945289105 0.206578343273658 0.0861273029914457 0.0199484960079088
0.126885287678355 0.0496731414469019 0.136212674930889 0.147598192897058 0.0370091488912061 0.10702139116462 0.121807821172784 0.0687562082161067 0.112714207905322 0.0923219256967566
0.116775451292059 0.126172719602534 0.138317571645571 0.126361625853012 0.122908839115437 0.0561401287018789 0.0155527374663466 0.156698190172353 0.0418039191169972 0.0992688170338113
0.00302640362267687 0.0851304391293167 0.164035241232296 0.0632658194384695 0.106886915063651 0.21843598236539 0.10011218846698 0.0065620073750159 0.18456530936927 0.0679796939369342
0.105802719469659 0.066054817938848 0.113125575442729 0.094282842907713 0.0632754902953752 0.133398569763332 0.0952337598494693 0.130851578504647 0.0606706677214296 0.137303978106797
0.0927051851227758 0.116736559476431 0.169658031433113 0.037035591685286 0.16065455429329 0.0776022013448278 0.092876606643021 0.0946033465178045 0.0154075293449274 0.142720394138524
0.167511841291908 0.0980290768742097 0.0740910846298288 0.159960150910174 0.0542016602136166 0.127504288489902 0.00439399088711023 0.10383447161989 0.119433005068693 0.0910404300146676
0.0169570038087621 0.171470359818804 0.134051293770695 0.0459130743045001 0.076715697048305 0.117541043201063 0.16475322088725 0.0224710470518385 0.0670968493651493 0.183030410743634
0.17736338826706 0.119565326388316 0.0500475049859264 0.131612991206385 0.0827343880268778 0.160747706077002 0.0913295013359652 0.0569897716574604 0.101328406637356 0.0282810154176518
0.092429088485103 0.0024093710785966 0.11619553712804 0.166459551392461 0.151713811362011 0.121813477418003 0.0721970362404204 0.0168994910381695 0.150890933025802 0.108991702831394
0.139237380351643 0.131948351000121 0.0827386939096259 0.197003323231564 0.00193597620703574 0.0757504637559443 0.126636755784466 0.110982152964286 0.00260559034583222 0.131161312449483
0.116764358455347 0.0655247188317856 0.189548978588204 0.0420792137128427 0.190297613995678 0.104332259935633 0.0145008231220093 0.0586325214372046 0.119471584789289 0.0988479271320073
0.136840225630322 0.187196632168419 0.0333400279443294 0.131234584722656 0.106946693454513 0.073623152075402 0.00503753283448172 0.15354653977958 0.0198927066514681 0.152341904738829
0.103191568706945 0.149842026939389 0.148453440567361 0.106029319353386 0.117010660329253 0.12192184929431 0.0250110300716365 0.0742608821491712 0.0170364050896379 0.137242817498911
0.11835144481313 0.0607036308153542 0.0559440281196071 0.0759793905931589 0.0342878207043636 0.168224523303894 0.0866371785958736 0.132720727601846 0.141562721503054 0.125588533949719
0.106074060493211 0.0364775997505033 0.172395505994495 0.182320386707119 0.020453831086902 0.150008217096643 0.0200036589157235 0.157274245698468 0.0559661396975391 0.099026354559395
0.153919192279761 0.0809293217701997 0.0670385751519246 0.0552860298707539 0.139832112259696 0.0875905743988082 0.119375263771209 0.0807171372789494 0.0634659147422423 0.151845878476456
0.0637444767732627 0.0419509475730974 0.125738455114701 0.122255426108588 0.0704931002651932 0.0979995173299262 0.176379143804623 0.103125842337697 0.151755341934925 0.0465577487579862
0.147960954004003 0.0294432832164231 0.14323902287131 0.0750958201622263 0.112783095129064 0.0922573742209558 0.156497344714385 0.0543375533820554 0.0915816050406636 0.0968039472589135
0.042164673966689 0.0202361732441957 0.100247086226228 0.1459729830441 0.130055956023141 0.148153378140344 0.0878146907377985 0.103757739534596 0.157428612765924 0.0641687063169837
0.133515061484442 0.113157121383589 0.0152056482491634 0.0845504683194268 0.0786421972079355 0.133471550728747 0.0369690595092413 0.137349094775291 0.139769206425284 0.127370591916881
0.0699188630660145 0.185581756296025 0.10453984595892 0.0534173210610952 0.005981771712603 0.184543283122461 0.0851925793120637 0.118104369248077 0.18609543022084 0.00662478000189956
0.0762530654375615 0.0785838508359573 0.197067961493249 0.163696259470207 0.000190876439974313 0.0512052673450986 0.13261917602893 0.0934732938320797 0.116753122924518 0.0901571261924253
0.128803820917952 0.0649749684571256 0.11689087158304 0.0913888685517052 0.0405799692104645 0.12185178438196 0.149632029488793 0.0757743946607237 0.0847998659159949 0.125303426832242
0.020395107085758 0.084966062348354 0.171088075292945 0.17514207748023 0.0772541869493543 0.0580492767848413 0.109512191879242 0.114467027292948 0.112236403590454 0.0768895912958738
0.0494321822504183 0.220721088063005 0.15129731272276 0.0283827592090407 0.198544004995028 0.043123556876681 0.0765710262382587 0.0987715535478007 0.0920329870871665 0.0411235290098411
0.0148527667902817 0.180268950402067 0.132205849355373 0.0173738048847172 0.00872959511737764 0.182879788494553 0.168987403816372 0.0452944333774455 0.218255526434403 0.0311518813274085
0.00147692909503672 0.0935687955429593 0.158720276691219 0.0939614195924572 0.0718072892742198 0.120403007033295 0.123481022588768 0.160469949981206 0.159927726096461 0.0161835841043782
0.058466880232626 0.0860905705393048 0.147111250989136 0.0845310065701678 0.12225200888418 0.145893487321166 0.129653226916909 0.112243281976039 0.0645987219061067 0.0491595646643653
0.0724578802310348 0.0597209490563719 0.233912605948943 0.0576043948145405 0.0466285721771291 0.0643412907501912 0.188340754200207 0.0384391180377984 0.138830954613135 0.0997234801706488
0.190534974092252 0.028242591983788 0.194768363585195 0.0404850973878554 0.0582629427011326 0.0287434785023934 0.0250225866579356 0.0923585586452358 0.165180251423209 0.176401155021004
0.00595097392275863 0.12837466601803 0.167482216985727 0.035588187166957 0.292068532158257 0.0638905724367201 0.0822733225520447 0.0506245712747398 0.0270653280960654 0.1466816293887
0.0189693521316791 0.129663572075914 0.119030101683302 0.105458695032634 0.153033791851706 0.0475707203338434 0.179899173030505 0.151765612592372 0.0748786089373659 0.0197303723306776
0.0426192539738074 0.101325208267828 0.139665662552377 0.134503955191698 0.122982141037437 0.0503501989036469 0.0118612265737139 0.164525099332551 0.167467241999457 0.0647000121674837
