0.167776613481837 0.0977051619532166 0.200702003319905 0.229082182441931 0.181605481288954 0.110060788847071 0.0130677686670853
0.19742553125749 0.0918990461758867 0.212882057150242 0.0813533930410872 0.107596623524099 0.226203599003778 0.0826397498474174
0.179679183376095 0.039335076736904 0.0977516483826995 0.164591008612246 0.192996468450131 0.12704213997824 0.198604474463684
0.0715265999262573 0.0626593802434974 0.193165831400357 0.137774094669102 0.0642817599050082 0.239298802396421 0.231293531459357
0.222764503359799 0.12130005087337 0.142121244884164 0.201197944019438 0.0905500315186611 0.192717753525021 0.029348471819546
0.135189816991292 0.183649098637721 0.0296476513760379 0.166691885183445 0.165726357366671 0.125261170003096 0.193834020441736
0.0810559568821848 0.0881426904314525 0.0881662960866805 0.206856892629071 0.0949628873878073 0.056785613882284 0.38402966270052
0.0978289423207458 0.0172742791429377 0.216761392374274 0.13214173004653 0.0566244194050848 0.315247068385143 0.164122168325284
0.0415031810460465 0.0563124146426118 0.127001672181129 0.0593681597426901 0.281060188349113 0.244445364047093 0.190309019991317
0.302705587804857 0.0414019343809948 0.0515321980925662 0.0745267223253869 0.188298155871932 0.257305653689107 0.0842297478351549
0.0720501971816616 0.196341590844734 0.224705744318518 0.0595243211565758 0.196778702854169 0.0530487345747637 0.197550709069578
0.0607871386472588 0.256241739956182 0.11849432733611 0.215978480698419 0.0704803121596669 0.0400371707965731 0.23798083040579
0.136370721542412 0.194566426164231 0.029214471102976 0.141288569717534 0.155497133854148 0.241091181189968 0.101971496428731
0.134794053564688 0.184789006923212 0.283387992126686 0.0576705055674571 0.0890889804951701 0.227767693011979 0.0225017683108068
0.0266161082063316 0.216477626962627 0.215341466153942 0.0337715501261893 0.126685910840924 0.150557946832674 0.230549390877312
0.316854457320567 0.0930769094736733 0.225125823249029 0.0910909238031763 0.0274811252926438 0.0313327510254529 0.215038009835458
0.136529574471073 0.232413007185227 0.169008623336869 0.0026510111356844 0.164236561865865 0.181634958573083 0.113526263432199
0.0208744937443766 0.193754823411554 0.19936461099055 0.0458696455939606 0.107265543108855 0.153735936596618 0.279134946554086
0.210669733067162 0.156040295252989 0.166299400195758 0.272988267448123 0.102257908760236 0.0353559477768843 0.0563884474988473
0.199904176869341 0.212658149375152 0.081356081038515 0.072285259178239 0.218596916026525 0.124134043817792 0.0910653736944355
0.106782741497482 0.075649450254708 0.18296019505458 0.0632677754428657 0.277659447878864 0.247886528638141 0.0457938612333587
0.106754603373965 0.0667176951855065 0.185138028635036 0.211110420522216 0.172493151626167 0.0639474242962851 0.193838676360824
0.250587612918331 0.0942235392468253 0.129679506849822 0.149144929231855 0.193767314606002 0.0168389734287678 0.165758123718397
0.13511928094618 0.255102400044411 0.198428797478616 0.246115361343559 0.0142959401825395 0.147653581668709 0.00328463833598465
0.0483240875568726 0.178453385864348 0.221658976601938 0.20977038312127 0.029306124520938 0.134086519921384 0.17840052241325
0.232371828474558 0.0537032986925982 0.085000891017491 0.0591320826758244 0.200947720229126 0.185743053647616 0.183101125262787
0.0263362579371657 0.214400442912709 0.202228058658007 0.203864597444169 0.140645548616873 0.083343111451355 0.129181982979722
0.0923682926996297 0.177083051886883 0.235274336448228 0.123865324212945 0.142419841885261 0.0578936676078151 0.171095485259239
0.347668551311902 0.134698556556581 0.0409241025526608 0.00681914511069992 0.100930363295882 0.219131385501153 0.149827895671122
0.149420519454668 0.255320844787353 0.0505637030216875 0.192898599814134 0.0133484248463408 0.202625316837501 0.135822591238316
0.1949104766 0.145799516748724 0.0268694086873218 0.214021315274843 0.14028110964818 0.203475193551859 0.0746429794890732
0.0220113165328506 0.122366171590083 0.0555191999042602 0.229921530528605 0.157349414974152 0.22952886806577 0.183303498404279
0.257060042834835 0.00782014953707691 0.157653260309942 0.00214072554877618 0.107100347950658 0.292674530393588 0.175550943425125
0.171142923678755 0.170305312521399 0.087838367702848 0.0713991995717577 0.121729352210381 0.142535242646269 0.23504960166859
0.00984377014595296 0.288644846897515 0.121985016429238 0.0543340708924057 0.297363101679295 0.040369839210616 0.187459354744978
0.232288243202007 0.23060909116983 0.14418475858122 0.0120047527925791 0.131685974592338 0.20864383758615 0.0405833420758758
0.0717234108682118 0.19750840177436 0.195371633776057 0.0642548536909871 0.219331090406628 0.0404765977608707 0.211334011722884
0.00154662846988796 0.175026581227898 0.143456858979443 0.196834946714948 0.163496418081953 0.159915136584613 0.159723429941258
0.271541475729781 0.0568094838248451 0.136961322997569 0.168620992348426 0.0919797586421182 0.00189380270613196 0.27219316375113
0.132258260456417 0.194841891880959 0.0012280851090206 0.178328912204601 0.109220749531808 0.263061480815404 0.12106062000179
0.0805491327789587 0.189271173965888 0.109964793520037 0.0273050874682167 0.0982955055436601 0.126616256671554 0.367998050051685
0.12690859019598 0.153832736124374 0.145039105256184 0.14608852735259 0.212857895470733 0.207067469812346 0.00820567578779262
0.219001048424293 0.159316371763181 0.20139584831637 0.0171376617986028 0.147496971539484 0.0193341267490625 0.236317971409007
0.229922156184946 0.0531652957190501 0.249471476172171 0.206204705322351 0.0500140055269173 0.0772395320002248 0.13398282907434
0.0211418542551301 0.012927777566389 0.319390484485857 0.122387653888334 0.0543990693624089 0.178807065516364 0.290946094925517
0.121947592149234 0.12397471447761 0.0544171902905776 0.0569102655109537 0.190786916800195 0.324260673061528 0.127702647709902
0.0482015836871115 0.208752790445273 0.225903128872657 0.245148537839667 0.044548804322698 0.213324662954811 0.0141204918777828
0.177957697660986 0.0576855279979842 0.0408931307863526 0.211392018725844 0.170291717851389 0.178526805031171 0.163253101946273
0.246959052908648 0.0629186379897596 0.0821454717758529 0.201014237821293 0.0194353580154462 0.275430726342061 0.11209651514694
0.195198354869272 0.0439963776959452 0.160703798432702 0.0505004939634788 0.159392224224749 0.189251813233253 0.2009569375806
0.242363876602269 0.00684597749200817 0.208864393724802 0.375493223812871 0.0549482875022745 0.0323185217070991 0.0791657191586757
0.00474391295352289 0.0636106446224008 0.284094579069211 0.198057971973125 0.0250506113912129 0.323006730403196 0.101435549587332
0.0540384138899282 0.0689330036433148 0.2713545600418 0.227658785253111 0.107143486280949 0.269873045810763 0.000998705080134429
0.219199967884662 0.210200895401095 0.0789330759548046 0.0919889878580358 0.0573985954202896 0.218959479189299 0.123318998291813
0.228875957133713 0.20245354363518 0.0635685774021063 0.0826994282465112 0.0313166529578339 0.214243561544741 0.176842279079915
0.140063750810905 0.176498203769165 0.21323065308149 0.00464270127244311 0.155186715947356 0.212101907945342 0.098276067173298
0.000247945304174814 0.212834706580355 0.228997951840298 0.111841799878463 0.0465767972505136 0.177638485565077 0.221862313581119
0.0627193494095768 0.100217086021052 0.0343044382445215 0.190499689369112 0.109079157377464 0.251116898534639 0.252063381043635
0.108039073792324 0.267658385605575 0.174200677247469 0.0802745811687259 0.127645529164649 0.0281249578746417 0.214056795146615
0.0811843527495189 0.090093452536156 0.281172090224327 0.120851601085354 0.128779451084936 0.160553310653626 0.137365741666082
0.141319409451666 0.11712561951925 0.0654175687188036 0.193384987670583 0.0652056239495513 0.179204232852607 0.238342557837539
0.185663284347294 0.102589393191257 0.149757253479647 0.0132156438597193 0.23775908524131 0.162841322235667 0.148174017645106
0.239606053939104 0.311816078652516 0.0579166611721899 0.152428462840969 0.15305150546834 0.0579043277849905 0.0272769101418905
0.185097252232049 0.200396717164056 0.121276225393949 0.210043521715319 0.135720492899538 0.108003071650101 0.0394627189449887
0.175911447842787 0.132441642651522 0.00980575539100593 0.20421014358885 0.191969247200461 0.16576875539575 0.119893007929625
0.304159537626346 0.0465106078741486 0.165291983298803 0.0851023163153243 0.098822484471794 0.0998253492784956 0.200287721135089
0.0568612632115908 0.220482710435722 0.107777925309941 0.260695289236303 0.141337616785627 0.0122379588870716 0.200607236133746
0.0283904564644844 0.0825849952146797 0.333965433286638 0.103769801824769 0.294992422845879 0.00651507849156931 0.149781811871982
0.153794242867956 0.0876594938597303 0.178970758636277 0.161125150645054 0.21360772833355 0.130828847017091 0.0740137786403415
0.476680294125644 0.0267451944032995 0.0434220943280825 0.101052268172465 0.0407170716709804 0.0842577366561227 0.227125340643406
0.108296384477186 0.17634689391676 0.0659608332992097 0.0723439238772934 0.243531651921193 0.121536797941766 0.211983514566591
0.219315424371633 0.11545149709981 0.088373912805138 0.217257394268939 0.193340926634843 0.159184532724507 0.00707631209513013
0.18813286673098 0.198750644897198 0.214628586915279 0.061647304774644 0.0355138089467345 0.0772338426015534 0.224092945133611
0.137822881500429 0.238451908627893 0.0709086112369361 0.00389564521114534 0.273019282840164 0.219432063402587 0.0564696071808453
0.202283193704331 0.228308251809516 0.120412454503742 0.145624100972947 0.0384508171451054 0.207995909702489 0.0569252721618704
0.0179033638828036 0.208096776373235 0.166332535889975 0.0137042360252929 0.201035882496918 0.212015109423704 0.180912095908071
0.0601469007211247 0.157264116278484 0.041031721166403 0.221899192830859 0.111244919587025 0.155474256615286 0.252938892800817
0.236100331628445 0.0126428955278499 0.153208228925741 0.0990000301756454 0.24334241333759 0.0358651334670762 0.219840966937652
0.152050680359494 0.237599825061371 0.100404903681415 0.188671279768864 0.116264850998264 0.174245990126233 0.0307624700043587
0.33939895168184 0.102910080554691 0.033409198432263 0.0202625875208443 0.0840743888259229 0.279543145749227 0.140401647235212
0.0142195769518589 0.164918042360285 0.00845259315443313 0.253307174797089 0.174198252780006 0.162541534463515 0.222362825492813
0.067483717120125 0.188838007204501 0.0525801585620612 0.0903939788510045 0.152826166106729 0.215447467942149 0.23243050421343
0.0905241577603371 0.286076212467021 0.105219163141188 0.103968843491566 0.170380037767147 0.208422558660716 0.0354090267120262
0.170922035208332 0.238476827305481 0.0521388878868151 0.10688164345438 0.0610002435434592 0.197564542374365 0.173015820227168
0.230518167900053 0.141315403544709 0.156602602971225 0.24167922660071 0.0265683025332596 0.184063815098048 0.0192524813519951
0.22027144714248 0.117823993421219 0.00663473446229158 0.0557212175071561 0.295986760948558 0.28348003584007 0.0200818106782254
0.0602850430710788 0.186059317585635 0.189919699531438 0.36329914777407 0.089024556454506 0.00363727218772763 0.107774963395544
0.0891166879192371 0.154509864511636 0.0960047109710515 0.165398371605015 0.0651160213958287 0.189217664089016 0.240636679508216
0.193205596491455 0.167155523343625 0.198672188246925 0.0868648338825032 0.152696766990053 0.0726770763860325 0.128728014659406
0.25430565523564 0.119673992498359 0.207073173066901 0.0276387828159758 0.087042381874369 0.182902278943648 0.121363735565108
0.0836852160951283 0.0820742295605984 0.244648354563267 0.0671980362621979 0.189765831392342 0.175129482802732 0.157498849323734
0.0799424466564388 0.0113463594818102 0.278651907571632 0.274466762356137 0.182623028400288 0.0472731700675478 0.125696325466146
0.034204226943527 0.0611829742410993 0.316857528274923 0.0665721694867981 0.0828314218773471 0.136977176451349 0.301374502724957
0.0793245095289554 0.310185056820276 0.0105526503529972 0.223553797735982 0.0151927830950893 0.301201259972783 0.0599899424939176
0.48454559130084 0.0306589419869178 0.0347585104234102 0.0445123466794091 0.0815907783314556 0.239077096317559 0.0848567349604083
0.263752746339235 0.104561447255548 0.101957453613086 0.28231854036674 0.14084178215825 0.0454558740088437 0.0611121562582971
0.172193362824258 0.0810793921467625 0.129555703291152 0.148107457082873 0.159387287774728 0.194782577373037 0.114894219507191
0.0730499000246445 0.22148189968847 0.179170743180023 0.0682552652585631 0.0265136166731011 0.177921201667629 0.253607373507569
0.201842097201375 0.0153914206066617 0.282650199904664 0.0626936988548539 0.0412195503533116 0.126009741507743 0.270193291571391
0.151761980829876 0.0785049075041805 0.0724455381459856 0.176652798753052 0.128456368139209 0.198438656135672 0.193739750492024
0.0945474310539846 0.0724855771118044 0.35000809137653 0.0954296100039101 0.1722670579985 0.0451007479550369 0.170161484500234
0.0666859675338583 0.171319651253028 0.139036577872637 0.211877193803422 0.100343386728873 0.199691700936424 0.111045521871757
0.0638887422636929 0.265265760027166 0.0565170696036215 0.236001919019677 0.158205417684292 0.0399188183536687 0.180202273047882
0.189765640217796 0.218560656441228 0.0558991979194671 0.0189020410799287 0.160162303046939 0.244142348122005 0.112567813172636
0.180548390047087 0.117442157176131 0.133695962996402 0.190826976191369 0.114036085690414 0.184956329633645 0.0784940982649528
0.20445812073298 0.0881635325985574 0.172560521710021 0.214710660820893 0.0926638230259547 0.0722427617673527 0.155200579344241
0.146379872221167 0.0447851515287114 0.30959836012336 0.195301095134214 0.0658276087721604 0.147450873789695 0.0906570384306925
0.154274200004551 0.08902176479102 0.200658034848386 0.0180340898862244 0.225089181912832 0.179308674895015 0.133614053661971
0.0175232265112946 0.15568917787097 0.166109498569687 0.150610633219847 0.0107821548499433 0.308875446385416 0.190409862592842
0.210836402280533 0.14938640570507 0.0144147892673011 0.217762335253038 0.164789990545346 0.190069313838419 0.0527407631102934
0.0699503373784068 0.0569791545240722 0.0173550137037696 0.347980518289842 0.345807493295562 0.0927116600115658 0.0692158227967812
0.13981026609543 0.0278550386601342 0.0947750576473355 0.204112421667834 0.156674504487855 0.27557106903935 0.101201642402062
0.251613869442961 0.0407659390152849 0.185639707747738 0.0413189537605437 0.285962060143751 0.0684393310350987 0.126260138854623
0.226776150947092 0.22299541234575 0.0468582045443113 0.0989287920171921 0.194392874314143 0.000745133120314557 0.209303432711196
0.236825134417297 0.0838857199703806 0.00661930760398185 0.18515229788094 0.270085629873348 0.207185785091414 0.0102461251626398
0.115267093874706 0.195970046670628 0.0952301517337829 0.0865373471392476 0.197953917425742 0.147892568540865 0.161148874615029
0.0990575239290935 0.183561267921326 0.122376698070417 0.10296524914679 0.189616763111749 0.0817755478734755 0.220646949947149
0.248845544518183 0.213072957291351 0.276796603846299 0.0617461786067926 0.0660725979854449 0.0822559544662504 0.0512101632856781
0.267623920430725 0.0169922295662164 0.269774495680478 0.0566557654342845 0.162430446614106 0.216733820071073 0.00978932220311678
0.207952691195618 0.094182216463398 0.139742817348668 0.233685813773885 0.191343237015845 0.0485631405236251 0.0845300836789606
0.0277724195201435 0.101625124163341 0.295790300454335 0.12822675639049 0.0261583118846218 0.293856531736503 0.126570555850565
0.017070150894677 0.127341683369727 0.1710656576783 0.239624272070241 0.240958240695308 0.166540922992028 0.0373990722997197
0.214607618904638 0.190973218864145 0.209673764857433 0.101461553535117 0.122855166331431 0.0601059636611038 0.100322713846133
0.00977875267423913 0.231356075607076 0.0744259967269946 0.17742121364991 0.0847653568075654 0.16282021489826 0.259432389635954
0.0661828227904688 0.128220149630275 0.226567742374243 0.188368751023794 0.259388239908522 0.0804303042270162 0.0508419900456804
0.126017406941465 0.231250231344596 0.0654070585639236 0.170728353786137 0.0522378910655545 0.144799921231006 0.209559137067317
0.254936531761277 0.0115172029467746 0.255133663366004 0.0493593334478997 0.324216022580373 0.0567312530042391 0.0481059928934327
0.174672349855782 0.078653213511119 0.102842708470688 0.236560478831825 0.000526220362249694 0.188476449061076 0.21826857990726
0.309182615655697 0.0070819721407384 0.193485812931223 0.216830424542438 0.118546250939892 0.0915921781764435 0.0632807456135687
0.0809780283892798 0.0492835441105878 0.401227901829282 0.00504473657535965 0.172605821164713 0.252997978292879 0.0378619896378988
0.224976257978421 0.135571150614053 0.214748770623142 0.11007433697319 0.0233382635185735 0.201094573944276 0.0901966463483445
0.20482645502012 0.057646156955267 0.176685413464964 0.191019907503872 0.216733726328482 0.120080881722151 0.0330074590051442
0.0301379695687985 0.19268979652684 0.00596264613286477 0.271922944942735 0.021441700972748 0.242301761672388 0.235543180183626
0.261054768122527 0.200302046778269 0.0702541517896325 0.281220052539606 0.0192585294755157 0.00740486224121799 0.160505589053232
0.204573798172835 0.00164535276799347 0.0608258101085597 0.214223101923019 0.166153995930609 0.152636765773133 0.199941175323851
0.215627475719359 0.199142259390865 0.197311887078271 0.11923416243626 0.0134048076449229 0.0136892087666386 0.241590198963684
0.0198952661268497 0.255840029277179 0.234675348603155 0.106951028393684 0.00248110847122238 0.194689047484964 0.185468171642945
0.113543213999655 0.153642444150596 0.153609922759884 0.0613494433077642 0.135518055913183 0.22172074713537 0.160616172733547
0.130014622020125 0.000637791703770947 0.199591051364248 0.127779654986757 0.209273838270436 0.0685083593353692 0.264194682319293
0.209339652551734 0.21006287143668 0.177271722164018 0.177126759666365 0.175527438170008 0.0459456129057856 0.00472594310540893
0.0300081738202207 0.245855985662634 0.213262376190787 0.139264204452211 0.105305847483126 0.109926459102431 0.156376953288589
0.129269661839678 0.074848198669258 0.150299132247564 0.22926889204403 0.0900718460603672 0.122524222301819 0.203718046837283
0.0972787320967228 0.186599565481615 0.228988962332538 0.0655822253651761 0.13728644570968 0.0711226266883586 0.21314144232591
0.0834036306265413 0.26093207940856 0.0737335550788538 0.0474062479890072 0.225499812949151 0.262411047554441 0.0466136263934453
0.112936185211125 0.00061121597770185 0.235304249632432 0.251784601926664 0.155882975033156 0.0324295080577438 0.211051264161178
0.101440684874559 0.0329228357550625 0.253542348733769 0.150858180210497 0.245810211782656 0.178924818181231 0.0365009204622254
0.139756327419737 0.0984370317341712 0.178021570896839 0.131723498223266 0.119340764897006 0.00620894503556143 0.326511861793419
0.189513351049483 0.272082223601557 0.177968637793046 0.0400082369246029 0.0166874282128167 0.019750567185205 0.28398955523329
0.119073992823819 0.111068400974251 0.0574884327337301 0.175136772647763 0.204767924382146 0.17851034906938 0.15395412736891
0.232467163032081 0.192933352385394 0.120082453277678 0.179172101976292 0.00152923493370033 0.233564597279947 0.0402510971149072
0.0496868028739916 0.242993285588763 0.100358663211896 0.205147844256057 0.174311731985373 0.0537131062871311 0.173788565796787
0.146841736054508 0.146393069938979 0.183009965120906 0.163849506914962 0.0974531312353641 0.0770501647276763 0.185402426007605
0.220816218672955 0.113008077946229 0.124077023325841 0.163960077015027 0.138277920970914 0.0980890980916267 0.141771583977407
0.192667469186837 0.136091861225401 0.179870167999241 0.169570240679473 0.100478522264964 0.1783786927935 0.0429430458505843
0.179511948448794 0.132160113856063 0.214612140877623 0.0346021368896268 0.0406427060250262 0.290256018278901 0.108214935623967
0.279003759831011 0.128227579658621 0.0595595723582119 0.073827835866801 0.23212571204549 0.0762184777436188 0.151037062496247
0.075515564344301 0.291845456177736 0.17996561773475 0.000406994321225376 0.064858707311014 0.131782245717032 0.255625414393942
0.202732467716334 0.0196113181172531 0.219307196820426 0.163286924762779 0.151420626971597 0.175638124236583 0.0680033413750264
0.215340070558702 0.0848371972933564 0.19808442322903 0.102417928571985 0.00524922289509848 0.15089396375488 0.243177193696949
0.14669040298475 0.109538444611169 0.186572883467024 0.198073937295186 0.106604585228283 0.121985489821792 0.130534256591795
0.256473513520344 0.24128772604706 0.17779961862219 0.0567240826433331 0.202472049322689 0.0453194392481294 0.0199235705962539
0.133072780006043 0.0333961387650802 0.186988250374842 0.0132020749398253 0.16599294745911 0.231480665014545 0.235867143440556
0.225380772948198 0.237358912809141 0.0156557047677983 0.0502244557135246 0.097886752105871 0.0935642298095937 0.279929171845873
0.2045417442459 0.078705465356371 0.00588020992011983 0.198685682460742 0.0149685174872378 0.27590187106711 0.22131650946252
0.214237037668822 0.220700375218338 0.012736766197466 0.224374026162603 0.0991961982315776 0.0127080915526088 0.216047504968584
0.0925590733806873 0.188493193713972 0.0811414969694023 0.047116886727027 0.393651003122243 0.0379061626937941 0.159132183392874
0.0251433706496752 0.37734703469025 0.19367547111177 0.0119073785407219 0.0648114024629888 0.00810414682461382 0.31901119571998
0.153275640265297 0.248570546881628 0.124211635466088 0.0036759781993525 0.180806003485396 0.155471926093414 0.133988269608824
0.312227093762371 0.0869145193209016 0.206838859031832 0.124477140419564 0.11823362879279 0.0712658475544225 0.080042911118119
0.145839690560945 0.121396749226141 0.0698173932456254 0.208943580078674 0.218182451273222 0.116972315156194 0.118847820459198
0.31534182270762 0.209324829734681 0.152847839353126 0.0390035180371413 0.127870012453367 0.0782854044304412 0.0773265732836225
0.231213158433195 0.0635729664397607 0.1835980831647 0.25592797023189 0.0629424525651824 0.166256283108246 0.0364890860570256
0.200475799141213 0.0460941798517464 0.160951815658239 0.0848947928301103 0.0613950588672369 0.226814228824895 0.21937412482656
0.271829695119731 0.158037341448415 0.147147655693626 0.126200429852702 0.215329830468186 0.0335997818717393 0.0478552655456012
0.0225622861898501 0.0958654251197628 0.0931006800679596 0.169335021582333 0.142595194093791 0.249160627249616 0.227380765696687
0.152076595929452 0.0539810567443025 0.2265256070092 0.0928923348298937 0.203977097524684 0.0152832148267813 0.255264093135685
0.045978929712185 0.190278141348249 0.254979382089193 0.0460932565928368 0.0408633791055511 0.203857579644102 0.217949331507884
0.105058567951527 0.26403358788149 0.0346802533776496 0.123877612665647 0.207322622003493 0.189860392307258 0.0751669638129355
0.21657429763924 0.0416249364147372 0.166342932369051 0.152746622555608 0.0775351796480662 0.130920336195862 0.214255695177436
0.16774824596061 0.251697090407415 0.0706990407852824 0.046169104603947 0.081903173399595 0.137538253966596 0.244245090876555
0.267491252977138 0.106883625767669 0.227461906303473 0.0757186931040257 0.0723416375728372 0.216755454473989 0.0333474298008684
0.0279311025284516 0.215861539410628 0.157455020317578 0.0902623698166178 0.121917579699675 0.163380461206356 0.223191927020692
0.0479280280000635 0.234175860553715 0.101963170067509 0.0598247139749223 0.199493037911506 0.242042191884905 0.11457299760738
0.023268679441032 0.183250897488066 0.0884425973623873 0.136245485936853 0.173047176601534 0.201991379215764 0.193753783954363
0.147543916070142 0.270132445491783 0.151814402285123 0.14806144336735 0.133015672191541 0.132178048819581 0.017254071774479
0.0152461887411526 0.209622111520773 0.141432179523352 0.143121454209438 0.206608351661383 0.0785163662353119 0.205453348108589
0.151165029198866 0.262980045892171 0.144503885564982 0.229027287734533 0.0602871497898562 0.0514525373275878 0.100584064492004
0.147214367146928 0.229853004824482 0.152455588989172 0.219966538124002 0.0330501828980148 0.203879412309598 0.0135809057078032
0.145051494581073 0.195811454303864 0.255014613199463 0.123019168380656 0.0633829691790193 0.0837470986268492 0.133973201729074
0.250337263402724 0.0746376084291592 0.0305380346336601 0.189641340364188 0.320492201120835 0.0353655907066227 0.0989879613428111
0.200078236479728 0.0450743835643928 0.083015706731153 0.214314658123224 0.107252542223734 0.18378884472895 0.166475628148818
0.159280772917744 0.147159277106812 0.178106810561165 0.134530935495119 0.164353629571475 0.169418026448081 0.0471505478996043
0.0239595458664783 0.0931662372256502 0.197269806374304 0.265443339584326 0.228575889447311 0.147318800185928 0.0442663813160022
0.109188778169895 0.206825242305293 0.111951060194563 0.0840559195486711 0.236278315865001 0.0842708725598524 0.167429811356724
0.155790128555911 0.180510548310043 0.0263238631228701 0.0380600501123634 0.160038745121147 0.21988739760355 0.219389267174116
0.114608133461578 0.146941928647237 0.12521543060818 0.261219712747356 0.00681913371274516 0.234902725117509 0.110292935705395
0.144629783808004 0.0207865836869784 0.16113883812661 0.0901519092028469 0.161571440822525 0.247571855922401 0.174149588430634
0.334084963631014 0.0231553867411359 0.00304404768127448 0.0822867487219112 0.0872454965999997 0.184211580877861 0.285971775746804
0.190615220651882 0.184279448315967 0.13485556327495 0.13644078321286 0.105850310925925 0.0432174754239374 0.204741198194478
0.209279836744612 0.0415108396498465 0.248017762346336 0.194998122964892 0.0143442147318521 0.0655860799072337 0.226263143655227
