0.00360685685424226 0.0177220927177739 0.166456974209201 0.217512237701993 0.185686662402214 0.259835711661227 0.110820162407452 0.0383593020458971
0.180374877950517 0.0390739981212047 0.11203734969112 0.361028390253932 0.0140701486221076 0.00250651416418764 0.175490573276017 0.115418147920914
0.0995889231351765 0.241931018676371 0.0543555757320525 0.25302393126012 0.0925235377988078 0.011339933461419 0.159803655856711 0.0874334240793427
0.0464447172484203 0.108611743435221 0.0277685109492853 0.101808132654707 0.0645550786626637 0.142743174541312 0.299231048795966 0.208837593712425
0.216262120089493 0.0560689121424821 0.00243831657703694 0.176031390306703 0.129326858913445 0.23355453330912 0.169732587652891 0.0165852810088298
0.194768885479451 0.15524611785252 0.193915818693009 0.0123855626539449 0.178295816649299 0.0402367845160205 0.21489009040245 0.0102609237533058
0.0367384011787488 0.0118310309309921 0.125359922949593 0.139391892949823 0.203089616234537 0.0963035434108705 0.193745952891177 0.19353963945426
0.140009637447308 0.0685893876178414 0.0242134273757298 0.11511480657446 0.191762286567373 0.164927005702587 0.00321932314200116 0.2921641255727
0.2104890213742 0.106249464067588 0.0486042288094466 0.171687958671791 0.153616936271324 0.145227669628714 0.12983459199888 0.034290129178056
0.123671784640216 0.162958442977214 0.0189497818414892 0.0553696039873627 0.151777047371623 0.134932228815817 0.184733956747072 0.167607153619206
0.162444896553407 0.188144232639011 0.159185960850175 0.138368791890243 0.109655398568783 0.0953797304550095 0.0539679502492959 0.0928530387940765
0.156280157626481 0.195729562639111 0.204203103414255 0.200598591836909 0.0407742123976976 0.0291963134183039 0.156930107369616 0.0162879512976255
0.0810103583007194 0.212975756436921 0.0302043836912989 0.180106479129089 0.157607110290415 0.0553569587328382 0.170146095265887 0.112592858152831
0.0884452518218876 0.0832879088781145 0.166341750102426 0.144232618181684 0.0606027312533239 0.198582690432702 0.183212185334438 0.0752948639954247
0.196518353688884 0.192624307918294 0.0444623483510425 0.113866979605742 0.0492129951627507 0.240095365051971 0.0171565092504425 0.146063140970873
0.0930734264861407 0.134189951419352 0.114780683820458 0.232344172450563 0.0847520933658452 0.00603184409017397 0.207088357994256 0.12773947037321
0.165506568078887 0.174274422569865 0.183159819044004 0.0121258860802809 0.128796224776094 0.0208633641535704 0.15914373797856 0.156129977318739
0.0825530812152915 0.0863697060806593 0.102935947969383 0.178499868600809 0.089550566894692 0.193859986316098 0.084868424274462 0.181362418648605
0.0338627813967035 0.124698774942726 0.162599808054583 0.225781733393109 0.196082439166707 0.0947312332816488 0.130930528820857 0.0313127009436659
0.177160862701649 0.148320199446121 0.128890347104859 0.100355421030582 0.0911974104734676 0.0957223724543051 0.189483658495356 0.0688697282936599
0.130883333566769 0.0469780938106268 0.176779536420865 0.129937784391883 0.139712609695413 0.103118435415348 0.0729586709833646 0.199631535715731
0.201631676936002 0.0819636065445452 0.178939515177862 0.125619423624736 0.0402849159492573 0.0820703313647727 0.0804438911202389 0.209046639282586
0.0845722782557195 0.139228552724054 0.0260112108012735 0.0828890372830753 0.122192092878311 0.198510093742576 0.157679307562302 0.188917426752688
0.0418260906563654 0.193696443603318 0.198065532121178 0.0662252156435971 0.199008666211608 0.00247427424574934 0.127941515111544 0.17076226240664
0.159786581385439 0.135567254990401 0.178390373046356 0.149883342281502 0.0516455996599719 0.145681306699451 0.00657542065657268 0.172470121280307
0.0597018218894486 0.235230628850417 0.172088900472038 0.0318086304682081 0.0345818533646797 0.0887715090955685 0.121943738865525 0.255872916994115
0.139644072046706 0.0735720143682183 0.202877643716586 0.245179404529142 0.0254526789889403 0.192443482646384 0.0664845392923262 0.0543461644116976
0.0124736801962292 0.0453022559264979 0.0243339856017168 0.0557227217349374 0.0106470621052807 0.125684569633847 0.344490763772277 0.381344961029215
0.0464323027124518 0.106487113572623 0.0219919061433315 0.21622693031567 0.208673550791511 0.178447771724828 0.199840367146462 0.0219000575931241
0.00903597260457046 0.105501656438794 0.158767700103224 0.129716884365554 0.259238365710674 0.064034700544992 0.0312200586342659 0.242484661597925
0.205235028860921 0.20430271338869 0.0115247428916353 0.137430693652974 0.180753833302865 0.0209042938331941 0.107954247845088 0.131894446224633
0.105083797456104 0.0944229137408115 0.144700636165259 0.140601105080301 0.17645023979411 0.0838578517384842 0.160599329314109 0.0942841267108225
0.0350113083245165 0.153105176659893 0.0343745985483928 0.229141643775022 0.194244685175314 0.0588200157551358 0.0986442642587358 0.196658307502989
0.168868757115773 0.262581224886229 0.205172098389376 0.102647532303893 0.0110265988132933 0.191591719459227 0.0321588938986389 0.0259531751335706
0.119400607046794 0.170265429272483 0.0673093460221894 0.0910885307919091 0.06301084615568 0.116412824654326 0.176038933548373 0.196473482508245
0.116472983016117 0.113506769305523 0.193841767987273 0.152364114885399 0.227500329812316 0.0647872733056011 0.00931549609662808 0.122211265591141
0.274647032657341 0.103149897549845 0.0211458053613843 0.0448669272617986 0.27134026450116 0.0699282992612122 0.18152878572337 0.0333929876838887
0.047239024363477 0.178072171467451 0.109640344945994 0.136792003805237 0.199839658214099 0.117617988127887 0.0767487002114336 0.134050108864421
0.057609763993704 0.203966000253424 0.246643189305497 0.0707155862786515 0.019326266256021 0.0122969215862807 0.181698780907541 0.20774349141888
0.0487299841363938 0.0437931669782342 0.227317560447109 0.168194104609431 0.243916487161021 0.0263160459926611 0.0598857048964169 0.181846945778734
0.074654857144524 0.103078408273057 0.107737338695081 0.185026634660682 0.132403617727219 0.0352922108237548 0.133705823257915 0.228101109417767
0.0419767712587027 0.159131104663578 0.216189682659949 0.0275492471613995 0.150426175076479 0.136339768780471 0.220870854164678 0.0475163962347436
0.00822907660469891 0.190478275785366 0.197134461237078 0.111710559296665 0.135470331735632 0.117789644143911 0.10268345634985 0.136504194846799
0.0669025826341792 0.0679303818268379 0.00487120428187371 0.0104835578354484 0.256629250423483 0.255618670916096 0.207619794891702 0.129944557190379
0.039912336322624 0.0634349982206172 0.178244342490058 0.101718756476722 0.11919142137991 0.187392583784061 0.179461814640712 0.130643746685296
0.0829150701835758 0.0638630439284638 0.0876740206301139 0.125233098200557 0.225445962396865 0.154053751927299 0.0764982008788197 0.184316851854306
0.00822197336637741 0.22867883717071 0.207412414218658 0.0333604276554542 0.034500462396972 0.163281450204433 0.203740142365244 0.120804292622151
0.0556647254866959 0.126586466903586 0.207189567961138 0.0995181153528335 0.121332680886148 0.0585374560323987 0.124970699638708 0.206200287738492
0.11661209513875 0.225922897487199 0.0441681827993624 0.143116634088415 0.0758899253940472 0.259642359500949 0.059543727004978 0.0751041785862997
0.17485867491283 0.019400743669317 0.211143726771921 0.0768254187782574 0.0604340283355947 0.187800159005447 0.19324089375381 0.0762963547728224
0.0102645144003223 0.114701212707172 0.234161132607753 0.0780486319097663 0.254376021737679 0.0794731677607776 0.106073735953517 0.122901582923013
0.103165768604518 0.101950899967277 0.0541967062383234 0.128152450912218 0.125908613090575 0.22404340824707 0.129760388018719 0.132821764921299
0.0600760188810129 0.20162883381152 0.0396078935840208 0.0774368389570698 0.068531972166816 0.213788431722649 0.143336085515564 0.195593925361348
0.15861701322792 0.228102387569419 0.106901122149125 0.130655065350524 0.184793113369104 0.074714226230359 0.0516718130804946 0.0645452590230533
0.127798075281055 0.093346856854669 0.352568626087574 0.0251449881412133 0.108071343027898 0.0699027735541277 0.076740841693425 0.146426495360038
0.108159926092043 0.253204200486124 0.159954125485702 0.0987061670719728 0.0806241044140602 0.00424903833779828 0.150800171915994 0.144302266196305
0.131974614186022 0.0510939973019888 0.188306842195744 0.155703006361847 0.143090808355404 0.00918747148057953 0.151717811587508 0.168925448530906
0.0777840849498678 0.112727509995515 0.162069844470954 0.209313341547265 0.174522767173158 0.0195525087328805 0.192228786513497 0.0518011566168638
0.159804085868939 0.0471055212099974 0.166386518530613 0.00373661722448305 0.161467560409734 0.217219514678641 0.184019830690252 0.0602603513873402
0.195937788404594 0.221359007479611 0.171939776203401 0.0466098818242515 0.143649949182847 0.00403225628268481 0.188205877559451 0.0282654630631616
0.173698998630068 0.171292942645597 0.0840573602282886 0.12184324583889 0.0816874474009995 0.174674591904621 0.103070775311034 0.0896746380405025
0.216049859189726 0.257443596216554 0.0323991685455177 0.242703711963186 0.00501849662831602 0.0254554374106806 0.0377469740399044 0.183182756006116
0.32177141245785 0.0163850093145769 0.0564223584758198 0.0337949363959415 0.134328600479217 0.273942674792649 0.152745032890516 0.0106099751934291
0.268353610664406 0.135817593039919 0.0853221074183881 0.0536164762583203 0.0825628674928372 0.138562270265788 0.00254475882401549 0.233220316036326
0.0116849944371144 0.200311567168859 0.17315719953928 0.133057407607503 0.150545124013375 0.00143251939022299 0.153899398578093 0.175911789265553
0.0746487313147359 0.158707403059951 0.0528569605751794 0.218884945193363 0.180751537817787 0.137375898214934 0.0587572713566835 0.118017252467366
0.14282010597851 0.0971901505677568 0.149526458743543 0.142758788029019 0.122507859037948 0.0851209426615251 0.151895352355709 0.108180342625989
0.0219997601396494 0.14640735864474 0.210823982624938 0.183302636108293 0.112737053510862 0.204000067502736 0.0906473342384457 0.030081807230335
0.0937615449758967 0.0675439204157245 0.140858589970194 0.061408310842458 0.186208528725301 0.118951130064599 0.159481378779735 0.171786596226091
0.100483014788514 0.173482460730638 0.103309121052304 0.0948735580521847 0.053736647313836 0.177076263146487 0.127499479579439 0.169539455336597
0.0300611275562127 0.0753661973613246 0.11152596143424 0.132458969688084 0.0293407810433105 0.0655771950694275 0.0498392064459435 0.505830561401457
0.0120652373962996 0.229688628618847 0.0467466514558887 0.238666815973252 0.127787508725972 0.0943226186861233 0.113305962788456 0.137416576355162
0.0920038161486245 0.0565535363497504 0.186162240035176 0.143346713769121 0.135277945710821 0.0609907187338456 0.151206937490072 0.174458091762589
0.00160368378042401 0.134465637459102 0.15425855473076 0.271885188250352 0.109889167672022 0.0933125593196008 0.215970388338639 0.0186148204490992
0.100373131275592 0.0818910908853313 0.0428182389557314 0.0980073677498687 0.194966500182119 0.100784840172867 0.339563436465274 0.0415953943132172
0.192698277060372 0.16570702523874 0.110286985044616 0.0838840176254053 0.105197273713254 0.132439797968834 0.0464691078725553 0.163317515476222
0.227712572632953 0.140430431268814 0.109619742181864 0.117060482344159 0.0229981735028147 0.0671632611495628 0.112486795306014 0.202528541613819
0.16731417410314 0.17360059507988 0.16552115368657 0.0492703100339383 0.111573741079375 0.00822773755231531 0.161136096524322 0.163356191940459
0.0745024683212811 0.252249395187667 0.156346091807657 0.237575634856469 0.0640483198347805 0.0146588079164006 0.0148531063737905 0.185766175701954
0.160355399540645 0.118360322658431 0.172712479741509 0.195457410976102 0.104352101251322 0.0883498646576962 0.034373447211998 0.126038973962297
0.182588852178706 0.167589843826599 0.112152471477325 0.00271945826906808 0.315691865784299 0.0835577991082111 0.0343621117816856 0.101337597574106
0.191171440168044 0.0106807986914878 0.0560442591935768 0.0573608963133627 0.150034294343973 0.172956509244168 0.162815855073194 0.198935946972193
0.278609278620308 0.0711449725848191 0.0237786442337645 0.339007696798337 0.126636596841498 0.100046416368726 0.0236057055353771 0.0371706890171709
0.15994447182488 0.133440743060887 0.130796100880065 0.151228226101111 0.101500841731897 0.10086489072397 0.0475970429150627 0.174627682762127
0.127234549485716 0.0741184907473375 0.0773850864624191 0.0744007626825394 0.142063631869434 0.1733329305242 0.131701465999514 0.19976308222884
0.0370894570685779 0.1000926700186 0.0646275038307834 0.14405067184695 0.21793894234781 0.269102467931536 0.130684115184743 0.0364141717710005
0.0163158791062291 0.197205155379153 0.136194714778666 0.0803223697542882 0.0312432043063352 0.283845533356983 0.0828517822691692 0.172021361049175
0.0773745284244693 0.245965481938294 0.125277626525391 0.154362841506472 0.100772447577065 0.0337108604817774 0.21303217856706 0.0495040349794715
0.158041289711024 0.158087684692985 0.179083563199682 0.104408667410047 0.0250511961326779 0.145974405598898 0.138208036457384 0.0911451567973027
0.0438276188701664 0.0579845981025133 0.0457325633303193 0.188232576299579 0.0590483192541461 0.140127380847469 0.287457566964024 0.177589376331782
0.00923250244192339 0.156558182410296 0.0654477819310582 0.21426276941644 0.227785456506248 0.0054517927429302 0.235208830860934 0.0860526836901708
0.0585732560397669 0.129641584831243 0.105403819903813 0.192323011708069 0.0918445660267887 0.193220963760629 0.0212270292898343 0.207765768439857
0.143913716621832 0.189755641831668 0.0657988887347667 0.0810178717845485 0.203529599890146 0.0835948436371275 0.226522384599087 0.00586705290082392
0.158170745756369 0.0299696436073033 0.133126161507593 0.11696019727713 0.145913614038704 0.151853385864926 0.157815731365874 0.106190520582101
0.165783558703536 0.186402232154259 0.0172812067605078 0.159974026383317 0.165406220414865 0.0385533255657573 0.186515714854094 0.080083715163664
0.0275828591351172 0.215460388747323 0.163867163912504 0.0254324590912589 0.222133149261912 0.124038757728614 0.10119637551161 0.120288846611661
0.0174061638832515 0.253612804908642 0.132082255098849 0.270454075066293 0.198699844902674 0.0107004336378728 0.0976177905243444 0.0194266319780736
0.265245017833774 0.219623830090432 0.0178318149166019 0.164371916622557 0.0408933513970615 0.117262599805039 0.0916477924911236 0.083123676843412
0.129224463433513 0.190966510494772 0.104627273229877 0.157502598927605 0.194668495719054 0.0436637024324875 0.0819183888435139 0.0974285669191767
0.116506713247087 0.107969446573535 0.124527344838947 0.0964744767623056 0.129461664909078 0.0684211507627977 0.173437001617347 0.183202201288903
0.164318584052392 0.173258178743832 0.0437490436332144 0.231693897089478 0.221383039024116 0.0541001666232028 0.0158143267769141 0.0956827640568506
0.0323620801422244 0.165015118052104 0.175741610215758 0.157124239007898 0.0451209539787479 0.192022885229445 0.0952122745859993 0.137400838787824
0.112439194878082 0.0774590110762218 0.151477397317328 0.16671568803345 0.129435666542202 0.171200563049062 0.0943368324013217 0.0969356467023326
0.0769150292426454 0.146681504988905 0.0720724371222366 0.0980632560267022 0.210638803949057 0.13405518688564 0.13634042655146 0.125233355233354
0.108670802546095 0.159326741718104 0.164516852848063 0.130799704006006 0.018563305247426 0.170023447825673 0.166818528121116 0.0812806176875166
0.244330986445607 0.0876384854961916 0.160710310115689 0.0447749632122786 0.231721691145314 0.00269561708640924 0.196172112280457 0.0319558342180534
0.141344247287831 0.163339930278272 0.113728984951546 0.0980503704374681 0.166985336052378 0.143327683419009 0.117646070531945 0.0555773770415507
0.0238468763026416 0.0547401001847776 0.176743161952479 0.278196948434212 0.043122446493776 0.200248585286374 0.0540728061944375 0.169029075151303
0.0838950650275106 0.211176923479149 0.214707182783818 0.150463178002798 0.165977790748465 0.00932594427581238 0.0379886584682743 0.126465257214172
0.0973387518941163 0.0761889725786643 0.266692086103891 0.043453390265359 0.0762953840738993 0.199602160886474 0.0563739821078167 0.18405527208978
0.240014049821898 0.0185476839278331 0.0384018468468592 0.132105514883 0.232199858861401 0.00356378489250193 0.118645018342252 0.216522242424256
0.230873865515874 0.105086392812555 0.082367138759764 0.00100176538440865 0.163539023551893 0.188719817853046 0.0439948521082345 0.184417144014226
0.150727563404038 0.135457640581556 0.10990143008035 0.15740472427057 0.119325103208254 0.173474123972465 0.0946061601343086 0.0591032543484587
0.146244418644351 0.101180111221864 0.134234848836635 0.133338597073204 0.119201722132104 0.110551274869384 0.131487718305543 0.123761308916915
0.281416865935099 0.109789468684356 0.254745086259808 0.117251181675589 0.0231430015601366 0.0723312387419301 0.0197919048196983 0.121531252323383
0.271609129166844 0.0467496898949318 0.165039997316065 0.28088273619754 0.108277603530575 0.0320577045158375 0.0562606041922476 0.0391225351859591
0.195404971821683 0.208046411447591 0.126679456222606 0.00647631901653902 0.139258710710176 0.145920370355923 0.131799567235809 0.046414193189672
0.0733382484365829 0.0701321176552995 0.0702211736212144 0.219541867836323 0.206379653046079 0.013196131381781 0.106746064054587 0.240444743968134
0.0696391710764538 0.0974224454749034 0.209647268100247 0.03120206528366 0.251644539575337 0.138276499437948 0.0758885693203021 0.126279441731148
0.0492982425697094 0.113805155804848 0.0583097247863092 0.205593667405877 0.149186175740433 0.155469310953583 0.0574688517202176 0.210868871019023
0.299975450302517 0.0147287054941321 0.212989517470608 0.0261028195497223 0.113869402437177 0.0736350670322589 0.0701104924582309 0.188588545255354
0.08166129288324 0.117710518273831 0.17600828537532 0.205977777979661 0.0497697550052502 0.163543547384122 0.0109399690883129 0.194388854010263
0.191312476605505 0.067072727839504 0.142685025971303 0.189274824740962 0.053396730099834 0.0506056981534205 0.147463885056282 0.158188631533189
0.0316861143147058 0.0940101645583087 0.10603393090536 0.104243400126566 0.105380749189061 0.134371522041097 0.191023653461484 0.233250465403417
0.189795658302845 0.265426139495542 0.100295407796807 0.0875748749555206 0.0167813489797832 0.0782494436132751 0.180988802228823 0.0808883246274048
0.0539269906824714 0.0712877671864168 0.440184302960713 0.0862124157386188 0.186704867612801 0.13515972473705 0.00789664929890489 0.0186272817830244
0.215740409360231 0.139375165653975 0.145157709896648 0.159631128304326 0.0923428340470891 0.00328461378681605 0.0317439759672153 0.2127241629837
0.0862492240522085 0.0840797640265915 0.226331400111671 0.021323256439349 0.0913542484937264 0.259231537867618 0.13065574941281 0.100774819596026
0.0481458145584343 0.275469234713282 0.137156035105939 0.181685206944937 0.0457599891342671 0.0160741558504081 0.239246140261066 0.0564634234316656
0.0786647194613483 0.10602369381194 0.14005350603484 0.146878878176734 0.175786918214375 0.240782458706042 0.019746579783734 0.0920632458109858
0.160939435600737 0.181097660195325 0.236514378978473 0.162628818697613 0.0773395832656869 0.141716448606018 0.0170994237330944 0.0226642509230527
0.190603274734467 0.1829833008372 0.034685062460345 0.0593280187822343 0.036620415929243 0.143223515867724 0.288896187390611 0.0636602239981768
0.0703623828007278 0.246403952948075 0.0725407155996799 0.123289631525769 0.0849727350165987 0.0619310888484173 0.213586862286892 0.126912630973841
0.185829288121877 0.0119157701265461 0.0206693885973817 0.0465259327624323 0.213224333578127 0.129476859223637 0.156278695286124 0.236079732303874
0.121800969086939 0.0546488417406382 0.206168811606796 0.0898775553705937 0.0984302009906975 0.0607053643112318 0.1713735673181 0.196994689575004
0.119117949806135 0.205684093365945 0.177816214005066 0.130427414584211 0.141686777483948 0.0386369934432329 0.0896000347951867 0.0970305225162752
0.216618576536723 0.0329161123440614 0.0915460455687339 0.11447803534248 0.212589342460709 0.101217010164686 0.106769435063332 0.123865442519274
0.152676561346356 0.143953301477878 0.0843692158154541 0.11699051974046 0.123672269818613 0.146214830724176 0.159349763948148 0.0727735371289146
0.069789703719857 0.0444785307817281 0.197659155113462 0.112313274908258 0.066358866902209 0.323961047115167 0.145828800908474 0.0396106205508453
0.0915878137964791 0.0424625189417676 0.196238536734463 0.121469917193507 0.0242563926975149 0.247198904591187 0.0662017647794635 0.210584151265617
0.0976016811384977 0.0762454248078584 0.215323285278219 0.0405546148890399 0.151115038876105 0.0616159566494746 0.164565688411548 0.192978309949257
0.0498456544768788 0.0396596201878413 0.107919895121066 0.163978503402022 0.146842379569808 0.247378196138048 0.0693928576045258 0.174982893499811
0.159355388815361 0.0751015218904795 0.148801154974977 0.0434363789131508 0.118448376796685 0.123417726430399 0.205202356747368 0.126237095431579
0.0166557466070938 0.0540860073439902 0.040859596065536 0.142818584504193 0.0920691203236235 0.18715372842799 0.251524811398477 0.214832405329097
0.220466393560885 0.0862547859635217 0.117127957631365 0.143954206637505 0.0545970803865669 0.172286317376526 0.102410950105351 0.102902308338278
0.062830322356211 0.381609711141512 0.132143850975874 0.0123439436947259 0.092932956943209 0.060267519357696 0.0734905656767519 0.18438112985402
0.150320017690858 0.176492879213406 0.195605825212196 0.0242070316785887 0.0719864184465143 0.149907297658277 0.179898606946677 0.0515819231534836
0.168984565700896 0.0729130687329475 0.181130661827625 0.110381982762029 0.172270904179471 0.173987476544132 0.0106941380457948 0.109637202207103
0.188658514744351 0.014704928553135 0.236825910488276 0.234825740894378 0.025186933638324 0.163511776644939 0.132500624018845 0.00378557101775239
0.198109719900264 0.116007229415375 0.331974025847993 0.0639643042126959 0.0177854228197864 0.0447167809818273 0.155911877636899 0.0715306391851604
0.0239387772172502 0.0918065416396471 0.0697483831403331 0.353138692820701 0.123837431606947 0.0937743939963215 0.0031171690245591 0.24063861055424
0.108477866481514 0.0748710413535364 0.165896175179736 0.12542707958334 0.0982274842369231 0.147189031571752 0.139276751535088 0.14063457005811
0.108363244770039 0.153299261584215 0.260943101392068 0.180487669987827 0.0292162671662234 0.0436997064908386 0.0262759497773872 0.197714798831402
0.0240162571923017 0.133345899104564 0.201393788399563 0.134593724928946 0.159001680659562 0.280597178674181 0.0509699282740647 0.0160815427668187
0.189505636246954 0.0257983746253141 0.188760808433346 0.165962908120216 0.111008757187767 0.0601981156238593 0.158024390908635 0.10074100885391
0.169149677764048 0.163914364288293 0.110155168053134 0.000911288449421315 0.166277248870113 0.169468107765609 0.127031147339298 0.0930929974700845
0.00679753935240613 0.00989236676165019 0.223709506194046 0.119869399054122 0.155194822389644 0.283327926073264 0.00503925048335937 0.196169189691508
0.0890085975815216 0.00052849954837849 0.195656075069872 0.204049783493698 0.158231070676275 0.105364255412752 0.144777405672128 0.102384312545375
0.0180217916347987 0.181608317530665 0.141081469867281 0.054277366832528 0.117869545009057 0.0471212382765233 0.231638533199367 0.208381737649781
0.281279061706111 0.0694596959337695 0.0886959072776455 0.213757991046632 0.146298195778256 0.0999323672837114 0.0570414406899164 0.0435353402839576
0.0957811149776777 0.114188162148816 0.0921078557742389 0.154392419086984 0.182715081073212 0.180292194054855 0.179723252544261 0.000799920339955172
0.0917914571282333 0.240361250767776 0.184374872580576 0.0695245721804892 0.00549036593358895 0.213457363244134 0.137531075765944 0.0574690423992596
0.159969280313408 0.185140136535348 0.134785458395793 0.0378498598019647 0.193380213795202 0.110301678217471 0.0333818598339627 0.145191513106852
0.10737687974632 0.190895891097617 0.072651672990514 0.236492676481984 0.10731147319434 0.0606325267484746 0.0347405890925465 0.189898290648203
0.129815855919753 0.0571326714841776 0.202655615641786 0.0449193056086878 0.191688636380443 0.00395529456057848 0.180012047880606 0.189820572523967
0.216001877502534 0.081172529749642 0.104074953268703 0.168337571767442 0.0172290690483291 0.0909667183814771 0.161344440653182 0.160872839628692
0.104586485906433 0.0911813296536112 0.209800162093715 0.150559041229277 0.022950170069269 0.173462232992356 0.15209105493886 0.0953695231164776
0.0920097544582257 0.233993006126406 0.0134548767087165 0.0657901997023947 0.177027349171476 0.234352679811151 0.0472462833331598 0.13612585068847
0.122895292365816 0.095114253238436 0.16240754985247 0.163075149953359 0.183148570705625 0.0741009294535659 0.11201345762308 0.0872447968076473
0.0294632679381753 0.15634887557139 0.0669000261970218 0.187433612768815 0.203897273084346 0.107817007899282 0.17318611750407 0.0749538190368993
0.0747923096587872 0.147123936186259 0.111462983455354 0.114075880436975 0.0845439509497007 0.0903548861040316 0.164006558810801 0.213639494398091
0.185333027166621 0.133579267543745 0.240414595577253 0.165962415286141 0.0605368106901013 0.0422473230327119 0.122799689260565 0.0491268714428618
0.170155038631901 0.207041730636857 0.0477590289068264 0.147752962485306 0.108570820600331 0.0614487318071287 0.0560471506900425 0.201224536241607
0.110088485587192 0.0176101810064904 0.159276522146007 0.210455503658224 0.106861950787808 0.213577599432852 0.0772396499826651 0.104890107398761
0.176055884911429 0.0129747872803394 0.00300588570398128 0.268146751787534 0.199793004440473 0.258056383993779 0.0211012256938662 0.0608660761885982
0.189703253731577 0.15045230283725 0.165829473998485 0.036039341474462 0.127859262374724 0.270129802655562 0.0575528811667746 0.00243368176116643
0.230298163934987 0.20275894632677 0.0699753609588046 0.106890681522646 0.103662891273504 0.142326528245961 0.142223491528011 0.00186393620931668
0.0149988675909832 0.0114439105481314 0.22650435960115 0.0115080199973134 0.259259075441348 0.150292030857647 0.153757064600461 0.172236671362966
0.0599372856213409 0.164934968801832 0.215576125740084 0.0386691243058789 0.171144064686012 0.0572182272706397 0.248174492399763 0.0443457111744485
0.0274058482517316 0.165443503322653 0.222929173195636 0.0479222968513547 0.145862949799146 0.0629543958327805 0.175722655404228 0.151759177342471
0.0501224365289528 0.00322256115430175 0.223488085403333 0.233728826037847 0.146502965963975 0.137330422139509 0.197136219612729 0.00846848315935328
0.0694368754738863 0.216679141914948 0.207508841826949 0.1952360831361 0.0627950435437828 0.0724973812808185 0.0708682507146521 0.104978382108864
0.0910169408757041 0.187326001580844 0.0291661048434862 0.14762090218605 0.109062323730302 0.165349417749302 0.121906834552828 0.148551474481484
0.123953991958444 0.0837669626546567 0.0688846815390414 0.249940562917307 0.0628078005308972 0.130158963142124 0.166245575058102 0.114241462199428
0.0985918941811239 0.0482264989340492 0.0187109977874136 0.323146579765649 0.0163936707649595 0.249831223868874 0.0263791815367427 0.218719953161188
0.00783859888283073 0.255611240061109 0.217138893976424 0.202629702373024 0.0290821356564237 0.0275688294355034 0.235400308099785 0.0247302915149008
0.162156019963972 0.122124754039202 0.162822041038511 0.140879308054891 0.0304562912334415 0.0131570431753012 0.188532429545803 0.179872112948879
0.0413165038475879 0.0184751056231311 0.159537660159114 0.0789189674531948 0.206880816129789 0.180188462022274 0.117574260085288 0.197108224679621
0.09735248232502 0.127829469408239 0.132333853058349 0.108540451874283 0.137856859169636 0.162105016223455 0.0724461405401011 0.161535727400917
0.163016574933252 0.209440914143351 0.0694153427985657 0.146370270664381 0.045606343984819 0.197628181827978 0.0929235114625331 0.0755988601851194
0.103304051614194 0.250955391539012 0.0145809284453909 0.10058411542056 0.211839043748594 0.0117899147964867 0.14571724154431 0.161229312891453
0.152384249939319 0.145340527784637 0.159540800650853 0.106019310659878 0.122571076439703 0.06274573414073 0.12419409488194 0.12720420550294
0.0303411772069142 0.177039140720487 0.16329650697345 0.127098065501238 0.187473543763111 0.0664051468755515 0.119180596823874 0.129165822135374
0.168574175006437 0.0887872211110052 0.164411870773759 0.174977389985543 0.125332326981177 0.113371934010768 0.0914209420311172 0.0731241401001941
0.121165565306909 0.0322843282655776 0.150723344621455 0.247665264038219 0.0341789716869815 0.175444490007451 0.0969411581540661 0.14159687791934
0.0513551212723033 0.1864928936495 0.0598217268493895 0.164250270956794 0.132137776298978 0.126020816432553 0.0232696324420065 0.256651762098476
0.00350773117508817 0.276196710552067 0.00677268359115384 0.15343524980915 0.189031212519859 0.116557401893015 0.0486709211954863 0.205828089264179
0.105324463234628 0.0112856077415841 0.168991831553332 0.144942746351969 0.269699705226295 0.0328377611985766 0.258018461156357 0.00889942353725975
0.00535104864216361 0.176276569901761 0.149636461673228 0.183857831470312 0.0277663892902726 0.160327295437197 0.199772578180658 0.0970118254044085
0.268114715616448 0.153467889254617 0.0166529253320063 0.276592893705568 0.0139546914184222 0.0551278431974853 0.102334819412499 0.113754222062954
0.180287370330439 0.196188153215197 0.0278047482328851 0.128109444100801 0.105030281904607 0.115535443100973 0.188607077790987 0.0584374813241118
0.0904262642348241 0.291241246784594 0.0379670757159714 0.0329968362836862 0.0757734896976214 0.00766609333126502 0.301667246195737 0.1622617477563
0.124080117150833 0.0797109488767606 0.123909835723557 0.0574760236722968 0.1831233167644 0.162724805670962 0.182787428821715 0.0861875233194756
0.0721993784620324 0.119268290573494 0.147507094170746 0.166135656214416 0.107668320326655 0.188130851761477 0.0384200750149712 0.160670333476208
0.144422593903739 0.121774591614609 0.14491454936423 0.0527135611883427 0.113226207683254 0.0400984850899727 0.141967986872474 0.240882024283379
0.0246067839350035 0.20062372389487 0.024340558016569 0.090059810577168 0.15577410258841 0.0853861488270102 0.173000976699654 0.246207895461315
0.0714895766896172 0.14200812557592 0.16361843113847 0.0662110690882026 0.125362340525626 0.124458102330237 0.150859378868708 0.155992975783219
0.128350980358862 0.129903636839109 0.108933743820181 0.155769551726142 0.121533840286456 0.153790538283947 0.162652570546728 0.0390651381385739
0.0333457122552922 0.217095985973748 0.243866914394542 0.097225451357617 0.0509870544978234 0.00800150921381979 0.124011535865741 0.225465836441416
0.125196244882887 0.037211423618795 0.0794485642276964 0.0782368873554842 0.271624295849896 0.159633819263708 0.0759738023249454 0.172674962476588
0.150531800531897 0.111152263428777 0.21101564891139 0.180740353244287 0.173625057625785 0.0130747978728871 0.123514582244402 0.036345496140576
0.0936589413181655 0.145257992250136 0.0209483198447391 0.282309872252239 0.0156706547213124 0.0466074104291564 0.107499559538969 0.288047249645283
0.302733525612309 0.0658043171039854 0.00327302333930155 0.0336179501408384 0.0705432716588999 0.0667311507470426 0.1661586605879 0.291138100809722
0.0153859619291418 0.0900850150537191 0.15075632816058 0.172288620667715 0.0539077495000677 0.18377326421498 0.1503871596642 0.183415900809596
0.134411726917092 0.0482959729293928 0.183619596935069 0.0201110750895995 0.358714952194522 0.169251303350031 0.00196885080950588 0.0836265217747885
0.0116732881419658 0.167941004430119 0.132317133657751 0.0805441489704932 0.0163139122988148 0.185170384691955 0.226135466660803 0.179904661148098
0.0855210022381554 0.148632385521404 0.127921925558366 0.073354214311219 0.114225393994382 0.163099297306804 0.168684517496676 0.118561263572995
0.13053205967747 0.11139434976616 0.167666511018654 0.0491904756043088 0.200768425382833 0.155701828498549 0.0532795973633976 0.131466752688628
0.141575412396457 0.119003300554022 0.100346249775927 0.153603488602601 0.185405256968387 0.0305637094515127 0.117805944691358 0.151696637559736
0.114019987115824 0.175336094900709 0.216164381233938 0.0289509283410378 0.289890666630622 0.0570392832834584 0.033810500998046 0.0847881574963644
0.170740082195089 0.047503086186125 0.110956838720393 0.0462800108265905 0.173428213125281 0.162531583358777 0.114969956826077 0.173590228761668
0.164107359302916 0.195363565480223 0.201331895465521 0.0170944946324964 0.199689232359259 0.0873319608828274 0.0561475250455519 0.078933966831205
0.0935512861213179 0.19473343416239 0.161673528888371 0.149629741117962 0.100568550232697 0.112358891904409 0.107908984701743 0.0795755828711096
0.0295071472693941 0.0822372492460809 0.224391517567415 0.228029608374762 0.0520999708656356 0.186897676807764 0.145725937278317 0.0511108925906322
0.168229393455116 0.184232462152171 0.200613929170455 0.0591219140967146 0.0486978746584429 0.094073240982783 0.0719109303098917 0.173120255174425
0.220534716241167 0.0117787001308347 0.120186306065671 0.105160509924817 0.0807660282493674 0.0955658154751918 0.167773927389759 0.198233996523191
0.0132839249160699 0.119786531786124 0.178393395254267 0.170398504106706 0.0637102761932517 0.160428329435421 0.175363880525609 0.118635157782552
0.0783546485254221 0.150275303522702 0.0578694403333988 0.205215980719574 0.0553006064923472 0.211957989711334 0.0300583774839505 0.210967653211272
0.121696362919035 0.287407563799361 0.0428550722740562 0.236399829852568 0.0341022432112324 0.11645026730326 0.15754662641895 0.00354203422153718
0.0806229932835046 0.197423256497715 0.217187570318909 0.0484850145027725 0.198535139297258 0.00757819705280069 0.150302536534748 0.0998652925122919
0.0204897072847674 0.249433934494089 0.226190869193569 0.208674700950899 0.0927665923082813 0.0501911810797362 0.0913345124870715 0.0609185022015869
0.110906408322587 0.184545868417188 0.196848022900808 0.164251254657229 0.0232357743260435 0.0612873430035203 0.163166645808623 0.0957586825640011
0.0613156638765164 0.134938698808404 0.167388534962274 0.0965501741228035 0.150972418523631 0.147215923607231 0.141087695592716 0.100530890506423
0.153074959243345 0.149849716759112 0.139980697558584 0.155713198825986 0.173187252499675 0.0431044692870028 0.0923375985037802 0.0927521073225153
0.0567324612429855 0.183577168129612 0.18926937761358 0.193054469163636 0.027909513099238 0.196416375696885 0.0463095451214457 0.106731089932617
0.0369094541648476 0.302885364422415 0.0530617466289301 0.0767203129668307 0.160168354302393 0.155949082709186 0.130326378699838 0.0839793061055598
0.213191346529492 0.0342870794392224 0.131284222224853 0.0176604449638071 0.182572524332291 0.19192088641357 0.130470857607723 0.0986126384890424
0.179644261944883 0.0537593863033612 0.183571243295375 0.0866379922561419 0.165288052335797 0.120945325976898 0.0381499075465566 0.172003830340987
0.0925796657680926 0.0800004656872022 0.158599960911031 0.204247049117168 0.109823996181923 0.0952283032667866 0.0529642933523114 0.206556265715485
0.204481778269806 0.20395324570995 0.0446761609803066 0.0459146155129119 0.0539343019783519 0.0757759698284302 0.208315120775296 0.162948806944948
0.0642350019639585 0.331422331195444 0.137080778870165 0.0554540119504639 0.0393363338099438 0.0782516465180099 0.139249764421436 0.154970131270579
0.25550271173584 0.166318884352248 0.0977737764363019 0.0780302452776524 0.0690574086926003 0.0773455847972686 0.193820537598694 0.0621508511093949
0.00613265151088887 0.236844700928539 0.180580022645081 0.177216965795018 0.00197781199556586 0.0720518161093749 0.219724831074949 0.105471199940582
0.0870799584506169 0.169414355818622 0.066974449068186 0.19825478454386 0.0126435732771847 0.160567605187276 0.1038925877346 0.201172685919654
0.213864671944345 0.0194769098605359 0.173133904681852 0.167346147770073 0.0281926963610397 0.224536288519883 0.0291946057261142 0.144254775136156
0.165376749830499 0.0635937805341863 0.0227296131714388 0.177719981748469 0.0706315403289208 0.156313417288375 0.165634244093497 0.178000673004614
0.0182816678014322 0.104733509052533 0.143606585493451 0.157567478789972 0.17547874916624 0.138375891772539 0.181804164040662 0.0801519538831712
0.166352785848078 0.120344032457135 0.150668014711833 0.163352927859909 0.161252118363705 0.202114190815559 0.00595966112370225 0.0299562688200779
0.138792821337945 0.0706173567019045 0.0483853473891896 0.072295840621144 0.193796788520704 0.158632980909958 0.155392142904323 0.162086721614831
0.135401606755271 0.248945785438982 0.0910352568914837 0.225109184658139 0.16175668507243 0.0612618235370012 0.0394409885299977 0.0370486691166951
0.0943622520705983 0.0257274777992618 0.156882777090296 0.0452194294809649 0.21444867491668 0.176105971220724 0.0738588434029024 0.213394574018573
0.246007751513047 0.0786949485340893 0.159642495460937 0.0622615867233271 0.0229895459571671 0.103700837037374 0.0668495414768187 0.25985329329724
0.147647121875117 0.297603289301429 0.0497720051042609 0.00747351176688925 0.00313672428545842 0.231146323012664 0.0312993049633475 0.231921719690834
0.113504974432772 0.167215571165619 0.125154742691814 0.186999651031639 0.238713752131738 0.0923809197504338 0.0324488773246754 0.0435815114713087
0.0311934421393687 0.00604274050196478 0.181086587399599 0.199518057543356 0.147395747753329 0.136798024061149 0.0947282045510322 0.203237196050202
0.201443547656964 0.0746695313480746 0.0606453418358023 0.0793922979005693 0.176515288967815 0.172447552928513 0.147288059283094 0.0875983800791685
0.107991096866663 0.192171186894681 0.20537915058271 0.00554148532319801 0.0578989650227813 0.0745631213175258 0.200244232982732 0.156210761009708
0.189906940769013 0.159699192947515 0.113034886879476 0.0853585716876565 0.0370976493621091 0.0328156156815024 0.183044086643931 0.199043056028797
0.111874067812167 0.182000545876295 0.00445279232440326 0.174422234077629 0.10224450393511 0.199664646545593 0.161931788913718 0.0634094205150851
0.0046551204681102 0.224608400087175 0.182727395882433 0.020052799791844 0.00533943886450719 0.240112690107536 0.0680474912165912 0.254456663581804
0.0670496225538317 0.208055851602865 0.168630400358568 0.0795137870999933 0.226198354638736 0.0673587069922114 0.09032762452649 0.0928656522273051
0.128950437545915 0.181333133972004 0.0946356534434548 0.051829633640889 0.130060122153407 0.145343996471627 0.161868085070646 0.105978937702058
0.138134616362044 0.21640965191138 0.126811637813469 0.213636988272632 0.166548655383123 0.0830805784831173 0.0199164872239186 0.0354613845503166
0.176180819957098 0.0434676842232181 0.0470664476477813 0.201770920100758 0.199657158200907 0.0845756886789086 0.149676692187417 0.0976045890039125
0.168891038271941 0.167863869728189 0.0767851095705359 0.23547167566258 0.0181037653405178 0.0344784156973259 0.295038739556324 0.00336738617258656
0.13779694720285 0.129256559412619 0.154677779449204 0.280476261736941 0.12928383975511 0.0646680493079391 0.0929189567880431 0.010921606347294
0.164895257823687 0.16329039548555 0.0442335217882782 0.202917371048851 0.120800307364262 0.123286538243588 0.0629214177490166 0.117655190496768
0.170823275086817 0.0876736882989467 0.140438707792497 0.12521260814785 0.0370891018818973 0.182162556412477 0.173095423889366 0.0835046384901491
0.090830913508632 0.0560546556407402 0.0104503271864725 0.207760685661862 0.12109475957721 0.181800243229145 0.0737547656405382 0.258253649555399
0.313201535611042 0.148282962434561 0.201050022527833 0.140140059210831 0.0755396858552093 0.00376587433025944 0.0939824907405145 0.02403736928975
0.178419587760492 0.103895974874015 0.0846460813077385 0.104849657928285 0.200785180310726 0.170014882464872 0.145723544365192 0.011665090988679
0.150067643255747 0.0864739133840682 0.179264787641531 0.17302365873197 0.15644022087243 0.0565820103934199 0.0768083762974319 0.121339389423402
0.129067253826763 0.0290780658415895 0.231077095436131 0.22763943326503 0.0461686855482432 0.0522255731147568 0.149611071648101 0.135132821319385
