0.135875306632773 0.0964039433091407 0.136371590399413 0.117656461702391 0.0933348442479143 0.00534665535511411 0.0790623353179095 0.118374541093749 0.109654445507318 0.107919876434278
0.083729443331015 0.151935222175191 0.137690632055213 0.15899265277496 0.0201542251879856 0.158458201950135 0.0690474941844529 0.00912757404135837 0.0686796769857391 0.14218487731395
0.109223457386063 0.143102454148005 0.0800241486359025 0.0891643642303537 0.039638988253484 0.167119055720405 0.0524618398821194 0.119067969814734 0.0631502189333406 0.137047502995592
0.0656264922751864 0.0515625856769193 0.0740082986134515 0.0471581934702581 0.112292092831861 0.113919900723251 0.114163658542294 0.1837894367646 0.0390031726343478 0.19847616846783
0.066750847967574 0.164964500160614 0.0579949230361213 0.0702893126499464 0.0749180667125772 0.11376021288229 0.0550319919020155 0.128902361155809 0.176818518205029 0.0905692653280246
0.156498387319179 0.0862401109971819 0.0602453007141648 0.148420653754531 0.0845600126651228 0.120636446497922 0.131738434055825 0.132108706211324 0.0216944122225061 0.0578575355622431
0.0520460534384218 0.205737282944985 0.0231657279122158 0.0387747189274015 0.180926062840937 0.189436703149092 0.0247250644317417 0.101999516050197 0.0303933649735493 0.152795505331459
0.088785751756864 0.00579612711108063 0.141681994360993 0.113968863527887 0.0415334358319392 0.128826155731013 0.0331206551263661 0.161731837701475 0.136311071392791 0.148244107459591
0.0587870610099941 0.0722164148142394 0.132942744820001 0.00872577740528318 0.175598049685523 0.0871171446943437 0.123897333128483 0.157706580277825 0.0434780014036949 0.139530892760612
0.161222131179857 0.0448152269038749 0.095402192945657 0.233113789921374 0.0809085512434327 0.089204924023331 0.14900798867614 0.0435161116043168 0.0961249013509823 0.00668418215103415
0.259118683152225 0.0273053182152908 0.207216247690612 0.00482267438272344 0.0110147840410614 0.0239978580946832 0.172124408571093 0.0997179934582373 0.0330002641558776 0.161681768238196
0.0625618894644907 0.166528260619239 0.125662029660585 0.105979766998291 0.0740768675019758 0.13896377672934 0.0410815678625309 0.0997577305041583 0.0228023072923123 0.162585803367078
0.0536026631366935 0.172295401389385 0.168284940717514 0.0354212041058483 0.0744256711276406 0.0467738167701423 0.217044186618517 0.127771583115915 0.0580122026276222 0.0463683303907222
0.0527669689259743 0.0724140886247816 0.155676296256597 0.0499229551491263 0.115564828417336 0.0406294035905665 0.0859731369697236 0.133786047134924 0.130417184595954 0.162849090335017
0.0918005009775169 0.141968499625929 0.109547786289939 0.117032526207466 0.071130086874678 0.134498581976999 0.0394998796624935 0.0665318424518317 0.155643197407503 0.072347098525643
0.0943831014152145 0.0771947770904121 0.125801828480964 0.0706971751770613 0.00825780010321809 0.0518894831303855 0.206154908535881 0.0779137078336498 0.112569502742017 0.175137715491196
0.146086024011009 0.084439649094238 0.0970925420636465 0.108063209016738 0.0522976591251049 0.142496358913241 0.0207360141631738 0.0620503293426265 0.130404662389622 0.1563335518806
0.119818211835953 0.0106781116340063 0.0881661159928612 0.0904251054061973 0.0979259752613887 0.15649904998089 0.162293564342601 0.0559984448695096 0.0857327785452913 0.132462642131301
0.246385981496014 0.0118974464567655 0.163409778491046 0.0855210294458491 0.0278806296515784 0.102155766715064 0.0150841101842393 0.0761592300558138 0.206603111607239 0.064902915896391
0.0800787737415753 0.154018488167641 0.0067194642955312 0.0559236979482586 0.0790375322237524 0.0995664891919022 0.134613503979273 0.140822458402079 0.124746537493704 0.124473054556284
0.0887343884255427 0.150451818718358 0.160773744210947 0.0613320955542898 0.0902390518041465 0.00730895844186369 0.119570021956279 0.0994196382220729 0.104228923404386 0.117941359262115
0.101698606503653 0.087338115726942 0.146737358884257 0.108405285845337 0.010303466785311 0.162457933594749 0.0433536476290144 0.0589932253626064 0.141077472429407 0.139634887238724
0.108432015065522 0.00791212111974147 0.043762790731901 0.151103295597132 0.0074011558936871 0.104289637098308 0.164065565507971 0.154920482011689 0.15072076718547 0.107392169788577
0.038598936012096 0.164986144762084 0.0905748352454035 0.0386860644280498 0.00331239479657291 0.153926615238789 0.136211932973146 0.187070641056317 0.159294160896651 0.0273382745908908
0.0925809308475597 0.0049511850684622 0.0926523836812562 0.117424319712056 0.0139656467246277 0.209002580659227 0.0824362686361831 0.162968842030404 0.0524329778001899 0.171584864840033
0.0554078740660834 0.0229922480366491 0.169832199608499 0.0865674621979523 0.056632124214831 0.0183434255679126 0.1675010627669 0.106884438503713 0.155778993668199 0.16006017136926
0.1516686958482 0.124236869774205 0.143946354021688 0.0333526230363087 0.116341312045531 0.104463476819277 0.120162933794029 0.144098356946547 0.030774191987892 0.0309551857263216
0.0318489191575374 0.0822689797569984 0.144280640416827 0.132660354038821 0.116464300986735 0.147305633413739 0.130692217280475 0.113595351772979 0.0358222309550131 0.0650613722208741
0.148244185985072 0.0614031044260221 0.089167406241598 0.0644163195130911 0.0263364952883911 0.0431981648863091 0.0394493059903065 0.303439433052725 0.222575372275662 0.00177021234082311
0.132513093726937 0.059492129311385 0.0662391786116987 0.0594954900197193 0.15847628810686 0.143917340645586 0.109473638792266 0.0692390636347008 0.118629309644453 0.0825244675063956
0.00970950661205726 0.0460651820432598 0.010774257218174 0.137130309648849 0.162775407773172 0.151776860663374 0.0976542680463386 0.091001062984285 0.133309896327701 0.15980324868279
0.195333555784529 0.093426918414783 0.195724528239409 0.0444996882112397 0.104198189227841 0.0246385703767444 0.0427057994636858 0.0895726047512769 0.086091423488548 0.123808722041944
0.129129968823809 0.179343853103846 0.13017266602036 0.174341838644536 0.0704166043229098 0.118189629191791 0.0237867721325907 0.0407622738289283 0.12952529305296 0.00433110087826924
0.20631589061613 0.252891465045718 0.0649518577667186 0.0446733908904362 0.0454973690004513 0.00673054491098579 0.107187519480511 0.048160479355394 0.211413616572351 0.012177866361303
0.170836474588684 0.122787931017086 0.0259389993147412 0.0818730010337236 0.142663401786295 0.130027623181221 0.0758896014725811 0.000632215489957528 0.117867707808467 0.131483044307244
0.208042231395873 0.0930004991065801 0.0799712841026509 0.128402380191867 0.0115780225163667 0.0545287605147932 0.015567853751155 0.167602911964037 0.0600702282529948 0.181235828203683
0.0648987921954861 0.0401274957532701 0.00326920610945477 0.132870604768318 0.164972078267527 0.155673105948677 0.108230328240301 0.107041956393933 0.115161599900019 0.107754832423014
0.199994307338531 0.136463127835644 0.117496866323406 0.137093073514688 0.101453081949301 0.00147374460245066 0.0196039816565554 0.145058052265144 0.136896849514539 0.00446691499973987
0.0709030732243682 0.0808683113521857 0.0776643773991226 0.0430440411187008 0.247811447935628 0.0939295793610509 0.0653288658854584 0.183307441875324 0.0526693857945684 0.0844734760535929
0.0152001130413336 0.133187454128805 0.0153875100640636 0.18582856368193 0.140386096344071 0.160449370198467 0.143409720840118 0.120178756021104 0.0634078825154719 0.0225645331646349
0.0426548845551108 0.118794861089027 0.0397590717952981 0.163595703982079 0.159724695380296 0.0291536361615426 0.128689292565532 0.138326120027565 0.0211907910277178 0.158110943415831
0.0577545232408102 0.12965652474099 0.0962980529685154 0.0923508778508417 0.0791389242306461 0.0800821317847796 0.175305547227106 0.0169741198061735 0.114549781616553 0.157889516533584
0.1632633559841 0.164934958765785 0.117718381307524 0.0174147085495204 0.0248204450550287 0.1436315173345 0.0433547800604434 0.120979385249432 0.144880880954049 0.0590015867396173
0.156175935982712 0.171704811889393 0.0265119812304063 0.0762661370345667 0.0291751387756572 0.126305432663985 0.117740333165322 0.172209773172812 0.0529662987505766 0.0709441573345696
0.0107026173699369 0.0118622500484265 0.275421343417329 0.0598688904750965 0.115740578658811 0.173983162961968 0.219606924082674 0.00887076796280706 0.0472810885364546 0.0766623764864959
0.0910158193842388 0.00426951818727346 0.179857729750892 0.208173963439737 0.0340016698207897 0.0556423389991764 0.110426492126772 0.243495219174751 0.0459835259139124 0.0271337232024566
0.0197124787094251 0.0365752027516481 0.117168026072588 0.125496209406804 0.130827495141566 0.224520575920816 0.105718571862095 0.00405889547561215 0.0784535400521651 0.157469004607281
0.0589818626510618 0.142926910297082 0.118415057170701 0.194333140296464 0.119138515207399 0.00101217148367656 0.198705289232685 0.041946953742575 0.0850265786533117 0.0395135212650443
0.0559723234278464 0.0743813537263126 0.1453196220816 0.142163259835745 0.123077644965753 0.136833099067692 0.0529874065392458 0.174391057552551 0.0291225252075829 0.0657517075956704
0.139212542840433 0.0465426175754769 0.109577484160472 0.150627340096742 0.0841809675220494 0.0912795423198591 0.0382505300935454 0.12821690472239 0.121077744329493 0.0910343263395388
0.0460082478587708 0.177175050478872 0.0626419995217978 0.0818364106313778 0.131090344090744 0.0555410644933118 0.110038415552801 0.110543222404605 0.063834356470847 0.161290888496872
0.078411452697405 0.150770557731558 0.0524591851339959 0.052481528054398 0.0536093979859563 0.0483598001658877 0.173504933288002 0.166607155760286 0.107116521921207 0.116679467261304
0.038956694573721 0.0725235555270195 0.156158883081006 0.188451315079858 0.150590146276404 0.0864277800906725 0.0125700154628398 0.0573177894998343 0.0739371676319064 0.163066652776739
0.0873974238163377 0.156795773708685 0.116536584719446 0.124160036978206 0.0177411087919676 0.113871702878692 0.129484354287908 0.0635711432700987 0.120828420997032 0.0696134505516256
0.0502451584989611 0.125893998892642 0.125467404771867 0.204099410341697 0.11483781489937 0.0635526512624295 0.122999246441247 0.041059423124479 0.014754758136567 0.137090133630741
0.104944383059507 0.0509938622155758 0.104355110654943 0.229442983857563 0.148547009854311 0.0623579964118238 0.0512483594116411 0.0767775219283511 0.0715245989432495 0.0998081736630336
0.0488564078785665 0.046097540733554 0.0270006590766133 0.185884651778325 0.115352342943684 0.105539796620335 0.104638117220125 0.0440825477381361 0.136777238433013 0.185770697577648
0.20883927643681 0.070180166520933 0.177565410504496 0.0519567948849734 0.00510714842308169 0.0818529778724417 0.0549953724135349 0.0112194387612516 0.130194818848013 0.208088595334464
0.0427147032959547 0.122330374889628 0.0429019461904261 0.0440946032843376 0.150338106397499 0.123239819901517 0.0867956245472475 0.128789156930194 0.144951106549569 0.113844558013627
0.120781795307296 0.126018293574264 0.11964792630965 0.0881443790165352 0.0550536662130175 0.0568841192694819 0.0556215926762391 0.189232857377157 0.0473988451728271 0.141216525083532
0.137146822751145 0.133903091301149 0.127309303787671 0.0183740108409645 0.0521469130100276 0.115228150714161 0.205762113508276 0.147016081163978 0.0545639310500223 0.00854958187260553
0.0461086001350151 0.118090969203504 0.131030362525196 0.136628625695517 0.131191795322769 0.117626165562544 0.00978910832822552 0.0836695124553913 0.155846559163992 0.0700183016078471
0.0689506819171017 0.0442181302316084 0.161109515387759 0.139450702676197 0.109487246749996 0.079999545053519 0.0222276854089415 0.175370543928051 0.116715722499801 0.0824702261470268
0.0638570160493173 0.115648693584267 0.103953500495312 0.0868506721552849 0.207665979400664 0.0604449357832254 0.0326361076293806 0.075490976447086 0.0760137342622458 0.177438384193218
0.212860784588013 0.026776695873971 0.0402997781421705 0.102741237591367 0.0169121602877452 0.125659358237475 0.0912553225779943 0.0177108903696706 0.215516215937352 0.150267556394241
0.117224460734654 0.003733533994224 0.0780575752903401 0.0294480220225918 0.130371365919867 0.0509995373085159 0.217965125167016 0.125947431268102 0.168368161475494 0.0778847868191952
0.115124637997199 0.102656454040152 0.0463746854544028 0.0860333023196545 0.119963816843363 0.0690680394466732 0.0364607982456191 0.131492398613085 0.129950374550464 0.162875492489386
0.00551735957656584 0.193005471286426 0.216888847014627 0.0420253550044004 0.120072604841707 0.000650178995047784 0.128476608610618 0.0392608860394866 0.118532956193164 0.135569732437957
0.0800923747905257 0.0112182497398527 0.109303764818749 0.0349517701766893 0.156083223390151 0.056373559297703 0.0798140595250894 0.194303111991929 0.174698160784933 0.103161725484378
0.105450589757586 0.181486033764402 0.182001761570385 0.0383197176906329 0.102159194162574 0.190509963611713 0.0874536871142788 0.0334543714110008 0.00209602035627366 0.0770686605611531
0.110721796759006 0.113992852544258 0.0937382353554801 0.112256148497429 0.107975312661772 0.121393371147823 0.0462484361767969 0.117371009820544 0.0507565190137221 0.125546318023169
0.172377151558885 0.0760594148463087 0.0698786866711022 0.0811168547905876 0.00506358030823736 0.121237834574567 0.163819166872794 0.110388738544174 0.156067989971511 0.0439905818618336
0.14311780726892 0.0359810983111109 0.190563105313756 0.0600858923633946 0.0506756618540995 0.0858000250995923 0.000753666333234593 0.19655677108127 0.0567952216206687 0.179670750753953
0.151145700089967 0.0330696530677308 0.109441175273086 0.184864081949535 0.0529622292535586 0.0893455054582889 0.114053130639673 0.0762185829016681 0.0112819302474069 0.177618011119085
0.0671571404111412 0.111540147201157 0.146471966772533 0.141845761025405 0.143981670311872 0.0216523699878471 0.0394799529718837 0.140782116312752 0.0668381945177373 0.120250680487671
0.123744536728277 0.0231368848115564 0.1293243807327 0.119610295780111 0.109910665067637 0.109939725103624 0.124614543665484 0.0401294839778635 0.0867473082305371 0.132842175902209
0.166487869891943 0.0375120676783356 0.148766791713341 0.154273885284014 0.0964152183353153 0.0596490361918775 0.14482609620172 0.0568442164936278 0.0715679858599648 0.0636568323498604
0.168891663295696 0.106451118264687 0.141809605029299 0.0291138014978916 0.0867206629828199 0.00229764666536576 0.167078081751256 0.0353560585637852 0.146963644673838 0.115317717275362
0.0301551612428723 0.179268468803539 0.0987294993589655 0.185033934900113 0.0827974262008348 0.065253969379729 0.0349845826352275 0.0225517690087038 0.183060039602868 0.118165148867147
0.119519500907566 0.00575451978915113 0.186258197160344 0.0813818699599139 0.0206607652555579 0.0452752401630219 0.164506432469173 0.0717577054118383 0.230868970092814 0.0740167987906191
0.206306992150399 0.0488025338012457 0.12990448905286 0.108863701685057 0.15121527976268 0.0421490245023168 0.111460977444124 0.0668813817289878 0.0834308993691698 0.0509847205031595
0.11147071964389 0.151943502027998 0.12216600300125 0.138420438449786 0.0119835966226209 0.0628329544075505 0.117828453415129 0.119718226573545 0.0871767881446295 0.0764593177136014
0.150932658506304 0.110110887591812 0.0778897790325606 0.0820310562846112 0.0574256661519446 0.111772202555986 0.0669167483063865 0.0932871737722648 0.141935667049436 0.107698160748694
0.128413956799923 0.184202351571442 0.170072008357058 0.0520300941623836 0.108662812860984 0.0475724861269907 0.132177652198822 0.0934725756848438 0.00946221585768444 0.0739338463798688
0.061514513139738 0.0945817703925956 0.135713479458214 0.120852354203964 0.108313497965716 0.11298559283186 0.139565199549378 0.028378050875774 0.176748267422691 0.0213472741600707
0.175304537698782 0.138897897402992 0.157555674358625 0.0479247128372118 0.0976132603318879 0.108053824566347 0.076936114363291 0.0457723614468628 0.0682961123058999 0.0836455046881005
0.194621382346488 0.0392896979364708 0.153914071309895 0.112542728841546 0.000435036082267362 0.164098003498014 0.0811655356471496 0.0915569027414022 0.147048583789879 0.0153280578068879
0.0983466605211126 0.107866352269623 0.0283186183522933 0.109320868566035 0.107383418789764 0.0984101710981279 0.128693983389947 0.105463989811064 0.138928153726688 0.0772677834753445
0.123808872889261 0.144127033934835 0.0335539583864574 0.0957101069122834 0.116229864286785 0.114688398366888 0.0157976670825091 0.178222081867593 0.152899412573483 0.0249626036999049
0.0355695922705773 0.0947583143850792 0.0976068659778689 0.00309662253229456 0.0835814208538571 0.0589076310918586 0.172875547770054 0.0953176722059579 0.177858647105556 0.180427685806896
0.0856514271876622 0.0926104013777963 0.0231229347420235 0.0879126600124774 0.143923217613721 0.149637012187541 0.156379470445006 0.0957815617244142 0.0146676424580272 0.150313672251331
0.0690154292190768 0.0744435698051834 0.142211677272818 0.159522384359358 0.0736683308190859 0.171104013118907 0.141386899520264 0.0129461326504554 0.0210031606497464 0.134698402585105
0.15929163520466 0.0278862296059962 0.0484942370350975 0.142855554220398 0.201025314554379 0.139268908188894 0.0615121780301948 0.101156962522679 0.0366293745884636 0.0818796060492383
0.184390254899523 0.0971576163481967 0.16970989126661 0.050647793964787 0.0394478461272631 0.148866782015988 0.0806804002825655 0.143746134261727 0.0672687764958443 0.018084504337496
0.16514127169065 0.19145094010694 0.169106199386188 0.0613520262288038 0.0334693697414297 0.0136398085440121 0.022285875481353 0.0659959524029148 0.132864810419091 0.144693745998617
0.0470652971761732 0.178993463372666 0.182670136314703 0.0864639978924766 0.0983443212061391 0.0660369812717043 0.083528791556527 0.0739676625056627 0.167705619237536 0.0152237294664126
0.161244163198187 5.09808537274371e-05 0.237986151585952 0.18473533180393 0.00118125258690987 0.179542664725334 0.136550423210915 0.00556551100483999 0.0878670314289196 0.00527648960128569
0.194666020804829 0.0670602458088582 0.179058217385787 0.0176354854238892 0.00221801108543003 0.0309672420855398 0.123707886365643 0.152676478363723 0.197056355957932 0.0349540567183679
0.0541022421171323 0.131618205164399 0.213040019977198 0.0649052072721243 0.0364350195403405 0.0145324786532293 0.212881641877371 0.0834615361070107 0.159806461008745 0.0292171882824498
0.0250432167131758 0.194203290506388 0.0272900814333313 0.0868860557619657 0.122153823440121 0.0649380948667163 0.0499998787150338 0.153870758109667 0.193598264285441 0.0820165361681599
0.124044489898502 0.129065539559009 0.0928615612576753 0.131440641485867 0.0910539210251306 0.0994405494940278 0.0403626041404505 0.110651543780325 0.0717712624063952 0.109307886952617
0.0630481293364215 0.170791117927921 0.0915404455176324 0.195848976530462 0.161611916499047 0.0255884374727566 0.035471366112381 0.0986132725613453 0.100605814197021 0.0568805238450119
0.0902250226651295 0.124473887763324 0.131783792315883 0.116274445226224 0.0909195997896191 0.0962803698785561 0.124704303494498 0.042358137633841 0.090186233459515 0.0927942077734093
0.0888672085155291 0.144957181516668 0.0506046759716887 0.11498018944526 0.125022685332539 0.143236818107305 0.0281948833869842 0.0315053333627712 0.088835980207535 0.18379504415372
0.196092954736307 0.0290195126349484 0.005788977921642 0.0710259336253906 0.060859131950189 0.169063157647773 0.186168511896676 0.142416213806745 0.126311630923693 0.0132539748566358
0.0601261163071524 0.0337958173575389 0.137241701467453 0.0794134780875222 0.152373775089573 0.0851399958740292 0.117385895941035 0.15838075660958 0.136882367697337 0.0392600955687791
0.0406635567479234 0.141070904074475 0.0723311355760032 0.0628897848600131 0.155395777453522 0.151543809679483 0.0248447590920025 0.0669346675739673 0.116203963081822 0.168121641860788
0.114114455815272 0.0354909631819283 0.146549669210044 0.0344512145298769 0.0876032202863201 0.107575692816873 0.041526991462621 0.170266763864647 0.181745756456764 0.0806752723756543
0.119562687398554 0.0150946969933561 0.113394042178549 0.0021930472984204 0.130222208050092 0.170174799274653 0.0801496054242955 0.163543214043019 0.0420568231519135 0.163608876187148
0.0934852163956386 0.085316139712897 0.0963302796135713 0.133666523013291 0.112574187618049 0.140969804538575 0.108216339662973 0.104276658875773 0.102747252090247 0.0224175984789845
0.121692494007485 0.0985731292006706 0.0116722905067766 0.245726173975611 0.0537257974332582 0.153347767587613 0.0561182208949677 0.0291120110502526 0.00469501964513874 0.225337095698227
0.0869960319305696 0.197040264551283 0.120459713969993 0.0519884409882874 0.0314249853381987 0.135596977452082 0.0582602344902395 0.167768441466177 0.109386565566306 0.0410783442468632
0.138148585728979 0.031174180882482 0.00617601289835609 0.113011314316026 0.182615129994911 0.0889973788433113 0.0783853898404034 0.206842960517938 0.120626013529101 0.0340230334484923
0.170084497533862 0.184121374912261 0.182457559600062 0.0313157727966925 0.011843844165368 0.0721974622031607 0.0643986576609836 0.104263000793574 0.116049810753899 0.0632680195801373
0.180347590244415 0.0536071922320381 0.0105511916854821 0.0708352030108712 0.105146107745893 0.0782660294642419 0.0659111986743254 0.0401841353309545 0.197304467339805 0.197846884271974
0.165603942679368 0.195442591861359 0.119139578792038 0.0752950047697873 0.0805585328120679 0.180080006988349 0.0985896249772703 0.00315087610232817 0.0213428132140521 0.0607970278033815
0.127005653830152 0.0125514696277067 0.179227328958808 0.0682199816000988 0.00345722547261382 0.155380870441207 0.158069191946346 0.209385661576626 0.0604423035907668 0.0262603129556746
0.155928365565933 0.0285719947744839 0.0555808311074173 0.0593532262590729 0.133172761629533 0.074468939601872 0.113499804611769 0.075849931846408 0.158146267350533 0.145427877252979
0.133087604791973 0.144657470268932 0.118195157252399 0.06766213717849 0.0211254058781963 0.0972753346504325 0.15670146799159 0.072581355630646 0.0207902385697702 0.167923827787571
0.104318642241224 0.00453684400851659 0.0906063649510216 0.0678209510661635 0.194079494935806 0.20124265612848 0.115251037092135 0.107941183543818 0.0247187448541953 0.0894840811786402
0.0586411616729605 0.092845986891409 0.181292769755506 0.127892317259569 0.0650549376966644 0.054862068499992 0.0516601474623897 0.185104671635885 0.0306938630420484 0.151952076083577
0.0868298165283865 0.0120648731847634 0.104966071962156 0.0826399183390375 0.016089843414347 0.058400455005769 0.231214839205478 0.170474541357234 0.0443379879034971 0.192981653099331
0.14056958704094 0.00587616912441572 0.143763194298739 0.045677940467187 0.0174760917650036 0.202199957108691 0.152586101708699 0.0114937569024047 0.160383550019245 0.119973651564675
0.126796018256749 0.116778598320869 0.0359696610978755 0.124756571197031 0.111463944713613 0.0748419768163049 0.0535175870364691 0.120488908519008 0.101401785748101 0.133984948293978
0.0280744312183047 0.134636247762223 0.0882557296405199 0.130826551748527 0.0845081958368527 0.0764272045097947 0.119918067005169 0.145343212179616 0.144150468702342 0.0478598913966505
0.0629452375193785 0.000181820150170513 0.153550881978239 0.088516503899722 0.158654508687403 0.0171860859129644 0.134665072645152 0.176669897660566 0.200163350394005 0.00746664115239956
0.0353693727053075 0.0999143053175828 0.111805370497236 0.141648205668469 0.116359712324991 0.0638880632492809 0.0690688430503437 0.143332719902746 0.136091070711005 0.0825223365730379
0.20819164749441 0.0212598092228492 0.00486682272772612 0.118493904844759 0.101159178503013 0.171753715186414 0.113530223348875 0.132458889714059 0.0726376587801292 0.055648150177766
0.104643039073513 0.00154734818325887 0.107513610419541 0.143495809248939 0.151624474350778 0.089020795988554 0.143902677302899 0.038283713044766 0.136176890445257 0.083791641942494
0.135693900077834 0.0853596169641499 0.105047743021661 0.10960311882704 0.0952191748681122 0.00510192112705453 0.117291472316612 0.116544361270492 0.0982840531721526 0.131854638354891
0.0637780616420167 0.153148747750838 0.0779295692116367 0.0762197333901255 0.084778001044504 0.052802052366913 0.161064513905798 0.147107101803016 0.0254524504405304 0.157719768444622
0.166650940786995 0.0888200539761021 0.0547404862840301 0.193922674894296 0.0350923180511225 0.122365569378096 0.0367119182296363 0.00470298370687792 0.117832778659744 0.179160276033099
0.0384098432391755 0.118649047406971 0.192019278047873 0.13232070556218 0.114062515236963 0.031915164788357 0.0540574734861183 0.101456841164853 0.149196976563607 0.0679121545039007
0.0722058677626838 0.065011746224918 0.0118422697579732 0.0358936935000463 0.184475349224684 0.0262103679615006 0.170819255732667 0.221748966033366 0.169036702079691 0.0427557817224695
0.149017080431572 0.158620799864801 0.0547717067352621 0.116187629277552 0.1085825354933 0.0997148403353561 0.169592634236243 0.0807902032156929 0.00836470163157619 0.0543578687786457
0.123892770235827 0.0404235974124262 0.153011075051385 0.0649012721177444 0.0330069694090202 0.0098705981736742 0.124115404024986 0.167672881508511 0.133186462007701 0.149918970058724
0.00574562744838619 0.16933363719501 0.0654095705377176 0.164775748135935 0.0712765740159135 0.0360291537832778 0.150198369581626 0.135322643279698 0.109020581567808 0.0928880944546285
0.0279274532122397 0.00373926915427391 0.00600709602430294 0.128448566751041 0.0707416829606997 0.166227739021458 0.142613875637792 0.222617323725851 0.0980558174271973 0.133621176085144
0.0613850017806529 0.0910145104295645 0.0950535658885227 0.060216523291683 0.209479107870459 0.0673052802925338 0.150997666575617 0.202489018164979 0.0235463643874587 0.0385129613185302
0.0982446920901852 0.126070646431278 0.0179077898546439 0.0512757226101661 0.0551112245303648 0.114777582847879 0.0237015253245264 0.152630685561173 0.195433417919604 0.16484671283018
0.225281745492378 0.125941334939913 0.124552310437774 0.0871717768862394 0.015590227809271 0.00925926392238773 0.139757751122192 0.0973516179285932 0.139434881303668 0.0356590901575841
0.0675081013807304 0.0315348911255074 0.0439513389717023 0.0928763122785022 0.120397199405584 0.145136774413863 0.160999927296156 0.137773693339255 0.0617498581464302 0.13807190364227
0.0508621904335569 0.181922791714843 0.172829325762281 0.0809937095624193 0.22752113105923 0.0385714569947415 0.0906579063568311 0.00321014624170445 0.0402338228514517 0.113197519022941
0.0837971766305782 0.182097657702481 0.172271749522714 0.0252645853263704 0.047496141004873 0.0240368960257882 0.108392241791998 0.170776789726991 0.09289080334377 0.092975958924436
0.047594984503261 0.126428874583686 0.150177613226802 0.021609420185094 0.172291263155877 0.0232696623816087 0.0799309159607439 0.193797678764141 0.0395865977203995 0.145312989518388
0.190065248067925 0.0557655889597907 0.189844789606598 0.205835834352861 0.0307900997044139 0.0759616179591475 0.150304932650956 0.0582249885803075 0.0377661809973408 0.00544071912065995
0.0793120553347915 0.0597616198373154 0.125316719246833 0.118867633395828 0.0561034158238651 0.143589897716021 0.135197490893806 0.109597225208229 0.143055015026628 0.0291989275166831
0.0254064079805462 0.0816312765744897 0.110425732593841 0.165713183617864 0.0126970477086601 0.160203337678453 0.119049407463624 0.176639672711632 0.130646451472362 0.0175874821985283
0.0594308472927406 0.15195852576695 0.046408679696947 0.00151779338928655 0.122051837325187 0.0794782209289053 0.153842021978742 0.0420814416907387 0.170375676108452 0.172854955822051
0.0555931482297565 0.109764830931557 0.159989234688142 0.0989323676089022 0.100217571254868 0.176746554567793 0.0609342179112783 0.00617989551527106 0.151673495395937 0.0799686838964946
0.0562331330609111 0.0884640774219508 0.15435825485302 0.194753527843191 0.0794621494508595 0.109265843744677 0.0407625046347115 0.0522317206971744 0.0373923863958707 0.187076401897635
0.184255574083783 0.187995927187518 0.192594711330431 0.0019363143937197 0.115004777301567 0.0961717675029061 0.010200563788969 0.0233485043324948 0.0455860232710542 0.142905836807557
0.0348600874459877 0.135712429545501 0.0248022014571859 0.0513716193047544 0.0663471045641569 0.159382311797267 0.156648282369975 0.135857448414372 0.174243855189728 0.0607746599110721
0.0462851515916724 0.0716126348718904 0.0792905333710029 0.163432505495881 0.149620198992933 0.167677223356816 0.0222305109358694 0.0660573236358876 0.138563506117814 0.0952304116302335
0.306962184148106 0.0642884638291328 0.0367850154621697 0.0173065740868196 0.065810702556621 0.278748373485349 0.0686641370566408 0.0917569496143199 0.0410288891856963 0.0286487105751449
0.148189682069492 0.0627117827271174 0.0315237012494629 0.165591838278923 0.146105983522694 0.112437870079163 0.00219126264818973 0.187795224460837 0.138945944076428 0.0045067108876942
0.0300977642190179 0.0547551182344351 0.0976375180363925 0.194303451677677 0.113499135083053 0.118139199103853 0.0783395637586558 0.06276051626505 0.144369227085229 0.106098506536637
0.0557978145383307 0.0681214937737792 0.189416785509396 0.0275018334466716 0.0615840379967125 0.0433331649840825 0.124761868599474 0.223382794121615 0.17566187313463 0.0304383338953085
0.0548989090729739 0.0452525458739933 0.113912359025412 0.162347799784923 0.00124387622255472 0.151237688522921 0.161556167059109 0.127440639762749 0.149690849264333 0.0324191654110299
0.105059335800545 0.0774955747589771 0.132780482965617 0.0490873407444319 0.126875734342698 0.0202281221717404 0.121591647209434 0.132708438997964 0.104062589268262 0.130110733740331
0.0402516695286654 0.198336148219871 0.11893582854113 0.0985430697025468 0.119034175683192 0.13951289455993 0.0701213804551914 0.0150164496874715 0.0970361019034201 0.103212281718581
0.0702670788441926 0.163559905161811 0.109382772093427 0.0591532072165937 0.025752017225754 0.166158834684446 0.111609545146778 0.0763593079668366 0.159171332693679 0.0585859989664821
0.0532684942860823 0.165600181040437 0.0902130100903902 0.0355603400567418 0.0933147754611706 0.145824159145317 0.0676283000857632 0.111998249937304 0.118208562735708 0.118383927161087
0.0181926604747504 0.160538854743222 0.145626827835893 0.150326354043507 0.0504539100650017 0.163471455380117 0.106687750910512 0.0610389419217167 0.118409515142767 0.0252537294825123
0.155463916175931 0.014629796077529 0.0113108553738408 0.165698941788744 0.123959241544749 0.1592934919009 0.114964493000999 0.105953118025585 0.0449626040971199 0.103763542014602
0.119031690789547 0.201627339843964 0.007398706316596 0.061385853571863 0.0410612931658847 0.0459847098100632 0.100390674991615 0.215477291657997 0.161708601994138 0.0459338378583321
0.0209808102082621 0.0934880126701284 0.0768870776761101 0.0701897819161664 0.15613620316918 0.162372015252507 0.168063938354264 0.00813230841508382 0.173254421533798 0.0704954308045003
0.102624874224507 0.12551556795634 0.00689135863713227 0.127380422823807 0.17026644156329 0.0824533365138322 0.0444183305997432 0.191516038254729 0.00202884330906453 0.146904786117554
0.085748208999192 0.122207132886161 0.089974742126305 0.150160075344463 0.0647731652499682 0.140874271016559 0.00331957670228574 0.123066022107646 0.0886056831172698 0.13127112245015
0.0293653262845494 0.000837527155657948 0.127135222899212 0.146586644890265 0.203629425854488 0.00438284642886273 0.197949034850202 0.16236763933613 0.0682995124052433 0.0594468198953902
0.0603446226976526 0.145653236827003 0.153018219413927 0.0950996461620476 0.00197071553311766 0.0259272025899785 0.155291764244234 0.0628910872244664 0.15621032750528 0.143593177802293
0.147263369471894 0.0622537744198269 0.00756981320621104 0.117668442054742 0.168133125703457 0.159357719691406 0.126217366364011 0.06264747993924 0.127454083842372 0.0214348253068405
0.0251228895040213 0.119506631053453 0.113779481426129 0.144337713838874 0.121283606227695 0.00312551469978633 0.140160940629526 0.179459051431013 0.118178375280767 0.0350457959087361
0.0991086238853651 0.125472203441759 0.139566081198078 0.000935979123775819 0.174393063875761 0.13577387885326 0.0876501228565151 0.0262752273864561 0.0180075162693214 0.192817303109708
0.123463804501125 0.0504666958719128 0.138872012268118 0.149993037919831 0.130052816651446 0.130327198411501 0.0323820445449409 0.0766412357426513 0.0300670730888997 0.137734080999575
0.22684381333916 0.211635916730807 0.140223473401575 0.0262583018270171 0.101688026777872 0.0172067583295969 0.0690663074560232 0.0999606399748375 0.00669734309151439 0.100419419071597
0.13467607750733 0.144936276639861 0.105313701751175 0.132799290822354 0.0196039997001166 0.00387127165397889 0.1136808001429 0.0842333371675873 0.117242406623689 0.143642837991008
0.0467886279235581 0.125121415007652 0.133229119906987 0.181612024919296 0.082827965558682 0.0798558065510929 0.0381061730696577 0.0496693146306616 0.0956358182183814 0.167153734214031
0.0317992900036756 0.151900825739983 0.0466915287200225 0.12875321157784 0.0979290801062598 0.0506952905555422 0.161240025143723 0.174102000104955 0.156066288087834 0.000822459960163571
0.164840336021646 0.0543556656274587 0.12347577891693 0.0774631635510243 0.13789565857068 0.0708586562410126 0.103333515745339 0.0265325585885236 0.198894569517103 0.0423500972202831
0.154583266786678 0.0080104088008938 0.124178592861232 0.16148867649216 0.0263111566155497 0.0840441856655645 0.123999869602272 0.115564647111629 0.136365910006652 0.0654532860573698
0.13706948434559 0.148111735541255 0.0185080430445593 0.171584228516809 0.039881672042828 0.0366991783736483 0.149197094992056 0.122825105655838 0.0804401375316449 0.0956833199557711
0.183487401878966 0.116666707858717 0.15091934269421 0.083882627830951 0.0957491781478154 0.000687439882671338 0.146073084126797 0.0132924561308297 0.0852597573055362 0.123982004143507
0.0801558156943267 0.17212516467507 0.168727395724073 0.0551528011688814 0.0518402269667116 0.0924700549947783 0.0957120088100239 0.0279909802432562 0.13689831893958 0.118927232783298
0.167709722698841 0.0655133349347138 0.161684108144057 0.0739616377364066 0.115017076742641 0.0243264524103957 0.158017657721652 0.0480013576625041 0.116418618244079 0.0693500337047092
0.017966899847584 0.109565907228783 0.184851166066662 0.0966780511781982 0.0655810396502846 0.117176016734329 0.0076197430218687 0.0531549556568542 0.183776929715259 0.163629290900177
0.0140715441949734 0.00604734518709536 0.182468621400118 0.170570654043916 0.146138638637654 0.10190179154225 0.111555466651285 0.0446071826738542 0.0345137656736853 0.188124989995168
0.0740590050861965 0.129060263900525 0.100159340236138 0.11662329539625 0.0339268800977306 0.144896158499234 0.0650765053656487 0.0407098211426042 0.113140023444203 0.18234870683147
0.112011627288908 0.0671324773799283 0.165487611959041 0.165391342340212 0.135372787212525 0.0766896725412012 0.0159511836080973 0.141774850788455 0.00402772200545513 0.116160724876177
0.0779670194504579 0.0948539897456541 0.130962178985904 0.131799860985417 0.105346316386716 0.138941333001485 0.0793676884899996 0.114499640993374 0.113682724934601 0.0125792470263925
0.0875512880888689 0.110955824297299 0.093815368026729 0.114470608290112 0.168429701860118 0.0397868221974488 0.00758067856350228 0.182166453110879 0.188415130483957 0.00682812508108713
0.126599438252658 0.211792112403271 0.0388076622642458 0.148406248608498 0.081269214970234 0.164275666050822 0.0881410260229597 0.106930866265437 0.0294110196453895 0.00436674551648444
0.0445926691634175 0.141871305235523 0.049571025655381 0.116027131503295 0.148465552896122 0.121074283507085 0.0803865902253058 0.1302346763412 0.0373921762615296 0.130384589211142
0.159675548490616 0.0626760622923105 0.0034158697783963 0.174929639185281 0.0784121239920438 0.154373930331736 0.0537651408547103 0.013073517040541 0.181970016408926 0.117708151625439
0.0832177768799085 0.134823275357816 0.0123943526022943 0.120541044961381 0.101600800329094 0.147796053236295 0.153664712090755 0.0210505145013732 0.155001554834816 0.0699099152062668
0.140264735039073 0.0114185262004868 0.0547983843080814 0.0657779000456963 0.134703840127208 0.126365840877581 0.076394905845872 0.184798864959095 0.192201809121494 0.0132751934754127
0.0113014473900857 0.0279458547271216 0.119566923026962 0.14271741687054 0.0880416796915773 0.102594274975951 0.140055744500221 0.106843272907347 0.132103733876337 0.128829652033857
0.165689728618073 0.0436441833584024 0.0414720759643388 0.131137772424651 0.106454427740896 0.125333621907907 0.230868187573738 0.0655331022806569 0.0551619006801641 0.0347049994511739
0.107430311645559 0.17395658162196 0.00794182423575455 0.0195654381703131 0.149468585822496 0.0478108665329908 0.0123235729276256 0.199444409743915 0.117725689673172 0.164332719626213
0.0800094652893099 0.124731180842612 0.121213150332581 0.0986970631109036 0.151744162812202 0.0762872590402061 0.00911814102436677 0.0738098841936763 0.111441292419345 0.152948400934797
0.133955164906923 0.111068307531802 0.126044767236948 0.0889375569166969 0.173215702062132 0.0378444343521797 0.0704270103661446 0.075494213790918 0.0840592907408372 0.0989535520954181
0.0781130337273469 0.0533484587845116 0.00532490441057072 0.0310227426526126 0.0688244147692779 0.0755072307136694 0.192199734502037 0.11723758801258 0.217174466206694 0.161247426220699
0.149048638995294 0.161442586231079 0.142685370710801 0.0571693644352282 0.0739957760313761 0.135186099064926 0.0831194413835497 0.0402106287242284 0.13257402362977 0.0245680707937462
0.180022063743724 0.170561043820398 0.00442210866095402 0.0805371996964535 0.0937558630436381 0.0744630622316229 0.0378038888131046 0.149992875591218 0.112265648152216 0.0961762462466704
0.0752669183727482 0.0266730341534295 0.0693540659735583 0.0959943044936292 0.1606865940562 0.0216457937935446 0.0771505819253439 0.0716695383431028 0.189348315933505 0.212210852954938
0.0457314830280639 0.211554544897001 0.00273064583913235 0.0270912161090997 0.173892091347699 0.083871474328981 0.173782051788755 0.0740774315184427 0.123387957868805 0.0838811032740205
0.123769932060672 0.15492546148151 0.0261042192133875 0.0973278106405045 0.0869561029650383 0.169611468746982 0.00572311405298305 0.183120829690715 0.0855910989672261 0.0668699621809816
0.0750318298207141 0.0485932656501025 0.147504089473833 0.142160663614051 0.120804370337766 0.0809753673263356 0.099202326575071 0.15382522548151 0.104998903729006 0.026903957991611
0.119933331626882 0.0772751489306251 0.138462395066498 0.0491980802724534 0.00597536077319898 0.132114366602555 0.126169005967859 0.135745196191875 0.14660314327231 0.0685239712957445
0.133758944406887 0.144701551322054 0.0886210124248496 0.122091780136157 0.1215889392854 0.123697720529031 0.0505130829567873 0.131478436160243 0.0668890687721361 0.0166594640064557
0.0227948850887534 0.110784249107499 0.125457835148543 0.2162624011407 0.126682291217221 0.191454369451777 0.0339644086448314 0.156209923232909 0.0162342856511668 0.000155351316599088
0.122579522241285 0.155315638139084 0.15585276167841 0.0144925101281873 0.0595397113292671 0.154651217845785 0.145233954056792 0.0185327035241281 0.00914477020503588 0.164657210852025
0.0208436119061573 0.0287150897428479 0.123460689822372 0.0596908441635111 0.113884270926221 0.204165120822155 0.131831156477386 0.109379987873956 0.0723106809790744 0.135718547286319
0.142631247308506 0.101447817787625 0.0234341857046737 0.0484173830334477 0.143583591791632 0.0930225971770157 0.122432295304668 0.0831694184657803 0.125020409824905 0.116841053601747
0.0600361000820407 0.131286138969611 0.0543303605290216 0.167713108837405 0.17617066949948 0.148082066494845 0.0724191258414409 0.00792146430879536 0.0233444703179977 0.158696495119363
0.121786632071074 0.106565256993292 0.0557085493722387 0.0972842526771046 0.114922740080468 0.142137997154399 0.113699578903413 0.109402927355323 0.00970586426481577 0.128786201127872
