0.153395797559531 0.182417211723638 0.0467958005502636 0.121717140157872 0.0288662169198573 0.0185117491939844 0.216764507832737 0.231531576062118
0.216662672273828 0.0643112750530392 0.0730351846658771 0.00793342256662733 0.051227576041668 0.112283271874453 0.252929443080123 0.221617154444384
0.206603478916973 0.166186010150619 0.00582386368876716 0.185643094791975 0.00665285861489565 0.208571791385365 0.152057272031289 0.0684616304201155
0.175775318896076 0.00146187772656988 0.263321247181546 0.159517512432899 0.051692618532438 0.251704056408688 0.0428014500858881 0.0537259187358942
0.0892433218789498 0.118029330314379 0.0748353271976916 0.209462222343575 0.0484014589740018 0.0985198013983234 0.187145925885535 0.174362612007545
0.15916138929631 0.148302543462569 0.12406063036179 0.140249221871888 0.125186698974211 0.100068098876435 0.114487910856235 0.0884835063005622
0.138311515074221 0.0715271567679232 0.10330090358671 0.146903812974047 0.222120524825921 0.0120256648599403 0.23575439716755 0.0700560247436884
0.0849883417975325 0.103780640085645 0.123456449928475 0.0366607266683629 0.0511681970826338 0.186392383969191 0.176804820536277 0.236748439931882
0.0506738908935753 0.285098125921335 0.0769868392570077 0.116247893011237 0.268624302790183 0.00523449310592345 0.0328053742467115 0.164329080774028
0.165064275957544 0.13257328241281 0.170640004950134 0.095389169636565 0.0693339051259038 0.167827272802221 0.0182320266201992 0.180940062494623
0.114952325656542 0.195875124317457 0.143177554224088 0.122414461335059 0.0140162999183414 0.147275778943917 0.107942552585236 0.15434590301936
0.013954387292633 0.206174325681287 0.0939148035638415 0.134328371571195 0.0438262787916194 0.191335820633113 0.225203956999811 0.0912620554664993
0.10444753539116 0.0710114309186711 0.0411020123079707 0.241377033676199 0.0962866977697231 0.0473588937331431 0.289809911195496 0.108606485007637
0.105191040730414 0.187722560132409 0.150714533972015 0.0751454663817437 0.198247729943532 0.039269891542238 0.192163644664176 0.0515451326334708
0.125542743128428 0.0971914689601525 0.124130993374326 0.162436672757359 0.0342578236507505 0.139699936904899 0.140952508939493 0.175787852284592
0.145858201820156 0.0899703811851161 0.118807349123462 0.106980958961622 0.115754062244664 0.192525362781397 0.081213141620612 0.148890542262971
0.176911051989217 0.111787360621836 0.0985145572774575 0.131866419757202 0.0652313391287365 0.143534581833144 0.111782206590349 0.160372482802058
0.163116125892297 0.0757304826083067 0.019050659479823 0.0932750270897874 0.179611652559892 0.162488528716395 0.118914881317521 0.187812642335978
0.14440636173201 0.224420096278167 0.0295142309444484 0.227331311617204 0.037774915954964 0.207271255973805 0.0695053734029908 0.0597764540964108
0.117098800744347 0.0595485349967686 0.137926839422166 0.150373985724293 0.138424884387611 0.139270107409476 0.0947975069292433 0.162559340386095
0.0512740730226402 0.0885366458964266 0.216971608852754 0.0962956188989051 0.146978767067553 0.162257347572836 0.0248865298485525 0.212799408840332
0.113269472119106 0.0793573442824755 0.167903085259179 0.206481701435313 0.00915298699014773 0.0877503861585801 0.0781999527766116 0.257885070978587
0.162870483818706 0.132131745186529 0.0802304433476656 0.174249855101304 0.0802981569377071 0.11367480279664 0.0663512650689333 0.190193247742517
0.0812021437137589 0.223601838834694 0.00415833676700092 0.0832279008865776 0.14658384688334 0.208068750327883 0.0132511575469246 0.239906025039822
0.0330748219976336 0.159246436399065 0.0457792818404639 0.0148753145654487 0.218001695549858 0.0654512725806978 0.284684354457725 0.178886822609109
0.224547868096154 0.0473963992093017 0.232048836261352 0.233743150369114 0.0885061386043739 0.0217979828351828 0.0273156518090625 0.124643972815459
0.30225035621384 0.0415537633868539 0.229828769710993 0.0387609978858586 0.195054250772425 0.0305142442239311 0.118608867775417 0.0434287500306806
0.0274401708996569 0.227040404108645 0.225333105704774 0.0890170688292788 0.00170134108085551 0.179350180727458 0.212204534062227 0.0379131945871054
0.205944426231152 0.0331575039324398 0.160078322812301 0.0929874633827335 0.0890335756782889 0.138859223444853 0.137811964022469 0.142127520495762
0.127144388113396 0.213625820969384 0.202955344389251 0.122332447001446 0.0928514960759892 0.0415809879055485 0.12815087652296 0.0713586390220242
0.00436280548488863 0.279272310778392 0.0569481703540755 0.0371295965331529 0.210053413401939 0.264335792520672 0.0924187141015878 0.0554791968252921
0.238571096701798 0.120983568923088 0.0269167390690937 0.297243720543885 0.22568029135784 0.00165150218222405 0.0780093156143926 0.0109437656076785
0.137012833790815 0.296112103200534 0.0990106116327962 0.0946666088422168 0.252750757945591 0.0247587017707242 0.00420774333282176 0.091480639484501
0.207793866474626 0.19339739640832 0.0336488910122319 0.144851063975806 0.16182952332383 0.101951167223867 0.0191358999039545 0.137392191677364
0.111445172796645 0.0971113569434162 0.229152755007066 0.038951332358624 0.275921398247225 0.0344345847061934 0.0330100519281401 0.17997334801269
0.0046659316443051 0.0591675501437927 0.146960749171127 0.139212993780861 0.182356097104802 0.145608654090806 0.175040697861195 0.146987326203111
0.145131063315251 0.0844670100986582 0.216300239339914 0.202277015304285 0.0173326266898538 0.0607647903372367 0.0209321688534989 0.252795086061303
0.0918141105910002 0.116488130925108 0.172990839323743 0.1942500085876 0.0578610193675348 0.0449004407122046 0.193459240558296 0.128236209934513
0.176708441306565 0.279702022790181 0.0475958120681999 0.151628639421367 0.0810876457155074 0.0163324542804026 0.227426161859679 0.0195188225580989
0.220810219922319 0.216649543512751 0.0274434884175612 0.0158033473729473 0.205049000768264 0.0988230340472551 0.133946999848693 0.0814743661102101
0.173725761195564 0.161347559334252 0.0432315764382452 0.193257353485177 0.125892215387846 0.174978519687618 0.0134010312517502 0.114165983219549
0.138973040511056 0.10985954722202 0.105332991671925 0.172033514615061 0.140135238717151 0.166352708361272 0.0851841613210269 0.0821287975804881
0.166001276063903 0.193827480862889 0.0298192586583111 0.125045966765178 0.230741013598345 0.0221981494209675 0.146160577194051 0.0862062774363551
0.1336611315517 0.195443901708363 0.0874686632169635 0.178396246885477 0.120639925146851 0.16826685264513 0.0503910595304448 0.0657322193150703
0.0623070343081873 0.273586283858937 0.100304038650514 0.224088621033121 0.0248763336400583 0.0298782909384099 0.054134016995469 0.230825380575304
0.104969440232107 0.185101252817329 0.133733558565704 0.161462227782908 0.0687585085103015 0.169793996567545 0.160776080631481 0.0154049348926242
0.0885529955314792 0.225518284298659 0.180088183450051 0.00878649180826093 0.0399120837478348 0.145186666296254 0.198380792566581 0.113574502300881
0.157219195434363 0.0884517179722147 0.0325288841798507 0.020289552800129 0.113194240284038 0.195245934095934 0.162574076401405 0.230496398832066
0.00172130509215564 0.0349033277969558 0.0215630117839886 0.0410460362385621 0.212924633933925 0.251088907671839 0.250213312940649 0.186539464541925
0.22016384778313 0.0114101533966103 0.140051024276131 0.173459159370691 0.142548785877505 0.1523807280304 0.107772386584091 0.0522139146814425
0.234375420047189 0.0200417834840724 0.011928461867482 0.167705452862089 0.0204360982311571 0.0941122767168263 0.199474680783951 0.251925826007233
0.0895151357335819 0.140036577344777 0.235403692424037 0.150525699644974 0.115495262509794 0.0585476136095684 0.130435884682387 0.0800401340508814
0.037318534621908 0.0178608132181123 0.20506495479257 0.0698350573886099 0.227188406619671 0.249801544505446 0.0840542871335382 0.108876401720144
0.12644209910243 0.185381582749969 0.084649173665294 0.0643095859393841 0.174672101480616 0.170445496253976 0.105106173518348 0.088993787289983
0.0802177199813718 0.281892841840569 0.0774206622044286 0.169712425630253 0.283162220700042 0.0438286584845591 0.00956021688556643 0.0542052542732103
0.0340730077933744 0.197612059323792 0.00906587828198806 0.00612398081994743 0.296782106499125 0.104324794423087 0.205974298088274 0.146043874770412
0.0984640330600344 0.124227890130107 0.183394760812942 0.073953816843462 0.152452849016813 0.173090949868286 0.0986681103579708 0.0957475899103837
0.166772093876589 0.00412909934832708 0.0604794859833794 0.35502457651688 0.0171189669652358 0.203233704366957 0.143922906514021 0.0493191664286107
0.16347449917514 0.195546792654271 0.0872175718029121 0.10515287522713 0.0137661678660698 0.00597912586084959 0.173922246800087 0.25494072061354
0.17393093693151 0.0268204532109601 0.135714823839065 0.158942178591105 0.0603565863360577 0.0501552891985561 0.358364582269472 0.0357151496232742
0.0803033715550958 0.116013632021788 0.174407629311245 0.147099783958932 0.100190004270487 0.0972349869150658 0.139399440999945 0.145351150967441
0.188413141250337 0.0987765277303264 0.111562691987981 0.200743150427279 0.0718809013297542 0.0366126846585862 0.0608180506410458 0.23119285197469
0.110807944050294 0.0472694195542226 0.188246629938234 0.100664150705664 0.225757424781713 0.00474965535321851 0.239493278566874 0.0830114970497792
0.0386801116367958 0.0614504653011117 0.165683669123587 0.0216071329671322 0.221193646700535 0.11898878319324 0.179014624255941 0.193381566821657
0.0811295867623086 0.103085353509355 0.117862023855398 0.10029980687734 0.295246790991452 0.105836237163007 0.141154743108863 0.0553854577322765
0.219612229833888 0.0591642500957954 0.0788491105310671 0.0978928068708361 0.111671661480669 0.171735076024652 0.11808454595309 0.142990319210002
0.147806399324409 0.0909498374762302 0.113283208346657 0.0832347377516541 0.0999770479251688 0.161065850073057 0.143349005876705 0.160333913226119
0.145635012202924 0.107722166299476 0.190244828656978 0.132963250649427 0.119260920391844 0.0551982624329847 0.199424043841775 0.0495515155245916
0.0371331918262177 0.092275532392672 0.227939400602814 0.0883725893178969 0.204825611611531 0.114313377713388 0.0303074393343553 0.204832857201125
0.0471768358369513 0.174069597423862 0.190349323364742 0.0543973854968835 0.0646270088172491 0.123654010512226 0.150410107264086 0.195315731284001
0.095032398126234 0.154705681839429 0.192533746896576 0.236229219828642 0.0110890559404382 0.0810408679654822 0.194425533140376 0.0349434962628215
0.132847141000589 0.145165053793165 0.143596929621126 0.0901141864602145 0.105777237182958 0.14049814367293 0.114112167046186 0.127889141222831
0.12875335476748 0.126183103873325 0.0985391699559662 0.0358104750058543 0.241756039896098 0.178396840180238 0.0476320251609252 0.142928991160112
0.0895121236699172 0.191837322036949 0.158770651325852 0.154124770968013 0.192683879580546 0.0239582392866844 0.129593219037854 0.0595197940941841
0.138215947893057 0.0403585335185838 0.13866588875251 0.182876203593434 0.0766221157852252 0.145838661466127 0.0565809616775067 0.220841687313557
0.160690664522353 0.0201536051352396 0.162105402732407 0.0570681874511249 0.202999433999773 0.0238140955726797 0.117437775626671 0.255730834959752
0.104946869947712 0.229279313093367 0.083961885384258 0.0766207245541456 0.106359652881882 0.037135787130224 0.130997017793174 0.230698749215238
0.226057434641492 0.165733618070127 0.171592041538773 0.126043786723341 0.161485393199935 0.0272749099770866 0.0744353457268521 0.0473774701223936
0.111376917947227 0.0986209782313503 0.221592467088023 0.112782786068816 0.201920778924925 0.00474878592188242 0.0936710625948624 0.155286223222914
0.00801525800127701 0.0516443496936033 0.226254505011266 0.191582944406753 0.0733382149627953 0.186990286749004 0.0807939116132939 0.181380529562007
0.112040733629061 0.0652308439543644 0.16565461148252 0.0510462914668017 0.208304578941 0.17191760817963 0.00503292869774231 0.220772403648881
0.170324581098342 0.020317232596661 0.0162040297659481 0.182575647325396 0.313612713085843 0.227367459215901 0.0317733955291731 0.0378249413827355
0.110318566796693 0.0783374852814259 0.179139554284699 0.128822207029283 0.165203190349934 0.025700976296216 0.196468712211488 0.116009307750261
0.109418220777217 0.175761988044065 0.159786782545138 0.141470693203678 0.0770699713753432 0.100519182374878 0.185809681472601 0.0501634802070801
0.0850421493730576 0.0340938558786073 0.269951099519308 0.14480176698941 0.197054545268561 0.0353165320042829 0.201002544674259 0.0327375062925144
0.0596489212550445 0.146348812287013 0.27988104948186 0.263830629372838 0.130833325225283 0.0904556075181454 0.0186666913662057 0.0103349634936106
0.212580262836298 0.00591577149332052 0.155558548335908 0.136777553105714 0.0786409787253041 0.0549815543349058 0.31807318699654 0.037472144172009
0.183490513663777 0.120811133406665 0.171436739000194 0.126522491566134 0.15345093188807 0.00567683196939191 0.084493836593672 0.154117521912096
0.181991745204688 0.204940596418166 0.0941247069354298 0.11389238136164 0.183039291271207 0.0885270386940364 0.0835305626317298 0.0499536774831029
0.0870469470899856 0.0856587207351556 0.150861574753889 0.132729608136551 0.0952640329154862 0.170020560464655 0.108095573944948 0.170322981959329
0.122715616971747 0.192787467674627 0.0766604749827644 0.202996534631915 0.0699868433742717 0.0997109361440605 0.0270917300522202 0.208050396168395
0.06331817136819 0.1136413105298 0.169389522288317 0.200219432957677 0.161555283428823 0.175742826180719 0.0206969486307513 0.0954365046157225
0.224710701757835 0.115407906892142 0.0807624417862037 0.0617927742403527 0.113123262202591 0.191120340652964 0.00848495734354633 0.204597615124364
0.0945267210654951 0.201258639093212 0.191150709368038 0.0945343752170859 0.174888002180784 0.090308613162553 0.00193101398629584 0.151401925926536
0.0654428372508038 0.126850927330682 0.129564121950905 0.0873118671540254 0.151441164320546 0.188662859047225 0.112998035312681 0.137728187633133
0.0901428364464968 0.124166647092835 0.204036870609537 0.158552669301414 0.168737954688168 0.0721306006703895 0.0997892417598513 0.0824431794313076
0.130728715541782 0.207138528673057 0.208370739078507 0.0146666890344557 0.161425792288148 0.0303517588932269 0.157543413253016 0.0897743632378072
0.0645159102933274 0.125381252655521 0.226050435829863 0.160874794308774 0.0529077209060554 0.0249780544515454 0.176618254685797 0.168673576869118
0.126285288250519 0.0287737146552463 0.13092602945544 0.162210049792972 0.060045677260952 0.166300605305312 0.128523869822267 0.196934765457291
0.13550036558215 0.0927297626454705 0.141410546254204 0.115110781139447 0.194745866352229 0.126126781240538 0.0269534069351696 0.167422489850791
