0.204527444984811 0.202901455810379 0.194013895850549 0.217069661781466 0.0502754386792834 0.131212102893512
0.141875192353025 0.209707412891824 0.24015288191178 0.116367788129831 0.096561668306609 0.195335056406932
0.186197088825004 0.164764664110804 0.255515531611911 0.238122527204603 0.051297044520371 0.104103143727307
0.277133611278927 0.183529018304005 0.0668301033398387 0.198680386325537 0.103462596325399 0.170364284426293
0.152557966652704 0.209226590753957 0.263118868797305 0.224126696149195 0.0999122905034981 0.0510575871433409
0.31590481606427 0.0579631698881316 0.222253470270735 0.0480580055091605 0.171184194663329 0.184636343604374
0.225787135837275 0.0327128108751436 0.183294000068365 0.332775413223866 0.0843919053432133 0.141038734652137
0.281794325015856 0.133693177826879 0.244232118349162 0.0981498401609009 0.0162569235690016 0.225873615078201
0.359361423320447 0.0148911847275493 0.161741476425352 0.0741327736227974 0.386503575521862 0.00336956638199248
0.236177985285452 0.0563254193717465 0.172358671792106 0.218249887335649 0.310427015743367 0.00646102047167928
0.0973846343792268 0.0443938206857658 0.280609835404112 0.182558625151901 0.291121440335766 0.103931644043228
0.091349517300092 0.0746025887958017 0.329983986957352 0.0577649026405123 0.183246941549393 0.26305206275685
0.140503669012304 0.172681072411646 0.281701251721404 0.288872851032301 0.076482612277647 0.0397585435446977
0.258056705643803 0.161800474888509 0.0707155191312557 0.269729010420085 0.0543319497274551 0.185366340188893
0.138233038475607 0.285500919181599 0.00402646834185829 0.25735108402504 0.0470695550231091 0.267818934952787
0.211705657166921 0.134085006957925 0.139802835512784 0.118198046368297 0.179177884462128 0.217030569531945
0.0713151158645721 0.242586372144359 0.0742342521670331 0.0108932645104588 0.320251973683628 0.280719021629949
0.267796693659663 0.0771844345672969 0.154714954003502 0.0750373824445959 0.238684745699379 0.186581789625563
0.202992069348904 0.00597028432072721 0.136210389322219 0.275384642051605 0.259714129473226 0.119728485483319
0.0189443733780814 0.0680249621841851 0.206785508155508 0.203830271701416 0.175227572158003 0.327187312422806
0.0898803967260615 0.256254582063681 0.306256440536661 0.0220424710204628 0.155659682641323 0.16990642701181
0.206796289338936 0.214975479988629 0.0692848503287004 0.188078282161616 0.140760754873279 0.18010434330884
0.260088683054894 0.0551191125195375 0.0574704527019614 0.360638117529219 0.220214129998018 0.0464695041963704
0.0180641236714434 0.044904280718041 0.315912985621024 0.146134071889981 0.204687365678188 0.270297172421323
0.20807164101707 0.0290863537280683 0.194902273172063 0.226040583502312 0.282224098740231 0.0596750498402552
0.0634078971371831 0.0318520241367649 0.358291602128601 0.143249251786019 0.156692311374649 0.246506913436783
0.199482813790345 0.190344307434045 0.222090311615244 0.068948865889392 0.148996488341096 0.170137212929878
0.269647506903722 0.228228431492805 0.0793660084794408 0.278006251137369 0.0728956433638317 0.0718561586228316
0.00867872720886228 0.124020027121079 0.169189051668915 0.226571840479152 0.163829220717278 0.307711132804714
0.0759901166868516 0.206503722709619 0.111408878580464 0.0883099733407638 0.330327002303093 0.187460306379209
0.24618353826036 0.0633911071432976 0.235220959578139 0.178928022049974 0.186214940186184 0.0900614327820446
0.0696542069055548 0.283573085756462 0.33412677603678 0.129416906516474 0.0314484312724246 0.151780593512304
0.230196818943682 0.0585331343702959 0.0770916474917028 0.0651061506386979 0.3605530326771 0.208519215878521
0.25195082063973 0.208247779869889 0.0778626106281462 0.0827449189092756 0.26877527051332 0.110418599439639
0.344305651783307 0.435227053275656 0.0539369571122158 0.0127422093159635 0.0623486573145876 0.0914394711982698
0.0180582366880193 0.124351745008092 0.452679368271622 0.0597187881330749 0.0420532176369365 0.303138644262255
0.161043046617865 0.206427845550752 0.19421273654347 0.186234944902241 0.192637352001799 0.0594440743838729
0.0860756019752152 0.227106004351019 0.028631301732819 0.044372212567692 0.309060921926134 0.304753957447121
0.123867263641696 0.175553603809936 0.0467303062227332 0.182576350850993 0.136062893869066 0.335209581605575
0.222178512720443 0.0334977977660983 0.183762196755742 0.214197162280418 0.212435072732722 0.133929257744577
0.0911239392307688 0.052322302578899 0.0684504294340451 0.239067182087989 0.279752497061117 0.269283649607182
0.0839825962130145 0.127525110095358 0.292179669300278 0.0725475693647607 0.210344509879891 0.213420545146699
0.130274426147486 0.291421227478798 0.313572147474472 0.0261698570425075 0.209151880908601 0.0294104609481349
0.153786843990229 0.234406614155603 0.130376588699732 0.265105486990228 0.213914724253043 0.00240974191116395
0.0479066208881884 0.0899615154416138 0.19451390380458 0.161140667167198 0.308055735558619 0.198421557139801
0.00335555919587518 0.028412455523893 0.2060495894787 0.139989779405131 0.448788595997689 0.173404020398712
0.275734391638708 0.0435498563459986 0.258660148120206 0.223531583286776 0.101104068448851 0.0974199521594612
0.246230733939089 0.183927186132089 0.0202455958683854 0.281705537449889 0.0260479080204203 0.241843038590129
0.109244931272975 0.0278733602472284 0.0916540886437486 0.214317251684153 0.360181932191473 0.196728435960423
0.21726534157096 0.233114854832495 0.1282893135947 0.0625912953530539 0.187898585300651 0.17084060934814
0.20418802809191 0.00713911148771224 0.28260543856046 0.388400879558938 0.105744607055454 0.011921935245526
0.092456313641148 0.185804585268661 0.284606838094575 0.0507182898356637 0.268328675453444 0.118085297706509
0.247646814103187 0.168398140919 0.0537112862457042 0.19738436289443 0.115163017285009 0.21769637855267
0.0641414924599793 0.242919184672203 0.103383378355497 0.161009343482999 0.152802529079228 0.275744071950094
0.0485051946305715 0.341169252318796 0.125027967853013 0.0474331024284417 0.0924533673593757 0.345411115409802
0.119260983826624 0.221011457778116 0.0494462541578956 0.419424406183391 0.163738279133476 0.0271186189204969
0.24782990909783 0.236419726044586 0.111290331057657 0.126400727049815 0.0105859807821254 0.267473325967987
0.197369757935545 0.227361350687401 0.196993065466598 0.18135180691653 0.135030162611841 0.061893856382085
0.0577849196300892 0.296461269175226 0.0701323864473749 0.0629595638467558 0.22122759596641 0.291434264934144
0.332469067827038 0.20584824296175 0.151646466758355 0.251866446382097 0.0433433600619481 0.0148264160088125
0.0613186152436574 0.311081981707149 0.0551986042036182 0.0358114050250629 0.321195569917642 0.215393823902871
0.0389359790647384 0.29704595047398 0.227301039764652 0.299099743900158 0.125028733605353 0.0125885531911181
0.050814025924849 0.382993579441286 0.106123975612179 0.241890461624594 0.162162888768414 0.056015068628678
0.148722960153948 0.37952833567336 0.0128875685201445 0.169129211978785 0.0602794444503824 0.229452479223381
0.197609866711457 0.261216595324414 0.184893994741569 0.167522141044642 0.0324513344467383 0.15630606773118
0.21104858148758 0.0825015118955335 0.0240284218410582 0.259748421065157 0.0593582229490977 0.363314840761574
0.0888241004010092 0.126569192271771 0.308143572488806 0.165885347147381 0.244176492665279 0.0664012950257535
0.109629157587689 0.137412848111119 0.104375856459665 0.213557015411901 0.192612014681801 0.242413107747825
0.0799107250131186 0.176785272759081 0.151113972758048 0.109481960021604 0.206832662108734 0.275875407339415
0.349278064750442 0.121610722420336 0.124140581482314 0.0909426092045118 0.273883501354682 0.0401445207877137
0.254690347973735 0.0809528915193839 0.148567032839427 0.247772812115144 0.188020943668167 0.0799959718841429
0.107201355078282 0.0874840239668932 0.0935371788737529 0.304670409796011 0.24525058297674 0.16185644930832
0.232065371551882 0.185314889861961 0.203484270200916 0.189480506741752 0.0122025991327271 0.177452362510762
0.181970840688246 0.146677164116867 0.240134327835297 0.220132410931114 0.0964498403295679 0.114635416098909
0.272038852495689 0.25436737753879 0.189274755771038 0.167378299420125 0.063901852141247 0.0530388626331104
0.0848479022638817 0.244805198735874 0.044057579674176 0.0404484442830026 0.264922971944341 0.320917903098724
0.0532255258811799 0.333277409877497 0.241087664986436 0.107618877576586 0.156127889153336 0.108662632524964
0.203871379556926 0.132270243091402 0.0169422704347153 0.168967230167011 0.274922244298287 0.203026632451659
0.144918422464077 0.256684346069158 0.140979723450872 0.0758217431641131 0.247802526531757 0.133793238320024
0.107643245265128 0.199079620218077 0.161991199328103 0.25171443161212 0.191548064368727 0.0880234392078444
0.131046137347502 0.00694934648992142 0.153800302054629 0.222068929098799 0.229044531842217 0.257090753166931
0.171212771352323 0.00955960985528681 0.318130846059543 0.117102958180676 0.083151997881018 0.300841816671153
0.19890778913711 0.129677216764343 0.0559390988845611 0.253161182016079 0.324936426444339 0.0373782867535676
0.0422513968229258 0.313341610715741 0.165121043335582 0.282557737394053 0.110401257020288 0.0863269547114099
0.161036087707184 0.256107634585547 0.209744256359487 0.204429910706041 0.0724003884720656 0.0962817221696764
0.051088717084768 0.0783856945783079 0.326024944542337 0.327215342028057 0.0481522329103001 0.169133068856229
0.0120193696395926 0.162188596046154 0.321321163345849 0.107792691088472 0.122188538532617 0.274489641347317
0.236936521144894 0.202259618317962 0.0967792419200129 0.0862202125132011 0.22322229921199 0.15458210689194
0.0577621157268693 0.305179285317546 0.224274510755072 0.224508333759928 0.137232235674861 0.0510435187657233
0.209197148171931 0.176544848371745 0.0187048012362378 0.20443796712161 0.112351986340519 0.278763248757957
0.226082524766947 0.0145823077821023 0.041492001750659 0.144149007549668 0.435199128728126 0.138495029422498
0.113349464717068 0.0897270133552613 0.181626505206164 0.204681634127184 0.225956454378817 0.184658928215505
0.0349147511183352 0.022520410450648 0.261364420496736 0.18312010666503 0.207459811823003 0.290620499446248
0.135107668166276 0.0904026555064238 0.239142405783237 0.237327811761741 0.21781696743892 0.0802024913434034
0.255689114179209 0.0438504626840292 0.0329130743739961 0.291446310332983 0.297270185340783 0.078830853089
0.11499081231856 0.116799757334086 0.191968035568569 0.18366724118248 0.204343783608655 0.188230369987649
0.169368330219154 0.181096157302723 0.0351049542289085 0.126373884177057 0.193393591082915 0.294663082989242
0.132157873789946 0.0607984553703773 0.0453286011146305 0.248707860603918 0.177481775361774 0.335525433759354
0.234745285028232 0.124367539795232 0.0321345859441432 0.242365881128333 0.205126101201924 0.161260606902136
0.0811590783122931 0.101476932271822 0.124503864464981 0.0970995705704503 0.430875782061426 0.164884772319027
0.184507643537233 0.20647170467497 0.232936511658872 0.15765091262857 0.191143926477726 0.0272893010226297
0.0685803094889564 0.140461428362006 0.0692335210380753 0.101720243956677 0.108035638665772 0.511968858488513
0.153342335366516 0.323575303566279 0.0127391667992141 0.172530403804781 0.20823951333293 0.129573277130279
0.349537910907843 0.434298763570637 0.0297016872325103 0.0502154368956878 0.0972376076613103 0.0390085937320122
0.316823985483778 0.129375104933643 0.144747006351905 0.113945797987633 0.147926349322964 0.147181755920076
0.178747164694849 0.275021446595794 0.169822360867199 0.120297584813056 0.105207445887283 0.150903997141818
0.200289822904341 0.116869645035184 0.104374271302127 0.238296241638609 0.165848248882706 0.174321770237032
0.0734302364232715 0.0867074253014776 0.262589315267931 0.252126469640731 0.232735136595499 0.0924114167710901
0.358151702999032 0.0862591123741774 0.00302992815529577 0.454027710870057 0.0407766992932365 0.0577548463082016
0.118649400248849 0.202340155827912 0.0585522424622452 0.173086892675703 0.261634202161701 0.18573710662359
0.247604974664063 0.192175231305188 0.0982539922248463 0.037297485665772 0.180363391670721 0.244304924469409
0.183206286563555 0.185257313504868 0.205870791337202 0.152159254484375 0.159979430121063 0.113526923988936
0.551469866852057 0.00104918595182899 0.124363018645674 0.0173935331202453 0.123519619829557 0.182204775600638
0.216933850433815 0.0929423050449838 0.156925010474204 0.229615803898758 0.187272248204568 0.116310781943673
0.122974369972118 0.304464327326579 0.218554827858082 0.107913988857322 0.187062013263878 0.0590304727220209
0.027715751171938 0.196532822936587 0.218674950852624 0.235412276286027 0.075609903881134 0.24605429487169
0.39505887829146 0.160186448901244 0.0889723301080242 0.201011245802559 0.0655320915659214 0.0892390053307912
0.19642537641652 0.192958014235495 0.00918460115484397 0.187527486518268 0.163586407826289 0.250318113848585
0.0022361587980625 0.271706320149828 0.0958585981508478 0.107052529755744 0.270626186815149 0.252520206330368
0.247618462505725 0.193428803565941 0.017848494537051 0.263295982248994 0.0495174992500814 0.228290757892207
0.265927818529923 0.139296437644599 0.141567947962363 0.205306814156371 0.167804871393683 0.080096110313061
0.0670728747251136 0.203740465998967 0.24397306821475 0.263682903831774 0.0032238341548662 0.21830685307453
0.285959529471486 0.151538208490422 0.0815049456767305 0.187037188894952 0.0368212697959228 0.257138857670486
0.21992910303648 0.185229495805622 0.103253093488735 0.209185015086538 0.194381860968183 0.0880214316144424
0.00152907655926853 0.216000749364521 0.159348548873022 0.159656219223635 0.190509662216386 0.272955743763168
0.193330343425437 0.199174761419584 0.242398396866875 0.121799641933076 0.0419612918288095 0.201335564526218
0.347341967801192 0.102239965090242 0.181802489621392 0.154077522084829 0.187102212801272 0.0274358426010731
0.343525595624779 0.0315888499511863 0.351499934034015 0.0848694673090031 0.0589213850346159 0.129594768046401
0.0273056091682965 0.0889527888245718 0.150049912725812 0.254275332864103 0.130413592787485 0.349002763629731
0.0953136396550354 0.179529923697543 0.204449823621306 0.109236163274043 0.300665471452857 0.110804978299215
0.0951702472155927 0.304372517982407 0.0592601429799346 0.150983589078432 0.249810912253228 0.140402590490407
0.249621043725832 0.106431393496859 0.172905788864666 0.0502923883411961 0.242355449026999 0.178393936544448
0.15204848887584 0.162720088828959 0.189280422351763 0.230223599154609 0.191904319012152 0.0738230817766764
0.332044121479989 0.0716172369524955 0.274719136229529 0.0930772540734243 0.165706538682129 0.0628357125824322
0.193823184618882 0.203768130077326 0.24401506941243 0.138570799127106 0.0837280804345336 0.136094736329722
0.139363774579093 0.0317985658825314 0.134067015666621 0.0607439907128542 0.301236828460836 0.332789824698065
0.232939707820183 0.0196772526969425 0.0916730046508558 0.218695425623931 0.2051087856602 0.231905823547887
0.187606820129255 0.180664313203158 0.169476187557259 0.0286376306035699 0.111533334112568 0.32208171439419
0.0146082614928714 0.355324063711106 0.25006173681289 0.0138314945614277 0.117169076380694 0.249005367041011
0.133535912393528 0.0997433274397138 0.0711362226770201 0.272295848990857 0.25622901887909 0.167059669619791
0.154033469671552 0.191538167539898 0.0560455126942522 0.123907694718206 0.250370025452286 0.224105129923807
0.162701797091361 0.0233342208739199 0.343478723499787 0.34151598400523 0.0495309067831394 0.0794383677465633
0.0729362141077051 0.0890336960743176 0.205050734188383 0.113047537954887 0.303411438790151 0.216520378884556
0.223408685818237 0.1599081725467 0.295537642933357 0.151918650944606 0.136738476458958 0.0324883712981417
0.163474835907765 0.212201174375725 0.0793272759824296 0.167960983349427 0.324040624720944 0.0529951056637081
0.1640744545037 0.105738782950611 0.158674586009784 0.260137772145507 0.246666212576748 0.0647081918136509
0.312805402525571 0.155220228985962 0.229953952741987 0.044667349305443 0.0341651120038278 0.223187954437209
0.329063976074482 0.252957139494654 0.0533292417908777 0.310427516222431 0.0298543861956522 0.0243677402219039
0.123094975973431 0.22111490124125 0.147375178100012 0.113774669895839 0.150732239295248 0.243908035494221
0.184682414947791 0.165690950019851 0.138500341415519 0.219217780875576 0.160633177752619 0.131275334988644
0.013281540607479 0.199717787708957 0.333848681122821 0.169790542198114 0.038949297288439 0.244412151074191
0.19718780433077 0.14553000607815 0.0521812051969293 0.160390989974066 0.200308329449827 0.244401664970258
0.207664366007345 0.0908799342718349 0.357068618526814 0.022097625110143 0.126667436760702 0.195622019323161
0.217664306957842 0.134958655622567 0.187112266517898 0.0749368986468749 0.197964944581404 0.187362927673414
0.284585337557618 0.109938834223052 0.122960085973133 0.0616840284717187 0.065238064177619 0.355593649596859
0.0970599770984361 0.0379080135651117 0.128536646311487 0.320278401615835 0.201217956241801 0.21499900516733
0.245878721226649 0.0453975117160841 0.256762631065784 0.130272982251298 0.176809110065252 0.144879043674933
0.152326006367727 0.207421623140118 0.166519281487531 0.0672201687311123 0.202195831572516 0.204317088700995
0.168341498666958 0.229643591527927 0.116087229641337 0.223562866095438 0.0791511848618552 0.183213629206484
0.212282894635474 0.0697414769654282 0.164243056211792 0.296284760679349 0.185268280559052 0.0721795309489044
0.0741900008428169 0.0236757163637278 0.333071432861461 0.205660381750872 0.329434415984858 0.0339680521962645
0.248544609621129 0.0279805545898353 0.190646843126401 0.136591453554369 0.235986696036182 0.160249843072084
0.0680888764261138 0.316768696474334 0.248509589971651 0.0852473380404326 0.0103259847794581 0.271059514308011
0.142631613249727 0.235739858222339 0.0355788842361571 0.294751507326249 0.247673828581616 0.0436243083839126
0.285067123865365 0.178378088110494 0.275706564542936 0.0271953282420433 0.106004786330404 0.127648108908759
0.0797297262667648 0.392534774590052 0.0664995170504124 0.2461464994667 0.188020226373716 0.0270692562523542
0.154650594522066 0.0844500331131802 0.0914710895536936 0.0990258357619603 0.276194653694513 0.294207793354587
0.25604595223547 0.0190469015527349 0.0375523329079074 0.218749975691802 0.23796514801723 0.230639689594856
0.000466596821105573 0.0345338550577593 0.344403700999952 0.0222167723687461 0.269855434552182 0.328523640200255
0.3557065307387 0.107292680643176 0.145459311135875 0.0859338812111236 0.283938519302497 0.0216690769686286
0.153018577693811 0.256894658092329 0.0786024401550699 0.116859404439962 0.279079513449136 0.115545406169692
0.14952345582834 0.0360161267967119 0.123095093324433 0.212166186922403 0.305742079755774 0.173457057372338
0.284313312821233 0.118199461992402 0.175324662736763 0.174520004098613 0.0534508619902563 0.194191696360732
0.159258718996061 0.121690759548802 0.318189074794764 0.14720177373885 0.0588073211637587 0.194852351757765
0.192431529526125 0.131552375546341 0.214771048978711 0.0553151227291777 0.268430616483646 0.137499306735999
0.393677335883266 0.364292157302514 0.0781548918141368 0.018609307161754 0.0966898222122334 0.0485764856260963
0.183431008981611 0.15526003463105 0.186610513394876 0.226357345704963 0.133822506815193 0.114518590472307
0.0504706009324585 0.0721729670509384 0.244554159471211 0.165329377525775 0.249493882476165 0.217979012543452
0.237389901047703 0.086247068919786 0.112651785514365 0.301900370066689 0.0225787019723001 0.239232172479157
0.0136205914533065 0.368467471995902 0.119123589501966 0.368235725500174 0.0368667968602828 0.093685824688369
0.217214598501759 0.130478995464199 0.134714380561781 0.0757495197388647 0.226208024241087 0.21563448149231
0.0721562150808059 0.245589176521388 0.131298912562571 0.07831288473578 0.26800302823322 0.204639782866236
0.0375266026197022 0.237208723075173 0.23461776071167 0.0754158167210704 0.165061706946849 0.250169389925536
0.186098532835262 0.203665874576278 0.173953090664133 0.0842653861235923 0.153689035402333 0.198328080398401
0.100894330586818 0.010418942790938 0.162340240091286 0.279558886192505 0.445148824486961 0.00163877585149283
0.308519051145556 0.110306207207543 0.148562880486479 0.131412374915646 0.0342479283334786 0.266951557911298
0.0561476995875426 0.226194162208164 0.0777814578684021 0.232985708971091 0.294951002722722 0.111939968642079
0.103767383910416 0.268943978985892 0.0859123541170806 0.163461285906079 0.117628672944787 0.260286324135746
0.0705315556955357 0.236602312190002 0.202628196919948 0.108850592413792 0.296181431505788 0.0852059112749336
0.187406598363287 0.299595204348554 0.201327855926223 0.0306994635730747 0.024657119781489 0.256313758007372
0.251505088400779 0.183535001626349 0.0207807624141889 0.194162910022843 0.164337252604687 0.185678984931153
0.100672254624412 0.266315979494205 0.213680226915072 0.284959892800472 0.0750665886683822 0.0593050574974571
0.249453525905276 0.0753920941023102 0.252552002420845 0.227591567208053 0.18700601300189 0.00800479736162518
0.235006334891304 0.124705193510449 0.268536603605849 0.0340926983314737 0.0652187658769384 0.272440403783987
0.00151223926350944 0.0947851233765959 0.166886443922007 0.0618666910664784 0.551818900818 0.12313060155341
0.0695994901544633 0.190055539394384 0.220184896425432 0.2804380596368 0.0186334084244857 0.221088605964435
0.446994567606667 0.0276930873163404 0.0689406647260134 0.371111355931848 0.0822371117294245 0.00302321268970661
0.212569288800318 0.174294219000656 0.228070956575051 0.0542921580739492 0.0893054119835878 0.241467965566437
0.156174838895271 0.256787040423722 0.149372205085321 0.201773707169771 0.0433279185537798 0.192564289872135
0.205699707995337 0.129738233420623 0.166001604598483 0.185519832850448 0.204128682061636 0.108911939073474
0.275843675741726 0.00722099633798254 0.175425692955038 0.065769125566981 0.272975619527814 0.202764889870459
0.268824327754595 0.026047217457122 0.202966852488287 0.299358260555174 0.115866564663051 0.0869367770817701
0.0324446384699635 0.20963265109586 0.203529684559389 0.254602196653846 0.0741392576809725 0.22565157153997
0.0165486510303137 0.287562089783975 0.0846972465007776 0.085776958162425 0.346767245218981 0.178647809303528
0.251103412170659 0.277248513517261 0.0382071487566025 0.252406865386145 0.0435122012791792 0.137521858890153
0.243312235006733 0.177509147968455 0.0124516901914479 0.0702504467945817 0.247108895163188 0.249367584875594
0.0687857025248693 0.0795033869055871 0.280510173704655 0.197612941575733 0.10191408506079 0.271673710228366
0.0402044497799174 0.261100352401681 0.198365935836254 0.106665972550457 0.371181108375086 0.0224821810566049
0.215761434629164 0.0022204600089862 0.167175232080233 0.213763004103655 0.0979946232682661 0.303085245909696
0.303363581010741 0.0333115663784467 0.0804857845650947 0.225403752090955 0.152694151750034 0.204741164204729
0.0481609838860275 0.441052946625548 0.0588009404920271 0.37947647780829 0.0144658723098947 0.0580427788782126
0.0745329716494568 0.194751393911563 0.342780650814559 0.110103825139981 0.236640460591499 0.0411906978929417
0.00586631045972679 0.305922018205065 0.131709923303539 0.0113778016304889 0.204426025770192 0.340697920630989
0.0461215399994915 0.29584012529206 0.117007933910502 0.265274765750846 0.185257286236185 0.0904983488109161
0.0162186094435147 0.188889472785815 0.226352977516759 0.091991809663243 0.232046729034598 0.24450040155607
0.202818436398694 0.135832026885682 0.203045869196537 0.111756507012952 0.144703753274129 0.201843407232006
0.184939475079841 0.16869369789533 0.130474151462566 0.179020663825298 0.183612110250683 0.153259901486282
0.0902468989298373 0.216570383321787 0.108512216131978 0.158056638285106 0.155876522239808 0.270737341091484
0.277226421022199 0.129363797628574 0.0903887996383745 0.173982717148188 0.081011897800719 0.248026366761945
0.248171830517155 0.0495256321860679 0.0725894989912489 0.194417253135504 0.306759920490492 0.128535864679532
0.113157637380518 0.210837956929199 0.183933897693462 0.226583016596116 0.0583136199011339 0.20717387149957
0.0916697700833406 0.224684593085358 0.105467803373509 0.26156664554002 0.19761062764865 0.119000560269122
0.214013141391594 0.111532846359057 0.0447095451127662 0.0709997658320697 0.174389752950952 0.384354948353561
0.272014779338538 0.191521496923753 0.00574496260655887 0.161359623638251 0.345682100187725 0.0236770373051734
0.0891100717891482 0.175782987609901 0.253447083296795 0.205182503757123 0.133656166630758 0.142821186916275
0.220888988029314 0.0577782664055869 0.0882666852066248 0.0915509342525157 0.202584752108945 0.338930373997013
0.315676273742384 0.0248246032429517 0.311056407051527 0.0993961290828358 0.07961086034205 0.169435726538252
0.0132924395502543 0.060572072250119 0.480556378887688 0.0969212391957443 0.0082416333327474 0.340416236783447
0.180692311549364 0.304347368338035 0.118533987037712 0.0751647049017355 0.0303961863924288 0.290865441780724
0.228586763392116 0.0364619489021628 0.183853218915292 0.325327848540534 0.0512298822870985 0.174540337962797
0.206557822078345 0.109877868063836 0.162854967101571 0.132182576069016 0.216803816358933 0.171722950328299
0.00380220924190573 0.197327358482927 0.142829121639994 0.471510695465226 0.145657371337611 0.0388732438323363
0.09613384751002 0.139735601016937 0.243774488612223 0.216447836709287 0.0575346546245657 0.246373571526968
0.195057805959901 0.116620956310586 0.220989638040096 0.0802090547947909 0.186433813423691 0.200688731470935
0.324610454465013 0.154836823927734 0.0133499708042504 0.191214027102331 0.00582227795551078 0.310166445745161
0.177851525390302 0.10054225276454 0.15798663579223 0.223515454054355 0.193223966138583 0.14688016585999
0.203618444608406 0.212485786645094 0.0341741301403069 0.177549761171093 0.23833966173167 0.13383221570343
0.118537835806719 0.345779103539285 0.0722747378663955 0.192717611434452 0.114020289555413 0.156670421797735
0.207739924531788 0.0212237472198545 0.285607315959961 0.246693947530478 0.0378040974480267 0.200930967309892
0.169556268078409 0.333702663732777 0.0559357143316904 0.0277163590107513 0.0948744261447032 0.318214568701669
0.209103255160941 0.0427526122340971 0.146835438973818 0.265819532636983 0.160025509706784 0.175463651287377
0.195344013187586 0.32797233705434 0.103262330753052 0.0990137543379479 0.26166927954895 0.0127382851181253
0.00151858562089073 0.116396881350876 0.200043495242374 0.239526785338833 0.209029515229744 0.233484737217283
0.163238467375266 0.259758833746998 0.25964661309566 0.0881378557500459 0.0637564701336578 0.165461759898373
0.17145253977566 0.19580353064232 0.172172561534487 0.0636842828096534 0.185615793534034 0.211271291703845
0.1986708849418 0.217606982318126 0.220002932945277 0.0853884316114663 0.0438772151519009 0.234453553031429
0.0190860561387957 0.266321210727206 0.396340484758155 0.168763782217722 0.142260133863719 0.00722833229440309
0.253850433824428 0.173824229048544 0.0262420811425122 0.230758234254216 0.15021563650138 0.16510938522892
0.0371804779705258 0.196239099880024 0.118005656751249 0.172033334305638 0.250838291190412 0.225703139902152
0.238219421412754 0.177706959328142 0.0527298733751122 0.054104240067204 0.246515544359139 0.230723961457648
0.104290490229681 0.105950677913162 0.452311833251779 0.108144800277839 0.0319368461714531 0.197365352156086
0.0775635014636801 0.135484217951608 0.214007593567079 0.00783292558234809 0.28940107588561 0.275710685549675
0.0932625565780072 0.218183139423883 0.265205891206401 0.236051175170569 0.0123900295110402 0.174907208110099
0.033225618498853 0.406780475801776 0.170833770552919 0.151285768487971 0.156350753357212 0.0815236133012677
0.118290473849748 0.171249430285247 0.41354735192333 0.0330498181061669 0.190331961092263 0.0735309647432453
0.176533063701154 0.0723023063624527 0.431350497059422 0.138741651368996 0.0792042367637571 0.101868244744217
0.143289829223237 0.1996588124984 0.224715341348652 0.0586682013483534 0.169945428581302 0.203722387000056
0.181060121372264 0.292239741767877 0.0757485644047186 0.179641664632677 0.0211452565870644 0.250164651235399
0.122529205871745 0.23321749848877 0.215181705826479 0.0208640746436815 0.24741301641935 0.160794498749975
0.11583065504055 0.293932493303843 0.174158503470956 0.244277423049271 0.0834482716590196 0.0883526534763602
0.124601913559322 0.254216013670141 0.268235839437746 0.119627411756846 0.0900238586863435 0.143294962889602
0.289541174405531 0.152130726864104 0.304443220828625 0.109654958406976 0.020351279566325 0.123878639928439
0.177082242637952 0.14472258131895 0.155562431720863 0.173456647060517 0.155502424308573 0.193673672953145
0.186867598708451 0.117643689818882 0.00192540695289127 0.185508588582488 0.419434850211888 0.0886198657253992
0.0804551325461655 0.336783544244171 0.240252066332204 0.29167155903451 0.00488380384344292 0.045953893999506
0.0994932276447192 0.245004678763292 0.234319830561893 0.0901425023772252 0.163961096916818 0.167078663736053
0.0691547443870831 0.150028545105267 0.254132415184531 0.230799460848274 0.197637437647336 0.0982473968275092
0.0385147004862601 0.238662382521795 0.257160626704858 0.132884669695022 0.0884830359818613 0.244294584610203
0.0841230039489969 0.275474350264752 0.262155817227792 0.123013495175873 0.0998150931862096 0.155418240196377
0.328406518254091 0.017230845948917 0.124949355904355 0.242342231411158 0.269375339585129 0.0176957088963511
0.287172629004114 0.231429622914913 0.203693807811076 0.0470581881276542 0.0196122443854489 0.211033507756794
0.232001759747351 0.187178306045041 0.252325345062706 0.192375076861572 0.110319352082323 0.0258001602010065
0.0269601054867543 0.0650964571838694 0.362161456740029 0.122481725847969 0.305471329783942 0.117828924957436
0.0450973362570929 0.272989260416471 0.239569702814103 0.178614608832731 0.0715751196913227 0.192153971988279
0.0439840210960883 0.242960829484774 0.243897596546054 0.110796393436434 0.117664690812455 0.240696468624194
0.0141652440846543 0.247528114371276 0.202335147985143 0.0955910407694864 0.221648189830323 0.218732262959117
0.166342633055829 0.0584920443880821 0.326416831198748 0.025299219440511 0.101974479035149 0.321474792881682
0.0998971024310574 0.228950515680595 0.281290993239469 0.194753407780923 0.0845837028195021 0.110524278048453
0.191402323543418 0.203301123833527 0.103390936259051 0.127165472203482 0.237086359628241 0.13765378453228
0.108599062591642 0.235015571635043 0.0161493919099055 0.139950540139205 0.29980534070822 0.200480093015984
0.06451585152004 0.229337355781541 0.216907369764246 0.259641281578944 0.141759436065373 0.0878387052898556
0.223807153790238 0.120446276459987 0.241340218266783 0.0605642037034327 0.150480334193193 0.203361813586367
0.173392371187965 0.239444215831454 0.0131078482003253 0.206952308218933 0.0169720868503032 0.350131169711019
0.256770226394028 0.25817006882249 0.0804039765790759 0.000699505183646995 0.152832154076852 0.251124068943907
0.125169936937429 0.0695962338795425 0.252858209837027 0.231988847068825 0.0877602407002023 0.232626531576974
0.121100574876097 0.247038807396792 0.249562838952606 0.165796524919211 0.115607399200518 0.100893854654777
0.129968345128093 0.0584582692261144 0.191491664387639 0.161572734025942 0.166672415657326 0.291836571574887
0.0189426734385535 0.169744746177169 0.246967018152408 0.251989859562915 0.190803917779924 0.12155178488903
0.234814801382957 0.141926846390603 0.00245056325798096 0.243468058994829 0.135260712652032 0.242079017321598
0.159503615459803 0.162353574604706 0.165400752265452 0.218006028869284 0.190574393569729 0.104161635231026
0.240173234522104 0.120908966595431 0.157392039568377 0.274912001347006 0.0806586123656842 0.125955145601398
0.149789504047112 0.163373192915399 0.218295179423813 0.139018276178651 0.196707927386515 0.132815920048509
0.168755668738947 0.214439005646918 0.220668231624951 0.148365561298206 0.102145736757508 0.145625795933469
0.2323425493437 0.275716359249131 0.103634264352813 0.203158069092986 0.016368903749627 0.168779854211743
0.175232454406288 0.132841728323113 0.0648214854006161 0.182335031776124 0.113593449205879 0.331175850887981
0.0586885414122513 0.178645328446738 0.254533440046119 0.0870708316496806 0.268668914425837 0.152392944019375
0.236815416769147 0.0776650972723147 0.170984978314694 0.00363983212291447 0.270292363926626 0.240602311594303
0.220330341427636 0.214813883124144 0.0146951811450445 0.208009590969689 0.15967109813694 0.182479905196545
0.306588203161154 0.255337874884322 0.0267526087063788 0.269975228164962 0.001163255551808 0.140182829531375
0.114332060846497 0.282948601126473 0.154886561396105 0.091969314681354 0.0735994177718656 0.282264044177705
0.0970839971463561 0.218606084612021 0.204181667630994 0.18208244553569 0.00353883803203818 0.294506967042902
0.168216001910369 0.180608615229481 0.19752915800286 0.0891636234802118 0.253472655150363 0.111009946226716
0.263592583901452 0.19845608570447 0.142682230004628 0.191261708002538 0.028351626150908 0.175655766236004
0.137560578188474 0.198448212826794 0.134439223816998 0.194972495602726 0.200359293209538 0.13422019635547
0.0936117773763767 0.164000800073563 0.218500568032949 0.199832780720662 0.0901160175387633 0.233938056257686
0.31935299642502 0.0347542603669459 0.161483081170069 0.230387844509739 0.000677769564488545 0.253344047963737
0.0889488928749822 0.244273127477699 0.0306473572100127 0.123855809030049 0.316614083132322 0.195660730274935
0.028216085299036 0.298292146713223 0.285994367059072 0.0160840456140394 0.106734659747632 0.264678695566997
0.222041839751802 0.233827890522322 0.211083701564578 0.00184980812910183 0.241505525548854 0.0896912344833425
0.283105130093141 0.288120775248869 0.121243925171057 0.0623475458334642 0.166176414929016 0.0790062087244527
0.297280532997441 0.0809975260934939 0.318498782785303 0.133951426458161 0.104150224094338 0.0651215075712622
0.219025512084556 0.10124164793063 0.153501431533959 0.0488652910553428 0.257482512790635 0.219883604604878
0.241203741295354 0.0802977211332208 0.291889731583305 0.130636688995644 0.0574653358496994 0.198506781142777
0.0259176895170754 0.2665726973146 0.193859156077047 0.155402178160231 0.115552731747982 0.242695547183065
0.0582093537758224 0.112643601142321 0.132884896999643 0.283041850307172 0.307621985835427 0.105598311939614
0.130049274759098 0.364968685931118 0.225984716203662 0.0262544698000746 0.237589523965135 0.0151533293409124
0.167484576696125 0.320056556946101 0.208445888960192 0.206822596881252 0.0253354475185484 0.0718549329977821
0.161831314027012 0.112059499379943 0.324720840010048 0.222828416175865 0.070801953920517 0.107757976486615
0.0593876630530871 0.185867632702853 0.194986959441602 0.24855222716904 0.154321405869773 0.156884111763645
0.210790372613387 0.420873274231102 0.0747414390000059 0.139000790846412 0.0898631771300351 0.0647309461790577
0.250416897934512 0.144743246743048 0.0891175258613156 0.279981073660319 0.0116751798156552 0.22406607598515
0.26253338987235 0.181516889621861 0.0454425959460951 0.0263813818223062 0.218662125751953 0.265463616985435
0.0623139688914972 0.186393851708032 0.120855526833478 0.0961344818672176 0.265031537908075 0.2692706327917
0.229493912822595 0.00118237755487089 0.238068081145445 0.0653229403997076 0.124229525143637 0.341703162933744
0.257040200131257 0.0682475809000801 0.30542561964302 0.249421277338729 0.0906226109399093 0.0292427110470039
0.202585199588993 0.154481080720513 0.215349744068662 0.216078115552091 0.117263624032085 0.0942422360376568
0.284919147469342 0.167992431407005 0.262543860602923 0.134685067994416 0.0668665280301897 0.082992964496124
0.189516231818525 0.137184575400292 0.100061499577914 0.275807376827278 0.214871158272534 0.082559158103457
0.0430190776415422 0.136752817288248 0.241739107688517 0.108166921886098 0.322509137845882 0.147812937649713
0.312561584679226 0.0458678889321052 0.0208802502058407 0.232810791332584 0.357435446165291 0.030444038684953
0.19345802523545 0.0293348177801885 0.207171590980977 0.216940955803766 0.188861327822873 0.164233282376745
0.153864570274203 0.214679964512145 0.205831316718605 0.143727483700323 0.184651214788058 0.0972454500066656
0.094521113362917 0.296729538115365 0.214901479046051 0.0350370833959682 0.148619076956518 0.210191709123181
0.365602357666845 0.0108262331745964 0.154688950443174 0.301356958062782 0.0409212926932005 0.126604207959402
0.237699306572343 0.192758281811066 0.231395221410945 0.225736374328843 0.0637641634305344 0.0486466524462681
0.0182858525896246 0.222417106338024 0.261455447474282 0.178226709136827 0.174277938578133 0.145336945883109
0.207537570056916 0.149445891167753 0.196667486234485 0.0929836891755793 0.249751835351627 0.10361352801364
0.1418433428041 0.10337605441983 0.132540748843817 0.186389945313076 0.191128432915854 0.244721475703324
0.211624554010466 0.153446953192829 0.0229963019843941 0.120982266495141 0.255100372076296 0.235849552240874
0.147206444631983 0.29320987974723 0.230415893806427 0.041254647415114 0.0435975702057367 0.244315564193509
0.184616182446279 0.172035236510976 0.14838464855543 0.114890052539151 0.192547123875468 0.187526756072696
0.505762295785881 0.187196758047872 0.0572725991066948 0.123349506684913 0.0614238137316492 0.0649950266429903
0.0325853440005585 0.0149382189079874 0.0942923769342031 0.271562170803979 0.207792128094205 0.378829761259066
0.260872113936867 0.315357807524663 0.134337472488771 0.00140651216315018 0.0506699501937031 0.237356143692845
0.145926015969868 0.331685953611269 0.144725483606952 0.16904903751863 0.0309451751060436 0.177668334187237
0.0644769210938244 0.185974576122588 0.276395794785132 0.0770941691642653 0.129512906098118 0.266545632736072
0.0298897232036949 0.168619301045289 0.103604578347321 0.265709148557479 0.260682846495101 0.171494402351115
0.208153275721266 0.0557062559330013 0.319584568036957 0.226953244281663 0.00868771888713228 0.180914937139981
0.0460332860682083 0.278958736723173 0.164605466621344 0.28666391875863 0.109705504994967 0.114033086833677
0.0102160036318877 0.0437608015156249 0.252735390707969 0.14740642117096 0.289746936392071 0.256134446581488
0.000101458252266913 0.0464924318742532 0.0353485940662459 0.201671169857989 0.400107029956432 0.316279315992813
0.271644850270825 0.0853803922973484 0.141185616015714 0.0409849692451413 0.197119450573692 0.26368472159728
0.182296314368345 0.189692946943526 0.0200887219134053 0.258822492486227 0.184749566133327 0.16434995815517
0.000782104650625954 0.182952744120701 0.215317969228785 0.178715071624184 0.155940233376995 0.266291876998708
0.26909566830681 0.0106173183775066 0.0166830090566912 0.257370725374432 0.141288685455306 0.304944593429254
0.0967784259282419 0.41030982201423 0.353707643730883 0.000502710737111671 0.134505237567817 0.00419616002171572
0.0393182548858152 0.15283520401361 0.0943457021262005 0.159382812729503 0.285788082183628 0.268329944061243
0.0294672408322356 0.295112109475445 0.123287956406292 0.0124168999217815 0.254399676494808 0.285316116869437
0.245151157001158 0.26220981188943 0.160534652719427 0.180129581770664 0.0893647027147324 0.0626100939045885
0.235759059177014 0.0696929156889245 0.165766634826497 0.143729041194287 0.241537012720178 0.1435153363931
0.0787728626151679 0.26119596684545 0.123169226698991 0.099773456340596 0.0739426458908111 0.363145841608984
0.119378575982252 0.269384205405529 0.245971072097878 0.282913761740649 0.0732837046417741 0.00906868013191867
0.210573248269779 0.175686843529784 0.130649738486745 0.125811769517506 0.110147685282745 0.247130714913441
0.178616658588947 0.224985392144365 0.235702369672135 0.0228849557494594 0.223756950020256 0.114053673824838
0.177680395902635 0.213305511724577 0.166229908893384 0.214781862528079 0.191440263990515 0.0365620569608095
0.136250417385282 0.192002391766825 0.204747289694159 0.0269052781932501 0.26928964548821 0.170804977472273
