0.115832419433995 0.160572128092931 0.096821400323964 0.114694476597134 0.143063454779878 0.0592655595997724 0.147360736431434 0.158762375560196 0.00362744918069679
0.0559915724507321 0.148479081111153 0.182392005505801 0.115645861737359 0.17353290929293 0.0645211658609602 0.0929310899695243 0.0974666103927564 0.069039703678784
0.215850690029816 0.194085413093909 0.0840444116157162 0.0729422153689962 0.0646842023009358 0.0340881091415994 0.0396923363408118 0.0959228135285735 0.198689808579642
0.126178241441292 0.118283669031203 0.0708353610392595 0.0543725249456146 0.152460954658158 0.1830321361185 0.103760538888778 0.0866782392879702 0.104398334589224
0.12256652949267 0.21497904178384 0.0851814022488478 0.0865822672303911 0.138003350086641 0.0684730890791509 0.0386962273440067 0.0766433190192396 0.168874773715213
0.0686506090339929 0.0435578174012358 0.146198509589831 0.0521146001149846 0.1511051160484 0.197527913996926 0.0651899127778787 0.200172335522717 0.0754831855140339
0.109813114902408 0.170174784239035 0.117904896566273 0.0556253662341834 0.0378420292535172 0.180396769570578 0.0172446024072054 0.193120505671187 0.117877931155613
0.00747058531061386 0.176386803505732 0.229900405059664 0.170033575672139 0.0699820322648368 0.0578371926886171 0.0458953342102587 0.0403667450908421 0.202127326197297
0.223572958732994 0.0545241095590919 0.0136405293352243 0.105529764871547 0.0779004826255966 0.0987178705279175 0.139076858044603 0.232313363438791 0.0547240628642348
0.0998188508889671 0.00541207848961372 0.192576944649054 0.0412495340223026 0.147153107630456 0.175814225087698 0.117071790203519 0.158197905412606 0.062705563615783
0.0498478523028214 0.179153873348416 0.00532212274568376 0.151811490875413 0.12219651408558 0.10954272876574 0.166953829633748 0.0601712453164275 0.15500034292617
0.176718206745348 0.178906218296528 0.0203527445377476 0.0706812016439218 0.118277210299408 0.154021199914767 0.134511494325219 0.142879384842761 0.00365233939429939
0.0978301759108382 0.133227102486905 0.0621494390142406 0.165008039380661 0.139654140213795 0.203124500558581 0.0101985180421873 0.0382260836226116 0.15058200077018
0.165854412056286 0.0196500222013552 0.174761064840638 0.00301016604220477 0.17373944092588 0.147668686044748 0.0886584695889707 0.13820666352633 0.0884510747735879
0.127366364926346 0.213754883989247 0.0581119945311169 0.0972854386876329 0.207951500185554 0.0114750947653594 0.100059422524345 0.0192287584432977 0.1647665419471
0.163728972010953 0.0494488353108371 0.126591875946886 0.130259452406407 0.0715243015773338 0.133912146946771 0.118436602726038 0.0545174768864829 0.151580336188292
0.113340998651443 0.010232894444375 0.00386289138949028 0.173756181469456 0.11110106024418 0.245437367663853 0.050887258276923 0.0564112675019012 0.234970080358379
0.122213311005905 0.154401650155926 0.114616126418321 0.103439832771433 0.133835201078412 0.142326117863655 0.0375444954422533 0.0483410934976877 0.143282171766408
0.0275307131635309 0.139456135821765 0.0635091300418573 0.0104547552768319 0.0866779829635222 0.0978242424770008 0.203899943408136 0.154606476570888 0.216040620276468
0.111618521384253 0.143400655478083 0.165251527698127 0.0693344019490447 0.203909047470419 0.175107188179049 0.00946252782766242 0.0760880926558431 0.0458280373575191
0.172051481123912 0.0184119950170253 0.0956992290714394 0.223871699949871 0.154307775935912 0.140641474066618 0.0226105335121894 0.14097327862306 0.0314325326999729
0.0634401172725492 0.186932137138602 0.15863282344554 0.186956640051626 0.00941471303621625 0.0184002127707448 0.182536385264938 0.174580807755189 0.019106163264594
0.0246301015524679 0.0862333755374963 0.070779053879155 0.0498997385994746 0.0818345789610134 0.0104791339384891 0.222426275478982 0.175661897670183 0.278055844382739
0.0821238276991058 0.0121977937490278 0.0711422993109309 0.13847967195705 0.0867594913446482 0.155778236154269 0.148881330967669 0.1481968758331 0.156440472984199
0.0510320675746404 0.00859393403682559 0.0218788128524211 0.222967619987764 0.163652846391221 0.221687269621128 0.0473743392290804 0.194124902022898 0.068688208284022
0.139923457567659 0.111150699322219 0.113464116494585 0.170956300259253 0.127292014266935 0.102371153221388 0.0317084486676695 0.165736658549222 0.0373971516510697
0.0769312823895929 0.0717147144831416 0.0638722820715844 0.221904623079353 0.0247603740579812 0.0116986458826595 0.0779707352597447 0.196854604976627 0.254292737799316
0.00272032520861993 0.0700694840083408 0.0701237286392489 0.0309936764213706 0.260705436098262 0.193708894534053 0.0852488034218987 0.0613228224136428 0.225106829254563
0.0765291014195953 0.189045774336865 0.194271432618979 0.188786922255028 0.125239996940907 0.0149219406116612 0.0408506262188128 0.0703540962002736 0.100000109397878
0.0693232483527086 0.162648786738562 0.138839486782665 0.153902552561452 0.0805937664934742 0.130557309264327 0.123817594387091 0.0769350343790071 0.0633822210407132
0.11027866442212 0.149160889161132 0.0309326255512697 0.0551955986692222 0.0732044749930541 0.0571706836423163 0.0764232190769899 0.225655499122368 0.221978345361528
0.0140100484600291 0.155312188310818 0.133943493041855 0.0750998467488847 0.108390513170535 0.175825579315386 0.0714873237749639 0.145195413407583 0.120735593769945
0.00175524761188845 0.0369605410080125 0.159845928766919 0.214346745449468 0.048596253693478 0.0902971494432548 0.0560636970654624 0.205427652277691 0.186706784683826
0.0973352269747189 0.0276578738580004 0.222940594803499 0.100426776070857 0.150260974673421 0.10368856606623 0.141899901782811 0.072716018661963 0.0830740671084995
0.175538737919991 0.12946059783765 0.0834731000126314 0.100326302654267 0.160927589490243 0.0435172597807783 0.14885666961233 0.0985086528631544 0.0593910898289545
0.153480246047162 0.020437503243331 0.147024291382582 0.0840800783248049 0.181833615180948 0.0954909734486594 0.125157083249151 0.145923855946016 0.0465723531773451
0.0545593255591074 0.1077000334389 0.0300319322626059 0.00404749499047542 0.0974165164265084 0.19512188191441 0.214291887847583 0.0619453332954829 0.234885594264928
0.0349024433572601 0.191117020390931 0.137438890899023 0.249255677933407 0.0501500122083584 0.106070921249845 0.135502103946741 0.0425150564632414 0.0530478735511931
0.19217750817199 0.0330823532103997 0.106081613839784 0.0411062505018452 0.0876961419613017 0.210158490634579 0.0270256341130262 0.214699317622773 0.0879726899443014
0.160075257302204 0.0110771812039323 0.0635311044982802 0.117568958308328 0.109220999850316 0.0873896962131702 0.1369069794226 0.100208231269937 0.214021591931232
0.064528400970674 0.0983132925581942 0.0632333673863918 0.0711594514636228 0.145323931247332 0.149161335173602 0.146375137178131 0.103496249086435 0.158408834935617
0.21173417085145 0.0416702846469136 0.102517153398136 0.204672731347406 0.0501158944663872 0.0412583041968305 0.179631732420977 0.0153428848481507 0.153056843823751
0.020955092541065 0.140240903904196 0.0603767142094969 0.195522298721225 0.0475594700830563 0.0515307769040376 0.183890599115257 0.0326145150104482 0.267309629511218
0.0351322945536586 0.0369422871532784 0.0497282709682872 0.167380060188403 0.103190605725709 0.147918458388543 0.158747292217284 0.16142737566148 0.139533355143357
0.082730911994719 0.122975985217542 0.0725154237956893 0.0845656809938822 0.145752866296088 0.0238019493998546 0.0884168787763718 0.246345501163549 0.132894802362303
0.177051533867884 0.173727779959734 0.0392724472692608 0.0241830896637226 0.12882355695373 0.0619081350777706 0.141449164799586 0.148509796705473 0.105074495702839
0.0314254854631042 0.124183048187525 0.17945762452746 0.173642991294591 0.0239495881642746 0.242373162298206 0.059508455053858 0.0719876000685237 0.0934720449424574
0.142201776090946 0.110720075868862 0.091878515298068 0.0286974921317789 0.0209035858184006 0.206921219048852 0.0936527031150425 0.109536199667817 0.195488432960232
0.114531193468739 0.0700809183509743 0.0768863019408161 0.162583627671203 0.129725117917129 0.191673966520367 0.0932861439905111 0.139608526203168 0.0216242039370925
0.0780939383858386 0.081134293783453 0.132730384579343 0.08398778010365 0.157551549781877 0.0928735210760338 0.0641801873094068 0.14474756708081 0.164700777899588
0.0449499588596944 0.151375835761579 0.106739287471675 0.171444028873923 0.201966781919814 0.0477246451839459 0.0732262074396947 0.16804661230311 0.0345266421865655
0.0336437432269052 0.189443669635842 0.131339729082686 0.104491418729169 0.129862220124205 0.062473078849844 0.074495622067574 0.134205332624016 0.140045185659758
0.159526009710248 0.160070803267089 0.159898086975031 0.110072599247986 0.160403904915505 0.0268494260668758 0.0702437895997501 0.0375704383023986 0.115364941915117
0.194956685478446 0.109379785186371 0.0735911579139958 0.00817984656013391 0.190770011630839 0.0752590251077468 0.0979269539776012 0.048897919165936 0.20103861497893
0.0327165170953147 0.155927762344748 0.0514056203997429 0.103436394755391 0.0131994150540861 0.165679658340009 0.142554633940739 0.164546043740695 0.170533954329275
0.149251730597466 0.164949635195014 0.136929480763359 0.0280798025085596 0.141763794963443 0.159050174086128 0.159583573239528 0.00918923820986067 0.0512025704366416
0.201244464837425 0.191426728271235 0.0866498536603612 0.044485519436144 0.0256267272704646 0.144596547951356 0.0965143870614036 0.0616468428477955 0.147808928663815
0.174374548457145 0.0328264801054675 0.0905067657429444 0.265166220552289 0.100127488620558 0.0128089410437308 0.189807753940469 0.0185455844651783 0.115836217072218
0.187650798137305 0.172002333293617 0.0699230302809346 0.0832117458972082 0.00356379443390557 0.0560151123966777 0.157694026177842 0.229797501486985 0.0401416578955248
0.0265570179694635 0.0340255527705571 0.281164205655095 0.167704317725722 0.0467841724668034 0.169590499631772 0.14908563619099 0.00213781785703195 0.122950779732566
0.024425959868455 0.121374272722822 0.0770064902988394 0.19423487210401 0.113200872718394 0.159670851639822 0.0965117792405311 0.111397700500243 0.102177200906883
0.108258720317353 0.10319093726618 0.0843005608505189 0.161487235605419 0.0686606767948859 0.106293008648786 0.0750260311841306 0.133295431588072 0.159487397744655
0.219919676516434 0.0995507466396715 0.023585051347487 0.132824708567306 0.118147638556043 0.195022762005636 0.160162137569615 0.0471226741552744 0.00366460464253418
0.105034587860466 0.0736121857095272 0.114310007305357 0.144256316903301 0.179752024776691 0.17404520722997 0.00489043084195522 0.0373272972520854 0.166771942120648
0.0621462645455177 0.0913918911515261 0.146099583884174 0.106620631664385 0.117223960824824 0.140776574357326 0.046247771351683 0.143484514697618 0.146008807522946
0.197689406194221 0.0272650628668105 0.0891501412468295 0.104084707738116 0.114047746847352 0.123200981114949 0.0125223700337187 0.161446459144855 0.170593124813149
0.151908049611209 0.117468430998887 0.0724884792438434 0.137672515127306 0.218068923453098 0.0304657616426542 0.139721135505418 0.00923722398212292 0.122969480435462
0.108656486733507 0.165139159050538 0.25711947596546 0.0678464898893695 0.00683856588617256 0.254544670473863 0.120581717704327 0.0122625714520073 0.00701086284475594
0.159317621234751 0.120197253173659 0.0409719673900162 0.106476364923252 0.0704262938972866 0.145965421465754 0.152034022368292 0.0473297060608829 0.157281349486107
0.0373562734333876 0.105513980206484 0.287383940833859 0.15164542175376 0.201477164260604 0.0159334177807624 0.0517346659149364 0.105581193853882 0.0433739419623238
0.137066956803099 0.126337559298015 0.13941593673955 0.0573554364456311 0.103175680389449 0.014063008134009 0.215379255707317 0.111127469755139 0.0960786967277911
0.0250135972864988 0.254233809895647 0.106363072068384 0.0483335161328335 0.0201830036602424 0.195373613449924 0.0458694044111232 0.268243980649993 0.0363860024453538
0.133799625374662 0.125190861137587 0.0688419787109542 0.145958595897534 0.0384063332444676 0.158489296908098 0.155348587189838 0.132245496414885 0.041719225121973
0.148003951570594 0.0839877219809853 0.0306415107024325 0.153789788078167 0.113164153312312 0.10112384844065 0.188513168174301 0.0904482734665956 0.0903275842739615
0.0606225275501893 0.0805543351640842 0.0595289375842865 0.0875468824959228 0.0670282483495534 0.0596978155310625 0.149637556056401 0.194489178861353 0.240894518407148
0.121815608981433 0.149131602531409 0.151618272568431 0.193591549298108 0.040187609057231 0.0727613015932667 0.17990941823417 0.0876441895628753 0.00334044817307618
0.0896831238119629 0.0480223628149182 0.141492650493329 0.178093214183016 0.0429518150128704 0.0347389931094364 0.154709722965243 0.15214182888098 0.158166288728244
0.0830188518725065 0.0950759331001569 0.00684859108836852 0.0547861767306569 0.233824391748855 0.0689418790910802 0.252670414641068 0.0178584200852134 0.186975341642094
0.152919468127411 0.189236683545425 0.0328303208786121 0.24904516826987 0.0566257499157022 0.102265872957427 0.0559458741742078 0.118411558975987 0.0427193031553581
0.0545202979188765 0.134788568025559 0.198009103279196 0.257131394161519 0.0805620455958522 0.0746779695509162 0.106635373926103 0.0619050360085305 0.0317702115334477
0.0875054628446602 0.18274899352447 0.0672164603590669 0.0945491057692299 0.139452196284527 0.160741887368755 0.175189787687311 0.0650153901416895 0.0275807160202906
0.187812850879221 0.186751211667706 0.118633989176772 0.0580789134611251 0.119434354033407 0.0385385722655202 0.0165848338698019 0.0302429102946301 0.243922364351817
0.129103857971691 0.0717318227381924 0.128188195790927 0.0788885762331687 0.209323716872374 0.109563658033614 0.0275099254670098 0.0774711655000721 0.168219081392951
0.247480853805519 0.197359245639502 0.00673835458412107 0.208221730339432 0.0878543372954573 0.0138468276730235 0.158662272013992 0.0249935197787496 0.0548428588702035
0.0987174589633655 0.0843654747859804 0.0312055619891263 0.220538527848416 0.0934763382227278 0.121818581302156 0.238407499091066 0.0506382451973983 0.0608323125997632
0.114005216848981 0.0649953008199211 0.226136726616578 0.0389582601874789 0.121460747182276 0.0832294419778925 0.122279633185931 0.125805000715334 0.103129672465608
0.0027341677035776 0.171100708867411 0.150032707305528 0.132124888634034 0.124255318253272 0.14451579722444 0.224963255933862 0.00560228421943666 0.0446708718584377
0.187759005766113 0.0884587674582596 0.176526420856074 0.108643345076575 0.0786204769281405 0.0084228231553575 0.139396650361883 0.0872324539724431 0.124940056425155
0.0371500843350476 0.0555809245335724 0.207431310306744 0.12357978052439 0.0207459003791211 0.063782152748369 0.249163925221776 0.0765784231010614 0.165987498849919
0.0169477605679636 0.0953090068785191 0.180890510612517 0.0198264215379101 0.0365383652629857 0.21797870275181 0.222167395440751 0.00102343109760573 0.209318405849938
0.0312281001803648 0.157977940501666 0.169926036818907 0.0128354561621909 0.209277250652561 0.206616598519144 0.00019566698966126 0.0432272712635102 0.168715678911996
0.121599701362631 0.105796749939109 0.0739615773807878 0.0386015766802903 0.132543870131516 0.118867306013595 0.158592031800725 0.137808890480077 0.112228296211269
0.229089266810776 0.204295901711455 0.0236730660468795 0.0214665851559522 0.109332118909521 0.042206875062065 0.0829683823568658 0.234377975039756 0.0525898289067288
0.0521501583412568 0.11909858763373 0.136115750320201 0.131475317047536 0.117702548010221 0.169991779970468 0.113473523935635 0.0350709512201351 0.124921383520817
0.0437569899864064 0.210081744465208 0.0463050083151453 0.161039466805105 0.185926820919044 0.108438111164201 0.0650812394138395 0.157562677167869 0.0218079417631831
0.0928122836824996 0.0200704226750122 0.141307029462845 0.106164495784084 0.193082755108949 0.0806304956817955 0.179508683498513 0.157245749934307 0.0291780841719939
0.16766507713483 0.133991088154003 0.0264423135811411 0.0969870239565698 0.0440312339162315 0.161714502599129 0.0931223306449904 0.114522558171222 0.161523871841883
0.0789337652257861 0.228176984124179 0.0208505015017066 0.173455679340318 0.0812545488182022 0.215054729226351 0.0482336581123048 0.103009660167225 0.0510304734839271
0.174979848886511 0.112016262759851 0.00943123405383209 0.182127527798977 0.0750282800026901 0.0599406714677129 0.109602986621647 0.0810259013344649 0.195847287074314
0.0698864058173857 0.0712101144629508 0.201423282694743 0.158734115479369 0.12027203195469 0.136777975006394 0.0435991138164824 0.147989178574868 0.0501077821931177
0.137236394390558 0.0946138136178931 0.0348047791277615 0.213515397477097 0.0510479450818107 0.152401431067642 0.0887186986447592 0.121158478615547 0.106503061976932
0.0224982168944939 0.0249945464087643 0.218174572431972 0.0348681118982525 0.117991699091783 0.152865260519705 0.221279728446116 0.181331952021639 0.0259959122872747
0.191957094478091 0.0845411491242022 0.232432499021808 0.00728266740372667 0.0362551120432794 0.0310711445565421 0.188282017768368 0.0523635664403887 0.175814749163594
0.0307314784602737 0.157097051717909 0.194107213492644 0.0126748897332867 0.157092012556174 0.135639031609698 0.122074664867797 0.183639124258922 0.00694453330329472
0.103414864209905 0.142824402292364 0.17691395428467 0.00539616267139086 0.00605687329827651 0.181381006160172 0.0827616230501285 0.139215791953466 0.162035322079628
0.16207903266505 0.0774966628341515 0.100392013664812 0.0664523019963646 0.100985115673391 0.0729675146720242 0.14864005789868 0.18277676599599 0.0882105345995368
0.137217583958302 0.197244323328785 0.112715303140404 0.0887144527945647 0.0320635927434457 0.0305782777535936 0.15029480643973 0.151975484455029 0.0991961753861464
0.00924534136149685 0.189857605311219 0.206436138788798 0.0241338580775238 0.147778855406537 0.0392828506889577 0.17240030386595 0.155360645135335 0.0555044013641821
0.127584610726355 0.19324782863494 0.0488486418712811 0.112123227790362 0.182832249247626 0.0818521783938142 0.140121679175648 0.0518650919701406 0.0615244921898327
0.116299850699737 0.100806389941091 0.107481449579095 0.151597936131627 0.0875046002058388 0.0754691319412118 0.164004791552801 0.11509643902618 0.0817394109224192
0.181300207120516 0.0701818736858531 0.0469594694180132 0.27055221083868 0.00586557635619185 0.217564198304542 0.175487464636679 0.0157544524573955 0.0163345471821296
0.168102930741144 0.167891536255985 0.03457935635763 0.127398888885769 0.114204708698741 0.00583040585037908 0.143655953571881 0.070806409497318 0.167529810141153
0.207131288832162 0.115880998882604 0.05932414040082 0.146473162793141 0.0931631433379621 0.124703323381912 0.0474267703730748 0.102599031674871 0.103298140323453
0.132166501062771 0.122479333732284 0.120863589270909 0.112294904007636 0.00704346900826514 0.140107075106189 0.0653317360441006 0.168720576619333 0.130992815148513
0.0746560927918428 0.113447364463195 0.142200560349968 0.138111806455263 0.0551745620515907 0.125839409821567 0.102091512352767 0.0926452244684326 0.155833467245373
0.103513893477119 0.140036959493986 0.169904362149887 0.160915124623107 0.123987283920118 0.0881775443427811 0.0957132820170576 0.107877822622678 0.00987372735326659
0.0568151066747098 0.0445430707001425 0.0859162736416938 0.224650476807486 0.053019347903221 0.223366304585043 0.152946968680745 0.0590842125966745 0.0996582384102837
0.144867971620788 0.199638915905454 0.193530773623977 0.0112452527056623 0.185009755546649 0.0425981794155489 0.0397897210073123 0.169741790310873 0.0135776398637354
0.17053770403609 0.117488297264951 0.0177827563173964 0.0372826041553146 0.167133771241951 0.109410116692751 0.0913310402647381 0.0878088469931261 0.201224863033681
0.221207053252871 0.154555883858405 0.0482845427710716 0.0285782797313866 0.0642353421684326 0.119653182809782 0.1011767101733 0.157632608845148 0.104676396389602
0.0670901849376193 0.189922028414074 0.0964735000294576 0.15972242910533 0.161877124955594 0.0769130996506104 0.134263484401587 0.111993792940046 0.00174435556568173
0.0377562184266616 0.0398586701495687 0.203186352308563 0.0717967609017999 0.10071397184691 0.217637869139085 0.0573381042696934 0.157293751319197 0.114418301638521
0.127548904579011 0.121002140859664 0.111335394600838 0.123124205025628 0.146478002947534 0.133057825172151 0.0395928878432451 0.163996480128937 0.0338641588429907
0.144800614789586 0.157742245960759 0.0712895276393677 0.0189156072451151 0.243771810782984 0.110419924665572 0.0648552760750757 0.159639296610547 0.0285656962309937
0.0422523830036819 0.0314660901381821 0.286298956943298 0.26548147629993 0.0411815414332897 6.04132751958443e-05 0.12026596351162 0.0517988377906277 0.161194337604175
0.180036730556056 0.0528950889984786 0.0536345102634523 0.178229246935994 0.104632755811863 0.0824449029225311 0.10705222581481 0.161226063754525 0.0798484749422911
0.0946893243554816 0.213050836850594 0.0135985484539125 0.305028446111427 0.0213373174370317 0.0197153162218392 0.185950670832285 0.0339203181230281 0.112709221614402
0.0408969042117268 0.140918545379358 0.00272851608335846 0.116641494998689 0.140587863134275 0.128062513302391 0.160064586347984 0.1593530140836 0.110746562458618
0.140438743807313 0.0923585072462244 0.0236178849344856 0.0705103845101499 0.137189181630935 0.193415286324233 0.106042735512176 0.11688242284771 0.119544853186773
0.0197655971614861 0.028297326784001 0.226700733625035 0.0624177302607105 0.18615499735779 0.171711892558978 0.210417552692201 0.0145080584679019 0.0800261110918965
0.0491011115475652 0.202153045788019 0.153487635843988 0.0220145820187461 0.179873273164957 0.0436858980504172 0.146201127535503 0.084587433334163 0.118895892716641
0.207084213554739 0.107186075545821 0.022087895337017 0.102183151886383 0.0518351167402686 0.0756759886935006 0.191091758730217 0.0534873972896387 0.189368402222416
0.0254334924205074 0.271820782964929 0.0756137647292034 0.0238839187343966 0.0918521824636113 0.217231041366089 0.195395732238759 0.0685654207782767 0.0302036643042282
0.0201636263165439 0.0129628951526845 0.290917620009842 0.109740575673984 0.253940639885519 0.105697061341075 0.0469112588398439 0.113218843740582 0.0464474790399257
0.0545405630776122 0.126714797626111 0.126088342148116 0.13026885589924 0.0355015124614193 0.106049699817186 0.171313573013166 0.0988571601367766 0.150665495820373
0.0568793616069259 0.0016442865258961 0.223599962820671 0.0747117737640033 0.216993560307678 0.00489699142089383 0.223603837860986 0.186929429414355 0.0107407962785909
0.252475540781621 0.17005170860056 0.120651907472409 0.135749361838577 0.0932270655388565 0.0702622716073901 0.018953820699699 0.0766977831750565 0.061930540285831
0.131134238690915 0.152233102127999 0.0100931911898649 0.145211668748853 0.0074796853312662 0.174998183692595 0.0224428491189507 0.192649782884702 0.163757298214855
0.0360146717355087 0.00269175685215462 0.00460293921342243 0.199812216377366 0.150966986693184 0.185703634680735 0.0137836245261725 0.199890527268358 0.206533642653099
0.0716910815774003 0.128136970294215 0.142925054491757 0.0366351589076289 0.11620602819673 0.0963124521810448 0.137960945381287 0.140723451536457 0.129408857433481
0.026688481108072 0.0514071462469863 0.159111486468943 0.193644853808976 0.147657269984334 0.081170610072856 0.129845923437201 0.182384137980585 0.0280900908920462
0.0264642240649404 0.250348863457577 0.0162414928655414 0.220594368122711 0.00504491752320581 0.0701047553327201 0.159768619505495 0.0620280245864077 0.189404734541402
0.0923482426211042 0.171212779013339 0.0830602526781497 0.151236251617834 0.138206596657922 0.00270169976086662 0.0711396479154845 0.131586849199127 0.158507680536173
0.134341702854007 0.114894372838081 0.12832605556095 0.157392087732708 0.0775225095497528 0.0704047619721657 0.0838941456355497 0.171326614138394 0.0618977497183912
0.0806768776902585 0.162145024792201 0.126808933490684 0.178427994868968 0.140854502837474 0.0489053276061026 0.000226414590869959 0.102319221070483 0.159635703052959
0.0567486508252983 0.0349675142505863 0.153595092988093 0.16589240007429 0.129555536905918 0.104789186977722 0.130314420221318 0.0911511080794662 0.132986089677308
0.0218654281970851 0.0393853542981365 0.16732110959412 0.17089054840738 0.0475475471675735 0.124531199084796 0.172114766815503 0.10844269785149 0.147901348583916
0.0580412292949796 0.0448974155489419 0.107520140644324 0.17015706664898 0.122200221080003 0.084438056810743 0.107672918911361 0.136151439324849 0.168921511735818
0.153714789942053 0.124876140178603 0.0402974455673573 0.266530303879886 0.180198332402387 0.0734484472187514 0.053301097388622 0.0365947581419238 0.0710386852804155
0.142655544983369 0.195386885637492 0.128443686763553 0.0355033494220937 0.07511897050012 0.124293197473392 0.0238595217377144 0.0697706857743497 0.204968157707916
0.0867748498609222 0.191238122650435 0.205528363816135 0.160393938789344 0.0301644589276212 0.210677433702255 0.0222332973865638 0.0434443945875519 0.0495451402791721
0.00498696542947836 0.141953454941221 0.18710292372511 0.210399251146468 0.0239751018647913 2.73625938757105e-05 0.147987207633702 0.227618267300715 0.0559494653646386
0.0993519008723771 0.23833331794687 0.0692756593489416 0.09786404799222 0.198461502047996 0.129640805082823 0.0197666805782428 0.135803077920179 0.0115030082103504
0.0879033664103239 0.108676891903801 0.24024265943032 0.109978641542112 0.0623366299842447 0.0461443262415835 0.0397427246518849 0.117779366868056 0.187195392967674
0.0776795589050894 0.0465463316976318 0.0761266728109893 0.0177157241201212 0.0627991338234504 0.194036310006351 0.134970567818699 0.242736949817058 0.147388751000609
0.0155585699309419 0.193937673020333 0.132582872798712 0.116877475080221 0.0880006169699095 0.100530457649109 0.0473824064162614 0.1001486956884 0.204981232446113
0.15498334971411 0.133291559280205 0.115397166449669 0.154276838449194 0.0414538130574265 0.175086648206493 0.174656747613357 0.0150434600915336 0.0358104171380122
0.184934990366201 0.143345131718175 0.16593342734532 0.0480836343958515 0.189279377005095 0.0118890144941868 0.138504730590037 0.00711772232671721 0.110911971758417
0.0877892157755787 0.189168687898574 0.0610745195004188 0.12226573704254 0.139498695685418 0.151660996862807 0.124048436148279 0.0781437443059532 0.046349966780432
0.125355948114605 0.141265131615479 0.0763845874902426 0.0190972724241552 0.157686195177183 0.16842393962428 0.203034430173797 0.00307209271052538 0.105680402669733
0.116202983422936 0.168692053760577 0.0961438972772642 0.100158193090371 0.0800892140377606 0.175748543537749 0.0364688154960609 0.094583961097173 0.131912338280108
0.110148347956643 0.116906617358886 0.118362689537046 0.115675408292577 0.0611551940701021 0.171556000040452 0.0201806137155919 0.129344946335917 0.156670182692785
0.0596897042222638 0.146290329866918 0.0634788508642005 0.161380286810035 0.159084683534216 0.198505282229953 0.048245045565063 0.0494541655993703 0.113871651307981
0.171309134696288 0.0573884131515778 0.180056058655093 0.0929298916167779 0.0684974275771955 0.211902137291172 0.115776641392976 0.101464984315588 0.000675311303331203
0.196378319466331 0.100493081618916 0.119300484914129 0.130465860324056 0.0178978697677315 0.121041385034149 0.0113632033249993 0.15017174993358 0.152888045616108
0.125496410086241 0.0952673417318063 0.00756535697139472 0.106469470478401 0.225497631439858 0.00189462322122303 0.269025890970722 0.155917615264047 0.0128656598363068
0.175502760346053 0.0229284224789394 0.110962549412767 0.0414050707951035 0.176458200786098 0.192585318420694 0.209754660808759 0.0217168558045719 0.0486861611470145
0.0882114657787257 0.0460408936763495 0.208647770415408 0.0440654192400383 0.238587736300745 0.0709692740699555 0.0424587882202703 0.198102973413184 0.0629156788853239
0.0366798293696943 0.134516323087239 0.197652843478683 0.0260905607647481 0.0980699485078735 0.0879822328465484 0.0350393411242275 0.194175432779616 0.189793488041369
0.20928684175375 0.194193965784844 0.0681771570374367 0.0082277772117731 0.077157070357401 0.0113243440238052 0.0739131237642792 0.179062520778053 0.178657199288658
0.18447271201834 0.225094803995388 0.0719200829448692 0.00124498732376591 0.07967820958805 0.000646813248653951 0.182205031976186 0.194429764274107 0.0603075946306396
0.117693469361638 0.111985903162666 0.139618991470409 0.13631802770778 0.039771026724942 0.0800921378180146 0.0710715089183751 0.146224909162596 0.157224025673579
0.184325748922552 0.0649061901751471 0.126915367382283 0.0900101880309973 0.108484472311074 0.00795971115756398 0.166204090126824 0.0668074134351311 0.184386818458426
0.1584989070603 0.161523176544761 0.17529925232443 0.0376374904168836 0.056937556896916 0.0629717243954033 0.168477996086647 0.0784039806129304 0.100249915661729
0.0790247068831086 0.124066663988111 0.170203390466517 0.149964116283504 0.0869963448569448 0.0130466669903313 0.166257017969978 0.154669524521122 0.0557715680403829
0.0732348879150026 0.203499833497747 0.119164606387856 0.158201234446119 0.0482296576737483 0.0981118420306582 0.165635406485736 0.100147028364398 0.0337755031987363
0.136862132273723 0.0207662837276796 0.183883274464249 0.149116803982419 0.0718684406412673 0.157797311025088 0.0160330467297244 0.172271842207473 0.0914008649483769
0.0309414609201796 0.0753019338999816 0.224340116377288 0.0140248001873145 0.00518483113853009 0.193920431415222 0.183227475687067 0.203341650454418 0.0697172999199991
0.0840998276836938 0.0956777055047028 0.0865752407620519 0.0552335389933443 0.128799554199839 0.162405637162764 0.0972930682300455 0.161513635070394 0.128401792393164
0.14749239084476 0.0930299454388511 0.0695501049103748 0.0303318522863331 0.0461390587099985 0.0700349451245813 0.181864786832241 0.167090559224829 0.194466356628031
0.114160883528107 0.0390360911399304 0.107750188564472 0.15979545618948 0.125198457039097 0.0477654585518321 0.181710655612137 0.0832635498096301 0.141319259565314
0.0744446228143558 0.0815627208037522 0.0919524898916333 0.127304685541351 0.106661080054059 0.146416173809108 0.117430667048427 0.148975580046205 0.105251979991108
0.0594938278858735 0.0908008314266192 0.214595031886351 0.137463302058938 0.10724963248915 0.0570351999017163 0.224531132102663 0.0773307922237476 0.031500250024943
0.0725047153383479 0.166176291637848 0.0995696857821639 0.143757709515494 0.155814244985719 0.137814625964306 0.139518684911251 0.0126898588260716 0.0721541830387987
0.169552334899955 0.0534050722337713 0.207852049085615 0.0680405729393368 0.0636073600708539 0.193634554699904 0.0942044268250549 0.0203251085503918 0.129378520695119
0.0277351726135899 0.359131387490097 0.00566811253077873 0.0114205129939007 0.324793633079442 0.171644682794541 0.00155523584013131 0.0444766124137457 0.0535746502437737
0.0473438531803681 0.165979130189757 0.170248820429655 0.0684533444120771 0.0640478023438596 0.0725345199611144 0.154918089145533 0.0489592342254469 0.207515206112188
0.137312679729709 0.196271921869594 0.0671506009845771 0.0802361983404719 0.115011236531609 0.0779055881811115 0.00882718577341274 0.188971012406188 0.128313576183326
0.216611214768125 0.176835424626179 0.0579059788353328 0.208589863895813 0.0315286287289235 0.106018605909808 0.0610974806191316 0.0244122864919675 0.117000516124719
0.207948652673918 0.0142666753703757 0.0978390702265996 0.143098959046304 0.171160182089786 0.0748205878033959 0.194524616267817 0.0852701832859013 0.0110710732359028
0.0429993221447326 0.053181604843251 0.110702636745235 0.215995568617309 0.134683983624635 0.0477970378003889 0.139867704237093 0.0600180526409777 0.194754089346378
0.142462667097411 0.161672818899627 0.0707111675339802 0.167438145654306 0.0770160916471947 0.112668312222339 0.0412617790949485 0.15235845015496 0.0744105676952342
0.0222968630460827 0.0775679798111812 0.0693247865463384 0.198205297373183 0.155552429918959 0.0802117618270289 0.172363551299497 0.148631461724721 0.075845868453009
0.066173742533635 0.152185952589382 0.157737974616736 0.0850843278414908 0.168659227702495 0.108343548220601 0.113009367242512 0.098182486166503 0.0506233730866447
0.093455981978285 0.207105739639608 0.0928729012556631 0.129951289941055 0.02286226429169 0.158403376345611 0.192420781415915 0.037278328502472 0.0656493366297005
0.167756523880345 0.023739396643827 0.0894971137017738 0.119074207387012 0.0903682971466879 0.158587227960917 0.00815572537549151 0.133782182987749 0.209039324916197
0.0505597060715903 0.146321040848329 0.133874361028049 0.116413714044125 0.0514648164299926 0.119965845985897 0.100608915127942 0.125916137521387 0.154875462942689
0.183114085110243 0.062382723247903 0.0411889632304577 0.154286161871003 0.146762246309699 0.0360884032333945 0.173087620211725 0.0180357549426405 0.185054041842934
0.141518294558984 0.0930280579498334 0.0970064958185569 0.056835902233195 0.141407781429448 0.0391535505977226 0.17971859172513 0.0653236322275933 0.186007693459537
0.0392962824231897 0.177793015417336 0.0471143596987166 0.0130718039159095 0.142803821984636 0.104542725741787 0.0419786109944866 0.205768669324322 0.227630710499617
0.0128359259216871 0.0919899397635089 0.0443521267880316 0.0430088692068964 0.107956982416515 0.180160577651205 0.0618296639592458 0.271353753951092 0.186512160341818
0.0131547734543272 0.0352584099386779 0.219084560939261 0.168855135947579 0.195824291249238 0.168921163578373 0.0367529879091259 0.103809162049785 0.0583395149336336
0.163215593270695 0.0909439227767434 0.120176084598802 0.045709594955723 0.109265367528696 0.0806542116366916 0.134519776092343 0.126251228905646 0.12926422023466
0.152088275707609 0.123104606304287 0.00247021216556295 0.184092025429883 0.22281794091685 0.152101206918018 0.0561254112256683 0.0963333404126704 0.0108669809194523
0.0964531548200694 0.0355431337281338 0.000151559308998536 0.149375757676528 0.14539659392112 0.158442311471176 0.10374781057077 0.137260093763345 0.173629584739859
0.0430800560339883 0.222392631045321 0.154591958151219 0.13610538175935 0.0210785983755958 0.0670673230728814 0.176378767879121 0.145787475769794 0.0335178079127294
0.0862160566026843 0.10200611431799 0.187027145110155 0.0863223593576017 0.193803065090718 0.0989606114460742 0.190482489538157 0.00568292418185197 0.0494992343547692
0.00469179871422558 0.143960380783703 0.126276673636092 0.0159307434062328 0.110275906492135 0.172161885413558 0.237445403693521 0.13682959536756 0.0524276124929724
0.101274686879364 0.169932907180067 0.117185238531239 0.0206882335885285 0.134624113531314 0.0928170559947624 0.194776057868727 0.0652195983094475 0.10348210811655
0.0644823792653843 0.245089796658844 0.00942777702488323 0.125984680509349 0.075840367041563 0.195335604637345 0.228293805655354 0.0517585510663908 0.00378703814088762
0.102792600147142 0.0826665557994533 0.0596069503209499 0.153285127445569 0.22100371277556 0.134508105651732 0.0648340751862817 0.127170001186809 0.0541328714865035
0.0429754148050826 0.251009283043542 0.158119134785692 0.0575399808159471 0.014904606935293 0.0170742733982251 0.13848714442979 0.21076583133408 0.109124330452348
0.102346968945109 0.13777543070962 0.143794560926323 0.0847094419903451 0.0623556988924817 0.140392545477481 0.0921615374005007 0.0490000307336104 0.187463784924529
0.065067307881453 0.121383591958892 0.154112788124781 0.136325979442619 0.0877396948114105 0.0688329769547608 0.0403951202553303 0.162353166620575 0.163789373950178
0.125026059736501 0.147332488349938 0.102229886763974 0.00799947819711395 0.149369095000819 0.160564859342503 0.132551729054984 0.127015418694576 0.0479109848595904
0.0146171458173812 0.203955519351574 4.04857261132158e-05 0.093129533799911 0.0116234303289946 0.171190775527666 0.196743586039469 0.15476802747749 0.153931495931401
0.0135432483398228 0.102788890212454 0.10527056347154 0.0916257610405269 0.120840145331484 0.00925603694956559 0.156003148081779 0.208186603904393 0.192485602668435
0.309233596373972 0.00391922359640378 0.117980315579542 0.168287857343521 0.13286216757404 0.0239573108304479 0.194129496576117 0.0174419886157403 0.0321880435102162
0.0721916466535241 0.254494305433935 0.150366013089616 0.077278455163453 0.0528993213079537 0.170182497995779 0.0912030389015637 0.0902344225777523 0.0411502988764227
0.179067506168033 0.219408617650665 0.0871582461970625 0.196647354919628 0.146311605461376 0.0245617253341072 0.00535913945152178 0.113772377681083 0.027713427136524
0.116209613731913 0.0803767677845724 0.136057460740816 0.0394577955765988 0.0922777992966934 0.148461191528065 0.19346549700266 0.00755651195491719 0.186137362383765
0.100168414837542 0.0474408763218427 0.0564099930710507 0.0331389581517864 0.16969398573914 0.190563539322182 0.226569291661279 0.172265574702328 0.00374936619285004
0.0778326458046656 0.00549912472441226 0.0661486931917976 0.100950086400901 0.0614363630049995 0.219429572631904 0.233708356031238 0.16175439793225 0.0732407602778318
0.113142005959954 0.0247721688392314 0.175880313922568 0.0949391854056471 0.100043810325831 0.00480241833646047 0.10659539196459 0.196280271755882 0.183544433489837
0.174364064138281 0.0677982160085159 0.00893553106389153 0.119094351315928 0.0138652268512143 0.192350428625387 0.100456228395563 0.094226644525213 0.228909309076006
0.0316371857559358 0.127865837676323 0.106809512302943 0.00298774988837488 0.0763039581636743 0.189177550719644 0.0458741978293387 0.215136839201265 0.204207168462501
0.120664017502494 0.118923858826892 0.111797239475644 0.0898707845318119 0.199560619513939 0.0512893649267189 0.150104583271469 0.0542633288630478 0.103526203087982
0.154219931508587 0.060041534845789 0.120521588186159 0.169546713923091 0.137105662722406 0.120397426577881 0.119677200818797 0.00214660452526104 0.116343336892029
0.171577833075242 0.122133610910353 0.167260131844432 0.038181521214633 0.0702168711033828 0.0990721921387612 0.211020856997298 0.0677005453240851 0.0528364373918125
0.00635382211967785 0.190310633028237 0.0537811586767292 0.138403344663067 0.0916194310355108 0.083470778039157 0.182147648422015 0.150780939166223 0.103132244849384
0.0974926883048846 0.13248480553803 0.0452886173610757 0.0775488696864184 0.0719260168579027 0.255000239956673 0.202691745754901 0.0654351955385724 0.0521318210015414
0.124992983489154 0.0444364510484706 0.00558339185954536 0.12092598448207 0.121094709951776 0.159089522878566 0.134223339627721 0.14317140520886 0.146482211453838
0.186425661255247 0.0598433388819982 0.190303939775122 0.0511886801633706 0.0150149975959598 0.230919773779587 0.0195881750071914 0.0306267418441483 0.216088691697375
0.0805472260263615 0.0622069043194375 0.172238414381717 0.202152439160954 0.105424520644425 0.0490205129280377 0.0487974110000801 0.230589968905374 0.049022602633613
0.0156680595085881 0.0988953100848306 0.108458346828424 0.112883437494755 0.00863179480998862 0.169815883050845 0.184483465812008 0.144770616219698 0.156393086190863
0.0637395120429529 0.087001488225032 0.143395375989219 0.0896198524668901 0.132560923280765 0.105440497976136 0.133543548637441 0.118299267559124 0.12639953382244
0.00150845708159618 0.0397032107712117 0.0691052623218227 0.228258918879245 0.22521737043215 0.225832962739405 0.162400833742153 0.0351943542185009 0.0127786298139159
0.062144515590702 0.0383834198327638 0.136216861608625 0.157671550397334 0.0480141247445338 0.169761462237733 0.151538878303617 0.190962305861368 0.0453068814233233
0.159283382876911 0.0709989368355622 0.04923609122317 0.229494165577927 0.0735505551131824 0.110948777306347 0.0733580347820108 0.0521195684056653 0.181010487879225
0.0078544024516228 0.0115714163387642 0.107363238623777 0.160521247188823 0.210351853830808 0.0606898786387366 0.10594043326843 0.227283897543599 0.10842363211544
0.125886604209005 0.143077687000733 0.013740424144313 0.113348604476511 0.103568673756391 0.130390324055254 0.119370911223812 0.115886390858776 0.134730380275205
