0.228601520098008 0.174513236156801 0.19009101172206 0.13151442108948 0.111242132193251 0.152433714829831 0.0116039639105688
0.144448749477693 0.27147076536382 0.076530155360534 0.148801830317763 0.213380844502804 0.128459876976168 0.016907778001217
0.0306332886706202 0.103246304765952 0.146483337335589 0.182349761030226 0.268576036019443 0.0875009206547513 0.181210351523418
0.0596978935000658 0.17660176570066 0.190966292985374 0.1243114240244 0.13804972221623 0.15350702637037 0.156865875202901
0.278082849791147 0.0784131688641942 0.284264952503342 0.0136089494729393 0.108764830118653 0.186935886081165 0.0499293631685588
0.087352584744878 0.184634814312085 0.206895158883344 0.110804338946896 0.129850497898049 0.123987851721958 0.156474753492791
0.0722268178368668 0.160733869512078 0.0385881047148371 0.166775437708059 0.205526803573324 0.109497931007029 0.246651035647806
0.289700319341396 0.172268978339127 0.0768932349251354 0.0139407817922025 0.162942928641315 0.14242637787404 0.141827379086785
0.161568588796799 0.144955212925818 0.18963555454415 0.0882623615439195 0.07885868012335 0.231411725937763 0.1053078761282
0.231904108785018 0.115648650667669 0.226652025928454 0.200335366307973 0.121260642624997 0.0389265211977422 0.0652726844881462
0.00210064753894725 0.115501579620809 0.310334642697286 0.104347455320205 0.134772142105831 0.207046720434496 0.125896812282425
0.0298054155835013 0.2428252428854 0.0586718778109893 0.241780430623212 0.126206090768752 0.095168625814997 0.205542316513148
0.250340379367033 0.29533072157112 0.0983460786232286 0.0653475965363035 0.0621696620557581 0.128639923860251 0.0998256379863052
0.224251554986554 0.18794504662209 0.0233348183045617 0.180663283621369 0.0523569324905817 0.14219179264784 0.189256571327004
0.173233978850839 0.273352672709043 0.190654249369523 0.117310009505213 0.17389417654006 0.0590105903820411 0.0125443226432805
0.186857457106681 0.0811145496505841 0.201299371862121 0.0123503890302805 0.149078921934001 0.181972787815385 0.187326522600949
0.158001501585626 0.201959973430124 0.101511514840333 0.297789353675556 0.133072533666441 0.0493161716751316 0.058348951126789
0.0342700133957634 0.15751767640509 0.194453478283627 0.295105447491107 0.00579207852464623 0.217063058877391 0.0957982470223758
0.129467245932037 0.0892710458510149 0.145096986221588 0.144887848054791 0.179733933458237 0.0948322919272793 0.216710648555053
0.0561483781437827 0.188400318840734 0.275824186175184 0.296224212419613 0.0134356642628612 0.0835458114387514 0.0864214287190737
0.221356482981975 0.184685619035162 0.14977422088236 0.0934292371462282 0.112583331769449 0.00553209895041183 0.232639009234414
0.204914898288406 0.207143366847714 0.133589412703307 0.0795783626398206 0.0225440848588114 0.206124205168465 0.146105669493476
0.280580335294089 0.0200584160320323 0.179791712011408 0.192494782530432 0.0544478280562369 0.0971454381694971 0.175481487906304
0.158283227686423 0.124659307633109 0.12859194339329 0.0875214012670921 0.234021995220998 0.110334442448733 0.156587682350354
0.0517728474685848 0.175927352787935 0.0349242217267296 0.303102007589117 0.139999947464232 0.0780323936597042 0.216241229303698
0.163669248661774 0.0644749880302343 0.17255242550337 0.0841527106276461 0.224997906407545 0.226114559715896 0.0640381610535352
0.254005329892472 0.179102266457558 0.0227884764970337 0.146515489154935 0.0167540037084655 0.144376750347267 0.23645768394227
0.108664025928784 0.0670766183261922 0.109599268029016 0.0547796205121808 0.280119505726083 0.288397590432589 0.091363371045155
0.162596833304081 0.232506248732361 0.242507758914437 0.0110837949904114 0.0691479696756868 0.240715105570005 0.0414422888130163
0.00236268291992301 0.161127802747241 0.0528733467297011 0.195995743319321 0.0976654716454736 0.251677482319417 0.238297470318923
0.0230175383515294 0.206644075402019 0.104281169905399 0.198704710349826 0.172161100435599 0.280804754905351 0.014386650650277
0.307414251226678 0.144588668865852 0.0616258347068425 0.0176794979676362 0.00518876406977199 0.157700912503571 0.305802070659648
0.100912866049482 0.0272944675729323 0.0886017904777456 0.129468758017826 0.26987948526593 0.279164110857807 0.104678521758277
0.0851101629471761 0.132209619386418 0.186692331233284 0.0555278179040654 0.186079451355003 0.19538631725863 0.158994299915423
0.135211123285461 0.128183375620323 0.223176492963391 0.244764296526246 0.019671238773945 0.0385820053158736 0.21041146751476
0.235370092160484 0.127031360758887 0.182694931649446 0.203008393655485 0.0661780933099386 0.104536679078824 0.081180449386937
0.349125359118819 0.0352017221057137 0.0747643956581222 0.248605059821161 0.00781865789290201 0.249909334111946 0.0345754712913362
0.120052634327852 0.185131365293484 0.100770598749199 0.0162180824653138 0.202923841344431 0.178779686566944 0.196123791252778
0.131932090090954 0.158792130088697 0.246880134227837 0.0928657255328995 0.142088596641779 0.0620891107306021 0.16535221268723
0.14643065468162 0.147072805793542 0.206889545259185 0.209284628140743 0.0376789322677459 0.224923324400799 0.0277201094563649
0.0293539904022714 0.118356033218116 0.114461441968082 0.152590318604033 0.168388109910771 0.235957601889067 0.18089250400766
0.0863576172263573 0.102167264261076 0.30050548858277 0.105708826043732 0.157402203900635 0.0649089665975781 0.182949633387853
0.0865376471503191 0.0617837229606359 0.353895594259768 0.181670962239519 0.0125839474279066 0.059458355589679 0.244069770372173
0.221168106609828 0.0888103004710538 0.113136549217537 0.142577693175054 0.153533407893092 0.16299408585248 0.117779856780955
0.087976328857485 0.0202834279056751 0.383385687220591 0.166218143689618 0.118765273591938 0.119468265515523 0.10390287321917
0.205029888159387 0.0521705133830554 0.134137476888575 0.0920429917943539 0.2478400759468 0.0473068101818629 0.221472243645967
0.291972124420319 0.0167185948691013 0.161948401824073 0.0501806285693606 0.297737586376044 0.144369909957883 0.0370727539832184
0.0726976116799765 0.106654571743912 0.38356074611587 0.0142550693829709 0.350497056062492 0.0416013183700277 0.0307336266447503
0.218113439695805 0.111114795064331 0.087075307734753 0.157862425019601 0.225595320874803 0.0682263603312182 0.132012351279489
0.143422200276466 0.157383629222738 0.258366904526726 0.0229385617543891 0.0771984599432027 0.088322854619532 0.252367389656945
0.124875579045128 0.00348784893392691 0.255962476725713 0.241003647952254 0.122594211930269 0.172010798944159 0.0800654364685517
0.198194764017757 0.0501820266600256 0.227713517533222 0.140608787597063 0.297552034417422 0.075742406219158 0.0100064635553524
0.103117293087511 0.0306679198463697 0.138719310649376 0.124924724584564 0.19982580648961 0.214536268026198 0.188208677316372
0.20806087559418 0.172328758659866 0.0506451887420431 0.048686016053013 0.19802159339908 0.219549857150975 0.102707710400843
0.0821127446435329 0.202485703945103 0.0884226108920576 0.0857277244415012 0.183060809126339 0.161423905405918 0.196766501545548
0.0281796178314436 0.282131223774483 0.0273343749826468 0.110701964453811 0.165474287801879 0.1604044591399 0.225774072015837
0.163769981206235 0.0162606312478588 0.204122705331103 0.210080361889828 0.0910312537972354 0.2253744655895 0.0893606009382405
0.171605614333499 0.0794252171599095 0.241336536047417 0.0589812244465146 0.00349760401427424 0.254498666972778 0.190655137025608
0.248025967380323 0.172296254763658 0.166037230139653 0.0172503663700382 0.0632172770018648 0.242513020796354 0.0906598835481085
0.209133819203671 0.15936215324021 0.0522442584461149 0.0909746807678779 0.175651357969674 0.224818452843417 0.0878152775290352
0.00834711420633115 0.186442565854329 0.0710580523096198 0.121230423628718 0.321322831141762 0.0193774762515495 0.27222153660769
0.155723322900555 0.185945977391922 0.271230284858648 0.0849754475964507 0.158860862053567 0.0419622477316366 0.101301857467221
0.168501940154397 0.238018166623086 0.0996200384901971 0.130732132612909 0.22371143557688 0.0859895036106482 0.0534267829318833
0.170112535674703 0.223131610904046 0.233786995173633 0.0225415484899857 0.119771088607184 0.139510515910773 0.0911457052396756
0.284007778694015 0.144780079389032 0.0811439261885935 0.194424318911633 0.194004492047671 0.00306255616848826 0.0985768486005674
0.259535603769135 0.137222941991537 0.0252569182606388 0.218186424481532 0.292890317618148 0.0593954157675811 0.0075123781114285
0.0420020764397261 0.183671826312298 0.149703202084955 0.25521852403882 0.0680607382592395 0.299694362535179 0.00164927032978311
0.199224956907499 0.150888972913503 0.136825991850733 0.07345523487354 0.240941216712302 0.140571068235118 0.0580925585073055
0.0153245407072632 0.261641739859538 0.0381149015650854 0.206341639018086 0.110323626677756 0.13828213287777 0.229971419294501
0.0699690265188102 0.0573565676559422 0.17967244271539 0.21159833745272 0.148139986433404 0.152659293155078 0.180604346068654
0.0464198108615816 0.176886047298416 0.0356649253628668 0.234048797231199 0.112239496031509 0.159376965199806 0.235363958014621
0.273879140877484 0.109053842980368 0.0884131097699215 0.100197882602082 0.0631466346804424 0.333638100302318 0.0316712887873841
0.15261384946047 0.119567771558412 0.180656633342728 0.0594087288279399 0.0315033491934857 0.20455257528322 0.251697092333744
0.155381293158662 0.0415732100568911 0.207901098512937 0.221718665031822 0.108731894687358 0.137718219808198 0.126975618744133
0.233893092296957 0.0861186588900959 0.292820780084023 0.0741953756644417 0.100414162218087 0.0133265585346489 0.199231372311747
0.377259023795778 0.0502709948940755 0.100004767219913 0.105686949343559 0.0151667403185518 0.213905981467761 0.13770554296036
0.168769735726043 0.167478516055007 0.177788216712278 0.150370212301951 0.0871788725444556 0.156781529301814 0.0916329173584514
0.041048514020034 0.302775798214652 0.111951188675602 0.31558311740014 0.0607581677999416 0.0732822230082713 0.0946009908813596
0.0252647633835495 0.0384590300871266 0.19812150636732 0.0418980340403382 0.288083426500847 0.151969918497317 0.256203321123503
0.0516772670245718 0.115386016288154 0.31928535405606 0.267209459447446 0.0957811765546641 0.0994552132319954 0.0512055133971083
0.177318795111582 0.0537281408445328 0.124255157405221 0.0909742694806036 0.250482888559778 0.131282865338794 0.171957883259489
0.0743469791632538 0.152513333939265 0.242195614694613 0.128759282818442 0.0220550428408838 0.115378390795543 0.264751355747999
0.00710628578135306 0.337837198288642 0.0467339649502994 0.104849455523629 0.336664919719562 0.0189984025674626 0.147809773169051
0.119566806034592 0.209668673710316 0.0967247652663545 0.0262178941025979 0.0813602638595621 0.230616315380127 0.23584528164645
0.177685036542749 0.215013457894617 0.0650189493198853 0.251311255778138 0.17538585107113 0.110327540304727 0.00525790908875363
0.193719050988171 0.187907520573964 0.188495054591086 0.0369757503581955 0.0704505163578105 0.229022124412809 0.0934299827179646
0.0904372540520845 0.203112211044669 0.20787671288467 0.224006386845275 0.122542656877825 0.149659352073511 0.00236542622196569
0.149538849831802 0.0819940257365562 0.138274646560841 0.124846792656621 0.147671368375767 0.187071889632651 0.170602427205763
0.0748821668777639 0.23749706611603 0.222298396197009 0.0099473637237863 0.0115368580467312 0.425818304680502 0.0180198443581777
0.19468013572403 0.00107855409798307 0.130098124677087 0.281874883041066 0.024668037638367 0.0710587528233753 0.296541511998092
0.0793254410145703 0.203021810377681 0.181615414286459 0.213353996838361 0.0683159142154044 0.0372998407051243 0.217067582562401
0.137317998384301 0.0413265048668932 0.140409860541488 0.183600910672141 0.137856378777916 0.194600327572613 0.164888019184648
0.188555991222225 0.101627717127121 0.156121212198982 0.212180311338064 0.115257648485742 0.0761564414389209 0.150100678188945
0.243389354578508 0.0265881270742109 0.0802673530140698 0.0793498463389504 0.296024504967492 0.143368935205138 0.13101187882163
0.245754090943102 0.016157839975167 0.364985907461935 0.0602594469400223 0.0969785465525792 0.0624377929872287 0.153426375139965
0.0688586651536971 0.206904934199757 0.201060467921217 0.104139304568168 0.114096143181818 0.186305385438696 0.118635099536648
0.172162420222291 0.0642550042473715 0.0273941821683453 0.0986113646492129 0.222474594903427 0.194897195719758 0.220205238089595
0.170680897727065 0.164834251043145 0.110061582165041 0.08849676436823 0.142877574503493 0.138997106894389 0.184051823298637
0.0392135788955354 0.356713391089143 0.119267731215708 0.173822115172016 0.0892305151847646 0.111667473673721 0.110085194769112
0.0632166443158054 0.0106203608367849 0.25484147483156 0.209409583860033 0.107162937397674 0.0906429295938107 0.264106069164332
