0.143289664933494 0.224462432468575 0.257103443501328 0.0611193886059134 0.0209464929908886 0.175124783227003 0.117953794272798
0.189728956147177 0.184366513925647 0.0188665443647782 0.131242830461713 0.208037959662381 0.111274983697504 0.1564822117408
0.0762642822246393 0.25407063489585 0.133749502270528 0.0550386631803667 0.214212968806612 0.132682487211709 0.133981461410295
0.0663469128046248 0.18633001569646 0.18186034001559 0.146527028527633 0.189754905303424 0.173731496555662 0.0554493010966063
0.0997009014520971 0.173841054249304 0.14386044001064 0.162921923489574 0.10845284278466 0.107021959333244 0.204200878680481
0.202051070861501 0.0913184903948464 0.211029389278721 0.141686995767694 0.125836554527314 0.188035493047117 0.0400420061228068
0.0993103642139284 0.168060837867748 0.0936275586045073 0.157103258374325 0.159099502429456 0.148745013398708 0.174053465111329
0.00426973822157059 0.141823919969789 0.149595892737156 0.195732324269368 0.151146272832555 0.146852610653705 0.210579241315856
0.00375716405169498 0.149935124206196 0.136802425622191 0.0817974388692267 0.27411975426014 0.263522087261601 0.0900660057289494
0.153605573609617 0.239850994647822 0.18833149919773 0.0102925076815993 0.0745590717405689 0.19109326195697 0.142267091165694
0.234449729019935 0.140663008818129 0.0311090601689181 0.131109224140295 0.104257548576006 0.216270042197617 0.1421413870791
0.184836753464596 0.0833205661162979 0.27579092795904 0.00451483019578259 0.170114326007003 0.280658181428514 0.000764414828765876
0.194565376522147 0.235123934824321 0.0448426951243586 0.18412970007679 0.123711681442235 0.122093315992409 0.0955332960177395
0.160885221870512 0.27607454893472 0.0979834143726932 0.220328595882922 0.0193798787728928 0.0268942834955722 0.198454056670687
0.065513699300776 0.220043842595704 0.0592643965111713 0.320401872422632 0.0527975765765222 0.135571919310071 0.146406693283124
0.116617977519571 0.222463001570339 0.165203181028229 0.18248219004508 0.0194394108969783 0.120680779234244 0.173113459705559
0.10964639319607 0.159763224983962 0.132407472651667 0.118055368744269 0.167847287439578 0.172703852175358 0.139576400809096
0.157850659389267 0.204700759726355 0.0696265534791428 0.212726425492563 0.0577396570285128 0.0749165836931908 0.222439361190969
0.180958838128556 0.11791925576375 0.17661333801856 0.116488840239976 0.0895013382433466 0.137110898429677 0.181407491176133
0.16906076110965 0.0355001388076959 0.173539689608059 0.185758246348465 0.188991601832704 0.108893931419734 0.138255630873691
0.231166335586646 0.0567851037425038 0.160041138465185 0.0933507042382808 0.215614142477997 0.122501072470075 0.120541503019314
0.306009860136071 0.12466198625902 0.0456822352986878 0.192475413876244 0.0413388179288118 0.20760023030942 0.0822314561917445
0.155537285278859 0.00474343769103932 0.145870744208838 0.219581825645054 0.128937704830364 0.13643332518954 0.208895677156305
0.198828965960961 0.106190993827008 0.184961225963765 0.130950526122048 0.24153291716584 0.111969794162004 0.0255655767983738
0.113140864855606 0.0700574429493841 0.0291484476294458 0.178151133083592 0.147195915903263 0.215728323528067 0.246577872050642
0.0865093425647589 0.287812624010993 0.0744252366509898 0.252387869807662 0.00168202913088771 0.0988972672609874 0.198285630573721
0.0951822142199255 0.0407106579247997 0.278283717068109 0.181380598696861 0.249455590829515 0.0928041848770781 0.0621830363837111
0.191731278409273 0.246987951256439 0.263309178163593 0.057714702828237 0.0633462680525793 0.0103094361720663 0.166601185117812
0.123405512640847 0.0575047538015308 0.156465429423694 0.092497396253445 0.17505680237051 0.209966422720933 0.18510368278904
0.176414652906514 0.167420143948103 0.129165085866937 0.197414131708073 0.110078046950468 0.0892890550881706 0.130218883531734
0.227806519484048 0.241277667250171 0.0848607575197337 0.123613296800772 0.155802099094844 0.0852976668646134 0.0813419929858185
0.217275062656321 0.127009174584419 0.200646000217202 0.201608998583142 0.034798080498552 0.182527971345837 0.0361347121145269
0.13822448788334 0.246601644308911 0.0414127856486945 0.0352196621451989 0.206376438815902 0.201582506190729 0.130582475007225
0.133342680599328 0.186587614198582 0.12005399530056 0.145955507541514 0.0983598193246768 0.193876322674338 0.121824060361002
0.197038279404603 0.222667636992707 0.136203962580917 0.017970411531067 0.194387179978622 0.119985461970711 0.111747067541373
0.0175248583018792 0.12177736795489 0.0661699251880003 0.109304150312998 0.258234865163065 0.306413917615956 0.120574915463211
0.0876364404122824 0.0813072560700255 0.0811192792314367 0.116659686714056 0.228723323456958 0.203077129653131 0.201476884462111
0.0452792007210885 0.187192803134779 0.258734180186842 0.25815136651576 0.0126561476529163 0.125413722107396 0.112572579681217
0.18677893521508 0.0982154088245769 0.0859796865998445 0.211783282733288 0.262422481352854 0.137073380855462 0.0177468244188951
0.0444399304445351 0.165489955288402 0.256481859492504 0.247148346497855 0.133792498283586 0.10098652268285 0.0516608873102677
0.0129261701002423 0.167739414459068 0.211181595692894 0.25767525999806 0.0782287852319083 0.188000485927431 0.0842482885903964
0.164079761539796 0.20291046419229 0.13353380916135 0.227280921518861 0.0410381697969791 0.0175917580133183 0.213565115777406
0.127715613566538 0.0556045477530246 0.202278446402451 0.0732594113977653 0.0783256873235519 0.201802337053192 0.261013956503477
0.188931219623767 0.117680866998063 0.199455413305102 0.171053414353544 0.0166904898437771 0.132471519333416 0.173717076542331
0.141087121326089 0.173781182506563 0.176947711327312 0.0806713609588862 0.142791547174583 0.171481519043002 0.113239557663565
0.177325869730982 0.129119758977556 0.198618767935626 0.0555746743051467 0.145447993522556 0.198983283464495 0.0949296520636386
0.139096808646902 0.164790799841416 0.0468203148132701 0.191266015422911 0.203306624140818 0.0765072584632859 0.178212178671396
0.109434123795678 0.0717870395705062 0.156580635223381 0.154709018324035 0.220193678153389 0.229579624983894 0.0577158799491161
0.0609795407322861 0.150949659636653 0.187012536028366 0.191623973414882 0.193097210201844 0.015544677210707 0.200792402775262
0.256191799271491 0.213852912343407 0.0569112572460653 0.133456537095495 0.185415520749132 0.000626262265396668 0.153545711029012
0.142515335474474 0.271421594633264 0.210728060710206 0.321023934835597 0.022241198062749 0.00259812415203324 0.0294717521316774
0.436151282892359 0.255388106974792 0.00459692533519077 0.0799782223854533 0.193828604513663 0.00351869735564087 0.0265381605429005
0.330916448844269 0.0657338028117688 0.217913049844157 0.0656975976973837 0.024703951187319 0.123712305165193 0.17132284444991
0.210072524484023 0.0974389375487348 0.153833976404622 0.0679483084056743 0.121575920482804 0.278682869334695 0.0704474633394473
0.256544379109353 0.0393813481989286 0.0939479321234377 0.259945523790595 0.0780675646579945 0.0115494462150523 0.260563805904638
0.225244379392399 0.0272181327561159 0.304859166640352 0.133803924986479 0.0685658336867517 0.220119576131208 0.0201889864066937
0.226990043937811 0.0713188848713723 0.177591355912407 0.0522801421206329 0.187223289712444 0.142647537339488 0.141948746105844
0.181119672045792 0.0885252354648225 0.192463541707554 0.0639856912554678 0.140541741405596 0.168858970120398 0.164505148000369
0.0367522334118014 0.177880245856592 0.125828024680362 0.203469918827741 0.240191550047524 0.0218251410369804 0.194052886138999
0.0851892544554422 0.119174063339429 0.071198722348638 0.309918709991736 0.299617965800113 0.0593991095026582 0.0555021745619837
0.048481236235614 0.0492383337867857 0.0986187678185838 0.200150561959448 0.208242013346672 0.211321883949308 0.183947202903588
0.096206647784057 0.0609720689082891 0.257195115386772 0.0978806866611087 0.131746041827901 0.219598415084415 0.136401024347458
0.186527349184128 0.117506220339879 0.171706044148707 0.101255025067614 0.17651377214592 0.124210686743194 0.122280902370559
0.154802379753475 0.268715478397207 0.00631477391390692 0.183066459566325 0.106645856752358 0.192675345376769 0.0877797062399596
0.112386099561285 0.0422383586663982 0.232854753036288 0.207207451242004 0.197115410921673 0.0280651724252841 0.180132754147067
0.172362229191214 0.0223191826988653 0.0761010383915189 0.0607676329809931 0.0372205972336474 0.28318377951253 0.348045539991232
0.0649417582958616 0.158730971416522 0.26605608937311 0.0079845753060507 0.00493958204671603 0.166842706875777 0.330504316685963
0.0660717185730167 0.242923511277883 0.00421152596437413 0.204234611874235 0.0421879481331247 0.111844165355178 0.328526518822188
0.151925532448861 0.0427009475148258 0.205576358162395 0.0597210350835035 0.190773086459556 0.215654648036971 0.133648392293888
0.248544854323549 0.210617481179741 0.151573013721011 0.12376782428197 0.156946113295846 0.0891476377775098 0.0194030754203737
0.274287307442575 0.0999376780182142 0.314983752815231 0.155267203803957 0.00441706870978199 0.0444505222098844 0.106656467000356
0.241703521366503 0.117971999407983 0.0766772695906787 0.243560598779721 0.117586400603296 0.185464862000955 0.0170353482508627
0.0335021776663856 0.0590040739870437 0.161369980103732 0.0656719080312863 0.343448512306417 0.0481698499728985 0.288833497932238
0.126859986513102 0.116354279955591 0.262718377591654 0.182332855729691 0.266901786665417 0.00414647750137421 0.0406862360431711
0.164873128135865 0.071956443881107 0.390830760831234 0.056118776557266 0.0588115515816484 0.0436264517848845 0.213782887227995
0.117615226145136 0.128062739630067 0.194478131499231 0.130170002938328 0.120407327760013 0.186249420560069 0.123017151467156
0.280093295176156 0.161607935943082 0.156465511929323 0.107860034381006 0.0120126984387066 0.0363878589970661 0.24557266513466
0.183470017505606 0.266101959061922 0.205128587414944 0.0596740242473207 0.0400958496191114 0.0340653536600151 0.211464208491081
0.0708919708954282 0.0792589472411893 0.166500660391596 0.134366294674832 0.163098051814742 0.0890067004278524 0.29687737455436
0.180259316477231 0.113001236185784 0.159020016485616 0.183973982024932 0.160596457237782 0.0670283053393119 0.136120686249343
0.195930639634393 0.184829830142331 0.13942386533224 0.136936838519276 0.0991044471032599 0.192412953945638 0.0513614253228622
0.0226940866424135 0.0963460224424748 0.162752067136352 0.10008486777037 0.242742997348395 0.223876370367182 0.151503588292813
0.273018809341079 0.138986572678655 0.0889487705111473 0.0215440364716908 0.175206417853406 0.223857893511065 0.0784374996329583
0.199211578042263 0.0956614625162081 0.105887461520212 0.159146554790307 0.137820992068234 0.217133392905363 0.0851385581574132
0.120446635736633 0.0147692187923058 0.302647331178723 0.0682481649310189 0.148911746644518 0.188812429105536 0.156164473611266
0.03915721501328 0.191717728527965 0.288564246267144 0.153024865852073 0.0932385062209752 0.112869552338986 0.121427885779576
0.262125132135871 0.16015800464812 0.215319510500663 0.0408953612449023 0.0796694484598865 0.0973599734468173 0.144472569563739
0.177904393762829 0.00739178065292615 0.227753508656463 0.134881381633891 0.162126021672839 0.0921385824169892 0.197804331204063
0.228527122164691 0.195127004657657 0.149382707071698 0.0340046959015842 0.258007215677392 0.13356157628827 0.00138967823870744
0.252056479721641 0.0993042642196435 0.10752327148187 0.122898772129774 0.208885414671546 0.0381976062037791 0.171134191571746
0.176734315638138 0.2185332691585 0.159798444847654 0.200652852187808 0.103563790914905 0.0903133813063704 0.0504039459466237
0.093199199331971 0.244418893847164 0.261513688233124 0.0655611676049088 0.170724228093625 0.0210812823010745 0.143501540588133
0.238264795823663 0.155271584249835 0.167350470381847 0.0810301156809164 0.10308851110356 0.111550424352373 0.143444098407806
0.112548123440066 0.165725465016793 0.233132398049958 0.0733567733647023 0.0952502344910036 0.137674054698013 0.182312950939464
0.17068069855188 0.0383718758747389 0.16326280417952 0.159541912360295 0.164331408135689 0.207771211529365 0.0960400893685113
0.219260415340753 0.00701552423190857 0.238218295993495 0.107527234685691 0.137075111352832 0.0861420215625686 0.204761396832753
0.15502998671693 0.0753206976999058 0.172604344457641 0.285008970276622 0.014973787511222 0.174672361026639 0.122389852311041
0.290718099995807 0.341898817860108 0.0167477704399002 0.0769556361917641 0.00872756692844839 0.170259273528457 0.0946928350555152
0.215119858410641 0.0878538951061945 0.0226352842602966 0.160181497223393 0.129105594281905 0.221377605593426 0.163726265124145
0.304000658569458 0.11830517175382 0.0467696003487292 0.0878234774295481 0.067405172879727 0.0750307955721201 0.300665123446598
0.120993687505345 0.0789899143596832 0.244377507413148 0.216832882327407 0.278523083651876 0.0380618785935203 0.0222210461490205
0.128728458338011 0.0746331958985383 0.276759380658242 0.216345675787682 0.0313634156483983 0.211126261110803 0.0610436125583259
0.0324418906443286 0.0738364418390258 0.205967662716842 0.28618985194375 0.0388943262286328 0.179120306287715 0.183549520339705
0.104716793850126 0.20518497293434 0.198741668019636 0.0310146949409577 0.0135371674842927 0.262337852890663 0.184466849879984
0.0581197830473064 0.0616458522551424 0.115829634165623 0.211709327068464 0.250714776669601 0.135455336048993 0.166525290744869
0.120880714560313 0.21667738672103 0.160084965385013 0.237317147547002 0.159098621428169 0.0533320598584857 0.0526091044999869
0.125150709391932 0.246888516235034 0.294986847495011 0.0834873041876728 0.0334445317794408 0.0869442524714793 0.12909783843943
0.0354107274150017 0.144517117146097 0.0987775275982873 0.244475500405431 0.251737849405295 0.0937694016020423 0.131311876427846
0.116590519428716 0.0020679760171006 0.268792160790403 0.125306923840422 0.0344037739491078 0.205301342677204 0.247537303297046
0.0767413289878474 0.210922807463858 0.13676113630493 0.0992975351829944 0.0308383836850757 0.261088003750334 0.18435080462496
0.148569491405119 0.228637691296554 0.143216507209507 0.225491700968365 0.112235233859466 0.00225970401877836 0.139589671242211
0.0958203151797094 0.180751430060644 0.20034124655261 0.176963860312685 0.103102932274233 0.187068640772073 0.055951574848047
0.0799579556656184 0.218337699238856 0.174727840656128 0.252616839941292 0.0563090069745913 0.115523911369917 0.102526746153598
0.0766484620191308 0.0802756208481924 0.151553225535268 0.0807302643298009 0.217696596177085 0.193956866997027 0.199138964093495
0.0824834380620449 0.187528646040032 0.224328521614117 0.129539144298542 0.0666488531895586 0.283302222677367 0.0261691741183386
0.128051251620785 0.0471537958851736 0.0760343621128665 0.12362540543504 0.162798563745253 0.163584025462074 0.298752595738809
0.182821040672507 0.120849088883016 0.289839284995684 0.0029678308160374 0.220505794443107 0.0314781506069076 0.151538809582741
0.0238022561325982 0.289494338854684 0.0654986095270102 0.284229079182895 0.0285649700140079 0.102430749686132 0.205979996602673
0.183872267096959 0.0946446270365875 0.153153765550776 0.168674782289811 0.109748670988675 0.118560366839795 0.171345520197396
0.274840203023757 0.0570754918165448 0.0103149177920984 0.0374232146746819 0.132270570026861 0.153049591429561 0.335026011236496
0.088809463851173 0.170484480382887 0.17556227110486 0.0848986767356633 0.0724814503228952 0.0654190078805138 0.342344649722008
0.0357748790956131 0.301772757761411 0.0775333657488219 0.23994116378123 0.136458361919503 0.01227140212442 0.196248069569001
0.268219561703199 0.15003689450362 0.126206075608827 0.172465582670709 0.0733823395870109 0.103011303382226 0.106678242544407
0.0275777697312482 0.191381645073147 0.224981705694897 0.197118971406485 0.0542213454731358 0.273451427801506 0.0312671348195804
0.191428212673301 0.221948416341376 0.0272724656135197 0.0958335707356345 0.146153882006606 0.14797950693084 0.169383945698724
0.0831887930926281 0.215037233030919 0.271340274537644 0.0781632968754256 0.0869410486951451 0.200184137796725 0.0651452159715131
0.147323790896337 0.130030153042543 0.0526865127249762 0.03078974633741 0.0988803061465301 0.251586914341702 0.288702576510502
0.247418072542218 0.0194068983708203 0.0622700288088995 0.168386183433383 0.233354228713565 0.15003631076112 0.119128277369994
0.203699761895183 0.0145671654434687 0.131630921843348 0.187270745056255 0.110914006304149 0.211745357350963 0.140172042106634
0.121325599255706 0.141221997391253 0.204810942114203 0.0758413069776939 0.256189813910177 0.0543227759896349 0.146287564361333
0.167563519141839 0.175307079233921 0.125382049090746 0.10045421742266 0.110397272336858 0.204187153388347 0.116708709385629
0.171070316498969 0.123365164097154 0.0710450459352029 0.175218715074272 0.127432253204685 0.196782469751405 0.135086035438312
0.0941710950341777 0.0128993662633844 0.198867776765393 0.0804456960996882 0.189366525149423 0.20960583733098 0.214643703356953
0.0683053030327337 0.0374303253019016 0.0775851452011275 0.22335976882841 0.175411362725955 0.300755475361893 0.117152619547979
0.220064315646869 0.143310202976848 0.170572501143051 0.0336120055146928 0.134407069272384 0.0643831206151218 0.233650784831034
0.167517147276094 0.23281191816887 0.219366131495094 0.271254406894328 0.00515898175844197 0.0584074447045075 0.0454839697026641
0.155137886262798 0.176591058909322 0.210201730142736 0.150091051344645 0.167838180309326 0.135816634202564 0.00432345882860883
0.0385581680382064 0.190211249335946 0.0935881766358632 0.106271588947695 0.179109870180441 0.121344853659568 0.270916093202279
0.176942908341788 0.0957350141617362 0.275527546291968 0.201884414598307 0.0727554665756212 0.0726129459184386 0.104541704112141
0.0673693226767894 0.190014930538922 0.198712489747491 0.110354872647675 0.205713695111992 0.0696382395507241 0.158196449726406
0.0709236558413038 0.309797866565535 0.101507905101443 0.195183142864955 0.0303592614636481 0.0851029276679414 0.207125240495174
0.120124056376475 0.0313122242284015 0.188950240946485 0.169091153271702 0.254675498789745 0.0957858578422614 0.140060968544931
0.111267115966897 0.175834047334051 0.108720945450913 0.154512914318208 0.0808355756598724 0.153246430714663 0.215582970555397
0.1360307187589 0.133097661675798 0.000643139151148352 0.158730771157811 0.121245939479326 0.171008535110414 0.279243234666603
0.11171983334763 0.162785919505874 0.219816930038862 0.0798271503109729 0.262574160237013 0.149557887686287 0.0137181188733602
0.332388108031457 0.0661637111898359 0.0483583824894042 0.192520806085339 0.0831864011390473 0.0989060571848738 0.178476533880042
0.291598028287432 0.10032867117388 0.0637599981202699 0.151109043902672 0.202226418510022 0.00236095585868764 0.188616884147036
0.0152705384730692 0.341239523831501 0.129402165350789 0.0531390570225215 0.03933579413041 0.128819259958593 0.292793661233116
0.0208927847300274 0.383323822715697 0.100039058205597 0.100390122068421 0.0742400120084378 0.171453474072435 0.149660726199386
0.0292556796597595 0.0999351782192387 0.193330210863839 0.201593776171284 0.202903806806776 0.154972354282021 0.118008993997082
0.192977535450996 0.130400490106146 0.24764101790714 0.176785747673884 0.100644826953071 0.0549588927322699 0.0965914891764928
0.177614846586947 0.190135053254871 0.0853773592339957 0.103888647089246 0.181957865821833 0.183272915742423 0.0777533122706852
0.0854335171526073 0.252371286731229 0.0299638326566165 0.245476485611151 0.167070441920864 0.1376737358773 0.0820107000502315
0.129593531763309 0.126153517233754 0.104023325531954 0.21659754610859 0.193034321703807 0.187699884037924 0.0428978736206609
0.139406568803345 0.175689173203412 0.156410993647295 0.094135584399964 0.11098710897674 0.187668723962684 0.13570184700656
0.134684203917033 0.127602538586205 0.0801385056216937 0.199383869212504 0.183343132610363 0.112298849363067 0.162548900689134
0.206123130808285 0.227605288088821 0.0833972806398506 0.0267433363108829 0.196176113932368 0.121876093058322 0.138078757161471
0.112279877627149 0.234862544168488 0.0414673656152285 0.185503823166461 0.193251626012474 0.194687803883217 0.0379469595269827
0.285282767138755 0.0978937123423008 0.254811969788174 0.103096208906829 0.126315658243556 0.0906975491178774 0.0419021344625086
0.147726437759193 0.13446696412571 0.213355908913337 0.194887958572173 0.0771764479614644 0.100234219306015 0.132152063362109
0.117433971900447 0.24223395103763 0.113989116193532 0.199251886892473 0.00700590637513653 0.215003774547167 0.105081393053615
0.230416011301554 0.060919731699048 0.0116685539160306 0.199711158758672 0.256360776591882 0.179395814879993 0.0615279528528206
0.231661530852774 0.0790458202930215 0.207894908325522 0.232600001441088 0.0693178697317202 0.0617509279598355 0.117728941396039
0.173913550095216 0.222142808919989 0.00155682594575936 0.104000369810404 0.243427824427263 0.243970361240073 0.0109882595612958
0.273895892936669 0.152873003174294 0.142261489179321 0.0649092743766438 0.151472458330074 0.138959711599569 0.0756281704034291
0.157290910279285 0.0109592574026959 0.155722041018182 0.25296051100275 0.179578535596802 0.00935566382379871 0.234133080876487
0.0677303798720457 0.0383964233597959 0.243352426568144 0.047461363935473 0.273103025867697 0.197961273907125 0.131995106489718
0.0233973067199656 0.2248888649345 0.169729577991534 0.0641714483875366 0.176866804406436 0.294155874453314 0.0467901231067135
0.00431217452112875 0.239053722771247 0.18698698043037 0.165372389426165 0.0896349828820246 0.180217264451753 0.134422485517312
0.209396661503008 0.198380751552892 0.206823037133744 0.0577654328298386 0.154675074007404 0.162519899476833 0.0104391434962811
0.174825991210821 0.0841641707963793 0.0916751269351193 0.0293140030521423 0.29906528018294 0.112714280588589 0.208241147234009
0.0537272626948361 0.198394035969732 0.01183536183735 0.254979923794463 0.234919892259408 0.0469916226553837 0.199151900788828
0.100688521728698 0.0362177465216961 0.178250465500413 0.213390721255182 0.244681432113624 0.0285961777079069 0.19817493517248
0.187421538347507 0.237841940173074 0.102527449560421 0.128655074778024 0.201870961677285 0.125398755820894 0.0162842796427959
0.10766091100374 0.0231004012025127 0.28498028441488 0.13983897368454 0.0329388832760974 0.0964531584290372 0.315027387989193
0.25236463105419 0.00797616058136063 0.165605258999749 0.259678308822699 0.118822704505757 0.0406563372875286 0.154896598748716
0.0652374974984273 0.0334901662097421 0.254767084981934 0.0899242996894332 0.0861330882663992 0.23588811892615 0.234559744427915
0.202462163715064 0.0449226417697771 0.244740783814183 0.169573354019312 0.147732799932483 0.0250132814594809 0.1655549752897
0.256206659133449 0.100613882268609 0.0975627264938306 0.00822679469269812 0.0551822091570504 0.2329422042898 0.249265523964563
0.266909690240174 0.135397965659391 0.0227873825566175 0.0505461397276053 0.0634683057153377 0.245681321513691 0.215209194587184
0.191346718397545 0.206848936099338 0.203305851333484 0.0603505481261283 0.104401654223395 0.061956763630299 0.17178952818981
0.133276702816289 0.178212421731097 0.0129399387505481 0.0243759329432245 0.163297388748757 0.228789181736305 0.259108433273779
0.0876630799442023 0.154859088418571 0.137189769951238 0.288698974427209 0.0265338501394968 0.262561403771555 0.0424938333477282
0.0372515625749171 0.146714422205554 0.153049104402096 0.176150606623109 0.258426751803369 0.0587358030294699 0.169671749361486
0.123054614118988 0.00619224116849102 0.0782593215841146 0.212064818567658 0.222158076570657 0.139369665311832 0.218901262678259
0.00636331984815862 0.063559667721985 0.270509608716287 0.200267515347506 0.126071767124628 0.179053863656998 0.154174257584437
0.231231789967285 0.114015870063073 0.0802999303529579 0.195925498838954 0.147811128943644 0.0315194675974624 0.199196314236623
0.283834311341119 0.125304547563363 0.0101545244851854 0.22956257204077 0.115962730444577 0.224329329339974 0.0108519847850112
0.14066433193753 0.125906471758138 0.0823380585823732 0.0435197395486019 0.278376089192744 0.210559530987585 0.118635777993028
0.230914618449384 0.103604991182548 0.230820902702998 0.072542102503272 0.159779959649064 0.142335305852371 0.0600021196603629
0.0340007398098512 0.188804658158562 0.162630469317383 0.0827435003421952 0.184468924598849 0.153011598222321 0.194340109550839
0.0922640993554452 0.184052526334703 0.097991412742997 0.220454618662636 0.168937450892018 0.0810094283424149 0.155290463669786
0.175636980751526 0.0568301237874497 0.271178518348587 0.135432872662112 0.169142282026836 0.166431284059132 0.025347938364358
0.0189383914616849 0.00585158839914917 0.250258316559693 0.241641452281701 0.0929161847328551 0.170475196471782 0.219918870093135
0.319456179172802 0.0320874992092431 0.0266195543673963 0.113996457109032 0.122930093314555 0.336213943080195 0.0486962737467758
0.0839834384281458 0.111154537084005 0.0228641188451458 0.306146935660328 0.0126538046204002 0.218471625104756 0.244725540257219
0.0128342732980309 0.0097337144341339 0.215136836453839 0.279325341831908 0.089181131351602 0.173799056358545 0.219989646271941
0.0355712313631443 0.142864154136489 0.284964424207391 0.0899914931872572 0.0838100321770241 0.206109498011525 0.156689166917169
0.0153530826061733 0.0744584654608016 0.316279965441674 0.338745834593028 0.00985397015279254 0.101136852090838 0.144171829654692
0.090047114446125 0.229156346636259 0.149931686172423 0.0867507685589459 0.180264316004885 0.20782806047203 0.0560217077093331
0.0426540885873567 0.231467847506462 0.177919004877007 0.247661749376343 0.0478373245582326 0.0278090254829665 0.224650959611632
0.273022444396375 0.106908327454464 0.140758894956479 0.0150238358903889 0.0207933309063938 0.155925303669177 0.287567862726723
0.20473520112985 0.169439574015361 0.0278270661553537 0.143470598532843 0.0881728321297104 0.185457064101207 0.180897663935674
0.00584456362336588 0.215996334201936 0.00296121141430018 0.180804512129652 0.214077028856722 0.200113011274502 0.18020333849952
0.224078309845301 0.217138578108175 0.0378432667399916 0.213619832219307 0.109357835452755 0.0623600400323559 0.135602137602114
0.208061140327647 0.0477644390172749 0.125596115005683 0.20346409538065 0.0777646679706847 0.242812754679229 0.094536787618831
0.183581558923221 0.240244578840191 0.0951008420187154 0.18500755879688 0.0369264066004122 0.186168173166508 0.0729708816540728
0.107047255719577 0.210063083113779 0.0710094394023026 0.231326185574484 0.209229350994968 0.0254151839562841 0.145909501238606
0.149458023491879 0.194871477296482 0.0837208762377841 0.124291086893519 0.275543384345356 0.0138111811270213 0.158303970607959
0.168856718339292 0.146040668653908 0.148974425143009 0.042294696213151 0.149747958617629 0.189225832056596 0.154859700976415
0.0884594450502948 0.380024697661703 0.000685492163931035 0.170023219556049 0.152160392058051 0.0263550745719018 0.182291678938069
0.222092205113261 0.16597174123779 0.164190138105177 0.171260764354023 0.0580417512719149 0.121282459074273 0.0971609408435616
0.112432305164008 0.222220310322035 0.090926484972163 0.1304349150831 0.133147634545904 0.158199686958404 0.152638662954385
0.0495365870430076 0.224091058251959 0.0140985779006076 0.20666049929957 0.020873593131121 0.261075451534088 0.223664232839647
0.107966804390503 0.0182684503053579 0.249743524011062 0.0979747387862958 0.0221230509445372 0.252549123861768 0.251374307700476
0.273644417618965 0.158337602439528 0.0841445973004437 0.0149605870809839 0.196799388513263 0.25267894317323 0.0194344638735866
0.0631531433799699 0.148400799123844 0.28283839792292 0.194909820194593 0.00523725644059617 0.156169992585181 0.149290590352897
0.0891119043058082 0.0218450086293274 0.167324390212434 0.268982650029989 0.0876862054754312 0.0482647837557458 0.316785057591265
0.0133698096737368 0.125267806919109 0.253400634362883 0.0531165423913003 0.124960884161269 0.206297051079872 0.223587271411829
0.0468593407742518 0.565607326619777 0.074291689914847 0.0824957389641319 0.0619000077428695 0.117774983961495 0.0510709120226285
0.147791747170382 0.0711249208199113 0.252780125837605 0.23277321907021 0.0340382871393803 0.11102564837053 0.150466051591982
0.216197032450472 0.0991091830045947 0.218926886655086 0.00382174526878122 0.0177298701597324 0.137001821416073 0.307213461045261
0.154544062245966 0.175169240449271 0.13679972852033 0.0281763753717911 0.331646100377471 0.155035716397881 0.01862877663729
0.205170907958862 0.168300365027208 0.122371120353572 0.0399607368482003 0.186201452447587 0.0432567190737814 0.234738698290789
0.120701686020366 0.128906042526391 0.144552502108883 0.06947366981672 0.147581539015519 0.203526749120881 0.18525781139124
0.087267896030975 0.173083007305714 0.172912746710223 0.011713904241364 0.23112767351018 0.0815411909485814 0.242353581252962
0.0101532696405263 0.249710415809214 0.07908888224858 0.0454475740546082 0.17712708235859 0.202330721317466 0.236142054571015
0.131868870043315 0.1941031594986 0.260083019630737 0.0609456254495938 0.166439640493637 0.172524147503526 0.0140355373805911
0.281653724800486 0.0977665118016632 0.214750117625831 0.093044885641994 0.0568722644778831 0.187255341634856 0.0686571540172872
0.10530984795929 0.145592379842043 0.126397089103203 0.183130019407107 0.0637044898083374 0.17911137082436 0.196754803055659
0.217744788384617 0.029892760351707 0.0516301620123508 0.0331283261954134 0.287002786346409 0.092477025770331 0.288124150939171
0.0460743001244876 0.00955637442213301 0.330996834979193 0.0147455447824718 0.230277274463771 0.0529491989063265 0.315400472321617
0.18053412209493 0.0132783301630199 0.122039997993123 0.176588828509615 0.188740372133618 0.20971343698856 0.109104912117134
0.319131215374373 0.0639013285364232 0.315819311220582 0.0742935744365491 0.0371138430927261 0.159399632506753 0.0303410948325941
0.235129446029705 0.0701916250264882 0.0726194562823821 0.208039593826588 0.115163248711536 0.223040063234047 0.0758165668892543
0.129496428028456 0.199698106901213 0.228757725266747 0.0895542460058313 0.0133072552744661 0.181239756269749 0.157946482253539
0.0552337893128992 0.13597856973523 0.238618886330011 0.0379192602638109 0.0523683001940514 0.160042199835218 0.319838994328779
0.0190183326066632 0.205765541706635 0.123620407894416 0.241301488804918 0.173411841808864 0.0779319015185776 0.158950485659925
0.0655478359304492 0.278561120076068 0.124045534650712 0.170623152279862 0.100846743026779 0.10610971022097 0.154265903815161
0.0571511894583605 0.208945530164292 0.0701286398454523 0.213652990639634 0.17971219530269 0.0439536304319116 0.226455824157659
0.0792649978099075 0.201149933777011 0.187266221198297 0.184383652786896 0.126557907240134 0.201214267104402 0.0201630200833531
0.164248433729654 0.0517949936996812 0.278239252862735 0.0393428936578961 0.137916002338128 0.248543875718551 0.0799145479933559
0.0499555943255024 0.157485905108792 0.0466332688907406 0.0523569325004242 0.162079084680147 0.465068679519532 0.0664205349748611
0.0506205731764067 0.00993466051700788 0.17170399370293 0.0716790406652734 0.249026683753757 0.217413565500549 0.229621482684076
0.029180188157561 0.15672982373625 0.187486112127269 0.102551749619563 0.202940683884524 0.0576878425960463 0.263423599878786
0.147769197513999 0.0856136911468926 0.0145171780452267 0.172336627007849 0.187288162449083 0.216541393028433 0.175933750808516
0.142217519797836 0.152644264693427 0.225805337841143 0.0571728727431498 0.206931920814983 0.150630290870253 0.0645977932392074
0.0944492237437411 0.164808497321442 0.174025926228066 0.259391320371376 0.118227371996826 0.123916512766249 0.0651811475723009
0.176999988156877 0.163328252675898 0.155539916325374 0.185623595979914 0.132399784724289 0.157403219682967 0.0287052424546816
0.147363197938607 0.0905916469532004 0.214761354262666 0.199281427905718 0.149943839541815 0.143819055863366 0.0542394775346281
0.149315171162062 0.0134410621275884 0.161106765211995 0.0336229063603553 0.333663748816687 0.276664620129712 0.0321857261916
0.113616767916439 0.12275073780941 0.17927356813666 0.209060972880944 0.0446927195356576 0.197919305661285 0.132685928059605
0.165916057453595 0.248037291974003 0.104645043742379 0.139136712488009 0.0744741814755945 0.163080301669502 0.104710411196918
0.223229481187783 0.0962113194006285 0.150059444081429 0.0636591823020499 0.0480418378466543 0.187875404473647 0.230923330707808
0.193686468627937 0.0775534860334979 0.213442709620455 0.0328227621128143 0.196648296724162 0.152560706437262 0.133285570443871
0.103972176430344 0.0813509705158392 0.0594082755780939 0.249219968594205 0.209322969639273 0.218436139275736 0.0782894999665092
0.0972177846754727 0.0645512820338116 0.234816048151082 0.152922023070998 0.101284789036318 0.203014179523082 0.146193893509236
0.0903574610030308 0.218077622441978 0.0495948391020324 0.182440865486723 0.0215973114794525 0.244842609690732 0.193089290796052
0.00995372352969933 0.262866399280367 0.178827402272963 0.143041102881333 0.147955152261464 0.0509437753832318 0.206412444390942
0.0541676619937702 0.229509569772351 0.153332701084767 0.144861680778427 0.156480988453257 0.045799144119613 0.215848253797816
0.10826465375462 0.02403794969052 0.25699730932342 0.324392305919909 0.0890061852600268 0.147052190904122 0.0502494051473828
0.0135137638960219 0.181352856083723 0.208134094403567 0.0516375400983367 0.242538702326016 0.198761336998703 0.104061706193632
0.208502111117379 0.105317978059758 0.219682150540383 0.0180601290952841 0.193206607779782 0.0173874454825702 0.237843577924845
0.218779849871544 0.139458044918273 0.0987230730665914 0.21084008066214 0.00674616941825174 0.108985837495956 0.216466944567244
0.0323249828494108 0.190600129157691 0.102189512402737 0.219016780457359 0.18873214407467 0.13696894874838 0.130167502309752
0.0840828649185878 0.155305516280619 0.133418957976642 0.232958713718727 0.186109523061087 0.021995943784093 0.186128480260245
0.053189557827556 0.146210673920469 0.00546677310329811 0.11513810965194 0.268390140560646 0.250940378947048 0.160664365989043
0.184909715116885 0.178919141439564 0.128330022041161 0.113805227766061 0.165867831690639 0.155662950512319 0.0725051114333708
0.111038620926192 0.17078397068526 0.218233525292233 0.145838655472027 0.156249648561166 0.0877412958343512 0.11011428322877
0.350273204017297 0.124167902611874 0.105634729472721 0.111312823868961 0.22703972492669 0.00458512758383821 0.0769864875186188
0.180234200961891 0.339662335307685 0.155986750363866 0.122804018011184 0.0721730606422128 0.0362131187187504 0.0929265159944106
0.137490078657321 0.211969126130313 0.0813118896086246 0.135070252257686 0.0931982445704199 0.219618111029378 0.121342297746257
0.252759159825549 0.242274017295266 0.201534750659407 0.000979597981973674 0.0404079345258342 0.0177780340924661 0.244266505619503
0.100300734079195 0.230122629083666 0.0218397425887653 0.027127970042767 0.239624770211946 0.0391428071398473 0.341841346853813
0.131423894301438 0.0724632433289765 0.112338964104082 0.254611661655221 0.291724879383348 0.0258357226517565 0.111601634575177
0.245474622312941 0.0698284800363521 0.0892691754162422 0.0980174070971176 0.214826784739191 0.0849503629795532 0.197633167418603
0.0993083881630555 0.0182918682708774 0.164643482346173 0.247621731415599 0.0624871173621025 0.247293677539093 0.160353734903099
0.256284358949637 0.201987746390237 0.0101730775137696 0.0793062549277323 0.0454895385651632 0.167114760688314 0.239644262965147
0.0968470413449556 0.124953758393172 0.0189698871841505 0.181216931542272 0.273350510429868 0.263375461752275 0.0412864093533071
0.217937804735816 0.0464869463906905 0.250196607891218 0.00930068057118532 0.274384641742158 0.0854850262816998 0.116208292387233
0.205234240168891 0.211274178985906 0.0423540836173387 0.141986733147792 0.159422754118534 0.0511579794269427 0.188570030534596
0.138140663186089 0.226800983455122 0.12471692949947 0.157351742390823 0.0164993048470808 0.215188131436532 0.121302245184882
0.0696972290607191 0.187613656590241 0.155757229474845 0.124982910728946 0.000189790653585933 0.239081475270026 0.222677708221637
0.114629670095712 0.2276979679425 0.165469763993421 0.0238415174734552 0.226317868072147 0.143232389493675 0.0988108229290892
0.261564884601571 0.0650038009932583 0.141941238195499 0.0142652488052006 0.0892751586018101 0.0447574774417336 0.383192191360928
0.239019012564994 0.192831577722577 0.000404714910374005 0.0434714044905415 0.175064568642694 0.106409694227931 0.242799027440889
0.131865277509464 0.201990063553271 0.00471406708873146 0.27390716098961 0.0998753121319427 0.0303348489978048 0.257313269729177
0.237984670088129 0.104045493475872 0.103295116046784 0.117428241424649 0.0671541552789431 0.255102880230253 0.11498944345537
0.262002669532469 0.0374808024062303 0.000419781080750335 0.0468465133365763 0.203012753060259 0.194161866235581 0.256075614348134
0.243391859397458 0.0831238888068663 0.039070324996603 0.271144166013626 0.229677754696978 0.0675582115386238 0.0660337945498447
0.247432143279119 0.00785421669096265 0.0928834983767809 0.105727335399667 0.250578205310437 0.0166207177902685 0.278903883152764
0.145737566248729 0.236406382096852 0.222126529683221 0.0184364574317065 0.107302772903778 0.186382756280973 0.0836075353547405
0.183278575512836 0.210606151361617 0.217881310168438 0.0960839520097601 0.0462173792030813 0.0279118889403413 0.218020742803926
0.19960290154254 0.115095124739224 0.0335995528528174 0.00201920220765863 0.229080869672789 0.223347218825105 0.197255130159866
0.221833669930204 0.0804761422658239 0.0610387218393541 0.101510755950673 0.20815736661862 0.0938906841171055 0.23309265927822
0.00509499580019275 0.111266724696957 0.109671100567533 0.247422416731962 0.170949433632662 0.200400365691214 0.15519496287948
0.241951556370704 0.249578040713708 0.0337404729433388 0.173403665102698 0.233842740818971 0.00406831022319003 0.0634152138273896
0.131825756279335 0.230512084255371 0.136260946103718 0.0565369254905513 0.243440191406962 0.111368384539337 0.0900557119247256
0.187678891787236 0.0491787553854506 0.0124593056573485 0.187557711213513 0.209320665882638 0.165148964912102 0.188655705161712
0.214100414189909 0.232252913932516 0.102917729091758 0.047751050871608 0.0442300307726781 0.0761961939678915 0.28255166717364
0.0787506929532951 0.172993341077683 0.213078546317886 0.186757443171054 0.204443544348515 0.02139279309482 0.122583639036746
0.139621139865189 0.0940440308196221 0.214749376406771 0.0222709861272566 0.233075199886946 0.227451742288766 0.068787524605449
0.16202285324922 0.180392104365609 0.111122129307625 0.082013788016938 0.0704598219885106 0.228181150782852 0.165808152289245
0.184708804111746 0.193107064894527 0.150518914296279 0.151057256696142 0.0810517962451371 0.181802558590541 0.0577536051656271
0.195613465598389 0.135386379784188 0.212603415917905 0.129743374974839 0.0265287381485838 0.159224239209374 0.140900386366722
0.223780999527329 0.24491332326896 0.112130891239515 0.15439614463669 0.00563440939238361 0.116094789056743 0.14304944287838
0.151639519431848 0.143496002514626 0.11995023023406 0.239616829791605 0.156413760044597 0.165627769962696 0.0232558880205684
0.328361768669914 0.108353508238236 0.202057013056525 0.0238902042658701 0.10941722617448 0.122849426866883 0.105070852728093
0.204264579381728 0.24550117806123 0.10156354613203 0.0505461910829867 0.0984727114627144 0.139751236386566 0.159900557492745
0.0529980162415269 0.234306452307471 0.12133842529722 0.0202690690146668 0.143162514296364 0.279148023392074 0.148777499450678
0.215191821317271 0.0166869383379891 0.22585983205024 0.0364978426994761 0.219482362634162 0.101978847685176 0.184302355275686
0.104234703000939 0.23744839010684 0.227404506010181 0.0891840767718284 0.207419048872108 0.122581064078127 0.0117282111599754
0.22108894129673 0.113767081096192 0.149822228413642 0.150876144166251 0.0501626980011183 0.14502153747082 0.169261369555247
