0.163769613143587 0.0552605895192567 0.0151618425092769 0.303109498803546 0.0592505860029717 0.203240516923869 0.200207353097493
0.0584581767881301 0.184326034710295 0.207754531137652 0.0245383476506635 0.105450150569727 0.221116415211735 0.198356343931798
0.120446476245493 0.0246727073524759 0.221820623821452 0.201604831367422 0.125637977897642 0.0770878498689179 0.228729533446597
0.0112690176180987 0.172176394783088 0.187242925072819 0.137363717727806 0.168601532829398 0.1610867660764 0.162259645892391
0.18486401496969 0.147966292191527 0.260415507845686 0.0278978911874127 0.211855130867626 0.0215894435449416 0.145411719393117
0.0579386756913846 0.447401734669773 0.114116398555811 0.071446311189059 0.0428007072697041 0.249543244798537 0.0167529278257318
0.0263532850587984 0.24062245492057 0.063955223752031 0.152687239190072 0.23662375554843 0.0612518240887853 0.218506217441314
0.0266809783993802 0.181318852328731 0.136857092747897 0.135104735047716 0.207999466862999 0.103242352398687 0.20879652221459
0.180065791269026 0.1250560803739 0.0997212386041482 0.225031901088193 0.19188374825553 0.0832617078639104 0.0949795325452921
0.152641080566683 0.235004795925434 0.289098792578428 0.156285190320525 0.0526444985202329 0.0156732293251401 0.0986524127635569
0.024684109504188 0.269062974030209 0.19127173083222 0.157968181873794 0.156977600559042 0.196739181233834 0.00329622196671379
0.159959191047434 0.27732519517023 0.207441462959641 0.0887078153724923 0.120832376466158 0.0961597117989175 0.0495742471851261
0.220813683755251 0.173654820312603 0.0117064391628685 0.2086476891312 0.215741399504628 0.0454971576097985 0.123938810523651
0.104255725568144 0.12156821998142 0.16497478097995 0.204015621925116 0.163552529445504 0.195242150349852 0.0463909717500133
0.123201015173387 0.0647040336241547 0.144835763477821 0.101593082600766 0.225191278701294 0.143292342488715 0.197182483933862
0.236513979353246 0.240045062828573 0.0994263278862722 0.221071563229398 0.0236659579990596 0.0223732910941843 0.156903817609267
0.123474467912012 0.106576786477201 0.173900609209657 0.148749712026294 0.10704456073615 0.256289211042668 0.0839646525960189
0.21277637730585 0.0653028823762479 0.214708377424938 0.0705198461697052 0.128806574942362 0.153399291276038 0.15448665050486
0.311896714089215 0.285824046204147 0.121014670174106 0.130681890320043 0.0394066702886902 0.0738142409851949 0.037361767938604
0.214869700655421 0.148593553151162 0.0974347752066763 0.037929332387127 0.205438275876752 0.140995660877101 0.154738701845761
0.124232748339878 0.0944014704050225 0.120776064276298 0.0213843250648028 0.249300848055136 0.178910822268025 0.210993721590837
0.18997364240725 0.111068140834612 0.207197614122118 0.0810540693920268 0.167165063330246 0.202830760868252 0.0407107090454961
0.183454645950373 0.0898809868758576 0.20165666341254 0.142312684212746 0.121861438223774 0.0839331988088803 0.176900382515829
0.0111217260597435 0.0851051022804381 0.163226707937204 0.165133990855133 0.256434232521616 0.216080834460934 0.102897405884931
0.0647365250791788 0.100183914789572 0.251684832564211 0.105885620877918 0.0490845755332303 0.0221788297610329 0.406245701394857
0.0705199180382238 0.0191433726502444 0.171948764709836 0.328844007151715 0.197932070510666 0.0604892832131478 0.151122583726167
0.0498085334830339 0.0639513606539752 0.182100395378107 0.120558209326407 0.214766907900676 0.218733675891326 0.150080917366475
0.0731576456311948 0.00580976112305411 0.21665452481837 0.0334126189164658 0.249604112245006 0.263495415989799 0.15786592127611
0.225498436820976 0.0587562103579224 0.0455892239943776 0.195607354837149 0.0970890621146367 0.117554904545716 0.259904807329223
0.194747603320745 0.0657852997833499 0.121586181617209 0.217287209591513 0.166328174438493 0.0691688602363955 0.165096671012295
0.125475304595845 0.15174875634998 0.116606764698795 0.133403417231084 0.0893318519587362 0.187857519273293 0.195576385892267
0.204599289377655 0.0185753383436122 0.145116372004755 0.21702295253694 0.149583628462786 0.210006579069231 0.0550958402050211
0.239051446130686 0.0354709660346344 0.209612027272421 0.0864793571756552 0.0650414674752859 0.156000815278079 0.208343920633239
0.120215966534672 0.00673970829311075 0.211952183818577 0.0712665867539715 0.262315184679828 0.058229281507696 0.269281088412145
0.0248277444100962 0.198661737770017 0.157795259994933 0.204880118613245 0.131092072101507 0.177977768798028 0.104765298312175
0.00388214965599024 0.0217705043397462 0.0566858273469478 0.32349729829735 0.0974860181900689 0.236772496287759 0.259905705882138
0.0132411572830465 0.173598314684472 0.172742256205957 0.28062566011642 0.0287878899546229 0.185563654383195 0.145441067372286
0.0639768636994649 0.177265368230777 0.10329318819669 0.190509353160467 0.0860687236578724 0.209914880699677 0.168971622355051
0.0300055961793792 0.00017287001202704 0.170011653618911 0.0860453554960453 0.246264929156047 0.220078652652173 0.247420942885418
0.0567002065356468 0.147994893037742 0.257345170437427 0.153681932307191 0.149634463774451 0.200147878743765 0.0344954551637775
0.178073238904543 0.304058773603019 0.138748155469411 0.140488987980677 0.0187956747664632 0.127159636271943 0.0926755330039428
0.227410787004313 0.00564212945352325 0.228260264298738 0.0445187862064412 0.132761905453 0.287355141929632 0.0740509856543524
0.238845222981379 0.0780687015457225 0.0935628020960067 0.102427768703796 0.228670881051768 0.00137453135571488 0.257050092265614
0.187495947245467 0.182505099125984 0.0667914998658387 0.00994649596501918 0.0997132151840437 0.222760958257358 0.230786784356289
0.163732102770721 0.0109073021570125 0.0977707268245855 0.216247833635561 0.236560324924856 0.227615605637527 0.047166104049738
0.259138409356731 0.304388294219702 0.028314905291165 0.143383697096252 0.00457328936878768 0.232163961990224 0.0280374426771383
0.0899576734126795 0.126079830077562 0.0530392682244503 0.14456977145424 0.122960798453231 0.373748182886137 0.0896444754917
0.0661495126681246 0.400469184707389 0.0524913418307103 0.0323817409052093 0.0475528085314704 0.0870268456309438 0.313928565726153
0.22898263582264 0.183733874824622 0.179136726149046 0.0850411288935681 0.182457408753508 0.0930957165092268 0.0475525090473889
0.020178892907757 0.179423414543156 0.158284844739146 0.181331109789508 0.309639094184169 0.125099575650807 0.0260430681854581
0.223359123008047 0.237096226332251 0.198769721811721 0.0661127790263554 0.090160026010555 0.00932419970203391 0.175177924109037
0.155612794546241 0.151347153248494 0.122304448295379 0.181827190889091 0.118893683129906 0.177850318842488 0.0921644110484005
0.00904646513218105 0.0996075779271774 0.0382141390953609 0.238267424175523 0.160633599724649 0.117630682373448 0.336600111571661
0.0940294380528753 0.213054316267077 0.0865063308408749 0.0178443833867604 0.111975521601592 0.256225212813703 0.220364797037118
0.211948700258082 0.223223817122425 0.109299200310751 0.00778163948007208 0.145249279561742 0.0598920020131371 0.242605361253791
0.272557942572567 0.273926184965005 0.210216122228936 0.0499359396315299 0.112512646402669 0.0502210096130783 0.0306301545862158
0.205627762318354 0.149744539810926 0.0804976671131897 0.151734559491127 0.147933735024703 0.128505570957938 0.135956165283762
0.288803714910934 0.107024173321969 0.0757203006506016 0.173660270720827 0.159949392517676 0.173949801687243 0.0208923461907487
0.411253205663165 0.10473592333823 0.173808333600619 0.0396004383989776 0.0546922375214705 0.132579901350249 0.0833299601272889
0.145585080723614 0.0430249982657168 0.0527373004721014 0.0426330211290991 0.225380910548054 0.219672216559025 0.27096647230239
0.232421961909102 0.204959904304292 0.070441845410418 0.0601612648980657 0.166172126818687 0.0870423077384616 0.178800588920975
0.114325056431515 0.0351410765239103 0.2796548570594 0.208022057497744 0.220438706061293 0.121286771763548 0.0211314746625894
0.239919309722576 0.259634878594796 0.154438291493424 0.0961161820205637 0.122712233572128 0.120683527822488 0.0064955767740234
0.248497670105195 0.0237168121964349 0.0607922461571014 0.210595314546109 0.0608578209726959 0.179909714519128 0.215630421503336
0.161375421608302 0.0967856450060597 0.0874752245468281 0.197324544709533 0.128469439994224 0.171662633772273 0.15690709036278
0.120102260221851 0.0807380701941142 0.146220964197671 0.178274736488298 0.0323172566763347 0.245944447534823 0.196402264686907
0.197025603238362 0.129034993176 0.186130022597546 0.00101094866477779 0.0456763287481182 0.210576478528033 0.230545625047163
0.0829779670734684 0.0863298692598709 0.216375429895212 0.163550437676145 0.135546019336072 0.167692694021795 0.147527582737436
0.128012549371418 0.0485954149282479 0.36741717251124 0.0779186112058139 0.179590282749312 0.0215818545173446 0.176884114716624
0.0311631302795738 0.244152958542114 0.235520654410843 0.126085322915263 0.00371087582985545 0.105159061416081 0.254207996606269
0.0709852246808073 0.0315547569627501 0.0217412237180513 0.271722782649808 0.221945128485079 0.297245416198775 0.0848054673047288
0.131692549048085 0.0435225673308553 0.146851161693024 0.11791470369308 0.100100923168938 0.233574827586623 0.226343267479396
0.0167059946232386 0.335163326679422 0.27945384614601 0.0252348818777906 0.0185471337867516 0.157735430200186 0.167159386686601
0.24842362538071 0.0521187339809763 0.222785986958655 0.179586286410904 0.0804223007737464 0.020830666835187 0.195832399659822
0.208366867396681 0.126281234174242 0.210333403287368 0.150676114066629 0.120263120374106 0.118103459756339 0.0659758009446342
0.226903338942259 0.164597641200916 0.158206478947029 0.205461780175894 0.191188889493491 0.024247050515647 0.0293948207247643
0.257134732407171 0.0812345772325731 0.174391270786034 0.270615361775717 0.0592738502982906 0.08559622192169 0.071753985578524
0.205068100730845 0.185006661322794 0.0884544173076293 0.144892343237246 0.198433706986124 0.0336512860772829 0.144493484338078
0.119008086713716 0.233077600052036 0.143820978001934 0.0680913728585906 0.172238630737659 0.0240700143824378 0.239693317253627
0.140097615858516 0.00913024033718845 0.273115815853713 0.28601567060522 0.135833919702728 0.0321897059578715 0.123617031684763
0.0906346581794173 0.0993975784758459 0.169264419277793 0.293901098058525 0.273533051358369 0.0701364635918996 0.00313273105815006
0.270535318622981 0.151858477363101 0.11405046967813 0.0633263704127509 0.057743919631048 0.194766466548035 0.147718977743954
0.330594505078263 0.135655343762579 0.184988655765447 0.213266370677024 0.0579599274359808 0.0330955003897197 0.044439696890986
0.170756258532188 0.00337477326255436 0.239829844486832 0.0486698966206316 0.158052683622053 0.195474588441892 0.183841955033849
0.121475653994193 0.213944356020072 0.0597615563834711 0.0970752428174724 0.183515578014025 0.132812552942074 0.191415059828692
0.29146391574595 0.0497296775667734 0.24811890293828 0.0461653869976673 0.0726587680316969 0.118794298136244 0.173069050583387
0.141285298107145 0.122064988645747 0.178782214620594 0.169772721121998 0.122333510004076 0.143496602697366 0.122264664803075
0.0323107411270918 0.119702929852534 0.10917633294925 0.265103017651014 0.196171468866281 0.258327976903806 0.0192075326500231
0.174822656150324 0.142498997508749 0.12677344865606 0.0395008615902047 0.118963349123382 0.254778261140204 0.142662425831077
0.226212218142037 0.0720630022631223 0.226723674774405 0.113962558966582 0.0967706685546831 0.117374780836578 0.146893096462592
0.200383866890872 0.0951001544278624 0.200692388517855 0.101777878024237 0.157073351044486 0.110877081146516 0.134095279948171
0.18085462245696 0.268211760544816 0.023857789544574 0.123967668728503 0.0764500942704456 0.137773468404465 0.188884596050237
0.0683065700085566 0.20670073554477 0.141487877417419 0.162976613539382 0.169686381622659 0.0535556214312482 0.197286200435964
0.0816174076957359 0.183135300547923 0.0961256570871005 0.12232275548738 0.109789983354577 0.211178930960059 0.195829964867224
0.147990303432276 0.31326212372751 0.0937233797687265 0.0580585408049622 0.0958444602489184 0.187502325378522 0.103618866639085
0.205321598248839 0.272045761566757 0.199136663444863 0.110227929027339 0.0620689226916865 0.0657333482793736 0.0854657767411424
0.204211817944996 0.0521068189692302 0.156886461967352 0.0664007872902647 0.0217798520350796 0.316631633688885 0.181982628104192
0.00823092769446527 0.00312377676240474 0.244179792540517 0.142315820723984 0.1635060269193 0.155488209179128 0.2831554461802
0.156827787648806 0.131818978112027 0.106757016663988 0.229369311288656 0.109687580619832 0.199304120649198 0.0662352050174927
0.144005149806096 0.28434698877671 0.100255864851858 0.00333964230593305 0.280384468084097 0.169222402852991 0.0184454833223142
0.212217266862695 0.099520261540574 0.00077792473617853 0.245794075799893 0.259029466561398 0.013057968640212 0.169603035859051
0.219292883955167 0.0764183244807585 0.0408683154364899 0.09104160625972 0.109799203790073 0.19131450364473 0.271265162433062
0.274394034761832 0.278474985085691 0.0209204950438992 0.155037723208728 0.133376468715647 0.0866036277083604 0.0511926654758429
0.11138722044647 0.236325290892784 0.0928510433852105 0.0245357779989594 0.219455431150804 0.201476579726461 0.113968656399311
0.184264808397612 0.0259410698486593 0.167680246503327 0.16414367975194 0.184223738023387 0.16252648867576 0.111219968799315
0.0574690673644933 0.037850348629115 0.260646072745907 0.237398013904326 0.0170150392800404 0.117817797455639 0.27180366062048
0.211583976342989 0.240845074010403 0.0275780903509599 0.134101191152809 0.140355391526115 0.165817079805392 0.079719196811332
0.0512897152314484 0.11587082573474 0.19573529322866 0.18365617854836 0.244697753204073 0.00659814014737233 0.202152093905347
0.0430354428323909 0.0976080408706257 0.137753178759412 0.196028462266569 0.0638020704564722 0.231577934072678 0.230194870741853
0.052021416928465 0.0618204027850149 0.219070817672059 0.149100153527827 0.209144808697138 0.142462257218911 0.166380143170584
0.126562788503886 0.170800944788706 0.151585528518013 0.146826764885479 0.140423225400346 0.21001499825444 0.0537857496491304
0.0897350383390626 0.206055539665697 0.213903428409542 0.11496533694939 0.090204549703291 0.10484780172115 0.180288305211867
0.0821499601253032 0.140453044083503 0.182658104800966 0.133960567368952 0.114090156841098 0.159161752445509 0.187526414334669
0.0537250672892235 0.0873725920663866 0.10619384564647 0.155681816534001 0.103818263489601 0.219981517185608 0.273226897788711
0.0980578217621069 0.124474392884118 0.186653395678841 0.103145916383249 0.0126668195099257 0.240500033751851 0.234501620029909
0.0345521780952988 0.150804257082869 0.0287981281208492 0.223198155761896 0.250515774352513 0.254445359635368 0.0576861469512065
0.245736400480446 0.197244596477677 0.103268529732941 0.0576302912617733 0.282594436602528 0.105456167131746 0.00806957831288908
0.173178407076326 0.156049021420546 0.148035520574104 0.158043902920643 0.179677302656215 0.104897019131196 0.0801188262209707
0.254664213682805 0.158261436274551 0.153408076479878 0.208804276600562 0.162217490130853 0.009337909397181 0.0533065974341697
0.146664065875074 0.159669069431641 0.0811012627772639 0.186707688479369 0.124388547098325 0.122148933275394 0.179320433062932
0.151488373950604 0.0315889556651215 0.298081270666111 0.0421882164418987 0.338460851940659 0.0131802971936549 0.125012034141951
0.218863540158096 0.122233263584543 0.161483260517837 0.224577450783998 0.101497956621116 0.00940621596216434 0.161938312372246
0.193368864596186 0.164113192237794 0.123811722646255 0.217885779733791 0.0258046245498872 0.163465248210594 0.111550568025493
0.165902622008971 0.106022330580452 0.105298912749584 0.133121958420131 0.248923609676851 0.0414644399804724 0.199266126583538
0.0792875908657377 0.0554182041791856 0.0724151528763941 0.25111036875068 0.19129583103101 0.154678493961185 0.195794358335807
0.16133523106771 0.144001105269652 0.217593545607013 0.0282222780255028 0.121142515713924 0.193094403896702 0.134610920419497
0.0214943530830568 0.165970308933053 0.180720920622337 0.19612331513937 0.202334449266927 0.0363367135128377 0.197019939442418
0.157055704579646 0.00818352494003694 0.255080261489899 0.120936665008219 0.249675868074062 0.144651192436296 0.0644167834718399
0.148211777118364 0.196143292963406 0.268042166636463 0.0728350831811936 0.0110670527490891 0.254077412558913 0.0496232147925713
0.176044251796931 0.0762326384835819 0.034400818610474 0.100156673270031 0.207646619788639 0.201360350988448 0.204158647061896
0.123157145772064 0.0111843239133686 0.0330216250994607 0.104023645946443 0.227142357057174 0.341800780786067 0.159670121425422
0.118329941795932 0.0705136798638765 0.20437486987404 0.207763602835876 0.201550664761409 0.116305902884016 0.0811613379848505
0.0356762075627835 0.147382822394819 0.100590987359609 0.0204637175751534 0.245913698423104 0.212195748075736 0.237776818608794
0.0811104125249966 0.0423299604436831 0.0424498411790609 0.0858522926133249 0.163296354694896 0.279336073271052 0.305625065272987
0.0715149961197558 0.125394926432622 0.129164654379064 0.272224811412199 0.0945406436930637 0.0256137238507851 0.28154624411251
0.00785762943026789 0.279875552142198 0.126391709523799 0.230041523580814 0.193204246637291 0.0371392644335541 0.125490074252077
0.0283864026932784 0.00885338835714886 0.129084679973413 0.248575897515112 0.303907615633469 0.175247073060506 0.105944942767073
0.131375162735279 0.252906309628487 0.128508637346373 0.0537592587734722 0.134364444176674 0.152064098190157 0.147022089149558
0.185988828880783 0.053744342356633 0.291267310413959 0.128362914829797 0.118162977914107 0.199687270907613 0.0227863546971088
0.0521646831536744 0.198258572460058 0.238881078617271 0.160731433236268 0.0478350225025974 0.165349961053538 0.136779248976593
0.260148161928768 0.0150348581388238 0.262765485190716 0.0510109403075794 0.0562593685929656 0.245724063980819 0.109057121860328
0.248148417283818 0.154138840427063 0.00650654228120619 0.16445950360549 0.224314037328346 0.0599194774050901 0.142513181668985
0.168924324489814 0.192370446225732 0.140465739568757 0.114447622765159 0.127115648103383 0.0649540167282756 0.19172220211888
0.312693336936291 0.238791982376433 0.0253884548640957 0.238564447200393 0.0510143301801945 0.103067965283709 0.0304794831588839
0.103666704807962 0.255624563614782 0.207959405147776 0.0848155528314421 0.126956566956702 0.157068165915893 0.0639090407254429
0.188401738355342 0.174563893973473 0.213778361716243 0.23481580964155 0.0182476329430062 0.0528334936221243 0.117359069748261
0.100928665528802 0.133344221553062 0.218677310142937 0.0185337272082047 0.22195229097896 0.213385993355531 0.0931777912325029
0.124133666354731 0.197284203180646 0.0913870610518009 0.213613085895061 0.0602889949049845 0.110863228545456 0.202429760067321
0.200268423549645 0.184355993486005 0.123430267212401 0.0639527852435319 0.204374121934308 0.0274204098249247 0.196197998749184
0.00167143124851802 0.23515564119893 0.260865395353012 0.216557169729377 0.0894172683675407 0.0823114114312958 0.114021682671326
0.15177445783087 0.108924635909769 0.226993289395192 0.157053150135252 0.0846039588685463 0.10607828437963 0.16457222348074
0.156293362903704 0.209982954261878 0.0069314087983092 0.301562118679687 0.0398905783154706 0.048576155398367 0.236763421642585
0.0428795549256233 0.107462607254883 0.277403777006355 0.0424856373440311 0.19328572116568 0.122036483420612 0.214446218882815
0.0982609747186138 0.125766546594428 0.0523272313937597 0.339096279319492 0.204283483750058 0.0989409835162485 0.0813245007073998
0.0981202007429098 0.0736677288579824 0.187872773918062 0.199633488983424 0.175390482559798 0.0331970082672361 0.232118316670588
0.309065265155659 0.0645237530879289 0.0404847094785226 0.17506074738906 0.131064561073313 0.215075648107477 0.0647253157080399
0.195013533261531 0.124311202781017 0.145621737415634 0.158234043476664 0.0504624364242172 0.132903234363407 0.19345381227753
0.250205151444879 0.0739453097442076 0.0897144162768691 0.212541851714765 0.0575030543694884 0.12477770460536 0.191312511844431
0.110725350652336 0.189642836811319 0.155865081683496 0.0134519350985299 0.0916904699365696 0.381657342436598 0.0569669833811512
0.0570081802066655 0.0353780791224866 0.118605433955066 0.275404337099724 0.204607313877351 0.0444375447853798 0.264559110953327
0.227795948110851 0.215559017457387 0.159517861983279 0.0096103341911042 0.117342492269643 0.0446274963639832 0.225546849623752
0.067933848489322 0.152677478231611 0.0697184797513542 0.247424163177528 0.18238433688799 0.241275950036335 0.0385857434258607
0.166998512201443 0.0640986482536804 0.0839319279921894 0.223558653574028 0.31852363316827 0.0426935119727833 0.100195112837606
0.0544929166288558 0.370788857429966 0.185207049065456 0.0221118046984522 0.108108368541646 0.154712449774655 0.104578553860968
0.0735545390890254 0.194803856314462 0.137225334927886 0.140898133876359 0.15511571897636 0.125429296367143 0.172973120448764
0.158178145884184 0.0740586135813512 0.105464237821733 0.202272553301441 0.095835023041612 0.244287592781364 0.119903833588315
0.112285740228724 0.00104623486305603 0.0927818828859581 0.301806426327607 0.110923643053067 0.304351194639246 0.0768048780023425
0.207793060105559 0.00634976666710544 0.0534840517487555 0.272973625756373 0.0249927346344425 0.267219599780205 0.167187161307559
0.0515930466972247 0.113063989139888 0.253554771795045 0.21829748716726 0.259669234323498 0.101268482645508 0.00255298823157591
0.150408133005046 0.0878961577637803 0.185511271250036 0.275325578057602 0.208160140784971 0.0862147441657302 0.00648397497283497
0.153375123795391 0.125582027050555 0.240595413550852 0.0889843326825411 0.125192284204298 0.166683489984524 0.0995873287318388
0.0996542450906607 0.242237209834687 0.15819458368797 0.155305317095432 0.205260171201423 0.124663850367336 0.0146846227224914
0.186812504698545 0.0524343477895772 0.168111224131101 0.12187312895234 0.13588407792693 0.177832792556327 0.15705192394518
0.176202086995896 0.170951513678064 0.162868667612038 0.198539421744417 0.0248327029347782 0.135857861982719 0.130747745052088
0.183975002742145 0.202632389877881 0.201729768151303 0.0581713573880807 0.0136363629994836 0.146982831426008 0.192872287415098
0.22366812983275 0.212788812092838 0.161673921139419 0.0409267218665731 0.170503832344299 0.108515937577308 0.0819226451468127
0.0774580146525863 0.250128694524861 0.243567925068841 0.0403280596467501 0.205857508327304 0.0173003551241986 0.165359442655459
0.190689923359746 0.066703454589025 0.0751426655506659 0.178769768020912 0.184337514040674 0.124408088662443 0.179948585776535
0.11299795412377 0.134055014591033 0.0691529550133031 0.165159125656106 0.0892535068200912 0.214146282680188 0.215235161115509
0.179305956744961 0.20774396779512 0.174328520321585 0.00792658767702078 0.100240957906861 0.103672533563895 0.226781475990558
0.027144084605169 0.155824263161451 0.185050698933494 0.177812678408619 0.0716725894543763 0.21261697001678 0.16987871542011
0.145028264472651 0.100990011948361 0.00696565413955291 0.226660004069409 0.140442362959125 0.268879129334449 0.111034573076453
0.081619225026533 0.0174933951634633 0.318298189970057 0.0358013100133571 0.127064637581837 0.281018212077617 0.138705030167136
0.291257245162098 0.052611154544866 0.296257196422903 0.0300401455057399 0.028990623351409 0.257778949196159 0.0430646858168254
0.00209284847938411 0.292221397669707 0.145121471651716 0.211994188097797 0.0644191221930862 0.0720222731302474 0.212128698778062
0.201389167684072 0.196842261150061 0.046629158727177 0.192515193829972 0.201896702837255 0.0841255839997774 0.0766019317716863
0.118963286039762 0.218535916577041 0.216528989418417 0.00256126048677045 0.192418397417714 0.0538392632517235 0.197152886808572
0.0282968743727583 0.122709381116251 0.193987903040998 0.152691892259853 0.224916731415186 0.224214505139228 0.0531827126557249
0.208728321763488 0.12816258929123 0.0355944742209261 0.142144218852817 0.191849349582039 0.12774883540131 0.16577221088819
0.0979874505223994 0.255992508755883 0.124754647475913 0.158505483067765 0.0218840674242566 0.181652529572027 0.159223313181756
0.148060966948002 0.0603265309207002 0.114924525754932 0.185611112091731 0.116388475755031 0.105185848325494 0.26950254020411
0.102813518882419 0.0986779886296144 0.135456364203961 0.13487632552898 0.0882345326876219 0.209643949163067 0.230297320904336
0.102913587264361 0.204149223989733 0.137693986154207 0.122654815038238 0.20159454860257 0.0229953600974456 0.207998478853447
0.115098341791711 0.132685398474682 0.262929721849186 0.113202621170281 0.234975733503403 0.00837548459936815 0.132732698611369
0.0401417083720164 0.229588505041593 0.214442131140075 0.0550894228495553 0.101037492726489 0.129212813713043 0.230487926157228
0.111479684568933 0.250150566926014 0.0248937414419604 0.0583364652936672 0.0193509085700811 0.236440471744781 0.299348161454563
0.20698837924 0.198193083934977 0.219398833207274 0.071078257631647 0.0554944458243756 0.205615339196619 0.0432316609651068
0.109423234414669 0.0121419257241571 0.191558190314885 0.216638138650624 0.184114040179682 0.13678884864176 0.149335622074223
0.0893675162990274 0.24278999953252 0.147939824965772 0.239346597076941 0.084917768633123 0.0407237337694148 0.154914559723202
0.182113930142208 0.121060063369464 0.111765905230209 0.131184171754702 0.176355785362056 0.0923087429071324 0.185211401234229
0.204380666529789 0.00814296518883246 0.224708473874283 0.0435685337359544 0.217979693052861 0.142496158941926 0.158723508676354
0.186787488293666 0.129411652381611 0.0679587477743515 0.137300763769716 0.154998948179339 0.134010935399369 0.189531464201948
0.125205217992738 0.00129593905119791 0.251595428211359 0.247631166821119 0.0189132131697372 0.154057065319485 0.201301969434363
0.258160735607191 0.193304615972803 0.112692954804502 0.0809388013995941 0.25715266248198 0.0238938837601578 0.0738563459737706
0.131512370002638 0.119050836260582 0.221947943121845 0.0502433717741083 0.202775119538974 0.173734519494122 0.100735839807731
0.231777739171252 0.196450666914903 0.248677338641629 0.00580690024581613 0.0686561785537857 0.199680341367268 0.0489508351053463
0.0559624462463131 0.259241946958179 0.250922554063337 0.0739533354723538 0.110829566561905 0.0388049882140511 0.210285162483861
0.0108626343704026 0.0811221498770281 0.0915869399331819 0.182231763966643 0.433462087286817 0.00698861474764588 0.193745809818282
0.105042426773657 0.158661934508377 0.186854247531738 0.186423477137135 0.0439639193696815 0.186400718997821 0.13265327568159
0.0718984881454205 0.318044363165601 0.235957344078112 0.0124956258130309 0.121581280366375 0.0969471066729585 0.143075791758502
0.0395046677302401 0.165936522819137 0.19039839623346 0.279431463689962 0.0555589753236065 0.218584693168569 0.0505852810350251
0.132308555892472 0.173565233021044 0.0374367273054116 0.236799498459555 0.121034893904693 0.116545282253133 0.18230980916369
0.196684976044005 0.19997049142796 0.0410648997211882 0.166003338333011 0.320858372117252 0.00879635581875238 0.066621566537832
0.0339353372130906 0.247423858617748 0.126646088338057 0.126288863400574 0.0678909347175816 0.25433158080974 0.143483336903208
0.0928435225413488 0.104464464859342 0.256408502510267 0.167632082399022 0.110202481575753 0.0507091922783033 0.217739753835964
0.0233209677957798 0.0619579298116632 0.0595521731746348 0.342786392825581 0.265779903645731 0.0199680453278143 0.226634587418796
0.0322810466109229 0.0268317084719316 0.186180357210155 0.391097868463883 0.0111479142171083 0.233494916618913 0.118966188407086
0.139275304742433 0.266207919067985 0.0180195941418784 0.139596215024078 0.140055905900475 0.195893946428169 0.100951114694982
0.208740937713265 0.229646286828522 0.0716617419192414 0.147296845426916 0.152409755650598 0.0183387739623847 0.171905658499074
0.269923756907029 0.236573789743462 0.251591097925971 0.00649925834591118 0.15630946748659 0.0394666344561866 0.0396359951348488
0.128462459498862 0.124877966348142 0.180044710897328 0.0464240009791533 0.122134825158902 0.198511615633664 0.199544421483948
0.0554951342008501 0.217639797687093 0.10793905006616 0.146717351729193 0.177641977610719 0.222213511792599 0.0723531769133859
0.0332143147552187 0.194906474092475 0.246417488168696 0.0944927730827988 0.0120232874087095 0.142995408067447 0.275950254424654
0.0804460839155373 0.0376612794543602 0.121688573185326 0.184913276138882 0.211424474379769 0.221635665044339 0.142230647881787
0.20726208255478 0.227270686788362 0.23077918009482 0.111579051523277 0.13655799400146 0.0369472345407734 0.0496037704965271
0.023060309101827 0.113103305002497 0.0786438420739104 0.121807800349455 0.234361341932965 0.121281428174525 0.30774197336482
0.0703460054656151 0.239776421095365 0.268653104517623 0.0970506271246715 0.0709106228623736 0.179427975725357 0.0738352432089946
0.091739778261356 0.219761312549352 0.135056167827697 0.020580464699017 0.247298712283484 0.116471983815485 0.169091580563609
0.263175012983139 0.185609844815498 0.129224942714124 0.16004720266486 0.0544106694485369 0.201673234236191 0.00585909313765102
0.17613985245472 0.122720353907809 0.0751762136473724 0.255743977745328 0.121029382512057 0.0149673448880577 0.234222874844655
0.138305266559553 0.00419320085482363 0.15776583523814 0.168293009872971 0.201671315186213 0.242907850997626 0.0868635212906726
0.176943641621208 0.246904495875411 0.206976796249632 0.089597714252402 0.168630344176214 0.0124267885039542 0.0985202193211797
0.20375848666111 0.0989242430590359 0.0903408389800043 0.170770957258002 0.0135492769587182 0.228335280066333 0.194320917016797
0.102004675506484 0.105132565874484 0.0127906336376453 0.197858077237859 0.213950334705941 0.171197550804202 0.197066162233385
0.0648937639220983 0.191351817800735 0.0186240265819832 0.150438039208589 0.147500195931659 0.203448646289403 0.223743510265532
0.140845926416388 0.0358424015301907 0.203796335778909 0.160814459495468 0.151475541047744 0.118101231049397 0.189124104681903
0.282216728125612 0.112564345016066 0.317508818590274 0.0320228807969371 0.107257971010218 0.0671842766114911 0.0812449798494022
0.107856956952703 0.158029403911729 0.167266638936146 0.140153428477994 0.185475951632119 0.188276380939244 0.0529412391500654
0.185936660718265 0.00664304070342811 0.257556785339834 0.0130269570887636 0.0917288441337834 0.193266981997108 0.251840730018818
0.0117765733725974 0.184127188673183 0.164961813785026 0.229454293945081 0.174670605627192 0.166680268538634 0.068329256058286
0.185225503533283 0.155776343800919 0.231434090587107 0.0513197408518605 0.0183856151851763 0.125348697287035 0.232510008754619
0.00800226646875175 0.0897457863713201 0.172702301925633 0.258877797366386 0.204225902356126 0.142503809954039 0.123942135557744
0.0697903235020891 0.0596127130712975 0.259106466774887 0.0950468107063907 0.204503186666157 0.249832362364364 0.0621081369148142
0.133381778099254 0.177945419706252 0.241400738995484 0.19901132124722 0.0395274957327188 0.0936272226658105 0.115106023553261
0.314121190173717 0.203173563686059 0.0612915622630784 0.0907230056541513 0.064379934137696 0.034673765621411 0.231636978463888
0.287842675493785 0.0863799810193315 0.303317752491873 0.000958664742004616 0.240106661800696 0.0348841296483678 0.0465101348039427
0.200452838760797 0.0502175795574838 0.00604829948156842 0.265723964729721 0.131626596684386 0.0993753849584732 0.246555335827571
0.0839700162986062 0.083121218455282 0.270651991620066 0.0553057942496458 0.256761265420914 0.0376644758900641 0.212525238065422
0.353613034381559 0.0968557325885085 0.274863212316311 0.131234828713209 0.0135719600241543 0.0671718691931523 0.0626893627831054
0.23034301219335 0.108574911896151 0.177322725057795 0.149571004729412 0.172406657530899 0.107372792754327 0.0544088958380654
0.0143939870733682 0.269578058477375 0.126272179255737 0.0462610139987018 0.145027776156014 0.149893428175521 0.248573556863283
0.208283645157781 0.0561903306422509 0.223178111993625 0.0141299935431184 0.232582480539878 0.135485262289823 0.130150175833523
0.0990607077329737 0.0817688265629975 0.0930585334033451 0.20646059272733 0.0421342422363335 0.226007051295906 0.251510046041114
0.19081179526552 0.132960458776867 0.167330149047283 0.228717638208233 0.218516424262763 0.0600257188665848 0.00163781557274945
0.255292167866679 0.193547244662407 0.102922918204019 0.265576536740148 0.051545746889663 0.119182254769727 0.0119331308673566
0.133423813003083 0.0862885755605759 0.240301321776446 0.0522934119743728 0.156810927043005 0.100759126263074 0.230122824379443
0.165375201663736 0.129253046751666 0.246274485097731 0.15634351567943 0.0347134727177884 0.16358310709323 0.104457170996419
0.112256573606808 0.196561764409171 0.316335613112829 0.0502299824527613 0.170344291444178 0.020833026530165 0.133438748444088
0.125340075498393 0.195997635128191 0.246308659948451 0.245592014075757 0.0553676800514334 0.00261829379542845 0.128775641502346
0.0525683574728927 0.176471555811261 0.10470306504996 0.217597632434314 0.167678705588579 0.132839797470701 0.148140886172291
0.247402006018505 0.0621068077350186 0.253826648884448 0.0252136106601412 0.00646741746180299 0.149247120946767 0.255736388293317
0.11933472653836 0.189103893136869 0.0562133109873222 0.03311794633101 0.251399712939099 0.217961134932379 0.132869275134961
0.162369466729054 0.0256773447003432 0.187235936335104 0.178545217711429 0.188417450815069 0.0810469976681573 0.176707586040844
0.238556946570096 0.0320602811977544 0.153132508082916 0.156542614118111 0.0115049917610435 0.205013787259118 0.203188871010961
0.094794761831551 0.243900828997015 0.197350485615549 0.030064680548398 0.140490739975885 0.108446613040425 0.184951889991177
0.124768094793168 0.152332464019883 0.203571796717589 0.0687680238300044 0.22050847680286 0.176711761908281 0.0533393819282132
0.0889567121609971 0.0849550140538147 0.256439945912057 0.125611286308563 0.106886310496124 0.299326571978585 0.037824159089859
0.0839069448222721 0.030278913677874 0.103438689052783 0.089117135726276 0.25670825061081 0.129361381023201 0.307188685086785
0.0758633044849378 0.215403466338735 0.192868035810112 0.0500134932455248 0.162314961857484 0.220254050338346 0.0832826879248605
0.0750629516531443 0.222948603599254 0.321173968468807 0.0389716792987946 0.0134498033960742 0.192118040146461 0.136274953437464
0.13590148688503 0.164066612602041 0.158575866345426 0.104852799511205 0.207586952665472 0.126165793894375 0.102850488096451
0.00132280678685841 0.114194664056998 0.360503521224246 0.138951812664788 0.0105675747247574 0.103752404490118 0.270707216052236
0.0854899654051729 0.0595392122740846 0.265992309918453 0.249624028780114 0.136556756750197 0.0795645880756557 0.123233138796323
0.184122633369572 0.184524489392335 0.291098150797241 0.0458101929127226 0.063003361177431 0.150012040462509 0.0814291318881895
0.0768717841214584 0.206814214405465 0.180459215845101 0.159978542283764 0.131485250791882 0.127873751104721 0.116517241447608
0.285602865257745 0.125551231264983 0.19371012961472 0.0363645066411872 0.185470650589125 0.143031539285394 0.0302690773468452
0.0869825995935094 0.168735827302177 0.276634135172227 0.253358096387577 0.168272660197083 0.0377541339709649 0.00826254737646185
0.00249104568520079 0.110115797981614 0.29649181481031 0.0510894399464421 0.252188398645566 0.0116799497880924 0.275943553142775
0.111055482769489 0.103994417891398 0.168501321156633 0.122257644013857 0.126952125660813 0.157335380656138 0.209903627851672
0.106022490856945 0.0322179858369422 0.066358660752654 0.262652066009721 0.241410407382383 0.192150513185813 0.099187875975541
0.0401677922148088 0.321197154240319 0.0450230743021165 0.147527328756889 0.208940908508265 0.029306978901101 0.207836763076501
0.13956104135465 0.417236419717888 0.212342288664501 0.0425701101329685 0.112829427630824 0.0138200048309421 0.0616407076682268
0.142801225628133 0.139853376432582 0.247829522525971 0.165147630299283 0.14310019334908 0.13652540271043 0.024742649054521
0.0440064827655492 0.0744077299468987 0.106340296207292 0.273234530843158 0.0121256825323587 0.212496302260592 0.277388975444151
0.0536165571593112 0.129832188063091 0.238380683305155 0.185010266355375 0.256630790511045 0.0576948600146668 0.0788346545913556
0.29884207996208 0.114782333701072 0.276418830825982 0.151082086240107 0.100603192017619 0.00227074363462582 0.0560007336185136
0.125406352084429 0.00389312135236291 0.0152331050410156 0.0215716402920412 0.364342652469056 0.33808826120049 0.131464867560605
0.0360535788566039 0.204205067138087 0.171145864992065 0.123737177559054 0.00669851690855207 0.154845410594703 0.303314383950935
0.186957729803258 0.169851847874776 0.144532432078454 0.0137155664850402 0.146164432019596 0.186163440544499 0.152614551194377
0.217256187256052 0.118729286946536 0.186682409781762 0.175016212193412 0.0553494305882756 0.113808273542996 0.133158199690967
0.0553585009656289 0.0709655026656001 0.219839447438832 0.203607800519631 0.0357826544836473 0.199156089874485 0.215290004052176
0.189061819896696 0.210826866688488 0.00761517508169196 0.0759986968187333 0.166446825969706 0.201541817617087 0.148508797927598
0.00706347734451172 0.111355997287646 0.248115171133523 0.100277694048835 0.233319380522626 0.0559903874036993 0.243877892259159
0.174223236337681 0.17467861388786 0.119863215793934 0.0941168770221613 0.0854128172561225 0.160879914881668 0.190825324820574
0.0789538531222685 0.272858361452026 0.0584095116554187 0.170401531651702 0.0960040417738142 0.145243373588273 0.178129326756497
0.00589513425490909 0.24138702363995 0.0889864866695654 0.292910094585343 0.132406223751128 0.0878353020259396 0.150579735073166
0.240231035082456 0.0258095016002844 0.316299579361318 0.0613006685084295 0.0501785875410109 0.305336526039129 0.000844101867371596
0.159855344989829 0.0506390797635439 0.136907101611755 0.210788109819683 0.132922877899549 0.156095221490346 0.152792264425294
0.231417685842706 0.197300642077492 0.0490689258923048 0.00616946505905719 0.0764434922470795 0.245669026800111 0.193930762081249
0.108378410488377 0.201366029379766 0.0818696543143958 0.268362113887204 0.0296696190569426 0.310267836570605 8.63363027090363e-05
0.185566349222322 0.000118088734672304 0.13552343096396 0.191902862433918 0.143942566605417 0.16134636034208 0.181600341697631
0.0486779234036386 0.0231092800467641 0.147807743293646 0.138138381288204 0.198245253844662 0.230300773677491 0.213720644445595
0.2608751899754 0.162475588900394 0.105195062364167 0.0805782490221043 0.00349376323994192 0.160090835218536 0.227291311279457
0.0226361936880723 0.468668215833037 0.0414946784328046 0.0675289678909657 0.00160815136955552 0.301143122273884 0.0969206705116808
0.195945352341688 0.0296737636354315 0.226187393040221 0.16231108984967 0.155166664749616 0.0651498878775858 0.165565848505788
0.189376128022204 0.0602325539590279 0.157261101119224 0.144721053655554 0.315351998773537 0.0333385128317367 0.0997186516387159
0.0697664784953847 0.135051849946396 0.122054089792914 0.179230167657443 0.221130073819425 0.216184915779432 0.0565824245090061
0.170028480662713 0.164293355909696 0.160738580319019 0.0748021539108788 0.254874878949314 0.0861331326827166 0.0891294175656623
0.19609208497528 0.181013822437414 0.161866602784773 0.0712029399934695 0.200024005141855 0.019646197980416 0.170154346686794
0.202090641800236 0.0212460700715916 0.225342601978749 0.179410272949524 0.2220197032572 0.00254088973411666 0.147349820208583
0.203221564729875 0.0448689168491307 0.189705442683166 0.0560928459956095 0.193539726729039 0.15292609011153 0.159645412901651
0.0796624227248519 0.231489840085023 0.193402069581241 0.229043976184241 0.0745928298619712 0.108385147509684 0.0834237140529875
0.215626364790896 0.221971872295803 0.134175753704249 0.0601353852694619 0.258654212913019 0.105017880381963 0.00441853064460799
