0.131899971821448 0.222899659112106 0.0901737155647919 0.239421160856535 0.0695572314410583 0.1174108423756 0.128637418828462
0.146955845476832 0.150727043436099 0.0401274626522521 0.243840143957328 0.0788520214839546 0.201717130311752 0.137780352681782
0.219635719370417 0.117331282773448 0.242382962603633 0.069838603798897 0.186809885445818 0.0639474069810212 0.100054139026767
0.139581162822188 0.154571088509871 0.170271502142282 0.17834827802985 0.220182903545372 0.0613360377239984 0.0757090272264391
0.0960306760438783 0.215197294060374 0.080307361180721 0.241341632754674 0.123415892456548 0.183408267310989 0.0602988761928157
0.058876642775925 0.273140497531902 0.0996259854501544 0.132469706229902 0.128465284720979 0.0298292391997919 0.277592644091346
0.238299180267099 0.0800553691018697 0.0190204031671883 0.0458546782754073 0.28892496689521 0.00494513365819706 0.322900268635028
0.0607457465880083 0.145598168686433 0.102607101855507 0.211403688381478 0.0570960278176986 0.220550971307789 0.201998295363087
0.317740606882355 0.179456539247407 0.0166092152627352 0.00405251500001318 0.112900229002263 0.325513572348109 0.043727322257118
0.261637953775568 0.138308560934574 0.0949101910783761 0.125089362983554 0.0359299017864975 0.261765492443119 0.0823585369983113
0.207374235922207 0.264347124770211 0.27633969403112 0.0485991763811222 0.15142454494111 0.00692631553484491 0.0449889084193849
0.0748315438308398 0.184971343838309 0.303263872597864 0.113727851759347 0.0317172826740836 0.268040714405187 0.0234473908943696
0.106768001533576 0.0590917751393063 0.0493265156809683 0.174081774283555 0.0417051324901864 0.268961602926134 0.300065197946275
0.0712108440439323 0.219882256929439 0.110384262009262 0.204419835105413 0.170758383771877 0.181342177941922 0.0420022401981549
0.311975178743967 0.0198355322006667 0.345771151226955 0.101966926436574 0.0298647903138674 0.0497831422911352 0.140803278786836
0.30247750071222 0.00310584331587165 0.0786567546074224 0.332588992377047 0.178848065500318 0.0194901440079133 0.0848326994792084
0.115189955545799 0.0423252362761121 0.0111339477844799 0.169996122795218 0.0973324964767727 0.430403333079721 0.133618908041897
0.172916703256164 0.0730910465154094 0.177867103653251 0.228383962949281 0.00756876322124984 0.10264319046023 0.237529229944415
0.0921151747385145 0.118130465239321 0.286745676679276 0.204137131368621 0.202435010334083 0.0116393791158274 0.0847971625243572
0.0346347272450972 0.145427093712502 0.238952600553515 0.173485698133419 0.26095338489294 0.0443472163307855 0.102199279131742
0.169641555504492 0.110450412425411 0.114764700157919 0.0890473168770224 0.208676210836483 0.244922558780047 0.0624972454186252
0.13862311612262 0.242168396453227 0.0348016659422171 0.0247271058537109 0.0881704409486506 0.173448906954721 0.298060367724854
0.0180284109579631 0.106400137445173 0.151286051416849 0.0758283538326841 0.102454234999719 0.15497437994501 0.391028431402602
0.14038386541337 0.212508582174155 0.133877456911061 0.211734577984075 0.0909056044897247 0.0650060370154133 0.145583876012201
0.20336322385638 0.0598374091169286 0.0228683723988584 0.0314758216799266 0.111678928857414 0.256085248162171 0.314690995928321
0.117583548148253 0.110596830065058 0.174180752630925 0.125996350804617 0.228376586168991 0.175754755342887 0.067511176839269
0.0635907749437211 0.28614636167747 0.143884436682011 0.148061380698157 0.201365641006599 0.152347989999904 0.00460341499213765
0.128871468615098 0.155667206837531 0.213850157173579 0.0578161153399141 0.0819404781585541 0.267454901779327 0.094399672095997
0.0121758504821856 0.205118426566099 0.231529560777135 0.122105724334243 0.190226912861917 0.130626128415899 0.108217396562521
0.122153126208409 0.196865899836042 0.16174850815106 0.0346168809636322 0.151544729858386 0.125644527449422 0.207426327533049
0.0386616869593479 0.132418215930506 0.353190445904618 0.33990748256221 0.0556761687254614 0.0234518171516603 0.0566941827661966
0.237407621874339 0.111947075717972 0.257814470106768 0.129709193644957 0.145184973107215 0.0582043911114978 0.0597322744372514
0.113739375635069 0.0284883850711233 0.235710364703206 0.233788644300725 0.210010667131825 0.0602906002453463 0.117971962912705
0.224193616134655 0.254838602729117 0.0767868938519804 0.0188650654746356 0.072554651908023 0.244411527493685 0.108349642407904
0.288321939693931 0.123597625721975 0.0658460271314426 0.00821696929531319 0.276561788346649 0.0923927263054799 0.14506292350521
0.245513258627739 0.165546990592749 0.0491969981993562 0.0476877201711608 0.0620710146922177 0.275688476044272 0.154295541672505
0.287796323580523 0.0929225708155239 0.0522795180903472 0.14427755599566 0.119689003124403 0.287830879532342 0.0152041488612008
0.314512345533626 0.0927934840508174 0.0727910628997097 0.028576680548138 0.0242364280438741 0.21992224067372 0.247167758250114
0.08230755521946 0.100531900459127 0.117065808933674 0.110552365760981 0.13919677731999 0.232655001521697 0.217690590785071
0.232918854075319 0.0533653654038099 0.201828720188744 0.201131785438752 0.0100265755312676 0.238735200043811 0.061993499318296
0.208102665317879 0.0596917518787571 0.198129519186486 0.185753862679905 0.143905157859825 0.136968552611983 0.0674484904651656
0.28845139856249 0.0299872528308349 0.128280407293112 0.0821613442933335 0.122640970772649 0.0848982651131484 0.263580361134433
0.158370658206057 0.0746527340599376 0.159441521275238 0.0586496491957782 0.189459359907127 0.208134214178587 0.151291863177276
0.151223081725653 0.178422706581196 0.102755904913291 0.0956503327036159 0.0830230322531763 0.132227729848435 0.256697211974632
0.178371197583447 0.184030027449875 0.208468287478112 0.104900344148885 0.158273788904139 0.0773452595996188 0.0886110948359237
0.0334047239524132 0.211580803976578 0.172891092383702 0.0215309786349313 0.179354680419862 0.213976227839727 0.167261492792786
0.116312087240253 0.00907060143232478 0.291820021693403 0.104308807790097 0.151058596590979 0.145153223216537 0.182276662036407
0.0700614732620276 0.0524902555050992 0.114399902802075 0.250286378423495 0.225820608782534 0.100638251440828 0.186303129783941
0.0329366980901061 0.32251417341834 0.118047726983382 0.0251336900196281 0.277263236972734 0.0530571056083831 0.171047368907426
0.0331145794080783 0.212113385714204 0.0720483020351936 0.200044434972721 0.140838096937749 0.289070612826478 0.052770588105577
0.0816193358491021 0.11437381194809 0.219211602868501 0.203341635447805 0.0983966494737502 0.144489149340543 0.138567815072209
0.0836457474071453 0.186211290773786 0.129051962945853 0.0654408644689033 0.167872826301443 0.190493620203526 0.177283687899344
0.188301089624104 0.149441597258241 0.194486034560207 0.00583157728457618 0.119693120531443 0.0920800298215757 0.250166550919853
0.205567182160473 0.02798563047142 0.289126344809755 0.35489607639956 0.064059535902106 0.0141945919942428 0.0441706382624424
0.183873971296587 0.161921326985341 0.00575506160185067 0.195022200810506 0.0811187017394078 0.236209163886526 0.136099573679781
0.086298184029052 0.203395852588105 0.126902317371544 0.184310919441416 0.120842211596527 0.143610180575432 0.134640334397925
0.0567825953572168 0.148291856705952 0.210714958809229 0.189220790077948 0.144570420514851 0.0831364859870639 0.167282892547739
0.204058554694356 0.00204393086406035 0.21506840778649 0.149466767150853 0.208020731947736 0.0735244759161165 0.147817131640389
0.239718846645507 0.216948167037168 0.239407336145372 0.0353079866269218 0.159501310045185 0.033268278652405 0.0758480748474402
0.0390899870258675 0.0115051033832078 0.103097825955208 0.157271950141612 0.205758748106573 0.237633963839392 0.245642421548139
0.0846803208789349 0.0923868818363764 0.35165846914322 0.0126669501002523 0.284334764672376 0.0482136874566769 0.126058925912164
0.0503689373395242 0.182634896029625 0.0400407306312516 0.21935273180772 0.201170528520068 0.0586049492874167 0.247827226384395
0.102568986915084 0.190985059301237 0.113302556912805 0.266618043898726 0.0448051760936599 0.150686218384798 0.131033958493688
0.117737184301902 0.160484693101896 0.0382981239261933 0.151634741649572 0.244243251057201 0.0710355733152855 0.216566432647951
0.0102404891473604 0.187942422736279 0.158362419276405 0.184648326168329 0.209697118546627 0.201067975296922 0.048041248828078
0.116462610919573 0.151128567176505 0.00227135155480328 0.198641207646916 0.203398401832441 0.157105981981066 0.170991878888696
0.0983393074147403 0.308541413028551 0.0290024568676754 0.298375265756171 0.0342946897076646 0.193901426478348 0.0375454407468494
0.0049358309745669 0.0138332709617466 0.261413659581798 0.210796444687542 0.195636115622572 0.254761318435167 0.058623359736608
0.106738820073644 0.0798254599314053 0.0986103191388272 0.187743937631332 0.200314481727578 0.190443773302716 0.136323208194498
0.0952208270754053 0.35084120746827 0.200803593944662 0.0495671068053394 0.036203952210556 0.150378888876461 0.116984423619307
0.0931981675884825 0.25941885090038 0.295321683687769 0.0694987618192802 0.170536587744171 0.103502361360781 0.00852358689913555
0.154599803898575 0.200150162333021 0.113354232064872 0.101398611166323 0.177817392663855 0.17071543804117 0.0819643598321829
0.14217183506506 0.0114676577553025 0.237102592701763 0.0445759082965403 0.424437911367724 0.0937406740406071 0.0465034207730039
0.269990102290049 0.122257136121524 0.169660381073487 0.022531388492658 0.208118302430115 0.19581528144249 0.0116274081496768
0.182410406619777 0.214772819026228 0.171934420415626 0.137779261961681 0.145571466949651 0.0132660839391355 0.134265541087902
0.0560576907813233 0.277611009639709 0.117508822888209 0.00925052948716731 0.104390889688882 0.156962404429566 0.278218653085144
0.146624600498449 0.250286938781456 0.101827735016786 0.0115161580025876 0.15426116257122 0.131002386234318 0.204481018895184
0.186687187145295 0.00763890265728898 0.272851538799696 0.00700277348089235 0.186927565144597 0.0232414455716368 0.315650587200594
0.105979904441 0.0648373351925126 0.113641054428011 0.0126290463604539 0.295609588446765 0.19969968650068 0.207603384630577
0.210220309313152 0.0232408020816747 0.183209640918046 0.0846827592709538 0.27911871591696 0.10407804563249 0.115449726866723
0.170589676698001 0.147286168951918 0.221407427635687 0.216565309846051 0.148387301672692 0.0109966873698114 0.0847674278258389
0.15417149496201 0.0486407954082007 0.0619487229093955 0.360674808783344 0.235214817415972 0.0754440558154004 0.0639053047056774
0.114532101886537 0.263900835913315 0.049219166581555 0.121620962078907 0.00681332412164535 0.178843615398002 0.26506999402004
0.097960375837235 0.209849531267458 0.125265744727753 0.0603026828525531 0.129561299464125 0.148135397225026 0.22892496862585
0.217777787547568 0.222117331196188 0.0909196232911843 0.0939388479709581 0.177710760261877 0.172255010149126 0.0252806395830987
0.118532069307835 0.222723153640356 0.000970965324141717 0.0568952364991103 0.221616474576157 0.166127463566238 0.213134637086161
0.172205497650787 0.0938769683104507 0.0439920992394564 0.190196411522325 0.169199748378882 0.110481611371598 0.220047663526502
0.0944548537472625 0.0276036954592144 0.0838916442357382 0.205331348563009 0.0612413605995705 0.404529174040716 0.12294792335449
0.107702803771178 0.0503559889230742 0.256842613032971 0.151210851125179 0.280472650111003 0.13307982143264 0.0203352716039562
0.0367544383186898 0.254381471611035 0.239173924792919 0.156657365053599 0.0415803767693094 0.246011213560327 0.0254412098941212
0.105843977362394 0.01987722761622 0.255685374276707 0.114678766018087 0.271160789107011 0.0898314157878466 0.142922449831735
0.223418768592133 0.0543232244855237 0.145558822516691 0.01866937815873 0.226205348322469 0.195650470296971 0.136173987627482
0.0027330792197235 0.191899345963704 0.0675067813245035 0.175313389742456 0.189110775580148 0.153713010022109 0.219723618147356
0.152833755372039 0.128852103012348 0.156268039350451 0.147675737815072 0.0553374767216149 0.00648299600548503 0.352549891722991
0.171309111679412 0.0348868966956985 0.178682980773577 0.163133719216556 0.105258660778557 0.147635626302486 0.199093004553715
0.116423532382044 0.198789831519623 0.104233162360853 0.200631367556025 0.196645507817033 0.057489566249044 0.125787032115378
0.0168218290398901 0.204784099727181 0.0943391937924608 0.189103576301112 0.149312051120367 0.166409243955959 0.179230006063031
0.0562461928353311 0.00595246895708501 0.170668631067542 0.148744620717929 0.297464913764326 0.265318484225831 0.0556046884319555
0.103450621363447 0.111339223046654 0.232318039004191 0.0431151987386225 0.0843582540919672 0.167588166153712 0.257830497601407
0.230850595108225 0.12529905290113 0.117138691819261 0.107475011215574 0.10028735613997 0.128070130592565 0.190879162223276
0.18090912006124 0.150606856048806 0.00823621123871494 0.163697524454246 0.189644642221249 0.131226256164096 0.175679389811648
0.0758917640228616 0.332997507333939 0.00503259410281064 0.12119082738768 0.000357552414717822 0.260037712144908 0.204492042593083
0.129628838188403 0.0654341403179189 0.226545724318616 0.144080822563468 0.0883355931936275 0.202949821092755 0.143025060325212
0.167108587721679 0.116670837810703 0.266602318794208 0.110307576282086 0.226916221325359 0.094739147862882 0.0176553102030824
0.0551931800968223 0.230896976181274 0.103971882255148 0.129731743769039 0.128259823569383 0.0153961446821078 0.336550249446225
0.174541304549901 0.156755343721527 0.206062628131221 0.0433623620640299 0.149625813180211 0.18244789319365 0.0872046551594601
0.213950707233561 0.0446098549070511 0.191088423752815 0.24822538292301 0.0167366446740514 0.131322548830811 0.154066437678701
0.127402914848481 0.166103416449098 0.245456638747232 0.0527461717029148 0.0417796920188063 0.167887037187289 0.19862412904618
0.213401931995595 0.214131758233321 0.102358377381592 0.0295657188628154 0.165411641178409 0.0902596215715917 0.184870950776675
0.0973928227272345 0.223170546467102 0.0316526674719774 0.207864035371236 0.224243666734491 0.000402774813755129 0.215273486414204
0.0693873767394193 0.381387985777466 0.175266929473231 0.30109306917023 0.0581991235679722 0.0110618311467106 0.00360368412497171
0.0885483656141249 0.0364855808404361 0.156370046226655 0.177421495872205 0.13961274616481 0.220715153468235 0.180846611813534
0.0635118265565344 0.238696697468801 0.262801783648477 0.0102220474426215 0.234732638829706 0.102479079695933 0.087555926357927
0.191793881790768 0.115482649297316 0.0460933080281007 0.162444944372523 0.201910924668262 0.0587525723800828 0.223521719462948
0.135542984006228 0.17667255020113 0.140188408939441 0.187069166087636 0.115342389489614 0.0828236776268094 0.162360823649142
0.00970971476951851 0.254377699921239 0.0948539635268277 0.0229460005087757 0.245218336204385 0.290532644383571 0.0823616406856838
0.0397384137149801 0.015854149760769 0.176882701048442 0.249202643930874 0.307351145547267 0.0223026944211861 0.188668251576481
0.0683787765950648 0.0566280182716251 0.444532084223191 0.0758028623730539 0.0515949985050983 0.191847959794864 0.111215300237103
0.0156024921912258 0.253493230244959 0.203640853267354 0.0410683193834273 0.00360277220814511 0.20105868516181 0.281533647543079
0.112080115200164 0.189459708312474 0.00869323926850448 0.136073404282397 0.120781241969781 0.266560425420703 0.166351865545977
0.196922175129666 0.1976200543039 0.0934012480285246 0.203227060189617 0.0586428491071249 0.100006489010918 0.150180124230251
0.204440152204279 0.0824735896696866 0.00369449016634908 0.128720236705536 0.217767876885852 0.152155563571888 0.21074809079641
0.178102081923386 0.0472840218573607 0.0881793411348957 0.0764929976812233 0.147811240577693 0.231414810624996 0.230715506200445
0.275354684315214 0.0824773858917892 0.0891067471192346 0.117145425624976 0.0532014637052536 0.26687708121806 0.115837212125473
0.260334722852118 0.178151524564951 0.191257408523279 0.0209663975056248 0.285129929412226 0.0070436632023247 0.0571163539394762
0.153794104716561 0.246956815928752 0.293836006404214 0.0714225210796198 0.0400264516008805 0.0138146967083343 0.180149403561637
0.0809579726759387 0.10301231646707 0.152506380771964 0.133388665427961 0.154780482624367 0.212484036000007 0.162870146032693
0.0120381889548419 0.0484521870402895 0.0299300929028863 0.0412499643493645 0.162494065593066 0.285645410253178 0.420190090906374
0.1256461047483 0.10001008295589 0.106765990529561 0.0891751900842258 0.214571314162457 0.273837025411547 0.0899942921080204
0.106951793206432 0.23895118087296 0.121115314169674 0.214846586257697 0.00995755599039238 0.300961620817725 0.00721594868511854
0.0891794281736529 0.181498151502872 0.20773067322334 0.0684327085170451 0.245914374967983 0.0321581386385692 0.175086524976538
0.229595918015315 0.152721528775862 0.0830230364883353 0.0840501872612801 0.108805040546575 0.158472287423004 0.183332001489629
0.235253206124091 0.159689241311026 0.245814763751392 0.0362599872901203 0.136476404918902 0.173846390481306 0.0126600061231621
0.0266881385516117 0.0379445824677117 0.143138248918286 0.191082395314944 0.260145948714685 0.231974685196425 0.109026000836336
0.0412525510678603 0.122822633545572 0.217317294986399 0.0396751301613201 0.207056016101315 0.230183028070262 0.141693346067272
0.222147484993876 0.0342207514783926 0.173964083536389 0.259015061959838 0.149595787848399 0.0730462617985299 0.0880105683845756
0.177143882072309 0.125904780743008 0.034957692847693 0.192563380177088 0.292424015124255 0.0259440396574747 0.151062209378173
0.0436257496171923 0.19313395558913 0.034463341603815 0.15849667443959 0.196967830938746 0.18538722992244 0.187925217889087
0.214502692139873 0.130341725069236 0.15417604231498 0.00551774655174343 0.172903187013427 0.0703599234877993 0.252198683422941
0.00149067445168341 0.170426597267158 0.251868086000863 0.234213824856303 0.130588639910255 0.0283688922075859 0.183043285306151
0.241372181679413 0.14985590223706 0.0931907056180339 0.214853301102333 0.0685738505105839 0.175823329230516 0.0563307296220597
0.168747682370612 0.121118408642542 0.101428915309974 0.191353135607865 0.200138326168308 0.0204090258085967 0.196804506092102
0.192968496811485 0.112303078877157 0.143481144985806 0.23802726502803 0.123104354019484 0.156588990587078 0.0335266696909608
0.105793793719049 0.130643406490819 0.227826781835513 0.134385273309456 0.0713872474891008 0.116544235124437 0.213419262031626
0.077321077940422 0.144215596477574 0.275362797848534 0.0138162280933208 0.276485084877646 0.061459047833633 0.151340166928871
0.126714305186243 0.0560570723993386 0.210252998137214 0.0466659649444372 0.208605630218232 0.155212932922255 0.19649109619228
0.114712035202982 0.103682862202083 0.219316868912418 0.0975133986287633 0.202840569248425 0.0697607332102689 0.19217353259506
0.0236710018066092 0.00097479378188097 0.183483001009744 0.231387940954169 0.208768711036347 0.0822629277004835 0.269451623710766
0.217288005037393 0.0355366964195699 0.213366310248197 0.0987467040546131 0.208799523827459 0.184081388038691 0.0421813723740768
0.0270442284441203 0.127403583124359 0.253503147044005 0.146880822032668 0.172756470359442 0.127904743045531 0.144507005949874
0.22037304541696 0.305267075654322 0.0234299503489366 0.108061611504961 0.138138113612951 0.124216920442133 0.0805132830197361
0.0919367054848652 0.167795465020521 0.142234374146222 0.129146892166948 0.168878677211721 0.130225336345246 0.169782549624477
0.0869525405319878 0.14269814184964 0.166905722921757 0.186279931974866 0.14141749353367 0.140044920671363 0.135701248516715
0.0840331883403442 0.236727544483123 0.0600133494329771 0.139879419792923 0.0404177900373373 0.283578069358008 0.155350638555287
0.222099630384402 0.216762797306224 0.07967590472046 0.0287172483304573 0.125503340683912 0.209760984709307 0.117480093865237
0.249968448528386 0.0643534862344327 0.274231709494534 0.0811731606373672 0.0222770314018331 0.171966680475385 0.136029483228061
0.120751464169096 0.117911309357923 0.193372183283627 0.0117021198437418 0.261994120930707 0.168596998215956 0.12567180419895
0.0845995369136632 0.225805845939182 0.127266705533697 0.281817123420282 0.185988058692656 0.0807096364517984 0.0138130930487212
0.202769397204982 0.0994112294128214 0.19891750742437 0.196458369403331 0.0591712716775261 0.172004039521367 0.0712681853556018
0.0210976080564916 0.083871471351353 0.191281085797021 0.146379021600161 0.306633839127165 0.112007954633487 0.138729019434321
0.0963153745302825 0.145188833668991 0.0484524671147994 0.227665757693874 0.151169222094918 0.202998839863925 0.12820950503321
0.243030110887576 0.336101831456776 0.0335828685405014 0.0252613768141765 0.25443644904642 0.0146225450959051 0.0929648181586448
0.0878497605959218 0.168812884296889 0.2550392412628 0.103223387694929 0.0776289931835748 0.204315957521831 0.103129775444054
0.0712879270074397 0.227614104812753 0.290816471850947 0.136716763945179 0.136579997950977 0.054195855758734 0.0827888786739701
0.149465698935938 0.0331287586566169 0.341741314366956 0.0401490923436351 0.13194978311264 0.228813812509575 0.0747515400746388
0.210696984053524 0.15964834438919 0.0381323437683456 0.245841481037504 0.0437176983563568 0.081181139508223 0.220782008886857
0.319914880141524 0.0551225772181994 0.0752419614820723 0.0541583673955897 0.260907130301423 0.0892204150574917 0.1454346684037
0.185006364004867 0.108225140398286 0.0716734600927709 0.23983539137057 0.0440631281564113 0.211172830824958 0.140023685152137
0.0992200112555172 0.0658520791792862 0.161601933525206 0.0342084690787197 0.212933429317782 0.24584923107659 0.180334846566899
0.112922556563517 0.173163681080102 0.0847340432717699 0.151329225841544 0.183554026846071 0.186314016624506 0.107982449772491
0.108243661002885 0.178713499867535 0.253785066362037 0.257575776506973 0.0797101657111937 0.0909565789562211 0.0310152515931548
0.000417266912603386 0.0124213789691109 0.0219629453026533 0.301406885287587 0.293613873735902 0.233194964861344 0.136982684930799
0.0833526975018524 0.287320452846656 0.107255673466744 0.193444735121014 0.100274713546704 0.0479147798502333 0.180436947666797
0.154438258770359 0.13836229389844 0.153324353871531 0.151902320263719 0.220349297908749 0.0900266021841583 0.0915968731030432
0.0358080537796751 0.0187925548698285 0.149444647241721 0.07138765745341 0.237599114718884 0.187224543607758 0.299743428328724
0.0808968210240037 0.13556852724211 0.0137383957792344 0.247770247974156 0.0562466429531511 0.26506228513247 0.200717079894875
0.116680740549256 0.163685443130077 0.155562496462657 0.156644476759468 0.0852756911043349 0.100203451581721 0.221947700412486
0.190648036616616 0.174027667113251 0.00299427470085734 0.106480859002584 0.233519158581376 0.1367183366449 0.155611667340416
0.236665028900672 0.0391828919627467 0.120209140541921 0.198562588643115 0.112712150574839 0.0708857519407947 0.221782447435912
0.000345373148295586 0.251585778714293 0.112594885980935 0.243434355782025 0.255637862620198 0.0301365154297632 0.10626522832449
0.20717971699643 0.201598512592584 0.122007075038078 0.127571669430579 0.187232703416322 0.065148264714439 0.0892620578115676
0.275028972037897 0.00668085890940902 0.269383091496169 0.120321432369769 0.0177942386270002 0.178182042107508 0.132609364452248
0.158772188522542 0.259964973427235 0.0399046227140182 0.238757428586872 0.0743068605063455 0.0963704373174939 0.131923488925494
0.065405529913134 0.205216991245228 0.258108218020236 0.0692998744098843 0.146341112635938 0.0911635636110968 0.164464710164482
0.109698286423879 0.142933414595884 0.1413347775869 0.304873107592478 0.0751481853636101 0.20753618950782 0.0184760389294291
0.0724002102463767 0.104126314520492 0.11122083490563 0.15582062566841 0.0652607741587268 0.276521367453966 0.214649873046399
0.0805208474030205 0.0667493720236465 0.261695027961146 0.0167459437207818 0.126624780221615 0.0787786906167312 0.368885338053059
0.221702292882348 0.176651073366707 0.250095973796022 0.0383460419655506 0.115776791782013 0.0430572837545335 0.154370542452826
0.283518133636963 0.0022239862511032 0.0616113254241145 0.325741802638469 0.0938855559581084 0.218856234557876 0.0141629615333668
0.205011370676406 0.0641187430096571 0.22392351344579 0.0126574231312471 0.232976529411359 0.0208125210760484 0.240499899249492
0.209136444063512 0.284348657953181 0.039720492448525 0.199110269289519 0.0792941730595811 0.0294055371973735 0.158984425988308
0.203554752958457 0.209806797931405 0.182412162724229 0.033106956623976 0.0239176501674566 0.155003003804914 0.192198675789562
0.108418125466329 0.103358624687959 0.149743817865976 0.100985537011129 0.157461798379852 0.188785692400909 0.191246404187846
0.0867348779516638 0.0208710430515482 0.30962214474985 0.0593258380723472 0.113581808972663 0.373950872203986 0.0359134149979414
0.0858816234647637 0.205120371609089 0.20288860549387 0.15194438863097 0.126266574066967 0.11469872439643 0.11319971233791
0.218104504063218 0.0367796778414866 0.0189949021814461 0.225509529576062 0.242526392818411 0.186229256261674 0.0718557372577028
0.121083246909367 0.294910237743854 0.286979970154266 0.230750018793349 0.00617479625040581 0.0412547306867453 0.0188469994620131
0.0454799297756649 0.203203732867544 0.125583699619073 0.271980400112818 0.00416977723182779 0.18857204217319 0.161010418219881
0.153877504621061 0.326352111658182 0.166034441786321 0.00889678215620575 0.0436064041782115 0.0935310928832119 0.207701662716808
0.175911300346979 0.175612493778815 0.269039829398241 0.09394936057926 0.0411627214381391 0.212328113086924 0.0319961813716412
0.254243441791919 0.113751392310183 0.162336388648615 0.145190463072788 0.249729730551663 0.0637792145525108 0.0109693690723204
0.162414331601272 0.264274274923685 0.221415845973527 0.0458102934346807 0.0524627500290829 0.0756852869970788 0.177937217040674
0.20708173855868 0.17373665646568 0.094076434221498 0.0481342075164905 0.168494701843903 0.0993371400828776 0.20913912131087
0.0812757754071441 0.124732221008097 0.371622724464357 0.0932296079917068 0.00681625041155932 0.0430205051621925 0.279302915554944
0.154381213564976 0.110845555843079 0.108721511107599 0.142927654170414 0.0797526417073186 0.187054771407725 0.21631665219889
0.208214005467999 0.087048432761558 0.108650747455974 0.0190679347982466 0.0178649222643504 0.274520640140263 0.284633317111608
0.136619434895696 0.165755482870394 0.120293802412248 0.220449741714299 0.0770979238791413 0.204363788741308 0.0754198254869128
0.0482683573627968 0.101700946597225 0.113964072138853 0.238147812822681 0.138095858094093 0.220881468894704 0.138941484089646
0.00127618483292381 0.311899328018933 0.027970312407171 0.225923526321677 0.30813210528255 0.0944474062164319 0.0303511369203139
0.176232270483091 0.0036618966201318 0.0586070505870903 0.117275434325938 0.273267884964561 0.182708126038293 0.188247336980896
0.305686546283541 0.0235467568732285 0.00245438461954564 0.0904917847183698 0.296202154237094 0.0186374886129245 0.262980884655296
0.214266169021174 0.12846567850904 0.205151356875276 0.110578382872757 0.240907157141614 0.099444147359958 0.00118710822017984
0.0246726259129118 0.186215190651751 0.0846711050869874 0.146940944602793 0.156899420671083 0.187729533518058 0.212871179556416
0.043584739339254 0.076440739835056 0.322300637257415 0.221094577988909 0.0458539349345857 0.224621229677289 0.0661041409674913
0.163240581177742 0.181820573944895 0.0261225959718699 0.200740513684858 0.141194260782762 0.156577062637119 0.130304411800755
0.112992749461567 0.228508979867273 0.183763359458342 0.0971641012111701 0.0970653651762699 0.130089720530374 0.150415724295003
0.2508062957656 0.0622334263286789 0.0762630108531992 0.174430559786724 0.251159775519331 0.0517554162026032 0.133351515543863
0.160781335355112 0.209728510405668 0.0115839414542935 0.19709198057109 0.1391808934324 0.208478178229679 0.0731551605517575
0.153655170461366 0.234632603438728 0.068256850969402 0.105689815227438 0.151745695632882 0.0250971924460206 0.260922671824163
0.186218048696563 0.0527251508284369 0.113029613109454 0.192741937378695 0.223626447438696 0.149559580459752 0.0820992220884017
0.086954320029326 0.214780400711927 0.217361948321157 0.100367390246208 0.16249932016003 0.178049928335512 0.03998669219584
0.156407418916985 0.122014160168742 0.109368783228759 0.383133674581374 0.0844614995365096 0.00663637735939375 0.137978086208236
0.132949054449842 0.0138446522648648 0.347604317181281 0.208988629082269 0.0386965915172547 0.186993012003976 0.0709237435005123
0.223431973110927 0.0884255824131751 0.0510941420624125 0.0942643368401512 0.131133409755409 0.243862495766036 0.16778806005189
0.072545172910741 0.167466849906 0.186727021435531 0.112574617162331 0.0175442754135953 0.280753120956519 0.162388942215282
0.10873220435487 0.0992100094124187 0.154277298914698 0.134258103023008 0.192060361664121 0.142357730678784 0.169104291952101
0.0937711809863209 0.105769961762092 0.103162960583876 0.0029005936539005 0.253891768899847 0.37776388528985 0.062739648824114
0.136172043739803 0.18735482289213 0.0904367119350324 0.206101350433075 0.189266675389536 0.158773474391084 0.0318949212193392
0.214192239374907 0.113695479386046 0.082994083283025 0.0532490090464713 0.0576746581824032 0.241392998608011 0.236801532119136
0.228909345209593 0.107539944150108 0.213916673975127 0.112107812320901 0.0262144878230434 0.228641903772008 0.0826698327492196
0.0682864594277047 0.193763277398838 0.177245533620195 0.190339303158151 0.186771459278505 0.11919926579744 0.0643947013191652
0.212155268872624 0.222869677859853 0.0405603400980536 0.127444425771483 0.104441958898889 0.131946533307226 0.160581795191871
0.264936140863615 0.122955927745607 0.0866246478233377 0.213476758322979 0.204423401443171 0.0488437011038426 0.0587394226974477
0.22222319515253 0.239926895592138 0.00526596288835589 0.23610858233927 0.204431435562425 0.0223447945539125 0.0696991339113684
0.160020672921548 0.211277152887966 0.0255938962563308 0.10399996154089 0.201136693745606 0.115964863648109 0.182006758999551
0.229839271738877 0.102805605601547 0.144868449909554 0.181025622275996 0.0528421685518062 0.131208306640892 0.157410575281328
0.225890174567808 0.212859372602296 0.0326283398702101 0.194757554360703 0.115946733677555 0.0691248261450357 0.148792998776392
0.0856891314843324 0.371652471478184 0.0325487618176449 0.175648501631107 0.26539769989283 0.0244456789739614 0.0446177547219413
0.103794756690648 0.245073117618292 0.00482127261632067 0.215298357947991 0.175551076981061 0.248039831435784 0.00742158670990307
0.171714778174201 0.000201644595143013 0.104872749474068 0.314403400243095 0.0552059623216573 0.249968508158452 0.103632957033383
0.143561138348687 0.0772240976698417 0.0636485098401346 0.0411985343955619 0.13813840859869 0.244846973368396 0.291382337778688
0.0869569721978837 0.153981791876849 0.0517160857841119 0.171244997462446 0.272343877179324 0.150962875360091 0.112793400139294
0.0236899306843447 0.177648183529753 0.103538393600578 0.154145345002221 0.351305959005685 0.0384765658148318 0.151195622362585
0.221606505728568 0.0139585199393288 0.0675399411571446 0.221344884307507 0.0740362047906662 0.170020357687042 0.231493586389744
0.0933142087725291 0.1458124245491 0.0649703429091639 0.192610627356358 0.115539081522382 0.199176960786878 0.188576354103589
0.089874988977361 0.208711630155804 0.101494459533409 0.150616757517931 0.0884019100528279 0.25061860584093 0.110281647921736
0.179826540414695 0.163035387277395 0.253757250262302 0.0530012286160048 0.287089668539287 0.0190740302287496 0.0442158946615667
0.0903574992255622 0.158131494765732 0.0855906208419664 0.1956972210229 0.139642625529936 0.305547735861576 0.0250328027523275
0.0489349276444414 0.279178805556898 0.121215442660861 0.0800609721814911 0.170137450204547 0.196951812388437 0.103520589363325
0.0686181019531058 0.183425502281403 0.0219687466569475 0.178963975322853 0.193947415060759 0.176621808981913 0.176454449743019
0.169282122089343 0.156636754580126 0.128575089755133 0.0820876538359609 0.138180058193117 0.160388223948612 0.164850097597708
0.315267638267294 0.0748216146656446 0.230230765647067 0.0915042052879106 0.155518155429812 0.0710710261961045 0.0615865945061667
0.138988562502481 0.13635042932912 0.0890791588370915 0.223252930902189 0.185794057530869 0.0727361014264981 0.153798759471752
0.00103520399806437 0.120373090636464 0.238260137158356 0.124544570094277 0.266139324296699 0.0808895944451605 0.168758079370979
0.182444370803224 0.215408962479841 0.228956538579941 0.0881583093459422 0.104482798217449 0.0954360592205115 0.0851129613530916
0.0965900477329312 0.0175113706998067 0.144695184557329 0.113993693887746 0.193854256725357 0.165099951123482 0.268255495273347
0.0492304901553768 0.0343281146943974 0.232954215788744 0.302862642483713 0.120212605055846 0.216726459836112 0.0436854719858108
0.0442026351661393 0.190328820138113 0.196904803097372 0.0570495818611347 0.0421963242688405 0.209641432268197 0.259676403200203
0.170488384599811 0.152826984076694 0.228065341956674 0.132763840160246 0.0198795411456995 0.0111956997685842 0.284780208292292
0.254121083545095 0.147021639792028 0.211687824463084 0.160093563362099 0.171465245896214 0.00701185020491521 0.0485987927365659
0.273844987588317 0.0989903475033276 0.181833050699896 0.0190215678846959 0.220586647120471 0.161134372682645 0.0445890265206468
0.237653667293402 0.218940287876692 0.148819737459296 0.0654791315294375 0.0329480394305979 0.156171410860859 0.139987725549716
0.125782926323823 0.240050624167507 0.103234264256294 0.16803042264762 0.122288499281408 0.179978538182088 0.0606347251412609
0.0720597649866951 0.241991804431587 0.0750034972929597 0.133210777031563 0.282572607496244 0.162326497558214 0.0328350512027364
0.0662950995969345 0.185699444512317 0.247301915824153 0.219577976839272 0.0700839708508376 0.0423771863874784 0.168664405989007
0.155854045541805 0.104424563955186 0.00996401854521484 0.295242470338312 0.0341077331520741 0.290270296449591 0.110136872017817
0.091954479998226 0.214862373453221 0.300272054996987 0.12833586630644 0.161805474671572 0.0959529229878293 0.00681682758572484
0.103009650413916 0.233230746297635 0.0447400442744142 0.103127469627692 0.231251431248888 0.0741752223459304 0.210465435791525
0.168380083711036 0.188242498781997 0.142264140878639 0.104927071482244 0.155987538822379 0.153072235317697 0.0871264310060084
0.0242237803824751 0.139825645193048 0.130695865660718 0.190353797480176 0.0764551120504545 0.21192273911052 0.226523060122609
0.229960281493207 0.0940605084536329 0.240126494576899 0.174825089860931 0.0276484235232434 0.011543765052556 0.221835437039531
0.0521652531496202 0.170857472385729 0.0874437407398225 0.0847518289824669 0.186977456081442 0.34418226629169 0.0736219823692298
0.112783485549264 0.0772633063057269 0.188741129968954 0.108117891761751 0.286074152173232 0.0805144205078514 0.146505613733221
0.144233420348531 0.201772561297154 0.294552100887543 0.257156874683355 0.0220935678781957 0.00697297185514832 0.0732185030500725
0.172694297056722 0.0943182170580913 0.156095295789132 0.18246604809941 0.14700321424776 0.240520215869036 0.00690271187984808
0.292653686332775 0.104282227699039 0.01531803475364 0.155529863801232 0.0668026511056891 0.293698167441285 0.0717153688663394
0.189958121589269 0.0993479973419349 0.0995542125880435 0.121910989690265 0.0996636849655217 0.160113036728057 0.229451957096909
0.162175873932048 0.185927101761601 0.0679725967423455 0.140573077421146 0.125133114993051 0.14915627970467 0.169061955445139
0.0272242470952854 0.0567489935241766 0.0663149079333269 0.125928705433381 0.23562032308458 0.218363072465135 0.269799750464114
0.0630788846225051 0.133825795850589 0.156658445714351 0.204841480498041 0.179498570870563 0.155295406368116 0.106801416075835
0.250594242322499 0.155105342253096 0.0826442132944005 0.146238916927515 0.0441974158853275 0.246266216279995 0.0749536530371662
0.10788526263318 0.0829152672243597 0.161097734557542 0.190283240756337 0.194267533090044 0.127604904819579 0.135946056918958
0.146448802978161 0.251427452562386 0.220249801259971 0.202202479385677 0.0232630684481293 0.103829730175638 0.0525786651900374
0.0317250976644331 0.0300230059612085 0.26144431252772 0.208794758778215 0.0248193085960184 0.20193396569469 0.241259550777715
0.21702311567954 0.212722384910855 0.0928374513490856 0.0611342698820215 0.120878382546042 0.127707132388892 0.167697263243564
0.0571739824387758 0.267617007171266 0.210717324570138 0.152219580933239 0.101808498888669 0.151332987178601 0.0591306188193108
0.179399762239725 0.0215652062883373 0.0508284670379083 0.248188949849326 0.171557214514466 0.19189712792866 0.136563272141578
0.319196871663743 0.0761486155473054 0.00392821635637313 0.251623034249736 0.083790484483607 0.00263680290430672 0.262675974794928
0.0458024331976688 0.19612541380117 0.242533724105659 0.128031467409931 0.00189946112680478 0.224076686069624 0.161530814289143
0.270086952236126 0.11711970500424 0.213312802303994 0.137226409035508 0.0423990347393444 0.0410666327627255 0.178788463918062
0.125330989087887 0.0359676224036625 0.0266732994185366 0.224777056664864 0.206106700093223 0.159180647307659 0.221963685024167
0.272707566068006 0.174209935820309 0.018381143359687 0.136454104654865 0.132820202948324 0.240321074808546 0.0251059723402632
0.212890734864856 0.254112631232415 0.096399896066755 0.192878405776951 0.0530345159384356 0.154549396869554 0.0361344192510329
0.158294243345119 0.0792516476077003 0.0651234113241144 0.189299610058666 0.197895066064288 0.148839702869283 0.161296318730829
0.227239657778274 0.159749048567346 0.0138397784328708 0.174971905040102 0.0964643724543988 0.0597309347714414 0.268004302955567
0.0175134360035993 0.327956242824145 0.0343917968276608 0.000615507812116586 0.0360580624701378 0.277818533502852 0.305646420559489
0.136957980196799 0.202122845063112 0.19094577951685 0.171287096235737 0.0135848539353496 0.164029311088173 0.121072133963979
0.155768914805229 0.140367307346649 0.13433643060389 0.0377233737906245 0.139334674185731 0.214513995412216 0.177955303855662
0.111510337080969 0.159619624680264 0.00551094542410471 0.12971858284157 0.115426322860636 0.185569280944102 0.292644906168354
0.178908486440418 0.224261621339199 0.013019382251872 0.127906606194208 0.186566506615492 0.103379333992828 0.165958063165984
0.170226169158978 0.00135131619287776 0.162711916719478 0.246110408429245 0.0322583463424468 0.172076628354033 0.215265214802942
0.263530352762456 0.0878537056569408 0.256572051839635 0.18157611986814 0.172129009396069 0.0222958622638598 0.0160428982128993
0.240072283449279 0.0891991012541222 0.0661487571794722 0.114784245631429 0.06172283548642 0.249292979819995 0.178779797179282
0.243522305336101 0.0182803237483688 0.0591771201034265 0.074440960299136 0.297132707205025 0.219908657713592 0.0875379255943507
0.152974672281861 0.169827669605113 0.0104540236860386 0.125929796470077 0.10721912585778 0.205617755766385 0.227976956332746
0.244940655453067 0.136402892059247 0.163206676742893 0.0186175774202893 0.113603594547994 0.0409521669479829 0.282276436828528
0.0962828797384798 0.116004331194315 0.138231815070211 0.0481972536793025 0.184983443367565 0.146203646306052 0.270096630644074
0.0790364638042602 0.242021933389909 0.205909231574731 0.0310215526422168 0.173904606972311 0.156435492785774 0.111670718830799
0.23479318043977 0.0732960937110658 0.0869640844462793 0.237167655702052 0.101096826803935 0.162400548259919 0.104281610636978
0.179722610108263 0.083425161052129 0.201379621438838 0.212240408229399 0.0791796743490003 0.0604953276416658 0.183557197180704
0.231679541665631 0.0406119906411662 0.103503720422098 0.0973050189303792 0.108015437538802 0.181991211630002 0.236893079171922
0.0520634667135077 0.173918418243288 0.162944512167187 0.0753538319368203 0.236835610788774 0.193777054024864 0.105107106125558
