0.122605558615475 0.214081453529498 0.11666359422793 0.00692738682972363 0.201420596116118 0.286325599003284 0.0247131321944 0.0272626794835719
0.0322150229903495 0.134270101795087 0.0488637851482286 0.110528611300748 0.184189403871632 0.188613506829974 0.12136001792885 0.17995955013513
0.150151898628983 0.209878390365578 0.0952390448071627 0.0973296048375272 0.144761412548028 0.148970973332839 0.138673103575899 0.0149955719039828
0.17390851201805 0.148100304804494 0.123914799464204 0.0735800951443934 0.0730497933052264 0.197609470906039 0.0680899341053171 0.141747090252275
0.285558081150999 0.234895588497545 0.00897915373202667 0.283513248020618 0.139387387135959 0.000407038794001052 0.0386847915454081 0.00857471112344291
0.137717100762127 0.194451552282919 0.0538215163111309 0.108840000816249 0.058732017398416 0.179406916190822 0.102276006096838 0.164754890141499
0.147576568911295 0.108845729601555 0.100742964827251 0.201179599680098 0.00995499944002415 0.0826033950424031 0.105210384227082 0.243886358270292
0.101742878042149 0.0773076935471995 0.0515113573323371 0.162648541125737 0.117582530554946 0.156738172881581 0.185953327790628 0.146515498725421
0.171176047575002 0.0655518930513475 0.0924561073047233 0.0746536308937883 0.142933724580975 0.158162143451762 0.169733595452164 0.125332857690238
0.0883757578976429 0.109011718014437 0.178757082711583 0.0870595030147827 0.135148861527736 0.0746072840857379 0.222949796327389 0.104089996420692
0.0823532076374934 0.207829311578692 0.070344903099348 0.120381465248719 0.160050844297347 0.136940596141515 0.0106980529021354 0.21140161909475
0.0601870839900304 0.168456816114961 0.177612906643968 0.011344358784277 0.171627744202006 0.235740089880833 0.168783268712379 0.00624773167154397
0.0724653663851762 0.120832233416229 0.168804644562077 0.013318610084893 0.154135699004928 0.155676980032729 0.199465091925095 0.115301374588874
0.0798382513978569 0.176306006542021 0.174181003456409 0.0297771077621852 0.192515310934804 0.136748609617821 0.144035073409081 0.0665986368798224
0.0832619851865506 0.141320881840843 0.0312956909380773 0.114163289595523 0.293645640560107 0.157178876200728 0.136883910651063 0.0422497250271083
0.0442774666776215 0.172383689854063 0.0531562575091274 0.117024341553979 0.170783150182281 0.180623374834335 0.120011527841186 0.141740191547407
0.184548596839962 0.0350277263958643 0.0353619597357881 0.12852832413007 0.205205859299903 0.225158037170198 0.160336184769603 0.0258333116586119
0.177851552570646 0.0390648102855665 0.145847709008031 0.186388848938312 0.174312405888272 0.0557032423307578 0.0795661114936393 0.141265319484776
0.200850784657264 0.201581463961944 0.089009437580532 0.158710579010639 0.0482690690992731 0.117236585550763 0.0638286836339181 0.120513396505668
0.179073815941541 0.0855829798743874 0.205896056797686 0.00145706553044118 0.129138289825585 0.12375261001756 0.152901411417068 0.122197770595732
0.131045215881501 0.059348156397747 0.0345600465053108 0.17843266271441 0.205626760924143 0.136421853000571 0.2531773411223 0.00138796345401698
0.120331705535124 0.121948158101145 0.184458413604051 0.0155624540999625 0.143766418850279 0.232232527496071 0.14583753051683 0.0358627917965371
0.12931692205566 0.149788823751937 0.104084713151785 0.0145611117182348 0.155213051925583 0.198246623941192 0.168116578517119 0.0806721749384894
0.147798025091073 0.0629938460507374 0.0877946495336179 0.2070208802954 0.185278811239922 0.101341623402142 0.135644281302143 0.0721278830849651
0.231950449151007 0.19899566212419 0.212906884849369 0.0634898278715124 0.0137432900573518 0.0693817509972507 0.196195697367501 0.0133364375818181
0.171340942691842 0.140855927554889 0.095291642976554 0.158942980634582 0.153220920607018 0.0106387456995703 0.177788794155703 0.0919200456798417
0.029147813645642 0.188989490947683 0.077137959525202 0.153050285579398 0.204168236662595 0.0343122661664986 0.216809769299559 0.0963841781734222
0.0851382180213719 0.14028179333015 0.111067772433953 0.0884899441871843 0.122968316869201 0.00753759745564096 0.21578796936777 0.228728388334729
0.0818532610540193 0.0951536063472576 0.169442914169523 0.113233163844389 0.0627140645246814 0.197407473148438 0.163467776737043 0.116727740174649
0.102660536031554 0.169669665059787 0.208589476934818 0.0929152206804938 0.0858587740743273 0.0238914941091009 0.123451061503299 0.19296377160662
0.129828511101896 0.0999038244278978 0.136610942770637 0.0785087433821474 0.160323789772016 0.110557168135245 0.106260354569053 0.178006665841108
0.212033842738703 0.206739102338469 0.148595319778208 0.0828689358317925 0.225588904803548 0.0627303622790348 0.0373381817303048 0.0241053504999389
0.082623228253507 0.102866987630432 0.214664070112383 0.0334096631553711 0.161404509828544 0.179349699366839 0.0148119691620597 0.210869872490864
0.199648604474666 0.12881663308306 0.0818807719061144 0.182799477990066 0.129821782755813 0.0134016921999907 0.154259799994592 0.109371237595697
0.138617652171693 0.189562853647985 0.0656430011465333 0.165932139200514 0.102150642500008 0.0339618482857824 0.172868260720014 0.131263602327471
0.0146123857508701 0.1142116411163 0.0681786164974913 0.0971682118810387 0.226957033532234 0.100646884060252 0.208812599666976 0.169412627494838
0.0777146620257064 0.213859034541769 0.194971097052738 0.0164579976356713 0.0284455790707091 0.112417531830819 0.148999992193181 0.207134105649406
0.0123795597549859 0.221551232689718 0.129179269660774 0.140674692238458 0.0626326977346804 0.175665759466916 0.131335380223221 0.126581408231246
0.122932248200961 0.137706689562684 0.101188026365636 0.0120091474239479 0.192732486447524 0.104779939428828 0.183142883598787 0.145508578971633
0.0451008246798638 0.184938337684128 0.179991420647548 0.112145939815837 0.121600888458859 0.0058302182634634 0.222645614388159 0.127746756062141
0.0884698141038245 0.10981590874204 0.220000732949969 0.0430171841208238 0.0671234063397617 0.129172575910592 0.124106990962712 0.218293386870277
0.171042248665812 0.0715549278566868 0.0930762600154501 0.207749349257481 0.158786807270952 0.0648498186601975 0.0693742862856487 0.163566301987772
0.182309627523204 0.0220596664517156 0.0173084672293636 0.209105060649373 0.182164701148747 0.181897516352513 0.054647342215901 0.150507618429182
0.0906619334787981 0.12819819700201 0.209919945744536 0.229912211959614 0.150068929789308 0.122913234441193 0.0555577672965964 0.0127677802879443
0.257447041964511 0.19585073813336 0.202698098923629 0.148933920961033 0.0931982898232898 0.0438245968477006 0.0431444766834028 0.0149028366630737
0.182478506186799 0.144747508123253 0.157769815110014 0.0919993341931619 0.0640256748602019 0.182370942904077 0.116007750180771 0.0606004684417218
0.265005354041233 0.172260572564587 0.241308195234218 0.00755431743891141 0.0111754332411655 0.123274391869834 0.0209609401903729 0.158460795419679
0.168502139827638 0.157710050175156 0.136379685446843 0.0327326692790934 0.0886968309838907 0.157984935422252 0.101903640077215 0.156090048787912
0.0443767104237769 0.0115924553651604 0.128033688975609 0.147092307873437 0.00446508342740043 0.14308883897879 0.242283662329725 0.2790672526261
0.142674645714668 0.0841871511577952 0.130831866223729 0.129407445587601 0.179044329910365 0.100583311004897 0.142554430211795 0.0907168201891488
0.133412227488232 0.0380777736983483 0.0863103839802427 0.0333108293988782 0.132380427248682 0.136046258318363 0.326387787338304 0.11407431252895
0.127632224127177 0.178252808768424 0.206778961522011 0.0390791652493822 0.134181160707061 0.0515689476326106 0.16753255168737 0.0949741803059643
0.150018435418699 0.146365100612699 0.127730351233086 0.060915232654269 0.152732277947843 0.0808203845112309 0.11538614128728 0.166032076334893
0.173250051147625 0.202730051256139 0.0428373646623941 0.12217189732736 0.132640582955133 0.0304297335388974 0.123607136853089 0.172333182259362
0.137688318307424 0.179251300092975 0.075986122733587 0.203890664679877 0.0454560454016251 0.0215923815133084 0.217606159820303 0.1185290074509
0.108705531045177 0.11566901493422 0.0242513153764333 0.204986921761668 0.0818805489003309 0.218251259726666 0.0777744568004092 0.168480951455096
0.144271309620926 0.161431255947196 0.0537626294134527 0.180719387260561 0.0405237115054035 0.120727212097184 0.129451638585255 0.169112855570021
0.1313365339437 0.0907287232052282 0.161909198281911 0.162176493101966 0.191413309955746 0.0737473253974649 0.0935828280593557 0.0951055880546282
0.00584879233382715 0.122896571501805 0.296526407312249 0.0887192383102456 0.151549031704238 0.141985215661589 0.167562418060465 0.0249123251155799
0.257616502269925 0.0709105789003095 0.0945846358811793 0.0496422755812808 0.18039686615065 0.000532517987785368 0.324248273676156 0.0220683495527138
0.171761647584472 0.114172833153689 0.0587894833889033 0.139253943402677 0.12617745573887 0.148197076222902 0.2332048412249 0.00844271928358676
0.120147726253916 0.102419900065629 0.138015083417096 0.163817992716518 0.0290232126863033 0.106789952607465 0.209684548407369 0.130101583845704
0.110910497580449 0.118709423205356 0.158826354934929 0.140071946256255 0.0493171462437496 0.0483268183217736 0.155065277159882 0.218772536297605
0.113674838757737 0.0321997875896042 0.205412136735502 0.169991497782803 0.00399159966733481 0.158672136643573 0.125566659338657 0.19049134348479
0.174593865089313 0.314618452556301 0.00605223186601993 0.0256718829048108 0.225669387025346 0.0747883572018844 0.0750910834596746 0.10351473989665
0.145620177776719 0.0953630198926534 0.146552120170745 0.00551456247295172 0.113390379955292 0.0413640160283427 0.308785493935614 0.143410229767683
0.110945225219268 0.0708554358703137 0.130408972395912 0.0888567221548342 0.114789570974963 0.186348773988421 0.171670533149167 0.12612476624712
0.0227656035221554 0.00827339871995635 0.239708390198535 0.149160970010768 0.0971327691665948 0.0325379116891115 0.21829119844535 0.232129758247529
0.049672259354869 0.00809720135994609 0.33484632558053 0.272057559195751 0.0392354084393067 0.0662136828936581 0.0192275142456606 0.210650048930278
0.250013260882933 0.0356511592332253 0.0517631902769349 0.0893157682545029 0.209821831257842 0.216592352862229 0.0686877270452626 0.0781547101870702
0.176496243251445 0.0292196829593604 0.0284766310351279 0.119330915363597 0.0357097047564368 0.0267481515990819 0.291846986304735 0.292171684730216
0.140272692995696 0.0738540364169106 0.15929134545548 0.105320624235478 0.142817812750475 0.112010297251412 0.0807059384680313 0.185727252426517
0.123323535252255 0.174910199755846 0.0742712064111099 0.158127094318594 0.19309675969741 0.129984618286961 0.0564104299144436 0.0898761563633806
0.215395120591069 0.00523600595512265 0.207076885880887 0.224234070625918 0.0902165166327248 0.201098431626735 0.0061178781973752 0.050625090490169
0.128179989599185 0.23660525546656 0.0407277567280171 0.234215008139518 0.0279347977460831 0.0638707571848172 0.0997546634625624 0.168711771673257
0.0968523303845803 0.046243626130224 0.164935257367118 0.0620849665910793 0.130437548377759 0.155754332981967 0.190145552052563 0.153546386114709
0.031217288877651 0.147081699258194 0.0633188599252776 0.185842722455365 0.0978822229539204 0.0812671902652001 0.18790361533466 0.205486400929732
0.176532321452497 0.143519249112255 0.0414942147111594 0.224796263762813 0.0551030928605478 0.121091454578811 0.155572686247296 0.0818907172746205
0.078522035301395 0.199790311047089 0.0111970460643183 0.130720586329347 0.161252060123583 0.218886470182199 0.089181056233659 0.11045043471841
0.038375781505183 0.00440345990883049 0.00392947650753397 0.240880510575806 0.151782636160034 0.240581685482304 0.0805435330105422 0.239502916849767
0.181262851535304 0.0698285748893611 0.0870566408065813 0.171046350833108 0.219954245163351 0.0544759563225753 0.0691227551984424 0.147252625251277
0.00162359972708325 0.151063403701229 0.21973236011053 0.0806636716093275 0.108067213904185 0.229930916473714 0.10741374766467 0.101505086809262
0.202206798463448 0.16553870744173 0.161124860182742 0.0697649755768602 0.0716930162502598 0.17992828904934 0.144339673595571 0.00540367944004828
0.137397520110737 0.0572067965117719 0.208055107013993 0.041348971705129 0.239190092365752 0.0947095992157155 0.199859363194003 0.0222325498828991
0.14399018297565 0.174783572781334 0.0642893016719549 0.0251805512674691 0.142234898424007 0.102100940818431 0.177068738920766 0.170351813140388
0.222963548307046 0.0576215811565787 0.0607660972353114 0.0584930215287182 0.00287484019472969 0.0736311988463661 0.244034619418555 0.279615093312695
0.145046123735551 0.0613332320850952 0.0997741936372511 0.181010110691369 0.179220657381229 0.184271260012086 0.139307794657341 0.0100366278000777
0.0536466955372047 0.0424234766019595 0.119631073907347 0.127583423453393 0.198744801382464 0.201660032408594 0.155579747428754 0.100730749280282
0.222220615951046 0.0877931756081124 0.0494071109268412 0.102397854934875 0.11582952366528 0.0377059846580902 0.190450285443989 0.194195448811766
0.116908709005726 0.123475185114626 0.233976190747989 0.0272627352263085 0.0440619170844014 0.134908916729666 0.222283274418558 0.0971230716727258
0.112695750094824 0.0993314598112041 0.0275900546448889 0.180025536094597 0.00476431339533987 0.217455117289721 0.215588347954469 0.142549420714957
0.197127977041245 0.127596877136162 0.0919105192303671 0.192527228614545 0.00812176911949411 0.0232442655900466 0.183174675151092 0.176296688117048
0.0181054259649811 0.151269052311449 0.0121784173888871 0.284154985778108 0.0161956659436021 0.242794940533622 0.0476487802796504 0.2276527317997
0.084240620316088 0.136351861044812 0.243350267540618 0.196278112683301 0.0465992667048285 0.255264757157568 0.0178799004673017 0.0200352140854836
0.0424098319302738 0.185023869322021 0.180393604802872 0.0379749370980919 0.207895582911014 0.124405249447212 0.0763235580198744 0.145573366468642
0.222387725241159 0.0411445073179551 0.126329162248596 0.0537379662778294 0.203069736110344 0.155992794038473 0.0404779554221559 0.156860153343488
0.0731051183838538 0.125881714615672 0.0789365835088696 0.201224073768886 0.105749287043947 0.105540564748328 0.234196324476436 0.0753663334540087
0.0105220927938203 0.00273220750818585 0.23911802779407 0.169797955821508 0.119338039629398 0.122294950650142 0.250686334548692 0.0855103912541841
0.259214521615338 0.194716088706311 0.0787023079301109 0.0836062861301344 0.175191167719122 0.0127859373112498 0.182003238126638 0.0137804524610958
0.150023929173308 0.263622155208754 0.0844129872869352 0.0443773773104565 0.0417332952636336 0.161076980289728 0.134741395372605 0.120011880094579
0.0247260119217414 0.186383629404114 0.198288202738434 0.0581770724884809 0.0736371935160077 0.193383181555806 0.216766372677917 0.0486383356974986
0.22409364181099 0.197343634795166 0.037395415950323 0.104235107781142 0.0214036199929213 0.0857325834878224 0.110663074590157 0.219132921591478
0.0797075510233846 0.159833649680231 0.163362193802017 0.0707693432382802 0.150203852090348 0.0510493082308731 0.159025662094327 0.166048439840539
0.076018711462043 0.137601935580375 0.201932343909885 0.150875361344803 0.0307415996942051 0.23210691551826 0.109982306030682 0.0607408264597474
0.0689142673931962 0.0981425749222909 0.166756298620319 0.112931883402567 0.193100428290875 0.0826184143002551 0.0868004120991283 0.190735720971369
0.0416853279923181 0.209733907113782 0.147035109661837 0.189046761048759 0.0385891915199148 0.00813007400822947 0.130560093942834 0.235219534712325
0.196095680716537 0.140416465210175 0.110321890518714 0.150094907479251 0.0950148209473885 0.00342137254982179 0.118922380985876 0.185712481592237
0.182849561654586 0.0627764815436968 0.224726683475645 0.140065787009547 0.0697606444613569 0.0807499699256929 0.161763028331533 0.0773078435979426
0.157449312017875 0.112801527618649 0.0193365914126985 0.303417867097813 0.0264897478198136 0.167148978706935 0.139868365189549 0.0734876101366668
0.0389592841814854 0.0390299742070649 0.0798256774142009 0.212541887646914 0.125673367094337 0.189734817430524 0.142638917539247 0.171596074486227
0.135164689837813 0.192091687850584 0.182576227671477 0.102697767705218 0.117502616797721 0.0107033564470043 0.0580007073507507 0.201262946339433
0.111308721721534 0.189808048231856 0.019336913369854 0.0351232102552567 0.0356629550589672 0.21980503535471 0.223581321267224 0.165373794740598
0.116589647523025 0.184181723441853 0.16492252375897 0.187027278228485 0.00145307557955086 0.148719216570989 0.152117068125557 0.0449894667715688
0.209691850148969 0.132590405613833 0.192686117899821 0.191682722439744 0.0468070295503095 0.204774210426704 0.018167407649035 0.00360025627158501
0.145532159366996 0.164760940806775 0.168004550525865 0.050425236330819 0.141868412880466 0.0805083291205961 0.167995243910894 0.0809051270575883
0.00822549883626487 0.171555813777307 0.193008259915139 0.20589660428007 0.0770531437395163 0.0693616971780793 0.218995229055579 0.0559037532180446
0.145218010804164 0.127662422883046 0.152539178356528 0.0244381548188787 0.150084272039329 0.0909647839440002 0.14919890830319 0.159894268850864
0.224035594519874 0.203280724589078 0.0737866693951949 0.0562980566189167 0.103236581373315 0.15395508042139 0.0138863382457842 0.171520954836448
0.155984787448986 0.169214396334032 0.0562419306728046 0.176284676301901 0.180035551458604 0.0702416477408388 0.186751208593507 0.00524580144932703
0.033367704393141 0.0967624252273685 0.116552244376631 0.182413116103635 0.0839027546801409 0.142965900366452 0.180547750009202 0.16348810484343
0.0723057576914414 0.203176474513772 0.0391435104251663 0.030657132572331 0.100994430468086 0.154511920387835 0.208518239538889 0.19069253440248
0.11653561596764 0.194959241300736 0.0622332757425892 0.109904066320333 0.0580252305817397 0.173413995050728 0.062037381473635 0.222891193562599
0.00472114048900449 0.0696896860760517 0.115176833746531 0.305836742476513 0.00068872493404482 0.0626827492895622 0.152664273770106 0.288539849218187
0.0550432875354673 0.0793254306054146 0.230286757643757 0.102891886420693 0.139220072391361 0.231620015970447 0.0477555697836548 0.113856979649206
0.0802547214549111 0.15851112715672 0.0971560245286677 0.134938076123445 0.0435036562573385 0.0944568427452002 0.144358283102315 0.246821268631403
0.105731844575858 0.00132897833173257 0.208001911500213 0.163743208059076 0.224659880660012 0.0428991096268317 0.0797135752305887 0.173921492015688
0.215783998959908 0.216397876523187 0.0337925967495846 0.0754941010935951 0.174655434692367 0.120104220295522 0.0436284845057271 0.12014328718011
0.133403909450305 0.0280624845546718 0.186692133324881 0.121084467117953 0.169591629176491 0.0800912881177809 0.0798199777397341 0.201254110518183
0.199457551551321 0.0986993522522913 0.192914657214719 0.145316819088116 0.0182090427875586 0.114869836157553 0.0523020581473501 0.178230682801092
0.0925099205720853 0.0282222981263224 0.109526330466208 0.246285994955016 0.265992717932881 0.0376021604943253 0.000462648637132275 0.219397928816029
0.0103930645954735 0.0215680704386487 0.181107668460307 0.156976667206427 0.0941168318597981 0.184571629975085 0.278559272111513 0.0727067953527483
0.20552641311798 0.15210126326809 0.0192072205044063 0.0612803851076263 0.225541855497227 0.157998734923007 0.170112338762795 0.00823178881886909
0.15748846222294 0.099079734735445 0.149959330939845 0.0365777075843286 0.182885706276838 0.144353310984887 0.0295722936726209 0.200083453583096
0.105366282950232 0.132790650505032 0.0951897602107538 0.172766221676512 0.12840117437366 0.121676034801323 0.155328491827675 0.0884813836548117
0.142303297889194 0.103068458286854 0.0643098709295211 0.177785067141989 0.164959044523154 0.101068717030059 0.132562715186879 0.11394282901235
0.10123374171984 0.169532931864006 0.107849195925191 0.15546555122766 0.216095713292296 0.0542844507084394 0.0408871842390092 0.154651231023558
0.223517236374033 0.127396852442979 0.103585180590015 0.0269363217521146 0.179937571769138 0.179396527092109 0.0819543940574733 0.0772759159221379
0.161150044893275 0.0340002050694368 0.10846840590118 0.209532870257078 0.0499077487389935 0.0880421831250728 0.257088640691057 0.0918099013239063
0.144074979669999 0.123805570788486 0.0582016395819645 0.0747797109894095 0.149142937241554 0.218471022495646 0.078845926837166 0.152678212395776
0.233248461839393 0.0210758881588758 0.0523010294628979 0.269818747952571 0.0615061959878203 0.0736393973730722 0.228947442863893 0.0594628363614769
0.0800704458459818 0.147060946502876 0.199362275501018 0.165879500119749 0.0923692029194193 0.00388885210537792 0.114656773543033 0.196712003462545
0.112873007174703 0.219524435466907 0.200556503198108 0.0263235491192725 0.104517189472656 0.200228618409535 0.0353970073589689 0.100579689799849
0.276217826442414 0.0795134736814006 0.094602477902137 0.235419351250925 0.176858015444569 0.0568825417331147 0.0732570138870994 0.00724929965834005
0.149902106635415 0.235379949755756 0.0219730548275627 0.0864669904590453 0.0436200588343856 0.245680833780611 0.107448320539016 0.109528685168209
0.0147946282777103 0.0344604118114637 0.285742094690319 0.0370912074720387 0.245697769760453 0.191313387209934 0.0196429307721421 0.171257570005939
0.138869521241712 0.091920014906022 0.134247449652912 0.1573621109157 0.0709983793410443 0.0173668164764896 0.177605824263189 0.211629883202931
0.0906581182079268 0.242329832851898 0.168643844409925 0.168901486165636 0.00653193788519851 0.118137127493066 0.0621946840287893 0.142602968957561
0.13103490375683 0.0822426877484978 0.187688117143383 0.161147104146942 0.10209515952668 0.142433359153051 0.103390775408165 0.0899678931164509
0.0735571883710808 0.0241824043025936 0.175726913745632 0.114544014726755 0.140416555611388 0.157018044763675 0.163709025544999 0.150845852933877
0.00747155723850036 0.0615028772450438 0.0161506740764796 0.241517676390896 0.0613752284859508 0.151953153711979 0.252307677899651 0.207721154951499
0.197817373827757 0.118192812166031 0.1260389445012 0.0218788865788819 0.171763093638003 0.0961305132844857 0.165839720114274 0.102338655889368
0.0165538814122872 0.163186579671618 0.0457526321697779 0.088329578403192 0.208858570564164 0.228056929570406 0.0684626071817297 0.180799221026826
0.227371431728377 0.20289089164403 0.0697276384203709 0.119286386043395 0.184640977903396 0.00552937174740203 0.171506129021623 0.0190471734914051
0.0327867847441696 0.0110344490417597 0.17418406804359 0.151744679832709 0.220556014533761 0.157845373893591 0.0576361949312048 0.194212434979215
0.158847940517996 0.00798059158783829 0.119373701416668 0.14427916317238 0.177520417043723 0.148295481952661 0.0502299640407615 0.193472740267971
0.344387184501131 0.0128602162676216 0.0979436710125188 0.21297808377546 0.055769223088927 0.161880809525008 0.0942246398488246 0.0199561719805097
0.0123738713535744 0.0665969214407519 0.153450548920294 0.177323921851742 0.283237116080901 0.0750053567795558 0.0195858210586651 0.212426442514515
0.107459005608488 0.0995177226569808 0.0632465263230519 0.245972713414125 0.113646871924901 0.070185787472944 0.0449825238139839 0.254988848785525
0.205437155336066 0.118440135352845 0.163265003156697 0.0975760830867158 0.159169582931809 0.110815098760043 0.0699281225264788 0.075368818849344
0.230479368841651 0.201809967331636 0.158829002652742 0.0765338399046123 0.203185770694442 0.00418789690904976 0.112858456954656 0.0121156967112108
0.0863140171764399 0.112849958968142 0.0562250074487418 0.198548724187939 0.217505836024275 0.221726111935867 0.0469616354082039 0.0598687088503909
0.217551834806814 0.038095641029487 0.0581362528319075 0.151777284808818 0.179890696088491 0.0476875206819167 0.205179822941102 0.101680946811465
0.025050893937492 0.213720771773246 0.202749722781704 0.202617705659276 0.0182576021367863 0.0701086367675776 0.130130221016485 0.137364445927434
0.108617579914735 0.167046949399135 0.0671622143655334 0.0509885562646222 0.247300808849422 0.073120334165789 0.0609709295377709 0.224792627502992
0.0740050785014041 0.146877399830431 0.0635188017109074 0.138164669099476 0.0566166606377538 0.176322627228101 0.165831155928389 0.178663607063537
0.196288862061982 0.0237285254640478 0.0782270508181666 0.13267341933093 0.0696936798214477 0.242405376730935 0.0368794602176718 0.22010362555482
0.0660307308961048 0.0485983007325841 0.0285697187408518 0.19965652621644 0.16372737799957 0.217961083546494 0.143051553132142 0.132404708735814
0.0566164356443961 0.162340026348217 0.133362405316173 0.080986453890188 0.18462858323898 0.0777992477468332 0.178050871357065 0.126215976458147
0.184185329917449 0.118971655548426 0.0328729733784439 0.124683589069965 0.104178580591789 0.150429209170197 0.0630991906174578 0.221579471706272
0.0862897907460668 0.187061449528844 0.0865475876150805 0.0293335276584361 0.170011797344175 0.135445688679816 0.144183187760707 0.161126970666874
0.102680092590731 0.1672549932347 0.175769684834076 0.00482809357776989 0.155101892272457 0.023888985763318 0.277379404615701 0.0930968531112482
0.20303455533033 0.106915526288927 0.0666192077482943 0.159259278779433 0.262165450241383 0.099782369748151 0.0784178103938204 0.0238058014696619
0.137724487468197 0.082298013230709 0.146242028998224 0.160895378775068 0.168238257239638 0.106856431362748 0.125912874979782 0.0718325279456342
0.102714957320739 0.274572865208339 0.00845182153390133 0.297660116085193 0.105777170231178 0.0345774529630615 0.0174755325327424 0.158770084124846
0.0960069745641948 0.17213455862678 0.13045698310208 0.112274789788383 0.167361309908184 0.0796052925402093 0.094298584976136 0.147861506494032
0.190828175827336 0.0947720737325847 0.0574741634038875 0.175751308028721 0.17605641440565 0.147728734080315 0.151972377758283 0.00541675276322216
0.228232512624286 0.171157216441785 0.109840642127934 0.00128410529272213 0.0575585348581386 0.220201830920725 0.0387871186542098 0.172938039080199
0.229488600987567 0.20021088162447 0.0652317819743641 0.113729269457824 0.0567957322129124 0.115573009573233 0.003753554294304 0.215217169875326
0.120439335370868 0.0936159285214894 0.00755136061323643 0.0778862539181705 0.240002673233873 0.155535655647601 0.0735414735559341 0.231427319138828
0.0928825117006831 0.0364069718880064 0.182903219914889 0.156077698414739 0.168309641495202 0.085577111808536 0.212620295675233 0.0652225491027125
0.29203440118843 0.0820212973633695 0.0657679300168652 0.124106594916007 0.0296365066052656 0.177260618988799 0.210341988875755 0.0188306620455086
0.120560968083423 0.00823490623050263 0.091086770177199 0.138176947344614 0.0956983864761922 0.0875518882968497 0.18694423312478 0.271745900266439
0.123457011828987 0.0142444472668101 0.155489505188715 0.130983236648978 0.119760442990302 0.0153569620120609 0.122349707365056 0.318358686699091
0.211589114157186 0.268696646073912 0.0348097534257818 0.167719324133879 0.101470705293695 0.172501797713993 0.000446329452349189 0.042766329749205
0.167807644263411 0.197270405966782 0.117595399768737 0.100844348995239 0.00265143066227679 0.126888130648982 0.219479344932553 0.0674632947620184
0.0694131036055935 0.00252772030054371 0.113352038452241 0.218294370192403 0.316653109631178 0.0406989632340149 0.115565350505084 0.123495344078941
0.147527243232054 0.0440499379476265 0.135778384665174 0.106362320266887 0.13388686585132 0.216325098901857 0.212015571186621 0.00405457794846028
0.14776940526983 0.0598912874116908 0.146143415033957 0.17539093279454 0.172733903049788 0.0786357791490148 0.0838772561313679 0.13555802115981
0.0818458583996552 0.329319243438469 0.212654914208829 0.0485890232469147 0.0636864580056029 0.235622221132214 0.0217651788612443 0.00651710270707129
0.142866152918281 0.210579946880796 0.00550595360758569 0.026467297822561 0.138086606954319 0.143273810033687 0.197298457950437 0.135921773832334
0.109242874338106 0.181576575912731 0.0823182277676898 0.119598356660754 0.225396250278716 0.153296774707769 0.094541351964318 0.0340295883699162
0.13261670069552 0.0232638127116602 0.217122757021868 0.0684873947095822 0.113023858289707 0.156253606375836 0.0646689149962418 0.224562955199585
0.0442714496644807 0.255848062803314 0.149121498487706 0.0490963027979288 0.00891803418177955 0.0189829612228099 0.28897837049651 0.184783320345471
0.124464683259993 0.142799213236318 0.0100459698606626 0.148936812268822 0.210838889294962 0.132092811429247 0.111384166183485 0.11943745446651
0.234230590973889 0.24048972370314 0.0318241810425642 0.0626556778173008 0.335168226776739 0.0229272923048643 0.00762987571467273 0.0650744316668298
0.0953559461503272 0.25317757470043 0.0724040408527657 0.181889930575645 0.133740092845193 0.0322885168139985 0.0944581468988067 0.136685751162834
0.174351127066702 0.159006084726253 0.0917706781373873 0.147457522339031 0.0859193806927035 0.200475232316407 0.117796625291173 0.0232233494303435
0.0967421101068317 0.0410248326869418 0.0674890509871017 0.21921634673021 0.226131507969991 0.160783274830676 0.143161171506004 0.0454517051822446
0.0963205445750438 0.18068827390147 0.09343791633104 0.103508083809044 0.0653206588462258 0.104889456816419 0.198052980371565 0.157782085349192
0.0175784498528216 0.108481281595969 0.234497863203996 0.00807204057914977 0.238129042308805 0.186682152885232 0.0374376189512071 0.169121550622819
0.170599029301263 0.0571213063581529 0.0459932568860702 0.17653056493539 0.0442899393733137 0.194484968882325 0.122260205142279 0.188720729121207
0.0567995975951475 0.175524003876645 0.114470592096897 0.0870303016454344 0.0731200384290649 0.222224567620799 0.154016152072111 0.116814746663901
0.0919769523843084 0.127829392980902 0.150655298756015 0.0698435306984529 0.110398926158972 0.180041837991028 0.159559298988844 0.109694762041478
0.199577976065015 0.0791501756192182 0.112845776092487 0.00764853289068937 0.0945828262377072 0.29855802439019 0.0381356497940257 0.169501038910667
0.00225242990868684 0.0521361811385328 0.246691671037965 0.218141445573719 0.0750543697238733 0.0787253952122182 0.167665099391281 0.159333408013723
0.139732273557142 0.0144155733843213 0.260040212597507 0.156779892056449 0.0422142973831287 0.110116441136204 0.269167029788845 0.00753428009640383
0.0249381790298122 0.203276650974062 0.0652207933974883 0.170617094472746 0.071075073237382 0.0947441674059405 0.133898621268251 0.236229420214319
0.145709533773559 0.11539409902998 0.25816327118368 0.114295418202567 0.224294627651661 0.0225899840741448 0.107578243392768 0.0119748226916397
0.201934708448957 0.0673493812416073 0.156085937103118 0.226828682376909 0.0158817595175339 0.0078459587011895 0.24116646885772 0.0829071037529652
0.0908605514382882 0.240787004025298 0.111184736538793 0.18691207879348 0.00916330255918282 0.106420693451842 0.224301334904405 0.0303702982887115
0.158549553782095 0.0832853909428567 0.144854321716226 0.0472930695130559 0.169637331494241 0.0852350258206623 0.170850548304516 0.140294758426348
0.0910021418346329 0.144150397502152 0.107432697262673 0.190097798822364 0.176494777285541 0.115226381581805 0.0192998992503139 0.156295906460518
0.212168983525813 0.244285636299041 0.0115287985118281 0.101374645203583 0.192824126219235 0.196770736486588 0.0123071434489521 0.0287399303049589
0.210141082507492 0.0340034564324635 0.0699431245098766 0.161516237510379 0.167403847176459 0.0128022544726961 0.220866540799701 0.123323456590933
0.0643393636461491 0.165849075566324 0.22650598012702 0.193914247069289 0.123052336610595 0.0748961635195541 0.0298842398980413 0.121558593563028
0.173767942942395 0.149078119509291 0.0414713016051151 0.0270550087547489 0.311074045043402 0.0208592944361322 0.12640903143169 0.150285256277226
0.0795827441084822 0.0749919164207683 0.0636552722990884 0.22416320281758 0.166155539482118 0.171729946010119 0.0459516395787943 0.17376973928305
0.0291593909047468 0.138504993015744 0.0982222993936614 0.177768230872904 0.184671035242366 0.0554539459508114 0.0342898886936182 0.281930215926148
0.250454873358519 0.13802748756119 0.0422589451843305 0.0999630655314064 0.154723780547743 0.142534726152846 0.0811820462262283 0.0908550754377372
0.0935230831231913 0.0854508146418181 0.189336841874368 0.00141168071791134 0.171472805645128 0.191025076420974 0.11711288393181 0.150666813644799
0.215798169975277 0.0730211430759389 0.0609577282578369 0.237621662807755 0.0684118984726786 0.199147224029136 0.0815905205560926 0.0634516528252857
0.244508820761992 0.144169166185176 0.0572992682264382 0.166653357823643 0.0122077015574548 0.274592582321065 0.0830875404276736 0.0174815626965576
0.238737610690134 0.151112264826541 0.00819051490691529 0.176943465391085 0.121564120861066 0.234791888729022 0.0570433224463412 0.0116168121488947
0.220956290169175 0.0542901554398421 0.0646298679190234 0.126841679554209 0.136594715687303 0.133999751466997 0.124316098885069 0.13837144087838
0.0306745285517172 0.194260076518283 0.268619357298393 0.102700940745189 0.117935907167274 0.085931419552443 0.194869807249427 0.00500796291727253
0.0178717276294512 0.173036070477858 0.129257526703038 0.21338816533485 0.14518296555749 0.148309056672249 0.0314464683826944 0.141508019242369
0.148737251058065 0.22704039706877 0.00629758648032027 0.0975693239442113 0.173555539046679 0.00535477501837931 0.115718486772505 0.22572664061107
0.163225562032278 0.0593209853573075 0.0701544598787397 0.163955736827835 0.136764629098305 0.0525996725766429 0.180511987743899 0.173466966484992
0.0759376526202307 0.244961209951043 0.102671899639126 0.0309689363110105 0.147388799210333 0.16304160187744 0.0211640626820195 0.213865837708797
0.0762160406107859 0.103903871158024 0.195714974505887 0.185414438575975 0.112818631785814 0.0936794425627552 0.102063127420389 0.13018947338037
0.156691574024083 0.138802868951343 0.055239497077709 0.0851093562989294 0.203658822513286 0.241518450854417 0.0883563668099673 0.0306230634702649
0.10614777003126 0.130060662129916 0.142653091051119 0.127951295636334 0.118540750440699 0.130342693758133 0.152665393717998 0.0916383432345414
0.0176172284268208 0.165394763489458 0.14127757524914 0.149782471166576 0.135937389031048 0.00536494522379624 0.205213296142236 0.179412331270925
0.158792250205561 0.145436156197015 0.137965864543279 0.0948243020927789 0.0625112914287092 0.137969000194349 0.0849782447454165 0.177522890592892
0.175135627236915 0.0172267418765132 0.179178209215276 0.186269804178851 0.16012901246334 0.0740083419571468 0.14073743604653 0.0673148270254281
0.0167717875544685 0.0218497001572576 0.171387078789691 0.201493882776804 0.0595306479236621 0.134032451133558 0.221861035725963 0.173073415938595
0.100912154970132 0.0398872197413051 0.142537649750126 0.0524258541922585 0.102638135612272 0.192903710760023 0.143931748392543 0.22476352658134
0.0102649672003666 0.125507698601801 0.199513006881701 0.17505997010974 0.141805279473962 0.049771552421225 0.204114346974261 0.0939631783369428
0.0118524469065554 0.0226481548216462 0.269814199591334 0.0722172755347927 0.00642165054221544 0.292309646611235 0.0185518157007996 0.306184810291421
0.0304921355442204 0.126071931953596 0.0237003021280362 0.170506841303629 0.206061713112965 0.0998899731967982 0.197588274680326 0.145688828080429
0.113480546088432 0.125839162209448 0.165136205245362 0.0327133842042159 0.184056595243142 0.0497649453397189 0.100528363393371 0.22848079827631
0.102235848128333 0.0892610840844544 0.175176997891772 0.174129520627097 0.176302392201829 0.0808201883741934 0.143477027228062 0.0585969414642584
0.152565349239659 0.188485863475406 0.00484126838906118 0.0677251854519196 0.123094743180646 0.138821611811231 0.0639937776687965 0.260472200783281
0.0530778792880358 0.0723994311718297 0.161693441094081 0.192505337919335 0.194971053769472 0.165821055718847 0.0846148482495138 0.074916952788886
0.00244693881510086 0.169840576181631 0.11703150041097 0.144437686108012 0.0963468758533322 0.216520519616025 0.09772926443505 0.155646638579878
0.0942117248717334 0.139947504895123 0.152231290300017 0.205981550897236 0.128044674687806 0.0141090797773947 0.163502989764618 0.101971184806071
0.207833846131685 0.153793715107575 0.022321250523038 0.159810309602359 0.0733543702788537 0.191563203376212 0.046003009145362 0.145320295834915
0.164084639305088 0.184440336233772 0.0635446297687649 0.178038221933104 0.129537077228198 0.0374554670409139 0.222950147007424 0.019949481482736
0.171380868072944 0.0855442571581961 0.0531847728887261 0.143045708306494 0.291394843926084 0.124070650823157 0.09201623712387 0.0393626617005286
0.10531243476268 0.15458557602974 0.147711990338609 0.17632138325521 0.0313857376152726 0.124504445669947 0.123978664865559 0.136199767462982
0.00659614350793128 0.161105310446062 0.16988914937726 0.166543967026252 0.0347103556683224 0.134534724085803 0.0961086001500586 0.23051174973831
0.0709214326215537 0.0351259989269466 0.222406645927099 0.0528504022977015 0.158198079499127 0.134135662904457 0.164395606451029 0.161966171372087
0.0936566838201981 0.0302895348723523 0.0969907175881969 0.0759229242387453 0.0870840388049569 0.224018208206131 0.194781980249518 0.197255912219901
0.200463232844826 0.0991679688112516 0.184528789412604 0.077072854906486 0.10685072738602 0.0682683497074812 0.213593385455144 0.0500546914761874
0.135301696795431 0.195541215753907 0.0982136072029407 0.145470223131865 0.238911540411696 0.0848886161152526 0.0178639339307385 0.0838091666581681
0.211111183295259 0.16084390314121 0.0936628492564173 0.0881660964379902 0.159353655079743 0.147934502920999 0.10519285705819 0.0337349528101905
0.17171026334547 0.192451216443109 0.0540887308935197 0.15516554083441 0.0955253270007482 0.0655146380827732 0.0696887515796608 0.195855531820309
0.155666805721712 0.0107355364613335 0.078364368310856 0.189854156780524 0.108647637326673 0.121252223678948 0.310951064217567 0.0245282075023865
0.100168066101221 0.135951668643708 0.175138395414832 0.087329854801811 0.173984387042372 0.19329794122104 0.0310673302441917 0.103062356530825
0.00539454289131478 0.156066005656107 0.140964088045859 0.203603725048027 0.102720210454418 0.222805551165596 0.117957555531928 0.0504883212067497
0.109778548839157 0.168599183260584 0.12623108360274 0.120696408205383 0.109251315488429 0.199990775191878 0.0182270886137111 0.147225596798118
0.118708614745242 0.0144881851767464 0.143748003874322 0.196301105414227 0.117708742988329 0.189817961320408 0.0390667868984677 0.180160599582258
0.0747809052038831 0.155679400798546 0.123426882680966 0.157464107970384 0.126948037435488 0.117699204578102 0.0303938618968126 0.213607599435819
0.0876586316879022 0.204721139916575 0.0847437999556648 0.112049294893306 0.109313434299284 0.223973120724197 0.0251805482928528 0.152360030230217
0.130180797621116 0.0751702184399565 0.0303417200246726 0.228075599289278 0.215064714603686 0.0368772388765786 0.0492658977106077 0.235023813434105
0.0577655266580709 0.180835843304636 0.0430421603234204 0.200723301342753 0.109202933032762 0.18512336342262 0.0924967491008233 0.130810122814914
0.201739097577819 0.141292050745287 0.0794263463381487 0.0514090042297293 0.150285554724546 0.0114782488063127 0.0663552263143002 0.298014471263857
0.0936181669473008 0.0355318522686221 0.243453330807752 0.172094175748684 0.188051522028434 0.0542684116630884 0.201937497787816 0.0110450427483028
0.149729086170423 0.0919457327979504 0.128592482556856 0.0578105719777786 0.143692595096579 0.165034207518964 0.15823366819436 0.104961655687089
0.0534982409763742 0.138795552356727 0.155176405940868 0.0645706967802608 0.285063075030779 0.136729178809039 0.128415771670316 0.0377510784356353
0.198655935319141 0.185128260898469 0.141713946386093 0.197197138581796 0.0251372712787682 0.00164769257055263 0.133636585296715 0.116883169668465
0.0155810997674379 0.055632942816206 0.103201957417036 0.171860535358846 0.176485371872792 0.0879523280904512 0.183542268810734 0.205743495866496
0.218084858119962 0.00245463597534541 0.147201496117356 0.11731754114573 0.20697376115074 0.217867632899995 0.0176233242073558 0.0724767503835157
