0.129807319788037 0.134444487150724 0.199251839870945 0.172835831339248 0.227525469668659 0.136135052182387
0.21343665310454 0.0924044704673544 0.0750571640041373 0.152491743116582 0.240639104080117 0.225970865227269
0.171575566824267 0.137979259988015 0.000384808267439761 0.0836926610759924 0.283645687040115 0.322722016804171
0.156642434123319 0.0639012676942743 0.0151902130832136 0.181825483161673 0.248530206337639 0.333910395599882
0.143450403560147 0.0403688133709205 0.402491185847306 0.18315600292787 0.203417684227759 0.0271159100659974
0.330622219909342 0.268510419533094 0.0196030145580323 0.135590393396099 0.160856555188789 0.0848173974146437
0.219300054358172 0.166493434921172 0.136202371664342 0.202688276203027 0.065874501185996 0.209441361667291
0.074833315988319 0.200394984487933 0.277373011508291 0.191708411891645 0.102786771188947 0.152903504934866
0.116177313526075 0.149766781139874 0.313390357274118 0.111636654013502 0.041633200037842 0.267395694008589
0.296117187604721 0.0276163476409183 0.178576718594608 0.158483760322253 0.100345894301321 0.238860091536178
0.116978520008744 0.0237415626858925 0.276523708613932 0.0980015245940908 0.217470141465178 0.267284542632163
0.0869386769829567 0.133078298588761 0.246151432021181 0.161446181683315 0.0210581150606763 0.35132729566311
0.0868403118824637 0.413323383354906 0.0415881271128354 0.0264767583603325 0.125222883700059 0.306548535589403
0.159171603054395 0.104553867615441 0.118301235129176 0.187893531090794 0.264532931486212 0.165546831623981
0.237318068294234 0.232624866392663 0.1966851377865 0.0256953314567464 0.0806119601384043 0.227064635931452
0.237284785986515 0.242468284026825 0.190966304890619 0.160719432522203 0.0259202631345187 0.14264092943932
0.0717777932376183 0.290669719777705 0.0468343902092811 0.0329544797350419 0.265028888754146 0.292734728286208
0.209545423327188 0.198009059198945 0.230426966914154 0.232423483249269 0.03671371065078 0.0928813566596645
0.18286146736943 0.13805940419619 0.0943564182125189 0.247851550853162 0.302701717867101 0.0341694415015984
0.26260349329521 0.257522472765313 0.140881365826134 0.00862872137761908 0.220256239175413 0.110107707560311
0.202913698017225 0.272864035740547 0.0498504795225941 0.153604193691467 0.27556279486046 0.0452047981677071
0.275307916140244 0.213468527184775 0.194450317838324 0.10062924923938 0.202517429577133 0.0136265600201443
0.0025888952228462 0.111260925559624 0.164342592359464 0.300008782523913 0.361631747725214 0.0601670566089387
0.0788077637441902 0.316220162419705 0.0839162058667476 0.125222013995027 0.224757864614035 0.171075989360295
0.257095235218215 0.081415475978021 0.00599114933228954 0.0912312340179262 0.272971683087127 0.291295222366421
0.0102966358426104 0.0961286276635868 0.241876638633075 0.0209837541215556 0.290244807037764 0.340469536701409
0.275235990167733 0.289700063080429 0.12117006384669 0.14667607410312 0.0873030521350916 0.079914756666936
0.190215374795626 0.00759453177219803 0.237101692992442 0.37036078639309 0.133118491352451 0.0616091226941924
0.111006005034665 0.150380657335174 0.186710339712619 0.327638699271945 0.0283535334551749 0.195910765190422
0.268146920317023 0.0332268567737505 0.163417104520992 0.1921900092135 0.137054813204701 0.205964295970033
0.409980119263874 0.000826301467453435 0.118338992053118 0.043547953625292 0.162628053021976 0.264678580568287
0.10705370950058 0.182549563787195 0.257666372031607 0.0206235584775773 0.195214799306078 0.236891996896963
0.0364898261540903 0.171405155585446 0.308481182969794 0.0579369739065312 0.150168089366358 0.275518772017781
0.258802858856047 0.135755412805796 0.10657396524609 0.242695803322811 0.110479811215666 0.14569214855359
0.197020987446904 0.226079530408974 0.333445969714604 0.0318343448677454 0.200347285200251 0.0112718823615212
0.0934580009231279 0.249568251731493 0.262647223445464 0.137907379917712 0.216717203145209 0.0397019408369946
0.134070035022017 0.199467518971353 0.264193669075634 0.0457361535358284 0.273921769002062 0.0826108543931055
0.259411384760942 0.204354274751091 0.0991387928791299 0.0227407103699628 0.241762321420872 0.172592515818002
0.0924134277949167 0.106265296327567 0.265056967928427 0.107412234673026 0.264506151708251 0.164345921567812
0.305442646875972 0.0854757319415098 0.179837580425416 0.0992567460659051 0.221342857191082 0.108644437500116
0.18182720972889 0.160390654391045 0.0611947905055533 0.0322174606108298 0.261192839647547 0.303177045116136
0.0595887762880711 0.288443752880581 0.0847455416557853 0.203408180726021 0.0789620576552101 0.284851690794331
0.185540003847478 0.240231734484763 0.0312442206483679 0.236194094629888 0.26421443589609 0.0425755104934131
0.216764735868079 0.102948366442808 0.25708647115218 0.307654013801558 0.0570548636482114 0.058491549087164
0.10945012852715 0.141450341963292 0.203602473973802 0.218753775001701 0.135121496306743 0.191621784227311
0.263811069005144 0.208675288103781 0.145630173250624 0.152047332882188 0.0466004624881284 0.183235674270135
0.206370129611918 0.261782800114762 0.117474260657386 0.225969197373446 0.127458149970229 0.0609454622722588
0.218940932764592 0.188808339937718 0.20892545845639 0.0220487246240059 0.135811038377868 0.225465505839427
0.0739953977821058 0.242038871600847 0.107041907519669 0.0342465150051932 0.263280523057429 0.279396785034756
0.285627990760251 0.0462949940692222 0.279416927523021 0.223140081729956 0.151935993377908 0.0135840125396415
0.248112626618724 0.0125074938640919 0.226878895415054 0.153158485543792 0.183237204700745 0.176105293857593
0.0175669687243545 0.131432010367011 0.268118944843711 0.205723773386475 0.13649330262454 0.240665000053909
0.272037270360399 0.157291813402055 0.235264523470348 0.0540095839854989 0.0480270356639252 0.233369773117774
0.16743584203263 0.18578335516877 0.277603524334016 0.20038609209173 0.0359408587463457 0.132850327626509
0.181806735897668 0.208732334978288 0.115774193495555 0.174210535016988 0.135327656969398 0.184148543642103
0.228482325562497 0.27868793222767 0.166431974226211 0.23002347037788 0.07033052439964 0.0260437732061033
0.109459746441581 0.0151379719319059 0.431019885724264 0.179828040247559 0.203577880279743 0.0609764753749472
0.00616904566040689 0.341456395290968 0.0142533128178159 0.243291458543551 0.200731774680585 0.194098013006673
0.214149275481636 0.151316541401533 0.139320990865957 0.244408602598618 0.216417016922853 0.0343875727294031
0.0344781003350836 0.292247763543313 0.268849346266693 0.203404319155939 0.0259342763347391 0.175086194364232
0.0559312372618977 0.00216545103340394 0.241419662153776 0.036398323065689 0.419883200381123 0.244202126104111
0.293932355284419 0.0116982815823463 0.158048173471104 0.129698266021848 0.263336248710951 0.143286674929331
0.211093170891219 0.0542216527894036 0.260797441966332 0.212369227496906 0.111587630495002 0.149930876361139
0.285070917269522 0.0724348501141293 0.218553107475461 0.0810999904918901 0.286632871133032 0.056208263515966
0.0999639154357479 0.208834544629827 0.198476978888707 0.124021974443268 0.163782773124768 0.204919813477682
0.114016936632618 0.137709443096988 0.267564110305947 0.0050439492013344 0.215019754561336 0.260645806201776
0.263518081907619 0.155666156726559 0.165166204250923 0.0245263966320248 0.14644743160387 0.244675728879004
0.049637556456662 0.209847294930461 0.0308668245107378 0.140451985979791 0.259878632190285 0.309317705932064
0.0788940174607699 0.23399524620535 0.176133004345312 0.13547671463511 0.213290797497861 0.162210219855597
0.0409424932015294 0.182368630460855 0.136574987219665 0.371886903452376 0.244767488798107 0.023459496867469
0.242793259355914 0.188755490814239 0.0753515294091762 0.227051452474279 0.0574843783773819 0.20856388956901
0.172186033781196 0.182232051948477 0.162455974144483 0.169050219822589 0.194170567114363 0.119905153188891
0.117049396282587 0.338734378748431 0.240480243597868 0.0368577819855421 0.102842385372657 0.164035814012916
0.224222873110442 0.130541938977061 0.0698958651992337 0.227373023840426 0.237985294756185 0.109981004116651
0.0093919175740345 0.1044420552226 0.244449362252331 0.268823589974505 0.18155852265057 0.191334552325959
0.346398966136164 0.184930280617638 0.00451836248507799 0.34521891659885 0.0670016167948451 0.051931857367424
0.17435845073341 0.0514873203468185 0.0718638939167082 0.239568486557079 0.212799953575272 0.249921894870713
0.221879549485614 0.168854333145754 0.0702175884085451 0.212687603047685 0.247581947372971 0.0787789785394306
0.311990013102794 0.168289729154487 0.0335457695641814 0.0541782027485988 0.288559419224024 0.143436866205915
0.131689575911275 0.218327370059501 0.270231878517161 0.245619745956057 0.110004585011624 0.0241268445443821
0.292509403552688 0.015900927836786 0.145922068489971 0.244359552492543 0.268187831246001 0.0331202163820103
0.158087758952866 0.161240883630452 0.204500027890181 0.196793813298641 0.174558828147695 0.104818688080164
0.270202101706616 0.223233862711483 0.0379014252869952 0.219847466990029 0.158570843781947 0.0902442995229294
0.164977282705542 0.279547075955424 0.118283701155731 0.037353148190769 0.0495646320999021 0.350274159892633
0.297203066006771 0.113919553428658 0.175254813761105 0.0704926531912222 0.134645002964208 0.208484910648036
0.201447954924589 0.0551388587744222 0.259778359831964 0.109598091573276 0.163795786650256 0.210240948245493
0.207802100248224 0.13681394208535 0.0454576832866943 0.205399194971937 0.166190255730668 0.238336823677127
0.200219394679883 0.14233638812792 0.230071831370249 0.098794157820747 0.309384820031311 0.0191934079698905
0.452826941208438 0.0584051444324381 0.271504173209472 0.026846662723273 0.0551007385602386 0.13531633986614
0.187210640133327 0.189476788890092 0.16956184000413 0.208904218633393 0.190510498789257 0.0543360135498003
0.189347343255649 0.19846073237671 0.000725028710324252 0.192846134486803 0.220272587279462 0.198348173891052
0.348937571609435 0.18570716746661 0.0865124505858445 0.134333936184369 0.237026952511604 0.00748192164213674
0.142351727239409 0.182943337757364 0.16353979646507 0.222375670651997 0.108103155604556 0.180686312281604
0.254233128808952 0.199234208369287 0.100276377651489 0.250904296601435 0.0509770622429305 0.144374926325907
0.230258020233154 0.249522826845173 0.128023448432419 0.0114255751925947 0.181316446012998 0.199453683283661
0.179301343137471 0.363578219631516 0.350451273805857 0.0416725259407106 0.042055208947326 0.0229414285371191
0.101851979992872 0.248319296018421 0.124451121797148 0.14159096065326 0.236434397301097 0.147352244237202
0.120564316207733 0.426913912656759 0.00706143761547632 0.139175225493943 0.263731865953934 0.0425532420721542
0.0936665605807168 0.302078558434043 0.0126260254115956 0.463074040158036 0.0510516195477402 0.0775031958678677
0.16404757045996 0.234744087113356 0.114408315305356 0.210638779547194 0.148754943783513 0.12740630379062
