0.224199043813332 0.325272674320385 0.21433807246601 0.236190209400274
0.378194831443116 0.234455820280606 0.125055181009131 0.262294167267147
0.193132451861201 0.124783193666331 0.273791188220836 0.408293166251632
0.24163590689771 0.0868055646085971 0.392824932276439 0.278733596217254
0.332455127016691 0.27076454014533 0.023296300307092 0.373484032530887
0.294252956863513 0.334082065532827 0.189084619690259 0.182580357913402
0.140719756155866 0.302557451713582 0.153106556093914 0.403616236036638
0.117555814655693 0.317962064378918 0.360476855372291 0.204005265593097
0.0499517034454027 0.376705810161405 0.270453969864666 0.302888516528526
0.422025454831227 0.280877572357406 0.132558968181635 0.164538004629732
0.048602521593988 0.310611993380588 0.335364298897725 0.305421186127699
0.347402947763633 0.240138290675641 0.25954296807409 0.152915793486636
0.0637182937350936 0.131541988274169 0.597056706219358 0.20768301177138
0.12565345290822 0.480010224723541 0.14299334048493 0.251342981883309
0.541840104815047 0.182016905705068 0.00308809871826887 0.273054890761616
0.239157347823919 0.0934038382005853 0.368315524587451 0.299123289388045
0.0695578044614275 0.0662199666035801 0.367290240419217 0.496931988515776
0.0302543969085784 0.162889485083932 0.0401029371320836 0.766753180875406
0.255297332576484 0.491567635456532 0.152317048835081 0.100817983131903
0.681439826857585 0.0835330018446947 0.0162876753582274 0.218739495939493
0.0470875326355244 0.21358117587925 0.534573257556726 0.2047580339285
0.202050362759222 0.230622279596233 0.314333348520314 0.252994009124231
0.212520030497914 0.260076103225203 0.102820729571516 0.424583136705367
0.205347094425011 0.297679803653969 0.226033038747 0.27094006317402
0.0637741150951255 0.351421056266944 0.280456354292105 0.304348474345825
0.110024009691029 0.203125630208976 0.226950409187552 0.459899950912442
0.0907076766385571 0.203598687852417 0.367501514415434 0.338192121093592
0.189643409269988 0.286154404062691 0.362508367252517 0.161693819414804
0.312487424434798 0.470252984401409 0.125484949883713 0.0917746412800806
0.266242919208646 0.236299776001926 0.17174635629467 0.325710948494758
0.448110054797688 0.0339326416429419 0.286647881434951 0.231309422124419
0.433143789456066 0.163084750670518 0.0381421561819852 0.365629303691431
0.122256666146951 0.29537467364165 0.322988191090232 0.259380469121167
0.542043971656938 0.00329057045236105 0.00222075173609739 0.452444706154603
0.432244785099487 0.0202955025443634 0.119347506518017 0.428112205838133
0.334677902911632 0.12905982266058 0.21455490938459 0.321707365043197
0.233831363099842 0.39176856744666 0.211749284806878 0.16265078464662
0.279820046727931 0.0733209051535065 0.196604199950582 0.450254848167981
0.301881151116339 0.270379084699045 0.0398216667037616 0.387918097480854
0.0742789000984793 0.132143573831569 0.451314298095257 0.342263227974695
0.069079458453619 0.414779092301354 0.000678677165300094 0.515462772079727
0.0144651691580633 0.1833947020972 0.440207922224801 0.361932206519936
0.125866500849884 0.207583795974753 0.328070502939534 0.338479200235829
0.338655667655778 0.0727868600288001 0.374280824325146 0.214276647990275
0.0365310952605327 0.49304460912911 0.460658144789616 0.00976615082074203
0.183073562807082 0.331654786816252 0.13447492366494 0.350796726711727
0.233804133148756 0.169291427169664 0.399596436680719 0.197308003000861
0.273563153930504 0.265772022402018 0.269467065135477 0.191197758532
0.479198429874457 0.164342808050629 0.0619395346822632 0.294519227392651
0.225568204303646 0.165510293228204 0.374599586733718 0.234321915734432
0.0954336289588753 0.313696542894423 0.331486571841246 0.259383256305456
0.220338601154815 0.31236525777922 0.341937387342316 0.125358753723649
0.41476160401661 0.307221524738098 0.0550654543487137 0.222951416896579
0.237039420984381 0.272723466203126 0.196105940554231 0.294131172258262
0.091700793524701 0.33700563956674 0.397406624568213 0.173886942340347
0.601380618087601 0.0484913995863297 0.0944638261305366 0.255664156195532
0.228676931536554 0.332962243433059 0.355057733478055 0.0833030915523315
0.258252810412804 0.338247335118708 0.374241908938814 0.0292579455296741
0.195775429229288 0.229331054097384 0.207968827722829 0.366924688950498
0.280263496375081 0.259031790516339 0.0118072631695486 0.448897449939031
0.230654716480936 0.384139607641779 0.117530120931386 0.267675554945898
0.120210051416971 0.228244845912145 0.310778049049476 0.340767053621408
0.297463299834827 0.136369161967444 0.304055254300703 0.262112283897026
0.490618789471828 0.470501796399872 0.0215522280372387 0.0173271860910612
0.027866510871901 0.469719440128706 0.424431684955396 0.077982364043997
0.340003147172871 0.0625196400706406 0.355172063521633 0.242305149234856
0.353291666588195 0.161933506675821 0.409007592454987 0.0757672342809973
0.263085667286391 0.135395341164348 0.484038327880994 0.117480663668267
0.43822703520401 0.109144011682217 0.278614290257592 0.17401466285618
0.414837221563295 0.260595863188814 0.000115082809630103 0.324451832438262
0.395155082935285 0.184685695983575 0.252818960435005 0.167340260646135
0.389312729403053 0.146319321363279 0.171270343928571 0.293097605305097
0.384952891444068 0.259618194365371 0.240507960478047 0.114920953712513
0.451857744373411 0.202872745286198 0.229359115747946 0.115910394592444
0.430866023453434 0.144058969912317 0.0731398532253739 0.351935153408875
0.0640997255824586 0.351901788887216 0.107753510195329 0.476244975334997
0.298141142535511 0.260093161163213 0.0584714403978569 0.38329425590342
0.293472891767125 0.3574630485855 0.118385878596144 0.230678181051231
0.16015357766203 0.0111974197346314 0.521340209440624 0.307308793162714
0.0355811113922221 0.197785121888543 0.316484508522378 0.450149258196857
0.293427822600391 0.0541559926742919 0.348562727421545 0.303853457303771
0.0767029713147887 0.307415211366827 0.148440646324148 0.467441170994237
0.222456893671124 0.171481418028272 0.0778154588769088 0.528246229423695
0.273428276257224 0.407103284113271 0.0644762304356665 0.254992209193838
0.143159170029572 0.388069822618122 0.41121855603018 0.057552451322126
0.0897731258704531 0.314577446099997 0.158345909401737 0.437303518627813
0.36866154297891 0.252585905719297 0.00298701420523815 0.375765537096554
0.360040235349948 0.0261214606759017 0.48904879949333 0.124789504480821
0.258666624859591 0.165182970777776 0.239705273394689 0.336445130967944
0.150067862509108 0.200809633838326 0.365166329723422 0.283956173929143
0.312502352747384 0.313713136151617 0.091626723591525 0.282157787509475
0.512131614570332 0.242351239290505 0.237873032115585 0.00764411402357898
0.485652213420924 0.0240845101744414 0.115673888781076 0.374589387623559
0.409241661283761 0.260540109933209 0.0800697409754752 0.250148487807554
0.337866017708053 0.172289592172848 0.301082273266015 0.188762116853083
0.230939933293927 0.292327804987634 0.318810535608997 0.157921726109441
0.290859888482636 0.0961504962157857 0.249810194106442 0.363179421195136
0.234307729237353 0.288464609694715 0.0572478968033527 0.419979764264579
0.0151642631066827 0.031047616471121 0.501573216457772 0.452214903964424
0.325491331891726 0.30852487556013 0.340019871798192 0.025963920749952
0.30419804912804 0.172808355919394 0.295140697993091 0.227852896959474
0.255646870002707 0.169398901440012 0.0749024121305382 0.500051816426742
0.294808069974589 0.234254023033356 0.328996733414091 0.141941173577963
0.420123758194489 0.0907443689264583 0.439171720988912 0.0499601518901412
0.0182842545489347 0.283164318923904 0.353503882733932 0.345047543793229
0.104231364556652 0.26046146714652 0.386675461063954 0.248631707232873
0.109705054998432 0.325472514756727 0.376870962294004 0.187951467950837
0.103536843267862 0.0255317936308454 0.342244698524085 0.528686664577208
0.00801717278696218 0.511860412122978 0.456509048959855 0.0236133661302048
0.0430980507837 0.188611361173309 0.364823546585136 0.403467041457855
0.34242927224547 0.323487685833798 0.242766655535603 0.0913163863851293
0.611762257104448 0.23125965166545 0.0629944055428316 0.0939836856872706
0.25451948862185 0.183939859286256 0.363235873891561 0.198304778200333
0.467656639072069 0.0775290883672758 0.369216109215394 0.0855981633452612
0.0562182813231595 0.186595771689952 0.412884796977563 0.344301150009325
0.321286227732531 0.210660972569508 0.0931114079441394 0.374941391753822
0.314949225231631 0.231094873611816 0.0438388912377106 0.410117009918843
0.156324922357626 0.335329429553383 0.151292792308149 0.357052855780842
0.373064973555058 0.39642681538965 0.00183951669587601 0.228668694359416
0.0214292660002992 0.348345451181458 0.334703202784515 0.295522080033728
0.236625132871373 0.531184669052768 0.106460294920407 0.125729903155452
0.0695906621757096 0.359512542700256 0.30022914959127 0.270667645532764
0.328141752358889 0.236541564208418 0.102358999669588 0.332957683763106
0.501622738019641 0.0826025811804233 0.215649200381433 0.200125480418503
0.441345299210809 0.231384742941005 0.274358372525064 0.052911585323121
0.280396221452122 0.269825094801417 0.253358923966707 0.196419759779754
0.045951371047493 0.172341984846212 0.492865841070396 0.288840803035899
0.427130911493933 0.199636960531809 0.235488368669022 0.137743759305235
0.173458673459327 0.382393690594435 0.300081278119454 0.144066357826785
0.378131623876222 0.279821515880437 0.341005857694863 0.0010410025484777
0.24699912112872 0.119335004670442 0.493777160040429 0.139888714160409
0.101237869611122 0.516897127267363 0.303477364064048 0.078387639057466
0.212957252647432 0.391745822791854 0.0319905594187036 0.36330636514201
0.513997636004877 0.0326264454063341 0.185386748486509 0.267989170102279
0.195468484063132 0.156588512253932 0.430049007577226 0.217893996105711
0.123088800182199 0.16769379324911 0.458214381298702 0.251003025269989
0.280439424165251 0.0176854512924906 0.305049507495252 0.396825617047006
0.380687158663852 0.140330829154211 0.458059605078984 0.0209224071029529
0.336287447001005 0.0474148335145989 0.302449426225324 0.313848293259073
0.14880084372956 0.191003861544433 0.285751363727266 0.374443930998741
0.152953333238494 0.0153184915826519 0.423007026083046 0.408721149095808
0.191392903398345 0.00226264052063216 0.435977338412924 0.370367117668099
0.193668719242151 0.292673564620383 0.382128916050639 0.131528800086827
0.209720517645586 0.322866797191219 0.244920182891089 0.222492502272106
0.204502396644002 0.0845020249898453 0.404153842922055 0.306841735444098
0.189229091099395 0.296344419602671 0.3332479433696 0.181178545928334
0.421601466209338 0.0605676207353185 0.3757459032354 0.142085009819943
0.178747259591258 0.446607660473029 0.103712650097271 0.270932429838443
0.138968884837537 0.176607612828605 0.269660518305238 0.414762984028619
0.00473265808994593 0.168186785939918 0.475304181305748 0.351776374664388
0.23575086342204 0.210806257857267 0.352849463692606 0.200593415028087
0.375367665031836 0.389736474566959 0.232307327555914 0.00258853284529101
0.174794901997611 0.275403952152716 0.210080107044145 0.339721038805528
0.264431005099918 0.144787209856858 0.308233297638226 0.282548487404998
0.425214074824401 0.312357686427492 0.0102031153244662 0.252225123423641
0.0981373275771292 0.143165457425319 0.333211075056488 0.425486139941064
0.254761138746498 0.517153898111762 0.0195761688320295 0.20850879430971
0.320718607463096 0.0158170456301524 0.233377343301576 0.430087003605176
0.386671603952819 0.0786739891497073 0.0471071051849445 0.487547301712529
0.151599235233291 0.429412466110437 0.358342285641671 0.0606460130146001
0.347898685219852 0.208927529382984 0.282417686307414 0.16075609908975
0.363693881193594 0.244376999659369 0.31405402009132 0.0778750990557168
0.0373612460624146 0.365758301045137 0.218249159556917 0.378631293335531
0.17427902299679 0.369471615801293 0.272258739907648 0.183990621294269
0.0106586515457692 0.461482221077284 0.494542179689647 0.0333169476872992
0.268600690638866 0.442411902886934 0.0464528416883718 0.242534564785828
0.21191771582979 0.329799858423071 0.409661189718504 0.0486212360286344
0.394753796244742 0.151113976739185 0.398698688148095 0.0554335388679775
0.213243987855118 0.252173376883601 0.269861030707445 0.264721604553836
0.0778490975009029 0.000431027405170284 0.407792705283036 0.51392716981089
0.733620745345231 0.0621370661344582 0.0215932125457679 0.182648975974543
0.000295588227833299 0.224306787285902 0.420658690569876 0.354738933916389
0.206249199443445 0.0451327529677699 0.304199671941603 0.444418375647182
0.185158170473354 0.424669793088669 0.00192704536359605 0.388244991074382
0.333033550430118 0.113901249429022 0.163352826277932 0.389712373862927
0.150100293099759 0.360083913291906 0.144462402338232 0.345353391270102
0.135041469606698 0.296071799093591 0.357472388442589 0.211414342857122
0.175167193550742 0.286207748275367 0.253878300452572 0.284746757721319
0.273429401221237 0.213050779294676 0.287257162595483 0.226262656888604
0.256991622336888 0.170139830997821 0.274469954907595 0.298398591757697
0.314645492512408 0.288048548361728 0.357822072348024 0.039483886777839
0.31292150351094 0.323674507867529 0.154639150413014 0.208764838208517
0.313158014953188 0.221306818746924 0.149621111189898 0.31591405510999
0.337121204288834 0.21454360375338 0.0473946775498611 0.400940514407925
0.384425385962939 0.133709398848417 0.293103814641838 0.188761400546806
0.0661603618024159 0.182848165293229 0.329537475744127 0.421453997160228
0.388334576378455 0.306715496766603 0.242000563313046 0.0629493635418956
0.369535726209325 0.197361968371619 0.372528817423656 0.0605734879953998
0.324230180571804 0.277900812536176 0.130896084737991 0.266972922154029
0.177306070522584 0.646828704638995 0.152832696120869 0.0230325287175513
0.159664489945848 0.279384332119492 0.158655372127026 0.402295805807634
0.0547632875709001 0.492808365024295 0.43316298602584 0.0192653613789641
0.260511952223779 0.142803707146094 0.0951048647314587 0.501579475898668
0.263174128262434 0.328896635640316 0.304541029664574 0.103388206432676
0.411631297697509 0.0140708177008008 0.111258827736439 0.463039056865252
0.156368033563377 0.213360346787366 0.334275761172547 0.29599585847671
0.175805090262202 0.632720563143493 0.108812829656824 0.0826615169374822
0.191788636852879 0.400861663297487 0.366493723026898 0.0408559768227358
0.00179640941390787 0.159379019943503 0.471163322061201 0.367661248581388
0.0682979734856368 0.0568680067993335 0.448289980425807 0.426544039289223
0.300289972861901 0.299304088647923 0.298652023424376 0.101753915065799
0.303270683217425 0.319130453918965 0.0306299954466176 0.346968867416993
0.0407272628549822 0.0172721837010303 0.321252196299278 0.62074835714471
0.0756868623357746 0.393237999627257 0.204148278946939 0.326926859090029
0.0803546719628017 0.374865470003804 0.279797888357427 0.264981969675966
0.205858395297127 0.0763128115545294 0.248749455779518 0.469079337368826
0.221142724332867 0.145170477792527 0.54695512011119 0.0867316777634162
0.288277649265329 0.0825570336017618 0.57733035071161 0.0518349664212997
0.198095277685225 0.225748258278215 0.30732956116439 0.26882690287217
0.110627444501556 0.238349696794109 0.309149731916443 0.341873126787892
0.493259121854286 0.28063605805053 0.0466522922096545 0.179452527885529
0.199494680505105 0.219818954789726 0.226110216208326 0.354576148496842
0.0619897305570839 0.0487339507583569 0.651295498889216 0.237980819795343
0.530673468825604 0.290531654203429 0.136986061740675 0.0418088152302921
0.30117609205631 0.270439063937718 0.276664136264442 0.15172070774153
0.127283377685208 0.153325436412232 0.34182216503217 0.37756902087039
0.110438290871071 0.226509497022033 0.292853138568491 0.370199073538405
0.129538523771794 0.324980881961125 0.0232573018879033 0.522223292379178
0.421110848431196 0.0863993611130562 0.223357065831098 0.26913272462465
0.411316365895408 0.435167344579663 0.0373892796147648 0.116127009910165
0.155100570105586 0.0939882920754521 0.686767442032017 0.064143695786945
0.371824292544075 0.2741770269598 0.327044832982987 0.0269538475131378
0.186041683057381 0.118622325651427 0.43563321959328 0.259702771697912
0.31423921547692 0.35196997278312 0.132490940898778 0.201299870841182
0.265275319747212 0.56630486656698 0.0700380459990868 0.0983817676867206
0.0929260232860203 0.54345915163779 0.0958661383628521 0.267748686713338
0.0853926799710612 0.336511903730688 0.351789599406376 0.226305816891875
0.403309954545878 0.148558561356472 0.14729726426817 0.30083421982948
0.0788927920583169 0.463331124776179 0.0660620080379838 0.39171407512752
0.124251486630509 0.150289945913204 0.570195070129044 0.155263497327243
0.408129575949117 0.0039295212448182 0.0930343800052825 0.494906522800783
0.240414884189068 0.282958399063976 0.214310296373811 0.262316420373146
0.235402805673543 0.0814785988535748 0.417034933547006 0.266083661925877
0.33308145602067 0.307946901449167 0.320110837443415 0.0388608050867482
0.343934889868619 0.276002703493773 0.128333132596082 0.251729274041526
0.125962917600589 0.0788676152493707 0.196170017690036 0.598999449460004
0.0246236504797353 0.299248387912627 0.338199032376862 0.337928929230775
0.246372587353494 0.333067682792842 0.0908468846738731 0.329712845179791
0.127537024533403 0.377614987153719 0.447931770341591 0.0469162179712865
0.331079130022188 0.358704344951181 0.309700166396823 0.000516358629808279
0.548329677923671 0.0993175699949566 0.0360012614278519 0.31635149065352
0.343638681685699 0.339845035012005 0.25891733145855 0.0575989518437459
0.27025012011312 0.48106774797091 0.00454470176701486 0.244137430148955
0.154534350028978 0.25974736390394 0.404641531716697 0.181076754350385
0.163125171055212 0.216282056595813 0.361115210415271 0.259477561933704
0.614097353415913 0.237839257297294 0.0319151851450545 0.116148204141739
0.192819308410638 0.130487575891177 0.501823047348067 0.174870068350118
0.166796253012521 0.0768920216627232 0.373933668778426 0.38237805654633
0.274746311407348 0.465706248942679 0.149997207478193 0.109550232171781
0.299085153206189 0.205021705044736 0.166626910894414 0.329266230854661
0.336223474880706 0.279322698591946 0.305201531686776 0.079252294840572
0.247366933234154 0.173544165686816 0.0414446102650462 0.537644290813984
0.124182705261545 0.286153487354722 0.431739659633617 0.157924147750116
0.121845738282105 0.393664388100797 0.334561919692363 0.149927953924734
0.11950846618969 0.277106951076183 0.447153504056228 0.156231078677899
0.238541313739243 0.242101377549888 0.171056316151033 0.348300992559837
0.14430815891504 0.243334339278532 0.509808318156848 0.10254918364958
0.087979548409165 0.661122331687192 0.219098299429619 0.0317998204740244
0.392918270893155 0.073494766209466 0.292008622093421 0.241578340803959
0.128807962633479 0.193193444303563 0.397095833325762 0.280902759737195
0.205725875869731 0.194643846678529 0.298398656933874 0.301231620517865
0.101948342022178 0.00495178608976553 0.43172835392979 0.461371517958267
0.19793024417888 0.102959347338913 0.211739241474216 0.487371167007992
0.0644876537362869 0.27880903624517 0.384697875153216 0.272005434865327
0.333043868279412 0.332980911838657 0.118204189431055 0.215771030450877
0.148468835276614 0.211449390628894 0.355667118091848 0.284414656002644
0.375477647809295 0.0999999011725249 0.0805701619248116 0.443952289093368
0.163371544790507 0.506705277883748 0.134182559867765 0.195740617457979
0.174789930663051 0.224661065414446 0.307129392201477 0.293419611721026
0.468833637840876 0.0627618950302042 0.188444631600638 0.279959835528282
0.267857222510313 0.132718921646883 0.175135040495331 0.424288815347473
0.345166200294567 0.48087530581716 0.118699846722226 0.0552586471660468
0.265138932398962 0.281416657195302 0.243679079454991 0.209765330950745
0.317631425279002 0.508949116657246 0.0623485039784233 0.111070954085329
0.258885068200092 0.29617119828477 0.29774032668829 0.147203406826849
0.130840619903492 0.347747751640073 0.28076163408988 0.240649994366554
0.480481305374313 0.434834948395241 0.0169596629020796 0.0677240833283664
0.204552364461386 0.253354953144082 0.359924253650212 0.182168428744321
0.311274727644078 0.209953408943273 0.316672219273027 0.162099644139622
0.49156039936172 0.331378863888186 0.158921663413033 0.018139073337062
0.269031875908908 0.120553326323758 0.307488015586356 0.302926782180977
0.235386427757395 0.0173255462997229 0.377910213501792 0.36937781244109
0.0992967456528297 0.629429348839122 0.164804922961541 0.106468982546507
0.412262925779444 0.247660738622441 0.200970097525031 0.139106238073084
0.198709230851004 0.222975341582243 0.457913668934818 0.120401758631935
0.300395810997032 0.411966531390894 0.141053872312289 0.146583785299785
0.478188607838728 0.378706527288893 0.0907006460623861 0.052404218809993
0.134463930004224 0.352381556260705 0.276846781140586 0.236307732594485
0.333449767654331 0.0128027764861409 0.316157967851023 0.337589488008505
0.16416694541488 0.0811728351015571 0.00180496948247395 0.752855250001089
0.124169219026023 0.149159383559511 0.261413586190235 0.465257811224231
0.269565622407086 0.170198389384326 0.377352984769703 0.182883003438885
0.300508585091066 0.0333978006147978 0.329139620871002 0.336953993423134
0.0993002325705909 0.0253123042278576 0.317187687728045 0.558199775473506
0.304627726290394 0.201395599148929 0.269278697282996 0.224697977277681
0.346484783947258 0.349277098081501 0.213357366859326 0.090880751111914
0.0239731301896304 0.482969200829186 0.180711345089438 0.312346323891746
0.195051203178132 0.181432839192035 0.573320387432731 0.0501955701971026
0.343056616729338 0.235501969834282 0.0252797503592638 0.396161663077116
0.36140208511671 0.0256597631537677 0.412250455748325 0.200687695981197
0.188369486312467 0.256018066624672 0.152231278945523 0.403381168117337
0.409724114843556 0.0838939425147417 0.397341647968313 0.10904029467339
0.564945465809702 0.00816034222226816 0.412469038018447 0.0144251539495823
0.244699180336211 0.304728521139705 0.0647414237497858 0.385830874774298
0.336406882496764 0.061778311259468 0.344180743693011 0.257634062550757
0.0637512775252732 0.37530950672558 0.389060591453128 0.171878624296019
0.187736588318158 0.261989984613835 0.312096174139136 0.238177252928871
0.0427393720383294 0.360194054842705 0.277468466081969 0.319598107036996
0.32785471418908 0.247771529702816 0.241913946970654 0.18245980913745
0.1710900089365 0.108619405616475 0.513809591295 0.206480994152025
0.088038803670068 0.157462841000074 0.460241650507985 0.294256704821874
0.00176591686711468 0.417441229690452 0.376423065312292 0.204369788130142
0.335714794610952 0.397496566815981 0.119276344254775 0.147512294318292
0.313791314296726 0.166799029447833 0.235401999692784 0.284007656562657
0.252696122319198 0.0763902109638523 0.392516546318526 0.278397120398423
0.386304429775039 0.358815365382373 0.0817417696715973 0.173138435170991
0.0734177394068296 0.0621794739668559 0.213555127667631 0.650847658958684
0.251262509781619 0.301825091668372 0.253350712807228 0.193561685742781
0.354552665313047 0.0239063545412663 0.13484314305309 0.486697837092597
0.452408243535341 0.156162275198957 0.135495328304166 0.255934152961536
0.314596501202803 0.193193988135072 0.373843505655982 0.118366005006143
0.126131311722367 0.241824973954667 0.405464005441614 0.226579708881352
0.251361778963051 0.333468843359829 0.396596832422769 0.0185725452543507
0.185882795161303 0.272765267256816 0.14733593546603 0.394016002115851
0.00724778179433262 0.415025765761382 0.207482094077553 0.370244358366733
0.0185750968627987 0.666706934756412 0.119904197087631 0.194813771293158
0.60932338530159 0.0582728085970817 0.14602269551386 0.186381110587468
0.091896554265221 0.113389254383259 0.417647581002437 0.377066610349083
0.154285469925648 0.155251568327025 0.28969441249526 0.400768549252068
0.193241130078272 0.271260726410707 0.0525298292873288 0.482968314223692
0.302448245317414 0.123986074476024 0.311882254005001 0.261683426201561
0.247462819283703 0.468950948055598 0.244882583652685 0.0387036490080131
0.355425769587124 0.215335859710863 0.271936544352509 0.157301826349505
0.146859555078208 0.120022409512592 0.426797539571112 0.306320495838087
0.0697754972813033 0.0532182387147528 0.331017918290269 0.545988345713675
0.122146525544168 0.36129114055911 0.356911135449599 0.159651198447123
0.0148598012704069 0.411149360268897 0.450646713245717 0.123344125214979
0.141382092477483 0.168447692917568 0.537607002596301 0.152563212008648
0.373549554649884 0.127568809163468 0.154333265271135 0.344548370915512
0.00895285565598209 0.26078070631784 0.360978928042635 0.369287509983542
0.164986047136547 0.231043120987533 0.307264857465095 0.296705974410826
0.34368849386231 0.302642687981633 0.28662718795541 0.0670416302006472
0.176864837266835 0.480468498555387 0.17344972190595 0.169216942271829
0.228880563655491 0.307700942197083 0.0172731117269167 0.44614538242051
0.134263992453399 0.207488996891592 0.0327692477698112 0.625477762885199
0.272913999334301 0.437963877175068 0.172328639495409 0.116793483995222
0.469302760501428 0.119581806785904 0.151927355941148 0.25918807677152
0.212986812311711 0.216740799632169 0.481898236782384 0.088374151273736
0.396590026866506 0.349284765055011 0.146992949226626 0.107132258851857
0.0163858294285625 0.443152350868746 0.483992956004555 0.0564688636981367
0.289331691624277 0.238202814052739 0.29599257664375 0.176472917679234
0.231244685220245 0.137046932393795 0.301352142151058 0.330356240234901
0.0705816798967224 0.314172404492093 0.401087734091315 0.214158181519869
0.224156244326493 0.26962579532465 0.437314371854173 0.0689035884946834
0.184504057335849 0.0838835975511195 0.532993930483073 0.198618414629958
0.258173784783852 0.517260419807118 0.149309888480531 0.0752559069284994
0.393995084068272 0.0877142383696142 0.176547202580791 0.341743474981324
0.386107811776487 0.273902211820903 0.285619187111693 0.0543707892909171
0.342651227830848 0.0864182324487105 0.569930406751102 0.00100013296933921
0.234908254447939 0.224432392218684 0.513412757671991 0.0272465956613856
0.200606701831251 0.278337937104221 0.173757686617209 0.347297674447319
0.0326644825454741 0.000717739625696191 0.429436245419045 0.537181532409785
0.496263981966773 0.15335166527484 0.0452443317191541 0.305140021039233
0.270811244111886 0.0967962816441284 0.29274910974612 0.339643364497866
0.269339362424236 0.276267043329945 0.217029061880783 0.237364532365036
0.19501522879345 0.339452469104138 0.0773905576036432 0.388141744498769
0.21374712208045 0.000621082761386224 0.230829789584668 0.554802005573496
0.252885078964519 0.339844977050689 0.212650246038406 0.194619697946385
0.280580119682445 0.392773827807182 0.128753988327094 0.19789206418328
0.287378148969377 0.278020519122381 0.249535501010151 0.185065830898092
0.272568522412957 0.1916407114963 0.311332254288721 0.224458511802023
0.290589702870659 0.415774117056769 0.010718390282786 0.282917789789786
0.310941564475244 0.357379735879793 0.231370514157434 0.100308185487529
0.187657892765849 0.296229026148228 0.336965477221931 0.179147603863991
0.0628997444584468 0.0969917644522608 0.319700208025832 0.520408283063461
0.195931828762799 0.305367796502715 0.358745575290723 0.139954799443762
0.370206272346756 0.175742307277208 0.196540410139837 0.257511010236199
0.22586173258697 0.381869200776661 0.0913304381053587 0.300938628531011
0.0755105807560512 0.268118099833155 0.299092272055482 0.357279047355312
0.244831266434365 0.0197041544002298 0.449022898851137 0.286441680314268
0.365179286984033 0.00903013087626389 0.324324140598219 0.301466441541484
0.146483606674829 0.409197411801444 0.178283489233708 0.266035492290019
0.367962174464807 0.0712398827673014 0.155219958348574 0.405577984419317
0.210610504102622 0.17208730537075 0.258948519644508 0.35835367088212
0.291026625078099 0.26507810612172 0.253076716604764 0.190818552195417
0.269771232394516 0.17522385042424 0.394034609413302 0.160970307767942
0.293494702411673 0.341968205621899 0.171903983281835 0.192633108684593
0.100017555319582 0.140738261979037 0.251975716102518 0.507268466598864
0.109196328269343 0.263307873394733 0.38544683648407 0.242048961851854
0.275034650180132 0.182186256379821 0.253665108815443 0.289113984624605
0.429663808760339 0.152666297252147 0.229101635438252 0.188568258549261
0.0763754606759047 0.135686598868821 0.601577556931992 0.186360383523283
0.0150143080627456 0.275415340654513 0.329046222908541 0.3805241283742
0.31218133756873 0.212160887491086 0.162647103059015 0.31301067188117
0.342446828816909 0.342703146977509 0.268489468278204 0.0463605559273783
0.0747476729044912 0.341373850778427 0.17243999255179 0.411438483765291
0.255666737383101 0.0622277027220089 0.321069042281613 0.361036517613277
0.211857462511166 0.0591062033876854 0.426585975277309 0.302450358823839
0.584946090816603 0.107169425702278 0.0664099714338064 0.241474512047312
0.124974507877174 0.120337823436319 0.151436472597018 0.603251196089489
0.110947570675745 0.378453806770681 0.300629650350217 0.209968972203356
0.138538517460363 0.333197160564692 0.196642037025405 0.33162228494954
0.420198138095883 0.210590647868261 0.200805798966268 0.168405415069588
0.268126912477053 0.0308414500186739 0.303352934288553 0.39767870321572
0.328964515826162 0.0447958657917195 0.29700862997967 0.329230988402449
0.281074777366663 0.428315754293425 0.129019869443337 0.161589598896575
0.108151832434456 0.0204262193715476 0.139192009221429 0.732229938972567
0.0447645986076448 0.172099369434289 0.382320948654024 0.400815083304042
0.166950113653296 0.455823706206474 0.345231208309791 0.0319949718304389
0.31847115870563 0.220064232838138 0.334306979666286 0.127157628789946
0.415142003016996 0.328840434100614 0.0521450114996308 0.203872551382759
0.285971226515175 0.265444866345483 0.0596307797748531 0.388953127364488
0.440948763453358 0.0899871004995853 0.380408824157177 0.0886553118898791
0.265112845672311 0.137179144941179 0.222312790095971 0.37539521929054
0.245114874199107 0.344123563054886 0.280995871927219 0.129765690818789
0.0576787247536373 0.244051570984155 0.301207142914098 0.39706256134811
0.401655064143516 0.109559350982308 0.391512269993496 0.0972733148806803
0.0934187674436525 0.33428775569026 0.441637419592599 0.130656057273489
0.186080588085874 0.305274515656419 0.345375629407437 0.16326926685027
0.369966164385781 0.228045144196607 0.185663109538377 0.216325581879234
0.286428555366504 0.160472576668968 0.367189908114333 0.185908959850195
0.0733273283001242 0.217724496685041 0.0208924555213961 0.688055719493439
0.118053754480081 0.318643816527388 0.310235781577664 0.253066647414867
0.280713622612016 0.0743596655063305 0.315423250019589 0.329503461862064
0.336751303096987 0.302906342365133 0.113912485002154 0.246429869535725
0.00629354797568666 0.153458714079237 0.713169824175717 0.127077913769359
0.00491437166089865 0.225843114125389 0.356934497167434 0.412308017046278
0.0649152936335633 0.366796784920926 0.365639370586097 0.202648550859414
0.270636190610832 0.329925675119957 0.239318161855261 0.160119972413949
0.135229226197263 0.163694998668221 0.394492512137128 0.306583262997388
0.204714694820439 0.0597915464643738 0.28027644197043 0.455217316744757
0.00393306779409813 0.439049927441541 0.555436423774676 0.00158058098968496
0.165253539888563 0.322312214173915 0.475977194729073 0.0364570512084491
0.387352018147325 0.349577251529797 0.169897064452506 0.0931736658703724
0.00708500963526624 0.032568297355711 0.550069079563707 0.410277613445315
0.406612268875475 0.250394475558901 0.0953933582600822 0.247599897305542
0.370952151362207 0.382062563791862 0.103195704080813 0.143789580765117
0.0310500475691789 0.240619136339631 0.359820457762829 0.368510358328361
0.309178159843451 0.0489563274216206 0.258616308516562 0.383249204218367
0.164285036615357 0.207082960104437 0.314470975111758 0.314161028168448
0.0565469023309853 0.316603722685011 0.318376005240677 0.308473369743327
0.220307947687184 0.24706036840387 0.276903503036459 0.255728180872487
0.361129655452483 0.0993539754203372 0.292355716062314 0.247160653064866
0.363662411609867 0.0147223956112588 0.116060996480137 0.505554196298738
0.279104896644735 0.183057979461819 0.0714000138917035 0.466437110001742
0.198065020127938 0.212874745411277 0.29365386204848 0.295406372412305
0.0961533940533592 0.385693003848446 0.267056349978054 0.25109725212014
0.558313763503518 0.295183143000419 0.0454347336019115 0.101068359894151
0.00556889488554131 0.120320253632343 0.417560155057614 0.456550696424502
0.219121070526548 0.184408197371244 0.192613278984509 0.403857453117699
0.0449214482317862 0.174491309555183 0.387661347912447 0.392925894300583
0.521056603520978 0.246330557300017 0.0711138062004004 0.161499032978604
0.216003971391238 0.237766579753059 0.265958580941687 0.280270867914017
0.315285547423605 0.333516565561861 0.253328155151877 0.0978697318626565
0.12507815311307 0.0474904428087353 0.408320538520342 0.419110865557853
0.407855829407907 0.0539181137101498 0.178692067653336 0.359533989228607
0.302466149622876 0.217820928976804 0.176435145707748 0.303277775692572
0.203255005493333 0.0593978252063495 0.227771693643694 0.509575475656623
0.0912726936835065 0.240017939842419 0.0633646532311148 0.60534471324296
0.219716045306371 0.277854277503023 0.201536007763758 0.300893669426848
0.397198352374855 0.246603911762855 0.0623133307325067 0.293884405129784
0.0957225774047921 0.401087600314397 0.172979219718472 0.330210602562339
0.172055888246499 0.351560995149532 0.230652647541452 0.245730469062517
0.025188770964274 0.351281245830316 0.285977366675921 0.337552616529489
0.173310846018399 0.397912265189575 0.0180504694131848 0.410726419378841
0.530195932748005 0.0712172598342952 0.375686503082802 0.0229003043348975
0.0459385114414863 0.311333511858771 0.434062818154806 0.208665158544936
0.548503621108561 0.0132212210571534 0.309407306847854 0.128867850986432
0.117748723925228 0.352898373529999 0.322523845525896 0.206829057018877
0.184389567071249 0.230926869039468 0.507531355539849 0.077152208349433
0.193260628513505 0.146614409340191 0.286681171098678 0.373443791047625
0.00155324529305377 0.183307911841935 0.486303515969281 0.32883532689573
0.480755856938165 0.00808295847665947 0.412117848895913 0.0990433356892619
0.0301700265838754 0.403478683534022 0.384217319503027 0.182133970379076
0.11950667687922 0.14214536373401 0.529822662121835 0.208525297264934
0.478442953606679 0.0732919868231631 0.310708869563712 0.137556190006446
0.614248613223784 0.0913499876690851 0.0712083562595891 0.223193042847542
0.322595215256024 0.094244097352397 0.428856798278334 0.154303889113245
0.42870532380155 0.162235068744704 0.262760436240132 0.146299171213614
0.373030660053705 0.132021438784338 0.238214042577276 0.256733858584681
0.340958122880957 0.13541882368095 0.210595000490027 0.313028052948066
0.352788888358208 0.0578560536526455 0.16387885617199 0.425476201817157
0.0416140304850101 0.235128303312498 0.280589573393227 0.442668092809265
0.401972573507714 0.0700685903042606 0.338112985015655 0.189845851172371
0.26169851686253 0.122771030904457 0.312287188298964 0.303243263934049
0.0161255482178413 0.404159943383066 0.521840547039198 0.0578739613598944
0.159038943296237 0.0928063829873148 0.111101119225744 0.637053554490704
0.0860704718071059 0.170108417757327 0.133724091726413 0.610097018709155
0.490258064072745 0.00567113916349407 0.46054503647343 0.0435257602903309
0.118604780608083 0.371774758967423 0.173955369008476 0.335665091416018
0.21841866244339 0.366675142055933 0.0620177942302096 0.352888401270468
0.18936782592048 0.43469579772988 0.323007373556214 0.0529290027934263
0.133263530175995 0.456393712439487 0.363731734333126 0.0466110230513913
0.152401303104616 0.636557541239095 0.0150466384368161 0.195994517219474
0.0321475142831773 0.394611304375918 0.423643124661828 0.149598056679077
0.0720345854383352 0.673536401099772 0.0733383606429354 0.181090652818957
0.469874715510517 0.208280544201333 0.209737324742813 0.112107415545337
0.279809404384703 0.319340700280184 0.277592619754858 0.123257275580255
0.504802228277409 0.123636268219399 0.0207722949897584 0.350789208513433
0.168526294762249 0.265633314440283 0.205055766181161 0.360784624616307
