0.0983017236468923 0.187200477221733 0.0253420668047831 0.100226336550637 0.126233524490196 0.0575427156128348 0.0630115171439007 0.194487263092643 0.044446751721794 0.103207623714586
0.0704945896854855 0.152847655179184 0.077479199421188 0.00800562229822749 0.0889117653966437 0.109990694960567 0.0279970773023799 0.151369141440545 0.294709852774139 0.0181944015416404
0.0696907751517752 0.151977623104512 0.177963963666683 0.0762064580738483 0.082635141721215 0.154887670070388 0.0562586014148231 0.0582659178732849 0.11681166115111 0.0553021877723605
0.122859017578813 0.114625059356604 0.0366599237158453 0.121337877201766 0.0978971373384022 0.116994197484069 0.122024669177126 0.119301985447642 0.0678675465633676 0.0804325861363639
0.0121063635468616 0.109524500588285 0.143632382065779 0.0108699366320018 0.150466890880472 0.0505814098523033 0.118153181039009 0.11480150494612 0.132294621841929 0.15756920860724
0.0898340148619141 0.0183312073368822 0.151768467038832 0.147973925605065 0.0864202834311533 0.101894553378982 0.0122635085003801 0.102814651987142 0.140412095787136 0.148287292072513
0.189740359752744 0.0767508242383348 0.00784373079894612 0.00207842932548855 0.208965748201428 0.0017040652424526 0.133763135491227 0.245391249152442 0.116221131136442 0.0175413266604951
0.0257312713232547 0.172544007634318 0.00626986728379828 0.105144146248848 0.0818496162618941 0.206182604784132 0.212475961394845 0.07643930274927 0.0545651375654509 0.0587980847541891
0.131300644889237 0.00815156369364077 0.174791277830232 0.0561384704636135 0.208313488979249 0.0844729153474878 0.0539740080402553 0.0960917724277053 0.10620461955047 0.0805612387781091
0.0619559648710181 0.0598299793838323 0.0537629879528462 0.141770313468908 0.140318085605287 0.0756619470928868 0.133450039894983 0.0428167375159292 0.15936735990041 0.1310665843139
0.0854369153348916 0.170286976987658 0.192127863212794 0.0856251355193516 0.0389159066064313 0.0814669620952315 0.00698690336739559 0.102860184697386 0.059139972355237 0.177153179823624
0.205547520032384 0.0179748039221424 0.0162865050732911 0.0507827754987417 0.129606412884898 0.0958520197638207 0.00339712762517092 0.185365200716124 0.117830770530439 0.177356863952988
0.11130862012936 0.0400848560720203 0.181472992155477 0.154689191967572 0.14497551145103 0.0231718526213528 0.0712123875226267 0.0354481797558529 0.0896649594740949 0.147971448850614
0.0259026244705208 0.1398035962917 0.171689398057998 0.12034002427098 0.0740132200338715 0.136566681365151 0.0927819835834993 0.0126436109272318 0.0972042633636517 0.129054597635397
0.063240699994701 0.210779643179357 0.184857093893221 0.000209650366742371 0.120323718655617 0.0511127484238307 0.058364939450982 0.121988769596249 0.0294798708214272 0.159642865617873
0.0337639968188127 0.0403775278596724 0.106094594800249 0.161699469858943 0.166783159791589 0.141250174664009 0.146406335527807 0.0392249928220293 0.00272995225178074 0.161669795605108
0.145123165510702 0.0553523132114602 0.112739577444478 0.181507254967261 0.0800126811228682 0.130141019259402 0.0563417727391608 0.140710184790815 0.0214754981833239 0.0765965327705281
0.13658650530344 0.0549296196618708 0.0041173594404015 0.105139542196535 0.17293964624899 0.0891525939163042 0.0757992081479016 0.167949051970991 0.0208600704295756 0.172526402683989
0.125424545864253 0.0200289809011563 0.130458532527674 0.15776796392583 0.0130320727908183 0.104111148858323 0.0385513707307698 0.178626406937154 0.124478983125455 0.107519994338566
0.179736317976238 0.0704307147393136 0.0682903403809664 0.12231822189174 0.204522342983231 0.0326829754952096 0.188408630545259 0.09455691667638 0.0176689329001147 0.0213846064115474
0.0964843633113895 0.171347308612421 0.019321149767667 0.134820536221082 0.178611113221011 0.025594216381125 0.0935038643439969 0.04214648140879 0.061122614503919 0.177048352228599
0.0735602031267093 0.0808974029699213 0.198177421216225 0.188907839560718 0.0195965628502233 0.199729459840639 0.000225766532364776 0.0966617760195938 0.106003744673246 0.0362398232103594
0.110274524814327 0.0515854554614429 0.153253892230424 0.0958184110979555 0.12828745820753 0.141205265855335 0.0160340555200081 0.13660225797683 0.0286646261934143 0.138274052642733
0.0753016982138904 0.0404766315684961 0.0166508105231129 0.0786527752315489 0.138040038582064 0.0956774461260968 0.183268281086199 0.0552153048742754 0.150964533243819 0.165752480550498
0.0580710648538793 0.108406743107348 0.0622116871269618 0.0829946491728526 0.208088766263456 0.0144356795513403 0.0324115328148221 0.249890817483046 0.137721546541709 0.0457675130845855
0.0408590739366734 0.0602348473014912 0.236261128360045 0.016366643377147 0.107176108852041 0.0768211463272825 0.00746006702050839 0.0198146008442179 0.195633660451436 0.239372723529157
0.0291683086617824 0.0935959190903646 0.199071907095348 0.110094661127501 0.139491014212131 0.190155722750178 0.0455386512145499 0.109261126891076 0.00380541405372655 0.0798172749033426
0.0721410610969248 0.185180600590906 0.15986097396279 0.157315104197575 0.0252379395945486 0.179394759107046 0.0231783424868734 0.0183421343101901 0.0287670244167502 0.150582060236396
0.137200640331119 0.0368207056860981 0.129766388785018 0.201647990458876 0.00592242272842353 0.194911017264264 0.00558600459169593 0.0042835711160183 0.21796492994898 0.0658963290895073
0.186123966422102 0.085108733295938 0.125272170176965 0.0190943092929827 0.0927428638184719 0.0781170176688164 0.123742564406026 0.116710639986663 0.13692484714808 0.0361628877839548
0.106907830274048 0.131546155471134 0.0674272753163553 0.034883166211575 0.0413718287729172 0.111377121940215 0.169383955368757 0.0658312070786689 0.0843152290607242 0.186956230505605
0.152713295739273 0.0216720401850031 0.129750484152049 0.0262208233608836 0.076570446295585 0.188824683209127 0.0237789251479779 0.0693619229291708 0.14914117260228 0.16196620637865
0.0585117364142339 0.00611009625953338 0.125858268288232 0.124253659667112 0.0453861800176094 0.0915724719913117 0.198143397915762 0.139102575368348 0.0529149598980665 0.158146654179792
0.0962653205773532 0.124542327864307 0.0433235957580912 0.00265236115012574 0.196321332225078 0.125764262309307 0.0658371577562329 0.00513090766472353 0.230553189264472 0.109609545430309
0.0303296276703471 0.0393815974043655 0.183398904125747 0.0737893060514899 0.00553263930464277 0.0803453816486586 0.226853437839661 0.134919729763116 0.00127121071333821 0.224178165478635
0.0154728740360552 0.0647040333815777 0.0741766520250753 0.159115517032193 0.162023803451062 0.0548608900660909 0.158815685446769 0.0671938381011139 0.148348364774217 0.0952883416858461
0.0445130929706337 0.0738237517142354 0.129668595926715 0.0510656015664191 0.144664270883618 0.0918529965384005 0.0525446180652035 0.161613884795982 0.11314943201062 0.137103755528172
0.14953742560342 0.147816136837894 0.0507884699212657 0.0634115226744779 0.107366812092548 0.0701656378154839 0.158684166323167 0.0361009628457187 0.146212881154769 0.0699159847312559
0.0902686078541436 0.0931519309094316 0.18097346918452 0.153685963945711 0.00789893878097814 0.0458686971710936 0.11811228102148 0.0582794556538835 0.0656455016896816 0.186115153789077
0.150065358153049 0.0767704418416799 0.142434463899334 0.179735118059097 0.160721134654066 0.0794065714553623 0.0466844907593259 0.00155567159274433 0.0758729475502226 0.0867538020351193
0.0725477299136895 0.0970069290563292 0.180935963523117 0.180057805505079 0.0942127555493726 0.0330582680421186 0.123867281440827 0.107977889383429 0.069411131271599 0.0409242463144383
0.0856226267866478 0.191710787304855 0.0205855847632814 0.183988888963056 0.0158653321014721 0.191660332665384 0.158105928620855 0.0583058641717854 0.00772523786465202 0.0864294167580111
0.0528194651403426 0.0132656416763013 0.121238021484531 0.108651922702147 0.221395903315765 0.0871786215437234 0.0488715552299412 0.145176694354775 0.000338044763448034 0.201064129789025
0.139059607257168 0.15244428449046 0.148953970326521 0.0749946023610709 0.14483967061184 0.0816451662711292 0.0756477610607391 0.0406156496242591 0.00490779095818249 0.136891497038631
0.134747603579553 0.0854264579547481 0.17513786572147 0.0177881068697651 0.126696070038733 0.079115749866685 0.0797797183451512 0.0596714853598154 0.179759343960649 0.0618775983034298
0.0478894665733121 0.0136578211425902 0.121033833651314 0.114035948712948 0.138224646188817 0.0239806913595131 0.125300781097867 0.122483339953676 0.167691192566117 0.125702278753847
0.140411627847283 0.0490963911527383 0.0716329945865237 0.0322474345915026 0.10305435890002 0.0455365558427107 0.147687742963053 0.154914991159664 0.0957661321004538 0.159651770856052
0.0867767467846599 0.13608244260869 0.17389208877961 0.141494924841191 0.0179239967512034 0.00687571995069965 0.153726702373263 0.00399916045933001 0.141276401185991 0.137951816265361
0.0743764852847144 0.0155631335194927 0.00291072887114643 0.156912490269013 0.193131397909349 0.137670861912478 0.112559151915773 0.0840544456999025 0.144157345982569 0.0786639586355621
0.13809342967594 0.0263406719762398 0.108390863842234 0.17043802776054 0.153682207020833 0.137833810170586 0.112170859957696 0.0455909619847304 0.0202869697150782 0.087172197896123
0.075972537337962 0.0165003984522562 0.203350020585231 0.0704187678515798 0.00518802111925853 0.108360287959364 0.24199415884548 0.00881057775931051 0.111814765561128 0.15759046452843
0.068091099404133 0.169931877159956 0.187880072965253 0.17002463391435 0.00289089405957117 0.0935224250399383 0.167029685835604 0.0765794976138132 0.0414747344515526 0.0225750795558287
0.0984456078668659 0.0932637590688592 0.149106348644214 0.0755827749490121 0.0427986645364446 0.163960002570763 0.0991034550060171 0.0169812603537429 0.0421014346173127 0.218656692386768
0.02522132863763 0.0401823790764991 0.118546733907301 0.110793692924493 0.0847352356858101 0.0735826307984258 0.174304887190571 0.173466201858634 0.159845987807542 0.0393209221130935
0.20546217046894 0.00448802596537889 0.0373032133527278 0.0280143988206403 0.160780220473828 0.182576625994641 0.0343073044990691 0.143776482687002 0.177857710540871 0.0254338471969012
0.0180773062545895 0.176743209337819 0.0623784597900033 0.0570355229748529 0.0838663937593778 0.132451961702391 0.157521349630657 0.125692528262859 0.168056421121287 0.0181768471661633
0.0970873579338763 0.150375697471914 0.0393880085026353 0.109378749251881 0.134127272536494 0.0961084344985313 0.129207561067717 0.0369016373907433 0.115154281589572 0.0922709997566366
0.138520599799717 0.0699338789846386 0.161662342292185 0.138846693689975 0.00619955351626664 0.0191488023233823 0.165558657404703 0.163257235590937 0.125151277942105 0.0117209584560912
0.0525487315110489 0.00160325853395601 0.106011520631984 0.0184819859077598 0.156317222368474 0.155659391967426 0.0706669359145498 0.206366268509815 0.0367562557464659 0.195588428908521
0.0263370926787467 0.041954976308458 0.158700838472709 0.124338689456914 0.249832366454919 0.0441074018884354 0.028589065044278 0.0799278886076882 0.0352943044011433 0.210917376686708
0.0409492735652109 0.123800998530274 0.116695656058233 0.0205716483513043 0.119971800788227 0.113494869126566 0.0644914505649133 0.168758677417327 0.0799604291374682 0.151305196460476
0.094792290911144 0.0305774745674586 0.120639296326986 0.196666718444012 0.0108385976617763 0.0319164514610418 0.139112542478819 0.227102958417937 0.0250905481207239 0.123263121610102
0.144097406954361 0.149342043528589 0.018358601492912 0.173420936483568 0.0711455246388119 0.134988960117001 0.00228036227890003 0.051684340160703 0.137585648683072 0.117096175662081
0.105249061771501 0.0461968015050527 0.121355316538872 0.171005616125312 0.0568339186260178 0.0870888313737374 0.101417910803438 0.169693210501018 0.0415161817957965 0.0996431509592538
0.176187343541629 0.100101112504469 0.137561573562005 0.0288174705243286 0.0995391461032843 0.026474890309824 0.00541930597435847 0.187805158056047 0.178366257008654 0.0597277424154006
0.20886909330774 0.117291847364289 0.161641089585939 0.141680952904811 0.0055821206228983 0.0853840210362016 0.0236567911113591 0.0226860855370595 0.11572371044092 0.117484288088783
0.0948705131078056 0.1719896064659 0.0499094284940827 0.111225888358169 0.199996987139825 0.181825002416869 0.0807630313709968 0.0432991392139536 0.0279904073430529 0.0381299960893446
0.0761798986596062 0.0791594345021811 0.109337666007426 0.114893515932822 0.126989850870931 0.0626996212296523 0.0954097205320362 0.113101611891707 0.12920969670971 0.0930189836639285
0.0861812190346198 0.164680730386735 0.19189436144714 0.0995812876613465 0.0594794202293279 0.0365208826123089 0.141164856283263 0.022664527038442 0.0269623440230587 0.170870371283758
0.119366575701678 0.0364564279120914 0.141885076416598 0.0166152993699364 0.0588736882050817 0.173113585775312 0.113604933619221 0.0785131159723463 0.130885646941968 0.130685650085767
0.0754366150758266 0.0374692273664131 0.0610747050454234 0.0897153957396883 0.163949325490303 0.170588929758136 0.116992903152434 0.157562162184455 0.0434196140353792 0.0837911221519401
0.153045085579006 0.0341008295270336 0.023415502452018 0.107926471495089 0.175187532108059 0.121320386398136 0.118605972911605 0.151953151160444 0.0786959762475221 0.0357490921210861
0.10476405152687 0.138647603897961 0.114440443507916 0.00542717083034241 0.139362934868466 0.0902081680966885 0.0623913516510697 0.123477919585121 0.109747134456436 0.111533221579129
0.122844120405732 0.0667050738713989 0.115678808078526 0.17901438271592 0.131889566876876 0.00382707561425049 0.0626384862673686 0.170988502447733 0.0457899968196624 0.100623986902532
0.0774249447522838 0.0368304406956482 0.0690720885138891 0.0551610816723662 0.0452002956740698 0.122758971641862 0.172721286484199 0.141297871866772 0.169239175508485 0.110293843190425
0.211952355791013 0.0351187178064265 0.0419920743552004 0.059157640174521 0.00248934859287697 0.102011461520087 0.211431939158658 0.118835015406494 0.152657870703102 0.0643535764916209
0.0417305224479702 0.170416884080527 0.221458327544685 0.0634325888814779 0.029032939636352 0.137795210062079 1.15349015514555e-05 0.108343421233306 0.219662943811865 0.00811562740018591
0.0857714470915602 0.0886517255796781 0.154492969047024 0.18974861468749 0.095371741563023 0.184263552922034 0.00194873453919638 0.0628425005326157 0.0421874128769718 0.094721301160406
0.0866793997962297 0.0600836158095243 0.122513281599503 0.193052020211653 0.0893600427852355 0.0280194880879408 0.0274379766446375 0.153745474166327 0.205097052361728 0.0340116485372203
0.103830288673185 0.0718371496337963 0.164441120681177 0.040955797155265 0.10688990293335 0.14243384423911 0.0773771605695376 0.180609246312439 0.0807904651395353 0.0308350246626052
0.0308955765343802 0.0213767917968024 0.0509632599677162 0.140145176719028 0.134308714931812 0.137645236475198 0.174321159817056 0.0725258497671818 0.0762526771592518 0.161565556831573
0.0306610747136717 0.164778675140453 0.0449048369672135 0.0628100034620017 0.00438414563902892 0.16301465314168 0.170501591140747 0.0917228413199535 0.153281062431343 0.113941116043907
0.183717069733878 0.0633306225543165 0.0465805413682982 0.15439424758943 0.0514635401102741 0.166353012988645 0.112738637649502 0.104718842223838 0.0106844770450045 0.106019008736814
0.0895116775615262 0.0701406292274502 0.112436306421326 0.0764438924922829 0.0844361305150896 0.123859749796071 0.0322566923087878 0.152880537690961 0.137025340580344 0.12100904340616
0.134223501452349 0.123402959776063 0.143232064620551 0.0787555634716054 0.01649487782549 0.00623890325024116 0.0350337665841913 0.13805660629568 0.193865798449543 0.130695958274286
0.108460021994361 0.110395201592154 0.133507210207534 0.103355252793889 0.134301913064249 0.0924124673611703 0.0691572503109723 0.0868217006304629 0.0748618521676377 0.0867271298775703
0.197452763479011 0.0193739726429615 0.00510262124516617 0.0926473753526612 0.080862561593524 0.031019784111113 0.181965724812483 0.157505428393928 0.13212286203261 0.101946906336543
0.0949566145584693 0.018461695137307 0.202567929675037 0.128466447093521 0.0183061228241082 0.183726351422154 0.171720532743178 0.0106365375378749 0.0218232988618478 0.149334470146502
0.17950032884219 0.202351855119556 0.191736535405247 0.0255940498032966 0.0633229885111163 0.102922497224612 0.028349269142597 0.160519242220544 0.021718715656373 0.0239845180744684
0.0297033351320843 0.0495472743422598 0.0716641581380535 0.00984673595789494 0.212678938657855 0.228925529948817 0.108546437011945 0.052117046375362 0.0339335540031033 0.203036990432626
0.0293602066732912 0.144850692869243 0.0926075868938413 0.0734449324697641 0.0329543039524712 0.114384969674597 0.159042237057759 0.134079341581729 0.177780045840958 0.0414956829863467
0.147175308843377 0.0837648635745936 0.0410860894510967 0.104482957288365 0.13313617072363 0.0424581527974173 0.133654651284785 0.118832871104615 0.138594655330056 0.0568142796020651
0.103119214420114 0.168633052990484 0.0933914864020587 0.0680278658143828 0.0226154383067832 0.0771214678866995 0.149451780968401 0.0202865683552303 0.155104888433344 0.142248236422502
0.0825366661911957 0.08719619679584 0.151278858076039 0.0718033883426621 0.143298273309792 0.0907329182530807 0.0535612818842957 0.118903248773994 0.0848569969101745 0.115832171462927
0.0955566130251073 0.163058579905966 0.17096183330058 0.0110029661821424 0.137673068447472 0.0192753876615967 0.00117900086853941 0.22050636703274 0.11081117543122 0.069975008144636
0.0324751725964059 0.155535537821752 0.0861778307578447 0.147002294284653 0.143771981646744 0.118137797878287 0.0576462994952492 0.150209607729382 0.0920774386318648 0.0169660391578161
0.0445936826454923 0.048588424198151 0.0159980041973465 0.171412553916196 0.208888191725164 0.165337431131942 0.0712665141092349 0.212065924076109 0.00553737250108112 0.0563119014992836
0.180556681165657 0.0539433841783042 0.0316141306176863 0.204555439316873 0.106437994275127 0.0877880843665694 0.109077267025868 0.00679515602686451 0.0410738987529667 0.178157964274084
0.0279778314452847 0.0124421683492642 0.0664722048590669 0.186470147797614 0.018084552672514 0.160389936768186 0.185903119024776 0.127945299142821 0.0179423713343762 0.196372368606097
0.142501823889644 0.0289023765562836 0.136893921868904 0.0407217888681646 0.0689686020000515 0.0937234228410327 0.115362496359981 0.0860530827441571 0.136607628207504 0.150264856664277
0.0021015063299155 0.127387737483194 0.056971823345766 0.0229327073892596 0.142482554215752 0.194140787757724 0.0246524466166237 0.130176787257075 0.204038375716614 0.0951152738880758
0.0512795397023588 0.0274950638811577 0.21531327234143 0.214378337655181 0.168529946670365 0.100036505646869 0.0173194304735363 0.154753958171535 0.0443922106672983 0.00650173479026937
0.0706928132837191 0.0444186667371292 0.0908772874018374 0.0835628428738962 0.169722777618636 0.146051638406531 0.0517176993342337 0.0706246381080787 0.167342933423212 0.104988702812727
0.033873229145733 0.133490318286354 0.123606095346438 0.157625069267464 0.0806135177001765 0.144132300560549 0.0887481423659478 0.0616660626576479 0.0500855598885182 0.126159704781173
0.153212470170549 0.0288356930000603 0.00615660208300995 0.10259373815217 0.0794416514283334 0.247848959063093 0.118934193102094 0.0686510440844132 0.0888409379893396 0.105484710926938
0.0279078460211639 0.091412991776068 0.218053966270511 0.060847990465372 0.0724253091463515 0.118532641740093 0.127601211303687 0.091687474587659 0.0734711037204475 0.118059464968647
0.116315443598342 0.126266514197203 0.166471501408676 0.0411529289768084 0.0647487437576923 0.145444150376808 0.0705892371685569 0.0841985122527648 0.170218939605098 0.0145940286580513
0.0288284648302729 0.256495846254748 0.0554740972961949 0.120065461209012 0.154839197960416 0.167173556858589 0.0258557382176909 0.0414397365043475 0.0744216355079377 0.0754062653607912
0.165605240316661 0.0691963285283576 0.29693007082822 0.0663444779758047 0.040435663389196 0.099832852250787 0.0645101393961399 0.0223235072558296 0.0708226483634274 0.103999071695577
0.131242003042528 0.0724212976493298 0.107874939488967 0.135087324162641 0.159870123373702 0.0993534721955927 0.00264341876794734 0.130001380118376 0.151590898507499 0.00991514269341681
0.0364486611689656 0.103898968372514 0.00888523563711309 0.0821985944096572 0.0299865510093855 0.103600784782856 0.145906452652272 0.142101081995318 0.154189397368366 0.192784272603552
0.0866363279755047 0.140208330568902 0.138112675731852 0.015691428890335 0.0868589844679292 0.065452679731962 0.0703680427389388 0.15161351707654 0.0785643857115903 0.166493627106445
0.129276163893732 0.15350039248503 0.00232240327821243 0.0762194850562825 0.0921810978244503 0.0551593999535874 0.111884698220489 0.0166458635837885 0.181242035372139 0.18156846033229
0.0853279510093877 0.151221136646662 0.0659015514534901 0.0301504224644604 0.136686717114352 0.132580749590485 0.151833849069978 0.0687494217879801 0.152618270384033 0.0249299304791715
0.165571388198548 0.0750025160230032 0.0448729588419048 0.0606254808162312 0.131147741843363 0.0181971460597933 0.151127372970657 0.0800874614473378 0.173998386284787 0.0993695475143751
0.113671197627305 0.138577992855197 0.0795400065627116 0.0581320195353617 0.0590141406070345 0.0492935208022526 0.146587643820269 0.153815654271566 0.0606862134647426 0.14068161045356
0.0204600119868679 0.115976809920171 0.194861886135042 0.065796579321657 0.0677106824463614 0.0889064728390208 0.1473368219931 0.0403767921537399 0.182901000437799 0.075672942766242
0.114966419135527 0.152976429530788 0.00973634935428491 0.177044576082401 0.150285398118912 0.161015337013982 0.011834203977615 0.0335116453728713 0.0330069314492232 0.155622709964395
0.10076629302381 0.0203014780793145 0.179085770287648 0.31047372226944 0.0731712723169713 0.0153976900880563 0.125132086834529 0.0759833502361583 0.0449089904643222 0.0547793463997513
0.0481771782237966 0.000707079339702164 0.192790580886479 0.113057315883335 0.197583983435825 0.0714131501124458 0.0598414055028082 0.0703560789630519 0.135233575365812 0.110839652286744
0.0159603622313737 0.0680399142342207 0.0659075473865435 0.0777675210034746 0.158613405130219 0.0945489144822045 0.135550274301356 0.0811669141763936 0.101831289025097 0.200613858029117
0.136517721732684 0.178474755704305 0.081623608640142 0.178573500176803 0.034973659850717 0.0430449492128554 0.085776447120093 0.0455148612786132 0.175737678508343 0.0397628177754451
0.236868977448224 0.257059740708366 0.14688086290807 0.0417694877412106 0.00275901923475038 0.0421947652163665 0.145374352286067 0.0699804572638823 0.0558691546391929 0.00124318255387001
0.0244333809841021 0.0123031110759349 0.168337746264546 0.0120790443325815 0.201052215265356 0.239850839325812 0.0926925141497185 0.0535609982191658 0.1634383326357 0.032251817747083
0.105590751930831 0.150356104302208 0.160809616420789 0.0411763272861442 0.0457951995991829 0.0641081127756985 0.0722876897172838 0.149429026972091 0.11567112215038 0.0947760488453914
0.0340250037625688 0.0576917892262747 0.157509694174 0.00477132546714952 0.107916785006843 0.112027234057761 0.216315620031511 0.0549892533241432 0.218144977720973 0.0366083172287754
0.0653071394129483 0.0358644282373506 0.145334763368819 0.101355593645424 0.138668525617218 0.146419780413522 0.153928347584847 0.150468186206221 0.0511415391130051 0.0115116964006445
0.129852166642841 0.0264139440739841 0.108862603202148 0.128876937118064 0.0507533165912184 0.074075992016064 0.120448631619616 0.137148637908657 0.0846929743654079 0.138874796462
0.0725320699226663 0.151183148767965 0.0984031643714076 0.124511548272368 0.0095492146897268 0.156543458793754 0.0307891042709786 0.137556195744755 0.151783946931209 0.0671481482351692
0.0272842166774123 0.200762488616852 0.164725981928533 0.152539662226367 0.0512394804842789 0.0517431454299853 0.143033144814806 0.00361085637124911 0.0242284366661856 0.18083258678433
0.161261215923919 0.139034836721125 0.116743033931501 0.00084505396925206 0.163346419593796 0.0662218503417331 0.0166542218520562 0.093117549543301 0.152162804327768 0.0906130137955483
0.0904730638320461 0.127829352846694 0.00650497599319798 0.118624877494315 0.145235005218395 0.0614037355957339 0.191386770077003 0.178780521580334 0.0565815904678887 0.0231801068943916
0.157011333139756 0.0099441111560211 0.143696611827307 0.145377561391135 0.0443645471672628 0.0610514104398713 0.138381839221596 0.0652504936562563 0.0838047093898323 0.151117382610962
0.116107709921384 0.0116432380217912 0.0930555433308855 0.0560769931903738 0.177589115049333 0.155343430421039 0.0959472185441706 0.0758175869084408 0.147489143515189 0.0709300210973928
0.144683721789486 0.0260850306864826 0.193528300340096 0.159826696421235 0.0150624990414953 0.0521013376868787 0.132159619607473 0.17257021880987 0.0895060510700458 0.0144765245469369
0.130617169042527 0.126088611954928 0.0429356545439872 0.0721680278412541 0.0201728004860587 0.122449057092041 0.140342407733374 0.119455905954132 0.104283719494608 0.121486645857089
0.192340395411248 0.0929200291669053 0.0756657765034056 0.136290980929746 0.121636260372037 0.129380450606534 0.0104560863781477 0.0836640453363209 0.140368539116616 0.0172774361790383
0.0149498990265943 0.000333259217073095 0.155507581059832 0.115188975142411 0.0637842077476948 0.100046488936709 0.172970174754858 0.110338086552114 0.126831541612689 0.140049785950024
0.0554119364922468 0.029577668812911 0.0800127438141177 0.138239555243712 0.110497124058519 0.158393734018732 0.0815220330102217 0.106260370244043 0.137594676188022 0.102490158117475
0.0659157339419994 0.0900959940588337 0.148803514887793 0.114622944653328 0.135191873682819 0.136677982813003 0.0143656494849986 0.144832715750421 0.0237533575975052 0.125740233129299
0.0892592836118269 0.185873184798164 0.0762237683143802 0.0981352484025378 0.142624198794904 0.0382319534823336 0.180269661205275 0.0124302706241405 0.108229756377741 0.068722674388698
0.0366968478072921 0.12123544402845 0.190807641951243 0.00489229823823883 0.01840168847099 0.00656272851999673 0.258866012347998 0.152862138493268 0.0635128235624162 0.146162376580108
0.15757560619951 0.0875451942198062 0.0906671756097988 0.161549298013499 0.162913368604893 0.102997311982389 0.00318528294725293 0.0694469648637019 0.0165047808466349 0.147615016712513
0.121419188449413 0.177391680868608 0.153775962734782 0.0276962523664877 0.0667128943892257 0.00869855020443996 0.182404834753486 0.0946510046601954 0.068956140166357 0.0982934914070059
0.0261245280574212 0.150894750437822 0.0450090070377216 0.0879369361286894 0.131064565900633 0.110159925979883 0.0509713184278762 0.14783330600298 0.140559301397114 0.109446360629859
0.0409910708921998 0.0788331617730466 0.198593531456686 0.0738602604333148 0.188077207130352 0.0799587424847408 0.185715726868322 0.115430502492201 0.026842422483007 0.0116973739861305
0.0251807698366508 0.121750193038876 0.0447788417668118 0.0605564461747193 0.120200327917471 0.0502337819599954 0.209923339665648 0.0616019969353674 0.210835550520054 0.0949387521844056
0.0643667599936656 0.0752723616472774 0.160098518516319 0.00269363954605229 0.0429096993324647 0.0444472189396043 0.115419498194669 0.201570880713713 0.171144869724021 0.122076553392215
0.0854348405791155 0.255947645677341 0.0976502467741827 0.0813095610114691 0.13235989106378 0.0893167953102005 0.0502019112756191 0.0428093479045291 0.0334744024850999 0.131495357918664
0.108708327762371 0.112225283496383 0.233395907729424 0.0396420734219914 0.0765446170013033 0.110743129047384 0.0153849136954092 0.00696506191243133 0.174983959804023 0.12140672612928
0.162808954395953 0.0888715903910408 0.0102340743102678 0.160797305973769 0.0306871226418405 0.115377552179118 0.236352675482484 0.0532824779471012 0.107140685811128 0.0344475608672983
0.0551286940516618 0.0782447583387462 0.140803854244467 0.0459892055905901 0.181346887004607 0.103521767521426 0.0499827706149971 0.0979571834299313 0.187054449400369 0.0599704298032037
0.175373235408774 0.00832377028705617 0.0923721962318984 0.0976566764343469 0.110431355393282 0.124379777711329 0.164364389122792 0.0373028087043583 0.0872371996681245 0.102558591038038
0.138117463857151 0.133456882280661 0.0772506479157662 0.0844489970844864 0.113701131415628 0.0783828683895218 0.0461179880262833 0.0805902868541111 0.107470948044375 0.140462786132016
0.0452268830893244 0.157649011859264 0.0990577255477373 0.128215278636523 0.0719437963467499 0.0997805994766771 0.211933758609897 0.00321212034449092 0.144489030145706 0.0384917959436305
0.028446964089778 0.0802937162335305 0.113367627128649 0.111433596037747 0.111501989489589 0.0968967327611442 0.0597222236694167 0.161627165267755 0.063994819253667 0.172715166068724
0.0284669394769104 0.0212024789715815 0.0252052164728756 0.194914184806215 0.0746437231699384 0.197135818853779 0.00494079145525937 0.138734035769969 0.205163612627715 0.109593198395756
0.219603714914199 0.125885337227046 0.141090293360768 0.116345795420275 0.00709556926360542 0.0589385403235572 0.0337339982805751 0.0860524632749929 0.0386221336386108 0.17263215429637
0.0693247064241428 0.0929729881509783 0.129488043900939 0.171656841846219 0.0995649231387686 0.13333311381019 0.0702059542440945 0.0558268876725564 0.16442471479996 0.0132018260121515
0.0542638707103545 0.214116779274601 0.017117744637711 0.0497174770744176 0.146151462986354 0.183347652384367 0.0327110463954041 0.10438279440632 0.0578305779972269 0.140360594133243
0.0402595781945921 0.0841852986790374 0.238347965164034 0.177488403262163 0.060948880724601 0.149872328442298 0.106030264350393 0.0317056688773323 0.0808905645422145 0.0302710477633338
0.131512316671079 0.166144299464027 0.00786192358452462 0.139627649613371 0.0208733044484404 0.15805918059637 0.0730287827071464 0.126103154023174 0.087043697141398 0.0897456917504686
0.166782758548983 0.166633623337985 0.0462486927583558 0.00264350788490497 0.0832797554893559 0.0568970703824278 0.158729172606119 0.103779320882364 0.170246611621513 0.0447594864879903
0.0565312020446434 0.135780516895799 0.120273008185875 0.127354801354376 0.135695055816623 0.0295703493542152 0.125476412647906 0.103851579115627 0.122704096802607 0.0427629777823285
0.0316185992071956 0.190315767355811 0.136012718123329 0.100513421324352 0.133291584666277 0.0207266112073586 0.0281100839426379 0.0352868649421176 0.135544514113304 0.188579835117617
0.13960672190825 0.045993029088202 0.138024437389369 0.171968835530374 0.099255559631552 0.0711697764611122 0.0622665444220463 0.0433198973730549 0.141116557744937 0.0872786404511033
0.13767818150448 0.155806643214366 0.0118565973872224 0.0521192528908565 0.105801945140372 0.221874251485827 0.040824525210925 0.167094475505151 0.100500455603685 0.00644367205711499
0.158634954566331 0.0735789115945587 0.0736072201363414 0.122620259272637 0.111532116861588 0.0389944032832632 0.148418179817571 0.0976221523084031 0.107340630711057 0.067651171448249
0.0135712925713844 0.107846962647525 0.108118764422433 0.00957458024471444 0.213851899181805 0.0552292657144598 0.155561864879137 0.138306953334453 0.0736444966655302 0.124293920338558
0.0335433574594344 0.128925901865386 0.109620859047957 0.0854560420930143 0.0590197506966928 0.130500791709152 0.136860537993128 0.130755638696466 0.0591398937648065 0.126177226673964
0.147539731586643 0.116642792935745 0.11245411320586 0.0583139951215752 0.129594043999467 0.0867758562585322 0.209025569777174 0.0596819002481387 0.0673623154272959 0.0126096814395699
0.0604971368961876 0.0641568435549583 0.156388119579523 0.0484308708548048 0.131655013117699 0.203732896338297 0.0200453521982893 0.118352225027586 0.143531002987013 0.0532105394456415
0.0531160022107691 0.024845485678093 0.0987995585626206 0.0273524306246343 0.156056426192782 0.064436323911695 0.170712594535847 0.161169521076721 0.0787215052865731 0.164790151920265
0.0385064845169168 0.117041176943784 0.11060924296906 0.120363103734321 0.215006607545751 0.0436090280908598 0.170033604396427 0.0409370498817997 0.0715269162395712 0.0723667856815087
0.0757188526348012 0.340149694770037 0.0919596869925925 0.0252653075840818 0.00445047915484084 0.0700558369702625 0.0503248191677112 0.091088553657379 0.183655089261172 0.0673316798071213
0.0964761884094644 0.141747540282951 0.115763227147203 0.190735573333248 0.133144347250741 0.124413023973723 0.0331695092416519 0.0218823584872922 0.0999603174447362 0.0427079144289882
0.0303036988093223 0.0595074122789453 0.0376540132288389 0.168183226109571 0.106851274388075 0.174749402894216 0.035710388697779 0.252689536366844 0.115553668238632 0.0187973789877769
0.0188269168714403 0.0117838280999716 0.00678102898735127 0.190343577881324 0.16989572303376 0.0801064463376114 0.148340233862456 0.210569156139284 0.0862250871832604 0.0771280016035407
0.134138182914873 0.127356017243827 0.0671275042864879 0.108267574550798 0.116845370322836 0.183913829788637 0.0639581837420328 0.158338791283256 0.0340850822185402 0.00596946364871096
0.128535282048466 0.0955434947344659 0.0764565681055047 0.126787930098948 0.136730002996453 0.136711827213075 0.123893743063249 0.00110508089083015 0.0459327287255954 0.128303342123413
0.137277310455716 0.0874398844715108 0.0223511877816053 0.219767633464902 0.00368493627538964 0.133833623795047 0.120367934225669 0.0533839804919405 0.180948116448236 0.0409453925899836
0.122625149086403 0.0771981800881288 0.136088524260643 0.0541937622007665 0.119076047281249 0.122391113192745 0.175900450227373 0.0546532468118407 0.127347930647093 0.0105255962037575
0.0267772021862479 0.0515938142213455 0.00221923735039958 0.0592526016402334 0.255628458405374 0.193017940012441 0.0170025820036415 0.383244365677921 0.00332776988411001 0.00793602861828679
0.153441624610217 0.128933844620611 0.0400199316782102 0.128169533291154 0.114615995486798 0.0958806322234732 0.039880971384307 0.0696196468902537 0.122128170228963 0.107309649586012
0.175614918713613 0.100377706015169 0.126963762244315 0.0249046503110675 0.0659319518634432 0.0627229013595199 0.068473805908171 0.0704776434391822 0.182186456214392 0.122346203931128
0.15886829223304 0.0961389995586169 0.00731035919254525 0.159217440859307 0.13660953953185 0.0710353595853717 0.0794385436929678 0.125559191886202 0.00431430063398897 0.16150797282611
0.155008643266246 0.160731477377793 0.0162280556373549 0.149205369534547 0.0296187211939462 0.0249768571285968 0.108539519801434 0.153226673208083 0.148047427004116 0.0544172558478831
0.071269166521392 0.174649173094249 0.0672545282345306 0.0425837122793536 0.133317686957186 0.0373515138197948 0.022841878304899 0.203878500327359 0.0724150050571339 0.174438835404102
0.0535479496295336 0.108474149994588 0.0931469320957876 0.101041800668442 0.113197703506984 0.089668777237956 0.0578073519195858 0.14854669042864 0.123500956414716 0.111067688103767
0.0811288278636819 0.0625784958108581 0.196363683845731 0.117057567016643 0.0776268327307089 0.100600776661939 0.103177362213065 0.0958417259362038 0.0994855699833535 0.0661391579378161
0.0213129791002699 0.0365155978586798 0.189540630258462 0.191881498282912 0.0383752612376052 0.0594957088525901 0.00400777494201652 0.0816283100394563 0.17080508618088 0.206437153247129
0.0718601026642027 0.190307051961116 0.0911920377342706 0.0698272430342845 0.0673501918468919 0.194200453212895 0.0314919982502655 0.185854915790813 0.0383054385411261 0.0596105669641351
0.0585464100864971 0.232001453281423 0.0275544741428253 0.122625964873837 0.0205198204813477 0.0998404695919172 0.10476051088059 0.0727876908636626 0.170233625241017 0.0911295805568829
0.11823935725569 0.169779125108011 0.107558036542249 0.119538498012043 0.0465786655633927 0.173948435299652 0.038021118977721 0.0847690632735667 0.0977411638439356 0.0438265361237391
0.171225363649409 0.0772866911883136 0.0312730800078834 0.19090859018587 0.122436535213471 0.0143742993643132 0.0158814140934169 0.154237748047064 0.0324876722676476 0.189888605982612
0.0510206259940901 0.0999839859520764 0.0714590959387068 0.0712967815160829 0.0747000774915067 0.156586822135965 0.156625024132232 0.152788629484537 0.0910150211974296 0.0745239361573738
0.123503660288299 0.0943072206403474 0.158863764597572 0.139515774219291 0.00750713379979311 0.150532027447127 0.160181083331672 0.06451654912063 0.0333141713824761 0.0677586151727926
0.174769161104778 0.0105888193675574 0.0541774583389489 0.159838483696258 0.051091898652846 0.107532727277454 0.0526639173539324 0.109153434129243 0.128664303177404 0.151519796901578
0.19978108506403 0.105160573036482 0.0767539692150494 0.149142162898301 0.0614957293290359 0.0345271928461335 0.0055251957921386 0.189388496103961 0.174653819440337 0.00357177627453143
0.1834737897986 0.146695898406613 0.0995949798267342 0.00401847039928795 0.0626561983911529 0.0537401081184287 0.0869847124778907 0.182369249913548 0.0433548028555435 0.137111789812201
0.0396761214381469 0.100006544478722 0.130620875338641 0.116651068040876 0.029653038682581 0.108568390839439 0.13763671465762 0.0183957488443824 0.164231204764889 0.154560292914702
0.110005442454664 0.105672937866274 0.13751687151022 0.0715531763445817 0.0758386662902609 0.0385637090726447 0.166513110412508 0.173927512261366 0.0830440427165029 0.0373645310709785
0.174783286750554 0.171841114850528 0.0712659909089189 0.0317332434825369 0.00961305755581322 0.127436319619114 0.047604742291961 0.12110721846864 0.170495394537601 0.0741196315343331
0.0549933471449423 0.057166878750736 0.152821762614265 0.127935907201268 0.0067643526786497 0.00904950176036157 0.154542471562557 0.16613683183243 0.154836597538902 0.115752348915888
0.000794026708826564 0.061573140294306 0.288795879553059 0.0188867564606638 0.228960944676058 0.0247970941329121 0.0178089328550185 0.242331489181874 0.0620518948864781 0.053999841250804
0.115625978944048 0.194147167975346 0.135479543722369 0.114234637679341 0.104592366888329 0.151708953847033 0.0448449828873672 0.0802599057104045 0.017298471894519 0.0418079904512429
0.0327238730864497 0.155504608382182 0.147069415702455 7.88757317862653e-05 0.0922183416619845 0.109908245766527 0.185041012916406 0.183626280492468 0.0511703707598609 0.0426589754998798
0.140144896647027 0.187895422718261 0.0508143893013345 0.0511522513379973 0.112471270874102 0.00196493724963653 0.0575597175462027 0.122343673327891 0.0916170246061438 0.184036416391404
0.0617535637866895 0.157061278521328 0.165169359183651 0.103065217554957 0.141269273203789 0.0468943552439895 0.165497010725934 0.127246615900247 0.0253141933917968 0.00672913248761865
0.0225842516892747 0.000526342131708156 0.123945155781977 0.14120023391215 0.0311338169357007 0.0696557182136599 0.218400484699309 0.192343075075367 0.0799559224671732 0.12025499909368
0.134287772977846 0.117236693169474 0.123493477188516 0.132373840546538 0.0947929223369619 0.0876695909193938 0.0256959641571506 0.155933965041895 0.0814406654622387 0.0470751081999857
0.139216274661374 0.145796953479771 0.0287344307622005 0.029201070096045 0.0539786432399161 0.159127505490367 0.102665202999059 0.0680054964165465 0.113894366709107 0.159380056145613
0.188840853568387 0.0877656717074623 0.192280381244483 0.0413342943764442 0.0408246453273565 0.08826366938195 0.109164086087706 0.129340390989164 0.00637248994292914 0.115813517374118
0.0821190182791057 0.112865313258731 0.109427420243833 0.0809798306705418 0.0919924622171967 0.0679647419301454 0.0189531813779047 0.121540346141679 0.161340520361494 0.152817165519369
0.117519952423881 0.0204157875380233 0.123752265789561 0.167659130594965 0.0597905485707256 0.156460466148544 0.125848863147605 0.0956661120756271 0.0168512479364494 0.116035625774618
0.0804276499618644 0.0013381102203392 0.030367891824699 0.0343802824113371 0.159405923625615 0.158337436044961 0.145533799863937 0.12204993982829 0.137547356376936 0.130611609842023
