0.326286280979362 0.33705030862464 0.216495964668405 0.120167445727594
0.386030074044905 0.280167525599047 0.0115465130889156 0.322255887267132
0.279244238419959 0.133244621914392 0.314996347003127 0.272514792662522
0.134106969825812 0.0207807120420618 0.6310004098577 0.214111908274427
0.472280547721841 0.0387507848054948 0.0650329465977784 0.423935720874885
0.000485626578459962 0.337613488091346 0.187736330912644 0.47416455441755
0.329895353139106 0.226053692304992 0.298259936778225 0.145791017777677
0.35243439884827 0.225786480418669 0.156031342109214 0.265747778623846
0.272799038788581 0.208503789802166 0.280375684382822 0.238321487026431
0.308251674467528 0.242443006726165 0.208767083090667 0.24053823571564
0.452764406667636 0.329738584255142 0.0285662186024332 0.188930790474789
0.161916058063152 0.260035299905952 0.268863036540792 0.309185605490104
0.203575160894278 0.307517271607243 0.181064681219011 0.307842886279468
0.43224659241214 0.112890465314755 0.0036725617055366 0.451190380567569
0.154552448480149 0.31233180325617 0.117352407400338 0.415763340863343
0.209813328309014 0.431779940236456 0.00191351818837473 0.356493213266156
0.167993846505795 0.53798192080092 0.132595158199317 0.161429074493968
0.00331610072640755 0.013059758523703 0.244373480552083 0.739250660197806
0.194561061045896 0.29270698968549 0.31263773667727 0.200094212591344
0.302166499305113 0.356607660614578 0.303327275684145 0.0378985643961638
0.464312488426225 0.0708605919673333 0.425018358733335 0.0398085608731066
0.130286670054005 0.403125486508272 0.294740757362414 0.171847086075309
0.220218779569222 0.287920536560326 0.19017792709228 0.301682756778171
0.389549985800483 0.132414567217775 0.316456803797401 0.161578643184342
0.126858805584798 0.281061878271407 0.259673601799643 0.332405714344152
0.254067540070198 0.252317983075539 0.269389053206617 0.224225423647645
0.762742491063161 0.0591552220866028 0.0118851378684827 0.166217148981753
0.253922167265782 0.0926818531677612 0.326566819421443 0.326829160145014
0.293190667508314 0.0453039528993971 0.2765685367212 0.384936842871089
0.0593072575257865 0.285485784178336 0.281781342057226 0.373425616238651
0.0606964771872814 0.259271992584055 0.309558064768874 0.37047346545979
0.414481576825591 0.201887039548579 0.365037172614924 0.0185942110109067
0.423098372507447 0.239372480558402 0.15624949118684 0.181279655747311
0.271797772052375 0.299746561842095 0.351066006721985 0.0773896593835457
0.214440059474261 0.271145923705999 0.380472023151962 0.133941993667779
0.194571226387292 0.158967398755579 0.0802055175872424 0.566255857269887
0.259802638986434 0.183531207518483 0.393585244920083 0.163080908575001
0.410724216740625 0.0401973323373718 0.339544317235869 0.209534133686134
0.325819625228235 0.0642740737706089 0.269266543060077 0.340639757941079
0.244476176157922 0.3189734437168 0.156799978782643 0.279750401342634
0.342315646280367 0.346128860552445 0.0257907398718592 0.285764753295329
0.183180971470914 0.42828755676825 0.264131432775915 0.12440003898492
0.240818700167475 0.266582895851946 0.303758062602266 0.188840341378313
0.37773354398398 0.222689440047962 0.178936342571186 0.220640673396872
0.012622969189622 0.246248860859585 0.414523315101889 0.326604854848905
0.0829853770445479 0.125783806355258 0.386816825022582 0.404413991577611
0.0990278448279304 0.479989233463089 0.356980244235399 0.0640026774735817
0.0862800068733475 0.105481379464198 0.32006688747812 0.488171726184335
0.21148066140389 0.265290866332595 0.270216718288009 0.253011753975506
0.0202503037255535 0.358078183654651 0.421303375190845 0.20036813742895
0.477437576700735 0.253697533327053 0.2333199822071 0.0355449077651116
0.354953998450318 0.112040527642307 0.140927035592632 0.392078438314744
0.200201509943143 0.177501495796735 0.352383799768021 0.269913194492101
0.0963949772298591 0.318619465765321 0.214929365463559 0.370056191541261
0.201936717457685 0.204822661134345 0.247462839567701 0.345777781840269
0.209771317602596 0.287770414694781 0.188218699336462 0.314239568366162
0.173963158352103 0.481897692941458 0.241703623034383 0.102435525672055
0.187852617650635 0.158791743456494 0.369358543213176 0.283997095679695
0.392091709032603 0.242383921181704 0.192627696740131 0.172896673045562
0.220001117014817 0.319264138831702 0.414289108010429 0.0464456361430517
0.690705521799606 0.0130815734494203 0.00346057706985166 0.292752327681122
0.339762722014648 0.00891394548496294 0.342860961679655 0.308462370820734
0.103097318036983 0.555345997173909 0.28665525211313 0.0549014326759787
0.241582006539472 0.50268143106661 0.174220705166639 0.0815158572272787
0.120013444528291 0.235308773338773 0.258220303115349 0.386457479017587
0.212527196254648 0.0528223469529346 0.426926376952263 0.307724079840154
0.231059625133282 0.381666616406707 0.341587897421454 0.0456858610385577
0.303436352243807 0.329474708637803 0.198070848698846 0.169018090419543
0.284650214599832 0.193172804972808 0.18468082949577 0.337496150931591
0.22704740775507 0.24286696411477 0.258413253250111 0.271672374880049
0.201844182915557 0.347101196533399 0.173016110602088 0.278038509948956
0.209655004402888 0.139011553401788 0.466758532112602 0.184574910082722
0.236428049056737 0.292968472128539 0.237183717565557 0.233419761249167
0.241194192554946 0.286361251321275 0.207557771509415 0.264886784614364
0.189426048814267 0.304912567021323 0.0578094778667176 0.447851906297693
0.256233751428914 0.420920059861796 0.12022620020131 0.202619988507981
0.221280420825351 0.0592010539776133 0.418965011406187 0.300553513790849
0.375977245474005 0.22739439802534 0.340715702810159 0.0559126536904957
0.446437205945229 0.0883063720755041 0.359247757664892 0.106008664314375
0.16600951391767 0.267389495023572 0.162443367401015 0.404157623657743
0.460335019016401 0.0820638571549945 0.160047734064889 0.297553389763716
0.335084150978823 0.0893136155815813 0.253427104888018 0.322175128551578
0.238458417315695 0.288129099979636 0.210101581373657 0.263310901331012
0.347311378603654 0.190457890780912 0.235226747718375 0.227003982897058
0.32603250017906 0.317178523406751 0.316160003897503 0.0406289725166862
0.382960665069587 0.281716178800922 0.202544979801446 0.132778176328045
0.176098494781731 0.379507265536891 0.12465976270243 0.319734476978947
0.0748114025470236 0.432036561992504 0.147915755530029 0.345236279930443
0.314690764277281 0.0848711954512566 0.0861182558352378 0.514319784436225
0.248080357791434 0.246662107659987 0.336583171692803 0.168674362855777
0.267031382262926 0.304425626217224 0.400511499111319 0.0280314924085307
0.108435762794734 0.107485917259903 0.402582753854277 0.381495566091085
0.0151300665103423 0.221381498182047 0.37074918704127 0.392739248266341
0.366021811572455 0.0761844751535789 0.289779014923913 0.268014698350053
0.265536784012906 0.0811638508899024 0.458674978587436 0.194624386509756
0.323339242320125 0.207029699980979 0.152718389723294 0.316912667975602
0.367028337227986 0.229881327891782 0.336852339899253 0.0662379949809793
0.10234931773545 0.0815802058718827 0.724832904918013 0.091237571474654
0.391505898018095 0.150302073298685 0.264207039314748 0.193984989368472
0.486980888557132 0.334620987418929 0.0330629504502752 0.145335173573664
0.211192042841401 0.347472141794385 0.0512016049689425 0.390134210395271
0.0953174442933196 0.0909868033226695 0.357061816075708 0.456633936308303
0.652434119672586 0.076097914842714 0.101778226861211 0.169689738623489
0.495653717494463 0.117772002814008 0.00521460686711252 0.381359672824416
0.0993378677733067 0.329303194656394 0.302070234781352 0.269288702788947
0.420320948151169 0.122093407912246 0.409210131046495 0.0483755128900899
0.154333587070455 0.296342141827994 0.399846477807804 0.149477793293747
0.273733124165441 0.212116186517992 0.256189351344498 0.257961337972068
0.228550961672512 0.423885244782532 0.178481231436306 0.16908256210865
0.542732690764568 0.0479191125114453 0.127991263708322 0.281356933015665
0.209382410866954 0.217522408316059 0.106773779463475 0.466321401353511
0.34253243000266 0.331503060771236 0.11607254798253 0.209891961243574
0.101483811318878 0.0093948240343828 0.474488312129191 0.414633052517549
0.244092394821549 0.145253907762732 0.309453421838758 0.301200275576961
0.362187957289095 0.472703663558652 0.0448352011957567 0.120273177956496
0.166049784800729 0.468110807675652 0.0903598038361382 0.275479603687481
0.348385404579591 0.222721378574302 0.39504618216663 0.0338470346794776
0.133339571961218 0.504694731815394 0.346476937784772 0.0154887584386166
0.387770933718449 0.00115939357295934 0.365481975218652 0.245587697489939
0.263836860219157 0.307691804852333 0.255881679761693 0.172589655166816
0.116456287697019 0.0977217107920824 0.206928642490113 0.578893359020785
0.240898569737295 0.100522238940868 0.294950290422466 0.363628900899372
0.0417983574005564 0.821932320477674 0.0272811611469952 0.108988160974775
0.170011499020927 0.165622736978996 0.336850477006178 0.3275152869939
0.0306238374970615 0.252874001348239 0.224386369242953 0.492115791911746
0.330151710588447 0.275192355454754 0.292245429025125 0.102410504931673
0.237120828225382 0.246506151741465 0.0646880740460397 0.451684945987113
0.198956254785889 0.391252167568113 0.407062692859974 0.0027288847860236
0.282056619222957 0.371636085073257 0.0516399271472571 0.294667368556529
0.242837833576289 0.317965266993029 0.391733110463346 0.0474637889673368
0.377172587729458 0.190575039284184 0.103092640863434 0.329159732122924
0.366472200741393 0.482869224410335 0.107916867403365 0.0427417074449064
0.196587850072794 0.271754865274599 0.280779859377868 0.250877425274738
0.227149122904909 0.315441718883715 0.348894946164305 0.108514212047072
0.279927909862515 0.236659592235453 0.46451515135502 0.018897346547012
0.358508067621332 0.282013356913703 0.344328736882961 0.0151498385820035
0.0681548981625993 0.0425303140464273 0.547722351204403 0.34159243658657
0.207322789629013 0.0644871366942165 0.422394215398502 0.305795858278268
0.295900319711896 0.270821730956795 0.386630489064847 0.046647460266462
0.307036639640829 0.260160240984377 0.270839380187538 0.161963739187256
0.0156815586838362 0.703811406799339 0.181501599902753 0.0990054346140719
0.10613157732545 0.416172587668172 0.413928058218592 0.0637677767877853
0.175639916319758 0.0828973378222991 0.446737768417872 0.29472497744007
0.378183882277019 0.379342347099694 0.0758776274395971 0.16659614318369
0.165428492189387 0.29135093671444 0.235623827083444 0.307596744012729
0.151866986806937 0.519056413383224 0.0151326955886227 0.313943904221216
0.281374259498812 0.356285593694131 0.321283841403511 0.0410563054035454
0.518757555226283 0.038964261350968 0.263516333279082 0.178761850143667
0.470885851186633 0.0760099736890942 0.176738213872431 0.276365961251842
0.163322601382926 0.235853327412646 0.309974922659753 0.290849148544675
0.133298680408599 0.265614246269101 0.183490278372494 0.417596794949806
0.323887788087097 0.112055757700129 0.238769162754718 0.325287291458057
0.366510121584496 0.238319790331334 0.388476038593568 0.00669404949060201
0.416782576844251 0.0604260025221351 0.188353436714148 0.334437983919466
0.178061390016395 0.306290318963591 0.362577834733868 0.153070456286147
0.224551788036374 0.155885748885284 0.348557784894355 0.271004678183987
0.698404781877359 0.0205254496439519 0.279817381642574 0.0012523868361147
0.45046249866618 0.327397469756743 0.00166393269507063 0.220476098882007
0.307777976638724 0.333310337704963 0.281607302753958 0.0773043829023553
0.322108970709944 0.064574855784857 0.31653166803187 0.296784505473329
0.208061892426993 0.337468161130956 0.277776950925617 0.176692995516433
0.226111773173699 0.0316849346167327 0.337293217381123 0.404910074828445
0.171316225868475 0.386668459494238 0.208551496075232 0.233463818562055
0.166307584746854 0.25247355334645 0.428882227784136 0.15233663412256
0.0533812962684483 0.309100248541616 0.179274088030704 0.458244367159232
0.117565566180752 0.362345732246837 0.312322614706099 0.207766086866313
0.308963850162203 0.338751448589052 0.0824151856188558 0.26986951562989
0.150366315360311 0.620288446416755 0.0138247496362775 0.215520488586656
0.234872271617022 0.231618800166481 0.364225460798373 0.169283467418124
0.00658161004737298 0.324718539973599 0.280847407279417 0.387852442699611
0.331085155975868 0.225240971364899 0.335118083217223 0.10855578944201
0.604020617148744 0.0931355153469247 0.237047777652491 0.0657960898518401
0.169514221615649 0.27440688898482 0.148145677292688 0.407933212106843
0.0984651457321725 0.398312297237412 0.501343630658115 0.00187892637230091
0.125633130015191 0.431627364883244 0.0906867676162642 0.352052737485301
0.305967944038352 0.226725328485034 0.293713051418098 0.173593676058517
0.525616846661389 0.00895544367480725 0.23461262354954 0.230815086114264
0.241282185149323 0.457134588174858 0.211463889603959 0.0901193370718601
0.105645326343406 0.0561116499870329 0.338920729811132 0.499322293858429
0.289935766437475 0.158277582952552 0.431616083796699 0.120170566813274
0.273944154386624 0.294998911214609 0.288630605241152 0.142426329157615
0.257840800334965 0.33955633291707 0.0145020891769573 0.388100777571007
0.370992543145315 0.221422393085196 0.0637024495431952 0.343882614226294
0.377013855424573 0.00617132303191315 0.305863750819518 0.310951070723996
0.401836227001435 0.313484247336493 0.160623898505881 0.12405562715619
0.381020055600011 0.420432233949283 0.0216927546859147 0.176854955764791
0.319843737191287 0.327380275512058 0.316349436413381 0.0364265508832738
0.14440783895323 0.253499165376272 0.136629814173666 0.465463181496832
0.570740841505912 0.207072313715235 0.157332908872551 0.0648539359063018
0.330956267894888 0.421084738922746 0.198575070537909 0.0493839226444578
0.39191859981009 0.0585077403865228 0.440842177793063 0.108731482010325
0.228130889438868 0.369044913417927 0.00477840875060205 0.398045788392603
0.331839151998247 0.347152362028325 0.211340442509655 0.109668043463772
0.202337211124708 0.12853546860998 0.380556071174622 0.288571249090691
0.255492832897507 0.197746267323973 0.152234053656095 0.394526846122425
0.177236631220585 0.196353763940625 0.305579720263809 0.320829884574982
0.322534456315801 0.0385916661902366 0.102840412615445 0.536033464878517
0.167774494018027 0.273557307448136 0.304620418273023 0.254047780260814
0.270240708233776 0.224597294722945 0.286549771310511 0.218612225732768
0.246854537412225 0.0130423404151652 0.389069744504127 0.351033377668483
0.527913758504948 0.294053116337698 0.127631831114219 0.0504012940431351
0.147552967596368 0.263192994490821 0.284444969148539 0.304809068764272
0.53953765759613 0.0987217511420114 0.0618028256633575 0.299937765598501
0.0751376058401045 0.194866923018481 0.568461474756572 0.161533996384843
0.0505238405831563 0.535382088259198 0.39265020941991 0.0214438617377352
0.125555407210751 0.406871028290622 0.291183577725146 0.17638998677348
0.497690329513463 0.0154277932483609 0.152712309324539 0.334169567913637
0.317931777712568 0.0358958943259974 0.323752136960798 0.322420191000636
0.206296843932259 0.37474678749637 0.30167031038691 0.117286058184461
0.348102239275009 0.342928419140602 0.295334281273194 0.0136350603111949
0.0741175901514816 0.470178182863622 0.0854127508944258 0.370291476090471
0.132066337863393 0.401095222826747 0.307738284072313 0.159100155237547
0.586861245557832 0.0225155538477339 0.198628726349999 0.191994474244435
0.246071908259974 0.15610353179528 0.214550835629437 0.383273724315309
0.0426511022322388 0.879128173113958 0.0307153031043601 0.0475054215494431
0.237347878341174 0.0544759822371955 0.588211999203154 0.119964140218476
0.19703944709826 0.0797521437820321 0.610243706992211 0.112964702127497
0.305695847013026 0.0594934534788123 0.619532561664705 0.0152781378434571
0.296077383177068 0.181020707091122 0.390788626109159 0.132113283622651
0.112045930712773 0.461300275888217 0.388730903071533 0.0379228903274763
0.313111959608565 0.378369659766477 0.217295193605589 0.0912231870193688
0.120402288485328 0.0711982373528834 0.304720096087314 0.503679378074474
0.204725362485912 0.366959376210836 0.378749764961707 0.0495654963415453
0.0925361990573513 0.37162950038313 0.174745351411346 0.361088949148173
0.0211070461724263 0.397985211982404 0.355353789242157 0.225553952603013
0.183400299213796 0.379735689165929 0.328454828668658 0.108409182951617
0.195868440064112 0.353262615443262 0.0355551188407858 0.41531382565184
0.25321496942932 0.257125588024408 0.285611388657495 0.204048053888777
0.160712242228744 0.109100279792184 0.623280574217594 0.106906903761479
0.264267001832272 0.388118140728993 0.0805122638662109 0.267102593572524
0.256615457773712 0.225876537651215 0.234705655322684 0.282802349252389
0.265211518553747 0.198774609817888 0.362747985620268 0.173265886008097
0.342711500357645 0.428222043275256 0.121256040107272 0.107810416259827
0.100925530937344 0.438187045757001 0.379070916456786 0.0818165068488684
0.256867530880102 0.099697159663578 0.288223415478704 0.355211893977616
0.319777031901934 0.149312965488849 0.362102827185137 0.16880717542408
0.259534658717055 0.348922741796354 0.230475462808429 0.161067136678161
0.164368180541865 0.482167003081337 0.113852724895643 0.239612091481155
0.476952510713904 0.00726307062656602 0.059392318638013 0.456392100021517
0.0705462406695553 0.275671287390829 0.311402075791182 0.342380396148433
0.166936121395107 0.209619228276382 0.145900599313232 0.47754405101528
0.451774227263051 0.448740728633888 0.09817265886916 0.00131238523390115
0.340257227928514 0.234994305235556 0.304762714098258 0.119985752737672
0.417171877071468 0.0520297715377832 0.123943078690451 0.406855272700299
0.238600111253505 0.110878089770317 0.340171753512979 0.3103500454632
0.462082412871677 0.146738404179971 0.161141100572515 0.230038082375837
0.28571689807662 0.0660942166285652 0.107634605725871 0.540554279568944
0.345581973639037 0.164184473060854 0.14618801104967 0.34404554225044
0.318949656817115 0.285968770631409 0.355434113640483 0.0396474589109925
0.281937099843507 0.284559617852374 0.375901250765137 0.0576020315389821
0.260493229131024 0.0839784336967554 0.526144673345475 0.129383663826746
0.0213398356134912 0.394720089084441 0.254561683748058 0.329378391554009
0.231625894602971 0.319402253958548 0.210154207748718 0.238817643689762
0.376876249373503 0.149198039962033 0.116843407034788 0.357082303629676
0.0148252589579489 0.141101355955201 0.487393171934587 0.356680213152263
0.108877996229598 0.286498216015326 0.311789309531734 0.292834478223342
0.280663581665772 0.217269809337014 0.236149715798031 0.265916893199183
0.291032013214304 0.16406730489821 0.361581503525209 0.183319178362277
0.192683286484117 0.402836103993879 0.0585656569852119 0.345914952536793
0.278166942589671 0.154610131312277 0.185605570752444 0.381617355345609
0.272311904772402 0.0437593899870102 0.162727409126891 0.521201296113696
0.006202500597075 0.337441134815394 0.317469010026307 0.338887354561224
0.278311057160919 0.325630731789421 0.0400265232072887 0.356031687842372
0.440619822623336 0.315492644137727 0.235648529487883 0.00823900375105306
0.404707500783416 0.236728737010218 0.245019433756395 0.113544328449971
0.0476034474242572 0.286596952628062 0.361968301989571 0.303831297958109
0.190802254339368 0.357560886636087 0.319877759990204 0.131759099034341
0.0995455253121198 0.562886892581777 0.279668236262435 0.0578993458436681
0.0665297168472435 0.469026358836664 0.437302453152689 0.0271414711634042
0.287105529673627 0.1604519223459 0.255496067298185 0.296946480682288
0.0963980079466928 0.0911304330419001 0.439008803197957 0.37346275581345
0.479378072289886 0.234147083621485 0.244087565144145 0.0423872789444839
0.395669356915279 0.238168760433017 0.248809470172524 0.117352412479179
0.29643229748988 0.248684317379444 0.168738338993358 0.286145046137318
0.44756149576021 0.361176089723767 0.170632488484713 0.0206299260313093
0.148636769093611 0.105692460288534 0.392565806532555 0.353104964085299
0.25465155206114 0.245332246676932 0.126167522257252 0.373848679004676
0.142329061278232 0.239617227283314 0.262180711900814 0.35587299953764
0.194151689158441 0.335890461982378 0.396285130669771 0.0736727181894104
0.40701903476687 0.18432997536286 0.0203906144647191 0.388260375405551
0.205764197282077 0.290762302232262 0.101702752033177 0.401770748452485
0.106424324147481 0.0688689490874242 0.44168365884814 0.383023067916955
0.215740190594397 0.324726104551769 0.232403199123048 0.227130505730786
0.199644617311598 0.210860199952797 0.440479722149825 0.14901546058578
0.361364312461448 0.379947735804693 0.0860551983177868 0.172632753416072
0.416393465377347 0.232989002111227 0.23430144789352 0.116316084617906
0.509666248867605 0.0856312252053676 0.215503065063133 0.189199460863894
0.0326506910802012 0.449674195827171 0.281878218680885 0.235796894411743
0.180564264770151 0.262153289550765 0.301347485434808 0.255934960244275
0.360372887307229 0.240097061361005 0.152457227278406 0.247072824053361
0.220306298388899 0.509074008589211 0.162722560407084 0.107897132614806
0.451407914872477 0.24481530461911 0.282858982141023 0.02091779836739
0.0729656380066457 0.0891848208036397 0.127326554589386 0.710522986600328
0.570417045468605 0.30627036660184 0.0473226220611161 0.0759899658684384
0.243040457508002 0.458437224272904 0.146063760454103 0.152458557764991
0.39969417597019 0.0555818941598501 0.306414691455018 0.238309238414942
0.60403124793873 0.218157640883343 0.164488559560649 0.0133225516172788
0.0744821319786868 0.146148033480816 0.29065270579415 0.488717128746347
0.297534874145838 0.141252707705631 0.3373705733189 0.22384184482963
0.147798067133712 0.314910627773027 0.142394839090924 0.394896466002337
0.187297477267169 0.281829194409002 0.142993942284783 0.387879386039046
0.063420269673008 0.399828947030221 0.400936497070214 0.135814286226558
0.231508391226899 0.342444534216912 0.0599320170084438 0.366115057547745
0.279300194661862 0.0976529189754639 0.479688081382193 0.14335880498048
0.24585320906495 0.38349040969148 0.116798412933322 0.253857968310248
0.310639746445647 0.0452591711484971 0.122767189053967 0.52133389335189
0.121913829229775 0.315939909428237 0.243243499056561 0.318902762285427
0.133841448821401 0.069781858259701 0.28310868633383 0.513268006585068
0.123910216413102 0.341271466117177 0.328711855053159 0.206106462416563
0.0763645389586781 0.0429103427937315 0.392854080216056 0.487871038031535
0.0463415360111829 0.328515262970285 0.406805346554805 0.218337854463727
0.652858041984535 0.0578447749386868 0.00845292265328379 0.280844260423494
0.0302899040411855 0.245532034264277 0.415502252247913 0.308675809446625
0.0638853233715916 0.0723527812351262 0.592546404303806 0.271215491089477
0.303306069242105 0.343664091937962 0.154510107916046 0.198519730903887
0.340862071556415 0.333973061078506 0.0669914273553098 0.258173440009769
0.319799764612427 0.18145010397065 0.217028799821336 0.281721331595587
0.038329177081619 0.486673305669016 0.470832595559941 0.00416492168942412
0.310560575489177 0.150448038178785 0.400830803673974 0.138160582658064
0.469262305649949 0.358175297962144 0.0572778645856746 0.115284531802232
0.277076529643794 0.21865583562047 0.365111139936963 0.139156494798773
0.0710151682667594 0.429817748189294 0.0803831888891222 0.418783894654825
0.0967516879382024 0.325593113821487 0.313274623087031 0.26438057515328
0.06257612279297 0.545814744217025 0.252845681467843 0.138763451522162
0.326458343267516 0.269112339697971 0.10824194479764 0.296187372236873
0.284105063158353 0.0281753273033732 0.293779698201438 0.393939911336836
0.208602887235136 0.387733135206029 0.0246149049155934 0.379049072643241
0.188230280993727 0.122867630416764 0.0192444906739544 0.669657597915554
0.276866439060169 0.0586008785154252 0.294210229952257 0.370322452472149
0.056583010045994 0.330636512189025 0.293715800652547 0.319064677112434
0.0579662018020748 0.306189302916554 0.357793581575092 0.278050913706279
0.329415311388699 0.0926968962352511 0.518931267538407 0.0589565248376428
0.248731237475614 0.355999507637362 0.0977375792942933 0.297531675592731
0.448764002321639 0.305256844511173 0.0209185085686627 0.225060644598525
0.249027287295219 0.152112685428 0.305471731676384 0.293388295600398
0.0750023318708542 0.339208849584639 0.327867363786383 0.257921454758124
0.48245993819741 0.0859937857591405 0.327894862936599 0.10365141310685
0.264352620198095 0.232404637834806 0.243708479277879 0.25953426268922
0.316715614963775 0.113609121169959 0.552084495272293 0.0175907685939733
0.230142604129664 0.309061947420655 0.279365294717735 0.181430153731946
0.0716752724683578 0.242964992819524 0.354910141491658 0.33044959322046
0.224035310338227 0.348293183867342 0.0342731421118948 0.393398363682537
0.0269356908472386 0.310878986745077 0.011476350658613 0.650708971749071
0.224014346126535 0.24508917157037 0.457650452507635 0.0732460297954602
0.273873451523461 0.280196927332357 0.0248084557836404 0.421121165360542
0.385381449236994 0.364530573432734 0.0192243261693642 0.230863651160907
0.0180280222947839 0.336931400068541 0.16302115783153 0.482019419805145
0.319123409920895 0.121466468121562 0.32060024366835 0.238809878289193
0.393149367578197 0.296449080162199 0.122455471814126 0.187946080445479
0.146623245608495 0.303783970345064 0.323010005123358 0.226582778923083
0.236483136149445 0.454337008358035 0.296710048740505 0.0124698067520153
0.275892059707664 0.183635218118163 0.293057529557992 0.247415192616182
0.279807103720527 0.059842368817149 0.355518462443053 0.304832065019271
0.31459457990761 0.286678415649365 0.0291080436716451 0.36961896077138
0.165538197424992 0.249128874620586 0.297220036226639 0.288112891727784
0.0756388991768753 0.384003954002336 0.271183290542033 0.269173856278755
0.366362893638352 0.0826845600708472 0.377317325894325 0.173635220396477
0.0240508709431928 0.395073496146091 0.273581174090485 0.307294458820231
0.690013091535936 0.230937105795795 0.0719167356498458 0.00713306701842282
0.118060971838328 0.306701384698044 0.360988622135419 0.214249021328209
0.256725778540736 0.188308249490058 0.343317968851837 0.211648003117369
0.0922631296964476 0.375384992557267 0.475136927456639 0.0572149502896462
0.183262836523819 0.38008568605421 0.251254894716586 0.185396582705385
0.288773111552145 0.387609116825285 0.12139733145879 0.20222044016378
0.0941848643967125 0.257154000275662 0.0459470886069917 0.602714046720633
0.092614899737035 0.250514198738219 0.49259861332273 0.164272288202016
0.229327974679252 0.243989734738495 0.267678290557658 0.259004000024595
0.342936869040132 0.400636406700549 0.0413647975292654 0.215061926730054
0.204412084859932 0.23518045490377 0.253629247519909 0.306778212716389
0.30247430825788 0.0505289817823196 0.37441066310245 0.27258604685735
0.0192371212190505 0.664377365552622 0.20237077878494 0.114014734443388
0.294246261389622 0.305949110051535 0.259944924420428 0.139859704138414
0.167021844255428 0.298806430167706 0.262470116700649 0.271701608876217
0.333527220237834 0.186519419591625 0.301917803371974 0.178035556798566
0.0510390297640857 0.156386624193497 0.0765860934037911 0.715988252638626
0.318372543093538 0.234324538299377 0.203993538670164 0.243309379936921
0.386679566997119 0.167670856997319 0.0128601540281042 0.432789421977459
0.101218807074035 0.0383177755182232 0.4291018161888 0.431361601218942
0.292957757322051 0.00399123848107939 0.310325040842815 0.392725963354054
0.100856920957368 0.432603367748665 0.153908430585665 0.312631280708302
0.296176704862259 0.183874029406346 0.201636866074091 0.318312399657304
0.34340863187736 0.311780224232998 0.336480361632727 0.0083307822569143
0.19128599463 0.168673707535384 0.633537959250191 0.00650233858442497
0.349018222290045 0.236380224974053 0.315850780126326 0.0987507726095759
0.263593912507346 0.206861460239886 0.302666051256529 0.226878575996239
0.114471447429258 0.23074599129551 0.0324345652887669 0.622347995986465
0.117130428086001 0.467758134330677 0.0379441206587708 0.377167316924551
0.103218074155349 0.243732686110653 0.529743655721426 0.123305584012572
0.278722643312645 0.339594071316582 0.0159356312828098 0.365747654087963
0.209541555362472 0.284523424841009 0.0947917345662167 0.411143285230302
0.329567649578449 0.148810830941597 0.185538259959921 0.336083259520033
0.148477927931745 0.329115819592532 0.399094378706328 0.123311873769395
0.132482977371408 0.431723441155355 0.122132895158512 0.313660686314726
0.201127331083375 0.433070577493419 0.2615730913223 0.104229000100905
0.115346840802757 0.478395864675793 0.214240318319265 0.192016976202184
0.257624274463041 0.0632032282085516 0.0828363995682751 0.596336097760133
0.47124446991468 0.145327359233145 0.0969815976477003 0.286446573204475
0.246628746493205 0.238067078940549 0.261243658686237 0.254060515880009
0.405482185887136 0.19957139557467 0.350290045599017 0.0446563729391769
0.259844932730096 0.190595248968251 0.487818256894842 0.0617415614068108
0.139164835710585 0.203083238461712 0.456323498077413 0.201428427750291
0.256753724116651 0.393379889234331 0.345515223366392 0.00435116328262686
0.308288159634492 0.273970472717046 0.119983507402841 0.29775786024562
0.165798828452951 0.421738657471083 0.218205249110634 0.194257264965332
0.231792744908257 0.270689556834588 0.0781045835879442 0.419413114669211
0.270482369377161 0.26622493328804 0.273482445966859 0.189810251367939
0.242010419717759 0.141783619116549 0.318376188328081 0.297829772837612
0.218086278699757 0.372053569637441 0.34532537097806 0.064534780684742
0.317713617141011 0.0239234506211144 0.360153561045989 0.298209371191885
0.358892188269129 0.462781613904365 0.113890050560512 0.0644361472659938
0.0489790698284595 0.423546161838128 0.453119921762853 0.0743548465705594
0.108816541412041 0.242337514139634 0.27697430708312 0.371871637365206
0.345122426239415 0.0503613989058106 0.336535376345852 0.267980798508923
0.259176572657631 0.28849207158367 0.200648120185894 0.251683235572805
0.456416227154644 0.277931765392264 0.138605664639735 0.127046342813356
0.103018504986597 0.367876671208082 0.121850523773028 0.407254300032293
0.346396025939743 0.289645098552 0.321335375586177 0.0426234999220807
0.337816858809051 0.318577338694771 0.0706789697741427 0.272926832722035
0.207113438835223 0.390312460067453 0.222712432750617 0.179861668346708
0.00290461972312724 0.259130071200135 0.563348851001 0.174616458075738
0.378624894985965 0.26291837494305 0.173069636453178 0.185387093617807
0.246664219086774 0.272276276991477 0.243076096272053 0.237983407649695
0.14885805836819 0.386561314008482 0.202795600827696 0.261785026795632
0.0883465127035974 0.691763798649384 0.0489600817585434 0.170929606888475
0.252418668674068 0.250408124025427 0.225292814888122 0.271880392412383
0.442382254085464 0.155341981896515 0.171411480816487 0.230864283201534
0.0498976266596516 0.484195328442779 0.176155755941263 0.289751288956306
0.331902139742092 0.198345362825011 0.313510406762843 0.156242090670053
0.293163829117285 0.0128985437589348 0.366008553247918 0.327929073875862
0.292725922189783 0.0385303649695388 0.350144814558786 0.318598898281893
0.225870140575426 0.0765381530430035 0.116889795182874 0.580701911198696
0.175262259961372 0.155446327255428 0.202923004701642 0.466368408081558
0.322384863890845 0.257827967366444 0.251003785704325 0.168783383038386
0.362543990573545 0.185239206171018 0.106021984531165 0.346194818724272
0.0493962750512133 0.340188533019571 0.297160272876608 0.313254919052608
0.253203607320992 0.217992099795781 0.283725665232322 0.245078627650905
0.0313836000653315 0.197721424551488 0.154843854488705 0.616051120894476
0.379737396370638 0.164221003993928 0.0879097030496345 0.3681318965858
0.374483660837396 0.160566046678112 0.409456817996263 0.0554934744882293
0.342833888155481 0.368902081786831 0.15293476575504 0.135329264302647
0.0701062740154336 0.365365486989593 0.241191164722402 0.323337074272571
0.11945089891167 0.211493920133831 0.558107834973491 0.110947345981008
0.150230226163318 0.274775032839552 0.31928291291122 0.25571182808591
0.4526917447743 0.286540203027006 0.0519066095282863 0.208861442670408
0.159810613699849 0.326203209377393 0.270097491060487 0.243888685862271
0.57187114450853 0.0278138507681924 0.0814295610447649 0.318885443678513
0.173829670988373 0.376840560408751 0.361543359164758 0.0877864094381176
0.346742176105554 0.117579866311044 0.173373887381377 0.362304070202025
0.189637428554987 0.163369118299301 0.261826186363964 0.385167266781749
0.221412102611978 0.211109214777685 0.169929474554792 0.397549208055544
0.322685211073899 0.0993100690603275 0.357208137703882 0.220796582161892
0.258497085491338 0.274786520691147 0.043520618491342 0.423195775326173
0.113826434605981 0.371434077410498 0.232900428398503 0.281839059585018
0.22119535348675 0.102512571792572 0.0326830307237317 0.643609043996946
0.495154963176805 0.137161802933973 0.309889155602017 0.0577940782872055
0.312653404142589 0.134110687070073 0.312374968856383 0.240860939930955
0.117502086303086 0.260566856420572 0.342712267233288 0.279218790043054
0.0853177488169417 0.508233009898071 0.0106910698937447 0.395758171391242
0.278641772373705 0.0210050857725449 0.399450661597988 0.300902480255763
0.467428825814512 0.345952293651402 0.0429155909231319 0.143703289610955
0.432639939657888 0.0400839150520346 0.159891050862407 0.367385094427671
0.41434580941198 0.408179555903188 0.120599950940507 0.0568746837443252
0.235141207372797 0.241617943321376 0.446131518607052 0.0771093306987747
0.360326505484858 0.122293442061134 0.259262971137552 0.258117081316456
0.214712202253663 0.355081757131175 0.243626515035469 0.186579525579694
0.267052100592603 0.34798427576284 0.220125139860304 0.164838483784253
0.292421532151129 0.110123116548339 0.225532089938755 0.371923261361777
0.405327936971689 0.0985497819790624 0.118086024714082 0.378036256335166
0.142582241731144 0.426866035632589 0.177299597349617 0.253252125286651
0.126082676703049 0.157890517081837 0.529851674173757 0.186175132041358
0.36288506220258 0.45108095127521 0.118563513923 0.0674704725992104
0.391821269878357 0.304708871585529 0.301937465535788 0.00153239300032613
0.272063162289396 0.0626365520244827 0.322605846581322 0.3426944391048
0.395017250248787 0.270253405533241 0.214733354430038 0.119995989787934
0.326214276269958 0.281444404411771 0.0841117146245896 0.308229604693681
0.39832676069453 0.354620529872594 0.112202612214649 0.134850097218227
0.362690365672801 0.0231253851050117 0.400683961161841 0.213500288060346
0.384480991964871 0.189509965734755 0.190315789563385 0.23569325273699
0.15465427917897 0.270633412551665 0.415645434215201 0.159066874054165
0.171137650055035 0.350927496288279 0.448196120662723 0.029738732993963
0.214169191120601 0.00272070218029261 0.221239401987139 0.561870704711968
0.173607389806797 0.230562257373246 0.220232440473994 0.375597912345963
0.41899277359355 0.243777353026814 0.307871534836802 0.0293583385428336
0.0364883618862012 0.332916802974245 0.20022834511091 0.430366490028644
0.11384885256427 0.217578322245731 0.267140710952209 0.401432114237791
0.46818773603217 0.17217131489024 0.279832958850128 0.0798079902274623
0.264654314308505 0.37678567256199 0.048854025844853 0.309705987284652
0.131796392685206 0.36898717209106 0.240425238288482 0.258791196935252
0.136338629512602 0.397715599687399 0.0790683360614219 0.386877434738577
0.212710420559492 0.310474887944204 0.270817279044957 0.205997412451347
0.373342060903982 0.156680264574882 0.39423541534423 0.0757422591769052
0.108252770839652 0.261994365092851 0.531064266407832 0.0986885976596651
0.23367520241839 0.251924347750949 0.183317095492451 0.33108335433821
0.195178622439578 0.371816748190686 0.14975178083994 0.283252848529796
0.0977762642933899 0.291494054041359 0.205378427354953 0.405351254310298
0.146946080743064 0.313309277498614 0.284400869399754 0.255343772358567
0.624504124856328 0.0404433840099581 0.218871146701093 0.116181344432622
0.240494222094806 0.0968707883125403 0.274942406190471 0.387692583402183
0.175314566967419 0.0784229761432151 0.26228870348694 0.483973753402426
0.18933095179531 0.316565265966316 0.458527845645538 0.0355759365928362
