0.270909822444207 0.0987789231599107 0.249498803961876 0.161952221406894 0.218860229027112
0.141115056769516 0.221077864157326 0.218208942333722 0.175020153920914 0.244577982818521
0.223031817661298 0.32995957194641 0.236307734990329 0.139052042302205 0.0716488330997574
0.230414680303431 0.214303517673335 0.397691304790864 0.128257176678116 0.0293333205542526
0.290509043915032 0.203640016420572 0.278557049441131 0.126681377568532 0.100612512654732
0.283654896554986 0.229995305716868 0.112749279844464 0.239486121482636 0.134114396401046
0.213075466835553 0.46319694280766 0.0507756649882271 0.0612004042499091 0.211751521118652
0.396727720280125 0.153307849323945 0.348656951033675 0.101144211185756 0.000163268176498353
0.0351751317839623 0.101072040239525 0.296155871438833 0.358111945553509 0.20948501098417
0.0165697786865835 0.160068966867375 0.435993885095184 0.0755300160157484 0.311837353335109
0.0541434154082365 0.11968051755148 0.255769170422892 0.305633401003549 0.264773495613843
0.256490318988448 0.13351759814542 0.22687336083587 0.247844293149482 0.13527442888078
0.186887880629713 0.161556419042753 0.381794025299217 0.184717803247772 0.0850438717805453
0.112734469188387 0.309298381747354 0.131326967726963 0.314378438982273 0.132261742355022
0.0779520549675327 0.319425684006588 0.150216998829699 0.18547348291483 0.26693177928135
0.0457969717076728 0.312767229705804 0.191923469138119 0.147839761417736 0.301672568030668
0.257062880077441 0.148584963356887 0.234394782602091 0.196308692254305 0.163648681709277
0.322884087811353 0.262828637330887 0.0197908060755375 0.374112900384583 0.0203835683976394
0.179173438483185 0.224570041748428 0.203903535376708 0.0365006915060724 0.355852292885607
0.33057219731096 0.214544362665388 0.20861865040777 0.0785555712035822 0.1677092184123
0.0898418384199145 0.32520859192132 0.348408209521375 0.0956768341743435 0.140864525963047
0.189537839763129 0.208599529740243 0.213281957742456 0.364333926366788 0.0242467463873832
0.113615095295539 0.30770471642278 0.268632588095302 0.00898793378617706 0.301059666400202
0.18767293860538 0.28540097583425 0.0231783052198667 0.200760049315628 0.302987731024875
0.29238073687736 0.298341748803675 0.0416564125105855 0.121751985469182 0.245869116339196
0.0274930856301886 0.0852468867811069 0.434038884020894 0.340682700205678 0.112538443362132
0.128932480859493 0.25323414522879 0.00280096454035585 0.156542642740826 0.458489766630536
0.0931606289272925 0.379737840168259 0.269194373759999 0.239451663971015 0.0184554931734352
0.209088021766601 0.228375602338917 0.317683506761983 0.0248305008101029 0.220022368322397
0.288760907965264 0.099489335630799 0.276742313331074 0.0467757251032747 0.288231717969588
0.0576002636244203 0.0408711911287565 0.577618286161408 0.207137383623354 0.116772875462061
0.358260765800473 0.20195237034241 0.181880765819595 0.188505767905553 0.0694003301319692
0.0743917959105771 0.104667923588034 0.152226000920232 0.32198945576213 0.346724823819028
0.00510298058176261 0.0892218388047492 0.324046567067969 0.253372871574904 0.328255741970615
0.094581363781087 0.271112529914827 0.160722345371584 0.255501010367113 0.21808275056539
0.00424140394797976 0.242705345334523 0.332429732944158 0.390620366513497 0.0300031512598417
0.300833868270275 0.303849255867089 0.307367464362452 0.0537660382547818 0.0341833732454024
0.043212429085587 0.253394037698424 0.265328001594983 0.327274512934971 0.110791018686035
0.0614565417827112 0.246734488180796 0.276731195158155 0.183909574706289 0.231168200172049
0.0194551492012524 0.204268545961962 0.0352602035177772 0.408705960075559 0.332310141243449
0.271732850721378 0.255269034277653 0.210290098862808 0.115673958361743 0.147034057776418
0.262433886274716 0.144485238666634 0.163254298506292 0.19234883854088 0.237477738011478
0.317909467286232 0.0523012219921627 0.0671920989345359 0.24554674919948 0.31705046258759
0.386434372216211 0.0915210850961125 0.0984922160394193 0.310126031561871 0.113426295086387
0.267142611938471 0.0584520054294496 0.226665390686681 0.133609646713285 0.314130345232113
0.0353025286394219 0.233660353555677 0.271277978668783 0.0494077418318328 0.410351397304285
0.0602325772325256 0.479950241035485 0.351025731154055 0.0108905480436034 0.0979009025343306
0.237861455210991 0.148947357258042 0.0597344223932517 0.349903904527529 0.203552860610187
0.132609763345796 0.141794662796203 0.239795695595378 0.219574236662371 0.266225641600252
0.128106158296215 0.0532688863436179 0.455595473337116 0.187641731698878 0.175387750324172
0.273862941005306 0.288591940018122 0.132029659544148 0.112300769092024 0.193214690340401
0.259556918683682 0.304674511962746 0.0123148488635222 0.151879414071747 0.271574306418303
0.0149356469851358 0.306476679791661 0.321908238266969 0.207986725968671 0.148692708987564
0.218287657034638 0.136120249233521 0.26113135888378 0.267004205172021 0.117456529676041
0.382398574868478 0.0747522938438986 0.38745571315636 0.0456720565978287 0.109721361533435
0.0435894204751002 0.269946393497416 0.277780673921961 0.251072392794742 0.157611119310782
0.127755151819259 0.272715989361382 0.116997315944186 0.302430474623549 0.180101068251624
0.153196612476918 0.221564975339506 0.167443890689312 0.173950572429112 0.283843949065152
0.142517977327231 0.391352354040389 0.0476449710137606 0.104282052298615 0.314202645320004
0.0747189984993138 0.216973664340363 0.311071219163476 0.025180437230536 0.372055680766311
0.250666804502518 0.504981229548216 0.07350884280582 0.00137958369658506 0.169463539446862
0.150850777522037 0.358762027949778 0.221677219771456 0.247101531524758 0.0216084432319711
0.417547932897843 0.19452427931203 0.0252866703628158 0.278307727151934 0.0843333902753772
0.135491505464456 0.15374539028587 0.130211799727864 0.292205354440969 0.288345950080842
0.15140157759188 0.259020300431072 0.045402780219345 0.26385710497691 0.280318236780793
0.137771873185713 0.365712162973496 0.12732378295808 0.208783359214569 0.160408821668141
0.120050854893633 0.0484992274473229 0.303132373161763 0.210857335655378 0.317460208841903
0.211741045381536 0.0120506922330714 0.232114908171781 0.391156419031734 0.152936935181878
0.0997289351604702 0.362338597831228 0.253367311630954 0.281921401684881 0.00264375369246708
0.310775817643779 0.0405173247522445 0.181517848862633 0.173034662864383 0.294154345876961
0.202292611918538 0.144044910326183 0.07766082511978 0.315818544746244 0.260183107889255
0.45412184806575 0.286796189790601 0.0298274486675511 0.209485954647345 0.0197685588287536
0.0455865631094479 0.0589619668839453 0.352215564692393 0.0640556390823059 0.479180266231908
0.201251701373146 0.148995352854683 0.241493556801266 0.223724331483598 0.184535057487307
0.21998388616919 0.18644157704309 0.0518815979037273 0.0984278621856983 0.443265076698294
0.290439525496533 0.0311664505993351 0.258693431005398 0.320208706032637 0.0994918868660962
0.42068093471336 0.0570039896040545 0.154408153075669 0.149913258983124 0.217993663623793
0.219532120555297 0.180382487075015 0.274402898837655 0.206171430482174 0.119511063049859
0.0144347310040558 0.427854050378545 0.349491319874862 0.0166369742823198 0.191582924460218
0.223117515054484 0.0736835929985918 0.258450030784767 0.204929358195787 0.23981950296637
0.405383863451429 0.222295064165 0.0415478555474538 0.273725599979042 0.0570476168570753
0.286644351415368 0.169229228599426 0.339822624253211 0.167965107621403 0.0363386881105926
0.180893351593931 0.287036492504093 0.292429533272239 0.0784220876037338 0.161218535026004
0.161370629216258 0.107312027937736 0.111174069670213 0.332897646218356 0.287245626957436
0.11906158608285 0.28727173574076 0.358817876149758 0.0876845960354742 0.147164205991159
0.219442928253394 0.17903104155312 0.213090364139015 0.307057922934917 0.0813777431195536
0.0225581246548624 0.397269782819931 0.346490596261919 0.0898840812026927 0.143797415060595
0.30213934556761 0.158524355702006 0.338143527186447 0.0043516526251801 0.196841118918757
0.343950452048362 0.0166408956026736 0.36702529896018 0.141762119535241 0.130621233853543
0.384713802804952 0.0408696505567373 0.0780305179229355 0.359099959471457 0.137286069243918
0.10373868100348 0.291849880028429 0.23560851860942 0.10217835411125 0.266624566247421
0.27965928677089 0.193128407459275 0.276185150340062 0.243060188554535 0.00796696687523807
0.168004361852827 0.152368938832147 0.123889335639957 0.353602567309819 0.20213479636525
0.206886769277895 0.359329820970117 0.136309635582025 0.234018155950421 0.0634556182195427
0.276764535799905 0.164326789784023 0.16478396083971 0.358528222208241 0.0355964913681206
0.227084684447538 0.0701463008947705 0.239509985909218 0.193386104532108 0.269872924216366
0.543842837372825 0.107154207467643 0.0384679089862501 0.0153037636156114 0.295231282557671
0.306594185734476 0.238167823205982 0.0473079040676437 0.134035529218348 0.273894557773551
0.178675519539532 0.26007285749527 0.184317233555027 0.261304155345196 0.115630234064974
0.213515738228744 0.19733323045531 0.24912350520381 0.0900521995039016 0.249975326608235
0.0907852024991919 0.248799182808087 0.172715752539963 0.226364156993346 0.261335705159412
0.038484366834933 0.199755143230773 0.318282126387062 0.105168804617183 0.338309558930049
0.221198547840484 0.317945772086678 0.185873795170199 0.236678061760255 0.0383038231423838
0.203663479197325 0.228608978318448 0.165962298051582 0.217446282619563 0.184318961813081
0.205176411427683 0.347451992858003 0.062722367070383 0.248695143821482 0.135954084822448
0.142119082450252 0.287892036874248 0.020590289795481 0.233533152853514 0.315865438026505
0.50870033723716 0.064469005122972 0.126332527191229 0.185166593747904 0.115331536700736
0.0580503343147065 0.174128797524666 0.223328926261482 0.327937322751848 0.216554619147298
0.125768079686014 0.235743260720452 0.0611029174511699 0.305320741155989 0.272065000986376
0.0885794275777265 0.194777586305459 0.229930930694158 0.404767708382585 0.0819443470400719
0.135088079871239 0.0141229893173652 0.293146697148636 0.439100854661045 0.118541379001715
0.185837029918095 0.0576457168289963 0.389370771714705 0.103098895332804 0.264047586205399
0.238629083838382 0.0897580484216877 0.308680768710358 0.360846917033726 0.00208518199584548
0.0588961497711365 0.159751701332837 0.32755485579029 0.16114140872313 0.292655884382607
0.0547537010534832 0.179578864819438 0.0909345446824447 0.337206169526045 0.33752671991859
0.302523556602429 0.185430645892871 0.294024934121874 0.0349709970522723 0.183049866330554
0.0847189069805208 0.0180041049784583 0.643448272684971 0.115628339955057 0.138200375400993
0.270951532166909 0.259944068677253 0.0748731447101987 0.137149649129014 0.257081605316625
0.0468840395420313 0.342308282238673 0.115738236272303 0.320874815138159 0.174194626808833
0.159031236457841 0.234707017456645 0.269365748319506 0.054346339075173 0.282549658690835
0.238344177532299 0.216263398604323 0.283306096970985 0.0905842008883758 0.171502126004018
0.0604588037132328 0.301614026723198 0.15118084324281 0.217488920309987 0.269257406010773
0.111308198460696 0.158286659690341 0.203328953263619 0.3405154606895 0.186560727895845
0.189234375330614 0.108374493189815 0.136829399421031 0.291110746992241 0.274450985066299
0.298735402517222 0.0167227956262084 0.0296102130920204 0.317145307089884 0.337786281674665
0.398511418348593 0.00226760413452802 0.346633081694262 0.0930353926934043 0.159552503129213
0.354192108554609 0.221125522722667 0.17233629002236 0.0843647614535731 0.167981317246791
0.00769020975656635 0.0280297430681641 0.355661718827695 0.0887668393128453 0.51985148903473
0.188821163469106 0.0293826005742623 0.142425437598475 0.106738451094793 0.532632347263363
0.18804868285371 0.000209356832822501 0.330095145953213 0.192098911141314 0.289547903218941
0.0607827606465713 0.33437395348888 0.286232462587158 0.246540829516768 0.0720699937606226
0.435231045940461 0.0492136214356218 0.143145325336034 0.229792275529401 0.142617731758482
0.0951480724779931 0.332128343957669 0.171316037777483 0.0742652908647677 0.327142254922087
0.00541531152192271 0.28639874060521 0.230551693131294 0.0859429213154545 0.391691333426119
0.0308005773924937 0.26138949071966 0.308090297702411 0.298480339042048 0.101239295143387
0.193515473633731 0.00682934545056924 0.136038415046943 0.389669729144489 0.273947036724267
0.1540930641944 0.413163709653828 0.168255164808248 0.0641051085825878 0.200382952760936
0.177658975595433 0.176940645135875 0.260178127890178 0.225641394883755 0.159580856494759
0.43791985158557 0.300654395981375 0.130721046689619 0.0278577429033837 0.102846962840052
0.229689909859902 0.0379933196554918 0.312766129451092 0.255752824307824 0.163797816725689
0.125475962305263 0.230800169178744 0.178141294911176 0.22762474266655 0.237957830938267
0.235133919932873 0.122842068255298 0.0695369636768582 0.151452617813648 0.421034430321323
0.169306263374155 0.340303388527674 0.168979360265668 0.242259021809959 0.0791519660225435
0.310194190716683 0.0368072714519823 0.352276227601803 0.161428917633208 0.139293392596324
0.254064644267934 0.272827908968723 0.047664480191768 0.308058288087044 0.11738467848453
0.261118197059542 0.156052058794575 0.00779407231669091 0.224669591569624 0.350366080259569
0.333681465452613 0.177732755723798 0.193057823066315 0.0429836151940048 0.252544340563269
0.0821453984030194 0.325811526479376 0.0595616096476026 0.262199164214593 0.270282301255408
0.152965637623061 0.0683472863396289 0.233869564067021 0.135988209815112 0.408829302155178
0.122981813692608 0.239001387281867 0.285858522830452 0.253114502150619 0.099043774044453
0.140856911794301 0.196711843563381 0.333305357807723 0.0117860904009932 0.317339796433602
0.0689196102423519 0.235136680122273 0.187365070344091 0.322766043894122 0.185812595397163
0.142508510486951 0.0514738010240472 0.413298800080448 0.274596595120171 0.118122293288383
0.18870108166933 0.100563341822934 0.418484718113658 0.0309471794330645 0.261303678961014
0.230841754040742 0.246437310935963 0.106206218618263 0.15924623199109 0.257268484413942
0.0563366413149936 0.258311295829482 0.236212812615695 0.155489528394232 0.293649721845597
0.233065614403429 0.17765685524003 0.231232655229694 0.184995767951676 0.173049107175171
0.0659755418126658 0.154640331662017 0.339333383543572 0.0789288450444646 0.361121897937281
0.191661110592126 0.269992740482956 0.0790318858674568 0.150655524924356 0.308658738133106
0.0629887436750094 0.336788013855215 0.396105298679343 0.0438981156008575 0.160219828189575
0.112407823071921 0.0868050476168536 0.152400775988565 0.207971350053193 0.440415003269468
0.0910832581527578 0.159177565736725 0.249548640065894 0.112786361931031 0.387404174113591
0.139213193486037 0.152432838600755 0.264198528927622 0.302755868837053 0.141399570148533
0.11639598580138 0.0886310975685156 0.322803183949441 0.187973326693909 0.284196405986754
0.280961587695292 0.0037246975389608 0.129887712336325 0.306651166508774 0.278774835920648
0.158401164003895 0.164107347169649 0.107105681256367 0.339381017673497 0.231004789896593
0.0333090757186 0.209925999305034 0.214773051671909 0.329177354566553 0.212814518737904
0.170728443936653 0.172719940497606 0.212995258280454 0.251074049635287 0.192482307650001
0.248710218345058 0.489161704816874 0.154444331395184 0.00464509464845609 0.103038650794428
0.185622322061087 0.170944855743075 0.212833446467364 0.248704047461686 0.181895328266788
0.247833015419863 0.244126021273204 0.228034348991893 0.0342419884413488 0.245764625873691
0.26040576755512 0.281783386677989 0.0636713674098139 0.135468536644292 0.258670941712786
0.278598928267153 0.302804105007777 0.0920694123382494 0.165166179839952 0.161361374546868
0.292590135210722 0.128380283739746 0.345381137710928 0.196698013000949 0.0369504303376539
0.26876589577487 0.0690907099924576 0.260002359003225 0.262829144138615 0.139311891090832
0.0141037536803575 0.26834979884564 0.276758632357813 0.27057021796715 0.17021759714904
0.188004025252863 0.380158527513874 0.0903570851172664 0.188804472215637 0.15267588990036
0.327154628301355 0.274805946454142 0.324116020978316 0.0610824443123032 0.0128409599538845
0.23267836655445 0.0959848418975568 0.287962064708806 0.11196362537151 0.271411101467677
0.263222912565232 0.361816400869081 0.16358822132459 0.173653035885419 0.0377194293556777
0.101483806228919 0.0130075927131731 0.282529316740271 0.284217694765424 0.318761589552213
0.2704724486563 0.0823202727727486 0.162816130398691 0.122771404333777 0.361619743838483
0.133660746862337 0.507765151383938 0.298516123960599 0.0557816941604858 0.00427628363264022
0.135524528082355 0.253862245460791 0.201744314682834 0.227854726940041 0.181014184833979
0.100763881758265 0.258891230294733 0.230272960877215 0.34354204253145 0.0665298845383371
0.2132669526286 0.282564294573227 0.00131997507893791 0.231688977583723 0.271159800135512
0.0434152403999295 0.201523313034607 0.153221422737757 0.151612024006008 0.450227999821698
0.236148188161173 0.152290331867139 0.225455585048996 0.164472954465829 0.221632940456862
0.028534019904733 0.0481126934681861 0.454983858926567 0.270098665336187 0.198270762364327
0.159375888768783 0.160458972499966 0.158803797292957 0.184029799537203 0.337331541901091
0.204127348523828 0.107310362805978 0.261527432216474 0.0419017255550316 0.385133130898689
0.256445092501574 0.182007372600362 0.243799631151321 0.13174630750818 0.186001596238563
0.163734983317935 0.135944394590773 0.239908053965646 0.17035971313246 0.290052854993186
0.305169353903064 0.281650167779897 0.290450055543366 0.0475483925864421 0.0751820301872313
0.120577518969795 0.281669564310495 0.268396381958409 0.294708312886866 0.0346482218744332
0.369096459269764 0.0937595896596746 0.210608271222461 0.0556408922165148 0.270894787631586
0.229551785908883 0.0288408333228787 0.218821122192591 0.207200083727218 0.315586174848429
0.315528739052036 0.0757352592932758 0.0927320262587892 0.287456373584148 0.22854760181175
0.0397304052022961 0.00982973264848833 0.432940330942183 0.40682759399603 0.110671937211003
0.254524834498815 0.136307353822075 0.0780277240778493 0.448001491691212 0.0831385959100483
0.0369857879484171 0.268704806794697 0.120369950875987 0.256039134687187 0.317900319693712
0.249110006657703 0.165014098572631 0.227081821606326 0.0764273334571549 0.282366739706185
0.277791861768888 0.149901705330408 0.0845531256080086 0.214808218758241 0.272945088534455
0.201245201256244 0.212604643809694 0.263372943108222 0.0738050367594207 0.248972175066419
0.323468264874544 0.210343733348177 0.150353290171377 0.190920499626761 0.124914211979142
0.0753039889976116 0.373844912396179 0.155155865957358 0.275451070986743 0.120244161662108
0.258461937980428 0.181212028239872 0.286796682507105 0.219972132598314 0.0535572186742805
0.432273457790931 0.128690610570976 0.0898467286719576 0.258193081990026 0.0909961209761095
0.156843500403303 0.150313885418046 0.0598336355987888 0.297071403086498 0.335937575493365
0.287431758214424 0.221385563305238 0.252916335872265 0.236268382698038 0.00199795991003588
0.21164010969917 0.246694785825262 0.220839835091879 0.174315308760126 0.146509960623563
0.244435598598817 0.254457271557332 0.227090919899631 0.259462790174256 0.0145534197699636
0.225275088346077 0.0741043419408334 0.28456950396004 0.115778060562602 0.300273005190447
0.0540513087905635 0.372371700195563 0.145599206857432 0.14428107274813 0.283696711408311
0.101196708640529 0.394869078886815 0.309781479713986 0.0784803787070902 0.115672354051579
0.233712649206542 0.115097930727864 0.229315423395059 0.274645078496478 0.147228918174058
0.223078645170973 0.244624576416881 0.109005051337388 0.199629884304559 0.223661842770199
0.193533632191358 0.25108979599618 0.27415946069395 0.118734261900186 0.162482849218326
0.275010870488529 0.202912180110287 0.271640145585484 0.0692256618925114 0.181211141923189
0.0869714218763636 0.230131927956793 0.241573050259034 0.164164373776758 0.277159226131051
0.168037929114735 0.384229674730117 0.0192560039679619 0.179350203445497 0.249126188741689
0.0536821588447304 0.305601420763685 0.05589623301728 0.478696932405764 0.106123254968541
0.125826265769024 0.109819869330126 0.387692658260341 0.0805035094284934 0.296157697212016
0.0975029965059794 0.139471480393973 0.228701623229708 0.174590494243656 0.359733405626684
0.282839053032449 0.278439216556245 0.238720481135254 0.0585064978712839 0.141494751404768
0.186617844108306 0.27771022211682 0.111137414000844 0.281607469767676 0.142927050006354
0.214720732588135 0.157829951952999 0.115354092394002 0.32905518480134 0.183040038263523
0.204612147193543 0.0996134979911991 0.234044169022191 0.236858591880101 0.224871593912965
0.22559695752171 0.131819538512491 0.1844048350412 0.318904661888436 0.139274007036163
0.0695270409329604 0.0425868447027389 0.309595528179451 0.280353791579544 0.297936794605306
0.101841512633053 0.143270414828449 0.157221107044426 0.527806592756019 0.0698603727380526
0.232209633282888 0.0695439501158056 0.264811817355467 0.186400330382157 0.247034268863683
0.287283085655387 0.0211506548077658 0.184541451253307 0.225047129636763 0.281977678646777
0.211933985530684 0.273215453978256 0.143741054380227 0.135952435901457 0.235157070209375
0.216415993154762 0.172056248603376 0.180883518845349 0.215889328574662 0.21475491082185
0.331428479063325 0.228729873378535 0.0395890521304692 0.0301850595906836 0.370067535836987
0.382162721604306 0.0953412100470988 0.0229354755493724 0.225067473637781 0.274493119161442
0.21260228061015 0.163663866004016 0.161771405821713 0.238071492004274 0.223890955559848
0.0607958727791322 0.0532475577136942 0.397030871311771 0.268197039118337 0.220728659077066
0.120235248418426 0.182658888389148 0.0301635236765295 0.338567817827082 0.328374521688815
0.243440794978414 0.203685872522773 0.120247505540126 0.23482003641364 0.197805790545046
0.310018939782479 0.241985882980927 0.219246111942068 0.0910875110191987 0.137661554275327
0.0814568558969357 0.173458606005981 0.17687685557093 0.369961325322428 0.198246357203725
0.318211149923767 0.171106029479311 0.098378594347951 0.183036481612006 0.229267744636966
0.111482844329667 0.134706008017505 0.338010126277715 0.057428515146776 0.358372506228337
0.0272489525350768 0.0359764820629178 0.294653860962329 0.321486529230602 0.320634175209075
0.114448456044225 0.126002181785202 0.228661568393172 0.245333037191486 0.285554756585915
0.162509622491263 0.294580185161481 0.197528843264407 0.0640471334721383 0.28133421561071
0.108660200497741 0.314649920782084 0.483561604961812 0.0659488638221235 0.0271794099362383
0.372267580888976 0.165123641607055 0.105158172991459 0.308666653633685 0.0487839508788245
0.285500930102529 0.119148423394936 0.263447050802742 0.185121920312654 0.146781675387139
0.045069306061054 0.247509545542852 0.2171467268826 0.195235792277738 0.295038629235756
0.127112936668114 0.232576702039422 0.260473796097616 0.281428771984659 0.0984077932101891
0.323353641831773 0.135119329763565 0.26638663717069 0.198545352333235 0.0765950389007375
0.2347987674063 0.191616135930192 0.271743288672881 0.169789767063183 0.132052040927444
0.199195771673944 0.227376326944851 0.266033753651096 0.242945397206342 0.0644487505237676
0.0910021437421061 0.0149604808378537 0.120266111000746 0.406041981706111 0.367729282713183
0.0970426928694765 0.1361987284898 0.146490173403137 0.281083320232799 0.339185085004788
0.308781969879086 0.281308407973594 0.053620134044994 0.263368242672305 0.0929212454300215
0.179960787014806 0.25308184156019 0.0642923209477503 0.330756844921592 0.171908205555662
0.25650212749766 0.168239839315684 0.119790196300056 0.222570779730219 0.232897057156381
0.0795120361600742 0.436668391519048 0.0171127586255454 0.256650373740127 0.210056439955206
0.269764438461867 0.423861034361811 0.153449438831776 0.0390116091162199 0.113913479228326
0.0428125561490237 0.00129821946981843 0.204515610822702 0.294089429567796 0.457284183990659
0.371031130144357 0.050546048059477 0.155753247301194 0.280515178545306 0.142154395949665
0.0730172644488408 0.20531307029937 0.233741023512365 0.343334755084338 0.144593886655087
0.0716042716546821 0.321354833347047 0.0328403721027257 0.238386110261189 0.335814412634356
0.216936776553893 0.061793550790088 0.20008671433254 0.235861654800806 0.285321303522673
0.112012706211261 0.0915590244451428 0.326033384235906 0.128070491969616 0.342324393138075
0.132450845359502 0.130854020713817 0.20122241349299 0.194144365912679 0.341328354521013
0.128247101712819 0.20654609697723 0.232340487456871 0.228424212202552 0.204442101650528
0.01727493852034 0.109431701532882 0.209816790440796 0.250865839231048 0.412610730274935
0.534821043844754 0.176809365439402 0.19126658186397 0.00474832945418901 0.0923546793976843
0.173750175215851 0.205180316821088 0.188573233946524 0.328715516983193 0.103780757033344
0.119614159270369 0.335906194535747 0.129645887704473 0.0629202353177861 0.351913523171624
0.0746565655506208 0.00201230643726153 0.252608488347363 0.336049209814915 0.334673429849839
0.349341302178792 0.194514939502793 0.194924748877783 0.000227543059319704 0.260991466381312
0.182541231358769 0.217882858812881 0.176263992778022 0.170499108204693 0.252812808845635
0.18724796032761 0.0123256775261903 0.458901738325347 0.31887384737977 0.0226507764410829
0.028410690962162 0.0542363818913695 0.327100768777499 0.260525103678736 0.329727054690234
0.137949657284167 0.24364303642932 0.312640391740248 0.263893398684692 0.0418735158615733
0.189493604418619 0.0751995949787742 0.0841495701002866 0.264890316108745 0.386266914393575
0.059856448849172 0.0900475641788739 0.399267361316308 0.422154107853624 0.0286745178020225
0.0319372906936812 0.421119627381018 0.164094264748565 0.105712067764979 0.277136749411756
0.239433623235394 0.100333222859643 0.287907209027744 0.217142588959188 0.15518335591803
0.098234750103177 0.447670253550053 0.0231921990200922 0.0462957396046687 0.38460705772201
0.422666549737379 0.0792468989593298 0.297688559630225 0.133200327371909 0.067197664301157
0.154079601994716 0.226793565527511 0.224180570111385 0.360101799434033 0.0348444629323557
0.189315272629273 0.129047010025726 0.0730667059487339 0.466922700119516 0.141648311276751
0.0205645659965637 0.2025582472234 0.212014553234382 0.3029765981551 0.261886035390554
0.0592758723731598 0.20405677819507 0.253327723427427 0.192013456336496 0.291326169667847
0.0631016544593631 0.240762352835676 0.320711365740813 0.140646556191924 0.234778070772224
0.0555812758545183 0.187612168185397 0.405568633179871 0.252113103972116 0.0991248188080981
0.291727321622663 0.142290421784381 0.254657998285638 0.0530964724780091 0.258227785829308
0.313328697907073 0.271532859049638 0.108675215846438 0.19908266251617 0.10738056468068
0.180086397548139 0.138363291735753 0.260844826356482 0.296485513820083 0.124219970539542
0.13768605319489 0.447024977568997 0.0276157524590464 0.255287923710055 0.132385293067011
0.16869988709941 0.175385523790376 0.193684072168545 0.314656344433749 0.14757417250792
0.25998265743405 0.286487860316242 0.297848902817721 0.136750211433966 0.0189303679980206
0.286286146294211 0.103580434838268 0.0920499564624541 0.261149766425043 0.256933695980024
0.316519824186263 0.221581411382378 0.184190029363954 0.0267434170677712 0.250965317999633
0.090475103867572 0.235628849868872 0.103759691553529 0.376528923855998 0.193607430854029
0.382289750774747 0.0348904782425265 0.489279199966208 0.038293430494598 0.0552471405219204
0.115402162647778 0.401621302519291 0.16383563847697 0.11384572754266 0.205295168813301
0.355275411512942 0.116205401494169 0.345437497563137 0.0492018390219007 0.133879850407851
0.444265548665891 0.144595244044913 0.296144622020771 0.108992142058633 0.00600244320979165
0.0885490390681177 0.380555750981073 0.177053882630457 0.232962274347177 0.120879052973176
0.24120642446729 0.231759946919554 0.359336945686271 0.0418334417628275 0.125863241164057
0.194748893532783 0.221092575280193 0.254035777706907 0.202225324192788 0.127897429287329
0.00130232125557523 0.151609154295994 0.26958453251239 0.0250382146284164 0.552465777307625
0.055084002764102 0.457861061171232 0.179930573992268 0.30654215643188 0.000582205640517548
0.194871855461709 0.432102319717073 0.0573210737488508 0.0857996598242141 0.229905091248154
0.179339383475619 0.165987360772799 0.261178392872669 0.184946671112493 0.20854819176642
0.100981634514501 0.235933776267263 0.220341456801325 0.158481697529852 0.284261434887058
0.122879995600084 0.129931198115351 0.314746681319757 0.125432490407434 0.307009634557374
0.181736549351419 0.359954572514042 0.117590930646323 0.250925426015581 0.0897925214726348
0.240038668022541 0.230487797389323 0.287817988576729 0.127447700350617 0.11420784566079
0.298838973016164 0.227266347456201 0.0217094565958869 0.225323224776423 0.226861998155325
0.0791254505137999 0.27099471131129 0.333438111624383 0.27424070013354 0.0422010264169873
0.301984464297401 0.184146901407532 0.179419543562312 0.0447818055052468 0.289667285227509
0.182582871583611 0.117064113175375 0.22123637872855 0.223532911261233 0.255583725251231
0.260809883126605 0.0583802680868454 0.409564178760682 0.00836170998803426 0.262883960037833
0.188586946784529 0.214098140762383 0.141286920785643 0.201933518747542 0.254094472919902
0.0333978813620547 0.0664882574272595 0.218626296617579 0.388182362308829 0.293305202284277
0.396189747458943 0.206667326466954 0.0537623486532649 0.191298520190336 0.152082057230502
0.0850919581589585 0.440340782645547 0.191683504915724 0.157274847320316 0.125608906959455
0.373475451573909 0.227187653046209 0.345784740579123 0.0426974799294847 0.0108546748712745
0.133092877623586 0.148735156751767 0.173306660843868 0.28754200109151 0.257323303689269
0.0182877620543197 0.242418721871173 0.216835839570652 0.188268851969069 0.334188824534787
0.200308746756973 0.0784653079314302 0.289081402188634 0.222291986305451 0.209852556817512
0.30482890833859 0.17495723310691 0.323469101314133 0.192440564140146 0.00430419310021952
0.136113553849023 0.183470522541117 0.215599027727763 0.221971255893 0.242845639989097
0.420792550930035 0.322139802930808 0.103765193589743 0.120265640169653 0.0330368123797619
0.0881735302283834 0.0613941722710472 0.259806813311017 0.163555170908719 0.427070313280833
0.181520568478259 0.248587244056697 0.0837965693771365 0.0663028184362473 0.41979279965166
0.170096297779038 0.255935655512543 0.2198358795609 0.266354861350413 0.0877773057971062
0.322085836042965 0.325165332526775 0.105747552695937 0.214363527043671 0.0326377516906516
0.151687693290033 0.36228107279155 0.318529239726441 0.0798339998185934 0.0876679943733823
0.137559210046239 0.170061730794507 0.306333564887511 0.311948412867882 0.0740970814038616
0.24920677087563 0.0960092975020578 0.184281096193021 0.285345872331813 0.185156963097478
0.289264935369731 0.397850383869842 0.00890133921881715 0.267644185211496 0.0363391563301138
0.26001068558883 0.369007173610859 0.244055188889099 0.0208018255154884 0.106125126395723
0.139479370484765 0.483342191739729 0.0233814615047096 0.0277501664553221 0.326046809815474
0.17915890422074 0.253356097797531 0.162560933752999 0.383574680004836 0.0213493842238939
0.0282702007306065 0.279706049954443 0.214014752028775 0.263482498010591 0.214526499275584
0.027414135784929 0.267923969815845 0.287847952262998 0.0513439562811379 0.36546998585509
0.107781020843051 0.286302563708344 0.339404092984163 0.057304637361059 0.209207685103384
0.200696281608292 0.210538121389927 0.242190182047731 0.194647661295746 0.151927753658303
0.295913780692505 0.389790759674972 0.0684588242958803 0.0613748537581742 0.184461781578468
0.242547724028171 0.248391986924383 0.214918619926961 0.210514615152765 0.0836270539677198
0.35311231635248 0.0592590857793399 0.200613806600888 0.189285357210115 0.197729434057177
0.272381377444103 0.313305798220763 0.0571373393841385 0.0787706907641672 0.278404794186828
0.077970088667748 0.383540548490091 0.345055772719644 0.0695385750887479 0.123895015033769
0.297794721829726 0.116733386447138 0.371145719359547 0.188746333318614 0.0255798390449749
0.0749281412756975 0.351691708339895 0.226544814850463 0.316709152226606 0.0301261833073387
0.299956164496146 0.195354094572991 0.173314213529321 0.0122955363663527 0.31907999103519
0.0434502184232396 0.358250910935106 0.152442296544195 0.131471906475147 0.314384667622312
0.0685269532771822 0.302335684763313 0.384078290029265 0.159230402999191 0.0858286689310486
0.148909797618423 0.25718359101435 0.073188401382597 0.282120012571274 0.238598197413356
0.0867529077096379 0.440177473011208 0.052771118375149 0.00232229608710127 0.417976204816904
0.153326762736677 0.133906947736516 0.228953367727975 0.310025393263831 0.173787528535
0.15997009630592 0.0546151423609353 0.430081476170929 0.0282979921852377 0.327035292976978
0.354854750759483 0.228777899378666 0.0168508449815307 0.35676532474174 0.0427511801385794
0.305378854844177 0.0277645776649703 0.384763193854825 0.0481909919635897 0.233902381672438
0.163323359593586 0.208734253944788 0.293332918279864 0.159526932716877 0.175082535464886
0.313630406214572 0.00677143833672893 0.130909868805961 0.529424546809646 0.0192637398330924
0.238220758744765 0.144422983798926 0.158465871103414 0.168068242129809 0.290822144223086
0.159086891718227 0.134206815714241 0.177819054029301 0.154725098449427 0.374162140088805
0.178533983407659 0.357108354570439 0.0397754009518413 0.208868375945897 0.215713885124164
0.110076486229824 0.338399993922184 0.25490903084287 0.0960216055131643 0.200592883491957
0.139179817111165 0.327397006140644 0.00599731837128568 0.308658546597615 0.218767311779291
0.168442474492516 0.100278295747438 0.13844570794197 0.404543074596807 0.188290447221269
0.230374145350148 0.0506922433872797 0.282058629231614 0.356375178859854 0.0804998031711049
0.130896524361849 0.230383107687091 0.344739943282708 0.10890993996039 0.185070484707961
0.140460881348544 0.281057636658438 0.0242164191195468 0.0547319702993926 0.499533092574079
0.290914396270649 0.0588442731562324 0.143337001382768 0.213564801158603 0.293339528031747
0.0952761726362668 0.263812398236408 0.253387751537509 0.168627627025548 0.218896050564268
0.141352973883522 0.126253396455204 0.254672768158652 0.450586187774412 0.02713467372821
0.0511266310115958 0.398254459035626 0.0396994540148858 0.428679553727989 0.0822399022099032
0.265735152520876 0.26395408715602 0.316636352979869 0.143478041550926 0.0101963657923088
0.132287152472761 0.441258555184175 0.0286788029396659 0.0120392724332303 0.385736216970167
0.248618733080994 0.181360907106264 0.199277578552055 0.264085518904723 0.106657262355963
0.34718464574557 0.0783224246268395 0.0858378448340386 0.269293015271705 0.219362069521847
0.259788553526569 0.0605871359850606 0.296825166226037 0.0493250769880996 0.333474067274234
0.0884221880284795 0.259372792404691 0.11423878647596 0.273263014384357 0.264703218706513
0.0130438501052724 0.118807875792295 0.557552614278892 0.196753735988748 0.113841923834793
0.193839005155271 0.364488381541634 0.0965663474359047 0.204077173686049 0.141029092181141
0.0870339697980932 0.288328551885103 0.24940358150822 0.287021574997744 0.0882123218108394
0.289029125558541 0.271996961491934 0.173343963546126 0.0417863504949489 0.22384359890845
0.121172617455547 0.172239869871575 0.227526572233653 0.263604453683362 0.215456486755863
0.213557457091356 0.265216102246357 0.0298897652494073 0.255092744995606 0.236243930417273
0.0365415337021675 0.144089740215888 0.169566398643595 0.330261943595919 0.319540383842431
0.0786977618887002 0.160147794138728 0.361585285680242 0.380208139478544 0.0193610188137854
0.212364880413081 0.32022414044702 0.0989977600170094 0.0791171793792181 0.289296039743672
0.17135341479685 0.0487371609497474 0.380753298618213 0.0695699249231645 0.329586200712025
0.28506952382233 0.231004006718911 0.0466237421070064 0.180193903346367 0.257108824005386
0.0562296240366332 0.401430094114788 0.152956292811303 0.380584435185365 0.00879955385191121
0.229598173290003 0.195822499392107 0.233506196654354 0.0274558526701214 0.313617277993415
0.1858430749035 0.0571788799845721 0.285397847069664 0.127878749689006 0.343701448353258
0.0409072417874209 0.0745208919083485 0.369276222315638 0.268946268379562 0.246349375609031
0.0543980412959181 0.119204186534222 0.375015500149402 0.0199371509764851 0.431445121043972
0.0843497673190578 0.154915823585747 0.271825169198178 0.309955874246506 0.178953365650511
0.234147280460036 0.0919068791291756 0.0575776597545715 0.32719675613183 0.289171424524386
0.291279107388373 0.239724864084255 0.0125593768907018 0.271992860873173 0.184443790763497
0.292858743367321 0.396313410099939 0.21804537995626 0.0725604889991483 0.0202219775773311
0.283052937000765 0.0165477073609122 0.00868242105319537 0.594350282851654 0.0973666517334732
0.238480551689359 0.287027922685868 0.0679837240967639 0.135955187258496 0.270552614269512
0.0861993158985534 0.349039187906518 0.03854104215214 0.26807070189631 0.258149752146479
0.0304053578611639 0.461618735247293 0.466887785797979 0.0129284004786765 0.028159720614888
0.2231219776639 0.111253892543898 0.251983845430881 0.0763318983993302 0.337308385961991
0.0501704832576758 0.285659413831908 0.273623318846108 0.277714151680427 0.112832632383881
0.0437773790736165 0.0558093556227941 0.295564656740992 0.321949241388838 0.282899367173759
0.196449191003138 0.184100466446365 0.182032364098844 0.273992302826863 0.16342567562479
0.187474960263937 0.335912958793842 0.12202468140068 0.2412330871165 0.11335431242504
0.189158732539038 0.233287236662015 0.211583594874219 0.101278718403613 0.264691717521114
0.000356568876739144 0.079315595708858 0.306203395793504 0.236673456237607 0.377450983383292
0.162652131568405 0.101344899411848 0.225681697620059 0.173773809355889 0.3365474620438
0.278586768439447 0.222759824541915 0.220255420197386 0.0949387670240216 0.18345921979723
0.256752105949113 0.368391917703377 0.272855200694292 0.0664434881919362 0.0355572874612819
0.242598413468465 0.260499655448448 0.133767899262015 0.108992455802546 0.254141576018527
0.0556214906747602 0.406418328685525 0.206361329713132 0.253247305891228 0.0783515450353537
0.102972387559626 0.243052940913259 0.106410111083706 0.242906947065156 0.304657613378254
0.182840139468638 0.0653376697998648 0.272362931260775 0.275133753879263 0.204325505591458
0.19742093490865 0.142035732756259 0.310212608045401 0.0776455217499733 0.272685202539717
0.0745471170815964 0.0569070774815595 0.289612396987478 0.338667344383171 0.240266064066195
0.25403454552159 0.229901157036308 0.129156327215153 0.000339460717022843 0.386568509509926
0.00876185073677456 0.148653610234548 0.233375950495633 0.238381598747573 0.370826989785471
0.105849996729287 0.272876352723175 0.278601058747453 0.243646163354544 0.0990264284455408
0.0818812369752638 0.143723858520305 0.245523615255144 0.022891154406111 0.505980134843176
0.0600524090548933 0.0292086758011054 0.439980277606578 0.0243958307959943 0.446362806741429
0.0597283827651596 0.348497314171977 0.237985823162972 0.107029530138179 0.246758949761713
0.207836315319638 0.33770786627376 0.206292255031491 0.0369447448479357 0.211218818527175
0.224948036399647 0.114046901235027 0.289984471642456 0.166841790142085 0.204178800580785
0.249142589799868 0.240312169100596 0.224022545900618 0.184933707147954 0.101588988050965
0.232808714846969 0.280547846401485 0.186867058756058 0.123598447839048 0.176177932156439
0.242204655734671 0.314393410864012 0.0965265713341295 0.120278529000106 0.226596833067082
0.251650237620508 0.0452946338923574 0.228528513535601 0.16647920130679 0.308047413644743
0.0439819811124801 0.0982763445312219 0.299082091391345 0.375930851261889 0.182728731703064
0.197444099258679 0.182921538700203 0.111673891032058 0.193155614444698 0.314804856564362
0.0398479320614257 0.387982412886513 0.167733298066604 0.325125680410521 0.0793106765749358
0.280298830748351 0.262068073905511 0.0378083891086119 0.274934388602416 0.144890317635109
