0.0110883197977258 0.326449951329855 0.22916912742536 0.134016593677397 0.217683639029139 0.0815923687405225
0.0735403422935799 0.14138389389379 0.0555614306218749 0.250489168284262 0.322961441050234 0.156063723856259
0.305416988749304 0.151073598778987 0.108852191053228 0.0398811476386713 0.261266512022776 0.133509561757035
0.156263018258784 0.142044789612456 0.0164294324950257 0.211514489542516 0.187737275273663 0.286010994817555
0.0528268439696903 0.308077249398244 0.297018274609794 0.0586989652780576 0.140351350795586 0.143027315948629
0.172466754255779 0.247348833802519 0.0109299311985413 0.201768441516216 0.0959588797395096 0.271527159487435
0.287604560550129 0.135239648621671 0.0844266678245233 0.154174267973821 0.131116916849074 0.207437938180783
0.071031475899082 0.359592316328752 0.305823713712043 0.121766992343005 0.0951828051400531 0.0466026965770651
0.202593475082083 0.17898010731191 0.111447013745089 0.189163341209821 0.228109023593149 0.089707039057948
0.0616066646335746 0.281677380086027 0.16360617176903 0.220580369269419 0.0359881194828137 0.236541294759136
0.311771600844117 0.00632146048132209 0.0376957877695284 0.342611744435365 0.176802382944661 0.124797023525007
0.00509419802390658 0.126699763435989 0.185776195485743 0.38759898708077 0.103418624644061 0.191412231329532
0.181524978267845 0.215035828988826 0.173722049482697 0.0513517891365074 0.193692020717755 0.184673333406371
0.114914614203606 0.247847744492251 0.136990578704825 0.132787545783198 0.248146324200012 0.119313192616107
0.206518660423234 0.153922155150158 0.104981426131517 0.213686297258002 0.0786501213776385 0.242241339659451
0.160672822206698 0.0300703170560669 0.249011388193905 0.0768857307925115 0.175054109317071 0.308305632433748
0.28761328861339 0.0483638779906893 0.114765770150853 0.314564817002682 0.0843098604271849 0.150382385815201
0.0563222812481957 0.310398160854263 0.301646392787509 0.20879455402319 0.0140217380283232 0.108816873058519
0.0119592114901417 0.13933012100479 0.31830154371634 0.139679598583373 0.0309956662729001 0.359733858932455
0.225421453932539 0.236256682868296 0.0447419905268202 0.0979990690628072 0.11406780329137 0.281513000318168
0.0795899912498135 0.168474970318856 0.0326416306590868 0.212068421670347 0.276885359765684 0.230339626336213
0.210522368634236 0.406250999729989 0.0821828833611642 0.157820724620583 0.0916867695709649 0.0515362540830628
0.176993642904634 0.278619104721682 0.114495191467129 0.141495518336545 0.189081661863516 0.0993148807064935
0.237637851062943 0.119607538987043 0.0628458201663012 0.199935345268006 0.313169127641078 0.0668043168746283
0.0348602518491418 0.0915645097637909 0.0424952288570482 0.23299321675103 0.574649656327671 0.0234371364513176
0.342169557494735 0.0544855759342852 0.188925397769309 0.0563893955493056 0.0444304985838385 0.313599574668527
0.236245117751853 0.207675672775577 0.15466162871151 0.108785484224457 0.2634056303676 0.0292264661690026
0.0734310354124734 0.29378505454548 0.237616702457047 0.109739795572827 0.0643161496850198 0.221111262327154
0.271953944539828 0.0775455220169318 0.0487683527653189 0.235112278975945 0.119889134009559 0.246730767692417
0.24155468061637 0.338060093127476 0.121269923204775 0.0998924387008419 0.0353036244027197 0.163919239947817
0.192771852130764 0.0536568802526862 0.27950342226748 0.00709925318539156 0.369776624836058 0.09719196732762
0.113064328134887 0.014781307313949 0.181829269307703 0.0407600554649947 0.285307981373525 0.364257058404942
0.248351181625146 0.251904481634063 0.0724310098587793 0.236486078759668 0.183495474310944 0.00733177381139916
0.0432655517487984 0.251102741937291 0.141648897774548 0.257851553143552 0.0282940949248805 0.277837160470931
0.0939161794519822 0.250462299854882 0.0999183512529555 0.233934674464211 0.230874853166424 0.0908936418095446
0.181109663693605 0.119716995053317 0.0501378385435533 0.255669502302813 0.207885945204149 0.185480055202563
0.0733293009605133 0.231369286409865 0.129967003348819 0.203638722095676 0.207951194830185 0.153744492354942
0.141884185889809 0.0743200883617711 0.12773891995014 0.0904831877755469 0.299021366090846 0.266552251931887
0.128218276693025 0.0149141420236738 0.250510581431311 0.0883025427947857 0.339164151015077 0.178890306042127
0.325976917917946 0.210136393206057 0.0645657795812927 0.0296101790827429 0.31574997540293 0.053960754809032
0.211450590650225 0.220144810860616 0.217627355853363 0.145268259452511 0.181927112204352 0.0235818709789329
0.1022488582858 0.264527027445693 0.0408569842631943 0.308930772058225 0.112265630362022 0.171170727585065
0.0629815504827978 0.00244852751522662 0.209119414031544 0.242396984461437 0.237649515449245 0.245404008059749
0.070323674631947 0.259821414110621 0.240771063066409 0.195485328929521 0.22995413743836 0.00364438182314232
0.0112544921667234 0.118690277984318 0.00620283056181809 0.0564749274185079 0.370253510909763 0.43712396095887
0.158985003763308 0.0943900684400795 0.046005782408428 0.20916434592846 0.366128046988952 0.125326752470772
0.261266471385705 0.231308245603919 0.0334147745503129 0.245912117191403 0.0969728201269964 0.131125571141663
0.205827362853257 0.212965026976642 0.199868872685868 0.073893499609848 0.0671415225766492 0.240303715297736
0.205719554633354 0.157044613690327 0.231121703554456 0.109482220902806 0.136941544092584 0.159690363126473
0.184336508964333 0.130570565724436 0.301643905568178 0.301111722571815 0.0635373001691775 0.0187999970020609
0.289566617493227 0.232621473083294 0.0932951278392666 0.106142408728511 0.212675454368521 0.06569891848718
0.00662107049102547 0.367582829641606 0.100902136668404 0.188435937545739 0.0811153315789518 0.255342694074274
0.0203822181841571 0.272981366980023 0.26812795318565 0.193583356895511 0.100606561763271 0.144318542991388
0.337559113672994 0.149029574754805 0.0057435025048028 0.431949733380378 0.0401669014883566 0.0355511741986635
0.237276418325952 0.125938256888839 0.183160513188574 0.105500237789017 0.256520962475931 0.0916036113316863
0.0969419401526526 0.202646438078681 0.218222807514996 0.147703857452316 0.113983418172407 0.220501538628948
0.00674236175606559 0.269154510949879 0.133813305987404 0.0693414726345809 0.221958921722563 0.298989426949508
0.291052359451661 0.105105620877053 0.244173225835564 0.168836655991124 0.0956580762038855 0.0951740616407132
0.203794845981978 0.319892484244288 0.0168243804333711 0.198798919537327 0.0179065037429999 0.242782866060037
0.0652256238826384 0.0448279960911302 0.305657822183698 0.214611130423982 0.228401468618168 0.141275958800383
0.115122257291368 0.0209198979571963 0.068365658303895 0.319537920868998 0.0929665908422972 0.383087674736245
0.265812029456015 0.253179949478239 0.0631840612242266 0.169393877528688 0.201441796026098 0.046988286286733
0.0875394450447918 0.283906791759952 0.318245709466415 0.108560218833039 0.0702727612534005 0.131475073642402
0.290826194697428 0.0281057858986128 0.147553784762636 0.221406616245019 0.0446121584070674 0.267495459989236
0.0865234459044207 0.0739275184088375 0.310477468154879 0.0597098427152923 0.252127777226248 0.217233947590323
0.129750480076488 0.187906240741835 0.208469050064475 0.00143326557907037 0.225523347303177 0.246917616234954
0.115350348848183 0.157994306269595 0.271460436910823 0.126515231462061 0.0493141784112173 0.279365498098121
0.187609892827356 0.212625126538541 0.0134407669246601 0.0228699565211923 0.241680454887869 0.321773802300382
0.116586379521922 0.228850132730395 0.0120181539268096 0.2116254675985 0.258359065681607 0.172560800540766
0.0449811071097511 0.132589898692785 0.189074016252213 0.142630609171608 0.224220637511471 0.266503731262172
0.126420720485939 0.211789384198211 0.064076920730705 0.302367442119266 0.187231653482469 0.10811387898341
0.116632669014701 0.197346413031535 0.148658202421211 0.199846715689533 0.134887302207467 0.202628697635553
0.152276794814891 0.21487413592844 0.0478009661841512 0.277213198632976 0.181092338633349 0.126742565806192
0.254323958382364 0.119300774189202 0.0483996117269197 0.209568190209082 0.0313095193898367 0.337097946102596
0.196833863039837 0.15404958249571 0.0873975253191576 0.23274848832968 0.0862836088031986 0.242686932012417
0.0470157139174369 0.209481280388731 0.134639821284356 0.206019165787001 0.0997918322528207 0.303052186369655
0.23859114066951 0.07014818466945 0.134622052084628 0.226903015249248 0.254030182075177 0.0757054252519875
0.102301792676905 0.19420267043772 0.211521070537196 0.243286185941335 0.201112291429622 0.0475759889772226
0.196171932327278 0.107645971145723 0.142652229351072 0.158465780124678 0.220808449433888 0.174255637617361
0.175173359958676 0.23417705595796 0.0779421096377763 0.11073832568543 0.218578842163648 0.183390306596511
0.0513548212009627 0.31536381360235 0.0639382363736487 0.102092218384784 0.258947768653835 0.208303141784419
0.304848308820269 0.13618797591364 0.117792466616297 0.145122262788685 0.00537225388018394 0.290676731980924
0.303265926349252 0.00966763759468359 0.0348609430691162 0.162466012556362 0.31224495852922 0.177494521901366
0.228165943916666 0.196010430961141 0.251329252035085 0.0766661226097985 0.132579276161547 0.115248974315763
0.292121501418148 0.138496005395625 0.28963796948521 0.0398918085673898 0.05558515889767 0.184267556235957
0.27931296159838 0.156695294534088 0.321122376114799 0.0631244682987251 0.0518160719114933 0.127928827542515
0.320022260202741 0.237989113271274 0.0409056545501124 0.0509873487841293 0.0932861713850966 0.256809451806647
0.166059461855784 0.0934997030479437 0.349739075108148 0.181259640428056 0.0659615333529858 0.143480586207083
0.22014044177631 0.292254113199781 0.200067355206927 0.065476555737996 0.0821525835119993 0.139908950566987
0.311498015197184 0.188032774175201 0.104131329615956 0.0232624431660622 0.023900084249863 0.349175353595734
0.328530960646438 0.000338224427400503 0.0610276745269406 0.258570038069374 0.0178975976948809 0.333635504634967
0.277445101206506 0.162181161175064 0.00205346274925164 0.346944299247578 0.0577159215092967 0.153660054112303
0.104098101780674 0.130260881668546 0.0478273486902891 0.34494642617286 0.26710293305298 0.10576430863465
0.25813304739447 0.185293026295773 0.0623123412147642 0.226467869611149 0.194996576964969 0.0727971385188746
0.171219207310234 0.172550410912466 0.0576078445202966 0.136431426230195 0.212423088657631 0.249768022369178
0.0909535220477696 0.161871272287857 0.218851734161811 0.0168247151331484 0.257932464668235 0.253566291701179
0.0952639746215139 0.162475008056464 0.151184267278257 0.170420132777805 0.0794895460965706 0.341167071169389
0.244349185093755 0.289667819142174 0.109167788345053 0.0146368287058733 0.10334081097416 0.238837567738984
0.0208648364798314 0.253071360862218 0.0531231450797979 0.157962272870739 0.274436920297954 0.24054146440946
0.155409227319139 0.279455707537076 0.231180822946249 0.0732809960514581 0.257519635104452 0.00315361104162562
0.0624915372021729 0.257342393146974 0.178432879343369 0.0487019454992081 0.347598246951121 0.105432997857155
0.151665326703038 0.274114850693095 0.120238311528158 0.0137885844680456 0.278681694958698 0.161511231648965
0.321333644064116 0.312906653979499 0.101698029369309 0.0837302162222152 0.064264183458585 0.116067272906276
0.196233445304216 0.0930831534511735 0.290546105224086 0.17677289230518 0.216516634733114 0.0268477689822308
0.0885802852362437 0.163153437765366 0.00754355725757604 0.296951370360331 0.228423898236371 0.215347451144112
0.209106141269179 0.392956093736815 0.267507213521569 0.00279748087064991 0.0327301345043739 0.0949029360974133
0.245585385875948 0.121725374319462 0.0954359608032397 0.159313789391664 0.164818311567965 0.213121178041722
0.0665096987724123 0.221719369843736 0.0892136599450143 0.254992395222287 0.123411708628801 0.244153167587749
0.137452849659392 0.281521981923942 0.301769139318195 0.0378857622572472 0.204463874905321 0.0369063919359025
0.188081453276515 0.271760652051188 0.209809384338109 0.00549968466816805 0.296745114168493 0.0281037114975279
0.0708664766007673 0.102133232813057 0.218634530740095 0.0899069266561174 0.251929688546399 0.266529144643565
0.190165244348944 0.193450076077825 0.127999758947229 0.168658467107238 0.115462171793741 0.204264281725023
0.0101322072196027 0.181355917307156 0.411432326000224 0.0873763778866987 0.19426302797859 0.115440143607729
0.108742751211984 0.376768345678314 0.0357559518839425 0.189480384824235 0.148530838673572 0.140721727727954
0.192377778728082 0.216463553775342 0.109456872182208 0.212432379160895 0.140978186194598 0.128291229958875
0.311303760660941 0.0414897163352838 0.184769456695889 0.0907131996188019 0.0862621058491853 0.285461760839899
0.223578456059586 0.109022917958638 0.0819485782401332 0.0546589018421681 0.163710389276819 0.367080756622655
0.22509339970294 0.143686196606663 0.161733405230074 0.22329935899665 0.204156780325003 0.042030859138669
0.0267380419120468 0.092655532085833 0.124008547093074 0.275816140437846 0.162696800219459 0.318084938251741
0.206810269371428 0.207590221560906 0.0322126279932259 0.10627579072183 0.216407316779 0.230703773573609
0.00215187497120495 0.284844057397447 0.0652084495110803 0.00516390524468261 0.511774908857897 0.130856804017688
0.10280370945696 0.154328710566784 0.116315756747817 0.234861651951039 0.267501126346464 0.124189044930936
0.261721887035817 0.201162038117743 0.0511181064786234 0.203118919131348 0.135946392151775 0.146932657084694
0.274627886522826 0.141022169218447 0.076414224015311 0.299284067607297 0.0759989856713052 0.132652666964813
0.118041469816771 0.124506472348225 0.281351023524502 0.194041528464235 0.139345426841998 0.142714079004269
0.199477489147047 0.134990035968686 0.238810720581838 0.169144640050105 0.0166397341626307 0.240937380089693
0.232411375631139 0.121175041706852 0.181377436669584 0.252527929202152 0.0250625810206952 0.187445635769578
0.123926454638323 0.102916482260427 0.139859570342836 0.295353870375657 0.169257348549209 0.168686273833548
0.228727416679137 0.265892274308673 0.0429946401379762 0.00763540391940065 0.259618630960064 0.195131633994749
0.216999782165192 0.0936400939442086 0.184041596655981 0.200963278964042 0.10405748477225 0.200297763498326
0.063486278485118 0.215314694942728 0.000248624591636286 0.199675250939933 0.264608749339652 0.256666401700934
0.200498825980546 0.037749962638137 0.0411584761067253 0.331180039559496 0.145352892809032 0.244059802906063
0.0278264051071649 0.186124901986641 0.179464222326091 0.0799782737134424 0.158267406110557 0.368338790756104
0.0969113093460338 0.00464488494365675 0.246507770677409 0.108424716474416 0.24204955488657 0.301461763671915
0.18751768416706 0.108718485073236 0.264949697278315 0.252060831795856 0.0142191084519277 0.172534193233606
0.261966164335807 0.0410257301086921 0.0928768744498272 0.187712145304487 0.287060898044958 0.129358187756228
0.071579225922747 0.0195088378833057 0.422440851074394 0.235145220077709 0.0519135224162124 0.199412342625632
0.17616932406503 0.0429764403707953 0.0131030880369277 0.109781263217905 0.354698583256729 0.303271301052612
0.206044725084025 0.10147739689687 0.245426735047545 0.147475294978939 0.0829332385490449 0.216642609443577
0.102640755192418 0.123052131399498 0.268931186864764 0.0481824217910721 0.280534633542695 0.176658871209553
0.0380956641345156 0.288934236262566 0.109905236804827 0.0681696677585758 0.286901437406117 0.207993757633398
0.324394728003999 0.0503999079712986 0.110146956007909 0.407934901685596 0.0815205758607104 0.0256029304704874
0.30679430201675 0.157337672269848 0.272636777267566 0.0925191222537834 0.0774634860293106 0.0932486401627412
0.0534313354079407 0.249870099129913 0.0824872856653415 0.0801794038928916 0.259954525321678 0.274077350582235
0.173538295481557 0.191430898378931 0.168104131725911 0.147700118946225 0.10826051392041 0.210966041546966
0.0530968725741359 0.196846122311953 0.143821257232811 0.219509399293787 0.178596027616111 0.208130320971202
0.0442561921727712 0.0532971394456216 0.282716444926943 0.229965059022099 0.213375226030034 0.176389938402531
0.118531670273513 0.291144937642656 0.0259362730160177 0.218601507296087 0.121672432131069 0.224113179640658
0.195588386249512 0.0755476594663777 0.133501164158178 0.109364738306625 0.222856469357076 0.263141582462231
0.156024033628713 0.2916513540724 0.0509763517198693 0.137180355993398 0.154176579719671 0.209991324865948
0.18716020241854 0.123111060921696 0.117181271162468 0.158051697422753 0.231350729977728 0.183145038096814
0.39550098173772 0.139249502661561 0.0328407611196382 0.154617312710382 0.118861375657998 0.158930066112701
0.224844694559944 0.132539973486573 0.197775095635045 0.0798356798329128 0.147545316120018 0.217459240365506
0.193249864272202 0.103354722045795 0.262596430614639 0.164426292462994 0.261278843835118 0.0150938467692518
0.164761228281361 0.0840905186546472 0.148947299175491 0.274021169126246 0.207359645773439 0.120820138988815
0.195154801463659 0.137028427326224 0.0776118621506686 0.204578384355443 0.223797310372915 0.161829214331089
0.168943233824768 0.198712843898515 0.0686228536794511 0.174559222778753 0.227302569356214 0.161859276462298
0.00269058673366259 0.233144975278554 0.0448556792459263 0.290635668194849 0.135713163188041 0.292959927358967
0.063562079727595 0.164388021487055 0.193627041701446 0.167163139956521 0.273296188704657 0.137963528422726
0.0848284661781029 0.219285337686472 0.16794404032364 0.152272864159136 0.134086682869552 0.241582608783097
0.020490517497738 0.306735244051048 0.0416964440093695 0.0637177010143061 0.179223693376392 0.388136400051146
0.0426537877938929 0.0306272184983482 0.198547498167128 0.244556756277518 0.0474775285623899 0.436137210700723
0.0175158324953718 0.312306187671994 0.0250205334081489 0.379800466984357 0.242413618741434 0.0229433606986942
0.150815571740536 0.238774353335368 0.0995514757665877 0.105954654306378 0.129352606274744 0.275551338576387
0.305300500986095 0.0198944252358103 0.178513893358805 0.0163238694052636 0.170546295443246 0.30942101557078
0.278566058120275 0.00673809683085463 0.0519159093550808 0.176316405596184 0.297119284847206 0.189344245250399
0.222739968811812 0.041711429343878 0.0888987435887967 0.234515329997138 0.261238866757241 0.150895661501135
0.0958482884225589 0.131441018623618 0.248657924141229 0.122545466772016 0.193481565237836 0.208025736802743
0.400330795926304 0.0881352679832787 0.117781146571354 0.234931309240112 0.0441572096545762 0.114664270624375
0.370709395933281 0.135794200484629 0.0669229113776193 0.100865889418624 0.31703805286629 0.00866954991955719
0.205947225800066 0.049786227454863 0.233490724275128 0.18488875630818 0.230391745726557 0.0954953204352063
0.263323761751798 0.231829683504865 0.150479417003156 0.147948636589284 0.108956022273618 0.097462478877279
0.233748195480385 0.174260715406147 0.144130202793642 0.15410983611945 0.203650091470028 0.0901009587303488
0.207455767201663 0.105449841445129 0.228764630108313 0.0852929204071977 0.15395485834761 0.219081982490088
0.118674379014511 0.236091601393431 0.00120731485303863 0.221668480490366 0.146809946473159 0.275548277775494
0.0210389367558948 0.0218998951962205 0.285159172668077 0.434076413286356 0.0795533639116368 0.158272218181815
0.0351530791817652 0.295860153231283 0.247643679043522 0.013736143738053 0.162022517052207 0.245584427753169
0.0787679980028825 0.203985288078873 0.0951196073626649 0.129050552277819 0.223695915167798 0.269380639109963
0.242057785894217 0.156466834678388 0.0801997272085627 0.221187447327702 0.259255591488951 0.0408326134021791
0.0721814678733719 0.344700570541599 0.230767564831243 0.138436845463371 0.18347862395198 0.030434927338435
0.1206161978112 0.261157200479275 0.185974808423211 0.170436555789952 0.169748414771841 0.0920668227245212
0.237416079862368 0.13374301083082 0.0925902831657027 0.226092121899524 0.0981684283851662 0.211990075856419
0.211869951057067 0.0260206128890417 0.165709722310052 0.246012520432894 0.156850629742912 0.193536563568033
0.206735353810375 0.143718917005885 0.116931571044349 0.208300634284429 0.259938582311783 0.0643749415431797
0.211121341416574 0.191635976603386 0.151893793253416 0.162358431797829 0.171462182043303 0.111528274885491
0.148927178154413 0.0479378003799939 0.194439695553134 0.193006200352695 0.229643556627112 0.186045568932651
0.0521726314203671 0.108943489416146 0.198754140441415 0.188031550617798 0.0756328701071906 0.376465317997083
0.173302386249124 0.265673519649635 0.0762449913796831 0.108637200602006 0.0728743274194783 0.303267574700074
0.112658569128735 0.253747231052171 0.322835573855806 0.0570383384351823 0.0244156863983624 0.229304601129743
0.0380130101589953 0.257012002468642 0.0266069475200313 0.208953262978672 0.208592231115385 0.260822545758275
0.191396660725532 0.301055321120284 0.0822845878374313 0.00685184637669041 0.236653112826267 0.181758471113796
0.176630356374441 0.200219586128514 0.209215730539133 0.17473939373777 0.00218712535198065 0.237007807868162
0.233713523241438 0.0929726714677364 0.104689424758808 0.223439209769668 0.22448558317523 0.12069958758712
0.196615743826527 0.21287139619353 0.0777537970777177 0.228523940827162 0.114727903563873 0.169507218511191
0.255508522729399 0.0869250903041701 0.0746478118962598 0.0620260447525718 0.217296604715993 0.303595925601606
0.17000848763933 0.130504815435313 0.188593382236128 0.127748373201375 0.212745995763665 0.170398945724189
0.235577689853801 0.163081407052256 0.188234933924628 0.14220652918387 0.123594538638756 0.147304901346689
0.207706942721417 0.0567637514907523 0.19001274136221 0.231321769711679 0.13453122440037 0.179663570313571
0.225737810297397 0.2159339451399 0.163285722592752 0.181615221682611 0.0258389447549158 0.187588355532425
0.217433198108305 0.088395112026479 0.257243850123354 0.213526095532006 0.15894121720129 0.0644605270085658
0.228045341480712 0.234115503573485 0.204794155741968 0.214903868824942 0.0561439901106493 0.0619971402682433
0.000730683875093162 0.287337732558509 0.0401792852152639 0.227422003063733 0.163078212685375 0.281252082602026
0.00204321431185351 0.27687388531727 0.0692765108506634 0.278173209366751 0.190593800755564 0.183039379397897
0.206900321090394 0.187937831363006 0.219997732745712 0.177594984751216 0.157423165243693 0.0501459648059782
0.302110098388582 0.0677650234626672 0.110606267493912 0.167671158832343 0.286152890542812 0.0656945612796837
0.174705404597166 0.204918810385636 0.142949176995793 0.0951735280032816 0.0683957562654832 0.31385732375264
0.0959042446418636 0.152743129868705 0.239893353341384 0.157172198423548 0.132274890263661 0.222012183460838
0.240038673188845 0.151172874880521 0.109811964043249 0.254291224287963 0.115331154102232 0.12935410949719
0.0710096279157987 0.163897891967752 0.0272947927054756 0.299249087126785 0.246621979717465 0.191926620566724
0.319323560918092 0.116878594965453 0.216542833083331 0.072005810851006 0.0191820475614467 0.256067152620671
0.0367227777736882 0.31593812217686 0.304832645116418 0.204026357984373 0.0447961452211557 0.0936839517275049
0.149909555415688 0.0380432540733737 0.112771112669952 0.261233408074209 0.330641595979364 0.107401073787413
0.355968108265953 0.0818494526641686 0.0958166530676125 0.179061694129307 0.247650264002608 0.0396538278703506
0.288229780403184 0.148877181843512 0.00526404053937324 0.0527093115731206 0.328720805538019 0.176198880102791
0.334161616189062 0.102342133511022 0.214125164431181 0.0283148947881091 0.0465654949757796 0.274490696104847
0.228243731402983 0.0454361249488391 0.258351409554666 0.0929280598315663 0.117210532415643 0.257830141846303
0.0145047946219062 0.140347130543573 0.0798954836446748 0.115727549497175 0.30605997923559 0.34346506245708
0.296858941903651 0.204211839797393 0.0610121694804869 0.134393198032559 0.219684760689771 0.0838390900961382
0.0876148734820691 0.20273257901691 0.323716530314759 0.0960092115960701 0.173782620073024 0.116144185517167
0.145606476115326 0.100610667464601 0.242096570748452 0.143170406714362 0.2262900159754 0.142225862981858
0.0108466866345554 0.203075460326606 0.0303140043512862 0.273012364140135 0.235920917575295 0.246830566972122
0.129892134183833 0.0875914425142953 0.148214979581973 0.0948363034881886 0.290767376952476 0.248697763279235
0.222973445252962 0.169584600996641 0.0852956342376341 0.0010516461757225 0.320555829450955 0.200538843886085
0.369421719825325 0.087427273680802 0.151644740865317 0.112389911536496 0.0547570700472632 0.224359284044797
0.0254814637035271 0.185372720973689 0.203485658911345 0.173387970995511 0.183675945882971 0.228596239532957
0.198982921486243 0.0896855594335162 0.237546106637958 0.0608497669037311 0.260294267930797 0.152641377607754
0.305659556026947 0.0899543656744073 0.166159181659285 0.108495674623367 0.0806593107102655 0.249071911305728
0.26764359566869 0.233865960094043 0.236935756155725 0.178179345661799 0.0163831140938324 0.0669922283259106
0.280452579945304 0.102613915675025 0.111970968221 0.0297214869006297 0.270114514098047 0.205126535159994
0.249076302492758 0.122476377081373 0.313448605150571 0.167591603530572 0.136343344864397 0.0110637668803292
0.0542929645959465 0.241375072674319 0.270666236497302 0.128388282461252 0.159351869216919 0.145925574554261
0.143422759542173 0.082256162915023 0.158993079780718 0.0255627072218621 0.243007581992422 0.346757708547802
0.202424277530021 0.34901482623295 0.0352190326747202 0.203897387502511 0.147418940294125 0.0620255357656732
0.257608859123801 0.182619007188226 0.251320711005243 0.038098103197151 0.0957082077122771 0.174645111773302
0.156646896200151 0.0183204018071325 0.205976507346175 0.289917855793412 0.106485210883989 0.222653127969141
0.121057375869874 0.164583740688909 0.173403208127905 0.0383009416643708 0.241297123561603 0.261357610087338
0.29136793412154 0.0593267178862403 0.248378941821662 0.0443183359343554 0.17990149679172 0.176706573444482
0.240809635271487 0.0405974322090627 0.038490964955411 0.244210053209272 0.229054810929653 0.206837103425114
0.391517964142167 0.061959378170531 0.216409276178104 0.258032320349952 0.0668593813040052 0.00522167985524037
0.31438356676191 0.0429890610722566 0.0398446721048506 0.262452416494454 0.23217130787644 0.108158975690089
0.233606059370927 0.313421922773649 0.0196190444939977 0.0659801098620183 0.112569246200005 0.254803617299404
0.277286945940887 0.286618053417244 0.138265619367024 0.104778448873137 0.0707166667870403 0.122334265614667
0.0559640596226934 0.573405601607963 0.0141744441672765 0.149317164146231 0.152796642582739 0.0543420878730973
0.0848755389880754 0.265774967085196 0.095627245694283 0.117888906100912 0.190328088697019 0.245505253434514
0.14101482919999 0.0162260749206548 0.412239671572187 0.0691536857812523 0.238687950108298 0.122677788417617
0.159454044678769 0.00535885904996608 0.299355419845961 0.151493905206309 0.129764181995596 0.2545735892234
0.24149400018021 0.232194133032334 0.165487428301377 0.021560548609242 0.160885978472001 0.178377911404837
0.227858625381014 0.0732416961388193 0.000398117924424191 0.252247861863919 0.278387857850665 0.167865840841159
0.0976542292138168 0.161482757943651 0.20262656652017 0.170717593182222 0.0997203419441965 0.267798511195943
0.162451081001121 0.280840667480058 0.276769595039591 0.0330277037061819 0.207469206886016 0.0394417458870321
0.327567441051749 0.330874637416372 0.105882326307953 0.147086004683356 0.0430415677168985 0.0455480228236717
0.12060383766746 0.102311073728301 0.298319915787595 0.112871431061266 0.148230177327655 0.217663564427723
0.218715329815788 0.0787563103608044 0.0706662478032958 0.139190818950782 0.270489429475728 0.222181863593602
0.0433810937445999 0.204241238722089 0.233231373637253 0.201988124707848 0.0573076129427062 0.259850556245505
0.181388580549165 0.165158927596399 0.201510779006135 0.311815505448038 0.136978783168284 0.00314742423197984
0.0837297999865146 0.232284246504964 0.306417039489399 0.0260017338049516 0.0405099882808838 0.311057191933287
0.0673701503344924 0.0631457310628557 0.247875304700195 0.0872369546286605 0.285242090206826 0.249129769066971
0.0619555597460873 0.100555323983837 0.174086819255304 0.207967711343164 0.262255052867541 0.193179532804067
0.246915395902465 0.211546451643964 0.0702368682746726 0.172601922698043 0.115766101749087 0.182933259731768
0.0442847146017976 0.0922171114994416 0.231847306658355 0.0541057039988608 0.239034009002434 0.338511154239111
0.123895623117217 0.131252526874065 0.115131956502799 0.220158647700367 0.223569901370474 0.185991344435077
0.126229211269785 0.0803986728026397 0.340710575687097 0.31828763269065 0.125058408975999 0.00931549857382941
0.334779450691908 0.238792833500846 0.0487079670083845 0.0339969769455997 0.0717001046928841 0.272022667160379
0.199534805750613 0.139562771264246 0.0569877111207371 0.17600541057638 0.293905691334963 0.134003609953061
0.247971171725035 0.0671566330280936 0.260847903744134 0.0913938716085489 0.279104656896861 0.0535257629973283
0.10291775875547 0.11505801139982 0.316359966849856 0.00659094790643374 0.158135830559754 0.300937484528666
0.123450256328598 0.289440124750695 0.036163676564555 0.241959402484974 0.120691244034894 0.188295295836284
0.152187566410744 0.346176312604503 0.0284525766587235 0.141263235198134 0.0925977630495039 0.239322546078392
0.294459157500983 0.268443415249603 0.0117492233024911 0.0961633693833941 0.116859221051225 0.212325613512304
0.180668379436698 0.0157112510178417 0.235298837823575 0.244685450750975 0.198180185679682 0.125455895291228
0.162928863387417 0.0798827372929546 0.247008294347469 0.310502506143075 0.0886910381253647 0.11098656070372
0.172470635475657 0.198431028925778 0.176697536134755 0.0630652626020228 0.200297856224094 0.189037680637694
0.0375418679841621 0.0348510479485005 0.217093123507108 0.270214252973484 0.189637554625952 0.250662152960793
0.33125231397821 0.0322679336513636 0.0563039269252514 0.119066924412479 0.2800680979918 0.181040803040896
0.215440230621802 0.00234641829183656 0.00792541430651964 0.35826594865254 0.112232235548298 0.303789752579004
0.130542307783777 0.0341007115490864 0.271030929497335 0.122812044114777 0.133819621328598 0.307694385726426
0.160125484061348 0.207077649120253 0.0518620224656404 0.205600872723273 0.227312638087195 0.148021333542291
0.104924134870102 0.118308455116066 0.198173592093248 0.0558410420791698 0.24513260821741 0.277620167624004
0.12549335676381 0.250199833466055 0.0293476976898144 0.19936511408323 0.183057426455401 0.21253657154169
0.360997855105899 0.100333711838106 0.0208139063066459 0.135756267133269 0.199243738887323 0.182854520728758
0.333440762113262 0.232781704844433 0.101404089597823 0.0912582698870395 0.00149840782993081 0.239616765727512
0.175580591980476 0.0171438103629606 0.278867897443786 0.267029514818464 0.0503405843760411 0.211037601018272
0.176692600569604 0.0854346583300018 0.150693389024004 0.191853919296206 0.184960386086901 0.210365046693284
0.182705944232331 0.0798560998205482 0.177731839162244 0.079216642475093 0.257649978650023 0.222839495659761
0.00839896913308442 0.153775879270538 0.139224073823489 0.258481984009089 0.191478121920903 0.248640971842897
0.206676051059 0.26795658569308 0.0219222991098147 0.250576739314863 0.0887762208964011 0.164092103926841
0.0927314825317386 0.00745019645497442 0.313578215945079 0.25221640047755 0.00417081524107118 0.329852889349587
0.0419877091314455 0.250269119008044 0.481271957856196 0.0701896408826928 0.119844605017889 0.0364369681037322
0.120895272019515 0.0240385696828396 0.268216262003365 0.23588086424882 0.0796960791603139 0.271272952885146
0.273105099317251 0.281888931359392 0.0329585263128711 0.0916778976564833 0.193591992816754 0.126777552537248
0.172395293124565 0.351459142196787 0.00128545746898938 0.286475795116272 0.0727454766434814 0.115638835449906
0.11701674313668 0.179720497175196 0.208504470093796 0.218064145908579 0.118870707325476 0.157823436360273
0.266873379825753 0.256441694605895 0.130567001764028 0.0207316685732996 0.108294494250367 0.217091760980657
0.180136786966965 0.0440240876093414 0.461119703005241 0.168260980514156 0.10457211439939 0.0418863275049075
0.238469583766393 0.196628305956343 0.0847846334995465 0.0819648885710167 0.090925130167073 0.307227458039628
0.0507269176199001 0.241645357466684 0.172276279775911 0.087557304515743 0.271812581233692 0.17598155938807
0.313984340118085 0.143236193818695 0.141302016316423 0.150946029559312 0.0713548414631145 0.179176578724371
0.147062350082421 0.168551168885674 0.173826393424405 0.141596004976314 0.129598133032611 0.239365949598575
0.0131969698575791 0.147743330687978 0.338597516260775 0.217824528121002 0.222576790230431 0.0600608648422354
0.129756956518798 0.230668618371483 0.311557210054466 0.134191126299678 0.191455146128199 0.00237094262737522
0.0672317780034938 0.148737629954962 0.210647432616483 0.305988042186783 0.129197878881691 0.138197238356587
0.0116925786005959 0.366538734030378 0.530068212835741 0.0326861805174303 0.0190600275971913 0.039954266418663
0.0869365923297229 0.0909713744502726 0.224164531986608 0.2768302114946 0.039409440521815 0.281687849216982
0.184575527913405 0.126654967367933 0.205267762832497 0.0689930890078992 0.203020137676741 0.211488515201525
0.0529646231405784 0.153519185303681 0.145611925917879 0.240765884696716 0.392143719464929 0.0149946614762166
0.0103593448828448 0.172042073852889 0.167487114310044 0.257893745124264 0.250722516993215 0.141495204836743
0.156219402150004 0.254027104639519 0.280967349416174 0.143905353130553 0.0963410346740416 0.0685397559897095
0.0662235442447979 0.00736916152422241 0.0949194918293153 0.305727770021877 0.275483693650245 0.250276338729542
0.255432916349065 0.131208705099523 0.02049309992135 0.00976167687274031 0.208513315618494 0.374590286138827
0.266528155940211 0.0883193643913318 0.190632714586078 0.138974349159073 0.178890139667653 0.136655276255654
0.300728050417094 0.303701052484616 0.222219499990038 0.0909358629417193 0.0708985500349902 0.0115169841315421
0.224368919041483 0.276272008520341 0.223269911363562 0.191294313097332 0.0827838123918221 0.00201103558546035
0.270493713938565 0.089750656934338 0.054065607676052 0.16229030045882 0.154115604856178 0.269284116136046
0.219025898436056 0.0417059668389465 0.225787264028721 0.277081013928529 0.0100632107552721 0.226336646012475
0.264414363533894 0.109769300770835 0.282555026773689 0.0868286373001569 0.068606809102527 0.187825862518897
0.12114545970709 0.259146705567564 0.185471644304793 0.210621362206495 0.223250864920121 0.000363963293937275
0.106709339734262 0.125512744096736 0.043980183061738 0.259995830773057 0.161314969114393 0.302486933219813
0.133905066251695 0.16589370185495 0.0225165644867202 0.34301035834124 0.0277006049782236 0.306973704087172
0.16458798055917 0.00328666936801081 0.356927881760747 0.136038202119951 0.0908702619521419 0.24828900423998
0.0301906047864464 0.289602171129172 0.207234405215539 0.0574160790804781 0.294922036098415 0.120634703689949
0.203605565381089 0.0497948613162143 0.345782082241978 0.0221130407603376 0.233534805757158 0.145169644543224
0.286233156740002 0.333141446747728 0.145340631966417 0.0319085274335466 0.0910588164873058 0.112317420625
0.150081308975997 0.108528570286649 0.190838728617586 0.112914293934284 0.185526772833639 0.252110325351846
0.144300740965537 0.251671731905399 0.26223360370038 0.212331244561118 0.0963283485670097 0.0331343303005556
0.0711879987579956 0.272576270405248 0.00449162572310917 0.380304419898432 0.15469505785046 0.116744627364755
0.1041601937347 0.144708007291733 0.158893767027811 0.0462281236714596 0.304749296501987 0.241260611772309
0.0229632086563399 0.236797593495714 0.201003376918556 0.174511282238653 0.183416932255081 0.181307606435656
0.271676263658785 0.153445781293262 0.124853274420531 0.355520809234724 0.0580267284270391 0.0364771429656588
0.329889297521957 0.22380268036588 0.023260961986315 0.383558146145993 0.0391034134687767 0.000385500511078113
0.222678070608372 0.172425094991358 0.115783659051784 0.253456073428041 0.0599139610342651 0.17574314088618
0.401938589455598 0.251784072188323 0.081422936833877 0.0803079137483825 0.101564776432287 0.0829817113415322
0.130899618521113 0.142768781855429 0.307002624208614 0.078746378949908 0.142844089357215 0.197738507107722
0.219441676960721 0.378198675458669 0.219742905719205 0.129721443602661 0.0315664548841911 0.0213288433745525
0.216439928643779 0.242142679320576 0.15561195308109 0.158629645218422 0.0119608735915421 0.215214920144591
0.292985187116231 0.158600386852282 0.140572423094361 0.160765976096591 0.114938907673748 0.132137119166787
0.232452874686721 0.0773180777243217 0.101954260966879 0.138421889970339 0.145620282752909 0.30423261389883
0.247810020329313 0.0856883291835172 0.0662761387882135 0.11348716060219 0.243751935724525 0.242986415372242
0.146702690806214 0.147130366805664 0.00690530500523746 0.184946404002932 0.263149925317099 0.251165308062854
0.105402746213657 0.145950394820136 0.039364028069304 0.289584052925639 0.103748616997195 0.315950160974069
0.128125838160041 0.348057326587798 0.163422477634506 0.178499004326971 0.0317529832594142 0.15014237003127
0.233817444784116 0.189227476601865 0.207947339547498 0.223250801351184 0.0883152486820033 0.0574416890333335
0.333369139746233 0.100870805696699 0.0436140287429401 0.21372569519097 0.195745716798433 0.112674613824725
0.24170526736144 0.24581437234151 0.117575301293831 0.103482413460948 0.239343309142512 0.0520793363997603
0.112217343001865 0.0187098030359586 0.268828323977167 0.329282132552758 0.0752894993539977 0.195672898078253
0.0358185248983722 0.0487144235037095 0.214294942173488 0.334218850540099 0.203159388266785 0.163793870617547
0.169249768663934 0.0679531659977214 0.291787276469741 0.0157035801020747 0.332275174219286 0.123031034547243
0.0701008894867503 0.185087052401035 0.289805922961355 0.317818176404188 0.106429651341975 0.0307583074046966
0.20800811436344 0.00639519380085867 0.18826053557877 0.209664637049679 0.171730183893739 0.215941335313513
0.0551369798248865 0.145999916831777 0.0193629802435346 0.281304183295433 0.290247465793674 0.207948474010694
0.033981374763716 0.288363909825502 0.105989997880318 0.0597761535936943 0.301081351359418 0.210807212577352
0.220929390835565 0.189496113044839 0.160036745564845 0.0683942768734928 0.112696552432233 0.248446921249024
0.107873800515223 0.317769816692227 0.221693990534324 0.189301570292845 0.102058071766357 0.0613027501990238
0.124327307102664 0.328083664157586 0.000904656868970238 0.0718433750134272 0.150873097755236 0.323967899102117
0.222227175799595 0.247776417122441 0.178179000332966 0.154654173934572 0.0906098040371425 0.106553428773284
0.10604493236246 0.22522485778296 0.158137858667795 0.17813103151591 0.18126163020513 0.151199689465746
0.180300855878273 0.217484508012233 0.237618361273334 0.0879246292508882 0.169003709697641 0.107667935887631
0.160931949337484 0.169143191536058 0.233511300758393 0.0139671283338745 0.190520549698825 0.231925880335366
0.0495417148898137 0.0649992912665498 0.000520034429197449 0.28569849683569 0.324368487875975 0.274871974702774
0.205469536139384 0.0196697849719724 0.586852463507088 0.00349626552381929 0.119450851128404 0.0650610987293326
0.095164190297996 0.244379953156831 0.147990596486413 0.195341365690184 0.283547518116306 0.0335763762522688
0.233948837312895 0.216403026014867 0.00352529345410481 0.186759086614299 0.164473486545313 0.194890270058522
0.115224708282798 0.0872004946417927 0.00229865778783495 0.29702768662911 0.195784203687373 0.302464248971092
0.199149572974566 0.118227745030933 0.197303553687377 0.153366046998438 0.169178173901191 0.162774907407496
0.16201116665924 0.223087914993947 0.138037755664729 0.287342891896398 0.178887732591371 0.0106325381943152
0.0953513414930745 0.313750100607008 0.0681623233139219 0.260416767644128 0.188638838368489 0.0736806285733794
0.350754635028664 0.0374864342958076 0.0680200790786588 0.269597629824642 0.154442533302384 0.119698688469844
