0.297538932801754 0.252357401442845 0.263994195841213 0.186109469914187
0.346809874453019 0.26168534503707 0.0397235308694787 0.351781249640432
0.208091739839082 0.267843669658695 0.25543075422401 0.268633836278213
0.387891152659511 0.167307525266794 0.184523284396057 0.260278037677638
0.296960631662564 0.301321069885767 0.329577167783138 0.0721411306685315
0.0045820013418662 0.352440175040374 0.282095185326851 0.360882638290908
0.43781140086837 0.00164900129467733 0.0300241471885654 0.530515450648387
0.328051332127399 0.383151980245801 0.0767892475602076 0.212007440066592
0.264121065958545 0.196560767026425 0.22929877104394 0.31001939597109
0.376266456249097 0.0633050913230886 0.351829082849743 0.208599369578071
0.16169821348465 0.455034666717016 0.0978921718153675 0.285374947982967
0.0954233336626373 0.277673189197969 0.093614475949468 0.533289001189926
0.224536197885091 0.276835051850266 0.311870964316266 0.186757785948377
0.334029906926856 0.149130476287528 0.0923837806789317 0.424455836106684
0.26196790449659 0.346241727920062 0.0549765968716891 0.336813770711659
0.355996601151194 0.380027362236953 0.0287950225008876 0.235181014110966
0.254454727018656 0.130680066218328 0.238961411516845 0.375903795246171
0.153444908572667 0.458391495896164 0.353433805514525 0.0347297900166441
0.239069721260846 0.350506822733712 0.245822932701446 0.164600523303996
0.302818652873384 0.603709956734923 0.0424841048953015 0.050987285496391
0.268300377312363 0.42571165737411 0.161651762688957 0.14433620262457
0.13310871389178 0.268929811728751 0.340114711535951 0.257846762843519
0.568947061972365 0.0137523959423163 0.0601745645343934 0.357125977550925
0.18612015824531 0.355291941874124 0.288585695461776 0.17000220441879
0.246268692067447 0.232834315012507 0.29599862381717 0.224898369102876
0.390009823129983 0.217080756640231 0.184406278866379 0.208503141363407
0.50072368348288 0.0812158257955745 0.00290813000195979 0.415152360719586
0.512723359875334 0.110786410895251 0.375570238805615 0.000919990423800967
0.327443564609132 0.223247784917821 0.14919968292556 0.300108967547487
0.2740599080215 0.0573715815830463 0.331575207000193 0.336993303395261
0.103374469161858 0.422791640193088 0.0941104122098878 0.379723478435166
0.0479845696355823 0.334313409879319 0.340740326623419 0.27696169386168
0.361715052323664 0.34061950107111 0.289287713169481 0.00837773343574567
0.00709243949305202 0.311529774734933 0.25302323013981 0.428354555632204
0.0574452551202666 0.345371267283154 0.279252972648247 0.317930504948333
0.145311087013986 0.5657747999674 0.156025819951714 0.1328882930669
0.258787310854594 0.0128764428640023 0.203240797767006 0.525095448514397
0.105275195101895 0.405212543781048 0.0897287944106836 0.399783466706374
0.132532284287964 0.285361931440615 0.289485348993887 0.292620435277534
0.193211988696407 0.0655855025855035 0.127049720816284 0.614152787901805
0.127818746075485 0.319347199265172 0.244352289554952 0.308481765104391
0.372065326736284 0.264843527742468 0.284420096143593 0.0786710493776545
0.372489062613313 0.152246000271791 0.352840054837356 0.122424882277539
0.171482235777728 0.413409482343932 0.275286750505251 0.139821531373088
0.339761768464517 0.0565609578337035 0.319484244452301 0.284193029249478
0.287012150976029 0.230404693575859 0.276818077643396 0.205765077804716
0.252301358115022 0.269024485505031 0.330494239371707 0.14817991700824
0.024364716425883 0.422788621141771 0.412458845726022 0.140387816706324
0.206841768061728 0.32667313251298 0.110388492644172 0.35609660678112
0.156980097547342 0.609494966528921 0.206778184969644 0.0267467509540937
0.170827094075081 0.300184030579292 0.0183802439520276 0.5106086313936
0.148662208355808 0.255581154577017 0.249301823106118 0.346454813961058
0.116441564414939 0.160206707559151 0.440738372237188 0.282613355788723
0.320964752356123 0.191149365845744 0.373691873750188 0.114194008047945
0.172017813479266 0.415939513763982 0.00763419297784054 0.404408479778911
0.481264099213261 0.229521289561976 0.147121551817864 0.142093059406899
0.327882880033038 0.369747977398454 0.0967780771787032 0.205591065389805
0.274270257734955 0.0320286073583388 0.270601679986772 0.423099454919934
0.280150818281478 0.307498506638886 0.0811357458578553 0.331214929221781
0.152661790571455 0.166754296369837 0.409008674162122 0.271575238896586
0.19313760876449 0.236756434458024 0.310390194078093 0.259715762699392
0.0725510297711731 0.355272304954097 0.173103572562855 0.399073092711875
0.350768789377739 0.191629055924997 0.108059171322185 0.349542983375079
0.175158774357391 0.365217414508198 0.40527880969545 0.0543450014389608
0.249084118502141 0.109702357963049 0.540500188765421 0.100713334769388
0.056893100337008 0.328889712338223 0.300293204758619 0.31392398256615
0.553868353417145 0.0855870079209566 0.144195200315336 0.216349438346562
0.220928944867824 0.166086304114908 0.367944826758617 0.245039924258651
0.355369632386813 0.235424816307256 0.103330514973005 0.305875036332926
0.273205681731835 0.333207289267649 0.162658882956516 0.230928146044
0.208462222455554 0.167671111834906 0.540331339307059 0.0835353264024799
0.552223537114391 0.0921004401210032 0.00255653457185465 0.353119488192752
0.164910951702373 0.649928011195821 0.037317201288639 0.147843835813168
0.395010799460081 0.256031974829169 0.0635132108163339 0.285444014894416
0.0276704431098583 0.382201458320087 0.504697880730129 0.0854302178399254
0.000603207253153206 0.297993658913376 0.396949577788953 0.304453556044518
0.337754829454371 0.154645151047893 0.427216477567052 0.0803835419306836
0.0200054729384047 0.0906339396298433 0.715897526978826 0.173463060452926
0.384772797533399 0.35536943116114 0.0550047308452466 0.204853040460214
0.0064269019117011 0.282380485548163 0.276582699980748 0.434609912559388
0.323219201535019 0.314638678915925 0.182458122969198 0.179683996579858
0.347245824363869 0.286060843497272 0.216731659170657 0.149961672968201
0.221513102563929 0.198835520471051 0.221758889325063 0.357892487639958
0.0792125336330855 0.353489798565379 0.0582909856326931 0.509006682168843
0.138403392786928 0.46795202140811 0.150304746350333 0.243339839454629
0.397009044069452 0.388421564713799 0.0517056238331193 0.16286376738363
0.230507572804102 0.379047500167027 0.280038280902855 0.110406646126017
0.176187851000147 0.179571543617841 0.338978589440621 0.305262015941392
0.135372218505995 0.00501831786900198 0.32558603743464 0.534023426190364
0.399175974697276 0.504195263126064 0.0480578244863 0.0485709376903598
0.0116811599690173 0.188062953958586 0.365399216667888 0.434856669404509
0.288305489143212 0.100065404850029 0.389949407695863 0.221679698310896
0.415784752873087 0.264807196428572 0.156359245414962 0.163048805283379
0.318096536992321 0.148405190262922 0.322239104762128 0.211259167982628
0.531810780323055 0.0451537392575825 0.249330663288725 0.173704817130637
0.251185688148725 0.249853920895285 0.115561203005323 0.383399187950667
0.417204961711948 0.248310378057251 0.188731409871606 0.145753250359194
0.179100535274447 0.298744529099392 0.434854247887022 0.0873006877391394
0.0244896859482915 0.160778743670213 0.403227202689602 0.411504367691894
0.111104070452848 0.193045984200075 0.394961400366858 0.300888544980219
0.0641830666533316 0.65873042650509 0.0971852655352728 0.179901241306306
0.387705374937827 0.382328801229191 0.0630532979691712 0.166912525863811
0.157537983292121 0.291841572248607 0.166542511619717 0.384077932839555
0.14048198197329 0.278596505463305 0.444876743947881 0.136044768615525
0.0570943200805142 0.448323711399275 0.21841758221094 0.27616438630927
0.0990125349905393 0.510067993073277 0.350274040649106 0.0406454312870778
0.214402379073682 0.30061804009894 0.217513327485505 0.267466253341872
0.210755175049183 0.279167342026849 0.222086762000029 0.287990720923939
0.637781100494586 0.196047012479756 0.0800746519270116 0.0860972350986466
0.222534907651311 0.286787053047979 0.162934421614575 0.327743617686134
0.314812016571622 0.174122746969159 0.449408143877509 0.0616570925817098
0.457861363670847 0.10678847479224 0.313712573718007 0.121637587818906
0.144138910078492 0.176790170409791 0.139360205854785 0.539710713656933
0.0856973324575111 0.444908949922779 0.23206254101526 0.237331176604449
0.210576390064445 0.32813229442125 0.168869022840035 0.29242229267427
0.272150552547339 0.186688306509643 0.00410039256957347 0.537060748373444
0.132325538185391 0.443812796084552 0.156180850501307 0.26768081522875
0.465560403815326 0.135200350388243 0.271610820097428 0.127628425699003
0.311977930629458 0.189325209634621 0.413971631546808 0.0847252281891127
0.346714974479287 0.0604893409137462 0.155660146308169 0.437135538298798
0.0898142140919562 0.323101385220476 0.261547098366183 0.325537302321385
0.222812234213982 0.291407595496903 0.0728273723402099 0.412952797948904
0.190869929927379 0.360787478919943 0.0768658999409731 0.371476691211706
0.426161619625635 0.284200776960469 0.267107417703904 0.0225301857099926
0.378597015127051 0.0316507879526473 0.363189989364522 0.22656220755578
0.0887800541628296 0.363091431618862 0.130926586090988 0.41720192812732
0.319630949593174 0.362051400164585 0.110603453131818 0.207714197110423
0.432717195684429 0.396619076105793 0.00432583641765666 0.166337891792121
0.138279640700834 0.309010268743671 0.341254255897616 0.211455834657879
0.289889928673946 0.418934767122597 0.063705357445884 0.227469946757573
0.214861010000768 0.187865439863117 0.0675797164287823 0.529693833707333
0.212836794195316 0.000209173058651984 0.29819570964518 0.488758323100853
0.323844110368867 0.242032270533912 0.32814584182711 0.105977777270111
0.214868543757644 0.192677583682359 0.427915427601264 0.164538444958733
0.419318661001649 0.0901093541712932 0.321096824817913 0.169475160009145
0.0962110592058893 0.0787220886894145 0.421212348450146 0.40385450365455
0.0926732306307491 0.116373504822081 0.21506262139783 0.57589064314934
0.284432597578241 0.271957074353531 0.19710204059888 0.246508287469348
0.0180263591230704 0.356809820087475 0.286006395137953 0.339157425651501
0.271275599415348 0.233103876633897 0.279399830343346 0.216220693607409
0.265519093487364 0.356616229283171 0.344514124896098 0.0333505523333671
0.414810875461765 0.0525041626137449 0.196299048006529 0.336385913917961
0.0426564983645872 0.32362800726038 0.268106835417654 0.365608658957379
0.478943128721271 0.14084499230487 0.140679736564876 0.239532142408983
0.257920306989673 0.353577568849855 0.255978633811468 0.132523490349003
0.0132842922830391 0.248559370975108 0.360004055313914 0.378152281427939
0.519646833569068 0.202276852700597 0.183848615024654 0.0942276987056818
0.200918195528863 0.319286704240796 0.246279526410311 0.233515573820029
0.123807591604548 0.276738305696858 0.365667021192769 0.233787081505825
0.357779398376428 0.245343971178295 0.022737473756689 0.374139156688588
0.0995399380751122 0.307614235114232 0.300671582667023 0.292174244143632
0.217077239273814 0.149184659677356 0.249726419476631 0.3840116815722
0.12943222425236 0.442996171900931 0.050109380855089 0.37746222299162
0.432774376586571 0.0122247672147368 0.390550524850179 0.164450331348513
0.317402620060353 0.00620273073750324 0.337469128022422 0.338925521179722
0.285372053172449 0.240701139358504 0.306673892962406 0.167252914506642
0.239840195088608 0.13008752438562 0.267445017453853 0.362627263071919
0.359693502121576 0.242895610237353 0.362696492563315 0.0347143950777562
0.332633098054084 0.311209030023426 0.0115844132969967 0.344573458625493
0.275278846091452 0.312028310500824 0.111916889139499 0.300775954268225
0.214104874821598 0.230531191095858 0.152893751971601 0.402470182110942
0.32776757528886 0.0702804287600294 0.204287619478572 0.397664376472539
0.399467608665155 0.070337003821459 0.279965779828292 0.250229607685094
0.215776688243795 0.263498793549863 0.257934015967025 0.262790502239317
0.45488610607935 0.201634481405503 0.224966557989515 0.118512854525631
0.191268918584006 0.374277384876242 0.261491072595 0.172962623944751
0.0230824492416803 0.234947385411254 0.437519972883734 0.304450192463332
0.332762937462373 0.424709754259085 0.198942341791471 0.0435849664870706
0.164319707518871 0.192399509313711 0.181320819105551 0.461959964061867
0.299761442541838 0.19534608213106 0.226629366109567 0.278263109217535
0.288169259512126 0.454612847097684 0.0740236655150791 0.183194227875111
0.289308945689544 0.255031321609305 0.325395013705685 0.130264718995467
0.000945701694060041 0.19727463163448 0.437477371566699 0.364302295104761
0.403694979205291 0.0891288389084375 0.230825927872059 0.276350254014212
0.2421751174913 0.15757709002277 0.243932116823127 0.356315675662803
0.145001528371803 0.340238607608821 0.062819429072116 0.45194043494726
0.200190291600665 0.4462007464292 0.223882977654626 0.129725984315509
0.310326169225097 0.27286306912581 0.243141187509749 0.173669574139344
0.15948901608708 0.266537610743712 0.220862271234626 0.353111101934583
0.301134082262856 0.0896930838700554 0.217471526819576 0.391701307047513
0.0266941042922661 0.1608707945228 0.302577633021656 0.509857468163278
0.195908072480229 0.275303987589182 0.173848964554243 0.354938975376346
0.16263390689099 0.412256486375207 0.396508486055592 0.0286011206782112
0.152760167424477 0.0737446830081931 0.388946359096408 0.384548790470922
0.427154159611898 0.202224147024258 0.193473112186221 0.177148581177622
0.325977515588772 0.18066163250404 0.185785227080956 0.307575624826232
0.336204534043822 0.361629802316775 0.220581855410349 0.0815838082290539
0.161665377335099 0.276788609273868 0.233623768548587 0.327922244842446
0.507687724322205 0.27579549455561 0.170766350181511 0.0457504309406737
0.36137989240174 0.353944132269292 0.114095447348342 0.170580527980626
0.500030686895423 0.3143245768406 0.056335900532301 0.129308835731675
0.174481952812239 0.470365597410497 0.322720526183698 0.0324319235935654
0.246985811326287 0.229791123786323 0.263234461182403 0.259988603704987
0.450537585031806 0.390842847212889 0.0172587839182662 0.141360783837039
0.383292517381523 0.334382805948949 0.130233310696486 0.152091365973042
0.29546665581152 0.125989042961122 0.365706152419269 0.212838148808089
0.181289667449741 0.254470758511402 0.205415168461103 0.358824405577754
0.136118489357335 0.315394900555458 0.285404622247636 0.263081987839572
0.190786766992775 0.2623900761129 0.39448248815203 0.152340668742294
0.328100320923576 0.339116603056976 0.0444675180400006 0.288315557979447
0.272533681076808 0.26055664296585 0.464580657438231 0.00232901851911026
0.074912926384574 0.268135938481915 0.312605938474457 0.344345196659054
0.254591553190793 0.177306392175886 0.241574704873125 0.326527349760195
0.268504857918647 0.462322316069692 0.192268301775514 0.0769045242361478
0.0725084014626829 0.507642075843101 0.281831062677662 0.138018460016554
0.362031674834326 0.311086366483455 0.194981402891997 0.131900555790222
0.336778019830821 0.180885241749595 0.142893774747781 0.339442963671803
0.367930870928157 0.238922371443254 0.195253967280122 0.197892790348468
0.174411725638282 0.567836111630835 0.153251860300345 0.104500302430538
0.581208724538777 0.141977367121955 0.238793105320363 0.0380208030189049
0.44429571774309 0.0616878825920861 0.0582268877799396 0.435789511884885
0.0445165183967479 0.188114947150077 0.316675564315289 0.450692970137886
0.118499671835024 0.354346657619336 0.374404841345936 0.152748829199704
0.324519774386701 0.265460580336674 0.198393592820031 0.211626052456594
0.0988870754495454 0.42422735138633 0.144109447583303 0.332776125580822
0.0688904928014167 0.326776632092904 0.112910270772703 0.491422604332976
0.145465414260214 0.479605387341147 0.165123110340576 0.209806088058062
0.0845355828509529 0.158534742730683 0.397191703025144 0.35973797139322
0.396373074347766 0.339025098859865 0.135263153360205 0.129338673432165
0.190445423993385 0.328632115000029 0.254215154537434 0.226707306469152
0.105919721921523 0.612872548033636 0.0214854590710181 0.259722270973823
0.29340182586414 0.18229563360342 0.285745811323619 0.238556729208821
0.393307988441395 0.284264416208678 0.0931214682975657 0.229306127052361
0.0518261217602523 0.129875640076418 0.613364838848354 0.204933399314975
0.235836835327292 0.283564995070006 0.249316115222426 0.231282054380275
0.0507314345175313 0.434869318372404 0.480227162744955 0.0341720843651091
0.382565335485211 0.265019018226807 0.0617951139721515 0.29062053231583
0.0337036398667884 0.38175792490247 0.48515081831467 0.0993876169160712
0.217686719792091 0.327702318491478 0.227572053840262 0.227038907876168
0.274915825366225 0.229267547129731 0.334072661163418 0.161743966340627
0.0951390942689457 0.573598747444859 0.251037711957276 0.0802244463289195
0.211787692910106 0.351487635563764 0.331722574107097 0.105002097419033
0.134723957549265 0.500620934141086 0.239018679435172 0.125636428874478
0.344966161221728 0.150439255625244 0.25351527236104 0.251079310791989
0.350759567090343 0.370316927035971 0.170000044121343 0.108923461752343
0.234892038956154 0.462831555135159 0.250927515084895 0.0513488908237924
0.129012909824009 0.419300862466877 0.345103197922244 0.106583029786869
0.38890803427339 0.0699305269950505 0.368455593178731 0.172705845552828
0.132598974653793 0.33423147836521 0.308587454859277 0.22458209212172
0.274317488733693 0.160485042695847 0.286200816355922 0.278996652214538
0.0527098193136768 0.464719659197415 0.099201171665673 0.383369349823235
0.282450252275659 0.139172969766753 0.3658257418606 0.212551036096987
0.288000452036601 0.182955517745707 0.200718161479659 0.328325868738033
0.142950211413786 0.428864730923276 0.201852446004831 0.226332611658107
0.30147872951381 0.141947389590686 0.27380360165222 0.282770279243283
0.0485657624739444 0.180064534685565 0.251411046585245 0.519958656255246
0.158690777451188 0.270827169570069 0.0376515377175719 0.532830515261171
0.193806334173827 0.299214355825379 0.129699209381454 0.377280100619339
0.132852893506046 0.459243607947604 0.246111570349399 0.161791928196951
0.392126502881151 0.162254207527713 0.261139453160707 0.184479836430429
0.403626860699992 0.215448146752168 0.173418175376537 0.207506817171303
0.381079974000009 0.239026024850934 0.332278625819955 0.0476153753291009
0.398610033033079 0.128728288063769 0.336815637773049 0.135846041130104
0.34627171363431 0.389161597890817 0.0587577163589902 0.205808972115883
0.295234909727349 0.448974733690301 0.191191062746165 0.0645992938361852
0.254488319608174 0.294808956709827 0.166091622705577 0.284611100976423
0.475502348526761 0.00253391107637153 0.504179502628961 0.0177842377679065
0.07950246723215 0.0359425930555987 0.212477182485334 0.672077757226917
0.182386957846209 0.224423468021685 0.184801823068791 0.408387751063315
0.193490986272292 0.227203693087065 0.288740247248334 0.290565073392309
0.122336100519746 0.186309827959427 0.320159127296025 0.371194944224802
0.135965654860168 0.267852336871775 0.316402392039839 0.279779616228219
0.0863498969766787 0.165331286757294 0.279931665854303 0.468387150411724
0.442385746169677 0.0282630045448902 0.202827908178893 0.32652334110654
0.0371991717142824 0.155280463205447 0.390805281529062 0.416715083551208
0.274987661894421 0.0176580257319062 0.47654469906324 0.230809613310433
0.301571822326692 0.376464270723213 0.0860004666788545 0.23596344027124
0.231931741661191 0.712160957374761 0.0134771447249574 0.0424301562390901
0.443736341249059 0.182336619377233 0.0433345847517603 0.330592454621948
0.372271907479995 0.244641150738137 0.328510018567293 0.054576923214575
0.0866880827561232 0.40619295381989 0.17040689633817 0.336712067085817
0.0758128939111376 0.353538376299306 0.287868181394627 0.28278054839493
0.241357842545578 0.316929531041967 0.148026915594206 0.293685710818249
0.182838105403116 0.41247634662278 0.0529354176991417 0.351750130274962
0.0225211395293924 0.377262457398801 0.444424802429756 0.15579160064205
0.00119518370770128 0.212401703915903 0.413355078931814 0.373048033444582
0.330092547217406 0.124879544242598 0.26008267146691 0.284945237073086
0.245108477754491 0.364582923343451 0.0876152619728975 0.30269333692916
0.228387065921132 0.396439952755573 0.371165129155566 0.00400785216772884
0.458331296658986 0.199480069793467 0.149221663829088 0.192966969718459
0.398199540506664 0.00968098370189886 0.290086826934487 0.30203264885695
0.13596697801908 0.755589529739071 0.102398990490958 0.00604450175089156
0.304193530779935 0.444081600675471 0.0959065908629249 0.15581827768167
0.312626147140911 0.408096484372813 0.115417598083328 0.163859770402949
0.307038212357138 0.446408415485799 0.183661315964619 0.0628920561924435
0.051592255394576 0.0219653734451798 0.408353879573167 0.518088491587077
0.13186279921143 0.0657911836885565 0.423855665021998 0.378490352078015
0.0368427171144084 0.341113505416991 0.236025880966642 0.386017896501959
0.184795942340288 0.295788427829987 0.220308043286163 0.299107586543562
0.294307537278079 0.194115484654381 0.195192472396197 0.316384505671343
0.254211356961282 0.263113343003486 0.195244247815533 0.287431052219699
0.40740558220343 0.115443717876006 0.295808765453664 0.181341934466899
0.0854222985156204 0.428365545548062 0.107653991119447 0.378558164816871
0.279021540811508 0.216137405474404 0.226836319103917 0.278004734610171
0.407208238180971 0.129049635395276 0.303117973254792 0.160624153168961
0.391983538769435 0.272005267313951 0.198983441792534 0.13702775212408
0.221000616584678 0.471759615564056 0.241223156745055 0.0660166111062113
0.231990885056725 0.133972008041241 0.568899828558766 0.0651372783432673
0.423585598432478 0.259299030822311 0.295322551405506 0.021792819339705
0.439513852523023 0.0821038647462024 0.450592785560323 0.0277894971704514
0.450120948994264 0.0287982816183761 0.341300333441683 0.179780435945676
0.472298743735613 0.184755042173433 0.216942809616565 0.126003404474388
0.196592764464665 0.233934395076592 0.236469752888207 0.333003087570537
0.114322012679955 0.339289635322376 0.242575390432258 0.303812961565411
0.306996198147425 0.333039764474935 0.12780620925651 0.23215782812113
0.065668929055208 0.0744529599376315 0.556134822290087 0.303743288717074
0.427618844518249 0.0593297876585945 0.434605114927834 0.0784462528953221
0.186172902292801 0.288200231338388 0.456347252010521 0.0692796143582894
0.334890486113716 0.408677943165422 0.167945772758156 0.0884857979627058
0.227115017727614 0.037232444493676 0.281167888292699 0.454484649486011
0.0667226551410817 0.398128373182086 0.125294277474133 0.409854694202699
0.173907734816961 0.193860618930598 0.427645251241444 0.204586395010998
0.263396416408652 0.386598707469394 0.194107029065386 0.155897847056568
0.182731602508834 0.538646834091697 0.0112474916091838 0.267374071790285
0.0102968561073469 0.286726000562852 0.333736773846045 0.369240369483756
0.186413912432484 0.488352719314777 0.0248337301272951 0.300399638125444
0.461856784210489 0.286142123809676 0.220441767748297 0.031559324231539
0.382237613007336 0.177645130119111 0.363563941135294 0.0765533157382591
0.368915619639601 0.156210267216843 0.335369329258183 0.139504783885373
0.228554163745015 0.303548029632233 0.271350610957491 0.196547195665262
0.476422042934268 0.0385256300026339 0.336625685707294 0.148426641355804
0.219811691595045 0.273399609345197 0.20564863496555 0.301140064094208
0.282624889220509 0.339270342195124 0.3546996113298 0.0234051572545678
0.248391857775469 0.330654037297857 0.403810480257399 0.0171436246692752
0.104461346111172 0.393588265397557 0.262124908732175 0.239825479759096
0.158497984782405 0.0216972236478879 0.434167890015257 0.38563690155445
0.0172898303306977 0.183336545586055 0.649287634092021 0.150085989991226
0.313089761948595 0.364548606565596 0.311637459318386 0.0107241721674232
0.48223159095261 0.303773265867431 0.15362748787928 0.0603676553006788
0.341399196920736 0.218496459092884 0.0380876667408095 0.40201667724557
0.0605315981262951 0.227364399797164 0.419075453214274 0.293028548862267
0.271098313882153 0.344658256002951 0.172489189391647 0.211754240723248
0.167301172656042 0.265748589606007 0.297266311516822 0.269683926221129
0.194508386212513 0.283583458333761 0.207779886311578 0.314128269142148
0.222261002201646 0.270124852046704 0.153461842893033 0.354152302858618
0.0702457775302334 0.425799914653022 0.0977573017853452 0.406197006031399
0.435050805468065 0.0861201749312889 0.0865853121471179 0.392243707453528
0.0249895060573823 0.372170436434963 0.212647783665407 0.390192273842248
0.392569318832236 0.224810074682033 0.301241334737719 0.0813792717480125
0.0732789028259769 0.318258891259928 0.282919108565252 0.325543097348842
0.140483868041392 0.535602038268371 0.312391378274548 0.01152271541569
0.0294541245610386 0.0103307977908286 0.50892237119029 0.451292706457843
0.455851007938043 0.0336246654090748 0.228442880483529 0.282081446169354
0.283660239929739 0.223295255297735 0.0499419779607732 0.443102526811752
0.231622621410763 0.0422287102005489 0.345786369548445 0.380362298840243
0.503354867226027 0.335368694159557 0.0699134356150997 0.091363002999317
0.0793560108811122 0.363200068218394 0.313267350565591 0.244176570334903
0.03585491263411 0.173888952974079 0.189240585069844 0.601015549321968
0.42128786271524 0.144218431908409 0.250027758764195 0.184465946612156
0.0200499607366547 0.398960765131557 0.458470516801408 0.12251875733038
0.194512745566879 0.373940324279019 0.176334651407487 0.255212278746615
0.544735822747175 0.394447021831965 0.00738637666483588 0.0534307787560243
0.269611306747685 0.282304414945383 0.235886346866664 0.212197931440268
0.175226456800025 0.384486824631567 0.364933121084909 0.0753535974834988
0.0454728686059001 0.51457459851227 0.345757902120284 0.0941946307615455
0.0829906733090197 0.174480042536032 0.334918290098041 0.407610994056908
0.377808757904098 0.0531525013237844 0.308826352633006 0.260212388139111
0.0136508343275933 0.387380863352929 0.294081869678385 0.304886432641092
0.0240245642700967 0.458881621602154 0.320267997436132 0.196825816691617
0.284318101325903 0.273805642433904 0.385399481885343 0.0564767743548498
0.359275232965402 0.0838423569227687 0.408843536022367 0.148038874089463
0.253225239406385 0.217332510433054 0.365527539585953 0.163914710574609
0.28606176074624 0.332230960093408 0.229650517129062 0.15205676203129
0.473945198069213 0.072868713052112 0.12560485868465 0.327581230194026
0.507855659839606 0.177194906666679 0.10830145684412 0.206647976649596
0.226305671467789 0.319239207714613 0.382777954524241 0.0716771662933573
0.279957888117145 0.235433465855531 0.336043968906656 0.148564677120668
0.284105736125332 0.188450982252792 0.374982925859028 0.152460355762848
0.278852740352984 0.0280078306717375 0.309118655749156 0.384020773226122
0.13759416589183 0.071505054248995 0.468019596235748 0.322881183623427
0.220947744435823 0.238600089627075 0.432273084382345 0.108179081554757
0.134450668378174 0.30921651401615 0.425900774781872 0.130432042823804
0.162081340825713 0.348610739877398 0.248268142456436 0.241039776840454
0.128852898978274 0.0426260577132617 0.244608414828469 0.583912628479995
0.156138903528494 0.481054719623004 0.249650909602208 0.113155467246294
0.299891323162026 0.13093919375998 0.0558256434563037 0.51334383962169
0.246520152224189 0.0819885182313214 0.49330927116143 0.17818205838306
0.143205569149991 0.33342308463316 0.471531070848919 0.0518402753679297
0.262621908501959 0.221533600964933 0.40872508290153 0.107119407631577
0.262868525643706 0.306744932910778 0.165787361584866 0.26459917986065
0.187026575335586 0.503441097720873 0.285337199477915 0.0241951274656254
0.251376961685765 0.346277345709184 0.305075123320913 0.0972705692841378
0.292841230846188 0.465985811693736 0.00268040679247291 0.238492550667603
0.141645561772934 0.754296603137734 0.0905506467090856 0.0135071883802467
0.297956352436818 0.143822258242324 0.219125687350057 0.339095701970802
0.312648943637484 0.317851939158192 0.141005729987824 0.2284933872165
0.105458388674246 0.12279149101336 0.341000529479676 0.430749590832718
0.285423978021629 0.313214926032457 0.18529096061726 0.216070135328654
0.413472437023167 0.00974800025843179 0.153660026534785 0.423119536183617
0.0530548612158931 0.367836326620678 0.369699209335066 0.209409602828363
0.289090733667422 0.379791017020283 0.134540531833256 0.19657771747904
0.299460765063517 0.34034669975553 0.0121709336205398 0.348021601560413
0.218055321519275 0.403203798386364 0.203963196818533 0.174777683275828
0.195718468011732 0.348939332042627 0.195697807049803 0.259644392895838
0.149211144222547 0.130712124568527 0.430652777687247 0.289423953521678
0.275428669649881 0.2825881120734 0.224898372369267 0.217084845907452
0.494603251332054 0.133739105969626 0.0112378818034225 0.360419760894898
0.123165022354939 0.260533956927427 0.304279903201621 0.312021117516014
0.280211707862659 0.175319595703421 0.313042768443509 0.231425927990412
0.190340534626718 0.170020822290287 0.37573147300405 0.263907170078945
