0.133629486180808 0.174158560861887 0.110279932291829 0.21971781580749 0.21002044992334 0.0262532360998163 0.0870956012309881 0.0388449176038434
0.0571158512900526 0.185987877641673 0.270652714302313 0.0425302964857081 0.0744959081276039 0.0783996645326053 0.249209861092909 0.0416078265271361
0.0566916377099427 0.177024165409424 0.207844890141161 0.0325216767726825 0.123923185962098 0.206635705640314 0.0127171335307293 0.182641604833648
0.213132699318128 0.0271056191824611 0.17017684061873 0.201044683786862 0.0625686269794629 0.104540875535103 0.169180639384573 0.05225001519468
0.0883200363229699 0.151226301808027 0.163835709605135 0.204756236965481 0.123104131844934 0.166671293811565 0.0911399423062934 0.0109463473355944
0.122247055511514 0.102500492581551 0.138931903798574 0.0467636871385642 0.150468796609012 0.230024539720734 0.0474638041182704 0.16159972052178
0.00466281285451187 0.20964601559411 0.0315921338325884 0.152977987418591 0.107347558448052 0.206539563277696 0.100329415688796 0.186904512885655
0.0774421468788919 0.169435849272419 0.073428089538193 0.132628374997278 0.0615555361639174 0.158747678419521 0.224260807574184 0.102501517155595
0.0995636524662306 0.119718646034088 0.201226012176575 0.102479584247331 0.067078647830821 0.314319012762011 0.0143238170514143 0.0812906274315289
0.161871385926113 0.125767525184346 0.0612192553878919 0.235838117805941 0.131838834828173 0.048385094471526 0.117038431763058 0.11804135463295
0.108746330975748 0.130284942136409 0.0446236734206261 0.16822467188286 0.170077021312715 0.0986460572275279 0.144445516957162 0.134951786086951
0.0850828560688177 0.257912812848416 0.0713478523015988 0.0732698808621321 0.106275647345596 0.192976512300788 0.0182326315272904 0.194901806745361
0.126132609844831 0.0983263852223284 0.0837806821029556 0.219702328970529 0.138039412856632 0.179056270227052 0.13055882691697 0.0244034838587018
0.183005682564538 0.0560279397247206 0.0785468024319252 0.152988303523404 0.176589249300014 0.10177805082617 0.20080478668235 0.0502591849468777
0.0120136674723559 0.113498488302255 0.222081313908586 0.0583846917160803 0.0536201652012132 0.110924724326888 0.164592483503241 0.26488446556938
0.10971624495544 0.208146343759817 0.0719947423350022 0.159226944762734 0.161226808555809 0.0577864125011025 0.0427542334758119 0.189148269654283
0.175948840398768 0.00880933285480458 0.170953376442072 0.0850132011366423 0.175078989870239 0.0883764349006233 0.157435475638489 0.138384348758362
0.0652487754178747 0.0300100595926085 0.195319019259738 0.246308274993267 0.142507515710411 0.0567760658521222 0.178730146967074 0.0851001422069051
0.23480751497122 0.101418258425186 0.110580677225938 0.000136544595728959 0.148475768852785 0.232255486933928 0.0496109187918904 0.122714830203324
0.181981466361472 0.0383456377858572 0.168708673866348 0.139028540456395 0.193328371021101 0.106800089801586 0.00222329607959494 0.169583924627646
0.0501546744462044 0.169938380354814 0.0710838347128074 0.179176639538165 0.0505580947074718 0.151036045752648 0.0874795826610241 0.240572747826866
0.195145924493363 0.105499098379327 0.205929754884142 0.0475385813962447 0.0263994667147397 0.157822881662362 0.127609184892114 0.134055107577707
0.0119500781731706 0.278738978042414 0.228403803589249 0.0169393236212802 0.221681919093343 0.0203933335697931 0.10463848330235 0.1172540806084
0.076341323611331 0.203148488468308 0.0720242544143781 0.128966684424108 0.183925123254006 0.0865552733338095 0.116022676209137 0.133016176284922
0.168256740093652 0.10564335477186 0.0855182258400127 0.149590331297199 0.112456436123928 0.129019713929163 0.116402667193128 0.133112530751057
0.0641124682661376 0.025922990361072 0.141121904580139 0.0812559043293269 0.0373067391474799 0.160463039555187 0.208227865520428 0.28158908824023
0.257529332863364 0.0598286375786697 0.128846709795383 0.00595803514820291 0.241585892531264 0.0656057951887763 0.0508114507908529 0.189834146103487
0.181237990749955 0.077611362567533 0.143212067345462 0.1581347686647 0.0651055929089958 0.0606442276928445 0.191887106294058 0.122166883776451
0.150718262556597 0.224914203454566 0.0753190122474899 0.0895968894889916 0.0944015289263483 0.0291423302822027 0.142369750555936 0.193538022487868
0.101557448761437 0.211422267746409 0.203821504409798 0.0313940595785408 0.157233874652618 0.0426141170026559 0.0524442496793761 0.199512478169166
0.175439797203073 0.193865752772097 0.0123723236992264 0.016181410943152 0.0380771661426249 0.193732399995844 0.210490929803684 0.159840219440299
0.0685931487311867 0.0719697877811099 0.118829022550433 0.221697431365514 0.218375370194485 0.119548328409852 0.149010423944458 0.0319764870229622
0.182937186995049 0.150774434288077 0.232443936068474 0.0428328432877233 0.0203729230280914 0.249643065668172 0.0493554046070191 0.0716402060573946
0.0905036939045231 0.233214173565354 0.112871772157301 0.00812518029024288 0.246612080709085 0.00673929385203949 0.186410583171719 0.115523222349736
0.173386512480127 0.0580603085057175 0.136573164231434 0.148796369408787 0.149321139110955 0.149342006071951 0.0972509999393048 0.0872695002517228
0.00663793145249241 0.198818097093049 0.0282860020758541 0.117102739860898 0.144857510165374 0.150597274526757 0.152437491793003 0.201262953032572
0.0218892489603954 0.1607850551823 0.176036896719489 0.103425091928298 0.189864435220683 0.119766443005091 0.213551243004865 0.014681585978878
0.0198278419608809 0.115668669178717 0.155997916517055 0.144679585645417 0.0120704444137501 0.185100457836664 0.130460101145862 0.236194983301655
0.257516627386315 0.0295896668415557 0.0321091054782579 0.0771102485700789 0.231590259650614 0.10694584571577 0.147832867391306 0.117305378966102
0.243776019397834 0.13660317964765 0.0487990310485769 0.0768295529681897 0.0658478989299853 0.0420439898852414 0.230748709021618 0.155351619100905
0.124902827271837 0.0815924645055962 0.174825888987975 0.237986490285475 0.105842341943609 0.0492901941519908 0.161531714189054 0.0640280786644634
0.116475568801904 0.0161112199095852 0.207652090687908 0.180565546617163 0.167563084787981 0.0455264190433232 0.185017969902076 0.0810881002500592
0.188145891349111 0.057631614582998 0.245056258428435 0.171423173138636 0.0168062313902671 0.100294908321793 0.120144521204432 0.100497401584327
0.240331638924955 0.0356810454660539 0.0939517998058707 0.1498780042826 0.0129410012608683 0.0605230112706064 0.307744680582553 0.0989488184064922
0.18532178959071 0.0226728364678608 0.206865128586587 0.0412415636312791 0.172038026938561 0.0224477131356445 0.10042708313988 0.248985858509478
0.184119811911995 0.0325505231858416 0.153777691165085 0.00602529608024334 0.140931916817393 0.12384343195137 0.136610900475251 0.22214042841282
0.153328043785735 0.378625816357245 0.00888909224163515 0.136420045721322 0.133554979475237 0.110369813458282 4.73350710335804e-05 0.0787648738895104
0.139886996345223 0.115177415292763 0.00138870480504812 0.0355690963478541 0.206774996582677 0.105722105679196 0.20371011243125 0.191770572515989
0.11978972863792 0.0779918740957315 0.173801879387933 0.131715143868081 0.142052182781088 0.0711556290340072 0.17435616545374 0.109137396741498
0.0693972832914481 0.111036890643723 0.153374737006227 0.0622827979259556 0.223582310644465 0.00736320217394492 0.157390420737613 0.215572357576624
0.100448871765686 0.183818271406861 0.183520442242931 0.0814542836954477 0.144500522684239 0.078366203802093 0.208713413566532 0.0191779908362109
0.184724070946336 0.203984831507373 0.105354741501295 0.140962342418128 0.0605248634884822 0.0948161807374593 0.0120167735892274 0.1976161958117
0.0875511312742855 0.134670640260123 0.131478862905089 0.226246286542389 0.179216477021506 0.0237053150356139 0.00527856648296905 0.211852720478025
0.133106625964678 0.199555551306822 0.0539020391221702 0.0539912279327642 0.0960169619500938 0.184217543056756 0.19959866818823 0.0796113824784862
0.248311062138558 0.15266574158638 0.00232538503201015 0.190813748507896 0.0892199207435687 0.124566909789602 0.0306600010835781 0.161437231118407
0.245035186681124 0.202066409689448 0.0633292740505973 0.059828188134731 0.197181567354214 0.0405620722922277 0.00487061327067429 0.187126688526984
0.305132782083651 0.0330550249129963 0.16427796836221 0.0443642717901644 0.32934710517836 0.066539097619585 0.0457043097101123 0.0115794403429221
0.129431504195402 0.00137659079908999 0.132909042282776 0.157647554439906 0.0455062856700228 0.203600608623424 0.246262747924074 0.083265666065305
0.167094002162518 0.294772135560569 0.0684449489844334 0.132612227440786 0.0539849492949339 0.19488146573077 0.0190442811473185 0.0691659896786707
0.0270603372851186 0.270191070624992 0.0717313646474733 0.146827051971781 0.211847254854201 0.104859958949471 0.000307260384986876 0.167175701281976
0.213517919993673 0.0258086866644392 0.0257028392668733 0.0609491177515209 0.189841420853793 0.22685367803701 0.142982672042664 0.114343665390027
0.0461924874173765 0.177767769718994 0.142643453911627 0.0589008766164319 0.164085814465995 0.130909217220058 0.205180343193639 0.0743200374558785
0.0128804756668829 0.165672308036814 0.144188475986777 0.217850267714672 0.126262519543211 0.178446317837367 0.132312834934286 0.0223868002799903
0.11352095459952 0.0694160681062091 0.120169419360295 0.0417628868903437 0.168613404040297 0.244771079942177 0.0798843448537918 0.161861842207367
0.0398670961132709 0.224509990487124 0.228541784026212 0.129406463825988 0.106113337843014 0.0717020057673877 0.0997034956000899 0.100155826336914
0.223331118794348 0.0612854857961463 0.00151647964872276 0.121084813869846 0.0766783597787948 0.0839504947586541 0.204533346648661 0.227619900704826
0.0977539229852015 0.0181968616786563 0.0910333869021799 0.174412880670655 0.181229503635568 0.123448252569388 0.104171926299055 0.209753265259296
0.114191440351492 0.0681793964522534 0.0263518590402429 0.162046917404024 0.20367046004403 0.196325646056259 0.0855910067629925 0.143643273888706
0.0782436252426632 0.124551166131391 0.227826344604158 0.180971400156451 0.0266340258880714 0.0948291380889574 0.0839564162864945 0.182987883601814
0.139748248219013 0.104298415447603 0.15092698852032 0.0480262852968886 0.116728099486504 0.0539907186077709 0.192548324337459 0.193732920084443
0.132402361520205 0.0057519275249697 0.159405081468544 0.158598300664021 0.125240532392046 0.133738970363661 0.127789916201555 0.157072909864999
0.227530417802591 0.119919184439006 0.0291998159428947 0.138401577986513 0.101127328768368 0.138736444149903 0.00250340004482794 0.242581830865897
0.180996634437006 0.0152239461238721 0.0584938989822161 0.193987751652979 0.200534257233436 0.0310438146948322 0.203367853420817 0.116351843454842
0.0702419976683089 0.0287149511763404 0.139203309931237 0.207194571477246 0.112714205073699 0.147466562969558 0.157380713258425 0.137083688445186
0.135189435620579 0.00946878254309707 0.197297999637354 0.161686747073984 0.0351236651400312 0.257529428712703 0.0313119112987237 0.172392029973528
0.0223032467610709 0.244840674986063 0.0219504845692972 0.0926840355954671 0.122025007357927 0.19512434437834 0.23012847603858 0.0709437303132546
0.0727908427206355 0.213955288711725 0.0417134701618323 0.23383631758956 0.0466480401156267 0.0917899812024497 0.223409963962935 0.0758560955352357
0.130203214631101 0.0682439743186033 0.0661001946702876 0.130401313263086 0.0974327037926876 0.194808858810923 0.129723446501055 0.183086294012256
0.105992565564081 0.171714134396881 0.231953387386057 0.00138573935847015 0.165985545199634 0.0972104855567568 0.132638462421672 0.093119680116447
0.182492549708888 0.122973765488484 0.114933397421998 0.0863700532464787 0.089891421682562 0.145960277846247 0.154616022287895 0.102762512317447
0.170238111471887 0.171204126854259 0.215094614736166 0.0861438836046883 0.107145601448919 0.0779704687986082 0.0315794286243798 0.140623764461093
0.214422770205258 0.0242577883204308 0.198251943980461 0.1160859786462 0.173447645605357 0.0673461124172558 0.137839619273681 0.0683481415513566
0.108218081140644 0.0584094196272126 0.045112907214913 0.22311362355798 0.0711587436314098 0.148105407031566 0.213160335021239 0.132721482775037
0.160836973954999 0.188655296083877 0.0201339764231961 0.148401763751953 0.139343385438954 0.135672780156193 0.0384945996792174 0.168461224511611
0.128274553237996 0.0608038812726985 0.194617811203291 0.171660258154829 0.123857270281501 0.19659076868322 0.105059896612258 0.0191355605542057
0.107628436627131 0.179289596374342 0.0240509717700208 0.112566198630735 0.0232985472184962 0.185432996480601 0.185068114463479 0.182665138435195
0.254613425439584 0.187644161932209 0.0104040044357338 0.208904860649645 0.0996242325953884 0.212105590153925 0.0054587601034329 0.0212449646900814
0.232237604958551 0.175452277782711 0.0379315400860686 0.0748735674236415 0.0533056192500343 0.101461737138261 0.228812897886188 0.0959247554745459
0.0929432317236355 0.216796665642351 0.00864434151378667 0.0871504784443829 0.0682866960076666 0.0973116036898317 0.214812862076181 0.214054120902165
0.144958929718598 0.0460569774331095 0.153631024958923 0.160642261648051 0.0991812032778324 0.181001824974828 0.194194525596073 0.0203332523925845
0.13700867074582 0.155705412255228 0.125029899631582 0.0206988449243684 0.146840455674141 0.153599491123009 0.187183052722806 0.0739341729230457
0.0674885788502579 0.0819830184112268 0.172565703766516 0.160878186106469 0.175349489452556 0.117230820600868 0.0868692356882396 0.137634967123866
0.166870280866765 0.172068134836775 0.204627290839967 0.00301161291142628 0.0173955742056069 0.232139789884051 0.00416502764487513 0.199722288810534
0.0696532733870794 0.0793950829693631 0.0295340061533771 0.15614694359467 0.274829535896505 0.220077407775892 0.0190422463980521 0.151321503825062
0.0473448237669413 0.254533570942214 0.292348046509166 0.0479794440140207 0.1563167469553 0.0797424009158603 0.094031352180855 0.0277036147156435
0.195433642692792 0.024443448490167 0.135947115834787 0.129724792169791 0.22253705470126 0.016308770335143 0.0691884337241244 0.206416742051935
0.153132147825995 0.100306101178609 0.19911637410821 0.282837977819542 0.0351472086531696 0.00599832199741422 0.098637311949747 0.124824556467313
0.0269895770029677 0.0685162109369041 0.0534797890175491 0.250079167391327 0.21288007536394 0.0675422636044792 0.0551028987449614 0.265410017937871
0.211689187247251 0.0418043836199785 0.206145105317185 0.0587710256553579 0.195922378895495 0.0169104213033523 0.100235954298543 0.168521543662836
0.121136497369165 0.174112109742775 0.0738588721478901 0.0499058710964783 0.299965140449654 0.230041714189877 0.0487812669472547 0.00219852805690621
0.154580889507283 0.150635952744498 0.0478756026148078 0.125577599396681 0.0844588607486784 0.150413674965377 0.117114936036854 0.169342483985821
0.171981659785521 0.0880503542535957 0.108211140916912 0.124109458847806 0.159650045123557 0.030405511385419 0.180925373105397 0.136666456581792
0.153937531301943 0.125471087394027 0.0713591469197485 0.150925054080351 0.00943774704251537 0.183510642493214 0.193413005091288 0.111945785676914
0.0352705740941292 0.22818581440459 0.155361923320034 0.161526695425402 0.0282346335524085 0.0490678083459411 0.253035487383098 0.0893170634743964
0.205313354367606 0.267978560297637 0.00333709975567161 0.121588398768827 0.00360856461682158 0.0894583065180234 0.182517854256858 0.126197861418555
0.243402419797752 0.151910593105053 0.207369537821036 0.237449353651222 0.0277952590315224 0.116464172125805 0.0130357511753508 0.00257291329225922
0.311634986173401 0.0543663617185865 0.026028722187811 0.0988502312875986 0.0382024161942762 0.103605732286041 0.251086797978683 0.116224752173602
0.0257590068645064 0.118100710090461 0.0166116546741073 0.176470060033403 0.0920877193645742 0.210442143454234 0.143105484067372 0.217423221451343
0.191975448166921 0.198877366758138 0.0455475643413934 0.111019945612668 0.164294624538076 0.124323453342107 0.0326043890841498 0.131357208156548
0.0260481088470218 0.207693510454409 0.153541506603891 0.0805497676230349 0.226847970955962 0.0956282489346497 0.0527591280940204 0.156931758487011
0.137412886332205 0.105116370219232 0.0704835369061344 0.158876778617763 0.168230329238739 0.182428545186819 0.0449999525390467 0.132451600960062
0.0540098633699084 0.202190368067001 0.0625177370026726 0.0119238534369942 0.211294327937508 0.194399345353361 0.151862141849969 0.111802362982585
0.0203009922404089 0.234914215468418 0.168425015959088 0.134009232279784 0.219758451135195 0.0576069911628826 0.0144903920690218 0.150494709685202
0.0779544158478486 0.0933300641094428 0.119742492117194 0.164007188846929 0.16819791407446 0.198668406292348 0.0233314447810269 0.154768073930751
0.101833441416313 0.044700633092594 0.217857878022286 0.11033514529239 0.033265802137587 0.149835906731597 0.186119848954505 0.156051344352727
0.237942696549258 0.100794275516616 0.240704843793523 0.00493904621273293 0.14732076870677 0.0726542311780416 0.0549086890546157 0.140735448988444
0.0678408604687586 0.0746201333440321 0.0291934794212541 0.0440066495755876 0.220372252657087 0.217157339742359 0.138916262728311 0.20789302206261
0.0667956982876804 0.0765371187090281 0.163836407637897 0.10349791804063 0.128112350283379 0.122537622597132 0.172483106496196 0.166199777948058
0.241856581922399 0.200979480851386 0.059336905945555 0.103195928466445 0.174745221183844 0.00901041630070856 0.0805980822327814 0.130277383096881
0.0576967253047483 0.0269766949961598 0.218138906301046 0.185477738211799 0.232587881610275 0.04632690337197 0.138621413297123 0.094173736906879
0.135202241040744 0.188261945590922 0.044290469757933 0.0732500387073889 0.148256295636981 0.137129068764937 0.0687927888899701 0.204817151611124
0.00726979742147243 0.045874989754372 0.0971771161891243 0.142166856197384 0.204860221283068 0.263098850327295 0.0571657240466298 0.182386444780655
0.146181328971785 0.0808384147267799 0.11789073707848 0.123810873274495 0.0562438123571016 0.129675885451307 0.156531737555915 0.188827210584135
0.0754658123917498 0.0870938532124163 0.0432682005629206 0.203511113913819 0.159210693367368 0.0587551301806671 0.180518627372917 0.192176568998143
0.187914882326856 0.0617686040060715 0.00767875216191047 0.10285862541481 0.217811345728696 0.192702819112738 0.0725966469929719 0.156668324255946
0.253978959898223 0.12655086226375 0.0160287124367459 0.106691718693992 0.1772243832108 0.214541445360129 0.00649615104013669 0.0984877670962234
0.145690962940667 0.16066895636345 0.0979569554885384 0.133914816477268 0.17191897672589 0.119932742817282 0.117133270472852 0.052783318714052
0.105035694509791 0.020785800501551 0.0135168004170818 0.180245891229731 0.210574256920358 0.194210169584809 0.0979536621043276 0.177677724732351
0.103521660933565 0.229419414754344 0.0697450854952908 0.0967241009609539 0.0737811531212898 0.0801384393897079 0.153927839350131 0.192742305994718
0.215169603276267 0.0715764170403908 0.0207394446798024 0.145758181545231 0.322725128072457 0.00256737361667628 0.12819320390403 0.0932706478651445
0.146049711290324 0.173301144179231 0.00429938134324823 0.0365486144444383 0.143009579743299 0.245114080608549 0.100699026231469 0.150978462159442
0.0394627437487004 0.057854146664806 0.0404743737477998 0.18697106650274 0.21546593992198 0.292674749366404 0.14191462151714 0.0251823585304293
0.0209928367948735 0.239666801836066 0.0812930850271732 0.172695258257388 0.0336191717496623 0.106045085910897 0.186479802220734 0.159207958203206
0.302165807983943 0.120537195518958 0.000516908289886357 0.159987535049119 0.270827411369886 0.0186656583527654 0.0751937860804924 0.0521056973549496
0.173208378410405 0.112570981137038 0.0279325717341449 0.0983859284214344 0.130519918957973 0.175084310939915 0.122585155956894 0.159712754442197
0.182350149487036 0.108403572144236 0.142800839205993 0.186894701251982 0.00172668671837586 0.177085079839481 0.0483166227621957 0.152422348590699
0.136337624546323 0.145637392607867 0.113182744414593 0.149135516913516 0.0779643441551292 0.0407472636560816 0.124885333460096 0.212109780246395
0.173703043927294 0.0757241762730255 0.253431876773172 0.169892575675147 0.0270771427529879 0.0133592084827496 0.168204513556085 0.118607462559539
0.19921912291156 0.113579365092668 0.193981356356491 0.0357096607645346 0.182005817305394 0.206980108489886 0.0371783019917118 0.0313462670877533
0.185958337613073 0.145340748192228 0.0079779898475397 0.154619051035623 0.141219861753057 0.0638473957350309 0.186401551609936 0.114635064213512
0.134873636449091 0.125534357158558 0.0898478897468226 0.0527072027086724 0.163383918406831 0.199950100072261 0.0760020472717337 0.157700848186029
0.104934440464313 0.122802572387478 0.0991480557208148 0.119425175242889 0.166575410614701 0.182186806216581 0.0438880714976213 0.161039467855602
0.100165339253844 0.0750913380384101 0.121789609611163 0.177529899882472 0.165554217358128 0.0228694103470597 0.143222862624062 0.193777322884861
0.076759208709235 0.329043332134329 0.0679391411993348 0.0942060583080815 0.0991463542246258 0.218601708430725 0.01866036145597 0.0956438355376986
0.118889821201075 0.206025440670927 0.0888727090327573 0.0206677630993859 0.19866120851888 0.0708333737021877 0.150037327302041 0.146012356472746
0.013239717095393 0.1847917611232 0.0440481200621435 0.192910839687409 0.237737275233824 0.0581771797255048 0.107015046213778 0.162080060858747
0.226399952184864 0.141815804538985 0.0417202891853856 0.23913678404135 0.15653197717107 0.0054646545509604 0.188855909639299 7.46286880854648e-05
0.0120655844009895 0.145802276784188 0.15979970059829 0.229806528883797 0.0568551118250228 0.151372816841703 0.0458799644800788 0.19841801618593
0.0968942002146002 0.144996170297115 0.113175488816573 0.18090237900191 0.184732797205131 0.0834187226697497 0.0819108000505363 0.113969441744385
0.0267628456749098 0.12521296628376 0.0386644018114892 0.17299027919959 0.0324976651558029 0.211225971942437 0.182792012156517 0.209853857775494
0.165268275384807 0.203579336353271 0.150981740147016 0.0376164115154081 0.155946384738812 0.144968683560734 0.0489031272223237 0.0927360410776282
0.0255143938519522 0.211204311389985 0.160902501101958 0.054737307089886 0.0865931931883834 0.205305574367718 0.116102165373609 0.139640553636509
0.110959104564186 0.207777231003318 0.231898461171092 0.00912233805820936 0.0491706194861554 0.005091085119261 0.167333145454715 0.218648015143063
0.00890892854975481 0.0717697510921672 0.0373427079404451 0.214953027461113 0.165376172945877 0.147142239018358 0.264172176770323 0.0903349962219624
0.0477749393384941 0.202028759068184 0.134674516154408 0.0335769060126675 0.188580840237669 0.185143386523893 0.0353428040504349 0.172877848614249
0.0744000939440693 0.150483236223348 0.180040371980092 0.0994815805816904 0.201918819761912 0.0801494157013226 0.0712901083393872 0.142236373468178
0.0644051031021899 0.092885677932403 0.0613438448946198 0.246521524155465 0.0637983078800034 0.218306324168104 0.0290311123030438 0.223708105564172
0.0977715394513982 0.153837786143313 0.106426850314786 0.175604547645702 0.136889212394191 0.0602130011599085 0.102126343000254 0.167130719890447
0.0957884874993092 0.180244961178372 0.237454566395096 0.0713040780994504 0.12126413020073 0.0359756579415 0.236176681503054 0.0217914371824893
0.173007981254194 0.0106807135704327 0.166052118444288 0.136555102262387 0.153599118921654 0.0366997786541109 0.181375642014744 0.14202954487819
0.108007633340961 0.188713651790481 0.185113454138057 0.15322000114362 0.104182266629555 0.0642211548828749 0.114676443987587 0.0818653940868639
0.00338463720359446 0.150240339308278 0.027920677926325 0.26779053677028 0.222098440111998 0.0291862886821344 0.0422640439220997 0.257115036075291
0.00419848711708058 0.152851335244863 0.170112653243306 0.191460804513732 0.193298884223235 0.0110958565795949 0.114031073013535 0.162950906064653
0.138295218979818 0.202062472542385 0.0627346318027369 0.0422661173079478 0.195227138558728 0.138708560501977 0.122842288172527 0.0978635721338802
0.146982171277305 0.00777185028682974 0.225060110934824 0.0493693014774955 0.102575802889587 0.182424576270169 0.229746465352727 0.0560697215110617
0.0638370951621177 0.134521022948583 0.155843303207087 0.0316380598312113 0.211440699457794 0.201428932416943 0.12960390049918 0.0716869864770827
0.0422705363640596 0.119635866370145 0.214713808374591 0.117651348738463 0.119567950004593 0.189231861952757 0.0401396786872145 0.156788949508177
0.1940233142102 0.108166868921253 0.0506558559669081 0.133421619652575 0.149367743697514 0.170425310024682 0.155355015341127 0.0385842721857408
0.027771670635657 0.0149129332310037 0.241870151856359 0.0729259576322734 0.14401225975054 0.160584541136086 0.238336238962895 0.0995862467951869
0.110681700132517 0.0559686474099271 0.208009448129449 0.161284130657727 0.129216898557367 0.118644507392944 0.20626600358279 0.00992866413727993
0.203585139333014 0.00400112638612906 0.111952973400408 0.167281567816891 0.11848331320539 0.148510703381943 0.193264408457559 0.0529207680186651
0.0787905046130961 0.0352379419057715 0.246169325339422 0.106555837005879 0.247782670212665 0.0924868513805107 0.188506641795826 0.00447022774682921
0.246307848865816 0.0399930935176131 0.157952561885168 0.14543953496712 0.0335193727373198 0.111186692213566 0.145245841039908 0.120355054773489
0.105252948737873 0.140878195794396 0.184750026372329 0.172049796976846 0.0930271465643667 0.0826042269265256 0.211150091341824 0.0102875672858395
0.0138876754825457 0.152510453024685 0.0174658622493267 0.203043949524155 0.121509396956972 0.211599129925861 0.225203388418534 0.0547801444179209
0.154568874810252 0.173882986902104 0.121390369953264 0.111430201890531 0.0601875086813072 0.118649499361034 0.0833937867461458 0.176496771655362
0.148919107525141 0.0725421628570918 0.101017059341464 0.0866642000082794 0.0353178955878969 0.146678540534886 0.200980086286908 0.207880947858333
0.195638575800838 0.07508803743058 0.0224405283843448 0.0747673243646042 0.213044757785638 0.106195952989379 0.204240962813896 0.10858386043072
0.0860585001507236 0.118364942043081 0.105953467926237 0.134138794961248 0.124483108205085 0.169610114385448 0.131707408579854 0.129683663748322
0.279735483050683 0.121064895595488 0.162664175812285 0.194792509719815 0.13358807625705 0.0196228289527711 0.0117193915119106 0.0768126390999974
0.172477163913336 0.113910313784377 0.0103239183327581 0.225273821305759 0.144458897664827 0.0411956234701523 0.172371917138404 0.119988344390386
0.219859256026151 0.0412542550901192 0.199502294933446 0.0811491325468005 0.095537247360823 0.127364143775209 0.0193227455217886 0.216010924745663
0.135238491225431 0.205079308030452 0.206960811595904 0.0231118121761047 0.103083244339576 0.0524493696996319 0.0911662027299832 0.182910760202918
0.0690363889858807 0.124170750645592 0.0195367017608852 0.0946821469474171 0.119069230562143 0.162140661422056 0.139140680773327 0.272223438902699
0.177995486666692 0.0650747819499471 0.136572496562647 0.026785168863447 0.172119778307675 0.229126046274314 0.0478474334550453 0.144478807920234
0.160725582636042 0.11184859419375 0.189205951336617 0.00899832336408727 0.0968927956717061 0.197697720254467 0.202397635820557 0.0322333967227747
0.00893926784699402 0.16910483255838 0.196777753163418 0.0984387326172291 0.0955340605137679 0.234115612304504 0.135059262958828 0.062030478036879
0.145557313672735 0.181970763575585 0.00533383367137027 0.0872549932895535 0.213885175792777 0.167157566255051 0.101040544450102 0.0977998092928265
0.00363483904970165 0.261230020207634 0.0711331503634607 0.0578480322304046 0.146252589337531 0.0731768837471369 0.281336788598234 0.105387696465897
0.254312912035274 0.140459842209581 0.0143472275513968 0.175949711384084 0.0708578420192247 0.157115765912248 0.0977639983529014 0.0891927005352894
0.152148709482425 0.160828740208238 0.031984674366646 0.194634688867906 0.0531835270677173 0.152187416915602 0.0866248886527165 0.16840735443875
0.0352589897471373 0.00529336091615046 0.107706244459298 0.194036498568003 0.277610860581491 0.266029635491005 0.0845905815571154 0.0294738286797999
0.0611490814413624 0.10473604019699 0.22209332258811 0.186546649058061 0.035155559005361 0.111640878516881 0.110036290321424 0.168642178871811
0.05167267767769 0.114089573617136 0.0377794374825094 0.244323165704996 0.170330322517779 0.0744745840950274 0.0156879210345846 0.291642317870278
0.102697764898302 0.184265968597238 0.163428808378548 0.0768054123835109 0.145416961784012 0.0582109696229848 0.215896210261564 0.0532779040738405
0.210538289838813 0.186652433800068 0.104575155094354 0.108718492399092 0.0871896227098364 0.129497961637754 0.000404456021127022 0.172423588498956
0.0506708485497503 0.231643744670358 0.129792350319453 0.11897830537277 0.0981932870166031 0.0940811631302718 0.26027059019577 0.0163697107450243
0.0609210948416164 0.0979020211840936 0.133854559575338 0.189853084428751 0.0785259190676139 0.155191178006932 0.146282075600672 0.137470067294983
0.124347092327089 0.132715800361725 0.184632146327423 0.132965440176397 0.066358937043486 0.166768469563514 0.0911197895824986 0.101092324617867
0.0131919996739938 0.0155735730998942 0.266484893484553 0.232430276412326 0.112144257235667 0.108153094885227 0.0520168358993662 0.200005069308973
0.00514316026889702 0.0213641155526638 0.189429370568314 0.0985148450832943 0.0797019962779881 0.210348688452019 0.184217918554942 0.211279905241881
0.0050051506212457 0.0985517238578292 0.0667707019865788 0.043522452429907 0.170080805550033 0.178626703555984 0.166163814241945 0.271278647756478
0.0553544660792702 0.0172959816746122 0.130886934666407 0.118502749094552 0.197945514930829 0.172795268973462 0.222784519509524 0.0844345650713423
0.145925791194496 0.160200322438399 0.0501661220288269 0.100624800186442 0.19747674813502 0.156133600975197 0.0761479827253552 0.113324632316263
0.0791160295690759 0.182803812407916 0.188577064465813 0.177991130611924 0.132716988882667 0.0654343890151562 0.144859064980554 0.0285015200668939
0.159981294209159 0.138230253962182 0.140657469930427 0.0464336930378574 0.127348430947424 0.112342077809277 0.127954623728023 0.147052156375651
0.145320742541114 0.0279853322420199 0.278081236423567 0.0178862648944578 0.108404582502417 0.198943407504013 0.173891722648215 0.0494867112441958
0.135374078519428 0.076524840275186 0.0287679109438258 0.175803424164442 0.206755716479115 0.234858891250474 0.00517527201899797 0.136739866348531
0.233152185491474 0.128589458564672 0.0701040983382421 0.130819151970517 0.0136917530804977 0.0807049376034007 0.123940481208653 0.218997933742543
0.110859797183639 0.123790559427509 0.0842366465490243 0.246507782398125 0.0314138132548654 0.0737904483175145 0.171916509637415 0.157484443231908
0.0264174607269347 0.0161224100327873 0.121145796528947 0.260652462235922 0.259888486027506 0.214825250461249 0.0824544112232739 0.0184937227633796
0.0451754188049076 0.0714594934953226 0.176052227915959 0.0530977620738763 0.237862549993857 0.143810679100628 0.016924960852717 0.255616907762732
0.210688417431157 0.264588794027312 0.158322561039212 0.00783314083509428 0.165025668195799 0.0748589046932845 0.055104837669181 0.0635776761089592
0.0893997271497509 0.0302525846154495 0.0126954625137841 0.0261823457650113 0.134612107476893 0.238553718659336 0.406544406363621 0.0617596474561539
0.168343776636413 0.131019481912963 0.15140383540294 0.121681071708961 0.266241495265413 0.0554781960371464 0.0653391774933039 0.0404929655428595
0.281634823655299 0.14684565381517 0.0258283752612531 0.189902531147561 0.0533689177609612 0.0222461389714263 0.231967381933082 0.048206177455248
0.136474833187128 0.114410075067873 0.221942628263319 0.269398858759145 0.00263894507666221 0.0273726972063678 0.112521974679237 0.115239987760268
0.104720795206637 0.207916331527769 0.0537343613401839 0.209319239438054 0.128422698860378 0.156869283720671 0.0722092227593809 0.0668080671469266
0.221706172120685 0.264781495523864 0.00854536999064486 0.0856638609839614 0.0767653071144102 0.0337921431569267 0.154019031383971 0.154726619725537
0.169342511339482 0.0720152514513206 0.115814937017267 0.0435724114291744 0.173302589559421 0.178637471442194 0.185506728340879 0.0618080994202632
0.0853915386822211 0.141090098985266 0.0624913120037515 0.245171439814286 0.0105912297770543 0.129774723195646 0.159403645334003 0.166086012207773
0.0103071562525303 0.252397081464176 0.101754368799607 0.0441506418988842 0.14917168921999 0.0693334337614458 0.130202664525263 0.242682964078104
0.194368631046168 0.0975362638916956 0.00761161899934535 0.109275693298247 0.110632028556245 0.178330910292086 0.128196482125993 0.174048371790219
0.139691412054472 0.266593328527861 0.104378092805145 0.0696069405157574 0.000602310932211396 0.0162669200863512 0.119661394458049 0.283199600620153
0.0582156927743842 0.113959871264255 0.214499961030644 0.134591873084699 0.190568557568327 0.0851789878169135 0.0408351909232636 0.162149865537513
0.0813136986439577 0.107043448803617 0.182038218351819 0.204159149528722 0.100894227260132 0.111807500353129 0.0706265492167405 0.142117207841883
0.101505952843303 0.00339401760029435 0.335351326665969 0.1328231184968 0.0475978908321723 0.0301349175654895 0.00841586827629457 0.340776907719678
0.0514280512028123 0.0387706054475507 0.187880113818982 0.0255709927702086 0.300638567764208 0.0453334505795276 0.322336352980566 0.0280418654361436
0.0585553693506233 0.0833049068548723 0.0993485123570993 0.17966429251575 0.182273463766781 0.136832533792272 0.175078361565157 0.0849425597974455
0.175229830066594 0.108551599179964 0.161634503637368 0.215112061394712 0.147316564620628 0.00825232299769861 0.111000589610231 0.0729025284928038
0.102954644014271 0.114449511048933 0.127953022435968 0.0433984089035041 0.124971185750282 0.124569340251132 0.226521550288181 0.13518233730773
0.335986062987852 0.00870639732461878 0.074697492808388 0.117358092133524 0.117738633228858 0.0366564844244289 0.180686370803657 0.128170466288674
0.202279903063502 0.0747350171471281 0.125959673531354 0.160283163973719 0.0467561918552275 0.225234222710136 0.015441702465037 0.149310125253897
0.309919493595002 0.000463167711174719 0.0834343536301823 0.114815078826886 0.130759601432564 0.00553335005924178 0.30126658398521 0.0538083707597403
0.0376197907043067 0.276550004232488 0.166620322000261 0.109787696901787 0.119621513334976 0.0236515147223902 0.0969138955245816 0.169235262579209
0.212029773456267 0.135389888650922 0.261981975834328 0.261413719349528 0.0286522813349036 0.0385367718535745 0.0183980328571261 0.0435975566633512
0.0107745918057009 0.075803011112871 0.0685351979310661 0.21393625857135 0.249065175687512 0.0927503909635308 0.257676177429218 0.0314591964987512
0.200192252305062 0.0750712875161092 0.266481380432465 0.32619967621092 0.00409513390872023 0.10425008972196 0.0226042322555344 0.00110594764922962
0.17389479668736 0.00247153578731343 0.239152095854622 0.084940248138086 0.174181894603224 0.134991964048287 0.185429968154118 0.00493749672698861
0.0607936250734133 0.253547428939269 0.106544932982546 0.089810255291514 0.212088696752133 0.00323493605041676 0.0156866196815997 0.258293505229108
0.0757814619295702 0.0720796098422593 0.0234193676004613 0.219772664630591 0.221117446482412 0.0148615621791465 0.184802211064809 0.18816567627075
0.204002868663084 0.133420611182562 0.124298263966848 0.223711440640658 0.0172092101061313 0.0454296875679061 0.0478104551958436 0.204117462676968
0.0205806814216199 0.150153204790157 0.025656825564815 0.184825323247311 0.192403913570617 0.163905144364736 0.114521525235044 0.147953381805701
0.211802197750131 0.000558532909722518 0.0470226398254854 0.234388461127382 0.0118154427526099 0.24322603080687 0.129980274745686 0.121206420082113
0.140320741558078 0.309244165100885 0.0847100361717398 0.148634903682066 0.00124675970020293 0.161519430534491 0.148118754411731 0.00620520884080753
0.061189936937429 0.148736633841232 0.172798162558449 0.228045115019464 0.12671162580008 0.0381263287479641 0.144532329284316 0.079859867811066
0.189494688424581 0.191932224884016 0.0181596734167463 0.00825800072851694 0.241012753789436 0.106511575030557 0.0709269436522671 0.173704140073879
0.107083651221195 0.0722869450437129 0.179915858950588 0.229775253473499 0.230924787147328 0.0504418057315116 0.0261315798879518 0.103440118544215
0.0557513577180635 0.211554960969102 0.138032685264489 0.0410532989646327 0.182470825441922 0.165214925482407 0.00970191714336046 0.196220029016023
0.239640632219888 0.210585418803777 0.101745509528514 0.153376380921433 0.0149077151930729 0.142075347938149 0.109576344348917 0.0280926510462498
0.0802415672493257 0.127285634032185 0.141316576080576 0.196003757567114 0.103753457849184 0.0468296879629771 0.134238989159829 0.170330330098809
0.237363860279977 0.0641294034531026 0.306687235920562 0.0253184066498255 0.0995623137202406 0.0571266939753745 0.029430820675842 0.180381265325076
0.164587604792172 0.162879517866702 0.154364473887227 0.0826337470754302 0.112761491596816 0.0456765831163719 0.19968763524833 0.0774089464169513
0.122930084789957 0.110785789045886 0.195273187428722 0.109530300866318 0.0814719583322728 0.234171254132649 0.144810140797371 0.00102728460682397
0.037004303276229 0.0944351031700176 0.307821952948432 0.204112887846624 0.0219695041588041 0.0290593411121808 0.00381017390928047 0.301786733578432
0.235052912643471 0.175643937701853 0.0907418602472577 0.0407341165421934 0.118394147441252 0.0387271776125465 0.216872245994802 0.0838336018166244
0.0829168563568044 0.242669591099866 0.036141090450131 0.0209405195172184 0.233069213883446 0.222691989855896 0.0364115706280916 0.125159168208546
0.0688229874570781 0.181850425416007 0.0945762376651586 0.211033163095053 0.129786288041568 0.068572035789426 0.0522392938953631 0.193119568640346
0.0960241828464271 0.194002253848592 0.0203686309433335 0.16458001300857 0.152055484192835 0.166433451620626 0.0402484241026913 0.166287559436925
0.100443519670877 0.212993136460054 0.226641756780436 0.0504782101193237 0.0648159936279661 0.180035319361183 0.0159377052925791 0.148654358687581
0.215588956056792 0.253018103107341 0.0816055962893911 0.00294319998246609 0.259661748743145 0.00284189672957908 0.12551162303041 0.0588288760608759
0.192907832688273 0.0426232796690697 0.0401235247756483 0.188591323081859 0.178342771379308 0.0472219195850252 0.177795101813023 0.132394247007793
0.0879777955876136 0.0527571707460952 0.160601337129796 0.246551871924049 0.0715274163209959 0.12805356415386 0.033851322597891 0.2186795215397
0.158204873197289 0.142728859375773 0.0951274259151971 0.0970168871852397 0.162715146877778 0.147339849052825 0.0816034326797913 0.115263525716107
0.220195370200657 0.0807763042783146 0.125485446581004 0.208098946110791 0.0343032664748168 0.103425741018963 0.188692858247273 0.0390220670881795
0.145730242735055 0.0404403870292656 0.19904658312087 0.00792335012297122 0.116366349324267 0.0951587893822988 0.194692789345929 0.200641508939343
0.311069958622778 0.0711379439865637 0.173687677935358 0.0423658740555956 0.165392955485072 0.142149880727902 0.0298673594720635 0.0643283497146674
0.0440351795904565 0.0938845136536278 0.1213452109459 0.0724928280587542 0.177502900587739 0.00110007861303705 0.348453295598961 0.141185992951525
0.213371695424447 0.129010466318178 0.0683522926364174 0.179084533369963 0.107375335847775 0.180749351945507 0.0210895531000046 0.100966771357707
0.169432052239687 0.0719378398442068 0.17431479562992 0.182356289392747 0.0402975951567137 0.136090863005523 0.0691000949067952 0.156470469824407
0.102859637374117 0.121067594239805 0.104874827201245 0.0650645597148442 0.194821545421674 0.156485413310043 0.182886410049576 0.0719400126886955
0.178551857329837 0.197543172347687 0.134025556421077 0.0273747774035964 0.127103642918814 0.158620657425989 0.114410461161778 0.0623698749912217
