0.135050006553128 0.162681845630506 0.220379569355541 0.126595218892353 0.126423543063801 0.22886981650467
0.227313453327923 0.063612018145931 0.308498229074737 0.378571578017967 0.0155258635857713 0.00647885784767136
0.243602522032486 0.0488301906855193 0.198395344724261 0.149416971564008 0.258807753628912 0.100947217364815
0.138232544953836 0.231526141657484 0.213981956370974 0.0102268678065433 0.225494867985902 0.180537621225262
0.0664046649251252 0.211965620896853 0.192521153589327 0.141153658796792 0.163815148423473 0.224139753368429
0.0541217671952518 0.169356970797237 0.282591635486565 0.258686844096994 0.114837217310847 0.120405565113105
0.058168362790753 0.246428080134158 0.0711169572981624 0.282457067795217 0.257191998404121 0.0846375335775883
0.300618621224922 0.0674664042398684 0.259961626727902 0.103615460206036 0.16927688280925 0.0990610047920218
0.270673858173062 0.0100747059034801 0.297492947259871 0.140531768587731 0.0287396734113484 0.252487046664507
0.0445365140679191 0.437865288617071 0.110866326701294 0.00960763993303439 0.0569013643985284 0.340222866282153
0.151115546409175 0.194974485622972 0.185260559914674 0.244364463282909 0.056284903719716 0.168000041050553
0.250850970018843 0.165074912542136 0.0700241602570635 0.25619152125331 0.243981410554664 0.0138770253739835
0.17867062214339 0.0596161624784687 0.216246382195744 0.240897500400639 0.0928711768639182 0.21169815591784
0.184137531736894 0.14864365382549 0.165925437522413 0.0913345772915846 0.236835726817191 0.173123072806428
0.232593663617859 0.138684917937805 0.136898802311434 0.0848319535224851 0.171063295197917 0.235927367412499
0.241799633570507 0.129324953022625 0.215198421320253 0.169207023864508 0.227188808565122 0.0172811596569847
0.108192605212685 0.0790064088743833 0.243237489745577 0.12815919119584 0.264074722665163 0.177329582306351
0.0905360353681639 0.23166901226777 0.175950743354515 0.0901423400222128 0.215798565153315 0.195903303834022
0.074599354618156 0.295839457475039 0.0887158292954858 0.160273486636606 0.167074997197208 0.213496874777505
0.154240877684116 0.160516289399141 0.170261741730108 0.167604285234151 0.125070497659235 0.222306308293249
0.0188564693058777 0.236643653956605 0.239539996903373 0.0638380081260573 0.0817459039780436 0.359375967730043
0.223930681777433 0.325406144559341 0.0111785932135189 0.0303701198056018 0.323475324660104 0.0856391359840022
0.192656332188445 0.12635365093872 0.26159144969829 0.141042296313466 0.168771329836039 0.109584941025039
0.216134908252653 0.139414314137962 0.119334852827095 0.107430935297597 0.17743230152126 0.240252687963433
0.181392560921825 0.125170242941316 0.0663958280840654 0.258411743875905 0.33569904086157 0.0329305833153186
0.0383175130227775 0.0288750162454741 0.262548771878864 0.208905965988241 0.302044657232013 0.15930807563263
0.227011930693968 0.233912377843 0.158781093495411 0.0617879174736673 0.155694319101278 0.162812361392676
0.25062048716729 0.221457585033409 0.0935030766665128 0.146446622288394 0.0637363448573624 0.224235883987032
0.271446220264156 0.238431879436581 0.111560304925728 0.0249322721050261 0.229205708220285 0.124423615048224
0.255237105646847 0.0968817835239291 0.233559847559801 0.0903707085700202 0.102488620724427 0.221461933974976
0.0796001403612549 0.156050918684812 0.0995238169716013 0.232569666700491 0.17655530749486 0.255700149786981
0.0637906200109293 0.0891472635259405 0.0418990021063359 0.262368207096169 0.355834850652932 0.186960056607693
0.297313751122306 0.0571808880606537 0.256378970195898 0.145047648401457 0.0940704315394335 0.150008310680252
0.24656139880553 0.0318813805411078 0.240969511810562 0.254611255988431 0.166188954211266 0.059787498643103
0.00129763309843619 0.179407227879214 0.250242013826098 0.195966275380706 0.249824345552263 0.123262504263283
0.0436774782442993 0.0827856023893348 0.036943866753317 0.289934201659887 0.289200179919622 0.25745867103354
0.153336534886212 0.13635197575821 0.177170182933235 0.0787801029781534 0.256164594650139 0.19819660879405
0.366168217641924 0.0819462777159874 0.108190957949269 0.364560273386308 0.0178016013015083 0.0613326720050032
0.17144212026427 0.257196488743471 0.377841340648355 0.122893567091236 0.0490740054990495 0.0215524777536187
0.0759966379245057 0.130057826716854 0.173391081070647 0.285367042754363 0.0149961033728677 0.320191308160763
0.221229506000345 0.0185589391155079 0.217355289152342 0.22946056500474 0.212599098575674 0.100796602151391
0.118075264055193 0.225991273348913 0.18215823545484 0.187201514678776 0.261463200024737 0.0251105124375409
0.113086554548287 0.169590738063084 0.530461857925454 0.0346563954701921 0.0129076824085029 0.139296771584479
0.278744295890349 0.379944177450728 0.0653523607359903 0.220737744838067 0.0139518854778223 0.041269535607044
0.243999231382994 0.0170998966597707 0.29854284052631 0.356836071718485 0.0816423563806209 0.00187960333181896
0.0300685129037438 0.251434545628662 0.132907525688307 0.117832569718939 0.282872167595797 0.18488467846455
0.0331162654834372 0.147799833860998 0.104208655957812 0.085097327121584 0.456657066904699 0.173120850671469
0.228882620560539 0.0110128826975376 0.0507577483017937 0.00990137820603334 0.37801018803634 0.321435182197755
0.255511039239445 0.0267428508899969 0.222513039028542 0.0332981606929347 0.0288712983727277 0.433063611776354
0.122576008241696 0.221892053297977 0.277309366874151 0.171438756879135 0.0575640907290851 0.149219723977956
0.234164043351396 0.178745385626931 0.204134735322365 0.0301436212647082 0.175212303391314 0.177599911043286
0.160680022797224 0.137293789407394 0.029420753067628 0.368901676150153 0.289671358605254 0.014032399972347
0.00633157024148144 0.0889571422116437 0.249125625243462 0.215622654446928 0.191379124977817 0.248583882878668
0.159064849944461 0.186763729563015 0.180121942615991 0.255349650439411 0.197377028148786 0.0213227992883358
0.254289911062441 0.133945687728375 0.140957596657327 0.0523570682045187 0.199459925607248 0.21898981074009
0.108813346752587 0.227980712003947 0.211555164318885 0.0854202401531137 0.128293486217439 0.237937050554028
0.0337379174672489 0.0824088104989036 0.169613565226777 0.308573345336008 0.353821037942541 0.0518453235285222
0.04250773903354 0.232521492721519 0.183113088616344 0.172373058114357 0.0908323533039949 0.278652268210246
0.252653632827686 0.0256974873846156 0.24528187460368 0.0962093808849374 0.180063504011587 0.200094120287493
0.411353653945459 0.0689377746745001 0.0159522689557359 0.23763160900311 0.261163924885657 0.00496076853553755
0.137439770450511 0.126794159897834 0.158025764854217 0.0685483672774821 0.279720065076531 0.229471872443425
0.303077351286277 0.0876436792816988 0.242795900400815 0.0899349857977324 0.0414993184298548 0.235048764803622
0.0598468791738216 0.203509161092056 0.0589047658650906 0.346211370126339 0.0188551661604307 0.312672657582263
0.180142002260022 0.0657460484902125 0.0402574125350631 0.23271368107464 0.305698768651173 0.17544208698889
0.491960756698269 0.0571994522380993 0.205192116174748 0.143146347915624 0.0699267716300542 0.0325745553432054
0.0892921319412469 0.0445382101616054 0.349527446250171 0.205874974613861 0.00415621341439274 0.306611023618724
0.0257191174109504 0.307294928270183 0.278745033128608 0.0832981383726324 0.144941343765212 0.160001439052413
0.0330161361350821 0.1203890873265 0.236495379717192 0.11569819402315 0.182143373854154 0.312257828943922
0.109170636143046 0.177721704547736 0.196303369494152 0.178496478400745 0.118201307626773 0.220106503787548
0.147321724996946 0.355886128520409 0.125707301820921 0.0285043561072458 0.0208175652034853 0.321762923350993
0.308389735598596 0.216216131556286 0.0977192805147768 0.0926607282559617 0.137168935154775 0.147845188919604
0.347129627274147 0.384468642955839 0.115340979565782 0.0902047489449409 0.0187957035841189 0.0440602976751724
0.257274167889906 0.0673450809157728 0.211051255630776 0.150908640007987 0.062457470965363 0.250963384590195
0.0718283772432193 0.26242595717383 0.123460542648067 0.1512533125017 0.281737913893885 0.109293896539298
0.298887271317819 0.0925323893397329 0.303025976160743 0.147551070899485 0.0137392016908747 0.144264090591346
0.221876273941952 0.267737895950472 0.0888113882435952 0.0503106905357002 0.268626738727327 0.102637012600954
0.144299436349441 0.217163723765721 0.0565333520100218 0.189418362205512 0.197935442795072 0.194649682874232
0.270344864287437 0.111788011400119 0.106252108456225 0.0926575002966724 0.207381981977062 0.211575533582486
0.189560675934922 0.113512768841772 0.0166191145794714 0.193021875978461 0.0987240909903931 0.388561473674981
0.414494353599799 0.124435089420234 0.0876376536707518 0.118144748878374 0.188552257062889 0.0667358973679517
0.139653991110529 0.327464781689335 0.291193932324055 0.004095198621765 0.128892892905906 0.108699203348411
0.154403925504188 0.339048541532058 0.0809418592180365 0.108723874636648 0.27453938879094 0.0423424103181295
0.29395481913103 0.120745761706812 0.0713351813593185 0.0839631646875824 0.247889258056422 0.182111815058835
0.232898986934645 0.278606313263758 0.108661957867598 0.191198083777379 0.187932130252273 0.000702527904346961
0.142617424645328 0.116106558194729 0.211274050667982 0.36316508429346 0.00382113779394701 0.163015744404554
0.0586345938749907 0.385300574399618 0.183228886949381 0.033112529830984 0.0200079260599989 0.319715488885028
0.114955325783896 0.166980328236253 0.0477991429804036 0.161038351898778 0.222182992785523 0.287043858315148
0.225764745133698 0.412331129707176 0.0114935171329259 0.250618910877407 0.0547856569432313 0.0450060402055616
0.205202855053311 0.204569846457695 0.29847235439024 0.133189944993788 0.0995231072845801 0.0590418918203864
0.0478750247541219 0.166337639711057 0.230719224475081 0.184638393889386 0.221697184844445 0.148732532325909
0.195136123220602 0.123058601500243 0.177326524854434 0.159545910080439 0.175861047357762 0.16907179298652
0.221604970446948 0.231615998900211 0.0154491181923033 0.051976092296704 0.259928988435419 0.219424831728415
0.0446624118108826 0.353474184649914 0.0500644632951625 0.0273954768982686 0.28647933587183 0.237924127473943
0.152621373228594 0.21063448687806 0.0862917327217202 0.191140912419845 0.227134607662746 0.132176887089034
0.187811564050486 0.12728829904383 0.0992717701261664 0.145623149870078 0.113038506880461 0.326966710028979
0.289249949179092 0.287444775301166 0.0578141262624405 0.0870342632076915 0.261446476315019 0.0170104097345901
0.289721929511642 0.0341494064711212 0.0886566757495176 0.17414829871962 0.0943531742307376 0.318970515317362
0.253004516054406 0.27988505060962 0.185890538998061 0.0975453115690138 0.159820427382424 0.0238541553864753
0.0984288886565318 0.0980323160733821 0.137716634808647 0.184089985124347 0.376656160354701 0.105076014982391
0.0727476321229555 0.178594649354151 0.0570565708952759 0.379017936436161 0.0968401313551822 0.215743079836274
0.197377598576301 0.0961149421393905 0.0866954480934934 0.100714795339523 0.308982170230971 0.210115045620321
0.224720705239418 0.121162954922571 0.222049410542916 0.056111028638535 0.148830391520558 0.227125509136002
0.0886874752133333 0.0579162297839459 0.267500037934544 0.24334716631173 0.0605598890610647 0.281989201695382
0.170726628571846 0.194233028519774 0.181658459132636 0.194370649793923 0.0333242635634288 0.225686970418392
0.408413036439121 0.352502077040151 0.119473100911633 0.0808810109892428 0.0110099083835509 0.0277208662363008
0.328557157249127 0.365297552835816 0.0456175580954501 0.0590786626385083 0.0990540022036051 0.102395066977493
0.0562970997852225 0.0458327160228977 0.30912653420969 0.297860229046349 0.237715406247096 0.0531680146887451
0.20699336421766 0.185811872539829 0.0377293156744808 0.0376266368828174 0.355510861103697 0.176327949581515
0.193479723268557 0.0710177474172546 0.167929602379669 0.138522624005357 0.323775817361625 0.105274485567537
0.0396442740141947 0.10804229278822 0.0641222078886718 0.25855408026169 0.174597911933557 0.355039233113666
0.327709504878926 0.23607263681625 0.127803353953491 0.117015015924151 0.161224567671311 0.0301749207558708
0.229707002614241 0.253210443106393 0.172425815364671 0.224686092437162 0.0842540329239268 0.0357166135536063
0.193669003334058 0.165051164959065 0.36687817709782 0.0934454183993598 0.0249677050790212 0.155988531130676
0.0787535325203402 0.281916088486655 0.0128539867991426 0.133463823822812 0.0450939410964507 0.447918627274599
0.197720830738384 0.158867189767764 0.17925550857611 0.194774142882809 0.112024524435261 0.157357803599672
0.170058320226721 0.18584205211677 0.195761222035029 0.062943178629331 0.182294991997742 0.203100234994407
0.165674080848506 0.0766526723051244 0.263325139381598 0.298468835035555 0.181022011526761 0.0148572609024554
0.061334547444879 0.140935672800522 0.101772418189046 0.227160723900736 0.396868563979744 0.071928073685073
0.0175095581850198 0.117987727435922 0.173023763090045 0.262428387800371 0.143426648506355 0.285623914982286
0.204086330029929 0.184515527789444 0.163075491885796 0.247543668665695 0.170810298364477 0.0299686832646602
0.259502747313084 0.23781387917062 0.0697446809801295 0.0770103074345692 0.130760789091592 0.225167596010006
0.206832668523313 0.14338204100483 0.188138720968664 0.0679448593806887 0.0840108881209238 0.309690822001581
0.10357368160958 0.200840908926635 0.243137175781612 0.118889228341387 0.143548715802806 0.19001028953798
0.176508142114509 0.129973088502349 0.227409330884311 0.241526888492667 0.021515138565013 0.203067411441151
0.205813177124209 0.109266312902754 0.170527336803831 0.204467919577868 0.20636443137081 0.103560822220528
0.0356656037651364 0.257170755004167 0.193154458320623 0.124905463708804 0.0443731624616007 0.344730556739669
0.020708036965737 0.184184860671592 0.181254757348809 0.237317885296942 0.112136736061433 0.264397723655487
0.0833567660461204 0.126463800266329 0.246913141101985 0.13195290134651 0.223703602708071 0.187609788530986
0.0816067196319078 0.199995811423237 0.110374098161278 0.329297466691539 0.000664812579980836 0.278061091512057
0.230206111821525 0.202155250308192 0.319200573747363 0.092220459050804 0.00504385984108896 0.151173745231027
0.192282704586672 0.21446534151522 0.0382350276211565 0.14752672750608 0.187482881180167 0.220007317590705
0.328426925054754 0.314955789734464 0.205106362178832 0.0600515885036903 0.0364063088323352 0.0550530256959256
0.283228114218735 0.22720906605094 0.109942344176176 0.170639199159335 0.153674862202184 0.0553064141926304
0.0481197098561398 0.111928058416728 0.201720970924655 0.196410266416078 0.174487591932414 0.267333402453985
0.100960241634986 0.241615043560786 0.295633204645333 0.0724956916828055 0.0435208757176907 0.245774942758399
0.0906523446096414 0.29146812027587 0.0232183899619331 0.214197359468484 0.250429750487977 0.130034035196093
0.129063784890951 0.0410367899485765 0.183678760630081 0.166814341822592 0.253822017399831 0.225584305307968
0.203269363922879 0.0669161149518943 0.0741689276204648 0.0754609150590533 0.122828791011719 0.457355887433989
0.171738045823084 0.324933095778946 0.123159970845099 0.209354466703762 0.117027940805802 0.0537864800433067
0.173604954653327 0.210451117711929 0.142800690043961 0.131065577058065 0.204225196823608 0.137852463709109
0.167257091409117 0.251859132491376 0.136731632067026 0.0076603292528964 0.332850230848288 0.103641583931297
0.209166195164877 0.0237332993791304 0.160369982657778 0.291794025704444 0.170627746693863 0.144308750399907
0.234088969553196 0.0668350345932808 0.254223728719514 0.122107818524477 0.161985559836907 0.160758888772625
0.195391107907154 0.0584629458436823 0.0656808520859086 0.239375118846001 0.336600914069058 0.104489061248196
0.258988798572247 0.11953088972004 0.120948911901446 0.247811655178861 0.146711078544618 0.106008666082787
0.254208281091634 0.224877878188606 0.03780507543606 0.101723082602586 0.323757499088608 0.0576281835925059
0.00172751244071648 0.0434947626005797 0.0566408192481143 0.0366133068632115 0.354300107027094 0.507223491820284
0.028007564321607 0.252690699518911 0.227007775543339 0.252165279357265 0.0578361004180376 0.18229258084084
0.125409940446659 0.14675043077291 0.188327237822199 0.146382753579599 0.190212053790266 0.202917583588367
0.209296165053223 0.180284340470497 0.248811682749996 0.0761249721463554 0.0370255712823912 0.248457268297537
0.00461986000777353 0.1429981842273 0.460255239079958 0.170679886019571 0.0834849514840022 0.137961879181395
0.0782843483548892 0.193313104940638 0.167876040209365 0.13745530037153 0.188100556893284 0.234970649230294
0.217256466246393 0.182050393200435 0.242685856589689 0.00856466270311132 0.0597148242576299 0.289727797002742
0.0599363449610331 0.0443743222803251 0.296874891469642 0.302467535883292 0.0335738148808376 0.26277309052487
0.0115314261192263 0.0673556349448285 0.288086703257505 0.241024070643393 0.336855135049972 0.0551470299850752
0.155470382148446 0.0508656691603505 0.218120721069671 0.22816416615407 0.055429477794496 0.291949583672967
0.215009103812082 0.178118882366961 0.164227654211872 0.272649446201332 0.0129509744500565 0.157043938957696
0.165629671784676 0.198987439892308 0.173198264479722 0.0514281588021489 0.225678626114226 0.185077838926919
0.18537922638638 0.225096897175278 0.105176754046935 0.0442078621453212 0.145276668588029 0.294862591658057
0.0349308102913415 0.228989269521973 0.179123810623236 0.0573539737810867 0.178912791319488 0.320689344462874
0.0850832993024781 0.246100507862269 0.0991202528648835 0.255326002657948 0.192068407678302 0.12230152963412
0.15760958116937 0.192920534251624 0.0310799315594542 0.148115378870516 0.22703150049604 0.243243073652996
0.0729982293068128 0.302880691916548 0.209974770198697 0.152613539514723 0.205777176180867 0.0557555928823519
0.227596198186481 0.166679504565028 0.102356321020082 0.244930257657952 0.00318170631142783 0.255256012259028
0.174179942291174 0.190823570847051 0.170963025629207 0.0791230211512324 0.178028748066106 0.206881692015229
0.250952768194787 0.199657957595623 0.165505331352548 0.0289414115759314 0.174762073022048 0.180180458259062
0.138532595285364 0.194405986835395 0.258283423123569 0.0641607153500051 0.0838919410012709 0.260725338404397
0.237370576292957 0.0881957113767913 0.160229739984066 0.285229695190115 0.172338047266249 0.0566362298898214
0.168646936168805 0.211860851034211 0.0397972533178765 0.272473867091571 0.218966927422345 0.0882541649651916
0.111797164021994 0.377297957700349 0.0907116565858741 0.113098042290123 0.199354134429832 0.107741044971828
0.253806153847869 0.247222072069856 0.00915562850751678 0.193607221640337 0.137030137704001 0.15917878623042
0.363121713580294 0.00696765006189697 0.129110712172028 0.26550629711912 0.165707755759815 0.069585871306846
0.0650889474650703 0.248947946975806 0.134666084486201 0.182795206121087 0.199669449878465 0.16883236507337
0.194407216907839 0.235876978118222 0.170418430176686 0.15993297612618 0.0508129350753996 0.188551463595674
0.0313469811502615 0.176853644843144 0.249772915396762 0.144770412420839 0.27176703668995 0.125489009499043
0.00999044732779271 0.270443415147725 0.07842072686575 0.213901680093069 0.180830717733451 0.246413012832212
0.178640184881642 0.276742041220077 0.0441224192075621 0.253570410498036 0.0381938131876031 0.20873113100508
0.096243296032741 0.0624211228870098 0.181090856489101 0.136685423819466 0.286260451224413 0.23729884954727
0.0685431353417479 0.311392244002833 0.189448596073274 0.10981048398638 0.285274540572301 0.0355310000234637
0.178474131654272 0.0622805262825853 0.171591077863516 0.177195068539234 0.235215897024979 0.175243298635413
0.12476382379678 0.181231541270473 0.128474072684193 0.096398642007046 0.323402495502706 0.145729424738802
0.121520497061913 0.238651261218837 0.0997032131913338 0.0941095157757456 0.395596998025298 0.0504185147268735
0.04305195504739 0.140648653153867 0.0836728481724469 0.146079442049991 0.0660396484146844 0.520507453161621
0.221403721162125 0.050034993618084 0.229051486507269 0.205486425815476 0.0968622429639908 0.197161129933055
0.202469976126267 0.0857613317608028 0.148912681673988 0.0742554869437288 0.334426922459281 0.154173601035932
0.269872492544261 0.228999230521508 0.0682140650963314 0.0964803665678661 0.270624725569392 0.0658091197006411
0.0085790979381346 0.25168740484945 0.216757889238648 0.186755579218076 0.150456400641054 0.185763628114637
0.206449404332602 0.286940835394814 0.0346166012073926 0.249214067703341 0.1457956045851 0.0769834867767506
0.0146139648703412 0.322034390170656 0.265189486061132 0.247062569570694 0.0723300658338942 0.0787695234932829
0.245558808119695 0.260136185297674 0.0490188429740592 0.0149505110970586 0.120742545750511 0.309593106761002
0.287184070628148 0.109429435909313 0.124725943278585 0.0578199482694662 0.299879503244609 0.120961098669879
0.0620284041791302 0.0989361255175772 0.195237378507721 0.235909877484732 0.189851513126094 0.218036701184746
0.14271139111745 0.110004601656473 0.20388311851785 0.210239992336553 0.195723779126611 0.137437117245062
0.0674037337337505 0.230100303146123 0.0244851382604386 0.344868306939759 0.111286272039694 0.221856245880235
0.139365132424059 0.167889743736015 0.0575834475352876 0.117024640087472 0.367321343226305 0.150815692990861
0.042590218331146 0.1578705219336 0.185682033603027 0.210060502782154 0.177469115962069 0.226327607388004
0.219781099720321 0.174428351159169 0.00866670229620386 0.173502990836778 0.377126024876938 0.0464948311105901
0.148667798005973 0.162283165880755 0.229287082206751 0.23032270436085 0.0938747363752283 0.135564513170443
0.242401111233105 0.223444938723488 0.0497084031801494 0.142743054813077 0.230411267316514 0.111291224733666
0.127892502633901 0.218891196584281 0.226157148714399 0.21457866622842 0.156235623788336 0.0562448620506637
0.204497553232302 0.257586939062221 0.117519522052459 0.0503513643201504 0.185040706968098 0.18500391436477
0.19005768270264 0.15731150100479 0.367077377474484 0.0351716398512301 0.240243959427806 0.0101378395390489
0.20276972465916 0.199126273917143 0.0877970621013118 0.124559676033471 0.21692954296511 0.168817720323804
0.0714274345178288 0.301913327045299 0.0215771489015306 0.247327296906378 0.272044202247496 0.0857105903814674
0.220464010913704 0.291371724890804 0.00860171134199016 0.236714120170587 0.0911802064440061 0.15166822623891
0.148817312100311 0.13514324181534 0.124924720247907 0.212245764177972 0.00512001545881967 0.37374894619965
0.225083192400381 0.228497450250402 0.0508133213471351 0.155148710312735 0.258299183653561 0.0821581420357851
0.180731180267426 0.0396360247806926 0.119844699041435 0.385937030693907 0.175638764875134 0.0982123003414052
0.294125135529199 0.0605014329522444 0.235976504845739 0.324265114251443 0.0283653793288624 0.0567664330925117
0.132071394496991 0.175303564292553 0.259941293295915 0.287747294819928 0.0238947863616168 0.121041666732996
0.104300513965341 0.298205789407553 0.0135055818882823 0.117700248261062 0.339485862679759 0.126802003798003
0.0146167252790244 0.171799495919944 0.196794492660762 0.0641598428789062 0.272751615801521 0.279877827459842
0.217582005933653 0.121370396840621 0.0160408227214558 0.234823121717487 0.159181861497898 0.251001791288885
0.431658121062573 0.173342780693594 0.040234253945123 0.0215462423151277 0.233549320237857 0.0996692817457256
0.20110872358542 0.21895284966444 0.185935381921164 0.147023220894581 0.0645640839892568 0.182415739945138
0.197845531426427 0.169415369706945 0.150081438304716 0.181450746990874 0.18227395687962 0.118932956691417
0.228938411728906 0.0971956589017774 0.317570771664422 0.152963273499899 0.0117679885889719 0.191563895616024
0.154708873223076 0.253675931191278 0.0609964131963777 0.27348971691072 0.056547550749116 0.200581514729432
0.166347467849947 0.207094487526927 0.111703378081181 0.249770492135266 0.225102807565519 0.0399813668411604
0.230164992756911 0.0775419174975834 0.109821033957941 0.199540633526863 0.143878162567096 0.239053259693606
0.0211780141638526 0.272173255741199 0.263357427303744 0.10661919423284 0.231277946343035 0.10539416221533
0.170262108573207 0.218767967720163 0.290873535837673 0.203068899299347 0.0985769209030893 0.0184505676665198
0.218696394465263 0.0620455630026569 0.0953888233277186 0.115820747977705 0.311557542196856 0.1964909290298
0.15787250824643 0.156252020421426 0.259099895392083 0.0996204438480941 0.120613674874101 0.206541457217866
0.204462583677432 0.0748969657799631 0.229513602314915 0.274343469390491 0.200644526302681 0.0161388525345179
0.0903408449663683 0.0812200691419828 0.205869987049726 0.265893605886388 0.174311396448171 0.182364096507365
0.314680104854746 0.275222449254109 0.0868900883311947 0.0705765239348283 0.0228341873555658 0.229796646269557
0.188009758411981 0.147652464025586 0.194832184245308 0.0101807489988366 0.230269128974994 0.229055715343295
0.232483750387305 0.0796187919275612 0.232610897749458 0.202678541382563 0.00994326346226234 0.242664755090851
0.093831830858701 0.258709757175512 0.0795636901149901 0.132549578931035 0.170074789117777 0.265270353801984
0.0501375761445958 0.231969615018362 0.271660519051521 0.238794682561331 0.0648734389984563 0.142564168225734
0.237671808664391 0.199581282779863 0.181656067814612 0.201251716382711 0.0141844606986398 0.165654663659783
0.228119895912607 0.105213129203835 0.0973958997701141 0.259435410795366 0.0568036467052104 0.253032017612867
0.223873071050895 0.258904286715902 0.0390386775878729 0.152661432213284 0.205621293291364 0.119901239140681
0.0360046906287519 0.314060594652962 0.274256479494982 0.335192016728024 0.00281968997897461 0.0376665285163054
0.187849061478961 0.238591041124874 0.052252025012279 0.27017005017311 0.00291948686647533 0.248218335344301
0.230669400230257 0.191082014507959 0.164653680340789 0.160592062736102 0.116856518785764 0.136146323399128
0.241998657228307 0.229647449218922 0.176630787475869 0.0516586115400955 0.148664805070311 0.151399689466495
0.162069135692201 0.16562747904342 0.179096201882061 0.0930863312107413 0.162920549350129 0.237200302821448
0.197362720544203 0.144365954982149 0.311442410291327 0.101850941896242 0.195741147173857 0.049236825112222
0.32506169694194 0.0532115295306891 0.148111109386571 0.104594437117781 0.144463222531027 0.224558004491992
0.222134573366788 0.0366330252823526 0.0806021126333104 0.335432562126881 0.301805951974745 0.023391774615923
0.151722534150262 0.0840768628707127 0.220523025783112 0.201765799720697 0.178579246151463 0.163332531323753
0.0623092750902351 0.438539141807326 0.196148278911635 0.100539693132137 0.182399339622559 0.0200642714361079
0.217062877839713 0.0926598480173229 0.18536067526432 0.207999876607935 0.102243159852561 0.194673562418149
0.268749445940271 0.109899445847023 0.0246922422723685 0.248452001830214 0.182218867237594 0.165987996872529
0.0490970349749451 0.338389857873512 0.159092733270879 0.16827317476687 0.0209261437780394 0.264221055335755
0.106519415474177 0.216052225887766 0.216936854152006 0.213438766027217 0.245676447031347 0.00137629142748591
0.227019769033607 0.103227762297668 0.18103233242078 0.0125088769908089 0.166497438947847 0.30971382030929
0.15477862738675 0.043395886895087 0.209648759599685 0.49752399697082 0.00992300840085799 0.0847297207467999
0.0804423752344758 0.0130458899494146 0.423033603536784 0.0860127700654408 0.357132063107026 0.0403332981068591
0.0132765876441821 0.186343545267172 0.147107255852842 0.247488783199512 0.0096003126078714 0.39618351542842
0.113952136837371 0.120122057635824 0.179592429640199 0.232203532887074 0.198074950196474 0.156054892803057
0.160545985615051 0.0987807230536163 0.0615436662258802 0.237469581684343 0.172546963713645 0.269113079707465
0.109748530650971 0.190299973697765 0.181119824550749 0.104214353845303 0.256957666159136 0.157659651096076
0.161049261085799 0.231538257689353 0.0507449778011161 0.195341812731444 0.227341678051643 0.133984012640646
0.275336241657897 0.0868643245512213 0.137337474319506 0.134846023404208 0.0713351879421757 0.294280748124993
0.102958013482596 0.294660578510581 0.14098638870185 0.0422992334985022 0.249380558798596 0.169715227007876
0.14542316935927 0.205454438836045 0.267957534092567 0.0302024369724677 0.302491943887733 0.048470476851917
0.0205594131984556 0.150782106991168 0.275783443557062 0.212751095549442 0.0666424534573986 0.273481487246473
0.290482803778349 0.00854275391704468 0.305750726596206 0.113258336650963 0.254680635958289 0.0272847430991492
0.124243809742895 0.0413751708915986 0.290639105782148 0.318911460009472 0.0374196532597387 0.187410800314147
0.0369418852239456 0.229172514702932 0.199414987972499 0.226027450716743 0.225733899177475 0.0827092622064054
0.183542614904206 0.0774305498370632 0.208324530742778 0.066257758570153 0.226270698064243 0.238173847881558
0.268005229051134 0.217867253540125 0.241420546951923 0.00313239740891228 0.00934737243725718 0.260227200610648
0.176243003394735 0.237172476142586 0.222474265792366 0.150536820075611 0.0955112185672077 0.118062216027494
0.196505939591819 0.226134027504567 0.280256764214032 0.0721685040724777 0.182193319070517 0.0427414455465872
0.170939143630487 0.246011213367561 0.0537298783920317 0.304739039449346 0.120876607640875 0.1037041175197
0.273491323364162 0.106357155460673 0.1818510127695 0.187495245088618 0.026746351597035 0.224058911720013
0.175442530346799 0.25042848408691 0.248097814692571 0.0614646186916071 0.241474750930375 0.0230918012517375
0.233286644402129 0.150369315095476 0.139857519141884 0.125639217878094 0.19709906946652 0.153748234015898
0.149447152175565 0.20340911647291 0.204041052871832 0.125693448012497 0.147807670781145 0.169601559686051
0.206928580190128 0.254470025867837 0.0251907126654819 0.0860295795562828 0.218306882078342 0.209074219641928
0.0660512136667508 0.149511603408263 0.197723389243673 0.219665867743416 0.133274388507656 0.23377353743024
0.167657707814933 0.172836698055249 0.230026612799933 0.140019216979892 0.116569720542309 0.172890043807683
0.0254495967943859 0.117251759776986 0.348640110195665 0.127074694949121 0.242121450642774 0.139462387641068
0.112260274818989 0.0441614137354891 0.345482090842737 0.143684565474929 0.191013073202734 0.163398581925122
0.140392760744159 0.277566926419445 0.186556167614909 0.132231027508281 0.0216669636776253 0.241586154035581
0.14393576128381 0.337889638016438 0.0662686689514638 0.0696787461937045 0.260578696560883 0.1216484889937
0.318293216884147 0.117849690703035 0.187243308728736 0.149077093473784 0.0193743325901837 0.208162357620115
0.066266798685976 0.146050574832423 0.307781998218964 0.125395105447655 0.176753372835344 0.177752149979638
0.183979005010842 0.180361346817552 0.123387969768658 0.116955500753964 0.387158310763323 0.00815786688566153
0.0651019369724749 0.00889101998534455 0.251708484639095 0.500389008978522 0.0915167091709961 0.0823928402535679
0.201260802422995 0.170190807343425 0.0710325333173493 0.0755432676972728 0.22009579789778 0.261876791321178
0.0353909509855006 0.222320111962003 0.1413612023971 0.30174635731261 0.135364699979971 0.163816677362815
0.0730771354382914 0.213430709261794 0.145040717212594 0.196849043950976 0.205419507696002 0.166182886440342
0.136648673742426 0.21461887970089 0.205025255028397 0.191057370916929 0.0473675674308842 0.205282253180473
0.0921659910334034 0.23334348981444 0.123021898817034 0.182208959580877 0.266636575444663 0.102623085309582
0.274446262280995 0.0538763224646459 0.330013031098907 0.096447337102938 0.176753886003321 0.0684631610491933
0.0713033429547785 0.188117152728264 0.0379802693728048 0.253782298980555 0.137444105866408 0.311372830097189
0.281549648962334 0.150471018928184 0.0413794129979498 0.240377890243512 0.00442706158064745 0.281794967287373
0.0299774550877691 0.100421875166795 0.188804178258069 0.373956391490054 0.264751563936907 0.0420885360604061
0.171396078078363 0.243293733038259 0.147287459075806 0.0381416794594664 0.133993567294596 0.26588748305351
0.171177689838397 0.195180643841189 0.1613306423731 0.138354356246282 0.292555922641088 0.0414007450599434
0.202704648976869 0.253987314510471 0.105261548351023 0.111185975350267 0.0531722268003047 0.273688286011065
0.312304836128379 0.0439705099349109 0.393146748994584 0.0100318236800673 0.0210565759961689 0.219489505265889
0.162079967012476 0.274954255678278 0.0522171475077322 0.0798651327848792 0.225166371884697 0.205717125131937
0.191311945614299 0.108347031944077 0.00818032680769746 0.240233432705949 0.128085130058576 0.323842132869401
0.26076983376821 0.104265931905557 0.00880990831014067 0.0258587513642853 0.255837951684843 0.344457622966964
0.242298766428008 0.0968973775471893 0.212705181798291 0.0845854157409573 0.21059790565828 0.152915352827276
0.0931132285029744 0.0427487820769151 0.0726884176198318 0.286186943351051 0.19929681179923 0.305965816649997
0.346831288100679 0.0976328198047316 0.13597261910666 0.0915193784396104 0.283027688235805 0.0450162063125133
0.0410676750475329 0.128071878897216 0.146946738856711 0.194886207318556 0.164302528141077 0.324724971738907
0.241785827449117 0.225763442304947 0.231341692889325 0.198068194699343 0.0136710923342809 0.0893697503229863
0.0249944903297391 0.217241269607521 0.169055025505919 0.152199920900747 0.0721577385527153 0.364351555103357
0.0645120574650124 0.28121220147835 0.213478178832618 0.218999260828753 0.127011566237248 0.0947867351580182
0.141295334639474 0.242170807695074 0.240880738265529 0.0757569379290603 0.121685096478981 0.178211084991882
0.0326466808343143 0.0822834374525365 0.274056686187085 0.269943283926753 0.16325116500495 0.177818746594361
0.161427806465868 0.238027203021894 0.0926633069311526 0.182599150543115 0.0371026212945059 0.288179911743464
0.106131493696743 0.220817171321411 0.356936580598655 0.087254766993743 0.211881508767962 0.0169784786214864
0.0868319484475271 0.211927029651022 0.249695292141788 0.187598787159342 0.0368397570138499 0.227107185586471
0.0312902151226951 0.294706144647812 0.338912666675014 0.0860570530409722 0.141320972943439 0.107712947570068
0.0491736823296022 0.141345889319253 0.313172290116469 0.157337759334258 0.244637579898054 0.0943327990023635
0.0711058124895121 0.20311622403096 0.109376392148131 0.144334221733529 0.245213004933388 0.226854344664481
0.104120430136815 0.31972752688373 0.0499204055608956 0.158877681285203 0.0932414791166618 0.274112477016695
0.0703109978406707 0.0536103042607662 0.0348105363363745 0.232085172872454 0.28194572955452 0.327237259135214
0.25603032977103 0.014770957130435 0.0089380261961979 0.134012390530151 0.358631529656964 0.227616766715222
0.233168090240221 0.165199335489547 0.20828389769179 0.160529969947805 0.159707283445077 0.0731114231855598
0.00324966916769869 0.0732642862625436 0.309604097971526 0.328305068982741 0.150920959397546 0.134655918217944
0.150188912092023 0.277358182978604 0.1449870445675 0.195846474913022 0.10031482582512 0.131304559623732
0.227298730438516 0.0356055292641139 0.195522899368701 0.232422439535723 0.109844887012471 0.199305514380476
0.114507363684346 0.255539405211568 0.186551812224687 0.134332014273882 0.302881223474796 0.00618818113072066
0.0696061603237643 0.391363837910981 0.358281356823803 0.0054994651543211 0.0890805488619267 0.0861686309252045
0.0339457822321596 0.0703178967598552 0.166926147908506 0.334962677925498 0.285122209088742 0.10872528608524
0.284614005875167 0.0976206911085718 0.0259756488416781 0.137475828527738 0.170323237844201 0.283990587802644
0.0823822444236116 0.0987289761026569 0.274009919722688 0.25025775670168 0.0217762460849712 0.272844856964393
0.0342573592721922 0.385682814083524 0.0437527432616955 0.291381229104883 0.036627629520701 0.208298224757004
0.154361147584335 0.237272472212127 0.224939005601484 0.0724108892287063 0.226304407686972 0.0847120776863767
0.134981155137876 0.0500737341732813 0.273425460046623 0.293288169038036 0.110310465315459 0.137921016288725
0.036886485139835 0.271784120213292 0.164817586015011 0.0197734443855636 0.330314583774136 0.176423780472162
0.133307535790869 0.103616948352694 0.0659163553899347 0.166209228886008 0.232991095409496 0.297958836170998
0.0679503759072826 0.359234458420687 0.337268962385271 0.0433746231243482 0.189338229239489 0.00283335092292159
0.170290354094206 0.205263306047483 0.155193112280889 0.174073771010802 0.0516995316546302 0.24347992491199
0.282373236364929 0.0199642994721992 0.155250431235853 0.120273272379092 0.176913359291481 0.245225401256446
0.146555747983424 0.0706340103386033 0.176469370954654 0.273102828813602 0.191913330510162 0.141324711399555
0.125091190137793 0.0714264203722398 0.345975266638094 0.26140739663687 0.0948744941772312 0.101225232037771
0.0511315007712606 0.182899845374773 0.0335404456723466 0.295494643497017 0.239021855513755 0.197911709170848
0.25021661743385 0.0532109792785164 0.238050165129486 0.0347661739816188 0.253178840060565 0.170577224115963
0.131959337167648 0.341910686062741 0.206465505206672 0.0773601696873841 0.0240800168574934 0.218224285018061
0.0374027637991794 0.0765168282880138 0.221873360592117 0.288798908759099 0.163687825804626 0.211720312756964
0.213755366291186 0.096799416839316 0.226319468679628 0.260084638721796 0.0477270172830927 0.155314092184982
0.11117501202618 0.272840494870959 0.227059854340589 0.225706066292326 0.0906766019269735 0.0725419705429727
0.245893261107314 0.177276225611965 0.00762072231008593 0.0987456191017548 0.103333650848936 0.367130521019944
0.258859705965705 0.32061938885214 0.189911627042479 0.0367241759050927 0.0617459795045957 0.132139122729988
0.226051867400457 0.282168900462145 0.0684918227249603 0.0719236016806631 0.201072644665177 0.150291163066598
0.00930146599183948 0.0778575695928213 0.171968858922809 0.215816505332478 0.184198421699833 0.340857178460219
0.00537758781268766 0.235122973025024 0.127127730711705 0.299116685302657 0.302628649294914 0.0306263738530113
0.256866218378281 0.0379389729314068 0.372580640755335 0.266585964197705 0.0606710966466364 0.00535710709063652
0.280450849802755 0.056763265549444 0.164160630010232 0.17289848999904 0.0584093402094601 0.267317424429068
0.270442994191291 0.168562107696881 0.20799301827164 0.0695264959935557 0.254668004755719 0.0288073790909139
0.113720139274535 0.172978859316698 0.0706718387199575 0.10883787789191 0.192114723911201 0.341676560885698
0.215479594938166 0.128146003700089 0.248673285823568 0.000611264368565624 0.221973460603873 0.185116390565738
0.240119770147299 0.0417503988834903 0.301949629753325 0.113584607013513 0.0662244629366255 0.236371131265747
0.22069365402348 0.172314365399051 0.256750957748468 0.0110253839573278 0.177302793520204 0.161912845351469
0.184973952651262 0.202195305798034 0.191301793739059 0.208858075069368 0.122527201542626 0.090143671199651
0.131959883918554 0.287189425386944 0.050454117822423 0.141587280258918 0.3403788197484 0.0484304728647608
0.113757767250926 0.152486563687362 0.361307233356925 0.176966995752613 0.060708323283292 0.134773116668882
0.294365899436704 0.176238967812813 0.205299261171967 0.190748601012373 0.0522330849520281 0.0811141856141161
0.152405575380304 0.131927227777305 0.160286232682482 0.191385731043995 0.168570359097352 0.195424874018563
0.236820265024049 0.175747994990637 0.220990945583063 0.166995749286312 0.0886419105375727 0.110803134578365
0.173575036592499 0.10854562898926 0.218599737116303 0.238994099340483 0.101273930864385 0.15901156709707
0.0827026210883101 0.0709350218130344 0.313411930829668 0.139683415134265 0.177280652557337 0.215986358577386
0.160976573419153 0.0645327625905703 0.156262789157605 0.174724823183568 0.180350960647671 0.263152091001433
0.171049967811576 0.214675915653318 0.233424235955018 0.22138077289128 0.0293253745745888 0.13014373311422
0.230940354106689 0.0679243327261649 0.202070399580681 0.176524640054433 0.266562983301152 0.0559772902308794
0.0381330037803497 0.159414862138378 0.318279753114825 0.305754121415425 0.0924615935288471 0.0859566660221746
