0.391401012720868 0.277110154039382 0.305560282289231 0.0259285509505199
0.191465981944082 0.149217997760041 0.541023846597666 0.118292173698211
0.694454821636047 0.00500244983378524 0.106655596202682 0.193887132327486
0.34964866823518 0.319941425586258 0.186783060087065 0.143626846091497
0.413086924537207 0.0899176891069264 0.202883160325029 0.294112226030838
0.128158245030993 0.325451361110073 0.256772465802737 0.289617928056197
0.543453139151193 0.158515687436001 0.0723463611552883 0.225684812257517
0.441115285979431 0.309649997277751 0.18728801046999 0.0619467062728271
0.360598948485101 0.313084291490058 0.125792702664493 0.200524057360348
0.303251131922255 0.00496715450897909 0.401297018312221 0.290484695256545
0.398966564206952 0.398364525868822 0.0651042730987466 0.137564636825479
0.250816967152569 0.475475141374837 0.207716174270649 0.0659917172019445
0.246671562225233 0.074305470964242 0.521705995909972 0.157316970900553
0.285979727594407 0.223343646277275 0.217042661239078 0.273633964889241
0.156577453598406 0.421747975403294 0.378542140970774 0.0431324300275268
0.0450258304968921 0.135338992758152 0.436088799896396 0.38354637684856
0.348754978769275 0.434124476982898 0.0920175151925311 0.125103029055296
0.43706062953215 0.0723591031122898 0.193317854654068 0.297262412701491
0.157349311595844 0.297310153169604 0.316204555048086 0.229135980186467
0.0251548141370069 0.144491013701549 0.377120649859183 0.453233522302261
0.189661347547636 0.249770480969349 0.383252561994758 0.177315609488258
0.309054828519192 0.290501823916317 0.318164686639759 0.0822786609247316
0.213102943627053 0.111994140882154 0.305376645118103 0.36952627037269
0.299703982430483 0.373241482210493 0.0638116902215928 0.263242845137431
0.232264659900748 0.127932897550736 0.461630645561803 0.178171796986713
0.387753376188744 0.238020709454988 0.154212251987952 0.220013662368316
0.220660913194356 0.388053200811032 0.00905197634240828 0.382233909652205
0.242594731958346 0.296322529666284 0.198542337365037 0.262540401010333
0.207118576087227 0.0885739004534978 0.345466819123921 0.358840704335355
0.246375935710762 0.105938696006863 0.164968032384526 0.482717335897849
0.317170910218786 0.179639045222818 0.254651096238889 0.248538948319507
0.280672295991628 0.350379517792065 0.236297387975337 0.13265079824097
0.660348018080786 0.00381377369600844 0.263132559424079 0.0727056487991267
0.478906639904818 0.030747137465516 0.147571563027069 0.342774659602597
0.049301760249428 0.187339589465422 0.327379915544219 0.435978734740931
0.401167629693323 0.267189248885715 0.0170506523779364 0.314592469043025
0.116610596047256 0.257313404796314 0.234240634158082 0.391835364998349
0.395442756876283 0.203031126552872 0.397474432150838 0.00405168442000654
0.346062997707464 0.153865212379506 0.177550366999353 0.322521422913677
0.237298903075408 0.213550774660439 0.130083535437651 0.419066786826502
0.109263664171868 0.359007351155304 0.230798799547699 0.300930185125129
0.0535411711353973 0.0220107776092381 0.483371412486214 0.441076638769151
0.368152416444039 0.160894840006587 0.233560461289793 0.237392282259581
0.186950972459491 0.239773939601361 0.439439979988862 0.133835107950286
0.323811666423568 0.123695382053633 0.447879515703227 0.104613435819573
0.44694530452219 0.165103462175638 0.241990032591444 0.145961200710728
0.184306766823711 0.102573927908626 0.433249258924256 0.279870046343407
0.0641868761073952 0.412669504873417 0.463130431710396 0.0600131873087919
0.0598611416987964 0.350457729441582 0.346301407666664 0.243379721192958
0.0294669539642791 0.452124791039256 0.0923004261498272 0.426107828846637
0.132213914059542 0.241095261314207 0.239602762032546 0.387088062593706
0.470019072205662 0.00640134348561979 0.233151728779024 0.290427855529694
0.0904879866690758 0.146119117741195 0.458919447273587 0.304473448316142
0.139587011861819 0.0909663195703448 0.431572672670894 0.337873995896942
0.400061111667868 0.119248423191821 0.346404888111456 0.134285577028855
0.308814910910704 0.261253928021128 0.229521323856881 0.200409837211287
0.153867400845434 0.0626385813305616 0.294561276105576 0.488932741718429
0.00448611705439974 0.27154473284643 0.202333358377388 0.521635791721782
0.292196212828551 0.208857425669846 0.355293835080557 0.143652526421046
0.32655042802211 0.384310934013246 0.239440351356741 0.0496982866079036
0.343424295136164 0.0649890474719684 0.321803469299894 0.269783188091974
0.313271035988451 0.420099903625304 0.0970640024048598 0.169565057981385
0.210547170617832 0.279539136810277 0.24160638674332 0.268307305828572
0.182952874705746 0.332065291153179 0.152150263358804 0.332831570782271
0.26495906629596 0.352218191189021 0.073046092337797 0.309776650177223
0.326691924732844 0.167517079895428 0.156455771963547 0.34933522340818
0.329973254397016 0.00744376846562936 0.0776261608335952 0.584956816303759
0.370426323361306 0.0241238959794678 0.0563503719048043 0.549099408754422
0.395163054769125 0.171839569882677 0.117711376706555 0.315285998641643
0.36057839180973 0.06463106544372 0.263155135392291 0.31163540735426
0.307722092770703 0.119157763172349 0.241594106635977 0.331526037420971
0.397666846608888 0.105174781154323 0.441841609964567 0.055316762272222
0.2981083415225 0.295738944978514 0.201499715590502 0.204652997908485
0.00483958941553157 0.359224048091843 0.24247180177338 0.393464560719245
0.103879512630921 0.73730527889817 0.044214125986292 0.114601082484617
0.0987445528946502 0.417599484348107 0.12439517165444 0.359260791102802
0.157852913535966 0.351533155678042 0.0978904806428584 0.392723450143134
0.290191224067003 0.161368319981105 0.541658974036018 0.00678148191587438
0.236497590904871 0.207360808165103 0.314067460877554 0.242074140052472
0.0941511408531561 0.339420934433976 0.343301103651788 0.22312682106108
0.170947203998431 0.446921588798881 0.263183160206146 0.118948046996542
0.263276565864035 0.223511206031214 0.50897786232463 0.00423436578012087
0.309951751842444 0.106985645739234 0.418557986775793 0.164504615642528
0.406399510212932 0.241825545540582 0.270286347968904 0.0814885962775826
0.434477641373411 0.0780463834342273 0.175626931827553 0.311849043364809
0.228165585077713 0.239536770137154 0.228893503766001 0.303404141019133
0.434282697132634 0.189801216698036 0.240861644013052 0.135054442156278
0.46554208734512 0.416704255867688 0.0371314184898368 0.0806222382973545
0.129264734941156 0.334255981790549 0.188773366291314 0.347705916976981
0.0747757972476706 0.252751109891667 0.330579336006011 0.341893756854651
0.0721814781754147 0.286859127089195 0.20453362960067 0.436425765134721
0.277991101293052 0.264572664299468 0.268955094249975 0.188481140157505
0.135059151425679 0.393473491883867 0.161889687180015 0.309577669510439
0.294236693067959 0.322102761831709 0.0193907500105092 0.364269795089823
0.0882994147143661 0.307406568043799 0.256725761263257 0.347568255978579
0.317066031977352 0.282923288310068 0.0735589362611312 0.326451743451449
0.327485217979338 0.259409336038388 0.404500827123653 0.00860461885862037
0.330408293075448 0.000518394437997098 0.292547411616788 0.376525900869766
0.123317846860588 0.0404293453870074 0.392900650331891 0.443352157420514
0.211327708549274 0.0632950180565963 0.289603477281538 0.435773796112591
