0.0442227590316088 0.104902996449286 0.0931221335938553 0.144634843106308 0.109948250214387 0.0788203276569922 0.049447944516319 0.151659975377909 0.10630976123252 0.116931008820814
0.0685157382957211 0.0295790671228318 0.152799696665115 0.182883341988172 0.168944436984475 0.0309370421363225 0.0594128684881264 0.0846640083506757 0.0212359608258862 0.201027839142674
0.0243034487956032 0.112542042985421 0.135576384053053 0.0151812577307028 0.160378511693637 0.102360337038201 0.142124254045606 0.138707405000643 0.0110089362624871 0.157817422394646
0.18916138916953 0.0273612081204188 0.0951613392788264 0.166553536976652 0.190858746279427 0.113350411707614 0.108466361194303 0.0821048310530726 0.0225045696474693 0.00447760657268664
0.0766477100185949 0.192001269931585 0.0450802831630006 0.145081365270222 0.0327176772758388 0.0972459535527985 0.00814244135604802 0.122861993245079 0.0761673899389254 0.204053916247907
0.0687487224469587 0.0989873020391659 0.178203480634418 0.0341250923179108 0.158548442590241 0.0249826127487817 0.11274904414951 0.0467459237502302 0.104084737645904 0.17282464167688
0.0511879937701321 0.0382350277823139 0.180783617530765 0.141645961177192 0.122222051628061 0.181738520945473 0.019221476854769 0.0889929408024285 0.167876157302743 0.00809625220612217
0.191412333993129 0.039848055204653 0.076305005052395 0.0112735586491795 0.177070235541807 0.0904845818573283 0.0773261265263102 0.134272297056693 0.153802452924035 0.0482053531944704
0.18502765842601 0.102832776458982 0.0102710773982565 0.147527679437124 0.145545556070719 0.0591784308156727 0.0677195944536975 0.177029223123872 0.0397419403658689 0.0651260634497979
0.113930397654642 0.106547409108954 0.0297065655478503 0.11850871921063 0.126278548497535 0.0455471464898408 0.129113879083018 0.154270277492064 0.124208532987961 0.051888523927504
0.0586203043241496 0.180430640263846 0.0683070422543765 0.141289788649753 0.0309999920516746 0.124647269153685 0.00996845953407071 0.0328264486729481 0.168904827700033 0.184005227395464
0.142957513052431 0.0220028075556471 0.0920127561077783 0.0500010983479353 0.130394744925266 0.111192121751883 0.139148524055567 0.0937934127996893 0.139890860256141 0.078606161147662
0.0578220799556941 0.0854543286243524 0.12399669843448 0.0429000019805718 0.17921957959532 0.105136609280235 0.104470395545291 0.11719885919585 0.00174300402946477 0.182058443358742
0.139845818672613 0.112180856957509 0.0551145339961095 0.162182582797334 0.0640484810256207 0.182574213897566 0.168641134185002 0.00682659336975278 0.00702571454895835 0.101560070549535
0.0976737341037128 0.225131185422397 0.139005078913855 0.130073842814899 0.154879573291261 0.0310993584986279 0.108254348559469 0.0208977289728698 0.0761561522293503 0.016828997193558
0.122174518447601 0.124986714891693 0.187928452899545 0.0126389600510701 0.183015387479041 0.103554870342462 0.122223218289801 0.079212261291113 0.0416002519541867 0.0226653643534871
0.0612424920084384 0.101002609693021 0.139193959752315 0.0400193455206199 0.0761310959196039 0.207412993376324 0.206659021164998 0.075998713624078 0.0189641219288965 0.0733756470117057
0.0770169386670146 0.0242441499705856 0.159726683714119 0.113527218769004 0.0872917812156047 0.0146112508172078 0.200181749314544 0.0398815126579251 0.159996009702056 0.12352270517194
0.107185436416439 0.165990437961427 0.0477391239036291 0.149126933207842 0.112499521444361 0.0214766642998229 0.11398610328067 0.00807419859832568 0.099695877321851 0.174225703565632
0.159810674031659 0.00647010031228427 0.0133729905800866 0.135334438743212 0.0747403090609548 0.0345389598416824 0.108651036271988 0.190400564694913 0.0554804132801557 0.221200513183065
0.110215076800553 0.0451447521844519 0.0321143845427554 0.0197575421529314 0.130315245260632 0.0451601451438074 0.0508785864712239 0.321727220163601 0.191356040075289 0.0533310072047549
0.0114966336943774 0.0144559943630527 0.135584032033963 0.0803496846361436 0.164707774012129 0.146136271025506 0.086100756330949 0.150907455484334 0.143772127749928 0.0664892706696168
0.101357826315487 0.06467983998629 0.0983746172204316 0.0807474773618481 0.146229403951854 0.097665197262224 0.188963189627944 0.0930755338258109 0.106229035353247 0.0226778790948631
0.14322500079295 0.160474516476894 0.032175716257026 0.188461752691483 0.121895548295776 0.0506865417479961 0.053919152626742 0.132710058795653 0.0632743343931642 0.0531773779223158
0.131541490442479 0.116054814634714 0.0543893965317318 0.144924868905019 0.0143889234269822 0.0699390631077839 0.0604324114414907 0.154055421025573 0.14024153718665 0.114032073297577
0.0527245476775379 0.000882916107775521 0.19609703494929 0.141179997868267 0.102492901494705 0.0199595949948354 0.0247514443478201 0.12925601597727 0.118408395995095 0.214247150587404
0.0628945768770748 0.03990253608749 0.0369556670127587 0.144717195317984 0.113991703099404 0.176709966177424 0.0937447069338185 0.0768506025152603 0.0960415934911123 0.158191452487673
0.0136267548215121 0.10426498351538 0.103652408403583 0.023528277704525 0.143632880584865 0.0316340903223617 0.186767554205114 0.177816230363666 0.163201392779443 0.051875427299551
0.118895505560713 0.178106607968329 0.14853837822555 0.0230251713970765 0.00665560011405708 0.0584406491586763 0.161420774387656 0.145090950623231 0.0164361125468527 0.143390250017859
0.133559211999538 0.0407987712024439 0.197449743723945 0.0534439191024652 0.15190721098645 0.0298956663329753 0.0621407738071191 0.121860388721921 0.156570535427675 0.0523737786954673
0.150502486751329 0.0929819746741127 0.0991488833905658 0.159140403086788 0.000532535571629586 0.108788806249937 0.0756535019168758 0.0695766692864883 0.112847168730309 0.130827570341965
0.0758023282845642 0.0802544082596689 0.105562059280701 0.149276156887715 0.199583191786655 0.08625485541148 0.0638924046423338 0.0110578766774299 0.185293869972192 0.0430228487972609
0.0510861130816957 0.126791935425375 0.132790252194172 0.0566285670601395 0.0530221999626095 0.146676495151615 0.165705696377621 0.117491908553441 0.106590865513663 0.0432159666796674
0.00710489247816403 0.194965340656546 0.187472366822424 0.105520909307651 0.0172883748661573 0.145694268267285 0.133119088379222 0.0185629668053777 0.0800592004455268 0.110212591971647
0.179573648001078 0.148152670846143 0.0496285570960384 0.0362069906152117 0.163966569659012 0.00461744786227786 0.118892121240247 0.123563959118834 0.0138520766418565 0.161545958919301
0.100529793300175 0.193595492177797 0.143628659699195 0.094682796526094 0.0928377876142859 0.114276900271524 0.0613596538630227 0.0503492894053698 0.146583386142371 0.00215624100016527
0.209230112551598 0.0954345965669146 0.0349838067270086 0.225178218859531 0.0495254843653551 0.0644030058888239 0.000503556351942223 0.0759901639052904 0.0990284963374915 0.145722558446045
0.0796038604094541 0.0354093115231878 0.136539066555609 0.0471007071814643 0.068590560233853 0.157296611976733 0.114694350468694 0.136617031227498 0.153928410932911 0.0702200894905948
0.102498652093642 0.152791408138979 0.0237007699850026 0.147263552364627 0.205702171592391 0.0696317399465451 0.00434702232832475 0.127903540435138 0.114418518242349 0.0517426248730009
0.172099466512601 0.123999356317614 0.00361814639106765 0.0982693463874455 0.02360733204933 0.0755970791876125 0.163913945024791 0.0567648202887665 0.187426386897229 0.0947041209435438
0.0976911551559721 0.0653191372486045 0.0758664763241301 0.0512813421137105 0.0861401265374634 0.233449837900109 0.130943523496634 0.00937561914675545 0.118121560272536 0.131811221804085
0.0246547882985939 0.118616698795664 0.0645612295998884 0.0550569052001552 0.151782796697705 0.0571867612712607 0.0884480645864108 0.146396199282998 0.157483662928576 0.135812893338748
0.071840760554101 0.182393914316335 0.180192079560363 0.0853507628400834 0.132051229184765 0.184112129539864 0.0399299046512189 0.00168316695986995 0.104150685073131 0.0182953673202685
0.127594549986938 0.0606326961895362 0.206983668354135 0.0197342710759667 0.0324222101010994 0.00567036024645843 0.0852768468402506 0.059652229112732 0.196925465869171 0.205107702223712
0.186979190132284 0.185408912649665 0.144003263041995 0.0855428106273516 0.00268172826639351 0.105067864102938 0.0644155837464599 0.0592626508593478 0.162861655313038 0.003776341260527
0.0197704907141197 0.0697645366967588 0.128582157997986 0.0217651905724581 0.148761880709743 0.15809461695796 0.1536793393903 0.0754846195519051 0.101570009073165 0.122527158335604
0.131532986190237 0.0143593059159187 0.0530030154414544 0.06028609628937 0.175736935123631 0.00723722069430188 0.1485706029127 0.182821883665732 0.0527715376245565 0.173680416142098
0.113893430561147 0.0391498867580878 0.112398315469304 0.0533323720951641 0.144140540827486 0.00609968375319897 0.1945697960092 0.108113221313923 0.221230994112395 0.00707175910009328
0.00519848686147273 0.153584344304074 0.150115850877183 0.206627841028788 0.0320714178887371 0.139068627982122 0.152093268331812 0.0413889146873054 0.0826719788536559 0.037179269184849
0.0583508313774749 0.11944442004207 0.102320483479413 0.168533698254182 0.0750299147093259 0.0842483570745359 0.0706700507836692 0.0499517691028462 0.124144430105949 0.147306045070534
0.133301369366815 0.103013420424237 0.116647415699586 0.0951060380185194 0.0675289412511225 0.0631413185291144 0.110805563442628 0.110054525773228 0.170357825016937 0.0300435824778124
0.0732590938635977 0.0831602951054788 0.101889579948965 0.00161748679306159 0.11527389934199 0.124090772614518 0.141498257204389 0.169654023817574 0.128786321628166 0.0607702696822604
0.0721929974890428 0.0971690512930435 0.0325111665074199 0.0258915695609158 0.113515924813742 0.154665386243236 0.183629464364322 0.120791649032025 0.0757171216742575 0.123915669021996
0.0293249511277447 0.146643558564006 0.0273376836422593 0.0386584992878568 0.0537323111766741 0.0145517624166229 0.200120150280229 0.184882056809302 0.21698683719707 0.0877621894982352
0.0580199180015941 0.0946688282249005 0.15926611480998 0.0214202124927796 0.138729673551076 0.0212913951979624 0.170734489896146 0.0826200031333271 0.0709441785661617 0.182305186126073
0.0248193310314577 0.0902060133691186 0.0580753821619511 0.141883609757822 0.118170847166147 0.144210792580694 0.0211404395780064 0.0958493411671118 0.170703382591771 0.134940860595921
0.056396733580199 0.167276470729558 0.00319026928364006 0.065226185047251 0.0361853052922479 0.136209797960452 0.14256301242296 0.17608751948964 0.129319323767225 0.0875453824268276
0.0418560697575947 0.0984242677297803 0.175494564080801 0.125728034528599 0.195325194613508 0.102407605337721 0.0761107894241179 0.000511326118842521 0.159033513986751 0.0251086344222838
0.162855928995454 0.0587702429914046 0.184361492448474 0.0241499372321604 0.0844377568035198 0.00466172344791 0.0881761755080368 0.13743360675859 0.189586952210905 0.0655661836035459
0.0214529802870975 0.188858801772186 0.182655997020085 0.0973820816735873 0.144640704657268 0.0380154665134863 0.0225355381686392 0.0458051654214776 0.172470114376632 0.0861831501095414
0.13698043428843 0.0934599118134225 0.0403109726961124 0.0453736390510451 0.0262250813427009 0.0696302472949527 0.164964279206641 0.171406570312696 0.166991704758499 0.0846571592355002
0.0797659748977268 0.0900657996368575 0.000434845549580674 0.107806803852424 0.197916387875903 0.133884521453958 0.0922309695891172 0.0289445576454434 0.18771578520879 0.081234354290199
0.019276836477431 0.192273783705059 0.0390539356348307 0.175368307841507 0.154567524179273 0.0233063922620249 0.149812209045228 0.0743100068956797 0.0958545347659896 0.0761764691929766
0.0711477722257411 0.127644237571104 0.110558625280335 0.105525305447605 0.0735791743971979 0.167385465589419 0.0636432256447263 0.00717512865550833 0.107133589768114 0.166207475420249
0.112244195685854 0.0507230403823893 0.159581577239992 0.174299945341449 0.122189808340079 0.0152029291198056 0.0642263208716637 0.150828814593412 0.123001929227454 0.0277014391979014
0.076929012824003 0.0478190165487274 0.0214347995240082 0.217926343208697 0.0284467574665602 0.0647050167687241 0.0939906181636006 0.222422206346067 0.057041140665672 0.16928508848394
0.11128008127403 0.0275145135459784 0.140145698992653 0.136164549346484 0.0513638156312824 0.0832457675746892 0.0743196994619311 0.185784552065206 0.145297598573975 0.044883723533772
0.170451216136589 0.0829510152402746 0.154408443888532 0.0101945800650471 0.0490516568673676 0.183154935627516 0.0438875569991007 0.104490660103016 0.18665332786796 0.0147566072045966
0.191671432055588 0.0957879208214848 0.130978753453861 0.198716132612693 0.00448774666956436 0.0902315304772482 0.0991198755445488 0.0207040156626979 0.0437807271491298 0.124521865553185
0.0781218442212057 0.0526419038723081 0.0433017255027155 0.123525622292755 0.0449107577125115 0.164649200124559 0.1075911669101 0.0900038486428828 0.149094410254335 0.146159520466628
0.112217217652047 0.0383218527615411 0.140612753098914 0.13887064422242 0.140392056530812 0.142790667723855 0.00120733743917465 0.0468996361615336 0.0965150050544569 0.142172829355245
0.129524761012203 0.179133455909963 0.0824737351444714 0.0145464407081503 0.111484362307601 0.0893655557991944 0.239506725119855 0.0565330395312735 0.0481139567935499 0.0493179676737383
0.0898891897627991 0.128077949390223 0.116120917291044 0.00337221170095858 0.0368603797246017 0.0850116575927617 0.156446950451266 0.112176254968232 0.158810770114741 0.113233719003374
0.109703539717418 0.00608009945417127 0.0693849938249344 0.156913959304864 0.177197966187266 0.0481849882396913 0.181725710588931 0.0274424685457278 0.12151976528378 0.101846508853216
0.113012877517353 0.0852761366911941 0.00672936436451767 0.140596461497807 0.0999897937356156 0.104015036308963 0.0417779869989797 0.165157162826029 0.0990679457314778 0.144377234328063
0.0967252102237391 0.144648961834756 0.0837138199691539 0.0168657237896832 0.13315405235538 0.0565851290948218 0.14534299170885 0.0985335745673432 0.0411817601342121 0.183248776322061
0.140724943064452 0.162856156054941 0.0329592595346072 0.104036413151191 0.0241281891403771 0.163330558251476 0.107328244577587 0.0765080772679824 0.108378657172012 0.0797495017853753
0.172847998745111 0.0295401763625435 0.0106970404462521 0.0149423063322244 0.19717717122382 0.0981003098945576 0.111254144748052 0.164848355857971 0.199797992744852 0.000794503644616656
0.184600185503835 0.0153177532869545 0.0957267486488266 0.140583090988648 0.0580672390854696 0.0711618628781677 0.0980427664771774 0.0346179947775861 0.145014415130314 0.156867943223022
0.0188501528326196 0.0544551612621371 0.0879125573720972 0.161531774339156 0.118121420504533 0.0684245765005537 0.149395302904692 0.119517844639824 0.100745126136873 0.121046083507514
0.216478203515807 0.00230092154357357 0.0388070053471201 0.159191681777008 0.025047514850333 0.0938086299824383 0.0350028759967343 0.175656656731804 0.144916396804797 0.108790113450385
0.155552437926967 0.13720033424926 0.0519108678729702 0.128780921099497 0.0148949191329967 0.0383600599866686 0.157585959348514 0.00709943769527353 0.167043085707269 0.141571976980583
0.153035676691206 0.0621146169236644 0.0411314537709308 0.259022688275865 0.0424540127061176 0.0975804085279291 0.0890692716265042 0.125881632725581 0.0844705358830381 0.0452397028691636
0.085172780843107 0.0535120251843065 0.148740666159365 0.161462154643139 0.0925016712862315 0.0974960889520647 0.127692163670814 0.0365746504958953 0.0426847400038513 0.154163058761226
0.114751262233265 0.0494701942029891 0.146466101385349 0.118978667075069 0.149748488515524 0.107955042335336 0.0535738812591225 0.114859103907422 0.0847919912496394 0.0594052678362835
0.0139487918046294 0.148583725031029 0.0796554304229253 0.186160905476545 0.132833097290697 0.0711302336266226 0.0905569340795188 0.131930391106574 0.113010200725313 0.0321902904361467
0.105505742543901 0.0336863309902993 0.0760837149544254 0.116316256076374 0.0369995798572286 0.117999077973904 0.103591565360578 0.120581778035088 0.151775802046996 0.137460152161206
0.146046401869371 0.0725430913259162 0.125101721341232 0.240031382087518 0.0994120145793471 0.0480791450813914 0.0761616361319271 0.114719716703818 0.0620164975563995 0.0158883933230801
0.00591125925399718 0.137339175524485 0.101573352575958 0.0206896366892169 0.0651562290433247 0.187452535048307 0.183750741188252 0.0902703556451328 0.0482090342091315 0.159647680822195
0.0556462314588027 0.157618106368705 0.0910636084453369 0.146716121119095 0.162910698473764 0.0998848868787543 0.00238093351815315 0.0549057585058945 0.0931027509959606 0.135770904235533
0.189175763985811 0.139866742026765 0.0538639172398458 0.0063125933582087 0.146730720799129 0.105550270308757 0.0593686445763464 0.0129534203090734 0.218360344921835 0.0678175824742272
0.0941407500429095 0.146003549113554 0.0286912256377458 0.150432432843048 0.024259114521442 0.146258098940937 0.0492814740777806 0.1374122025822 0.0453004069360802 0.178220745304303
0.0403766043331315 0.217012341773359 0.113340412545554 0.0262659071428618 0.118590666790129 0.0501457382112815 0.15616376757864 0.00654830282154898 0.230410418278334 0.0411458405251598
0.185547103019661 0.0513117893697077 0.103815041351354 0.0692057567139665 0.10405628743561 0.0445431271998663 0.18273942593081 0.0131460888143337 0.0814254034026132 0.164209976762078
0.12607340920611 0.144485853436965 0.00846782161228508 0.0794882179732971 0.183291087924692 0.0633200098320206 0.151605140574416 0.00171300238899256 0.104851535828526 0.136703921222696
0.0439597748604314 0.0851436442599477 0.0983781736964961 0.153652890945156 0.094315446571616 0.0157064000630398 0.0848443879769629 0.121679622693261 0.118620780001304 0.183698878931785
0.0601910961520919 0.125681617824219 0.16796273627076 0.100233084216865 0.0221240811320769 0.0521385884037276 0.252433659016431 0.146804922278867 0.0280929196633352 0.0443372950416258
0.0750403154757392 0.145575939186024 0.120998537631169 0.132405301051788 0.0578872562486116 0.0409024737190994 0.150118318946384 0.151997731556864 0.0118531918582634 0.113220934326057
0.155191726284429 0.0695329669271614 0.136881299335283 0.147515270745117 0.0213959709769086 0.164027328365421 0.0269453447330264 0.160500687175202 0.092423136936554 0.0255862685208976
0.13010561264796 0.0799120933255526 0.121599254034101 0.0128038935134788 0.0767370093699362 0.125113122107693 0.157257880051138 0.112381727453798 0.11500034569775 0.0690890617985929
0.0551863745403888 0.0807213212838446 0.130701558166327 0.0628310119321669 0.0669312852871754 0.0751827990475711 0.0958550359255728 0.220969539743146 0.0522924427469425 0.159328631326865
0.0586020311933317 0.156083394323434 0.186344847289355 0.19118377136434 0.082811611739263 0.104185811000247 0.0188375635832212 0.127153812342399 0.0165267979455443 0.0582703592188646
0.102506297018539 0.179785241138861 0.073149136122898 0.0394594602912414 0.13469058938579 0.122664977747019 0.127125517332414 0.00138696881943704 0.109771958735978 0.109459853407823
0.0932067265580179 0.119054516979391 0.0195347667641482 0.145263938118482 0.0219717279328516 0.131177710365644 0.0828583818738934 0.175532281263466 0.0173561515926725 0.194043798551434
0.164416145062107 0.158594036588807 0.0960482151999742 0.050196125937798 0.0552137085449468 0.134278119199171 0.0527992761056743 0.0646396383626558 0.109636601210951 0.114178133787915
0.0802334249534485 0.0723538672731528 0.141587549425096 0.0220330104944005 0.0489131645230606 0.169005419595311 0.151035673953661 0.0296904504060875 0.191451816596354 0.0936956227794281
0.101389272104275 0.175918308122126 0.149806629172285 0.219313027749115 0.179766201717924 0.0101108547158156 0.120725201679176 0.0186496479497661 0.0218281706753838 0.00249268611413275
0.0749180612248748 0.00520085554890622 0.0231086425566414 0.171983817329087 0.224774822294425 0.020439123270005 0.0983027763099096 0.00441494912730746 0.230214404992221 0.146642547346623
0.0941955612413877 0.0655795784336812 0.0556835187987511 0.125692232879604 0.173115641433398 0.110214831099731 0.00102229306045717 0.141716390715715 0.0995909373892041 0.133189014948071
0.15458489878057 0.0394741313223779 0.0567950541622066 0.0868643392599531 0.0828387920745555 0.129185798505102 0.173502110196914 0.0930448320066392 0.0448524970842114 0.13885754660747
0.124025537073005 0.102083627348488 0.0392679808402712 0.172751520948901 0.143612323740872 0.175281029484462 0.0754907820152838 0.000431770052040819 0.0119246023196527 0.155130826177023
0.164466858797192 0.0667892753067211 0.117485129690869 0.135137207455276 0.0127285737795174 0.0984812579358747 0.057010423132448 0.169389669828574 0.0249366366011049 0.153574967472423
0.0542935677984697 0.177039438647609 0.177440710632646 0.097585008933361 0.0214539606332592 0.0418657700974356 0.0566394989043921 0.0587672031291682 0.152593826956763 0.162321014266896
0.223315071242002 0.0435714010015258 0.0889430173679024 0.0778870805486142 0.0196522424588151 0.0777778347999627 0.0243399914243445 0.0342009094294887 0.254380301824129 0.155932149903215
0.157793981154782 0.0837381303778617 0.0804506745798417 0.14253799759813 0.0340244461230536 0.185756109218005 0.0899683620206382 0.052178666624089 0.134066414299545 0.0394852180040548
0.0924360484016193 0.129631942236486 0.00526641456349988 0.0956921073942557 0.194635812720562 0.10201326618408 0.107841549344793 0.0650328295489903 0.0804055541138554 0.127044475491859
0.107153912113038 0.0828277352246921 0.133927756188413 0.0121475060878046 0.167475634500962 0.112499640413845 0.0286298790276891 0.0432738932921996 0.134460163093794 0.177603880057562
0.116515159716351 0.176953951541728 0.0799480498888249 0.150038135366772 0.116171410552594 0.0671462731394417 0.0847451577991128 0.0477910759450456 0.144297508299423 0.0163932777507056
0.054087077804347 0.0515375745521403 0.0087502430527197 0.0241057969146643 0.063989920800187 0.210332342245526 0.100891897455532 0.182775078683094 0.0549549331742062 0.248575135317584
0.0511074680735647 0.0941193490853073 0.148601998908181 0.0744342144774202 0.132514359858713 0.114547291132113 0.15025933215552 0.0683861286044936 0.0796895762461193 0.0863402814585684
0.147888450124977 0.114141103162049 0.0976671237463603 0.040182176322977 0.123393966703559 0.153432572999344 0.160078335689041 0.0232222402387494 0.105036421266415 0.034957609746528
0.190795375678046 0.0914741200526267 0.0444893426771324 0.0207870715184117 0.191966409994454 0.0538379237629164 0.159951594819643 0.0631594711535298 0.0247736949826553 0.158764995360585
0.0256514679905311 0.0943045957018582 0.0860751825814264 0.170790311128262 0.0563328750478914 0.0754771041229128 0.0510399275427075 0.120491036169573 0.137677483731341 0.182160015983496
0.0836387804671531 0.130632235365374 0.0185048588960217 0.013781731943858 0.0586454727205994 0.0885807565181931 0.224739813965073 0.108049308284149 0.131786704155271 0.141640337684308
0.0199519675295242 0.130703169657274 0.123347976440397 0.0998105252931254 0.00877606829557242 0.161560351922678 0.121257300488424 0.0491280449160394 0.165909438314536 0.11955515714243
0.122116518761001 0.0904873716371539 0.105596931468022 0.0349614566562791 0.0934079293022543 0.103825346764993 0.186364817771917 0.0801359086134418 0.102865876745802 0.0802378422791367
0.0731609327626707 0.0644281215649189 0.155367401303089 0.0552831972958332 0.0336223599121691 0.00844143375697868 0.096743669508497 0.199526904015093 0.11065980639105 0.2027661734897
0.0935525129484622 0.158882680532136 0.0637565647174355 0.138215232511011 0.107404985779893 0.0299415238119235 0.161751079270334 0.00441765491516115 0.174435552850117 0.067642212663527
0.12355166755145 0.147197656613872 0.117179372721697 0.0203641130722604 0.0620391976526934 0.136349418916422 0.115997632663301 0.00530744479914215 0.147819799834854 0.124193696174308
0.0552974939862423 0.119065537740211 0.0398247217357816 0.106206608726223 0.153879845417605 0.125757245410277 0.0849976299536567 0.159498320706769 0.0707113723169053 0.0847612240063281
0.142374219862961 0.0226496800597792 0.0290619924837843 0.0305858091148825 0.077199400757289 0.137079754923843 0.177304503757111 0.0486667124845574 0.159745851330036 0.175332075225756
0.0264480750893032 0.0482002769394666 0.0110304204517585 0.0654465106410823 0.311762932539086 0.0637415462120025 0.00775997109071512 0.241748054090278 0.135549592039723 0.0883126209065846
0.109513783172522 0.0384809469257666 0.0851646187872624 0.125279268553203 0.147855168644094 0.0636399318672815 0.0835464237678122 0.0675618912627066 0.134051281382716 0.144906685636636
0.00763836501539926 0.120814843174589 0.217109235901048 0.132953717394632 0.0313050194734073 0.0375632878661774 0.170689837960928 0.0929685530446018 0.0991017046532737 0.0898554355159444
0.139062249712121 0.077734610527505 0.147966061593337 0.147030908267159 0.110388384308882 0.140175855400312 0.0036375337092693 0.0494483294310792 0.000842114024443031 0.183713953025892
0.188223841857404 0.22732889230046 0.205256770171041 0.0110535321186442 0.0843190402361254 0.00400114027264943 0.0373087386728547 0.0581489467012376 0.149995623221665 0.0343634744479186
0.1744108013043 0.197655227268659 0.0862299388795849 0.148478874120004 0.0406948449646044 0.127925669633849 0.00515082973140815 0.0545673672047352 0.0501253941162243 0.114761052776631
0.0884020376421656 0.0859315241420498 0.0128239060725383 0.159977654444678 0.144147960468478 0.000144561837426688 0.0942150895701657 0.0580564013933577 0.193290225013033 0.163010639416107
0.16996250324168 0.0846150946639948 0.0321441131627423 0.161586930428882 0.079552262328314 0.0672450818064841 0.164996685430272 0.0910069152675983 0.0651928556809471 0.0836975579890848
0.23182109081474 0.090104417353459 0.00771008737619345 0.198285123605676 0.0172850399557395 0.16981080772613 0.0339088973306761 0.121991636604587 0.0501240665174255 0.0789588327153729
0.0814729043574759 0.154399373518536 0.0903208429728777 0.0937500283018064 0.0965408388019294 0.151719729569734 0.139481287654907 0.0810285199434373 0.0554410600172286 0.0558454148620684
0.0303005264633862 0.173038814257888 0.0056714562757587 0.0412204418275972 0.11552741460694 0.0745363937064308 0.136800610944108 0.176983531161346 0.203117386637031 0.0428034241195139
0.194488447573907 0.160832498412366 0.0574641532342541 0.182578382743167 0.006459654878012 0.0114203131343695 0.173144686908908 0.131926346907796 0.0786723441554559 0.00301317205176468
0.165584894553954 0.00693334172717569 0.134315393986912 0.182770231430604 0.0235442206096551 0.00433041703820636 0.109380174421592 0.176381398233079 0.142555945054194 0.0542039829446278
0.156380798646549 0.105581048007227 0.00515299338060446 0.179738105106671 0.171683894745778 0.143674280885605 0.0178888585245662 0.0128898685492386 0.0542641892993962 0.152745962854364
0.0188797360063245 0.157010516401187 0.139531226246683 0.160144496614717 0.0962956917806793 0.14921806515768 0.141608673911278 0.00471815261742446 0.0110803523633694 0.121513088900656
0.220659799963736 0.0210983772503324 0.0805982794961271 0.118063996635037 0.0593216982300098 0.125275193647676 0.142647838953364 0.0455767933426348 0.059227071705582 0.127530950775502
0.157739500938378 0.09133785453606 0.119100713233535 0.156822868311729 0.0549804074448677 0.163008194352844 0.0363877293266105 0.0526708747314089 0.145823803964097 0.0221280531604703
0.0709086434982391 0.173062856707215 0.144220869246843 0.0876653682139035 0.0759463872919946 0.0265080010364664 0.132193599413725 0.0751822477486349 0.133189744537344 0.0811222823056352
0.126509225296761 0.0795544246113546 0.14448265917608 0.0236378491123109 0.136544118788032 0.141447358742249 0.00294922100054547 0.0178702426159161 0.165940079640615 0.161064821016135
0.20974652666229 0.00473532400364401 0.199397752469763 0.142811781298101 0.0444520980197422 0.0179207585718466 0.127289144348416 0.181453959507576 0.00245116529992974 0.0697414898186905
0.170459255294402 0.0596709099315234 0.181036234276059 0.0134353250197342 0.0435357922459006 0.12860944267941 0.0862321367228649 0.00573924372502891 0.169924709491556 0.141356950613521
0.13566884613324 0.0334133373031637 0.0991160056891659 0.12542378653734 0.0706797829276523 0.102091748778272 0.00794163576297329 0.121356410296507 0.135342802088988 0.168965644482698
0.229679240867005 0.0397792320443706 0.032376835595381 0.140261784482321 0.220493812325149 0.00288245067032267 0.00822428435346089 0.156152483781249 0.0990905288544727 0.0710593470262677
0.113893337103047 0.135026420329969 0.102150019867134 0.140772017835529 0.0141725654825797 0.150496160674082 0.0186557964425493 0.0340213148053153 0.123014304488138 0.167798062971656
0.174686375126728 0.00456937194907613 0.1670958379381 0.163217750499182 0.171458017970291 0.0448947849915119 0.0373169220067907 0.0668522803204257 0.028261746500649 0.141646912697247
0.124115957760618 0.0119158250702671 0.0228053457854286 0.0816297311160201 0.149038175397221 0.179411563654389 0.172169106885535 0.0720288545730055 0.0480994656970617 0.138785974060453
0.21919647645044 0.0281183065910995 0.0171223678402788 0.197508221760821 0.171733566925072 0.0789398832775764 0.105754404730262 0.0709279840778397 0.0399105858160845 0.0707882025305261
0.136592582053674 0.0376509940807645 0.146379787262556 0.147544675623097 0.0860308012218508 0.144788787850834 0.021363743923364 0.0580582625743417 0.117750266767342 0.103840098642177
0.0536158777158783 0.105890289167976 0.157249555880967 0.149312189475598 0.0529836653636302 0.0281981077448275 0.0947009505070399 0.145328607758842 0.0466447110405141 0.166076045344727
0.175610842404084 0.117846841574489 0.0973204668144249 0.121807124904888 0.0554368603129096 0.0977379352532328 0.0703272228807462 0.0919830992006204 0.055388107512414 0.116541499142191
0.163377703657766 0.101983268349678 0.0308821547136395 0.149719020023135 0.0900371912610137 0.116812998194276 0.130349367671056 0.0288577266829394 0.14986517744089 0.0381153920056071
0.119808198552612 0.124682866197301 0.0952566331085673 0.0475982810721059 0.114228279136705 0.0630404960860471 0.13459191971819 0.0980504123473468 0.0698996893980604 0.132843224383065
0.101799612264869 0.0900807293958113 0.00327019902848794 0.171821987692599 0.0261763893567018 0.167670314156621 0.0564392695869357 0.0634816472894706 0.164841008537914 0.15441884269059
0.0765043767378085 0.128838460748141 0.176750333699346 0.0456499594500282 0.191811361971581 0.0557806014190853 0.210897406046034 0.0692923164419302 0.029568804202314 0.014906379283731
0.0110146749726719 0.156126791577893 0.159890573116288 0.142889401329678 0.00909911816099438 0.119155748646729 0.186791435631331 0.196718398285234 0.00592078005125826 0.0123930782279229
0.0342719047956916 0.14331912945379 0.0516218246855599 0.125510248610973 0.133429238805704 0.134941355226143 0.0719156028007124 0.115459610425166 0.14641923102375 0.0431118541725094
0.0359966410393946 0.132288955963176 0.046448388478108 0.0843305765302688 0.141555855225202 0.045287907086125 0.132850358097068 0.0369848212508798 0.187462700609221 0.156793795720558
0.14399936654437 0.0306106036027734 0.00754420723306216 0.170837518082571 0.179412914475035 0.111705790340992 0.0173543613173731 0.0906468624424616 0.177894688822341 0.0699936871390201
0.129001621343907 0.146959351419432 0.182178895185562 0.0198265708936002 0.0183232610799893 0.136392331780263 0.0602013693046755 0.197336061728146 0.0755589136351837 0.0342216236292416
0.130205694839937 0.183883236108917 0.102749023505143 0.177690029791089 0.0478349823028988 0.00888085971888256 0.179450471582513 0.0839213177464022 0.0836392651598275 0.00174511924439053
0.0130123886155134 0.0248667841317433 0.169331510754591 0.015189294185584 0.0925760326589677 0.190170135515704 0.00454600378953102 0.00993650785820836 0.252344448925183 0.228026893564974
0.141708884081077 0.0369587923212757 0.128769172436163 0.120003904540853 0.0667177729172125 0.0618893224339413 0.173438175505202 0.188625107266896 0.00477658790107533 0.0771122805963048
0.0937992801501659 0.136864621678066 0.157564396865084 0.0871914806124707 0.135678960039703 0.155239206168363 0.111499623207388 0.0332095371028808 0.0182885653816526 0.0706643287942262
0.0810198506184836 0.11401908462372 0.0210469685008812 0.0797520927546613 0.0859281769132212 0.0321616965160139 0.218300688059274 0.14751436612592 0.062302876725156 0.157954199162669
0.0631217182249575 0.102517890588213 0.155887037472614 0.135006645769738 0.126245211840672 0.0257825802602576 0.118830488166297 0.130169385023247 0.0660419652139779 0.0763970774400264
0.0382026014207006 0.0846010467785198 0.138846928448049 0.139938274535504 0.0755286397269266 0.141022057240089 0.102729272176925 0.061433876603783 0.0780162252909295 0.139681077778574
0.116785971423152 0.0374110186956279 0.174809097090234 0.108979730560436 0.0419119098599814 0.215777657647664 0.0497543443131423 0.0630763309293235 0.147746256528479 0.0437476829519596
0.0356807875132281 0.0811764137983475 0.080520615838414 0.218695222564768 0.131577916210078 0.109645675237293 0.150695129370361 0.0124920968081184 0.0402673237551264 0.139248818904265
0.136546546371559 0.0771217952525711 0.0127555011709546 0.0189197666395672 0.158517186372874 0.166806758125512 0.0787381572091443 0.0600822205947569 0.122571135847644 0.167940932415418
0.162619067006991 0.193085585063025 0.181332154925832 0.0380398068929274 0.0693212970731083 0.107481787880483 0.00419365322259749 0.0192816786227102 0.217153842515161 0.00749112679716399
0.0827646364969652 0.0204938373775901 0.175726718209743 0.143845055952654 0.121647108075266 0.0756300588215457 0.0669399810651261 0.13303047504535 0.15335306398302 0.0265690649727399
0.0777622160833024 0.021429113530822 0.099290539671423 0.117646538520522 0.125247906013342 0.0682384048140331 0.123672770692218 0.112813946317643 0.148484211557148 0.105414352799546
0.109468415127853 0.158901853434369 0.12327882678993 0.0417516760461729 0.137027451939671 0.0669359502255445 0.12220492931144 0.0887444273338125 0.112000582818837 0.0396858869723702
0.0318553076625253 0.0678462741720507 0.162689999162286 0.16552763279838 0.105206797274808 0.105148008706467 0.0209200914455883 0.168075097220373 0.106116638223875 0.0666141533336465
0.100769679874951 0.12154347178973 0.0114888395023667 0.1218355799315 0.166716174980269 0.163613839655235 0.063648983399594 0.16358406971492 0.0240155781259353 0.0627837830254994
0.00077724543730626 0.159341078980815 0.1483388516586 0.208169092787541 0.144769025117731 0.0676669796996501 0.00436505681291652 0.0343384742115217 0.158552263751605 0.0736819315423132
0.133999866516756 0.0301855706718063 0.0247371470396197 0.0906006483157037 0.115796264324171 0.0737449612112566 0.135506851850679 0.123339763923013 0.128477175325079 0.143611750821916
0.116053345225503 0.0768619130602505 0.0622290009005854 0.141260621643986 0.137223393857463 0.162975285172036 0.0357671996601375 0.0461328941838083 0.146971023416982 0.0745253228792473
0.122207976465886 0.0612207582547892 0.0784000022552454 0.166567771935721 0.0802977432865293 0.0691698884247087 0.0423116571921468 0.143870035201025 0.162726145439962 0.073228021543987
0.104286436513767 0.197395065612241 0.13174069312554 0.0428592189638724 0.190457231796897 0.0192025987296842 0.160864737520848 0.0233299196835145 0.0657688313285245 0.0640952667251107
0.129423621275974 0.0887239864528647 0.105551622278805 0.110024818572881 0.0135854186237197 0.0876974922385976 0.188262034531701 0.2347391726366 0.00839047150343483 0.0336013618854223
0.176568816805852 0.0697741768045551 0.0297329493304143 0.177423980121496 0.131548868849905 0.0949434016256958 0.139221695730964 0.0326418203998657 0.0911766963965521 0.0569675939346999
0.190836214345232 0.0256175616521821 0.031780933417475 0.055677846891293 0.168973344460062 0.110974737596249 0.0359107990254163 0.152269654845009 0.0535149707955976 0.174443936971484
0.15813062802853 0.026987105649528 0.0837492354745129 0.0825381011310508 0.164753551993224 0.164650214793578 0.067869949851985 0.1107527119483 0.0862316437746438 0.0543368573546476
0.0781089305467925 0.190021585825407 0.0541324811268393 0.130205750108646 0.173780319656455 0.0315265740816194 0.114508267160879 0.0401061574099966 0.0182374723842578 0.169372461699108
0.0637882487897534 0.0584922286160567 0.0812475961316112 0.00208899292549968 0.0986176759299634 0.052764608044793 0.159271028426381 0.171698527232827 0.165111142202891 0.146919951700224
0.119851138997069 0.164561871437155 0.0823555942168934 0.100576983861938 0.192296395598965 0.00183667372059676 0.0446155060909595 0.178445919103337 0.0348235338698887 0.0806363831031989
0.145138252736926 0.149878235872782 0.0267658129398018 0.130376984797264 0.0766890693019735 0.0973617040198916 0.155772645919558 0.13937444149112 0.0448458646509161 0.0337969882697675
0.0574708459320898 0.000771865675475991 0.0537561922619031 0.0703903445151506 0.152031038704994 0.192827218723837 0.0140367044662433 0.166481438231246 0.149669490624466 0.142564860864594
0.185024584993196 0.035132804656664 0.120262393796512 0.118017535476406 0.177554666453938 0.0970406378136641 0.0108962485820402 0.0718436707732835 0.114816858115268 0.0694105993390273
0.062490362661389 0.00434512721713873 0.172521714785286 0.0626908634499398 0.0539513240668847 0.163945792460381 0.142730471806663 0.151436256976444 0.0932070245419153 0.092681062033959
0.148947641052187 0.164955023855716 0.145446583697856 0.0254191517507892 0.132819292780205 0.0789305623248216 0.113065396972664 0.0201655489512605 0.057507513224604 0.112743285389896
0.140549533215073 0.0631184468617312 0.115807362897961 0.110056218429537 0.134791647808357 0.0570203338520244 0.0318949849904623 0.0618247872474579 0.160863322684726 0.124073362012671
0.0777438895022954 0.151273067032072 0.0416189089720898 0.123002331981542 0.0249407232318888 0.134699550237487 0.0195048039871566 0.10634506834214 0.143166442840591 0.177705213872737
0.178124974005958 0.00202399999445441 0.0380754518524492 0.115688044126371 0.00342717573807599 0.0300210016681775 0.278024474296143 0.237485053657324 0.110146794786905 0.00698302987414187
0.108396801130598 0.100773994017195 0.205265333887476 0.0071276016548054 0.148156273291709 0.101920306039489 0.0577454324483434 0.092766390977456 0.168079716510281 0.00976815004264657
0.12627869321417 0.120898388383463 0.0331927269283246 0.125846453120167 0.113237762809334 0.111245243729495 0.0906682402360339 0.0276460488520244 0.127809354453722 0.123177088273266
0.019010954039683 0.00283926398782848 0.0197400201760194 0.27494297258208 0.0570468776079825 0.134834762406442 0.220018462228452 0.103676681024704 0.0773770735738546 0.0905129323729539
0.315859742875203 0.281168533791658 0.048617581715174 0.155359628225774 0.0352708033123518 0.0428447741091878 0.0103142494896524 0.0758019735782539 0.0231723456230213 0.0115903672797234
0.0578748956595604 0.0458176391819763 0.0131767442656407 0.0812811314834005 0.18985190349365 0.185105956198022 0.0950006664312318 0.0877667723723448 0.143594111720303 0.100530179193871
0.0541811662876084 0.188879181832342 0.0645803720073535 0.0310233890995028 0.126900562508933 0.265838955895295 0.0134662336456243 0.0635657675572325 0.143075453821881 0.0484889173442283
0.0883917941827671 0.165905068477997 0.128108847192155 0.144191686581411 0.0596606086808847 0.122949814967611 0.169348472986896 0.0836810047381543 0.0286615988850707 0.00910110330705279
0.0798875944922144 0.151517336939409 0.129612910083109 0.0953714941146013 0.0389720130736183 0.185984160680668 0.167892197460566 0.00961156182553224 0.113607470725355 0.0275432606049251
0.163184316018375 0.0976392178308809 0.162775455062536 0.0663231969710898 0.0139794160671097 0.115508806766105 0.0591366429362569 0.0518762076282481 0.152597773170192 0.116978967549206
0.159474053344906 0.140368161243367 0.0605618610111296 0.160502064339327 0.130526437219315 0.0497824579342505 0.0377594731555761 0.114132168438399 0.0829541719480955 0.0639391513656338
