0.348036831363447 0.248214147276081 0.0581333077886261 0.345615713571846
0.031705659365166 0.553518859957092 0.00840648322950146 0.406368997448241
0.106040281867608 0.480610953313113 0.198916075401338 0.21443268941794
0.365198636577368 0.362566844665613 0.225754017599613 0.0464805011574049
0.35613238175681 0.347656562724751 0.0632160878406781 0.232994967677761
0.397876394237861 0.179875887071727 0.172762594457377 0.249485124233035
0.0449984743397794 0.259889009458843 0.258375622321172 0.436736893880205
0.534266075134033 0.0753336732460064 0.159285223396988 0.231115028222973
0.295559646758646 0.0497225395656738 0.435542906995881 0.2191749066798
0.224650232131792 0.470036204580795 0.288500450870817 0.0168131124165957
0.080035231756233 0.36193335447711 0.161247059829144 0.396784353937514
0.332469641540561 0.402344792308383 0.0247364373076715 0.240449128843385
0.367289279345512 0.166947831285092 0.284889740123874 0.180873149245523
0.0139453803805704 0.571659323794307 0.185087908714786 0.229307387110336
0.00763351099787755 0.276874919958195 0.354343425982967 0.36114814306096
0.146432062144796 0.208434666142712 0.172162037293466 0.472971234419027
0.143228531280597 0.282029218432134 0.424207247914808 0.15053500237246
0.0678604707037083 0.510144690077913 0.298720505053304 0.123274334165075
0.0945316425311103 0.527595863483208 0.268554891263727 0.109317602721954
0.00895851262817951 0.277786303671791 0.384866129809862 0.328389053890168
0.386652545252348 0.0503380315636809 0.408082271327404 0.154927151856567
0.117469028939445 0.660841859664179 0.0625501225839722 0.159138988812403
0.18561727840516 0.314154882040695 0.0705820856139109 0.429645753940234
0.458264770806476 0.0317048375324433 0.068706564494586 0.441323827166494
0.12991732168745 0.461333660642445 0.203031564787082 0.205717452883023
0.431259795662005 0.232830704476851 0.304475949993242 0.0314335498679025
0.380185922605906 0.0275557130969686 0.412596112904553 0.179662251392573
0.31828067259471 0.248720602918042 0.1153294314807 0.317669293006547
0.142064748619963 0.251926160228436 0.289266900897098 0.316742190254503
0.15963930431031 0.146585092451463 0.548924208397887 0.14485139484034
0.247860063995942 0.13286085088366 0.320520668475979 0.29875841664442
0.120783220724076 0.60307786768623 0.210278408498712 0.0658605030909828
0.160810265925484 0.354824197263753 0.185758149210616 0.298607387600147
0.162378246303602 0.0654473093985898 0.317763048694293 0.454411395603516
0.28073435114577 0.295351035213123 0.258171778351235 0.165742835289873
0.11778187332501 0.347070237106297 0.101874693478187 0.433273196090506
0.33467234991007 0.364433637145474 0.0770618444863591 0.223832168458097
0.00664351149622416 0.448733521025647 0.292414296650577 0.252208670827551
0.336624640147048 0.139895749528112 0.045089977663366 0.478389632661474
0.382290183484844 0.204856771509401 0.312306645876633 0.100546399129122
0.153969358423569 0.31521456650457 0.382008311841554 0.148807763230307
0.26878212891684 0.189875726325751 0.234008239126172 0.307333905631237
0.399703752974485 0.190236099982949 0.100623043984126 0.309437103058441
0.234962632508563 0.253626603954574 0.317190931730124 0.194219831806739
0.328314883974842 0.131963911100335 0.136890596953354 0.402830607971469
0.207831855098137 0.643333147608854 0.0329641461637124 0.115870851129297
0.283499338030774 0.118602676162657 0.0931654026670593 0.50473258313951
0.148822738798123 0.303615615714901 0.09216458486435 0.455397060622626
0.234031680459227 0.293365962927404 0.422692897169616 0.0499094594437531
0.334567798596636 0.278643780887977 0.0358130280325299 0.350975392482857
0.27999312615185 0.0735465172132301 0.26051733021989 0.385943026415029
0.168029894978408 0.376516847398903 0.20879291901499 0.2466603386077
0.240935939873329 0.568687468822192 0.0709034391903199 0.119473152114159
0.192292902579078 0.3460993273497 0.169968105191356 0.291639664879867
0.181708891900036 0.232505879378132 0.285688897189787 0.300096331532045
0.076712750948886 0.319820777453904 0.199178040927352 0.404288430669859
0.148563117747965 0.230236609929637 0.280025166683322 0.341175105639077
0.0845223403739208 0.344477775161979 0.326049127680104 0.244950756783996
0.0960718930641259 0.392912959226007 0.212532103835261 0.298483043874606
0.115998298295829 0.498921866279641 0.286617955890442 0.0984618795340875
0.365705688077701 0.0532938443202096 0.308096267269735 0.272904200332354
0.107463420468389 0.474345969317025 0.0281284221331463 0.390062188081439
0.315321730981861 0.26202057462343 0.15069290274437 0.27196479165034
0.529334953632464 0.0148708209124572 0.321802582202765 0.133991643252314
0.00389519176341228 0.095381012701466 0.344640283701471 0.55608351183365
0.376127982567904 0.388676565746367 0.209034889521852 0.0261605621638775
0.206579723073231 0.327883778788126 0.420323365253021 0.0452131328856213
0.4131516834087 0.20275707140537 0.0437964949745574 0.340294750211372
0.283914924380109 0.155217456215262 0.346849942630894 0.214017676773735
0.423116042174264 0.145512198993496 0.224222712938546 0.207149045893694
0.174495298303637 0.148515780768616 0.474638750048015 0.202350170879732
0.242070918735398 0.269331299172699 0.310117246092239 0.178480535999664
0.241510501460803 0.339040930767771 0.0868508283579052 0.332597739413522
0.498525863194775 0.2868620249446 0.176887232598392 0.0377248792622334
0.213305050405147 0.355673812924965 0.381798108770628 0.0492230278992606
0.297595900657196 0.244087712765412 0.217334304106763 0.240982082470629
0.213197865411565 0.197339097073275 0.24005379225144 0.34940924526372
0.254735265676852 0.131711219933069 0.380561229644051 0.232992284746027
0.00330768538521134 0.324676987305341 0.507628177265338 0.164387150044109
0.245977442603509 0.144298107948092 0.326755371967371 0.282969077481029
0.185781593271767 0.474136194782704 0.174460170331705 0.165622041613824
0.275624095059122 0.291263238385604 0.185238092405887 0.247874574149388
0.202168697148523 0.168235603914125 0.442801264393024 0.186794434544328
0.337888354147786 0.0364246599478233 0.231040397726671 0.39464658817772
0.394376933924302 0.134302165180464 0.40825284724044 0.0630680536547944
0.234566215245332 0.226464091304211 0.320346630934436 0.21862306251602
0.0572135141015376 0.291408500429528 0.331054465321097 0.320323520147838
0.155281244272697 0.432020692469604 0.199130767689488 0.213567295568211
0.466493848040014 0.145337743094316 0.032737130666171 0.355431278199499
0.313430689906947 0.322369820209642 0.0914413667833415 0.272758123100069
0.649272802812162 0.0694425523137842 0.244804406422548 0.0364802384515056
0.393099003260936 0.136866431385711 0.214371189750156 0.255663375603197
0.236850026294419 0.420125662072081 0.0114117190381694 0.331612592595331
0.135950604486127 0.350435072509567 0.262580003918123 0.251034319086184
0.254789157897056 0.232226295137851 0.0268490902713161 0.486135456693777
0.639714660168685 0.175365033213731 0.00367276306539295 0.181247543552191
0.300666524217435 0.0602112039256747 0.545901868344434 0.093220403512456
0.119724379063071 0.218032270971842 0.215947441190478 0.446295908774609
0.393162619329392 0.000279309778777135 0.0872994181931721 0.519258652698659
0.133476844347961 0.530066544627319 0.200503625924247 0.135952985100473
