0.0989479315482505 0.188328954054257 0.0538081751509767 0.038194119824088 0.130025482852225 0.195963625294754 0.0681760366207564 0.123132700755561 0.10342297389913
0.0966429751598647 0.160433013442607 0.113059803245594 0.0241243509528311 0.0571527352096975 0.125050987416972 0.188320308697699 0.147161490427839 0.0880543354468967
0.0583353027626594 0.0740528791588778 0.095924180172677 0.16994092848551 0.0521962486286646 0.142950047092363 0.187894294405394 0.154248068546311 0.0644580507475426
0.059630575820286 0.00942576820614499 0.226509978937821 0.102668584990713 0.116423924680425 0.0774618386352472 0.0877160608040137 0.219201490571665 0.100961777353684
0.131439590261889 0.097725445859195 0.0219773119319381 0.16652922861518 0.125185219389109 0.141985851304865 0.161367038988726 0.00646522542837312 0.147325088220725
0.0286822268689582 0.00522184133446722 0.0902948041228623 0.00822287168205353 0.028540035950872 0.29627807395345 0.212239370473159 0.074884266673344 0.255636508940834
0.112117514898046 0.196801141628747 0.180136545565367 0.112968107572618 0.0290348729450193 0.140002204400067 0.0585652269499656 0.0404732989947499 0.129901087045421
0.134844622360254 0.113951022766485 0.070107223626962 0.11445098235989 0.118474263331382 0.0850526490440322 0.14925659089044 0.166098524254867 0.0477641213656884
0.0199928599789086 0.107564746956601 0.190296681963627 0.0371378530186959 0.099476763488495 0.129316454476912 0.14784718529443 0.0758157293427882 0.192551725479543
0.0751062344373392 0.0619521024820528 0.0580006757401049 0.152501939336343 0.156381732771115 0.132447529269215 0.0730362030151086 0.210253341075582 0.0803202418731398
0.100815757024267 0.152568295600754 0.0851422091245191 0.100768402237108 0.0204663247754832 0.184416564824521 0.103513430302805 0.189365532547821 0.0629434835627223
0.0573762434193063 0.178954475716763 0.00945585085050132 0.0760070786310793 0.0755765316287462 0.179177435924645 0.169949299238423 0.0783281043767382 0.175174980213798
0.120399505409213 0.160275716022496 0.0111225906478386 0.160100190114089 0.148850195230682 0.0819821484965061 0.139635000454297 0.0897748201391465 0.0878598334857319
0.0586389959654201 0.174187403419949 0.141405587678451 0.142416079941394 0.0550722264377337 0.176465796041453 0.0680807301239429 0.0622994225899537 0.121433757801703
0.114380965942224 0.0633247069149595 0.169292957267663 0.0775083408610781 0.0946713201014835 0.126285487129785 0.0463396751299593 0.176826440733398 0.131370105919448
0.0289179242658081 0.133112930273916 0.116941158098629 0.201765652679467 0.0517026461290015 0.170058358206553 0.172347787410622 0.0961202726187253 0.0290332703172777
0.167325566285627 0.187618619259446 0.0033207218217953 0.0726025470765328 0.140434655075426 0.160982525785612 0.0940938067475011 0.0493931642970026 0.124228393651057
0.181662875928435 0.094288603663152 0.0402762725266689 0.0847866206465278 0.168938766076865 0.0325584490749413 0.157068931380029 0.101181437987868 0.139238042715512
0.00519237318206741 0.00065231674456055 0.215734114036622 0.00825161145414958 0.248078379553914 0.0652404000525439 0.209233113008661 0.0877274023870394 0.159890289580442
0.136643346283888 0.10031271914111 0.0145178834922034 0.157993097071337 0.149213050724258 0.11473583624696 0.148141671148277 0.137622986440638 0.0408194094513284
0.00959865995550664 0.029561233351287 0.183239728252446 0.180322339498058 0.107754590555858 0.152306445208303 0.185041285085492 0.0727505574925099 0.0794251606005405
0.0438790742079283 0.202652660639183 0.251662060935125 0.192933859856308 0.212970480004037 0.0451157987944397 0.0262009205389059 0.0194883803194446 0.00509676470462787
0.085262431969524 0.149078935516016 0.0649701081584143 0.000767396791748718 0.180329570262366 0.0329640430969479 0.177847639490429 0.171920993210081 0.136858881504473
0.0973599914614864 0.12082285363255 0.13299342755322 0.151032928964841 0.14932790837565 0.184614019389975 0.0324492326437031 0.113312492533464 0.0180871454451114
0.111769258865927 0.154947742779837 0.122729425162284 0.10705611546085 0.123122391860942 0.132878936428669 0.0998593451485712 0.146295599651942 0.00134118464097863
0.0808637835307883 0.150186489546548 0.178852150617602 0.0713857451302261 0.0883319016438149 0.000379542035803345 0.0868407643153922 0.194528152335233 0.148631470844592
0.140252739694805 0.220039891720654 0.0434562327038685 0.177505022338904 0.049041782916273 0.133770310139358 0.0550766848880706 0.0216964427944746 0.159160892803592
0.045294937903697 0.0015536001314919 0.221864093517173 0.168946799963469 0.0901012908904726 0.186647446414343 0.025063925916466 0.0559569593286702 0.204570945934217
0.0805119184439325 0.155941215040018 0.0219497843024051 0.0839534021029728 0.180154895144225 0.142102462010999 0.0530907447253396 0.125213438509336 0.157082139720772
0.0157563907306945 0.100401158535845 0.00223891954766178 0.234397622647245 0.199459620068319 0.0192988673562417 0.194354234019532 0.0644228761181504 0.169670310976311
0.162036418500972 0.173453145110913 0.127576919095401 0.0157357969083593 0.0747408592751237 0.11183288877838 0.123684171662326 0.0553783813447008 0.155561419323824
0.0177908833320212 0.162321163656394 0.159654293782505 0.0460671226575429 0.152841201417676 0.0937524988616176 0.153410883255801 0.0740098182746259 0.140152134761815
0.07465410107821 0.139860419292738 0.0772885629591426 0.094088113902263 0.158365553911989 0.163647649781393 0.117880327600344 0.0818369899195968 0.0923782815543233
0.117420590056282 0.139266999202784 0.108684736221542 0.232367827769831 0.0809295178311547 0.0209540726888914 0.168322226556889 0.0185651691878844 0.113488860484742
0.109970669402149 0.0812307355970252 0.203856886851202 0.133915542382799 0.00217526641340455 0.00305314314112056 0.0685947224188478 0.303413563019049 0.0937894707744031
0.140353723433406 0.0796526666943387 0.128495560265932 0.110695108606297 0.0288117419065958 0.23823015359319 0.121625635149073 0.0319129023559187 0.120222507995249
0.196560141331747 0.0273451858097028 0.143407828147123 0.156611968771163 0.0284988607382217 0.103740020039113 0.0183473920677948 0.213076710283626 0.112411892811509
0.101580094822693 0.000347507231878095 0.102367651918711 0.173682902872362 0.0966938737018481 0.124227037028715 0.146704480989146 0.102362866620874 0.152033584813774
0.108700207764742 0.134930902418805 0.0876814668085904 0.0227153032424061 0.114150830927102 0.0246134712673623 0.196121003744776 0.125385963145438 0.185700850680777
0.115012336447827 0.149776207025682 0.0166509433602163 0.160920711620797 0.133364563971104 0.129149703532494 0.100666039711854 0.0503291488453135 0.144130345484711
0.0842743594880809 0.0181081793262158 0.0902895278898637 0.142303371993017 0.0303798132870175 0.0411852620644676 0.131879887487659 0.224743648885475 0.236835949578204
0.118823378779159 0.0114211818157454 0.172668962116187 0.0946624577204638 0.212793948598948 0.0173284876208097 0.0586776877522129 0.285328128373288 0.0282957672231863
0.0890549973271852 0.000743367901973594 0.216324655090403 0.174465193965463 0.166201106914304 0.076250214871415 0.0929621443041812 0.0667426476822368 0.117255671942838
0.118084701833887 0.182251884000312 0.121432201130618 0.116761597677363 0.0610493130695452 0.0908859818973932 0.13365349199149 0.0380020352399214 0.13787879315947
0.107329544114714 0.133010311669921 0.162449389386338 0.0769461185868146 0.149383881778802 0.126150479176087 0.14812454356001 0.037052359441595 0.0595533722857177
0.0706493823841542 0.0392876916257233 0.119932156048413 0.025072561262651 0.0692139910884221 0.179034625806501 0.146316068249852 0.176438379386456 0.174055144147827
0.0403677885225259 0.140628056910787 0.0403859613582025 0.0538778013266306 0.125484979069773 0.237621578181865 0.11795204327474 0.061596972729344 0.182084818626132
0.0763923856464918 0.104272645332228 0.0287394759000418 0.185010585658831 0.0746789278049955 0.166944131086764 0.187041768281773 0.0383563359789285 0.138563744309947
0.0640426117721408 0.156103016698774 0.158137710185705 0.0554165196348183 0.148654768996718 0.143564328239033 0.15651425285787 0.0235557176176792 0.0940110739972617
0.0187448677324951 0.0360166022612936 0.0328819963122081 0.134182238567201 0.208526879702195 0.192352846977429 0.011566008985944 0.243486825467419 0.122241733993815
0.154566295438195 0.0772640291693946 0.195396169012468 0.18764510483024 0.000653662767548149 0.0220728487152366 0.067453286327873 0.0711712435145143 0.223777360224531
0.263798108798575 0.0775285435092039 0.217332219094203 0.14136322121925 0.0152605310424554 0.0880444035575595 0.0751093491922706 0.0623325900421649 0.0592310335443178
0.145424650067713 0.156182862412284 0.141733650403344 0.15201719543904 0.00956650118018038 0.146637442870532 0.0599984884021145 0.179852807627358 0.0085864015974346
0.0962883713407963 0.10944213427265 0.0201793991973972 0.143693203543073 0.0510174206464907 0.16673819307682 0.0652661423868685 0.153248338769554 0.194126796766351
0.0998834551391355 0.0525301731759907 0.199323639573987 0.0977641223283308 0.197809938293398 0.162589448610169 0.00145780974319429 0.0609882259042001 0.127653187231594
0.195272163069725 0.130841637223596 0.184316833556671 0.0515087197874582 0.0652681480689204 0.101730566521656 0.166404335425904 0.0487897288861932 0.0558678674598763
0.0948094508687819 0.162305428763325 0.110432517904845 0.0756240163201753 0.1467454171696 0.224724519324129 0.0644771423324957 0.0312628882220893 0.0896186190945593
0.0395037372388624 0.127387779881045 0.116967653112808 0.0789961910955279 0.072663369830323 0.14522296816105 0.138186530692507 0.15292471646897 0.128147053518906
0.170414050089304 0.0837235861201881 0.0791002247319113 0.0326466033120278 0.229281201774145 0.213929983486951 0.0690956913168717 0.0194718222754703 0.10233683689313
0.075550709633613 0.0696603936063479 0.20424426853537 0.171338194344489 0.145045609448402 0.0304381478867621 0.115052200929289 0.0165987911341314 0.172071684481596
0.00485869027010204 0.0749498468339335 0.22537153378257 0.107210999715437 0.00168597795936252 0.20950095201604 0.151211428617503 0.207221025121241 0.0179895456838112
0.139925539097862 0.110977497948464 0.235487440660584 0.0864694246825219 0.199994335809139 0.00275664496622692 0.176473629290121 0.0344286075900408 0.0134868799550415
0.193053836654354 0.0505647425097092 0.0139776708733707 0.0873684522679613 0.131690926891208 0.158228951880621 0.136523278274279 0.109366475473429 0.119225665175067
0.155796037712983 0.127962998230281 0.0139578789740081 0.155581917685406 0.133682491355842 0.132818683158517 0.145735573524813 0.0911391378354912 0.043325281522658
0.0570620178196406 0.0374676906212443 0.186846738412261 0.104544813480739 0.104524479395282 0.19195631372203 0.12239509926901 0.00443689459361443 0.190765952686177
0.0875310705527576 0.150268036758572 0.0230687569281974 0.159055268891432 0.102319411684436 0.202330276388647 0.0718460401441974 0.176189977501979 0.0273911611497815
0.0698703808582236 0.178584171483762 0.196999942650231 0.1369460169554 0.110105660202897 0.0526552601470594 0.175754160757416 0.0549127577151759 0.0241716492298342
0.109262251218545 0.114320179044591 0.0703047538828685 0.0248049554275813 0.151499662832901 0.166585775131616 0.0736272747911757 0.188712132112795 0.100883015557928
0.162422765770576 0.126636022026614 0.130214903956297 0.0576749200814097 0.0652926834095759 0.236670333196571 0.114658996926975 0.0515543551629462 0.0548750194690348
0.182516254546004 0.142850927952943 0.0993886734996473 0.01051058211085 0.0149295673696518 0.0914100597364432 0.18266767521117 0.139338706472683 0.136387553100608
0.178032697810647 0.0134920584251915 0.0642856943940685 0.181089220163965 0.12872520070735 0.0809057337920529 0.201671379429714 0.0325206073820209 0.11927740789499
0.13140638956904 0.0978412047379023 0.0782787287601021 0.103257287307067 0.14169378897947 0.0539946481686024 0.170314733937605 0.173966353739273 0.049246864800938
0.135301305698088 0.0886278146730733 0.202284110256395 0.126055657437987 0.0623329016358353 0.191089393067117 0.0863341225329562 0.0729518896537002 0.0350228050448474
0.114849041061655 0.200001016441245 0.00704295625572536 0.210778145046483 0.0106369319958855 0.0226234044180899 0.195563092429577 0.0553998873404244 0.183105525010914
0.138770373245481 0.210427000325166 0.0121078957796737 0.118428502565899 0.0980164887405311 0.139185328950059 0.0272203670786631 0.151315045814855 0.104528997499671
0.175097191747644 0.120665947936197 0.0146145410267315 0.15918104006667 0.120413027435061 0.103719508670114 0.0810240991307 0.0975748512686976 0.127709792718186
0.200698476595583 0.0756872786637805 0.173331496460816 0.131330487634744 0.131431660648419 0.0238950299981291 0.139877076878041 0.0998813926412425 0.0238671004792436
0.0744206188397606 0.121870270972308 0.152917024220346 0.0830290645120336 0.0271508662471969 0.185236442287218 0.204289810145106 0.0790859702749691 0.0719999325010615
0.144545520384696 0.13678397509119 0.135489996169262 0.131802634029185 0.111347566568805 0.0540241310000295 0.0895569786611717 0.0527208886688603 0.143728309426801
0.0192237520991729 0.068238302741867 0.0990394157754487 0.153796388563547 0.087159309305986 0.203820879198915 0.138868263338651 0.0525633900480345 0.177290298928378
0.082377631217038 0.0850082325065113 0.181418623167036 0.019515955459307 0.05096221846087 0.096159452942917 0.194077631530343 0.109327588083145 0.181152666632833
0.0745302874723401 0.0806084608625928 0.233144855267693 0.184910916718908 0.187419655609191 0.029374203792155 0.167022311490202 0.024303763035979 0.0186855457509404
0.092970621218829 0.115080502307317 0.0268175486793948 0.041253845342629 0.146117455106 0.217543670596872 0.145287118326159 0.201490890455759 0.0134383479670393
0.200819234822414 0.0055286607657897 0.0357881121248366 0.220505770548321 0.0258651811047787 0.242534488202292 0.119408450832072 0.0735683493210359 0.0759817522784612
0.111875173009015 0.1585813521167 0.113245198081154 0.0434874028443594 0.0565218034791053 0.192927393469816 0.186936263775359 0.131040064920275 0.00538534830421688
0.215924391822711 0.00279050961233979 0.0111814921653122 0.171629318740911 0.100905395668341 0.0678897110430912 0.174290404228206 0.093490147354696 0.161898629364391
0.126303374145458 0.0980789719616416 0.127375577366745 0.173522084135633 0.083634853338785 0.0981477494448626 0.0795618887933381 0.118188966374798 0.0951865344387375
0.125368077180259 0.200439904880969 0.198281310249783 0.164825454727559 0.000492741626823881 0.0812666756549374 0.0249606981137968 0.144127362772933 0.0602377747929393
0.101130672144521 0.185276478654617 0.115452797273848 0.08719156240299 0.106920832094141 0.0685610873893106 0.0950571750082761 0.0528494436377614 0.187559951394535
0.0385144952252888 0.0479979909427819 0.0656932799885194 0.179212288676573 0.127291415955841 0.218580836230498 0.1102633087613 0.184823253883214 0.0276231303359846
0.149837089728766 0.0427817427870216 0.130975604475086 0.108812795939218 0.128467394669496 0.107817797071035 0.029378267184952 0.166921196420189 0.135008111724237
0.149867718501509 0.188471962345984 0.144580965881227 0.0963590396274977 0.0895621054015246 0.0376656759374577 0.143639358910572 0.024888726161519 0.124964447232708
0.195350000185436 0.205008489052159 0.00532150651759181 0.0406417094130556 0.0482565409073132 0.252263406809166 0.134059284837553 0.0569021730268258 0.0621968892509002
0.0957094220588019 0.142270321784215 0.0660577588802211 0.154120836995713 0.0223619591011149 0.134328276725538 0.133673649571201 0.129800083117049 0.121677691766145
0.110518809818569 0.0602236751009438 0.0678129702157692 0.0622969121799662 0.0132444294338607 0.222509501961908 0.129072185787355 0.139139882375637 0.195181633125991
0.11061836128208 0.0335399451424824 0.00836190279382112 0.236665075830111 0.18280922201442 0.0529447709210072 0.017445368821012 0.163524047877687 0.194091305317379
0.0166645301272155 0.259876783048498 0.228471604842175 0.196754356159119 0.0915104693100844 0.0490789654566572 0.0194777990403179 0.114760721655642 0.0234047703602912
0.18140832395093 0.070280521621594 0.130604404152423 0.0796973757818173 0.137223593885941 0.133662206246779 0.137777562376872 0.122517074291532 0.00682893769211127
0.180765204477776 0.021930034272514 0.0444666252055826 0.0350877824444561 0.179667105529519 0.168705479641341 0.18872310301456 0.105026228070506 0.0756284373437453
0.112659824929498 0.255513251344625 0.114080554401999 0.00726389269710423 0.110282355916327 0.0984649922236728 0.263560150521687 0.0284340517421495 0.00974092622293717
0.22189860114682 0.0839499928185062 0.0933793540076319 0.03699633159896 0.0473733764857626 0.0674672720017403 0.231535485178607 0.166701152598007 0.0506984341639654
0.122281697139488 0.219235290162184 0.100554303531766 0.0581660328191296 0.0148326972869206 0.227248469404353 0.128454580990552 0.106015371956932 0.0232115567086749
0.0478371495493387 0.143391078816379 0.19776510002094 0.174885170625021 0.0775356285769161 0.00163119922469334 0.152276355850632 0.00599194242632039 0.198686374909759
0.23542088878169 0.191146355042001 0.0454873678555882 0.151979135738859 0.088209086380428 0.0316624590747717 0.122981337166385 0.0958345322514355 0.0372788377088415
0.100798859333312 0.0602011757092923 0.170772522376046 0.112628535486351 0.165377305703629 0.25346841251506 0.0816423600962215 0.00930711340834064 0.0458037153717475
0.045651479297761 0.0663735125205661 0.0771603658842576 0.183134230192538 0.194712816627845 0.0570047002704452 0.176704745541138 0.152204626051114 0.0470535236143342
0.0543841118348669 0.220002630290035 0.086997889859187 0.255054512647084 0.103381495834579 0.0486792843866388 0.0481461605412024 0.083401466801252 0.0999524478051552
0.0435924802223392 0.0188655315146542 0.024039138986456 0.0729367949707258 0.271071839413847 0.263374389912476 0.0799751387060861 0.132666427153262 0.0934782591201533
0.0215190856330265 0.178355924567429 0.0579570301051218 0.132136123697764 0.17542362140657 0.134678465072989 0.0472952220619671 0.129677847556507 0.122956679898625
0.146238836017225 0.0877808269233416 0.0896559272698686 0.0200204718216672 0.170279240516285 0.153668952555553 0.140309053073798 0.147879986892274 0.044166704929987
0.175413613942467 0.153814112360436 0.0359236827820058 0.14323673043534 0.210778203286692 0.0742181602660796 0.034960472268184 0.160489554544371 0.0111654701144257
0.00775993603411647 0.209848341573237 0.0132159659540153 0.0346336624522369 0.181812330638469 0.207359287302811 0.0167104378925113 0.25040187290197 0.0782581652506329
0.14398627712838 0.213067828924209 0.0149183921196079 0.184188001270605 0.0124147702285706 0.00465291232426725 0.176440616515121 0.0669602866429807 0.183370914846258
0.113621647161146 0.08829592512337 0.0614596907532605 0.0350312299492426 0.126947841107943 0.207408189119458 0.186678703653832 0.0271968878651411 0.153359885266606
0.170298091883136 0.189654671763582 0.123114492079505 0.0569404140927664 0.0659075181247117 0.216935971174981 0.0358494620541789 0.0740294202007224 0.0672699586264162
0.127251466918916 0.0537543743179146 0.211064936574911 0.0469534036095748 0.080143659637764 0.121450970803432 0.0773535872029373 0.19079162733492 0.0912359735996305
0.205753624918932 0.0155503165362094 0.187880226499125 0.0883609033139757 0.0113267449862587 0.174200636411873 0.068705699354203 0.135637931226532 0.112583916752892
0.158086562453838 0.137169614431317 0.0821325398643723 0.152145986300223 0.0374581951659911 0.102303440322692 0.145066117631288 0.124730963169259 0.0609065806610206
0.00273662380713102 0.0312369232181123 0.189883475156659 0.190621214649166 0.214199282663762 0.206799673525998 0.0114061844126394 0.107771658382922 0.0453449641836113
0.203129152655429 0.178002833268259 0.0484796292174924 0.124601480128311 0.0429478586501163 0.192825768973242 0.185033977340382 0.0197478241510536 0.00523147561571485
0.0903873247762486 0.0474833635272861 0.0197620162296984 0.21144787416764 0.211550178577628 0.238319671282667 0.156645300296606 0.0194682727475106 0.00493599839471516
0.0723514320240754 0.0776244710586349 0.0494527373496504 0.163026635085481 0.0764353188915603 0.204759056451421 0.199664130845078 0.0355632856026534 0.121122932691445
0.211196244206291 0.0913028891093895 0.109441187449694 0.104548812930738 0.190107128254255 0.129317964156499 0.0344177466383124 0.122636094347348 0.00703193290747324
0.0128848012719206 0.151980632816089 0.106968867226788 0.212353820913588 0.0959950835941747 0.00644664836383219 0.164358120441385 0.0596112945228769 0.189400730849346
0.00991177653833103 0.143223019345739 0.126407118814437 0.196179551693304 0.0441523555969307 0.10598090852173 0.123661528975779 0.130780082647641 0.119703657866109
0.173710553431774 0.179305895830804 0.122641118432264 0.136029968757531 0.105419578680526 0.0527160831551279 0.0194809751032034 0.154001828962546 0.056693997646225
0.0577006153058594 0.114750098654868 0.0483090950590553 0.157998482740417 0.141826330856475 0.114681264425125 0.102073689559315 0.163255820476108 0.0994046029227776
0.0829174155145222 0.116198815796329 0.159029561095541 0.131696322898757 0.00592266510534702 0.183613937099445 0.0500933605036805 0.0812419510848429 0.189285970901535
0.118355756801157 0.0477526360655414 0.198734283173078 0.118458563616718 0.0518860703893037 0.0110375596298941 0.15933722364793 0.206337035523219 0.0881008711531584
0.0843560510051213 0.172685936147732 0.00637599773006596 0.00494056774470311 0.212340745832772 0.108878008470831 0.205712080296413 0.18401777421673 0.0206928385556319
0.0599709551017528 0.0972362228221115 0.108569359126586 0.0828006487265087 0.158732975237167 0.171161425291545 0.101633222961379 0.172842308057638 0.0470528826753117
0.210954702946763 0.0632687217329677 0.141730450314703 0.154408169157738 0.0213049541095148 0.131544330316708 0.14897149385439 0.0741021549636972 0.0537150226035183
0.156822383726468 0.00242056215792368 0.150818948372169 0.0804052629228996 0.0666502845315921 0.180857713756724 0.0556621360815165 0.163456343150392 0.142906365300316
0.0176350220306202 0.0547987800948918 0.121378298205524 0.21318783718407 0.0483160625255316 0.0119070561940728 0.160389307112124 0.278228931550432 0.094158705102733
0.0533140250394475 0.154146209824305 0.0116412063035422 0.167081444905157 0.109366133126744 0.0344571855069717 0.172142413323348 0.145381408940241 0.152469973030243
0.0446495632475226 0.187857655846295 0.109242291573859 0.0544867259806776 0.0704943218109182 0.203200824148397 0.0554602815925393 0.0721273267314602 0.202481009068331
0.13502007372979 0.0216494399586213 0.196228487612631 0.203431596693641 0.00824779845883037 0.0246314387839355 0.223200008667042 0.133369892511823 0.0542212635836865
0.0515844968829323 0.103239685685455 0.0965493584083656 0.0814562778556176 0.00812705448308389 0.105223438910009 0.157562305946091 0.194547873765995 0.20170950806245
0.0199563509591789 0.0465341793458052 0.0676796277425491 0.0885320778357263 0.253715519801804 0.121786807943876 0.03369466988431 0.170322577483197 0.197778189003554
0.0331025946981172 0.224683734515195 0.193995527407769 0.0144888321800931 0.107533863584344 0.0418417481835766 0.189207470606645 0.055808092390539 0.13933813643372
0.165585525891381 0.0459780413498605 0.158700073271608 0.0867136211826322 0.0630798844421514 0.113795503097768 0.169509330997342 0.121882874101205 0.0747551456660508
0.100538982317723 0.137728577666879 0.0938893221019299 0.0158507150517626 0.166667949055638 0.0550562179257344 0.0970413217610483 0.0998582922110598 0.233368621908224
0.0269739787969299 0.0745354408963681 0.0612129745011509 0.0472893582539792 0.209602219922981 0.136807082273558 0.180745055080865 0.119053544665668 0.143780345608499
0.070453432413342 0.234604908891503 0.178714869973532 0.0167547686560658 0.205052327571389 0.0392924398295318 0.0753815821748657 0.073694885660384 0.106050784829387
0.0993767431983593 0.0463115875874222 0.129343960776224 0.0508816637233197 0.116520966484565 0.198700775997768 0.199764985295915 0.0178889634081454 0.141210353528281
0.0275586937859014 0.0162243870458229 0.0479235738527671 0.0667702541590673 0.235167742318128 0.217126777632077 0.103360795003005 0.199405119053772 0.0864626571494598
0.132812391506335 0.148068300502184 0.0144062783503067 0.141590144498319 0.0956091196007376 0.114463048423918 0.160141389568952 0.00475260558515592 0.188156721964091
0.162367735766269 0.079026793115034 0.0429750590107412 0.150335974558069 0.16456941235866 0.188560908820553 0.0637714521186616 0.0326502082200301 0.115742456031982
0.0659197894122691 0.0459780276021456 0.0526546275409928 0.193066547655835 0.0481084622196582 0.0385694136887626 0.239348600901832 0.172028901871012 0.144325629107492
0.162283819220936 0.0226751792300615 0.144890876432133 0.00229400407569726 0.178590880614864 0.0836609044545973 0.180882788667771 0.0632649773367974 0.161456569967142
0.22998699459556 0.172667359670716 0.195825650370899 0.0780251191663584 0.0627402573590166 0.123698969746355 0.0355775496468256 0.0626538347094249 0.0388242647348453
0.209755877607411 0.0767799403949616 0.202207194045155 0.184797439707587 0.00966102146695541 0.0420878269399798 0.0980743337568287 0.0910769202121456 0.085559445868976
0.0709020656165856 0.173643631241044 0.0516588576976676 0.111022125152612 0.111925229735102 0.123398408670822 0.110299815315888 0.0260104124467487 0.221139454123532
0.120388260828911 0.186853600905296 0.0299004354470742 0.176774744869177 0.0175480901397466 0.0233576739111271 0.12583002902134 0.0995736911238629 0.219773473753465
0.155067223989303 0.145792552259709 0.0857024196668043 0.0832563182621137 0.198689403823037 0.116904940657936 0.072092734161998 0.051352772724482 0.0911416344546162
0.044969979673616 0.175242056527793 0.137004332848196 0.0391981664411677 0.006923148479106 0.330679498366814 0.168639824370742 0.0896964759605183 0.00764651733204698
0.155018673120631 0.0604807364407384 0.119367287734955 0.148663897966308 0.141382508207872 0.105480397153115 0.0738764717045137 0.18954336974105 0.00618665793081751
0.0507989029026873 0.154410142648899 0.228627794504552 0.0360563938882706 0.122707903024444 0.0522357298515909 0.217949371902626 0.0944104489295995 0.04280331234733
0.0640003230034475 0.0494288428655528 0.0915073933690016 0.170685109027326 0.0587451901623525 0.164953447109633 0.0910467639358778 0.135193117902361 0.174439812624448
0.0788281466272198 0.0450493737037259 0.0791520289235962 0.0153881455870892 0.125039325586959 0.0547278911907836 0.167039546946837 0.194944177394751 0.239831364039038
0.0745522715562892 0.0842855353862538 0.030284349832577 0.10412595049196 0.165795487403686 0.133558226312501 0.147679871210624 0.132659188972866 0.127059118833242
0.00161933686128696 0.146827953793116 0.160455900126304 0.11581696470033 0.127745558932597 0.0633164207338816 0.149053397993318 0.129464583866393 0.105699882992774
0.148503328092423 0.131421789757604 0.0672242607761314 0.128104950474772 0.140581722776494 0.0792237537690564 0.0998854101207032 0.0849700994982732 0.120084684734543
0.0277469758213346 0.0886582030910111 0.196659821098526 0.0688295654003935 0.21014746894111 0.129862368911243 0.126619603148121 0.144348215058767 0.00712777852949308
0.0227171208497102 0.150572300412999 0.0978501757626787 0.065800052671869 0.160278978527932 0.169118537043721 0.0739230735614153 0.0905200617410644 0.16921969942861
0.185665693816119 0.0921418076913155 0.119257520169412 0.139896488031706 0.152402611255 0.0117473499506394 0.127870610443694 0.0783966377808295 0.0926212808612842
0.0136692602242831 0.130489530319215 0.12614759457762 0.122459894617151 0.169160575169258 0.0309280619127408 0.0679945400845661 0.195377329941044 0.143773213154123
0.160076581018986 0.0593545572397364 0.100838630359088 0.192569455845492 0.0276603451366888 0.18100229262759 0.0537933065338994 0.0264315867252724 0.198273244513247
0.0091255920869615 0.0284833401971348 0.243888812866423 0.0833444952965966 0.227450878200161 0.185738761024871 0.0258913760966023 0.0799045959033416 0.116172148327908
0.169764525748842 0.145999738086409 0.0790725952218013 0.102874911507511 0.0920405702008372 0.0901840115639787 0.104382295700735 0.00787977269661014 0.207801579273276
0.0450070117270333 0.106501263433543 0.0190811479302823 0.0817497092826154 0.202068420744627 0.115175740475225 0.134840162982918 0.169206581441547 0.126369961982209
0.0794472816669226 0.176059455657904 0.0831908567629063 0.0716920595251999 0.0876192742839793 0.111050938361953 0.0785308142098741 0.172521454620957 0.139887864910304
0.220640945639288 0.114391569353199 0.0922832982825622 0.123478209781028 0.0131119561044473 0.0958457332715279 0.107872462113056 0.165692188145823 0.0666836373090692
0.151131310929946 0.0507155821107757 0.0924141614113021 0.135591383127103 0.12089824621732 0.143469292404756 0.154855078746488 0.146336962852454 0.00458798219985499
0.0334822203923532 0.161698174212598 0.0383511466618709 0.146683076191416 0.17166737449618 0.125905450658062 0.0731998992278069 0.0748145598581386 0.174198098301574
0.135904352922971 0.00788809118984282 0.0837323051924512 0.186222670485218 0.140264276314227 0.0636175605306513 0.155906229396151 0.170923723786841 0.055540790181647
0.0971656155193966 0.0674788789667232 0.0777320378767907 0.140186735062275 0.152506625792366 0.0969848640730763 0.0447210725973538 0.173934493295121 0.149289676816898
0.0487036330901887 0.0754403167366285 0.0344210645607361 0.149820657709419 0.181612111721133 0.184027475245935 0.0466648493665489 0.134940733083943 0.144369158485467
0.108438512693345 0.0108885448906495 0.196011239071233 0.0957490932935688 0.116381358770153 0.0644419212198476 0.0596967341483324 0.215628586426742 0.132764009486129
0.186882118004047 0.0882554934902295 0.137374194189795 0.0599778823104196 0.0153198337572215 0.143978900307185 0.175071177498106 0.111847921493808 0.0812924789491881
0.086247994198286 0.182598204522684 0.191952596462974 0.0699480929566034 0.152802556682115 0.122879203473597 0.0730690913329876 0.0187554077342102 0.101746852636544
0.16824871368543 0.144642888268539 0.0516799438105909 0.163051355267239 0.0758773064414044 0.120658273718112 0.0790448139620303 0.0356069501149155 0.161189754731738
0.184741322927307 0.0729969496427412 0.0459519518223149 0.125814814735782 0.156479214798679 0.132128016169375 0.1440797658517 0.0252650058022001 0.1125429582499
0.153257322931033 0.0666179996174425 0.0881105634823504 0.0903030586385899 0.103113694258091 0.17837348965984 0.03090827823029 0.181572055170831 0.107743538011532
0.092888174690244 0.0667876591306732 0.101010690722815 0.00930136807617067 0.135366681194158 0.156041724579847 0.139242336500739 0.164979498738478 0.134381866366875
0.107530276160163 0.00955536175899674 0.0707209238942137 0.154807582472534 0.0803787559859671 0.147753408362642 0.155475765858084 0.112656252902039 0.161121672605361
0.000732828641062866 0.11418992729077 0.173653298873489 0.183481871012056 0.163997831355205 0.184352481825345 0.137558917290692 0.0272541089309433 0.014778734780436
0.124677833730442 0.136922915719905 0.1699397973619 0.0487442978276033 0.155766450257274 0.0285620686552688 0.136483460806748 0.0576471742880201 0.141256001352839
0.123363603753783 0.0399647874952428 0.232640645317857 0.106986129811452 0.224265471822855 0.0946958676916804 0.026045556500305 0.077335518500816 0.0747024191060089
0.148024410367381 0.138356749992404 0.140453653201144 0.12253665802234 0.0267485309456928 0.0500284989978841 0.0968042285469347 0.16006565169384 0.11698161823238
0.0212551812130828 0.174066312662474 0.210866642419085 0.0978933803467411 0.216545841949036 0.0537308996386369 0.103687251406841 0.0721482522951354 0.0498062380689668
0.142064025036069 0.122642113416673 0.119196003440281 0.144523242009194 0.0632591396585057 0.0867317718163427 0.0716065139672494 0.112935381574084 0.137041809081601
0.15592492393912 0.148599110638838 0.015011437290005 0.164227590565932 0.171383540804426 0.00669228361124425 0.0134977674836644 0.177480783092834 0.147182562573936
0.0285941255389206 0.0428255357424724 0.157274928686009 0.177312763476967 0.148525156659281 0.101365750807843 0.148676405759443 0.123192470648267 0.0722328626807961
0.0794610645333477 0.100712327964609 0.0687613987775132 0.158266740387841 0.0633177057508569 0.0545014729992115 0.201470370383486 0.0834890948211502 0.190019824381984
0.000101601481852862 0.158854563618498 0.197745458972802 0.0205261615830964 0.144311170894741 0.111140770758421 0.059469889518099 0.2140673947313 0.0937829884411893
0.0559559363146616 0.0263285864159185 0.214577230963287 0.102753530938093 0.00879989948360015 0.223645600380755 0.144272879546219 0.0724542276406017 0.151212108316864
0.229387003720753 0.0200508480293696 0.154546248817963 0.0682816813536967 0.136331712374397 0.0272774562999326 0.0348842046181411 0.191095920277674 0.138144924508074
0.0345124660508005 0.141163021481322 0.204226154759359 0.225820750068601 0.0851708977568134 0.129034090487929 0.0762942487310121 0.01828428006911 0.0854940905950531
0.138124378444586 0.102462742120568 0.0660846515644952 0.0649208484943501 0.126911814169991 0.157831261037538 0.145181132987845 0.0237883684250331 0.174694802755594
0.030645483659391 0.0528733704468911 0.239351383445299 0.197050269765977 0.135140804404481 0.0407348991384771 0.120731259521646 0.0941905988169625 0.0892819308008758
0.0906365886284042 0.117793589622043 0.105361319918444 0.121851033732089 0.0963172385319181 0.108681351741682 0.124790233828513 0.109618144531945 0.124950499464961
0.105893172525906 0.103135891613808 0.096810075757972 0.161198725278631 0.160933905461526 0.060907330238427 0.0400630485298966 0.11812495240723 0.152932898186604
0.177630759700656 0.144244894703684 0.119843418059255 0.147667593448349 0.134157575535196 0.0517204275493079 0.126189276424917 0.0718126003758863 0.026733454202749
0.0531611968301328 0.0792938719074651 0.179714379980456 0.0871972624137497 0.0324384601564796 0.0622258873054627 0.170099897709779 0.175242688908668 0.160626354787808
0.0277040010695618 0.0843580585181389 0.00572299654992077 0.258619587766689 0.113336531899599 0.226012089816151 0.191058991353216 0.0433514541256652 0.0498362889010586
0.244260868578518 0.0707278300972903 0.242080010654236 0.164218948508849 0.0362154569161582 0.0601313630693205 0.0108372247482846 0.0577407150488499 0.113787582378494
0.0759247120408099 0.189670998327314 0.018306595860883 0.0914204379602444 0.058417123465748 0.202188075703666 0.109795593950557 0.160338969304194 0.0939374933865847
0.167894117476067 0.0682771689091515 0.114534544631689 0.0364324102149655 0.147273380333206 0.115819424659209 0.00637823441562662 0.164555395883688 0.178835323476397
0.170107546699176 0.0943904001547651 0.0830359676964809 0.175521494310649 0.0563578435069623 0.182328974612804 0.0487588397145126 0.157807255069255 0.0316916782353942
0.157241850306854 0.0581626160355772 0.0303055556064024 0.151328661767937 0.161750132572179 0.147324140523488 0.0387539266282226 0.0960090122348479 0.159124104324492
0.108359230673929 0.204072163197518 0.0942473671675288 0.0575800882047853 0.0236897247279141 0.215048948090627 0.111787976419408 0.123973380382753 0.0612411211355368
0.141431291679676 0.149515851438421 0.0478726635400299 0.0997977324398608 0.0370486781820588 0.117120312279242 0.198695063920256 0.0489952745994338 0.159523131921022
0.0871678446569209 0.0135826112008314 0.0517181345408805 0.142879033218234 0.237590831923262 0.115461429813805 0.0647975982508331 0.213898436270296 0.072904080124936
0.191359125383129 0.00454937572812123 0.110281629804143 0.0483264082896563 0.195612090849549 0.0643116305062973 0.142831057914821 0.0842762815272538 0.158452399997028
0.0577363057280507 0.14961054774156 0.161627002213389 0.139042248227237 0.00602169617080809 0.184811616638032 0.137143232343698 0.0205447308371307 0.143462620100094
0.168148807219352 0.0994377279891545 0.196360699520974 0.0537080866561615 0.0410062099898912 0.159026081976867 0.0191175270017067 0.189986505756486 0.0732083538894076
0.176432823512435 0.00904808945200749 0.0648839159655472 0.129745036398937 0.17897962513832 0.118453946441971 0.236875320868739 0.0805308644130767 0.00505037780896601
0.210626390953512 0.079670223407363 0.0106865041419461 0.0722614131622515 0.155647637649526 0.0267648064115625 0.211002548479106 0.172421037980717 0.0609194378140167
0.0822163401805656 0.135493704957751 0.152628546923354 0.102314017634177 0.205037931124298 0.0506245707573165 0.122455177193345 0.0192648137310911 0.129964897498102
0.0555475051207331 0.0552720011552612 0.0640852078587993 0.00101914617973969 0.0319949204715133 0.13288867536037 0.128218154266429 0.28606334053361 0.244911049053545
0.0747869324951874 0.121493465325559 0.0252659024902632 0.161738540537868 0.134816515745302 0.180991773616824 0.0981162703708355 0.184795309699954 0.0179952897182084
0.173157324854835 0.0618331451230538 0.131512389000121 0.0105654314363569 0.127536454499942 0.0987040803523205 0.0997024309466105 0.127709274430125 0.169279469356636
0.0932047889374578 0.178388336236887 0.0719969805283914 0.145724158994677 0.170667949634409 0.178633458156228 0.101360872051099 0.0195245719555575 0.0404988835052937
0.101689298537206 0.0241274061245799 0.248563035437265 0.081058325773238 0.0615574285859219 0.196411670277132 0.0648458106096274 0.0665297102876456 0.155217314367383
0.110453195159382 0.197356567587555 0.0609242553345684 0.000275539979512474 0.205523313196799 0.116342952852164 0.0874873331865555 0.0565783476646282 0.165058495038835
0.0676619381328974 0.0543380465029528 0.0258897760477273 0.159412044931128 0.0641506608592272 0.130707031959286 0.0978815489756829 0.304956710565221 0.0950022420258777
0.12732510845951 0.211912096433641 0.122043400307783 0.0409509565937799 0.0609077089555836 0.0589419065776978 0.102693512727033 0.179548080242051 0.0956772297029211
0.075346024369168 0.13422838563002 0.132602150361128 0.0272297203813863 0.241906261513824 0.230028497318179 0.0472026848351593 0.0480848996079104 0.063371375983224
0.0333227379238334 0.0737565354663143 0.191278433871235 0.131842523969268 0.200524565614823 0.00916762658577782 0.151495759227546 0.0395584997177062 0.169053317623496
0.0556938751688118 0.0605854840561705 0.1249092566726 0.085947347624364 0.204660156625302 0.0386894550391707 0.223022723303753 0.183974143819174 0.0225175576906551
0.146479067230273 0.163544605879036 0.0158108480365441 0.175688127995228 0.128129138421082 0.079075510114537 0.0134027960342016 0.121583398540293 0.156286507748805
0.0673506807257717 0.0262220095082522 0.0918255211467117 0.0915358317657923 0.0756104296764293 0.107523467724799 0.198640608537985 0.203409726034319 0.13788172487994
0.0770088630781208 0.0904902803247828 0.170267180155641 0.0237566255378546 0.0946331945856672 0.167451579953142 0.118858974995662 0.0989599573494801 0.158573344019649
0.12888561617915 0.143133983176281 0.0373675514537386 0.0987553377595397 0.148110752804483 0.0725435142934286 0.133358965549619 0.151148014286085 0.0866962644976764
0.11231824331384 0.154816538165493 0.222917733783322 0.060609446249973 0.146346666507646 0.0240240110819162 0.0677947075774677 0.160043550616854 0.0511291027034887
0.0117761904481935 0.0908018320035315 0.194980664619214 0.144746402411888 0.0241026506797005 0.147288742118629 0.16236166177552 0.0748632427600306 0.149078613183294
0.152507670893158 0.0880409402479433 0.113619457809161 0.161332590786853 0.179099848818517 0.0774761422045291 0.110611847190159 0.0125378837048188 0.10477361834486
0.0115528291581562 0.167711193663631 0.164060464050703 0.0475953367279338 0.0480431060704076 0.189159890685267 0.0303123285018545 0.0715815257494699 0.269983325392577
0.124410179785305 0.0662473859366881 0.0966194573033265 0.0153861774148209 0.00257953310012298 0.174978080193604 0.225475318888597 0.224504092588082 0.0697997747894532
0.0529781497739452 0.177165867220362 0.0893718207232482 0.103387886075989 0.000719383574778845 0.14401450512516 0.0502168053750652 0.177601889878791 0.204543692252661
