0.0994972816845142 0.029123599471684 0.129049867195931 0.119544355091029 0.134117796876713 0.130866546569077 0.0255069888483749 0.11829932418267 0.142672566864084 0.0713216732159234
0.144825895252974 0.000311243295498463 0.0859782199535203 0.132687439693344 0.0922230563215735 0.14035377494343 0.235701804991715 0.0276327158494564 0.0645104292680218 0.0757754204304657
0.0797540135061422 0.0485546512792489 0.123422462398246 0.0836715910977469 0.220519231638051 0.206630257652189 0.0379245600250431 0.0787429749984636 0.0292416388556492 0.0915386185492196
0.144741910611375 0.0770959660397507 0.0636396415138719 0.0139071803200568 0.127935432873895 0.115265107767428 0.0530970539994348 0.00124932357014345 0.248771776867055 0.15429660643699
0.128125391583073 0.152452095779021 0.0628067354819969 0.141957084937689 0.141857035689571 0.0233237129479206 0.130631650178105 0.0578915759926828 0.109532747753424 0.0514219696565167
0.166484021162185 0.026665142493721 0.0183860600043082 0.138708472703754 0.0212636169562468 0.026116785460103 0.094072917119799 0.148757230413355 0.154773653815438 0.20477209987109
0.20136882809681 0.111894343796869 0.0836416580461708 0.0898198790755921 0.0627991303423214 0.0346484629993539 0.0912427182081833 0.24968212410277 0.033314941497469 0.0415879138344604
0.00471393790095727 0.173484723903354 0.0742004593414048 0.0535898225609199 0.0919337593910165 0.188399244838793 0.111497861236146 0.180186278837858 0.0158157270092155 0.106178184980335
0.0925022525350613 0.0642503581064186 0.060736369778981 0.209188127723334 0.136125737291445 0.0889211683416353 0.163593665080629 0.115262042554674 0.0146007918059401 0.054819486781881
0.165560247952814 0.154450793520371 0.0872380772711388 0.109131481868071 0.0484667331118989 0.139825651383531 0.00530553436671594 0.115626065076124 0.173306886100904 0.00108852934843238
0.146045896256493 0.0205269382075911 0.282250186565821 0.184496680850548 0.0620157172111562 0.0542831350533318 0.155782989072558 0.0274907466656375 0.0584455038369554 0.00866220627990822
0.0697847619688711 0.147567362827613 0.0360363278249046 0.125860841998504 0.0770594597459625 0.0647682847318267 0.133371895686611 0.139557926073207 0.127654638034363 0.0783385011081364
0.133177046264144 0.177594135265065 0.0214189187154104 0.0501889109424729 0.0786883739934467 0.110940564988037 0.132428641915923 0.0289943202211438 0.227548463707071 0.0390206239872859
0.153734960248412 0.101271084583252 0.192769356761394 0.0423996568818186 0.0326452722363382 0.0205255958639566 0.105689406863633 0.10194404335222 0.102405180047089 0.146615443161887
0.212036989332056 0.10688870387374 0.152997137503073 0.000657614277515441 0.170431989228593 0.00821441320991564 0.136371298278266 0.120396038386262 0.0725545927080644 0.0194512232025138
0.226525253416273 0.092274518428717 0.0679599942615996 0.213110025391777 0.00907223535518313 0.222984048808125 0.0411263775172339 0.00926320023112401 0.00242463662666936 0.115259709963298
0.186162417340919 0.0589778544962351 0.0464123352534851 0.10499507931347 0.131173929179036 0.0169238036540141 0.186227761838439 0.072158422534767 0.0190287015224427 0.177939694867191
0.119842221777683 0.0824540405694468 0.222077265127749 0.154179437014674 0.131603294138685 0.0383294377464126 0.0411327270328809 0.0817045671598534 0.0833547094300151 0.0453223000025999
0.100301702386857 0.124362897285253 0.0289441124109083 0.101623833279467 0.0758601084323632 0.0994522110089638 0.0738931733681563 0.1485614012188 0.12517246545783 0.121828095151402
0.159752728172722 0.0367787941315063 0.227509134812764 0.109858501429981 0.0159854924805941 0.16820447379273 0.142805071036925 0.0673254088496936 0.0067222012822605 0.0650581940108246
0.0667351514408994 0.0170691795174908 0.103521200268706 0.157385012150601 0.170651706227515 0.0310224327527876 0.163670604319676 0.130085960180427 0.0967442343060463 0.0631145188358516
0.0653472420895861 0.0127594712687781 0.203729073710871 0.200534515801378 0.149780439194664 0.0387923594313211 0.147770141977894 0.0372038899478725 0.0871203097712358 0.0569625568063982
0.160292473137471 0.00693746233548425 0.0802632448956963 0.120535169845347 0.138964788539765 0.159673051091148 0.12146576736935 0.0454507314617799 0.0329065389824995 0.133510772341459
0.106021452606661 0.0358218158731227 0.145935199190047 0.167083455235488 0.100939416996104 0.0574197843004014 0.078197783081656 0.0466725036154129 0.158404523616094 0.103504065485013
0.0397051451778256 0.119171589739707 0.0913751209744573 0.162599501802302 0.128336788656073 0.0876153771981141 0.0580094907945207 0.15104198187322 0.086315583020701 0.0758294207630796
0.0748360054897951 0.137159084639556 0.104625866969679 0.0511053469067893 0.133293830335877 0.0663896474495942 0.146182716341806 0.0502358356645893 0.100789279407716 0.135382386794598
0.132144672442198 0.173774243212289 0.0325020356656586 0.162735799752013 0.159422597508339 0.0695031452765261 0.0896466394157268 0.042313408111066 0.0150830156591678 0.122874442957017
0.182539385527931 0.12924053712732 0.0370225751834833 0.00189699678307315 0.15281136309644 0.092541944461225 0.0639612903864 0.0152055194010046 0.155299630195417 0.169480757837705
0.0719850754187072 0.00614210391362065 0.132375697960767 0.154903462133732 0.105763748856359 0.0569653271728973 0.0853152198916768 0.097037327853696 0.157235007001265 0.132277029797279
0.0291925765268161 0.0026998413094511 0.231435064754141 0.0397836394851905 0.253884930870452 0.245173620231636 0.113906344403063 0.0599810691426522 0.00808823616990985 0.015854677106688
0.0164924684479278 0.0055481634760712 0.180644113033388 0.00158547052106291 0.187636710124053 0.0911574436059955 0.183460989464082 0.247322724817569 0.0184019869936047 0.0677499295162458
0.0921055925415944 0.113128933853709 0.123371022216955 0.0641292385447961 0.0620535005794377 0.13248348300755 0.107969358283796 0.106788710171066 0.137662557772063 0.0603076030290326
0.00354385116437802 0.0457899709751094 0.137791400726286 0.156964745838009 0.170798465864398 0.0265442512547351 0.0734796287479477 0.115431871726241 0.109081634905366 0.16057417879753
0.173814405289624 0.184054998952817 0.0911329661733347 0.0487731292650556 0.0319106734431063 0.0740357908784649 0.152147363844301 0.0113943793895409 0.164712730756886 0.068023562006871
0.0781275670473155 0.128602098276847 0.105563398535974 0.113344907538948 0.0931176987670288 0.104401448494608 0.0151699324477475 0.0435662680020334 0.184172389211823 0.133934291677674
0.0961322110288791 0.0699858508982425 0.189783764697423 0.13691065081994 0.0437508267869656 0.0136140429176797 0.188764697017058 0.0828649791360518 0.0943214753193699 0.0838715013783902
0.170219193625306 0.0484794219563487 0.120230252717013 0.0599986369955329 0.0357512102657873 0.12425873025388 0.108912325380336 0.153737144620561 0.125005312062798 0.0534077721224376
0.0836992271580223 0.0988228522874323 0.0794215791634542 0.129209541779622 0.0112230691332453 0.136965288208754 0.147528061139543 0.115927009552723 0.100122583902316 0.0970807876748886
0.0862844445637817 0.132770370503554 0.0737811912566684 0.147713091677152 0.057664539375859 0.0344219474563774 0.0937434022516763 0.158398684734463 0.106588446628708 0.10863388155176
0.13747816242689 0.142175493106924 0.0432879539807775 0.182472350236565 0.124145980358346 0.198204987111173 0.0423742294102447 0.0533276551780783 0.0742592037566248 0.00227398443437549
0.169453374943963 0.096919910356758 0.0168605311155012 0.129185680633283 0.105278018176682 0.136941632837739 0.136053638482127 0.00292904091348459 0.0416709556134768 0.164707216926985
0.0679779182169868 0.0869022576878939 0.155798806428352 0.16783934254204 0.164651208287097 0.0127493013285122 0.154781467645427 0.0148059027538267 0.118540582878576 0.0559532122312875
0.150723980560777 0.0769892229602067 0.0610431079921463 0.094274068742803 0.136300827286076 0.0469590091701767 0.133075078508831 0.0374141729334722 0.139035695026825 0.124184836818687
0.100376601645043 0.0779549589997849 0.17224535699924 0.173114644387229 0.0847848979433784 0.0437437211799312 0.09643754899345 0.159369936716657 0.0251895505759322 0.0667827825593545
0.238855584637591 0.0635810177090546 0.189177340451397 0.0248033728011572 0.0831080562610864 0.103950342107185 0.183520152954165 0.0852000830315282 0.0120905898022593 0.0157134602445766
0.188304597592952 0.0577022112264068 0.00260833451303387 0.131998736464613 0.0300467606604358 0.164930358060875 0.0951662878806112 0.132778968172487 0.0565852074929496 0.139878537935636
0.208474508521968 0.0302062070858696 0.0508415010988815 0.179084025672848 0.0623452329922477 0.126552215569186 0.126150727315365 0.0635463258205219 0.14336908332202 0.00943017260109245
0.025744413264404 0.00110005054062631 0.19203858598972 0.0719662550305827 0.19518715022199 0.0859018802869852 0.133465018889989 0.153299907217764 0.0734409018538194 0.0678558367041194
0.182230381712085 0.109670379082754 0.0952963761884748 0.0145360744341287 0.0872878679444332 0.0285859557954428 0.151973433601275 0.129702199649779 0.133180131009093 0.067537200582534
0.189083071667825 0.0522518459765109 0.226420849561234 0.0274862544819571 0.00310280096716922 0.0511111121481036 0.0956001385469305 0.0481709841347597 0.0837741759813674 0.222998766534142
0.167382282015075 0.0258386644959222 0.10748689408826 0.201577260538736 0.0354508907300242 0.237355317837091 0.0731200144956511 0.00425101129627527 0.0208150358947477 0.126722628608217
0.104575953858714 0.0282922521420631 0.103434054637875 0.157311959053601 0.138734729412903 0.0754361891807483 0.0372924589354622 0.147260553915739 0.025539050534672 0.182122798328222
0.168570339436974 0.0551846967921978 0.0578362672851232 0.129593798500022 0.154631817454933 0.155595481078124 0.0270387409652002 0.0362767250982454 0.177043095520033 0.0382290378691473
0.12001181634752 0.155663238393101 0.14159054660646 0.0985215786748689 0.0885992921826209 0.126838608596741 0.0381337521123301 0.146187703978843 0.0137484956824945 0.0707049674250213
0.140430418777257 0.00564655120255205 0.00394694000339425 0.234745400754609 0.0907384547575594 0.0887130632098892 0.0807391401230609 0.131042871311058 0.111153547587221 0.112843612273399
0.00899216594858244 0.125232843351465 0.18545054323407 0.0844746799894527 0.0588438504201071 0.164560369207646 0.0440108932323024 0.16016110049344 0.00916020939513137 0.159113344727803
0.0557323339751609 0.0969158174040863 0.167792234635313 0.0976883844309967 0.0872835246645099 0.0559644812384423 0.0918386991071526 0.158208536367892 0.128055003625096 0.0605209845513505
0.159497264617107 0.12678532786417 0.011538081932909 0.139497013025584 0.054132801396651 0.106146606661722 0.132128903563894 0.112503423066649 0.05626375654025 0.101506821331064
0.104795121199441 0.0612817230710063 0.183870981963101 0.022922472729966 0.121952690333178 0.0875854051473889 0.216164458527633 0.11603726101895 0.00447245312430917 0.0809174328850264
0.128531559509006 0.0797130496818726 0.0480322890548718 0.146218151886271 0.120277740650795 0.00127763556352554 0.165940269712836 0.191316803027596 0.110590641145921 0.00810185976730493
0.137545258633718 0.146985158735619 0.124166206287039 0.105317244047955 0.0802473706079831 0.0684987549482995 0.106659436640972 0.0380146475579863 0.179628002294858 0.01293792024557
0.0877881550891839 0.120553490378612 0.0625643652746547 0.0956072754550438 0.154390707503685 0.0908806311208184 0.159343955100093 0.129371210935786 0.079202372220478 0.0202978369216443
0.173466940935272 0.0403749330147625 0.187056045867952 0.0874776546250761 0.176424387408258 0.0829313287404213 0.083083329003308 0.0899115079792321 0.0229140466513808 0.0563598257743374
0.0587701552035385 0.0119705074290768 0.211126736946901 0.00164383390343009 0.0098456725280921 0.248987916721372 0.216704348306765 0.0975809510912429 0.107428282186317 0.0359415956832653
0.164574467965079 0.014845615941738 0.0207843496576668 0.156301457892065 0.183906855255385 0.0919542306268291 0.0601932437605905 0.0872769952017117 0.186092537684948 0.0340702460139867
0.155096638997638 0.124090128491784 0.0319883783345181 0.11733478361143 0.0830466403049876 0.142736532028756 0.11181751842013 0.0940700093489223 0.0272016654978548 0.11261770496398
0.0484226405332685 0.11493276551182 0.0321780970338495 0.195982629675218 0.0066288932116882 0.118232665411316 0.145270070266873 0.111321783666881 0.0662773277947571 0.160753126894328
0.00676720045276805 0.0669308477825671 0.119792214650172 0.0676101512235648 0.0241300588621689 0.0309875816358667 0.214053067754796 0.0512304078068365 0.278672878637026 0.139825591194234
0.155574578880169 0.0686120419896864 0.170755130100332 0.067850019804258 0.102583329744252 0.0280491510741421 0.051912077028763 0.157872222862399 0.125451703933078 0.0713397445829199
0.0225538857373203 0.0847090032769896 0.0987804897439361 0.0849004042887522 0.111768870206237 0.170859266041592 0.13826974709889 0.000580380832087514 0.167796730665163 0.119781222109032
0.037770613713485 0.149165049641179 0.169927471266302 0.126462252120831 0.0858868215628289 0.0597122733223827 0.116921264071503 0.116266794511626 0.0468691087772941 0.091018351012569
0.104379682122769 0.115651757026265 0.072309246854696 0.0931393782565065 0.130288280007727 0.0822586728598186 0.03781611717523 0.0873436798298547 0.134284471739151 0.142528714127981
0.0998867121613761 0.135153769943029 0.0704684036871232 0.102386112013046 0.0969992047144636 0.100279396718266 0.145782892135937 0.0305951832351427 0.0983169499313775 0.120131375460239
0.0546889442169725 0.0722905612035825 0.165748276860511 0.114317520386136 0.046213001353406 0.0835358926582578 0.185835026482164 0.126275648502855 0.0118384994531201 0.139256628882996
0.142396257107195 0.0888648494913568 0.0327795913958001 0.144828889194618 0.0693808626984524 0.0942019626508166 0.143739152000793 0.11724847890957 0.0930290167048199 0.0735309398465785
0.0427665978720218 0.109791339881391 0.136856500975793 0.143032061503308 0.0770217427505973 0.137781543951996 0.0972880119406858 0.128888680384904 0.0459394982132875 0.0806340225260144
0.129266241322348 0.117694914145458 0.0783387575917279 0.036395985459615 0.045821539834102 0.0433845658166086 0.141345588459839 0.125821104686733 0.122576424889956 0.159354877793613
0.0341328713498627 0.0519276912466603 0.126513444965985 0.12674921015517 0.233507467882285 0.0247979316902407 0.0283566629461474 0.115237397745605 0.181283482934367 0.0774938390836769
0.0678612220971242 0.121788000277371 0.101130596983248 0.0713895404965464 0.107926472730357 0.0228422281727959 0.116049998694667 0.172716710227363 0.11979047419845 0.0985047561220761
0.0674986251111235 0.144969643501793 0.0973876318255288 0.030439388913642 0.192481889543919 0.0355278051132139 0.0652137203634685 0.154021039391733 0.113443876887982 0.0990163793475963
0.0663299775260914 0.101095796818815 0.140350197073086 0.0535258981412565 0.03564837917641 0.246984587401473 0.0803757536359144 0.0250539820060038 0.152297474128962 0.0983379540919879
0.00977701510005397 0.0761611283493731 0.019737929924183 0.161044518072057 0.112559410982786 0.0327308083285781 0.192682109359472 0.119768319799371 0.206191170382485 0.0693475897016401
0.118342972975718 0.0955814532215309 0.196160202702976 0.0299570930894824 0.0865346915776629 0.124106264750878 0.146646082406519 0.0171481831618574 0.1418767055944 0.0436463505189748
0.153669538516238 0.102956940495532 0.150300684477164 0.101365093776807 0.162094476369889 0.00791048352709662 0.115513584069547 0.0775857004521936 0.00934144793246292 0.11926205038307
0.133706043619853 0.141913443967239 0.13648343642285 0.143191969516188 0.0477177467254593 0.123496911366353 0.0553550805852687 0.0055456395537876 0.0740911283589671 0.138498599884034
0.0362095431109071 0.00202794120639438 0.0228674973528422 0.147624474649961 0.197249889346746 0.110102677091983 0.205818948034166 0.125252593183795 0.0574404434602893 0.0954059925629169
0.142723425678834 0.0658662636363374 0.16893436607069 0.0109154031210082 0.0812865194982722 0.142237383640114 0.0502697003836094 0.032972787054247 0.170206852625165 0.134587298291723
0.116968627941034 0.0348299407141429 0.114440882191353 0.0754479892712743 0.0776316091892561 0.10000759129453 0.172731778044536 0.0549512231340615 0.129481893042295 0.123508465177517
0.208059997162743 0.0453720508240276 0.00222662885613016 0.0873939188060868 0.052799381335573 0.0889576723823661 0.170557240989783 0.129673500887131 0.0208066861574504 0.194152922598709
0.143464814879473 0.0984277536171793 0.0259552949836676 0.0895435295017971 0.172623515175578 0.0391251324413059 0.0833703899507401 0.139701765501912 0.142392514129191 0.0653952898191561
0.134416007788223 0.162397446658144 0.0367263016024946 0.0912095023380434 0.0388133337399768 0.0287297152924622 0.141881674031097 0.100426125565171 0.130235861253456 0.135164031730932
0.183213503945573 0.000541894223185771 0.105819854118066 0.185677712385752 0.0177170225043553 0.173167511194075 0.106247209439104 0.0101660155494881 0.0946021431631914 0.12284713347721
0.121528935019734 0.00068283798890003 0.124303578878462 0.161619234139067 0.032939725659804 0.0705873230949648 0.19129053839601 0.18838517061015 0.00811415608817483 0.100548500124733
0.103925427748056 0.0316433243240612 0.116528023833948 0.108938015001779 0.164898347923441 0.129574696582703 0.132618313899735 0.038922635267383 0.14151119345994 0.0314400219589529
0.138925141048165 0.116722948584498 0.0769771713051982 0.0393222203881376 0.160596834633559 0.00446664234584269 0.129798707683555 0.0701093024655434 0.148978275891733 0.114102755653768
0.12931082606906 0.129930541261142 0.0762826738704167 0.10952586227757 0.10866646091578 0.14079142745415 0.051544017946609 0.09430147425271 0.110190514927971 0.0494562010245919
0.101700655801472 0.114835294576607 0.116982140007328 0.0476117982670109 0.119494335076609 0.0627750971731597 0.00289563881234812 0.129897949942988 0.150867017030003 0.152940073312474
0.139817235983761 0.0718006748951015 0.0268079114251149 0.0454182839163828 0.2381166380855 0.131012057750804 0.0145491620157905 0.193061625194621 0.0533786409222683 0.0860377698106556
0.0197054552492689 0.0292706849285381 0.17675453327117 0.0233425307465645 0.0478785164663752 0.244485914578349 0.0309324815090103 0.184807283076318 0.233024930541719 0.00979766963268629
0.0763337656342827 0.0847928998010285 0.161727531566067 0.163183289089911 0.041294737216553 0.0750896980062464 0.102895634685135 0.106698997530397 0.144736236439084 0.0432472100312951
0.169680063996276 0.191596873034107 0.124880477365263 0.138410467111544 0.0513493102114283 0.0869554275110976 0.0452123150526755 0.0423535390031939 0.149053169149917 0.000508357564497626
0.106910074717705 0.191722161662088 0.101936667255333 0.1425520979877 0.184296902339662 0.0139357840290958 0.160853345469354 0.0456639082056087 0.0232271066420251 0.0289019516914294
0.0979315769383072 0.0803319953801454 0.0511787134411752 0.109336176092116 0.0577873180256026 0.156431169568415 0.0901532444534251 0.194082051577633 0.0654927953957165 0.0972749591274646
0.0241217574145542 0.0659846585686539 0.0874900251126454 0.128589629639814 0.150325150576579 0.0171420817292375 0.205989984573981 0.165461447024767 0.110695462061303 0.0441998032984651
0.154160295574638 0.0905434060646724 0.0886984827609243 0.133943166053964 0.00890139289355591 0.00165514778593117 0.159436781537397 0.158596625939846 0.135436481905033 0.0686282194840392
0.114956688753875 0.0725867650559835 0.0448605306386632 0.167019843529521 0.126062770800373 0.128733418288886 0.133337955413086 0.0802107314780911 0.110505817826835 0.0217254782146855
0.119139211407123 0.044572377785367 0.14222246945847 0.116810640042522 0.0894139425793606 0.112718194804956 0.0367378409982331 0.0669110598450134 0.149717835076693 0.121756428002261
0.0231863217430833 0.140530681548962 0.157198542340524 0.0500973359293932 0.187305170943495 0.0214913030022004 0.0955017367012716 0.156755866122504 0.163977692079657 0.00395534958890928
0.0683321291957793 0.123177644508234 0.102864994201297 0.0409035218805166 0.147959594195818 0.162188005130134 0.140381670202915 0.134561227177827 0.0270101511943025 0.0526210623131774
0.119281483843188 0.00400398117099248 0.034342363610249 0.0546740735083168 0.160950771252219 0.164077268839132 0.0651158714135188 0.11939283723977 0.124565642662769 0.153595706459845
0.124847000782062 0.0533334852220314 0.0692806872174469 0.115101224447677 0.083687115658172 0.0644438951892299 0.0710253228278976 0.142937610632193 0.147641865097064 0.127701792926225
0.0366567246775609 0.0724540466542375 0.209237782742069 0.192243095676467 0.157195414822114 0.0264184149447149 0.0742043600211732 0.0856743085142309 0.023292397700809 0.122623454246624
0.0979384291926264 0.0838286007810283 0.125367043830591 0.136441340528351 0.0921942835674599 0.103767045184864 0.157194208860592 0.000749492401796566 0.134130616319115 0.0683889393335767
0.155770946051393 0.160586369665831 0.00788013096640155 0.17263412134928 0.0291759817586518 0.0393783239292192 0.181901390344683 0.0980675243422866 0.0292341661262194 0.125371045466034
0.14229785797842 0.0680163211534114 0.021228960512832 0.16019073140206 0.0850784588655546 0.085156875934552 0.137632590372667 0.0129512916830404 0.122714687803092 0.164732224294371
0.0983223764807136 0.132757868897813 0.118417126622128 0.104203273064798 0.0482375267599896 0.0876621511417159 0.165962053888648 0.0579026652524943 0.0119408574404236 0.174594100451275
0.111466605753287 0.106582931739386 0.0396275795081794 0.145660177894134 0.144192302892644 0.132498336350992 0.0517974912350623 0.0375446289528742 0.107552539292747 0.123077406380694
0.0599392092105534 0.118563883343371 0.00874352514517081 0.14867338972904 0.102880335180311 0.09312443354197 0.0840197572616193 0.209888928939668 0.0552689994914807 0.118897538156816
0.0138086212348828 0.17369851380354 0.189574636141953 0.132563929527712 0.0642352613092433 0.104043227347988 0.176187020977932 0.097974633702727 0.0244252162285202 0.0234889397255025
0.0284715957902859 0.0739741031508964 0.0633035147220047 0.0916922247178321 0.174541717848211 0.132846379689545 0.183864514709001 0.0439605809231059 0.179055069078074 0.0282902993710449
0.183133055164726 0.167820602041629 0.0331520564419341 0.119234150350363 0.0851959006116475 0.049132122384709 0.180023921785901 0.0148044258629129 0.0771481422552794 0.0903556231008984
0.168664306126426 0.0298878771395445 0.0582085886568232 0.0462234021589712 0.124230649507645 0.103333193908884 0.0336836123994397 0.175323094650171 0.142497544547539 0.117947730904557
0.168551227131567 0.0933997011901774 0.0529801505054421 0.0591142616477255 0.185910332907332 0.0814397556149341 0.0912736020838376 0.0507963480290108 0.0534694663275136 0.16306515456246
0.0532692586070514 0.0841074198728184 0.216742720253921 0.0342825050288933 0.0959912691840164 0.0589288105636554 0.144523642748399 0.0651342124992738 0.0667748244546056 0.180245336787366
0.17851000915288 0.116189979138095 0.0661430889382809 0.171370630845829 0.0550648528625973 0.0412524715121637 0.165165140790336 0.0195332680865832 0.175136816856186 0.0116337418170497
0.155289058503382 0.149432307487775 0.0213655968352623 0.0768637096042945 0.189608575664427 0.112020542133613 0.0345297773575085 0.109677119645066 0.0160648384851708 0.135148474283501
0.113719790369969 0.00997049429953415 0.17678893893159 0.142314868697866 0.0777632705609357 0.0223185493103025 0.00882170753356078 0.13706200949377 0.131086903007376 0.180153467795095
0.0189763505739884 0.177679357597589 0.154665111915113 0.100637774411104 0.152344371975191 0.0539697857484579 0.018502437045152 0.219564692465425 0.0886081782699294 0.0150519399980502
0.165830225879326 0.0588472115855872 0.0277805529021374 0.126776156382446 0.00684789587631829 0.161784093728204 0.0498424221895308 0.152309323712341 0.117813185672208 0.132168932071901
0.206019861068709 0.226296105911191 0.0295247255153477 0.271528047660633 0.0295128134454747 0.00689654748859887 0.0215231780033132 0.0387521902838542 0.154168826025718 0.0157777045971611
0.0288912492879618 0.143640557981171 0.172145145644376 0.143211628502737 0.046549672180523 0.0814908492932443 0.0981217907436836 0.14165041661387 0.141918862882388 0.00237982687004541
0.0611489984459692 0.0907939208028974 0.14884208201834 0.0897742712693757 0.0567410140840587 0.0751015902011438 0.125716412496578 0.12576607806396 0.108752730167793 0.117362902449884
0.0961799581325823 0.206152222170296 0.0820628784412588 0.132086231663503 0.00394220186363738 0.0154719174112493 0.212376729897231 0.0389138175059106 0.0767720397674091 0.136042003146922
0.0162171187801811 0.19196233041731 0.223959168570931 0.0224583189544715 0.0285846185401468 0.0277310306955999 0.192750422085236 0.187029879672545 0.0469359089776455 0.0623712033059332
0.11213722604968 0.141018316477284 0.131378152150052 0.152496598417954 0.0214997447612736 0.0943937364075416 0.0442681344984858 0.152571309009835 0.0882754297480161 0.0619613524798783
0.151734408838 0.0853542410173641 0.0593278218811141 0.0540976410229466 0.172166463585067 0.131997832469073 0.157533788861206 0.0742725045581072 0.112807792312202 0.000707505454919863
0.155967006992965 0.089111819321236 0.157605967841891 0.140580296159537 0.0410786070285128 0.0629850949999875 0.0609204071514841 0.158964311300369 0.122931665836946 0.00985482336707123
0.0905351809985384 0.0652006957047796 0.116159062976741 0.123446857901392 0.151367785651138 0.0646819301577822 0.168191207140893 0.0112304472775048 0.0976980927024245 0.111488739488806
0.116967783931207 0.0880694371359759 0.0624085395531692 0.0885264251590772 0.182251923255144 0.146865124391698 0.00595373539427157 0.0201308754359996 0.0976244404772137 0.191201715266244
0.166255772911196 0.0680490874607277 0.135414105177098 0.149927309506394 0.171009842764823 0.00759539685305203 0.0331933450444246 0.0425171229353011 0.185024028399413 0.0410139889475709
0.108707139981562 0.127425197532995 0.0182623771821825 0.127484185947588 0.0580177364335726 0.139010840890088 0.133090495350854 0.140999419554222 0.126441542710401 0.0205610644165354
0.210090603726483 0.0149492125599464 0.142591514005653 0.0584289496037752 0.136157456912183 0.105822587489398 0.0258121152515714 0.127644987418339 0.0940742395235647 0.0844283335090857
0.186217926081758 0.0815433410252691 0.131633452518098 0.166625162495079 0.102468123042945 0.080341180276841 0.0111440721928904 0.184743365593982 0.0149621129791343 0.0403212637940021
0.156007950453468 0.101339588090453 0.0694982774198097 0.101109357932237 0.0680753588719689 0.094218171695791 0.123102629505256 0.157002916270413 0.103538309880997 0.0261074398796078
0.17184259132025 0.0133300198613779 0.0779297658651363 0.0123116406744752 0.110231262673607 0.121363375549468 0.0535882763422749 0.106000475744614 0.172679092293094 0.160723499675702
0.166764892865137 0.0937383256833645 0.132624505821211 0.0641278568346778 0.0546256070435536 0.143188885586762 0.140704173611248 0.0315027603196579 0.0273110055415847 0.145411986692804
0.174157467254234 0.0734976858784104 0.090926986280118 0.0932315793978718 0.124361510888402 0.0993563699819522 0.0399646498636337 0.131675843487813 0.11696086824655 0.0558670387210144
0.118922750012783 0.151187762024237 0.173463251153553 0.0673393901363028 0.162458379426733 0.0720518435359717 0.00860229410399425 0.0164063230198373 0.139110776284149 0.0904572303024385
0.0289434208207358 0.0996935367346652 0.08511454463001 0.0339113972130269 0.128785147995125 0.122221184711027 0.0939755930330217 0.143379110557352 0.140604138794181 0.123371925510855
0.13964525683053 0.107064732222041 0.139902570165153 0.0531520808908227 0.143116844307197 0.0799920680164625 0.0405076649843106 0.151684207685894 0.0499754301156858 0.0949591447819043
0.145079575309656 0.106392094765795 0.202644944899751 0.00699329187484767 0.0285948264816938 0.0669387319634745 0.128075690924547 0.212940304058289 0.0822617877269429 0.0200787519950023
0.198534284779076 0.0805588744429746 0.0352576847689551 0.171840224563418 0.0021274797067198 0.127112905728456 0.0490720085697059 0.0018766476324785 0.167362280150861 0.166257609657355
0.0326866127705353 0.128642535228575 0.131814718261754 0.195208376939611 8.08664962489743e-05 0.0742571960322121 0.047300645293785 0.0756234431380718 0.15487074755569 0.159514858283516
0.0440260039702188 0.0732355787457991 0.120160093119702 0.189346500450761 0.115118752120963 0.214052837722886 0.125185587645692 0.0167998915635545 0.00925737453984214 0.092817380120581
0.117988922095539 0.115355363997336 0.084475294764218 0.139967767851364 0.0346816969848901 0.00651030354144491 0.0721898514368413 0.143891609970519 0.142455707027663 0.142483482330184
0.079833931279075 0.179708461436652 0.0184549210146047 0.0838920308554563 0.0519856873758888 0.0273133613482262 0.161725123626416 0.137119741722033 0.12844629087144 0.131520450470208
0.0402574804398841 0.126477730433313 0.105423355081967 0.122811980295455 0.0718562358552104 0.0726814984155707 0.172294274663561 0.111766452815912 0.127531162827259 0.0488998291718681
0.17996029951474 0.157291891891218 0.00518194034415046 0.0697042637829577 0.158693209604982 0.122541253523758 0.136776873212399 0.0033241253080543 0.0332815974626636 0.133244545355078
0.15433513388684 0.0495184736923297 0.161946590875534 0.00605737703440543 0.0999131945297617 0.0923481743058337 0.0449066258037279 0.177217920012064 0.208925794801882 0.0048307150576221
0.0696329149178895 0.192859674130391 0.0804868189859575 0.0159287614558279 0.0713887300001529 0.0991401241334196 0.145685616515888 0.203145068561185 0.110777361706334 0.0109549295929544
0.155471119565214 0.00986629299659344 0.0981496495768349 0.176059516809018 0.0725068516642939 0.120032135374022 0.154041346531868 0.116357184838006 0.0546522235790943 0.0428636790650565
0.161336921855818 0.110045173089997 0.0727337739253211 0.181594308680793 0.13955665395186 0.13719021569093 0.0175159615390308 0.0432599875555039 0.0797171225678989 0.0570498811428461
0.143303164989798 0.0256692153162255 0.170347574421497 0.105703247658314 0.153497730915805 0.129563393025139 0.133859397338963 0.05402773271402 0.0354781864525023 0.0485503571677376
0.162659038932785 0.171028018737757 0.0409748448847111 0.0436482252909479 0.0489220572082933 0.0360151874915216 0.135858874552305 0.124610278262349 0.0929622280788849 0.143321246560445
0.0151655247633809 0.0475362961682997 0.111482043293379 0.169578761643098 0.110977877384668 0.115490091481619 0.0315467243535471 0.0458846661262392 0.182711076059017 0.169626938726753
0.0969416660107953 0.127725031712441 0.136347098842357 0.134705621371351 0.115671107155108 0.0766879958008532 0.0534691850435576 0.130880368651173 0.0312986793139105 0.096273246098453
0.0227345327862892 0.0528366935979459 0.173317015948446 0.0663540740453199 0.0551332761458759 0.0925669884192564 0.107583786672564 0.167796418672386 0.239246092699414 0.0224311210125032
0.195946790188236 0.103537553951671 0.0943973176109451 0.200617737188391 0.0143486253860596 0.0423191623386414 0.204480521365037 0.0239608745189322 0.107801280976196 0.0125901364758905
0.029223679042587 0.142100810167445 0.0460101250025174 0.141180730558533 0.101226073705079 0.0993537015259779 0.0955329931586662 0.0184854831377362 0.16495605791069 0.161930345790768
0.12608853040808 0.108706044929442 0.115764246776701 0.11190933068367 0.109538953544103 0.121696036700132 0.0979687107911411 0.0931502879223879 0.0450632619754617 0.0701145962688815
0.115266182003242 0.139150421352303 0.0555581082367378 0.108245664718912 0.0249661509574483 0.159246359370148 0.128568892844972 0.0742889774497506 0.151712104800038 0.0429971382664485
0.0802158881501613 0.000416943411880334 0.0871277937017542 0.271125456377798 0.0506001594500192 0.0247840674543982 0.145834831196831 0.0745777910588445 0.204146127201051 0.0611709419972623
0.163018118037793 0.14092640227132 0.0580338379510646 0.079839251343689 0.130981040930586 0.155422991557057 0.00398053887831436 0.0502795307183514 0.0409517038444468 0.176566584467378
0.0981432955320461 0.116291358212668 0.0576738686743699 0.0925082321938737 0.0786345201494325 0.132837570012262 0.0724228035926368 0.160257617113249 0.0791874669753953 0.112043267544066
0.188595207611293 0.0375149083749503 0.0114811584473185 0.2081613592777 0.100873484834831 0.189233339069719 0.0428830721695586 0.0554494854222724 0.155401545506434 0.0104064392859231
0.150997482905307 0.0212656127584657 0.0864123648218043 0.214147349444762 0.113827986009827 0.0668781675740306 0.185385426673364 0.111527247079999 0.0471352183475659 0.00242314438487331
0.129254036231402 0.0413229408074421 0.0794254107210238 0.103205832965129 0.140970056228955 0.106230835352349 0.12369019804459 0.144760394167133 0.0114806774278543 0.119659618054122
0.0859774600165951 0.210914624471853 0.00515058903319009 0.191756305257177 0.0683824152328074 0.121920934121781 0.120292598309133 0.02038920560654 0.0716381669046341 0.103577701046288
0.0191330333923323 0.185995973559968 0.0286590387169852 0.189225683840919 0.0440390459261363 0.00835546375505332 0.149115030758511 7.94197850706307e-05 0.160546592874574 0.214850717390451
0.0985707009823228 0.122817446967277 0.152079879168502 0.137324529890427 0.110856627311584 0.0572600615359698 0.145375458193474 0.116568706395117 0.0200060359461144 0.039140553609211
0.161354019438171 0.118450291474038 0.00670877106680717 0.141254364188753 0.100546916578665 0.180579222484392 0.0407952773561494 0.176546482182454 0.0611738722124952 0.0125907830180756
0.111950165934997 0.0335194362173477 0.126379147851801 0.0410149006374586 0.0623015997303676 0.135930404608565 0.109330670783666 0.111171154535722 0.10775458584923 0.160647933850845
0.0663409497553167 0.107507449044869 0.0982194441762126 0.139666420691717 0.141400670015638 0.16762442824137 0.0807982212326438 0.109732961271942 0.0485365197312752 0.0401729358390158
0.0314205794274423 0.126459395180207 0.123644377675427 0.220208661973388 0.0898915470365913 0.0345735221716911 0.0612052147404172 0.215066049178889 0.00671433131051503 0.0908163213054329
0.20578127032959 0.0648846104198259 0.151684879926401 0.0243658713803003 0.167535613513448 0.0734723939279004 0.0151551890549553 0.176357956240142 0.110257113361159 0.0105051018462776
0.0202584046158646 0.0040677183150895 0.0128323718219048 0.247490431726961 0.00997987039199671 0.115479411625651 0.249888804723867 0.0444880686485578 0.166327384066726 0.129187534063381
0.129244936693295 0.0772763549051242 0.119569873885956 0.0555397412272164 0.102968641397032 0.078603572484671 0.0975250713538545 0.111707747097305 0.199305382965285 0.0282586779902604
0.0906725829128323 0.0422191270335845 0.136388603718199 0.194358375377511 0.0228511990491457 0.150568413344446 0.202450531504565 0.00816081951076227 0.0380722080297488 0.114258139519205
0.0347031996460477 0.000927331425900295 0.0877021027050558 0.035454034176935 0.129926203047743 0.127429697600183 0.188910347992331 0.200614130792519 0.133729352671585 0.0606035999417007
0.117439667768441 0.0951765192770051 0.0843945872770112 0.127212256404932 0.0101331559246375 0.165897973743934 0.148957805429404 0.0743081105767733 0.169216841905472 0.00726308169238955
0.0277399018287001 0.0850114261139786 0.179142162309635 0.0167941082476648 0.0656417852588094 0.181861567313565 0.120473339838971 0.114382030125632 0.125255787703757 0.0836978912592865
0.0940173463491446 0.0179969790486658 0.0975452532782872 0.0396134702832438 0.145278404830121 0.108734173607421 0.128455385814781 0.133493810650279 0.183959734734192 0.0509054414038648
0.00494639528967811 0.0209336800289085 0.0394632054957152 0.0924600045366407 0.184171653996871 0.0125043445576009 0.112308055779138 0.214956260018676 0.127603566012664 0.190652834284108
0.0242564271421791 0.0268175503178292 0.1259428225518 0.150805827349351 0.0306748447303285 0.113792550866944 0.00233845979478972 0.185539968978982 0.163345946817214 0.176485601450582
0.0794369344312176 0.106099209540195 0.102962799894351 0.154759893434739 0.100020337228923 0.108008465620506 0.152277516464671 0.140091014048885 0.0315798203430942 0.0247640089934174
0.0905890744584145 0.079621385665863 0.0352090019833553 0.121659139344861 0.102446704508801 0.170629972632548 0.0663124481761416 0.00171883306421978 0.159284166346068 0.172529273819728
0.0166059014262716 0.0391080499390803 0.262134208319175 0.165605957593114 0.144773306249353 0.0938222852082498 0.132573195411328 0.0211105772966668 0.0668148681457217 0.0574516504110397
0.129848310269364 0.0841091590868383 0.00238672619970614 0.157092634251003 0.11085954853184 0.0999168023086588 0.150831336403501 0.130697496528365 0.103629982031091 0.0306280043896323
0.121308927225079 0.155702823450761 0.141057110913406 0.103164649215509 0.0194148261595868 0.118881784055317 0.133933337913613 0.0719873264177772 0.068066081909483 0.0664831327394686
0.161927077866903 0.0689222666031914 0.196519849868117 0.184052236605237 0.0902096995861076 0.202386092807615 0.0208591554294119 0.0154272505566901 0.00506459642015807 0.054631774256568
0.196867874027193 0.00636085409435503 0.0902289494457124 0.20731202434635 0.0396915911899084 0.150520678138583 0.0510133430964691 0.0785489085981 0.0737983875941951 0.105657389469134
0.10365872667345 0.0877368963589462 0.166069914446071 0.104111080921884 0.0511348335720244 0.0884571969085987 0.0837423685691304 0.139671866827998 0.0958989330306991 0.0795181826911987
0.0691386601914976 0.0922451669175779 0.119610100260005 0.070377484157337 0.105139249995525 0.0981190150205531 0.139056665318293 0.103507171892439 0.103105632795779 0.0997008534509937
0.105524817705016 0.11211621123357 0.1179252025246 0.156996208668221 0.105611474678052 0.0438025079245416 0.145230630395879 0.0330731598405598 0.10303534859564 0.0766844384339208
0.0371370487015728 0.0335953958860076 0.22103129873668 0.112696798647632 0.0674990908862821 0.0939939340808435 0.0452473149747868 0.176690418255537 0.185904889746778 0.0262038100838803
0.0313008717196728 0.114844458008529 0.14069686665047 0.166529662670991 0.166395129440091 0.0342896338015856 0.160873806557348 0.0733476354797894 0.0355784727367879 0.0761434629347344
0.149694318768621 0.01530692332992 0.107658441856915 0.082907950401407 0.12564362354273 0.089047691468793 0.18326628674499 0.084321665414377 0.0537534112283906 0.108399687243855
0.0276337916535048 0.176085469196934 0.0485840442127531 0.0690453595086028 0.0235666161654207 0.00546154098381577 0.240992780863481 0.157606734917765 0.212606935983262 0.0384167265144603
0.0430627458379291 0.0217925745247129 0.162954198597973 0.0940530655404664 0.134591929270707 0.0323834448969414 0.162785944561422 0.14423458203853 0.151212816646364 0.052928698084954
0.0941687234940308 0.0487020906159133 0.0820121776498603 0.118556338077519 0.174245469036465 0.0870499555884325 0.013791111131536 0.136807293323402 0.153610111760113 0.0910567293227283
0.147239103774796 0.0838670598760674 0.0681259922151363 0.113385274107675 0.048658606437967 0.0943121261502784 0.0944492300576682 0.15930508397362 0.150821639664043 0.0398358837427488
0.111562306078884 0.0869123166609018 0.0149042897315782 0.115064722167735 0.134673677097286 0.101043494785853 0.12716209902223 0.08943673802081 0.102051271224402 0.11718908521032
0.186900532252962 0.16771177782222 0.0695799736859686 0.1707289256562 0.022994396365173 0.0417177397648681 0.0527365161467219 0.124537921931364 0.0419357543753621 0.121156461999159
0.0225075505135247 0.219917515033432 0.0405849989104001 0.000947766928538636 0.0145526745828035 0.111048658372451 0.191272359621632 0.0927366014984493 0.209819689036154 0.0966121855026152
0.127078410556121 0.076470965812468 0.119114553371724 0.142248011540271 0.034820878381979 0.0465724282439873 0.173537133664048 0.175771603329608 0.00761709818631987 0.0967689169134746
0.00978604581453994 0.110096372512475 0.00682138107305575 0.00598620175438448 0.0805799051215035 0.229823212434962 0.187717470113717 0.079068818129388 0.0688975241305974 0.221223068915377
