0.0414530404756769 0.00887420010490997 0.0146752681060512 0.216806443820591 0.231227704123279 0.277820013444287 0.147702407155942 0.0614409227692625
0.245909667468079 0.0329432929985208 0.131102850509077 0.0155446650323172 0.228331477453476 0.0854726643229107 0.163024761388515 0.0976706208271042
0.193768746982026 0.00843826359685631 0.202473713016019 0.169200735941305 0.0609676046440006 0.121181956735117 0.195836119129758 0.0481328599549166
0.0700272967184217 0.0439550007029753 0.101205696803401 0.152445587570581 0.224826436536782 0.218327725735134 0.0514973624757592 0.137714893456946
0.216413878424287 0.0211759369248293 0.117364961542137 0.0532653314190108 0.132684473752609 0.195207430694567 0.0581601502125054 0.205727837030055
0.129027510201684 0.154305783975392 0.188008946112362 0.22964712058203 0.0879303971103766 0.0398606333407143 0.0808052695332752 0.0904143391441657
0.17265252702719 0.054591254901218 0.173789364075653 0.0504750567872688 0.190073153020827 0.0548816605881269 0.176956431003571 0.126580552596146
0.194833714727929 0.0695118453473097 0.15489545388364 0.196655676984071 0.0340057078377215 0.102514837023789 0.129169211423407 0.118413552772133
0.144338057868976 0.00884022012348278 0.138644107943436 0.0151894632678993 0.14777697921986 0.193010937991671 0.177567779643988 0.174632453940687
0.167892211523793 0.134818406983087 0.0839768470062243 0.148982216106272 0.00270232650514732 0.044812279218714 0.187641241836849 0.229174470819913
0.124484567113868 0.133423600998473 0.129247309979792 0.100747972912719 0.167473623826712 0.135506487350044 0.185790051001991 0.0233263868164019
0.0930526182347663 0.0913721349023384 0.0956296273565203 0.0605715555815753 0.125890085502988 0.222428427433834 0.27129840916485 0.0397571418231276
0.165032639494083 0.118246076342228 0.0568399813361792 0.075950998104393 0.0201436080055011 0.197923332092053 0.189149634670008 0.176713729955554
0.0705719925321564 0.114507589472535 0.141595460559507 0.0407157545997395 0.214506335652384 0.0701913093263884 0.18078298745991 0.167128570397379
0.0638263061808114 0.16424869192199 0.0968511355590837 0.134946218484772 0.174394317164921 0.0762882590206738 0.230281191541885 0.0591638801258635
0.102469473558517 0.0651403721019454 0.196979184714528 0.0767356489417525 0.226934340721919 0.0728623368068091 0.206328503485208 0.052550139669322
0.0708341113289312 0.186504019525782 0.013374135679362 0.217974336567647 0.0597795917243185 0.0877326598745361 0.176368862707044 0.18743228259238
0.125321128745154 0.168410922913716 0.161439758104454 0.069379915662991 0.11552745968775 0.160073716844831 0.0274178914872843 0.17242920655382
0.152718149465634 0.15339401811498 0.0428375769731842 0.0361199726051939 0.151544668869366 0.136832156006769 0.125412905119639 0.201140552845233
0.238889811388575 0.0189823043594776 0.156947732535298 0.0530569327228524 0.187622534590415 0.127451764581122 0.116045280531606 0.101003639290654
0.242219273052416 0.150289401361744 0.0113237433169193 0.0384082084376251 0.0512601983204395 0.178264485175993 0.208649732906834 0.119584957428029
0.0629294720728368 0.258063173731286 0.0965130524522822 0.130491862623188 0.12134996381856 0.250288883303259 0.0543614347859971 0.0260021572125913
0.0199919472379645 0.0585089619233141 0.137983683923773 0.242557491058468 0.129893335625038 0.0817084370778676 0.0592778002280202 0.270078342925555
0.218791126682114 0.0599228621321683 0.164883008611914 0.214251862263647 0.133317968602632 0.0396670334833179 0.164103537363888 0.00506260086031843
0.137088182345186 0.178826232353883 0.18020419824106 0.17537434281539 0.0793745717462859 0.163119101241495 0.06561313856633 0.0204002326903705
0.159780975093686 0.207013551531925 0.138897935016863 0.0331599924909929 0.0316511398911225 0.177964531033585 0.103547452705367 0.147984422236458
0.149769385515082 0.13716300481685 0.103441538923762 0.0498283510269639 0.0469534989890639 0.188472537416828 0.125450944351407 0.198920738960044
0.146417633131479 0.203550104566867 0.205460096420299 0.220523848085936 0.116749096152731 0.0152372000155501 0.040380614816259 0.0516814068108789
0.0982258977848263 0.0898420485904385 0.191638212737213 0.0461277647775215 0.00355981095373742 0.237351082108737 0.0893256353404903 0.243929547707036
0.130404636520227 0.037523684788319 0.184772196262491 0.163762003809986 0.0402878523554439 0.192272272253676 0.131308075100196 0.119669278909661
0.129369704435829 0.0408760444492356 0.0433067819419493 0.119436901639258 0.206906857750851 0.27462602763196 0.139943955111889 0.0455337270390277
0.130445570574672 0.0446113255566674 0.205177101768437 0.10312455831219 0.196251383290287 0.164082208965211 0.140876207974283 0.0154316435582538
0.121660106997159 0.111483688046011 0.0260109062876709 0.115042347799782 0.103777946790972 0.153828098115892 0.201152233160793 0.167044672801719
0.0471452772922577 0.145608061646159 0.111127337274022 0.0930300944054038 0.177423419182801 0.0580006546980395 0.152686441924884 0.214978713576433
0.167747360697266 0.024892007292273 0.133185263676686 0.19192764595589 0.19054515158319 0.152525499042396 0.041153850574626 0.0980232211776733
0.093678090068812 0.224716970213743 0.178810681988782 0.21474281207259 0.180348834605959 0.0122243542390633 0.0814453632139863 0.0140328935970639
0.190980386764171 0.0328688020905154 0.113476193050643 0.131175078691167 0.169811619814387 0.166280343631979 0.194489180504383 0.000918395452755942
0.0211929116279075 0.131618268450368 0.0566662415897648 0.0650248549590685 0.303208572372135 0.204393833878582 0.178040843403701 0.0398544737184736
0.04478948026125 0.116036128960016 0.235568293231882 0.108849127032215 0.00589099034782886 0.182098960887829 0.225728247696977 0.0810387715820012
0.154035682726037 0.0906005301446737 0.133953661031675 0.148656223582501 0.0824863764747084 0.151242345951518 0.0544738633182419 0.184551316770645
0.0425443445091958 0.0078255885156434 0.214306764951761 0.221846438664561 0.175968722553266 0.0940586504947483 0.180923024329935 0.0625264659808897
0.0485225959218858 0.189738191826846 0.0657278944866887 0.254366561733543 0.225038153330958 0.0357667268657741 0.163165095863815 0.0176747799704889
0.348398179263644 0.0799239682925666 0.0272328792881535 0.0664153706595037 0.0217461793032023 0.00997934606805447 0.252554652941588 0.193749424183287
0.188697187720276 0.0178073034873149 0.183651302809295 0.210028112566949 0.0467654742300517 0.100818767577682 0.0223852548992191 0.229846596709213
0.114821152466467 0.0432001162105133 0.214230497858357 0.272049033521811 0.0197662579347528 0.0326575285560526 0.166366870066883 0.136908543385163
0.0959041797044966 0.195150063612538 0.030763611066006 0.150323950593927 0.104246342464163 0.194230243335206 0.0403596117451778 0.189021997478486
0.101557148806059 0.194699074832817 0.170876736042673 0.210905144038252 0.0998449684215359 0.0100733911610081 0.066802496810075 0.14524103988758
0.0875505799646288 0.278807592483352 0.323773678820025 0.109233397152702 0.12372294377102 0.00306736546671436 0.0292291189636208 0.0446153233779383
0.139430664142545 0.0677402287322252 0.150297881574382 0.0518443329610426 0.131853641486982 0.0573759026158095 0.25867643855497 0.142780909932043
0.102984769765645 0.0558301522398024 0.0862925353760029 0.236481101814118 0.0849971175652066 0.0733120520057703 0.0341540944827796 0.325948176750676
0.022289133111531 0.0862428933007246 0.331845599130243 0.140024878021841 0.0658220844199913 0.0690174918277703 0.0239815349487283 0.26077638523917
0.292385812724971 0.0209490343161433 0.226955788163127 0.307306626859196 0.0104921799627622 0.0227316842607111 0.100266751266507 0.0189121224465828
0.108204711841676 0.118195700579744 0.0406586997320039 0.288402932341337 0.183953529506772 0.0314714970543581 0.150419944909284 0.0786929840348247
0.0405073517250198 0.0425798663590757 0.153172950499406 0.174424261301742 0.0572169681027113 0.223932115774102 0.204934924140772 0.103231562097172
0.0977174730553879 0.168360427298803 0.103696987569429 0.20152159721566 0.0845636283003215 0.107358902429637 0.089055340236144 0.147725643894619
0.0506495547268405 0.354240088212637 0.32122069557161 0.0196258506230986 0.162695501812171 0.0278041409036386 0.0583258510342237 0.0054383171157803
0.1831511487106 0.0361798984144014 0.146560208230355 0.0438111842209125 0.0701739747056189 0.0755669167458952 0.206524607329514 0.238032061642703
0.051646182242516 0.0332197427147291 0.1905703958574 0.0300568638028631 0.120687995427228 0.268667288836001 0.280202984614345 0.0249485465049167
0.0314681913028386 0.26269854362113 0.23723348273248 0.112981377385109 0.225609107456643 0.0294337909152839 0.0362985916375294 0.0642769149489858
0.0224089715078612 0.150551810727873 0.193872053714649 0.208885647345064 0.125624297749229 0.0204620713488236 0.110676387029459 0.167518760577041
0.165173646007793 0.147910258484007 0.19118819018569 0.0180702410476716 0.103449123140461 0.0453174357693762 0.139713175367842 0.189177929997159
0.102077765143744 0.115891508099076 0.0829780694700662 0.127173437043852 0.142282730706979 0.121380659503973 0.148513994418825 0.159701835613485
0.0635788020626925 0.0418924413948929 0.289347413960665 0.0888374417609652 0.209240610507116 0.0406932621068856 0.201515008610459 0.0648950195963246
0.117884180638546 0.0537548551614181 0.195165659292111 0.182449706876058 0.0536235609521279 0.116992638703267 0.161381075674412 0.118748322702061
0.0336668221038347 0.0289003397573812 0.107952339633072 0.280257590804855 0.028515611536408 0.246001939891409 0.240790323311887 0.0339150329611529
0.0951933748483733 0.15581784305665 0.0189408979879721 0.101618698872431 0.152929705815371 0.178353252575813 0.176992616517536 0.120153610325853
0.0860785143782676 0.0398942239272371 0.230069241458043 0.0722817293181032 0.0999188351889851 0.1961394257995 0.189056862622401 0.0865611673074632
0.227252718388753 0.0865169800252097 0.0650702028874955 0.00106153897018494 0.0698210076868215 0.181847441130355 0.196783715449524 0.171646395461656
0.220668314754497 0.172566581091658 0.00740911474977366 0.109188426164759 0.105817246581822 0.0884812462911651 0.154574016226235 0.14129505414009
0.130769120889876 0.153106462491194 0.135567627201949 0.0895440920105769 0.145926948436354 0.131051465600314 0.0787961171924287 0.135238166177308
0.135552455637876 0.24551817290244 0.170797502859507 0.12913052323473 0.140008070127242 0.0234906345420385 0.135136471994078 0.020366168702089
0.0463112350895891 0.000963950895959178 0.0517231299408277 0.396521235844439 0.275505139132994 0.0514012305810891 0.116979944508187 0.0605941340069143
0.0297064838747174 0.0345026486371949 0.190672447846766 0.224950430538467 0.226772093635817 0.116724216121629 0.169506415898521 0.00716526344688823
0.0718069861613292 0.111828830387837 0.00670156597872525 0.174595573990361 0.180427072373872 0.104514067039726 0.0859309504061141 0.264194953662035
0.196981824032322 0.163094443600165 0.048641600857573 0.104894542240928 0.10517861653192 0.206847529513291 0.134188874143953 0.0401725690798486
0.0387107844772703 0.0709509420049072 0.225402952303648 0.212926974823632 0.0804418547051598 0.138822231250436 0.0518435075768872 0.180900752858059
0.200751390392776 0.0186302276616337 0.0292637142857069 0.213809396556132 0.225530440417873 0.0774358743954222 0.20318434300099 0.0313946132894663
0.0346950021537127 0.0222173935191527 0.111956556979197 0.213852311730128 0.0858435139348739 0.214799360034984 0.187104470065923 0.12953139158203
0.188992705394874 0.0784786106838437 0.0531745473981387 0.0507892639967233 0.157909684694536 0.263995732224152 0.158703157352573 0.0479562982551585
0.0869222702195511 0.116384294214625 0.124129950581242 0.0137443779701884 0.224701902696207 0.0130942819863124 0.265076575767694 0.155946346564181
0.105810998169997 0.091537165066424 0.0961863454236455 0.263364817719651 0.0234052137771119 0.0849568342673582 0.139841642016406 0.194896983559407
0.101581756617755 0.120528107451546 0.150722323116661 0.139660258313784 0.0538407030814838 0.104668817035561 0.176645560240015 0.152352474143194
0.271204645798223 0.0594290624186321 0.0888099656903936 0.00354338623344209 0.00763259698094669 0.26142992488138 0.265414257798766 0.0425361601982162
0.264856936898075 0.0414241349129672 0.0903753297961747 0.196121345116619 0.0696842863094521 0.139599522547079 0.122849162610267 0.0750892818093659
0.181854347457174 0.160619279192874 0.178230883015954 0.134241843271126 0.154052213475427 0.061918443553317 0.0312029778575493 0.0978800121765789
0.129324199852729 0.0810560486757323 0.0385088269160126 0.188889966648823 0.178029817075491 0.162280310335209 0.11744579469617 0.104465035799834
0.202950773483041 0.11080180999598 0.149948466310181 0.174033271499526 0.0798597099247141 0.182244737142979 0.0904499834968158 0.00971124814676329
0.140080551972174 0.132367779056723 0.0128289943472192 0.115599660923001 0.117098577177831 0.182407337695236 0.114976625293068 0.184640473534748
0.155709837026677 0.181178783578427 0.166886942336093 0.0218490934482307 0.171640487633527 0.0187009453207161 0.177219510429418 0.106814400226911
0.155224905060534 0.134729300828758 0.0420693374242352 0.152449335049874 0.157916497117839 0.128280960485252 0.0477376032335904 0.181592060799918
0.0250002035253455 0.0467307597419204 0.269656314664645 0.164866302906227 0.0718780146121135 0.19020853076269 0.200564419437367 0.0310954543496912
0.0726654058889089 0.0865500539790845 0.0702940703189558 0.0706473538118462 0.187568035296866 0.152664209182783 0.2292330426315 0.130377828890056
0.096572795629095 0.14601015696325 0.129822639452082 0.147898991494616 0.12161110635252 0.172557933215874 0.130546974513966 0.0549794023785976
0.159244576735747 0.0163568201889921 0.107699597724909 0.188086408563331 0.055298328967092 0.207139427677566 0.203911398303561 0.0622634418388019
0.02411924264006 0.0299365864558104 0.243698536019931 0.0694306230964623 0.21331846288693 0.265181845479428 0.0378089325283306 0.116505770893048
0.206709701275601 0.113260195956511 0.153042108118244 0.0199960343999005 0.157465329379844 0.0267196520504181 0.241176374693002 0.0816306041264795
0.0374133109634957 0.143500929715309 0.235745419465568 0.166729539137889 0.0814963780273072 0.206184163371223 0.103744922517212 0.0251853368019955
0.065302171932932 0.194917567024258 0.207607189242872 0.183336474819398 0.104742157645173 0.21382315225969 0.0164577171586841 0.0138135699169927
0.0847819144929633 0.0104978096321859 0.0550664957115843 0.208456419151686 0.246049410926256 0.224373449314539 0.0316979539011671 0.139076546869618
0.121598546298353 0.127034268432012 0.125133973881185 0.121595719957792 0.100165315026255 0.209177814235279 0.0557971550599379 0.139497207109185
0.0622004675689003 0.00613086729665683 0.234678319569159 0.23646825036042 0.276277518970299 0.0514019516472246 0.085772137621056 0.0470704869662836
0.0689331259686513 0.120135371632881 0.123975112564897 0.169035143857896 0.107503612979253 0.138652433131069 0.12422252472126 0.147542675144092
0.240855739861665 0.0543701762030047 0.204921519899377 0.155863598419146 0.0511847459105249 0.195277933793667 0.0193893006396356 0.0781369852729793
0.185551744036274 0.0850855405009911 0.134620599802386 0.154893380271762 0.0555052017068132 0.145182935729318 0.126075612552785 0.11308498539967
0.22102940641277 0.131211156933073 0.146402359574106 0.0743080165751345 0.152993192633058 0.0930259098643476 0.00549171873682541 0.175538239270685
0.169055414983793 0.169133700462261 0.0114671201628775 0.181318179987031 0.167320383691079 0.160869481836038 0.131130073388136 0.00970564548878472
0.0552594569023146 0.279559705100064 0.0211519571738577 0.0600038509316991 0.311154920099806 0.0378469101522574 0.0493470724734255 0.185676127166576
0.207039907772247 0.0914894661337392 0.0178221047794219 0.098938792659381 0.172827238007871 0.215609622044298 0.00164010218151909 0.194632766421522
0.209062292598262 0.0713196835246494 0.0217210036120601 0.140954223989413 0.139300377853871 0.144913019666217 0.235633768062624 0.0370956306929042
0.166438513390798 0.261835101803248 0.211704460770615 0.249348050538684 0.0414866774530625 0.0185449327349423 0.034774877318382 0.0158673859902684
0.230390740480787 0.259872754382023 0.0621525805969908 0.218796619290661 0.0121465989110634 0.0625437125817569 0.0802512910166319 0.0738457027400849
0.0862726834240819 0.101453683729413 0.271691647231116 0.0977855123691582 0.058116617255245 0.0694940857088664 0.181249153026277 0.133936617255843
0.112422082578137 0.124692614068712 0.129541146644312 0.093037771249169 0.0724748270183697 0.122808684829856 0.173262431916661 0.171760441694783
0.0039089596141981 0.151968665760237 0.0239532872982052 0.170235758272416 0.197356584528275 0.183487017615346 0.0329790337362764 0.236110693175047
0.268378793948392 0.0321382392239635 0.166005922751287 0.0287655582119316 0.099670903593634 0.173654377093328 0.0639561223303183 0.167430082847145
0.215695401827414 0.232228406120322 0.0341077858447791 0.20680798624991 0.0205273075323543 0.10203968074976 0.0970060074192159 0.0915874242562452
0.134065842878829 0.169493568472578 0.168964628133607 0.0928081687425492 0.163548499569074 0.133353809997513 0.00869188786711069 0.12907359433874
0.166082792180666 0.23208963903739 0.0210140507993975 0.0394380895064585 0.0103228761536723 0.154622151580777 0.118236995187618 0.25819340555402
0.129438471032811 0.205687707096528 0.0470497060701239 0.215372600200403 0.206401446839251 0.0533047771173513 0.139784175789968 0.00296111585356409
0.249582132749565 0.0112470444832655 0.230175811019313 0.110244368824437 0.160861002983575 0.0519216182347587 0.0695136610094344 0.116454360695652
0.17598613031205 0.0430078478514588 0.0732405883794997 0.142676654632415 0.141362038042045 0.110373469650729 0.147563060130351 0.165790211001451
0.0228629833494529 0.316384407769281 0.0471628330108956 0.104966360848798 0.0518363569647155 0.0466671903209375 0.0822877952342651 0.327832072501655
0.104985496145683 0.0425690830945073 0.141225093987962 0.113472135673298 0.101898528531368 0.188036366566965 0.115645521887195 0.192167774113021
0.102659757413561 0.143919608697899 0.162320409762154 0.172567535300471 0.147513845388182 0.0974677095754215 0.0466089046964632 0.126942229165847
0.0436232726486008 0.109934533805471 0.211012226908443 0.102145559818685 0.0939873001725147 0.0387915951040277 0.217572150230789 0.182933361311469
0.0540904465821836 0.125464617052249 0.0934379233348062 0.203469769126109 0.115121258229481 0.145206097759589 0.116163977644608 0.147045910270974
0.178784582857742 0.0579392178497214 0.122520639412605 0.166719958605903 0.100388316251129 0.125987843681329 0.0985044350258973 0.149155006315674
0.0855997227831507 0.159200345411188 0.299197328003289 0.152400109743039 0.1329411166298 0.0205270143065762 0.107410192973189 0.0427241701497683
0.13247816773812 0.243534585812445 0.114820075628836 0.110676708818642 0.00692075700533083 0.210500930155963 0.152205247429996 0.0288635274106666
0.104054784165698 0.110959145225747 0.204437211847931 0.059959556306833 0.0494578290648354 0.103043862198926 0.162074022814148 0.206013588375881
0.0922519775556266 0.161303004302021 0.0141259014192261 0.102641543183627 0.2345349030162 0.189115246524845 0.0616767515106309 0.144350672487824
0.0529674267051753 0.247509639523134 0.144161937972535 0.185957681679294 0.15763699506893 0.173116404639276 0.0183533059310749 0.0202966084805796
0.085059661387667 0.0864912902653221 0.155841236547749 0.187052292243651 0.0841974040822739 0.155985588515166 0.195433423439079 0.0499391035190921
0.145359821793893 0.184080587843267 0.156377957281895 0.0842072789336808 0.136053671476065 0.041038440382307 0.0915858543809588 0.161296387907934
0.0424689880815279 0.103938935384877 0.160426894963328 0.183542597400256 0.181745163537937 0.148922840104644 0.0997290053392302 0.0792255751882
0.0546085907628723 0.175154001987299 0.266461740747942 0.0413669012261227 0.0956885435617673 0.270606878922767 0.0109829659465844 0.0851303768446462
0.167072379989624 0.0628354677518367 0.11311798701974 0.00938610726475599 0.141321689414446 0.135090167727961 0.174118649896408 0.19705755093523
0.206017178416841 0.179947813782251 0.0239475724740797 0.063232415336376 0.0977765728919702 0.187594152870277 0.0599730194104313 0.181511274817775
0.18861306362746 0.0600609735717601 0.23412421411038 0.0962223636881145 0.0727845844862299 0.175050313710429 0.0312324723607985 0.141912014444827
0.209024650207103 0.0815357487715657 0.019235270237356 0.144732116936841 0.140157372644232 0.132358793671099 0.148031111307077 0.124924936224726
0.118586036177236 0.169088729091238 0.12314513472189 0.173722528385742 0.0203938152866966 0.0206813535628263 0.190960812801451 0.183421589972919
0.0763669849482663 0.118862253879939 0.206160620034315 0.078315218823055 0.165640721946968 0.203362316797537 0.111367427066675 0.0399244565032435
0.309745749650518 0.0978499247396645 0.172948105192939 0.162502500539426 0.17541226219558 0.0189226937797038 0.0283519997014488 0.0342667642007202
0.159629410894787 0.18561105759911 0.157643036336189 0.213522728462934 0.100557772479765 0.147226035732384 0.0309871178316088 0.00482284066322174
0.131593385927001 0.189701351488158 0.0436209622106008 0.143863686263341 0.155237566110086 0.0409663599597287 0.167672831481176 0.127343856559908
0.0223091523010318 0.042518291678708 0.161858004992401 0.202354439679063 0.129577299762934 0.0807678781910032 0.162886437317339 0.19772849607752
0.156950908649834 0.0544809083734972 0.0755629046587103 0.183958526820892 0.221919927928511 0.14629907929558 0.100309090191109 0.0605186540818663
0.113597852887659 0.21262132119979 0.209661973256466 0.0300818737871984 0.0840943241752034 0.231904580349921 0.0360201195971745 0.0820179547465873
0.131771230814432 0.0536145999627701 0.0752876468642387 0.251187862539831 0.247503976076172 0.0900406205163206 0.0579463072450737 0.0926477559811619
0.0624621085999304 0.145936573381596 0.175569524778396 0.00169555656105763 0.110026780360839 0.109358414827584 0.19562061695085 0.199330424539747
0.159543249858626 0.133009152057393 0.161670861420775 0.0846940575461522 0.165159176544407 0.119209230742088 0.0397088756790038 0.137005396151555
0.175504935460193 0.267786626105868 0.0463450618440391 0.0872865355977644 0.263875291713217 0.037474540270349 0.0272104725589821 0.0945165364495876
0.0552542471865958 0.147048047398873 0.111551484773303 0.058849212509049 0.176621577552869 0.12858143583157 0.164402307865497 0.157691686882242
0.101295180927003 0.190914244653038 0.000304150464551702 0.121638318074574 0.198504615780388 0.266536095720444 0.0494453180080608 0.0713620763719409
0.158383844557616 0.180403506065853 0.0791804958749024 0.0869774528806128 0.142121815041565 0.00499289926130799 0.15405527759429 0.193884708723853
0.0658913086093591 0.201819039859609 0.183804787299354 0.0517263114566376 0.266144626833028 0.0898100165636297 0.133942444126819 0.00686146525156336
0.374190549788589 0.114235246536256 0.0224839988477001 0.00795374247950712 0.0683456031865739 0.107242031374719 0.0564160207820321 0.249132807004623
0.0985901654000316 0.0790460078769975 0.0113840446866579 0.199676312972172 0.201478388839932 0.183430989262096 0.2177341797637 0.00865991119841276
0.0350103525728637 0.128101711130844 0.206310427596143 0.0606137751725132 0.144836202114068 0.134257161106843 0.177025298499418 0.113845071807307
0.12990488656798 0.00868748048755496 0.21323210370093 0.15125203558727 0.130590496217588 0.1355254990866 0.203215267692648 0.027592230659428
0.160142840070591 0.0950055098463274 0.12150162966403 0.0972330068305041 0.0845128347976935 0.178181694480213 0.128687586625882 0.134734897684759
0.0768029655983833 0.170576588130584 0.0325827210455354 0.176292227371492 0.171848646113241 0.143338924501563 0.170018552489186 0.0585393747500158
0.0924448468259299 0.213839735099808 0.169464478682089 0.0883328842495026 0.0857534887218662 0.0321115011726876 0.131151232148389 0.186901833099728
0.198510383332034 0.219099334535594 0.153238578983866 0.169417775842779 0.011350523662116 0.106734459052206 0.00261731504695065 0.139031629544454
0.193738481858007 0.056056085317027 0.158988133898617 0.102176185308748 0.16861925696691 0.0317593600719893 0.0199022836070558 0.268760212971646
0.224468106244977 0.151764583351048 0.196545976547558 0.0797603416264847 0.0636975790949728 0.228979960233523 0.0180675117269814 0.0367159411744543
0.197817977704415 0.0143084870683108 0.054893857395015 0.169200716452453 0.179601023975952 0.105486327750159 0.108370801509265 0.170320808144431
0.246223604282052 0.0388333821244033 0.214902249836882 0.0837099797411115 0.0902844715348537 0.0509021127510037 0.0984245663218158 0.176719633407878
0.0869054353855968 0.143634042507214 0.10477759143137 0.14406675294308 0.132550755810252 0.0539794763604 0.15892512832551 0.175160817236578
0.115110001538107 0.0856924179038715 0.146016601626768 0.107753375338266 0.0824212910393562 0.247051910582402 0.0311569302210573 0.184797471750172
0.179166116148669 0.175674117753941 0.0716075524083418 0.115393293871881 0.0331357280013255 0.167758015532788 0.121410205632592 0.135854970650461
0.190028498710128 0.0517207621038204 0.238443969912647 0.0574109122701985 0.134800399805692 0.193802373273125 0.0307197299689913 0.103073353955397
0.196269797233544 0.081735484864722 0.156870935794683 0.148787868002063 0.12124216541822 0.0323742071728063 0.178142319055031 0.084577222458929
0.131903226615369 0.164792885302489 0.186820300272975 0.145664672641413 0.142885725390559 0.102327606641108 0.102446425773912 0.0231591573621758
0.208449791110349 0.0603435640802835 0.0616461626261948 0.0942664295846942 0.11324439561618 0.244055325605434 0.165116553224416 0.0528777781524486
0.150159709585399 0.131947818031958 0.102342405322933 0.072353198601294 0.156132389498781 0.14346217654782 0.0860554743614804 0.157546828050335
0.172920251566365 0.130459197012994 0.270164253136252 0.208578936848715 0.0251313812857745 0.0177257562213782 0.141140928472656 0.0338792954558645
0.193419766103275 0.0716822868010157 0.194667355597982 0.045072731879081 0.144944357562205 0.059980602199693 0.129082666324614 0.161150233532135
0.140195676794791 0.135755188184462 0.0423838028578134 0.0727552786463646 0.242403816242447 0.0642901774175269 0.157397159291366 0.144818900565229
0.0545041979261199 0.210350363378238 0.0362312402649114 0.0465007205166505 0.184929293448956 0.0548671936735318 0.302566173282659 0.110050817508933
0.0856960157210555 0.0888251604745847 0.122921549562121 0.216989307969201 0.130220579569303 0.208948037005982 0.0270889756484133 0.119310374049339
0.181715583898631 0.0387906339419469 0.0664928879537878 0.2621750820868 0.146704635675298 0.124707664246207 0.111184659804691 0.0682288523926377
0.0324964727111235 0.0695738580818007 0.0961753956382378 0.211172985292275 0.0837845846620279 0.184029647494972 0.246742572870542 0.0760244832490211
0.180360570134476 0.224873708294454 0.033745598908685 0.263360323133243 0.162038783695991 0.0498632935440223 0.0622556280953664 0.0235020941937618
0.0689243866478568 0.141036302103077 0.103179613400198 0.0968778663714111 0.204890954623236 0.135036793129783 0.119497782377658 0.130556301346779
0.220207587333522 0.0567422700680633 0.064880405290372 0.240987216958863 0.158766096033723 0.138976878696387 0.0845469592847533 0.0348925863343163
0.149540162726372 0.244394665889775 0.00122938138581752 0.0272268444742618 0.0695297618275831 0.138554103223594 0.257999677205276 0.11152540326732
0.194970452354804 0.189699754656383 0.0698230545935858 0.127634853037884 0.0921644421351564 0.0840021862651872 0.049409922816822 0.192295334140177
0.116016764018983 0.223224198093172 0.168231392054784 0.117915617205899 0.0647436950416222 0.0759595445605092 0.116886538219063 0.117022250805968
0.0802432468103009 0.121188139726984 0.150668415096404 0.13197703553752 0.00584612948704745 0.163661833785488 0.171440571387542 0.174974628168713
0.223498471890205 0.00344812933780307 0.0929700871466319 0.160095401642515 0.134883839174866 0.15280068463036 0.155615792137514 0.0766875940401046
0.214262673045978 0.0395763220013844 0.20392901304376 0.16208243917468 0.034360541726146 0.228193368183347 0.0945892281070013 0.023006414717703
0.0691965908317779 0.213127337018199 0.0690645688079658 0.137945719130453 0.0198758476354553 0.160039545105139 0.1711136973315 0.15963669413951
0.104407303468121 0.101440633483799 0.19541496651087 0.258968861640732 0.0394946142316634 0.00841530486883553 0.261883956276618 0.029974359519361
0.120961743458159 0.0823345223581519 0.127456674862054 0.227667289458359 0.0785251093416944 0.214292989593621 0.0113867372003536 0.137374933727606
0.121058867136226 0.129187352543837 0.180876446267399 0.162477907980887 0.138596102998899 0.0414530821193461 0.174329141737568 0.052021099215839
0.177995180487262 0.182332602733334 0.050624640352641 0.0439056003173489 0.228733045327047 0.0121786299449292 0.218533079609509 0.0856972212279285
0.206496649276748 0.197536391781775 0.121323831075155 0.152552764827871 0.0841180066950552 0.119826503144433 0.0838744635379432 0.0342713896610192
0.0135342425834156 0.276411244253758 0.0769180659666949 0.118973251004127 0.117626439776825 0.186149911812928 0.0338751388118328 0.176511705790418
0.0838008463305019 0.175291575513687 0.213289293260805 0.0613130767038415 0.139255825197351 0.211135380417881 0.113491609259821 0.0024223933161122
0.0781292204976351 0.265682935825652 0.000939360087510462 0.200741655773686 0.0728757263868335 0.116136589073814 0.045808249507173 0.219686262847697
0.179420902382698 0.119372260157308 0.16750491750982 0.0114113766462148 0.194619218095027 0.135547742280308 0.0562936153944218 0.135829967534202
0.078176830922116 0.0913903239522132 0.218177916273776 0.139272348259325 0.0698325140737838 0.213867874786601 0.104229629210461 0.0850525625217242
0.0832970404006902 0.195197315865062 0.230061972495648 0.0974621702299274 0.0165775122903675 0.0992006986198275 0.120195568377482 0.158007721720996
0.155906508590648 0.211423513427269 0.0622654191542654 0.0307936970548817 0.203526645787009 0.0157143702398771 0.169917274233575 0.150452571512475
0.157452936517941 0.0443733379386798 0.200798813702066 0.131008635222391 0.174703799893192 0.0482216639977869 0.136912070225551 0.106528742502392
0.0863753444844954 0.0620542293634197 0.0614294377516719 0.29978562640878 0.08166161464382 0.0991349515707831 0.193810202690128 0.115748593086902
0.14335570570028 0.0503417374350992 0.0965997227025337 0.192300327269188 0.228224184987344 0.161396673308271 0.123726432040633 0.00405521655665109
0.0993578942514902 0.027028043181169 0.142938560263709 0.0761694779590752 0.19431931625976 0.163073001752513 0.108719956323083 0.1883937500092
0.135306526099922 0.0831721890257223 0.0312299149947337 0.136260441101989 0.038629893404845 0.176363236272322 0.192782593726423 0.206255205374043
0.221588961808857 0.130206373456393 0.0185231257174116 0.119529518097354 0.0386123006609858 0.145938622071073 0.145774618083436 0.179826480104488
0.171791110552013 0.224379299208915 0.0339116806095721 0.0898932977166537 0.0279547030662228 0.165475795028116 0.142058292863389 0.144535820955119
0.0710351738191484 0.0632659367307392 0.187719176887677 0.117183609176589 0.124296836034388 0.198776459714109 0.0591963647866614 0.178526442850688
0.0792920014724186 0.195681622283081 0.171000591549917 0.0642592186814772 0.157749243504368 0.052612800736608 0.0697279600120986 0.209676561760032
0.0897497574768951 0.0354894763090248 0.113222737897247 0.123139933343061 0.130505100823253 0.161228503865875 0.270667839482121 0.0759966508025231
0.158237123384728 0.0588413487063204 0.20064820243369 0.167395850237393 0.00134039783583485 0.19199478279585 0.0601179035329265 0.161424391073256
0.0801610742819606 0.0811272684362691 0.0801272784242694 0.234708525018316 0.16818764113107 0.0363755128020482 0.00385848679687812 0.315454213109189
0.274626379864293 0.143052569603698 0.104176067428735 0.0329347882087853 0.115927944344599 0.0365621967854558 0.0460258843071146 0.246694169457319
0.058724541521677 0.190242342321302 0.165042824349806 0.23493390377505 0.0605023738769792 0.092058194330137 0.0741286034458772 0.124367216379172
0.2251791241608 0.113754748767356 0.218290087223219 0.0452981235796339 0.119091452556459 0.0258157789412518 0.209555708073465 0.0430149766978163
0.0691776547745867 0.116760272311952 0.0839765665596773 0.137444118568004 0.084917712288973 0.172137773056937 0.187298393861253 0.148287508578616
0.189784705901163 0.0217256734871422 0.197111849004038 0.1601501709327 0.246663531244866 0.0765219060451909 0.049621068160833 0.0584210952240663
0.0365303904762697 0.0105216151225351 0.19483140767037 0.142130659902313 0.201879297175151 0.107625191810844 0.196899088540956 0.109582349301561
0.062933686937093 0.190849574042261 0.109326753113691 0.173864637432463 0.146899953584918 0.12817688186934 0.0355313421849756 0.152417170835258
0.184203886665814 0.179792558787417 0.113653775498609 0.0922016910304698 0.180731017193166 0.0798889954093273 0.045287627589457 0.12424044782574
0.0957832347397336 0.0906829496634504 0.183413174216451 0.118083352545366 0.0405550736502072 0.193309890107902 0.123595891967378 0.154576433109512
0.107771401931751 0.00424196476989781 0.115367408149323 0.0245540439463729 0.225190849043091 0.0277090803305267 0.275266547207393 0.219898704621645
0.102602334987764 0.0822875531260343 0.131006441375809 0.117333206786306 0.203106307631447 0.165145105730752 0.124787139479436 0.0737319108824523
0.0198642629304487 0.114388723314295 0.152771592618081 0.20370354589997 0.0260205083958869 0.0547354192396041 0.217087024363933 0.211428923237781
0.0655441334244593 0.088731007261744 0.0841991946370542 0.171559962622258 0.194372847426977 0.190865035338668 0.0531680403727737 0.151559778916067
0.162618207567713 0.0860658171285928 0.0989809182444108 0.0996510007102469 0.114724244845647 0.128207106037783 0.144669498273664 0.165083207191943
0.119712619078198 0.225601295711417 0.221059422266806 0.141564101780369 0.122573379354889 0.00312324681866837 0.0919672530359542 0.0743986819536965
0.0984185476411509 0.228322451841837 0.0315033731659588 0.0408910844045899 0.182664304234545 0.188862195081679 0.0475417076605471 0.181796335969691
0.193615684003464 0.0411095204297821 0.19168244597064 0.203536556565576 0.00181705815163857 0.18639103480968 0.117886674402724 0.0639610256664947
0.050705631733082 0.102451402319102 0.18468525662019 0.0988957392945802 0.212241576087537 0.182563446873999 0.0611718495916124 0.107285097479898
0.279531403808148 0.00422906277025512 0.103004467407817 0.134195295545829 0.0570922242879756 0.315149593150781 0.0293454072688852 0.0774525457603089
0.0735864447427541 0.221114295967312 0.0694053063566283 0.18095958790095 0.176544761874679 0.117915301262139 0.0907960660926698 0.0696782358028688
0.0748172398157575 0.0328229193263703 0.154198135761257 0.164229125818496 0.194020171826877 0.153725682723004 0.162208319302455 0.063978405425785
0.249446266825413 0.0861303857564832 0.218973627470976 0.110382737235585 0.157088130064925 0.128427815352412 0.0336859401198339 0.0158650971743713
0.149263165268241 0.048380683873524 0.0463114184505561 0.214510885498207 0.1373987867761 0.166232152668918 0.124515238021055 0.1133876694434
0.137850139157429 0.134302022536414 0.0293933359093974 0.205115251254281 0.108813697923635 0.0602586023806639 0.252403495661403 0.0718634551767767
0.0535133543200775 0.152176432801704 0.214510405579798 0.0393185591745238 0.0891517612534048 0.201166099982285 0.142692227568128 0.10747115932008
0.182944894534975 0.177420995124839 0.151465831397083 0.00591850915331888 0.193650615813227 0.0728528387969054 0.167074961831512 0.0486713533481399
0.0401666521058614 0.0191605402103739 0.241657518984669 0.216638553575056 0.0397092682629123 0.280669717199692 0.115923039228366 0.0460747104330688
0.0756684560159964 0.0950081853491283 0.00372984408725886 0.0843562913420276 0.265937899889249 0.183697772788777 0.207299567757651 0.0843019827699121
0.0577975917468169 0.121178922539468 0.185597098626021 0.162723250656864 0.0670942542518852 0.166753972457729 0.0882865863787016 0.150568323342513
0.0188501044255173 0.151163263844192 0.0530479380261665 0.0249784665416224 0.307322568277368 0.0788535012325131 0.281120172854715 0.0846639847979057
0.186613312603531 0.169216187481138 0.18210778225652 0.108548872244104 0.00894775023064284 0.03525941167396 0.154970740307839 0.154335943202265
0.115854801499231 0.21581686020212 0.194654833953491 0.0465219788756092 0.0797511225128102 0.0292497689694986 0.177797749938369 0.140352884048871
0.199815358243861 0.1489208105004 0.00806171868151998 0.146382559283661 0.0771633352605229 0.138986929465441 0.119210765801897 0.161458522762697
0.0530027141633499 0.0514904490898292 0.230150408840392 0.130742885336387 0.0726578019346392 0.132087488758768 0.0226181396308794 0.307250112245756
0.106683696301879 0.161291753639579 0.135858244546478 0.0407079385423491 0.163975895525272 0.0686599928212012 0.165227632151069 0.157594846472172
0.258030627417184 0.131580983622562 0.024661807882384 0.0900063791237491 0.144825709736823 0.00617078266082469 0.22471721991485 0.120006489641624
0.168319901865952 0.114393835946946 0.150603475740821 0.115449688475329 0.0293879652040291 0.0888944474164068 0.169188276441648 0.163762408908868
0.15156110879925 0.147113812703373 0.00491171565034574 0.158474970321538 0.164347591473683 0.0899895372236961 0.134852987658985 0.14874827616913
0.0197818568923839 0.149251440480172 0.0795589355153959 0.109414041786804 0.164506496210409 0.162581913794076 0.121303209261434 0.193602106059326
0.1646358749775 0.0971735395834352 0.0623665416506133 0.000390911344028776 0.112239325896278 0.211022510123308 0.146703113949539 0.205468182475298
0.051985997354218 0.205487118537461 0.19434755946961 0.230958789679598 0.208916792598324 0.0381642170548673 0.0394088285514704 0.0307306967544521
0.0939931756015712 0.0792786678226425 0.152021825271717 0.224248830524672 0.0870020331659242 0.166360562345378 0.0512723511186981 0.145822554149396
0.0775602339054967 0.105951990950374 0.0981253042482862 0.0986060573075493 0.00506484418117634 0.258741742156461 0.10233037124936 0.253619456001295
0.162128533057471 0.0371405692923328 0.0219720562653351 0.154508078790975 0.136903210243913 0.0294214456287005 0.272367106222179 0.185559000499094
0.047339799495396 0.196806370405962 0.0422882919986895 0.10044759079054 0.0626336802496344 0.177003076038243 0.159420387974403 0.214060803047132
0.0101061043595108 0.10477155530082 0.0716841388873581 0.19438598431972 0.0697676171549309 0.240816635956367 0.149079281736836 0.159388682284457
0.202079265784832 0.138956706631012 0.0554149309939279 0.135115486855588 0.0307040275813235 0.161365537128639 0.203554610977761 0.0728094340469172
0.134173271767938 0.283981706044149 0.0611291036997322 0.185176113263749 0.0530726497242868 0.000752253755494976 0.274974694285339 0.00674020745931126
0.00467280610623906 0.198778250796773 0.0470368426002045 0.0786389993921389 0.0575534037644862 0.120770361578746 0.252231226055176 0.240318109706237
0.171699321649992 0.0316441314101688 0.0797423480988573 0.0895202302225679 0.0880280722729498 0.176122921657324 0.158434385250348 0.204808589437792
0.1122293365994 0.140456902475446 0.0147152615417983 0.077298671243823 0.171614008791435 0.189842043856113 0.129451827790014 0.164391947701971
0.0752356872435236 0.0575685069375654 0.208523906804397 0.131194179890789 0.0328928643832198 0.219957502165868 0.0937253921026262 0.180901960472011
0.24486210914724 0.0928246579154009 0.00270935170698509 0.0867388523880833 0.116791512492195 0.136153017977813 0.259285164242782 0.0606353341295006
0.20213558656207 0.0855021793015173 0.180944281847268 0.110338943476215 0.0908115911044375 0.0678949577812994 0.110771090857982 0.151601369069209
0.0892947704228762 0.271710062233107 0.247861440753597 0.11727857443213 0.0828008267716888 0.0517554234737578 0.0227611385736222 0.116537763339221
0.0621488223634467 0.190161738156329 0.210497878740009 0.154392474511135 0.0138454815007751 0.146784851037198 0.105654175375718 0.11651457831539
