0.335241584668132 0.156964616806171 0.283323859574526 0.224469938951171
0.216041888158756 0.256641160408147 0.0921555348281085 0.435161416604989
0.317682568432631 0.178932235061285 0.24210565609682 0.261279540409265
0.346739059941534 0.146318553687489 0.148399987645058 0.358542398725919
0.0557026442804683 0.32761004210774 0.536182337622443 0.0805049759893487
0.128665541403342 0.184832735498896 0.329752553076378 0.356749170021385
0.419872745115595 0.0579424960411722 0.265322431034847 0.256862327808386
0.124987876613801 0.310945284794562 0.271549032742771 0.292517805848866
0.21148384147455 0.296547496782538 0.304862421267355 0.187106240475557
0.00486429961662411 0.013317098307243 0.510442389936806 0.471376212139327
0.360472995727218 0.0661246146032695 0.360036231633203 0.213366158036309
0.780234043939372 0.0235338690663297 0.168954044453566 0.0272780425407332
0.202336176002077 0.377261311734982 0.0772237587990495 0.343178753463892
0.301733424319931 0.317028061374531 0.172189372152928 0.209049142152609
0.595598975782784 0.111389071270038 0.263959203942034 0.0290527490051433
0.281988798557763 0.173912431299012 0.291775874153123 0.252322895990102
0.288963112480159 0.249852912666071 0.307878031529444 0.153305943324326
0.297065334425321 0.240050924550707 0.191135946146119 0.271747794877853
0.451582352303305 0.1396116260687 0.388603816445191 0.0202022051828045
0.343422201011325 0.121728891704597 0.0508165249935182 0.48403238229056
0.225167438680051 0.221292485793657 0.269343343402776 0.284196732123516
0.275828008415775 0.086861394719666 0.248337345087946 0.388973251776612
0.411478908871833 0.421800197422287 0.0334131275055587 0.13330776620032
0.27908037484465 0.336059483188971 0.105439323032517 0.279420818933862
0.425603874769444 0.18538377221427 0.156377556091798 0.232634796924488
0.0842844013074248 0.408554556218837 0.457703440812227 0.0494576016615109
0.480829980850275 0.089149283542422 0.153089327568111 0.276931408039192
0.0137566607405014 0.24720928126403 0.335362587002652 0.403671470992816
0.268312036898163 0.122288044634131 0.242238177068507 0.367161741399199
0.427409648430341 0.321208998497772 0.0464752979320116 0.204906055139876
0.137607262110048 0.211604428686578 0.325210534741351 0.325577774462023
0.484044920145098 0.121699103373698 0.201376360258472 0.192879616222732
0.0919890316233192 0.00472883417985302 0.248366516765699 0.654915617431129
0.214608211967708 0.292881296680717 0.238591668911444 0.253918822440131
0.363127222564141 0.282704926079691 0.249668695632511 0.104499155723657
0.48457458621462 0.285038712757088 0.0248801166474902 0.205506584380802
0.370703777227842 0.0918496738086856 0.269665597708152 0.26778095125532
0.334155575606086 0.210547599627455 0.374442838305192 0.0808539864612674
0.108415279333271 0.458687841357453 0.384944073553443 0.0479528057558328
0.2882760657493 0.26653844428322 0.31045192135608 0.1347335686114
0.00512954340384413 0.0144221142913829 0.671549387964555 0.308898954340218
0.165254227685129 0.325561709851628 0.117758074196231 0.391425988267011
0.177454357327358 0.371178669809929 0.117134718776079 0.334232254086634
0.0106401775666886 0.336212486420264 0.334327324713744 0.318820011299304
0.402229935368092 0.329885672271257 0.266769149888579 0.0011152424720717
0.0117545657657988 0.400496369983609 0.272393757061218 0.315355307189374
0.0897881930192142 0.182169537640862 0.664710701765643 0.0633315675742812
0.156733897764744 0.258520498234383 0.236428250655584 0.348317353345289
0.489601815043645 0.295146335216936 0.0255619598780385 0.189689889861381
0.257016056028206 0.318876871864915 0.279085787301057 0.145021284805823
0.31816790936803 0.00703231205805201 0.359879923797932 0.314919854775986
0.316446983678431 0.432203146363442 0.0974404623376065 0.15390940762052
0.304003056022315 0.0448241485427453 0.235141205391475 0.416031590043465
0.204136711882465 0.0472154804033434 0.645279128961167 0.103368678753025
0.0265112542362925 0.172743381760615 0.22400508063843 0.576740283364662
0.175512937236531 0.254263862708426 0.380124090029921 0.190099110025122
0.188960195673461 0.0651530033717957 0.174638405578258 0.571248395376486
0.248662770055703 0.319673480419653 0.154607885499952 0.277055864024692
0.328604851267656 0.177169553172686 0.107520446576914 0.386705148982744
0.162364191680287 0.436042476422193 0.160229324914109 0.241364006983411
0.389465563953751 0.0720017341931577 0.16675923361109 0.371773468242002
0.189788680100407 0.0282614076382657 0.129834762471395 0.652115149789933
0.329443684616314 0.229867819937954 0.25269301721228 0.187995478233452
0.372622700663544 0.150026302725218 0.381949811054951 0.0954011855562864
0.065212917504414 0.40795334511027 0.327962884758524 0.198870852626792
0.489329566152324 0.117093117752619 0.322609158867354 0.0709681572277028
0.0140051221925051 0.494727975983566 0.288689192901114 0.202577708922814
0.0877759181253608 0.381828744696095 0.348119170908455 0.182276166270089
0.630729681995266 0.271156540851863 0.0231596956554066 0.0749540814974639
0.0538809127732117 0.261087542268572 0.386238632346848 0.298792912611368
0.281410815520014 0.293231116987443 0.233462640561134 0.191895426931409
0.323659595100535 0.343409077030247 0.269583475412115 0.0633478524571036
0.34896277791039 0.0591832975269243 0.382890403418218 0.208963521144468
0.161530838020019 0.259724269211228 0.17873851071309 0.400006382055663
0.269584884479394 0.335579329751853 0.0649819229613843 0.32985386280737
0.364549750660844 0.544646551843793 0.00467842907964893 0.0861252684157144
0.393610305494092 0.0203875302280999 0.192821716389699 0.393180447888109
0.449937120935987 0.0916863607697305 0.241319338152802 0.217057180141481
0.401148392747005 0.0396029048272113 0.33499218246469 0.224256519961094
0.312747839263252 0.130281143299902 0.304332310203631 0.252638707233215
0.311577051795571 0.431406607434366 0.103894926694313 0.15312141407575
0.145889526759146 0.187455246754557 0.358626873142979 0.308028353343318
0.141672760596578 0.444747101424174 0.102947944076797 0.31063219390245
0.321283100152359 0.14692339071807 0.264579610675194 0.267213898454376
0.333358661928761 0.107952037669257 0.499060451302524 0.0596288490994578
0.427175378146944 0.0284063957876651 0.268913058479013 0.275505167586377
0.261506879847624 0.23031229039205 0.215206535291347 0.292974294468979
0.134287192592442 0.446411013952731 0.22636744452216 0.192934348932668
0.306185550385592 0.276466283368644 0.152350095137674 0.26499807110809
0.309236827478459 0.262841010403392 0.235911288637055 0.192010873481094
0.271895764913054 0.268838187880232 0.195513641651029 0.263752405555685
0.327031933566098 0.21754046557388 0.213963439254043 0.24146416160598
0.0854818157542008 0.377576229473726 0.266793055431154 0.27014889934092
0.0497855945699539 0.340555628942429 0.285209728475809 0.324449048011809
0.187640376058083 0.369703488622931 0.0581863300958892 0.384469805223097
0.216701764496115 0.270097451418719 0.271757094602953 0.241443689482213
0.0387772690469909 0.450973433996432 0.342318173773457 0.16793112318312
0.0485937350391832 0.415559699684821 0.0257903655740232 0.510056199701972
0.705221719328337 0.075194548170031 0.0131827924787062 0.206400940022926
0.332858611819503 0.320275110345757 0.223076284759636 0.123789993075104
0.252037449507483 0.245325341295566 0.417280307156742 0.085356902040209
0.105201089448822 0.179946209315047 0.0405002760367246 0.674352425199406
0.0149367981778989 0.0132754837873371 0.395859290425431 0.575928427609333
0.143590688487269 0.35487966578888 0.34645395785856 0.155075687865291
0.0906027992916438 0.412053510597598 0.140970647863501 0.356373042247257
0.268383024771512 0.329833531858334 0.125737530071022 0.276045913299132
0.348126208871466 0.349909662790061 0.0470580828824449 0.254906045456028
0.295892981626912 0.0247421210465025 0.281922165913797 0.397442731412789
0.038425906302172 0.143806921519522 0.427477882926798 0.390289289251509
0.107635848496893 0.590028730736989 0.161250024707994 0.141085396058124
0.0751465688312638 0.207484145889784 0.328595374322023 0.388773910956929
0.312692605999462 0.131599209690672 0.162849911588027 0.392858272721839
0.147517001747881 0.640475418006268 0.151226612817983 0.0607809674278681
0.216298724523069 0.190917424682422 0.303590614358749 0.28919323643576
0.264522986708898 0.0579564168131531 0.355869025351854 0.321651571126095
0.384118161967501 0.0852742999952076 0.0587684141016084 0.471839123935683
0.32211504575304 0.0776055508192521 0.412731233218519 0.187548170209188
0.173196980193696 0.105049150239768 0.146441537826407 0.575312331740129
0.187255938188247 0.197884356351011 0.289845907804817 0.325013797655925
0.316677766848292 0.229153423334025 0.255088014834391 0.199080794983293
0.632707975169419 0.00208867926856821 0.210008210234934 0.155195135327078
0.326589603208903 0.174500252443616 0.410784935079204 0.0881252092682766
0.0580214158821245 0.285486627902383 0.323035981465002 0.33345597475049
0.395804895887171 0.282799489460816 0.00492774205469787 0.316467872597315
0.512462376024819 0.121680708261372 0.145054646669815 0.220802269043993
0.260091371511782 0.411940428225634 0.203579938582084 0.1243882616805
0.0667394099019283 0.25553249336636 0.295481722519203 0.382246374212509
0.433245309181054 0.163334849297739 0.304275140543797 0.099144700977411
0.165082113613393 0.530485315352692 0.0414397450853403 0.262992825948574
0.111779344387471 0.31702064516485 0.307435354230957 0.263764656216721
0.282647154694913 0.284633985587863 0.179166217644858 0.253552642072365
0.140343038511528 0.327756660735459 0.340808488769355 0.191091811983659
0.309758409960153 0.401257489185878 0.187337613750447 0.101646487103522
0.353294570025428 0.133964712831462 0.238906282248308 0.273834434894802
0.325995658367525 0.154657384124469 0.286611899313624 0.232735058194382
0.302582163702339 0.395139872008292 0.283187128029928 0.019090836259441
0.0960954211725184 0.115037674574882 0.464145375503196 0.324721528749403
0.505696510107796 0.0301330842801306 0.0747544973521036 0.38941590825997
0.400565861411203 0.111041367773161 0.443060361004739 0.0453324098108972
0.395954383096748 0.176983247102553 0.0732364821628071 0.353825887637892
0.120234464905768 0.511602774021844 0.229228648340279 0.138934112732109
0.392798125183632 0.344795195568301 0.18197161354225 0.0804350657058171
0.254286542070517 0.113843083576783 0.248441120872397 0.383429253480303
0.456068480752879 0.176668142661297 0.0751927370558029 0.292070639530022
0.157992646300068 0.18742846253957 0.52446140282982 0.130117488330542
0.181578097602745 0.565783400968661 0.151409426514276 0.101229074914318
0.59671261712946 0.235666187030127 0.0655997116813824 0.102021484159031
0.104317611004045 0.229458815994074 0.470125000584183 0.196098572417699
0.315516620896295 0.239694900426019 0.240922894129493 0.203865584548194
0.341164982578049 0.272572301208554 0.000518200127202347 0.385744516086195
0.127155135110305 0.176390255179349 0.388878025200683 0.307576584509662
0.0142254109539893 0.330928960326926 0.338888188809383 0.315957439909702
0.0625517210844727 0.240949306545543 0.473190358233606 0.223308614136378
0.263492820740652 0.383123243896688 0.192923956689692 0.160459978672968
0.397317162462926 0.35526139632624 0.0484117112426146 0.199009729968219
0.202260056849664 0.166801189775607 0.372874282767335 0.258064470607394
0.292130353046953 0.289874546626948 0.142850682056569 0.275144418269529
0.0538709512375873 0.40681913121999 0.488443429608855 0.0508664879335677
0.431339543388482 0.000852431019816281 0.1741424431682 0.393665582423501
0.317968754962423 0.0406121968997115 0.228487687294423 0.412931360843442
0.18570978554051 0.449930495466042 0.197176800322065 0.167182918671383
0.157867305255771 0.155108594651072 0.492725949976502 0.194298150116655
0.285440994912402 0.33410728841064 0.067268222129443 0.313183494547515
0.245732007443382 0.0638273911911489 0.291295357807002 0.399145243558468
0.30442292879594 0.288829474130557 0.360795867160865 0.0459517299126383
0.118821177912193 0.200601693562845 0.304866231024627 0.375710897500336
0.155584661803288 0.144912389105313 0.334517306660568 0.36498564243083
0.266395123848151 0.209953762206655 0.27099599112763 0.252655122817564
0.548641721495378 0.350194652523784 0.0641903062581906 0.0369733197226475
0.351838159884481 0.124051787181825 0.140973459167854 0.38313659376584
0.298064949923557 0.187555467505718 0.183740734145365 0.33063884842536
0.0258059656616878 0.252450178288083 0.339749705669849 0.38199415038038
0.215171236183814 0.246008270758226 0.326837121447913 0.211983371610048
0.133495540227251 0.0767176033403634 0.478670473121188 0.311116383311198
0.252545569222648 0.184595750549079 0.282614739910665 0.280243940317608
0.00604247754604651 0.323287225534327 0.457877633527613 0.212792663392013
0.0617272228913384 0.416379368584666 0.415115934116396 0.1067774744076
0.462656549706655 0.191292735644832 0.0339377259631168 0.312112988685396
0.0159151848903316 0.202743699445419 0.532836820577883 0.248504295086367
0.300723792978223 0.263472620362571 0.187457327193315 0.248346259465892
0.360431478338081 0.357562703012574 0.21767931175853 0.0643265068908141
0.148535170724082 0.213393288248551 0.367295439365301 0.270776101662066
0.256348319521077 0.310865006421802 0.327430591711275 0.105356082345846
0.126568347944021 0.17568329984703 0.581178972890256 0.116569379318693
0.172981204617176 0.527318663739294 0.116770399431563 0.182929732211968
0.280335267439617 0.176652362978993 0.28248610460216 0.26052626497923
0.476988075145449 0.0381072315961258 0.318216846894297 0.166687846364128
0.0305934375408408 0.165176360993403 0.46191423737939 0.342315964086365
0.373897532626355 0.181857076686376 0.321143190164551 0.123102200522718
0.187205190607266 0.154864118161537 0.55691315497591 0.101017536255286
0.211166965376895 0.195548405225362 0.0376145754008098 0.555670053996932
0.262562746243836 0.114321944526248 0.311376149340399 0.311739159889517
0.462766214278129 0.384411581883226 0.0498487372965028 0.102973466542142
0.205820827939724 0.286497594804412 0.215115234117052 0.292566343138812
0.231746700915223 0.0629812884494275 0.449687851444627 0.255584159190722
0.463534704025154 0.0506928542262281 0.405668386858649 0.0801040548899688
0.154112228019207 0.236112110552184 0.27537497551068 0.334400685917928
0.314623791832549 0.184224288818922 0.163442316347683 0.337709603000845
0.432333585768443 0.0996044555698192 0.453943774357981 0.0141181843037566
0.302590304406425 0.176857968377333 0.300933640460587 0.219618086755654
0.229953933225696 0.349853052369727 0.011880989651399 0.408312024753178
0.189576437057492 0.252489276989162 0.242804836878173 0.315129449075173
0.171838729486648 0.200315751294168 0.338290529580176 0.289554989639008
0.0402774343728142 0.434913611691452 0.0302173015268359 0.494591652408898
0.031541504867506 0.242626580076277 0.4977834307599 0.228048484296318
0.128128043497898 0.302118523010251 0.248710845361422 0.32104258813043
0.280267381787526 0.130008163595285 0.00866115254176347 0.581063302075426
0.669897715718893 0.0677515928345816 0.197367473815989 0.064983217630537
0.282810509361971 0.217744843049464 0.32310225741939 0.176342390169175
0.281006008495591 0.111781164983603 0.286225234910646 0.32098759161016
0.311111852014981 0.572234582143701 0.0199520761353705 0.0967014897059479
0.212560330487943 0.351724488165482 0.00266829989311269 0.433046881453462
0.194184038377437 0.132778518104736 0.0920955640449325 0.580941879472895
0.259791872185396 0.373775745919562 0.302231315469642 0.0642010664254
0.381686896463916 0.500809747659101 0.0882899651480461 0.0292133907289365
0.044810256310248 0.425285693839152 0.00779546864820092 0.522108581202399
0.218766287098926 0.25342913312959 0.254201820012406 0.273602759759078
0.212698612787697 0.219495599116768 0.148278634222105 0.41952715387343
0.0987932218826033 0.322829551506036 0.273037521603988 0.305339705007372
0.282971491094655 0.0446431555293998 0.0756434645320101 0.596741888843936
0.413451322453294 0.305004163415803 0.0555928579119264 0.225951656218977
0.031886719514155 0.128278091941768 0.576911454158784 0.262923734385293
0.161333544320776 0.35854819343484 0.390973182093245 0.0891450801511391
0.15648647729233 0.0195965097716138 0.484424518051163 0.339492494884893
0.109073351023103 0.30777884341696 0.304630014162929 0.278517791397008
0.197181590409029 0.357427839565644 0.168457914755079 0.276932655270248
0.313735140889451 0.0819863168221244 0.334090439705236 0.270188102583189
0.206488128328543 0.548182544198715 0.133311696897399 0.112017630575343
0.349027613148085 0.382886659978865 0.0195360416931986 0.248549685179852
0.0735949555153652 0.440279647676181 0.407068715576051 0.0790566812324032
0.19512639768128 0.111279925451551 0.314961457222683 0.378632219644485
0.175537535727972 0.250243377443125 0.30197299797063 0.272246088858272
0.13592713938513 0.321503142645274 0.136828897034211 0.405740820935385
0.0983027199424636 0.140088716248565 0.344416261882869 0.417192301926102
0.141665306210922 0.347548197870201 0.298887041185018 0.211899454733859
0.0802602233511547 0.040909403446165 0.434220288875989 0.444610084326691
0.0231399072548561 0.128918102084293 0.732947732794566 0.114994257866285
0.233709358922687 0.17965031678634 0.294604502857972 0.292035821433001
0.0267152772101385 0.0817360577892133 0.226254298708078 0.66529436629257
0.320578611684231 0.515451961228054 0.0334043434366645 0.130565083651051
0.275279208406087 0.28537836313445 0.135716343438337 0.303626085021125
0.198653020742179 0.309967342959179 0.18984028153895 0.301539354759692
0.121576328481926 0.241184846891963 0.323683628446295 0.313555196179815
0.107200191871655 0.379732950024861 0.461719767614468 0.0513470904890157
0.129715416620053 0.235306119098015 0.268618909488358 0.366359554793575
0.0251195000634506 0.0663899801206289 0.453721440294316 0.454769079521604
0.289898074779934 0.00994858512609218 0.40770039782083 0.292452942273143
0.353081714944192 0.288630544318121 0.262789355030906 0.095498385706781
0.108823300213757 0.170003259570717 0.437617188631872 0.283556251583653
0.0378798573419711 0.462694677443287 0.169632017408702 0.32979344780604
0.116234094263838 0.313665525594512 0.238272217430614 0.331828162711036
0.312575497126065 0.0499129232375941 0.312464339739589 0.325047239896752
0.395168056944781 0.0295962667978763 0.202202843420306 0.373032832837037
0.466868193107206 0.0841857099784103 0.140489906596218 0.308456190318165
0.381949694391792 0.0995508727706328 0.366921754561644 0.151577678275931
0.137498312673084 0.213923581675842 0.0956178939810265 0.552960211670048
0.315058612915706 0.0308803913241712 0.153173573859282 0.50088742190084
0.331043511668313 0.166452253066687 0.0524878739963301 0.45001636126867
0.337090491104245 0.189163546816338 0.135991874994962 0.337754087084455
0.316910763395052 0.193044329366133 0.117282003343497 0.372762903895318
0.302082255741523 0.171647984596571 0.301438197798083 0.224831561863822
0.718275259428875 0.0126363753853344 0.192211423250157 0.0768769419356328
0.364284670086217 0.299786746407095 0.0960713728543968 0.239857210652292
0.0052602016187052 0.256857971025357 0.425739966172305 0.312141861183633
0.290663428049298 0.138322739699229 0.341827431328365 0.229186400923108
0.346252356826835 0.0720064585804669 0.225448450686037 0.356292733906661
0.371581687430278 0.413388079243625 0.120201523606716 0.0948287097193812
0.420402617259108 0.419907912771163 0.135709479056501 0.0239799909132276
0.530032198131498 0.106942371030904 0.0299480933345951 0.333077337503002
0.286501666600776 0.323303734496514 0.275878013939894 0.114316584962817
0.295973445309854 0.173693639481581 0.11118074698654 0.419152168222024
0.0567181503930948 0.238549087160201 0.365191892788389 0.339540869658316
0.214996199714018 0.190688986633077 0.0301091275944483 0.564205686058456
0.123163121727701 0.412956507155251 0.234105216595091 0.229775154521958
0.336661494647617 0.0796682459117231 0.218077018222058 0.365593241218602
0.113509778394073 0.311524944364768 0.184956169242212 0.390009107998947
0.374032318084885 0.0405279498359136 0.147062778446565 0.438376953632636
0.625935021531345 0.118360647259691 0.0226263074008482 0.233078023808116
0.34453364006463 0.0829911015375293 0.326813765579435 0.245661492818406
0.174850393683172 0.283276805930681 0.297007016345502 0.244865784040645
0.195386369261224 0.216751987038688 0.263611338298143 0.324250305401945
0.357068367535194 0.490492803568213 0.130266041979918 0.0221727869166752
0.387644398349795 0.262914055583745 0.139416960864413 0.210024585202047
0.413768518603068 0.0998989298975548 0.387057752642202 0.0992747988571752
0.309543270501051 0.14521022634326 0.325449374658383 0.219797128497306
0.317960237041031 0.259019832463698 0.189786416857175 0.233233513638096
0.183402218005849 0.350023658387702 0.151177691540131 0.315396432066319
0.151247258457172 0.368977646241234 0.469943009227092 0.00983208607450222
0.165001020917686 0.294447798009497 0.206773934605082 0.333777246467735
0.253410892926847 0.077481316313396 0.101090685452864 0.568017105306893
0.579334612561198 0.221744467798944 0.0461754856708399 0.152745433969018
0.185309015197641 0.300545681462631 0.0125895576252246 0.501555745714503
0.024510800533252 0.469863133265594 0.12557866129531 0.380047404905844
0.10468589577534 0.0913227915970825 0.365996354992288 0.437994957635289
0.452250729652128 0.320697044716265 0.17539754961167 0.0516546760199368
0.0591240366926614 0.0555474762324168 0.551478722995455 0.333849764079466
0.428462340444186 0.10599399756235 0.311379205537661 0.154164456455803
0.458385442847521 0.0390105322973101 0.273362748570891 0.229241276284278
0.346462061395404 0.19882350441689 0.415996838046365 0.0387175961413407
0.52288379180781 0.00669740320827791 0.194800739095758 0.275618065888154
0.420574403336886 0.20195511604122 0.0971963884011034 0.280274092220791
0.381520014636266 0.236946233791822 0.080553005439626 0.300980746132286
0.264504928456697 0.375626692326647 0.275975234679391 0.0838931445372648
0.0380550279343235 0.323784772896415 0.214144579470091 0.424015619699171
0.261834162141541 0.219349890171864 0.207555928622932 0.311260019063663
0.0989746898669584 0.00708656303802231 0.429864318960235 0.464074428134784
0.0447706988016832 0.502657006577884 0.0562996199200972 0.396272674700335
0.164728454380206 0.367571805805009 0.352540846570119 0.115158893244666
0.156860490279758 0.405363441641866 0.0677799874088801 0.369996080669496
0.15509700734573 0.475179841724364 0.287325268947515 0.0823978819823916
0.0209332458239761 0.55489082290433 0.191466208386444 0.23270972288525
0.464876457529658 0.066732875212442 0.29290125016431 0.17548941709359
0.418667184746663 0.422191171263431 0.127602836000211 0.0315388079896952
0.210336793746461 0.267017810119983 0.339415788939892 0.183229607193664
0.149728019838033 0.0338233178880777 0.404858102745722 0.411590559528168
0.209388247054574 0.203522218964852 0.352514970880546 0.234574563100027
0.144710025552103 0.0101046542976996 0.317683120028346 0.527502200121852
0.0546186327541542 0.360906219851366 0.148686507413381 0.435788639981098
0.258801049655068 0.0476359193611819 0.322579506798946 0.370983524184804
0.0365680870172055 0.319076586233726 0.112340633716591 0.532014693032477
0.186455465990299 0.377453292962218 0.414553882309544 0.0215373587379384
0.153461892532805 0.443143556716041 0.257808044145582 0.145586506605572
0.175341195197185 0.271569878024469 0.339674691495118 0.213414235283228
0.208669253975381 0.0945108387824533 0.347745439797976 0.349074467444189
0.0332166140848673 0.316044953326469 0.348371769004579 0.302366663584086
0.1679169906366 0.049121278237938 0.399414397449543 0.383547333675919
0.144258882590076 0.413215972698542 0.221340018383301 0.221185126328081
0.123527787045063 0.397735927989221 0.146020479356326 0.33271580560939
0.128226038224071 0.330564967086896 0.282693003085825 0.258515991603208
0.0622285552016471 0.329862733545941 0.289437728976259 0.318470982276154
0.0963982384691827 0.0203282422617511 0.400650349840139 0.482623169428927
0.194109272100725 0.303017446116579 0.226565733993627 0.276307547789069
0.168411447213547 0.138788078187385 0.197794152221034 0.495006322378034
0.281718500213433 0.339640952357907 0.0117233823263144 0.366917165102346
0.345757034040905 0.401527423542082 0.0523762312317767 0.200339311185237
0.460111405526732 0.174202228328605 0.332719660647963 0.0329667054967001
0.255474769383644 0.353120124373477 0.0441418651337903 0.347263241109089
0.324876278495394 0.0831545344129114 0.335599062548487 0.256370124543208
0.012734027965103 0.307871771202735 0.192290983661316 0.487103217170846
0.564488023321358 0.264938392873528 0.0296087784057241 0.14096480539939
0.170253160801986 0.180197629525127 0.380278065606709 0.269271144066178
0.0259369384239629 0.339609088904304 0.293973743683081 0.340480228988652
0.109709565181258 0.413814293476949 0.276237310989003 0.200238830352789
0.278212867862703 0.390598894925965 0.294604796206787 0.0365834410045455
0.225138564814109 0.261565257100117 0.403352630528261 0.109943547557513
0.594962513189242 0.151985603102655 0.115352458480646 0.137699425227457
0.435048269957491 0.0860814950254214 0.39983623604905 0.0790339989680374
0.359042035130914 0.4270270974496 0.186923103997464 0.027007763422021
0.696093981225935 0.0932618152231014 0.169118818652451 0.0415253848985126
0.429650954469129 0.0438637120650264 0.0988735730468977 0.427611760418947
0.050707105102682 0.304180399004423 0.352627188388111 0.292485307504785
0.255222657692054 0.463785598709412 0.0528407762452843 0.228150967353249
0.11186710848358 0.152327362938826 0.344892036460933 0.39091349211666
0.250929528400173 0.498119300067877 0.120857447027795 0.130093724504155
0.362891304580881 0.0322981995908162 0.317929527607362 0.286880968220941
0.28608185217686 0.297597522070287 0.271631200750971 0.144689425001881
0.398020460784129 0.0820315078553692 0.0641326308304776 0.455815400530024
0.153396240031984 0.503952017190422 0.251620128719793 0.091031614057802
0.186603505778115 0.289307111504806 0.265630806343871 0.258458576373208
0.042893100230613 0.449078627933837 0.296600580204432 0.211427691631118
0.0508907673706342 0.0965233818128802 0.350808779280011 0.501777071536474
0.422967153978692 0.191372000516973 0.013871605401818 0.371789240102518
0.240470143235445 0.301198055569264 0.330061710437966 0.128270090757325
0.116277062323711 0.347018311848434 0.136723911866444 0.399980713961411
0.327094393906153 0.0806909547791609 0.338475551816546 0.253739099498141
0.439835133332833 0.295739338661965 0.214682019450279 0.0497435085549236
0.178024468943092 0.263126435634549 0.0621835751207165 0.496665520301643
0.351097999014404 0.187677031960681 0.214026348958135 0.24719862006678
0.329315263489436 0.287040928222763 0.18844952293752 0.195194285350281
0.109928269555007 0.331030802771114 0.464492018281848 0.0945489093920309
0.104917859092257 0.108073705546677 0.524423926597838 0.262584508763228
0.358888112233309 0.236736411320032 0.388685394011615 0.0156900824350433
0.25418390672136 0.124842473656065 0.169895812326958 0.451077807295617
0.367158151387466 0.368575154494014 0.251272793203388 0.012993900915132
0.196398819107952 0.367072966476401 0.152485905010531 0.284042309405117
0.357554795927226 0.252635251146528 0.0954681086354795 0.294341844290766
0.122817668997367 0.525651830517674 0.297794607901844 0.053735892583115
0.357691795933217 0.137594516552728 0.268474800345218 0.236238887168837
0.14720083396364 0.305471044108924 0.2672937450621 0.280034376865337
0.387337009417199 0.295178022378595 0.0968003734518861 0.22068459475232
0.00158991759066661 0.486156485776684 0.104327294195605 0.407926302437045
0.0613240990030505 0.413870285665947 0.0916689415222112 0.433136673808791
0.239024745871547 0.379929486757322 0.261905029928216 0.119140737442914
0.386678187732052 0.123521733762899 0.0409440262935078 0.448856052211541
0.384225080100755 0.0644516493618067 0.397614537806354 0.153708732731085
0.0827529108993758 0.262360775304633 0.390852816028169 0.264033497767822
0.378001038385935 0.0682733777176177 0.30324116250921 0.250484421387237
0.0198424157128068 0.264707007741482 0.385432472273185 0.330018104272527
0.0754523040059405 0.284345756843102 0.431397641346923 0.208804297804035
0.121522817552413 0.478645610764474 0.152006743037977 0.247824828645136
0.388004211259969 0.234336519754263 0.34495007099994 0.0327091979858278
0.0342712272709777 0.285304344108528 0.193957580910278 0.486466847710216
0.177391135821225 0.253797415205715 0.239268298075729 0.329543150897331
0.00688590358372059 0.613513590002036 0.164839394951471 0.214761111462773
0.0462774934111259 0.170668126258631 0.138013170557876 0.645041209772368
0.105782309370762 0.305683870835421 0.296543984282166 0.291989835511651
0.0129285347619224 0.200091241671349 0.435847300900959 0.35113292266577
0.342489652204801 0.140680169723867 0.348887218623375 0.167942959447957
0.151768209841881 0.256939814184115 0.22902992904181 0.362262046932194
0.36207440957572 0.0871165884139345 0.216606649235497 0.334202352774849
0.0189339980179892 0.28839836574443 0.193861390563979 0.498806245673601
0.219487914894021 0.28038150208119 0.178189368563086 0.321941214461703
0.156125860336105 0.230006413086355 0.420933885606578 0.192933840970962
0.319246467691545 0.129368900759776 0.275018541880736 0.276366089667943
0.0918603415697823 0.435715911738858 0.316936370740254 0.155487375951106
0.069191067064192 0.450516375045458 0.141299593733023 0.338992964157327
0.315162678580076 0.306183249271182 0.298993158630188 0.0796609135185544
0.0550006610302071 0.33551803143038 0.391959946669451 0.217521360869962
0.216990547172127 0.315001302121146 0.111775662978507 0.356232487728219
0.34355330796297 0.295432764169495 0.0826234304994391 0.278390497368096
0.326512519025417 0.215646107235358 0.250113153818955 0.207728219920271
0.0793521384047308 0.371185129170714 0.153355381343473 0.396107351081083
0.142479855172683 0.322376201417207 0.205189299321898 0.329954644088212
0.0250808720591503 0.215357183206342 0.29711999033813 0.462441954396377
0.289720267220324 0.198265486180644 0.327474258128414 0.184539988470617
0.174283488208024 0.16798116754382 0.402912452871672 0.254822891376484
0.260555047383035 0.336908629157562 0.201601871829765 0.200934451629638
0.237285019555246 0.0156145561588848 0.329170996455938 0.417929427829931
0.351923888907496 0.236132829401883 0.0763553278145917 0.33558795387603
0.19631769068014 0.215676599271189 0.351787189587546 0.236218520461126
0.222711043972335 0.147920397860751 0.390176502290734 0.239192055876179
0.384559680189531 0.443395793181274 0.0880663417546577 0.0839781848745378
0.191160971420036 0.163640064696115 0.230168391107627 0.415030572776222
0.376946941416036 0.347596885751586 0.194913755880323 0.0805424169520544
0.1804034309712 0.229550323246083 0.416066170670232 0.173980075112485
0.182331963035514 0.397268828813473 0.210224345656635 0.210174862494378
0.0599245441249372 0.116408349553844 0.313173637335103 0.510493468986115
0.0790858342156718 0.246674621945537 0.517273999051476 0.156965544787315
0.196411282330353 0.291696645315342 0.341720259074775 0.170171813279531
0.0812778537059096 0.125641164003669 0.490086886498577 0.302994095791844
0.31766612938305 0.244267505838835 0.24460192258098 0.193464442197135
0.246808921743661 0.249120575255459 0.2283905826387 0.27567992036218
0.29336902785521 0.153199984000076 0.476452317241142 0.0769786709035723
0.269361798923707 0.203203087377948 0.481680223363405 0.0457548903349403
0.261162803791801 0.00561788253595512 0.367135201013459 0.366084112658785
0.0206989341005602 0.456569636216722 0.395841953658125 0.126889476024594
0.170036976045035 0.109997703000978 0.0553862759215394 0.664579045032447
0.0732103348655212 0.216335113104318 0.140632894630607 0.569821657399554
0.188189443971748 0.231544481574598 0.236933713214132 0.343332361239522
0.329580557206881 0.0643420831758279 0.329045259554962 0.27703210006233
0.138947425471635 0.414956284702792 0.221013409290657 0.225082880534916
0.145922842328434 0.378673644966352 0.467731412008863 0.0076721006963508
0.295646200252809 0.0900832793496182 0.3571285003629 0.257142020034673
0.347076617156988 0.311688222187611 0.0423267500216757 0.298908410633725
0.00385035673061883 0.468385696681703 0.119152461150264 0.408611485437414
0.187001065221128 0.487348024312716 0.0932774976264488 0.232373412839707
0.52977212418011 0.173070565139354 0.0460861660774609 0.251071144603076
0.484267161345506 0.0928998447977007 0.406091819237776 0.0167411746190178
0.200901500523097 0.305869586039891 0.303910808963176 0.189318104473835
0.0593242807559754 0.620982033704327 0.254139392876503 0.0655542926631952
0.331717994589957 0.266572977168464 0.155404997715261 0.246304030526318
0.3501370958836 0.114235613537529 0.340062711243992 0.19556457933488
0.269957177877146 0.233403083581281 0.296973150285311 0.199666588256262
0.14304528139842 0.17404430842294 0.306163705346518 0.376746704832122
0.157157212416591 0.393488649194045 0.0200582658653866 0.429295872523978
0.014900262880102 0.289510373046209 0.426776378632568 0.268812985441122
0.0737722767529722 0.454979008022727 0.16328802634797 0.307960688876331
0.35375450077662 0.167465827529792 0.0900938347383933 0.388685836955194
0.412274950071341 0.189398110570036 0.299749915314424 0.0985770240441996
0.327023725291604 0.150606518400312 0.330607187522256 0.191762568785828
0.0298449800606855 0.0733228099851592 0.329305619835744 0.567526590118412
0.292538107104831 0.19607448432703 0.347653443012672 0.163733965555468
0.137681266806828 0.415970344785092 0.123742097763128 0.322606290644952
0.374666500815123 0.463047096480206 0.0717334348039858 0.0905529679006855
0.190345816525401 0.038682519163832 0.624622462780817 0.14634920152995
0.11061843788723 0.208273096038374 0.313797310571653 0.367311155502743
0.379011125406811 0.167003399337466 0.155486161568984 0.29849931368674
0.307675987267663 0.128661542809163 0.160410245250265 0.40325222467291
0.0381171027473717 0.330319061877418 0.28528503468055 0.346278800694661
0.35056739404079 0.153291173995944 0.125460338801608 0.370681093161658
0.410415619692128 0.18087716744249 0.117475348452082 0.291231864413299
0.0373463182719919 0.462136509227332 0.423976050669322 0.0765411218313542
0.399613074491259 0.159073349614265 0.309648449647288 0.131665126247188
0.413842426745953 0.0804158383079333 0.200968323173869 0.304773411772245
0.11535437724648 0.234757802196893 0.231829488628942 0.418058331927684
0.131614313879505 0.081775270297847 0.321153605799886 0.465456810022762
0.133581453281294 0.318452842449361 0.249816622097152 0.298149082172194
0.0914703223282085 0.259604589129984 0.179600136613611 0.469324951928196
0.182615130288583 0.318352628640537 0.197115594545537 0.301916646525343
0.273720226889138 0.346930011963874 0.276165773013436 0.103183988133551
0.414672810298527 0.121400041027063 0.258404634592474 0.205522514081937
0.366309697454267 0.180568469581276 0.02814321081647 0.424978622147987
0.116039193428414 0.164742686725972 0.356497328743734 0.362720791101881
0.230021054927115 0.0354735790380251 0.188984948395026 0.545520417639834
0.164467701511102 0.178663226666194 0.321896400586631 0.334972671236073
0.192930052841241 0.229950973410212 0.104116888147702 0.473002085600844
0.0511106162913708 0.115760845454558 0.324872376493646 0.508256161760424
0.104668614418304 0.312129733158635 0.364950345590833 0.218251306832228
0.290407725496898 0.300438961789567 0.293760377833066 0.115392934880469
0.168981154299758 0.392419645697549 0.0160249135626932 0.42257428644
0.0729293575044905 0.242819651325601 0.36686845060718 0.317382540562728
0.11051463569306 0.441439677505014 0.195447417120009 0.252598269681918
0.262302391483993 0.432737979796003 0.181642273341278 0.123317355378727
0.226284954360611 0.58653547640333 0.0582302126622477 0.128949356573811
0.360445704134086 0.111352404784184 0.22318679889064 0.305015092191089
0.0425692503748497 0.235467376009375 0.207425322901804 0.514538050713971
0.132436305945822 0.227090034216002 0.354511282152563 0.285962377685613
0.131249086893397 0.441923990937628 0.35208746160168 0.0747394605672948
0.0815768783831691 0.511200974425342 0.354285004106895 0.0529371430845943
0.35060324267448 0.24873340463727 0.288155503499818 0.112507849188433
0.124131400697445 0.265737458167089 0.228241954495961 0.381889186639504
0.253414142419387 0.118205618371178 0.199044347318475 0.42933589189096
0.315178919522755 0.152516522547272 0.469716829729897 0.0625877282000759
0.237305147782192 0.261139570732682 0.138747799878094 0.362807481607033
0.122705558501637 0.246158478086407 0.495635870650365 0.135500092761591
0.237182544787967 0.077121801002862 0.393721872713718 0.291973781495453
0.454104142459194 0.185171143792644 0.247623491339215 0.113101222408947
0.306399412209192 0.225511816801233 0.0998456423537828 0.368243128635792
0.315744102472657 0.0719218247806333 0.335036412554451 0.277297660192258
0.463527575768637 0.022058846159517 0.126051014618318 0.388362563453528
0.176714618435068 0.28735546247797 0.204439164304311 0.33149075478265
0.161188834682199 0.454746826798987 0.138438866651995 0.245625471866819
0.333589336426946 0.302084921696465 0.225668913546574 0.138656828330015
0.50564154570036 0.00690056333740904 0.0484587683044206 0.43899912265781
0.162503424863634 0.337014854266011 0.361157079691999 0.139324641178356
0.341869086216369 0.302667569871509 0.0685510570458533 0.286912286866269
0.2180181070353 0.24229657007656 0.272103946589925 0.267581376298215
0.306326625360004 0.2091275543496 0.263285725653807 0.221260094636589
0.0803810801465786 0.408040081729063 0.0494812322625974 0.462097605861761
0.232710924804763 0.210528094629301 0.448789027736339 0.107971952829596
0.542254181359635 0.152196339340669 0.149553667999137 0.155995811300559
0.172312408517341 0.302430716750992 0.247227892592671 0.278028982138996
0.422630872082598 0.397287330631975 0.105751927706197 0.0743298695792294
0.0586114019231878 0.458222467802811 0.211253051315081 0.27191307895892
0.0204964895885083 0.384585484303926 0.360926650725529 0.233991375382037
0.316580164014779 0.252053774089031 0.282065883395937 0.149300178500253
0.105480473351449 0.383091095649493 0.240863489653131 0.270564941345928
0.432626117105821 0.101962525808862 0.123121287215656 0.342290069869661
0.637520081766795 0.195329107791461 0.0800125891932403 0.0871382212485036
0.0352169495288525 0.279623222118781 0.330379001759665 0.354780826592702
0.258154292044711 0.256468973441305 0.197195341489105 0.288181393024879
0.0306907518737034 0.419193056107596 0.206640570654506 0.343475621364195
0.374555187427601 0.136045020763563 0.291139762031225 0.198260029777611
0.261197889697436 0.245813656379876 0.193490629791381 0.299497824131308
0.659666319241861 0.0655961390728864 0.173922599815811 0.100814941869441
0.167935141682138 0.155067175232143 0.361024128906787 0.315973554178933
0.330417306151134 0.361747204600099 0.176478509020631 0.131356980228136
0.290811875203807 0.530481204295005 0.0991053156260114 0.0796016048751765
0.203230352897894 0.557804760149519 0.183778061811915 0.0551868251406719
0.086604032451161 0.176418583836816 0.53100688194894 0.205970501763083
0.126605099157571 0.350022632950988 0.206806058413629 0.316566209477812
0.437036492119679 0.0925748997190497 0.205095709955266 0.265292898206005
0.304007323124768 0.200828548926458 0.205044906667761 0.290119221281013
0.107190338805082 0.333789173645946 0.264938874716076 0.294081612832896
0.4182673800954 0.0917886686520864 0.00828571193819493 0.481658239314319
0.249959380865645 0.193734999767753 0.325243474734765 0.231062144631837
0.337561245744697 0.430197746759299 0.0480047928795364 0.184236214616468
0.103349572405541 0.402219766566809 0.371505967322942 0.122924693704709
0.24621884227268 0.385895947441433 0.0541228900734031 0.313762320212485
0.197165166842085 0.560468203666101 0.241947116663794 0.000419512828019037
0.449157969512772 0.413152466325057 0.0928213696798852 0.0448681944822862
0.14004996502426 0.315515395525605 0.274400385139743 0.270034254310392
0.368695324228212 0.266171781721566 0.300504488706628 0.0646284053435948
