0.187538716434744 0.128747197444234 0.109682727213132 0.220003082651906 0.147087129705613 0.206941146550371
0.058213629740838 0.113426016278326 0.223211652519854 0.273512135590441 0.160796334098483 0.170840231772058
0.0249410149729192 0.0551865585422114 0.505996960506264 0.125224584349622 0.0230312080546316 0.265619673574352
0.233359271511034 0.110316420785623 0.130980680695155 0.168892559127154 0.0813005390314232 0.27515052884961
0.163786544628782 0.377394334123379 0.0563390482472078 0.0200631473356657 0.0457489727962797 0.336667952868685
0.0673138162212261 0.226773833708461 0.311528317670703 0.197496340101545 0.0310386145261138 0.165849077771951
0.222317208024204 0.0404991857579087 0.121409250015583 0.152373405315253 0.2509593688982 0.212441581988852
0.144457682013816 0.300318657891351 0.0234319617926169 0.19948558010448 0.103197456112734 0.229108662085001
0.383012766805436 0.0446254788013318 0.123497575380159 0.120213966056628 0.250919369998027 0.0777308429584178
0.300773689934991 0.0780535231336425 0.410089116149339 0.0481208280555564 0.12416821886951 0.0387946238569609
0.00349980858759881 0.170552948472496 0.290991304454772 0.0979366923720668 0.295058387253913 0.141960858859154
0.205958451803453 0.125308062496726 0.201772923169126 0.121119710288339 0.192109182274303 0.153731669968052
0.192388909856915 0.0971861501364612 0.300378831705513 0.18775976048361 0.138213280225426 0.0840730675920748
0.0232524684656448 0.0479938718845103 0.11679613045448 0.322332050122678 0.331614497023336 0.15801098204935
0.111785735292908 0.0397457595114146 0.170332694067316 0.326812199514185 0.262679074490205 0.0886445371239705
0.246496797018227 0.138783313791811 0.108109732903488 0.126067565717716 0.148395607958854 0.232146982609903
0.0845541104295859 0.137073498004839 0.103599736223938 0.192882206739645 0.0981326810593128 0.383757767542679
0.221482567603585 0.130359079217913 0.11255893165255 0.208507814947904 0.292900746612094 0.0341908599659549
0.182459141954784 0.224995417918133 0.145114480511251 0.228976543824142 0.00271296186644553 0.215741453925244
0.133183088027188 0.071804443272763 0.159540825711645 0.18167103245097 0.390464770219988 0.0633358403174457
0.145111783441508 0.281297172767203 0.20363316939632 0.210219342160688 0.0403119035148763 0.119426628719405
0.231666232353821 0.189606239448596 0.133219128691849 0.304392370296382 0.118916116063361 0.0221999131459892
0.285647418446 0.0926561028564361 0.134619374483958 0.0986274952861875 0.134242076712792 0.254207532214626
0.0845812529469888 0.213994248596038 0.0657506028814532 0.0507114603621514 0.297161349632735 0.287801085580634
0.168492699275663 0.414884248755669 0.0571498390231581 0.101426779473147 0.00690125539503001 0.251145178077333
0.138173233313646 0.13626303599295 0.207883535448407 0.0936531637500213 0.202516463925923 0.221510567569053
0.187276635427966 0.0576064806870034 0.000438818938333476 0.0983494468580025 0.321048545720805 0.335280072367889
0.180668105043078 0.177701249660529 0.193053460594786 0.124338469403518 0.268577066136234 0.0556616491618551
0.17621310352727 0.230955823992321 0.0965525202054797 0.196340981066334 0.186941667668058 0.112995903540538
0.228235277619705 0.339567485793334 0.0547487199350443 0.0646626553866967 0.0242806556103226 0.288505205654898
0.121361319874077 0.1121908042209 0.172671947382835 0.127158439118682 0.305848231155253 0.160769258248253
0.259251805230923 0.0855716553453269 0.16332465272769 0.211194808974526 0.247590057415688 0.0330670203058461
0.12091483014128 0.165761383324712 0.30619942878568 0.240945948951343 0.158886629801605 0.00729177899537982
0.110012513456542 0.0558422148331005 0.240358588921128 0.229086048365801 0.33541455695578 0.0292860774676474
0.479390336364536 0.11762842165117 0.13754458737835 0.0772229113540503 0.0653629834447213 0.122850759807172
0.14971205597706 0.467471440881323 0.0162960804567571 0.310012882439054 0.0556506871964693 0.000856853049336204
0.258683679051632 0.250139828081436 0.00546513733465723 0.0593668542650372 0.275295819186471 0.151048682080766
0.243165685241652 0.241512706449981 0.159846010181088 0.182031699241048 0.0606003427836524 0.112843556102578
0.168082693594456 0.161884326147576 0.272060428604903 0.19447265022522 0.0161655710816992 0.187334330346145
0.159899993463233 0.246429697404806 0.181169729878255 0.0248634964024681 0.148750369768643 0.238886713082594
0.189062001816265 0.199432447002888 0.0971852137584242 0.195639407531901 0.204069782626511 0.114611147264011
0.112474326568354 0.100333430272723 0.282850948916828 0.213582648655089 0.0319370226235993 0.258821622963406
0.237577063387812 0.206683568670146 0.100767417657999 0.0591554820065977 0.275718724477657 0.120097743799787
0.313152707872667 0.1476685181211 0.0638499890719947 0.122135236743863 0.345305007568754 0.0078885406216213
0.0360628297677372 0.18187602160872 0.226825687439034 0.171446875432998 0.24122827696995 0.142560308781562
0.2372007412363 0.195730085022374 0.200692188236831 0.141921963851016 0.215786517405915 0.00866850424756377
0.212595970730974 0.432655083595421 0.0704400308875546 0.237134145221331 0.00552657098584613 0.0416481985788731
0.211078988957565 0.139908271931473 0.0965664459801699 0.152306679797193 0.213507486866776 0.186632126466823
0.316939152466897 0.0254856739753005 0.146986444034783 0.0148038470664753 0.36667992031945 0.129104962137094
0.245193291184897 0.066003987994734 0.184757694943669 0.252387652545203 0.197929581934481 0.0537277913970166
0.202758695712301 0.19285376577786 0.197092080011712 0.237228088578394 0.0210768759663174 0.148990493953415
0.33134354838155 0.193176397064821 0.0107457374093438 0.00377748333021601 0.169219184421731 0.291737649392339
0.0803187771871584 0.233935177767508 0.152140531905508 0.17628506020749 0.0978304169581319 0.259490035974205
0.0666977372849614 0.180404978657146 0.266649689005981 0.0589831116350691 0.17316902773687 0.254095455679972
0.254124038686384 0.0862764522016455 0.204355717205496 0.309063248701088 0.108398145727805 0.0377823974775803
0.241739916268264 0.189421951076403 0.232478769863285 0.127613031388579 0.150880819622803 0.0578655117806659
0.276059793594527 0.0179725097103763 0.292958786788853 0.0378754478568922 0.0958879365830003 0.279245525466351
0.118755585505131 0.129326880236926 0.0845238616572957 0.341838513667717 0.130584610131055 0.194970548801876
0.176361145011246 0.123562540137108 0.0237341302404251 0.0288539700140828 0.354683765195349 0.292804449401789
0.397803233938294 0.156452935214812 0.0259581953876833 0.0593847451779173 0.277053131463738 0.083347758817556
0.167106729538833 0.0893291504595914 0.0183599118569738 0.282882795592368 0.151213920789183 0.291107491763051
0.0269618011549564 0.304727003746866 0.0854161040671216 0.255299456062877 0.074133926933032 0.253461708035147
0.124194320184915 0.125441543214227 0.204462992755005 0.16517155144493 0.255213659672114 0.125515932728809
0.405265090868176 0.344664638601554 0.10768134453027 0.131386484133806 1.25940791545106e-05 0.0109898477870397
0.191052463008577 0.0835369960905569 0.131514733596521 0.243136434489712 0.278081785842568 0.0726775869720647
0.162845386926277 0.142319899070627 0.244999900637194 0.18305700223649 0.225115746702926 0.0416620644264858
0.0449260261705995 0.116017557168664 0.308373783809038 0.104127397626735 0.367652702906533 0.0589025323184312
0.0329610363324425 0.300814819764844 0.187523189736852 0.192611624473627 0.00125998162017764 0.284829348072057
0.20164681684331 0.0540450522964312 0.0972111989069277 0.254836326670987 0.205387582090983 0.186873023191361
0.0328189557071209 0.00616144424315746 0.200148367714304 0.132734979425204 0.107255589782623 0.520880663127591
0.109561924708434 0.00795839266829598 0.215921583866255 0.31795109776164 0.272083660308299 0.0765233406870758
0.244497973566325 0.179903268159277 0.236397020362098 0.255717265292778 0.012131347598106 0.0713531250214169
0.0249365046391711 0.112444638613016 0.282186526227646 0.260791604628397 0.0852376738078904 0.23440305208388
0.129139131659752 0.0436376013213933 0.131287182963769 0.207947096510482 0.194762172577007 0.293226814967596
0.0251192412526546 0.341781621279627 0.213134909771672 0.365974002666186 0.00308108746844717 0.0509091375614136
0.120349386610896 0.225992021747029 0.285383108354714 0.0643275282924852 0.264448414198538 0.0394995407963383
0.0736361266223028 0.0453116488585511 0.178713223131787 0.193542721143816 0.210438322732094 0.29835795751145
0.243461621703227 0.170781117052278 0.211756659171129 0.0280939651168422 0.106867050958398 0.239039585998126
0.0323811135522031 0.0590210728283883 0.272695373271652 0.325897926512317 0.0839681873706846 0.226036326464756
0.130656951206341 0.205353121874934 0.131241879059592 0.185555805854809 0.119839284037479 0.227352957966845
0.192130354250788 0.111851076443604 0.194384067984276 0.0299799722917575 0.273669509378209 0.197985019651366
0.208285873047802 0.137216395411343 0.0699756660417797 0.212126146080263 0.196650708928999 0.175745210489813
0.136644866265831 0.208861835710498 0.158314376010793 0.117870750682767 0.142145937807774 0.236162233522337
0.0781243232609958 0.0546044610471541 0.271060269584647 0.228231463196679 0.315957611184695 0.0520218717258291
0.119902172595338 0.172377831355871 0.189951598028063 0.152887826073848 0.231824694450109 0.133055877496771
0.305833325170041 0.0426840056898477 0.0620069948203451 0.0600806965445505 0.303700466839196 0.22569451093602
0.129333071985699 0.069682213748087 0.288780641468803 0.0946749030425416 0.242103186761413 0.175425982993456
0.00149950523202324 0.165848178521837 0.102303390449339 0.341376848953461 0.13530150970396 0.253670567139381
0.0932343982313537 0.077134728625671 0.251111171151304 0.0976941035341745 0.230128712649526 0.25069688580797
0.0283258371164414 0.237691893348427 0.222388881596869 0.0165391717648568 0.235441470117472 0.259612746055933
0.25872727671511 0.132973559264625 0.262989146953222 0.0466265314567097 0.0702520699414067 0.228431415668927
0.147344823769067 0.318732350272878 0.106074563610003 0.130606955721843 0.172863518712683 0.124377787913526
0.391686325756316 0.129925213984241 0.0322561058422933 0.000283992279218354 0.0635730959835309 0.382275266154401
0.0340092823684009 0.147167143702124 0.0884930075614745 0.0610329400390389 0.403323156585726 0.265974469743236
0.120479591509502 0.118118988603796 0.243163009121326 0.0888774810481105 0.262735687163744 0.166625242553522
0.0426896173704761 0.0609153635845108 0.0845754345930847 0.545238653619232 0.0294688667996825 0.237112064033014
0.0255462766273875 0.320515066823038 0.272575126861768 0.07269531898487 0.237317822420047 0.0713503882828899
0.0340414699819126 0.370813419270346 0.243099048358757 0.0260348246755984 0.205185907541271 0.120825330172115
0.166079103520248 0.104499014904464 0.182166050230847 0.208424256662676 0.190213348961035 0.148618225720729
0.0706085573054626 0.219070010026286 0.183381012575013 0.137932672315095 0.122291592733587 0.266716155044556
0.165733451873495 0.195658894768366 0.118617349870404 0.149098329334711 0.203419918223486 0.167472055929538
0.33585666645484 0.208792656376872 0.0793641599271103 0.0610895103288065 0.25221248501677 0.0626845218956006
0.194756184415143 0.120660753032542 0.236316234707776 0.217702828736845 0.0150530766970297 0.215510922410664
0.230526805185532 0.0237685155364456 0.284751146116464 0.069291347971592 0.0450222596976957 0.346639925492271
0.260615905842404 0.156880430847438 0.217501139785763 0.196479008335614 0.12250197403063 0.046021541158152
0.0469706776786508 0.00887114619596116 0.481968251881985 0.273257772421566 0.132478257889222 0.0564538939326154
0.100017397856529 0.157406509433413 0.202433045183837 0.144616892135132 0.182741573155457 0.212784582235632
0.21319930035859 0.220216661636206 0.295415947952069 0.106637145899522 0.00142227575734743 0.163108668396266
0.220421038892903 0.15138202411135 0.351151696127888 0.0882148072851811 0.0131005861432749 0.175729847439403
0.186798358164993 0.237102225739066 0.243448160768262 0.177981436503195 0.078337718063374 0.0763321007611097
0.133143614539978 0.0294154678169066 0.0373371015545512 0.295878432719786 0.296176848963154 0.208048534405624
0.0364425417539556 0.250304260583803 0.12071745223385 0.167431032873072 0.215363117396837 0.209741595158482
0.291193413463696 0.111433292332094 0.00283946736790899 0.0219157231568944 0.280012230192392 0.292605873487015
0.314070097734276 0.0355062725187551 0.164728399364406 0.0235554539665167 0.164569374361739 0.297570402054308
0.0879901735776441 0.0780205723634292 0.313535940128525 0.364559838902088 0.0911195386476798 0.0647739363806342
0.134932188762026 0.22085657162096 0.240834048371304 0.042606433975276 0.096897692079551 0.263873065190883
0.2130577462659 0.135171191504623 0.307782922356707 0.163239765150464 0.0790520100226307 0.101696364699676
0.0576761206581456 0.14951803097267 0.226468011336771 0.0721349566413307 0.372908109322369 0.121294771068713
0.0330077430602671 0.0387048774573685 0.420487346592073 0.0368793821208534 0.3697905881404 0.101130062629038
0.0515878296197452 0.0231649308779754 0.235828571649614 0.144384609406991 0.156403840006863 0.38863021843881
0.0447607770479986 0.18596849373081 0.183100921371494 0.265298054248315 0.0139774530075597 0.306894300593822
0.286854441039428 0.245392474599481 0.00848757921783573 0.223845121897895 0.0418937828559109 0.19352660038945
0.360766984855704 0.106145991510977 0.0585686701062826 0.343481693701711 0.110263804850703 0.0207728549746223
0.29258321147949 0.0031141370344968 0.0151712037604708 0.272369274690892 0.301739541182587 0.115022631852064
0.231116589908651 0.22934963243726 0.342426291629735 0.153316741081945 0.0418215317183294 0.00196921322407976
0.181762717205788 0.159147373560147 0.245729482116251 0.147048955234606 0.0913651844108695 0.174946287472339
0.0430536328009453 0.268887383698936 0.228987222354167 0.116716616761436 0.0538723941525873 0.288482750231928
0.287749716082477 0.00690502012995226 0.0945420140120765 0.318145559494101 0.0330266824658274 0.259631007815566
0.183515262347785 0.150515557003859 0.179821007052213 0.154382698734434 0.272676148641621 0.0590893262200886
0.00949427370542439 0.0688295821949653 0.191169227923721 0.28872961102784 0.148549362145604 0.293227943002444
0.057921072178012 0.244943949572499 0.142071141300554 0.27197195281617 0.210792171455465 0.0722997126773006
0.216491781427989 0.175929255872373 0.0898680823870529 0.155010731436833 0.167381585652763 0.195318563222989
0.042439712340113 0.323738323630025 0.356945693225899 0.187201088327771 0.0169398651766655 0.0727353172995268
0.245824315920498 0.0499546874286004 0.151557100900214 0.215461718428489 0.0846225350099993 0.252579642312199
0.221987699471533 0.228416846938674 0.238583261784175 0.0232470783183346 0.0322765745082984 0.255488538978984
0.135116494678058 0.310434618857389 0.105907805389257 0.164959008931346 0.252587434336463 0.0309946378074885
0.144540451193913 0.198618671562318 0.152811498401529 0.261262828331568 0.124667800711072 0.1180987497996
0.0670273520514852 0.259452011186785 0.142948658327145 0.115915122797799 0.120072690522492 0.294584165114294
0.234471410952885 0.0606663123073162 0.201204763208036 0.120758000645286 0.269382848944308 0.11351666394217
0.166570754479785 0.214962702536619 0.130900964346714 0.209807648301421 0.13043908659357 0.147318843741891
0.108961498215628 0.18590280477056 0.100889449223433 0.211795797693196 0.154402167000593 0.238048283096591
0.190494760838686 0.222246183635164 0.107836139967364 0.0871907686759654 0.247816361353164 0.144415785529656
0.228281796551103 0.127670336422842 0.15397759142846 0.173996455541031 0.107510943231413 0.20856287682515
0.196858276344617 0.147374526073478 0.149456015871587 0.186925898312204 0.1333150005273 0.186070282870814
0.313645712167464 0.0123658530807486 0.131863572988725 0.161315002353475 0.150114891878009 0.230694967531579
0.0655940558018218 0.0074646553260936 0.30565172177299 0.21000520861647 0.252448093754024 0.1588362647286
0.241145043764504 0.142915400304145 0.0807805051438443 0.246214680868098 0.173761062422363 0.115183307497046
0.124143915826992 0.0283983332095069 0.361597533144674 0.364030772368613 0.0293829277208066 0.0924465177294078
0.0364461503515503 0.276053830087042 0.0304664167807232 0.253445492912858 0.348777749610616 0.0548103602572098
0.22371760197675 0.145635752909458 0.204575992719164 0.117569149923129 0.206350185632036 0.102151316839463
0.156965997881438 0.228826960107038 0.211372941051786 0.227561394086389 0.0635840764676594 0.111688630405689
0.157589193831062 0.262137464829987 0.0814636078295432 0.211913443143661 0.110923141736754 0.175973148628993
0.0871338053484957 0.358482044723548 0.0767475723020352 0.369585819009953 0.0502528965045041 0.057797862111464
0.0890445870788214 0.313778205592702 0.063806784506162 0.184620178260364 0.277659154583738 0.0710910899782122
0.00653852323362932 0.0325356462414025 0.152252615539708 0.303171559313247 0.316591367663609 0.188910288008404
0.477956381622911 0.019685651818738 0.00959208648818938 0.299524612524925 0.128584029895898 0.064657237649339
0.202535620481015 0.308348544660882 0.0693171054262311 0.190294426485847 0.105934694352027 0.123569608593997
0.146108910718344 0.124119766983917 0.063189438184141 0.22745436865341 0.258618535821811 0.180508979638377
0.298976032402049 0.137652247764579 0.00636104121061331 0.210381586514867 0.158993998387856 0.187635093720035
0.236567627663715 0.0886236784999402 0.162594841325046 0.0371217007538063 0.23075084683816 0.244341304919332
0.124537498428132 0.119616946805801 0.0548495500462438 0.204881099601054 0.257058429408995 0.239056475709775
0.294900007494385 0.242934861181634 0.0485624263384312 0.296472234426362 0.00400359181637326 0.113126878742815
0.234760397224374 0.232509479864817 0.016359245902253 0.298802801798447 0.20290578273383 0.0146622924762792
0.0867130987456962 0.153484482899216 0.129272446894096 0.21062946685707 0.214070065806233 0.20583043879769
0.22508694429558 0.287070315576686 0.183884833281097 0.130264714095645 0.00725836202850228 0.166434830722489
0.242787157771549 0.0661047809191954 0.077623757685653 0.182786762261565 0.189600243707457 0.241097297654581
0.353760268924291 0.078171621240208 0.00287959738187783 0.289583967952753 0.177484600951016 0.0981199435498538
0.25854204879219 0.116643229700105 0.189510707793848 0.198783429327947 0.0677097290232794 0.16881085536263
0.197881428835655 0.206907963307644 0.0238520672120531 0.26342213462298 0.0216652991405235 0.286271106881145
0.168658667603903 0.0199454938703216 0.230904805542612 0.212829918458906 0.152338605817877 0.215322508706381
0.173658685776624 0.130922067289369 0.214832463543446 0.206016734757341 0.00195541579170836 0.272614632841511
0.151793344254891 0.0587657072848142 0.260259523743577 0.208524466426044 0.233704147609797 0.0869528106808763
0.227208231915814 0.138360254048413 0.244344859309652 0.223539783150138 0.11239379851748 0.0541530730585027
0.225151735451751 0.0500415181836512 0.267776410432754 0.0522123194615332 0.119888169296883 0.284929847173427
0.0361274965703759 0.0811524051531864 0.378169605746776 0.119246270348437 0.118098502253553 0.267205719927672
0.196666295282968 0.0888065691402318 0.177493643958025 0.224734244058131 0.0475024243287189 0.264796823231925
0.0304800021263414 0.210215779312755 0.204954564800158 0.271315878619488 0.217368981823268 0.0656647933179902
0.284218377792705 0.101576061209271 0.244284084157059 0.141812692702147 0.206939302107734 0.0211694820310827
0.038202365226673 0.352056672474063 0.318569051698922 0.193336731615338 0.0904816140502466 0.00735356493475633
0.186192080586264 0.0294488298793874 0.057024256870237 0.398430149715669 0.086518356997224 0.242386325951219
0.251534992111252 0.103120851850819 0.29783589727738 0.163513051084289 0.0249076268756735 0.159087580800586
0.256384880494193 0.21861242733976 0.165807349834813 0.202496953000538 0.030579914650091 0.126118474680605
0.0147748393279872 0.283058512474715 0.0925720013881444 0.317667945682414 0.0417352060640759 0.250191495062664
0.253316776163888 0.204391766523558 0.149431101430819 0.218969956488665 0.00263246368529181 0.171257935707778
0.177537205983486 0.026205032156576 0.280791456167087 0.182857261283998 0.191047753673967 0.141561290734887
0.164143886621705 0.12429404251203 0.211483316557536 0.212054451280932 0.140287797533138 0.147736505494659
0.180419134423677 0.221147540770508 0.135461977120428 0.0692284881331909 0.121308127231854 0.272434732320342
0.038504416831482 0.0730450331437854 0.197946289084469 0.173746951603731 0.284950344301742 0.231806965034791
0.24159936188899 0.00469836300342485 0.169330274779488 0.0824967250036793 0.281755375127057 0.220119900197361
0.0721256657597459 0.0569750954029807 0.273832442063571 0.361775465067505 0.12335901821651 0.111932313489688
0.0628496842347451 0.101683672782297 0.0106803368143622 0.231337898240514 0.283379899631995 0.310068508296088
0.057109902162107 0.23930458723031 0.176206179778956 0.132903739205774 0.139833795057546 0.254641796565308
0.114528001306175 0.186769851150601 0.201423335450579 0.181713765664196 0.221723421484868 0.0938416249435815
0.0121658271377891 0.216111376548528 0.238634392844756 0.302412435453504 0.00191801397105849 0.228757954044365
0.18915706422319 0.289279858298438 0.0746588691230875 0.16766609491474 0.233632898962347 0.0456052144781987
0.324329413877354 0.164222826770298 0.142054271457365 0.0339909109411017 0.0201202067503273 0.315282370203554
0.0389699336856537 0.0595978695636644 0.420718749702149 0.393128774615218 0.0381219088372391 0.0494627635960762
0.104157854105723 0.231374224836 0.0775495354444615 0.314684899804478 0.133901177538936 0.138332308270401
0.0231310147650897 0.286362311909298 0.199899687098647 0.15432731294684 0.279858416225707 0.0564212570544191
0.00939868839076073 0.203521821129846 0.201335720114241 0.350404335650251 0.0370462215448227 0.198293213170079
0.117162237369075 0.316761759867172 0.0897132448014329 0.251079054896198 0.0258020139802583 0.199481689085864
0.0445603941090006 0.183963586245102 0.182351086267373 0.192891592556648 0.15617329874104 0.240060042080836
0.275715030435511 0.0557512112793748 0.3090524295738 0.245482121820634 0.00433413190672549 0.109665074983955
0.114614300095185 0.0777051874361202 0.196548847446686 0.206197541469769 0.209148877501803 0.195785246050437
0.140174793209216 0.1596955884619 0.237192193797028 0.117140878235572 0.235877268022866 0.109919278273418
0.376187194194672 0.0711478606415619 0.145827249392762 0.0409733157339712 0.111600808029016 0.254263572008017
0.0186058513225612 0.210641212271102 0.261511842138914 0.0385484834055244 0.248755782546418 0.22193682831548
0.0962519070850164 0.128068063298914 0.103772367199997 0.257364347597333 0.235726489805668 0.178816825013071
0.177020335033954 0.255936673027234 0.182357220436333 0.0328428440259582 0.161547454264854 0.190295473211666
0.0296470711680761 0.16623121967834 0.437629092124674 0.0882660965975298 0.225532377456321 0.05269414297506
0.133486143968941 0.0974014018322672 0.0456992764152068 0.0567595801919482 0.30634873187632 0.360304865715316
0.140155602527269 0.154889907740012 0.189730548951538 0.312948896363445 0.012566142128377 0.189708902289359
0.199107445874231 0.189144160521773 0.146382739007774 0.123625687857821 0.12899262823355 0.212747338504852
0.283860442922003 0.160935857032866 0.0177672299727342 0.269218902328707 0.0276499268027771 0.240567640940912
0.0874178104783617 0.0403331391055072 0.283734680322358 0.317801311626675 0.208392763365332 0.0623202951017672
0.243799652996716 0.261236383149451 0.0184290139339016 0.134891894017528 0.114574141622818 0.227068914279585
0.233307565963639 0.0918350007477586 0.00310990286214643 0.0416358779609155 0.456054799335726 0.174056853129814
0.173916529271273 0.126679695876163 0.275659491328504 0.208745380988917 0.0205235879263583 0.194475314608785
0.194939438241144 0.238778234927096 0.229444441097744 0.000837066911819451 0.125796173591756 0.21020464523044
0.153949725216886 0.112597933793402 0.145796866387481 0.215106027212205 0.159228789097599 0.213320658292427
0.206339017738795 0.020880403364582 0.282495303083457 0.164680234267252 0.294478297910902 0.0311267436350133
0.0715444881532544 0.283024975975436 0.0260529653685792 0.194649554106738 0.143859660033567 0.280868356362426
0.0512102112304429 0.158787368013151 0.297667128357645 0.0917456197810575 0.2785621072449 0.122027565372804
0.0835644064286769 0.214979312083481 0.175049888363314 0.229439130208225 0.263594362627299 0.0333729002890046
0.253420391079919 0.2182274316305 0.0630111917443226 0.130476465694917 0.096113663727043 0.238750856123299
0.0614374734820735 0.0666456125870806 0.222243142056663 0.23265912997599 0.270876892826148 0.146137749072044
0.348791748912339 0.0277005110289188 0.0334696160236462 0.33579116726545 0.0526218524852982 0.201625104284349
0.197579175503319 0.171344563585736 0.196261206977933 0.212307750367641 0.0524530494521408 0.17005425411323
0.221482094432875 0.201097197806287 0.154048426871576 0.142563419762389 0.104421934533055 0.176386926593818
0.0497846961323012 0.0112147731746445 0.291970224667172 0.106034709443856 0.296952600310167 0.244042996271859
0.041061163287409 0.424047501841524 0.1179877107981 0.0595615493702104 0.156816554759889 0.200525519942868
0.273239421120876 0.0891627281011993 0.111151501425402 0.190811583886603 0.106019511059444 0.229615254406475
0.238226348980884 0.101392637340936 0.205453642759423 0.102198497633855 0.237900850760297 0.114828022524605
0.224372900122822 0.225955035756242 0.20072533353095 0.0554293449563072 0.206395321768102 0.0871220638655776
0.100953071835444 0.106074936163649 0.0415380408987073 0.250722705060428 0.28480379990169 0.215907446140082
0.0558054623158052 0.0267241772370706 0.222701213178161 0.242955153306316 0.27889419651844 0.172919797444207
0.0372802215481288 0.264714296173288 0.0594112073544271 0.233586242453328 0.180182268409981 0.224825764060847
0.105995153676298 0.185262466125267 0.223203282637005 0.163670374792209 0.254709908073138 0.0671588146960825
0.163341699278416 0.0481009146074606 0.069000590833476 0.228760054972169 0.139785083107758 0.351011657200721
0.0898677740662333 0.052190369666583 0.320602369852822 0.297790524675146 0.175218038817755 0.0643309229214597
0.178427965907171 0.16888887953605 0.0129806756307457 0.111991938525412 0.43231268362267 0.0953978567779512
0.20065734716565 0.203524810524861 0.138636840413068 0.23397207934154 0.0157090730343235 0.207499849520558
0.0814244975114391 0.0936738442739445 0.290208901395186 0.226993652164141 0.117207674953808 0.190491429701481
0.280702523401009 0.0709662399964214 0.0179270264778686 0.248891447136439 0.304362909512014 0.0771498534762476
0.140347206666166 0.0937487460549576 0.279487843218278 0.246082492563618 0.0997529829044185 0.140580728592562
0.0642918452323184 0.0750540584697889 0.221512839420014 0.0357527843021357 0.372555984255752 0.230832488319991
0.136087080286113 0.100920294210387 0.178584152115055 0.132121076958643 0.258250647094822 0.194036749334979
0.128195240871702 0.0960460956067823 0.182517274460087 0.241585389969807 0.212568049347415 0.139087949744207
0.143380520219463 0.308233572500716 0.368013720028643 0.00775342176403822 0.0234071146445497 0.14921165084259
0.248033523152211 0.101959941785153 0.14002619510857 0.0714415914935687 0.309252923391776 0.129285825068721
0.160839503858276 0.118882131426726 0.228367791414884 0.287226957075581 0.181480700863645 0.0232029153608877
0.14632990071784 0.028063836649637 0.16846097166756 0.196371129120721 0.25266581799736 0.208108343846883
0.0851933583569131 0.223543795851345 0.11409978838765 0.00346456745022599 0.23926076233885 0.334437727615015
0.239096807585835 0.235703402384775 0.097795046493498 0.117267050885345 0.204853508187671 0.105284184462876
0.26883066451496 0.165912842951822 0.0267011565513137 0.216462056379892 0.161547664461778 0.160545615140233
0.384027093263599 0.00274967996833894 0.0682668201557196 0.226064288313512 0.0310864684419324 0.287805649856898
0.247275087498904 0.0532257602761025 0.17014915009844 0.0332339866249624 0.365892687049407 0.130223328452184
0.191229145860207 0.282317204028543 0.224652333059491 0.108652701321903 0.026189824600707 0.16695879112915
0.190344548566993 0.0493968104537184 0.080376677074746 0.194119356216318 0.211905973091741 0.273856634596484
0.280965547871518 0.272975784563454 0.0987484578480539 0.100713949174405 0.205767839854349 0.0408284206882197
0.0338819692466712 0.175143843529703 0.268467279436387 0.011087105830682 0.187660953672647 0.32375884828391
0.326166179427637 0.194575309023311 0.133036386137391 0.105879294847219 0.00371954022722541 0.236623290337217
0.123230732863989 0.188396088401348 0.0834388777939338 0.215352469842392 0.25610370712314 0.133478123975198
0.0542490846659722 0.304024304791959 0.0735396705708893 0.0641813122299777 0.218594310950226 0.285411316790976
0.24369672851185 0.143928300662958 0.0119986613544789 0.307572554209805 0.0863450266990104 0.206458728561897
0.0627754193516949 0.24597513647053 0.175664631870824 0.0803537331258768 0.218429140318996 0.216801938862077
0.139406361330925 0.128058960320232 0.19141152486882 0.140715890061409 0.218997095425508 0.181410167993105
0.0398987538591888 0.230315212515486 0.0756036469336804 0.254224444215099 0.269725469780915 0.130232472695632
0.0610402065720086 0.175719153914556 0.0211111940657717 0.13173583116925 0.338392921682177 0.272000692596236
0.179964971539771 0.187383998828324 0.190272551846995 0.138847050486043 0.169435511757045 0.134095915541822
0.144161157782111 0.238487315810913 0.14059192243776 0.0262274496777935 0.144986954374316 0.305545199917107
0.165297333378979 0.172064427097956 0.212018319561963 0.128818924953084 0.146530217549529 0.175270777458489
0.0947307292346589 0.204418865279224 0.351448188158485 0.120495132743652 0.0793121434263187 0.149594941157661
0.211376308514771 0.174297081174486 0.0113715617097423 0.208849152071803 0.358456291055395 0.035649605473802
0.162377807629147 0.224066288547261 0.249855235113948 0.0754997379518261 0.150269560316337 0.13793137044148
0.308524962910342 0.14148935581192 0.0744587558193061 0.38482296015359 0.00928468501838576 0.0814192802864565
0.167656254197807 0.0837427294116891 0.248252557003248 0.124521851856863 0.164460821720978 0.211365785809415
0.250057850532311 0.118940648443205 0.000606236940507236 0.172878144396758 0.212213220099679 0.24530389958754
0.0118615823685068 0.0505549450217624 0.3225953492745 0.0533336705725353 0.325829952502681 0.235824500260014
0.0557639979890925 0.255391670670497 0.377610821840587 0.00982328751035944 0.0530288881007729 0.24838133388869
0.108410759550802 0.192579601999152 0.188573441069761 0.199951077749173 0.112624800004223 0.197860319626889
0.244900089845517 0.223960074588492 0.255211520923735 0.0676175156557314 0.0962121695336575 0.112098629452867
0.167676416365144 0.0530991785313139 0.135428780926843 0.28630819144624 0.245402774115738 0.11208465861472
0.0238212455132702 0.0772633019391038 0.0338355706492852 0.317639890221848 0.242668113409775 0.304771878266718
0.11807745350936 0.0283331034022307 0.0340930155671448 0.287549916690649 0.282278411587512 0.249668099243103
0.104624027365378 0.439043657685122 0.0851285122071018 0.149906301354288 0.133712146072668 0.0875853553154422
0.241227783449648 0.195162279902263 0.127076559106722 0.0316115248163557 0.0919634553587475 0.312958397366263
0.402420125389287 0.0494693488550282 0.130545943545298 0.0948579801902396 0.145274397421054 0.177432204599093
0.297499055557098 0.254485471547233 0.0406083308197459 0.0345003346891036 0.165180338040352 0.207726469346467
0.252331178529583 0.0251207730899701 0.203741264802512 0.0273560968388201 0.245153400452577 0.246297286286537
0.00526704155636154 0.188219392442424 0.249763917505672 0.22363661316549 0.0573315736493676 0.275781461680685
0.0451866936517753 0.299326694912869 0.139673453208681 0.310912275158802 0.180836031115722 0.0240648519521498
0.192373473420939 0.122302141249886 0.194787315982976 0.166167631053216 0.24112250269455 0.0832469355984325
0.146136241137089 0.0297220079003604 0.360647425882359 0.230639830202367 0.22460475257965 0.00824974229817482
0.105302901480374 0.270755649284921 0.158012218745579 0.173708441831393 0.190559410753843 0.10166137790389
0.243145411857824 0.0282263730327221 0.087411695062391 0.186059400510137 0.253853683153992 0.201303436382933
0.157165204586153 0.194816209419808 0.165101758794437 0.126598896121536 0.189811471201414 0.166506459876651
0.107751063972385 0.0564254449969763 0.0856184137580863 0.334696406215611 0.19244181155184 0.223066859505101
0.251255175587018 0.0976330837770022 0.221805251131847 0.136428229191891 0.0309365379590875 0.261941722353155
0.213436537764616 0.121621889560618 0.178412082973345 0.164960014959734 0.0604337654314088 0.261135709310277
0.213327789737869 0.180180125609725 0.230254757718363 0.200076314712302 0.162686642507021 0.0134743697147215
0.0244912521123176 0.057784683672356 0.375230063127045 0.230096530827743 0.188734573656732 0.123662896603807
0.262337606044308 0.216861944192268 0.160529537189626 0.0534551203020387 0.0982918348399082 0.208523957431851
0.389399478915724 0.246295169837473 0.0228867188059447 0.0411433526241239 0.141618955753893 0.158656324062842
0.226314564460874 0.161438407377954 0.211788293461139 0.148056426539387 0.0477024254066493 0.204699882753997
0.196475141549531 0.252122599190465 0.0358001195401512 0.183628908729488 0.0999395423227723 0.232033688667593
0.0624211909653186 0.183146261322903 0.158025534433364 0.135116888799536 0.304147646297276 0.157142478181602
0.196081475790663 0.23867115341277 0.0850265761432949 0.134783387907899 0.321602109846293 0.0238352968990803
0.280619480021445 0.214745410655801 0.214866016399928 0.19763426593287 0.0394574427811524 0.0526773842088044
0.210702152270884 0.1258264720886 0.211996669362524 0.0293698662435679 0.106604237348375 0.31550060268605
0.237544019007364 0.0305901182624603 0.0329322525098117 0.246620306632728 0.167667838383867 0.284645465203768
0.219812853637869 0.0501251988341523 0.182895040964005 0.20121641950605 0.249991636149904 0.0959588509080196
0.0764093763232202 0.211584682617381 0.202320669985377 0.179555161824383 0.203606718522359 0.126523390727281
0.0541934079827169 0.173003863825078 0.0925145335365026 0.0160414671973522 0.41154542023568 0.252701307222671
0.182933821046322 0.0779398702204078 0.125223298616697 0.070553859908448 0.245216111593017 0.298133038615108
0.324063458434755 0.0990946851458255 0.179803649975187 0.260027230659136 0.0567634442357056 0.0802475315493907
0.261541251645897 0.294604772821161 0.208727021873968 0.139214866990015 0.0856637326260089 0.0102483540429503
0.132500950363828 0.202467618767823 0.110716575019174 0.163735529466906 0.169192333963339 0.221386992418929
0.118929131713715 0.258929366919837 0.143687556444912 0.244077556886604 0.133931771746347 0.100444616288585
0.217233340226902 0.0388599210376253 0.147430156349984 0.193066589858197 0.388032714534879 0.015377277992412
0.23136658231308 0.331659234779391 0.111056291913777 0.0881844701105822 0.0653233703212566 0.172410050561913
0.0673357032062654 0.29964802388525 0.0882619215602456 0.234725115676635 0.166701416363579 0.143327819308024
0.022977228619879 0.222000147087016 0.0811265709124732 0.164237973677624 0.281131664670833 0.228526415032174
0.00323510851252851 0.168925965683356 0.161224688168074 0.590539582709569 0.0213411580506365 0.0547334968758353
0.409124877816193 0.392066594783442 0.0903816779205432 0.00315296346007555 0.0563499096963727 0.0489239763233742
0.242784758269053 0.250068852121734 0.168116833979989 0.00849101409484195 0.0698827560688894 0.260655785465493
0.205742423574966 0.115132594252108 0.215889974869173 0.253827108440733 0.108610767555146 0.100797131307874
0.0698712413355019 0.287937586667965 0.275625016504701 0.247648857256947 0.00256916550137979 0.116348132733505
0.290155246284261 0.441633927632861 0.0717688242857227 0.0172907980491577 0.0834103107510613 0.0957408929969364
0.162096899121868 0.268428554859118 0.0858298825349771 0.131793382033728 0.0891058076394198 0.262745473810889
0.251554627678195 0.278351928265014 0.203826587638798 0.152138588341367 0.00647321891765546 0.107655049158971
0.371097467306503 0.114541938017293 0.246666329788779 0.0845682819123301 0.0629271388106282 0.120198844164467
0.231406800609999 0.0746342354825975 0.212025506381766 0.169081488974333 0.113637373836186 0.199214594715119
0.196147305654866 0.156560494465128 0.163765812132291 0.175482461841095 0.163364519686371 0.144679406220249
0.195223826566874 0.0605031861245031 0.0858211769454951 0.315231309231309 0.334133123404137 0.00908737772768131
0.297405523720334 0.115018352826246 0.183109346554664 0.0293389967759711 0.130474623548841 0.244653156573943
0.207704965094944 0.0445662297230866 0.052774750742473 0.270998752260141 0.20335185453765 0.220603447641705
0.0975102370123516 0.0434198147570447 0.244600726381359 0.290910464070095 0.141491691411036 0.182067066368114
0.193266856527973 0.107146643862943 0.110028365464094 0.172634542878593 0.27429442090606 0.142629170360337
0.271107438299614 0.196883431126423 0.265345166952923 0.108923953346494 0.144262048140575 0.0134779621339702
0.076123866011573 0.128033398986192 0.289435880575074 0.252766733527603 0.148768007905754 0.104872112993804
0.163404064407621 0.162736838765123 0.103375341724576 0.190273196489444 0.189067686639972 0.191142871973264
0.0326491069162589 0.196676988057905 0.348391029478435 0.0169141157671645 0.397514563222263 0.00785419655797294
0.260195486623544 0.0479388861363352 0.251383896611276 0.203805177392151 0.0365610690729896 0.200115484163704
0.210110190165214 0.065250872536819 0.0514673964661827 0.0777709674267764 0.28397772826498 0.311422845140028
0.0946113982955657 0.040317910860006 0.012967028885195 0.387345923276935 0.26082577337377 0.203931965308528
0.338181887220887 0.251112315213851 0.00607310820807937 0.246991555062088 0.12008287560786 0.0375582586872344
0.168941796271119 0.182022502720035 0.160811246941733 0.0458857488499847 0.192885539668868 0.24945316554826
0.0140241760873035 0.306705594802141 0.0409556421609622 0.150359197641241 0.401469621451752 0.0864857678566001
0.113508570407409 0.0256320485466846 0.014700003845293 0.280314177587383 0.254544993253608 0.311300206359622
0.0178689982152584 0.365694640998086 0.352078361782145 0.117985509305828 0.0185914686728032 0.127781021025879
0.140240798734549 0.123240101969829 0.22474976858864 0.142681080360538 0.159099925889038 0.209988324457407
0.170297117285406 0.19044587938139 0.192924336400793 0.0547033052733572 0.156236720287908 0.235392641371145
0.0667356455110497 0.127746807358287 0.0501214533872071 0.230715516475533 0.394011744564411 0.130668832703512
0.271941321301936 0.0900777640321234 0.133969096755288 0.290229142449871 0.0802255345554103 0.13355714090537
0.0581080047830607 0.119943863070282 0.147150328245875 0.237770241194705 0.325036774973654 0.111990787732423
0.311341028482907 0.0706181965503331 0.0276660559203722 0.301589005248148 0.122733497013 0.166052216785239
0.210000430497035 0.170676625219714 0.169185483049068 0.0840059047142278 0.24196152537312 0.124170031146834
0.0992462295564198 0.205039664980239 0.106122403731915 0.330212416830724 0.250626155524575 0.0087531293761267
0.130938974877079 0.0360413150614383 0.332986849174189 0.178130227817184 0.0702578245527137 0.251644808517396
0.0591614292234685 0.297856821761485 0.121238771106227 0.025101082707698 0.144396819700963 0.352245075500158
0.0428238510670826 0.164189674301699 0.388116607783771 0.0722091624991912 0.0770007549658688 0.255659949382388
0.245642092331937 0.189316835072571 0.202019413021368 0.173286717433761 0.149812930840481 0.0399220112998817
0.0876155256490326 0.138089063142542 0.109302958071099 0.105238880249038 0.153768567946057 0.405985004942232
0.286888676397966 0.202050545043492 0.0219166166049949 0.125899145384529 0.175997863133245 0.187247153435773
0.180935426878131 0.202198221654519 0.153575407122073 0.223455304567035 0.0210421497359353 0.218793490042307
