0.0585547662004604 0.180902607036212 0.129115507194143 0.180024701964206 0.0287013396399989 0.178522198891089 0.0706417387288184 0.155941792052299 0.0175953482927738
0.137574051092264 0.0102415132260793 0.00956616675823804 0.172882048268414 0.148675785136103 0.119565331097082 0.141393896430024 0.172177907110729 0.0879233008810661
0.145994305459001 0.0190294353688279 0.124831991084908 0.0446372185463282 0.136748942343737 0.101923142810163 0.227221238987368 0.128697072789677 0.0709166526099909
0.0672794531387283 0.147622675036449 0.0814003302814239 0.150867881561328 0.140607560689165 0.0733314700174818 0.181435872169665 0.130019193530538 0.0274355635752217
0.0393621442358102 0.105864657487855 0.0152473908236929 0.193804146210832 0.149329105948851 0.0413508331753579 0.137714196252292 0.168000397468351 0.149327128396959
0.136248807698926 0.206275681136743 0.116114747657434 0.0282484137442068 0.163389045821256 0.0434535554676483 0.225282428943729 0.0446527107968675 0.036334608733189
0.109670443329356 0.115005791659842 0.173648587129948 0.134833760590863 0.0792136304354905 0.0997401859015818 0.133478974058179 0.0872231378353248 0.0671854890594165
0.029110689661868 0.233598824208757 0.0836793216111867 0.0398575025382475 0.141534840662284 0.182709188243078 0.121342403056269 0.141900826421757 0.0262664035965515
0.204016076952253 0.13156873873583 0.22087302152182 0.158445122915836 0.0361965712266524 0.0936904247419804 0.0123291847784404 0.0124905401592005 0.130390318967987
0.0909801154887103 0.160192928540988 0.0682407829493197 0.0982061818523244 0.0398855029186207 0.185541518327017 0.175643533166178 0.0159004411004416 0.1654089956564
0.209740284055273 0.0101321001434888 0.247103711980332 0.241348860024704 0.109739937665757 0.0130172472908711 0.0956255410564058 0.0595721821538052 0.0137201356293628
0.158930543197951 0.0711855948031896 0.150677268669667 0.134102857796631 0.0786125772966861 0.210890304253396 0.0255145396182495 0.156396911374393 0.0136894029898358
0.181398397669958 0.0900184799341811 0.11084237540124 0.0966191377299911 0.150689528397124 0.00166043858896578 0.121577326909869 0.228986492846292 0.0182078225223786
0.040566310009229 0.11423573809034 0.184457801778554 0.184408222269369 0.0593654147499319 0.156804790472545 0.0967794586814874 0.0330453335950175 0.130336930353527
0.0236462168612627 0.179076785378176 0.00398767272625324 0.217845807590449 0.119267710910537 0.0424231926620121 0.132637684268282 0.195256342612858 0.0858585869901709
0.204134139648571 0.138923959254523 0.0386538319077446 0.0647846983753304 0.111440811454089 0.0692117293269816 0.141560244304814 0.0981517764678272 0.133138809260118
0.237151639028101 0.0828743150024389 0.0232812205283256 0.0635301299227082 0.0529059050029689 0.161120815110129 0.190534900004592 0.179882638144663 0.00871843725607436
0.0790717305347438 0.093054370475215 0.192542036232617 0.0652636683666069 0.0677559885988685 0.168041142672104 0.181349580381234 0.0981824681056783 0.0547390146329328
0.140443496622916 0.116521575118629 0.152438663496184 0.0414483389560912 0.0457743527172122 0.147637278823856 0.0340487606306294 0.163280244806098 0.158407288828384
0.102100577776542 0.0884791813835868 0.153811551332109 0.19375751032068 0.0892184029122076 0.0810833378183144 0.134269669442528 0.141851652965181 0.015428116048852
0.133590270179861 0.0317216204864285 0.188489932107378 0.213795768288507 0.015880142510099 0.0429579646425327 0.0988651999686149 0.160317003413693 0.114382098402884
0.0101299244762863 0.192505743312056 0.0137531607959682 0.213310037856966 0.0342554764720227 0.21460018747502 0.0902037809533367 0.201491786974508 0.0297499016838373
0.0454930894517319 0.0262938188822235 0.103381570222236 0.0749847227996428 0.115491638326544 0.159861519196522 0.214279738633295 0.215550844706194 0.0446630577816104
0.198163346239083 0.0207185252448097 0.0647221152110526 0.000250729289943958 0.204171718488614 0.0928416220205407 0.0577847366835628 0.221114319114065 0.140232887708328
0.147958543066111 0.0845781023741226 0.171958282769859 0.12782162901794 0.129654441734203 0.0921300609790736 0.193596441159581 0.0374424291866114 0.0148600697124986
0.0272666954703476 0.201802992390235 0.0848195909248994 0.163524951005522 0.141620564180275 0.129112267818809 0.043578472972789 0.17517283919192 0.0331016260452028
0.0650623189554262 0.0562025317620275 0.0241183075503023 0.0233157387241263 0.0221281418694309 0.351788717762273 0.0117984879270098 0.230745608989533 0.214840146459871
0.121003868570452 0.129735599665173 0.00383879591924982 0.0985690123199021 0.0912814871861087 0.160049958250831 0.144471483494456 0.072884513080546 0.178165281513281
0.0125566954848778 0.0365954375853277 0.158857382568339 0.193397329469365 0.0785623346560603 0.167908267158438 0.127294994479395 0.0272206858132444 0.197606872784952
0.0287185748645994 0.0636512763640709 0.0716911013715763 0.270164335428079 0.117953611634947 0.195733036250436 0.212806765762402 0.0364605025874607 0.00282079573642883
0.00320164226978109 0.227015832581065 0.0176291045216344 0.152107345077221 0.124070937432696 0.00331542100384848 0.167281880611071 0.0868442176892858 0.218533618813398
0.154376474699724 0.0920285431486708 0.013701992744037 0.0652722964624265 0.233372036239393 0.0421204825006934 0.118546083134481 0.0297449874978246 0.25083710357275
0.0638793632406784 0.145028473821828 0.118788787163933 0.158506132290294 0.135722049283206 0.104487520348733 0.0428771661210176 0.189099614915092 0.0416108928152182
0.125629014101693 0.130406418097193 0.15791832520099 0.0392452327998185 0.0831838316236086 0.153716949516453 0.0220277225715267 0.15658999370854 0.131282512380178
0.0605886044617558 0.118254347725735 0.0707701897426745 0.0363106870843628 0.102534499548188 0.0291271649751973 0.199417089170344 0.220850089306247 0.162147327985496
0.0265545052250744 0.166470441214808 0.203878871878633 0.0226714499510108 0.205546962347396 0.0567324555812221 0.106439384475451 0.107477617182389 0.104228312144015
0.121861911493061 0.133870331433067 0.123362389184969 0.134116089602789 0.152881830370654 0.0410201824755807 0.0608955747696533 0.0977040218640523 0.134287668806175
0.0774171121714525 0.112401798029439 0.217251820746691 0.0150183976158124 0.0351406286404982 0.134167629938853 0.127131184246387 0.212894430035641 0.0685769985752261
0.247996747483748 0.0120876534522907 0.205715952953869 0.058245482148708 0.0963195601805126 0.183783327302385 0.00335703029328388 0.0175010223063836 0.174993223878819
0.245085442385495 0.178074754837489 0.176580453360683 0.0050417797835867 0.0977743166604512 0.0036724608904728 0.0507364430846081 0.240508090682763 0.00252625831445157
0.135870785283165 0.154142043824194 0.0243864566183263 0.0794083360796348 0.108114571449917 0.10789501450663 0.167425309642034 0.141146258887997 0.0816112237081019
0.0152246357387319 0.295823238747604 0.0156512830188951 0.0238075714183427 0.187253341423093 0.0812990400154694 0.089679634332027 0.190513836672238 0.1007474186336
0.142806144153873 0.0544342980897014 0.197819742807139 0.135098557840969 0.246770389034 0.0276420855207014 0.0136899230845795 0.0624162560943729 0.119322603374664
0.0216402709008868 0.0511966396588579 0.135647945579432 0.102355013070974 0.16750630615816 0.133307414532166 0.0692621369239343 0.150633678211511 0.168450594964078
0.00053681813623145 0.0809920602012176 0.0577384964375233 0.170884228473832 0.102741670751683 0.116360184167263 0.164625826437389 0.291552474884474 0.0145682405103874
0.165402844591179 0.181504530573953 0.154741629386933 0.0964769885976631 0.0222549940112993 0.177157158352271 0.070225559032327 0.0729369213807903 0.0592993740735841
0.24403608867984 0.0355764341724439 0.16014387634015 0.0096384106525669 0.0429353245303825 0.138793918906352 0.159559804070012 0.083910606571864 0.125405536076389
0.163573461486346 0.114556087904326 0.157654426031333 0.13837171430041 0.0266212859688016 0.162759889114276 0.0200888990730753 0.113944246914312 0.102429989207119
0.133552695470048 0.135135042247435 0.0306398106549367 0.0983203747214075 0.154275042663906 0.144055518168375 0.125486938304565 0.107900964153923 0.0706336136154046
0.117844492376644 0.145894038103932 0.0516000468881733 0.104944892483518 0.0412698772352633 0.179087325748831 0.195640628294434 0.0806442403686824 0.0830744585005213
0.108539139871507 0.0795826168874091 0.231024265825288 0.0897930988585903 0.179432966392951 0.14232805913752 0.00333240803764696 0.0429919223299484 0.122975522659139
0.0282225426852967 0.017968433321514 0.0303201823812219 0.271307200277119 0.148165827880896 0.0242659201751711 0.267480578473526 0.0170445219426484 0.195224792862608
0.12973684035044 0.141119894210798 0.0438769076464176 0.143242145565778 0.147226452051149 0.154862451924837 0.00620342692356123 0.0564780515050767 0.177253829821943
0.176426800268573 0.0352881046793365 0.092135768977509 0.132211648898003 0.217070152129211 0.113147091156493 0.13786802372133 0.0223374724844833 0.073514937685061
0.0724827563303693 0.15634540984011 0.154571750276795 0.00681970131257417 0.13188348902683 0.159756601764092 0.0941824263409183 0.104644072918053 0.119313792190259
0.194302671533796 0.0417007594499467 0.192957864866172 0.0750734406513133 0.0435132921115066 0.118313282820354 0.262019084386649 0.0196412807601015 0.0524783234201618
0.167203335484375 0.18302559917453 0.0279999619643163 0.061086495457358 0.00151431297569614 0.126602538322577 0.164039440318883 0.0817478940904209 0.186780422211844
0.21832965992419 0.00769854566712718 0.102044990576281 0.196281966470803 0.0381740568244276 0.233429798853912 0.0625535369347399 0.126195358371649 0.0152920863768699
0.20125602120046 0.18149281727604 0.198466087785209 0.0456938897208814 0.148265020732554 0.0818686445230221 0.00977793967909815 0.0254697386102643 0.107709840472471
0.0995234025971175 0.0621129657722071 0.280194822375106 0.034592972479984 0.0239121402935108 0.207475003167274 0.0613578378319008 0.00652812371935172 0.224302731763549
0.0946268387015363 0.0857488793877178 0.0385475885862972 0.109999255771377 0.0504247667424694 0.00820644149475927 0.289206928798385 0.123263071312585 0.199976229204873
0.00235990034459717 0.25114623989923 0.186127246842376 0.109570835209077 0.169740333489255 0.0448088746372886 0.0759436172787765 0.115169711432343 0.0451332408670571
0.0765998558548507 0.179655618198552 0.00611971988847457 0.174879740077755 0.0500819390177013 0.154461474543099 0.171936999569451 0.111527958043866 0.0747366948062503
0.0313760008123978 0.151061193122073 0.115214077860679 0.121414936986046 0.121059632973694 0.0855489513000535 0.0994548928478267 0.175112625398199 0.0997576886990296
0.0294632372929622 0.0612291878030887 0.0753078155909461 0.195750789138934 0.054776798257486 0.0951062689220486 0.183991005453711 0.197268423348063 0.107106474192759
0.0274185718846881 0.0749395802335773 0.0477073319937136 0.238111064310988 0.0149209914667842 0.08886647151351 0.15350644733748 0.194604674507154 0.159924866752104
0.177684595982592 0.0944774109761625 0.155115289677704 0.143842984383231 0.0263816693007815 0.122893402716111 0.0796792301269499 0.168827237348755 0.0310981794877121
0.161639847609421 0.0427035346806148 0.0259223606705137 0.00505585594670495 0.230385468904034 0.224027188234979 0.0381590672096249 0.0269515724360276 0.24515510430808
0.170785921599363 0.104284538178864 0.175090384438868 0.0014287011169525 0.0792801113595221 0.0203491851214625 0.146245243161075 0.16078772055882 0.141748194465073
0.0641281510590805 0.186723590863272 0.0930412369225467 0.100859451895595 0.0287939989173933 0.129351504709523 0.18920773711581 0.149507111311607 0.0583872172051727
0.00865426249388694 0.00823151525586287 0.140986848727597 0.216766435636037 0.0963790269773555 0.153353270151065 0.00521817528993897 0.143560185741943 0.226850279726313
0.103420283110174 0.17952389895583 0.0967706653789968 0.17542727340791 0.0461068229320906 0.19343252488261 0.0163368766103775 0.052822322797965 0.136159331924046
0.099851923155763 0.0651677832881862 0.10041179492954 0.175644473020768 0.0164599337616374 0.177202996615984 0.125326173742966 0.0811818359807691 0.158753085504387
0.130308592170264 0.107129860521344 0.167515897553264 0.176188026394041 0.092075039359914 0.0414447396891464 0.182932561420352 0.0430409289196535 0.0593643539720202
0.0222374718763271 0.187890375913774 0.0244839462927653 0.18060429978873 0.190038668396354 0.135834576074383 0.124374913062524 0.11179128488075 0.0227444637143936
0.207681224525329 0.128776304257261 0.162689014347709 0.104006452132768 0.10552810787336 0.190841436326686 0.00604590805382343 0.0771606328475207 0.0172709196355418
0.134098580936198 0.0360546800067743 0.100790091320633 0.202314319045214 0.0862748952012792 0.0580378728136861 0.169857412001372 0.136368998213698 0.0762031504611453
0.190124950552027 0.148470542282612 0.128912467349287 0.166318383305435 0.0128400086437483 0.159346936020653 0.0767536642559636 0.0991891611182176 0.0180438864720551
0.0981807468696896 0.0208437597912841 0.0737708480696408 0.182147464637631 0.107763418069884 0.108231447466125 0.185761309262694 0.0262376405163446 0.197063365316708
0.0592940657622128 0.0337202918253527 0.0857198253922104 0.0184449639647577 0.349941541393607 0.0283891330300165 0.238162809946554 0.0715544470917815 0.114772921593507
0.182156591595245 0.231126838217101 0.0702987708346739 0.0969300255908597 0.0661117136292 0.0653061639111129 0.0652485265811386 0.0814479903733109 0.141373379267358
0.123052180589845 0.187369449849577 0.0711996271084447 0.0129153500224081 0.0627574768985695 0.186304888704864 0.115062905492463 0.188455237766538 0.052882883567291
0.0547091797570575 0.12692154915711 0.183672219413007 0.109131753893172 0.212070527842427 0.0750184727931272 0.139998580995826 0.0586493966046963 0.0398283195435771
0.277109481865117 0.142987953095523 0.0729340441201672 0.0529815731348716 0.036218991903444 0.0241482610862843 0.0202129324655196 0.14867123963963 0.224735522689442
0.0374417806590743 0.0433981868648298 0.138267656071314 0.180226360032784 0.117432874022724 0.108151986000503 0.17236714754276 0.19541358980058 0.00730041900543169
0.214899594859812 0.109228040499258 0.0440772898664973 0.0326604953941548 0.00982079989101047 0.116650099794468 0.0871819084596974 0.0690744843601965 0.316407286874905
0.0558814334990144 0.329702908958634 0.0244369875193926 0.0835918485095173 0.00227358665255821 0.0215083218533234 0.0307680491111678 0.174116568053509 0.277720295842883
0.101780632292617 0.142348067810204 0.118111731013042 0.084625989004791 0.146395641129519 0.130231304316112 0.0108613899047213 0.166290148081087 0.0993550964479063
0.176353881908336 0.161124495753041 0.0819019423691411 0.147660684439365 0.172163730437149 0.0835499281281601 0.0158076537717425 0.129995442011243 0.0314422411818214
0.196753117426166 0.0183291830320463 0.198531644227828 0.209359573779114 0.0302679583038197 0.0558592053347756 0.154725420477409 0.022802110315819 0.113371787103023
0.13508235342377 0.0624379928146459 0.0014609173612733 0.222213011816663 0.254159453529463 0.111909874915421 0.0565302283291376 0.0520548756291123 0.104151292180514
0.0346013683883771 0.140096155913919 0.181055068538589 0.153208888530232 0.00860728145149366 0.189032691158745 0.089955105896538 0.195237052781828 0.0082063873402773
0.211788927329621 0.0130944460953116 0.161100169917045 0.0088011033197402 0.0102753094092937 0.227864118223338 0.175505987179924 0.133867074324579 0.0577028642011484
0.0532029900697264 0.154791424728943 0.150647285380457 0.0478150445053218 0.011930081647261 0.183359632540536 0.153720684777044 0.184203847596343 0.060329008754367
0.00034523785450198 0.250058222343169 0.0288412675343382 0.0644177893803325 0.0607300487853627 0.0779183980724958 0.0676466228176702 0.281561990208274 0.168480423003855
0.0711617362065027 0.343389466490962 0.0875200926118783 0.0358339385568719 0.0248417528314379 0.123802232647301 0.0963411406475866 0.109470768329439 0.107638871678021
0.11018234549093 0.127792096384057 0.0366760686011621 0.218816742308158 0.118455901329913 0.127767965645825 0.162806558771681 0.0556468623740137 0.0418554590942611
0.126402152897406 0.196966752275589 0.185403434132245 0.0132423130666141 0.196203569543177 0.00953290618940843 0.0674036938990969 0.0541957886171987 0.150649389379265
0.0771204466340131 0.0665203790165096 0.0496776950709911 0.165371730915144 0.157523976075675 0.159906307694705 0.115028911116429 0.0716578803535869 0.137192673122946
0.0336941215604709 0.162836775507165 0.208349574626337 0.136107738052026 0.096281313025703 0.124802812929229 0.192320670386805 0.0106663299288296 0.0349406639834342
0.112476349427387 0.0108723881187554 0.0998988677957281 0.175329122931247 0.0586913405711431 0.180281976729887 0.0274885726146083 0.206582101170974 0.12837928064027
0.14882816096657 0.115614658135091 0.0498250153984175 0.135654461799322 0.0509629507527174 0.0498501569757775 0.185992969869288 0.137683796852054 0.125587829250763
0.178689706493571 0.175827398663265 0.0266052259584448 0.102824538723994 0.0158445076170003 0.215538877071523 0.0859572239054313 0.0557969997476589 0.142915521819112
0.0726463095499962 0.224076634747193 0.230707986957776 0.0127351740750193 0.0227371666434533 0.231609185354783 0.0372514395664195 0.0528772779321328 0.115358825173226
0.115537251378822 0.0362801889545026 0.099828477347443 0.0268047006848789 0.122405546222335 0.121444666100142 0.141708498211248 0.147926400923367 0.188064270177262
0.155089149813957 0.103582620646006 0.119476576597219 0.108629897522078 0.0894819489951977 0.147022697838232 0.10384306587916 0.0843176656012949 0.0885563771068552
0.00261984470961922 0.19942426806339 0.189891250762079 0.261405275046986 0.0320235766970284 0.06195577372615 0.168705828745465 0.0827556077617501 0.00121857448753151
0.163066255194216 0.206281018166485 0.046741865816864 0.082199467768974 0.0614466277030235 0.000852546407349221 0.0711751758040102 0.218310040590443 0.149927002548635
0.0718338121919239 0.0316012450765745 0.103788610808913 0.124250014134335 0.11218437027863 0.133716700368713 0.0871274755434658 0.17158269171358 0.163915079883863
9.59382028060277e-05 0.116835797059594 0.121708466393632 0.209669367116479 0.175557876573044 0.147306301816527 0.0416768821945196 0.000226182255736345 0.186923188387661
0.134700128153993 0.0734250296146093 0.130839231513617 0.139869348564973 0.131298412692962 0.0268091896963888 0.166921375632286 0.0384571821334885 0.157680101997682
0.109039427970695 0.154395235659793 0.167702771341552 0.130379897514756 0.183851515529266 0.0486399306074051 0.022694685575618 0.102452901087924 0.0808436347129916
0.103775502192608 0.0261812086388517 0.0977865509378859 0.092357047379092 0.220430460600209 0.0248406191226536 0.206221489106554 0.112798447014361 0.115608675007785
0.132888322210314 0.165645178669896 0.172144620901407 0.15102361924244 0.00325265198283122 0.107985956657391 0.0543765637710478 0.101477552114648 0.111205534450024
0.0502784362884384 0.185827084903519 0.0177265812590763 0.0956473118378032 0.119890641176173 0.125876225154805 0.142024279752887 0.188679378397253 0.0740500612300445
0.212013660229198 0.0750499801983631 0.0588236841081824 0.0286249746359455 0.0878400100205293 0.178877182449397 0.152248956001221 0.0207939771083406 0.185727575248823
0.222210534046068 0.142128245277487 0.0705923169175021 0.0956858444921919 0.0962616554946641 0.00808784992682148 0.0237966716477588 0.105154211833625 0.236082670363881
0.130130612895305 0.0431132527578944 0.0265208798098016 0.0803962540518304 0.144476859809471 0.23316529694511 0.221373170661561 0.00447775749619982 0.116345915572827
0.248206112686572 0.00674620324307848 0.0954327847948724 0.101305601703901 0.128154852522089 0.143187012956014 0.0190909983965296 0.0367319564848311 0.221144477212113
0.186979417881763 0.143129067416153 0.0172541248545636 0.122530916720581 0.0451864064664176 0.0225455969390172 0.070069492863768 0.27513039289373 0.117174583964006
0.0724998335046404 0.18204834927184 0.122961996459932 0.199933924324358 0.117479851693296 0.10203192716124 0.161188674931106 0.0301045756594326 0.0117508669941547
0.125130847585873 0.0362498624395076 0.113457862064376 0.0671393471887222 0.186466171622506 0.184921661229864 0.0320958777578027 0.0894775366690466 0.165060833442302
0.15468726981197 0.0470511604140478 0.02648023550843 0.0933401162566979 0.168297188363092 0.0564119115532483 0.0902006721432937 0.215532839077602 0.147998606871619
0.048162251645049 0.0759698311940778 0.165576654317279 0.220098577844554 0.0555541125291292 0.195807080029232 0.00671298945890538 0.230624101065318 0.001494401916456
0.0369950422967883 0.201408835689868 0.122212701099343 0.0919099565762552 0.270890406494427 0.118267120683981 0.0778505847508742 0.00486109131307035 0.0756042610953934
0.0507561185064752 0.155590228582138 0.00162074080819409 0.10003494064427 0.07593526132681 0.283188994265487 0.124474075215214 0.148902438923612 0.0594972017278
0.131489485564303 0.110818729177262 0.131238233498115 0.0615912488553937 0.0714823041046465 0.0359645173557089 0.210065572345988 0.0532350766288559 0.194114832469727
0.139426016499113 0.183423659849442 0.120821433207079 0.0186580140518693 0.18635065941249 0.0489198743083588 0.104850398779914 0.134254994105891 0.0632949497858417
0.0148761044559767 0.0106285936738801 0.215248620908277 0.220629161396917 0.0474853195959728 0.141086337319927 0.0854114751304637 0.0884015121567327 0.176232875361853
0.137047381732412 0.153017113840745 0.143116911628089 0.127629536199881 0.0119955404954305 0.0544327060886223 0.165759097786817 0.0653666067908686 0.141635105437135
0.133139151570931 0.149956897851224 0.132203903209408 0.146961546400531 0.167389519383271 0.0613212407250402 0.0482059349035567 0.0700614393131384 0.0907603666428991
0.0409052164400378 0.116794925927613 0.245930318927125 0.137838903752132 0.207752206562041 0.0493339543494904 0.127424361500065 0.0303040386275671 0.0437160739139287
0.154535531018879 0.142903684681313 0.156733722350125 0.0385638734771499 0.0378631617623055 0.0547306404031649 0.2140399400704 0.0397703997046238 0.160859046532038
0.163003304869403 0.111086481772757 0.101567686367969 0.16957321400295 0.0891834735530002 0.0909288406353678 0.160992017107958 0.0864610752602993 0.0272039064302958
0.170643876671108 0.123152148425303 0.0251948429647819 0.00754220043855441 0.170728017463731 0.149074253400908 0.167611147264867 0.0719154169336816 0.114138096437065
0.0179684706990389 0.12200371893461 0.11450640026241 0.114722501275973 0.166826131459335 0.0325647502525967 0.180943583833465 0.0951319419417889 0.155332501340782
0.114051503523945 0.0266236904496579 0.044266818543619 0.0517589525223342 0.125364943850567 0.17114763019016 0.192829436136629 0.17999392127085 0.0939631035122384
0.0987951106969396 0.177520941836869 0.00797231814843854 0.0913894382272524 0.0741566682001791 0.257362527889196 0.217343033352559 0.045490730867236 0.0299692307813303
0.071930398640269 0.0250450429437581 0.187372628911462 0.0451875908110754 0.190513842227537 0.194412045157861 0.0990809574424647 0.101447771001232 0.0850097228643413
0.0430138331471588 0.127502635946786 0.0733659828179521 0.18406423495651 0.240461510461018 0.0313089429825046 0.0240996454340889 0.229706089706027 0.0464771245479553
0.161352864108811 0.272612253258683 0.0987447869993581 0.123430599348015 0.22138461316213 0.0492887019477214 0.0279937929880294 0.0315711383761416 0.0136212498111109
0.147473718138653 0.173911111358698 0.03926557775094 0.0323062986642224 0.0964097670834646 0.171410624570576 0.204393699169145 0.117894257008775 0.0169349462555252
0.124561195285094 0.0279601801433142 0.130383857710579 0.0510565124870015 0.28346915629568 0.0527366304281489 0.212021476805766 0.114736408359115 0.00307458248530226
0.20080316593946 0.12085806472196 0.0623301595520086 0.109968253716937 0.0350230462972414 0.1039512422906 0.177633086315292 0.119787127122225 0.0696458540442758
0.198985315143188 0.0480160161533796 0.166955527256711 0.230764179467986 0.00054501151761735 0.08222644510861 0.0200644342911796 0.0909649380310121 0.161478133030316
0.00994052603954498 0.131041278588531 0.218574726344264 0.0415597010335281 0.035905829841758 0.068954386706126 0.168870802274878 0.0138771748578062 0.311275574313564
0.170699938002982 0.165576270623954 0.142289180046141 0.132057587476225 0.132533265128602 0.021478324676781 0.0905015139389006 0.105243487805309 0.0396204323011045
0.197614911030538 0.129826481185844 0.0332164004080646 0.0797476716137695 0.0809593425048868 0.122814464695908 0.164494414410342 0.011421936249608 0.179904377901039
0.0686050228747592 0.147758004560006 0.122938298245745 0.0603367244957849 0.073027942292774 0.159210436902504 0.0703871456963695 0.160820979744192 0.136915445187866
0.030549614514179 0.160365741454522 0.158892612334621 0.0374037416994055 0.168310576442963 0.0736158864308994 0.110772974012614 0.12406100180711 0.136027851303686
0.111185980627498 0.0554733465310433 0.123652954197315 0.0896291256095047 0.0595840418177692 0.0499560732821689 0.170819842656398 0.171896624236088 0.167802011042215
0.148179414505844 0.167955042961082 0.0870377358674224 0.157063056993937 0.123512026742792 0.11206569407908 0.134514804409215 0.0623135201044094 0.00735870433621807
0.140333843563798 0.0257036477718268 0.0838596292262839 0.124264396480553 0.178232912200702 0.105331103966796 0.156873242112424 0.159149111935387 0.0262521127422302
0.155928871472773 0.079094874451472 0.142980911921542 0.0329814048486302 0.10684898239495 0.201879076260998 0.186203344647659 0.0622404133135568 0.0318421206884192
0.0632671032599863 0.0477404711595526 0.159037410147877 0.029649389173889 0.165745578404581 0.153326483138641 0.0676469202430991 0.174840272121867 0.138746372350508
0.114988977707959 0.167228378257596 0.0263756267576214 0.0490225946306459 0.18624392285433 0.180080979411407 0.00219487430481814 0.0322062848139175 0.241658361261705
0.0644857739030979 0.00577955237968336 0.0782354583009565 0.190502785681373 0.298584278078291 0.080636440050338 0.000463590896811393 0.155101093781544 0.126211026927905
0.0549442317028288 0.156339853763317 0.0147650274404204 0.156658283188052 0.156852483410456 0.21884994174381 0.110925591607592 0.0845280216249259 0.0461365655185974
0.126842767875104 0.000670974184028079 0.201898279803855 0.0937647079048542 0.101795044922363 0.143403547329153 0.189225153283383 0.0712659210967058 0.0711336036005538
0.0318654298381831 0.193628320774446 0.181692266803944 0.200788888841563 0.0252631243581945 0.0842869187989795 0.109312867602978 0.156224637364725 0.0169375456169873
0.130888504861682 0.151552488365586 0.0451365369616587 0.104374275877642 0.033937908450718 0.0747455664057218 0.169066260463357 0.138012279053068 0.152286179560567
0.271544349544745 0.141810855619748 0.00452196818735733 0.0408371802525286 0.285656008997655 0.115486709991961 0.0269032806742187 0.0879219953167504 0.0253176514150362
0.0531062747776548 0.12256797927005 0.0810153038273735 0.15163879012064 0.0759436636851772 0.1199750341392 0.0973578733266031 0.108237984466869 0.190157096386432
0.0344280623119785 0.175552905565888 0.0982274972415307 0.0480460359625378 0.12200921498997 0.186843186893921 0.11688401245126 0.187936166993616 0.0300729175892971
0.152840801643022 0.114545832024813 0.241111618291533 0.0166862312665262 0.0781784430639256 0.120258946430662 0.0985339040080012 0.152557020013393 0.0252872032581236
0.152172735101805 0.139678940366647 0.120137480205234 0.0699568443826425 0.0410584480524851 0.081888949782394 0.146392102034954 0.188281782081029 0.0604327179928094
0.124469924561947 0.0803677625236046 0.0900879723778615 0.140871514516812 0.216948499667426 0.0476086819484983 0.0582535416928311 0.0434054554597596 0.19798664725126
0.125810897388321 0.0945034976717675 0.125362276143679 0.132336675489508 0.111117529117228 0.145523102388528 0.0752356182765462 0.133377447134789 0.0567329563896336
0.000203555037805307 0.0435452380495845 0.250678244412249 0.0937011717300284 0.00655032886079305 0.269733450743051 0.171118275609358 0.052527342662633 0.111942392894498
0.0330360887593921 0.10486660806129 0.238597948338955 0.293195436095589 0.0547120664708146 0.0990241717583795 0.0143267240119416 0.137586919851029 0.0246540366526085
0.00114503902865337 0.2074689028044 0.149299912595248 0.0153338967021149 0.125002821367666 0.149218554187723 0.0381264661052365 0.254535597231674 0.0598688099772847
0.10360019532637 0.0248819985346443 0.118687578125209 0.137725131640079 0.130264035911189 0.13874603047005 0.160220117458045 0.0245355176720854 0.161339394862329
0.262353294921199 0.00302559378758944 0.0519689454137442 0.111096039561413 0.144970418839383 0.172920899324522 0.0486535617765327 0.174282880521759 0.0307283658538578
0.203207289656612 0.112996479785353 0.139257339851594 0.0515750116591718 0.198663970689102 0.0183021399227618 0.0445062797056001 0.0710093270995557 0.160482161630249
0.0589200026937045 0.140425964045022 0.170488809996192 0.150436537272032 0.0999708297769785 0.029714430719174 0.15153997846311 0.0473562876867994 0.151147159346989
0.112261981681428 0.141852599619428 0.203228161425634 0.0614324922656374 0.0551370611353641 0.199437094227295 0.138846286975951 0.0295805537817427 0.0582237688875194
0.193215337204344 0.107647364003439 0.188593269608517 0.0771920945702851 0.103864848471465 0.00724305654959427 0.0216858624314394 0.208935240736635 0.0916229264242808
0.0385967246584464 0.173001132413151 0.11241525910567 0.162085688742147 0.018591006602146 0.200118603246214 0.0253658088766508 0.181300765954155 0.0885250104014194
0.00934304414801827 0.148727918975673 0.029717350677199 0.00310240006410714 0.150754884246443 0.143833556681616 0.128888860396568 0.196235066586271 0.189396918224104
0.206713657847147 0.083233593949579 0.199013509718395 0.015856520710524 0.205165039526331 0.0831680824190245 0.117615817411975 0.00202464173945133 0.087209136677572
0.160972147235486 0.00831421763703785 0.150961491302086 0.105850313431152 0.0831591139203395 0.0463576947980435 0.209678064173083 0.071815467324412 0.162891490178361
0.00524529950043936 0.122640278307681 0.137527062302006 0.0408583721407822 0.191417648759807 0.198827137652387 0.0236677696868383 0.0440360880207195 0.235780343629341
0.113143446975879 0.0976616348679053 0.153332080618872 0.105367886662565 0.0662052664581052 0.200428458012734 0.10051681768243 0.052257800108346 0.111086608613163
0.112768769145321 0.118470007057775 0.143800929413933 0.132177111922073 0.121899309430652 0.0427171258165894 0.124747005427844 0.0895576262308839 0.113862115554929
0.0523170702157374 0.171867344090696 0.0721404515950677 0.128364856355567 0.108239773141726 0.0565304287386463 0.18057540773414 0.0515920873131234 0.178372580815295
0.032273843915928 0.102603353570695 0.0729479656965722 0.0706007995578455 0.20495014665602 0.0669358623344776 0.112899456952168 0.290621187658357 0.0461673836579368
0.100355000884247 0.0637888878321348 0.211641118713704 0.0216474718930371 0.221590878833662 0.141079053948188 0.0131366129380156 0.216544784372503 0.0102161905845085
0.180245310520964 0.214826358776868 0.00658012433616095 0.100329623365398 0.138985334100776 0.0608741898214678 0.0658684749375862 0.13632064476213 0.095969939378649
0.102691804910931 0.0511951558514753 0.158184441134569 0.110127969160334 0.145075540415451 0.0879075645009775 0.0330310280959423 0.154327804368927 0.157458691561395
0.118174734511243 0.0871299942103039 0.147213062739682 0.174012285858313 0.114729228261989 0.121177287854068 0.148019394726751 0.0301532074840031 0.059390804353646
0.141326007906511 0.107446646494527 0.0715328093042231 0.158621864708622 0.170248435165942 0.036190904993949 0.0522273060197266 0.112015899309275 0.150390126097225
0.0622410845673081 0.162177542735363 0.0724308140651814 0.183795470146717 0.112743896397679 0.144439398563167 0.158521145648924 0.0810948196345174 0.0225558282411432
0.106179642097238 0.0890675172998398 0.0709959534303193 0.149161202726447 0.0872655438624178 0.175518199758209 0.109666186970336 0.0708123160973142 0.141333437757879
0.156974679756714 0.0709287810815866 0.167982555181736 0.0743945108256351 0.134722178224924 0.107263202029457 0.166731160948507 0.0751455626626062 0.0458573692888337
0.0618404454511644 0.0880284415055455 0.0160660950715317 0.212985333478162 0.17765506456516 0.0285344726870261 0.162807806114213 0.129502851662731 0.122579489464465
0.115920797941794 0.0881523172304584 0.0778639150689421 0.0384938799397209 0.131836699942707 0.177480214755573 0.152973784105593 0.0324245530556231 0.184853837959588
0.0389051652001075 0.0785670006904288 0.149873521391444 0.208039109657303 0.0299250311772079 0.0327615779927719 0.143072306647691 0.191247573720935 0.12760871352211
0.0446067124975189 0.135333660410426 0.0529536851251837 0.162571833575573 0.156361538202931 0.0532696526174126 0.123764596993902 0.0829736874569148 0.188164633120139
0.200202246162935 0.0752014685125103 0.216199570752882 0.079968430658236 0.0177506494198914 0.120578375681871 0.182053845285788 0.0877638991865863 0.0202815143392996
0.100168992916387 0.114112753076627 0.155664273929412 0.0875169960901685 0.0644072477746614 0.154259212543206 0.120541196746934 0.038239141148337 0.165090185774268
0.195698739389288 0.00999861653435142 0.117522415736849 0.120189400874759 0.0676061495395818 0.114318483236931 0.169485555386472 0.17436799225483 0.0308126470469385
0.0983565061190526 0.110834590089303 0.175403057131613 0.0153202836532155 0.0983769367111108 0.109538461116677 0.140691681455628 0.0687145854494041 0.182763898273997
0.0803824347235168 0.111500450910266 0.120249198237009 0.0746697225969725 0.107226593005054 0.103650963688195 0.129773866083684 0.126770854669345 0.145775916085958
0.0604271648647783 0.118136533093878 0.154824072494668 0.134917763228906 0.050862156771151 0.0473293805169778 0.165559238721115 0.159665350844492 0.108278339464034
0.0533779614809182 0.157171087488577 0.152997459926817 0.145647196899326 0.0896194733313954 0.122602712750055 0.0515003937260113 0.112020201070545 0.115063513326355
0.0300179007866509 0.186924286896178 0.0815001144793692 0.238495883821759 0.236267726147054 0.00638296376152185 0.0502806134451588 0.0899088686949774 0.0802216419673306
0.110990817835633 0.0467158730788864 0.160110549787481 0.0341536138107772 0.129522173731439 0.140311422381038 0.00050969690329808 0.203181311989201 0.174504540482247
0.296273107245851 0.180831433265289 0.0361766418119454 0.0530783907183637 0.104458294839097 0.0608002547182233 0.0616243989667634 0.138995030378358 0.0677624480561083
0.0655608300125119 0.0667484605357029 0.00732713149780194 0.145234663744281 0.252459672136448 0.201803101160885 0.0340390649163032 0.191245833598099 0.0355812423979676
0.188565403243334 0.0800618295611523 0.209898677196908 0.0957702223963449 0.0507914014161643 0.131945678917814 0.13681536629116 0.0196689891686838 0.0864824318084393
0.118817319361231 0.0855892532942929 0.224457497208822 0.0226760631332597 0.0290214388304661 0.0885215077946698 0.250938875963624 0.0612149594898122 0.118763084923822
0.157784990076067 0.168606925804244 0.071457341937198 0.190191960042724 0.0285058838019449 0.0517959668322284 0.111261672086783 0.190606114367552 0.0297891450512582
0.169907290617625 0.133798553817709 0.120610598514888 0.0646102083895601 0.0656631418385306 0.0583020105323785 0.183321235450734 0.0836884616351457 0.120098499203429
0.115027736431347 0.0268941805052678 0.191612344328601 0.0786333240482374 0.151484526672733 0.0799947325084589 0.10292280489006 0.177560780220995 0.075869570394301
0.106941062705247 0.0883579604070547 0.0557620021921138 0.0368539662663448 0.170567808623622 0.148680780256589 0.192938012819121 0.123292207417465 0.0766061993124431
0.000473367310031087 0.0939533962902059 0.154237455575667 0.163680972084438 0.13539988680866 0.0327661133477956 0.159997772252663 0.156013353416437 0.103477682914103
0.20376433466865 0.171394433844924 0.0568593371904622 0.127534244266291 0.147745666314801 0.0740098782560759 0.08903608377809 0.0403887791017332 0.0892672425789736
0.17690784046739 0.11710668588843 0.0360160008948237 0.107670647779489 0.0596756947219407 0.118747189563203 0.0146639117058964 0.172265769366998 0.196946259611829
0.204305741841777 0.0244384119089233 0.074112696160757 0.0264040159976756 0.191740820803379 0.226705238001251 0.15958699130019 0.00437285358639699 0.0883332303996499
0.0151081592584558 0.170702241829285 0.136320881272201 0.251132298401576 0.18712675698011 0.00531348554796043 0.198920323931795 0.0263628980230041 0.00901295475561171
0.173916477083432 0.0687901091965294 0.204565620584273 0.147842419599836 0.109465495119442 0.00338933282697741 0.110458199740327 0.0214848772611211 0.160087468588061
0.115246803393173 0.0608236263710519 0.159157061997416 0.0846317099919586 0.120776144302744 0.148728824684609 0.162564355241585 0.110451805446767 0.0376196685706961
0.177003680817722 0.0933481045238701 0.0345415253323384 0.0688322656948158 0.187905828458584 0.0271318851728066 0.168941472486174 0.0515872676265787 0.190707969887111
0.0105408678247217 0.160657389582723 0.235543863425712 0.0942946639313247 0.0752448998671893 0.0270888162124745 0.231528192724212 0.148755490385751 0.0163458160458918
0.126438274500621 0.100750033696489 0.0622486748518168 0.176948552615091 0.0598437092462762 0.176204917587343 0.0879090627998497 0.100392979717737 0.109263794984775
0.110887160408395 0.0511183727315883 0.0564011813064808 0.0111772035760298 0.176319852373664 0.105604678112112 0.259673631604373 0.184157955571861 0.0446599643154967
0.115591750907618 0.168759222195985 0.0733222839700379 0.158531798574038 0.0418191810313402 0.143226192119847 0.0634594935485707 0.137259531013951 0.098030546638613
0.162876903925214 0.170632433053532 0.067661841469777 0.184112912199382 0.0927348814565229 0.0943578147606859 0.0803271427834408 0.145108300332739 0.00218777001870617
0.0404993626799345 0.118533160845237 0.0823383768733224 0.138904181128248 0.183595151638593 0.129218588064544 0.133626993109025 0.070806031073034 0.102478154588063
0.2077542427138 0.012019996735835 0.00774414829899291 0.0118477554510581 0.163105987159818 0.0959185860630964 0.148278164473138 0.193820804439547 0.159510314664715
0.107707673315626 0.193309150993137 0.0610759863137837 0.0697415435443147 0.245461642834625 0.0737167395486603 0.215392812248992 0.0133884569940673 0.0202059942067936
0.0936799827471923 0.112885247369367 0.055147640688344 0.160248345809811 0.000814037119342809 0.187132707923819 0.236502634709832 0.136212066927591 0.0173773367047002
0.0206349454883627 0.222008302739156 0.383821441053352 0.174977594090233 0.100650111182634 0.0156086932811596 0.0165500427027648 0.054867181818825 0.0108816876435123
0.0881039499541803 0.0582961826118965 0.158033988803241 0.0229530920824618 0.154526510085477 0.165598494679923 0.121535415460481 0.0453577115078627 0.185594654814477
0.00560271243599519 0.248648895505863 0.046873673847047 0.20264738027088 0.0996817503427279 0.0677547546383344 0.0219097142546664 0.090464205565071 0.216416913139414
0.148528348458451 0.0626654761702654 0.0989554506794687 0.00841332524171971 0.195234527231338 0.163085190553453 0.0033187957787823 0.116574865327324 0.203224020559198
0.195467985184604 0.252898416510714 0.027768074974612 0.0239844880124434 0.0743262074945659 0.0888489093257877 0.11193838519414 0.0873612966373005 0.137406236665832
0.0137968127921911 0.239862953607026 0.0364295213854039 0.016584964170993 0.205939937055658 0.0219447153148835 0.162891425387876 0.139682461079551 0.162867209206418
0.18500802167689 0.0694420655386854 0.078164249761178 0.13902846501749 0.0827448200940536 0.100173373208138 0.0172288227707315 0.144550361794877 0.183659820137957
0.1348391777403 0.103900686471643 0.0984360420834217 0.107667179249789 0.125220108575457 0.0213009095404628 0.10893903738648 0.157201063582115 0.142495795370331
0.118479356967518 0.0319224605006481 0.170653917367519 0.0595458861332287 0.268239236783098 0.0554738381343672 0.113569103000752 0.142722654269798 0.0393935468430714
