0.0844310120291193 0.13099380905067 0.0607719234820923 0.149134702886662 0.16152987305866 0.158073625058115 0.0861198572009059 0.168945197233776
0.11474104887536 0.183749902690949 0.195415947094492 0.0644705645724927 0.0784074643283488 0.147964756033268 0.138405944312421 0.0768443720926683
0.1961083352801 0.0107919310951293 0.263519193355182 0.180140359364322 0.138374238506949 0.0880807365237117 0.0193412159377219 0.103643989936884
0.0286265213108983 0.238735179593649 0.163202347591826 0.0539031751816773 0.00340197401377555 0.186335904210405 0.133861687770011 0.191933210327758
0.168978794800304 0.0782445751843469 0.115898030451561 0.151861315140698 0.126475638568349 0.0846226537545997 0.14238355004704 0.131535442053101
0.190069632864494 0.150744906052753 0.125241612804941 0.188175344413939 0.0559423909735478 0.116622724570617 0.0439006992382766 0.129302689081432
0.179201779284231 0.00155822464089583 0.177429200212353 0.169107744785003 0.175740902297161 0.0763286863488312 0.0765971732717613 0.144036289159764
0.159140769290045 0.240311474643955 0.197215331320134 0.0673065645768757 0.0683168984521854 0.118480817778257 0.0155816969611948 0.133646446977353
0.15734171389944 0.0999722975323624 0.190888351018254 0.213278576790785 0.115258317872081 0.0402412042366026 0.0914500944670879 0.0915694441833866
0.0152512651469988 0.0154001524260218 0.244201029014738 0.0675670124000948 0.313223765591078 0.0305773770986151 0.211600923088508 0.102178475233945
0.201666097526416 0.195827884865659 0.0438147890376541 0.151730817787213 0.122798293828625 0.0557351055329942 0.0142078152435001 0.214219196177939
0.173658239620513 0.0202399517391208 0.160170523162123 0.0453149153948757 0.0286084891077694 0.180442719606729 0.167322104312231 0.224243057056638
0.123442149388288 0.0350788973486882 0.0827393349277369 0.0945351217226428 0.135342460999104 0.0162082430216137 0.202792133287455 0.309861659304472
0.140168712033223 0.0181508025677426 0.134000006601387 0.0645719445936676 0.224735297752532 0.00280388912762 0.197995922469871 0.217573424853957
0.0389678551734251 0.173405271361204 0.0343205248944331 0.197478573228769 0.0555672978259746 0.112655290242738 0.199248415674192 0.188356771599265
0.027718513678266 0.20394305129282 0.173226000786019 0.175391185690352 0.19965469355039 0.0585594594089508 0.00445008967875637 0.157057005914446
0.325112443806393 0.0871932327899138 0.203325865357752 0.0161915261284577 0.0176488316979456 0.148975203302715 0.0346294442584551 0.166923452658368
0.192575313691017 0.07281140418923 0.175017468940572 0.234454182948139 0.0708686778641318 0.137520257023462 0.0941697169918014 0.0225829783516472
0.164244159207341 0.0896358784079469 0.181977761155134 0.146413481634845 0.0956274339269222 0.161618225032748 0.0278583206606402 0.132624739974422
0.168895457444017 0.166155489936453 0.118612360418858 0.0472220126302815 0.125973306128171 0.148860856006187 0.0394201446424389 0.184860372793594
0.229667120007831 0.255025791991411 0.168658166527869 0.0668655376579187 0.0516014425029139 0.154032524005172 0.044489874009078 0.0296595432978062
0.107624514830238 0.0165645111389654 0.153142291187294 0.213357629827128 0.131156295823778 0.0363794196071799 0.151158593068714 0.190616744516703
0.0671412331382149 0.119609956365972 0.141086248165552 0.139426635522676 0.134330846143721 0.13386366899323 0.134003877465175 0.130537534205459
0.0275412918504955 0.0592860724488939 0.208372035144231 0.0790626690468766 0.105559917343542 0.097297102772769 0.214495133463058 0.208385777930134
0.195675281342625 0.20137457569873 0.0641055408905288 0.0574199634938627 0.188651680472557 0.0846821094712812 0.11670401707628 0.0913868315541355
0.148247196867878 0.110095872220748 0.0877040430974301 0.157545203571402 0.064762732230102 0.160556191441806 0.135394309475515 0.135694451095119
0.181184736897867 0.07722034003335 0.141335506404824 0.199587296144402 0.0716413435353193 0.132006170361195 0.109960447935878 0.0870641586871656
0.00829079569496869 0.159658937296101 0.0527698897933169 0.10802758838494 0.223465842067249 0.118053960120068 0.137757447117575 0.191975539525782
0.160075927971287 0.128533208863748 0.181862206747727 0.00458642876981584 0.148584474768547 0.184464974045069 0.0998825688662969 0.0920102099675105
0.100682107938369 0.153573312220919 0.17114281329113 0.155587754566807 0.0279723791729043 0.199762506210165 0.0449340752857588 0.146345051313948
0.234029591751032 0.137192701473439 0.0686966130684816 0.155322665978135 0.220185813580639 0.0309880578150832 0.0501052660747332 0.103479290258456
0.246859566769852 0.137804535696722 0.00256445117770553 0.194175124144679 0.157251142448544 0.0784768138172051 0.142533585225322 0.0403347807199693
0.0761849144420253 0.229408596328089 0.152359754016122 0.00456339460560706 0.20509957221393 0.200455400992272 0.101964268730337 0.0299640986716164
0.272556639141426 0.27080818737866 0.0436429163501644 0.0247622899074164 0.0607006667064868 0.0245316115686703 0.0689411807457272 0.234056508201449
0.139475926841693 0.142573102904174 0.162312877840926 0.150751463280229 0.0531817021048565 0.106280062643919 0.158700347143364 0.0867245172408389
0.0149622701705316 0.125730281469642 0.178790378204775 0.176075554141182 0.0196000058452197 0.194081221946466 0.174148607082448 0.116611681139735
0.00248729709659586 0.10344190415877 0.134389367643704 0.307166728469066 0.284954744834567 0.042912854562817 0.0302446491539709 0.0944024540805097
0.166996743432555 0.142527808021928 0.114708606949721 0.10862762027838 0.136802919785055 0.0658322807811583 0.106283859147484 0.158220161603719
0.114650172631066 0.182850599021247 0.232676315218444 0.169203983946774 0.123190488135332 0.0849231131048477 0.0863906016934605 0.00611472624882933
0.0700279498796201 0.147046332856368 0.0819449296867333 0.137021782031915 0.14644780651008 0.174106552131333 0.0645450809537101 0.178859565950241
0.165511578063423 0.195398734179504 0.00878126805887837 0.106701420509717 0.0845542189085599 0.169497600908445 0.0453100126076582 0.224245166763815
0.10256768556782 0.00407665767878362 0.101560518065783 0.0971021844395852 0.193348773297088 0.155458677818597 0.177086852427837 0.168798650704505
0.189291624484595 0.00771195366558918 0.0875133366453921 0.0604309643174701 0.14559654037969 0.10719562398074 0.235937569549229 0.166322386977295
0.243917901554416 0.152418522954193 0.0897299022168404 0.0450644404160493 0.0897758554478358 0.0120258961428119 0.0852247833242736 0.281842697943581
0.130649047336277 0.240150193298094 0.116091249319751 0.14588344022126 0.0171591734352374 0.241775575749717 0.0653326374814542 0.04295868315821
0.124206823370045 0.0305361698122253 0.0658656736006412 0.181025459699378 0.122596911145245 0.220536696797802 0.128571786575753 0.126660478998909
0.148393414100732 2.61685915633018e-05 0.281119843441664 0.164464806864488 0.0568054003664993 0.212512204995981 0.047867605094637 0.088810556544435
0.274006143012507 0.170922141403756 0.0375036578277131 0.126003150859724 0.0548647946271293 0.044811352117368 0.250626282405591 0.041262477746212
0.061095182084509 0.175174880534873 0.121221128476979 0.0635207431457676 0.0251241349811433 0.185941520527186 0.162690400478509 0.205232009771033
0.139728350840514 0.20065594976525 0.108343701889971 0.266081867779204 0.121419304167809 0.100535592613578 0.0440829271065892 0.019152305837085
0.179745436480755 0.0700044230166807 0.0636702639975702 0.140758404569052 0.216762204279783 0.045312607200706 0.128112402528469 0.155634257926984
0.159777320003215 0.251329558661596 0.156737203728312 0.0105679229961719 0.0995364800131957 0.0304772656087454 0.224165580940496 0.0674086680482675
0.154769466419301 0.0372315426115496 0.154886458568117 0.0822517428118312 0.151204973379981 0.128712574245459 0.204422856888895 0.0865203850748666
0.163828186237543 0.140755123385887 0.149293624225328 0.0474776734133759 0.123683611397749 0.179188949043975 0.105133379763895 0.0906394525322464
0.122546806545102 0.077456381696369 0.109295611692776 0.146874247019801 0.0520633105837599 0.225554970035226 0.116787062036018 0.149421610390949
0.138404331918449 0.125627627543946 0.0546045922319039 0.0663756887234759 0.163476965630907 0.299518009925678 0.0167058520463084 0.135286931979332
0.168097948079177 0.241864980257567 0.0341391716086094 0.00891196189810329 0.129517666572677 0.248156068240235 0.122783361357975 0.0465288419856566
0.128359069254906 0.00849439215727203 0.155636353907914 0.156871564359538 0.237889256357878 0.126388884603444 0.00273769267418405 0.183622786684864
0.0557851999038609 0.208002339610202 0.059143451071017 0.154867695487599 0.0908990306195473 0.108293846716283 0.19003144745849 0.132976989133001
0.162835030223646 0.170782089408959 0.125098425023242 0.0969287958196436 0.157423548434647 0.138128844770977 0.1382800309575 0.0105232353613861
0.147449795534738 0.0962228637354602 0.130408705557704 0.149035263930557 0.152443902607674 0.127006084316675 0.115862154209915 0.081571230107277
0.091868522595902 0.129248654780639 0.131044410727756 0.175265302911505 0.167330504513983 0.0863794487676065 0.157379998169694 0.0614831575329148
0.20890882608543 0.0453687559260352 0.111589013860643 0.112665496894824 0.222597856199236 0.0535521694062016 0.144553037190604 0.100764844437026
0.0364172584208548 0.0709734807310508 0.134302014315471 0.0638907341725704 0.223067217031783 0.0973478080879912 0.172119228775227 0.201882258465052
0.0935324888731729 0.19236873805783 0.0404111992896214 0.284800766005807 0.216877143203584 0.128475858354276 0.0216132712814987 0.021920534934209
0.137658573412688 0.0477247788195035 0.0742425471028285 0.176089883885226 0.190515691709851 0.171637667600077 0.150379427200506 0.0517514302693196
0.146992391416214 0.0508698251662745 0.0561686389043375 0.176017371753375 0.0891843890697568 0.166399166017021 0.164401748727765 0.149966468945255
0.206241622566994 0.0939303572290595 0.0852641679679992 0.242495744176912 0.242383752692863 0.00756386180612388 0.056489470641513 0.0656310229185347
0.0155517631638928 0.0881045011943951 0.106256365666362 0.119482629634856 0.0739998611060661 0.187474351779426 0.125018575623776 0.284111951831226
0.16966149727958 0.184593318004375 0.128296125763971 0.179265186595114 0.0179647184467313 0.0397046656414349 0.0426944910668835 0.237819997201911
0.057628790281521 0.112251016717019 0.187257258388375 0.238420616027431 0.0177659614731685 0.252873006079954 0.119036396600642 0.0147669544318892
0.0341041767400819 0.201947868724276 0.207586413089157 0.137996051315597 0.00479837742357283 0.282164519294646 0.0500491453714914 0.0813534480411778
0.0462335524667925 0.115713220270848 0.0896154478801397 0.244221145612923 0.126754486721258 0.0908625932614023 0.279670083245372 0.00692947054126427
0.127879808312829 0.104994709399265 0.165121329112128 0.093538204960843 0.0938417874352877 0.140927925025837 0.0728845094224773 0.200811726331333
0.261922903524784 0.197178601058376 0.080636469686045 0.0608899902776683 0.0416796424367518 0.0683747173747334 0.0906200132880319 0.198697662353609
0.0452292290871672 0.081342699716369 0.240832292416927 0.000820072145533732 0.0631676482809983 0.0230055362825246 0.239163530415964 0.306438991654516
0.0910951409905103 0.14887387365955 0.107176693070905 0.239795930913663 0.098777796513692 0.00616637896402932 0.114223725304256 0.193890460583395
0.215255354911086 0.081500224434703 0.126037467895713 0.224509554167919 0.00268800200257426 0.188935461685726 0.066316863546566 0.0947570713557129
0.0625337132191606 0.269787211533129 0.0513445724417733 0.205829353603278 0.0226707803219727 0.0902015629017585 0.141350235872524 0.156282570106404
0.133427803166169 0.286013597578147 0.0485715166936645 0.15813360331594 0.0321386414207846 0.20657303214912 0.0587266399549844 0.0764151657211908
0.171385290466789 0.165333015774752 0.0519758396611986 0.0505594886634067 0.180326602165743 0.101807259043939 0.153441388764698 0.125171115459474
0.167034267623548 0.0897817934304927 0.19888479533807 0.0139257924624833 0.108728152581806 0.119816342567692 0.220652940712007 0.0811759152839003
0.0560751838654292 0.0998696079113706 0.170588928536537 0.122878741698118 0.0372450362900477 0.232250184315099 0.263329860134026 0.017762457249372
0.00181413515329807 0.050479647507493 0.214542930987095 0.208490732120428 0.295748870804637 0.128165116638381 0.0273372977590528 0.073421269029615
0.154188109202639 0.0700672297606852 0.0500243938231788 0.189664565931269 0.155240888660559 0.109053105007575 0.096258713696174 0.17550299391792
0.289338189712557 0.0926434973328663 0.287050148230447 0.0424766969509609 0.0709590191434407 0.0047150337242036 0.177103107134177 0.0357143077713485
0.0960901967357974 0.146090745770943 0.161381566443639 0.0778804607648763 0.170439438592319 0.0259755179530798 0.138927828696812 0.183214245042534
0.0147440638438336 0.190523688144243 0.135681446033882 0.1691893070626 0.0672895767420796 0.176244452227664 0.195734465898034 0.0505930000476645
0.00605472672371738 0.187593270133798 0.195501863452058 0.138754011396268 0.231316516363481 0.115782667359816 0.027406178208155 0.0975907663627059
0.0719899013398348 0.306066908449469 0.117465749145181 0.0865605882453824 0.115195919741198 0.164884854926779 0.00183502970001086 0.136001048452145
0.117715905974732 0.0244008619034173 0.0316352362334895 0.191150284851854 0.102299447806335 0.210364842515833 0.107996725169101 0.214436695545238
0.0359518646747708 0.103881831622489 0.148239843646311 0.0108069829670091 0.204632062335887 0.150176631436485 0.208738767151874 0.137572016165174
0.109428161546092 0.170312349656453 0.16318518505308 0.190733388723523 0.0710912155292591 0.118551661064651 0.0177364501658383 0.158961588261104
0.00762809720331227 0.0916024761014149 0.221498623831363 0.0763939545189635 0.237223015088892 0.0907171374544011 0.0601489240834145 0.214787771718239
0.0912634341561502 0.21910732591062 0.105795174299599 0.180338770642544 0.03047694850299 0.0945965768680874 0.214889032902616 0.0635327367173934
0.0207593436999377 0.174629597223119 0.22516819673632 0.205189034038426 0.0293727587191926 0.112314077859612 0.0668677224520833 0.165699269271311
0.0914798371827735 0.110543188481185 0.155322962235567 0.041520782328251 0.137333728956779 0.140231093684354 0.17086114757795 0.152707259553141
0.239781102134493 0.1615203618989 0.0788865842776357 0.305498379740665 0.148214577395964 0.0534080774846572 0.00495962222493077 0.00773129484275437
0.122528900579692 0.0320348372665305 0.232512749106983 0.0898609170223745 0.0734908071074977 0.0263314868374903 0.213390420411572 0.20984988166786
0.150328827400697 0.128816388996834 0.025065538301766 0.083605885193517 0.162104715727841 0.181347604509952 0.16896373053698 0.0997673093324135
0.0322811627145792 0.176017995459406 0.249503412585733 0.157020729428593 0.0759524104118973 0.143095476837514 0.0851728491463192 0.0809559634159578
0.318862282065712 0.209231942813645 0.0290991899362454 0.131354704229987 0.0281447206954391 0.0796361763442738 0.154201730108032 0.0494692538066652
0.128164803358611 0.0593383246034493 0.0744840518065159 0.159910615638383 0.174884229823015 0.0815632126131305 0.174640212722201 0.147014549434694
0.176906249300192 0.0736993893316546 0.102801150750123 0.100414975975346 0.178434259359138 0.125175549902892 0.170289682869971 0.0722787425106844
0.121440618918694 0.0927024773756183 0.202795846389721 0.104787359371007 0.211365539955232 0.131002800334483 0.121015085025465 0.0148902726297779
0.0497371886286093 0.193638244803824 0.113790167445119 0.178924196351156 0.14440824629824 0.140471279653551 0.00375993235616293 0.175270744463339
0.0594612164637725 0.188126625563779 0.110452849994209 0.0906297037876273 0.172127532524076 0.127956053450957 0.123036903215456 0.128209115000123
0.19642668331656 0.139105025459179 0.128210849381607 0.0555546361590635 0.127425351979524 0.128228945255294 0.177060649761717 0.047987858687055
0.0709762255438029 0.300117235637381 0.319862956377968 0.104024700104345 0.0200385468726374 0.0380523952997359 0.0354759705427226 0.111451969621407
0.158973487361281 0.0551415486369096 0.104151509239702 0.236476222152169 0.0813959032351111 0.0145965926685203 0.19122828198175 0.158036454724558
0.166070092462565 0.193274250438422 0.0448499492011321 0.217786526721129 0.0612797466074053 0.0780714969867482 0.219204318250524 0.0194636193320746
0.0704843960356093 0.191989584636231 0.118749090208077 0.181521842261754 0.142233282023993 0.184044387727555 0.0239559718897798 0.0870214452170006
0.164022404081269 0.0992445747578206 0.130875851231969 0.126580943079527 0.138546944346204 0.0639120046557228 0.153131701642485 0.123685576205003
0.0390031594112133 0.162296905097699 0.118170785522884 0.0630867494799923 0.21274879402756 0.169931004956266 0.145616416149174 0.089146185355211
0.110387336814994 0.230298773004933 0.133280494093079 0.0173952454978153 0.157523783220776 0.160610006531475 0.0667301027681302 0.123774258068798
0.157371241260428 0.0438866701868177 0.071817336334039 0.184814000536482 0.00762196667822984 0.133483173273808 0.204368098113621 0.196637513616574
0.0452378643256974 0.154467080097013 0.223831855356751 0.0761568400333181 0.174972846764973 0.113765276848628 0.108975590375738 0.102592646197881
0.015574154414292 0.189720236268364 0.107653198375813 0.185311868780969 0.138765309958612 0.0982468725147039 0.050691541702884 0.214036817984362
0.108918863166463 0.0798042312809566 0.0135928386366917 0.232777076885136 0.199160331175371 0.155546983996441 0.0964442886522133 0.113755386206726
0.0805070980813983 0.0360596344244738 0.07043397532475 0.233605494577948 0.02036832645657 0.227524882133964 0.192916948406675 0.138583640594221
0.0811126799843121 0.196940372281652 0.160453587001093 0.123796927109201 0.194460860474085 0.122118639704137 0.0765990096341495 0.0445179238113706
0.0714184818863898 0.188512530550198 0.184197947259095 0.0235659751639583 0.203243652719164 0.0998716190623142 0.0660243345826256 0.163165458776254
0.162127751983937 0.180117396845043 0.0816147202602041 0.00801076912964377 0.135462066703935 0.282255445707869 0.0850344801277327 0.065377369241635
0.0750992703309459 0.116796745647342 0.26398111729582 0.00749208605666249 0.242548551041044 0.114903115924061 0.139044040810872 0.0401350728932537
0.248913841943082 0.203105782981009 0.101022313569119 0.189136921804608 0.0466210990274839 0.0975364075816298 0.0898636982044875 0.0237999348885806
0.150473789597203 0.00274514029137433 0.150807933467177 0.16934294979848 0.191474324949393 0.126399853743903 0.0865250202412812 0.122230987911189
0.00950563497509599 0.0654476293075357 0.160462923031723 0.0944703019451855 0.193117860617337 0.19490893770085 0.0569895338626619 0.225097178559612
0.0659814380243797 0.188806981161664 0.176827448486126 0.140945581266974 0.0303163298767015 0.0811076511835946 0.139434974529727 0.176579595470833
0.0134059836208569 0.236886812067115 0.243383947958082 0.128482793173695 0.0376568099921403 0.0207184980064224 0.117737387552078 0.20172776762961
0.167606757027844 0.00372453765724743 0.240933450256052 0.0488320001995151 0.258530813869253 0.0254438504078546 0.00922285886068715 0.245705731721547
0.161247879005329 0.160229808674223 0.124125030212157 0.00276860517345216 0.109360647608459 0.0936100730106071 0.282759912475374 0.0658980438403975
0.190960032421519 0.0175376625860623 0.239343709796752 0.192038536073427 0.15150106035649 0.0499895648204211 0.0490115646258079 0.10961786931952
0.105675673160483 0.154713539148748 0.0845771432163365 0.0601832069357029 0.016310980436488 0.227220921500041 0.198120650220123 0.153197885382078
0.197050652320425 0.146649403793158 0.00176474242004549 0.181107271537548 0.122864593784117 0.110325600919856 0.128641620964844 0.111596114260008
0.0379532118710828 0.0708369884256925 0.0238496154897714 0.13907438720297 0.227280596647573 0.229734165272588 0.0463610538910731 0.224909981199249
0.0141810668518028 0.170612512819892 0.123791626722894 0.143111898041948 0.161922959863202 0.148353816473427 0.0376981192785016 0.200327999948334
0.217642654456048 0.131212078011336 0.0944500222394812 0.183722568432423 0.0296148243714422 0.140666759382952 0.169149227376164 0.0335418657301537
0.0342671976279007 0.24492145986984 0.162644746382784 0.0993966980860021 0.0157955319836914 0.118172846386803 0.166130433195491 0.158671086467488
0.0180695211001626 0.165944582189033 0.0649785259747675 0.295621263547727 0.0289221552616092 0.059621910601621 0.356193306886028 0.0106487344390512
0.0655025900455464 0.100638928769509 0.0314789904312345 0.0432787677338231 0.122302715644782 0.196129894469453 0.216115929991947 0.224552182913705
0.149856538028581 0.181327462269443 0.207667716539928 0.0387345034825091 0.0794499182036483 0.109029876650163 0.0365664832928674 0.19736750153286
0.19632474285169 0.158073344959555 0.0407232997201022 0.0298625007324218 0.254958385073392 0.0595963921032463 0.0356314675539164 0.224829867005676
0.00941905504578947 0.0481552755261585 0.250623666585148 0.212650486167946 0.154096406640248 0.0183380046809583 0.20288751465106 0.103829590702692
0.22299628964278 0.0160227849233827 0.0187063699508375 0.289116586963884 0.0215388711837679 0.0421184872557737 0.146448391040556 0.243052219039019
0.161513274654959 0.219079569748858 0.112721379165925 0.0334292965013934 0.0207221119934423 0.164677866424678 0.10967531142916 0.178181190081585
0.0837081518065595 0.0100414541448011 0.24085650600418 0.165389590603151 0.0593792617263118 0.168037763595535 0.12200689367253 0.150580378446931
0.132747390622625 0.148463340951232 0.172081828172818 0.139693749769904 0.148687886259453 0.00380656827410654 0.138351310922353 0.116167925027507
0.082201558726767 0.13881140220457 0.00435003886633975 0.201232541105819 0.0202484072679058 0.236008262737964 0.0912245770006955 0.225923212089939
0.226484183452145 0.162075377252899 0.256005957829242 0.119774923916662 0.0449867861922663 0.028268793191099 0.122810648049238 0.0395933301164499
0.120088628563568 0.0763109669624903 0.159370520785888 0.0842348444664012 0.147293786113813 0.184441644505773 0.151803585363637 0.0764560232384288
0.302889957158766 0.046790158675946 0.0692980751505819 0.065535641025233 0.00371612034704772 0.18691272064415 0.0533045681354754 0.2715527588628
0.185576554184641 0.193024970347244 0.136534565202098 0.197421316338482 0.0357113089999417 0.0722549379638699 0.0243209187597083 0.155155428204014
0.175847804497967 0.0990998867825269 0.121630758280412 0.202033049397604 0.0871722511915582 0.132368161114556 0.166330393286549 0.0155176954488269
0.0626820281956482 0.0852049999375297 0.164185221933768 0.167718639808764 0.0795473145776734 0.166666495050698 0.216810147656463 0.0571851528394556
0.195081942773947 0.200204127471206 0.0600629025418016 0.110097357978622 0.0418096388560968 0.0599089318094192 0.176798867856636 0.156036230712272
0.197491042246601 0.262527701695774 0.0171592607356188 0.0345220176006286 0.270324142634029 0.146771130651884 0.0217264668294065 0.0494782376060585
0.265125610536303 0.173188772387827 0.0267211482236757 0.129143648599866 0.137789939068991 0.0731337310182952 0.120001473998719 0.0748956761663225
0.0759926835721916 0.100474021619009 0.134289456427525 0.158292518697812 0.205556347009543 0.043630913619937 0.0964407938122276 0.185323265241755
0.0928766333286006 0.143600644449905 0.0955848394659097 0.0426621349505999 0.190308945611774 0.189456952468144 0.0790451056279544 0.166464744097112
0.208874403554112 0.201979528765123 0.0316701284991286 0.155999685329867 0.132275740949068 0.188866755883945 0.00424043111861944 0.0760933259001363
0.191240733367351 0.0361037980153837 0.207096349557118 0.146279639412208 0.0836233906097201 0.161268425164753 0.151359827317595 0.023027836555871
0.152585793538154 0.257766880272994 0.0838857503507114 0.0443454955198417 0.0560999444674124 0.132169396422745 0.156486856754325 0.116659882673816
0.199353101780839 0.0890595329142281 0.0922637602023354 0.0210449672311257 0.149531873752604 0.0609561856349558 0.207049681892333 0.18074089659158
0.000350515759803564 0.205744048074349 0.215988938344036 0.0216713102792102 0.225115769012506 0.0917974847728084 0.021108399503185 0.218223534254103
0.000681387477894982 0.0407778285583042 0.205368271637919 0.138122313790311 0.0741612851539207 0.186439352875929 0.12503394396142 0.2294156165443
0.147634260061683 0.148853233733558 0.121291042781313 0.0662524868660515 0.139477390815603 0.130258058830435 0.125847037967058 0.120386488944299
0.0198183040355573 0.222650388944257 0.146080499118247 0.0836247225089946 0.248656554206049 0.0125754023452828 0.0639865697472352 0.202607559094378
0.0377933555314889 0.139524642770498 0.146906215988592 0.206171470173371 0.0663845704448803 0.0729408989735496 0.0813582176205008 0.248920628497119
0.168560047341182 0.163418384113626 0.0906639659752161 0.0852378419191047 0.0305055211883034 0.152105080569533 0.166343852336579 0.143165306556456
0.0262787611233249 0.0547452623164538 0.121620529838255 0.174509822085596 0.250300868648899 0.251719455200365 0.096914350091368 0.0239109506957389
0.201258440469058 0.090682052065846 0.129665038699744 0.0690845419751955 0.0876893317841466 0.040631933983318 0.184373365150252 0.19661529587244
0.0865353041106396 0.132272812547169 0.122738518629664 0.00126843482744427 0.208434496449089 0.197313278038751 0.232422139751521 0.0190150156457217
0.145807022402345 0.17808870742937 0.14584626203345 0.0995887942183655 0.18679569350147 0.124753719860422 0.0681857631192133 0.0509340374353649
0.0170247551563955 0.222089315087237 0.017216590051429 0.224427231289509 0.255762534607905 0.112887936481043 0.00846924786227983 0.142122389464203
0.134829618064914 0.0963383841856295 0.0673498614142247 0.144510612709985 0.163300113901453 0.144638304946654 0.106893359627049 0.142139745150091
0.102057443807169 0.203037110416758 0.0391217159682265 0.0371035992953997 0.13614367270435 0.0191698139902213 0.197967732325684 0.265398911492191
0.180485876345997 0.0251114352427895 0.163712095172464 0.162908975016013 0.083148730912575 0.0850291572153827 0.217756895031109 0.0818468350636689
0.0868084202047902 0.083259927958419 0.0766744446543433 0.248292239354022 0.206108165615517 0.175169717851666 0.000534449581576147 0.123152634779666
0.134519855378045 0.176315636922952 0.171491846959392 0.201462770422688 0.0544501692080765 0.031324741843255 0.142569001200379 0.0878659780652125
0.198975292855632 0.109933435329143 0.170752485889338 0.107112287168024 0.0562686673146434 0.133075496434449 0.0816126124867139 0.142269722522056
0.202707268865857 0.173919894856243 0.0237644256731844 0.0847968523943819 0.0747460142675334 0.069729568631236 0.192796199273791 0.177539776037773
0.27407016238466 0.118711131816222 0.156809257130384 0.106159461274004 0.0896434511990752 0.0618604675642368 0.177466501993266 0.0152795666381517
0.0812214322979903 0.175438715661402 0.000511298087293639 0.125713905971301 0.187262600055299 0.157687215893196 0.11584882321023 0.156316008823287
0.0807399465170895 0.24299398970529 0.0875812624193246 0.0970777565350184 0.270593138840603 0.0408235675021799 0.119981065171015 0.0602092733094804
0.190068877874876 0.173689236784644 0.169125779689269 0.0251728100961533 0.0700151002841404 0.0625033449263524 0.192986853163912 0.116437997180654
0.181027607650321 0.132154256783025 0.235716098571896 0.128127726857926 0.0380141225818617 0.178370403581133 0.0773987252790966 0.0291910586947405
0.15612195760287 0.162500910611633 0.185363018267105 0.177983798041368 0.0222068419551778 0.2001634998698 0.00978295248121027 0.0858770211708362
0.194239322658687 0.0487380014778959 0.221299695898063 0.0685567690269388 0.136221912759335 0.17221803511801 0.0744711016122351 0.0842551614488363
0.0439617814794189 0.0500075261421318 0.136879035027372 0.175481870814546 0.259109660203644 0.0557042210910747 0.230233982779114 0.0486219224626982
0.106248429059763 0.168879862569513 0.185069328871784 0.0959328609141337 0.0613782993435407 0.143021935563165 0.0963433965472622 0.143125887130838
0.046131991614535 0.0472078924467475 0.0604600750363265 0.0403925901053881 0.104536985896823 0.230601453278972 0.247819250212972 0.222849761408236
0.0252890223028872 0.131755374898986 0.14286024221065 0.17322152216623 0.181549364526863 0.189939988731133 0.129771508370918 0.0256129767923331
0.0361335158394442 0.17125322922462 0.17952939029467 0.0866819023482729 0.071811733388304 0.0948933595342284 0.1997164058284 0.15998046354206
0.116431411113988 0.00126012246495315 0.0514135501923566 0.141823054195102 0.109499092689967 0.294224799731533 0.21133494737026 0.074013022241841
0.186816214713862 0.187301687005206 0.0423103334948061 0.151342893898162 0.0873781901164999 0.151321864395964 0.0571334191384938 0.136395397237006
0.208467491350434 0.0270131546902316 0.119229652626749 0.175967595455243 0.0752900699984243 0.13033389818386 0.0826778406043955 0.181020297090662
0.0107824504899818 0.0242427285442466 0.197783167281159 0.238591564931696 0.200366226172905 0.0580893961560412 0.0875305464408243 0.182613919983147
0.118969466710789 0.0548788740860022 0.175450611985988 0.180959026331679 0.0810372213556787 0.171115272722836 0.134821166356303 0.0827683604507242
0.0171762406597 0.00990909796128172 0.156485262750228 0.188522622148784 0.0913251885222524 0.24076280510493 0.255291395396818 0.040527387456006
0.0448368508180574 0.0227426530982333 0.0406664930285985 0.225891814585645 0.100941538850067 0.0956507996214485 0.309628604418578 0.159641245579372
