0.256708152441792 0.234616668123993 0.250107008101521 0.0805941130455677 0.177974058287127
0.0743742229583192 0.239891294212722 0.249394139746737 0.200759806809363 0.23558053627286
0.238926578622873 0.338657544947577 0.0269724678127791 0.151705833144363 0.243737575472408
0.446843092180432 0.34959544027021 0.00935093612218537 0.0515872987947463 0.142623232632427
0.0898821747254829 0.35828985049465 0.0171313604043261 0.146816147872965 0.387880466502577
0.129185670204133 0.132189471248909 0.266303661554142 0.160128273185412 0.312192923807403
0.354237696586951 0.304967072018845 0.10563091041123 0.189047408815862 0.0461169121671124
0.213823441195583 0.167891124923596 0.271186156493285 0.151468559930321 0.195630717457215
0.122011102980051 0.284090902194845 0.226277803407888 0.203384965880798 0.164235225536417
0.154378081234364 0.284474110615093 0.204130201625437 0.139132424302652 0.217885182222454
0.23722757329306 0.225011208843459 0.212755372978905 0.196380327852371 0.128625517032205
0.207655260422233 0.30397168399802 0.0849610896340427 0.282369718853412 0.121042247092292
0.0338802042829742 0.275082958786805 0.11306375917667 0.243748042845116 0.334225034908435
0.212369144272074 0.205816025240589 0.100934454482508 0.24548268472841 0.23539769127642
0.359971570324423 0.0669873076237541 0.43666552955933 0.113824877610186 0.0225507148823074
0.161080682712417 0.216971521316474 0.0193284703019465 0.274028499210592 0.328590826458571
0.257744373939981 0.212585990503463 0.0737912658948138 0.0699893308301342 0.385889038831608
0.413407671619318 0.0490472221602524 0.00815651399865069 0.275133878905166 0.254254713316613
0.0736503541904971 0.24802222393799 0.246276011882378 0.362385097919857 0.0696663120692783
0.466562486805707 0.0559078019006774 0.131021053526905 0.292144910320412 0.0543637474462982
0.210255439885868 0.209514262887121 0.0710377158087446 0.11090775102173 0.398284830396536
0.333147757317199 0.0846327883642796 0.0617402844582533 0.154704431455771 0.365774738404497
0.129592951203037 0.259174296039985 0.186991511351618 0.275807936583361 0.148433304822
0.203961842536226 0.0673580954592624 0.259034898716891 0.228769338003829 0.240875825283792
0.0102767844099441 0.366512795081949 0.299440681761376 0.047537757826498 0.276231980920233
0.165526302768817 0.17254311949545 0.183328744443384 0.235935547964278 0.242666285328072
0.361737202277563 0.395345903747972 0.144992755350075 0.0675905016850219 0.0303336369393684
0.29255998592515 0.198941283574254 0.299447737324291 0.0191183245388555 0.189932668637449
0.32184505413517 0.158932933888439 0.12845986726246 0.378881059261448 0.0118810854524834
0.254178661742628 0.136475778652621 0.171305334802737 0.145327250187194 0.29271297461482
0.244345171229894 0.221598373296739 0.136747329483151 0.204482912519708 0.192826213470509
0.252001476647432 0.0479740542717522 0.246087213150125 0.214838605695859 0.239098650234831
0.31329464097997 0.0787871518848086 0.307984788307351 0.128478739670169 0.171454679157701
0.0740919812850716 0.284669355417867 0.124164160867951 0.417166050368924 0.0999084520601864
0.349266357803886 0.0187350362810735 0.146287262781965 0.404996325713034 0.0807150174200414
0.275814319421592 0.0590794795101798 0.215024719025289 0.0823862867867436 0.367695195256195
0.203696200659301 0.171632438739763 0.112965388742325 0.236688144166566 0.275017827692045
0.419883038301391 0.128784865815356 0.118398306750079 0.305869936993009 0.0270638521401643
0.100665761600838 0.0910006213409773 0.118139963257615 0.517198171535737 0.172995482264832
0.249055373053916 0.199606811526596 0.0283480825857537 0.0802472021569465 0.442742530676787
0.271233256287034 0.291888650519105 0.0253920140681369 0.230776510596694 0.180709568529029
0.230373809547957 0.135615341286318 0.113870640160688 0.248339991897678 0.271800217107359
0.408413227427648 0.217326273859587 0.110685267743434 0.0885687914265442 0.175006439542787
0.188153199372566 0.147501761965342 0.277178347954316 0.0573432369512721 0.329823453756504
0.0298889065338913 0.328680036465231 0.0696743281815782 0.306090241572685 0.265666487246615
0.00310374066087067 0.41206743138734 0.1481043641922 0.226654887683133 0.210069576076456
0.0915776306066944 0.303646567734091 0.242912964448722 0.276824455371137 0.085038381839356
0.315987592713299 0.249878854193331 0.103730092231314 0.26047550247532 0.0699279583867363
0.186497712398618 0.0379842326344741 0.210641431755185 0.0967098246423986 0.468166798569325
0.113428519669788 0.298287081671818 0.188623509827115 0.209175932634964 0.190484956196315
0.0367632469732121 0.444108575827578 0.000157821442159194 0.166003132144783 0.352967223612267
0.21063126638682 0.28509128659102 0.0927614278852415 0.194927130867911 0.216588888269008
0.430565416800382 0.117383826423042 0.173811556008657 0.0123617992907649 0.265877401477155
0.0504761760631942 0.320869512902551 0.294196028695117 0.0198964091298443 0.314561873209294
0.357140163795051 0.193627324658402 0.00687532762771032 0.0741854823712349 0.368171701547602
0.0518303136304934 0.339228275639667 0.0912422306740975 0.0822178460334112 0.43548133402233
0.180898578909818 0.140621436739278 0.487953780524458 0.0868382030768466 0.103688000749599
0.372924454367485 0.297899819864155 0.14103845036523 0.0859403267002913 0.102196948702839
0.0967795747875527 0.308385438942157 0.0984854496687206 0.194091829786729 0.302257706814841
0.337541575416041 0.221415492591077 0.0370446142322074 0.0849361271015623 0.319062190659112
0.448307086954423 0.000854170182278877 0.0597078223289098 0.0313951019996402 0.459735818534748
0.0170243492122547 0.304514184094532 0.383908126983509 0.245645564591804 0.0489077751179005
0.152459515366426 0.145794559607643 0.202100390499539 0.224076573140608 0.275568961385783
0.0665585916039864 0.163029058269239 0.293307985419215 0.208752134171745 0.268352230535814
0.0719764729721581 0.577917217701529 0.144784206160837 0.0808474658884852 0.124474637276991
0.263173019288419 0.0138761648043961 0.265822961381348 0.241421333392337 0.2157065211335
0.200965809630539 0.247180203124621 0.197246976681105 0.11446426189677 0.240142748666964
0.0688112736167591 0.26800544954837 0.20666477352518 0.203599905037214 0.252918598272477
0.139447792007782 0.209749721578356 0.214183871011388 0.176489066306804 0.26012954909567
0.14858951191889 0.118344914615582 0.285043192444915 0.118220030054462 0.32980235096615
0.208391320513983 0.341307706685048 0.243841255870096 0.0134911850707028 0.192968531860171
0.292805386140605 0.049230456667116 0.278697920212253 0.21516721711494 0.164099019865087
0.275161931215406 0.125001693797802 0.196346595922684 0.288035866490829 0.115453912573279
0.119419778478858 0.247962702301407 0.262231703730528 0.104710139930613 0.265675675558595
0.379524366556921 0.0811822337558546 0.32847418728446 0.0738671068148432 0.136952105587921
0.207953345858642 0.138996994620523 0.0928602647997094 0.41947772775449 0.140711666966635
0.203135704791279 0.213604512511382 0.295059451697555 0.170237884506535 0.117962446493249
0.160805588915629 0.243271177662322 0.232988454396792 0.291791726475719 0.0711430525495364
0.216545584792881 0.190467348855661 0.40757827679972 0.100370035883379 0.0850387536683591
0.203244813201763 0.394505647187244 0.080991875340613 0.190156064462384 0.131101599807997
0.178065172130053 0.280212022493005 0.0287091949759492 0.230773120487928 0.282240489913066
0.0930820103641721 0.416266633410018 0.239249083943104 0.00426601547997997 0.247136256802726
0.241004791512308 0.161969156013033 0.107350921144096 0.322353072359568 0.167322058970995
0.138287662073805 0.314375897794521 0.21644583152818 0.113723382399751 0.217167226203743
0.319610636056155 0.044722610885852 0.0822324518763166 0.154494572854168 0.398939728327509
0.198253984763899 0.410670375371479 0.378320810630943 0.0110653877721015 0.00168944146157734
0.234946558261193 0.059779110136454 0.273325220217638 0.175289506628003 0.256659604756713
0.417229936155091 0.183996728588731 0.0629738292214239 0.0674832268957923 0.268316279138962
0.196140597355833 0.140020736032761 0.0642318845670862 0.359734452172325 0.239872329871995
0.324406060841917 0.314719815274577 0.130022494644508 0.00522986552856441 0.225621763710433
0.0565654129823544 0.369749892545248 0.173557290288328 0.107805109977848 0.292322294206222
0.361056340581241 0.0754918850777723 0.0335551502444607 0.0785491165973633 0.451347507499163
0.447866602329568 0.227714803872682 0.173329898270045 0.132027109343843 0.0190615861838624
0.130629008269543 0.261855833404215 0.16376068151119 0.255213903905646 0.188540572909407
0.283623074459772 0.199614190529652 0.117224484424428 0.297587414492428 0.101950836093719
0.370872345362565 0.0158736193924774 0.226955121751177 0.0997522006036728 0.286546712890107
0.288357997276385 0.256792835053706 0.0358940745794607 0.201946234835005 0.217008858255444
0.272524373707701 0.192880868664278 0.0199766868422648 0.266629468528992 0.247988602256764
0.00138506403006174 0.552919050036333 0.30600696375558 0.0374160009713327 0.102272921206693
0.235399369063952 0.0443875961015294 0.13368419505025 0.250844798401173 0.335684041383096
0.380430031944606 0.115955260377093 0.0761314753506479 0.258702126244676 0.168781106082977
0.107416792452158 0.0492670000703399 0.396543099900697 0.022194514884481 0.424578592692323
0.0750978831591168 0.311329186703243 0.266576530276319 0.283961655288498 0.0630347445728229
0.34307003197549 0.390730931514285 0.213377381787151 0.0315225631730292 0.0212990915500452
0.0606754907539626 0.342634601329946 0.235239713614334 0.222928826942416 0.138521367359341
0.134304430703811 0.25063864300385 0.291989754915494 0.0657024045647888 0.257364766812056
0.251319394802557 0.207444279074008 0.226876518014921 0.191667762738415 0.122692045370098
0.18709505319633 0.00960365698323481 0.330338844755831 0.247371033222943 0.225591411841661
0.256232400122862 0.152585880849014 0.0545588914121482 0.292529571583994 0.244093256031983
0.260574631244773 0.0727035449905564 0.33756342980615 0.281137077211909 0.0480213167466117
0.151917450356632 0.300943895402485 0.175615796411458 0.244816368500666 0.126706489328759
0.145622355268191 0.00763675895056091 0.135526391917465 0.188482242470847 0.522732251392936
0.519263630996454 0.181205440486199 0.159932918856604 0.1219672844774 0.0176307251833428
0.271145976757969 0.293053390493423 0.206618969639239 0.11092738585259 0.118254277256779
0.0611973131790784 0.248553855705676 0.245866228232746 0.199029938434877 0.245352664447624
0.128764095852141 0.286808385048223 0.0513005278270754 0.240173858011341 0.29295313326122
0.24908479165952 0.00180129174198161 0.32878066880164 0.0871200058890027 0.333213241907856
0.08088430334656 0.358376249676144 0.101904467856778 0.356821547141306 0.102013431979211
0.0691957605383839 0.0432988824262521 0.245187645141707 0.318607625059698 0.323710086833959
0.0810045785705066 0.341876488618178 0.360972550709187 0.01798958073847 0.198156801363658
0.361181872778187 0.157243443109644 0.35746831485375 0.117101226010485 0.00700514324793353
0.220052823968158 0.182934897345517 0.130704606880023 0.247343544459852 0.21896412734645
0.304834964158305 0.331525399057438 0.0272124648385567 0.00270335336721823 0.333723818578482
0.349575734238222 0.0839996671444399 0.0788395500266762 0.390278476610935 0.097306571979727
0.0531014380323486 0.128786024921262 0.314836214021146 0.23247729944592 0.270799023579323
0.0632044198203696 0.124659719449923 0.243141921409464 0.228318059151213 0.340675880169031
0.20633756024172 0.2554466263821 0.249371980104368 0.0381862783859225 0.25065755488589
0.285360397293477 0.0641404883084843 0.0351923740860705 0.315975834935579 0.299330905376389
0.00598134584356173 0.496545327171198 0.0746917912947527 0.23825812338831 0.184523412302178
0.0521676888172799 0.20706534791593 0.204173427553516 0.268751031573087 0.267842504140188
0.209774035362334 0.36955552431657 0.193113485063247 0.135721407151596 0.0918355481062541
0.176766748462541 0.0782994045538352 0.30542322313817 0.148025782893645 0.291484840951809
0.26219723746103 0.231918395115598 0.0559926360217025 0.22080443558994 0.229087295811729
0.224329298052772 0.266103829930101 0.270781323127344 0.20653240579712 0.032253143092663
0.0508592789853146 0.230729053726078 0.193961900322489 0.240278312366356 0.284171454599762
0.104597414679695 0.167283842214681 0.0188904927731378 0.375533381949383 0.333694868383102
0.100545763025226 0.127255899962043 0.234268594741659 0.229944149759842 0.307985592511231
0.165974640576114 0.0447272649534617 0.0515595282073965 0.276867338430035 0.460871227832993
0.315977974185005 0.316681401106038 0.12194255734606 0.134205263228382 0.111192804134515
0.331319377446836 0.094938695648765 0.286369926717823 0.182503451335003 0.104868548851573
0.191892318262393 0.0305067865051756 0.231746248038407 0.3077169540126 0.238137693181424
0.274664120041226 0.200009288397869 0.0115112851150345 0.184084412725768 0.329730893720102
0.303422166310183 0.306097224495657 0.215775516153537 0.162349082167155 0.0123560108734684
0.299748353725037 0.0497111799067689 0.41924096411809 0.198292741224264 0.0330067610258411
0.166670215344657 0.125790996094282 0.353553851412076 0.194735662489789 0.159249274659196
0.296874160471331 0.0399306891810288 0.0504513283796676 0.257920170954511 0.354823651013461
0.274398891893751 0.404807978218414 0.00833944863793062 0.243158432114892 0.0692952491350124
0.180870906600762 0.480927966080851 0.0951837379723258 0.191085125313367 0.0519322640326946
0.0143574970416604 0.0616475581951679 0.282864254684167 0.434330989548359 0.206799700530646
0.0440119389662372 0.235131355279331 0.42839814413533 0.118800876944252 0.17365768467485
0.171811089892178 0.274067134111357 0.209786866038792 0.207682328051673 0.136652581906
0.367403266500943 0.117981326270816 0.307325910599704 0.151265668580143 0.0560238280483944
0.324203047940509 0.0358710689873319 0.137208339894524 0.302676326186118 0.200041216991517
0.116864661418013 0.222855547578231 0.195182318854608 0.30579791344891 0.159299558700238
0.281179191991526 0.0834529449744625 0.3815956674683 0.19279181669975 0.0609803788659622
0.145802254522863 0.229690003576938 0.286172562659104 0.158615688260251 0.179719490980844
0.160756365472604 0.149328435757127 0.039608543874782 0.070960587680349 0.579346067215137
0.412244690485935 0.0284506135309202 0.321814314503456 0.0440937122157982 0.19339666926389
0.318727268622137 0.335254359203472 0.180897577059834 0.118329461739241 0.0467913333753164
0.270528439177812 0.215275999435715 0.139750137634363 0.268671121402014 0.105774302350096
0.484959073010909 0.0919290852840648 0.106951930133387 0.0450720356477231 0.271087875923916
0.119091228151809 0.128393217834012 0.110254493143718 0.341993911202152 0.300267149668308
0.0525445358022599 0.0656086988251482 0.225807809073521 0.318492661958456 0.337546294340615
0.377382911283414 0.24242360997269 0.250908923022669 0.0672850513688596 0.0619995043523672
0.203067599932783 0.449482164780819 0.189470686802198 0.143612984798497 0.0143665636857026
0.288105156830137 0.216480483551503 0.0669093802721974 0.337581013279044 0.0909239660671194
0.151880929265326 0.369618286848401 0.113641304716051 0.35352503611542 0.0113344430548027
0.22552763498443 0.0744102803186973 0.243931001475467 0.0768421461931907 0.379288937028215
0.1811491312299 0.18108353412585 0.301543484116354 0.0551810012690719 0.281042849258824
0.198102119490932 0.237702482829079 0.282148122081181 0.238571715668684 0.0434755599301242
0.0608150851098393 0.254473879353182 0.239262583819054 0.384784547715618 0.0606639040023071
0.138679727644434 0.32484457922064 0.277511083850768 0.0201233481815213 0.238841261102636
0.0351537871959216 0.382943655112792 0.240281747976228 0.0458671120035963 0.295753697711463
0.369086857448439 0.123195558259407 0.209153558651889 0.218543283442859 0.080020742197406
0.0291030295423113 0.0472319398797028 0.234988976059608 0.541511143399133 0.147164911119245
0.238599007446244 0.0942262540618785 0.194992346162573 0.294603939007699 0.177578453321605
0.155715747849728 7.32551577932682e-05 0.24198718141297 0.353926671924465 0.248297143655044
0.231135373836941 0.108915272052213 0.142645873710873 0.271648223280924 0.24565525711905
0.229265405995695 0.43112633794927 0.15504719079311 0.127210296265788 0.0573507689961376
0.161339201718262 0.242811979565796 0.247581890406614 0.0895882477659707 0.258678680543357
0.141204271282604 0.0334351656334119 0.482241663410775 0.300247296500279 0.0428716031729305
0.196551701496163 0.18486558960787 0.210421474094449 0.0593852869003519 0.348775947901166
0.0544956849887933 0.327063019494622 0.246171279092501 0.159063107248941 0.213206909175142
0.260542246847173 0.0494566166985548 0.200964379606838 0.236026842093681 0.253009914753753
0.236983886658466 0.123127246298993 0.127389490852328 0.329026913601441 0.183472462588772
0.0771504354606227 0.266586060268114 0.205790318118992 0.20643394759869 0.244039238553581
0.209050777715876 0.275675464336593 0.12873917496397 0.114982315883964 0.271552267099597
0.0786590165480969 0.295149523108796 0.103934199668242 0.218566402964192 0.303690857710673
0.057179069213262 0.293356566001592 0.228532953460931 0.287321313372363 0.133610097951852
0.333125861081215 0.507585413307112 0.125272566671618 0.0257549872014061 0.0082611717386495
0.160364927120365 0.0951527164258269 0.272081458804765 0.419768510196876 0.0526323874521673
0.169713734601589 0.30471104812694 0.173775663079856 0.255678355711187 0.0961211984804279
0.200101332206408 0.323764826061044 0.279973141421204 0.19138552134932 0.00477517896202492
0.241652366904265 0.0600423043950025 0.40354376674656 0.249409219574955 0.0453523423792178
0.146385954428627 0.245780513172415 0.217844960894006 0.238973167006942 0.151015404498011
0.0900278934994212 0.153319999197634 0.101348087733127 0.369119555422249 0.286184464147569
0.172003023899239 0.274933404397295 0.21996538563468 0.0896358141356987 0.243462371933087
0.0138374018725155 0.267283530321223 0.202411204570721 0.296143997892398 0.220323865343143
0.101414986323821 0.197533882831872 0.0869800437048735 0.307791245623515 0.306279841515918
0.308889334539902 0.21990221701805 0.0276795933452817 0.103101441731737 0.340427413365029
0.12614060542338 0.333602333046928 0.0516625983669232 0.187278374970197 0.301316088192572
0.221838772291652 0.287323590467442 0.0229653055431418 0.22245302183596 0.245419309861804
0.0842125165919955 0.305846060958208 0.364519332828879 0.193571833211453 0.0518502564094639
0.154732147324888 0.107698361696054 0.164281788022645 0.310712464045823 0.262575238910591
0.131677591658838 0.396171095245046 0.0873783193047345 0.32910997290105 0.0556630208903318
0.278293459610073 0.307701997221346 0.0854206877575057 0.0646683282323172 0.263915527178758
0.181671924137676 0.292245185422568 0.286811494324438 0.105315829735869 0.133955566379449
0.304365207635194 0.246719518882611 0.0574854096105706 0.342356278741905 0.0490735851297195
0.0215139426349789 0.0297836903598311 0.0855780174851123 0.609043696434905 0.254080653085173
0.19628300549785 0.297403898578369 0.316892225772815 0.149593223014373 0.0398276471365937
0.331542847594931 0.334346679838366 0.255278457971809 0.0129645329626258 0.0658674816322671
0.270801548250182 0.117646799937586 0.152340609703859 0.17072090399861 0.288490138109764
0.0440224955299394 0.203079001756943 0.286836144857184 0.331913197786317 0.134149160069617
0.200920768044981 0.306325815895937 0.0725889421907706 0.180741179788001 0.239423294080311
0.0995996115454882 0.208928571560135 0.00844099871503789 0.236940864954876 0.446089953224463
0.216753526502468 0.329093843450034 0.289629447042416 0.11572382638212 0.048799356622962
0.163146058006496 0.291329927772134 0.14474041113561 0.235276098495948 0.165507504589813
0.17280370330477 0.0369947727374001 0.160975706177576 0.31537809184685 0.313847725933404
0.194953276042381 0.181451155423036 0.0616862956288377 0.33154393388582 0.230365339019925
0.12850100118054 0.343556764652303 0.303523336597025 0.196273352477694 0.0281455450924378
0.127848124137018 0.184939365040101 0.355178454679586 0.146504660451486 0.185529395691808
0.257411995467988 0.131579330464257 0.126870713783572 0.150206126834808 0.333931833449375
0.317875917950721 0.153677366996024 0.0419857608391944 0.280427022277119 0.206033931936941
0.130865792458376 0.176704005044001 0.197189052518189 0.234579114940664 0.260662035038769
0.227167526702427 0.0243899068511588 0.0495451571522205 0.246472885501492 0.452424523792702
0.278568563958173 0.282289699091592 0.0606456731026247 0.190045455288497 0.188450608559113
0.318973172295845 0.238736120210701 0.0238521856202849 0.0511664736945085 0.36727204817866
0.12956990207361 0.435727945390291 0.162913860364163 0.0728910768695286 0.198897215302407
0.247892507096462 0.0285278340716952 0.174408834056995 0.277471214364141 0.271699610410707
0.26375175335727 0.240711563765982 0.299515099227467 0.11536216550315 0.0806594181461308
0.161517343684667 0.128617846862415 0.110080472140623 0.298376544686058 0.301407792626236
0.270262657691255 0.223485013701419 0.178367094631048 0.174134685464581 0.153750548511697
0.0988067288609033 0.183779832512644 0.198063638035077 0.328009829474817 0.191339971116558
0.232553929748071 0.169125000771434 0.0392555986003039 0.290277348440401 0.268788122439791
0.184728954039026 0.254743687044316 0.165774102499964 0.110385054649858 0.284368201766837
0.323584692567033 0.294309552300872 0.156753755884819 0.215127318770115 0.0102246804771614
0.283658282455269 0.279805899508919 0.256951467657156 0.11225399948731 0.0673303508913454
0.526288958949696 0.041651223749459 0.288222053500823 0.0833330973469017 0.0605046664531203
0.119018761829708 0.0371941127397125 0.357051778914678 0.144410568366274 0.342324778149628
0.181187641442922 0.153478304548799 0.238062271598629 0.108480106442818 0.318791675966832
0.180978791399326 0.295666445841397 0.223526469459731 0.151606631944498 0.148221661355047
0.173614677088583 0.172591985911901 0.148977133845777 0.211144476063246 0.293671727090492
0.158005750215674 0.527746409945069 0.0419311899754551 0.216637490346027 0.0556791595177756
0.272370985672657 0.0382597232349451 0.390891023312427 0.0489280442974129 0.249550223482558
0.297455861273953 0.244630655484656 0.240057973047556 0.0103412956281158 0.207514214565719
0.246368899441927 0.167638561558189 0.173490553051866 0.242195562429157 0.170306423518861
0.111708869659283 0.144255578250058 0.309382216961926 0.125580986488968 0.309072348639765
0.260778733622028 0.302034542561384 0.0976762028829879 0.0917694963050156 0.247741024628584
0.226622776785133 0.187619620863512 0.264602481193035 0.207623576853561 0.113531544304759
0.204937002818495 0.152624321642275 0.206596076447747 0.247114377650778 0.188728221440706
0.00458832525963427 0.410708482848265 0.0253686578843309 0.378871499566331 0.180463034441439
0.15288109829869 0.106940057615353 0.385664060416239 0.0127041605907934 0.341810623078925
0.237346800054158 0.368733440294046 0.0625564234872169 0.157235201649368 0.174128134515212
0.0807874902970399 0.188968014682724 0.259692657530252 0.175856179230188 0.294695658259797
0.0579670813917745 0.343067545606636 0.184807426832971 0.14173941823965 0.272418527928969
0.112367424998521 0.0835309293653028 0.116267887659164 0.651397799032745 0.0364359589442666
0.310563677536427 0.0209129187477716 0.361695310735396 0.0477925272186584 0.259035565761747
0.34082971341585 0.162630423022999 0.139001885292485 0.130692218291364 0.226845759977302
0.31777488203646 0.185665978833432 0.0909785453600784 0.285557889541431 0.120022704228598
0.223909489160784 0.132087862520612 0.203983800642188 0.217066831806798 0.222952015869619
0.327765029811462 0.0584932954305451 0.0476492755470325 0.37506374070058 0.191028658510381
0.253902386176724 0.241013189826073 0.0601900705133452 0.414612751923656 0.0302816015602019
0.274426751330515 0.301191392127485 0.190134712046975 0.188265460687254 0.0459816838077713
0.366900048665462 0.269258135090431 0.144694430511888 0.178172520670265 0.0409748650619543
0.220915161267722 0.261424965612612 0.0076844650230261 0.2630999891981 0.24687541889854
0.28684239432161 0.218602121090798 0.162981530816281 0.289269742890303 0.0423042108810084
0.261678609717895 0.426723541436493 0.225678987448431 0.0117680371261494 0.0741508242710314
0.263287888914466 0.0638768611466715 0.000752668046733732 0.262430370480784 0.409652211411344
0.0997389380307507 0.0263398552854215 0.445403632220535 0.270740211612837 0.157777362850456
0.212239953131229 0.220062538167554 0.17633850857949 0.246193761948922 0.145165238172805
0.329003468901455 0.251143931105554 0.113056372921925 0.213461619756575 0.0933346073144901
0.095007653982471 0.229356971387188 0.176619061998837 0.23952628600668 0.259490026624825
0.0235320994966591 0.253383003622914 0.122947819539161 0.2607233511324 0.339413726208866
0.304259887314299 0.0826081600555072 0.299833038365134 0.271295338107969 0.042003576157091
0.166928256746985 0.259573122962589 0.272918004766895 0.121898755976391 0.17868185954714
0.193786952506179 0.331031555275987 0.0735121176520013 0.165726939365473 0.235942435200359
0.0500660564378671 0.201878825697352 0.178617908661042 0.118899437607412 0.450537771596327
0.333072025494698 0.203640565085138 0.112435482759951 0.336144801600839 0.0147071250593735
0.294810710793472 0.211329407455776 0.00621935694869888 0.419469534507259 0.0681709902947941
0.402052614751819 0.0292671624928574 0.0433443803427103 0.150326012287137 0.375009830125476
0.184374980702239 0.149493615331315 0.217726352817083 0.194747510851608 0.253657540297755
0.303917374155714 0.375264459888707 0.0678992859814091 0.0290586016462796 0.22386027832789
0.323643876449101 0.331361806809071 0.0250304553473294 0.248170114900463 0.0717937464940353
0.0561654799674675 0.273371491660835 0.10918284938476 0.0475606883510483 0.513719490635888
0.35341858071347 0.230198073809281 0.179440434513845 0.190518940983996 0.0464239699794079
0.00326452118185926 0.0108798002525862 0.423561898759658 0.0707542143008953 0.491539565505002
0.215960416147585 0.192344728721398 0.247982449554726 0.0658921998410731 0.277820205735218
0.11322255220734 0.375544519657171 0.267349804720235 0.170427550655523 0.0734555727597316
0.319008560619658 0.0802859436555187 0.263766433510926 0.0682665179826823 0.268672544231216
0.0940591445697272 0.052861760837976 0.363107423309572 0.25043459607486 0.239537075207865
0.205655873617291 0.234759399409048 0.0739100554024208 0.273200232480034 0.212474439091206
0.200128662352223 0.144230178082932 0.26382941315113 0.210936064607563 0.180875681806151
0.119294885392287 0.123287037660793 0.294230609485022 0.25959842535266 0.203589042109237
0.00771293358223596 0.305362858444588 0.354816475628625 0.301243041225316 0.0308646911192348
0.0794602814360816 0.18276116275819 0.306286074903307 0.150777594128193 0.280714886774228
0.0971674441220673 0.0708393354748095 0.124835029201765 0.289939260305052 0.417218930896306
0.0931524959138228 0.2763344556652 0.141436384247232 0.440940253603546 0.0481364105701993
0.414136689340765 0.38733799376278 0.117900255943876 0.0680043088521674 0.0126207521004121
0.135157904759296 0.241007994534408 0.2006825858753 0.192931780734778 0.230219734096218
0.365568628194474 0.0594796189324813 0.0622576578056779 0.291427019937902 0.221267075129465
0.0958311766979374 0.00968947021431783 0.316371947125821 0.244059079283911 0.334048326678013
0.307039841648462 0.127278031131626 0.266790186647311 0.115013122041188 0.183878818531413
0.148978413027828 0.262212987330887 0.0997188373933444 0.253702346867564 0.235387415380376
0.206472203108045 0.194515796431201 0.230270224841003 0.201846262904352 0.166895512715399
0.192226925604637 0.25759059182166 0.0154896201051402 0.254714008143243 0.27997885432532
0.0528346299413713 0.155630461580406 0.178092717734553 0.310871799570011 0.302570391173659
0.295526283922818 0.143663980231484 0.0154856110025056 0.172634079631615 0.372690045211577
0.241466150539534 0.25053239699868 0.22728028011767 0.0398613326740892 0.240859839670027
0.286582557991544 0.271847797576317 0.091445170621813 0.221500727308497 0.128623746501829
0.300827170709855 0.158782243014631 0.122994034502474 0.214509582310712 0.202886969462328
0.264133520908089 0.163221488776903 0.22833346564487 0.155351888370112 0.188959636300026
0.248354941584193 0.261648729835515 0.447201288792781 0.0107858778199777 0.0320091619675338
0.0601773590309277 0.347534855932951 0.100143352353312 0.273061871322481 0.219082561360329
0.199612880426254 0.214842286185401 0.283758957019484 0.253516399964349 0.0482694764045117
0.219736434319259 0.127070096241561 0.294205791637388 0.325651107813761 0.0333365699880311
0.31091145222841 0.404936506657769 0.18628447440012 0.0800016932657776 0.0178658734479238
0.080243498793319 0.291555716140993 0.0319837406655471 0.280511381922312 0.315705662477829
0.041220981325701 0.0968795557212796 0.391805074488429 0.356903487173683 0.113190901290907
0.118953294872765 0.158641163422926 0.0378990537272964 0.286258745464 0.398247742513013
0.0895782892195986 0.387573632979292 0.386339413729097 0.0139764299720308 0.122532234099981
0.230948202907569 0.15005663814829 0.259835955997274 0.0666239719653004 0.292535230981566
0.245878619157754 0.163770622476781 0.296611229480164 0.278999045882402 0.0147404830028981
0.145979816777066 0.292218192316114 0.218801485461379 0.18830106458275 0.154699440862691
0.255083867510122 0.0214303135361016 0.109845434075247 0.362537714998678 0.251102669879851
0.165579958388336 0.40131590562222 0.123579279112916 0.0463478088721207 0.263177048004407
0.149146357525619 0.165545768472998 0.317262562012644 0.0679644657480546 0.300080846240685
0.23284883792626 0.243494918863137 0.0713301516917745 0.321689603467739 0.13063648805109
0.225508547482101 0.160546108241901 0.221269517092875 0.231460253740348 0.161215573442776
0.17304019470205 0.192385771920365 0.225988867546175 0.271033084901929 0.137552080929481
0.224253575002635 0.212079964580623 0.288518759485289 0.135610719859032 0.139536981072421
0.319638621159175 0.0741189519410848 0.0988837664454374 0.394474650678275 0.112884009776028
0.17783329497927 0.264788869542189 0.217211576863833 0.25037528918915 0.0897909694255586
0.0524227388326734 0.0655989217178599 0.185160659945144 0.296624792251076 0.400192887253247
0.21620431338743 0.24305999359814 0.150451578425963 0.0756635777927319 0.314620536795735
0.0889020223846378 0.0107861111552879 0.26109949714864 0.309655217996813 0.329557151314621
0.12259220058734 0.246050612487182 0.251355796204462 0.32558274199081 0.0544186487302068
0.165762637551915 0.33570686938214 0.212872558890274 0.0583363738796675 0.227321560296004
0.266954146048139 0.210409750724001 0.249727752092252 0.0992330763352796 0.173675274800328
0.0208345998040314 0.184869381181577 0.258780119163635 0.267612309209709 0.267903590641047
0.13962449717296 0.217862950337522 0.352440293714255 0.0382102045540043 0.251862054221259
0.377796076514376 0.262686432065436 0.0712057111680427 0.0895619273152798 0.198749852936865
0.23041761040076 0.206657033273016 0.188790888143203 0.239307444635707 0.134827023547314
0.18012985178904 0.249175135679217 0.153002713868962 0.138136840856165 0.279555457806616
0.00647015151417329 0.14428099183807 0.39528083846223 0.125678254167059 0.328289764018469
0.0332205666724817 0.285209113051078 0.312727724304355 0.181504813519082 0.187337782453003
0.0165646925635166 0.327791122367637 0.0541723583790197 0.0685092703809602 0.532962556308866
0.277538608015533 0.240958338455277 0.235533548774277 0.126306764154128 0.119662740600784
0.369101837976346 0.0924398205445441 0.314235305518974 0.0725680904475056 0.151654945512631
0.198451607120163 0.273213681754979 0.232243626348501 0.230484605297535 0.0656064794788212
0.479203645984235 0.0992341086578208 0.062916337046717 0.199040254235809 0.159605654075418
0.163559213350604 0.334621937143148 0.272201876101253 0.0188414854882753 0.210775487916721
0.0662680778138481 0.332255963359909 0.289116319814775 0.233398850158754 0.0789607888527132
0.15013199103669 0.134692137191377 0.425063153326765 0.0330123317010875 0.25710038674408
0.225436528850941 0.0107584412782299 0.350638969495739 0.242577271569965 0.170588788805125
0.01364347933139 0.664345882360689 0.0655297838970482 0.222591855971088 0.0338889984397855
0.253311747247221 0.249954144923734 0.08428568220467 0.139500319724008 0.272948105900368
0.193289814204272 0.321581100284072 0.124275112982063 0.0825861548333274 0.278267817696265
0.330764937834104 0.0100734859521347 0.116916400126543 0.320735050117851 0.221510125969366
0.21604613947697 0.196327272703048 0.375670415071205 0.0918789611307431 0.120077211618034
0.0319435777898419 0.378653565093785 0.294263753174727 0.155411642120871 0.139727461820775
0.177615776228478 0.23589464539276 0.222021957837674 2.23072664910576e-05 0.364445313274597
0.0146738726020069 0.191540996411816 0.353567399662907 0.256239987332768 0.183977743990502
0.320458423799681 0.0741286114677658 0.290878884770191 0.197053415657164 0.117480664305198
0.0454741903829871 0.333221654916894 0.113973575228702 0.282807793146998 0.224522786324418
0.228307773851256 0.0526784451408256 0.0826042975069979 0.177896496377161 0.45851298712376
0.0901466055672219 0.331586975243254 0.2783585368131 0.275434062611707 0.0244738197647168
0.23551348657186 0.0579941364906163 0.0929548331483648 0.282898310887479 0.33063923290168
0.0565003315571167 0.333020813036136 0.000407772384004241 0.332632472292037 0.277438610730706
0.271650335790872 0.164580291745712 0.181790700125555 0.28061414171027 0.101364530627592
0.260048961279084 0.0121230771022188 0.33825086850617 0.331512059520794 0.0580650335917329
0.224962686629998 0.151181275377578 0.127500186007579 0.26706355971136 0.229292292273485
0.0184382342214752 0.0148907160884919 0.0573208491158933 0.529417467411141 0.379932733162999
0.39052022931856 0.375881228606998 0.0593883243662421 0.00956859270077327 0.164641625007426
0.148004981979486 0.304622030353046 0.248272993558154 0.242766147995887 0.0563338461134272
0.234829932462481 0.326099224453213 0.0832949440793906 0.104890581090104 0.250885317914811
0.148266220438449 0.232005229062951 0.0182551896705885 0.214148175285675 0.387325185542337
0.186939156228927 0.318847379015793 0.229184920743385 0.118172143775702 0.146856400236193
0.147760734994603 0.17512992391526 0.195402847799683 0.287359405510734 0.19434708777972
0.46466938481813 0.117664330730437 0.106165375557903 0.0786720133854347 0.232828895508095
0.0044364776763079 0.348522791666018 0.24824804643455 0.324134738674874 0.0746579455482505
0.234089223893471 0.105041557680557 0.278941677413868 0.105297725982411 0.276629815029693
0.289671010983715 0.158913513863398 0.267183905260148 0.211779948441342 0.0724516214513971
0.273754900181922 0.22328483229647 0.0502768430545476 0.294743220489399 0.157940203977661
0.249823080833756 0.218541952894633 0.161107192933583 0.226909268813252 0.143618504524777
0.177892239210184 0.22267453580044 0.144343528032507 0.23730623157464 0.217783465382229
0.0802864128730117 0.41273622281347 0.149597408609402 0.193438059105642 0.163941896598475
0.158953230991491 0.338297696406018 0.42254744761787 0.00291603659412397 0.0772855883904967
0.12396471773543 0.0946825557105671 0.174720801390597 0.313616892514404 0.293015032649003
0.280252385975355 0.238140194717246 0.260077375926846 0.154113275411798 0.0674167679687555
0.304745635852898 0.0408116334930699 0.330215236924592 0.287086048078639 0.0371414456508008
0.266611745694347 0.475604588347577 0.139772722044694 0.0322470609961899 0.0857638829171922
0.33984446663005 0.117569205733625 0.272266360183628 0.211767392742954 0.0585525747097431
0.305312666695287 0.0988198577628749 0.310708223657519 0.159240676430597 0.125918575453723
0.166193022794859 0.286288153329356 0.215736010296772 0.0881858135768489 0.243597000002165
0.0824706798703754 0.341110737005928 0.284667023570783 0.0757463204243224 0.216005239128591
0.246968969537291 0.282908066243134 0.125774637531746 0.292758076998436 0.0515902496893924
0.105718415422705 0.105564899439022 0.194512584829637 0.294304280997431 0.299899819311205
0.137283967027367 0.253898462398411 0.231354738946568 0.2068149803585 0.170647851269154
0.076779940429379 0.213879513956434 0.260782603489432 0.211533141117699 0.237024801007056
0.00683310635111907 0.268040613575821 0.222690115081381 0.260570806859816 0.241865358131863
0.249500686154207 0.130263985659501 0.190152344155237 0.317145917779063 0.112937066251992
0.287331134811084 0.187151408449594 0.46522759964665 0.0215169103634283 0.0387729467292445
0.157165915024363 0.09470134182784 0.231311875366633 0.336211677397417 0.180609190383747
0.210350723029801 0.0886585263809914 0.313926463165941 0.0171358863498402 0.369928401073426
0.0190876461639403 0.24612365095459 0.227698498743836 0.190886926618798 0.316203277518835
0.385706119888314 0.0299749306134509 0.0467056153399105 0.217290407945316 0.320322926213009
0.202700552182176 0.394576057901514 0.129754624683888 0.23073425487321 0.0422345103592121
0.199750807838019 0.258479707797052 0.276987642950295 0.0523362419140905 0.212445599500543
0.226710050418517 0.0605464759974019 0.227072135195055 0.241234574501198 0.244436763887829
0.16600075942486 0.212841067776289 0.177630487188979 0.221868992175747 0.221658693434125
0.0467464866436111 0.0769820792817789 0.424184644918194 0.0404615610782408 0.411625228078175
0.0876915614484477 0.270473853035944 0.157816643171316 0.363649008372357 0.120368933971936
0.183360058085588 0.0685170770380744 0.292825195681938 0.236366848832118 0.218930820362282
0.19916655656504 0.127056467784663 0.239087774363086 0.174084521032917 0.260604680254294
0.263139457787082 0.268577643413432 0.243105472010232 0.178139152043772 0.0470382747454824
0.141600234565036 0.0775334500648617 0.376489921958822 0.200606502563599 0.20376989084768
0.247468138536993 0.148520609803058 0.223290305323744 0.293017032208487 0.0877039141277189
0.245065840004203 0.116960972918191 0.302441778043081 0.236388559611704 0.0991428494228216
0.375802976224557 0.22374221306644 0.211517622760903 0.0514849571828107 0.137452230765289
0.228268588405836 0.0711346048846991 0.225655716718728 0.3992367213584 0.0757043686323367
0.363439035189825 0.208488898868854 0.0198235052722432 0.0894058107694672 0.318842749899611
0.156542096545997 0.121467988404229 0.391847575542057 0.213802671838409 0.116339667669308
0.323407182461684 0.0554167115965061 0.391488726680772 0.0375297715292771 0.19215760773176
0.142899810521491 0.219426179286319 0.217305176051861 0.297405656853749 0.12296317728658
0.231040692505266 0.164143930453665 0.178411910633479 0.237687162632704 0.188716303774886
0.263796202408098 0.252742985042337 0.294912648787843 0.0476905989798713 0.140857564781851
0.181830479137622 0.149200084410462 0.0212268303056711 0.316323796030663 0.331418810115582
0.0687194749307903 0.262013054263606 0.327131993997974 0.33201348560139 0.0101219912062403
0.282736095660257 0.00862146650539328 0.379648541411935 0.141860137074073 0.187133759348341
0.0734010979190257 0.0435500312530462 0.361140239686762 0.320906749068451 0.201001882072715
0.102845958619619 0.0609633533232475 0.362928939254162 0.0271261009738866 0.446135647829085
0.151544917028039 0.125396756020623 0.0852549091714682 0.524147962140378 0.113655455639492
0.00663160089436698 0.139159876537283 0.235276677395051 0.301289393412437 0.317642451760862
0.293911674427187 0.200674229810059 0.100112722676197 0.262347797595488 0.14295357549107
0.264424111862235 0.277054915054076 0.0386082134461788 0.214673555813921 0.20523920382359
0.353679081591559 0.238195584637918 0.0887450850424918 0.0406211440298684 0.278759104698163
0.169692450754409 0.225935389461931 0.273222383064282 0.0320194680104402 0.299130308708937
0.115637505292434 0.0587210723983335 0.417696148616569 0.14523383720532 0.262711436487344
0.0583681157296756 0.302956348760686 0.179985579207769 0.156224057523829 0.30246589877804
0.248251372126766 0.107494139236161 0.274392071043572 0.194833484552279 0.175028933041223
0.261433681820531 0.0635160191182543 0.292689130105949 0.0936440686331769 0.288717100322089
