0.0118030072895681 0.0441964163192918 0.00907889575894187 0.077715817732822 0.0233066930851788 0.244497716427884 0.241526410186971 0.254047345814692 0.0938276973846505
0.205539291530673 0.202244037297305 0.0279716137463464 0.161958620353705 0.0137994517989591 0.0748306441415244 0.175732887970008 0.0875173357063353 0.0504061174551434
0.2112965635158 0.0858100318624128 0.0312387887050301 0.0717511175678724 0.161327095211538 0.163026543800781 0.0752497660580061 0.0524145331283778 0.147885560150181
0.0679047701783371 0.188252498209311 0.14906344408824 0.0518048014388627 0.173574352317319 0.138795864161215 0.196655228589629 0.0291589921664547 0.00479004885063155
0.0814544218740714 0.0994459171887373 0.082500436877244 0.123107179026394 0.207789062821941 0.186259000982802 0.0215800948603871 0.0789721131635256 0.118891773204897
0.139590968241152 0.00972750570454183 0.170566448259945 0.1659723753514 0.0448581863643534 0.140918460408239 0.153266347249086 0.0866955749204819 0.0884041335008005
0.0484266150720281 0.192831193872476 0.0664849796268427 0.128234996394543 0.0592096909230659 0.0735893659031825 0.0826265368068275 0.130162789987004 0.21843383141403
0.106556532108955 0.14615858264453 0.140187674932283 0.134164604694047 0.0817696158622394 0.18162178997908 0.0963973091750467 0.0114155512346601 0.101728339369159
0.0816964756718978 0.0950540607646191 0.181833304121204 0.0480343019119519 0.01695088490208 0.136647254258586 0.218005797411227 0.182546280237183 0.0392316407212512
0.0185739343009911 0.106051875361467 0.00627750048166769 0.144757179603776 0.125285966520334 0.159955120539585 0.0903601350594578 0.151219818913466 0.197518469219256
0.0189633886241397 0.0939918623292867 0.0102918941398871 0.0819370295549191 0.0262792136602689 0.254513050954999 0.0982485714548954 0.134209068976766 0.281565920304838
0.159871868728988 0.120187771886587 0.154191706332576 0.157846648855186 0.082566712512028 0.139800853412313 0.0625983793616538 0.0295903015530174 0.0933457573576503
0.157753950008732 0.0663266870637484 0.0522323115841637 0.0422220958707302 0.171862294894445 0.106493970040847 0.143020204096177 0.0193646615068447 0.240723824934312
0.0821467440435229 0.103542437527091 0.0621092451642951 0.0812227129236909 0.0918658794374063 0.0515117525850602 0.187385864433816 0.20003792491997 0.140177438965147
0.0772515349478427 0.035066328906111 0.1710397600655 0.173320893843658 0.117553333305573 0.0974305375540588 0.0882586552844789 0.175036413650532 0.0650425424422459
0.0919902150018251 0.096116817266192 0.161726540262667 0.119658329860295 0.0124247946048957 0.0862566275018774 0.186620241467459 0.177921201089199 0.0672852329455893
0.202971916592249 0.0984242591211755 0.102113919996371 0.162773016353266 0.00210989154954155 0.220493558609507 0.0674571022845283 0.118435568378093 0.0252207671152696
0.108746132830544 0.0873366333655112 0.12205635355108 0.0947955281951583 0.00758387347681446 0.0973233713782431 0.166554998122199 0.164662347093114 0.150940761987335
0.21887468857041 0.148325623311489 0.15785644808968 0.0106845694359295 0.066650481016204 0.0388627739791575 0.239483042028514 0.0295717780966367 0.0896905954719792
0.0231725453104852 0.0792984321311944 0.186064751409569 0.137566928977952 0.110081841861479 0.0886942919582753 0.116888309523694 0.0981474695342247 0.160085429293125
0.136088081679564 0.0556912382108368 0.103136915262794 0.120457903378205 0.121689646319933 0.0544877663571473 0.16343527172807 0.140894536449283 0.104118640614167
0.108679890394383 0.210393949534822 0.0500276180135382 0.0371980747456901 0.263515943280139 0.0949758382025926 0.121120586790773 0.0289515024377934 0.0851365966002687
0.0227195587638024 0.176426982711405 0.0714096180201041 0.189091677723528 0.189130190120173 0.19150776277579 0.104151747339865 0.00232737379666675 0.0532350887486661
0.114855295142596 0.113163300553571 0.0453041541819586 0.012502863165684 0.0188076634293793 0.182354185623201 0.149359328322785 0.162803120271905 0.20085008930892
0.0514363528666453 0.103935651614895 0.165333080610096 0.0174298941612079 0.0624645230495148 0.205941913386142 0.045728728598442 0.168843877174779 0.178885978538278
0.148885432290194 0.0775172627892311 0.192210941933264 0.158549299114724 0.118931895852362 0.16991065916092 0.0461185987657179 0.0677099359851416 0.0201659741084446
0.155086705467351 0.0347899273742403 0.173622413225535 0.100536739591251 0.185748106994234 0.022627847891983 0.168256393791365 0.0235750864745008 0.135756779189541
0.0195074881750366 0.0718668637050396 0.177642683233868 0.136156957188481 0.00658278678925385 0.10929700808878 0.158660938135705 0.0963838797077806 0.223901394976055
0.0763455598762713 0.0591263266626079 0.16330464959408 0.162326993603047 0.018016329405391 0.156868026223591 0.0806705093064536 0.155230221132576 0.128111384195982
0.0364133889187903 0.0821478109118273 0.269030328623233 0.0997330966060623 0.172385953292448 0.0609181327911575 0.00587821337734902 0.0090413811647791 0.264451694314354
0.18756108451126 0.0782109269523116 0.0567804536709934 0.0700132293027047 0.00178712422432143 0.0800589356374327 0.258566135442971 0.0909152553409652 0.17610685491704
0.0489924729682796 0.128776778015022 0.178391551594576 0.178233597104113 0.0443830604278616 0.0610876690975886 0.190478890296519 0.0983764859949892 0.0712794945010515
0.157955269328395 0.181319458644035 0.13806689128553 0.0152793186359238 0.154478190675146 0.0163130391237693 0.0548235427484612 0.25797498496471 0.0237893045940311
0.0946626662849363 0.142206614234817 0.0526495880825711 0.132232019905244 0.172427985126487 0.0945999162509622 0.118135120889752 0.00488653836079461 0.188199550864436
0.0446171611419343 0.105921748297719 0.159493460438663 0.161050207993732 0.173992300004366 0.0394918415935996 0.151719373166009 0.133384331955625 0.0303295754083521
0.0546465832428231 0.0565150194630427 0.272049056234714 0.229488640761832 0.29285528139305 0.0381241468109052 0.0433062671961507 0.00453922505081365 0.00847577984666901
0.221435324286801 0.189895330011422 0.0885754806738321 0.123041272896756 0.0361706251303034 0.0986588884391817 0.0456620714061581 0.189592064973827 0.00696894218171897
0.0723215184949006 0.171772054164154 0.0302011210407084 0.16442449497601 0.00759080013588689 0.0628109151746647 0.119283370124711 0.174333444365638 0.197262281523327
0.0587159612349483 0.16806837277809 0.130987971188427 0.178043914845616 0.0480753638065673 0.0409430319941876 0.152974715043585 0.16627811352588 0.0559125555826983
0.171487616338263 0.102822759763205 0.155398337078811 0.121901964713177 0.00908890407553746 0.0999972296528498 0.0140091121369303 0.156518228491351 0.168775847749877
0.152991184678568 0.191548854472214 0.12402436471298 0.0364134942638167 0.068069192907189 0.149264964354619 0.13534801389324 0.139795375160589 0.0025445555567841
0.172113173323387 0.178026887520162 0.0853652212809608 0.0496903083218865 0.120345114199468 0.0602195737525307 0.0905110691705278 0.156599408663105 0.0871292437679715
0.0946864089509355 0.120194270416556 0.149002809032523 0.157254756395984 0.166604202927457 0.11475947822498 0.000954835510275065 0.026990711727092 0.169552526814196
0.13058881134313 0.208927912951345 0.0877524991028851 0.141172954179188 0.0606846027687064 0.0101601203109114 0.15031274095245 0.097777872449012 0.112622485942371
0.170171021348565 0.0483431436236681 0.0426060111767281 0.144841267703015 0.132638448504327 0.182153759070663 0.172180823817628 0.0761183740047412 0.0309471507506647
0.0747134717464556 0.210580263715582 0.0702744405078424 0.0556233770479308 0.113943175479039 0.0718484565144556 0.143481512743725 0.0439985576319835 0.215536744612986
0.188583887685115 0.149206915915546 0.271776408552324 0.0513969897433789 0.0226076268931047 0.0216935743675309 0.0024945677044356 0.26081493696552 0.0314250921730438
0.173141513961245 0.0536976290466749 0.0184355219541842 0.187911234449316 0.0541625352052148 0.177651332152264 0.19926123499473 0.012970631261871 0.1227683669745
0.0252808713325576 0.123907847323441 0.13396087744742 0.130403590788031 0.143621857350558 0.112979018165279 0.156756127393869 0.129078759278915 0.0440110509199292
0.101902212554238 0.103757390329823 0.061572532040698 0.132972827623176 0.0562389449694301 0.217331350553392 0.117105214197586 0.0303670680902084 0.178752459641449
0.0986367353470948 0.0656939147959011 0.185857237137396 0.113088419656242 0.137247268587354 0.209485861078149 0.152658491528239 0.0199719777377975 0.0173600941318267
0.0842123770865039 0.152920148837813 0.0163631568970877 0.0891820083600752 0.0489820682689897 0.107538485896582 0.139412084192088 0.292345368982036 0.069044301478825
0.100120071653687 0.159823915330414 0.148038613651052 0.037846791177198 0.161762928578763 0.045984970816387 0.170412018008727 0.0869380576864838 0.0890726330972867
0.0771162940549924 0.151392777830093 0.119560948246463 0.126944016671415 0.110471158527106 0.0955628748463988 0.122755134138804 0.125908114811984 0.0702886808727445
0.110558189747329 0.105229755942176 0.151991794976901 0.103334422725531 0.154756166514049 0.027974095590234 0.13643274562739 0.0893802048976541 0.120342623978735
0.188552076875658 0.0167023294610373 0.0897158760068798 0.254110598549927 0.00340870937999781 0.21540931820361 0.00988762431303362 0.198578215823853 0.0236352513860034
0.152997143062626 0.0591241403228447 0.103841702370655 0.0619571485687535 0.175015953661385 0.0122746201226281 0.171040758978776 0.197302619601395 0.0664459133109356
0.144028223466651 0.148506645912748 0.0798018921125586 0.161242863890842 0.175404688084102 0.0409775043782622 0.062153427186747 0.0242954192493725 0.163589335718716
0.217793179362693 0.139880058427746 0.0983365768731981 0.201204766395746 0.0202178403803548 0.0182511183005074 0.0577555755841917 0.106333105674377 0.140227779001187
0.154872009429582 0.13635238758192 0.179630919201694 0.00183612323534147 0.119167904503755 0.130481195203885 0.0662708806314283 0.0249752109272779 0.186413369285117
0.17598030381105 0.0778363557816422 0.0440189333786942 0.221511844098159 0.0529612602075916 0.189941073508605 0.0186460603470636 0.0271092918521057 0.191994877015089
0.0306116102680775 0.0345279463681973 0.0267683525739376 0.122451264732173 0.0564671741596829 0.0407130138835899 0.416926334730379 0.155659289801211 0.115875013482752
0.0421275320044107 0.0114405082081737 0.10576630793086 0.0832688540863391 0.223127831513602 0.150639158572789 0.0403602693644913 0.191344445740765 0.15192509257857
0.0434566220305896 0.209259904968299 0.0967723292963704 0.0039152825110774 0.0990770965043389 0.154848264353101 0.166566612499104 0.133813320487421 0.0922905673496989
0.0668422718059773 0.158382264252395 0.147412438629627 0.156059284742463 0.212453283414862 0.0996025714383277 0.120802421014483 0.0271285942826777 0.0113168704191872
0.233945706888883 0.124380528689738 0.0489486483272544 0.104326495566094 0.0948787789557268 0.0557834076010643 0.0536266586590445 0.134568064203099 0.149541711109096
0.0824758039437237 0.03925814525318 0.178182448535893 0.160655049470717 0.0579067411899995 0.0223231532949984 0.131305783459791 0.161319766353735 0.166573108497962
0.0465043937943193 0.0811673520855695 0.192474287178776 0.0355104875725598 0.0607343613794621 0.153770864894534 0.195961557693977 0.110034937559879 0.123841757840924
0.0974371892133862 0.164106251280751 0.191104734075979 0.100302345035305 0.118901378500246 0.0168127159730658 0.148359371800453 0.025735500846469 0.137240513274346
0.302990486470299 0.108251781208977 0.150082556822927 0.040742858907529 0.0950399545654818 0.109850022476026 0.0445053746271627 0.0164483035489477 0.132088661372649
0.0862588727710763 0.141556196418819 0.170547947249494 0.0942798980997496 0.110999263437625 0.0634295081938406 0.0451962718717052 0.117697872649997 0.170034169307693
0.100334083090999 0.143859558883977 0.0601600493158825 0.181308492044749 0.110874406951322 0.0435711937016141 0.199812852924102 0.0538888648972532 0.106190498190102
0.0709135572201885 0.0310977536689365 0.0799303332714252 0.119286365781436 0.181877768655032 0.127483304140317 0.056805795363972 0.0976287420399378 0.234976379858755
0.0315812695860792 0.144589132272213 0.120073049977437 0.0830946038721468 0.194491434261389 0.0268083792297185 0.187345867713224 0.20715864873742 0.00485761435037249
0.187541920143861 0.0910341848876638 0.106915433624562 0.152194327051671 0.109180654383117 0.130125149407068 0.0474010396972017 0.147631148190722 0.0279761426141332
0.0603155345584141 0.177604836035083 0.0091837913275174 0.109983207057712 0.181353374358432 0.0380914545263721 0.0784479051304441 0.171996731728076 0.173023165277949
0.084972813199514 0.151889818202937 0.17070549922099 0.0171770164462398 0.11371029471162 0.146634253558269 0.127210687538989 0.145552215402545 0.0421474017188965
0.140423750565641 0.161251970254778 0.0535146642712233 0.0954008421819578 0.157390845846151 0.100915177713652 0.134968779729088 0.0761465436843164 0.0799874257531929
0.0631020492061902 0.149271759828029 0.10249183654595 0.117928941055122 0.0245094134290403 0.183158598106441 0.105881496928329 0.0569196455238478 0.196736259377051
0.176814347088817 0.123635500727733 0.0784802931665642 0.0714510012482703 0.0722723256296954 0.169020211464342 0.0825799785845573 0.0794389743323319 0.146307367757688
0.127198101642742 0.140156285278689 0.142531506856646 0.135759875409243 0.0125478135879685 0.136124983685352 0.0915977915169928 0.110996209745552 0.103087432276816
0.0266116802416501 0.0568053845391883 0.245629167448242 0.0564847275637514 0.167653056640388 0.0848414975675792 0.221362263378503 0.089621380024182 0.0509908425965159
0.0776235343578671 0.182629940404918 0.168469828311252 0.0671660465884742 0.00818272304389524 0.0379358191648246 0.0722432776709887 0.231186534859037 0.154562295598743
0.135948293138003 0.140696920587559 0.203834865411599 0.0190409484594071 0.0073834532101914 0.10345069703617 0.162564197774352 0.14771338374427 0.079367240638448
0.0568888145735887 0.136689646066716 0.13557699106001 0.180052549328902 0.187168121971116 0.104002736609399 0.0705113315438495 0.100705977966162 0.028403830880257
0.118888313126289 0.0990157071550544 0.133602085496004 0.08238995542867 0.11326174216746 0.0807137600688146 0.11278155397527 0.115577034902393 0.143769847680045
0.0840720631529411 0.166398949003251 0.126263314538368 0.193676300822944 0.058320579925464 0.101667382997588 0.00641230528242843 0.103935424177591 0.159253680099424
0.0603916637639427 0.182103559247721 0.234011712236001 0.0111217291793091 0.204803130039249 0.0571001119857593 0.0466069929495251 0.136055749780742 0.0678053508177498
0.115694858955367 0.0490926831860824 0.0821717192906028 0.109114400422118 0.0551850386543154 0.124456565657137 0.149518849184577 0.168762559024522 0.146003325625279
0.143979857752631 0.0672463594784659 0.20797745510304 0.0859910362709246 0.21575210973023 0.0324536297886226 0.0450468722702647 0.0447911571054248 0.156761522500396
0.122906524529522 0.114800247912287 0.126684820134682 0.135720520490082 0.143128124298181 0.118618875509814 0.00242834433285647 0.127361475205567 0.10835106758701
0.136199750307992 0.00373291596108582 0.237580832958585 0.0285812541459473 0.14205450570874 0.0949641731043764 0.0310784541873871 0.275335258622381 0.0504728550035054
0.157048540528943 0.118718925173795 0.149651287227217 0.158759944465419 0.144931475669332 0.0624896340786723 0.0134558482341001 0.0337191476919341 0.161225196930588
0.165981913986313 0.0602850608676972 0.0246402009368792 0.142167527749065 0.186430225126195 0.0177428125849214 0.0900873486364529 0.142128559909063 0.170536350203413
0.136409740439361 0.0173254363695287 0.135388385764941 0.195065979571266 0.168621587169113 0.0173125265474217 0.0550973934898015 0.0816716258776292 0.193107324770938
0.233038668088429 0.0452184574663345 0.100975944496289 0.134013083591334 0.0702262436529508 0.00586414524649372 0.200784671303514 0.091845017593485 0.118033768561171
0.012544011495281 0.155759397954468 0.124998967981415 0.0742583132835319 0.171953920542281 0.108138236626484 0.217561053880215 0.132847244514632 0.00193885372169212
0.130626504470626 0.13979701282323 0.184191106497923 0.00396806448877365 0.116519127537126 0.158649693017245 0.143606842187017 0.074565848141914 0.0480758008361451
0.224061262579731 0.232580690941596 0.0131920094031691 0.00602882948722794 0.121821551554688 0.0281915273572325 0.19694516930463 0.082251084335363 0.0949278750363624
0.0905802836479934 0.182358827787485 0.1409404901112 0.0295184679319938 0.161945165577653 0.133165862532167 0.100364711561742 0.0684895152996565 0.0926366755501085
0.168966907263737 0.0983612866818559 0.057943776168181 0.136300052741325 0.0234588722317014 0.146081506331725 0.0598921964513456 0.135390820923823 0.173604581206306
0.0276058140653866 0.0779040168081048 0.208006622275927 0.142560278975569 0.211446109256693 0.0854654660760499 0.00378075728242651 0.125713765304354 0.117517169955489
0.20422470867341 0.0462158739928284 0.226910085626275 0.0832840007768463 0.191468041147126 0.00756813150018117 0.00282608119581284 0.141687662441602 0.0958154146459176
0.13858821896529 0.139132931539619 0.0109873833271074 0.127064895753291 0.162558528073413 0.163153728337962 0.110323047300326 0.0215988041169667 0.126592462586025
0.142859409907248 0.100958606463504 0.0765482784254325 0.0292165587716507 0.122067124514571 0.177562178670308 0.060818583450504 0.191672448041272 0.0982968117555095
0.153946008528786 0.118459979593904 0.105907613176441 0.193271428932242 0.101503199669124 0.0826474797960953 0.0768002311090194 0.0651191039290592 0.102344955265329
0.15844075308417 0.0568717257671436 0.0975850130956098 0.0616671478591965 0.147070257887785 0.125423581837366 0.0158212138543409 0.150210499146267 0.186909807468122
0.0693392775476352 0.0418198546006943 0.033424813803535 0.0865151219831307 0.198214921835293 0.141871892359854 0.19644368939107 0.0864498739540239 0.145920554524764
0.152604767769384 0.03178151705301 0.110441893270043 0.185116644712898 0.0764859841248875 0.0381990882105964 0.122347524944187 0.151458416711635 0.131564163203359
0.091345884270398 0.196676277261042 0.0504991410637741 0.140292010502203 0.134345729085735 0.0233864153538597 0.186190937417778 0.0287300353847002 0.14853356966051
0.0585344008185904 0.142592428264424 0.177819722150449 0.163062309731892 0.106268034178664 0.0271706847889489 0.0587616126383389 0.12570755648981 0.140083250938883
0.00813835282561807 0.11960717177521 0.214855450707588 0.126404338635265 0.0608418749628138 0.259155969021698 0.0772296277799929 0.096295204137284 0.0374720101545291
0.148590563987181 0.230182285838286 0.000870959696953966 0.0898319510003989 0.0324421123017248 0.202858872969275 0.086201073799696 0.0232942651537384 0.185727915252746
0.0419605555487094 0.120253507199967 0.198420042898183 0.0602220553885671 0.238549550165993 0.0493302494070466 0.0613383938149022 0.223286936319751 0.00663870925688061
0.0951263176313438 0.115062900017437 0.00482902230454393 0.109946261745815 0.0808529160254506 0.216001619485805 0.207925868337709 0.106689156647448 0.0635659378044482
0.165215167115065 0.150870509332612 0.0101039773486005 0.173815426235216 0.039436232728213 0.0607263373628677 0.208021702585626 0.0231624719960255 0.168648175295775
0.12033114892477 0.122490820145493 0.0675786722915957 0.00850819137863934 0.103301536881448 0.0448497335922913 0.17443144312741 0.173963005252268 0.184545448406085
0.126459056653728 0.152101678486592 0.173616873936873 0.244705426770286 0.0163514206013448 0.0463807015232138 0.0100079670722231 0.0273727874205346 0.203004087535205
0.0509794870868035 0.0337331847694982 0.0975957699242551 0.282674505305386 0.160378592432858 0.15333522354816 0.00615722977212926 0.0158011024497939 0.199344904711116
0.144369469914611 0.00194752819398332 0.0387587605414951 0.147342233975546 0.0793979060258873 0.165164445732975 0.134310532026438 0.162585588449921 0.126123535139143
0.120475109524152 0.16477048610514 0.0585776704294662 0.0630746598779627 0.22499004451272 0.0567455747569391 0.143919894176402 0.103965066838712 0.0634814937785062
0.010547674307673 0.0492390194332543 0.208035361230689 0.0911613278475181 0.104942692430398 0.0550949425313393 0.124246765705035 0.171963491801301 0.184768724712792
0.0265081930978537 0.0896628370936557 0.159100698216132 0.0393229075647338 0.110544939028526 0.020807066752209 0.172337608155574 0.193384666343605 0.188331083747711
0.124607731869116 0.00969293309338826 0.126206627408639 0.0830030864782074 0.123692455672905 0.03771625878142 0.0445126727836046 0.127490797290367 0.323077436622351
0.153752211244247 0.149596397727821 0.122257201957709 0.0134302590562394 0.124120626739726 0.156432012729071 0.000935449599807792 0.127778566825575 0.151697274119805
0.219555402237572 0.0191131822142824 0.0879996364225012 0.0313241110989858 0.278412423668157 0.167173019067645 0.0494844915215561 0.0630146254231735 0.0839231083461255
0.0460056330239074 0.11852092503891 0.166784956636185 0.326903845698995 0.00747949193825625 0.0338703229083122 0.216249566019712 0.0747911975178096 0.00939406121791258
0.039471431580359 0.248121176053643 0.0410132539307648 0.16255578142269 0.0267093408074381 0.0804132582071949 0.0923603564280582 0.189053688941333 0.120301712628519
0.0604454480858665 0.180989965229793 0.145432982195543 0.184727940354474 0.118914920671305 0.0654673317997187 0.0738906933534851 0.0667383744808949 0.10339234382892
0.183428724531291 0.10836692487296 0.0768348308655298 0.17475799178296 0.0078804134020882 0.158737791734229 0.14275048166936 0.00332548533699191 0.143917355804591
0.142075462551716 0.137004804998682 0.00339851273770204 0.0713801430974447 0.15938956822325 0.167355313860315 0.124929922758362 0.00288706324719753 0.191579208525331
0.180918802923913 0.0197863748438945 0.188228556223326 0.216123192788497 0.182365815402085 0.0555082550264237 0.0585503263067941 0.0227963733317895 0.0757223031532771
0.0272208171088704 0.054622664166174 0.143364769812748 0.17939124206543 0.191635710177446 0.0833034056925947 0.143589540002194 0.156774253756649 0.0200975972178938
0.147929976791743 0.0618722812228433 0.249088442555258 0.215198450838972 0.0175380892251472 0.0124730736579897 0.0935810365068027 0.0787962995316057 0.123522349669639
0.143206433195676 0.155487036218353 0.02474902147152 0.0425370358909743 0.0884624625986662 0.235545425762177 0.175628090595094 0.100893278532411 0.0334912157351277
0.145629467046913 0.117133832756262 0.218308181914894 0.0590636326003383 0.136999497766157 0.0382708867937672 0.0383361259951456 0.168369117100039 0.0778892580264847
0.153958085393439 0.158674168090606 0.160293080686184 0.0681542582699847 0.0739290122713683 0.105177019827869 0.0586202413076605 0.0426389906591368 0.178555143493753
0.0735081090191512 0.168409201064904 0.0929421497421508 0.116949590429975 0.210965804510221 0.0284452160995154 0.139363765914994 0.16149184761015 0.00792431560893741
0.0914534423048524 0.0951523784098614 0.141705649877008 0.0786981917554417 0.222144190615448 0.0563371295893652 0.0438704207841917 0.200124662778261 0.0705139338855712
0.10170978058584 0.147610490041612 0.153090571483691 0.152443369128287 0.0937723317307617 0.120922431808095 0.0931043615730763 0.131742986971205 0.00560367667743123
0.119378359308446 0.0952236008642846 0.127578932889029 0.0931504895876266 0.0319011906909388 0.227765535014397 0.0384423808409562 0.207107682930768 0.0594518278735535
0.126340983395653 0.0868097586440902 0.234719386567839 0.0648129054385139 0.0442069651784759 0.0564246542382234 0.188758456897968 0.00273266855433862 0.195194221084898
0.149586103791133 0.0702378370770762 0.110817963263307 0.0522033471663104 0.112384564953312 0.105765265045288 0.0779920484510234 0.160716768559505 0.160296101693045
0.0868619036660441 0.0746129840752652 0.168395560783773 0.0263993855598199 0.212457699363128 0.152015318058457 0.153160569370015 0.0428834682417116 0.0832131108817855
0.147693397909184 0.198569100077951 0.0622564526864722 0.021366606012651 0.202156103810265 0.111149493442407 0.186043088830855 0.0248507196415865 0.0459150375886283
0.0951185918774324 0.121856023503187 0.213715396060332 0.0456642459962553 0.139587325551981 0.0397235512998915 0.18715234168579 0.137840514180307 0.0193420098448226
0.111444245135907 0.180645111185867 0.00105487586670357 0.120251517770818 0.133346017973808 0.0832697005054014 0.170482968593386 0.0756821292578712 0.123823433710238
0.00490939768768381 0.160041089985802 0.0804986940326298 0.17499891447374 0.130190627922614 0.000997215582330347 0.271295835416033 0.159022153334408 0.0180460715647599
0.226002978115939 0.0467229581613955 0.00998074501113019 0.207901428413411 0.0478829685986505 0.0240734423663318 0.21643826087975 0.0784314064204676 0.142565812032924
0.157769609442659 0.0110136792023559 0.137695930180304 0.162955407104151 0.160456373325503 0.169041271443063 0.0279650293079542 0.0473517269157923 0.125750973078218
0.104325392148442 0.101089391180731 0.110533777226566 0.0804297189586413 0.180023123215046 0.169799258656941 0.0869711995211217 0.141502146022273 0.0253259930702391
0.0553658204378918 0.136406661485899 0.18817113097425 0.21513731869458 0.087735820451449 0.123483370426528 0.075064710050542 0.0853696226029558 0.0332655448759035
0.178094402530725 0.189899797301181 0.134803078964286 0.104113748212773 0.113441299716231 0.0526039787902983 0.0944503737589855 0.0701146008666608 0.0624787198588591
0.163648887290036 0.0529802322103471 0.129254376050492 0.0784903249778763 0.181320993246855 0.0582461213810444 0.174287550161174 0.0528396065697623 0.108931908112414
0.0430470997463453 0.156659322163366 0.193342148395344 0.150375998551823 0.109587001029388 0.17966234680771 0.00803872895350332 0.101027839378495 0.0582595149740254
0.189421129555318 0.0442735504918707 0.0556213578758873 0.153808074703767 0.0703987611574192 0.145664393031484 0.15248834162081 0.0676359650447924 0.120688426518652
0.157369202671328 0.0223094323174171 0.023507222088361 0.0389323645422871 0.131985828447495 0.209911313111063 0.155936497189783 0.0880445066038796 0.172003633028386
0.121025312169002 0.067184195786121 0.13986566873038 0.210390080892983 0.0430406537324446 0.0753233120767024 0.210969413365703 0.0483623443196115 0.0838390189270526
0.119419787411466 0.152840302945656 0.0610109491282572 0.112251139319951 0.139992541801929 0.171145246162206 0.14014285356773 0.0589129456268302 0.0442842340359752
0.0993294074805197 0.172687023397379 0.169595844094707 0.167407573123783 0.135069257433522 0.0684157615807866 0.0462512281549614 0.0906032277908982 0.0506406769434421
0.119211835634443 0.121389013767765 0.150982304040218 0.146508803001846 0.12255161643586 0.0903031031118682 0.137442597118088 0.000933796081616821 0.110676930808295
0.200740771304287 0.0796669976286991 0.210456496158549 0.0152771907508139 0.178381994825123 0.0119684650274032 0.135300847507681 0.101212836666755 0.0669944001306891
0.204265579080118 0.10871041561172 0.0754044292212942 0.0952604629819821 0.0102155565316487 0.111417683033887 0.111786433578612 0.0907086986472297 0.192230741313508
0.0372777397089056 0.086000630826921 0.0418960513666164 0.144584857432253 0.0867324932310451 0.188440933107492 0.183345141961034 0.199340121433694 0.0323820309320391
0.0581834563848165 0.0308435324351165 0.0304761149011418 0.249035511278291 0.153555760131326 0.324093704221497 0.0692247682672474 0.0833886852873831 0.00119846709318068
0.0964883163571774 0.229341347305406 0.0130552630839811 0.124830062722073 0.11584579526701 0.0221670503303132 0.153128326215652 0.221009400446703 0.0241344382716835
0.08339218649156 0.0689219542333908 0.18205521655032 0.139975456229539 0.0788237557795436 0.00522430233347186 0.259346471563647 0.0632645545300085 0.11899610228852
0.201112995326979 0.200282744236238 0.0567736384781338 0.116089314487766 0.0708407669635133 0.0205634013769254 0.0743292152205438 0.123654124670122 0.136353799239778
0.0381149610241067 0.0701828399141704 0.276660453130856 0.115822153620977 0.166513804336445 0.035260462691142 0.233926854783917 0.0620810280096612 0.00143744248872511
0.0751664126912311 0.0825673305956289 0.215639016848119 0.113506119826329 0.109456919203116 0.0461085755784184 0.188097929621288 0.0593791985599854 0.110078497075884
0.123614192820539 0.0422421200576906 0.208296542966057 0.123960392476118 0.215337014521297 0.00080351957389004 0.00830026490663216 0.169998118604552 0.107447834073224
0.112552971974164 0.0611629909410425 0.0935475955838156 0.188584623141185 0.0132572556520217 0.260537593458236 0.0124351395046723 0.0877968664219396 0.170124963322923
0.0428560716714086 0.234184433246573 0.246511362801494 0.00395201419755934 0.238538412028525 0.00468301032832211 0.142425554731171 0.0791353191352814 0.00771382185966516
0.0738451847882334 0.0538436948462508 0.0269961570565824 0.00612764881074811 0.285866361271711 0.291100244289548 0.0805573500799607 0.102041982831864 0.0796213760251026
0.13811918612454 0.203061498117872 0.0373230598174791 0.160705231884794 0.0811029005497365 0.0596653293332941 0.0274598038339153 0.169047483304606 0.123515507033761
0.211539859437326 0.111913553230304 0.099221956151293 0.0729992206602085 0.101766388687453 0.0628117462151345 0.0490371062222511 0.0970105419111346 0.193699627484895
0.190126533373261 0.151445008238776 0.182239320045624 0.0262098455941394 0.0547132142792979 0.096406049957764 0.0930020547662798 0.186643579303773 0.0192143944410849
0.0125801632822522 0.154990892696922 0.0738483484936317 0.176165158880437 0.103237908351614 0.17261644851314 0.135899368837113 0.105371246415478 0.0652904645294122
0.150646095193535 0.158900569353191 0.170758864557924 0.106742407318471 0.14861806029256 0.0317495677262067 0.0502799848355204 0.0856401234343256 0.0966643272882652
0.00164399489100153 0.00179802955273835 0.289294137479074 0.135100010837281 0.074388824464283 0.0317942702448555 0.0882731831799838 0.280799988934365 0.0969075604164181
0.113884401540333 0.151903604273782 0.038587171262474 0.13408466866064 0.0491999888635963 0.172720184766355 0.130388093162257 0.0592927462252275 0.149939141245335
0.173783376216675 0.184215805070007 0.109376136309017 0.158437547212863 0.046916170186253 0.160072769370731 0.0394726208344654 0.00503033290268191 0.122695241897307
0.0688190748985975 0.0507453820286346 0.0365623025397428 0.239383278512735 0.101413729269371 0.0485728449209343 0.309159714269603 0.0887719195688627 0.0565717539915185
0.161972236684718 0.115146225184001 0.00457065075157825 0.0205651726878185 0.101715846853787 0.308022645786623 0.0235918460795631 0.202810020383017 0.0616053555888939
0.140964105571164 0.111357546187593 0.0171714679701243 0.15517610364232 0.133158728410329 0.0204454633719871 0.118209099973126 0.130480270620525 0.173037214252833
0.020683265203685 0.228411270996874 0.0347431412594481 0.175634854219184 0.0290372567537823 0.188392279712786 0.0589817552721059 0.246403420851685 0.0177127557304505
0.0189838137903231 0.0333874799620048 0.0149091806000411 0.106889280194643 0.263491275679771 0.196690932124754 0.215600302649644 0.019646568840251 0.130401166158568
0.0391451506539641 0.0910693418558103 0.156680121996585 0.194166005764543 0.0675315248529697 0.0450923171880973 0.13817054507712 0.0734178217453599 0.194727170865551
0.154550696177386 0.211578412797268 0.0572809408300504 0.129034770140322 0.0941243823531549 0.0283316870769666 0.112992342325016 0.0222682879300423 0.189838480369794
0.0563562377617877 0.111793887326324 0.129728096017285 0.0461376158057986 0.148557033742658 0.0951649629794637 0.149602468228578 0.157022449234261 0.105637248903844
0.143078645092718 0.0808283711130776 0.0836592984420527 0.116770336293625 0.175928068532722 0.117612981967444 0.103402326272442 0.0550689340720536 0.123651038213865
0.181112616643974 0.105497810922075 0.0507736014356475 0.0479552482538126 0.20756600648455 0.0879662005091709 0.0556070623445268 0.0786669245159741 0.18485452889027
0.147026210148669 0.120156315148931 0.13419531183918 0.0315917521210401 0.185977485918631 0.0907119795523772 0.0988036785399557 0.0109793598617109 0.180557906869504
0.171994017467082 0.113322720563349 0.0800448990855199 0.0382621283906363 0.176161501729976 0.10310218565321 0.119682997444156 0.0920751508030755 0.105354398862996
0.143271425971672 0.139004195594196 0.104719343299934 0.0971056861303453 0.127739371037409 0.0882841528027404 0.101430661932043 0.0849590471632518 0.113486116068409
0.157101436413878 0.0183857234439459 0.0596275701861605 0.110030982646752 0.0517919357322025 0.114178045710172 0.172914802293443 0.140658990978657 0.17531051259479
0.0132123538524638 0.0901681888913436 0.0141629685820588 0.0882314575897793 0.168748977378406 0.16602238446935 0.095705852444994 0.175592088426284 0.18815572836532
0.159496607752981 0.0289802411464116 0.138401870885805 0.115547863800095 0.0780742834765918 0.0397488393959582 0.197084957669225 0.0540611451533129 0.18860419071962
0.00153497618151887 0.144088517404549 0.10919101375527 0.142400668721352 0.0396056626607669 0.143241495611097 0.12244951560906 0.145573943836425 0.151914206219961
0.0657927019568165 0.15420632367264 0.000820061056049572 0.138737588010472 0.197908559649347 0.130276404639656 0.0574605166571829 0.0733848763377507 0.181412968020086
0.138671621224711 0.131456413828957 0.0155423090139895 0.195771845600421 0.194461021995586 0.167705565954918 0.0046260691658468 0.00916251477886285 0.142602638436707
0.0539273059730955 0.20437081381288 0.0720192321890419 0.103949306070683 0.0170058178608117 0.0181180380700134 0.188301202223928 0.149532873336754 0.192775410462793
0.0687052525813158 0.0213422830795837 0.177674684512267 0.00584077547504162 0.172030957281166 0.0709992318960449 0.177601189918261 0.176838324385008 0.128967300871311
0.0180876247000908 0.224578327967008 0.0778737219792932 0.109127166280016 0.0177763506715434 0.0760572611036639 0.186812892839769 0.276369171765022 0.0133174826935947
0.147885843566812 0.220323710326708 0.0123841743248315 0.0652841811345537 0.0950262538291376 0.204582964361175 0.0254207752341871 0.12906289069978 0.100029206522816
0.10496800061906 0.193712672518213 0.0816684809275207 0.155164920949836 0.044727146920695 0.0738381801134239 0.119071288808955 0.197599923254909 0.0292493858873867
0.0242093348734171 0.0424659922957971 0.10503597047637 0.0138560733018003 0.176156843581807 0.195389306185294 0.0265112655695292 0.258477407861416 0.15789780585457
0.112475392241415 0.182686557522404 0.0125427577879747 0.0252302526870635 0.236429078756327 0.0811336051037253 0.0547956374306196 0.200905990967384 0.0938007275030874
0.142810237626274 0.164646728041377 0.16406766928653 0.0414817489053905 0.0897842815147447 0.174908403320415 0.155634932698313 0.05402197481625 0.0126440237907054
0.0245158135188014 0.164866881106585 0.0687115508383181 0.149079139652254 0.0298492193054869 0.107232797632284 0.0350735020343498 0.209345867281056 0.211325228630865
0.0929340807717526 0.00182365429936059 0.282642209134673 0.206878704845568 0.180973792325136 0.0627802279537894 0.00514537688440277 0.0228958162622528 0.143926137523065
0.0901912269425794 0.112534369391571 0.0166485981597764 0.0367204990131815 0.107542315639235 0.231847516106719 0.0708880651050619 0.10634771629269 0.227279693349185
0.157551648265182 0.0530896669833448 0.111971102526022 0.0341991145065409 0.203329205145192 0.0986094973338289 0.0414144278661256 0.107694654138569 0.192140683235194
0.0271211467482836 0.1006948187182 0.130292163090767 0.0138520590404994 0.13970500722856 0.228070951951019 0.0916871792247787 0.234173261416183 0.0344034125817091
0.19565731715937 0.211037069468923 0.0179054615932947 0.194471028498628 0.0838734162242982 0.0109061022713661 0.00407267357753983 0.0915817042220688 0.190495226984511
0.141001875309779 0.139009603181149 0.138011581230453 0.134591436810445 0.18086601131065 0.012458464198846 0.0887312751615692 0.0335399437120186 0.13178980908509
0.187448516828176 0.0432173834909111 0.132664164638335 0.0392677460513236 0.213575216208845 0.143632633337429 0.0660808810970913 0.0782671794220903 0.0958462789257986
0.140748954634205 0.115027640735193 0.147735105319512 0.127963056139997 0.146085823883408 0.152527812108236 0.100760640648715 0.00880787621424575 0.060343090316487
0.191533466390997 0.0729085244956743 0.201907019758644 0.0119079882360735 0.166921663710263 0.152859673714481 0.0984747241734401 0.0681762673531112 0.0353106721673162
0.260621108452048 0.173372976000698 0.106043665491425 0.0741540164297394 0.109128375885697 0.153297465201584 0.0585199605720732 0.0322682507611461 0.0325941812055887
0.0755890278771029 0.17615113085431 0.10025080353807 0.00778485515760629 0.0882914948132646 0.013130480274914 0.158963880488485 0.189095805467456 0.19074252152879
0.0867050128391337 0.0322516421828006 0.0196591583948366 0.27100506194699 0.00676248310972743 0.0826842503381012 0.193882504607232 0.0932038728064657 0.213846013774713
0.128669335437877 0.0932127681912593 0.0560739267870819 0.109537820047338 0.0344154367829615 0.0975189588936873 0.118942480491296 0.119584696580331 0.242044576788167
0.112426454464925 0.179157559704356 0.241698901423961 0.0266218840903877 0.0334389902327346 0.123460346246286 0.0548821700754588 0.120254515624743 0.108059178137147
0.0330630434288354 0.220662001927874 0.151025734715944 0.00972659380051255 0.089887239787815 0.0482751601308249 0.162467384496863 0.13753015854667 0.147362683164661
0.0871585463418847 0.161552367654462 0.136019715049036 0.0457438767168963 0.125881219760363 0.156690837239698 0.0721830736445411 0.142789966093582 0.0719803974995362
0.0820680937406046 0.0517641033968655 0.0462003756775704 0.109673778333067 0.0966704270713943 0.23253744769825 0.0988054803338648 0.169972695225244 0.112307598523138
0.114331855493592 0.148742369862436 0.0868711615043078 0.14354981445462 0.193030282941334 0.0795922688237736 0.160837042852689 0.0229867180679446 0.0500584859993042
0.191134341718032 0.145648773352125 0.105606121526816 0.08142799778769 0.094798640923025 0.10607359158618 0.112081144969634 0.153457695018064 0.00977169311843345
0.139423504690706 0.000348792457941445 0.140726459443019 0.105657220818797 0.136096421243272 0.134705799433348 0.107743050248577 0.0853930201499998 0.149905731514339
0.0144258192241387 0.264851780637228 0.0182412621522549 0.0642777298688266 0.129063924469435 0.010474909644508 0.0274526666896325 0.241119308089989 0.230092599223988
0.0767549712354708 0.212985934408452 0.101389376711949 0.0167650266296504 0.177909927389349 0.0778027390654086 0.117851468432903 0.048930397929113 0.169610158197704
0.015683659739953 0.0852857083441796 0.12269649026191 0.107942273996073 0.123963583929352 0.189472318041194 0.206487654894129 0.112792130659866 0.0356761801333429
0.122641286467354 0.079741987342597 0.100283204170601 0.0760328959157912 0.0878125756441951 0.160184061738527 0.103226952635321 0.114320217512782 0.155756818572833
0.233370902276649 0.078501858282683 0.0570561974712253 0.171048549385797 0.00553821282582674 0.155854440217596 0.104728766003724 0.184656176077694 0.00924489745880537
0.109484369497023 0.0360804143845453 0.178034168281726 0.129529382147768 0.23606083453934 0.148752500876514 0.0406776758390624 0.0217909941037306 0.0995896603302909
0.151161830437006 0.153094620321821 0.0558297757753037 0.0305824977606724 0.108055213243563 0.0723672166813752 0.147952598858605 0.182914014812583 0.0980422321090693
0.0851712225053941 0.123628900289727 0.0978642842783387 0.0861795909998044 0.148838797315331 0.106606115871396 0.111894139554911 0.0773693851854325 0.162447563999666
0.108065105888378 0.126768865648669 0.139817295457961 0.156873625217026 0.0253505325727674 0.178394610546859 0.167150209690143 0.0542003039654584 0.0433794510127384
0.154992670910126 0.0590083827053024 0.128393601003889 0.0649444344732425 0.0490813751626079 0.0207379541172876 0.186049419007765 0.188305354452683 0.148486808167096
0.125395799997322 0.0483345366945507 0.0503532404297542 0.00183521976090386 0.207208501342988 0.0558496505974697 0.134135903237944 0.170379392505923 0.206507755433145
