0.157498703592576 0.134773138193244 0.161033789420138 0.0762544451192272 0.178663674059389 0.111574053842039 0.0218604907570981 0.158341705016288
0.178750606222126 0.0472250263698816 0.0961335263698322 0.180395018819719 0.163387330150271 0.0470524873662734 0.194590690423823 0.0924653142780738
0.0917104317107345 0.117102100804986 0.167074644765694 0.178197347507725 0.165314353691406 0.152818106664058 0.0198433947815456 0.107939620073851
0.124905976882891 0.0924812922434406 0.097018457063162 0.153053093270735 0.158854658327314 0.10347184516655 0.117430001790618 0.152784675255289
0.115207018411674 0.155841988689233 0.0880307337009819 0.0845828384529121 0.242328075204732 0.00865750729475747 0.101520976611211 0.203830861634499
0.00362309322164365 0.232672951214247 0.205636825518867 0.0709507898165892 0.0596971190884584 0.165353854927423 0.186036157388424 0.0760292088243474
0.225588542115891 0.0479726968348287 0.217382894167985 0.0661276921998778 0.0430523350335313 0.162085873063469 0.108834984497169 0.128954982087248
0.0579689315575827 0.106455006812133 0.266307991290879 0.0726251029678391 0.134412415150615 0.152337684292321 0.207346982246156 0.00254588568247405
0.0658501414625921 0.222200801286278 0.209680788205413 0.0125516360136058 0.105178092670187 0.000997740826894612 0.0978309868785484 0.285709812656482
0.152096379614214 0.0502373676189876 0.0631614620983302 0.172193948376656 0.174520696485077 0.144385040950356 0.0807631980893006 0.162641906767079
0.106903506497125 0.0465818973566527 0.245492962968373 0.0562261826632001 0.0893487184681958 0.230966372810179 0.143067160236418 0.0814131989998562
0.0750128670006655 0.140636127409874 0.171983566464056 0.173450666291835 0.0898969325024769 0.105931361528669 0.0431675137258461 0.199920965076578
0.137051221833362 0.19275039195701 0.170050948965846 0.172242134188456 0.0771760401515789 0.170838466096062 0.0235341704927641 0.0563566263149221
0.132502386493259 0.105380113145891 0.0387434995747736 0.190401211843971 0.124602761250686 0.103842989071452 0.0497192344252168 0.254807804194752
0.0994844718828814 0.0708727131327508 0.0604265232972434 0.0930972282112194 0.0164269030839516 0.197901034382031 0.24048443687584 0.221306689134083
0.155874363699184 0.0532116228886839 0.112810986109703 0.140118170944378 0.0147597019703788 0.11973037714198 0.195738427712296 0.207756349533396
0.168914429522014 0.09826206678578 0.0220279156801595 0.127132655698121 0.206594366095878 0.195546058165204 0.117265543413147 0.0642569646396952
0.0520236333605682 0.162769596226351 0.242023747722676 0.13206991854417 0.149836721973619 0.122838399582954 0.0563561222166785 0.0820818603729838
0.144394647692999 0.0881841095653174 0.0440465932270185 0.115417105469196 0.207904986591328 0.0720836590671955 0.218937573941159 0.109031324445787
0.034385111230517 0.0935134371841361 0.20823555351956 0.186451883917679 0.015306434619308 0.226982969998283 0.000947731520455815 0.234176878010061
0.0685569863295543 0.208995215726573 0.0882930466891015 0.130827766388929 0.12623042987331 0.0558750923631149 0.106627699462978 0.21459376316644
0.181933999257721 0.209543848034456 0.174126041070481 0.0943190595462686 0.0335187414748918 0.102314555112932 0.184039194728618 0.020204560774632
0.20405797197163 0.0136293374955561 0.223002215570151 0.0990148692665788 0.0920730545447358 0.040252625971197 0.223618685783104 0.104351239397047
0.121463587908619 0.239036669203864 0.0889946900379028 0.0939834733209599 0.131999302132237 0.0915666483876425 0.21563310023313 0.0173225287756438
0.0864547805034772 0.0871529223315077 0.241216468934119 0.0637629341898378 0.141114694251712 0.142267525235094 0.180866685336354 0.0571639892178985
0.0599037586872102 0.0372150012644519 0.218341844916086 0.0983919445038436 0.267919440961115 0.0949036253077938 0.0550039051632639 0.168320479196235
0.20940970681823 0.0188332609380662 0.108641481567969 0.000472536530598205 0.161798753725568 0.195581998085836 0.233183937988241 0.0720783243454911
0.192438933246483 0.0230643159689055 0.219248664633866 0.0066929434952072 0.17562992981674 0.197611144230766 0.180613303765832 0.00470076484220023
0.0260349464021576 0.222411855440587 0.187501839434671 0.157041692776198 0.148908499704837 0.093150776128906 0.00523040393905072 0.159719986173592
0.115252618677741 0.131344329227967 0.00593149396740885 0.206918736915605 0.162737630109001 0.204310257926972 0.16924854309545 0.00425639007985472
0.0796638152232067 0.0247741096125179 0.17976915377059 0.16682815864946 0.0987317652306144 0.0524028034672321 0.2462918486703 0.151538345376079
0.00630124247621585 0.357263924286025 0.187080411678804 0.0801473157325221 0.196308872643449 0.0286294676372497 0.0446919137537298 0.0995768517920043
0.225305173348247 0.0309078073405114 0.332908372250366 0.213998142913836 0.107182948097014 0.0610270695561054 0.011341404937811 0.0173290815561095
0.0684256745968753 0.103416927928908 0.183614994640962 0.13081383663235 0.0886335827904039 0.074468684104412 0.138499094788756 0.212127204517332
0.190091788576585 0.16799835815928 0.167826754964616 0.0294969213995947 0.176657474812572 0.0130493547480042 0.0737286816318588 0.18115066570749
0.183888296512747 0.081807055819745 0.103816699321163 0.0706608616805007 0.146876211265094 0.209304885992275 0.117502519051568 0.086143470356908
0.0499870139529286 0.22243514510118 0.0448385216053239 0.217452744032206 0.0289461606289404 0.263294187475005 0.0172284291971207 0.155817798007296
0.077446833200263 0.0623500791741547 0.0157676288468139 0.242888018069207 0.0996557179426384 0.247270118914316 0.235057190497354 0.0195644133552529
0.119628980244666 0.261400485509888 0.0822043496339277 0.00380070108669604 0.276189583037134 0.0256770094949627 0.047816812568593 0.183282078424132
0.00758887173460965 0.224025036573792 0.134488182660852 0.130427134237682 0.150246990009946 0.0171256423115151 0.106413295079939 0.229684847391665
0.074594346190665 0.00922604280923654 0.122114180012436 0.239415396062145 0.0900475092479792 0.203057097789676 0.0685658259124293 0.192979601975433
0.0751984898352411 0.156409594657433 0.0309239005593247 0.219369185229082 0.0667192790526324 0.17086028107189 0.0932831506513131 0.187236118943085
0.253795122876249 0.0208326455074175 0.283117124666415 0.168900340510957 0.0538091997577223 0.0797704529648158 0.0875543802423653 0.0522207334740579
0.163653206595388 0.163611438535392 0.0728259184699337 0.10982085339159 0.108717209443794 0.166728467021895 0.172165111010624 0.0424777955313827
0.0964126927072062 0.140219447257514 0.125241881265456 0.158201298440774 0.0351530274156587 0.175901820418334 0.197186734978522 0.0716830975165363
0.168853408509555 0.140647389219696 0.201178687174737 0.145034739298456 0.190392992245495 0.0904670718002041 0.0181475695557786 0.0452781421960779
0.0750818683809037 0.0947402145564928 0.203877123971417 0.178240985712032 0.148761619182992 0.135872619779086 0.0764125520551223 0.0870130163619543
0.11510528583601 0.13872587591221 0.116187319602884 0.0717824184459903 0.12719609542418 0.14697436876452 0.183031236735879 0.100997399278326
0.134773105153181 0.014516428176801 0.0669629366959934 0.215641458989736 0.16014624670804 0.106241482246675 0.274063427068386 0.0276549149611883
0.130266963574592 0.0229862822361123 0.033386567207248 0.0495708701208029 0.0550359609243225 0.329514358130736 0.1486967051324 0.230542292673786
0.073590741978795 0.157842240519287 0.133089162113053 0.196787855089218 0.11240710140935 0.0487110404762903 0.149566550414624 0.128005307999381
0.186522098306739 0.231374584515581 0.239127585347574 0.0487268133543908 0.135774457228507 0.0514395221662862 0.0411366975895558 0.0658982414913664
0.0764265425052393 0.106601639342308 0.144842664894996 0.211880288008787 0.193489357512132 0.0665234080482754 0.162406337393783 0.0378297622944799
0.192098273795766 0.0181573978922713 0.0327502810455576 0.173502928774684 0.275565835309753 0.18733195672369 0.0636526063601984 0.0569407200980797
0.177288500467403 0.0554085082133717 0.0877065598559378 0.181131815847108 0.0502703178453802 0.192199845413239 0.166527351961445 0.0894671003961143
0.193341167899068 0.119489009184827 0.18253246555646 0.156250243837912 0.0862226837641687 0.102565535573542 0.0114348168195429 0.14816407736448
0.147941758294673 0.130636590766718 0.146930303017376 0.175951287875693 0.100261916275566 0.145292817225755 0.147766545835722 0.00521878070849882
0.237114834840682 0.03529303785428 0.197681799639835 0.0493265451248162 0.193132452611123 0.102949056530828 0.0138041139101361 0.1706981594883
0.133332835754405 0.082826742795264 0.197098820655079 0.190494626652224 0.180384058605432 0.0475160772032904 0.127869587687687 0.040477250646618
0.298203003347979 0.0357497567299836 0.22407693939191 0.230203622323304 0.0209277762225215 0.0397241666025447 0.0588932693462926 0.092221466035464
0.178101645291368 0.14007526503033 0.143340796724434 0.0121705268829872 0.0968989304126607 0.105443395024478 0.162524637805702 0.16144480282804
0.0552853395198769 0.0805220928769053 0.0423543594136131 0.196997189478721 0.194271244609321 0.192676035942308 0.213597198897112 0.0242965392621429
0.26431513582207 0.00403241892735526 0.111682505672695 0.0728280910902786 0.0762796590844929 0.143004571247016 0.284453099983998 0.0434045181720941
0.0690619550708536 0.124214852191001 0.102659647192343 0.100614451219961 0.157384901660355 0.0738641068661413 0.164332001527178 0.207868084272167
0.0311226134196035 0.0557196693755359 0.198461790925019 0.0401563535471769 0.14123903454237 0.237733918547425 0.0898352910373536 0.205731328605517
0.0623354497766761 0.0847566413182866 0.189669338174305 0.152584034516484 0.10676289828019 0.0134482059207092 0.178076924953356 0.212366507059993
0.194492976497005 0.0388768828233172 0.0244211277911749 0.0539414168051951 0.0937455235848639 0.210497260221655 0.166373012472071 0.217651799804718
0.0932500555028137 0.0437976943994108 0.220623991975274 0.192113867917567 0.0839770444077165 0.0139537606214825 0.192019761678544 0.160263823497192
0.070103863353848 0.0578863554244388 0.113194457445066 0.131269791708108 0.186064077974909 0.111628687665076 0.213489513659986 0.116363252768567
0.0777729580071421 0.113773156765687 0.0428755918550765 0.16429973947706 0.209732434130424 0.108541066978815 0.138525983961939 0.144479068823857
0.0533679031585273 0.052227524654522 0.240111345904301 0.110471393116061 0.161823069970893 0.11960760573816 0.125566871776441 0.136824285681095
0.217967827781687 0.0539312374487585 0.210744018885335 0.164457690724013 0.0449980775070088 0.0147079256123304 0.00251858956134152 0.290674632479526
0.278587002475374 0.185167389855077 0.0402860869891488 0.0396088744641847 0.0949231269436056 0.0610414154727163 0.0652041268523977 0.235181976947495
0.0478102576933328 0.104596887409713 0.210462134405716 0.205642499094696 0.0561223009821323 0.166900076579596 0.0174784233585554 0.190987420476259
0.138016214352913 0.0574888248032401 0.244180815251134 0.194552973214295 0.100414658240468 0.149385241420738 0.0413510638645497 0.0746102088526616
0.231386320573333 0.135479564357511 0.157108014639871 0.0696757905124665 0.0227457839771973 0.184127820677461 0.172400205350358 0.0270764999118012
0.140749983441521 0.159836311288302 0.057990124434775 0.155763886931546 0.119347676160961 0.0627621107008249 0.0989071001738081 0.20464280686826
0.0808306608085809 0.147093723000379 0.0409433930498247 0.0566915115396797 0.256462030217027 0.117293277774686 0.150231261944974 0.150454141664848
0.136636696009003 0.155706513338995 0.0932652654567094 0.0501400056053185 0.178189769669939 0.0404021062548154 0.189887264717351 0.155772378947867
0.17403976400031 0.0084129184875966 0.170306922125608 0.0771142163354051 0.211013764695597 0.120140948526343 0.0932756500485064 0.145695815780634
0.0946780399575654 0.123339944121744 0.155495462475038 0.148197125313375 0.189479435908493 0.110170045861238 0.127278473681891 0.0513614726806561
0.107648976276205 0.173939318151576 0.103502760058995 0.168529467520544 0.104127981672022 0.187500171714894 0.113789630337887 0.0409616942678772
0.0881340029387746 0.0366559901022646 0.192480494623412 0.067725107332469 0.271028919567394 0.0363243381871992 0.193313987710003 0.114337159538483
0.0498299544539878 0.150363711055138 0.211325747550349 0.0635044184946944 0.111485800878558 0.0315888485378716 0.212207522963183 0.169693996066219
0.222224204397914 0.0288912803833734 0.0637550250949156 0.104800215885179 0.268609005009254 0.128908555884158 0.157417277288572 0.025394436056634
0.0824440393296473 0.0185052636527054 0.238327088135325 0.123825776322369 0.195897881318529 0.0443513051183346 0.292903165026484 0.00374548109660562
0.0920919638316797 0.301169398035942 0.105248426434977 0.136690946511439 0.071483687591443 0.188089603581912 0.00352978587315816 0.101696188139449
0.252337998148275 0.0810356356402001 0.125243719949008 0.103966961108761 0.130712453227894 0.161650101081273 0.0256412647767542 0.119411866067836
0.147368230312458 0.183855035217274 0.144167996487466 0.051169228181208 0.108169973883061 0.16827682779022 0.0827219196972354 0.114270788431078
0.214389493170887 0.110869460888043 0.0821522204627247 0.0192981730930827 0.205767860627719 0.166587915387862 0.0207465395929679 0.180188336776713
0.214291622770477 0.126614759065207 0.0627074750152395 0.128682664528648 0.0568155846192078 0.156618415060002 0.0911600946818152 0.163109384259403
0.236829425385532 0.0863875820618144 0.0627900174182701 0.0210093188740578 0.115907872280257 0.0508614379351149 0.213324945501367 0.212889400543587
0.0776121236527303 0.0553301217354064 0.221542043292082 0.0333029635739616 0.180852563653268 0.230292302891449 0.171498619795045 0.0295692614060589
0.0670900148837926 0.0411616753567403 0.157014226998699 0.0306022690054716 0.202554628929027 0.227419326352784 0.0936357496146746 0.180522108858811
0.153534584054528 0.101921266236868 0.0718783742232788 0.213546314263188 0.208027066253233 0.218771592309056 0.00640895879431164 0.0259118438655364
0.0544118086291808 0.114558010769819 0.207883962864795 0.198983162886994 0.0974496312937483 0.165296184672564 0.14440022288732 0.0170170159955785
0.148787583585039 0.0981322935392449 0.00903907437319876 0.242356569780113 0.016228186860927 0.264517670325902 0.0191940512283506 0.201744570307225
0.060491756606923 0.185331771802767 0.11216104012631 0.128493122129745 0.156128232026965 0.195577897263166 0.156795212564746 0.00502096747937657
0.145492157634241 0.100503196949127 0.0510259770589512 0.218010551583266 0.227500718225144 0.14048902851081 0.0887018246722195 0.0282765453662408
0.170041873562602 0.104937702958791 0.00288357655544594 0.192390934247333 0.127048778474426 0.113598677087815 0.176058174291151 0.113040282822436
0.190857331206924 0.146506958115967 0.122186935640892 0.121785303523938 0.103656082546288 0.117007462032226 0.185149881924359 0.012850045009405
0.178204008597028 0.0246558186799619 0.182795361443216 0.0690216681608821 0.0332811997288764 0.185882985450217 0.139723505685986 0.186435452253832
0.175678890452457 0.132871404750337 0.0455752974158175 0.142122013876562 0.182708337361042 0.177226091093353 0.0743871336293875 0.0694308314210433
0.204042179875432 0.0771869354446304 0.121264557389345 0.102835619807317 0.0338784738615462 0.180572593171349 0.151439310086104 0.128780330364277
0.0025931646648145 0.203077395695019 0.0312002480669465 0.133620299146116 0.139003710208831 0.0892859806966937 0.120785266979442 0.280433934542137
0.0426841661229039 0.103233945474895 0.065811869670634 0.271414607636199 0.0359362575850163 0.272909750234063 0.195401987996515 0.0126074152797745
0.0349967057367559 0.0633307281883076 0.0730606388369239 0.133866632751748 0.137027021278149 0.149790363579957 0.216495921934805 0.191431987693354
0.214369515771741 0.0844571446704918 0.140567162462469 0.164093052813893 0.0390102572430721 0.300023907865957 0.0503409822204401 0.00713797695193605
0.0725816561051975 0.141890222382453 0.0647125723152955 0.154931371750899 0.301093424553169 0.0904451074364501 0.106514934886636 0.067830710569899
0.131600632176571 0.116667344290192 0.0841315288270485 0.121180091852948 0.0892585029877627 0.140098606769333 0.150241960033843 0.166821333062302
0.0857534353163643 0.0132862820442351 0.14912149554711 0.214411949230156 0.134978341040689 0.203216076369052 0.0851063460677181 0.114126074384675
0.238554474272052 0.0700500833871116 0.03027008323717 0.234298432144311 0.211010043012634 0.0246265372073586 0.0217682191587195 0.169422127580644
0.224965413660566 0.0277534982529659 0.181336806548045 0.154427352662841 0.0791431377781013 0.161332815899647 0.0661348369778437 0.10490613821999
0.0936366586009863 0.197133262153047 0.154586980148306 0.173327363576547 0.0732718233157949 0.12627435551018 0.0799214251697932 0.101848131525345
0.0882369798890139 0.101843473576689 0.0630789111781417 0.126461895609478 0.193235171838632 0.0345004970650406 0.230110814405308 0.162532256437697
0.0939089675133221 0.0795965848479804 0.218067332917059 0.0359907025529885 0.131349788820219 0.0843450787029159 0.20729963198521 0.149441912660305
0.0743919624634806 0.0728778728189502 0.196776902204698 0.156213511249515 0.228699666658295 0.144065362878135 0.0127732040259954 0.11420151770093
0.125695875997077 0.0503768270831017 0.0284076587565269 0.152338720890833 0.212265459599719 0.15367357723645 0.138776890819059 0.138464989617233
0.207070702039232 0.000866137999975181 0.15833363779646 0.175704058062506 0.0828976549782137 0.119762435743346 0.115267657870856 0.140097715509411
0.113756773269193 0.236873367780211 0.075078114176926 0.198142840380291 0.0657885461567944 0.160332190761289 0.0287470937853498 0.121281073689945
0.119008582805871 0.025435704169687 0.184950106915084 0.12148533976034 0.0388309000805431 0.104283316995009 0.25588140138229 0.150124647891175
0.190302289218994 0.198926449717947 0.100453534785453 0.115069198693331 0.0174908635090212 0.169643612714963 0.207895755295046 0.000218296065244143
0.0192531557598433 0.149571232142378 0.138457100574741 0.211794692981 0.125413863270696 0.0697914913244655 0.210196693006117 0.0755217709407596
0.139162614219655 0.0590841483250601 0.218197126236873 0.0924931002957261 0.316372746740118 0.0921558573788734 0.0452766330308996 0.0372577737727951
0.166330107065091 0.166564071778387 0.114562377800229 0.135279115873284 0.034464339331566 0.0188924433154011 0.212328220726784 0.151579324109257
0.195999141347131 0.012051854192519 0.172845740557851 0.0273280627744464 0.21229670223023 0.116472191551162 0.107584055803722 0.155422251542939
0.150030203094663 0.102738134261119 0.0119730000599238 0.239467164568454 0.330063398974808 0.0368520969593256 0.12225443657226 0.00662156550944697
0.158471955920571 0.134706178549793 0.10561740868579 0.0258443170948557 0.138260470294249 0.162245914406715 0.0980977982002155 0.176755956847811
0.138336236191911 0.0238941759134481 0.0898893481941488 0.133352418234819 0.13572618614051 0.156728897185229 0.14819128792934 0.173881450210593
0.0548209230914792 0.080663791397138 0.175148460291967 0.180451181184233 0.137589401526509 0.154625545963907 0.172847778360096 0.0438529181846709
0.341527110378865 0.00731720472827021 0.0873241963754213 0.117149606887493 0.221954162295202 0.0114609947464467 0.0713050143434187 0.141961710244882
0.194917337328015 0.125254284273563 0.0215723765231191 0.11882491495878 0.0918244840582889 0.168616175428645 0.215165280037526 0.0638251473920624
0.112515710510079 0.103582419250504 0.0737473947275936 0.0066031277588032 0.131201581371555 0.208865083437552 0.232340234384081 0.131144448559833
0.150368707130792 0.131286851385287 0.0975902873558642 0.173235694978372 0.0993086592270147 0.0182931911443792 0.175794667223254 0.154121941555036
0.176297190847033 0.0224844969959067 0.311006183587384 0.131589462187584 0.223243208650522 0.0894999689884495 0.019468369746372 0.0264111189967491
0.0546556569766057 0.328606196871723 0.0313875427212706 0.165235851807454 0.0115268294716939 0.0868314605331989 0.196944836292699 0.124811625325355
0.0375249771183279 0.164006057475665 0.192590552502495 0.103865811437334 0.266933199882713 0.0643028744588018 0.0184512664728009 0.152325260651863
0.117982944082642 0.239540112388714 0.12766168324206 0.0467458220833634 0.0168249415920325 0.232878670816981 0.148091495471946 0.0702743303222613
0.153312301785173 0.022522531667883 0.0980894027374963 0.0191743392292695 0.141212934008914 0.209439841575489 0.0843605522722168 0.271888096723558
0.0483671751767774 0.0438281565564067 0.012674529819214 0.206108772866436 0.155556967955737 0.141020832118318 0.221399132460126 0.171044433046986
0.0513609864035582 0.171355406568127 0.283229728198381 0.162219664615789 0.117400361522299 0.0475078209324089 0.116103794396504 0.0508222373629325
0.189555050625861 0.309479538104173 0.0387223101755793 0.0113111504708513 0.0263025004296656 0.112852188397526 0.0360920623859794 0.275685199410365
0.238801370421811 0.104309549756387 0.162252949914618 0.100497531639567 0.0691138475417629 0.0406865411490072 0.0437011284999442 0.240637081076902
0.215155309752358 0.0276848144697653 0.133090624508267 0.0832794329502596 0.0272701033043928 0.23894669364068 0.0512197400169156 0.223353281357361
0.0918589401855019 0.0220423543493172 0.0171222771100783 0.153436781406043 0.241027635574744 0.201771602348877 0.182559184584495 0.090181224440944
0.0586135909614787 0.0846264411856061 0.0850064493431416 0.148467411989975 0.154109174331196 0.146039684047238 0.157881986228058 0.165255261913306
0.0287285884563025 0.124076135542674 0.151704882723945 0.213510833396258 0.144053721142892 0.140148886603991 0.0890991999501219 0.108677752183815
0.118778431046996 0.168147642503392 0.0982406764652798 0.121145228607375 0.184072688566024 0.013059453499256 0.146346352690937 0.15020952662074
0.18270699934902 0.175514232541396 0.180500177012988 0.0968428008058161 0.0379153362050177 0.0722833962215599 0.134446996902586 0.119790060961616
0.0641707976698249 0.200134665202764 0.127744776781103 0.200481988358005 0.0852285154807592 0.244315627135227 0.0197462186223872 0.0581774107499298
0.120283716198655 0.155786560138586 0.180108940889322 0.134162063948593 0.0389300690913327 0.0541083423648876 0.149229696968687 0.167390610399937
0.00864771383207146 0.222386760086958 0.173387383511709 0.150375141706076 0.159316080726545 0.104079905925611 0.161042241472757 0.020764772738273
0.190405825844927 0.176778347014022 0.173448273626768 0.0505275214466087 0.101092295090676 0.0534736951871669 0.128051230238235 0.126222811551596
0.0264809718559005 0.214937084594825 0.200979908347589 0.0422350871193845 0.0651247149768942 0.0588079105922275 0.251796002211624 0.139638320301555
0.0950322615302854 0.262402121986961 0.169703158809239 0.0422462813027755 0.0774018999406456 0.0260970819039188 0.199535044871039 0.127582149655136
0.200301334516902 0.0607127846167964 0.148688642227694 0.000533023688329795 0.120467460918814 0.213693415174828 0.0871378360087332 0.168465502847903
0.0460425966894142 0.294176342386136 0.0487779869124907 0.331857498678986 0.010718864106035 0.0394429024380617 0.0751732375071229 0.153810571281753
0.0214112664331885 0.0145823649390891 0.0271273657755353 0.151669403622476 0.199213901048019 0.260878147639725 0.234897590436737 0.090219960105231
0.163865389459126 0.00282408770328939 0.167135759994433 0.0622937303494098 0.0238816228582032 0.0934989855431671 0.266840438917686 0.219659985174685
0.00974949782018192 0.00632408207316969 0.197721695427701 0.19999835994049 0.102507909897896 0.134731114138768 0.123004034311191 0.225963306390602
0.0387120319811331 0.0175219835353747 0.249148919694398 0.0405871188789045 0.247418448993217 0.0972737360937323 0.154372011893666 0.154965748929574
0.124070408952903 0.233236777165011 0.0783289512193156 0.129674412398018 0.171811723435856 0.0696062189344016 0.043842837757751 0.149428670136745
0.0493856916211849 0.00622887354954776 0.223995326845671 0.217494001958781 0.205527504165921 0.0361784900245819 0.109635474619354 0.151554637214958
0.213730124626561 0.0811667907620077 0.0316526541430388 0.238564583556322 0.0422168727691098 0.200369794739843 0.012356027599385 0.179943151803733
0.175022788260621 0.0428088259948092 0.0686347369367188 0.131865383368281 0.136728292149424 0.147329664240426 0.208022395194444 0.0895879138552772
0.0644809023463143 0.00643699575192184 0.0143490587048271 0.0404057427937299 0.253702558251632 0.200621432005475 0.229592865962843 0.190410444183257
0.142743904642201 0.177418834472036 0.0143842549521224 0.225489932593212 0.130242227953945 0.0685660541197111 0.224242152129785 0.0169126391369874
0.00730619834569697 0.1663589412423 0.0132715902935451 0.0677198357583878 0.254667102800443 0.104670830836611 0.209400723764524 0.176604776958492
0.023106955873624 0.231802598739201 0.00877998760048422 0.215191124543493 0.0709977988378069 0.0209037354658046 0.184921459703492 0.244296339236095
0.137044273849644 0.203037235063509 0.132783289029488 0.0766558994840847 0.214233299364273 0.0800469933134222 0.0253678950619869 0.130831114833592
0.0612568445149405 0.223387488905824 0.105993612358989 0.0314224088918676 0.180012135952132 0.0736569387495428 0.144057347198197 0.180213223428507
0.114861536691884 0.105876312777462 0.159143682363332 0.225753020231286 0.0847582699521169 0.158485165003604 0.0512737852391686 0.0998482277411457
0.0516043740915125 0.223236198740525 0.206922398941492 0.073000524370035 0.116466167726063 0.00271184694052851 0.107953847312532 0.218104641877313
0.0641130239846584 0.177209897158419 0.180316257279178 0.12002984854824 0.00539518108517504 0.186191321215835 0.155990515610868 0.110753955117626
0.154463375909197 0.0963683615989269 0.105528780649976 0.135225929438079 0.151218601099242 0.0880279132666985 0.0734301590898542 0.195736878948026
0.0222076907126019 0.107633735062996 0.509118572953334 0.167853433326011 0.00349039100897127 0.0787676375008144 0.0349941486214006 0.0759343908138704
0.0451918264758643 0.0714984735610406 0.145775507990163 0.194569645709116 0.23045465192585 0.0442899518088799 0.191782450342769 0.0764374921863187
0.0998195911796729 0.142409450891818 0.198511109277912 0.15726177389241 0.144316651736006 0.0949440517714053 0.115518626503208 0.0472187447475672
0.0452175533213363 0.00555711019949805 0.0187447372437363 0.166917049498628 0.161391375903804 0.12861267071365 0.271138245115577 0.202421258003771
0.114113108465392 0.169057601686147 0.113678097907108 0.00594232532136419 0.198621831700626 0.086048468120417 0.186975359776093 0.125563207022853
0.186799198539051 0.00835082299857794 0.147768402631665 0.217168669805002 0.0563965991894319 0.044467839780671 0.160130132729417 0.178918334326184
0.142778121328981 0.208952615701876 0.214321494470125 0.0644056384798103 0.145480095719253 0.0978825848327475 0.0199978919445976 0.106181557522611
0.0293823811942173 0.172625737041264 0.0921032932517044 0.111335981831369 0.112057759766363 0.165782926702065 0.177882771831832 0.138829148381186
0.01680284936784 0.0300566299138465 0.0546144425953616 0.242658772821835 0.248353291196734 0.128845820413479 0.183950671918682 0.0947175217722221
0.178303133249248 0.0195086176303583 0.167091014373756 0.221364990256585 0.0455463492544003 0.222978680838383 0.0525124583175479 0.0926947560797215
0.217699024771138 0.0741967234619581 0.22866833891721 0.129403093327389 0.0764187785759278 0.106464888780922 0.0404215970144424 0.126727555151013
0.0562734874148977 0.22013278622123 0.0766123017264468 0.0876083389602492 0.175649468781417 0.166692498252337 0.0627308864715945 0.154300232171827
0.161762423001477 0.165759239585098 0.0925192477027529 0.163895083158065 0.0863303189866891 0.0450061676183874 0.109326782733067 0.175400737214463
0.0720125695196655 0.238641233350548 0.266001556795441 0.055611079557839 0.0886643767248314 0.111032610538183 0.0392157452248363 0.128820828288656
0.0416763640834803 0.130969146077881 0.0250483463409656 0.0692222928872562 0.167111821712378 0.219470864545856 0.238690872391018 0.107810291961164
0.108262773421274 0.1845128290975 0.110737820402716 0.0767551045184124 0.0616505527845096 0.198796645788459 0.188217448285671 0.0710668257014578
0.304854922975559 0.113405930622394 0.137380672959703 0.155756183825378 0.0865079148275076 0.119167769731803 0.0452542108679588 0.0376723941896953
0.00245805502968088 0.00073806406706882 0.336988946053419 0.0592879537949956 0.129310372854892 0.142586351893008 0.185581338965469 0.143048917341466
0.259841185490313 0.228212514879156 0.0824099129410569 0.0224766539394074 0.0034856709842338 0.168379452391192 0.0426150381051841 0.192579571269457
0.168630069739155 0.151168751373851 0.150190653703555 0.0802820163000625 0.140677877995428 0.122079826396472 0.0751247000530515 0.111846104438425
0.0124085953695584 0.160194079756103 0.194538971122711 0.0449007297477944 0.0780417124183978 0.169594531117257 0.1790136191914 0.161307761276779
0.0164897345342281 0.21416817682857 0.15704947920605 0.170219135639691 0.0259339958271679 0.141443196897819 0.249179495727945 0.0255167853385273
0.143510543312236 0.153679700544217 0.030367673204255 0.0765447340344939 0.177294264038977 0.0921732701144935 0.129266630990794 0.197163183760533
0.0597296513820721 0.16269299916594 0.0240052861509952 0.0788586627103383 0.0525514261602052 0.181352108555763 0.179836051229672 0.260973814645014
0.0807783283971642 0.119818887836651 0.29658444380314 0.000324885257012213 0.0910451894693766 0.221004081473482 0.0257376079993485 0.164706575763826
0.0488886958203833 0.0889324420015777 0.184766694719358 0.209028205406411 0.0309458973428954 0.0957040129777084 0.171826630628591 0.169907421103075
0.120900324713054 0.101934719585227 0.106149710059257 0.134223782038163 0.189631636777788 0.0423804642620389 0.0370654771059265 0.267713885458545
0.0472338900027476 0.191127787105813 0.106912230901829 0.0883715732520573 0.0928422531962214 0.194377439314616 0.159695603045599 0.119439223181117
0.215991096921171 0.0693062503786444 0.110046546863419 0.00575795231420996 0.233943087922038 0.120214777379508 0.24211233882467 0.0026279493963399
0.163495519089882 0.161066399842794 0.204541800645963 0.22740202352476 0.0188741054669798 0.0771806783595237 0.00677326709259279 0.140666205977504
0.142075746111902 0.206495737667812 0.0209296663830852 0.147349168468121 0.232411588240533 0.0906107257003159 0.154062314355059 0.00606505307317106
0.0733836400723421 0.19046195390705 0.238672309600158 0.162987405964075 0.0639699159828395 0.0593585935642567 0.194622069992019 0.0165441109172607
0.034989620611664 0.1227411999221 0.21576524272929 0.221389076144089 0.113565256928523 0.0733952853352438 0.11993421756421 0.0982201007648806
0.0724956819383425 0.168334083506082 0.0199200561087156 0.180676985759403 0.134302691353124 0.0726695946446969 0.172649339464679 0.178951567224957
0.054319754807797 0.221342680435334 0.020586612512414 0.177608300809808 0.220405538167354 0.0823919950610189 0.0159593439645469 0.207385774241727
0.154511694921231 0.224665253414038 0.14434893717921 0.0111339762788899 0.194702703298022 0.146899450277109 0.0618912760090925 0.0618467086224083
0.159996975591913 0.178281281022792 0.0127788612231656 0.171493158845356 0.117469413750282 0.139519093446782 0.185981515729099 0.03447970039061
0.138455003660106 0.104744853068676 0.106560825620764 0.0450507418006766 0.218820595974356 0.115413862089297 0.0769864067221429 0.193967711063982
0.0605501511684996 0.127838188836894 0.166838420231207 0.102711447004136 0.186506927396819 0.0388376465582857 0.178229223807233 0.138487994996926
0.0135556586147851 0.211942645575376 0.0347147194890832 0.122539063186076 0.18670202301421 0.194806195692887 0.186865674733578 0.0488740196940047
0.000679050071965117 0.182489528979615 0.040169622784919 0.207345396488071 0.180277944524099 0.114975242019065 0.110608060729103 0.163455154403162
0.0483087708481167 0.107466797638035 0.228865114016901 0.128527731056196 0.0990237489674606 0.190476393238311 0.0969621117158667 0.100369332519113
0.186275751170809 0.125329730318385 0.144132684824515 0.198427308831761 0.0653843914844596 0.0905083761504054 0.132067982722247 0.0578737744974173
0.178422794288967 0.196023719297492 0.213998402908513 0.131172106467968 0.0835134428955658 0.0362188495557646 0.124506683316029 0.0361440012697001
0.213333769159097 0.0207502184397128 0.138118448616246 0.142303995291497 0.234122114238477 0.134860743191975 0.0234612793187926 0.0930494317442026
0.0218323849999356 0.0449786745108646 0.0409088148366024 0.143674760098136 0.137381127078512 0.213705988537891 0.254911405145727 0.142606844792332
0.150142021113145 0.104403647674943 0.208886266444893 0.0505931066257251 0.0983904750351472 0.150858481536228 0.219889999419601 0.0168360021503192
0.00276314862993584 0.211026293232154 0.074298083768711 0.231633498168614 0.0763221714772333 0.175437734573162 0.0632562777801251 0.165262792370065
0.0324499844501537 0.0976372450878745 0.128154330584738 0.172516619682698 0.159835943612078 0.167555214085279 0.058689739849894 0.183160922647285
0.177235766949288 0.133245942961101 0.172067488671463 0.170971165885367 0.167996196962612 0.111740984482998 0.029967533301873 0.036774920785299
0.16324586122431 0.0583144678375034 0.225334253978208 0.0731584732471992 0.163439833678709 0.000559994317971511 0.253832892630209 0.0621142230858897
0.147206408983895 0.0969182566900179 0.0916623749209588 0.163782947272257 0.113667968736936 0.146811196983568 0.127183550039349 0.112767296373018
0.228538038657241 0.117650709471842 0.154187002857147 0.20212889319289 0.0917008916391407 0.0251295122303482 0.0638328712252075 0.116832080726185
0.168185972086432 0.0693101696339183 0.180404485613007 0.104148726248678 0.0986572468066645 0.169263560461908 0.159988392040339 0.0500414471090534
0.0744384718202516 0.205253483047938 0.141920239543479 0.0327376250096424 0.0964866969198315 0.213565993698505 0.152703756475246 0.0828937334851066
0.22903670395865 0.183507620792758 0.0148813388117474 0.139899119246745 0.143813501831167 0.00569084433910318 0.176359927927215 0.106810943092614
0.126524538827432 0.0567536026745496 0.0443827176412647 0.169295059728701 0.0996025619069314 0.234393124712267 0.0355628492681163 0.233485545240738
0.16366196809017 0.248207993501692 0.0779456053167284 0.270492397905135 0.0648640996269315 0.0743954610127668 0.0681815667647991 0.0322509077817776
0.0674993455479448 0.23509735703978 0.109391278011921 0.0337152289317219 0.146876767019818 0.213775769496197 0.184027025786172 0.00961722816644548
0.147907150626083 0.156980658621256 0.0378132992277008 0.115323112583496 0.156515076551793 0.221011067402884 0.0693348996606861 0.0951147353261023
0.174842067384871 0.092642481124858 0.193454976711871 0.00903954683772834 0.0700232318790224 0.243984547208206 0.157840421401555 0.0581727274518885
0.094138463349607 0.104933523645485 0.217901361954443 0.0104637641813884 0.159524891731337 0.192049419845572 0.197432614095966 0.0235559611962011
0.0953607771327352 0.197283848189525 0.0321828772993553 0.147018028647651 0.0450217992720712 0.231194101975721 0.0325311360019715 0.219407431480969
0.114952869168031 0.147927672574279 0.160824833835776 0.156989500602129 0.0316318412096954 0.148885503555854 0.094958270107375 0.143829508946861
0.121019850839286 0.168713350373431 0.104403485454959 0.16883515841841 0.0958338680600615 0.05488769581748 0.136044723475734 0.150261867560639
0.0737329379670438 0.0457819229489836 0.189259871852927 0.125555431926875 0.126580824709724 0.356951805347964 0.0764064923089599 0.00573071293752232
0.160017108803444 0.0632734840128634 0.0605306270813625 0.168553237217554 0.153780702652262 0.14903249533891 0.116902424404432 0.127909920489172
0.190144105030607 0.082595792229137 0.160256451419533 0.0485576550018773 0.129842458420403 0.220763360318883 0.156381964942034 0.011458212637526
0.0136191247411128 0.0851802241537059 0.1405528078099 0.0353162372900509 0.0503302254922229 0.313474458085642 0.294364955277364 0.0671619671500005
0.154213419711319 0.195218814019672 0.0889286490700344 0.0650424729794846 0.206030952963169 0.0034883927981412 0.263257584108029 0.023819714350151
0.198714762979336 0.0109549135169103 0.0796657584148848 0.019717907262991 0.203063691614505 0.074780577920955 0.208865243521278 0.204237144769139
0.0291697612118068 0.12444629600469 0.0650035356977975 0.106760629687474 0.165871964673262 0.244863161824904 0.262359660533088 0.00152499036697794
0.0979684621772837 0.218322817681647 0.169261205545471 0.0415624381992442 0.0589993232535125 0.149440075700321 0.0509976006334089 0.213448076809112
0.125773468242413 0.169289670346661 0.167265695458026 0.0625316276733841 0.138443954649116 0.0151587026834884 0.142360301824807 0.179176579122105
0.0124976497502197 0.22645578397377 0.00436680068996835 0.220996942723348 0.22929727167537 0.02692197722189 0.146030886984885 0.133432686980549
0.0810105016001672 0.262465521179835 0.212984085335101 0.0927634708547151 0.145450134712546 0.0297525622828112 0.0548752265196787 0.120698497515145
0.0118190145620894 0.107496137116866 0.0608728793949539 0.0379191856170324 0.220939166983519 0.0455446358184013 0.278756166501376 0.236652814005761
0.0341729748469496 0.17210427123649 0.113396481227614 0.00132826561309046 0.216638658221997 0.162975991260079 0.159716693488472 0.139666664105307
0.0895656523004911 0.145632379720608 0.130364712431261 0.150385988932658 0.155808487802413 0.151670098744981 0.114244490554259 0.0623281895133284
0.188150201995798 0.15932184921241 0.197698342197234 0.19867099891873 0.0789225503241151 0.00635177805840149 0.0136029379350072 0.157281341358304
0.0136545345371487 0.0363460183126533 0.00494287433506776 0.290249307663779 0.244178425096587 0.0991919900907457 0.118284974618479 0.19315187534554
0.0648933914495681 0.23323675952006 0.18533859240402 0.0184972032155549 0.24706530371905 0.0676269208531982 0.0393136113410072 0.144028217497542
0.128354617239287 0.0300826681536199 0.0986555871457321 0.00416361004390893 0.131830652768363 0.234621580526357 0.206394868626128 0.165896415496604
0.132916158691611 0.206814420838631 0.0975080650972571 0.0498001699808591 0.206728647698899 0.163042009913206 0.0129151885053733 0.130275339274162
0.12312144006314 0.192754840136815 0.20593531932226 0.0961115888932267 0.138460435981771 0.0324147888250502 0.0636044111565583 0.14759717562118
0.271283487619386 0.00355129957124912 0.167862597382376 0.0566641572039505 0.243781136050548 0.00201852890466501 0.00521348167544131 0.249625311592384
0.00684793833538381 0.207146397215016 0.0886715640848977 0.156160044299086 0.23298701654189 0.0991173040805615 0.0255727253692732 0.183497010073892
0.0900747649588903 0.139104929173108 0.156491097321143 0.207687346484326 0.0281433133875864 0.0501004530309036 0.168991317561506 0.159406778082537
0.10000510931898 0.0941342352958726 0.135448006030131 0.206069833344296 0.121457090596002 0.0372228592780495 0.137623292622115 0.168039573514554
0.0208277190720456 0.0342233811726402 0.0594207759305547 0.0929460018522099 0.185019962673823 0.249812114371222 0.158330462801105 0.199419582126399
0.064634798288237 0.131217399588133 0.183241002401401 0.175938955094927 0.234114881679702 0.192768756339602 0.0156084413793929 0.00247576522860377
0.109641274603757 0.0833598671226026 0.149951262825295 0.235728325145164 0.0841575065254964 0.00934776089165141 0.169654809241941 0.158159193644092
0.17548169448897 0.209253001433588 0.0673296098962533 0.0703192512047036 0.208295195158908 0.0616531276624995 0.0680567581101948 0.139611362044883
0.0188449695966852 0.245248747807966 0.114385294163214 0.221372531175985 0.237669830980015 0.0189220502816166 0.14206389302635 0.00149268296816829
0.0135387853097436 0.167872453469399 0.158520778896414 0.0115565718470875 0.0327889251919578 0.258520335093793 0.25047863405963 0.106723516131974
0.00886119839780373 0.180434303888388 0.12310399361612 0.133007979935768 0.110199435418658 0.106507900447216 0.292839304732213 0.0450458835638338
0.165513080072477 0.0558290290644702 0.186723259325587 0.18402508766493 0.0208869535792947 0.123622240599323 0.107049049703508 0.15635129999041
