0.0308782339793056 0.10030841066907 0.00155031496914275 0.00805343072125618 0.283514726877163 0.160777503952098 0.117254399746163 0.297662979085802
0.106957699660442 0.0373553373112396 0.207956955730186 0.131923842430883 0.209284369065236 0.0650087994854382 0.210510647329715 0.0310023489868605
0.122365919361185 0.233258247454672 0.0437862221609814 0.192348445816817 0.178607385080939 0.0787990509178346 0.0797146623165896 0.0711200668909808
0.0975845177930634 0.120925576420084 0.15127808862148 0.0615874012089708 0.1616600547065 0.200459756950306 0.00870634570632165 0.197798258593274
0.169406174055665 0.242244652828647 0.156615077407981 0.0784580196499686 0.0682302303882692 0.165986754478363 0.0220364052469988 0.0970226859441075
0.114267418715633 0.000561215211572993 0.178223021503168 0.12409502641901 0.0159413483544172 0.175697587390781 0.225042532012692 0.166171850392725
0.175544682350981 0.0876240999255677 0.162804948357104 0.000745143372775446 0.103636143265121 0.214687547694098 0.228521706928128 0.0264357281062245
0.0931015994092202 0.0936836488885056 0.155076754155243 0.0455290068102793 0.196128380812677 0.108693207622764 0.218872752299062 0.0889146500022487
0.112776112980627 0.179026253604447 0.12927128710273 0.117210761431763 0.237540718744973 0.118220640389047 0.0278625819981537 0.0780916437482592
0.190283064355432 0.17864326770911 0.176967977447095 0.155551699462671 0.0100056813972104 0.112945818375633 0.104375069695245 0.0712274215576025
0.0858186177717865 0.158611076567513 0.273612292780146 0.204332577108818 0.0389369701245177 0.0787127758944002 0.0401049698791787 0.119870719873639
0.161079333594084 0.224529828003394 0.0581445318376541 0.0270171779344997 0.184044256277529 0.0800620395653733 0.0512201427879325 0.213902689999534
0.044988481096809 0.0838011427206053 0.0304178345822318 0.208369100205243 0.157532166990087 0.19991433031006 0.0875747927033139 0.187402151391651
0.247393645786759 0.190241535014046 0.0382096208855651 0.00176365083961242 0.210072376330951 0.205094907331011 0.0720699525075434 0.035154311304512
0.0281178986241467 0.0124213981950361 0.183773548565019 0.174915240939851 0.137763448950753 0.0234023923240451 0.17203148720743 0.267574585193718
0.215261012356462 0.191699981919369 0.214370005778109 0.00265721764170668 0.164253708182226 0.021555403158281 0.111119605275122 0.0790830656887239
0.125236183206252 0.0264368152933234 0.231191196139304 0.0177660794104417 0.224630061831292 0.191217899196564 0.152043632116671 0.0314781328061519
0.0788325562858326 0.0845978663703278 0.173932575850948 0.173723911444213 0.178933537865804 0.126031862488709 0.0437561475300799 0.140191542164085
0.0481579714353613 0.125645189979883 0.200544248724008 0.299639312644655 0.0703613319814243 0.020562898199714 0.204206945395026 0.0308821016399281
0.104431750514616 0.188279385731608 0.165581872575589 0.115136719195425 0.0912884556411974 0.190757890392266 0.06500409616595 0.0795198297833493
0.0138746542108132 0.0878271230280887 0.142611622828064 0.160272160455546 0.148905564301247 0.0974634360144563 0.221323808644874 0.12772163051691
0.212769161600421 0.17850289223663 0.0952590554199185 0.155515964544318 0.130183283058002 0.0460592060216703 0.0438138373510907 0.13789659976795
0.135034116627143 0.0816751693180019 0.148931799678933 0.169496620588421 0.0806482257422081 0.127320304867324 0.167223510705278 0.0896702524726916
0.178472443468378 0.200712471986423 0.0601345861569847 0.0765995532881062 0.160973256303012 0.0521071855004777 0.141182805275951 0.129817698020667
0.210813444903737 0.117709591637101 0.167489342118107 0.0791153340049324 0.255996203692051 0.103110817099476 0.0424536863851022 0.0233115801594943
0.135737956517791 0.109061287694386 0.0560819829708748 0.156317080264631 0.132960230923011 0.189111039917116 0.212504534233506 0.00822588747868358
0.133012606463312 0.080054983822779 0.222668046997296 0.140122958117248 0.126750787871139 0.0220797522342361 0.124501207237916 0.150809657256073
0.0811410294406913 0.201221951222016 0.0860248006309557 0.0390684143840355 0.0891708402204235 0.104789127092744 0.157162891753562 0.241420945255572
0.186468196739916 0.0373950963377902 0.155739155229948 0.163462688371084 0.0699115604836241 0.102626258893366 0.137376208184459 0.147020835759812
0.0467306136700236 0.26229387313735 0.0376620413018925 0.0172920664034467 0.0947547049188562 0.15754520750003 0.166751107933205 0.216970385135196
0.0419014214502826 0.172718631341182 0.0556134827936011 0.185236253728287 0.149903920795231 0.119134210749037 0.0623193555123432 0.213172723630036
0.0431845616747612 0.183437862994891 0.228860108544156 0.0382155176661692 0.197883864025543 0.0903883231376596 0.159111399033891 0.0589183629229299
0.209784563159377 0.174871964226034 0.0590359756194614 0.148333330178023 0.0739779784939959 0.186552765447058 0.0913083506947643 0.0561350721812857
0.163082103175692 0.0989559983127905 0.102327846599828 0.150863885665283 0.192081237416262 0.127425412294838 0.0672305143831523 0.0980330021521532
0.210877008132963 0.235127397415259 0.173739774104713 0.18406485314853 0.0577783590062583 0.0153922909986 0.00458127553982898 0.118439041653847
0.163190328925646 0.0756575031774396 0.224352051778042 0.0203418414585301 0.095721802610407 0.0870469147731189 0.250578416982646 0.0831111402941705
0.145100025066393 0.0573213066279518 0.18534141673967 0.151625680472634 0.0102409502030649 0.050855818935702 0.314203386320166 0.0853114156344191
0.166819217563042 0.181122523981241 0.184299708302186 0.070544260661031 0.185615315969247 0.0203269855402469 0.0789066577016047 0.112365330281401
0.134889538672624 0.0887512619589858 0.200548766265779 0.0334436886023811 0.087155161274786 0.214899372356413 0.151539764646801 0.0887724462222309
0.145039324103658 0.0336007053346254 0.117341766634696 0.0486991460647878 0.098351132293787 0.254751520626418 0.149670698715203 0.152545706226825
0.172012838654101 0.0238579332048497 0.0172823199008077 0.166862277460655 0.147116182145768 0.159877006661908 0.197657812211766 0.115333629760144
0.142498218293471 0.0781030248463514 0.0481011118139432 0.125302821940858 0.169299367224822 0.146215012473852 0.131063439101851 0.159417004304851
0.0193938000749924 0.139075242988185 0.0359478092152305 0.195608559013282 0.0760472031028425 0.238494495398523 0.19814820426713 0.0972846859398147
0.178977493061975 0.0504504444332356 0.213653199095564 0.177117750072397 0.0668038070221853 0.288838408879259 0.0125239306901986 0.0116349667451864
0.0194397690494975 0.076121453985258 0.0460155602944347 0.239803366116102 0.123541698939467 0.216892133469303 0.142809356804329 0.135376661341609
0.0925171862663717 0.0236590623071118 0.0916711356702463 0.0812334974895067 0.0298978517757527 0.100903244902006 0.359098765941231 0.221019255647774
0.00934068118632918 0.232476249910953 0.0989834641000355 0.248516586846113 0.0385062890590182 0.108315730055587 0.0700280054706822 0.193832993371283
0.140020413738487 0.00789028402151346 0.137268224595233 0.0933482934427202 0.116754284296514 0.213553622790367 0.260668073126517 0.0304968039886472
0.207245563125972 0.0836507188242111 0.0471018638766188 0.156348664402505 0.194711401636463 0.132132465117639 0.00142261362916207 0.177386709387429
0.135106419227356 0.183153314233319 0.179280810879147 0.0891769655775359 0.0388961605555996 0.0925333531547365 0.198097253764445 0.0837557226078609
0.125483805438163 0.0331642071197556 0.269254829500896 0.036675680705033 0.07276606483761 0.190329642939908 0.231279442087068 0.0410463273715654
0.0267988682499874 0.123919838241146 0.163945836858171 0.041729555480703 0.265591046967744 0.262142517933296 0.050831968574036 0.065040367694917
0.127137272451231 0.0453705568204017 0.107603707632041 0.160176369358 0.0870572513184475 0.143857430205333 0.165509044846822 0.163288367367723
0.150501203724288 0.134108454519346 0.0591007661859263 0.109028081554219 0.0355621499554246 0.236079912577611 0.111057122229916 0.16456230925327
0.109622097751655 0.182573002512591 0.0499709741041278 0.127485705849457 0.159322990894583 0.0926220829733128 0.206963970707201 0.0714391752070728
0.153083184501185 0.188848536200444 0.00791944982709292 0.175440222644372 0.133943979138432 0.0975672433267352 0.137795026685994 0.105402357675745
0.258645050826687 0.137642063810246 0.0723438734460297 0.148334681730103 0.111223619900353 0.0969699769467651 0.0887967058871242 0.086044027452692
0.131802956977879 0.0268806806186911 0.200927156259442 0.0717881804209133 0.0254443269221347 0.289989754044113 0.0219367337568375 0.231230210999989
0.238823077007383 0.273086588502887 0.119288963875512 0.00216517984067256 0.105621541406379 0.0206326537843519 0.000985599098057034 0.239396396484757
0.148187440343683 0.108280630076753 0.130913011376248 0.115656259422861 0.138757309983521 0.128376687427239 0.104693998199761 0.125134663169933
0.0622414461589547 0.0155221053063135 0.132196077094136 0.0995008281901103 0.195353440638748 0.102598659890009 0.196705853162232 0.195881589559496
0.158089823271398 0.106223901064914 0.101355809796234 0.043294887051589 0.134046569179394 0.168502759800027 0.0898455242166897 0.198640725619754
0.216750719078641 0.27601765234962 0.070435407877479 0.0372173479323114 0.0851038965377486 0.0629522679232478 0.129210797118948 0.122311911182004
0.0240560640610711 0.0381322798336478 0.136075562635096 0.0300557147768386 0.237620316103638 0.278672846030581 0.242247973821052 0.0131392427380753
0.193678984518456 0.127880704880922 0.00231692694357612 0.0119947679717139 0.24178181213103 0.25672327463972 0.00350665163523223 0.162116877279349
0.0310294571864337 0.119976696586601 0.0785980733600489 0.141777388426116 0.256883586267771 0.248639509329622 0.0632143729317961 0.0598809159116105
0.161110181041084 0.0445487573701084 0.173708498677736 0.0312057370514797 0.170596434229772 0.122380890993507 0.145208646074126 0.151240854562187
0.0131637917767388 0.232589669451897 0.00578510432334662 0.213350271448306 0.0896804296728044 0.112070157075489 0.234624732686883 0.0987358435645364
0.102142912344759 0.0485715042845514 0.0203066253348035 0.251214883874675 0.126184715645981 0.148429915139967 0.22766800390107 0.0754814394741922
0.125021909979002 0.187525787357452 0.191827858054415 0.164913514557452 0.0151309410679343 0.117842338468727 0.134389029570315 0.0633486209447037
0.00118919685124113 0.172435111390643 0.183555581962406 0.14330776990436 0.0348284004784939 0.156292045812847 0.160018783235981 0.148373110364028
0.22940142381842 0.171212834841128 0.0152103231958274 0.0606774758247834 0.0664868400988407 0.229592090995311 0.133465826273043 0.0939531849526473
0.185802507025618 0.084547717224376 0.116285172080431 0.138958714310721 0.037644464581362 0.233656802651783 0.00896205165198395 0.194142570473725
0.196744695057188 0.0535809402671297 0.0347643356542029 0.219767578937797 0.037153771502609 0.0356463134769541 0.278625447833156 0.143716917270963
0.0921013662296718 0.0395345901654819 0.18450096731314 0.0639516254748728 0.171125835334341 0.164204909959896 0.0784342985068261 0.20614640701577
0.00162660262061641 0.226448576354816 0.0787081308407358 0.105832944944676 0.143280361882755 0.103151056519628 0.120544681750476 0.220407645086296
0.158446756848621 0.152133276448104 0.0382868471379705 0.118209506369558 0.0740639364024814 0.136600010207549 0.167956477431157 0.154303189154559
0.301127037965063 0.110870230207348 0.211205726779867 0.26422767566826 0.00974034697795237 0.0417825727594776 0.0316580737543652 0.0293883358876672
0.0930923138403651 0.0308128344182876 0.217117393041476 0.192424844083706 0.163653259418981 0.176938498978809 0.123315459066344 0.00264539715203002
0.0716489150837445 0.236172632395863 0.0736490222977915 0.173597988544612 0.121329869254135 0.0892849837936978 0.210141894794518 0.0241746938356385
0.00484494072947197 0.139218836555588 0.0769046081766252 0.158236641419635 0.197273529327744 0.150407909813028 0.097198545297079 0.175914988680828
0.190428492567132 0.0423569058299461 0.122854517024249 0.00243522809858077 0.180863759814089 0.109330173460042 0.271298267167069 0.0804326560388925
0.111502484561028 0.0983075819074003 0.17737636969724 0.171492811253468 0.122958268461058 0.128528115752197 0.0283895694423965 0.161444798925212
0.178415329451981 0.0814196566560705 0.22019945507688 0.230829961832837 0.0862046819908997 0.160094363249466 0.00380904574773512 0.0390275059941299
0.117594226729165 0.2392877293282 0.0593449418086739 0.222315279713539 0.0645478910204887 0.0474654749366689 0.0292682454641298 0.220176210999134
0.0537884330742351 0.166304475064488 0.189550506150596 0.00568282022360575 0.185800536800889 0.17596368658704 0.179464114776088 0.0434454273230572
0.0555363469085598 0.210074576295941 0.290077219695062 0.0800160984124922 0.0449553744335074 0.0834924572878855 0.189108220019167 0.0467397069473846
0.204228231650811 0.304071458399145 0.0402456938677675 0.0263071875594199 0.0352731483911973 0.0609205336743441 0.324276971151013 0.00467677530630283
0.0147821113822047 0.0475067489064354 0.268485320708074 0.120310242744762 0.0912925965532142 0.0870543135854242 0.0976311365984945 0.272937529521391
0.266489979936546 0.152691118378951 0.0452595176486091 0.020104144912719 0.168132895182091 0.0894161388216386 0.148248362973297 0.109657842146148
0.00293156808891248 0.0930415758890293 0.183548161280071 0.170424776717501 0.156811553050464 0.210166230291366 0.141559367657611 0.0415167670250469
0.207092832977285 0.176322371482945 0.0265258569721565 0.242748848209924 0.195757798474817 0.0399813289073081 0.10731902578635 0.00425193718921453
0.0218697211598841 0.152449589479546 0.233330957046343 0.0145984641018862 0.104257632918342 0.0256865311725527 0.211931645809654 0.235875458311792
0.153409748059409 0.120438091486347 0.139464593860544 0.112990520595579 0.207701683476038 0.0495031357037069 0.165297449157652 0.0511947776607233
0.236785711120411 0.0456233148122309 0.144201481552148 0.0437420446775109 0.0178418362458099 0.157014085176281 0.173945149711356 0.180846376704252
0.168463753884415 0.107237071785428 0.151870397497795 0.189218925562662 0.101501884536963 0.13710300708306 0.103325287947446 0.0412796717022304
0.0823637919339718 0.133735040433612 0.0529280492392746 0.101303317638475 0.151163844597251 0.214409167295554 0.21267517385632 0.0514216150055422
0.0147930915708753 0.237593206100625 0.183959019593614 0.172466903157826 0.00149416014538293 0.136672889178721 0.0419880921652873 0.211032638087668
0.0869165116394074 0.121952199300826 0.132286857600945 0.0500537201016663 0.0789957991515888 0.0696251173490778 0.230502458718662 0.229667336137826
0.213561763096056 0.10167539224427 0.000802944432393847 0.112593715016782 0.0911681317044315 0.0900328608701981 0.107906587218391 0.282258605417478
0.0268689595413908 0.000956973358722805 0.310235935045629 0.0174372741560439 0.227853476752028 0.163294664793752 0.149702852457549 0.103649863894885
0.116878975277397 0.0756650513703758 0.120186134156936 0.164929793410392 0.134376897464123 0.189366535583521 0.0475237308659044 0.151072881871352
0.0817878885975541 0.183797989754674 0.120426653972673 0.0939912067860714 0.135213846521525 0.185399933349678 0.0868751511287179 0.112507329889105
0.102079897458393 0.216012041010696 0.0311213590969528 0.17750122688302 0.134098858481009 0.0986833637924813 0.226163218350751 0.0143400349266965
0.180422803063244 0.193314680948358 0.209243010373061 0.231919273550445 0.0771533886940955 0.0386185735080931 0.063809240457322 0.00551902940538208
0.135911583538209 0.075395525013434 0.200841849491474 0.10823360042935 0.19707433960073 0.207253362441043 0.0455589358849375 0.0297308036008232
0.0311007636375891 0.285482760086493 0.0426022707733121 0.0826271035735092 0.213741783833827 0.0547932951175598 0.00229350023469747 0.287358522743012
0.153321845327418 0.0938845400979074 0.0996779709355447 0.0551975904122908 0.234602054574721 0.123264349228259 0.151675327601525 0.0883763218223336
0.095794210420473 0.174256894016321 0.129429423582966 0.143181835241164 0.054942610913758 0.149401844197457 0.0956347541023702 0.15735842752549
0.115514032498677 0.136692695642974 0.166982342145114 0.00459531932213476 0.0456105940091321 0.261154172023841 0.235382763397534 0.0340680809605929
0.0192509201760234 0.220381322706453 0.085808261134987 0.000454143666658935 0.142732236528132 0.0719600426123766 0.192264524018577 0.267148549156792
0.0733127657164577 0.0171810407669453 0.135676081248205 0.189585892451224 0.180366468672738 0.121708659145974 0.153542438864509 0.128626653133947
0.219470231074498 0.0230608122099337 0.0848208366553131 0.268137054068632 0.179333290461227 0.0440537765416925 0.122950411896362 0.0581735870923412
0.144715676078693 0.0178161061352295 0.25894085326118 0.0305709954716839 0.123661105652529 0.337306887614679 0.0728551258714367 0.0141332499145688
0.153786495726177 0.0545922853047321 0.144392440548989 0.133373357561713 0.156211533177134 0.124173684582103 0.11350797419337 0.119962228905781
0.172470136102271 0.0191161115293314 0.207508501261283 0.0983076576197238 0.0427994724555484 0.193692604209243 0.232194589924505 0.0339109268980941
0.105435512853809 0.117173828024792 0.0917168781066662 0.0927038013572179 0.0368555582976383 0.184486872198543 0.158243513310847 0.213384035850486
0.188477104995191 0.189863081638419 0.13880082737431 0.0525130538718297 0.154226637445598 0.193504603929138 0.0745139921108077 0.0081006986347069
0.164067362933933 0.0355628297160516 0.16313802386772 0.112579733254118 0.174299446086317 0.169892888721663 0.0143645228863013 0.166095192533896
0.238204317688071 0.22412713692672 0.176976605343643 0.0343007259873418 0.0936119771923442 0.0752403908878597 0.0857485774209847 0.071790268553035
0.214143872144625 0.201954693526526 0.175470822462063 0.0814205544816506 0.00433621979573233 0.109231526943284 0.184841988594579 0.0286003220515401
0.0559032302925055 0.193937903597893 0.139793552256055 0.118524134363691 0.212904508953626 0.149038510275281 0.0708007280100206 0.0590974322509282
0.145188458780358 0.0800327295359415 0.0700960932688621 0.197683235794437 0.11155182111777 0.118310751161125 0.261970175637058 0.0151667347044489
0.0817421281882051 0.0466961629872247 0.171519711024158 0.177305301010722 0.152280107778184 0.055588000162412 0.116588851239473 0.198279737609622
0.0447047981993686 0.138828904517707 0.157969387298311 0.00698233498807652 0.148536700578714 0.254263786674767 0.13427021749359 0.114443870249466
0.0915004559652207 0.148837552839021 0.143660078373116 0.0434623178440836 0.15873918593451 0.132706156944105 0.0990012533490053 0.182092998750938
0.221695346228468 0.0342979949521662 0.153367500477991 0.234821417016458 0.0775238276931564 0.104229911411685 0.080405866812936 0.09365813540714
0.0882922563163036 0.129020827580255 0.201234180464813 0.297605542154279 0.00244343420506492 0.0868202827429459 0.0444368846621379 0.1501465918742
0.0651331623332956 0.12628711304282 0.0192981561167624 0.217876122478986 0.236349753422396 0.080056402191323 0.0979627390411144 0.157036551373302
0.1076103611307 0.109255397905348 0.10209967826644 0.103985477215193 0.00692011816805752 0.222396603755217 0.250466837930219 0.0972655256288249
0.0187926253049843 0.21113375108013 0.117841386110049 0.164117020455938 0.150862016782326 0.11479858708804 0.189584727485349 0.0328698856931834
0.195887198672312 0.0579384913200472 0.22726942088727 0.066753152226117 0.189908583957754 0.1940459506999 0.013251082923862 0.0549461193127378
0.088791139694833 0.0148886673100173 0.105358843813752 0.0600413341526254 0.141666018875634 0.223235235836898 0.333840081370438 0.032178678945802
0.202892423675552 0.0271969367458867 0.128938446902268 0.0669931659311456 0.0186797556118905 0.287028467805744 0.0203174942617241 0.247953309065789
0.0939962390050299 0.117246729986398 0.164194637502086 0.0751986540938391 0.181288961856355 0.211101959079045 0.0164272254649429 0.140545593012304
0.119499487294724 0.0429215563899025 0.118975399718958 0.208631249846823 0.28320106877277 0.177697782456012 0.00984305790423048 0.0392303976165801
0.191836011322667 0.115578804778187 0.0192853007953205 0.0590834558481591 0.21509285982304 0.21767062238832 0.00904250059996232 0.172410444444345
0.239685429303361 0.0857579396242197 0.121979692548676 0.156287132252529 0.184999644036355 0.0305768435201693 0.0539655909623386 0.126747727752352
0.0961757086050732 0.0853192640366883 0.152531744003129 0.0255573563063874 0.231227467699836 0.129191192295814 0.135853502722703 0.144143764330368
0.113712329654095 0.209034179219674 0.291700635719272 0.0125980736275873 0.0233179776984525 0.221973021665877 0.0721504736684339 0.0555133087466086
0.147770518320592 0.130307548817455 0.0416877694724681 0.00118159091400874 0.18604248695142 0.142885843402567 0.157241048421024 0.192883193700465
0.123592378109124 0.129489332716099 0.165629818018605 0.0441808781292756 0.126358229286052 0.0567463385920772 0.178598336972696 0.175404688176072
0.00547066993744587 0.172556213211544 0.056789870718252 0.103740665633856 0.168059620069813 0.108364873899285 0.149327412325876 0.235690674203928
0.248137712065306 0.00880562332221177 0.158998494470196 0.00895294659865758 0.107090755757576 0.0534688603374072 0.242863819020117 0.171681788428529
0.180349213814482 0.21643946518893 0.0107006052065158 0.103924120514938 0.152499001539742 0.215163776879547 0.111615962993943 0.00930785386190283
0.0331530699887368 0.192358354060372 0.225155150022487 0.00527477233135058 0.215864572113254 0.121204879478721 0.0993246736503027 0.107664528354775
0.151240220394438 0.108307038470502 0.105238337470858 0.256887472290284 0.092563492979196 0.162787064511695 0.0147850426488927 0.108191331234135
0.108908036668398 0.0742597917397795 0.051585221125723 0.175889651382423 0.133955436863548 0.127832320339703 0.137553937976903 0.190015603903522
0.0452427914664316 0.128110393033215 0.0666938856050198 0.252853335089021 0.144980780395412 0.112258607325212 0.118579033315748 0.13128117376994
0.131842926504373 0.168021725784068 0.101703726400509 0.15025539097141 0.0518752764666102 0.106408096226973 0.199955395986119 0.0899374616599375
0.111541310044798 0.0524278768499103 0.051452303913142 0.195870935874347 0.0555071749365168 0.133146384224496 0.191973497355128 0.208080516801662
0.223686696168498 0.147053730032233 0.062876143731745 0.0177762770907887 0.192596041690726 0.156436980847623 0.0725266944098254 0.127047436028561
0.062310615139252 0.223138508158435 0.0445760215827084 0.288631547283553 0.0512041433966534 0.0517234394026639 0.0561930755973964 0.222222649439339
0.120978928625118 0.147080636582475 0.140327274311144 0.177838952344661 0.14420161923471 0.0850808753323659 0.0553469965720702 0.129144716997457
0.0944196031343057 0.253136202402806 0.0704015374161945 0.00309368304436133 0.0255779229921718 0.252066037710347 0.160684390474575 0.140620622825239
0.208717677892123 0.137123992345185 0.128236727482282 0.199788610137596 0.0444996328306622 0.0654129262678966 0.00525752688099528 0.210962906163261
0.109193393369216 0.223324921417814 0.267338499581485 0.0200024787714892 0.0117432510749307 0.0516819129335654 0.208230657182088 0.108484885669412
0.0225704255855283 0.283132468060148 0.10740422303646 0.0609937680349365 0.059184210223076 0.264081544689701 0.0241465228899614 0.178486837480189
0.0058535866428247 0.109498095003036 0.241231930743294 0.0331124567705817 0.104567328343514 0.155153753071901 0.276358507137573 0.0742243422872754
0.173937241832167 0.219333538091106 0.174478923273438 0.0724546854031351 0.0646820223924783 0.10338336015656 0.0940760689160709 0.0976541599350453
0.0543919839083425 0.131338646841522 0.124450157710107 0.0881792893202047 0.170890541890337 0.11157301185388 0.139736465854049 0.179439902621557
0.227693676272852 0.15609088441749 0.186577114442955 0.0928934482409096 0.0161345107567769 0.0874276691101318 0.0864606826633082 0.146722014095577
0.0552122658805716 0.150795599475568 0.211809599169435 0.181227841503461 0.119364482799657 0.0752082984606198 0.0493616306957358 0.157020282014952
0.104548307771892 0.241062204271146 0.0809507449665473 0.0434055963267629 0.235203109366809 0.218072326511048 0.0668800127236623 0.00987769806213195
0.145879324726738 0.0827522117763892 0.162054050243654 0.125632851848659 0.170044574910769 0.0621345356181932 0.0954000402672756 0.156102410608321
0.233090088059672 0.234887327394882 0.0735349920744277 0.0329904992947896 0.0840852083178436 0.0578656274588878 0.0761492352789187 0.207397022120578
0.07839423059142 0.182867392880733 0.12784281769009 0.218069845566268 0.121680310249845 0.0972968416988991 0.144796630425102 0.0290519308976425
0.138213036953096 0.0326934183125997 0.247114164470949 0.094383414851768 0.05858310412983 0.160321803716936 0.125796208425316 0.142894849139506
0.170899141186235 0.0464382785256967 0.204587590547819 0.12182491018938 0.0999841916515248 0.085421883131545 0.184312762061554 0.0865312427062457
0.0562052568280204 0.119648366367452 0.12411695519352 0.0600070876285017 0.174112183208226 0.167920909440941 0.178863126635648 0.119126114697691
0.0239637676191437 0.111787505041844 0.20014735820691 0.161685102000133 0.161909942733786 0.12209844655181 0.0797480864702027 0.138659791376171
0.0212216706515709 0.224894854917721 0.225189109546341 0.22465268857429 0.168424829312799 0.0111018452113468 0.0817773416772025 0.0427376601087287
0.172520629037969 0.183413842162227 0.161053292343962 0.0646097762698783 0.201935346713972 0.0636262025882021 0.000885579701308338 0.151955331182481
0.186645302333707 0.309620838061986 0.14591958500345 0.0282664673264613 0.105726285707139 0.0649512678632988 0.0893904152565201 0.0694798384474382
0.0569367980104391 0.141503978048139 0.0452086137198238 0.198031051169538 0.189501567529799 0.118552647971441 0.107519528775018 0.142745814775801
0.188319360500214 0.025213164949195 0.0437159237198137 0.0995823714990088 0.143862688331524 0.161934550676022 0.138999103695196 0.198372836629028
0.138294641669289 0.0056870576818203 0.212203030438638 0.198130637102978 0.0045245485053324 0.1235603703872 0.122490879597126 0.195108834617617
0.0808155554195577 0.030544638319801 0.156146650800161 0.100708962346441 0.0761260098557431 0.167940775029682 0.191872803332116 0.195844604896499
0.0267949049368168 0.166351230865738 0.203181402373774 0.168384099697883 0.104302302681523 0.074717412229043 0.146449850369769 0.109818796845453
0.0941762518616032 0.0968853981448722 0.0550283054903843 0.188476484798224 0.0730020798680238 0.144352261742796 0.177460611976719 0.170618606117378
0.234467043151127 0.251510631952005 0.00366557027690816 0.132152004770573 0.272281951884281 0.0391040451529593 0.0666858560751336 0.000132896737013073
0.11582674752292 0.10280349430984 0.232743682644747 0.00809033206942596 0.213771665069113 0.0945884970225373 0.0697235330837935 0.162452048277624
0.091394277360592 0.0509104636581279 0.072489113042326 0.159613650766457 0.0457187935494777 0.178068662600322 0.189014560515541 0.212790478507156
0.00241081553052443 0.168852996493907 0.115871095254676 0.0398301673068639 0.0795199365582276 0.216339206089889 0.182954680108204 0.194221102657709
0.146864553022121 0.0789700950153115 0.149280584172107 0.113957250112076 0.221755381126474 0.110822245173118 0.119822734492294 0.0585271568864979
0.095829939652595 0.0494714182354832 0.108876522153903 0.172519217376324 0.106312732500027 0.156994143100077 0.150328439451989 0.159667587529602
0.126252742763011 0.179608510788034 0.166190829699997 0.170764390320112 0.142959422962581 0.126123583583859 0.0663439999738704 0.021756519908536
0.232080515549827 0.0199492576247473 0.0071140902423645 0.227580860324894 0.073330701626857 0.192348280091431 0.0822792834163827 0.165317011123497
0.141149371303696 0.223063035117773 0.0430207208575098 0.0165394946747236 0.0361060028483377 0.151069609441525 0.315296021436923 0.0737557443195119
0.0571614970313023 0.184496893988012 0.0974465525561165 0.00208594734679125 0.175349099384795 0.287590446922828 0.160094977948362 0.0357745848217934
0.0962375586099174 0.119964774649129 0.0852202339742867 0.110092351632702 0.139266616061724 0.172855700711802 0.126202739034212 0.150160025326227
0.143232193556243 0.11121215679331 0.143137226451901 0.127950595743259 0.142834464775882 0.0991848380933263 0.0685220614506838 0.163926463135396
0.094447423297045 0.166227505733837 0.150184442994915 0.172502742194417 0.0132292523119042 0.150668855338348 0.121445791280072 0.131293986849463
0.167211379824928 0.0957577546469163 0.0605251577533422 0.21192873968172 0.164051257206642 0.0441766875269396 0.167972148573624 0.0883768747858873
0.118830290293146 0.00939867004457511 0.0890835643889819 0.128655807442066 0.174948752721914 0.109014984820339 0.181445270978685 0.188622659310292
0.132411128107698 0.197819978805748 0.184761930135752 0.0408626934739372 0.22030654338123 0.0078436546366638 0.159172621220659 0.0568214502383107
0.0595016623227692 0.162461998970127 0.0864693075626936 0.105428173091442 0.187735456625794 0.176129671173139 0.174673528148859 0.0476002021051755
0.0242739146946293 0.216181738077984 0.117812081832126 0.188948232917902 0.0470364803117331 0.110334278302622 0.0943450010607742 0.20106827280223
0.0668298174673252 0.0454343492336515 0.0426270255286649 0.0974712726372481 0.173424520041942 0.273697977715752 0.0807787505930222 0.219736286782394
0.133888345035168 0.152902212763953 0.0317857272294008 0.135813833815739 0.122159581668814 0.17646588739168 0.0557577145676146 0.19122669752763
0.0223537125208061 0.0831992581777562 0.11168221285148 0.06618923454071 0.0414568613270512 0.207326172235811 0.262236701586055 0.20555584676033
0.0679600390303613 0.0474307289850483 0.168695344782998 0.159845529314852 0.12623641284678 0.148267320387933 0.0932046687484012 0.188359955903626
0.169422741870868 0.0461442771530959 0.137217552349632 0.145515246103434 0.202420153340134 0.0347584188443072 0.104175505050542 0.160346105287986
0.194908607861846 0.184410447421972 0.107483847415298 0.122671682235279 0.0752339128417492 0.0984837867054614 0.0716912459567392 0.145116469561655
0.0638661859263353 0.268496302400231 0.136619924415647 0.16445037183465 0.130394880965449 0.193807677921132 0.0198923120874895 0.0224723444490656
0.129415617977976 0.2257298862037 0.0828176771707202 0.0791097685512526 0.0817752674848627 0.191292749629809 0.170076037075171 0.0397829959065089
0.041569946922166 0.212963038682574 0.180925078852662 0.152270959773128 0.000469775795594005 0.201543872808538 0.0199251264034831 0.190332200761855
0.0894118879578479 0.21450867519391 0.0963122943867705 0.124033405600129 0.234882830843775 0.00236186680415594 0.130790917944814 0.107698121268597
0.129596525989907 0.215119779126028 0.17125789816658 0.115658981263991 0.158379255197485 0.0851902077108484 0.086830458621518 0.0379668939236424
0.0601567349527613 0.0883550314506816 0.16534586284716 0.171519466215491 0.172648014913975 0.104163989129311 0.0594125001203836 0.178398400370235
0.109695174690157 0.200533723288908 0.101098910031384 0.201494057784043 0.0825382802931001 0.107706580048327 0.0375417574602476 0.159391516403833
0.20016012173219 0.119431214298228 0.0368149043008427 0.153164208795579 0.0785541882426382 0.234608291094237 0.155169294703756 0.0220977768325292
0.0164611314199128 0.078652857839277 0.074691962558113 0.26631535097131 0.0672496944156329 0.109223718859214 0.206260069725384 0.181145214211156
0.305397253258583 0.0453166235728693 0.251725853839936 0.0427106249971559 0.113568651243073 0.220205686425939 0.0029618215472208 0.0181134851152231
0.00854291527070233 0.179786131206669 0.0732675977337861 0.202343662901256 0.126862717406596 0.217465086923996 0.170374053981794 0.0213578345752002
0.118080159627521 0.0764422162494475 0.248320763283271 0.248898919308189 0.0425293496527737 0.0497788484061695 0.131715246298961 0.0842344971736664
0.00924600301626949 0.106148078193148 0.186087608710949 0.0354037854102158 0.211322978716532 0.193103795845512 0.172933114751136 0.0857546353562373
0.1416941299933 0.218035886856411 0.197882889073817 0.0172864418224231 0.0401865691421591 0.308379944953873 0.00095313764152283 0.0755810005164941
0.163792257345633 0.107264604782421 0.151217745581283 0.104698880850961 0.041259034022753 0.0397778454642997 0.118515569649144 0.273474062303506
0.0660166606447482 0.184656876226298 0.177844571385827 0.0378139347056865 0.135496702403159 0.0328613473209755 0.192363397316728 0.172946509996578
0.155364885675038 0.167012219630634 0.163817800968836 0.0587010914026524 0.114290410564896 0.0751479062958827 0.109056868895287 0.156608816566774
0.0622953377579646 0.0395815999791781 0.0934625983270405 0.146088844850285 0.134106468649598 0.161993494748904 0.170714768718797 0.191756886968234
0.0718730407448983 0.240767019855348 0.0230967101793284 0.178178987493935 0.0354083208063377 0.188330136453146 0.0276330842098067 0.2347127002572
0.287979093260539 0.069568929058836 0.298882310375265 0.126866021350322 0.000931237113124824 0.134331198162998 0.0765388635562617 0.00490234712265402
0.0189319597712912 0.122908366543932 0.00306401046336423 0.240983733493585 0.278719119905345 0.102191079590589 0.226379316862735 0.00682241336915858
0.127354551686688 0.0750468913358547 0.112022635298312 0.240088300424115 0.0030324801389916 0.219728868660739 0.093610665071445 0.129115607383854
0.0620307760097519 0.202083155401087 0.0864450938331945 0.150826459904368 0.171074494255666 0.149414551973854 0.0904020968606497 0.0877233717614299
0.0601380477538147 0.0173977921102946 0.176841171072525 0.168298600081445 0.108007477786105 0.171482474895363 0.173701255802844 0.124133180497609
0.104656729296299 0.195416790886973 0.130657237487341 0.123174414352268 0.101818538042882 0.146842977403116 0.15262413903436 0.0448091734967596
0.208620206827488 0.251308871305198 0.0357294609560428 0.250255022831306 0.0463562351883571 0.0324775585734173 0.0447024514634082 0.130550192854783
0.131493502280288 0.182108667856701 0.210713250342982 0.11815368633393 0.138914766401617 0.138896475959766 0.0539273165250866 0.0257923342996286
0.242806026674202 0.123874844703855 0.10785465446035 0.00418438046367481 0.210342647104098 0.125135961713135 0.179011060768658 0.00679042411202731
0.0449419347971408 0.0450868442396218 0.212144198795349 0.228498368688439 0.0798956972354146 0.128910351944909 0.0308485667339977 0.229674037565128
0.227487480422383 0.148616790611102 0.244069995631595 0.0732339723108779 0.197667886603551 0.0697455353244535 0.0155346050845413 0.0236437340114957
0.227586677048524 0.115718180211311 0.225455644181896 0.00682130687766791 0.0688719739508272 0.218406473130463 0.0328587288082895 0.104281015791021
0.235765304807597 0.0165146186585006 0.239047707432573 0.337397088316193 0.0367796080048193 0.0443654538726404 0.0231770957244432 0.0669531231832331
0.0312185939224914 0.0035800754591476 0.0346187172324957 0.198826272585943 0.212703094537004 0.185498158353919 0.181310737284492 0.152244350624507
0.0335757679957236 0.285473618171358 0.0260942626373943 0.014144380517853 0.304288399783547 0.227001193675706 0.0209760395163794 0.0884463377020389
0.0941637927538885 0.00273664631398591 0.00999086728273446 0.427635559670302 0.23160490864916 0.00907554072260488 0.13140082711 0.0933918574973242
0.115144199772598 0.114639898756477 0.239496414824816 0.0996961271515167 0.181156558151393 0.000288816004251883 0.199920928126023 0.0496570572129258
0.129699059168783 0.197044171601609 0.0114984964324578 0.133969716939045 0.0654297251655818 0.227521447279059 0.0930268325146795 0.141810550898785
0.000223854578450915 0.149415407838579 0.167190826386829 0.219531261380989 0.216729414537771 0.12716998137058 0.0793661051431188 0.0403731487636833
0.248631149984447 0.0035008513673799 0.0303526269313106 0.0863440570291246 0.209174372933281 0.19280682500122 0.00247325977402512 0.226716856979211
0.0967268909359354 0.0144617749936286 0.163172156314389 0.153851224388579 0.158939594811048 0.209276896596717 0.198892723882028 0.00467873807767481
0.107618011669189 0.077985227551176 0.188592719388829 0.0612738211319092 0.116011872817671 0.181872856154562 0.127761176729844 0.138884314556819
0.245875536138812 0.0496384192011783 0.12837930510772 0.242726817402758 0.051463986885561 0.0519041159698917 0.0789604569383002 0.151051362355779
0.178852403374186 0.0466589544057962 0.0952297709410501 0.16638398129817 0.0790370443501613 0.101233608179503 0.162469938523384 0.170134298927748
0.146597979234926 0.243147625283502 0.173581874832114 0.0556482967015298 0.0599354699999984 0.137283736659836 0.174954027628361 0.00885098965973236
0.0736834585171149 0.207520554437856 0.160797996380476 0.188375586935058 0.0497885568776845 0.188301233079674 0.0398809027640696 0.0916517110080666
0.178727166695393 0.150018202938823 0.150600278049765 0.105400628708373 0.100064798378022 0.0370323699998027 0.097257238432783 0.180899316797039
0.152971709167734 0.0259257503679729 0.193560476187804 0.0804765477115841 0.072827430039566 0.0632713419214919 0.204996616124196 0.205970128479651
0.0780212795428108 0.154196167621143 0.169999740303529 0.0942657444382696 0.151656313247853 0.0186287584556705 0.148692326335604 0.184539670055121
0.174928518041503 0.145493166035828 0.0932777125658206 0.114423583427005 0.155668436187781 0.0661101861974175 0.122057450125102 0.128040947419543
0.103414870044657 0.168713106800091 0.0415466541052251 0.125984935691012 0.176159025274354 0.253008750213091 0.051865466788516 0.0793071910830543
0.20359785704251 0.115065580654185 0.0267041282837698 0.0687272918966148 0.174458573518814 0.11226260446273 0.145435852942847 0.153748111198529
0.189627173570686 0.0549821192247826 0.0607784982587824 0.274520238800617 0.10219422179703 0.0773456619020687 0.00968295391139506 0.230869132534638
0.323139296842966 0.0888413511674067 0.112114251140599 0.0216655694166543 0.23322787852175 0.0400130698310353 0.0174431313295602 0.163555451750029
0.125053352859916 0.208857403266386 0.087247544493962 0.167351371204013 0.0351657831745457 0.0714768427601285 0.128031262911012 0.176816439330037
0.178172341433816 0.107075908973407 0.0460800034373861 0.130163471348262 0.0521087825001219 0.292283668865035 0.0389735575752059 0.155142265866766
0.186058042791364 0.0344044080285538 0.107900851253513 0.161101983368847 0.154083058329107 0.0196918095077362 0.0467256048694254 0.290034241851453
0.15499391642082 0.070017110019642 0.139706137361076 0.15351661670141 0.0577498898322177 0.165702569176821 0.144960094322545 0.113353666165468
0.0180531561415219 0.20695914839803 0.095643300818501 0.093274834118507 0.189479464801129 0.0743151439495194 0.191079288379947 0.131195663392845
0.10684865475289 0.218081407894565 0.240183507804263 0.168605958501255 0.117981399334543 0.106483728872289 0.0344256749607456 0.00738966787945062
0.108832257187303 0.00109536665204586 0.00121236211373842 0.157255649403615 0.213306514095991 0.199365766542463 0.153926148740293 0.16500593526455
0.165211764211464 0.182650986802261 0.210210695755169 0.0493175826195831 0.190368208707355 0.0821118288219044 0.0019031392639263 0.118225793818338
0.159977896880939 0.0869663918184596 0.164582957171874 0.172387566015344 0.0764378081686673 0.127499834346416 0.0327166483624507 0.179430897235849
0.182498748918456 0.254204425326843 0.0866771944363075 0.130460032212664 0.0441195962969008 0.0966627865447059 0.0647647851810058 0.140612431083117
0.12822737005996 0.0722287442642104 0.109651565229848 0.111349941487681 0.124284226557909 0.165576077414547 0.168326732087613 0.120355342898232
0.0406196525236018 0.151707795998578 0.0743669423354095 0.187712054141168 0.144982081606784 0.202097800885417 0.102310257145419 0.0962034153636236
0.206741292340772 0.103922734387405 0.00276301082821321 0.253397015786918 0.0676516408942863 0.166441440135553 0.0990040555093242 0.100078810117529
0.0476362731304817 0.0704473962622992 0.0302341278952903 0.164251518754589 0.169036676546017 0.212714667139547 0.177462055325579 0.128217284946197
0.106252178459789 0.161864814078295 0.0137264765453693 0.229219774645248 0.176922532647575 0.102695606418952 0.133692255306928 0.0756263618978437
