0.0896434376775383 0.117306747079999 0.185448262335948 0.109049009704768 0.164778306656875 0.107078192398496 0.0671499678714996 0.0228640915483924 0.136681984726483
0.240579703336291 0.260909570326722 0.104548307016564 0.0251064809683223 0.01501558345807 0.0442431695664283 0.0917761911140256 0.17685286108531 0.0409681331282658
0.0263039322947163 0.124210024702989 0.0789339890841222 0.00135884161633496 0.209662264986712 0.0582638685320017 0.0763200097446086 0.153551252194925 0.271395816843591
0.0264635375098132 0.181602851566597 0.175615495841535 0.174149006872631 0.0715938271380353 0.0388565819784738 0.106999997498744 0.171637834001086 0.0530808675930848
0.118924250713746 0.178711158377149 0.0843546468213456 0.19208728657005 0.0263141838327812 0.0742833733644163 0.103972759639246 0.0739465270607721 0.147405813620494
0.184869616984957 0.220033821321711 0.187597420517575 0.211269227487194 0.0373773975256477 0.0642208947859375 0.0306993605372802 0.0206345356545873 0.0432977251851097
0.161080110830135 0.145645689720798 0.114330804293176 0.166959520305427 0.092150355212858 0.0687733026215577 0.0534673154878967 0.0326010510473557 0.164991850480797
0.14013886134469 0.136369107316358 0.0261924729432129 0.156024606596223 0.0962861685670229 0.00427100882895183 0.144400039570386 0.184702488765638 0.111615246067517
0.190828677833975 0.0108163883288975 0.189480335061206 0.0673779837139929 0.204381783179282 0.0511775636613131 0.05304341601215 0.152818309151203 0.0800755430579805
0.154925286425692 0.0891895323462308 0.197381239360711 0.0635952642163816 0.0390932584292567 0.0217802637035266 0.247157007093419 0.0843314508074252 0.102546697617357
0.191324150605163 0.0555715263365019 0.104929142576122 0.0296475596794415 0.0318200074434662 0.315913515308396 0.00705092821453595 0.106445216733314 0.157297953103059
0.248656636565501 0.0739470150461301 0.0047737751738198 0.00119169029435641 0.105465650503776 0.0401440438601373 0.211785285096111 0.015090324393679 0.298945579066489
0.180343358133266 0.0773639081087411 0.138296015005441 0.115457829643542 0.128786646137913 0.0753035678410587 0.1158411469953 0.129681630736905 0.0389258973978324
0.102107877476559 0.0406825205565052 0.0443276074714369 0.160267332883332 0.172462127796756 0.0706913521504328 0.164364642471049 0.185770068754737 0.0593264704391914
0.178718517208196 0.21570056919458 0.014342058902009 0.181056087590638 0.108322039389177 0.0257080845346008 0.0672807589099307 0.0103655070330127 0.198506377237856
0.0135075180651041 0.146726196163302 0.0806824960765456 0.161671639457158 0.109885557513654 0.111145109383389 0.0789477991357708 0.126282072135572 0.171151612069505
0.18816560163807 0.0673920123164797 0.141835644072546 0.0355989045257993 0.0819919424651584 0.11751884276815 0.109952653694787 0.0672561528595902 0.190288245659418
0.0621944304352391 0.154123821907031 0.0406579329394627 0.100445860164993 0.158544910531009 0.107148626428679 0.0624076979744589 0.13698234639428 0.177494373224849
0.131716608520247 0.0851829682657527 0.128992719591486 0.0325846770490361 0.0496634580980611 0.145588136947179 0.0859209719859791 0.155348861754801 0.185001597787458
0.18308020349436 0.201654566092802 0.0410707785926146 0.157649819747362 0.147668911493729 0.142967725126885 0.0312321117527636 0.0927427875825754 0.00193309611690876
0.0203155076631642 0.0961815816369856 0.128328890745083 0.186719047323106 0.110872349751942 0.0893048515336238 0.163896645145231 0.0801702044379326 0.124210921762931
0.0709399233502855 0.125914712773369 0.1745066426177 0.154060868880284 0.189551022206088 0.0688696068432993 0.0714584492938716 0.142812358140025 0.00188641589507788
0.048364131704294 0.213265002842867 0.02293418769136 0.168109375855475 0.0286981967456009 0.209156285571998 0.0586570426988633 0.203539137047327 0.0472766398422148
0.122463200219693 0.188946209711049 0.0288091957538303 0.177991778133976 0.0474428437333562 0.151541243342209 0.0954202607129473 0.180677983033102 0.00670728535983793
0.0939901427269951 0.167876589010816 0.107061677099447 0.0292268735766695 0.111813000120155 0.0606336129861698 0.203701814772817 0.148119926420298 0.0775763632866323
0.19592767276516 0.09768349942458 0.0163030906866821 0.261392245889414 0.0660034749667551 0.0361876517557538 0.0302015705431523 0.15052645747827 0.145774336490233
0.17130335236429 0.0475365011368259 0.183306826724718 0.0611382508291563 0.135054449670105 0.159988407693422 0.14993284415841 0.0511694930150299 0.0405698744080433
0.0543503782555846 0.0908306380800173 0.117957454448348 0.000430593936778467 0.23445253624668 0.103613460992292 0.139883356633552 0.103043418744683 0.155438162662065
0.196141633598883 0.177052772786195 0.102737408401305 0.0476438881362019 0.142484746142673 0.0833779638086967 0.169395946068472 0.0389926017425738 0.0421730393149996
0.121411170916119 0.123578772095155 0.0194362707306894 0.0927320583294417 0.11130428447521 0.174470129592024 0.163150679709454 0.0429076147232757 0.151009019428632
0.060865199188795 0.0793724122090847 0.0598421173705019 0.198993272468618 0.0822579117943777 0.0604264628239344 0.1884124843335 0.196722385080288 0.0731077547308997
0.134850106281651 0.00110639787749846 0.0891165908247682 0.142538526020835 0.178817633405731 0.12358810364017 0.134010147124339 0.0366937052975206 0.159278789527488
0.165482904063974 0.0514220178908423 0.0523096739192821 0.0195313169103812 0.16821972302171 0.185655999063132 0.0875009834518947 0.173504275446651 0.0963731062321324
0.110689198941114 0.0941389734852539 0.111257284349529 0.100591777529491 0.0442354378303875 0.197136167249234 0.158503140679748 0.113687089407111 0.0697609305281317
0.0768577074388577 0.148587250573951 0.113011781815967 0.120208551468902 0.21244917946805 0.171050264554319 0.148777921979245 0.00429778820726044 0.00475955449344709
0.195900582165425 0.0641967995441798 0.0722180052575532 0.0894702496454162 0.25236103907354 0.159472321716909 0.0271397033690267 0.112285026740707 0.0269562724872432
0.16734695258186 0.135152734580742 0.14031211701976 0.102461159226575 0.145817925415234 0.0322536284647642 0.105943412149457 0.0117304932740241 0.158981577287583
0.180833059137249 0.0298319347115975 0.206748192834216 0.148502109393271 0.00265146998270876 0.169577607880811 0.00746111454768713 0.200407117483159 0.0539873940292995
0.124610755491007 0.0929287271591845 0.0347567388001702 0.228465108833375 0.191249846310389 0.119652941709137 0.0582902887281628 0.0418277131199447 0.108217879848629
0.0593782472075145 0.0513058833780741 0.164016836408952 0.0134395952218603 0.190291697737694 0.173067702496233 0.0899042660720903 0.176209317926093 0.0823864535514887
0.0118097887687071 0.17023417845056 0.134429833642704 0.0283410027790999 0.176986745562555 0.071553080389161 0.198051536858314 0.112092524124913 0.0965013094239859
0.0692547299500871 0.118419249338458 0.081123685619652 0.130422776564487 0.0205351689166916 0.123612279970944 0.178830661163435 0.136961476251734 0.140839972224511
0.176088417397188 0.15287545808204 0.083698028674566 0.0275469769032145 0.169729314972527 0.0516839769919978 0.111271583865211 0.0844561075212088 0.142650135592047
0.0367061461024668 0.0153286721348385 0.0137503129138042 0.004932087655533 0.152129003886142 0.121938331866929 0.234988534409713 0.201086618783888 0.219140292246686
0.136440778959202 0.152149134108839 0.134004907501561 0.108050934648222 0.135992993148008 0.158105055216478 0.0283227780569235 0.0998211095223502 0.0471123088384149
0.137011011373478 0.242944001892628 0.0365826332772858 0.112050495918995 0.0786363774342191 0.141190230870272 0.133214660890101 0.113431444683992 0.00493914365902838
0.070479082256766 0.119572289505741 0.0393099190631992 0.142900925630509 0.122464124967907 0.0687476872597059 0.150725942938436 0.137243916375415 0.148556112002321
0.0842710408740983 0.261089919947084 0.0893942239538641 0.14516345675493 0.0291009111684738 0.0894444226711672 0.0480205231417814 0.190715704320812 0.0627997971677887
0.0612506229101914 0.0204817387564281 0.0236619104524814 0.206722818420182 0.196873931854751 0.211433041685343 0.0738518566434389 0.0774962964008555 0.128227782876329
0.151924382571138 0.136463712564352 0.0270930346735203 0.216587514653233 0.145318347493771 0.023784073748201 0.0742246447813004 0.169794781939493 0.0548095075749918
0.145358153009855 0.149779289801158 0.0727231969447284 0.0717776843557024 0.01342007232962 0.132673224668788 0.150131171153487 0.1547805551024 0.10935665263426
0.0578852031188592 0.139185073403256 0.06394191871963 0.0312160973739126 0.0172199457410992 0.0783710844564655 0.241393320515114 0.0652181827323088 0.305569173939355
0.00554706767621342 0.152228605324124 0.0577916656325796 0.223031037189574 0.231297972350172 0.043416066610112 0.039328158432142 0.0185945521408134 0.22876487464427
0.154437865606949 0.0945848240602004 0.0923707079888276 0.148727492713732 0.0856109619723891 0.154398167837281 0.0388165582510785 0.164465663256744 0.0665877583127982
0.266861271000539 0.0217936287228333 0.085090533643883 0.121356131005321 0.02703675368957 0.222672282430361 0.0194139089178304 0.151422768237137 0.0843527223525253
0.0363708156855593 0.189773994662714 0.0685990163644561 0.0931548106053068 0.261643456777009 0.041364608705889 0.114737470565723 0.108078463437702 0.0862773631956406
0.0962357970093149 0.10931305490526 0.200326498463462 0.0673039451349186 0.1562466156824 0.0833814000939977 0.0927856008655828 0.150083380585047 0.0443237072600168
0.264079326889304 0.0724860022174423 0.151532715598052 0.0545864342480409 0.0507440051827564 0.246545445024298 0.067036556241708 0.0922092013428362 0.000780313255561615
0.218865698926165 0.0587189618503372 0.0899461260026309 0.0902636175334115 0.0453830511619725 0.148238764586821 0.251820107603589 0.0794071696405341 0.0173565026945384
0.135533026324816 0.108836967182495 0.0604006801620159 0.0613345929734417 0.145442278751241 0.125024395910529 0.0428035337961456 0.172151950503902 0.148472574395414
0.176768496949772 0.0873615206845414 0.191547931031405 0.155828689099561 0.0191818811453344 0.14862830404615 0.161501618026135 0.0262594436630164 0.0329221153540855
0.170920618128486 0.103041058589934 0.178119290523849 0.00853856957850699 0.0856012158020681 0.182721748428483 0.101787436932947 0.0319647025737872 0.137305359441938
0.172690568166866 0.0926768500845099 0.0370815810074267 0.0430820019987501 0.374017679925245 0.0286782910389602 0.12038080447793 0.0844147789909186 0.0469774443093933
0.177685019914199 0.126762248334047 0.0187301482988308 0.0049681866697975 0.16561211660227 0.0443335040981238 0.0502363241763374 0.208043892050806 0.203628559855589
0.110764207438097 0.105568138591361 0.15265465257409 0.135810882567806 0.202372090305708 0.0105328829380214 0.0310479194300214 0.0677456996505084 0.183503526504387
0.0620998521263357 0.176520706074181 0.123271491076153 0.098673410777533 0.143492582686782 0.0986153466870348 0.031137435279666 0.153700700985821 0.112488474306494
0.153231537340306 0.00938052575583183 0.212935665886614 0.17401498131858 0.0736501433324873 0.160701122559011 0.210024698833011 0.0057360793207147 0.000325245653443918
0.193489142108405 0.120250525793125 0.209748548529854 0.042510175080107 0.0837076812878752 0.0869116686821115 0.0536590931402074 0.138923832006897 0.0707993333714178
0.0646895099612611 0.0726057639030787 0.188607486302183 0.0325106929951967 0.0781880376441885 0.142358252747681 0.10945895030033 0.117631064696349 0.193950241449731
0.14476933618537 0.132064685519625 0.172361020612758 0.108664342600287 0.147332522827125 0.0425210937875739 0.00359397258134509 0.163599002309944 0.0850940235759719
0.214990175523309 0.0884754057663326 0.110887717301335 0.0911407105825452 0.220869876452494 0.0321984745576972 0.00779158178468599 0.115360799413511 0.11828525861809
0.0207217046898149 0.106285310519923 0.0593010427145817 0.171017251321032 0.000753095358524645 0.277246728997299 0.188661756297935 0.13758326310288 0.0384298469980102
0.128496079731796 0.12934286851316 0.172930197671122 0.152917458894496 0.0265955404702747 0.0966679841624299 0.0538541813206774 0.150018118612553 0.0891775706234915
0.0393734625379027 0.22502538727184 0.21227814803219 0.236140524454684 0.0142913422332088 0.0507141264281521 0.0434680668431183 0.143454987355674 0.03525395484323
0.162231626289769 0.0899230822070854 0.142531184463392 0.136001761843215 0.0315495498750337 0.032067950292745 0.114933236231992 0.174358542508971 0.116403066287797
0.172091490100695 0.154684567122129 0.139214831414574 0.0987324588621421 0.157465839323865 0.0549066275501925 0.0675377442447402 0.144497651029819 0.0108687903518441
0.1831764595145 0.0134753118160653 0.0868103694419265 0.0612046610206857 0.116717407483206 0.182898085919822 0.0915428917801568 0.17846187414738 0.0857129388762576
0.0605662138596226 0.131515696749091 0.194253756904854 0.130712360428152 0.059108707007178 0.0640179018419366 0.210544605590897 0.0753346863253671 0.0739460712929013
0.207961847695914 0.164645069424096 0.0620415134290911 0.00695267856011089 0.13756366956608 0.119110550725003 0.163366710468699 0.0455164146969926 0.092841545434013
0.104233846551585 0.0315328227025937 0.019549922453807 0.191339207083615 0.178323245558226 0.0574699009468091 0.062888847103696 0.207193046118332 0.147469161481337
0.104260217701797 0.103065717676024 0.0363238480236391 0.152078477225975 0.0956377893095913 0.132008257390344 0.169088956444264 0.103672142009817 0.103864594218548
0.0825558447044641 0.0667531714360456 0.0683316984561342 0.0238141038356063 0.160709702998674 0.168923382227637 0.195692264375134 0.119844114424105 0.113375717542199
0.139378654201522 0.184730512939444 0.174713880453942 0.0759070340138683 0.0664795875745217 0.169926249197713 0.0923963084136132 0.0857489037709952 0.0107188694343809
0.198593906683741 0.00309796374477348 0.0652067758221822 0.169045340301605 0.117161010033919 0.143505183204456 0.00441258135519992 0.148844338739442 0.150132900114682
0.00801700915223802 0.00256124637435751 0.160562629778555 0.0425835128720884 0.12812407402277 0.0796354598854877 0.147919501303853 0.128303787898972 0.302292778711679
0.126778047147848 0.106499378523031 0.0945061336935934 0.18579330744261 0.0152190822747196 0.0709372512560092 0.0519295493793429 0.176103428553723 0.172233821729123
0.109947388183557 0.112038080964251 0.0344864218331253 0.194629093112929 0.0776892974380166 0.0397850483430023 0.182060724402599 0.046315198419746 0.203048747302774
0.0308985241301554 0.13415876473232 0.113398133878817 0.146560800312831 0.148303530684316 0.0143212779929261 0.0918595007603246 0.130347143615238 0.190152323893071
0.208031378425773 0.196603970945472 0.108195499145458 0.0258365738512476 0.0856398037366204 0.0731809676727548 0.0111170148214233 0.117346787290633 0.174048004110618
0.16093367904654 0.0190691920378046 0.0954634713137987 0.0926949028092589 0.171715174902321 0.0168736255904037 0.131588192496846 0.16538702476322 0.146274737039807
0.135743077072374 0.0677193935739903 0.0374540383101479 0.14702612172369 0.0708071430112918 0.08523614249707 0.176440938771122 0.192880001630707 0.0866931434096068
0.00932974135601639 0.183464268064077 0.041590530331483 0.221388153608939 0.171919702672042 0.095128987057158 0.052474271147266 0.0557370750858018 0.168967270677217
0.0462387744851385 0.115619481537658 0.0322880175387783 0.0449782485929848 0.160086450805131 0.181884918365546 0.0675458738901471 0.145250348441326 0.206107886343291
0.0208263931282466 0.19458856975341 0.0247314483248114 0.0305111472333338 0.00897827965404765 0.120158014482312 0.208744631213168 0.160627284952143 0.230834231258527
0.230700229266225 0.0961008391096318 0.128537166664399 0.0128305959577525 0.0217466669882634 0.0703974348532372 0.173617685515517 0.0481085164894121 0.217960865155562
0.120490321800094 0.0253398841611801 0.157482374060653 0.082561116940758 0.0712152948865591 0.189521379987281 0.0746861721486538 0.177724524081227 0.100978931933595
0.141582667007515 0.135822715270164 0.130551919711669 0.167838034387204 0.0630160600149927 0.00522418323803963 0.159262865837534 0.105904534306076 0.0907970202268055
0.11064367864385 0.0743435572129399 0.0474358225632734 0.193155868255865 0.0842412209422385 0.293126308942519 0.036859383516016 0.114650435769066 0.0455437241542312
0.231825481329774 0.0902103176651295 0.0224896214429787 0.0655891678645684 0.00725564628758531 0.140898681744253 0.172513025267753 0.191519573605072 0.0776984847928866
0.0822451016582149 0.0889433185548432 0.161322915806559 0.152072245061658 0.0614283001337812 0.120045969138331 0.0505989805311376 0.0857152146754758 0.197627954439999
0.148859913281784 0.0155274229200686 0.16691855682895 0.162136112541449 0.0963829195248533 0.064340254380386 0.0184332128265928 0.147503063977943 0.179898543717974
0.146502103188946 0.146874230256153 0.179054498358623 0.0985226593960196 0.0368708431531943 0.175097477013049 0.176009248160094 0.0283785144819903 0.0126904259919309
0.152307678458169 0.00974846861846166 0.156957925932225 0.0262345986660851 0.0902858354705878 0.182859445702571 0.184702023819371 0.171019769729582 0.0258842536029479
0.0260060302402726 0.0988189470542736 0.160497491478785 0.108716800378363 0.098556943894279 0.0565654874189678 0.181884790045253 0.144469781494291 0.124483727995516
0.105261672986782 0.130586195390339 0.186967051288653 0.0913015921227934 0.093969181209286 0.182760580534671 0.0912211557213194 0.101560425296117 0.0163721454500393
0.0562278965075421 0.0111443333528717 0.283659328698355 0.0590594722773803 0.183040019136724 0.0216560219768907 0.149272641322713 0.110292349231281 0.125647937496243
0.0353109139043131 0.0560254457616869 0.0149894262287784 0.231343258886429 0.0522488481453091 0.293133567221422 0.130932044534652 0.0585006611703957 0.127515834147014
0.111262998735956 0.128039871113117 0.0148279398767285 0.113023522917999 0.148117042706498 0.162464499264911 0.17589816908051 0.145272757012537 0.00109319929174327
0.231590434080515 0.118027285433397 0.0559408953756973 0.139705590751863 0.18185911081179 0.0266290965982794 0.0624135533750587 0.0928227291074715 0.0910113044659287
0.178407429867956 0.154173063489963 0.0385118868540691 0.137324726450587 0.0835282593894393 0.0470144214201373 0.101392121327925 0.195920937840492 0.0637271533594303
0.143960977978454 0.164149661406057 0.0228037517439505 0.162883825634496 0.106517954939783 0.112464526598974 0.13464349523176 0.0197095247428278 0.132866281723697
0.0971133950911228 0.196519154766647 0.21592272805392 0.0489218589703103 0.112163635583955 0.0752135579222651 0.082103861393516 0.0291051346869445 0.14293667353132
0.111049785078209 0.181519321552641 0.078210095558479 0.00408791398294342 0.0178868245676579 0.118699492758982 0.16049851133369 0.18540858644186 0.142639468725537
0.351864979897323 0.121705667393566 0.0053827844802559 0.0478951439328324 0.12655656238105 0.0272532958078456 0.201870272844037 0.10953162380024 0.00793966946285027
0.0808484334446246 0.0550822590482461 0.186997760530481 0.112834812263297 0.151618891975611 0.0532020329997787 0.224217448501819 0.0761889283671589 0.0590094328689824
0.171104978454607 0.0030284101543662 0.185793753079157 0.164211571817641 0.0281160281330555 0.175901682417535 0.0513420619101677 0.0745500487270807 0.14595146530639
0.0132501710134582 0.238207842575846 0.176418607928529 0.0502181457013196 0.162055442592342 0.109943009520401 0.0285893832564003 0.0629668858165099 0.158350511595194
0.124203631437224 0.218033098929923 0.0118350071640101 0.0484179735559305 0.155118228403373 0.132235566416157 0.173138720587813 0.0132005208385631 0.123817252667006
0.0577414002052651 0.144834866824863 0.046811528067547 0.0760225674379583 0.232149459506892 0.139613884718957 0.0405905314406686 0.0300855990565513 0.232150162741298
0.194076328910953 0.080213368708315 0.0511914108135001 0.0650176681668181 0.0740670872858872 0.0550196866653457 0.10520619982677 0.175795907074463 0.199412342547948
0.0466208192558284 0.115278954167404 0.177116007909983 0.0408644691445019 0.133986721582815 0.152156349927332 0.0887126811576558 0.188430753955843 0.0568332428986367
0.130812671537126 0.0967875656869706 0.123783992197862 0.0127173204553184 0.0542014759208333 0.0951818484850419 0.188616765857806 0.188979059121432 0.10891930073761
0.0800382570688205 0.165680216882498 0.000614138802054515 0.180425586913423 0.0274345206836695 0.205065369696203 0.0975181715542541 0.13174991071028 0.111473827688797
0.159338078953738 0.0738668468448406 0.0976268081454428 0.168708192306043 0.0149386215683554 0.135436984047987 0.0917108818289122 0.165732503022344 0.0926410832823367
0.252571131445322 0.110981311459768 0.00155207577054736 0.0690348182402489 0.0307125796375342 0.0028016346571284 0.242368527473334 0.0358132945877954 0.254164626728322
0.069914023927547 0.0613688314003149 0.161269016056473 0.0268300795021874 0.175891912348333 0.161967283601715 0.0526517264139604 0.162824983479697 0.127282143269771
0.144602697778706 0.180127994703306 0.00630537523231262 0.0573799041807167 0.163108852212378 0.147975902807393 0.14779268444634 0.144367382218785 0.00833920642006278
0.0113253097270071 0.175764721862889 0.104010812882556 0.0176820049593986 0.105552971006472 0.133380957893101 0.158393335382606 0.114695074696358 0.179194811589613
0.16323287742675 0.00592681525570034 0.0461570050772635 0.0651508871318036 0.145005807282065 0.0207178728545557 0.204417769898611 0.154155435348184 0.195235529725067
0.119513558537435 0.152229234179119 0.139377445673917 0.10517504440523 0.0161323553657913 0.134082781365399 0.132024174759834 0.104763853262504 0.0967015524507692
0.212744816875144 0.16987144635281 0.0708281735288832 0.174856223729499 0.0200709240282266 0.0402696154047862 0.151696292517697 0.0547807243780632 0.10488178318489
0.109867054492765 0.11350247254317 0.104822678739383 0.0678048444036875 0.119112779451381 0.143080254219496 0.143257983584763 0.151498353978551 0.0470535785868041
0.160538367323655 0.173139202002902 0.140121653086916 0.0678245775743847 0.0657933522736948 0.00158244967672292 0.12892786560892 0.137202037450518 0.124870495002285
0.14363804857929 0.0294648933060709 0.100532314969274 0.12665673015744 0.138535352829951 0.0605208447894312 0.0835044709118216 0.170367697743378 0.146779646713343
0.169934584608207 0.248998105558411 0.0848538212029406 0.144880243032082 0.18372226083461 0.0509892117308947 0.0941680565453466 0.0213985494494782 0.00105516703803005
0.0766172308341124 0.198800515825096 0.0861306341617254 0.163263086952787 0.132431540024332 0.065207285238405 0.172315619290266 0.0550185694802801 0.0502155181929965
0.148336711206036 0.0150566281638069 0.14715160771312 0.110869816730121 0.147347951253424 0.115934539349979 0.145953803846968 0.0561491937105539 0.113199748025991
0.186857467729882 0.146366255024119 0.151373642157356 0.0905915573254999 0.0410850092236314 0.0490058711801305 0.174698868130833 0.0439934550042878 0.11602787422426
0.0450335543741197 0.0942244888574793 0.0991974439055282 0.019482247037145 0.175602359814456 0.174005078828175 0.15548231102631 0.174803240058277 0.0621692760985094
0.0724233575677742 0.0965096747031753 0.0714445133673268 0.0838626228984775 0.00630315804743946 0.0465082510509111 0.180758120664016 0.21387452334145 0.228315778359429
0.204425453363435 0.0751485302676008 0.127002306102083 0.016982228107406 0.0859365077245317 0.180669979386461 0.0737362815162039 0.0548315481748257 0.181267165357454
0.139711365113562 0.0684049085031981 0.0942899695621267 0.173988420642863 0.122575398330859 0.139096937176572 0.0495197163178939 0.125171729641399 0.0872415547115261
0.140457557492317 0.0381354802694639 0.0532703036532087 0.174412060859785 0.0363496268643853 0.0785825810970554 0.171490003101975 0.105102520403426 0.202199866258384
0.0403578783603465 0.0655621953368735 0.155493393275582 0.0869681967157273 0.192666312696813 0.0257933453599616 0.158900321691801 0.208595793540158 0.0656625630227376
0.0905125006519628 0.0228179101910774 0.0568189636288953 0.238449419165558 0.180636256441098 0.108042920051465 0.0478236669937767 0.116431403920326 0.138466958955841
0.0335098229380661 0.0166995910429425 0.204673956437851 0.157925044186895 0.249768600986974 0.0177728584133759 0.074717049130111 0.00433568738146454 0.24059738948232
0.286287488933908 0.14158334329588 0.0612853136855518 0.229981486799601 0.109101583537478 0.0640894341517887 0.0279746160157948 0.076596980776175 0.00309975280382297
0.0901281964749905 0.0146015064879071 0.180572977625976 0.137963346800491 0.119542657004625 0.136348954978757 0.0690919258482509 0.18079395270607 0.0709564820729321
0.111323680908382 0.160530046090853 0.0130703069845568 0.328869463375546 0.153090202583067 0.0898427268832309 0.0371941716246543 0.047411156030153 0.0586682455195562
0.192057704667358 0.13731094742425 0.121432887102811 0.0215127364066336 0.161704416551495 0.17123411041002 0.0115228131504128 0.106233272154425 0.0769911121325953
0.0671322852283233 0.0380798738852909 0.0808776891168203 0.00641579458285998 0.181872078650594 0.0756800078043582 0.144595024766124 0.18752378619139 0.217823459774239
0.108547620995827 0.155744426003197 0.0467807883062509 0.0581537191898755 0.166636226268524 0.161910023607535 0.149711124563583 0.020324289568175 0.132191781497032
0.0780720012858244 0.139351696970083 0.0577529271365629 0.0517895688374534 0.101447572682452 0.196962525609154 0.0481268799410886 0.188322467640214 0.138174359897168
0.0023284562118126 0.121477234052948 0.170082554624245 0.0190228311043864 0.150228262951423 0.151714730511133 0.0594041084363983 0.164890695682099 0.160851126425554
0.20479869832228 0.00649241420358432 0.0729814498942031 0.0923237393427371 0.043972383342078 0.257792234828142 0.0605425168338641 0.258251104844622 0.00284545838848932
0.130416864264204 0.158748797536025 0.107745098897663 0.0795597644771159 0.0419493335906039 0.091006998714748 0.130847751305277 0.079132001426968 0.180593389787395
0.139028279271305 0.0323642710628398 0.116890229162981 0.160766541147886 0.100390797881344 0.171146048955253 0.0877313430415255 0.0648792154157619 0.126803274061103
0.218542851913008 0.135080824385461 0.0875025995895275 0.0875054658644679 0.0235346497133142 0.0857808694529608 0.00991311430851601 0.215858242472773 0.136281382299972
0.0325154187861105 0.167816387403194 0.0217471820822478 0.0288019241081113 0.197407070872033 0.191731363933031 0.116449932676098 0.198786477852061 0.0447442422871139
0.171283757254004 0.0827582289868845 0.0807069207375099 0.172969902834861 0.0898944776349882 0.00723565068532665 0.115100124031888 0.17234219011839 0.107708747716147
0.053670671802669 0.196111543406445 0.0460964777624679 0.0548729230907107 0.215435680950625 0.0170763480788075 0.181832263498542 0.0339451446279067 0.200958946781826
0.118492895306859 0.0906080927606696 0.0307639664508467 0.113555530403457 0.29056965897079 0.00230459284748268 0.165937218184624 0.165120758313551 0.022647286761719
0.049841806461906 0.0614677235890046 0.0860148308651254 0.0288735020900795 0.203460185666017 0.250996614666383 0.00653569221951924 0.0715149086651739 0.241294735776792
0.0300583372656608 0.161268334612973 0.095644347865364 0.0912739766078385 0.162596722135268 0.082928306668344 0.0519590145661049 0.143221255675014 0.181049704603432
0.133796716147938 0.089394315148388 0.165143100080635 0.0291642114128664 0.197386474809353 0.00646277731233227 0.131745870439806 0.0373601155492889 0.209546419099392
0.277438096413877 0.00537588614223362 0.067986001202584 0.118253122122216 0.00581130042865219 0.217370755475459 0.0802377709176425 0.0715402623999279 0.155986804897408
0.0697460337875134 0.0356585994534301 0.133125722168736 0.0210553476713687 0.0571770111322168 0.150532473488139 0.189102177768337 0.172992033206416 0.170610601323843
0.135749662176426 0.0578736810730785 0.0671300979371615 0.023749312427224 0.118804737885608 0.150709938499679 0.206341972989579 0.09752286464985 0.142117732361394
0.0507734098412026 0.140574384448422 0.160292067532913 0.0681919384482331 0.0594961814235893 0.134905545886778 0.17537665764687 0.202164604838811 0.00822520993318053
0.0409815142001507 0.226423985715499 0.106015250846381 0.0492008575424963 0.141105278574081 0.0933973623571887 0.124436555434032 0.106616618590719 0.111822576739453
0.139187091344936 0.0238436430010497 0.0330443686728726 0.138965002680784 0.13009992017498 0.0785913381967433 0.19418015885303 0.0381577629108822 0.223930714164722
0.152727239166159 0.0372444332184197 0.068439437318599 0.0915229734538715 0.131615734877416 0.0821790497172736 0.192756447170428 0.113827759952733 0.1296869251251
0.0898194290648336 0.138822157011094 0.0399386702881411 0.0526693302105411 0.262221240601573 0.145902934372658 0.0106836205769452 0.163372196551074 0.0965704213231406
0.0546738703319253 0.0568065889015383 0.136747612472957 0.135523525439354 0.13171614800421 0.134712778130017 0.120715522643478 0.112171882760658 0.116932071315861
0.128007137973623 0.180677344558776 0.017085740798303 0.08405516475072 0.109046152760183 0.0621680148426722 0.151440800767479 0.127485642132448 0.140034001415796
0.119885026644908 0.114976465968775 0.124226824949218 0.0784936981384072 0.136332816505569 0.123562031240135 0.00865142114641031 0.167951418784976 0.125920296621602
0.225372157665787 0.0757760153788332 0.120484688700167 0.00867769083681628 0.16464423364795 0.205403599464749 0.0807087963255364 0.032253621409765 0.086679196570396
0.192319979746483 0.0694692068980055 0.105408924065937 0.143295344244902 0.117372441642583 0.0916460178422842 0.0857138222974259 0.143612650711407 0.0511616125509726
0.069696672139989 0.110583877845343 0.114678562530762 0.172424930795074 0.0591676740081678 0.146833198846651 0.18116588255049 0.0112459950842635 0.13420320619926
0.0129162456037047 0.130387065003269 0.0836326972487616 0.209736386645154 0.147679702569486 0.0738646234337901 0.127849666247186 0.0217509192226047 0.192182694026044
0.132747849265335 0.101849945273403 0.138294438743584 0.127729293741493 0.215396998144674 0.029296768681572 0.136402110905672 0.00373852776176568 0.114544067482501
0.0253575190695104 0.0952790649870794 0.149930884692616 0.124869848405232 0.184892610908791 0.128986602279363 0.19417406981239 0.0670228139392912 0.0294865859057273
0.0486506780893382 0.217493138444932 0.00764278393640879 0.24135291456933 0.0867448747964619 0.348202784784198 0.00264910369528881 0.028278317962678 0.0189854037213642
0.104673517177684 0.0450523719978673 0.158437586863392 0.0311700660885695 0.109845667626175 0.145480553368574 0.157853144515744 0.156638209988093 0.0908488823739012
0.11394123962772 0.148058788623523 0.118146155929488 0.11649894219365 0.109514531995279 0.102294704486932 0.108335877565879 0.16545484139648 0.0177549181810493
0.192507927238705 0.145324735665403 0.131613876061286 0.0147147159134923 0.215173882044853 0.16206069095857 0.129009646144775 0.00871321773126167 0.000881308241654031
0.0753976635967085 0.139953662681794 0.0580619795419576 0.145044995995402 0.117788363257599 0.12584484282182 0.146645843529376 0.117731963788585 0.0735306847867585
0.188085771738512 0.199863726058818 0.0165165181387047 0.0267045677482342 0.210304718286662 0.0520075166803668 0.038138288466485 0.148518222314539 0.119860670567679
0.0725918658969666 0.0179295641934314 0.07231579614938 0.110394268433579 0.0120159780989381 0.145580761853823 0.172884473590031 0.258472181285616 0.137815110498234
0.039450282991831 0.165153665849549 0.131960617426904 0.104166512595195 0.0496296124111061 0.101916507797868 0.0337639195215818 0.19345266865288 0.180506212753086
0.109018901623716 0.155686900362796 0.0852948165413681 0.138605874435486 0.169876448473285 0.00759366826086603 0.0793713680917028 0.190978475025116 0.0635735471856645
0.144397551190213 0.193601817723443 0.15332754103849 0.0678305974669897 0.0114653819332002 0.188548210884946 0.0380467317070753 0.027438074911282 0.17534409314436
0.00372845156448739 0.165852231829123 0.0685866635280641 0.130636767260064 0.0133082938885016 0.0229712801095645 0.247801788433205 0.183640404651986 0.163474118735003
0.0823303423044025 0.156118238509689 0.150010256329166 0.0883872639811586 0.136316973574513 0.108901537665459 0.0945035617890619 0.100720350098455 0.0827114757480964
0.064848808743041 0.102744344301593 0.117040809071179 0.169593931842669 0.0839625016509857 0.173621124950214 0.0713769066794884 0.171917103844272 0.0448944689165579
0.0454545733877957 0.100720108390686 0.15479332756169 0.16902438274275 0.162691307563679 0.116083269321512 0.00253096382833714 0.127567917556734 0.121134149646815
0.0649763037020202 0.120050126284954 0.0943679085011225 0.149427355320105 0.102118016202732 0.110999794504979 0.11356979182426 0.0754430083146314 0.169047695345196
0.00798297205685432 0.0306178612617414 0.00388169437042319 0.156780373604084 0.21418857240439 0.236297821668777 0.00937430575845927 0.130470460184822 0.210405938690449
0.117143117752892 0.159857785269559 0.129508967258546 0.103616630598907 0.157395197733644 0.0369616410748214 0.135065392167981 0.0149826772140115 0.145468590929637
0.0781745983657274 0.117282445096342 0.203223327269736 0.0519160263320314 0.00692493505419962 0.156492301047104 0.156816912232538 0.0679430802970539 0.161226374305268
0.117914062821701 0.167730797415682 0.103448547056621 0.0203244910621199 0.16958088794766 0.0854530588813494 0.0483288168790805 0.17042039392316 0.116798944012626
0.020981640874701 0.133813121159133 0.19705282812298 0.25141848346317 0.00692693289454975 0.120973546638158 0.0880098176140146 0.0662825530875736 0.114541076145719
0.16663851367582 0.179520526966929 0.0912247676622022 0.135963024465834 0.155280958102656 0.117117152672711 0.0581224617048564 0.0447298443093342 0.0514027504396569
0.109795087095949 0.0146350660583122 0.0475802523891172 0.179362911252584 0.154015345271005 0.19298168584311 0.0479141026381059 0.153414897626562 0.100300651825255
0.109895155077065 0.18257536983224 0.126325545506951 0.19745684500139 0.0938550905659842 0.0994778536528209 0.0752258757310467 0.0718990896265967 0.0432891750059057
0.108403383868144 0.0971270974556023 0.101031650468795 0.0568695497663872 0.00429558928968185 0.103968433515587 0.198267631705912 0.130941498939702 0.199095164990188
0.135772827579124 0.116797332403307 0.119809287869851 0.0705236129678237 0.151057581584996 0.0243154440573787 0.15514477535016 0.145913362659617 0.0806657755277421
0.168422063577164 0.165110325120531 0.0412071453017675 0.172469487303116 0.0259125684376798 0.163820877831332 0.162166287524223 0.0347810375908171 0.06611020731337
0.216777667125506 0.0246296318896022 0.0629908564117499 0.0442898810785621 0.179120193129378 0.151807295498455 0.0622437064312588 0.0763880612360381 0.181752707199449
0.0400549310112409 0.102406071533222 0.206182958074556 0.00579871359127048 0.203108527839454 0.217665513568771 0.077616900801195 0.0373811592248945 0.109785224355397
0.0194072984706319 0.155745767735408 0.0435990442262963 0.167897372330698 0.13759690171716 0.1346888310523 0.18576708615266 0.0631281656265736 0.092169532688272
0.100508901003053 0.16479029878524 0.0962861543501609 0.185963856262635 0.0760395132199227 0.0216737288376048 0.0492185843708002 0.135785491681666 0.169733471488917
0.0953517739994656 0.0513498225120523 0.374532146025764 0.0831794917951598 0.074315415937739 0.0515703093102704 0.105443485933825 0.0920300060133708 0.0722275484723529
0.0593286577117727 0.207398575846054 0.121678238707218 0.136866461845933 0.0952807441177349 0.201892522992286 0.0186719936432049 0.0925582495075892 0.0663245556282084
0.294678164331709 0.174195566891868 0.0142179395460581 0.0816653102394162 0.10604662732831 0.0222055717983362 0.102680706249767 0.0710718239476726 0.133238289666862
0.116026411446135 0.109372499270887 0.222707452057274 0.00705942875661932 0.0907629666897943 0.0951227199223694 0.064623754902537 0.110765057676171 0.183559709278213
0.20306704562421 0.219913075105142 0.195522892345508 0.0285362529369162 0.180453880198702 0.0336600502913679 0.0114427239049411 0.00559991666617746 0.121804162927035
0.152019063205409 0.210782060901919 0.0299901140547376 0.0948381885751843 0.137706822475126 0.0126149460956718 0.225374719830907 0.0187059059088712 0.117968178952174
0.152984140885536 0.179097932641055 0.167019472321087 0.0468129055634118 0.0366284244656477 0.109727846084204 0.0759248062963778 0.162335168509436 0.0694693032332444
0.0917679887035307 0.00939384601687093 0.219219105659568 0.0365291232568282 0.142033731207454 0.104233104160349 0.172886845906031 0.207940821567835 0.0159954335215327
0.203987073435649 0.0080577338794191 0.0205012836624524 0.0202128273112395 0.0638247458048397 0.232929051881501 0.0937209638867541 0.229247148572398 0.127519171565747
0.0437603410711985 0.158309907679957 0.164792315108635 0.0513212848760425 0.0743878397319098 0.110613681566311 0.163174158144199 0.133457659144097 0.100182812677651
0.171763827010171 0.0338829828631881 0.151200610681531 0.0901534076777783 0.115147678687859 0.00148272048297329 0.187743057712304 0.0984511718444557 0.15017454303974
0.00742906854945233 0.188887314201761 0.101912513689425 0.198481035752306 0.215868819222331 0.0194357877446737 0.0476788089694326 0.180150872441573 0.0401557794290462
0.0409536890247054 0.102416893641077 0.145059936637771 0.236700302134479 0.0463509847716799 0.130990460383302 0.129247277953513 0.156845457444242 0.0114349980092323
0.0776990147776224 0.0112995903930305 0.233811070065606 0.0181858506670375 0.0323184683951652 0.0812064160130588 0.225090230441998 0.084514579793465 0.235874779453017
0.187639693132173 0.146897826933154 0.00961412904863514 0.0781429641482356 0.105528128677645 0.162337831518321 0.154473036832152 0.0152375252788057 0.140128864430879
0.140964504789519 0.0986664642023651 0.0331910079875275 0.0688052813483466 0.0373430971674865 0.14771089203598 0.0450834382080982 0.224784384427909 0.203450929832767
0.0822884536123222 0.185622758334542 0.000511361716906736 0.21451439170884 0.160131194240798 0.0841115245007286 0.0465676793852163 0.140155190308314 0.0860974461923325
0.118002163879818 0.138948474888548 0.0361524541079363 0.208469292874771 0.0481547821253827 0.162621772470716 0.0992228326963599 0.00359694029424921 0.184831286662219
0.182940688124416 0.0401776487185705 0.147834565049276 0.12773533816758 0.0119687822889733 0.167432429830469 0.081736025222019 0.0883948113702076 0.151779711228489
0.0180276508497074 0.0444076896102751 0.176599585657344 0.0553404693438144 0.099568843042138 0.0231733275249191 0.213005003858371 0.183044812599788 0.186832617513643
0.151498664614246 0.181775246536824 0.0335561949615659 0.129497093522097 0.0460477130555922 0.196523782195187 0.117051641490216 0.0721928085604031 0.0718568550638698
0.157644498102428 0.109753892926854 0.16466923263653 0.148936838545828 0.0840876029113593 0.0175369012697218 0.0461183994953098 0.194606696246094 0.0766459378658746
0.167499576160318 0.00149406908478554 0.222846740777007 0.00680846783584724 0.196399988739519 0.0870157255135058 0.113933068101274 0.131011186391161 0.0729911773965815
0.0199220012022172 0.151788248585911 0.0502767713361372 0.0804673235126871 0.16613762769286 0.0753809254245493 0.13258481101805 0.211141063925788 0.1123012273018
0.114011245451201 0.051685452207358 0.177438298651414 0.176275602946271 0.0485337142120587 0.18119037954386 0.100446527627695 0.065424174445982 0.0849946049141592
0.172712855524581 0.0323367423413986 0.0288249663735841 0.187803277275267 0.139635441000478 0.101752660105789 0.0197433867963349 0.0937410733409441 0.223449597241623
0.0746456284346101 0.107207108333438 0.110750040039941 0.205955010112921 0.0482584404509032 0.0696687334893542 0.140029923836788 0.112307673397742 0.131177441904303
0.029271989616553 0.130326485520684 0.125077294255138 0.0483733840274787 0.114359260942688 0.191201066593835 0.0734874440985902 0.113663755907649 0.174239319037385
0.0667386118628265 0.0250963245047346 0.214787907769395 0.172240185300903 0.076901675399272 0.172810889955997 0.0557698269054174 0.0897669234108716 0.125887654890583
