0.188223505675864 0.258454586471952 0.200211506027235 0.183890878917306 0.169219522907642
0.214951069352981 0.182387078915474 0.116983122123141 0.324660565178846 0.161018164429558
0.291792893707321 0.276494517015432 0.00304431580646744 0.274803967612529 0.15386430585825
0.415350621724628 0.328161119126419 0.0879825929144448 0.0440420504780983 0.12446361575641
0.245234819718492 0.168641871152222 0.12073126032696 0.227730463129669 0.237661585672657
0.281114029902404 0.30218012712616 0.0759918851136533 0.188981677299672 0.151732280558111
0.289805892553166 0.383049019551523 0.106327054251092 0.104833693176813 0.115984340467407
0.0840158011998272 0.382257395878424 0.0974035988299419 0.200398485422165 0.235924718669642
0.297866804218654 0.251383204958371 0.0024359652576791 0.405540781037682 0.0427732445276145
0.305489336863289 0.0837954069701054 0.134816846821901 0.311143033216209 0.164755376128495
0.165034908910017 0.235399405692397 0.138036772973077 0.200249747784696 0.261279164639812
0.185449230476915 0.190825652185673 0.152569650034085 0.2592870319208 0.211868435382528
0.362924752620575 0.132832469243662 0.355496917432637 0.0762871260637947 0.0724587346393312
0.348912227318104 0.0261605870867151 0.101399931313896 0.2984252937275 0.225101960553785
0.191726717317713 0.109636396649177 0.273695003670439 0.347067279102939 0.0778746032597331
0.0440140317872475 0.32236466747474 0.350935892190342 0.229740690193047 0.0529447183546238
0.0576442732416392 0.381845622023514 0.0627479780807325 0.17533229916103 0.322429827493085
0.24397185117347 0.0837588431979427 0.150383732852373 0.292789681424194 0.22909589135202
0.329335098741047 0.0610470867888852 0.0412653140760349 0.273149312552973 0.29520318784106
0.0779315476612553 0.130565972225593 0.278912548889548 0.287278143355129 0.225311787868474
0.145781242340635 0.354987210343868 0.365560744283406 0.022701431812872 0.11096937121922
0.257084699230573 0.0926028401529171 0.177095081611781 0.289849557727802 0.183367821276927
0.235458769044532 0.279394965724117 0.24336025639013 0.169614914567246 0.0721710942739753
0.239893441321138 0.0965059881531393 0.270231404616138 0.165941259465683 0.227427906443902
0.0670575601641998 0.366650790919433 0.0748021593385022 0.246839860768369 0.244649628809496
0.220795093438664 0.303579636706963 0.180306641812678 0.194608200508557 0.100710427533137
0.303949023701394 0.113038236567205 0.343188839268528 0.151315851074355 0.0885080493885171
0.0633683125998611 0.114315384893016 0.405605883052854 0.401555624905197 0.0151547945490713
0.03333047720803 0.125121831838157 0.311446507524297 0.418930003939713 0.111171179489803
0.0780918679892462 0.174796913889043 0.15930219576914 0.302519483417187 0.285289538935385
0.220293637145445 0.260626226340805 0.403193462243207 0.0676914436480671 0.0481952306224755
0.233236802626318 0.0657979510516012 0.301602986262018 0.131323661048948 0.268038599011115
0.0044648359048479 0.0823454842442797 0.268246360383811 0.350265303142019 0.294678016325042
0.427367678313043 0.165489049519183 0.312087617401938 0.0746799387296339 0.020375716036202
0.0843400375614597 0.27063751215975 0.27056263817413 0.107383880387797 0.267075931716863
0.211295737445436 0.0390110814247421 0.122296577563862 0.289443563306144 0.337953040259817
0.235339914220652 0.233078994704361 0.419989247742457 0.0991102815777982 0.0124815617547317
0.17671770993644 0.166286385026842 0.274002327348531 0.110295858290149 0.272697719398038
0.250648459633351 0.118656906596289 0.219843400336689 0.321506521996779 0.0893447114368928
0.124116523930792 0.283965595065283 0.0721452906837034 0.250609228886317 0.269163361433904
0.214794602020114 0.0163670379288333 0.258817503608725 0.447378510979292 0.0626423454630367
0.0375164308292912 0.327663995507486 0.247725176118081 0.198662911117778 0.188431486427363
0.134756247193044 0.280194808971513 0.223978996556421 0.237756215494005 0.123313731785016
0.250175599758465 0.10263584314826 0.235884540525771 0.25213593929254 0.159168077274965
0.107850336374112 0.285150455351845 0.253258984337359 0.190839729869298 0.162900494067386
0.174758184490849 0.0593514475640435 0.155955997778734 0.344816032781231 0.265118337385143
0.209915785754168 0.165338368506999 0.271148156077967 0.253083197244025 0.100514492416841
0.0899608519651131 0.0794035918191617 0.383207320014 0.110742239203456 0.336685996998269
0.147955939040151 0.0826985650552556 0.198572848834539 0.284976838817579 0.285795808252475
0.198774527971937 0.000874042909126636 0.0531816482508638 0.120857490080881 0.626312290787192
0.208613420611028 0.219118068565093 0.232796456116686 0.126932763294388 0.212539291412805
0.223071984873962 0.303337917681491 0.0411134737681052 0.32392049863504 0.108556125041402
0.195546388668799 0.24066992700025 0.198358467858093 0.277042286022323 0.088382930450535
0.361711337782268 0.0905443526007113 0.0248978149288587 0.344406690379137 0.178439804309025
0.0538526968171538 0.490755718336444 0.359945237024056 0.0894439189230578 0.0060024288992881
0.00630421716170365 0.142224570731372 0.179273327884305 0.152170738735862 0.520027145486758
0.174947597366176 0.0957624975557149 0.235292814724415 0.276795314000148 0.217201776353546
0.0682077768386641 0.191948950748038 0.415405122707153 0.00443813917560212 0.320000010530542
0.214797900172065 0.294723609645554 0.181207424330754 0.0713301854289549 0.237940880422671
0.080726847129613 0.286347514784515 0.328959623114099 0.065294124359261 0.238671890612512
0.178437564237734 0.327028710063276 0.0989717169839633 0.0525060271204977 0.343055981594529
0.0786744870136625 0.225478108002479 0.374090772562682 0.145401949804821 0.176354682616356
0.0137337111062505 0.287035315719531 0.14444191755838 0.3069927528704 0.247796302745439
0.411954957480382 0.246964287542019 0.200809257298087 0.101839338474577 0.038432159204935
0.154876356113668 0.0138436422490942 0.251599508577116 0.414646922243263 0.165033570816859
0.331770054297878 0.216371204006127 0.213024930377636 0.194763887716001 0.0440699236023568
0.0134098317342762 0.147659771019505 0.112290616395688 0.40906166583163 0.317578115018901
0.209565307551 0.148177934898939 0.0945783386704551 0.199378684570192 0.348299734309414
0.0190830996716624 0.272696443936187 0.260748372631653 0.26050507740508 0.186967006355417
0.078471165529913 0.315160868569254 0.211034732575394 0.225582733867447 0.169750499457992
0.0392789936215531 0.462898622342384 0.0446148413824553 0.341863416416301 0.111344126237306
0.0737973271641391 0.277342236616057 0.220246080611474 0.232060938421577 0.196553417186753
0.437421203269363 0.207127794547306 0.0678135864940697 0.0639002760570335 0.223737139632228
0.264523981482515 0.256396243110775 0.256045567361928 0.0902789260694468 0.132755281975335
0.143323084806395 0.20661892730031 0.235755128666555 0.32642175943972 0.0878810997870204
0.283605292744224 0.0596059293320352 0.119638111388005 0.379390931691196 0.15775973484454
0.288783018207091 0.105354549740953 0.129361098535167 0.330315481333867 0.146185852182921
0.218859164835522 0.00660449843117911 0.2985362796871 0.182349288586313 0.293650768459885
0.239279811038463 0.131460813995104 0.18830331431004 0.220370279176131 0.220585781480262
0.301947647817234 0.1349553717751 0.1635268923349 0.217459565500075 0.182110522572692
0.352410717204571 0.0918207538564685 0.347166661243778 0.185616907899991 0.0229849597951921
0.282020891702656 0.211010294362632 0.104297463828081 0.315881426050958 0.0867899240556731
0.198844971801951 0.147311151999372 0.276229061681683 0.107686837755229 0.269927976761765
0.1654004200421 0.118471415798104 0.12048166878246 0.545145815855333 0.050500679522003
0.154888597630836 0.15759730445818 0.522364744280884 0.121268785211121 0.0438805684189789
0.129173944322482 0.33905048764308 0.0251942091679988 0.196082624761535 0.310498734104905
0.222895354073681 0.167145603255811 0.207970657814308 0.248611809574352 0.153376575281848
0.0409602420308102 0.245285177425984 0.222556587454112 0.251507934169477 0.239690058919617
0.0315506828898403 0.241232931043977 0.274965269220919 0.264943418255187 0.187307698590076
0.210573790906784 0.13617450629585 0.296050810077161 0.307450049604756 0.0497508431154483
0.118589935149115 0.0122922976491405 0.400405371988548 0.168662084154311 0.300050311058885
0.0701657697250536 0.303717562482584 0.13522831513055 0.324439947560214 0.166448405101598
0.43360525392428 0.123762079007972 0.093859044442388 0.0861071361281777 0.262666486497183
0.0969323791305315 0.391410001967596 0.199476462055398 0.116252903779684 0.195928253066791
0.164690784833082 0.202252605366475 0.282351470267676 0.092105384986434 0.258599754546333
0.0761290541361977 0.324070699428808 0.0660328223312631 0.219835601446719 0.313931822657012
0.212606774826523 0.183605706605281 0.191311529555686 0.269094916102706 0.143381072909804
0.524508906399538 0.00590236608997457 0.153579209426379 0.0154557822632081 0.300553735820901
0.241660753431557 0.0606762999055629 0.11837198316296 0.256493285232066 0.322797678267854
0.0547501060391916 0.412861889492157 0.31522496709182 0.129096251782415 0.0880667855944163
