0.0370866600149354 0.105250578555538 0.145612678354001 0.029302887748116 0.187228142767932 0.179013269029229 0.186964514023941 0.0976723735095157 0.0318688959967916
0.124566000629639 0.0086610340292658 0.0094223717379185 0.156765971701638 0.100822119894982 0.213731506406999 0.166034704392172 0.202415449557345 0.0175808416500406
0.0704077045626795 0.00993510291355035 0.143639983505085 0.240277405772592 0.177276918013216 0.0504543279389072 0.079410979163689 0.0163287402947158 0.212268837835565
0.266481807390412 0.067849264704743 0.0672788185585077 0.128488007650807 0.129660279427692 0.00649491995648565 0.0122955055411324 0.240982330236719 0.0804690665335014
0.122136188857248 0.109010099557344 0.0171792006854702 0.0238516021393159 0.157588192712494 0.0211791878007073 0.2095137569726 0.191356046910399 0.148185724364422
0.171425677862333 0.013415734098604 0.000268063130124781 0.155421118331792 0.210285872254901 0.184246400328285 0.0973861833638851 0.0631693216351951 0.10438162899488
0.143586600428984 0.143697901416215 0.0633559125797338 0.118779601741448 0.097930801992584 0.105629552971464 0.120879417584394 0.141097051606588 0.0650431596785901
0.121384265664234 0.20453596719579 0.197916584350002 0.101555472876872 0.0657989390841514 0.0313986966893496 0.10784716499346 0.137149894195517 0.0324130149506248
0.182301449002151 0.0296465258819255 0.181819547245456 0.0365291497912979 0.129865091774047 0.0838500569386663 0.0740939585446921 0.0717459060973438 0.210148314724421
0.086034765467777 0.0144310703679202 0.19497019198609 0.0764467319683535 0.0153811602914602 0.156597445387559 0.119584782557442 0.167407395944669 0.169146456028729
0.0863150678761005 0.196998950374496 0.10482453487031 0.0271670734677209 0.175277699312458 0.0821499112509733 0.17614110450858 0.0687551649184795 0.0823704934208808
0.12389183406101 0.0516916387916954 0.192548440795312 0.179745567012538 0.0706877398012083 0.0542577218390563 0.145630172555866 0.09609029900186 0.085456586141454
0.109372574388701 0.215906391789814 0.0162347785386699 0.148922297904123 0.11708626139993 0.071800576891093 0.073735460956044 0.157059957309927 0.0898817008216977
0.0899609312035881 0.0942145477119986 0.0226251356502576 0.158973956927341 0.06706361597583 0.103263804332672 0.0633342538637501 0.209611850353144 0.190951903981419
0.0720975127926279 0.183287108718374 0.107142351234881 0.0759338867987589 0.0596772223533489 0.107426082907029 0.0704947417073258 0.181459656628774 0.14248143685888
0.172350186046981 0.145866696349346 0.0719454289344817 0.0133987129880849 0.186982267062054 0.0188650339155911 0.0890939011623297 0.145625671981909 0.155872101559222
0.111167485456059 0.214703341211908 0.0591373199370027 0.0425756567619036 0.0721169847569377 0.184526781278742 0.173905235073189 0.123263729390206 0.0186034661340523
0.106822900062947 0.165468651374844 0.0699356378377539 0.14888134599642 0.0941800722051913 0.0237376082499099 0.0909789628511264 0.179841618235247 0.120153203186561
0.0754615168941769 0.0534137028121701 0.0178996614355464 0.158522408221113 0.0548196661115014 0.184845600873737 0.185010306834966 0.104255118186809 0.16577201862998
0.0841893939100193 0.0577535820746514 0.131742930662116 0.0930926714857615 0.128948345395088 0.0690246886120912 0.146586775180423 0.140231961770742 0.148429650909107
0.293970347228891 0.183669481037879 0.0320515279943108 0.0990829632938502 0.00540735303470681 0.113369010577894 0.140782729921719 0.128985360636609 0.00268122627414028
0.104782115468374 0.0290840458827061 0.14283587987131 0.128292469563492 0.155601846931517 0.0973343556613848 0.141911808062829 0.0477085913813432 0.152448887177042
0.169316772681866 0.103736115284385 0.12145609986296 0.148377817145781 0.0442600987969634 0.124373258226353 0.125670858406565 0.150969579867696 0.0118393997274301
0.00513614393507295 0.00702923594816564 0.226536142184104 0.149087389493842 0.029984327512691 0.272310331490794 0.0224576700501696 0.0057435035609441 0.281715255824217
0.0776348074501508 0.0843435630565546 0.217677334602427 0.132868180181313 0.0208502156183805 0.167494915977417 0.0508462263807874 0.0554099596459336 0.192874797087037
0.0785774372696335 0.153042117232726 0.0223576441183423 0.221884678242879 0.113919269334227 0.125173341745124 0.173630777711743 0.0695405366928862 0.0418741976524391
0.0569827817595931 0.136009337848114 0.15193773527998 0.145009879294399 0.165290409723716 0.048473655225551 0.141472429538289 0.0936551894398987 0.061168581890459
0.16481526476169 0.179253608209011 0.164707531494722 0.083972082021375 0.179843168770928 0.0168385373763322 0.136256732845513 0.0578480421705892 0.0164650323498398
0.295064055791167 0.109342101365608 0.122618556598602 0.0577037964617829 0.164169039544508 0.0862523329534423 0.0109300814443024 0.0611708732910346 0.0927491625495529
0.184720689208219 0.0589063300048833 0.199962649152183 0.169816446274122 0.0880383323534884 0.0419251237778701 0.0549049390262839 0.0501173061351982 0.151608184067753
0.178765278139727 0.131016630527513 0.16170673074249 0.0688333942300137 0.0571279274326404 0.107970470036948 0.130392457802974 0.0703606717929823 0.0938264392947126
0.201004225092443 0.122985084658974 0.0546748864916908 0.128539067937176 0.0154348150896215 0.109825518164466 0.0746133559673036 0.0879646957899357 0.20495835080839
0.195120930547886 0.163043807081635 0.0281959134358521 0.150321906969966 0.0387530023608089 0.0605125798355541 0.067441028748792 0.174632696808468 0.121978134211038
0.0960446600628609 0.111460214904733 0.138714104750964 0.0718680852939272 0.158627261131326 0.0407146675951617 0.113812781569934 0.208914173487185 0.0598440512039067
0.181847571187843 0.148817065512622 0.03249963564275 0.191553675430464 0.0144521389582936 0.0275713091763527 0.151769300453807 0.0367771338657656 0.214712169772102
0.223018448511378 0.0340467213978733 0.0918043824557292 0.0804035372979252 0.229437138378177 0.000529059536153975 0.0693239059928846 0.0186627005907891 0.252774105839089
0.13771561954432 0.0598623891044516 0.01962185551424 0.0670763806602566 0.130443113729392 0.00495948194943597 0.236863074585969 0.27279099263633 0.0706670922756053
0.0980246746883535 0.0647950642613389 0.0948670262999025 0.161980972082676 0.148925714968757 0.134901376771973 0.0498957347263323 0.111867970340941 0.134741465859726
0.144690106725767 0.0721695791636826 0.0453461724264062 0.118462729024437 0.106355806102897 0.150963501484636 0.137377426753881 0.0884962554859 0.136138422832393
0.116493952081658 0.128239729498828 0.0217100790705704 0.0894155092931117 0.147740999001588 0.0718173675377658 0.166085924290188 0.0966455115468592 0.161850927679431
0.193988663790651 0.161730147538977 0.101365283209572 0.0642707762782975 0.0287950830029097 0.0776764098274624 0.0635781392877449 0.141550952987054 0.16704454407733
0.0408125446533814 0.0153609699163477 0.147037914475701 0.00278955772705097 0.177120537114958 0.0935727214207965 0.152429204020232 0.149567249416381 0.22130930125515
0.262377813024841 0.00381832851733382 0.0985705990439756 0.198299729349727 0.194219434425219 0.0222711866069702 0.00301193239664207 0.00117715654542428 0.216253820089867
0.149712235566571 0.103148635343412 0.0245702719974173 0.177229319636317 0.113131015582857 0.13452434049389 0.0339221446622028 0.122260977603203 0.14150105911413
0.166463655366601 0.15712690935214 0.0697299012268441 0.0454186118706228 0.0928130811646729 0.126174436447836 0.139193090195895 0.171440928812155 0.0316393855632324
0.00759560403477215 0.0667834885527495 0.0707191295403339 0.0438179306757892 0.166001820984639 0.171194147617027 0.141444850352139 0.166212655161854 0.166230373080696
0.20346277266878 0.15100270728539 0.150848933623128 0.00420231511928165 0.144078488530061 0.0553354999165003 0.0813271678879553 0.091329897082748 0.118412217886156
0.145307696980412 0.114699817858174 0.104261429473343 0.0234661119395251 0.144321364473076 0.149362553574767 0.131417727609888 0.0834049909207302 0.103758307170084
0.127469971604191 0.141947411060055 0.116040327371599 0.122372416380088 0.128657168750952 0.0987121191049342 0.150573346993614 0.00899128877109483 0.105235949963472
0.123850625617473 0.00163418512795333 0.044745891095632 0.180176001666394 0.0200752279970347 0.162231658320125 0.0918476211553463 0.192058746367958 0.183380042652084
0.268628462512118 0.0178346494358082 0.0163359874072299 0.0321107020628984 0.142647005048908 0.0927538743221396 0.146677659154491 0.104500135656782 0.178511524399625
0.166510941737994 0.170759321114273 0.0645184845326335 0.0657570954436612 0.0266029366986965 0.144921627950194 0.177074718977522 0.112883679420541 0.0709711941244855
0.157904171030057 0.219319256481451 0.0181867283562452 0.0738953364502577 0.184773467362198 0.228392553168785 0.0431408945568078 0.0311549506824011 0.0432326419117968
0.105361451475113 0.123305468010157 0.0403745144101502 0.177533968457424 0.167488529087512 0.0951123247327962 0.0927002741548927 0.12986198684242 0.0682614828295356
0.154852673552738 0.0537007449808077 0.0863840639825083 0.0498303510473511 0.184422506281051 0.216076812837072 0.154328072119852 0.0569732737049207 0.043431501493699
0.127005637748082 0.218164163050742 0.122613798154665 0.118143504865548 0.12197973480434 0.176185481748449 0.0486942927956223 0.00678110115428094 0.0604322856782717
0.0241899678580855 0.163881395049643 0.0372461081371716 0.0846032235095542 0.0898675924457362 0.312988876373247 0.24472607136328 0.0168267123819121 0.0256700528813696
0.150991652783674 0.164411406957378 0.0884536636680546 0.0818004738822133 0.0745665220496244 0.100484966210871 0.168212874567525 0.019731853192412 0.151346586688247
0.116773090592801 0.03859044780933 0.0981157253001148 0.0516366250938603 0.192934062277242 0.074974807648226 0.110723201297187 0.140638911284897 0.175613128696342
0.137594750866803 0.0764483341742405 0.114979243435066 0.071171556148283 0.148593014889446 0.113364013320703 0.0642057168004515 0.138304840050218 0.135338530314789
0.15193663894658 0.0796232221792592 0.0205220574830547 0.197031495442992 0.210535370281512 0.0231882785340275 0.0548434723448842 0.194750822397246 0.0675686423904439
0.0738130190729622 0.10944090522549 0.140766662843519 0.136353903889945 0.115855249410045 0.0194905065815667 0.153389180952674 0.102114010163324 0.148776561860474
0.059012312184083 0.226925716737129 0.0624527625904774 0.0353710419442103 0.194784905934605 0.166037921889106 0.00887406879371799 0.156861093693013 0.0896801762336591
0.18298056949326 0.0907516477267573 0.0752294227547711 0.178949127766308 0.0481738628267796 0.0399637834570188 0.122449796927046 0.102499442953059 0.159002346095001
0.0783949128969176 0.0838437740168407 0.191627247008891 0.169054793738194 0.0923223291851212 0.0200171091730457 0.11379380903644 0.133857813987088 0.11708821095746
0.175490886996623 0.0627535251030262 0.171588908316264 0.182049462504144 0.0759408749346002 0.0978643041490964 0.145190127242141 0.0306143056623164 0.0585076050917889
0.177537624092328 0.0934991395123786 0.145314059895674 0.11953807893502 0.0818534026102814 0.11388834128617 0.0889724984425495 0.0338001122762064 0.145596742949392
0.193477503165609 0.104792147813318 0.15633051798568 0.0694839909489976 0.0571542702620118 0.0304360869766727 0.166972662189725 0.112308646573423 0.109044174084563
0.165223195590058 0.155123923862441 0.0911946804349851 0.051143676244791 0.0492842352744414 0.0816547972391371 0.175405106566811 0.0695196177103479 0.161450767076987
0.0392621562287527 0.0388350236938475 0.152560135001024 0.0598401201108889 0.0439775775478787 0.24401597760653 0.1541003079856 0.1782382824691 0.0891704193563791
0.077095604543327 0.13906878902241 0.0466643739582643 0.101987233868972 0.174760182615937 0.180221637548007 0.15466138087767 0.0169882159129541 0.108552581652459
0.227199170603417 0.0510999787213205 8.26937961791596e-05 0.143764782308975 0.0319779194137175 0.171302957508148 0.132607318735949 0.188971853976029 0.0529933249362657
0.24789359106075 0.186703424757536 0.149402412309133 0.0705048574820516 0.0202206246787381 0.109644079624878 0.0273439835075412 0.120671479309827 0.0676155472695462
0.190583974211749 0.0998885510219248 0.229837625768596 0.18930096717474 0.0276747648123653 0.0696801660868459 0.0651887120769823 0.0267673206081626 0.101077918238635
0.165744206995885 0.104858260508536 0.0502714710754083 0.220687497228011 0.0360368463057264 0.163395337793886 0.0777596526362515 0.100760237909564 0.0804864895467309
0.0552367054047679 0.155140722885894 0.0403519167090422 0.160573813456239 0.173020087238041 0.179209087033463 0.10420026908701 0.032034421751346 0.100232976434196
0.24930996455188 0.111510576354656 0.0576004750596246 0.0983320314510235 0.0267609035557724 0.238821132889841 0.0918378705882166 0.0366766904311722 0.0891503551178131
0.14033043758948 0.210298699124741 0.0479902700248455 0.0514700331141484 0.18783209439902 0.0361662263726153 0.124884177086836 0.096088913919722 0.104939148368592
0.058775494951225 0.111627772505793 0.0452056114627449 0.055838833236848 0.148845617179198 0.150411335837415 0.156887640090449 0.113932426487965 0.158475268248362
0.192144231288137 0.0168829189466656 0.137117892642804 0.132473546466286 0.160785297516306 0.188976490038296 0.130160556614626 0.026605960521407 0.0148531059654716
0.126521911952448 0.154904717031644 0.129334440868311 0.0277354764440745 0.0401234815648451 0.198861500767797 0.180997834955084 0.0796430403341278 0.0618775960816686
0.040744386142943 0.00976944998206493 0.196449109919978 0.184161836659505 0.0886874275971095 0.225659266916836 0.137630503912469 0.10607248373758 0.0108255351315141
0.0114919193514488 0.131013230002645 0.153353549521632 0.075357592060384 0.126416306836291 0.127831833980117 0.075618023537699 0.125553659026962 0.173363885682821
0.00538087289552159 0.0731372554443862 0.172847924420383 0.114013187582375 0.177270489480877 0.111100025786269 0.137778356902176 0.0943556041509867 0.114116283337027
0.228292331572628 0.0801028523577014 0.0580856911702745 0.192898194950397 0.2173673039885 0.0763838591084759 0.102857538922107 0.0323627551012022 0.0116494728287152
0.0548200356291521 0.171733714287248 0.0670104372857463 0.0898685757906415 0.15818305716649 0.116859604904344 0.11743841377858 0.0110603844562336 0.213025776701564
0.122151062194718 0.201935977905597 0.162313013950802 0.0893647253293398 0.121550788075164 0.128240192069672 0.0167081721100704 0.0769740201005688 0.0807620482640686
0.256579694484047 0.019267065617656 0.0467652351145292 0.226075718671564 0.128848099751303 0.13076835050239 0.145130193893833 0.00746084377695331 0.0391047981877245
0.270219175428815 0.0391173819606936 0.0321539995821118 0.0256520918065194 0.142058179644736 0.0544300401085384 0.136797185397839 0.124643459370675 0.174928486700072
0.0117518559448739 0.0928513820084005 0.0201498436527997 0.310061781382802 0.0569868737626181 0.0155440549215514 0.151897730459671 0.245297865545244 0.095458612322039
0.100909699268011 0.113166976967653 0.120495556249207 0.0576924788898197 0.036562374045222 0.135927710448684 0.183587376973558 0.180543474915026 0.0711143522428191
0.146595482074754 0.178050752144254 0.0465540048006998 0.134348103842356 0.158463970096546 0.143634313689477 0.0395438087138318 0.0820503378855802 0.0707592267525016
0.0380747072750636 0.12977927680055 0.0735662900050704 0.182013604924237 0.227580601765353 0.0241408570379259 0.167599982533817 0.00929074283262859 0.147953936825355
0.0612482817537734 0.074285917730751 0.181163091283711 0.127641117114222 0.144539918063385 0.144941391733132 0.0824619695218983 0.0655061259221084 0.118212186877019
0.0259270315071429 0.00562972424547008 0.158055068014404 0.142478150596618 0.115158344788966 0.180009002197483 0.101573817947078 0.0928308411346998 0.178338019568138
0.082550387768103 0.00792916530490438 0.16363079739684 0.129679408880212 0.15113044790934 0.0446384281732258 0.313027754376665 0.0984725908660174 0.00894101932469266
0.145876340524651 0.137180265393195 0.175724193995094 0.150491184760126 0.0304544958540422 0.136049523981913 0.0011578952993195 0.107180192391492 0.115885907800167
0.17885329640173 0.165279580289065 0.102484436066162 0.0490283267648611 0.135398726061715 0.174124781770343 0.0285945008417288 0.0158293880685176 0.150406963735878
0.165997229896777 0.0062121520308811 0.181591855962948 0.0237999013144783 0.0982158903737477 0.200630108183499 0.107080723215311 0.0306976333496441 0.185774505672714
0.051002670927944 0.00208092491059819 0.208253159079196 0.127043253192883 0.00403038025212315 0.194033613335347 0.126307854057408 0.110331254673052 0.176916889571449
0.184708795074904 0.0957158071604986 0.181025091354232 0.147300796108526 0.00527211073372337 0.0658488422839462 0.0639296862066847 0.0886754226403985 0.167523448437086
0.138076454514001 0.197570721346421 0.0991249569788547 0.00670144460982454 0.0570883297092288 0.195731704559869 0.0635424758515564 0.217172417663858 0.0249914947663866
0.198933789033943 0.0876325982277386 0.149042674065767 0.00914486060529957 0.133450279637527 0.18231335154952 0.0436052757774488 0.0323514952636348 0.163525675839121
0.0108519878938636 0.0193823188775331 0.0590018490190813 0.137027452224093 0.0601714732976148 0.205046959101189 0.22266233343564 0.261038710370552 0.0248169157804335
0.1616896387587 0.162075439809848 0.104249959097338 0.0576233063319795 0.15173585451157 0.138955342933223 0.0190206762265719 0.124350121080284 0.0802996612504863
0.0298933745568684 0.0379117486420035 0.0444508945990972 0.183166247435324 0.178392234563234 0.0176013739372353 0.122550009914567 0.151113259296206 0.234920857055464
0.171587880967874 0.12398715399705 0.0941500847513195 0.159012063889267 0.0757587258447486 0.0689771340876969 0.124591154684683 0.0560353587735396 0.125900443003821
0.101280988331005 0.131715469262279 0.0561934051733772 0.224036194303044 0.172382096041119 0.0862592341137654 0.0322596002431058 0.041436269400229 0.154436743132076
0.0433115841288178 0.0385746590254703 0.107201391410055 0.172967228242191 0.0050590920277459 0.0128219342294107 0.229177003790869 0.217525370607658 0.173361736537782
0.0428050186759312 0.17575383620956 0.117379550324404 0.153948703276997 0.121537284763385 0.080622144431815 0.00458262774051624 0.128718777532966 0.174652057044426
0.0681832600719198 0.0401131556870277 0.178008096862772 0.145080567148918 0.00427990312803172 0.124816301182441 0.131752883719041 0.167895574146982 0.139870258052867
0.143844180561151 0.155523587930883 0.111833488282266 0.135032935061236 0.13983434693178 0.153469625664765 0.062153292242725 0.0249370871676467 0.0733714561575469
0.0594148131072106 0.063671698280481 0.0664377299495291 0.0516398481451864 0.0408507925102727 0.260590549621136 0.268771241840699 0.030173191076671 0.158450135468815
0.086156014750398 0.0530027903220973 0.0465316217410023 0.223671639553892 0.188347068212345 0.148728419039529 0.0406797863917616 0.106711122548059 0.106171537440917
0.150282476434127 0.0312297291701129 0.116794508337013 0.139821226458724 0.100835337033375 0.1312664228584 0.0374322035652268 0.0798641088099673 0.212473987333053
0.102344621451029 0.0268906426379919 0.0259304737961315 0.0266384609913015 0.0500925694302516 0.207753301005057 0.237135913359384 0.198476808968073 0.12473720836078
0.0830270335644499 0.0473001604098466 0.0588976708325926 0.0649476343486338 0.104920571369369 0.0996713837025381 0.110181581509786 0.170684611733596 0.260369352529188
0.124433607152055 0.0206620692795603 0.00540197315976084 0.134192818713153 0.105716476488112 0.0460830536326299 0.220801086468956 0.140432313180283 0.20227660192549
0.0825898115841306 0.00175926064322867 0.223058650567649 0.148356488430204 0.0918320871649672 0.0591839659713655 0.06734220915671 0.163396801499313 0.162480724982431
0.120187229527647 0.153907149541371 0.0558608109861684 0.0177094445665206 0.178110873548069 0.0382540473432577 0.117873636565083 0.133253791216069 0.184843016705814
0.0920125245764517 0.139501798211925 0.016498922137487 0.125153869040686 0.0844226027546145 0.12627251455175 0.133858496529289 0.129586430640607 0.15269284155719
0.0236655102892148 0.179710954387379 0.151399995006986 0.184907653082466 0.0362658368206277 0.151574436816234 0.145838726959927 0.0457198355325435 0.0809170511046218
0.195255580094262 0.0751309028568777 0.201989681749763 0.0461283568897733 0.0103138708902668 0.12635458265555 0.0736959887173609 0.158144728169508 0.112986307976638
0.0504250502301924 0.156457062977485 0.0232158276351139 0.155739244906004 0.17818312989512 0.0445399755026517 0.0533086920705186 0.215462671482983 0.122668345299932
0.165632482410947 0.208826253052133 0.00056353085922452 0.175373156136837 0.23572486650256 0.125809004672959 0.0102116715159832 0.0305424033423871 0.0473166315069684
0.14975422539117 0.167147812262597 0.120968700539266 0.0233610118240507 0.152404015398448 0.117572245783627 0.0754834784012464 0.0585374071800444 0.13477110321955
0.160955391812937 0.151524261013136 0.0644071114667117 0.170195100011001 0.119527488477302 0.0259288062567747 0.00486014910534794 0.183627615223245 0.118974076633544
0.181864212875524 0.134286005311363 0.00872015264698119 0.149532450250763 0.160306336752501 0.11475342806858 0.0240020939874052 0.0667701169378687 0.159765203169015
0.0686621489147142 0.130201054659981 0.104654437665058 0.0591396793098154 0.143570916291321 0.0911369219172456 0.137471149845016 0.197852567194376 0.0673111242024727
0.131037932180763 0.170122043815666 0.123903141976267 0.0633467930831068 0.178151111339584 0.0762516170813722 0.0922771697990664 0.0325362032673647 0.13237398745681
0.114333125908705 0.00856405711130474 0.125463758248741 0.113606125334061 0.161177760528296 0.147683635666492 0.0652769658669096 0.190054244189413 0.0738403271460774
0.0138862777487093 0.0853210605554215 0.104197561672029 0.131079115465091 0.105557742379006 0.0448406956974499 0.137769994022142 0.177251028923434 0.200096523536718
0.0919339240071825 0.153415487988985 0.00590346960644302 0.114058603387361 0.030400708670735 0.000910038948624731 0.184864823624912 0.285750402312275 0.132762541453482
0.18846316252363 0.0783163413604053 0.016137709876971 0.0739877854021167 0.142513371544163 0.0238378808411402 0.188528841130573 0.182330313597714 0.105884593723287
0.157263948962016 0.018419462687699 0.067702982374044 0.135526663781637 0.126751632793168 0.125145381518705 0.124483266316008 0.088016522522534 0.156690139044188
0.116748607413766 0.144137891560497 0.186616217105563 0.100767337634247 0.102462129548759 0.0678190454957735 0.0732690515823893 0.0292276167662103 0.178952102892795
0.23416110816614 0.0894723037521012 0.287852005247004 0.0339542924938982 0.0842223266487725 0.109037449579607 0.0296905886015113 0.0201971137114528 0.111412811799514
0.162933371173794 0.0287609514540546 0.165398971324609 0.164355957929577 0.100827089259222 0.0916785107207412 0.118142745647954 0.115765654266223 0.0521367482238248
0.171437819239117 0.0327666114839163 0.101108329149579 0.146173182434276 0.0825725712302128 0.226112052162165 0.10781945747023 0.0244077207140601 0.107602256116445
0.212815547203107 0.0785898754488425 0.162957172482612 0.194112720756083 0.0422963251122203 0.00649919603094229 0.115093878440404 0.0718447479123233 0.115790536613465
0.0914331495460168 0.158946870155515 0.166330403488762 0.0155032361636539 0.0478526933267268 0.134514682658322 0.199046877093619 0.172807993082391 0.0135640944849942
0.259521528762216 0.0665414666569018 0.0252528029652127 0.133427997104476 0.257656076080158 0.0314731572148272 0.112237465493229 0.103552768962732 0.0103367367602464
0.0752218436004981 0.10649759372538 0.026685254701831 0.0725784972459627 0.140251856761205 0.107248939943212 0.0661808751925949 0.236781310232622 0.168553828596694
0.184640128703443 0.025526079293101 0.0846573514811122 0.0676053939129474 0.108189741406783 0.182906905570766 0.181233475758237 0.0606478602905626 0.104593063583048
0.205143107049971 0.063958795756008 0.224217804374961 0.151790724169734 0.0716066549094682 0.095495968176301 0.0315274311923707 0.0563289553846244 0.0999305589865608
0.195664297908664 0.0645006598113145 0.0965045978581981 0.184300985134362 0.121387989915913 0.0589686963112514 0.0852195757008433 0.0453251787248202 0.148128018634634
0.205283331423174 0.148049165011952 0.0326014538709844 0.0537191887292263 0.0131578039660754 0.136401983637816 0.0982322660837632 0.140817860750815 0.171736946526194
0.101151263112714 0.146104002333621 0.160519813354361 0.0941378131037839 0.182396015970914 0.062704206615095 0.0728794126383514 0.0303863647114284 0.149721108159732
0.0892152362311123 0.0433031969380033 0.0423240996802109 0.200066878322391 0.230322351767392 0.103509615745093 0.148750487302655 0.101476681554682 0.041031452458461
0.093843001435935 0.0796368403792566 0.114887812968999 0.00744709731188463 0.152391898166276 0.0957725250467524 0.133630522479472 0.158439372778997 0.163950929432427
0.259083611006323 0.237564965110522 0.0352980740874648 0.0499731077812274 0.100856413349646 0.0385878447076675 0.125628073939333 0.121852436612673 0.0311554734051435
0.0975285792740154 0.152541006590448 0.0670111984274664 0.07191374004959 0.18887462009421 0.0120850813639919 0.200407420151451 0.188429961045538 0.0212083930032891
0.132991492389615 0.259165015784483 0.0618318050878315 0.0971238938443299 0.0593151523824988 0.0463988712116448 0.00581134661664867 0.152088809990344 0.185273612692603
0.0912120593196003 0.102747850361267 0.0419919235673064 0.1498318051114 0.19303575964036 0.014015599199683 0.0708733732701914 0.189588103727108 0.146703525803083
0.123300329269396 0.0750225570260353 0.115459125083727 0.130704236068491 0.16338272407856 0.154857467228977 0.119552774500443 0.115187318503675 0.00253346824069518
0.167980881579327 0.00784722273623284 0.139777862489767 0.207513077403429 0.142280470808461 0.119530299047571 0.0574626190077432 0.0977306472637612 0.0598769196637078
0.0405182498331399 0.0783541954415876 0.117736997393123 0.11058203400687 0.0647501119528933 0.169470864358176 0.188780194620127 0.127534571521561 0.102272780872522
0.0567169733805744 0.0813219908401757 0.265053999403338 0.0168360647493231 0.217591691531324 0.120422934737219 0.0734343956822857 0.0738991273510091 0.094722822324752
0.131865270935807 0.0657813046227635 0.0408944172462748 0.0603990323965255 0.127637142186584 0.0978903290413676 0.0824066708403923 0.170543071191165 0.222582761539121
0.205112520159982 0.0620012869726136 0.189828849608514 0.0883784355430995 0.204529676447619 0.0711198730024008 0.0965762059793153 0.0146117466360003 0.0678414056504553
0.133334169483162 0.116964126132687 0.0648846262112536 0.0676180682627658 0.124278468389325 0.195496058502397 0.150535616026932 0.0778186936872928 0.0690701733041848
0.0533117760825525 0.155350793847119 0.052134625004398 0.164783434652176 0.0759475721519793 0.1161383841642 0.080766596927255 0.169560220599704 0.132006596570616
0.162932810774365 0.169678162188086 0.0835657070455218 0.159335607908187 0.0124922018476361 0.0567433282731545 0.103080397585157 0.0943111921914169 0.157860592186475
0.132032003939445 0.0840349122984127 0.167711966873785 0.178163272757679 0.00399396115122967 0.0931332248336291 0.159399866023516 0.106719829993934 0.074810962128369
0.132837046851473 0.0740668087068725 0.137670676503451 0.134192180024783 0.117672251686374 0.162751595978752 0.0824731328949779 0.0326495752667878 0.125686732086528
0.243523523974497 0.132534132966448 0.0178929685537044 0.0615644959417577 0.102851143512661 0.0682732704559069 0.115843647739399 0.0182955187829856 0.239221298072642
0.199997093715276 0.145570137373263 0.163193026831167 0.0328610868736596 0.250220990452465 0.0635039414213747 0.0251849090260172 0.0972867858203985 0.0221820284863783
0.245690080442143 0.0365865279836326 0.135868321423786 0.21823481548736 0.0507925484987534 0.212932240619739 0.00342749119549494 0.0898394921517181 0.00662848219737241
0.067963480218737 0.155907758828816 0.0739778622838138 0.151247333634567 0.167277733182081 0.0682958101162748 0.16303577369066 0.0307205120790132 0.121573735966036
0.191092393139138 0.00102223165851426 0.170995640707375 0.124131133699027 0.238451315096476 0.0784015237513641 0.0263663262597611 0.107366825343545 0.0621726103447999
0.153936826856889 0.120718544611933 0.11073063884601 0.0957100833614606 0.185293631645611 0.0242921275099106 0.12158010209765 0.124677908977779 0.0630601360927582
0.0685003457479365 0.141177246906575 0.0575920990351214 0.113480259926594 0.167176893522901 0.0795066960854796 0.145553175439547 0.112479557569687 0.114533725766159
0.181716587363415 0.124664792271277 0.0970896473638943 0.214719475488276 0.0352137990395406 0.0801817584112367 0.179442089951392 0.0306741123361521 0.0562977377748168
0.191799286077392 0.138222345556136 0.19908770613251 0.19513860619273 0.06599583446301 0.0219130850523014 0.0653397134892336 0.000490389474554929 0.122013033562131
0.109948284046907 0.013673343546488 0.107780000778257 0.0693136446433228 0.19130311873058 0.000163649855805432 0.275145443038442 0.0386171809434728 0.194055334416724
0.0461184447348764 0.0798375871452675 0.105181349013825 0.097787448380096 0.13678794199915 0.0788421042645606 0.164564720159583 0.160647813478178 0.130232590824463
0.0201989870415525 0.15324104485636 0.228719173365402 0.115653085321508 0.102730200421887 0.131821622827785 0.12374609664218 0.118676619412315 0.00521317011101079
0.0864598573889454 0.0926439047550014 0.0269334626686641 0.0245834861624126 0.0264411939393562 0.195186391155811 0.171845621535507 0.224473571733525 0.151432510660778
0.0104382850605712 0.0773623509376175 0.105707014134842 0.115465193447909 0.201646118101789 0.0902642264611105 0.118569497754353 0.164022643436712 0.116524670665096
0.0598124283006495 0.119362118478781 0.0310978567349209 0.10116956680123 0.110534311510664 0.0104213727999436 0.253206074319392 0.116887431154955 0.197508839899464
0.00399894278971962 0.187948226896803 0.160305941907571 0.146368557302448 0.0809753244500326 0.123702582435664 0.16889607959489 0.0633832038605985 0.0644211407622731
0.112821586557316 0.116893514897907 0.153631411183872 0.127008949390472 0.0686182553423702 0.0195573745627071 0.182232753106735 0.0432665849348973 0.175969570023724
0.171832829406016 0.126343787576713 0.14875591156969 0.172155829248183 0.000701088687682944 0.00514468164271319 0.022791340131261 0.177816951563027 0.174457580174713
0.0925037732554071 0.00175255037156643 0.155066165149218 0.178608315696255 0.181369907071251 0.228466169454701 0.0643682541471063 0.0361323244143038 0.0617325404401913
0.192320916052035 0.124255245991987 0.104135032474581 0.0794358762668723 0.103162054373159 0.00388448459327892 0.188779059371625 0.142513425877352 0.0615139049991095
0.118785235704735 0.124901106320067 0.173401510392958 0.0643100916331534 0.177336036814059 0.133409055232604 0.0892492824893698 0.0866757631771775 0.0319319182358758
0.16379841548385 0.164620447903685 0.144797435943879 0.143655833235837 0.0934852166203183 0.16747393090809 0.0756276709896945 0.0165914783674831 0.0299495705471632
0.303794270104339 0.0789173256457389 0.251538582398353 0.0506068548256978 0.0595885666487219 0.140859072876433 0.0547539572207901 0.00777369851103522 0.0521676717688907
0.129888340282479 0.176808266029833 0.126654696479127 0.132736404971264 0.139371372032771 0.0533646432057092 0.101030043808808 0.00350573748954522 0.136640495700464
0.185755602309188 0.152895916488432 0.169695741845688 0.161969102451341 0.0313013686976386 0.00306777718771686 0.16721286098318 0.0180044084891796 0.110097221547638
0.138048996773351 0.099945556428144 0.177502913328065 0.0535046759832755 0.13870930931188 0.0770358844443 0.14008483607354 0.151216667251235 0.0239511604062093
0.194138022275788 0.120957638845117 0.100931174662454 0.0562175340920295 0.000718800111520921 0.0103879282229213 0.186847906096307 0.251286359343266 0.0785146363505965
0.0797703632768183 0.0816842946124174 0.179071156099422 0.0997614001047498 0.14673735098365 0.119951335527509 0.141409383743602 0.11361224997948 0.0380024656723519
0.103208918528752 0.0665501332796815 0.175306358463773 0.139693298012725 0.194242816801129 0.10696072059731 0.123369155104434 0.0439677674117353 0.0467008318004612
0.140528238845092 0.135050286011072 0.00274308993784659 0.145515995197836 0.171013493582911 0.192252171706202 0.0918224693310642 0.0802268150067389 0.0408474403812381
0.164357759299796 0.0430381653284317 0.0168352049833996 0.147479606633848 0.0525322132503374 0.179774205957531 0.148114466949473 0.106823832570128 0.141044545027055
0.195834437591754 0.0920135944991969 0.165372944569339 0.0681412301843793 0.0331146854829897 0.190913755900412 0.223294569716915 0.0209574561444417 0.0103573259105727
0.0758416882156289 0.165830605530645 0.0970294730739335 0.0221611250971152 0.081897196366527 0.0800486355526489 0.00655498870017465 0.280722322569231 0.189913964894096
0.0366104688600946 0.0227602427238032 0.157339420640035 0.1172577379619 0.143187726294677 0.190063688955593 0.168872672090278 0.131438287966436 0.0324697545071841
0.152944683734825 0.016399011547257 0.188638697681604 0.116787424293701 0.043126748187631 0.0500773959786773 0.187601857832452 0.171921415504524 0.0725027652393289
0.0471656860084064 0.123879480839788 0.131314329752007 0.0909857704146021 0.0495466063651685 0.148709923293515 0.157334856913496 0.137163596469755 0.113899749943263
0.118112820757876 0.102444332826988 0.0127728314417288 0.278509625930951 0.192918251882139 0.0454072719359949 0.0968293514405485 0.0843967976291167 0.0686087161546579
0.00104625021649502 0.0925512792818298 0.172022885535285 0.00629766193596719 0.238239987417575 0.0619712310207745 0.127824789780395 0.133756136790325 0.166289778021353
0.196082849419418 0.0841240443920161 0.240716708288429 0.0158318762665777 0.161055390995477 0.069972196056667 0.0276080307924326 0.0113997522546611 0.193209151534322
0.175782113023985 0.0996795283604941 0.231694809012535 0.149758754401301 0.0183103248613342 0.0529918950211821 0.238284144457643 0.0302481738374369 0.00325025702408911
0.0337155421612492 0.130545264661166 0.0831484147898688 0.205862196551904 0.0768269060635906 0.146294196171971 0.181740959039039 0.0740062666980517 0.0678602538631596
0.0983631773880952 0.0696329088821863 0.218311004514545 0.114923024316539 0.00840861819056826 0.165456214777437 0.0317876484504023 0.276242595143638 0.0168748083365895
0.228498383234553 0.0855093090986153 0.206241706716922 0.147005094282866 0.0399184929941903 0.0779869981981011 0.0990922284335439 0.0247636508204701 0.0909841362207381
0.127371569403371 0.114152411857313 0.114385937850063 0.186656102754659 0.103377967599838 0.140822718920889 0.0852994471864441 0.111295587052969 0.0166382573744541
0.10675688028992 0.0462452384480372 0.0580563774112093 0.0803029764511792 0.242269068523218 0.0461309315566821 0.0793508222247494 0.199403461791402 0.141484243303603
0.0879486730399705 0.104972853177937 0.168986124304735 0.0964017061812883 0.0912414220789617 0.163008140893434 0.070050242649159 0.159801038554671 0.0575897991198429
0.103522544753518 0.175813539193633 0.0582786639233078 0.13581850577258 0.0378184452909003 0.111762811344956 0.166807782424588 0.139155079276857 0.0710226280196602
0.00699134402540975 0.0914081005781748 0.10418513394532 0.00452494097627236 0.0857750658263645 0.154275953430046 0.248553236177765 0.09268456083066 0.211601664209988
0.160622027900956 0.146476465704871 0.169018944212715 0.125422971466466 0.0167932252004154 0.0296292801715113 0.173565267155079 0.169536876237241 0.00893494195074471
0.149453518555305 0.134262058966224 0.0486454047441404 0.0463056404685365 0.216839891845465 0.000943109531688363 0.145051797739326 0.123050134560408 0.135448443588906
0.0187964094942817 0.00137483972733006 0.0249104504518412 0.231720854691933 0.170430232451002 0.135077408887696 0.169838197636323 0.0819486124238769 0.165902994235716
0.182037187721606 0.00620867838503595 0.0585298358593468 0.176927848967673 0.0262271052010148 0.156968146745781 0.163723647615993 0.0526931705276297 0.17668437897592
0.13853665632429 0.163681111201787 0.0111135489143856 0.103544855991195 0.117499870372435 0.0744931635727529 0.160923143366171 0.12245814771681 0.107749502540173
0.131563835798813 0.0927943749353144 0.132198888211218 0.142114502344994 0.131721662888845 0.0307837189247131 0.108599955815806 0.119625841120182 0.110597219960114
0.147688655006805 0.0497171788766345 0.175331231604 0.149171340821217 0.175789503522474 0.0487112251337419 0.0668508577971202 0.083670453124097 0.10306955411391
0.259091043032247 0.0284430302310622 0.105753872186252 0.0407913351009954 0.0535155706306275 0.189148516744147 0.107984094806246 0.0208170470880878 0.194455490180336
0.141956391101894 0.0562128531980639 0.16086715018287 0.112747320061092 0.116517164505756 0.138803963370908 0.127459213304609 0.0336746473247548 0.111761296950052
0.164190843111121 0.156522808238896 0.0386972420180683 0.0324985241379042 0.114227023142543 0.141796859678231 0.124657741834241 0.100916250063776 0.12649270777522
0.0640310633459643 0.10654463767396 0.0204841128227934 0.218312104046454 0.0385312749084459 0.218856900292357 0.158377539241074 0.14438731149612 0.0304750561728304
0.0204243984942782 0.103628153044845 0.0870019056015085 0.255696559751199 0.00212275374613421 0.0477718580305118 0.256456081456648 0.0180581677547153 0.208840122120159
0.0290168638849702 0.183005922345948 0.0868720385692765 0.210304181908848 0.0266526898959651 0.177430317178813 0.157189035021582 0.0951548851966732 0.0343740659979239
0.198410716205984 0.210123607845002 0.111575896904151 0.145486994601699 0.0235537133854932 0.0297141316955425 0.0528539303792213 0.210174676277264 0.018106332705643
0.280797864091239 0.104298595251127 0.0853450111490425 0.230880932049432 0.159545229044592 0.011927779088983 0.0747570233431971 0.0242205860444434 0.0282269799379433
0.181554849888433 0.128649370701929 0.0518305262179924 0.060338799583859 0.21802915098454 0.205027738394886 0.0273273468077301 0.00183250104216948 0.125409716378462
0.0269786855744241 0.171579877784044 0.200714136317289 0.16486678716627 0.0284818575644867 0.0324688587467034 0.148549625661965 0.0523067023766167 0.174053468808201
0.153979497585277 0.154023493849198 0.176618380195558 0.116406204390128 0.103231254584457 0.0293605140818569 0.181429549485978 0.0676429960969446 0.017308109730604
0.152020632135971 0.0731285552982406 0.147766573141518 0.0708461998046572 0.145055574384508 0.0760418316567971 0.0846884765644134 0.128872034818308 0.121580122195587
0.212590408760366 0.080593043486644 0.139155161474377 0.10119789210419 0.18595646587361 0.00601305735666805 0.0221442250212637 0.0409097063230649 0.211440039599817
0.102703084140194 0.11629487866704 0.0568200697571261 0.0444110276188316 0.198479324755543 0.0184280931894922 0.213754735014638 0.0604655948080441 0.188643192049091
0.0329935701723717 0.140545181511584 0.0147814333424072 0.192677625414555 0.206974320131135 0.122543219294065 0.119040723943467 0.0132590865180721 0.157184839672343
0.17273667840235 0.099334589237914 0.180450571607523 0.117830383561589 0.0747102555681972 0.121423988080452 0.0663860363859984 0.119369066009873 0.0477584311461034
0.269548703929558 0.0671254463246232 0.19581061230213 0.0732997630182015 0.0776773889097205 0.102487888971274 0.0563026482032003 0.145868685128204 0.0118788632130894
0.0745441140318241 0.186807380453388 0.0635865217398311 0.202175725086103 0.0513050771880613 0.0997680706435012 0.10391191061563 0.118144938699673 0.0997562615419875
0.138729949879716 0.16399603469092 0.0793749862091183 0.0251879193428124 0.191158191247069 0.0788123554926781 0.163801834295081 0.0805228075597906 0.0784159212828143
0.0832131807247441 0.042176552547871 0.146378302589766 0.136467511826907 0.16729513815273 0.158915674452804 0.0513232215254594 0.0965382082435184 0.1176922099362
0.117485838517136 0.0144638746562071 0.216947166654883 0.0877810645887531 0.142345712431072 0.170771392846148 0.163092481420896 0.024313906219359 0.0627985626655461
0.061507228084684 0.0628763795657144 0.231961519336223 0.07519824670075 0.0544791984420463 0.11038633931555 0.224951061265131 0.0435135603579411 0.135126466931961
