0.137814628691724 0.108925517914994 0.190277057979449 0.0342225850818446 0.0508696491713577 0.00758161778883617 0.126717806282697 0.180672093809647 0.102455746946287 0.0604632963331632
0.191060057963265 0.0162451815247415 0.149426616314296 0.0219444587947787 0.119910863780404 0.115810795696724 0.142108932535888 0.0711031863533367 0.0102850706559799 0.162104836380587
0.0422560648275821 0.00872019937737895 0.0989648448899919 0.067021422222743 0.10791859185582 0.107043158187012 0.0860280438231889 0.212077993423679 0.183933896938071 0.0860357844545324
0.109495344627214 0.093673194417265 0.140392943036682 0.087870762981421 0.101426659571815 0.120120236680682 0.0884287155824718 0.0301283326417724 0.0687171787015876 0.15974663175909
0.121951368121229 0.0582912269187223 0.136444080888164 0.0335719163758355 0.208281947567858 0.126252650076578 0.0696582904113121 0.0772475264563367 0.155710901821382 0.0125900913625821
0.0639238479098288 0.16818681364477 0.0845106499680055 0.0464423713562748 0.163117520897841 0.0505174666002159 0.121955322770866 0.0633772710677163 0.168035810648184 0.0699329251362984
0.139214554087231 0.0530583833583725 0.140117385993254 0.130222607642921 0.0799014756007924 0.0975474123385907 0.151589398518762 0.0720223304097398 0.0084355395143938 0.127890912535942
0.066029570298977 0.0651579939401017 0.0061442541396418 0.0634077140541264 0.0957364935753566 0.140738115830045 0.129852522756827 0.104053471500856 0.151812438586833 0.177067425317236
0.0969437656845182 0.0344018918219737 0.0203432853089697 0.186984773694888 0.0971812518426911 0.117614715521103 0.0848941588022734 0.154088294846442 0.0926838698443366 0.114863992632804
0.127728229543374 0.107836754603995 0.00276513267083564 0.0147495821591081 0.167933914997634 0.15404004991973 0.050087101416735 0.141766256115344 0.0442099970301164 0.188882981543127
0.148192960213811 0.0423170794779301 0.116675521754293 0.0570073637958894 0.107928236254814 0.128566229240369 0.0550586246267005 0.115869769053616 0.0899129977818504 0.138471217800726
0.140629767857199 0.0705874823494063 0.0272244532373261 0.268999490457204 0.0863257867774371 0.00564072440663358 0.109750818560487 0.0190307078803835 0.0689319958723024 0.202878772601621
0.156437682760834 0.13357372235683 0.0428751899861253 0.0163770902924287 0.124021105308072 0.0458588834690969 0.0367002207078288 0.173617325269036 0.0952346724815364 0.175304107368212
0.112520564200084 0.100928888045007 0.0861041112562931 0.0199419066880483 0.124080554524875 0.138955009777951 0.0751136114908568 0.119421421639392 0.0852680802197811 0.137665852157712
0.148585272354359 0.0159201242955263 0.215507618312831 0.0501030484160545 0.00850252043872164 0.0821842118450544 0.0339914650152893 0.0339248919045831 0.261343297470399 0.149937549947182
0.0751388614374605 0.00296898145151713 0.185190462338445 0.143789435271448 0.18338145487479 0.111041132962024 0.183312226794483 0.0144776703394754 0.0724889368634272 0.0282108376669298
0.189235864086752 0.0145117507644597 0.0205166611562449 0.151388495064493 0.0620724122846534 0.152179440122153 0.166046928427355 0.140880221531266 0.0747421144720528 0.0284261120905709
0.0368470182125803 0.185421379189438 0.0925835691847998 0.157297492435666 0.0448440144870169 0.100144998692492 0.0452819641332679 0.124428740227721 0.0913134619780069 0.121837361459011
0.154208103481371 0.0965845895558578 0.121381595649911 0.0270756827843022 0.13361249502016 0.0310281981255115 0.144918823054212 0.0222148519036037 0.0820896430441633 0.186886017380908
0.210753586393085 0.117928127132002 0.148779473782969 0.135083560127009 0.0110299143276467 0.0457342658736174 0.0824356923726942 0.00236223561508051 0.214853052509611 0.031040091866285
0.00351324581347679 0.0864047799126287 0.0132157797474271 0.173134345238968 0.254345534751965 0.0762189804469309 0.0279496753475744 0.100347005384645 0.127720988977669 0.137149664378715
0.0154474563182358 0.207163504083313 0.113406721775031 0.0314794743518517 0.0266594452285262 0.14616581292911 0.0380570438782293 0.198191634349291 0.115538244135361 0.10789066295105
0.0825326438557795 0.0552249129351537 0.0696819183533558 0.0687194005712504 0.185511650261353 0.00345236325773591 0.13497493552481 0.0429151199098993 0.185739422992464 0.171247632338199
0.136399985099501 0.00855946285957218 0.0577380278306968 0.105842299210934 0.178940910351733 0.13093362499848 0.102549357163191 0.0251234197726826 0.151876204463815 0.102036708249394
0.0879502301713879 0.178204695967697 0.0689134348968784 0.0522290434580617 0.0540745228027983 0.0377306304090658 0.163320736711395 0.161527461223757 0.0447139403706712 0.151335303988287
0.0283323882660032 0.0581285828849802 0.130871455326855 0.0723996646062627 0.161085356112192 0.128478807293545 0.0394821118134014 0.171319445299726 0.106589666514757 0.103312521882278
0.153109537199582 0.0486405370915792 0.133525920898305 0.0243118020652416 0.138499840752653 0.0993354660202123 0.093525362796745 0.138454806502803 0.0689578122757994 0.101638914397079
0.143869454389301 0.150100741049961 0.146807189631431 0.0619509477276439 0.176963458914338 0.0801838425221958 0.0433258994641856 0.111733213496636 0.0281550538813557 0.0569101989229534
0.0276280074459395 0.166771538328154 0.140846687173117 0.119876327586706 0.0737132983339305 0.161940788363366 0.025014524251019 0.173378081130519 0.0526023492537826 0.0582283981334662
0.177409212958048 0.168640878721949 0.0535269928476341 0.152989777639807 0.140633577003264 0.005521055895618 0.000379498240793679 0.0019402581614202 0.196940541127845 0.102018207403622
0.180735754042432 0.121195365875196 0.0372137928170999 0.129724548419316 0.132909198406713 0.0450372872408221 0.0752138685452602 0.0407563755783063 0.106495175261605 0.130718633813249
0.126270640425744 0.127379549263055 0.194277206546407 0.173665231764066 0.0275267767313946 0.0577873083867519 0.0706922942438226 0.117188740633948 0.0807400919924933 0.0244721600123181
0.189332333300408 0.14647136103139 0.0222427984780163 0.129035785195768 0.00875329809874813 0.0787094584293949 0.00286816666779261 0.0489999360115264 0.185209022772482 0.188377840014473
0.0698362538184789 0.0261180035060085 0.135877607772203 0.11961753062535 0.0496776023500758 0.0996472424807775 0.111655786341384 0.167516728777041 0.0548071043708804 0.1652461399578
0.101694886376025 0.141657985082857 0.0409828133975843 0.0135930919986383 0.0990611437679738 0.00351441966588941 0.16632629989111 0.139295167477339 0.123494613623121 0.170379578719461
0.153764945917625 0.0478205457226802 0.0933950843243968 0.000922473006963859 0.0676541886027546 0.244125922587298 0.0215291679432779 0.188937280079441 0.0424435980324118 0.13940679378315
0.143330162128037 0.178505859728472 0.0160614753223129 0.0126565836142917 0.198117893314149 0.00206304235882816 0.173073902256002 0.135263334596148 0.0621719717056951 0.0787557749760627
0.209845709031403 0.180956311084245 0.170875699927529 0.158468087841428 0.0900040688566231 0.0491177529280096 0.0151971719389508 0.0335477666843478 0.0271351736562533 0.0648522580512092
0.146264260091959 0.0646396070198351 0.169428276166098 0.0772199769188227 0.113121518728511 0.0285796805302499 0.0112528854654414 0.178185254009354 0.102629098658119 0.108679442411611
0.0625140498947954 0.0570547633511062 0.107227839517668 0.0907758137643441 0.181598506440204 0.0977694774341783 0.153068123152798 0.0412132661045849 0.177115148023104 0.0316630123172165
0.162629664557617 0.0223929314897376 0.00566575166198377 0.0824934736199076 0.0670746608407626 0.0691056551512407 0.0735496325558656 0.11510920680653 0.179329856575905 0.22264916674045
0.057153833214503 0.0261230571372106 0.112208295318046 0.119344363204567 0.0503939272455041 0.172671478443442 0.142041868627781 0.128559405641187 0.154755454418253 0.0367483167495065
0.118014162476121 0.0639608498637123 0.0679975795420376 0.102660911062881 0.101278644461654 0.170160485304181 0.159119923574606 0.0378283866732591 0.0167712765318253 0.162207780509722
0.118503594117656 0.116238565412888 0.0797505654626468 0.0707923901195952 0.132771267092732 0.0861148392260508 0.0105380861026879 0.133381693109555 0.115135985710112 0.136773013646077
0.02062647437673 0.111945655273004 0.129701888212575 0.0411597675054323 0.122928006710127 0.105878797103604 0.107333140658783 0.125447548159656 0.157274190355512 0.0777045316445766
0.0582519258266633 0.196375291981086 0.154172379993327 0.0202342202962332 0.00780436527250486 0.119568687111731 0.130772591376671 0.16319381600881 0.021286369038259 0.128340353094715
0.0336568630053541 0.0228907526192109 0.139017453162381 0.196770302158635 0.117332754069629 0.0658921044760801 0.021852944672857 0.074878729002928 0.21307835459998 0.114629742232945
0.13390823182039 0.203288955806871 0.0644482640110699 0.0840644466606611 0.20199081731764 0.0122377481655204 0.231057134481613 0.00717570610941443 0.0501273142249004 0.0117013814019193
0.168490612834171 0.00318455945507038 0.0960541739562197 0.084643348835455 0.159019225664008 0.0287761004700238 0.124302910262169 0.0678407723764955 0.170793014835115 0.0968952813112735
0.132271943309771 0.0274273139695572 0.176487635498036 0.151936430593016 0.0952934856773796 0.0182112594663505 0.165588062543325 0.0214198137089324 0.0667613322847012 0.144602722948931
0.157213482153952 0.113667688233928 0.0118332473371768 0.189843917873897 0.0109246026389871 0.0840346388761623 0.147829421784423 0.0706498480695816 0.0737096408298596 0.140293512202034
0.133042238805288 0.136651803539932 0.119229133128942 0.0798320977520807 0.110449168092043 0.0059324128207086 0.0606698928161386 0.128620375422132 0.133557500367354 0.0920153772553815
0.0381586062569014 0.168783594343171 0.171493185371414 0.00519746118667805 0.21857094174841 0.0484562523226371 0.0440456623050623 0.156975417507517 0.0348159297847082 0.113502949173501
0.0357349552059956 0.101833377028158 0.0887543687605135 0.159229944520028 0.154815000616745 0.0825431246108071 0.05115855536377 0.0905882530040527 0.0925187172983433 0.142823703591586
0.143973176163202 0.0198189978118234 0.178231813406524 0.116179746743061 0.190080363837001 0.171133984866312 0.0279554772176594 0.0683855232008694 0.00505245436432744 0.0791884623892197
0.149306356811479 0.0509628954104766 0.00216857571750984 0.111423133202717 0.181656262871311 0.0315565349243826 0.156299463438784 0.0248101515868505 0.189267905858493 0.102548720177996
0.0834906423659452 0.185473534142489 0.115729977356079 0.130871951321099 0.0769255525134909 0.0274005453076671 0.0835467854620776 0.186280084123831 0.0214500796339671 0.0888308477733542
0.0619163425290199 0.0920229600199533 0.121686217980301 0.155724732243279 0.157940099131298 0.139694750442591 0.126667304288263 0.00548088186632453 0.0618297634864236 0.0770369480125456
0.104788607969169 0.0970829118229515 0.0352204537887482 0.0521341215645421 0.0315492901178718 0.21522336626852 0.146366074828472 0.000412646281806158 0.10386389104769 0.213358636310229
0.114569300672068 0.113600192779557 0.0592184541002286 0.0944826822543432 0.109737145257411 0.0626484939961904 0.155122658731038 0.115695668538631 0.0539188450449572 0.121006558625576
0.0747649355743813 0.128868109251786 0.0874513095788452 0.0106712047578179 0.0771058047364355 0.0648805253260236 0.157941878660253 0.195655097280216 0.109646038272057 0.0930150965621844
0.0120620584105913 0.118253804824277 0.0419955389862044 0.165296769786462 0.136463329166 0.111040820510708 0.0443693249999992 0.143405574719239 0.107350069768753 0.119762708827767
0.154168091524088 0.0186867788068024 0.00524508858771527 0.158495853005508 0.165394174155749 0.121360061460485 0.0973404790818066 0.166513899995913 0.0407452045003881 0.072050368881545
0.101203699934829 0.176991628531447 0.0371388681666603 0.105497084218243 0.00688588864602764 0.19674712095519 0.178193066618772 0.0358057480757573 0.0408062742241528 0.12073062062892
0.0325400625949662 0.184787036823895 0.0116342035084831 0.196708958225265 0.15635266089904 0.0987109040321452 0.0505866182349531 0.0906555691171353 0.128599758809473 0.0494242277546444
0.0715775738428972 0.0924692092179839 0.068991774675715 0.156723959315435 0.182004650812782 0.0600820876441472 0.0597286280480158 0.0245955111417369 0.0641235297783114 0.219703075522975
0.0663948429963731 0.114682460385753 0.0424111604293377 0.143416311464086 0.0620570251723917 0.108359278538326 0.123704008752048 0.165626683405455 0.0335558403502916 0.139792388505937
0.0130704291161137 0.121736813545867 0.135799583747951 0.0822785717466662 0.153239364773272 0.0649715167406166 0.165095387274033 0.0640625910139665 0.000655956683661259 0.199089785357853
0.0680751793797221 0.0981821454793383 0.0632629194626353 0.00310827521295487 0.159965544312979 0.219422883106912 0.0498925980172563 0.207122593118119 0.0697927168510306 0.0611751450590524
0.115218553675759 0.117925665141959 0.0986578090637863 0.0693677820750306 0.0634600394867044 0.15739367836968 0.0973414126945234 0.0556906128903178 0.0747645493465228 0.150179897255717
0.138101448692382 0.133142230489059 0.0972243563715679 0.039876332721948 0.112664056122591 0.0390510875263641 0.15692276141193 0.134604421189549 0.13297882632993 0.0154344791446773
0.185154687155677 0.0585954726272344 0.182431685330221 0.126567623190255 0.0842777524670117 0.103252387352495 0.0946767751962079 0.0208160781745922 0.0700665468663005 0.0741609916400046
0.0133798615289494 0.13460688193487 0.112374103836936 0.117001108358941 0.113281987447588 0.0369862391562393 0.0942532322897443 0.134648833713499 0.126744790337202 0.116722961396031
0.112993945739437 0.115314707633704 0.150780351885786 0.103018810700076 0.103303912531425 0.125003916779935 0.144650341562453 0.00119997216256971 0.00735223612439477 0.13638180488022
0.158026687580734 0.00422065132372381 0.191830593400309 0.112510485178986 0.0471075425493521 0.112807446588291 0.0816017585155499 0.200147220537561 0.00443211707056881 0.0873154972549234
0.0246471526325959 0.0751905031112713 0.12710248167555 0.117106210809325 0.247192212704111 0.114891630465625 0.000922694747009361 0.0475665018691399 0.203585638551483 0.0417949734338892
0.142754253985681 0.0871455143040039 0.0591167888457294 0.0661220247669243 0.0721257259770252 0.144754334287064 0.103157947811949 0.1331387668513 0.0636204652676436 0.128064177902679
0.0374097665679457 0.0268474597000056 0.110345361182735 0.179074886409618 0.138993547189986 0.162719185694169 0.089651992870897 0.125212094803501 0.0592064399557335 0.0705392656254095
0.0648871687856196 0.0325511898449722 0.220353562003216 0.212760244881565 0.0277337868853717 0.0231364303579514 0.0587255371181349 0.186202132426351 0.150397645020506 0.023252302676313
0.107246853481234 0.0790942743617346 0.0712933556958926 0.0460816185853828 0.171807164928949 0.0510478848418313 0.198966475655257 0.0120418710554014 0.0479820331748601 0.214438468219457
0.0660715898577169 0.177487608502625 0.0602771985309995 0.0204730419548399 0.171087885500169 0.170569483173021 0.0359879151767359 0.0727805458300358 0.113068865116836 0.112195866357021
0.0841628356001518 0.0185601089235969 0.0501091445458384 0.121849376831963 0.144665619838037 0.120884241188125 0.0756121334484322 0.131065658026027 0.121127655865915 0.131963225731913
0.158449150769646 0.166642278284334 0.139333108606654 0.0696651742640545 0.111195223556334 0.118380394391731 0.021628581005998 0.145365064141565 0.0369121516214556 0.0324288733582274
0.100805659251983 0.038606405472567 0.203497637544328 0.157724490907657 0.0883747218459571 0.141027711873019 0.0120091061894786 0.0740769927956865 0.0854199725312806 0.0984573015880429
0.0440655348843743 0.0367694970715708 0.14670792004592 0.0805995145153295 0.0191750919215234 0.170929111027619 0.177917427242221 0.158566665827577 0.0646772325531723 0.100592004910693
0.0979830761088371 0.162707386483397 0.0558504045262094 0.0680502391139496 0.148645501249123 0.102704556637152 0.0400085379379153 0.0582962094607963 0.182208272927199 0.0835458155554222
0.00183833242887107 0.0367348480968637 0.163974026888496 0.0465883390085798 0.308850640385161 0.0238132000439471 0.143157583945606 0.0927723556524651 0.0247321914486281 0.157538482101383
0.0822238733058649 0.00483888203155473 0.171338442295808 0.0156049696453658 0.142464215146207 0.128485230606984 0.00196144184171533 0.17854789426184 0.169912462559275 0.104622588305385
0.0560542091004873 0.144615871035096 0.139586774183573 0.142650427557133 0.000378676492180953 0.134414319825191 0.0974520271640627 0.0904512737081979 0.137675037425811 0.0567213835082684
0.125158711238326 0.0349703150027933 0.183173414179711 0.0308940189058756 0.0737020232930199 0.0499090293962759 0.0991824855273154 0.0774350864123588 0.129150651686209 0.196424264358116
0.10179626519366 0.152867056091173 0.0498928139155869 0.0890374416657104 0.0147440354446133 0.0270508836860884 0.133282610754811 0.153755899899546 0.151455360360187 0.126117632988624
0.0492352436969536 0.0783848179687949 0.150830762264452 0.0605450232694363 0.0231947735982301 0.136786727217408 0.0750127726033955 0.167831249055421 0.0896972448373639 0.168481385488545
0.146519244473185 0.123996499487997 0.115768891701727 0.138053060749239 0.0228719255988851 0.172108990345787 0.0792753400776623 0.0664101237407511 0.0116824065758293 0.123313517248937
0.16592287000674 0.153525385179656 0.0279033898874979 0.0605470066323441 0.151754481031452 0.0958551047483653 0.0393703894193174 0.169072660732639 0.0491792722271114 0.0868694401348767
0.111943234977797 0.0852156553170887 0.197279559097599 0.197296464788987 0.0445399773808989 0.0112716195169583 0.216159888508218 0.0402821353249272 0.0937220836454238 0.00228938144210213
0.130364620173901 0.0609008931107857 0.147191237218864 0.0316256904600916 0.0472677821867119 0.01976297170238 0.112746962579721 0.095836583053092 0.184091433101567 0.170211826412886
0.154062293606177 0.0440307916775832 0.0492523048832076 0.169981833287555 0.135946227938778 0.0372602156283636 0.125886928117489 0.203450998043419 0.0219942038206708 0.0581342029967573
0.172797438057885 0.139150573526523 0.0982111054885704 0.147921383614919 0.144052797747781 0.0850573496010797 0.0534334594046372 0.099586796837605 0.0181896979683684 0.0415993977526317
0.111415841381115 0.0875507271759367 0.0278543440690471 0.114523933696899 0.0572373791919086 0.142240955897938 0.0476355723975899 0.126938187430393 0.149327726910721 0.135275331848451
0.163083950411932 0.0546123721348705 0.094066386564411 0.0448679095246361 0.0252486135532582 0.195648570867427 0.110819563646123 0.18893676939294 0.0352784102165697 0.0874374536878317
0.0916228896027854 0.214571878496082 0.0538263027233542 0.0478083651619734 0.0811072470426984 0.131820839629009 0.162983575727937 0.0620980410750291 0.102002956163831 0.0521579043773007
0.185856294667831 0.0897078746133844 0.0487018737682041 0.112866835483295 0.00515082955592966 0.131932029377324 0.182925143604132 0.157688307620419 0.0713965118876444 0.013774299421836
0.130701422578429 0.0913136786843498 0.0796875366839682 0.0978792150890337 0.00708266269532731 0.113412261813326 0.206394290819478 0.100691664680281 0.147467219145589 0.0253700478102187
0.0740321038566815 0.116981552232769 0.0587415098521554 0.100918128733612 0.012418425817063 0.0723373746922362 0.0760910974653078 0.253061986133813 0.00437022183601488 0.231047599380347
0.0367202815711454 0.164513800271791 0.0543255677471664 0.0929764226772528 0.148730342522483 0.0386341990401928 0.0605527958376171 0.1622532654757 0.138747081869328 0.102546242987324
0.0934892648670086 0.0981197733171131 0.0791244839060633 0.0787278673789772 0.131821911415936 0.124092574633918 0.143479077119796 0.0651546665937492 0.106623425851401 0.0793669549160372
0.110801973201581 0.20829814316212 0.0603652724481734 0.027980435038799 0.0602551000958463 0.0154372561192235 0.170091777860386 0.164123542321854 0.0298322789333558 0.152814220818661
0.0375977925986873 0.166752669979057 0.142309431901707 0.0045035022732878 0.170202081634619 0.0429328528274984 0.0770042276064708 0.170370165346627 0.180439022997795 0.00788825283425106
0.0766730451870289 0.0447013053793576 0.156073522680075 0.0256962063910791 0.138714104887725 0.061127604971107 0.127469322677347 0.109056312662775 0.0911395192351966 0.169349055928309
0.0139410749025339 0.117389019636106 0.159077493274022 0.014838308154352 0.164545382293136 0.142746646062512 0.163186654034587 0.112776018139644 0.0843811798376711 0.027118223665437
0.127085318215794 0.181812116361563 0.107577816148704 0.200611655216035 0.0704680226417569 0.150462554552282 0.029152876656876 0.0661473310509299 0.0560443026082806 0.0106380065477786
0.118561872200872 0.122007748045298 0.0836176097102569 0.180885379427925 0.0949609689641221 0.0810336388374082 0.0240526350245325 0.114850874819779 0.0662810772820594 0.113748195687746
0.0575567084027507 0.134514101820338 0.0451848071050033 0.198811776994685 0.0201711781725677 0.191682467469652 0.0464295241539934 0.182467753687257 0.0546859257380703 0.0684957564556827
0.0784102248911679 0.0454201128484952 0.0960724673512822 0.161844404359206 0.0962904170631947 0.0889963801659292 0.0228001340979059 0.145786001274376 0.170527103177632 0.09385275477081
0.122524580110567 0.125761701531141 0.101153467589328 0.121890034829899 0.0531241322833008 0.0750654083861965 0.121914217252572 0.0919927716871296 0.177889484983116 0.00868420134674977
0.138287363893696 0.0982696352116383 0.126924180434738 0.075604280989186 0.157775521731352 0.0642593027725964 0.0547389425514221 0.140653719496449 0.126354978993301 0.0171320739256212
0.0841578446005872 0.110413111989342 0.0203809360815838 0.261745512647541 0.0101917268210245 0.128347455689085 0.0522143108378883 0.0464466175236639 0.216036292355245 0.070066191454039
0.156018155410436 0.0881306718992496 0.0908656302229514 0.00746150307694121 0.0726147111738591 0.104945017785695 0.109934913572259 0.1221856782018 0.1306617773651 0.11718194129171
0.0333038180407263 0.0885298753567199 0.0859649045040937 0.00560787096935115 0.0982253061725153 0.229795122890951 0.0699982354310874 0.0400635543591962 0.213223078854511 0.135288233420848
0.164550717006526 0.038571574387164 0.187020666473577 0.0381509617545296 0.0341402891850815 0.0754685888802641 0.183612776928897 0.178797485217192 0.0031055390314674 0.0965814011353017
0.111916923386395 0.108618502152052 0.0520864051657758 0.0559785648271451 0.0805341865146887 0.181488501728114 0.115062259054895 0.00590219883299736 0.23251122218874 0.0559012361491973
0.173750281449562 0.0504356116832143 0.188620741856083 0.130282405432425 0.131852093412949 0.0647768596482662 0.000892967990029043 0.18095820973512 0.059417397489642 0.019013431302708
0.0195662170177319 0.0238545828682526 0.127766739131101 0.16525962905644 0.136240522351866 0.199578937052585 0.142997328556935 0.153069542452608 0.00750114636195257 0.0241653551505284
0.107774788427945 0.0709731878957884 0.0778437336986415 0.1468811861332 0.109377381866824 0.0891959822431126 0.0932287805219696 0.0454991282550922 0.1201673993645 0.139058431592927
0.119843330218056 0.0748771495145158 0.00154063726094935 0.190172135486841 0.027888833943156 0.0730487026842953 0.0911263976852419 0.180549628292429 0.126557044618539 0.114396140295977
0.101383717463015 0.0837375986987471 0.0765466200150144 0.110013471911878 0.00797482531514431 0.175742172120953 0.114341416666558 0.0976230271776998 0.0642923973272674 0.168344753303723
0.131776772213313 0.156298572329224 0.106634498954921 0.121232392037415 0.0864918076412683 0.0896089483675785 0.0335263345446708 0.0682082503328609 0.0410899404170677 0.165132483161681
0.0239775068701077 0.21859243725034 0.035514340759322 0.0622456839172629 0.179403657423731 0.00867890134057504 0.0441103784930712 0.000180912444515094 0.203885990691618 0.223410190809457
0.0891067997610256 0.108889841236785 0.1118303936662 0.107165502143404 0.109194338658716 0.111813314836036 0.0612811837689782 0.120308281973688 0.0907028808012843 0.0897074631538826
0.124458382307691 0.175279055570606 0.0124546962341077 0.205125669216092 0.0950360900132691 0.10193442525617 0.013567882570079 0.0604517968078554 0.0127306270857791 0.198961374938351
0.0500308423101763 0.0278407211944823 0.156736343672719 0.034399842841842 0.148722659147028 0.147785147454963 0.0526691433980558 0.14953933561675 0.149313126377851 0.0829628379861332
0.0110222565151943 0.0103006471517324 0.174785804221477 0.157990980251959 0.0732781807859639 0.193386437446865 0.0415303916066874 0.109759781655873 0.161149411958275 0.066796108405972
0.0492282521451785 0.0437748350116223 0.147939225382164 0.085092764707264 0.112064500037696 0.119156162796642 0.0614317790726578 0.113208606229523 0.183091755371906 0.085012119245347
0.156111918783824 0.199739028915701 0.0024027403929569 0.0932261214220447 0.12827847523825 0.199224623136084 0.0629012361469891 0.00398267056736835 0.100620759773786 0.0535124256229956
0.0560128449920057 0.161227201002936 0.143676684551893 0.143788355143214 0.0862441250972836 0.0515136319526411 0.0945849071954526 0.0652629761601155 0.164567583557685 0.033121690346773
0.134502092675237 0.138821159467268 0.106103601791684 0.123242479736101 0.157073166778641 0.0966342200542365 0.0846167409576659 0.00255494338144985 0.00194692044361499 0.154504674714102
0.165863066087668 0.10362935943041 0.0652519291622841 0.0108263125567243 0.0345534967941421 0.0828761808102314 0.183632592867847 0.119707710859917 0.127950525917409 0.105708825513367
0.0909040057376942 0.113549656937298 0.0480324129579364 0.0204255686424313 0.22368534034159 0.131268546839193 0.156843802737401 0.121002214963642 0.0611281632863658 0.0331602875564482
0.159503904995414 0.0252150474222326 0.0400155333204306 0.0851069509775422 0.127521812501358 0.135761737406842 0.153538010675519 0.00892561031520938 0.126701325115766 0.137710067269687
0.18697561062272 0.172299093046783 0.044902114149762 0.0111892052979101 0.11270437323797 0.0495235736288207 0.0794324683092754 0.174217986293403 0.011441889071545 0.157313686341812
0.151884056447354 0.04464285616613 0.165694963597494 0.0290779785401473 0.0888767934129262 0.0613096487979611 0.133078462512445 0.0811460120415054 0.150411814433668 0.093877414050369
0.153650200736351 0.103039810485917 0.0669169105337544 0.0891387916186512 0.0351895481733681 0.119739563643436 0.121536974497542 0.173891961404223 0.0480559844029924 0.0888402545037648
0.157512782379146 0.135388129028734 0.00615330424612468 0.125235482496174 0.0831903060469228 0.0863469515187416 0.0443012423338817 0.0792170443520405 0.13373557008933 0.148919187508905
0.062089543402698 0.00106052710780978 0.0456684776041578 0.100222818675495 0.186391161489594 0.145514868681914 0.0511725806875218 0.166025037276839 0.0125508618845322 0.229304123189438
0.11969104265564 0.0281892709292531 0.0415060759772624 0.0490658900940816 0.176871771113631 0.122403992402934 0.199404193708786 0.0650984190959703 0.0354014339511602 0.162367910071282
0.123359947614481 0.00450688821066188 0.232460534275499 0.204632269602799 0.0370754655746756 0.112881320813137 0.144375188731096 0.113760495162816 0.00459303171970721 0.0223548582951269
0.106320302233377 0.133450331645082 0.0163350204737859 0.126102136741511 0.107886919409054 0.140218426581822 0.132373752124545 0.0238323403430085 0.139701517061327 0.0737792533864888
0.0743071546576058 0.0749181574731959 0.136709954215128 0.235509817277852 0.0833994255238419 0.0535972162175811 0.120871116160582 0.12310895706445 0.0795697936855679 0.0180084077241943
0.00628333014687516 0.189797343701839 0.100398734356038 0.142125434459793 0.0410414103586514 0.0908398886714706 0.120447336091076 0.0937751133815761 0.197660278258746 0.0176311305739349
0.1242957759847 0.0882420168573392 0.0911975799652355 0.148215540928537 0.0614350081960751 0.157298518764038 0.00239406387898415 0.0595615380978625 0.172093101406924 0.0952668559203039
0.187703577219522 0.00599654911893659 0.0024570064423183 0.19938185697048 0.167503428520858 0.085625195880873 0.0738173697197501 0.119594793962629 0.00316040098225628 0.154759821182376
0.0543954042276605 0.133999082007947 0.0643095836492184 0.0997574064911633 0.143559989398997 0.137738621664967 0.0901971977827975 0.0959099408315125 0.150677282425542 0.0294554915201956
0.0281227231711028 0.122715308247387 0.0845479457917504 0.116843536434475 0.0440647766090251 0.0793879757089572 0.0528108479789811 0.102212634855139 0.210025649175139 0.159268602028044
0.169166367011917 0.00154078218894452 0.111602729640646 0.0797860329480477 0.119572991368542 0.126391471872155 0.0926156256669813 0.0330555920140606 0.0878026420749175 0.178465765213789
0.103198738745507 0.0748063054034034 0.0102149751617286 0.024515852978646 0.0315724521993964 0.154537622065805 0.180582927229932 0.189832709940746 0.0967640013710298 0.133974414903806
0.126520983337017 0.0734328663571096 0.0212725659289192 0.157668841925601 0.190576114733518 0.112597140829036 0.0256632513745579 0.0082401611372958 0.0956406312102273 0.188387443166718
0.100439584994337 0.0185278789852925 0.123881859096496 0.0824876778728603 0.0555193628277431 0.172634274748226 0.15591249779518 0.0871808188851717 0.0866999123855694 0.116716132409123
0.000137422592065802 0.0998763412796823 0.181016647048933 0.0912670523796068 0.083368793951636 0.196137927688557 0.081924434230907 0.0581274403549304 0.0170875438184012 0.191056396655281
0.0276559809103526 0.137602283308129 0.036533217343651 0.0905840049362776 0.0647511818064909 0.178029745625046 0.0704689802862757 0.0952079252063449 0.167696655726512 0.13147002485092
0.095900429667113 0.0521909239985504 0.110660413851175 0.0310016524327789 0.0709353718051589 0.150691123690628 0.08285598471227 0.189522038226787 0.085334361866486 0.130907699749053
0.0876204888761914 0.00941347077293503 0.038531720398282 0.127899040807251 0.115798514310226 0.0938636483562788 0.21543998634755 0.107757118973279 0.136892899546235 0.0667831116117716
0.0280581801434552 0.0951421362826178 0.130708262286937 0.0228125224038424 0.129172755863828 0.0407946975994481 0.156148567177373 0.0922745015748822 0.158633061632629 0.146255315034988
0.0784092721196915 0.149850739698855 0.110550618291227 0.100551891344364 0.0141849723571989 0.0221361620272367 0.215364932221993 0.134619942927659 0.144795871862539 0.0295355971492358
0.0293739900155102 0.132593430990867 0.0799920946861756 0.0138463690917131 0.0556235012658615 0.187354693336437 0.143011080356017 0.0776740508421868 0.192300420642227 0.0882303687730046
0.0174306803408877 0.107115257878191 0.0931681626151184 0.139378982001992 0.105926691484025 0.00415919669614725 0.13294120860968 0.0607789962934868 0.186344690522979 0.152756133557493
0.114606256369132 0.105762690525809 0.0469602665232281 0.0607188574785137 0.0696334495758171 0.100073343728722 0.145038235766649 0.0947211747784107 0.147389250863076 0.115096474390642
0.0926829224513241 0.106914716259123 0.102630751488208 0.0721157654454673 0.0790222871253434 0.240448343368407 0.067237048355577 0.0398443827629408 0.0686590520524973 0.130444730691113
0.139707312113648 0.119251697189481 0.124982903269267 0.0750340512381411 0.0716221680866825 0.132724419203907 0.0231391953521171 0.143687103447004 0.0654177939512502 0.104433356148502
0.0448930935792353 0.00268140922835023 0.175519984977849 0.201745021155812 0.181041437405504 0.0776721727048868 0.00161062724465193 0.109593198518339 0.121201095721178 0.0840419594641931
0.0234529561055078 0.162820755173372 0.0236114206500596 0.122360905694787 0.154652651322438 0.145544879145908 0.0752113983131208 0.167325410968499 0.0395139562482781 0.0855056663780296
0.0974804982838419 0.0948569514335151 0.140244736214628 0.0744287861675703 0.143660835546307 0.137062821070989 0.0884910319865389 0.103701834421153 0.0850450635479185 0.035027441327538
0.0722359943799475 0.0427250225742237 0.033488644034055 0.0314067274328097 0.215324613025292 0.200639343444488 0.0123651967391409 0.159486428615218 0.081071660002662 0.151256369752164
0.0878634657287358 0.0330467426575572 0.160378928167619 0.00768602335922137 0.127498966442994 0.114227407336262 0.101789888506288 0.166936164974702 0.0390768510566239 0.161495561769996
0.0609133431809177 0.163901271160868 0.114008776573833 0.0997893253941956 0.129816457996594 0.157977863801278 0.0142336695576805 0.0647905771062284 0.0663196945553603 0.128249020673045
0.0446165859128137 0.123637239645011 0.0336194348997127 0.0878910583531029 0.163289546383735 0.122154076921769 0.0833978416218444 0.0163533380018618 0.216042525942319 0.10899835231783
0.061480468915757 0.176460701771439 0.147041924206746 0.0126331597159845 0.0160207542502068 0.232071798733582 0.0432991607749719 0.116651826159792 0.0877784604898728 0.106561744981648
0.093547836539068 0.0717787897401616 0.0860030561781065 0.0410069684366646 0.180504418397393 0.171194490309929 0.166626954235759 0.062586754290538 0.06331428191123 0.0634364499611502
0.0895352151873375 0.127868139642612 0.103042692619374 0.100770915703072 0.125102166614124 0.022245497029404 0.137965427629701 0.106465634636677 0.137187366504525 0.0498169444331748
0.0409700587953205 0.043317710292848 0.174350503252476 0.127163530345762 0.0953948739790457 0.21972786828522 0.00983520729129949 0.159907276920375 0.0169620316428252 0.112370939194829
0.0780567883027954 0.129721086679136 0.179623648590039 0.12522631325974 0.0549547062940591 0.144739571614716 0.0742823863988085 0.0436434332931162 0.0750436845501077 0.0947083810174812
0.186305742393783 0.0177725572219023 0.172980454030404 0.0616856962942257 0.0915302847550959 0.0655183927208154 0.166842817157276 0.0534057787416869 0.0785813954785492 0.105376881206261
0.0873652165683813 0.127289871271095 0.0263307296989545 0.112689894806428 0.120582405174799 0.0194955672739824 0.168630979931656 0.0496804037560648 0.117173449886226 0.170761481632413
0.148184122934393 0.132940759509334 0.183921269619137 0.0433057161190844 0.0133802013774149 0.0238010494814755 0.0424838243362395 0.122227273321783 0.201415815394419 0.0883399679067201
0.0600044481716036 0.108440905776205 0.112860700372671 0.122217191906144 0.113973807750144 0.0768333677584129 0.11109899299649 0.120728721550013 0.0805818271449866 0.09326003657333
0.0468705882559439 0.0750936254452057 0.17572627900995 0.203657844295135 0.0344936441960793 0.0860407966068021 0.0591472354541086 0.107118241121578 0.185098748041646 0.0267529975735514
0.18164106010428 0.13378367114936 0.175734250271927 0.151561201062395 0.0688246984245076 0.06867837377345 0.011647577387591 0.137626031009781 0.0349575731859125 0.0355455636307963
0.049041416921795 0.173694640233371 0.0889728229173947 0.0820154646125638 0.174121476409589 0.0688573075848736 0.165664118846617 0.0386503040406836 0.117300049132515 0.041682399300597
0.0423697069187029 0.148856616288624 0.124100314125225 0.036811460799188 0.104214897363323 0.165466995572019 0.0457611638814531 0.135605597815212 0.0459618077147797 0.150851439521475
0.175473218535346 0.0824900497602815 0.144015949289473 0.0942621355572958 0.055833668866122 0.0521356992146536 0.168370570799195 0.150569406962818 0.00682390604998751 0.0700253949648276
0.107919379261143 0.0854952659804189 0.0397339064257386 0.11671956856922 0.0134054874709607 0.0704024888053376 0.150501735886474 0.155361930898649 0.163655274302983 0.0968049623990754
0.139637994902506 0.101690182941219 0.147958845316958 0.0795095306974982 0.0614063882162891 0.02168029472375 0.110785965800065 0.127038819586338 0.07149504017245 0.138796937642926
0.0196994173183862 0.151092667362074 0.110247394618222 0.0736730644392697 0.105074260051298 0.0662552930064474 0.151678065332052 0.0923224196538217 0.12424942707393 0.1057079911445
0.148043015453892 0.052122555968771 0.16398549849443 0.108897265832919 0.0967660485956683 0.12930911413754 0.153587266722581 0.00629451192535406 0.133502579108528 0.00749214376031512
0.0957817795360881 0.171329139055252 0.173720101957321 0.0621000206919393 0.117037840334956 0.00232679228082322 0.0275923591775271 0.158934221706094 0.100923459990645 0.0902542852693541
0.0986915852425421 0.133775956404229 0.0450597796988257 0.0246525201601867 0.111146238541725 0.182173169135872 0.15346795111583 0.103544358876246 0.127314495871644 0.0201739449528989
0.0956774018478563 0.10313868983679 0.204268432966701 0.0103631524901808 0.118571799629027 0.117876908736865 0.15330635465319 0.0624634842936509 0.131671895467798 0.0026618800779405
0.112375961732067 0.0506710124575513 0.0450319810369055 0.227502547649057 0.0462033798201674 0.132651366287499 0.108821112193424 0.0771343614034896 0.12351875842424 0.0760895189955998
0.141822856925958 0.108166392778995 0.0616128646573869 0.174198022237795 0.160848967202476 0.109358721362104 0.000263532614842809 0.048701334403647 0.0508512989916619 0.144176008825134
0.0524232931046456 0.189285433991296 0.070393971539534 0.0794947885797855 0.0129891141061264 0.176747798445993 0.185580980695222 0.174109472178091 0.0576586559641401 0.00131649139516673
0.0257929354593433 0.150276797443761 0.0973031275311051 0.038870747072348 0.10585796110272 0.140550819938611 0.117118543942981 0.0671712096011741 0.14014367479439 0.116914183113566
0.109087768217698 0.0660442399283828 0.132845892076564 0.102263743748534 0.0915680224907108 0.0958888047370087 0.0732821210128785 0.139649385551088 0.064493006373171 0.124877015863964
0.0712868616653155 0.0285085614142824 0.126290096672754 0.225896526915005 0.00157300771329139 0.0213535168676937 0.213805427134318 0.234835270831368 0.00612995951264153 0.0703207712733304
0.137476785006741 0.204189690037179 0.0111359599329342 0.0133473094260266 0.1140411631715 0.209781075805864 0.0536080702297069 0.0783292391801988 0.0360432182801928 0.142047488929657
0.00116019284816529 0.152466440287431 0.18521006102314 0.00596337250894237 0.0238938441887555 0.0848523231069055 0.102104865992966 0.199389898620485 0.211203650496358 0.0337553509268516
0.0856858763603033 0.131601286688014 0.028119887149576 0.0625360886476286 0.0927334204273054 0.150951024914028 0.113944596219275 0.107378856663629 0.0709575203164009 0.156091442613841
0.100498929432179 0.031298692793799 0.169986872723988 0.105370152440872 0.177097233540853 0.183041031822825 0.0708910258371243 0.00166108107720022 0.13506005431018 0.0250949260209798
0.0692471528594327 0.157952957077075 0.118024317559848 0.0679988999235588 0.0478165375463836 0.147916789680028 0.0214948063408523 0.143435620608139 0.11758591480565 0.108527003599033
0.0996287343471827 0.024235865751586 0.144268023977421 0.120094464499674 0.0547047956229666 0.0643722787881862 0.0539899564450492 0.131963850690579 0.152180551943723 0.154561477933633
0.115205286999755 0.117226159947778 0.0492752726535293 0.0223931710231753 0.0698078492103962 0.156522214393493 0.204614311898528 0.0655162556653814 0.105520641223131 0.0939188369848329
0.0420421432000256 0.132686687837484 0.149711358624753 0.118569933801783 0.202092824240697 0.0356838260693224 0.0793194797440348 0.0449882558195976 0.0284107515098579 0.166494739152446
0.125760696649686 0.0829100115149718 0.0789650008010172 0.0298240941726632 0.142898553483889 0.15149482607644 0.150266820288957 0.0756055824456183 0.0222689061630306 0.140005508403727
0.117926079023421 0.144331722557259 0.0245782372517004 0.0330162004464522 0.168832955492104 0.132079226943798 0.249184329969079 0.0521792348823479 0.0129543004266633 0.0649177130071757
0.0166963890387385 0.114606963112864 0.179723710371472 0.0898477238174882 0.0738675788815227 0.129339303677909 0.0418060488238179 0.14939132023777 0.130118439521774 0.0746025225166451
0.134067490832345 0.146385844520737 0.120925400792578 0.0531094553652421 0.0730280247110827 0.0867499437011948 0.0113299448064259 0.151878810646147 0.104745267324807 0.117779817299441
0.0292969250913827 0.0732155748048522 0.0647726454337107 0.162634347842342 0.00764543260333971 0.114303299351668 0.177745000566536 0.150410269348233 0.103485023320219 0.116491481637716
0.0558324882151611 0.0488607995196159 0.0724804190559403 0.0813552659487301 0.167678565497058 0.163925496233219 0.0546985661213757 0.063224922766717 0.118532660736023 0.173410815906159
