0.197638590302422 0.160574483962623 0.114662063409542 0.0750207817738389 0.148225438171933 0.23931398928643 0.064564653093211
0.16795052367248 0.212700955375361 0.185613832198018 0.118631396509887 0.0152483859121578 0.128483716056592 0.171371190275503
0.112893822715692 0.0304361183985424 0.151955258036145 0.113568631598344 0.384701109543367 0.0249036725520432 0.181541387155866
0.140441967900278 0.0725843661068154 0.27710820038405 0.146628753509656 0.14268960891406 0.132071230712463 0.0884758724726788
0.138934808882637 0.183626681464201 0.0354133858190879 0.0591205325397023 0.0560737860687284 0.30734116903095 0.219489636194693
0.29494895623603 0.0411146081794415 0.053893979113 0.175904419114076 0.101512770339793 0.253234443885812 0.0793908231318483
0.092183197559545 0.060358870760029 0.0453600782093898 0.191186380014009 0.218486315030984 0.167708765588935 0.224716392837109
0.0829799294389228 0.174228523688233 0.196031965270656 0.263705410775892 0.162565910598741 0.0538523730069251 0.0666358872206296
0.193957573587153 0.192681093348524 0.0423244407675732 0.15517791912525 0.159157399549725 0.166060211790804 0.0906413618309715
0.0228226363450447 0.162011409987265 0.043259422853751 0.190612131311769 0.247510995119911 0.223382153201959 0.1104012511803
0.155095841913249 0.188527234884735 0.169543858769414 0.0436962312069888 0.0381378071219757 0.133712748232368 0.271286277871269
0.0680855828371886 0.000794588119949818 0.0535916628897118 0.305936046469306 0.239456034921302 0.0448731055024125 0.287262979260129
0.149819065454619 0.0211109087462096 0.295063946998319 0.239925359391961 0.0278982764797975 0.0149894205450796 0.251193022384014
0.0982685412907931 0.239216551838801 0.0580771013397407 0.276396946463227 0.115619167767167 0.16807684866099 0.0443448426392806
0.189343931891512 0.27927419890759 0.189820909760161 0.198260794546226 0.0205229866811925 0.112114275033954 0.0106629031793657
0.190694895576249 0.227124571638428 0.052382043985382 0.161821648731253 0.122878543196018 0.131446247817261 0.113652049055408
0.0585904205747311 0.0561034093800895 0.0187754920933857 0.215949209620932 0.191229905518359 0.253132941016539 0.206218621795964
0.137596787494025 0.240630505200435 0.115532993249103 0.139478912670137 0.168395090372188 0.0188139457773545 0.179551765236757
0.278810436603982 0.217997381227614 0.286606589591831 0.0542701846617245 0.10490547000825 0.0113650236331291 0.046044914273469
0.0457521124644536 0.0921668076337462 0.167714817500399 0.193231831310454 0.120689163835788 0.171242676305149 0.20920259095001
0.0741740978782719 0.226904390102991 0.00616164141877364 0.181250961346296 0.263806376009958 0.101283020192019 0.14641951305169
0.269744047635682 0.0739297976195947 0.143349242063795 0.099332334497484 0.126666858003937 0.0890596438011132 0.197918076378394
0.152695528568643 0.0423033312572247 0.238329987860418 0.0605077682385881 0.247168146838387 0.10555044789075 0.153444789345989
0.0430051439464989 0.239586019657773 0.181332770572762 0.111913885561591 0.0581806016473881 0.199501347944845 0.166480230669141
0.0438966067485647 0.276266506808948 0.143976554695743 0.0237075013327628 0.0977390982058244 0.194640762921937 0.21977296928622
0.159897543339842 0.156936869302014 0.181744192868142 0.0583167873127027 0.202402792835205 0.0671609943851745 0.17354081995692
0.119300493140673 0.216702482371858 0.264513117762016 0.061967677059678 0.0643495948777641 0.154901189644748 0.118265445143264
0.215663495852401 0.50062807263003 0.0220231803081887 0.0582154872083379 0.14010615107736 0.0491545696592134 0.0142090432644686
0.0161368788739423 0.23967491375969 0.0302642317782407 0.273791185994211 0.0045701112717165 0.15851753682015 0.27704514150205
0.0110130142437999 0.156674018302558 0.042175229925309 0.158630580845493 0.226716723260496 0.17680654010234 0.227983893320004
0.0408522653138982 0.20922218336434 0.185743169856861 0.168219619977529 0.0339944957804921 0.156349374794505 0.205618890912375
0.119655135523792 0.151266836938256 0.250173148739006 0.0731950009906659 0.0314192263448193 0.214243667066812 0.160046984396648
0.19502371022562 0.225426948919503 0.198713559014187 0.185331337246032 0.0595543634475086 0.0822470521460495 0.053703029001099
0.0969071838979853 0.0103486090401178 0.10351684651719 0.205565636358595 0.0972599159787237 0.255318938052572 0.231082870154815
0.233053078222302 0.0326455356775724 0.108928079595518 0.20814303694452 0.11948675255511 0.15197609890176 0.145767418103218
0.0400087902615543 0.23458626153325 0.111215445031152 0.300051853753152 0.171638639556327 0.105521140121221 0.0369778697433427
0.104849108802161 0.305325353086489 0.0970455037415221 0.285534810050229 0.0441905130710878 0.0396677007976461 0.123387010450865
0.118952417197867 0.212151000475081 0.167933510716363 0.129577944247839 0.139349882967298 0.183189255748813 0.048845988646739
0.165918999662064 0.182527053036586 0.288256303728615 0.051717004003056 0.0634834950127328 0.15164942416222 0.0964477203947267
0.129337098919545 0.342844019590654 0.0349122871500627 0.128025927689535 0.10722801637513 0.237770344718861 0.019882305556213
0.183384699971954 0.214787684400785 0.134819564791857 0.0940879762333299 0.172473987329325 0.0903965496116003 0.110049537661149
0.156098692521805 0.152398620963641 0.0646739725291467 0.16637657917673 0.148986050290629 0.183653053956951 0.127813030561098
0.0661104539742535 0.0303266145008158 0.132029124795251 0.244797708123116 0.254307646379626 0.139416450696719 0.133012001530218
0.235398449971447 0.0388930724567838 0.139944503018527 0.153201914253903 0.189837192970781 0.104101769226598 0.13862309810196
0.120009926685932 0.0294002428610086 0.0316575558856195 0.1827904203241 0.103030562720708 0.276502699973329 0.256608591549303
0.0570019619123424 0.0486385425768235 0.197791048388155 0.161014201308774 0.219062288557169 0.173976396246145 0.142515561010591
0.163078649598709 0.225670806271942 0.0361980331587946 0.150894910858422 0.225797925478031 0.0737291264204499 0.124630548213651
0.228854561354021 0.203242778911778 0.0452507810948042 0.152251262319994 0.184694160376066 0.0619255198472467 0.123780936096091
0.253461424601314 0.187384802307124 0.248746637755497 0.0348587035590886 0.135000177807146 0.136751278646765 0.0037969753230642
0.1109933057607 0.114926510159735 0.159448532828478 0.175901318322122 0.125117039402387 0.180843382675775 0.132769910850804
0.0996607567117436 0.267664531589352 0.069535575647189 0.242621252041452 0.146801282123199 0.0292858502386063 0.144430751648457
0.134366609705759 0.186142716044093 0.0908534981685345 0.0881935533989269 0.154752637969011 0.172084877941977 0.173606106771699
0.131465735738185 0.28379342019991 0.0174721028395903 0.0291934733456178 0.0797198748899064 0.232949584444291 0.225405808542499
0.224907685374162 0.245789113955142 0.0601264310770999 0.0212733900470855 0.0383150982123283 0.186320424590557 0.223267856743626
0.0403957327770787 0.127339679176877 0.103621975475322 0.188379604066816 0.221290926563394 0.188663066961806 0.130309014978706
0.171321067200725 0.284460258124352 0.0542334294564914 0.0802253312307091 0.0852062353494592 0.0254873253663048 0.299066353271959
0.245105191942862 0.158064655440523 0.0754292320840345 0.10684880138531 0.046642678614119 0.0418880752541702 0.326021365278981
0.119691887008225 0.0250153128833312 0.209267535116677 0.0767100414306341 0.265509574925325 0.102057659299986 0.201747989335821
0.0430491477299595 0.317705524058088 0.178681324306162 0.293299038041101 0.105043262611656 0.00488464265213509 0.0573370606008989
0.249195048438589 0.250538012209518 0.109867991544184 0.0546821302294574 0.00243560476810938 0.105190664065665 0.228090548744476
0.276630190120523 0.118754669757725 0.0643534326863242 0.149015497484707 0.0977292472265381 0.102933698369906 0.190583264354277
0.185334720274527 0.207160204645503 0.0710073659437057 0.148553041272146 0.236056780850883 0.00901583764768779 0.142872049365549
0.0814703419773705 0.102907706653348 0.192591380379853 0.0824459612661983 0.170837615694475 0.1896145307466 0.180132463282155
0.201569933685883 0.054086970983287 0.203023977422092 0.164161238313853 0.204139120848641 0.0955813782953107 0.0774373804509323
0.137029881874439 0.187750233348692 0.179706543853398 0.105784403145641 0.191521302270561 0.00683432015688036 0.191373315350389
0.222511813399391 0.262652120957739 0.0217582062559565 0.250153696552343 0.151366660770866 0.0110105742743578 0.0805469277893467
0.0593363424591885 0.0248796159033673 0.174472475272713 0.263103361133467 0.041232437416646 0.250511251170077 0.186464516644541
0.183465399533804 0.0496859160878114 0.190380070255988 0.0462098743201148 0.13100559885209 0.247132720073967 0.152120420876226
0.165875525162649 0.0206281164972233 0.180304305501757 0.225557184624727 0.0747316072714358 0.238702519896843 0.094200741045365
0.214205205932263 0.17952564323399 0.18169395081021 0.103465300783398 0.102168861836583 0.186946928789122 0.0319941086144341
0.149204178487615 0.134904915162995 0.169163974961847 0.0564114731835913 0.0508871130963326 0.145376205864688 0.294052139242931
0.0490340771652072 0.137842556523918 0.0996335855612734 0.200303340852295 0.155243072907379 0.17161484670235 0.186328520287578
0.0483995513939862 0.200851864373539 0.21216070187891 0.118889964637889 0.214319419172025 0.174820413684435 0.0305580848592167
0.220608773619007 0.21388224389915 0.163792546930206 0.125323370985188 0.190417193165255 0.0673927928323199 0.0185830785688738
0.0247596084692594 0.178388160392431 0.167615019008986 0.11214896178558 0.0085124413136495 0.149529336739468 0.359046472290625
0.359697148492039 0.00741825415418531 0.0746866000105768 0.0557025012070832 0.366730538555078 0.00245882625153119 0.133306131329506
0.00616857391745371 0.145860328406953 0.114809988876067 0.217168948260914 0.187349390667875 0.176299316932869 0.152343452937868
0.0385846255252935 0.0421791167049112 0.227673573391709 0.0914220698192006 0.14744710171054 0.248702075557821 0.203991437290524
0.0582254060021216 0.0830658146539615 0.219929959340649 0.207080551399734 0.0762042888500279 0.186345669636811 0.169148310116695
0.122426520994313 0.144824653818003 0.265731534028308 0.216857501038903 0.0217213886349719 0.0696365223537979 0.158801879131703
0.0136678005422628 0.343324504319354 0.00751603568847969 0.0411679897664613 0.119402510447649 0.0286272206560036 0.44629393857979
0.0143955203707186 0.0929314349184688 0.239270473552189 0.186272717987685 0.219717288294719 0.190471959927877 0.0569406049483427
0.0154515847633657 0.215675448741742 0.100682908928497 0.205284544206411 0.0827108635410122 0.279950833543815 0.100243816275157
0.044016846770848 0.200803743867096 0.0820187073754475 0.184712603932561 0.141648692011311 0.192511553108126 0.154287852934611
0.172951152210051 0.17224486759345 0.0321569523321992 0.0259473359842445 0.208475299740979 0.187115212932982 0.201109179206094
0.104270667226253 0.198123240154055 0.198192461646387 0.20495415833277 0.0438285554223908 0.0574621156553957 0.193168801562747
0.228055590093079 0.225049981638613 0.127290104913288 0.0776975594024954 0.197681959828757 0.0329347693199298 0.111290034803837
0.160258984188131 0.0363192441408543 0.0394792333684518 0.220042869066143 0.155740296503738 0.15684460973607 0.231314762996613
0.12017259829303 0.13970955468174 0.170394747537875 0.150770688674588 0.176428271439865 0.0918659352470004 0.150658204125901
0.177135456821284 0.160910141083176 0.132819855934983 0.06728987641326 0.00213497583721145 0.198594583611297 0.261115110298788
0.0927567478691403 0.0538312442559476 0.0812573025545048 0.14387243605763 0.256956331713427 0.204009579161977 0.167316358387374
0.219451034211789 0.174424102760575 0.246152237459464 0.111634623532859 0.0374292939019969 0.148447774643601 0.0624609334897155
0.130421689592048 0.225427331275652 0.0781101980299263 0.253956224311248 0.0277367288904183 0.0508274860835864 0.23352034181712
0.27076702528331 0.0319610051958083 0.0152431050527662 0.270974387609776 0.220325644662965 0.108899431856148 0.0818294003392268
0.0532136980834341 0.203753281647081 0.241906212243413 0.0340793449557426 0.048093161499186 0.237366138145809 0.181588163425334
0.204919819529189 0.155354464871229 0.167695886428379 0.099507165268505 0.216954206183514 0.133035318125713 0.0225331395934706
0.163193966253006 0.185353849734144 0.159600164719027 0.0537137230236162 0.0399390678046529 0.146039421378726 0.252159807086829
0.157787590017767 0.322198427346677 0.0533780741098025 0.00876411827208499 0.0926546177057164 0.143987932761413 0.22122923978654
0.261351270959424 0.204273237546359 0.0313183617924367 0.00894079971453167 0.0614084534899976 0.278851974793281 0.15385590170397
0.218883012555272 0.150373487018657 0.199102915585283 0.207584235807225 0.018531949294394 0.0535061363726107 0.152018263366559
0.139823378613827 0.223682012690472 0.109337334906379 0.0149949574048139 0.195152295646556 0.139226028982899 0.177783991755054
0.0264399110123231 0.126427599206404 0.243213181810147 0.142133322700694 0.112774174384565 0.223722059028999 0.125289751856869
0.0138510230035523 0.216192029007081 0.233756153210816 0.23054718050519 0.0366178985073156 0.131356084014838 0.137679631751207
0.243120340808573 0.208886375328932 0.201903039471057 0.143568250897963 0.0198074832441614 0.0931475475918629 0.0895669626574504
0.0245512981693971 0.00556431107465046 0.209015251115658 0.231163705685615 0.165576756366077 0.294066521959826 0.0700621556287773
0.0125896253324946 0.235782218146787 0.186208902969132 0.111010051905186 0.0205713894249637 0.149914726622737 0.2839230855987
0.286007127404678 0.0035256418113309 0.272098957300758 0.0339205509590136 0.0299948319744262 0.0832946054300861 0.291158285119707
0.147326188070171 0.235576120356528 0.202158836772899 0.0814530259538823 0.158974395152373 0.0287065145458484 0.145804919148298
0.190896509723095 0.125271490656365 0.133316631285821 0.139488174537186 0.195155627330978 0.199282267223766 0.0165892992427899
8.93821290689654e-05 0.243107443399843 0.0452176220813071 0.127823444534665 0.137532877588087 0.25629955639724 0.18992967386979
0.0869480562263615 0.20389366667465 0.126143327213654 0.190476703182355 0.191657896024746 0.175509514097096 0.0253708365811368
0.291111342096061 0.153599818956804 0.0309628483003524 0.136094496257011 0.161964534413283 0.201524754857436 0.0247422051190527
0.1099155110116 0.0933769134645206 0.0704550206673294 0.0801623667617314 0.161851599979013 0.274588495082904 0.209650093032902
0.0951395193774131 0.257659917556252 0.257316341250069 0.0351708479772706 0.0884547221583499 0.195988325419617 0.0702703262610284
0.131381204301571 0.215423985888284 0.127923892291426 0.20381977110335 0.0587310873505852 0.204832942732772 0.0578871163320105
0.209532590870159 0.251030459178054 0.173826769427944 0.107230284072305 0.02666792300977 0.131905846185418 0.0998061272563508
0.173797050659548 0.164225047666847 0.089831267075495 0.171705605449175 0.198268009503918 0.0417223780892472 0.160450641555771
0.0381367022797183 0.168845071594067 0.353491089332335 0.0358233625064711 0.129779245106616 0.047266549582033 0.22665797959876
0.123950170343391 0.112515079187674 0.204399165922332 0.176141367059977 0.153442146049158 0.124842455606924 0.104709615830544
0.126757984756221 0.0429595910839705 0.288649435904179 0.148549010189883 0.192961818762421 0.10637128878389 0.0937508705194353
0.222965877032087 0.121006223716367 0.011657855892872 0.00956214414716083 0.197556151012692 0.242139413772537 0.195112334426284
0.109527685929213 0.128272988553785 0.187158212349802 0.180240583136683 0.108628373368809 0.0832429563787068 0.202929200283002
0.02082159700156 0.0732603962873752 0.0610773922053786 0.17030898478859 0.249906686422033 0.164581716176601 0.260043227118462
0.18536798167601 0.0889916484995026 0.209634160237235 0.0832755794045889 0.205093914442575 0.0797329872785659 0.147903728461522
0.286589782411804 0.27599727220899 0.0166353811653588 0.0279174067998968 0.145718310645865 0.0960479868780815 0.151093859890004
0.0470519536804365 0.341775914044481 0.0958509316360289 0.0437643596711906 0.299766037015166 0.156547802331805 0.0152430016208924
0.164907425509921 0.0530001098078795 0.088412950683878 0.25465668799752 0.0186348065329975 0.243365043047098 0.177022976420706
0.155410384003725 0.0244594041385031 0.130530771216396 0.287388291643213 0.0641749585030179 0.253524492197104 0.0845116982980401
0.1969093062966 0.0258249224917823 0.0636652354015543 0.131287819847247 0.159422623836069 0.253175892982017 0.16971419914473
0.0963489256301671 0.173488333871965 0.0843010672083013 0.246147524696852 0.170412433307222 0.17553977643995 0.0537619388455424
0.0373633950404584 0.161638556038131 0.214610362905619 0.178152288310988 0.218984680423819 0.0221229336076473 0.167127783673338
0.131415921735349 0.0726137341885204 0.111119164161215 0.32638814382704 0.170466032788156 0.0543066543759199 0.133690348923801
0.134410238059068 0.128492277814448 0.0922074665032196 0.0780690810363962 0.178584881578168 0.174464664817194 0.213771390191507
0.158302596583353 0.174252458753388 0.108172362114896 0.0895200884196244 0.0849191301414717 0.177903169870409 0.206930194116857
0.322665450641856 0.0295355052318166 0.0709779691693343 0.251470975216058 0.154618268961384 0.161676615090266 0.0090552156892857
0.165727717564713 0.163337857077656 0.14335376739314 0.0974562132442356 0.0952794744306295 0.186216777656855 0.148628192632771
0.0578199866430897 0.194910046428745 0.119708640883541 0.134899498223656 0.411879657267777 0.0790893132904366 0.00169285726275455
0.29091960972428 0.0646069229458727 0.291964104110414 0.166607608410274 0.0666279289283609 0.0730451597149797 0.0462286661658189
0.179837262531149 0.0365958017137655 0.248786317718181 0.191862350701653 0.0216157392245492 0.142501664544508 0.178800863566194
0.105628259674452 0.0827730255124681 0.0998160842718909 0.227271263814464 0.0891390092924236 0.37026643679316 0.0251059206411414
0.0247509306846738 0.146119060800495 0.25102731769613 0.178619928007721 0.00262952009023276 0.167048987762648 0.229804254958098
0.168035727093657 0.110379740613604 0.158333443838359 0.00563012716718846 0.274551627119202 0.181735993700573 0.101333340467416
0.053328969989309 0.212422839615291 0.266266558409918 0.187968879678681 0.0109004519461155 0.15876426710092 0.110348033259765
0.0226950512928932 0.211227985368701 0.230917013863178 0.214043810716363 0.15259153109955 0.0592940116683338 0.109230595990981
0.250039457746378 0.148031737619918 0.022717713627377 0.0159851632267667 0.106539578683559 0.29411684665146 0.162569502444541
0.0939974372573206 0.242515978214781 0.127418243939888 0.15710884236645 0.0928254050772693 0.23397952253248 0.05215457061181
0.202636906756645 0.141166695862088 0.270784347983676 0.0125797745098983 0.264591965519979 0.0938637208194748 0.0143765885482383
0.123868511955609 0.183654494559668 0.2839711588159 0.122169977412754 0.128886979739504 0.0357326800430479 0.121716197473517
0.0485102908465678 0.0570277881052074 0.255766823579166 0.193718884792621 0.179827392458691 0.0397344552152189 0.225414365002529
0.212369921222585 0.177217890001645 0.212799526568117 0.0385847795261773 0.113319553942759 0.043120368931883 0.202587959806833
0.135066022138277 0.0643042574854548 0.0233857010784425 0.0230880678091052 0.317953365502857 0.132079461848558 0.304123124137305
0.266366989284954 0.125361832024138 0.119867220807948 0.010519647128282 0.0239218186094394 0.198086941206243 0.255875550938995
0.129920169291164 0.207796008736091 0.290154106121435 0.116983073451984 0.0560584782543665 0.00855502175681472 0.190533142388146
0.202550030698106 0.198193028666924 0.175055686294575 0.0746363828135693 0.0951584723300119 0.0649156624772139 0.1894907367196
0.241536141164589 0.0886087232107168 0.0722640235503499 0.104583201360744 0.0301924858625029 0.218895060281237 0.24392036456986
0.00760514027608656 0.057106682261106 0.155079420871889 0.189721269275976 0.17076078568334 0.213315367391164 0.206411334240437
0.266036939078082 0.0673833528237554 0.100945000035284 0.161927387529409 0.231864244160021 0.077451354867367 0.0943917215060809
0.0581917034008782 0.205897616620619 0.241272485481155 0.130977529188184 0.0741555462559425 0.134857998727113 0.154647120326109
0.157882473804906 0.240687221858955 0.201742993668442 0.228759544890035 0.0141049405872642 0.113255548469582 0.0435672767208162
0.27591833754064 0.189974806771266 0.185540215698266 0.258574438386737 0.016455520639651 0.0255334357021531 0.0480032452612861
0.207234281913554 0.0449984684560519 0.142518675874377 0.246267806093387 0.0779616619797359 0.0820105742253625 0.199008531457532
0.00932754659082813 0.259366522560077 0.0407272804077229 0.220150415049086 0.27367572557142 0.0594746767646861 0.137277833056181
0.0643323700183519 0.187014800066106 0.209806603899203 0.136530047427857 0.161290585125012 0.173139645432861 0.0678859480306093
0.226128492487971 0.183886714299275 0.223772524097563 0.0584383919248359 0.138437542118059 0.0353365703106929 0.133999764761603
0.00889508241986417 0.177455568539749 0.084897222762599 0.265023874733442 0.277336043667217 0.020011736562181 0.166380471314948
0.0470479085254648 0.271946433282701 0.178751280687693 0.0664102769866928 0.187552349548505 0.0605200528324858 0.187771698136457
0.155733315644807 0.0700288315854604 0.0847578243494648 0.275417114530588 0.121291732071211 0.271464508546747 0.0213066732717224
0.201534359976735 0.237987976198846 0.166602837078337 0.060990516623367 0.0604276586029177 0.0342157740562327 0.238240877463565
0.0184634922868983 0.153342477385034 0.149250303333041 0.181329279850523 0.184025641229124 0.278439318537203 0.0351494873781766
0.254223587304146 0.196231073433068 0.145648797110183 0.134645408360106 0.059589095259055 0.0233915328906883 0.186270505642752
0.13887832161115 0.256420641050537 0.0602149989025252 0.101721874642128 0.0298469176001903 0.139769235311614 0.273148010881856
0.206083515958412 0.133199241135342 0.265530983890255 0.0149860243341601 0.0163016638873071 0.197085617175496 0.166812953619027
0.354853570093678 0.131905394000047 0.190469740358324 0.0324952785723154 0.039480962039235 0.237348431596818 0.0134466233395821
0.208216410172428 0.232140643880733 0.149384221522711 0.0142785240618447 0.118534039368158 0.0263845830033603 0.251061577990764
0.185515703497931 0.240529271945295 0.0922685150585441 0.152050774102793 0.0987655423731628 0.0702594037971852 0.160610789225089
0.0296575622320158 0.153174397721879 0.183383674946212 0.103404961244952 0.376007876996049 0.0242183641465148 0.130153162712378
0.0518967415993681 0.238912688567739 0.162651289131997 0.275687438676907 0.0106679912882462 0.137010341189909 0.123173509545833
0.145097779746268 0.0653377193879784 0.0819712538009189 0.137055337021687 0.160414261373569 0.217049253046567 0.193074395623013
0.202241683563762 0.187937317315104 0.0569227333562125 0.153586871575299 0.0918151152302521 0.125705641311014 0.181790637648358
0.212915503868185 0.109638084430807 0.227882222203832 0.113207464193023 0.130319651625991 0.0807708624983587 0.125266211179803
0.227117547390031 0.146888235730667 0.034894144565201 0.126853518715285 0.194884696925505 0.139587617450058 0.129774239223253
0.277800691752151 0.00139293528959093 0.0638977981876615 0.238547301068771 0.251991494056792 0.0830870311090069 0.0832827485360265
0.00445473380861475 0.0532929855308155 0.0899245335032087 0.220969209637923 0.292607505687368 0.199736674547662 0.139014357284408
0.142564986313026 0.214834723781251 0.0741072758484851 0.0609981761499138 0.0441386334992168 0.28746073545992 0.175895468948187
0.112517583459457 0.25414214765095 0.192703306722325 0.104202528253362 0.0158302420435823 0.00543307947191625 0.315171112398407
0.103133340488512 0.0814985559733069 0.244591443927852 0.181619063054754 0.114484181994944 0.0597908201132104 0.214882594447421
0.122362485088511 0.184716330551995 0.041711319097446 0.243964743273429 0.0773715936772376 0.0581507568437124 0.271722771467669
0.0310413800669137 0.164501341146672 0.195674247063281 0.0911891580038607 0.216299989983336 0.178200909855598 0.123092973880339
0.208234595174564 0.116719307322754 0.225251994966865 0.226537660481275 0.0456732872051945 0.0159401213952438 0.161643033454104
0.0995093044722561 0.188519991190864 0.113415841803408 0.216047804641547 0.0530697302311655 0.136814351005447 0.192622976655311
0.00804444916810459 0.172031253515503 0.135270917594188 0.255644208362003 0.20114912765494 0.0249346766869973 0.202925367018264
0.0372996883315667 0.0103484090859783 0.249271327488386 0.307520251528662 0.241439043204894 0.0769289405305392 0.0771923398299748
0.131723414292518 0.231373466805061 0.173167405775704 0.0859136462501857 0.10598289560869 0.0890719350568208 0.182767236211021
0.33027029087997 0.121811111175059 0.0234020557136863 0.100623179998415 0.0442402767995145 0.233304830234043 0.146348255199311
0.141967647692205 0.146083686857706 0.167086080751047 0.0269672269714376 0.242913954553795 0.0685649343951137 0.206416468778696
0.0783816600216636 0.193243959605772 0.203056502680781 0.239543048553478 0.00757734444611646 0.0960883312760161 0.182109153416173
0.150769011608931 0.0465736966614969 0.19333181314375 0.250774799500447 0.196121625148213 0.10010675347815 0.0623223004590123
0.19499246881831 0.233847947989527 0.141115574772004 0.0129401691401119 0.176857843381807 0.14146791676327 0.0987780791349707
0.0784173527720461 0.276623465599907 0.099202945310635 0.0188593677906089 0.321305462704648 0.0273850278501056 0.17820637797205
0.263859667745266 0.192532069233355 0.149319657121035 0.119261769162892 0.090953667671561 0.0588118989696293 0.125261270096262
0.078516493827168 0.134821617566052 0.203686238191844 0.0383398930550758 0.189166957145942 0.174449752878498 0.18101904733542
0.155494946040223 0.0110305003532009 0.0892612588450308 0.212548094106638 0.224978018609506 0.169345290830757 0.137341891214644
0.214246455205716 0.105141181798806 0.0665307704592576 0.219884709562131 0.0735005128369013 0.217309802543696 0.103386567593492
0.0419387884997358 0.149450150836445 0.138929289660705 0.144128951451365 0.126463839261727 0.265772421051222 0.133316559238799
0.276925968435767 0.0944575370582028 0.0709142675381691 0.242644470392065 0.157414818495493 0.137070298201571 0.0205726398787309
0.125896314598112 0.182099121680474 0.18626582824294 0.0540572097933551 0.0986887475139796 0.20561983663025 0.147372941540889
0.181928665106215 0.187405882725416 0.105014317468387 0.201705427380726 0.27469041272187 0.0125544558920249 0.0367008387053608
0.183548257778212 0.161734495021966 0.232225677170383 0.0351601367417724 0.145298161569954 0.0201245037178539 0.221908767999859
0.234472586309109 0.00132493993891556 0.0359229117313305 0.089008895251263 0.174806621068878 0.190312014699849 0.274152031000654
0.169242462643014 0.116348543864566 0.190945153253051 0.0831522913181798 0.13334518326228 0.129852247054541 0.177114118604369
0.0916665783053441 0.0585130117192245 0.231064509942554 0.0814253136942828 0.05138532045982 0.179352989298083 0.306592276580692
0.0291416203061263 0.190622614830527 0.168604080798635 0.163856848182235 0.17162467902936 0.154447670483485 0.121702486369633
0.0350527033365531 0.324476154803716 0.0524892240620282 0.245780511846531 0.0103340149597255 0.266034285082789 0.0658331059086569
0.199205070390798 0.168255157125316 0.12239669238286 0.131835827054943 0.176042278273866 0.133438057105122 0.0688269176670957
0.0625961695459379 0.0841088193524187 0.191121483679449 0.187608839133776 0.205829525183568 0.133383746266672 0.135351416838179
0.0621322720274754 0.254732645802035 0.212036130350493 0.299627764677045 0.0706703814980793 0.0510992872875489 0.0497015183573233
0.0861993348428104 0.186998426326066 0.146474684018816 0.261710968217858 0.162897122205021 0.0263009804254073 0.129418483964022
0.057767699660313 0.0878002460165974 0.228486863866151 0.213182185351865 0.157322583385129 0.0951754583257955 0.16026496339415
0.248379994197166 0.0278471235888959 0.116178010553047 0.113272288923764 0.199921307691584 0.150692080978906 0.143709194066637
0.160455319761191 0.155824238976452 0.212882212938442 0.00585158730654957 0.155639943450874 0.130141117417465 0.179205580149026
0.0010392999594069 0.261681145653225 0.164968361100508 0.22748961131129 0.0706209178087887 0.158935723317498 0.115264940849284
0.232733860074827 0.159316525255096 0.1392918444111 0.162766754900902 0.157145489584503 0.00789192368005401 0.140853602093518
0.080983900053017 0.0491031533897087 0.102230248876785 0.0773706580233423 0.29954861906004 0.0795638444629573 0.31119957613415
0.0533264299129128 0.118524969546656 0.159668320708146 0.191550812484388 0.103032977341122 0.208993523230888 0.164902966775887
0.0297405274769962 0.259173516860564 0.282681235434902 0.0974429765173746 0.165957253053866 0.104484393456275 0.0605200972000231
0.0398729760867684 0.102082702290188 0.049384680171687 0.207552747194345 0.272677792416079 0.0147985777549796 0.313630524085952
0.259214537588681 0.0849403629257449 0.0713616536101934 0.130172960866893 0.0583981078262005 0.279492287918726 0.116420089263561
0.220544408433039 0.132919635363481 0.162474111140164 0.0686486359235026 0.232983712728522 0.0415157350578839 0.140913761353407
0.164154326234624 0.238964804718343 0.182747390039613 0.0343913304303102 0.029801107992314 0.239684428173997 0.1102566124108
0.138908072624702 0.112259686969801 0.0895746344996297 0.259289396212161 0.0839727374890586 0.0727479064691613 0.243247565735487
0.224001474245632 0.0393097996244388 0.238468970760572 0.161207457492047 0.0621559856619625 0.198713685333641 0.0761426268817063
0.0453196282978835 0.222247985597125 0.195541637508511 0.14673405060274 0.26479773270053 0.0997204537166942 0.0256385115765158
0.179859568234996 0.136762788958487 0.171145697830884 0.101527804779698 0.174286182263874 0.135696934443648 0.100721023488413
0.0117763378135213 0.0733214604090244 0.232254182737933 0.14095053142862 0.218874971365372 0.196125897709254 0.126696618536276
0.242834386459472 0.273698057605668 0.0104671093025229 0.0782899220354565 0.0478832613166994 0.0342303697327915 0.31259689354739
0.192843563641286 0.169309459798867 0.177292516875278 0.0330048853973548 0.202126845129018 0.166656396131556 0.0587663330266412
0.101433349339752 0.167256294235015 0.116060121446732 0.11550279131056 0.120723762839336 0.207430679547165 0.171593001281442
0.249782639814903 0.102027978019487 0.199142986007095 0.0447290862777904 0.205932372292828 0.10098540377308 0.0973995338148163
0.155633125600894 0.00650728495783463 0.0283883666285623 0.255788206341341 0.229239023697832 0.0155215893055352 0.308922403468001
0.0580428913435746 0.115234642878101 0.071015215972917 0.136092617649585 0.224218412805676 0.172377852717937 0.22301836663221
0.260646466470055 0.00854240158942613 0.159444241602786 0.100527416979618 0.153350250419613 0.305299356331093 0.0121898666074083
0.16107657087504 0.100149037423731 0.219040977149423 0.128662763503909 0.127462652651513 0.0793202693902248 0.184287729006158
0.0463747353767762 0.183710487094519 0.120492081599092 0.0551435785316164 0.108440717203558 0.317484319805449 0.168354080388988
0.1315707891864 0.112199170668971 0.122146337022809 0.183623519246979 0.214361494085371 0.0497793084049238 0.186319381384545
0.0879858941480294 0.039765717071268 0.318893699047913 0.303440511947621 0.160921833609611 0.0238311705089403 0.0651611736666176
0.0243028001805852 0.140261872340717 0.272128936295475 0.203705385935177 0.00998759730599808 0.0708028377480014 0.278810570194046
0.138150688072889 0.101832469102666 0.398068150087402 0.0275423668113199 0.0998935754497589 0.20899308355536 0.0255196669206051
0.100201199215836 0.209566950277821 0.12811356843192 0.0878640490715958 0.0692116907982316 0.209603791609501 0.195438750595094
0.00892715085520109 0.242632998774373 0.0523108054036708 0.242798824303686 0.105932737479504 0.237581096975969 0.109816386207596
0.0485814772391596 0.249332446619879 0.0429998550525569 0.141877601222857 0.173281059527626 0.216944226185305 0.126983334152617
0.0794337972304953 0.171201510608609 0.0219820068736029 0.124550294835771 0.0856987351768907 0.263090270487701 0.25404338478693
0.0751101767794997 0.170223417121732 0.235758308329602 0.11409260370389 0.25248705947615 0.106677058076528 0.0456513765125986
0.245498695999454 0.0288140811025089 0.128462957601545 0.0780282190903537 0.252123448472149 0.254197580147223 0.0128750175867671
0.140737788777984 0.0142451903850867 0.213690430311195 0.00861575615523092 0.164284206496274 0.214512860180321 0.243913767693908
0.159370182120004 0.300842912595593 0.130179758000579 0.0900222630398044 0.142874142345572 0.0699872445263387 0.106723497372109
0.168285568821648 0.035717111986427 0.329694961962307 0.0683167251015756 0.169799399325476 0.194988447730672 0.0331977850718946
0.21985491544572 0.174187367121159 0.225104533042968 0.0181827807638607 0.204312349096896 0.0516407206562511 0.106717333873145
0.0203858034912025 0.174798234462728 0.226555617813068 0.257965720059728 0.0824810538587653 0.230254969779615 0.00755860053489462
0.0338554874082305 0.298184832477893 0.0527559255904776 0.230695630746783 0.103494107897242 0.0472098662412188 0.233804149638154
0.115066505499948 0.0433822474662108 0.111155804896526 0.233771941323945 0.213998055114798 0.253846728034237 0.0287787176643362
0.258783728325469 0.171414604110713 0.245431759803629 0.0516403650191123 0.168632904021517 0.0923312129666781 0.0117654257528817
0.08043197335991 0.004515983469835 0.297182380359698 0.221462527350679 0.0791772125746117 0.297903279740311 0.0193266431449551
0.23991561348328 0.0550764247853347 0.250096009821245 0.0370170367601957 0.119088760639944 0.0978499233681784 0.200956231141823
0.00201889918048208 0.216708274782155 0.224565689784448 0.231767559610403 0.0517445408347691 0.14981461860742 0.123380417200323
0.102185325107477 0.181217346638593 0.0208560666622291 0.20964900554837 0.119916228279796 0.203721604286902 0.162454423476633
0.107580427220061 0.0296622903423809 0.229992938497049 0.212860116460097 0.0910148533809516 0.115405731640543 0.213483642458918
0.00287665857774122 0.249279771768073 0.162506639257313 0.118497794628296 0.257376843348956 0.0582281848393605 0.15123410758026
0.0649440948934076 0.0177712470561455 0.289580031262915 0.0200965702377972 0.254321743729411 0.282966617168164 0.0703196956521604
0.137943704268977 0.0491822540353152 0.286397027588786 0.0929308320140432 0.0188951565237 0.223959078761897 0.190691946807281
0.237039706774931 0.147327450726146 0.234308013488118 0.0833730947357873 0.185748277106236 0.0798168424322726 0.0323866147365093
0.0234121085522888 0.332229963203639 0.290178584212962 0.0258054076353487 0.147333645927998 0.10428363502765 0.0767566554401138
0.171065976177918 0.152937405444667 0.0968909898294175 0.0947593197671864 0.172735477361455 0.17254379292643 0.139067038492926
0.3228590530766 0.0843645201149232 0.00238636619956884 0.00597955175235173 0.226229132928552 0.0337329700747709 0.324448405853233
0.204184942925531 0.057029775015133 0.000257563232835516 0.227251785658374 0.282885183081862 0.198762624949487 0.0296281251367777
0.0945135076891594 0.0423243881133162 0.146902502001044 0.219099615412634 0.214860229418945 0.112244377422015 0.170055379942886
0.0974279208401369 0.163468866301261 0.228529364298829 0.295556305629576 0.148051935068595 0.0125390967056076 0.0544265111559936
0.136668809138291 0.211710246269619 0.0281369454031569 0.167326616938879 0.212413402122785 0.151691303576466 0.0920526765508026
0.134600472402854 0.0803181418560338 0.102873424763163 0.0458928201924181 0.337354780712557 0.00823257845819441 0.290727781614779
0.162294827941575 0.185499872184402 0.182040483387522 0.173252480537515 0.170434172650225 0.0237430132391555 0.102735150059605
0.239848078322534 0.0644540690767688 0.248030948853784 0.182683757577432 0.0239459726218628 0.0855277704873437 0.155509403060275
0.236760397992445 0.141174864948643 0.283093851943387 0.0262997317549953 0.0276209596667729 0.161743758233858 0.1233064354599
0.060680210811662 0.141574609522739 0.185215054152508 0.11436687921887 0.177262240948787 0.15393698736116 0.166964017984275
0.14621122494583 0.050940339930265 0.247212626966141 0.246811554620732 0.0573689764845726 0.125777809690415 0.125677467362045
0.0204318039874605 0.103107651901779 0.126495530431312 0.224407811580085 0.159917807733136 0.188526119034219 0.177113275332009
0.174766853213345 0.0758767864193124 0.184520336143782 0.15083995852868 0.309892035701337 0.00628503539192498 0.0978189946016194
0.207388398503703 0.19157514490067 0.0286994027852966 0.22406600008881 0.133867742434643 0.0330041437301238 0.181399167556753
0.0165265766511369 0.0931255850427156 0.152809226868132 0.0572489182592129 0.309792992808373 0.175486596566907 0.195010103803523
0.0435639063985433 0.0765450041259207 0.185988363784025 0.169063177084524 0.0547193870867269 0.395207244105102 0.074912917415158
0.17319159249051 0.031727110933825 0.193570027648007 0.153428504590233 0.153947164319639 0.0684162998187248 0.225719300199061
0.0176343647361734 0.272675875470624 0.21157427650864 0.339086120817788 0.0240822415532153 0.106964022785232 0.0279830981283279
0.144986257178166 0.144137102084648 0.124293647168239 0.107243879980945 0.233158465139366 0.0532055147183697 0.192975133730266
0.227835168484308 0.267512179508599 0.25964658320299 0.14986265973386 0.0359634756801081 0.0125845572562213 0.0465953761339132
0.0663936571556758 0.143375075094686 0.172616749209125 0.170971462319946 0.0499761850452464 0.242198967880354 0.154467903294966
0.261162119988691 0.027603525879068 0.260677218109979 0.00888163404704565 0.2989259822305 0.0107300449961683 0.132019474748548
0.11993099841357 0.0793451936999707 0.113323952673812 0.222910554955792 0.216122990725797 0.0598803340540821 0.188485975476975
0.253786628939207 0.157232574639342 0.194760385552308 0.00311027255714061 0.111579987894527 0.0054099555521731 0.274120194865303
0.0990363478815301 0.141565862973402 0.088271376852201 0.307289031151362 0.301362206270008 0.038777817562063 0.0236973573094345
0.160072049774859 0.094511493963566 0.286687893401667 0.046210617641462 0.00735356669147932 0.108408746519068 0.2967556320079
0.213453141862052 0.208064228416354 0.202057724366138 0.0339519851513519 0.0397203041109671 0.25284191670511 0.0499106993880266
0.133915402344296 0.1367385828531 0.0360894076687025 0.154544539111425 0.158037341796616 0.221663673186629 0.159011053039231
0.143836925994056 0.0888312504439414 0.0495989760341433 0.0574185353826498 0.163714279106173 0.187861868096925 0.308738164942113
0.0528878774712303 0.0162171654870514 0.000541081287740335 0.285316535546959 0.199893506675112 0.271005232861393 0.174138600670515
0.142542146800462 0.20325680017323 0.0672617358322835 0.212427128887956 0.101574012485603 0.236319721896553 0.0366184539239129
0.251422971387288 0.201858000288326 0.00203726448854562 0.0110875485421252 0.222189115746324 0.275238060983983 0.0361670385634075
0.0700583375607595 0.0213124075581164 0.213548128301162 0.17515134812013 0.218023102451878 0.126670781589013 0.175235894418942
0.176781870309965 0.247204994327941 0.160568997932833 0.130732667062183 0.108639394192762 0.0659058460670366 0.110166230107279
0.172052508020371 0.0626359494322405 0.200899597287331 0.0817734354534232 0.191201225209892 0.105241244708042 0.1861960398887
0.287776079512167 0.283908253078156 0.0843917270286947 0.089714027468764 0.0157762786769094 0.216564110586606 0.0218695236487025
0.211879727808462 0.162050460234039 0.150255085539862 0.0891346360825193 0.101350306360444 0.0584710640741418 0.226858719900532
0.217889681685111 0.0897357998010893 0.099568478898734 0.110339914126312 0.230401859409426 0.180065293918597 0.0719989721607292
0.248178374343097 0.141806947970063 0.162672133722951 0.107758025073095 0.0918034398725033 0.0475649540087269 0.200216125009564
0.0183619202044176 0.215986382446943 0.058017062062512 0.182518697533127 0.214816958692409 0.0923496274471174 0.217949351613473
0.184075037804815 0.218442194909143 0.148908960238585 0.103014887510458 0.143164777403418 0.0645116662538563 0.137882475879724
