0.10908025112614 0.195826827098438 0.349949465426399 0.345143456349023
0.166491884755501 0.254598588990878 0.309880417560818 0.269029108692803
0.143238187011639 0.23301963427695 0.103377280857391 0.520364897854019
0.307809650039186 0.287458206437006 0.176614802208405 0.228117341315403
0.319506910406275 0.0545890813734734 0.325710346759696 0.300193661460556
0.451039991281772 0.00888540049746724 0.175297308230167 0.364777299990594
0.387864154554317 0.560427096927902 0.0382186471760617 0.0134901013417188
0.197253226817129 0.227807164105792 0.424872456556165 0.150067152520914
0.238051890448907 0.114984404985399 0.405715373319418 0.241248331246276
0.352728442758879 0.165381108335998 0.233942482112965 0.247947966792158
0.368723810866568 0.108463703341832 0.314076275134473 0.208736210657127
0.256725857904887 0.26179491100837 0.343167425197447 0.138311805889297
0.367157803892574 0.118727834891292 0.0602097212742738 0.453904639941861
0.617381464671207 0.12394119729322 0.241558382195848 0.0171189558397247
0.346524145534772 0.232884429207205 0.0306916065905872 0.389899818667436
0.0770519512423061 0.293197556312301 0.290162442927051 0.339588049518342
0.212033814770905 0.330413759763995 0.0907250112756822 0.366827414189417
0.186103427365743 0.507704314409564 0.119386114603666 0.186806143621027
0.509461302299187 0.214573640814247 0.127157707655834 0.148807349230732
0.130126719181544 0.0503749016414936 0.363173679018386 0.456324700158577
0.324707177396254 0.251100486016272 0.101584376967491 0.322607959619983
0.283437597079784 0.13766531492687 0.435090480307063 0.143806607686283
0.245472848779256 0.235204831668867 0.313222992694084 0.206099326857793
0.306230663881685 0.138310152514638 0.297116213092342 0.258342970511336
0.271054430494542 0.287054093594704 0.350936942160056 0.0909545337506983
0.330063885460245 0.187289832101929 0.256818725624462 0.225827556813365
0.291639961875797 0.238792404294188 0.226843782649044 0.242723851180971
0.0448943321065008 0.399417707835608 0.421268428339858 0.134419531718033
0.376193382148323 0.0376536108458206 0.219946286293529 0.366206720712328
0.250333506600506 0.195006537543559 0.361672036512207 0.192987919343727
0.0809634060392853 0.193875723245752 0.321319569970742 0.403841300744221
0.287967983308888 0.225534371274327 0.324611984322428 0.161885661094357
0.24987360846157 0.264585453067419 0.289196676417213 0.196344262053797
0.443356463146368 0.171119329695879 0.168582992835507 0.216941214322247
0.22680686761319 0.487839978276891 0.0375137152414243 0.247839438868495
0.213353489590663 0.258274263131082 0.306226725587437 0.222145521690818
0.581284946375643 0.118837200936057 0.248431040162859 0.0514468125254414
0.395374782296446 0.110805432624882 0.0973987234941589 0.396421061584513
0.253202350900908 0.463056367148219 0.0388199175093527 0.24492136444152
0.42193786776176 0.379416838233914 0.17576171749471 0.0228835765096156
0.307582354631285 0.212033568867593 0.0749704267196299 0.405413649781492
0.461950070545996 0.313596544456116 0.146329592826732 0.0781237921711559
0.338716053199725 0.357078120344127 0.0820405365219379 0.22216528993421
0.250153485065131 0.356684097521028 0.0243089332172918 0.368853484196548
0.0637468456933574 0.362604619842502 0.355185527887468 0.218463006576673
0.294523606344957 0.34844891577627 0.238591506279089 0.118435971599683
0.214561502910171 0.3370327512151 0.197754934687891 0.250650811186838
0.104398285544156 0.364227235042567 0.262632776728071 0.268741702685206
0.0666355086507686 0.241920823510804 0.353865929907272 0.337577737931156
0.463045524194894 0.344436515364286 0.16521772268201 0.0273002377588098
0.175991132665342 0.372433247487387 0.105386759449058 0.346188860398213
0.15397293325045 0.470505251740141 0.0729643525412804 0.302557462468129
0.333234943746322 0.321408390984679 0.183638069166628 0.161718596102371
0.0934980354982886 0.0707611753113019 0.378679433585815 0.457061355604595
0.149747697020394 0.312719299813333 0.338587177602989 0.198945825563285
0.0474600996709639 0.565520826947157 0.3727566180417 0.0142624553401794
0.138478239844249 0.326656495903506 0.136637572144128 0.398227692108117
0.188801016791376 0.390169266703199 0.10732625771288 0.313703458792545
0.346956687364929 0.0499079365277069 0.279823958206264 0.3233114179011
0.00990608197956616 0.215060045841888 0.158436666802364 0.616597205376181
0.229418292484906 0.268878712674459 0.351808707744554 0.149894287096081
0.15426988544384 0.284815758057578 0.323684639660916 0.237229716837665
0.413767086649497 0.127741788535092 0.36433201881434 0.0941591060010714
0.256733134330893 0.257806403444043 0.304823944543061 0.180636517682004
0.071490739326885 0.296981855730267 0.0470566569834839 0.584470747959364
0.468302101567822 0.25711667248187 0.139160756936955 0.135420469013353
0.0657544083710652 0.619020494549435 0.0598003719336183 0.255424725145882
0.326678007033174 0.215260679771961 0.267899469714202 0.190161843480663
0.292177857649546 0.385280432488713 0.0948859098165543 0.227655800045187
0.0553828504959899 0.413549849387053 0.2417455304831 0.289321769633857
0.133745615563571 0.195594583013694 0.370572577701219 0.300087223721515
0.240324322224903 0.227900679883575 0.226323261545296 0.305451736346227
0.191016725434487 0.170064171934674 0.300150041028846 0.338769061601993
0.248611420925049 0.0783684940159383 0.338022304419999 0.334997780639013
0.361017118254918 0.185654116664621 0.151713051093952 0.301615713986509
0.255354745379441 0.0937994683851317 0.57345662562665 0.0773891606087778
0.182665356033242 0.222867040500456 0.319874306866126 0.274593296600177
0.232406970529895 0.0226891417016561 0.378949209535137 0.365954678233312
0.086480818483317 0.227672898431381 0.26942942503843 0.416416858046873
0.375865894100662 0.180154222865806 0.178817487015483 0.265162396018049
0.292875967704952 0.25146373140066 0.35447765742509 0.101182643469298
0.281309655324632 0.0350622124168865 0.450924987885741 0.23270314437274
0.149783942408771 0.337253322307202 0.18475641154144 0.328206323742587
0.0454077101756524 0.551877919181085 0.24265719438675 0.160057176256513
0.158894904214134 0.298317362105543 0.250441529317477 0.292346204362847
0.318415937462173 0.323358039593925 0.356828061019203 0.00139796192470009
0.253947291749584 0.345353036842754 0.132938380087689 0.267761291319973
0.275198899259076 0.373719631889004 0.0539270893964039 0.297154379455516
0.238430776166404 0.144850336077222 0.399531771355294 0.217187116401081
0.112245006558251 0.41851884012652 0.299074220570173 0.170161932745056
0.421547074015385 0.0135270924122381 0.563224095264946 0.00170173830743076
0.269605657797412 0.181938596675486 0.338269367850428 0.210186377676673
0.167292227694132 0.196513605618235 0.452214225797169 0.183979940890464
0.192826491689897 0.239846666486839 0.338817794736846 0.228509047086418
0.125513102900069 0.0288949599986766 0.5081215785081 0.337470358593154
0.302738757583095 0.135360712192499 0.151773151434883 0.410127378789523
0.214143277406706 0.161518840791744 0.051767527871002 0.572570353930548
0.556612107218579 0.0397263852815415 0.0204110572152402 0.38325045028464
0.453465379017017 0.203876064218698 0.0545448966952011 0.288113660069084
0.501793322855276 0.117391769985413 0.34769390936176 0.0331209977975507
0.0663372966078964 0.334162387186105 0.0359941384187721 0.563506177787226
0.242011894811488 0.150787645659976 0.295877404714522 0.311323054814014
0.113351238598055 0.354050922423749 0.316495208744372 0.216102630233824
0.065837960332235 0.491723618701454 0.390638000858856 0.0518004201074546
0.00897905624345932 0.421101215421399 0.156779918256161 0.413139810078981
0.304756131907939 0.0927726639886184 0.340610166281492 0.26186103782195
0.359912502156838 0.025716130810672 0.248190754224417 0.366180612808073
0.138800509631108 0.160301996683517 0.310567566149276 0.390329927536098
0.0205288517132452 0.366402913698028 0.350116269942924 0.262951964645802
0.410210256892952 0.415698243037843 0.0299307025224255 0.14416079754678
0.346779227527885 0.467834903984979 0.0119184734796071 0.173467395007528
0.210339595115509 0.426613837264797 0.199503610201755 0.16354295741794
0.479180964852997 0.145679255114816 0.32199916352925 0.0531406165029366
0.127214213725874 0.463729002278065 0.383262594781651 0.0257941892144104
0.0602856022137716 0.203422072122869 0.39668716416433 0.339605161499029
0.452692827679057 0.0154202250341048 0.455911844502209 0.075975102784629
0.157165866082071 0.28160031920943 0.241350776849129 0.31988303785937
0.327161472808394 0.403099345082683 0.20825840006943 0.0614807820394923
0.28503346155081 0.269977712194857 0.182824705197969 0.262164121056364
0.300841688348703 0.445533350509011 0.126734831051604 0.126890130090682
0.135630987756254 0.217027887534748 0.293195805933456 0.354145318775542
0.32312638771488 0.299622109282266 0.261184258684011 0.116067244318844
0.186713686175329 0.228368237430614 0.300001012799328 0.284917063594729
0.577335682282929 0.266687402116146 0.0867261177995935 0.069250797801331
0.588667518099186 0.0386418637976427 0.232722133544906 0.139968484558265
0.380698477619286 0.324233893401889 0.143922741914877 0.151144887063948
0.14847104347598 0.0532371315329065 0.507404144013766 0.290887680977347
0.411449519822512 0.2701987354674 0.0222198165875252 0.296131928122563
0.326013116013673 0.201039715603055 0.121299783594793 0.351647384788479
0.295408595614761 0.0519012480558501 0.593810712281154 0.0588794440482348
0.481044606469795 0.192225745040453 0.221442200104593 0.105287448385159
0.246745846726567 0.0606214095729667 0.215560258320243 0.477072485380223
0.374837932094505 0.156037623444677 0.382205628507617 0.0869188159532018
0.369891728519558 0.0632657852118717 0.349796982437117 0.217045503831453
0.427332409743314 0.0740909249365596 0.257091237705371 0.241485427614756
0.14263447042705 0.356112882840876 0.297504669387049 0.203747977345025
0.223193634143954 0.119345583274043 0.524295168281905 0.133165614300098
0.407914090193568 0.0758778315085345 0.345867163745022 0.170340914552876
0.12968045791113 0.512923323279763 0.204809825913034 0.152586392896073
0.269621653071661 0.17817801938362 0.0691458544701016 0.483054473074618
0.317421679552619 0.24468615153029 0.213964769025687 0.223927399891404
0.547306632661381 0.0290873216852882 0.349923435830888 0.0736826098224435
0.187780861981839 0.335518680579739 0.136294476571863 0.340405980866559
0.393019994901886 0.40526089264033 0.103102991935654 0.0986161205221304
0.3312893196768 0.272857711535335 0.289420110388793 0.106432858399072
0.177987614551873 0.306086139072404 0.324573947119373 0.191352299256349
0.0947086473008331 0.295989864145714 0.279211024075402 0.330090464478052
0.270956206819306 0.163831658425054 0.269632502509309 0.295579632246331
0.354585395132825 0.347300016961272 0.107871144500244 0.190243443405659
0.255084608491959 0.283867182415542 0.435342119565066 0.0257060895274325
0.339525364185297 0.305344975943252 0.0739141972944635 0.281215462576987
0.265718739857546 0.416608484023547 0.199634174698392 0.118038601420515
0.401971241430215 0.229345253394536 0.198788899545888 0.169894605629361
0.346147566885122 0.216420538289113 0.210356511684709 0.227075383141057
0.0140319675098038 0.350309387507748 0.469344876673823 0.166313768308626
0.171237284461777 0.25223061642863 0.210020133509505 0.366511965600088
0.0501083286608118 0.375586471838296 0.185036070077587 0.389269129423306
0.253417749365256 0.251929943141148 0.245861176412275 0.248791131081321
0.178123453374965 0.234628702016642 0.279606302174411 0.307641542433982
0.0943608123339069 0.615322205648445 0.075316465900784 0.215000516116864
0.38537520771293 0.379121831289507 0.219200610493264 0.0163023505042993
0.188288303347309 0.286960654961692 0.278683926850537 0.246067114840462
0.160999885908363 0.289242336198472 0.231084882764969 0.318672895128196
0.116262907468411 0.228753029024513 0.335572048733246 0.31941201477383
0.331390053401716 0.254685671670479 0.319609538139254 0.094314736788551
0.205636220216478 0.380739160845428 0.0795702822407465 0.334054336697347
0.0573083478577345 0.538956434875069 0.21489867701739 0.188836540249806
0.336385009061492 0.202695075630266 0.0871137722785894 0.373806143029654
0.151114106610549 0.268209334883046 0.407595375746577 0.173081182759828
0.309611703754715 0.0907388387146986 0.230628404093338 0.369021053437248
0.26328634650499 0.221456217574625 0.271284023482827 0.243973412437557
0.219204210931126 0.410726911980801 0.368785676046497 0.00128320104157562
0.246705095743391 0.459835842319753 0.0514305934048779 0.242028468531977
0.335220175023377 0.312672949775772 0.261907646972751 0.0901992282280999
0.071209508998069 0.180801384831891 0.582952955382847 0.165036150787193
0.114392145663556 0.112328116878887 0.199651536626745 0.573628200830811
0.11845406953416 0.0419246456520755 0.690423894524584 0.14919739028918
0.368766767561844 0.22162379420112 0.396633392344551 0.0129760458924848
0.0659018272703159 0.249273239574594 0.559305477237491 0.125519455917599
0.197799494683773 0.314844313380815 0.275750413723104 0.211605778212308
0.544789732522247 0.280007956031736 0.0152340541280801 0.159968257317937
0.338821783065381 0.404615567999572 0.0407414087734808 0.215821240161567
0.453485498783448 0.108771084523389 0.16987679823762 0.267866618455543
0.436305663640341 0.20201620857568 0.00894815567525879 0.352729972108721
0.443354580039243 0.0795211223035185 0.140076268368404 0.337048029288834
0.427182485191903 0.257507210102747 0.167833044663783 0.147477260041567
0.281759489204879 0.159966818562736 0.278501918031821 0.279771774200564
0.318906042934294 0.113874231750836 0.203599394665699 0.363620330649171
0.0536713257140864 0.100220091993363 0.460213851547851 0.3858947307447
0.344439267433174 0.229913465491569 0.122467810420146 0.303179456655111
0.447326984742753 0.182671783734908 0.313382269944992 0.0566189615773466
0.399206982660815 0.138778181824154 0.281000407842213 0.181014427672818
0.345946152036042 0.31153199360419 0.0404399951580854 0.302081859201683
0.440013772069858 0.370788226871237 0.0158847626947792 0.173313238364126
0.338216912684261 0.0594295844339798 0.355200631817248 0.247152871064511
0.300379790893711 0.103753952646618 0.282168048995177 0.313698207464494
0.295109375154537 0.416546393870803 0.0205407094872446 0.267803521487416
0.590261548034447 0.334269801997587 0.0333907738495294 0.0420778761184366
0.278701790473297 0.2039773065713 0.222460622369819 0.294860280585585
0.194986789923864 0.394558394051363 0.0965556433720692 0.313899172652703
0.0538393083059379 0.129481018082536 0.557448505253302 0.259231168358224
0.153828259066857 0.308899003493874 0.27722941645193 0.26004332098734
0.563453272974547 0.0292511131279343 0.224696608724477 0.182599005173041
0.212407159765825 0.226890269475195 0.143095772268539 0.417606798490441
0.364467037931933 0.0945582341802216 0.309296683717434 0.231678044170411
0.0395157256108321 0.341066390384131 0.349767201769259 0.269650682235778
0.0959837216309692 0.0649433353652632 0.371123080653597 0.467949862350171
0.238599141585503 0.342745791872551 0.215562681372744 0.203092385169201
0.405518311677896 0.358977626722844 0.0692335728187258 0.166270488780535
0.320086799295802 0.265964623294474 0.285855377728476 0.128093199681248
0.134771923656672 0.441560852101832 0.387157820645777 0.0365094035957188
0.211717964808347 0.300354386534673 0.272279816911254 0.215647831745726
0.383531776945122 0.317690575875411 0.126336962689503 0.172440684489964
0.0914704212939733 0.419214284055324 0.149834521861078 0.339480772789625
0.443012929572985 0.0884140372666219 0.0980378214759803 0.370535211684413
0.159926446582532 0.16803227278573 0.545543851707982 0.126497428923756
0.313631444204121 0.320194868886403 0.29982114171099 0.0663525451984856
0.0727781152178986 0.468556009115083 0.0927926167438283 0.36587325892319
0.190062185015323 0.42168901327938 0.00600187402731577 0.382246927677982
0.150615880094693 0.0496138916237697 0.268336445654751 0.531433782626787
0.401591469802573 0.190266880043435 0.319485100750337 0.0886565494036555
0.342604870402482 0.326995298797027 0.222750480931894 0.107649349868597
0.567479379369234 0.229891375815823 0.141249801047181 0.0613794437677627
0.35586293627664 0.0964384971869518 0.383245649286288 0.164452917250119
0.0603438753565159 0.316801639701998 0.387248100078744 0.235606384862742
0.211460514873171 0.461963392400681 0.0671595534007759 0.259416539325372
0.131751520788917 0.473741573510005 0.364827392882958 0.0296795128181189
0.431634059504948 0.0694081175672888 0.0122393836378178 0.486718439289945
0.137178629522543 0.0696988175467196 0.365540715139646 0.427581837791091
0.192184787311355 0.422690120467783 0.23668450185609 0.148440590364771
0.210287488875013 0.194954217899989 0.288078244509453 0.306680048715545
0.147876648263682 0.31139447179879 0.339258842095346 0.201470037842182
0.163158064117167 0.299920851766576 0.480245220537745 0.0566758635785114
0.299999336327463 0.237988999657996 0.20214680707929 0.259864856935251
0.120739509756761 0.240697963687898 0.295138479111108 0.343424047444232
0.158050711171317 0.194413620773028 0.22994474423805 0.417590923817604
0.372042222696159 0.273131792619905 0.223029308751006 0.13179667593293
0.442322005128604 0.117838366545085 0.281147773468869 0.158691854857442
0.341787246247927 0.0915187144504028 0.144149349546326 0.422544689755344
0.445733427981877 0.0431144011660526 0.444546173291148 0.0666059975609217
0.0733981113282324 0.337315170701156 0.290455788279979 0.298830929690633
0.186923965648673 0.428081228989726 0.182242260446386 0.202752544915215
0.439103754764307 0.0357542995872926 0.438106357512926 0.0870355881354749
0.254998488936783 0.243638544939029 0.239462439603849 0.261900526520339
0.0774891598932411 0.252371930094965 0.392671292724926 0.277467617286868
0.264173834595982 0.319166286579873 0.00956722285733437 0.40709265596681
0.183477439451039 0.143076893812596 0.336352176550189 0.337093490186177
0.317799943152547 0.394436152290601 0.274157059999048 0.0136068445578028
0.066943578717208 0.184075685169586 0.384985765963 0.363994970150206
0.448532181557178 0.0416623440350733 0.298545652567633 0.211259821840115
0.0478567806603288 0.660954494339421 0.186795411218948 0.104393313781302
0.374405857162588 0.0390371882644572 0.226410113999022 0.360146840573933
0.456750123745358 0.149724834515164 0.0506981127787399 0.342826928960738
0.336978801686816 0.349237646131077 0.0692829913664094 0.244500560815698
0.0817546748037327 0.413997663342137 0.168072534258035 0.336175127596096
0.061422061457701 0.221491241652239 0.362832926695231 0.354253770194829
0.433955497262619 0.0281850582270445 0.10796511696265 0.429894327547687
0.324319446656845 0.107051348315591 0.229783986201765 0.338845218825799
0.369956855695947 0.105938024326369 0.0512512455494805 0.472853874428203
0.0305862080197182 0.404148636724075 0.0008584835959626 0.564406671660245
0.180611152701094 0.384707638035958 0.366733753222561 0.067947456040387
0.1021489618991 0.387682421703631 0.445363542342062 0.0648050740552072
0.341349459517088 0.393554348606949 0.120568255683167 0.144527936192796
0.0480315027985179 0.134821164449579 0.335911906116904 0.481235426634999
0.451722413791211 0.0106019617574892 0.2636121037822 0.274063520669099
0.356006598390083 0.413686996667801 0.159843547428044 0.0704628575140728
0.270331028354775 0.347256136255272 0.3785079239204 0.00390491146955402
0.303832779258318 0.151351264135518 0.257893341855812 0.286922614750353
0.272608312514828 0.208982981704529 0.260530168156377 0.257878537624266
0.280827360096267 0.245020751734881 0.314706656989414 0.159445231179438
0.00883123619020436 0.521820733592386 0.301963606046872 0.167384424170538
0.169727566075568 0.364430887246496 0.0775936088629743 0.388247937814962
0.311122316194947 0.269110905524773 0.136097894906611 0.283668883373668
0.155839482412358 0.267867872207049 0.396020520421232 0.180272124959361
0.0946883889618089 0.410477365582507 0.404955494733144 0.0898787507225404
0.329438816236613 0.284843253110709 0.190605151588405 0.195112779064273
0.393355981954005 0.190487695645447 0.351314306403792 0.0648420159967564
0.257053171424116 0.0715961627647096 0.386678207259828 0.284672458551346
0.274501721412132 0.159787371099827 0.152977025307465 0.412733882180576
0.362733863630737 0.334580506655572 0.0630647043832564 0.239620925330434
0.245867848227675 0.240962711238785 0.39389013084315 0.11927930969039
0.126193689050085 0.182435546815229 0.485985659703917 0.205385104430769
0.554866645741147 0.358521359800098 0.0714824359962865 0.0151295584624684
0.190332107550581 0.307619870834187 0.0144062202002713 0.487641801414961
0.129865237787993 0.333298962821035 0.403847532128136 0.132988267262836
0.140273410285363 0.156377736568891 0.277397515147417 0.425951337998329
0.211791426388557 0.184824323161482 0.33832061675955 0.265063633690411
0.0328261989864542 0.620012272472592 0.0867228153755774 0.260438713165376
0.249324374782747 0.200274166922889 0.322251360939993 0.228150097354371
0.365122245374955 0.267228793143598 0.29644618540014 0.0712027760813063
0.332267273472382 0.267866321894865 0.13157296793753 0.268293436695223
0.274750912334138 0.151686626620785 0.26223818475133 0.311324276293747
0.223940366056723 0.000721834384566058 0.385379702657245 0.389958096901466
0.107244140017158 0.373539609886682 0.144680003899582 0.374536246196578
0.522693446891204 0.385786511101738 0.0888323245486468 0.00268771745841154
0.135225612733797 0.236231799153482 0.247669061362944 0.380873526749778
0.236663191247638 0.57922305679125 0.0507381655521881 0.133375586408924
0.0461754835041128 0.46354086950203 0.0165788007635064 0.473704846230351
0.20004486480112 0.271968790023412 0.185291051645097 0.34269529353037
0.323215545876825 0.370982976059396 0.125679344701694 0.180122133362085
0.22057590824937 0.175206184495546 0.356405558752486 0.247812348502598
0.310448752684555 0.256322793835977 0.198356417146707 0.234872036332762
0.314226018198239 0.165661533949796 0.0955115120864658 0.424600935765499
0.376588976702064 0.399220574730958 0.134063990370444 0.0901264581965351
0.33606485880839 0.166319602764627 0.260854980555649 0.236760557871334
0.185960993405566 0.357606238874495 0.292758885474055 0.163673882245883
0.300602125621821 0.223518933511236 0.140168498289019 0.335710442577923
0.124327892516458 0.0137458661576005 0.333385906191249 0.528540335134693
0.25367587835966 0.195388264329672 0.456799833288779 0.0941360240218891
0.159275028674264 0.266462598756042 0.428259260364504 0.14600311220519
0.244092456050289 0.361559298380845 0.234469609604311 0.159878635964554
0.333155594880064 0.325049669135014 0.175546292636249 0.166248443348673
0.759861271856413 0.0992601291029243 0.00679459598325235 0.134084003057411
0.0264825231253845 0.367448096582946 0.108416639637298 0.497652740654372
0.421045328870627 0.191364699512985 0.182248921048683 0.205341050567705
0.302775470223232 0.00106358616927448 0.138332085107302 0.557828858500192
0.350600294069191 0.266072813073664 0.169566478028218 0.213760414828927
0.413235472874613 0.330060752633094 0.0337344492150376 0.222969325277255
0.351453744648842 0.257610241006196 0.190495744414827 0.200440269930136
0.032419172750821 0.331647315241233 0.45955816426804 0.176375347739905
0.438338954258227 0.0895980336996226 0.460115151648075 0.0119478603940749
0.108390323014352 0.510040183057135 0.376880826345102 0.0046886675834113
0.251912660213552 0.29998899269696 0.332168397688659 0.115929949400829
0.141702557686873 0.426732856443018 0.367695939109731 0.0638686467603776
0.00373086276052196 0.373635969472041 0.214059165004431 0.408574002763005
0.238336101127483 0.643402275095409 0.0908102520745998 0.0274513717025086
0.0970952739251792 0.348310240535171 0.268462508716654 0.286131976822995
0.362285234290905 0.156292923452145 0.22130244078604 0.26011940147091
0.366231725390848 0.00319095920348642 0.228251595159801 0.402325720245865
0.202853561431202 0.422381187119776 0.347828185111207 0.0269370663378147
0.363406909075445 0.116796929930933 0.113267850587555 0.406528310406067
0.417518941275553 0.190304791861768 0.258690906493842 0.133485360368836
0.4092405394001 0.0412214314198536 0.33541712022444 0.214120908955606
0.306036136369108 0.505657429458534 0.100562020814575 0.087744413357783
0.464902766807796 0.35362173201663 0.102957239399358 0.0785182617762148
0.0808204708402395 0.311135227997795 0.323432591055769 0.284611710106197
0.105366368665048 0.363754174811164 0.278236382595996 0.252643073927792
0.542160432318568 0.297376899576675 0.020881738494647 0.13958092961011
0.384663260728346 0.138932484439921 0.445678024566903 0.0307262302648297
0.303297236787834 0.0125354077814898 0.30752454510743 0.376642810323245
0.337313014910035 0.286510181793067 0.235010360304349 0.141166442992548
0.208295459466613 0.404983581816521 0.195038544829442 0.191682413887424
0.0325885098873695 0.614016398078361 0.0167709664005165 0.336624125633753
0.2056562532719 0.157992605812299 0.157290627435159 0.479060513480642
0.495391462575273 0.0251696525190163 0.459186804062099 0.0202520808436111
0.0764697798462943 0.0495313283476249 0.291539674560716 0.582459217245365
0.0318654733884218 0.456219584889661 0.228001402010598 0.283913539711319
0.272330106313993 0.159931464699509 0.223543556663068 0.344194872323431
0.264823842860808 0.11296853835954 0.284212280493093 0.337995338286559
0.456123612242579 0.357665399365576 0.0642990145035973 0.121911973888248
0.300997209516737 0.15894144387831 0.273109761427907 0.266951585177046
0.305344608590514 0.416405852885882 0.226367775734422 0.0518817627891815
0.0691930670963797 0.232967126970345 0.29144970147536 0.406390104457916
0.299721036532354 0.166341086415957 0.313946902542875 0.219990974508814
0.0500356163346879 0.0732949471240904 0.540924020009776 0.335745416531446
0.298695860041985 0.0987720769043433 0.156655349595794 0.445876713457877
0.33474727563542 0.322578676196383 0.00207776403729462 0.340596284130903
0.349038461622609 0.148989488617436 0.117541185912139 0.384430863847816
0.0840831744867193 0.31155158980044 0.21176865008927 0.392596585623571
0.217144340611582 0.246837066605367 0.235798721137164 0.300219871645888
0.106399238734015 0.125952325674503 0.411000012054328 0.356648423537154
0.27559178274401 0.230343571676062 0.274927023422827 0.219137622157101
0.159006602607236 0.335395992350912 0.374704049625207 0.130893355416645
0.135449422323593 0.286815411755681 0.160629844337336 0.41710532158339
0.461626172015065 0.291260180645031 0.150588118757502 0.0965255285824014
0.199463838332517 0.13150156824225 0.289217478625389 0.379817114799845
0.29738313812267 0.339402241757343 0.0809062959263468 0.28230832419364
0.394538358001336 0.286330007269143 0.0939634809910354 0.225168153738486
0.0744452593087598 0.442243988422164 0.410204372843589 0.0731063794254874
0.216292905801993 0.307221662763495 0.184092769193388 0.292392662241124
0.453552575515955 0.249646733524717 0.04639681767167 0.250403873287657
0.0869611450222351 0.30456321610582 0.361130502486859 0.247345136385085
0.303259954284501 0.277491719205224 0.206853959499663 0.212394367010611
0.0434264038059621 0.719242352419916 0.0194588803822847 0.217872363391837
0.0500105341160666 0.241038506645149 0.581594316021547 0.127356643217237
0.5146688899086 0.399959636110775 0.0538338355519185 0.0315376384287059
0.62724521715693 0.0361487845946887 0.184520894083146 0.152085104165236
0.368451408007012 0.0434076969787206 0.313553120623941 0.274587774390327
0.287292316827249 0.418325278955932 0.118988612794283 0.175393791422536
0.506879842551991 0.329255813904655 0.14688552303093 0.0169788205124239
0.554085690924452 0.113528450655819 0.0552243964486466 0.277161461971082
0.224628154365916 0.112652144345995 0.285294409278204 0.377425292009884
0.524876542170661 0.156944744363525 0.0535914237410652 0.264587289724749
0.267604383337799 0.298958160156098 0.296492038599313 0.13694541790679
0.185017436037429 0.249489233165701 0.257127451567787 0.308365879229083
0.409542850577545 0.202956306173005 0.274702586547108 0.112798256702342
0.3477094474211 0.27734073018062 0.255110169589436 0.119839652808844
0.300570910031262 0.0515236260120581 0.288464474724 0.35944098923268
0.00106532760962047 0.30209595043269 0.225149690751488 0.471689031206202
0.197126618469222 0.381814811397167 0.222502949547945 0.198555620585665
0.0189913849600444 0.313628870573975 0.293852264030314 0.373527480435667
0.228522098476057 0.257911472738721 0.27916279182323 0.234403636961991
0.0888252237444127 0.402291883039437 0.460153703122126 0.0487291900940249
0.0725627189193014 0.337511838105478 0.183011555975852 0.406913886999368
0.0372227197117239 0.33309765177236 0.293543826031442 0.336135802484474
0.278252727031661 0.196372310677002 0.156575732562939 0.368799229728398
0.0544592619489815 0.498138964144931 0.425278253634928 0.0221235202711594
0.322827065337163 0.193417953049203 0.157092007938774 0.32666297367486
0.0209127533598753 0.390272381917678 0.314579236253113 0.274235628469334
0.293962087757148 0.0992997586343564 0.497165193860981 0.109572959747514
0.196376263435253 0.390995852203468 0.335506618061994 0.0771212662992849
0.389898658325033 0.0184530788757692 0.146181740376335 0.445466522422862
0.389325956344767 0.0996149068960607 0.451343110694206 0.0597160260649667
0.427195768607417 0.0270351142858387 0.246034466865717 0.299734650241028
0.480682231476444 0.214470052087082 0.294520721387909 0.0103269950485651
0.540368298667944 0.0359110193735341 0.38817615718619 0.0355445247723321
0.16172204498982 0.326054057594429 0.40042667118424 0.111797226231511
0.0870977192323086 0.220031510883008 0.487720602662723 0.20515016722196
0.177855614661396 0.246367676538323 0.177687558471547 0.398089150328734
0.225380251685156 0.0570489543351428 0.286939501110972 0.430631292868729
0.46607976862729 0.0524350274627019 0.480736849926967 0.000748353983041229
0.328488805876031 0.46042186841461 0.0998499843511049 0.111239341358253
0.38129888469564 0.189724765181903 0.130261038127683 0.298715311994773
0.232566821185102 0.464274324386318 0.134716220215919 0.168442634212661
0.338105168258726 0.155495092504638 0.297853626832787 0.208546112403849
0.345621631713443 0.448060692179481 0.197444179117679 0.00887349698939683
0.278252483887139 0.119960869810551 0.117996673614859 0.48378997268745
0.342194552591549 0.000430508679585449 0.278215319226757 0.379159619502108
0.173245834727777 0.145436787746368 0.387957618298875 0.29335975922698
0.481506414263668 0.0831923938682254 0.184612651622696 0.250688540245411
0.482850708884155 0.194548457040317 0.100310645555816 0.222290188519712
0.204089502063267 0.288553191542676 0.230891104748245 0.276466201645813
0.412314842848989 0.407619689291333 0.123235919006912 0.0568295488527663
0.375531414413734 0.00144932184373218 0.547437841816143 0.0755814219263909
0.130891557362033 0.287757430330661 0.446555955375116 0.13479505693219
0.211102790446046 0.088911360380742 0.15672382162336 0.543262027549852
0.0774040718439864 0.232826374311039 0.0078316693518924 0.681937884493082
0.307321436335736 0.26091478298464 0.110596586002772 0.321167194676853
0.358705550490698 0.124638652742522 0.285127313025542 0.231528483741238
0.24230277400715 0.266382110571332 0.193931621874453 0.297383493547065
0.337707810936647 0.406053779266854 0.0691983715338557 0.187040038262644
0.0483419695695097 0.214701548653648 0.483347788624114 0.253608693152728
0.353901630195503 0.160775711913053 0.357911230835918 0.127411427055526
0.299008268126709 0.409496492855422 0.273996186881966 0.0174990521359036
0.43616073272921 0.0208883758845424 0.029921472123721 0.513029419262527
0.0138498745612369 0.166691504221928 0.274351528620927 0.545107092595908
0.306429372759964 0.242361447155638 0.196591343028203 0.254617837056195
0.204577114404401 0.0491171510362201 0.688260149323492 0.0580455852358874
0.13630578108472 0.604235369746191 0.185839046309764 0.0736198028593251
0.0437693368531129 0.310245492720531 0.398294191974123 0.247690978452233
0.168097718772218 0.25721642540718 0.239509192932187 0.335176662888416
0.385823942582161 0.0706655514396211 0.473486102175614 0.0700244038026041
0.349711534244691 0.20915590443517 0.222140735230497 0.218991826089642
0.278141536652349 0.352338347018353 0.036206081308225 0.333314035021072
0.311509948138579 0.227043644706062 0.397410808611988 0.0640355985433708
0.259374822207479 0.46992798544402 0.114253240278372 0.15644395207013
0.327617658074872 0.23393046373653 0.132276475925558 0.306175402263041
0.164408701225884 0.642691996057783 0.0415424045580396 0.151356898158294
0.0231344489916494 0.309354343184921 0.399408464627014 0.268102743196416
0.374855908557601 0.00956229722042494 0.365244910782092 0.250336883439882
0.217679439245666 0.125322752411868 0.287927427390108 0.369070380952358
0.167446693030349 0.212418334741774 0.340083516174705 0.280051456053172
0.203170897423433 0.278429729188615 0.193339416421793 0.325059956966159
0.195153376845501 0.443764556115388 0.119513327427013 0.241568739612098
0.737886350012212 0.117984846897666 0.143547082954421 0.000581720135700986
0.318117206615531 0.303122866318368 0.243911599817652 0.134848327248449
0.280480620086934 0.281705248177608 0.178926285895833 0.258887845839625
0.223470027123507 0.11459118851315 0.297415735025856 0.364523049337487
0.384821647378014 0.0461137744510075 0.424559984253813 0.144504593917165
0.286087849279086 0.409992858334184 0.0119116021343438 0.292007690252387
0.202002717040976 0.287153368483531 0.27951751307256 0.231326401402933
0.222112912719479 0.230846679671847 0.291784832901019 0.255255574707655
0.438544427229153 0.0254975638617774 0.370825054147021 0.165132954762049
0.243089269771146 0.584370543670912 0.0906295950438048 0.0819105915141372
0.151670149775462 0.422533329902056 0.197949276071621 0.227847244250861
0.219486946807985 0.340625640174128 0.325514007295877 0.114373405722011
0.27305493035843 0.102571345945617 0.339576934413362 0.284796789282591
0.431596144302044 0.0501786843569684 0.391598377980153 0.126626793360835
0.319353757703793 0.0509288569204579 0.306146668934314 0.323570716441435
0.373815224304785 0.356127987980586 0.0648096893890126 0.205247098325616
0.228351531075991 0.0689743515888277 0.466653102520995 0.236021014814186
0.174068879713861 0.427472373647264 0.0573196276264496 0.341139119012425
0.355019150112831 0.190890105800452 0.0418232695761585 0.412267474510558
0.187454983490572 0.325004708367077 0.0536760812076255 0.433864226934726
0.277777322469299 0.221905740728304 0.126565823719129 0.373751113083268
0.0571736840767011 0.0452299703591105 0.488988153737161 0.408608191827027
0.112952804640265 0.166620684130506 0.357011859928006 0.363414651301222
0.155197783329676 0.387839487387351 0.334386618203398 0.122576111079575
0.443706429870208 0.219645696972717 0.255607940543729 0.0810399326133455
0.197070607908555 0.297510004342976 0.174587588026379 0.33083179972209
0.342766799867446 0.316520897623582 0.134507839285946 0.206204463223026
0.32128764838382 0.426751725799643 0.243220585558782 0.00874004025775487
0.426086878946337 0.0312864446500323 0.178259257592255 0.364367418811376
0.172381638370536 0.495044317274625 0.0522626394503519 0.280311404904487
0.204149840657036 0.187491392019029 0.592353508829765 0.0160052584941709
0.106844467459631 0.313972044552294 0.273558819825056 0.305624668163018
0.382589018156799 0.538369712048685 0.0364279937656432 0.0426132760288736
0.40670763732232 0.0509806712271795 0.378358543196093 0.163953148254407
0.474374313495348 0.0520548548696293 0.386316687890734 0.0872541437442895
0.389970681249901 0.284943923720605 0.169797279801377 0.155288115228116
0.128554981125311 0.166024734994006 0.0274266810537518 0.677993602826931
0.317215171572168 0.316120097613096 0.294491633847703 0.0721730969670331
0.161957461954485 0.749702558611744 0.074271378585927 0.0140686008478436
0.353924938482424 0.348567218796098 0.2021425549962 0.095365287725278
0.118893284187156 0.312857749322568 0.370037675693119 0.198211290797157
0.013312878227596 0.445323303392515 0.236885206737413 0.304478611642476
0.188738014023208 0.235353226268149 0.306912587860299 0.268996171848345
0.0464916655530161 0.455439346169109 0.121461391145515 0.37660759713236
0.36122469978588 0.118061003223395 0.174439124178402 0.346275172812323
0.423687993224697 0.356499831841453 0.137404986567786 0.0824071883660641
0.39438385345193 0.0624372711056128 0.0230460590815975 0.52013281636086
0.309681379319956 0.0164958583543371 0.3406408639593 0.333181898366407
0.326083613595219 0.242334438861837 0.0949890924742884 0.336592855068656
0.316073259670176 0.103726584858642 0.359597639984131 0.220602515487052
0.422565984648414 0.116833526500622 0.118583138332779 0.342017350518185
0.292879881282244 0.120014785173455 0.324190383330805 0.262914950213496
0.0332466227143615 0.0324679306562577 0.15359484463507 0.780690601994311
0.0600707549037433 0.0472559515955414 0.628757902299975 0.26391539120074
0.219405733879198 0.388217703850481 0.22730971926803 0.165066843002291
0.248354160325191 0.35600734529239 0.192345472298242 0.203293022084176
0.44204336855922 0.0099863681233044 0.436359179293184 0.111611084024292
0.683975437229943 0.228136211009791 0.0476924899961637 0.0401958617641021
0.348540459992747 0.034695195644719 0.228000948241484 0.388763396121049
0.198841846666365 0.00123964073056039 0.785301517422028 0.0146169951810463
0.472106889360854 0.105986290848084 0.0621215520441813 0.359785267746881
0.407576463963089 0.195457766260218 0.300168074346023 0.0967976954306703
0.371220302246512 0.201806737552176 0.258064515917045 0.168908444284267
0.506027589343974 0.361820207830436 0.049777412958764 0.0823747898668268
0.106305463953956 0.266636018258094 0.299271764167945 0.327786753620004
0.340022596073439 0.0773904628780514 0.335248839019152 0.247338102029358
0.176650269553525 0.227253574207229 0.232827262794132 0.363268893445115
0.28022933396976 0.281414037264315 0.24972498846572 0.188631640300205
0.37519156967423 0.335698462525953 0.0580441815915435 0.231065786208273
0.127670327605248 0.210074659183492 0.435869920096261 0.226385093114999
0.155941498050136 0.254831792462313 0.308047815210109 0.281178894277441
0.167910266681471 0.295280971424435 0.23728006822004 0.299528693674053
0.134087252290705 0.417392793823927 0.329533348321013 0.118986605564355
0.298606285695467 0.346338798749522 0.186545648467955 0.168509267087056
0.182668721208764 0.303276295882444 0.17790910698061 0.336145875928182
0.0886908802009955 0.200214500777142 0.632259617409989 0.0788350016118731
0.10427456502447 0.157731889452114 0.28377236149203 0.454221184031386
0.163011630803676 0.31791806394717 0.482788647274985 0.036281657974168
0.296120599770722 0.0679704860691527 0.531741249470524 0.104167664689601
0.199452306875033 0.140419718936792 0.409671565124789 0.250456409063386
0.215295591100996 0.165865089326107 0.278573080589446 0.340266238983451
0.0657539783118392 0.382217013074099 0.420211338705706 0.131817669908356
0.146433448009159 0.117678804576698 0.193916383929827 0.541971363484316
0.0251279649407097 0.185043026842003 0.326806265712908 0.46302274250438
0.166104672327265 0.304435660662356 0.355948687075264 0.173510979935115
0.113722779781708 0.344129709272587 0.390919842911458 0.151227668034247
0.389419678290865 0.459548787334114 0.112873707980165 0.038157826394856
0.093148070739827 0.322504616930017 0.248126743916457 0.336220568413699
0.2751924807157 0.279284059413717 0.151651589036833 0.29387187083375
0.156057920765461 0.214801677136002 0.296987460605908 0.332152941492628
0.284227364237149 0.256524660640508 0.298241641679288 0.161006333443055
0.416041375760765 0.536440306931156 0.00119265947581631 0.0463256578322626
0.357618971734745 0.295694483013976 0.320279322425702 0.0264072228255776
0.280244532452309 0.136060469379512 0.143929696107545 0.439765302060634
0.421407434774442 0.119052986343919 0.375998249641241 0.083541329240398
0.418866589945266 0.224404513646966 0.218193616082904 0.138535280324864
0.117713871291266 0.607676855091401 0.10914328525015 0.165465988367184
0.264618944700217 0.118567281543995 0.215415604277564 0.401398169478224
0.117280533572835 0.322748156370013 0.449799343305737 0.110171966751415
