0.182205953474379 0.000742933676337654 0.050007295740556 0.292722076112729 0.0104180521127275 0.263094268312886 0.200809420570385
0.0319380393749482 0.108552234025248 0.165350756131728 0.185818550480877 0.160473744487345 0.195296384382396 0.152570291117457
0.236961533351066 0.217858018986663 0.0103785890165352 0.0730300723740405 0.0554742495336938 0.177195159832546 0.229102376905455
0.17706960258057 0.162906433496845 0.163267108113199 0.0370203422339566 0.199695387974315 0.0975454322530352 0.16249569334808
0.124754540523502 0.206488706703126 0.266551122237596 0.158090453201166 0.0354861498388985 0.108351383948588 0.100277643547123
0.178016705105926 0.124681245522046 0.00187626149614425 0.205881717744233 0.185643442317247 0.103377652251071 0.200522975563332
0.0774167463324412 0.276328420975103 0.0569872888850373 0.299090840142122 0.0747277440802883 0.0281941221484725 0.187254837436536
0.298315679631413 0.0335666022850795 0.0868331892171706 0.380237541572042 0.120963030411225 0.0748152709604191 0.00526868592265169
0.129690666319958 0.00356140668352927 0.213910861127189 0.196638128537562 0.0976160454928134 0.160588107067099 0.19799478477185
0.0273509014050941 0.129403018069841 0.0250101485867995 0.0577817940468373 0.252035724757864 0.231973638024503 0.276444775109062
0.0437480306627793 0.122027434132737 0.0896526656285242 0.296434659804045 0.160671440577539 0.154969176202408 0.132496592991968
0.198952520423591 0.252963237925478 0.148059702364003 0.199443764743371 0.151108519381016 0.0306541393383336 0.0188181158242089
0.0639577027444494 0.0233846339189533 0.309694935096407 0.0907835481167 0.0236346276627551 0.324320230257138 0.164224322203597
0.110660217692802 0.265480005688503 0.167302583907518 0.254136118735198 0.123053643217401 0.0773372900284209 0.00203014073015759
0.183117949411446 0.0392368871194802 0.192507826311769 0.106583836569258 0.186155277416602 0.195732710278398 0.0966655128930465
0.137423242968329 0.0537121224208516 0.196810626696481 0.110352898248917 0.143199647260978 0.152595319870467 0.205906142533976
0.270028706204919 0.184102178305939 0.0333205987072965 0.025940721488431 0.177566246785888 0.0792751747876658 0.229766373719861
0.230661819232186 0.106388128905711 0.145027052640622 0.123263738353404 0.184363581026597 0.187901054789657 0.0223946250518235
0.0787326591474769 0.188692595076502 0.182244483017107 0.186486499889699 0.197145212439975 0.106853176033414 0.0598453743958266
0.134476028558076 0.16352478086532 0.275145102613085 0.171271044081623 0.0395459603640507 0.126473386409749 0.0895636971080961
0.272615407227515 0.136165347140828 0.0313045083515577 0.254294334103377 0.106406034906744 0.16834225679415 0.0308721114758274
0.224878306542693 0.0221713198381225 0.158935494005664 0.0148664505386152 0.0182538425923491 0.284367558719254 0.276527027763303
0.199237877534938 0.158471651635296 0.179510203141146 0.089013180965467 0.127404659367015 0.0586252093063102 0.187737218049828
0.157631842522044 0.163204824427943 0.196696772781619 0.171876185344921 0.0682045420099768 0.10150797508699 0.140877857826507
0.121626444124695 0.0812242632431334 0.126672584622076 0.326989313705223 0.0286017682969989 0.139104533292488 0.175781092715385
0.0411262311207551 0.158527419576241 0.102204341807391 0.0598336590869876 0.24024189777182 0.201499745556286 0.196566705080519
0.213386652748789 0.0678742875568028 0.214196490546329 0.0436189096504325 0.25190102136133 0.0251547673009968 0.18386787083532
0.261918300080012 0.0205824409624637 0.0615185446869185 0.0867424072980907 0.0653930576000657 0.308334517718024 0.195510731654426
0.0359894080371281 0.222098547809711 0.0111147281348309 0.202320403089202 0.108974081349678 0.198382642259956 0.221120189319494
0.0924246608682 0.170858327356497 0.235289499310523 0.00561584102097342 0.0739705089475294 0.2415450019897 0.180296160506577
0.202202216048575 0.134302312547934 0.0524972671232527 0.240440216050655 0.155258834091248 0.181735215685736 0.0335639384525984
0.00732142291010447 0.282146041313841 0.0217544585677685 0.184358116601331 0.291713624977036 0.166911836484473 0.0457944991454463
0.217186348383488 0.0946059231469655 0.174694497896644 0.0388818271038873 0.118047321350765 0.128864971236819 0.227719110881431
0.219892374447783 0.16705347471044 0.10189105166776 0.0214814073095514 0.0331973694606372 0.218789552737194 0.237694769666634
0.0717097330434359 0.0737248446339359 0.214755427639113 0.306863783161586 0.162162973512324 0.169489458384729 0.00129377962487609
0.0275952734081791 0.313525291181501 0.0800018692437682 0.115514798508531 0.20139301969333 0.0667296898671736 0.195240058097517
0.0515142696395317 0.193723574910825 0.0377761970995377 0.211499017987173 0.347139818377231 0.00243638154795208 0.155910740437749
0.168640254686499 0.108345529916769 0.146546410877423 0.165537727011811 0.130013665541461 0.0592428793343577 0.221673532631678
0.0557569379596612 0.110989218913596 0.159693591999764 0.319284587202934 0.00984115896734836 0.277354119072805 0.0670803858838921
0.254582553024948 0.00667107322004879 0.202181572586961 0.283177069741096 0.0290331381849166 0.134975880809458 0.089378712432572
0.101059404119519 0.00883480640968448 0.260037461493287 0.0852676525209339 0.359416949191524 0.0421058149671108 0.143277911297941
0.152043475219914 0.111247097471045 0.181105399228559 0.0105205663021551 0.200772388151319 0.111512869209535 0.232798204417472
0.0287808538315736 0.104378868255893 0.032203196374636 0.19634723376945 0.354441883738345 0.247361765457076 0.0364861985730261
0.338559964098008 0.00251484183946219 0.0871784579454402 0.152340808670396 0.00255454514002718 0.341435769848665 0.0754156124580018
0.100393021344284 0.050949005847332 0.323195250665794 0.106263530127292 0.25397341013127 0.0783518939932964 0.0868738878907325
0.228679696407847 0.0813388305398656 0.0847623509762928 0.118600220676088 0.19038063127127 0.212476877812676 0.083761392315961
0.15853794218863 0.254871914570066 0.0731228146786332 0.0695085526831122 0.0713765757213419 0.0702595676058807 0.302322632552335
0.0776512335771675 0.205052023843683 0.0904670839009958 0.242095644811515 0.125876775498029 0.221229001240104 0.0376282371285063
0.16072556817146 0.131590573835675 0.229167753503927 0.0329047390614669 0.0266512778371978 0.13845909493014 0.280500992660132
0.0592838602077518 0.238457576236923 0.200693537586571 0.232630450506215 0.0994691539586216 0.000831027225375979 0.168634394278541
0.129150998425656 0.240039358289179 0.10785835487471 0.190467091725345 0.135667184774105 0.114391593394548 0.0824254185164564
0.0350266318249991 0.0438689321712769 0.221901059894381 0.025847816216041 0.236627270309076 0.244781606413817 0.191946683170408
0.0816205483936686 0.0949148186418992 0.33188204746679 0.177621842112214 0.0112463076558419 0.277972519836151 0.0247419158934349
0.34097885228647 0.178423916966486 0.025239711385268 0.163293743805381 0.0433981748649281 0.207067613637992 0.0415979870534751
0.381183623365293 0.141635422969547 0.0388488929545415 0.119871472670997 0.301828560507344 0.014950624942571 0.00168140258970605
0.086735378538887 0.0729859200043657 0.316200347937113 0.281950980096713 0.0909378975259285 0.0859789647765523 0.0652105111204406
0.134158201958022 0.140570324674234 0.100874154469449 0.0159591667961077 0.0950321322648904 0.180634225615839 0.332771794221459
0.239093712801167 0.110029193188462 0.187229324636876 0.0612537854362094 0.15382797993818 0.0839094070533177 0.164656596945788
0.122675623094224 0.142675828286427 0.270931801388804 0.215193065726111 0.0880083275834126 0.134630255009863 0.0258850989111581
0.0956030317692007 0.136291372751819 0.184361878334902 0.178312329587355 0.065002571296077 0.264915460464847 0.0755133557957985
0.205973932146773 0.190120264417414 0.0243370658127788 0.239128062824637 0.0438671164163292 0.114471832952714 0.182101725429354
0.191187626663516 0.184730896629898 0.0886645662364679 0.0691178280841728 0.153818536791324 0.195364324257791 0.117116221336831
0.105051645408707 0.27835544779354 7.70739146326507e-05 0.240596026011696 0.258877580017649 0.0546267251541718 0.0624155016996034
0.0596830353629403 0.208224216269799 0.104499324620824 0.354326013519368 0.178604003811417 0.0375710185242198 0.0570923878914312
0.132574376246199 0.0988869421382724 0.055435401876049 0.233574037841946 0.226491039308161 0.196089651008164 0.0569485515812077
0.151520035140275 0.132362239774901 0.204222038740769 0.00411308586739124 0.151786811513958 0.203616720225999 0.152379068736707
0.155464752845716 0.206342773175484 0.134585970615676 0.112487028751104 0.0904947207356478 0.123542825578817 0.177081928297556
0.0161477768004144 0.0990048327705403 0.0665222000643377 0.122831684329327 0.26638282082168 0.38777644916772 0.0413342360459805
0.344582219621638 0.14324360503519 0.144057103477903 0.0805009381694478 0.0690177801794619 0.161457098158107 0.0571412553582528
0.219067313914375 0.0291706141450704 0.20207016350219 0.114408955321574 0.00552763096460268 0.359674978649184 0.0700803435030043
0.237792715333582 0.103474639302547 0.0219572100253441 0.233641911366712 0.0960984571468747 0.164125071482559 0.142909995342381
0.192913397903158 0.0489688345789121 0.193575262401206 0.0669707560894453 0.16786313983719 0.179060647949956 0.150647961240133
0.244040124080549 0.266123513070813 0.108002828935209 0.0252578548163321 0.0652985974484239 0.150340764039623 0.140936317609049
0.0700301982791562 0.306356766925744 0.143097642992053 0.0999818511199525 0.157304918597829 0.163897095681883 0.0593315264033817
0.276011134481154 0.0212777610208359 0.118403126065506 0.00477099636027534 0.19595596470256 0.107601705123538 0.275979312246131
0.19145491677825 0.225198480299995 0.062302591952666 0.215779426543367 0.115850034221276 0.118337403526981 0.0710771466774658
0.112477601304987 0.157931788551813 0.0732907512060496 0.169373786388134 0.194050205685126 0.0419988669835013 0.250876999880389
0.13481156258657 0.227393009048848 0.095786972186127 0.344532832255093 0.157073836374904 0.0269950788426402 0.0134067087058184
0.0706820569642014 0.220492889633873 0.0699562498492393 0.217440513157989 0.0854206079916908 0.208691273340516 0.12731640906249
0.164582054494036 0.101050460140773 0.24941333082913 0.152331123201067 0.0174173143658894 0.234670497365106 0.0805352196039994
0.0162579122929721 0.238568096351916 0.143736594790974 0.158403788804993 0.159371818626188 0.255808496814353 0.0278532923186038
0.132032722292437 0.177860553514596 0.169240483805376 0.153006800489992 0.177220545503188 0.0595909820732822 0.131047912321128
0.255268703670226 0.0138167854885227 0.0756857643045891 0.0678808156771133 0.221757733373857 0.136414194297146 0.229176003188545
0.000638362452271595 0.335928907136253 0.358305914154936 0.0369330774051898 0.0449002003425357 0.00523116272819557 0.218062375780618
0.20654671750585 0.105905526714892 0.0654812199597291 0.143420498815775 0.212612758096418 0.085948707841554 0.180084571065782
0.172979053544207 0.062098398524552 0.0642920526883884 0.219597125201448 0.237775532081979 0.16554412713493 0.0777137108244947
0.172534554069664 0.00545853332256467 0.252191348936379 0.185840140734643 0.0272417064150789 0.25179018862225 0.10494352789942
0.0509513741269956 0.196267635588192 0.278512731208786 0.000907725192706475 0.10049817895438 0.24378392705203 0.12907842787691
0.120958467436287 0.0707010733518597 0.170472563043786 0.142080177596283 0.0858826655892468 0.208570732742503 0.201334320240035
0.0354808278578664 0.119235635121127 0.129624999891409 0.227837301743116 0.2275325220028 0.127178539383153 0.133110174000528
0.118119015081922 0.116139684212345 0.0246756053711464 0.027625870197452 0.139702202874656 0.296626882032623 0.277110740229856
0.0562229419530369 0.175965334194542 0.139274833285384 0.149060583773303 0.141942379418993 0.140471562902691 0.19706236447205
0.097074683103833 0.017562786815652 0.0113964907660906 0.189725498733553 0.290860153205611 0.173409966170966 0.219970421204295
0.274455772916664 0.213433204995544 0.109027194466857 0.0289784690051755 0.0233804465887165 0.125176924150009 0.225547987877034
0.108885080736848 0.17155558365945 0.200976691921891 0.284038728299867 0.201048252116057 0.00815034413504565 0.0253453191308418
0.341418337694681 0.084545465057052 0.0450660156475357 0.276713612465168 0.00968697950168651 0.223632374863266 0.0189372147706114
0.270484380217316 0.296710537247276 0.158283845357566 0.0078874019994384 0.11771661487752 0.117304764530961 0.0316124557699228
0.243399850012241 0.0809614734851941 0.116696725979565 0.0654368772424669 0.16881220448548 0.240680686188515 0.084012182606538
0.270893915619087 0.268838385905988 0.024965594347589 0.107574977483646 0.0826889644595061 0.140937337066851 0.104100825117333
0.0217080019711749 0.105447815198599 0.183967056803795 0.140838031860109 0.181328357559119 0.293511588160502 0.0731991484467019
0.223036466313451 0.109267133265793 0.0114938920533236 0.224792740007361 0.171196911225162 0.208094897092654 0.0521179600422556
0.0898759630569651 0.266406224518381 0.142899615349435 0.157516946362281 0.22265981071722 0.118052104419068 0.00258933557664957
0.0348096948215377 0.197686533264115 0.0441734684410933 0.164515778181502 0.122704411026171 0.243249284712965 0.192860829552616
0.177058017851243 0.101568338511835 0.0588830065611746 0.020992234778054 0.326281291394717 0.026994448257842 0.288222662645134
0.015662345643656 0.184679325740389 0.0363120538038667 0.213458225877264 0.0961184572854568 0.221429014125441 0.232340577523926
0.155959744087773 0.148562631517188 0.189907439138104 0.00835555235153907 0.24269900916086 0.151036031282603 0.103479592461934
0.140992403953906 0.218679378460574 0.242901625412007 0.118560141980854 0.126141370624294 0.0133923825619137 0.139332697006451
0.09586765432598 0.284218459197469 0.272380806197067 0.147373756103442 0.033734266664825 0.111589192462601 0.0548358650486157
0.162550742240083 0.150208989913087 0.104868325650379 0.110755587758898 0.247219903624223 0.141481416049902 0.0829150347634284
0.119304528195024 0.056305497328495 0.210765274799833 0.0877005372047457 0.024027133680684 0.263682320223347 0.23821470856787
0.171744415480062 0.289909004049442 0.246161490011086 0.147115893473536 0.0167821531334968 0.127419144951498 0.0008678989008786
0.0220829536331635 0.181699195264139 0.0992469465883322 0.0305038330810537 0.229853631468355 0.223994703383614 0.212618736581343
0.126763815233253 0.199006203632553 0.172269704781863 0.211517363980899 0.0676318887065336 0.219380591804766 0.00343043186013345
0.279104778550572 0.0554386797169196 0.0137362374038467 0.228764865034227 0.071977098351043 0.156899778525466 0.194078562417926
0.0304057249305822 0.174403814583031 0.226803011091772 0.167198692625751 0.0493705580669433 0.135292546656243 0.216525652045679
0.22432195214201 0.0221655592375718 0.145674382330578 0.0014986526846492 0.254329577125052 0.16702348884479 0.184986387635349
0.186095138661919 0.227873641667269 0.107935931169254 0.141373029671154 0.0810090114511601 0.141725913985723 0.11398733339352
0.175819451162652 0.103237702390357 0.0213080032164262 0.278464609520558 0.104514614959892 0.289288114833576 0.0273675039165386
0.165790445922364 0.115172257072517 0.135021386974107 0.00146745125780809 0.238454848805567 0.205417289542723 0.138676320424914
0.174827060367243 0.254346027286978 0.0342103462923534 0.120235605855086 0.00961969525711406 0.154123357104525 0.2526379078367
0.00821416711121682 0.190015594174828 0.142003829460864 0.0771541059862869 0.181882485885728 0.0270998688093165 0.37362994857176
0.0992245177910946 0.241976221363216 0.170106484338255 0.134265511795917 0.208977593791114 0.111362875048366 0.0340867958720369
0.0683954811330165 0.0707058540119703 0.228744477250681 0.249800695503059 0.148059079069561 0.0299362979008533 0.204358115130859
0.000528112992737702 0.0163317421555735 0.258284283348781 0.0980989105126749 0.273786730045015 0.00545048053348377 0.347519740411734
0.313244829613322 0.0211723525032688 0.205173526446087 0.0130371331981899 0.136723379759933 0.0901298924919428 0.220518885987256
0.233183610458707 0.175340030237048 0.177398379817128 0.16944069723074 0.0761777568373362 0.0481945868742438 0.120264938544797
0.0211012126399164 0.324705391096062 0.00245460747576132 0.080580979334016 0.426508028848588 0.104835056776625 0.0398147238290309
0.182085727622007 0.212035472297538 0.00149757715372282 0.012931488868752 0.25686616392943 0.158347223850199 0.176236346278351
0.136077413667502 0.14196398777172 0.0815002587949188 0.0541874499941429 0.197647585729862 0.187649961780426 0.200973342261428
0.183139390423102 0.241525172183011 0.000201648859914069 0.0685188814378587 0.221494387192605 0.0669339028536894 0.21818661704982
0.0625444462470726 0.20898974028429 0.135544647972146 0.0905848234615616 0.258206418621772 0.209900806756438 0.0342291166567187
0.174220980001894 0.224949528897647 0.0435404182214839 0.134356299108116 0.143536269126472 0.0358813099674931 0.243515194676894
0.0508820255284111 0.153561421238362 0.213552951260359 0.114923717319044 0.109724516543142 0.21646957904702 0.140885789063662
0.219284708366582 0.0515273638102475 0.0641831414951106 0.0338915351966008 0.204314228315589 0.289080699363549 0.137718323452321
0.100043600986419 0.196017621177145 0.179469499445662 0.110489888556413 0.20652377600568 0.180950881558432 0.0265047322702484
0.0830780970929484 0.202602190168379 0.0422975155413535 0.1653213917974 0.182246240239398 0.00656434963095123 0.317890215529569
0.234286027005892 0.236841565794224 0.0350871130695262 0.0316717861348711 0.10202113260832 0.230863425949982 0.129228949437185
0.117306933737053 0.254140141010604 0.157693070555151 0.231243612438595 0.0371601513806191 0.00522885975098399 0.197227231126995
0.114231345720914 0.147538682534514 0.18648126207302 0.176716493494415 0.114336901417728 0.141372814475795 0.119322500283615
0.215524210280234 0.128096420573514 0.0713407353834597 0.0568426714625842 0.284574937336896 0.202995085941006 0.0406259390223061
0.0848694157392458 0.0740648773371219 0.399009162218138 0.273228849997222 0.0863435494656105 0.035148278754411 0.0473358664882511
0.0304407920421114 0.18079010066621 0.131571511393541 0.2516571229435 0.12941485030437 0.171087949765674 0.105037672884593
0.0896144288385252 0.0456625957954781 0.199857169792418 0.282317969328406 0.00667671219952117 0.0370976946499967 0.338773429395655
0.220627041939148 0.126336805124151 0.162443108652954 0.134205254562718 0.0354789015067703 0.216796410780326 0.104112477433934
0.339925047131678 0.190016183993079 0.0909953978290279 0.118345539873098 0.0818399676039596 0.160044158061618 0.0188337055075384
0.203017769704667 0.008703845502303 0.123366118826994 0.142840166004113 0.140756600262104 0.181673191880739 0.19964230781908
0.25199382865726 0.0370000942709868 0.105871054844076 0.117088792219695 0.121127853086963 0.268186637643148 0.0987317392778715
0.0549964088098742 0.124459698340362 0.145180414175325 0.215899745506577 0.0481264630325397 0.262492183239142 0.148845086896179
0.026717909249645 0.298512586466579 0.0471242326968171 0.0959632634242724 0.273747202622366 0.107315291759163 0.150619513781157
0.168163663250158 0.160075473686056 0.165124944069063 0.117103340900553 0.182051897880315 0.0220251656989041 0.185455514514952
0.221060599738125 0.156246596463466 0.0222074816460921 0.0200592866712101 0.212340919018923 0.182129781985505 0.185955334476678
0.0424384575224792 0.122879493728564 0.129995320906983 0.237888135400848 0.162306807671484 0.163231140230736 0.141260644538906
0.0507017531812138 0.191264930470459 0.0488971214085483 0.173682255727888 0.262709911979629 0.0559761247391796 0.216767902493083
0.208561803733307 0.0277702600126424 0.33825669732386 0.0651349013332167 0.216682649066413 0.131455765726669 0.0121379228038913
0.173193538845673 0.259847325161667 0.0701916893051439 0.171887385953499 0.100193224317934 0.0237361233944985 0.200950713021585
0.190890298054974 0.102775391702162 0.147323759877767 0.118344575893264 0.0828969279592695 0.124206179753246 0.233562866759317
0.196567484665 0.240456933946407 0.232399719238653 0.119169970122798 0.0536168367338318 0.0874950189515168 0.0702940363417929
0.158257855590902 0.0610800784042008 0.0614905685366676 0.160551092187888 0.21674217313974 0.183575213640558 0.158303018500043
0.0671834802026112 0.144711198671961 0.257821041723436 0.251689578507834 0.0179381429444777 0.0438710228763003 0.21678553507338
0.044118197904222 0.124350831942331 0.374758309351752 0.0906794606429102 0.0528197458553943 0.21975963899188 0.0935138153115105
0.135064028642588 0.0136237660786685 0.0864395136592888 0.00697842802688532 0.390925204001243 0.0511913383997525 0.315777721191574
0.276185804206408 0.0629465830165795 0.224735514624769 0.0416079148312086 0.203427482013033 0.0327054892909469 0.158391212017055
0.0522739460656916 0.0738989439175467 0.374017907630592 0.15340541060799 0.0546763947148856 0.22185687542604 0.0698705216372542
0.206571207688408 0.195870577835083 0.0858407032938702 0.0400874338994971 0.264737166390218 0.193539437775385 0.0133534731175392
0.148006588806137 0.174267396413626 0.0213560607158335 0.216899948650095 0.179308740216174 0.0448443725180301 0.215316892680104
0.0401330619918511 0.182965107723867 0.168972022306631 0.126863699014836 0.309744040514469 0.0842842252366324 0.0870378432117144
0.139781422922593 0.181172433046481 0.0413226524913793 0.0407559654804393 0.183394101000072 0.168012056094687 0.245561368964348
0.17698907348884 0.131461695856633 0.00915341468676665 0.227907887289566 0.254092469066315 0.154163832956773 0.0462316266551071
0.0858000472728238 0.218032664134663 0.098982373302607 0.197193562030941 0.114608733444543 0.224605855096678 0.0607767647177439
0.0795946111210915 0.0826718973037225 0.257601868143404 0.0238504895075781 0.243643942205768 0.0478284559193457 0.26480873579909
0.0524685691457899 0.192060706756319 0.201876512314287 0.229908546385113 0.113436241289977 0.20583922222208 0.0044102018864343
0.145770151632657 0.126521356522836 0.100125603271569 0.186290699442703 0.137413209571085 0.144608798062523 0.159270181496627
0.197082238318206 0.116125280863952 0.184213923150885 0.121091911085059 0.201008795366599 0.10818918630302 0.0722886649122788
0.184191583168165 0.263681504467584 0.139217228324549 0.0597187419118345 0.119520863787655 0.105400167923643 0.12826991041657
0.122367437985729 0.158795094041333 0.208879673554712 0.0801409276523786 0.264222311126038 0.0586420730414252 0.106952482598384
0.17755955393728 0.173899830368378 0.0810661059642608 0.185048981528353 0.172057652610929 0.167954356571598 0.0424135190192013
0.190500638191096 0.187052873962471 0.147856082468189 0.110024012029433 0.228076379381278 0.10906754080117 0.0274224731663637
0.117750288317188 0.0015038003936791 0.238051752217391 0.246708929031401 0.147432143660513 0.219645880734165 0.0289072056456643
0.114888677678236 0.0966805933480863 0.007059320324504 0.156046761984247 0.268726493797366 0.154270889286138 0.202327263581423
0.238385519960279 0.202736998488873 0.102633183469424 0.14104857198342 0.0649654185045642 0.07055804277045 0.17967226482299
0.18475898297169 0.210081361215545 0.204632657186647 0.105585224415367 0.176528035032265 0.0142454785923797 0.104168260586108
0.00964224413006794 0.0500128172429905 0.418704891216779 0.126630977288944 0.353933602129096 0.001021979164109 0.0400534888280138
0.0305305423936669 0.0989331468826062 0.221982189443514 0.120464622167409 0.235901094987985 0.230396024202849 0.0617923799219699
0.216544804611829 0.243670547463316 0.0962140250685521 0.0672890464555968 0.0968299698553949 0.0274123611334286 0.252039245411883
0.0779431942807983 0.153328745881271 0.0407750150443258 0.245381554451295 0.217376008072737 0.194862041995194 0.0703334402743795
0.143521597796333 0.155044316109203 0.193502546445633 0.247935307984093 0.0333625834859387 0.0378426812994558 0.188790966879344
0.00757777362451534 0.0504702862513394 0.141278883968471 0.105842078277203 0.322429630084028 0.3243714954449 0.0480298523495422
0.166368719971616 0.0916763466466085 0.159096809177144 0.0888361548816136 0.240085221250795 0.206837147216855 0.0470996008553677
0.0721274328372175 0.0450468820252291 0.209473955406641 0.132637445778595 0.169927456085764 0.222813425620759 0.147973402245794
0.15309866265586 0.166321098764364 0.087542095389574 0.0930542153161749 0.196802672036153 0.0221904810499405 0.280990774787933
0.0425707204068508 0.120630380653448 0.129697715094588 0.0341851479130882 0.121590407683779 0.304861969846176 0.24646365840207
0.0148360180095468 0.141485730840922 0.0818532661094769 0.249041481298005 0.182845007035579 0.251735941552432 0.0782025551540374
0.183346985091449 0.051207550727752 0.217932519075082 0.235730556963595 0.199385349064575 0.0803113333107804 0.0320857057667664
0.00776773939690283 0.197878440255504 0.144005903974397 0.312277076091109 0.150608653064123 0.111243661926411 0.0762185252915538
0.268767251284794 0.0634763033438622 0.162949187075245 0.0994527621255645 0.000708972099604942 0.15572456334182 0.248920960729108
0.10712778244121 0.131373382131399 0.162086200171514 0.219594485828813 0.0247585407126093 0.225022920024828 0.130036688689626
0.120196677011668 0.184724018481292 0.0529883934038973 0.258590230591616 0.0640408840148388 0.148125919777633 0.171333876719055
0.165317106918401 0.144150277431038 0.117929014376215 0.0764927556044487 0.178678659629983 0.121784789662437 0.195647396377478
0.0512233366859677 0.142750528371988 0.214669008303612 0.067694654465422 0.104740305929601 0.16913189817294 0.24979026807047
0.0872661392973987 0.187148984720097 0.0448567340504983 0.0793110137869695 0.196817829153394 0.283053571532131 0.121545727459511
0.00342173708946557 0.0226661192173167 0.333271498231368 0.1475671953985 0.0730004055116354 0.321753969745706 0.0983190748060086
0.226431312990042 0.139195731122557 0.0899466892986812 0.202086150675781 0.208642122838658 0.106104584224604 0.0275934088496768
0.143486826441514 0.150876651719965 0.114985983666334 0.180803749961445 0.116207925329476 0.140790308915747 0.152848553965518
0.138300802809607 0.122211324268558 0.170567978212202 0.341045257323521 0.0659495447756598 0.0621568916411141 0.0997682009693379
0.159042315999797 0.00966791599964299 0.222519017861197 0.272522973732829 0.00456643467174097 0.29440766022421 0.0372736815105827
0.237777596011161 0.0975112378220583 0.158290682063229 0.029466530033789 0.068623829925994 0.180096771001129 0.22823335314264
0.00676366340840942 0.230239566253488 0.1851662445019 0.236184665301087 0.147543293605295 0.034126034527659 0.159976532402161
0.0381916265219582 0.173595648720677 0.179485018460059 0.00216557978378436 0.0986845255933197 0.204980494024454 0.302897106895749
0.0414809869529425 0.0502888631081338 0.0924952944334457 0.121160750287276 0.170099470915986 0.0836127522912748 0.440861882010942
0.126857607963177 0.0513921760722755 0.183867197600587 0.0736795349808584 0.165270971048021 0.187726010436487 0.211206501898594
0.0344217574956324 0.0151778952325165 0.122985628528528 0.251918696299664 0.282961463557423 0.0560354673894482 0.236499091496788
0.241636609499148 0.0198278617688189 0.174141295078479 0.256150614753288 0.0815278752496705 0.163948492097044 0.0627672515535522
0.0117792414379633 0.0764417638743127 0.195094403682891 0.153554433846935 0.220461246116966 0.184574821379141 0.158094089661792
0.073243798896477 0.210174983398681 0.294784566008265 0.14690722183453 0.103972270070412 0.0456972667949595 0.125219892996676
0.19384008064131 0.137912388110721 0.0432871570432125 0.208944183225876 0.0169462939802785 0.168580586754746 0.230489310243856
0.0546712636439809 0.0555378976600777 0.199251089727036 0.110468052009268 0.22515973146569 0.174397627899171 0.180514337594777
0.194137625167983 0.0310455697912645 0.0852566284915532 0.2193136629036 0.0192413043614854 0.270127025446718 0.180878183837395
0.238778958213504 0.133854668589786 0.0590539006537483 0.0658303206626574 0.143033587615624 0.250566756770851 0.108881807493829
0.0239555311912489 0.318694947732034 0.0533173236968222 0.0597389055457941 0.0617442670676352 0.215887111626794 0.266661913139671
0.107433152027923 0.296772698940969 0.0196497550331137 0.294895244906106 0.0780577541056202 0.0392068007754964 0.163984594210771
0.136919226737516 0.251523714306859 0.252857837916682 0.00834528436052732 0.0584559056906437 0.0908161066099801 0.201081924377791
0.0713657563875817 0.16819493041039 0.217789321517773 0.110775755780631 0.124387979910297 0.174350522490767 0.133135733502561
0.0165291529668667 0.0845852613490081 0.113698786743742 0.279845813516807 0.0838639913422054 0.259370227176098 0.162106766905273
0.169166549329541 0.141953366688165 0.19794167583391 0.0942095110579585 0.154830676601201 0.0339448812952379 0.207953339193987
0.174997093947131 0.0710039376642399 0.227716962106454 0.0782075417620352 0.117620777725005 0.092541670938017 0.237912015857118
0.065761455099195 0.0604215903419511 0.220332698569124 0.0384593735316226 0.242740688101896 0.1482863878488 0.223997806507412
0.352144781920163 0.0870732007642459 0.235381879887559 0.0547001195275332 0.00688699006211101 0.0156677331131095 0.248145294725279
0.149290939052108 0.131694416874138 0.0649880208157865 0.113097493572782 0.275419523842012 0.176721408902975 0.0887881969401986
0.0596922209367206 0.193838097734655 0.122527553233483 0.208619304915537 0.0283432681709063 0.172390855557557 0.214588699451142
0.135474222553116 0.0532479324779954 0.0867127047478414 0.185639584251835 0.146626462789042 0.194807148445589 0.197491944734581
0.299520382031966 0.00333996404779673 0.151107047751045 0.276798849397088 0.0406434600343586 0.0762044192496779 0.152385877488068
0.207299753458969 0.207795812537017 0.0760294939702761 0.0763598726084634 0.0801065939234033 0.236771341726241 0.11563713177563
0.0631939969918593 0.201564445067701 0.0124759478313792 0.163824133054551 0.208042930767476 0.134071629971903 0.21682691631513
0.279416806257542 0.20629318901456 0.0798471215066495 0.160219806636704 0.0803689509449061 0.0307462972937484 0.16310782834589
0.151130820086129 0.194285427746238 0.0643753407985007 0.224950677400742 0.0677350213100165 0.217826856206186 0.0796958564521876
0.165098101490298 0.066234418558516 0.18037996956964 0.208464734303934 0.0922621878429472 0.233195393832671 0.0543651944019933
0.149668688268411 0.1125452180247 0.14762993691999 0.229639881000135 0.05507842456563 0.238177498900773 0.0672603523203603
0.162230438554367 0.196793945078863 0.0124961220064971 0.180417854179826 0.207568525648678 0.107877573628736 0.132615540903034
0.0773014183839279 0.18713619398982 0.198999498089327 0.0903471163070032 0.15098306385266 0.116745348557698 0.178487360819564
0.160632335796166 0.0118232504976087 0.383473597341471 0.0577534232153488 0.276373218125018 0.0609322047148173 0.0490119703095705
0.104908178259336 0.148778166859777 0.0819136664808541 0.248186985998461 0.0150765520043036 0.181954708482892 0.219181741914376
0.25336043794792 0.0941769075786819 0.0653767802000041 0.264091471471525 0.125107319314723 0.0937335310034108 0.104153552483735
0.121968373774143 0.125877372382628 0.0448381845137372 0.200437736464161 0.228310707929328 0.129162294117066 0.149405330818937
0.0671678927698974 0.142805645237869 0.136946826824759 0.23220797623538 0.205303668942857 0.0354646747641837 0.180103315225053
0.195633630610687 0.0739120025367039 0.206518757550427 0.216750092758129 0.176066158002802 0.0655253862390255 0.0655939723022265
0.139944297515132 0.219981137326204 0.0609868094581416 0.199683031151345 0.130266773866074 0.104084229522443 0.145053721160661
0.204685864458624 0.127273350056966 0.0638667595715371 0.275178108839968 0.0704773345889935 0.186881688031426 0.071636894452485
0.178383662497018 0.234362862775729 0.0510160727043518 0.0208268534796115 0.0118705876515097 0.354122919876529 0.149417041015251
0.265122963781436 0.166818052286071 0.202532586273052 0.0112657706619503 0.0860632861413911 0.0232099154155215 0.244987425440578
0.0211913835229715 0.0295260164701346 0.0120083104384719 0.246615547996566 0.272060535149681 0.153883454404939 0.264714752017236
0.0400056581130421 0.15961434971485 0.0545776607243127 0.194933121667735 0.168200027576841 0.183288648083863 0.199380534119356
0.0480935699440871 0.29606778434373 0.119070600514892 0.040067734151595 0.376723867676278 0.0573013154603228 0.062675127909095
0.163254927455498 0.0146423966233298 0.119315437563927 0.167911634504635 0.235415584379447 0.126311998217406 0.173148021255757
0.120140698044471 0.131664974143635 0.124686637448163 0.0726231250934716 0.186037542104166 0.112607976835144 0.25223904633095
0.276850958288909 0.0547961071324389 0.194910077807561 0.00249935802555921 0.154253164111657 0.0518914852917013 0.264798849342174
0.105180395319484 0.211196971334812 0.0630749319861987 0.132689129800863 0.234796857329241 0.144494442266895 0.108567271962507
0.0975260063118824 0.379080574605109 0.288291681147868 0.0988304244121702 0.0500986424327657 0.0811310704318538 0.00504160065835123
0.256761266229921 0.0230086171818494 0.177066627973448 0.0263230496656291 0.225809962517112 0.258524410691984 0.0325060657400549
0.105503336638502 0.171375523797566 0.100713012199252 0.138523691298008 0.123022481250282 0.0727221401138507 0.288139814702539
0.19083172440483 0.0756920167236612 0.20969187046135 0.157073646847131 0.0517598919576076 0.108104493759027 0.206846355846393
0.351596283584711 0.0161638506303203 0.111333315857336 0.303789159298841 0.0302683934158191 0.103028562135922 0.0838204350770506
0.22149256623016 0.100533281365671 0.212386679334084 0.17152644811864 0.217698174288389 0.0304664203107018 0.0458964303523536
0.159702904141748 0.000925158739869532 0.195398612096596 0.159178095128855 0.187315221032989 0.151819815292115 0.145660193567828
0.0827813973688083 0.260272158398774 0.0886866732077022 0.212554343755837 0.0564086194482557 0.12521957767694 0.174077230143683
0.0966423757573052 0.182770560181773 0.0469451654311399 0.226330243348449 0.183426441594668 0.128305792718805 0.135579420967859
0.149185103682677 0.0347868730367856 0.249617821374604 0.251099299619036 0.177343648364447 0.0964883139486886 0.0414789399737625
0.091480166257379 0.149457553644255 0.180133321445634 0.163693792346135 0.124226755552957 0.205540735626792 0.0854676751268474
0.211568449610902 0.0303598332875684 0.242056916504829 0.0198270984975549 0.193935447751224 0.0962781611555106 0.205974093192412
0.0549630588291108 0.134238685781606 0.10170209027632 0.220528318579058 0.167306989958556 0.18063940245231 0.140621454123039
0.154658655649226 0.177876606822877 0.151051115333768 0.145139917604885 0.129731123535543 0.0837459705685194 0.157796610485182
0.0639787500087901 0.225354518119127 0.0123034538157965 0.274854333524467 0.0332904711314057 0.169211914761214 0.221006558639199
0.0930799728256515 0.00745863078230116 0.260845192730831 0.0856810864655066 0.268539117539082 0.0899741224572084 0.19442187719942
0.232603118604866 0.142310371796305 0.0595706066923075 0.126925565135155 0.173982977869915 0.123215147540544 0.141392212360906
0.143785360734779 0.256249393521853 0.0288256172774302 0.143291696547502 0.00452450407396122 0.23845967074857 0.184863757095905
0.249105629147548 0.0796213350694312 0.238568750437763 0.0222610540095919 0.135230212182114 0.0928834410262291 0.182329578127324
0.136339264170626 0.0474728430426503 0.182346850106311 0.136295742621741 0.133486200112986 0.159944080750582 0.204115019195104
0.161323356402471 0.0440010084583261 0.173393747625381 0.209129538050814 0.0843793242958432 0.159478490399978 0.168294534767186
0.257032042780321 0.054642104753599 0.203043403954793 0.0593462374675447 0.046615498938421 0.0961225833045314 0.28319812880079
0.161811242898835 0.154646395482181 0.131710884974109 0.200457928704715 0.0329076573970605 0.166168773656918 0.152297116886182
0.0969424476470586 0.123163855660087 0.224059456374175 0.255753450790588 0.0810190800969371 0.103392148306028 0.115669561125126
0.150351269559173 0.235243707341202 0.0101987654824319 0.129522136894181 0.212920096135002 0.193910362107047 0.0678536624809622
0.00282651919717068 0.140819359749603 0.0441922195721157 0.244885737904024 0.148154130844245 0.210829979151692 0.208292053581151
0.0396013537666201 0.210596561138136 0.0236574361501975 0.119399588564942 0.229491783161263 0.216422660281547 0.160830616937294
0.241029382683979 0.169892078337001 0.244750427067314 0.052183943922577 0.0667661305052446 0.0599457682889521 0.165432269194932
0.135778609591521 0.099512652747976 0.391868715390067 0.0292606611748759 0.183222250278424 0.132680203699789 0.0276769071173458
0.20571101835102 0.108746648779136 0.1718194128229 0.0876355859237304 0.236643337986641 0.138541886672189 0.0509021094643848
0.030730524656235 0.233298531066824 0.348975103504223 0.104866204504364 0.0996453322709012 0.0787839702608228 0.103700333736629
0.0336613541431935 0.00708484628239838 0.0872626902166626 0.196807110310886 0.344799017198494 0.269130156049502 0.0612548257988637
0.237317106624331 0.13700784035792 0.0722241517179402 0.0175486927191694 0.124815661328841 0.266794308973299 0.144292238278499
0.199662982057057 0.0840718094390143 0.0470017079480949 0.235943130444265 0.122553734668412 0.114207680136068 0.19655895530709
0.185499575484956 0.141512080338146 0.0758310074853346 0.137088302631682 0.0697413693777077 0.183567271555547 0.206760393126627
0.153108041097248 0.0491209333500098 0.123377394621748 0.0272824483008749 0.24410869253046 0.276040210446876 0.126962279652783
0.207832941960407 0.0588256528170221 0.106441258295053 0.105031293927618 0.0302231205107933 0.227444786191026 0.26420094629808
0.15735143277511 0.210034983803447 0.038842316599495 0.181805805881258 0.0146182920529378 0.287484041394341 0.109863127493411
0.144296843126054 0.179551639109121 0.213705566946431 0.0426675896919204 0.0761565417513457 0.108904115838141 0.234717703536986
0.183023445882432 0.228572929680456 0.176901782214359 0.177024420342558 0.0177429002436029 0.125242549672194 0.091491971964398
0.0318488392990384 0.281124378236359 0.0288265594591093 0.0799414967865147 0.22570912756974 0.30759154145626 0.0449580571929786
0.144535485037396 0.0724846345284529 0.0856729607165967 0.152243537095011 0.217593561939929 0.123251305774389 0.204218514908226
0.0389095081729728 0.263759549441544 0.0255771578113201 0.133976851999014 0.224697024768718 0.217524786958868 0.0955551208475637
0.231383332222322 0.197378218119007 0.164170639979074 0.111663539154386 0.0416056712786495 0.131350162247271 0.12244843699929
0.183457516546099 0.177454991891052 0.0171285758870395 0.0533292340162917 0.131309218526348 0.190364493781093 0.246955969352077
0.149040511615912 0.189967479729459 0.0124637161978043 0.0550151336015222 0.242967415500208 0.2006687857342 0.149876957620894
0.170563007768993 0.144023707464069 0.287769964501989 0.0359843902694603 0.0509901969619605 0.153626986703978 0.15704174632955
0.188115407628872 0.133687636153325 0.222448221980004 0.0188993179535043 0.224462584766255 0.181478728249178 0.0309081032688618
0.0925093068477311 0.390266300829403 0.136354554693614 0.0175492939891918 0.126111258765467 0.0663983556645555 0.170810929210037
0.208256695450443 0.167167606338698 0.199793263066267 0.0185754266054333 0.12813477575155 0.0487875300597147 0.229284702727893
0.0595712581533452 0.0631578331798074 0.0112192944610201 0.338766125635097 0.00667189855607935 0.189552990141167 0.331060599873484
0.244356146517934 0.010633535432249 0.142071210618201 0.0729360080469444 0.41465105939111 0.109490349043764 0.0058616909497968
0.123941925713065 0.00984690178157555 0.195080689184142 0.287563502133724 0.155541092814868 0.1512155955641 0.076810292808526
0.212185895395111 0.110427033909834 0.150422799190321 0.11017913267212 0.0535658301792626 0.242361622063348 0.120857686590004
0.192998093865747 0.265095222664953 0.115406391345799 0.0183221554552075 0.183260752597949 0.196316665438479 0.0286007186318657
0.207736977346878 0.0348655851188779 0.0938355994863393 0.0534307562976749 0.297347266712621 0.273515352590655 0.039268462446954
