0.0278777009778027 0.051594007220296 0.0823421420288536 0.195910096426159 0.0212905730440964 0.141204095522468 0.117285917378826 0.0911937407448594 0.16528295803644 0.1060187686202
0.0136573099173913 0.00168457745045426 0.139323923216796 0.00963308843533434 0.148936982794613 0.124168204164682 0.161467602457608 0.157407892115548 0.15331914695189 0.0904012724956828
0.0860506133459498 0.0977037801120921 0.136065997933234 0.0652464846052739 0.18102625600266 0.137086852952197 0.0566109641712656 0.0573064950326074 0.11802609898342 0.0648764568613011
0.054274588428693 0.131663226795645 0.0378288229522931 0.108021723136653 0.0995326033016101 0.0745514508923361 0.0731303335698544 0.115020106675678 0.132740397991686 0.173236746255553
0.0608787369093766 0.0669201269075979 0.130353693222016 0.110827190426304 0.143025270805951 0.087432978825503 0.106504134552013 0.123868822923379 0.0790657767107494 0.0911232687171106
0.0348539632795617 0.0846032125781202 0.0838728749761964 0.0169174151475523 0.167338992725528 0.137501573559466 0.0358843032878304 0.155105545053696 0.157190629724522 0.126731489667527
0.130340938242154 0.0897356624782375 0.131440224733373 0.0837221097709644 0.163918078913822 0.0075681563059452 0.0541010935991185 0.118224883937581 0.0383910042222522 0.182557847796552
0.111234863914803 0.206103135484061 0.0454659144103473 0.156833870239955 0.030776881829744 0.100157120916463 0.0482708146800618 0.0591689640198708 0.0614552139052146 0.18053322059948
0.0740023041511691 0.0466106532982304 0.0252828341914648 0.105590262302792 0.0492125570759418 0.0805996405271218 0.13238826750614 0.127632826324846 0.183258514659535 0.175422139962759
0.217276610342266 0.0458910275367283 0.0765659513677866 0.0621906563762362 0.0441714875726863 0.121841448394201 0.0540737613856701 0.20049509158393 0.112115283987207 0.0653786814532885
0.205775924938365 0.0562888584179277 0.114820511343465 0.1782156568837 0.100630499067698 0.0243360370186166 0.118894974500974 0.0704505321722635 0.0546867784480222 0.0759002272089685
0.0700996720612345 0.112187839389194 0.174788463497655 0.107348475395502 0.0305637054495377 0.148127081498459 0.0715180193091845 0.144494904741321 0.0417679697200382 0.0991038689378742
0.091266187190609 0.0628805773617225 0.122606463463312 0.0691356118172956 0.0397548044856456 0.0722281105726248 0.160737978591136 0.188230432262844 0.167155421618849 0.0260044126359607
0.15830484170555 0.17444628717589 0.0180417574497413 0.0164261970494278 0.137858711986362 0.0487972336115683 0.160113568620746 0.0428762959196776 0.0912102636043777 0.151924842876659
0.145445335407283 0.0798845308838892 0.0132878407300562 0.0611888181492038 0.167809623214879 0.0732591563849742 0.0846035669536523 0.137685008388976 0.119255863814081 0.117580256073005
0.115168395843435 0.148865091657441 0.0289340362492624 0.214094153483536 0.210286506435499 0.00337407961517131 0.11584448285924 0.0555580900253338 0.0134654854140881 0.0944096784169934
0.0167398538890956 0.0785293847613593 0.255279432917644 0.106157952892457 0.05783792443181 0.0508040492865248 0.155137810327652 0.00827108566128201 0.118503112994131 0.152739392838044
0.0768861339914185 0.0239793784451185 0.0540366166498065 0.0779544897073141 0.14527416443506 0.119831013436388 0.164296611195549 0.15760868074131 0.152022283615614 0.0281106277824209
0.0538883811107793 0.0431763570334231 0.0414936671424672 0.154242834511099 0.0801628126746935 0.142818613865809 0.0738944850973789 0.159054908555481 0.0957038128501884 0.155564127158682
0.0349691496709722 0.211919179760074 0.0877667604868953 0.196516079451775 0.164422102574311 0.031719047716365 0.109625903436906 0.0795223937790202 0.0788588680400489 0.00468051508363227
0.0692770290870509 0.174587905997168 0.0151343302852322 0.0984048667599185 0.156306925386482 0.128300351435059 0.00403004198195774 0.0226424085403858 0.16053445798454 0.170781682542206
0.00147365919761603 0.0150481732789493 0.110557770098063 0.122396427823944 0.0254567918912963 0.120248983493864 0.172498813266299 0.0705250436198583 0.180657182703845 0.181137154626265
0.182579295891227 0.0619455546416389 0.0196597291103269 0.090255391568718 0.112476076379587 0.119554617331334 0.173034590645245 0.00398633908905998 0.0800144649081799 0.156493940434683
0.0387708104528462 0.0519751182148804 0.0623192980815256 0.103513854720952 0.0513504276335238 0.13427433575299 0.131303481568257 0.145574044966613 0.068194228543038 0.212724400065374
0.0477146570906894 0.170307396262856 0.126443118070964 0.122507414835477 0.00809620107900382 0.00634940096606919 0.136367426534424 0.131167337005192 0.164526458068937 0.0865205900863887
0.119817003733059 0.034764362209141 0.134523135984137 0.126345805239699 0.0781400630864143 0.0567755212320738 0.093376764157718 0.137892750855834 0.0576839372886167 0.160680656213307
0.0812656115475012 0.0858025301737625 0.130630585846433 0.0403968756780273 0.0182216655474095 0.0312216089174572 0.129929353370513 0.212067702566986 0.0241989265307337 0.246265139821176
0.127181492243762 0.0759871860331692 0.14298021905542 0.144096829867506 0.136808661561959 0.0148360059577713 0.069568241778374 0.0620138754525748 0.103221505439773 0.123305982609691
0.0215867454124957 0.134235336607677 0.12400140826173 0.0215931919642622 0.217545397115931 0.0462485994841544 0.127874630222022 0.150528519875949 0.102699515582231 0.0536866554735483
0.151667102373876 0.106047464726356 0.0776465079317815 0.126772465168679 0.0679099065936446 0.120828062648778 0.164112471474772 0.0361794405204059 0.0807491108947885 0.0680874676669199
0.0741380758583794 0.163536872869366 0.111737801553626 0.0476025273111568 0.171091488139262 0.070484065772819 0.0467006136715326 0.108511299547549 0.144297646613879 0.0618996086624304
0.125636049338515 0.113037105723178 0.0541101428542464 0.058120879605078 0.0759534314607007 0.0432139182962623 0.0228258142771798 0.186710870221486 0.246935564023956 0.0734562241993975
0.0215986037011488 0.147272451031824 0.120141408922097 0.122524942919395 0.118167707689992 0.127496913953005 0.0580222920662792 0.107498741075971 0.137760698381529 0.0395162402587584
0.0123479544147653 0.139051632465218 0.130437001178606 0.138349822728081 0.00648967741455402 0.155999422443037 0.117653609038513 0.0456279772762926 0.134418656351296 0.119624246689637
0.151953771000596 0.00636739994737912 0.226371380294024 0.152159506108848 0.0252077109589382 0.00384184453285884 0.130048920370814 0.0922056053264665 0.190736863671672 0.021106997788403
0.0585672449884974 0.108409010241449 0.0767357247272515 0.184760258355774 0.184317875788737 0.0190148495827853 0.0766619314532931 0.0719135698752518 0.0719123603961358 0.147707174590825
0.0746541338298794 0.0256640735229741 0.109860693095988 0.174709287205975 0.17925096998637 0.0269933991124037 0.0202394374601593 0.155037303929653 0.0812569505885304 0.152333751268068
0.154165731603458 0.112618133764408 0.101919582602761 0.0618021793888491 0.186960094591155 0.0152604251361189 0.125044593119921 0.0973184995451575 0.0603174091645772 0.0845933510835948
0.128822005456911 0.0382954498078741 0.0591456352193469 0.0210672612894774 0.0630358745827678 0.116936682158784 0.0569779830073533 0.226386921767925 0.152595279797913 0.136736906911648
0.0376783158542462 0.039043022025003 0.133531722443074 0.0873154748218253 0.123248643263446 0.225232302102816 0.0322619375223998 0.178272668994362 0.041048543903152 0.102367369069677
0.19870367001028 0.166879423597712 0.00304871951135906 0.173587932611883 0.0309121037295808 0.00680610319391016 0.123022288369131 0.103324339958753 0.0753812952894246 0.118334123727966
0.025563018307077 0.172898112195576 0.0324430200366325 0.0223745733619307 0.196725181037 0.162164129549489 0.0467783683060475 0.116435275386611 0.113721388827086 0.110896932992551
0.154640618611096 0.0654753824687029 0.0930557529032008 0.0432264229148649 0.17833371635217 0.0327831371228797 0.131416153983539 0.00843464776576266 0.180258140272534 0.11237602760525
0.0728951041006935 0.121531953553768 0.109567778510999 0.10287034601944 0.0477038221446566 0.0807911807236344 0.116306891774709 0.15544992928097 0.105590699864808 0.0872922940263214
0.0692667474024317 0.133034594130305 0.136846136097942 0.12970414627006 0.0939598484680047 0.054353338482125 0.0671899496111894 0.137865782256799 0.151212155429399 0.0265673018517443
0.153587335847952 0.0759737563592549 0.229372868538133 0.0425558680397445 0.124130625634439 0.115100280871566 0.0400093248165173 0.055135513610503 0.0933358806551062 0.0707985456267837
0.138378002424979 0.138041280527045 0.123233929023777 0.101041224010038 0.0807280041304875 0.177605652830794 0.0858948750388751 0.0108889534858497 0.12493690474961 0.019251173778546
0.0209528565502006 0.0746726361466809 0.00440956877935721 0.116923622431434 0.190522557326508 0.0432041506831228 0.202966997158898 0.141995072932783 0.039691633056036 0.164660904934979
0.0646121839691059 0.115715359064954 0.0840892832783776 0.113798753011739 0.0721475944383836 0.0769103081754139 0.119245982233051 0.144559189510295 0.107683345203311 0.101238001115368
0.0950474246885999 0.213900279409509 0.0109468086125605 0.117238107765233 0.0672851377774571 0.16780321830173 0.0993503533141377 0.0985644428659492 0.0128203117199153 0.117043915544908
0.0999012185245779 0.174357182213182 0.0651471854436329 0.178488237475959 0.113319151245178 0.0859360558727119 0.068351914807775 0.104611864117535 0.0551907257235726 0.0546964645758761
0.0874755268025005 0.0102427005612264 0.0614373440612258 0.142248880122644 0.149751816939601 0.134247880018387 0.0677488984666346 0.0523222778347676 0.177503495103323 0.117021180089689
0.0636476782615637 0.16738484663612 0.0387379897246556 0.00522403590822251 0.159295929869818 0.0276924330296198 0.178041760263455 0.135755086144769 0.151656182137077 0.0725640580246998
0.0589741053320983 0.0968179793866513 0.0641286760531442 0.119724998642653 0.1726688456808 0.154164223552021 0.0121510857501675 0.0589955352068914 0.0618365225460279 0.200538027849546
0.11310946152022 0.0415591724123215 0.0911809962201866 0.0345959687306529 0.110762881776525 0.188484521172464 0.17514809414108 0.0673120173058776 0.0977314837353996 0.0801154029852731
0.157728785842373 0.147687266049529 0.124036978368793 0.0990309988705304 0.0949594056360647 0.0797659158242745 0.111103694329934 0.128350017427459 0.042468984952154 0.0148679526988876
0.146717986162214 0.126939999214793 0.0719067419494998 0.0822419976621304 0.0871159293790899 0.154092751420631 0.113589417546849 0.115014387870222 0.0503290129391878 0.052051775855383
0.0117948720053882 0.108405287378727 0.109899806484825 0.124871918054799 0.125022831321596 0.0812229896660565 0.0439368452311799 0.130969411841306 0.119607647126226 0.144268390889897
0.120466352118694 0.13989770990104 0.142108952991932 0.043249989492052 0.147485056442711 0.155148407045863 0.0394388217511523 0.0695825862149837 0.02415287394098 0.118469250100593
0.0478959827436412 0.0418041427251952 0.066856501086577 0.0660798046713004 0.186319832546198 0.137162330962965 0.0258930500738624 0.211110248688793 0.214301165718691 0.0025769407827771
0.0107067100939818 0.131685252635033 0.131390054352318 0.0688115794216914 0.0962194102855195 0.0734821764637766 0.139576333217243 0.103387568169349 0.107596541770843 0.137144373590245
0.146751464859988 0.0836274545258605 0.105614873459276 0.0744880893040069 0.168685664544201 0.153150327892064 0.0610933630270457 0.112820788372657 0.0578232320698289 0.035944741945073
0.13793604938751 0.159989655126427 0.0923043364622644 0.0530112124415539 0.00232933255074779 0.166545285803172 0.214444758633315 0.00701577182927127 0.0874998575402222 0.0789237402255168
0.249767542801804 0.0490607366125545 0.2043860138674 0.0894209509813125 0.0551700045619485 0.0689299022943893 0.055441425078935 0.0098004503330261 0.0140461505063493 0.203976822962282
0.13295141930182 0.0588183164280313 0.138178862970616 0.125307169301395 0.0416412483579161 0.203214153630895 0.0498290972624006 0.208686132099871 0.0372841470752177 0.00408945357183801
0.136370875045093 0.146784075027754 0.115218266641065 0.130936893071487 0.0802902579977641 0.0332269245917781 0.067813108790658 0.0864020749193326 0.118729349290814 0.0842281746242545
0.0517991118491009 0.0918134963833134 0.107101374138996 0.119900070260414 0.132437251462429 0.0152674153859406 0.170165939693171 0.171695012519685 0.0877071736593846 0.0521131546475657
0.00957069460994483 0.0245034049474767 0.0281437908534203 0.0299419551518435 0.200223376423741 0.117189660238408 0.146246975429583 0.0882555937774798 0.154228645569873 0.20169590299823
0.091016386081399 0.082085059014524 0.0920838816022287 0.156353041593971 0.0610254345944566 0.0273120897700588 0.160337129568731 0.156302753914895 0.155861446383862 0.0176227774758747
0.125037779538988 0.0417891255312999 0.183304380385053 0.138437395553504 0.0355846438830002 0.0791909798133057 0.124967667014743 0.0996083985024909 0.139618990086203 0.0324606396914122
0.0444211564869001 0.139511001006064 0.132380445858126 0.138665067505669 0.159256641818482 0.094339246665495 0.0974216123815354 0.0997645751232258 0.0398248872010877 0.0544153659534145
0.135145184948551 0.0821666034494739 0.138920845173585 0.0697185844101574 0.0653461746597404 0.152725275157119 0.0454410766091629 0.0816804377068147 0.116355277763563 0.112500540121831
0.0845610039122425 0.105612268102824 0.0892658510363736 0.132229825063831 0.129212659427695 0.0364956932962524 0.140937783591976 0.0221084651989585 0.139677369459054 0.119899080910793
0.00901913454539867 0.127137990738872 0.176864187622884 0.0342252522596593 0.191613897763977 0.151073534516258 0.0644438029536231 0.0817794186938355 0.115725868173913 0.0481169127315796
0.118609506495482 0.0497062040267228 0.0343319689031544 0.0279752500685782 0.0717999184378686 0.257334429548674 0.094994746752852 0.177654485697272 0.0647058600487999 0.102887630020596
0.00358818821857896 0.0886065484155768 0.0589311740788458 0.131103817844869 0.101738717383232 0.079065310637619 0.0981780253498458 0.137459723096394 0.12135026749169 0.179978227483349
0.171546241689505 0.0121120889628495 0.0571782877816825 0.188272480704653 0.0202189880124738 0.131058825174622 0.0896079833997212 0.0863456043216804 0.0383174621298555 0.205342037822957
0.0674544342607341 0.0441458032263609 0.145904144835547 0.0868532678599829 0.0402439220346801 0.162530967287 0.120686060888187 0.0122800842743606 0.162936367454545 0.156964947878602
0.046911995611784 0.0130901398224346 0.0672943510079895 0.135172370313407 0.0989243870673723 0.116711487031847 0.152181846583401 0.103272781663266 0.101233223716279 0.165207417182219
0.144891882977965 0.0389898053541158 0.156496579443785 0.174180797294953 0.0385205758456972 0.0922985286221544 0.0352761839814254 0.14559853905674 0.0640814719033273 0.109665635519836
0.170801654847584 0.0457062840771343 0.00244796044700386 0.173714255773324 0.0238261098229582 0.169122166307834 0.0608870299751429 0.179157021758372 0.068197479090181 0.106140037900465
0.060885630396586 0.11631239780401 0.0931574006669913 0.0186818984392583 0.150244835546478 0.106179608333438 0.130593675217826 0.121198931224296 0.0492629365840699 0.153482685787047
0.0178903962624198 0.0889194508261197 0.165178276659276 0.165247440934904 0.0384907730915965 0.0439176968357866 0.0799458941413082 0.0732719784443154 0.173951911024699 0.153186181779575
0.178405125549932 0.0168845169488101 0.151930083931955 0.0203210745883712 0.0687762314621592 0.0548847780901238 0.192738332965811 0.0479871221821737 0.219638909760671 0.0484338245199933
0.0749847315429047 0.103651319363553 0.097713986564672 0.00135467195560892 0.0457219377680332 0.112903803605956 0.230675866760224 0.212402595800903 0.00243040255928957 0.118160684078855
0.187979660255855 0.0645925415967509 0.182210302688115 0.0532659668556092 0.0486200320977773 0.0311683158951067 0.0972164749763129 0.0801239581460079 0.129316137710781 0.125506609777684
0.10255881930443 0.156645630497558 0.0393054710780223 0.139119185200342 0.205578796734309 0.00271443173366516 0.126136265997818 0.0398460811358336 0.111768957919136 0.0763263603988852
0.0286051872687723 0.049139892565509 0.17744207389333 0.0743186707223618 0.0915404036681126 0.11235192283377 0.0923225615858459 0.157039301686523 0.0526640040686272 0.164575981707148
0.0741340353479883 0.0827723262130337 0.124832400604564 0.126510684531509 0.121995033635819 0.0650137193394375 0.014798949611138 0.13722833928581 0.118397961890542 0.134316549540159
0.150557676491831 0.0283563695497349 0.14860688735661 0.0441327923551322 0.106597913197301 0.109232029095388 0.0583871402209497 0.0929998299921103 0.151674988810848 0.109454372930094
0.0205888646884015 0.161712137162395 0.0826632797195076 0.131107030179641 0.153330638477607 0.141194013526495 0.119958385641299 0.0565649544581782 0.0869643981347156 0.0459162980117591
0.275543654631737 0.000695447860200045 0.235337560663342 0.0262943146455515 0.0144270579739597 0.00721017488745593 0.138651609132136 0.0256843127804722 0.232484561588668 0.043671305836477
0.0470197655156865 0.131208032447745 0.108931830434969 0.055602857100746 0.163351907689157 0.108327476699723 0.133797812391747 0.118909861602766 0.131479073086712 0.00137138303074762
0.0590281489145173 0.0240685797521441 0.0642781627882519 0.168210197133188 0.20925473650298 0.132611614031188 0.12255538476161 0.0157905194556443 0.0304034865059944 0.173799170154483
0.251646488964764 0.066875759973977 0.00353863257998209 0.0134861935012061 0.190457572515627 0.0562780029880446 0.0639319900025806 0.256867250073444 0.0126207477181136 0.0842973616822608
0.035940631037792 0.0966031000839677 0.0735263030846022 0.111538428881527 0.0271363197085608 0.0791194887110023 0.186368992791085 0.249824366239463 0.136248001777734 0.00369436768426542
0.00642733638784956 0.0945667079712888 0.170721605048672 0.00211948953650347 0.140990685171388 0.153096121127914 0.180533723191579 0.0277310206869205 0.12159947436468 0.102213836513205
0.17999342199961 0.0918927823143929 0.0740477193175706 0.0436466617077755 0.0952346219694144 0.05444088821252 0.137545575636041 0.135393615395058 0.00700763519786462 0.180797078249753
0.174865184597923 0.0447701107081502 0.0643093419767107 0.108753859296388 0.115808105461084 0.018069690171128 0.164473739795214 0.141554493079872 0.0858428343638277 0.0815526405497042
0.0967798258914516 0.0540285783950998 0.0132946237820527 0.139359085105762 0.166460409836622 0.0257129548087036 0.144138036249249 0.117307950275146 0.134643336912059 0.108275198743854
0.195538595982008 0.169881267165995 0.0419389827248816 0.0101874027442088 0.0323849537865391 0.0268350638453834 0.191331423639554 0.0426800256020665 0.171857598903108 0.117364685606255
0.0929803977162289 0.180997052745036 0.183889818925943 0.0297308435632596 0.0956786075555639 0.0305519551020554 0.133055964228235 0.111588865372951 0.0402492563258548 0.101277238464873
0.15509221649454 0.12990041921125 0.000268502736138202 0.115109613538059 0.0767224369413177 0.0491644928369995 0.147691814019358 0.144979956963271 0.15832927353931 0.0227412737197561
0.0253851499355853 0.10824917399343 0.214836941549397 0.0864216841625916 0.0248933802011023 0.178844551768135 0.0408668576172595 0.045508705188841 0.172278860202752 0.102714695380906
0.0202602711324585 0.0233372473287493 0.139593120730377 0.0350574581951497 0.176507119805689 0.185179099478846 0.016964265767494 0.165802102258574 0.138665676032551 0.098633639270111
0.147077557000152 0.0952529325128947 0.134675979338483 0.103969867855291 0.0986648351239505 0.0475013994831253 0.031072675265431 0.15825920760234 0.178310521049004 0.0052150247693274
0.0462538561300157 0.0847783526608364 0.192425483792447 0.0756705248906906 0.147661736699178 0.0349023968760543 0.0176181448342391 0.155823774479025 0.146578894922461 0.0982868347150523
0.10286883036555 0.178651610850567 0.0247705998370465 0.0339880006019115 0.106174445942923 0.0697442946443352 0.118702170821226 0.165750655935819 0.171103391180438 0.0282459998201836
0.103054159955373 0.129366084879701 0.0151306257375287 0.0211106166524934 0.161236984877948 0.0778129202219628 0.177691960616305 0.0711936597267951 0.0911166863307706 0.152286301001122
0.013964042247031 0.132837889573973 0.177127682517871 0.140853422890827 0.106098936086636 0.0376927419976675 0.0191269367426282 0.0889975798531623 0.175950191350502 0.107350576739703
0.0526242200561285 0.188181676004685 0.0474319831796582 0.211862202291117 0.180380308459841 0.0537860490471294 0.0285120086872079 0.0538171595568547 0.0568074180887662 0.126596974628612
0.208656827397219 0.135863406436961 0.0878802579055388 0.107514164579481 0.027063451794006 0.183806670896945 0.0257801380625968 0.0596382710684554 0.149407457584731 0.014389354274067
0.169448144758733 0.130011568697624 0.151816133924869 0.0149710579778366 0.0807488145280324 0.0143232946105983 0.135285637306741 0.0621308905216931 0.127042762341084 0.114221695332789
0.105658249660553 0.109692396156982 0.135329808063323 0.0304048116506315 0.113317206045094 0.0150289533226934 0.0800036806942529 0.0741000132515058 0.200552645986499 0.135912235168465
0.00540485968824252 0.172787406457548 0.138667874306595 0.13204913254537 0.0261546567684222 0.0687119419484027 0.123566641572653 0.0840180191808015 0.137614834247856 0.11102463328411
0.107093163929185 0.117721983797608 0.00841533162811177 0.00303292138366868 0.0673802026731339 0.0548640285384913 0.031162640297392 0.211871595907066 0.186353616627119 0.212104515218224
0.118127323342052 0.207838130760124 0.0152283977879874 0.0931016825166504 0.0369551543484957 0.102979449838982 0.0358569671287434 0.191102607828312 0.105085648370169 0.0937246380784835
0.110728492371866 0.124588523653723 0.100900382984676 0.15736775291066 0.0849786083798605 0.0542079779659218 0.0495364689733949 0.151508320670625 0.0155298177090355 0.150653654380237
0.0210660416475626 0.123334710366332 0.059543392998733 0.166494765054734 0.0995970366060969 0.0993032153222402 0.147987274025711 0.0335656917965473 0.16132131778021 0.0877865544018327
0.102619701569594 0.0821210018361703 0.074442612312663 0.0571488797065421 0.0763576776716209 0.15904278713029 0.0150661402302859 0.151963317665535 0.138859205721247 0.142378676156051
0.00534228747604842 0.170982391009666 0.169324397730159 0.00470127085257631 0.171567564334422 0.148145555744484 0.106466231694389 0.018106427475276 0.105624830738227 0.099739042944752
0.181015195548356 0.0149340069565812 0.129803321519857 0.00597143629893172 0.108673565856714 0.107331410625928 0.107880413389313 0.214856066608336 0.0981392419520226 0.0313953412439604
0.134211428409198 0.154384755095187 0.08599663254514 0.11897525046635 0.13276605805574 0.138969018736446 0.116255369830289 0.0861018400226638 0.00469049403286606 0.0276491528061209
0.133276086197702 0.0345140998416243 0.102745903439943 0.125673782435096 0.0431974151590201 0.130272599514997 0.0396065653620749 0.161126652348748 0.152334460972769 0.0772524347280252
0.084621856551934 0.187662809548622 0.0273896196004878 0.0434113604082212 0.0457491105773669 0.238543587177911 0.22928493794319 0.0658090736681001 0.0174782328216209 0.0600494117025466
0.0209213593474321 0.10711890856754 0.0948992884926244 0.0381538278538529 0.109408006106246 0.132274907629413 0.166287157070302 0.13841063146675 0.106276559360249 0.0862493541055914
0.0688039601547239 0.0639461630492268 0.23264270173185 0.0255616666447233 0.0105903608123906 0.0334085526038002 0.0696109696984338 0.11323453736215 0.161598326408985 0.220602761533717
0.0263953474236049 0.149627334279213 0.0650224936385767 0.140773864850411 0.0961293457419253 0.0530201874136234 0.148401148955965 0.153410267460602 0.013843371678652 0.153376638557426
0.176637131551081 0.175841797855167 0.164474117524548 0.0414695029449079 0.00030337935657725 0.167687758161657 0.0697790106190639 0.048063645204357 0.147966496832447 0.00777715995019413
0.161891622047474 0.149454710695827 0.0183388313431906 0.0917339775179636 0.0524180246375424 0.0483817366590807 0.0731162216431124 0.0722529569500093 0.165283537473516 0.167128381032284
0.102360945750128 0.0511799071085537 0.123689787208116 0.078092744041492 0.114838717037614 0.122162272871954 0.104625479296051 0.122934693075387 0.0417459195408325 0.138369534069872
0.0872174376757902 0.0241245477179497 0.157172631515986 0.216712020709375 0.142471188109982 0.0405552353360986 0.0298529800244499 0.121021126209481 0.0680137189335244 0.112859113767363
0.0475382922018149 0.0511083656624783 0.165495733513142 0.134101372401641 0.135553434255036 0.0563149203235362 0.108680360908831 0.11841802191645 0.0476241265980806 0.13516537221899
0.052119041658335 0.0639889378290699 0.0424354809875769 0.0952032000199537 0.181878548906002 0.0442119809568106 0.136825477508776 0.0203080448498535 0.172171015255882 0.190858272027741
0.166568567661771 0.0347830455739751 0.149725465524613 0.0182172392005431 0.177875885241335 0.0592219615842844 0.0597231458226042 0.158405518042541 0.16064114645169 0.014838024896643
0.0967989370839746 0.0264998430223394 0.144609061044456 0.149318217416785 0.0635747495946009 0.131940434961274 0.0227334906995005 0.152969604809192 0.0456266438865584 0.165929017481319
0.0896930431338068 0.0270816246626915 0.0602496500301704 0.0257586393822816 0.0670560108202597 0.176029148630512 0.112579209743151 0.108862926027097 0.135457595498423 0.197232152071607
0.258060809791141 0.0678063109459872 0.123432915734322 0.0334581267737913 0.136440474948432 0.0230581811063747 0.0413847304320005 0.12147900081195 0.123290049682205 0.0715893997737958
0.0692791092315437 0.0722875641598361 0.157834940717631 0.0573290960805249 0.0662540033598418 0.126229250267386 0.141876028672095 0.137692613278921 0.0162302590309756 0.154987135201244
0.138053686612559 0.0642373173514261 0.0175073591872657 0.0365710629730114 0.103437696433141 0.00170846610479559 0.147145096790757 0.134967999157619 0.169513212305812 0.186858103083614
0.110080931489946 0.0332544326556094 0.111461580400754 0.281866783464074 0.0509068854330761 0.0500681256223649 0.172932649562005 0.00732177538619963 0.0239863847053482 0.158120451280624
0.221631380783342 0.122399974140404 0.135034295298875 0.0404283023934814 0.208845825389306 0.131026955547026 0.0778536111261662 0.0192476125264732 0.0367481456015383 0.00678389719338802
0.123992496383514 0.237358025153786 0.225318478147762 0.089681568480878 0.0329200879670808 0.236259994400733 0.0302162369405175 0.0105965816199406 0.000774466945796532 0.0128820639599901
0.109621619159601 0.124706105350745 0.0535261443619601 0.0476237999845142 0.135215140059553 0.0292882114928914 0.0464268971036149 0.0945311499514593 0.200739325517036 0.158321607018624
0.0695557051827695 0.0431449116567329 0.176873251192455 0.164141940249261 0.196877610170443 0.00266362215359823 0.170390127985474 0.123159248885958 0.0239507357346285 0.0292428467886806
0.131351097358468 0.0500537156499029 0.0481941967046867 0.139101024201054 0.11150473802395 0.0931979131040065 0.120040121295994 0.119513624161601 0.14661464180217 0.0404289276981664
0.137317874963976 0.0593169099899307 0.159442906366088 0.150081438397217 0.127708498004357 0.127414821631588 0.128775369762518 0.00161611604158554 0.0478384113524553 0.0604876534902854
0.000291609714343384 0.082843360591571 0.0697843816450403 0.180286079019643 0.180275194938746 0.069735035253655 0.13311854578049 0.0584331185211284 0.104243262188042 0.120989412347341
0.0394675661432695 0.0659847739426998 0.233881551172655 0.132243381759372 5.12989265569923e-05 0.0630955465193095 0.0214950565905089 0.207814605430562 0.108901807313364 0.127064412201702
0.0626262121364275 0.159419781077201 0.0618220853997734 0.21185266231146 0.024868038175557 0.102736609456938 0.137455102592395 0.225278339576941 0.00598588093265714 0.00795528834065175
0.0916312380548164 0.0861340153955458 0.0577897332741827 0.142596077395016 0.120274552895549 0.150475717569267 0.121286701026835 0.0583002334508014 0.0196455896525822 0.151866141285405
0.0260769979666392 0.106394184583773 0.176413908127476 0.0610009666342881 0.0540631153819897 0.211649894235072 0.0147680999310436 0.0316041610850775 0.0313659855005041 0.286662686554137
0.168216551847586 0.23744663241592 0.0436075568003038 0.000500630996556908 0.154193409491024 0.00818793402062393 0.113555252073787 0.12268251011063 0.0285096480524578 0.123099874191111
0.115734588819275 0.1296702868674 0.128292304568256 0.0210211450823246 0.0213973639812784 0.114995752453803 0.136459667172745 0.0750769155259752 0.0964886184829001 0.160863357046043
0.155081902415238 0.130781801242882 0.0518001793316153 0.1717819836334 0.146448695210129 0.0773443471131168 0.020977950153335 0.0709417833066724 0.014618059085017 0.160223298508594
0.113546201135104 0.104008327350999 0.0997745733126588 0.0425996357618577 0.131360094339307 0.0963239999034006 0.0296740550842728 0.147997258003906 0.0686318889654617 0.166083966143032
0.112210032084734 0.0915421698604007 0.1043780155421 0.137732841638292 0.132329235732046 0.0629543105882932 0.0618416281571837 0.0660065927483618 0.16130172196526 0.0697034516833266
0.00675851476079556 0.155886811217059 0.134168258561376 0.112027692041423 0.117977821276906 0.0991537615825158 0.0458413380937867 0.110430343337286 0.15097425719903 0.0667812019298217
0.182466203233729 0.101262600315168 0.107325379321777 0.0459988672724324 0.157475769019489 0.108235082565971 0.0722976985835757 0.00174393341086096 0.108094405524926 0.11510006075207
0.162787631443267 0.159379470909508 0.00489394287577409 0.163755035084074 0.0476859537516642 0.0249848147541769 0.0729352754017711 0.163353630683056 0.132322803193691 0.0679014419030164
0.120535803672456 0.199809359042415 0.186754379820925 0.199763366771071 0.0350381961597978 0.0776686962765004 0.0953910957636766 0.0184469587306191 0.00323469439979124 0.0633574493627477
0.115944336506566 0.101008443551537 0.00902589056184205 0.163615350694386 0.0905953020827351 0.124932217639194 0.00900888738596312 0.101080271169667 0.14262846257014 0.142160837837969
0.121315065208777 0.079976443339983 0.132802029675626 0.12264113441557 0.0170048154459926 0.00868362768519806 0.151799667670839 0.126601644791635 0.148648464651039 0.090527107115341
0.149728702400488 0.0748573870257108 0.0538961266974396 0.0811363489767095 0.0507703829969968 0.100644313276818 0.0298747412459016 0.191559666395942 0.163548891466952 0.103983439517042
0.172458180664656 0.128226719282009 0.0841732069399764 0.0189540304849158 0.0772181864287115 0.0111976363873798 0.0579283559828677 0.318430962581551 0.106897044303926 0.0245156769440067
0.124648437451307 0.0152660425232652 0.150622532810362 0.220649850709551 0.0896895443990149 0.0161527388583252 0.104180874772376 0.0104549293034151 0.155978039152882 0.1123570100195
0.0311154107294721 0.120223715842868 0.120497313168969 0.0847267576175908 0.150312905211449 0.103263521490142 0.0953328552707967 0.0231376389000619 0.126904658937481 0.14448522283117
0.0878481947497305 0.0218659770718551 0.133959017766064 0.146126190603582 0.157508068379786 0.164177232148016 0.0602797498898692 0.0160810012616637 0.165079357025861 0.0470752111035716
0.0856080853783324 0.0983166018378403 0.156510944754602 0.134630219964528 0.0292817117408924 0.151433777659931 0.141388259911881 0.00501341417517947 0.109384271717268 0.0884327128595438
0.164684615539288 0.159423633858608 0.128010532359292 0.0443661465224881 0.0974102178661363 0.0398870875670444 0.10117014048384 0.124111707424891 0.137511273325044 0.00342464505336839
0.116377903839383 0.124302798344024 0.142786954757906 0.0867722248592056 0.0509712383829759 0.11015086892367 0.0626327017406631 0.220071460347425 0.0793584220678581 0.00657542673688955
0.130847901551736 0.0733471004139845 0.131900278930025 0.0546554964391365 0.105204236212418 0.0304103645595316 0.150602969102421 0.0932924676178079 0.11580847076784 0.1139307144051
0.0469996265988071 0.0592907602445367 0.0485967972343604 0.218726924575988 0.256663410226587 0.0886343781014497 0.234041848545876 0.0248888096529246 0.0126023873806113 0.00955505743885951
0.0721221331642606 0.136370086149661 0.105516738767329 0.091310983740546 0.106703939254458 0.00516766738654948 0.0541101709527406 0.155724661763429 0.142123799929237 0.13084981889179
0.0552643010780623 0.0982881797471023 0.00799184284985267 0.138604565493638 0.0777742237538498 0.217944652009321 0.175375474850129 0.0898087563442617 0.0379826623661585 0.100965341507625
0.141380735566796 0.0610611194810786 0.0323223636344902 0.144739062553901 0.150523011022198 0.129706693283735 0.0596904002352106 0.091409969760714 0.108926023359413 0.080240621102464
0.119047932482761 0.144086616126732 0.133868187342346 0.126315198119799 0.0740711108958249 0.128814864317507 0.0299660083831559 0.120440102999774 0.0889766766407115 0.0344133026913887
0.0286317016697383 0.124710749200655 0.0517309336902112 0.199309274554507 0.0422410446988473 0.182211169464307 0.0562425320613736 0.0889320581419277 0.15145354235897 0.074536994159463
0.0288838217928708 0.234653071791492 0.173461667914094 0.0408171438361251 0.108447818566513 0.103685138696507 0.0224044933178717 0.0481460173679876 0.175443505004158 0.0640573217123812
0.0323012683582257 0.00899532713048541 0.158144363674784 0.101311342765797 0.152067000559524 0.0983954113819499 0.0631541166856437 0.0982824239353277 0.125810927271032 0.16153781823723
0.0825729169298419 0.0401467919473696 0.183047996891817 0.110490467237476 0.088885135282467 0.0146636713253307 0.0540515732925407 0.153193204629594 0.089309042644191 0.183639199819373
0.15088911470466 0.0729347829073125 0.00538830807618882 0.163076372824829 0.0723399674627325 0.0508298111128192 0.0801563061830895 0.152824925473474 0.0944841625086718 0.157076248746223
0.175772605266865 0.0266446596551348 0.0305887210361841 0.196865251738393 0.120164261723524 0.140376899560518 0.0267775805148766 0.0323699725546059 0.115028436326718 0.135411611623181
0.115196670257239 0.161227394214215 0.13042757875258 0.0605599968336016 0.063674247389106 0.0564700943004124 0.086290930786595 0.134566114481305 0.15546394189994 0.0361230310850055
0.070285966881921 0.0868504300911362 0.127385129029149 0.0848187995088655 0.126575398094663 0.117186326468705 0.129156296023512 0.109455545096393 0.0315384767403784 0.116747632065278
0.155800434338316 0.0864238867316911 0.0969220963511384 0.0980643731885224 0.118877150157612 0.100178780542388 0.0132862280630037 0.147766078236867 0.0531114922577654 0.129569480132698
0.0620823132054363 0.0160146292531473 0.155004380582589 0.0957935410501433 0.0798372387835325 0.138000901596686 0.055157518089965 0.13828485177703 0.114743207187502 0.145081418473969
0.00498701240611058 0.162694842171091 0.06045038472892 0.155334162412732 0.0147977753234725 0.0883445542667593 0.159784124368664 0.182214246106251 0.0224466598561286 0.148946238359871
0.161346194579839 0.134034423921662 0.166604326029116 0.179570304816198 0.0477803706349092 0.138032300569592 0.0861671082576897 0.00883131188529559 0.0343693832138055 0.0432642760918941
0.127575790668773 0.104154003780593 0.0252206133513642 0.171379821210075 0.0997859909020046 0.168836988692586 0.0103451553649773 0.0363510603029267 0.126104143503234 0.130246432223467
0.230982956873976 0.00949897824865815 0.119350619121336 0.121023970977929 0.0411173065497199 0.152814389008347 0.0397723120524363 0.0494027036494974 0.0626747925147782 0.173361971003323
0.171712743507254 0.0954365763896883 0.0682260708403858 0.14660275318626 0.0157346512738158 0.0755658116989142 0.113265111619562 0.0803900600705287 0.154347748875617 0.0787184725379741
0.146924107425072 0.00328823269078295 0.150736309236126 0.142433770501179 0.114891995991679 0.118249897082222 0.114385752420494 0.0635822813703055 0.0119501968780067 0.133557456404133
0.0850247806973359 0.00173666295648689 0.0448932057695837 0.0477467145668302 0.0763051396880872 0.180267525880047 0.0378591750349917 0.183576795230568 0.169944032600573 0.172645967575497
0.197891416927165 0.13360327961549 0.189468111884859 0.101079384929571 0.204463987929423 0.000823924161009918 0.0644171686271427 0.0641186386396164 0.0121390933473086 0.0319949939384148
0.104137795124064 0.0297372681916465 0.227177455468603 0.00470475355183212 0.174513381661596 0.0584594182035626 0.104475969198374 0.18050948620339 0.0869432199032025 0.0293412524937293
0.0948113406994398 0.0647116477193601 0.172254352686076 0.0910750553687019 0.177476824493868 0.171148346003021 0.0555515068912346 0.0599766850522123 0.0900423577402311 0.0229518833458554
0.016229972020548 0.0250733208457002 0.0920102070020184 0.0134863347462873 0.102812189926968 0.14798195715419 0.128580399605526 0.178231618955569 0.193696229147172 0.101897770596022
0.183562148828305 0.0928253363509768 0.15609224764099 0.0497635156854558 0.0627148018274842 0.0408962534828848 0.120262655011028 0.149170618437434 0.0586852449855894 0.0860271777498511
0.123874110643992 0.00811088567095324 0.0261846586205657 0.0454261573122741 0.161540579268815 0.154246918043234 0.00871284474339665 0.125237305702789 0.194327152889281 0.1523393871047
0.198237645818813 0.0707255262680645 0.00673223332298741 0.129129598961235 0.0167044342521643 0.0573430910658308 0.184382429391943 0.00336845258992741 0.140682218331274 0.192694369997761
0.044968320313396 0.0327130952351467 0.141622671252493 0.19375121125815 0.10168178857667 0.160119724092631 0.106522259414554 0.073891246758627 0.138193237221763 0.00653644587656916
0.091897056335998 0.12162853238746 0.0334331759302793 0.11117173530224 0.0745398821608331 0.133267619400336 0.0919446276741207 0.105709586068768 0.137868962438507 0.0985388223014582
0.0633043477259225 0.0244448166309814 0.14220223786766 0.113125292395102 0.0857867619086829 0.145341809436747 0.0359957937625972 0.138026919582445 0.119086236314156 0.132685784375706
0.149433471676106 0.111110622959229 0.0313264438202102 0.111454157999014 0.0897567996140853 0.167835818793494 0.0698154866529503 0.0966593576450774 0.0500758845430864 0.122531956296747
0.0470578391424936 0.0951446296037819 0.122656840868876 0.0742022185594867 0.108653214116945 0.0135655246333903 0.147187663243204 0.0989035205599426 0.12553893021831 0.16708961905357
0.112699512608554 0.164484522451036 0.112501893681878 0.114213100032969 0.0985668962197349 0.0566601260086709 0.145785311997739 0.0582315644659378 0.0485612338443901 0.0882958386890908
0.151303255487786 0.14403404528936 0.0597954441839061 0.0563559838488279 0.0568689262548369 0.119240057501881 0.00852320583467458 0.148649792592916 0.149718018818146 0.105511270187665
0.121852439310962 0.196244122891543 0.0422058043364563 0.151493534414492 0.156069144679449 0.0299131364828081 0.109988873376849 0.000561135238228777 0.0840755756085004 0.107596233660712
0.169709033814306 0.120860188150148 0.194201417152919 0.0097878189608563 0.054834238399805 0.115475666611584 0.083025941290117 0.0150387939351605 0.0836690050706714 0.153397896614433
0.116012061260995 0.065440841128185 0.0196366754507401 0.281555591256555 0.0788622537566227 0.0288084535656869 0.114143386220837 0.024967152373891 0.229903029727306 0.0406705552591815
0.0862561591251039 0.114887679510024 0.0305212712588969 0.103328928467787 0.158290657999482 0.0886487666889023 0.0761918434946073 0.0324052676560584 0.16730132898728 0.142168096811857
0.0987282412667948 0.174586016496509 0.116362195960817 0.0420799447365682 0.0509508962633571 0.0897704083715507 0.0883077288948056 0.167495801795318 0.142524941467503 0.0291938247467767
0.0926278217518152 0.00381447269894446 0.169327208288363 0.122982431532323 0.112294742575516 0.0961581309824304 0.00860614580533625 0.130903196853324 0.151768323781028 0.11151752573092
0.0234556616171255 0.127753672003128 0.166906321958637 0.126855281677911 0.0707525610038059 0.00648503084147546 0.13035441507688 0.154288971141024 0.132496880159826 0.0606512045201879
0.134727341180543 0.174045521975814 0.120234423650278 0.0222207176365944 0.0679389507020633 0.178604589170371 0.0648911267958971 0.13916640539161 0.00731700538361772 0.0908539181132115
0.0619619332033417 0.0328496325463925 0.233309771552916 0.0769713316399727 0.106540428630042 0.150042496126869 0.00272417841755665 0.165424702594668 0.132150414051096 0.038025111237146
