0.04851041829509 0.317402243056611 0.24198111090828 0.239355352402677 0.152750875337343
0.0950627683267252 0.141912006293505 0.236082272054983 0.218055570716234 0.308887382608553
0.141164099199863 0.264150447595165 0.311043022257352 0.0555490365405459 0.228093394407075
0.280242644402183 0.435700307547642 0.0705055529007348 0.122535324944595 0.0910161702048451
0.190609817944401 0.251206317158494 0.220033605030136 0.209452719049609 0.12869754081736
0.291916964631819 0.134601230633633 0.0798432071521344 0.440277064800973 0.0533615327814395
0.0260225908719509 0.322975236563943 0.375166433209992 0.00799648097923223 0.267839258374881
0.142480399380062 0.274954207177769 0.240816239823296 0.223284190087898 0.118464963530976
0.21136165246756 0.120899907738153 0.140860657200897 0.29743279220743 0.22944499038596
0.24786201077303 0.160844416262008 0.193192779675117 0.127855553586126 0.27024523970372
0.269732429151096 0.251912372391302 0.0790448203187253 0.115952279115136 0.28335809902374
0.163057039393659 0.242416625839775 0.233331966053477 0.0917773388746671 0.269417029838421
8.55352575056188e-05 0.268519993243043 0.412052594963733 0.093111283861019 0.226230592674699
0.0518766299403908 0.188934421276118 0.217059958312274 0.205515705388509 0.336613285082708
0.212104116672022 0.201803402937502 0.218621318203942 0.014003359293225 0.353467802893309
0.19601554439688 0.349698041721748 0.150682141085516 0.239773096025887 0.0638311767699695
0.158655727113824 0.28538034234943 0.174479268140067 0.279071057111659 0.10241360528502
0.201961502311349 0.196767095562611 0.346993649739352 0.112346302821845 0.141931449564843
0.0387888547862676 0.441303108156534 0.266147861070774 0.166616717044258 0.0871434589421658
0.282140840421197 0.18378500404332 0.00115549570182327 0.339747368591862 0.193171291241798
0.243994925479866 0.0387470490722757 0.220260437586279 0.241723547134232 0.255274040727347
0.0379492675430128 0.193051548465641 0.359225041548804 0.337907075885031 0.0718670665575115
0.323309942715532 0.189805641545652 0.143929340144755 0.319657317449447 0.0232977581446136
0.179682424575522 0.468236029527496 0.0231938129490394 0.24667660116784 0.0822111317801021
0.183172327157248 0.0875329472953707 0.298207984996413 0.0668037893350328 0.364282951215935
0.170434727195348 0.283601308194892 0.0891872939206277 0.303699290688717 0.153077380000416
0.520154302079532 0.154946439905942 0.0461908580996934 0.0180103270603449 0.260698072854487
0.373211507901767 0.123205853989621 0.0845297846546093 0.168375853812017 0.250676999641985
0.211671698487775 0.224528615117568 0.106241051795851 0.295604395438509 0.161954239160297
0.0559599124887841 0.103227826685906 0.423360194767046 0.385589168826143 0.0318628972321207
0.211028110807345 0.0887167991182286 0.383674876770799 0.0275378958825132 0.289042317421113
0.217830163863495 0.0138276768410856 0.31805696470985 0.360519510622446 0.0897656839631237
0.239586706843279 0.270234355041386 0.0590770906524222 0.254677713683308 0.176424133779606
0.246565459107691 0.429335358253809 0.0236671876260769 0.250159725158621 0.0502722698538028
0.0364494236144076 0.0703422098765435 0.319163911568048 0.493253410902638 0.0807910440383632
0.173206584687428 0.124478421617804 0.287708700110434 0.118295309541304 0.29631098404303
0.223777590909522 0.216092463062566 0.212693190192502 0.318105230957137 0.0293315248782735
0.38374448245021 0.127509990272 0.00179535525375048 0.151536574435304 0.335413597588735
0.367620195436823 0.38310607387944 0.0298498780148904 0.137065751898752 0.082358100770094
0.229609431279963 0.20497454938265 0.180784307908671 0.164637496113616 0.2199942153151
0.223637985192641 0.0854397705808592 0.253531627103717 0.281529344072715 0.155861273050068
0.039075321516848 0.298267189005398 0.127419897490788 0.286192109458766 0.2490454825282
0.235462539203539 0.141736237664963 0.201650205605129 0.239012888218596 0.182138129307774
0.142216294064487 0.127027568532998 0.365870091774036 0.0291917580510073 0.335694287577472
0.22853600014761 0.418295493171296 0.145493712466007 0.132522127953145 0.0751526662619408
0.0268924930657465 0.0918644922667106 0.289679009496687 0.337436852659655 0.254127152511201
0.20756416360381 0.623072794857716 0.148898661170825 0.0186166229458849 0.00184775742176494
0.14885384189004 0.161645690668778 0.293238391136244 0.332428906286096 0.0638331700188429
0.16490885071953 0.453997364077121 0.236319481357596 0.0719986890819665 0.072775614763786
0.366514768955096 0.203673998846407 0.294370373383633 0.0585836201360969 0.0768572386787671
0.352095381740096 0.216235140923154 0.0570659485103057 0.0607467266470033 0.313856802179442
0.0367336432394363 0.0850577680795944 0.141846613294316 0.415167586319817 0.321194389066837
0.287588449527574 0.349495115584757 0.132272924580581 0.180994093799176 0.0496494165079116
0.330389321882291 0.23880246534403 0.11622540118696 0.145049098967176 0.169533712619543
0.136308525911969 0.187445414957359 0.234023366843843 0.294098492441951 0.148124199844877
0.337579163304485 0.0776632049037222 0.0213414859322076 0.042533400588982 0.520882745270603
0.211662807289985 0.19828866188651 0.0675613601212671 0.359133968429488 0.163353202272749
0.141896149626774 0.0409132112445744 0.213009800300117 0.376901336632758 0.227279502195777
0.351102108883204 0.00119709977199961 0.449325865255655 0.168388125527308 0.0299868005618333
0.151387737278516 0.167842270449758 0.239482729996161 0.259298972388381 0.181988289887184
0.344410655974351 0.0322997584868256 0.118093336771134 0.274156395106683 0.231039853661007
0.00883834219911049 0.274010259203417 0.424300851736072 0.182735330163224 0.110115216698176
0.0868510080876262 0.215538036156014 0.402041791268809 0.126731542217244 0.168837622270306
0.0492118488887082 0.288881091940294 0.223030045029125 0.196916870432869 0.241960143709005
0.214020135650352 0.0725599442093962 0.249645608854714 0.143717993232663 0.320056318052874
0.0958543987215845 0.127940408064554 0.254315062209379 0.252389014726706 0.269501116277777
0.16009478961148 0.217955506983981 0.0570481379543191 0.277144707217241 0.287756858232979
0.212366611255504 0.357214284310684 0.0465207448434443 0.223898257709046 0.160000101881321
0.242320379978475 0.0808425970715802 0.223950563911773 0.169880046633135 0.283006412405037
0.200386959731031 0.239667146491946 0.254426747511646 0.029301900552135 0.276217245713242
0.115901638627782 0.248754134555123 0.23571320371262 0.0866552837760115 0.312975739328463
0.00119751220961991 0.266319533402515 0.0357305794685567 0.234057691911809 0.462694683007499
0.174887669679469 0.0173877714733569 0.0509622784387185 0.29962413547778 0.457138144930676
0.0696019064904374 0.300254759286228 0.134267472417177 0.224807622799796 0.271068239006362
0.104400956771857 0.0490108258110369 0.32867965981112 0.288294223553604 0.229614334052382
0.181511406880021 0.335988419160037 0.184737450504885 0.296783940846115 0.00097878260894332
0.148795581566236 0.178974936089051 0.174258362119578 0.324815941168473 0.173155179056662
0.325185335560428 0.0918405872689815 0.342851964784215 0.165129621222284 0.0749924911640908
0.265446235511532 0.044829395878216 0.129429547947419 0.34860043709905 0.211694383563782
0.225748303183169 0.242342669043466 0.00819468687824158 0.365562033756837 0.158152307138287
0.192700767695676 0.318737087833188 0.0904524240137479 0.0820359431841148 0.316073777273273
0.0168255778042389 0.108973740733568 0.350065454464978 0.307259700289377 0.216875526707838
0.115691013239879 0.421590520531784 0.258858220168565 0.103668970062541 0.100191275997232
0.218040896737122 0.222564874592399 0.15679266121791 0.303118582461738 0.0994829849908319
0.200582548110905 0.133111313706462 0.245148482374888 0.293422758038375 0.12773489776937
0.148086108119054 0.247232550143061 0.106478800858064 0.353440638771573 0.144761902108249
0.286421730905814 0.315249687914045 0.20662783623366 0.18726222431286 0.00443852063362076
0.111242401339159 0.172650693481987 0.317062273132433 0.0891892970918185 0.309855334954603
0.0982499084203333 0.15827406102492 0.288691477452411 0.100304080970797 0.354480472131539
0.358246086011025 0.139338826386224 0.291774797451108 0.0910419072540741 0.119598382897569
0.20473412195733 0.247429874724464 0.213762258635563 0.0956928121984467 0.238380932484196
0.196336000154232 0.339698034378775 0.163058734623483 0.243876504685867 0.0570307261576428
0.236517074676087 0.27187183484373 0.181263309565746 0.272843737245806 0.0375040436686308
0.31969251858609 0.134507065972816 0.220278597530388 0.174396872615164 0.151124945295542
0.0366147544959818 0.25678061564967 0.246481651692199 0.157560446620784 0.302562531541365
0.269810612773323 0.306932115914195 0.0839051708820503 0.255483479133073 0.0838686212973585
0.0751389153430824 0.306700397128285 0.269319932901609 0.321113020457026 0.027727734169997
0.219612749705216 0.264667779252852 0.218460906924257 0.165174029662762 0.132084534454913
0.113295810895504 0.157191227727682 0.153989870313435 0.250627481530841 0.324895609532537
0.161521331541244 0.176658548808654 0.283537139946305 0.203153028382649 0.175129951321147
0.248185192378692 0.153185193578028 0.268794302106769 0.207886994232593 0.121948317703919
0.219926633974542 0.195636659016399 0.133184582212908 0.279514157368395 0.171737967427755
0.105177382368346 0.298655233520074 0.107029929603631 0.0949867205401075 0.394150733967842
0.147249069538133 0.280638525583823 0.217750912137696 0.246628927148784 0.107732565591564
0.301272999784759 0.327319434294909 0.127510503812095 0.0800142801413612 0.163882781966876
0.337828218466138 0.276909888782167 0.0394527437783566 0.322036059678329 0.0237730892950098
0.205960733482717 0.153069746633878 0.210441430682619 0.0491557506007562 0.38137233860003
0.326427980059689 0.284146875271268 0.0500673678283485 0.313796181726172 0.0255615951145227
0.353824284532197 0.279209527949764 0.118554524749977 0.240313486149248 0.00809817661881409
0.389178681560881 0.349470895313452 0.0694538782044486 0.132632748008563 0.0592637969126554
0.088546863330576 0.0705144662837961 0.173065559995852 0.23131726329758 0.436555847092196
0.208496713301242 0.189532364224275 0.361772142466086 0.10809196874027 0.132106811268127
0.17008887525629 0.235893215891151 0.25916391230762 0.0383054812902886 0.296548515254651
0.110281123801441 0.284426955570081 0.0876432740560356 0.287101491359025 0.230547155213418
0.301462550894616 0.292218661694802 0.108612208326421 0.286796128697243 0.0109104503869188
0.271160347509225 0.447019214882036 0.161671603054223 0.0301978310925269 0.0899510034619889
0.130521750271619 0.138172356322112 0.234723250476606 0.273329103595208 0.223253539334455
0.180627785185566 0.315056278638106 0.220944022122832 0.172402990856115 0.11096892319738
0.261352234214195 0.150737408878028 0.0895723501115382 0.271927096067755 0.226410910728484
0.314277945373505 0.207408436398574 0.235066730974643 0.0167149963852852 0.226531890867993
0.247308667653595 0.204183024341303 0.181349355315354 0.133698434807789 0.233460517881959
0.0614103996537535 0.140593598612315 0.228077745227764 0.310023152504322 0.259895104001846
0.377680026718465 0.210336066253994 0.0705831690692535 0.178267448778939 0.163133289179349
0.20834265617167 0.127638965401532 0.284234686527782 0.155860299044965 0.223923392854051
0.136804802585873 0.333819992429672 0.274917202308178 0.241378718519077 0.0130792841571996
0.0532946230303365 0.0427851548166072 0.318308561113778 0.391301331952535 0.194310329086743
0.210960979787567 0.505012789007759 0.168030175884471 0.0419284947531639 0.0740675605670386
0.294677740426537 0.0478330581052116 0.233418792196305 0.114969742533092 0.309100666738855
0.312213986388183 0.0410209956476461 0.114646800295736 0.306226644919999 0.225891572748436
0.0707116298679902 0.0600310276058627 0.0311900361591104 0.0398991294258194 0.798168176941217
0.00249628412396103 0.433031215306925 0.461051000957454 0.0595894443036614 0.0438320553079984
0.138668192935577 0.294607651578165 0.321596085646838 0.0754867064676717 0.169641363371747
0.153747220549272 0.318861644707355 0.113004332681358 0.343975861015688 0.0704109410463269
0.254292023197123 0.193250694609487 0.252816610263403 0.0729558916098907 0.226684780320097
0.0298679298571948 0.299307543769953 0.0519725376838431 0.313617180690148 0.305234807998861
0.0834063172817437 0.540004041855141 0.0136097565318808 0.101013071728554 0.26196681260268
0.359772148855441 0.279996776571069 0.0912351571774477 0.183971978822441 0.0850239385736016
0.268429465110886 0.215544786248207 0.0891742303121066 0.158811241620333 0.268040276708467
0.199363506289035 0.137399664683738 0.0503877119457739 0.245818717316693 0.367030399764759
0.194496365449229 0.445259405572252 0.341573718834897 0.0146302398222167 0.00404027032140457
0.248247587858917 0.0755685778890455 0.208005367799877 0.250445802037889 0.217732664414271
0.274608530364121 0.15714856877181 0.184061926131261 0.0248318222836598 0.359349152449149
0.190451325706964 0.0971171601692918 0.129071217635833 0.273001900409038 0.310358396078873
0.242298351104407 0.115024011226503 0.168191316707216 0.269060273182577 0.205426047779297
0.156036414703248 0.137548708941997 0.104938891409066 0.236887879326473 0.364588105619217
0.197168850058846 0.159219152349599 0.0682728765159208 0.309340913566511 0.265998207509123
0.307577579562018 0.0863928836148219 0.258743452346439 0.146550281638539 0.200735802838181
0.136453244799505 0.348127974780638 0.00425527720873401 0.28663427875755 0.224529224453572
0.264218423315728 0.27129491315752 0.0780093022016682 0.191781520335848 0.194695840989235
0.0817441249035401 0.421924476300296 0.196548872647281 0.0210734369587171 0.278709089190166
0.252105848693008 0.163491125944989 0.160558720701076 0.185083118061969 0.238761186598958
0.234423811993714 0.144144570072509 0.0677721298491294 0.272385092970843 0.281274395113804
0.31336180494137 0.177801946191503 0.0470501498151157 0.1628148846041 0.298971214447911
0.213801027689004 0.0829133160927914 0.324084987663075 0.233797367296448 0.145403301258682
0.0101258563869983 0.273803682863118 0.406207046822074 0.040340304388196 0.269523109539614
0.361826353572683 0.190597511162938 0.199073711334336 0.148075893015522 0.100426530914521
0.0245111874623729 0.408861276082223 0.154622417066729 0.145211929005599 0.266793190383076
0.17357977503955 0.294229383327627 0.20845726642723 0.0574493780466313 0.266284197158962
0.185917061264606 0.0191293832198825 0.219934029321344 0.288960481164834 0.286059045029334
0.191321984992658 0.290596577642672 0.1274027279891 0.120069805316717 0.270608904058853
0.166082521449894 0.126355803389031 0.0534555946055144 0.412204853289131 0.241901227266429
0.00672818326215583 0.171358300672084 0.207068792834647 0.150537401451808 0.464307321779305
0.0854722369295077 0.471852972803914 0.154512661161051 0.00648778432469919 0.281674344780828
0.340564100567391 0.210120669293861 0.293100245762248 0.104490518200562 0.0517244661759382
0.0928363435357101 0.35350673720176 0.135676659854162 0.224635926355968 0.193344333052399
0.149472134281611 0.039892182250633 0.539916777204001 0.0488059025840477 0.221913003679707
0.0584238134648552 0.341058054987196 0.257054163892666 0.104570467055199 0.238893500600084
0.074659643809486 0.171936182728421 0.256353389202645 0.281047828317236 0.216002955942212
0.0253911466187594 0.289584705494099 0.318885518512084 0.0864136704318027 0.279724958943255
0.156797815937596 0.18870249964646 0.248423458928307 0.0821564668815412 0.323919758606096
0.23300689001742 0.013854855200622 0.0280228564035305 0.357020044017416 0.368095354361012
0.241694533772242 0.189360626444194 0.190379986657406 0.120596383175663 0.257968469950495
0.251825112935248 0.0447288265431435 0.157719589723139 0.326466046581703 0.219260424216767
0.427932708829243 0.188214989336042 0.159960577457886 0.195593778255915 0.028297946120914
0.192791067400286 0.227296298444898 0.198336754183466 0.203248588428811 0.178327291542539
0.249240117059461 0.166059234472419 0.421014439618211 0.0723226386713697 0.0913635701785395
0.17441604158377 0.0256592190505053 0.336321432931635 0.168522236713828 0.295081069720262
0.284001763705991 0.0202957577755361 0.324815404882869 0.208153457604593 0.162733616031012
0.205700687924265 0.175453055623235 0.282714661662707 0.278884501818609 0.0572470929711841
0.0217155553161816 0.184665424221322 0.26375685277581 0.206637277776621 0.323224889910065
0.228966467033554 0.276259428160027 0.0217715555670533 0.247755535427348 0.225247013812017
0.0645699577601947 0.203211063429224 0.2317011560941 0.160709176918326 0.339808645798155
0.165745742281908 0.0619978965685521 0.229403845974544 0.131090582423567 0.411761932751429
0.163579057864489 0.217014711112609 0.103212236758081 0.0986043283682203 0.4175896658966
0.283507651429707 0.303627098573934 0.162186524003021 0.0771158623446036 0.173562863648734
0.272980772495007 0.139344610199671 0.256635367530658 0.276372851558225 0.0546663982164383
0.211750076510918 0.164560332866836 0.157214457589559 0.305047227963386 0.161427905069301
0.471419751794664 0.114089514480702 0.0516754408656355 0.219998418114449 0.142816874744549
0.194726432404074 0.181628138234957 0.213625745027954 0.217487334197111 0.192532350135904
0.245939412198426 0.212754612277425 0.0983523591569399 0.173998312473353 0.268955303893855
0.164882436690073 0.110614543443308 0.356827261601749 0.0286638768935095 0.339011881371361
0.0342837845994047 0.0654023845910816 0.382149810970664 0.284101622145886 0.234062397692964
0.254552173447236 0.0850665813837274 0.289758112950792 0.0614273326051304 0.309195799613114
0.230043445418239 0.374009591341438 0.226999433171852 0.0190806983054351 0.149866831763036
0.0393406069565052 0.0985730604752221 0.308191452459155 0.357765437375232 0.196129442733886
0.295724084905676 0.131374535055711 0.300541796276689 0.106512574206097 0.165847009555826
0.239744612838247 0.0549212092764896 0.160699955691016 0.32587720332328 0.218757018870966
0.210925834065193 0.167126299810741 0.133461307123515 0.129080419807246 0.359406139193304
0.0671517829075542 0.418385563779765 0.330586222126448 0.122422475881267 0.0614539553049658
0.0362734645914801 0.099261124607302 0.216967403826615 0.330635887319088 0.316862119655514
