0.205697208430536 0.17388816371781 0.0466929761933173 0.104347051390209 0.108325573767368 0.36104902650076
0.101226312794148 0.130086577364932 0.123955798784193 0.331366768227455 0.209222137849519 0.104142404979754
0.271030815863085 0.336954291268884 0.0477994370371696 0.164761698243079 0.159691891576663 0.0197618660111191
0.128306399211556 0.123836995471734 0.2059267069356 0.0354169782091963 0.181683235418085 0.324829684753829
0.323764536148096 0.118778415168289 0.280065208769035 0.0677652503198239 0.196629732070293 0.012996857524462
0.215183070116034 0.11695157471337 0.0959454488399551 0.336258605813749 0.0218090922260898 0.213852208290802
0.255057396567249 0.0487857229644257 0.285487585609845 0.233501316218167 0.0859425453913781 0.0912254332489352
0.11142968381571 0.146319753763516 0.182965548402921 0.227902473336973 0.201304711130169 0.130077829550712
0.0945880547075146 0.212325469695462 0.289588749331048 0.00300460089951343 0.0762271835327725 0.32426594183369
0.0151016700650351 0.348169674516755 0.149526171411303 0.00179639683758877 0.0776840558459176 0.4077220313234
0.0219544552976901 0.114159808401356 0.243630976626928 0.270814327287971 0.118688086187721 0.230752346198334
0.0496648942320153 0.109966228883501 0.116383974099685 0.175846045099474 0.342082881449714 0.206055976235611
0.0389130622786924 0.00905653558749315 0.217160454216229 0.186809263420841 0.288070625492404 0.259990059004341
0.180367575831961 0.245197052600518 0.136841118627174 0.202913316777031 0.0325315769769253 0.20214935918639
0.101024071069387 0.150208625620724 0.19059284886401 0.0423695305182579 0.198981900552132 0.316823023375488
0.249211381724368 0.0393033635432937 0.168150092922942 0.175968434522816 0.0705291604751904 0.29683756681139
0.139501899883333 0.048578500850465 0.159842283035177 0.20211150665491 0.315761360410502 0.134204449165612
0.0428380033749287 0.0539507637584112 0.182241256101231 0.293138152807216 0.273389758248676 0.154442065709537
0.0930860392878058 0.0673248557719523 0.271495798576582 0.246874376349088 0.161151028990727 0.160067901023846
0.139133826140682 0.220497452703958 0.179724181448954 0.109897152388599 0.168368112825093 0.182379274492714
0.204940729893566 0.176233309564099 0.0178750491672996 0.010001659535369 0.382738737208018 0.208210514631649
0.209479519577201 0.0306506885834269 0.133595512656953 0.00036924545204546 0.300584040606402 0.325320993123972
0.205361379362023 0.234698052486601 0.0337974709341913 0.0982856386332318 0.193327585122151 0.234529873461803
0.231757116728096 0.141566554408684 0.104859423857121 0.336967431781708 0.0367681559345174 0.148081317289874
0.0439675430054339 0.221348210548405 0.193056445575967 0.210683749729986 0.123638034537346 0.207306016602862
0.370548263917046 0.0110469370087577 0.0800907688187543 0.339389846602281 0.13331032777465 0.0656138558785111
0.184377650755741 0.0422153335654332 0.0128476514046511 0.250619301667246 0.215422563444291 0.294517499162638
0.226010904125103 0.122625020954976 0.171692203943132 0.175917125165333 0.210352844615872 0.0934019011955837
0.0297396403709343 0.195989393568613 0.050534147780077 0.00124164835743802 0.295934782052879 0.426560387870058
0.236824820809545 0.172021980055993 0.151412431034979 0.112095570881004 0.197490767498205 0.130154429720275
0.308298316075883 0.211322384364643 0.0874116770520552 0.204548835638087 0.0962574342193517 0.0921613526499811
0.119869075492427 0.112866456902716 0.221123565643936 0.278658709262408 0.0465245422557466 0.220957650442766
0.190991831637695 0.205374387194444 0.121309807461925 0.20633441895825 0.202575787634462 0.0734137671132238
0.186468633975367 0.274661410791028 0.046436126436093 0.203860963937543 0.264517637570738 0.024055227289231
0.127411377294166 0.257980633917829 0.286351612791055 0.185289675949561 0.109418635168791 0.0335480648785981
0.205215569224806 0.0907932332936336 0.292519091924254 0.106761785906179 0.277818437269094 0.0268918823820325
0.358531509117 0.118913542785088 0.0451192528969614 0.351290060665314 0.115760108937763 0.0103855255978736
0.274779883420046 0.017648533951728 0.261049016077617 0.0226533391250616 0.282487702715339 0.141381524710208
0.0776288317549563 0.0260333688811096 0.102372358615682 0.230606162227025 0.244863283888174 0.318495994633053
0.236238015366728 0.214661182350512 0.150847242239466 0.192447047088366 0.126221639598912 0.0795848733560164
0.137164099950623 0.16653018973354 0.221892325428274 0.0959651884759219 0.241506900700438 0.136941295711203
0.151144799466311 0.341157309897794 0.00781015009832447 0.087757949505008 0.02159374492074 0.390536046111823
0.221033298584255 0.0373795100750278 0.186791487231542 0.256804126786653 0.233446024166079 0.0645455531564435
0.224936957451536 0.113692463004731 0.209959075022677 0.0741077268087358 0.182457413688356 0.194846364023965
0.339775703497011 0.0984375187218333 0.145024616443527 0.0143387535316332 0.285406813637585 0.117016594168411
0.167189150676171 0.181897136468416 0.179482486393662 0.197965745430905 0.0907165672939517 0.182748913736894
0.253435030873882 0.230288862769511 0.118766639341409 0.312874642345459 0.0781772001044745 0.00645762456526488
0.268333530503262 0.0764956753661422 0.025454544249928 0.214636806243605 0.305899114761376 0.109180328875687
0.0776008301744537 0.277778112747903 0.150303222305719 0.213193833493426 0.141585879219733 0.139538122058765
0.117781581923261 0.26614250298317 0.0481615433700765 0.263563705220865 0.0567382465638509 0.247612419938777
0.234251823937926 0.280911909194972 0.0852979464146534 0.162496500069118 0.0343794564348725 0.202662363948459
0.173740758289978 0.262426482281996 0.147693544919269 0.194692938999132 0.051854530621987 0.169591744887638
0.19208602180592 0.000516211858436045 0.362796970547234 0.160824602319573 0.038903413474298 0.244872779994539
0.19536463487003 0.0396133481734667 0.174752409656768 0.203349950315825 0.227879243573059 0.159040413410851
0.000555860162648932 0.223262678966809 0.128673206542639 0.263541687311065 0.29789280174234 0.0860737652744976
0.310228641571469 0.037420477194043 0.25731435691521 0.0223205270557663 0.053874012191096 0.318841985072416
0.232727400253905 0.0731337248803874 0.310544196228143 0.207858751788316 0.112983853014561 0.062752073834688
0.2249736555564 0.279243244114629 0.0391910917084124 0.0764846220882734 0.1783851084307 0.201722278101585
0.188258853752484 0.19146213736483 0.160728430361571 0.259094628583577 0.0286372867046638 0.171818663232874
0.319275071280109 0.106508338216447 0.243238260602034 0.14710856971635 0.0163203582824708 0.16754940190259
0.330482187579412 0.273710451424563 0.0677447963414101 0.166170708849717 0.140392349076915 0.021499506727983
0.0836891896852246 0.0120765198414132 0.206867803042123 0.169801276185201 0.206026770049146 0.321538441196892
0.188201883809624 0.074597584014167 0.182321958642682 0.11104901173066 0.207731265262414 0.236098296540452
0.216079570271636 0.201570213896853 0.262822168603201 0.234058509570098 0.0288142736473651 0.0566552640108463
0.0220553077236283 0.320793195805869 0.149812996164757 0.0650662930556683 0.281861025118091 0.160411182131986
0.248203842628192 0.0849115648025888 0.248575094332624 0.00563830024347054 0.0900361008454029 0.322635097147723
0.183808157887232 0.0536921847567847 0.212609459252966 0.173077416267533 0.199052006370079 0.177760775465406
0.128263343121429 0.299293815617793 0.0448491011209266 0.126825534624027 0.102387458945602 0.298380746570223
0.253917204677416 0.0402145752038146 0.155512604529539 0.13110581221136 0.293819501619184 0.125430301758687
0.0390417347825305 0.213765394532626 0.140615480345564 0.260551625598029 0.338494565709694 0.00753119903155545
0.238814894214272 0.174128074746519 0.159036204586003 0.151047692222225 0.0756486277109524 0.201324506520028
0.201668926063097 0.0143087031761179 0.258723873612189 0.13817384386534 0.367812711692544 0.0193119415907121
0.047160476935425 0.143266966495287 0.23187206652438 0.139010819394254 0.160963843321544 0.277725827329109
0.172794702434993 0.407259761743236 0.299476520505643 0.00365457537551799 0.107519532479668 0.00929490746094109
0.09632818761854 0.269385726445443 0.0760314398181698 0.227225725611854 0.156408557388071 0.174620363117922
0.27481815068275 0.158753024738322 0.0070476685403233 0.0242227557421732 0.314157052953823 0.221001347342608
0.210274508564593 0.142108395623831 0.0989998927609595 0.0247428488342608 0.262386957839674 0.261487396376682
0.0781460766066551 0.276073231401543 0.0675187497194595 0.127220553633052 0.198121489668803 0.252919898970488
0.228324130436958 0.145744725806614 0.206261162362327 0.119134562660198 0.107791203270688 0.192744215463216
0.0877935457094011 0.387728671669883 0.0662424645758411 0.0733028985388011 0.180506175252831 0.204426244253242
0.161500710714729 0.117193818526072 0.401851216033567 0.141368373358332 0.109371516265354 0.0687143651019453
0.0675856900717298 0.260115496586653 0.242403990360119 0.0306663393175965 0.191867959044236 0.207360524619666
0.200520349607606 0.20620380312142 0.136214752808731 0.201258517500503 0.0917271146798947 0.164075462281846
0.145616974856598 0.00925765816882421 0.227757347487564 0.367949341596978 0.207721486458617 0.0416971914314194
0.18742845767695 0.162711652537386 0.217207211447701 0.0978254752801912 0.227984288841185 0.106842914216587
0.317816287821489 0.231274109549695 0.0859884010576726 0.156870495121589 0.179153168605171 0.0288975378443832
0.319209905076315 0.23755977444411 0.113232002409378 0.2439539047952 0.0360585578002279 0.0499858554747691
0.173187755019244 0.150974645472056 0.165970144700586 0.146489283910228 0.189933556960464 0.173444613937421
0.111685681834786 0.225383775121903 0.203092354829832 0.211362040891969 0.129789076656479 0.118687070665031
0.0840928167422768 0.106725492123151 0.217458725429213 0.228265419051633 0.241715168038378 0.121742378615348
0.049009070205758 0.162961246966267 0.352558562243633 0.0174890597868113 0.371129975622544 0.0468520851749863
0.227630932742946 0.0651674175996141 0.161481835592962 0.213075482584645 0.145986637999453 0.18665769348038
0.1348731354719 0.249934570685461 0.0206972551962826 0.40819055664151 0.0484872504741798 0.137817231530667
0.166619275752314 0.141591296192948 0.174342317342929 0.190588949201164 0.210974066316217 0.115884095194429
0.0999071627975611 0.211525624737252 0.118761018413902 0.211025332506733 0.0484361325721152 0.310344728972436
0.23733660353176 0.176298652032777 0.0860958564504564 0.214313355583175 0.140868145782383 0.145087386619448
0.0942979323261171 0.206420404327073 0.00102904210868317 0.157178937290889 0.239990927443452 0.301082756503786
0.127276273749767 0.105439027784203 0.0547111428074234 0.211192350617368 0.221188430499226 0.280192774542013
0.0473511063571834 0.179365567084143 0.110141701595742 0.37486211703033 0.283646511159512 0.00463299677308932
0.216681726077047 0.0303434752032854 0.165051664468369 0.196908256720861 0.275987545188503 0.115027332341935
0.20454523980417 0.331226687885399 0.0620282037691771 0.244902370797005 0.0927149200674772 0.0645825776767708
0.145833121853045 0.0757589574540482 0.316216746937054 0.00577232009598472 0.159428069738131 0.296990783921738
0.0321089915371965 0.125970484751954 0.239451337175729 0.172548158584884 0.232785318327658 0.19713570962258
0.0254318450857431 0.260412764742914 0.182920866197233 0.120094445079739 0.210029338948589 0.201110739945781
0.176551335755948 0.262519431120681 0.00615865461572874 0.116304627306555 0.24279038452851 0.195675566672576
0.343120550512085 0.102691153830154 0.0145955341816478 0.112754717582345 0.0587865095086866 0.368051534385082
0.164774779900647 0.222234636292645 0.0366167456568609 0.125082534973837 0.247156990184948 0.204134312991062
0.088066275440776 0.148057128643987 0.0284181133582671 0.131681669600512 0.244936165953314 0.358840647003143
0.0387804875863832 0.281743128928613 0.00501701666045553 0.233554399323234 0.280709841629604 0.160195125871711
0.19731029385602 0.207162462869795 0.152600680674822 0.0752220821713274 0.191073408522315 0.176631071905721
0.131636716851738 0.174555095510727 0.218058039484491 0.122061511437499 0.150543769626882 0.203144867088664
0.160764817812592 0.0196240554357174 0.426137310473486 0.0721745319350049 0.110680260947883 0.210619023395317
0.157460568099837 0.00136832160231761 0.214728493615534 0.198111942207428 0.230700545803866 0.197630128671018
0.0370359387922056 0.133298230788427 0.237403188692517 0.217667342933293 0.23185173579379 0.142743562999767
0.169731699692585 0.154180432470431 0.162349779825001 0.191849968727501 0.139641335561687 0.182246783722794
0.0844011276748836 0.181179058854126 0.19496235168068 0.190861462751845 0.139850872197656 0.20874512684081
0.131129030700388 0.127597670860804 0.23728246860776 0.062943754421383 0.260047369645515 0.180999705764151
0.227108047390959 0.156761131941552 0.0216905261212302 0.258684245907027 0.104163072605903 0.231592976033328
0.145940797681568 0.204267201227849 0.200165873032385 0.143325039634718 0.160943015534965 0.145358072888515
0.184916052241445 0.172283047451298 0.192379016562769 0.157348612967216 0.133798220315445 0.159275050461827
0.00812110549240275 0.194647318693109 0.243853995069287 0.247722815045001 0.140003963993763 0.165650801706437
0.0812452440461625 0.137473988704511 0.00835813976139193 0.317476282689734 0.335108983964949 0.120337360833251
0.22500658776246 0.172297790834278 0.296121727650934 0.0308680226880737 0.156464577006453 0.119241294057801
0.0722961336731001 0.174749429034705 0.17816283615831 0.232425664107903 0.170167161433497 0.172198775592485
0.233692885903099 0.293638631740269 0.106979079246304 0.0115671869509687 0.13860990249884 0.21551231366052
0.0538415615331842 0.0947123664633886 0.14313671363795 0.161608767041708 0.408859327989025 0.137841263334744
0.187360307239899 0.0840984397900894 0.121428279791332 0.148548875283453 0.21890500223526 0.239659095659966
0.0814062900158956 0.357338667313058 0.155309621656912 0.159929536567403 0.214914056047231 0.0311018283995004
0.195377119485039 0.278617995433927 0.0445634087439046 0.290382262048724 0.165313687821944 0.0257455264664629
0.223119464600988 0.0265604784887264 0.211762238124356 0.216599637624457 0.0864560692186105 0.235502111942861
0.112999599581694 0.200887710119112 0.203371388862603 0.249682606277848 0.183019398579785 0.0500392965789572
0.243753675166071 0.116981932167978 0.227308910476064 0.199194527340175 0.077054955534174 0.135705999315538
0.138551840279027 0.271142349011671 0.0121326289428451 0.274654652614335 0.259029644908484 0.0444888842436381
0.0306681466445084 0.209682221255209 0.257611248529387 0.157763393332708 0.141303368944601 0.202971621293587
0.0366580094489071 0.172948824903664 0.0680612063131841 0.0883510262777698 0.354093911768854 0.279887021287621
0.188403863693784 0.167251924104067 0.0917104457431501 0.20895940686654 0.2072713243397 0.136403035252759
0.0862787874391814 0.211676874102643 0.269053159977135 0.058179419652519 0.169750187969967 0.205061570858554
0.176234600358871 0.0700742916405218 0.205775856609153 0.210314577016266 0.200104036062286 0.137496638312902
0.233870720255594 0.152594672925828 0.0773169964120014 0.134077817594188 0.263435071870516 0.138704720941873
0.0709279754694167 0.401741445945278 0.077396210046337 0.284694222503541 0.0932415324912827 0.0719986135441439
0.172781393697579 0.00676744064179699 0.319682466299871 0.143361176728803 0.109635912830613 0.247771609801337
0.273743652523818 0.110719131644575 0.0894477227525634 0.254540412015482 0.0918301562558089 0.179718924807752
0.360396671445733 0.248337608242605 0.0197389619068334 0.267242219449329 0.0333248714665192 0.0709596674889806
0.0273019917672183 0.198162467377939 0.255535607156905 0.230876059979623 0.241118397184806 0.0470054765335083
0.192761047589545 0.225479225409832 0.0952934802994587 0.202081587906748 0.120730865879291 0.163653792915126
0.118844462945887 0.114695177840865 0.147868681595128 0.187819037326587 0.209038634158449 0.221734006133085
0.231777398219091 0.294015030173258 0.132332846395411 0.0312507115668376 0.131455870499127 0.179168143146275
0.142119910888371 0.205656329425236 0.0184010602391006 0.353045074678428 0.00665262867645507 0.274124996092409
0.228810562670791 0.185319129349535 0.190782170773007 0.109488322712681 0.145327755105212 0.140272059388774
0.0816391285401483 0.213961113317851 0.0951596748310672 0.244862562480005 0.172528759695226 0.191848761135702
0.0116122354626806 0.188173433958014 0.131210138530118 0.275950334357136 0.151659190123205 0.241394667568847
0.149294912708082 0.201489085628152 0.211985264942081 0.256452266380416 0.0501382364222613 0.130640233919008
0.00399330554985487 0.200543165722171 0.508882267993646 0.0895455230925666 0.125927386161921 0.0711083514798409
0.107795926797855 0.232113313538538 0.0573556730309338 0.165956431797843 0.218445261678364 0.218333393156466
0.187458240787671 0.179473445773276 0.223999244457398 0.0356976314575127 0.17442023785309 0.198951199671053
0.155683965579233 0.164787900429903 0.194881532043945 0.286435565352821 0.0539983262361024 0.144212710357995
0.183279539330368 0.0351404695202133 0.109880227341866 0.242554274460999 0.114309005011113 0.314836484335441
0.0481037284687569 0.264441133346763 0.138238124062697 0.269468795255265 0.167715859284355 0.112032359582164
0.224169416569826 0.150434784232346 0.18212934424225 0.103038236630593 0.185145118935495 0.155083099389491
0.0609249891188921 0.16091151241222 0.24633495175468 0.139673355456304 0.260954150692435 0.131201040565469
0.292098261526102 0.241564406305132 0.0571134492017657 0.0814513481201819 0.0855737281466826 0.242198806700136
0.089709934667475 0.347292071121905 0.188427426278171 0.0434992399041767 0.189399063492297 0.141672264535975
0.333824380814391 0.0503445219636885 0.0583870741784435 0.0429360476164371 0.147759538617133 0.366748436809907
0.302569556574961 0.109484277420914 0.29489920664482 0.184013863114641 0.052674096373611 0.0563589998710522
0.328090859292583 0.270653870892095 0.155458039615351 0.0111669047474515 0.2030939308565 0.0315363945960193
0.181186655815893 0.309899320671262 0.109340425446499 0.0432667445823077 0.253140088173306 0.103166765310733
0.0966606708027994 0.230351148012479 0.2751430778368 0.0290024102743002 0.0775166707327122 0.29132602234091
0.0189481280733335 0.24983300684742 0.164733578669968 0.209732700806742 0.204533723667089 0.152218861935448
0.180660379344031 0.371333985630245 0.00294943811308548 0.231968865380065 0.112819548822346 0.100267782710228
0.032055679080293 0.215703182645057 0.128076537884368 0.12707050729335 0.314629381655411 0.182464711441523
0.106213215938658 0.0551453759128501 0.107851415690515 0.0749379196726983 0.284959171933075 0.370892900852204
0.23392589851146 0.216898911402063 0.103629826534311 0.0777798425553019 0.211438153373278 0.156327367623586
0.206919134686746 0.254342810362638 0.129656883567185 0.149085164026471 0.19883777869351 0.0611582286634509
0.234365839813272 0.0215246664767529 0.125222334741185 0.272644537819023 0.240966197310092 0.105276423839675
0.135691785745415 0.115741471548009 0.228349432679158 0.0973411772446207 0.113755736719596 0.309120396063201
0.238412841305474 0.158028114902608 0.157655276404115 0.0730322882923974 0.0723196509329756 0.30055182816243
0.198954378738342 0.146544311662009 0.00488274306292748 0.298495922112545 0.12654975576389 0.224572888660286
0.0972119352455575 0.157382453722363 0.212443952810393 0.124946222821335 0.180531208379269 0.227484227021082
0.0611652232644252 0.218510386476364 0.139351372856262 0.301784245204854 0.227264910919376 0.0519238612787189
0.0109840646566384 0.178714832551601 0.386318097184857 0.0607617623540922 0.256126113114162 0.107095130138649
0.305313505003836 0.281507211959694 0.0188510485817508 0.0686882686213809 0.278624058388836 0.0470159074445017
0.0605630435302228 0.240891581187324 0.0338325479521646 0.257542256944652 0.161400572035864 0.245769998349773
0.105803131726924 0.142430899352318 0.168912718090237 0.0498039094536917 0.269891814239519 0.26315752713731
0.168973714196102 0.185639218982056 0.219457530036408 0.0444116921571961 0.136323490429178 0.24519435419906
0.201066633288084 0.111378144469627 0.155367337805394 0.367117029862907 0.0293989394541061 0.135671915119882
0.193466871214493 0.231863752258901 0.178913450136732 0.13382855078488 0.0475312273319697 0.214396148273025
0.0471387609193256 0.0688436208563928 0.26309816308774 0.274264892817364 0.0419122996860185 0.30474226263316
0.287032938646156 0.0588101968776978 0.089399835594851 0.126800763957099 0.138307042966989 0.299649221957208
0.276831826970181 0.091494284423208 0.00533884606197647 0.298669664664925 0.0700551878707256 0.257610190008984
0.0709699958310596 0.186518170987228 0.235301681417223 0.209356346807491 0.223347762822066 0.0745060421349321
0.284404586503386 0.0405897707990265 0.263189934564912 0.181337113552474 0.0825700607327866 0.147908533847415
0.00490722507850399 0.188898260740892 0.205554279087443 0.0667151966202763 0.180651433527905 0.35327360494498
0.0476730998414797 0.22268161990191 0.302157838535205 0.0337185581630321 0.0912614125535767 0.302507471004797
0.249941314135208 0.132185917450776 0.0841175606009718 0.135434113560387 0.113910412320449 0.284410681932209
0.263688716220701 0.163893832998911 0.0324757177724571 0.195853737229466 0.147275977597152 0.196812018181314
0.369679788835221 0.244641031251292 0.194667423259507 0.126408328649715 0.0631354032843246 0.00146802471993975
0.212012543184473 0.193427809920145 0.0846996313852536 0.179095183216645 0.103636216890578 0.227128615402904
0.0166831251016162 0.0170934888010256 0.105846829894062 0.348222375675876 0.0163640008577924 0.495790179669628
0.231200862562386 0.0471433749867146 0.298398146847897 0.246226819138148 0.139551484609203 0.0374793118556517
0.17359693250885 0.139587421097443 0.0743272420255312 0.230670250547812 0.289164505692212 0.0926536481281529
0.197722260396892 0.0449458460001671 0.15340728021299 0.0590323970983306 0.26733186762878 0.27756034866284
0.123895061322365 0.285909856751264 0.118209315940914 0.161280703979026 0.0698664207066682 0.240838641299763
0.0140623076237317 0.124658534163641 0.222378155028129 0.201670652097176 0.186654770718457 0.250575580368866
0.217981963078726 0.0133009629964665 0.330795537930766 0.105066929281894 0.167767917518646 0.165086689193501
0.27434487320172 0.0964721258150718 0.140036531858577 0.0636500062009299 0.230478688254712 0.19501777466899
0.141493843348189 0.113834170999878 0.265665157225864 0.242015195907144 0.216813776727949 0.0201778557909769
0.177475484092517 0.116600695790284 0.238645004874893 0.0573120546540656 0.133420426255397 0.276546334332844
0.194189986699146 0.0769691424645265 0.124181557807658 0.288850033282111 0.147959298613638 0.16784998113292
0.04936184545141 0.314149552338279 0.117000015779609 0.360464570911362 0.141690652194488 0.0173333633248526
0.150433727888442 0.0021356168542612 0.250189168286586 0.296643665992862 0.0186084057489206 0.281989415228929
0.143808180307246 0.102302238031853 0.152179656542318 0.165417626753792 0.196461480636087 0.239830817728703
0.00415274992363365 0.194620746968087 0.207494542497681 0.128118105109671 0.250260417224157 0.21535343827677
0.167719302827729 0.0640346079221987 0.131736294663041 0.22914386754706 0.155164900175825 0.252201026864146
0.18049233237606 0.143616372903714 0.0244675694038662 0.167585395304598 0.132020184883732 0.35181814512803
0.0824011963878131 0.0487000983677957 0.412023767667986 0.102105382579988 0.253782725319617 0.1009868296768
0.169804038367667 0.109722728531686 0.133405183451368 0.151567529308954 0.174910303625748 0.260590216714577
0.216064286242415 0.271431704585727 0.150857391648534 0.220381914355565 0.127603565720716 0.0136611374470431
0.0709240748532973 0.0964444841676388 0.24820319011011 0.130563128005641 0.28271986747077 0.171145255392542
0.179128745395091 0.0426747634798008 0.18556029594832 0.258363460845812 0.13796698857143 0.196305745759547
0.334807407104685 0.00199957217749057 0.403477826479398 0.00964158231144645 0.0319764773884401 0.21809713453854
0.270911677259564 0.0220788366722403 0.247842620637561 0.299616030732248 0.106017628439907 0.0535332062584793
0.181121548092502 0.2295534864219 0.0320989314231971 0.218293213469782 0.13061768810202 0.2083151324906
0.137135134351219 0.0872295500869602 0.296054025302205 0.00829221898296194 0.0424464779129336 0.428842593363721
0.192300951000534 0.0890173701490423 0.316580761285173 0.109731700146257 0.115461498833782 0.176907718585212
0.212694909593798 0.0677942904739228 0.258263898436667 0.245046345056592 0.110598586764197 0.105601969674823
0.120746372243854 0.264202175828373 0.265011856122393 0.0596740602867149 0.0290023159415792 0.261363219577086
0.0602986038095422 0.182806813601965 0.140899933000289 0.205214890081328 0.230337252133313 0.180442507373563
0.258053826694205 0.242620506435116 0.214837659642736 0.196667922506347 0.0108696109650794 0.0769504737565179
0.222217319841574 0.220993942855585 0.0088124919013317 0.190170292996309 0.219547800659047 0.138258151746154
0.26826102514401 0.176362941919887 0.259727379270823 0.124308291564296 0.167388796362203 0.00395156573878027
0.277344195525659 0.289473405861772 0.0282720609217756 0.11002265387966 0.0165714432487517 0.278316240562383
0.0772613857356491 0.0990238682943001 0.055575806329899 0.288075385622815 0.294938317614604 0.185125236402733
0.241343498526483 0.0319915676989972 0.164701569279188 0.268432926593092 0.078076851115602 0.215453586786637
0.0939360780422227 0.416193012928985 0.0867278274558572 0.0984915245059513 0.0484247528904261 0.256226804176557
0.147089804837737 0.182271196997222 0.220157235823672 0.280967056896313 0.101416388974932 0.0680983164701247
0.179848629506017 0.265793009845946 0.234606092553061 0.185979527764346 0.026859967898532 0.106912772432098
0.101508382761189 0.117095398928892 0.315773096481407 0.0189762910522883 0.27927464960825 0.167372181167974
0.140530182376737 0.182358085609481 0.0953045215193254 0.00191532986663855 0.236482297934637 0.343409582693182
0.0465324123756822 0.1036374445252 0.0109246155416803 0.259429546097416 0.320304568818465 0.259171412641556
0.121043832386428 0.344051786952343 0.121603982011455 0.169525956330557 0.00777301474982063 0.236001427569397
0.180206093759718 0.222199473073606 0.184286510054262 0.0187191661869975 0.203839572155379 0.190749184770038
0.098925815027138 0.22165969127081 0.215064053051066 0.215310201291172 0.085410813050388 0.163629426309425
0.104005672342901 0.271982811977178 0.0897438746162557 0.203454167354656 0.152855266432584 0.177958207276425
0.298575892411795 0.0802278577913291 0.163560575369933 0.278243009084908 0.121051029341766 0.058341636000269
0.179620208706039 0.202447705230514 0.0598609062408578 0.22633514636528 0.166863124038727 0.164872909418582
0.262526792633252 0.151454599800841 0.0753074320856389 0.216881119719865 0.12880905567876 0.165021000081642
0.154313905583699 0.138914669449299 0.117573065552875 0.110738284325199 0.320326788497789 0.15813328659114
0.456604447301041 0.239248354965892 0.112166320308797 0.152808330697702 0.00215166236280583 0.0370208843637616
0.0831363929927123 0.147490169239459 0.202555100306436 0.210226696614766 0.164213105901036 0.19237853494559
0.0890785209797281 0.074886535483468 0.211951767407858 0.26064718145028 0.186695031986629 0.176740962692036
0.498857204307326 0.0318631139320219 0.12521371325216 0.0177153662764554 0.288618149775198 0.037732452456838
0.245512647249832 0.285406825309169 0.173520782700152 0.0852714890735787 0.109653069369532 0.100635186297736
0.0275943846631892 0.0870287037362519 0.259729532777179 0.369561845146091 0.03922846417011 0.216857069507179
0.356256328812356 0.000303532807604623 0.0229032579995134 0.325493732730004 0.0316953081443853 0.263347839506137
0.242649925396908 0.122387426650338 0.146896088087555 0.129562422259215 0.208922778822973 0.149581358783011
0.130129658149328 0.167242710883067 0.327450899001934 0.0581186869986812 0.292315332469656 0.0247427124973345
0.162445532005488 0.121360107134497 0.0584218201971857 0.139620259408644 0.365796239635531 0.152356041618655
0.0900804980153867 0.199500084230298 0.242901290205721 0.0383312853678222 0.1251411799337 0.304045662247072
0.191665809163901 0.114846376563134 0.220137343439209 0.180960566911107 0.195063298259562 0.0973266056630872
0.355017446616328 0.199704917185239 0.0202290280030043 0.355323525593378 0.0278957917586895 0.04182929084336
0.187249175649735 0.0496795687968025 0.262568839403396 0.24375793250919 0.136128764940879 0.120615718699998
0.288354972818878 0.132417432213911 0.103318387391779 0.0559566639888004 0.271746732096831 0.1482058114898
0.231511538578888 0.172420903909423 0.319777749757623 0.180717062232224 0.05325559524149 0.0423171502803516
0.187638623954134 0.125665494781447 0.228097204129146 0.117574683692338 0.153192341745333 0.187831651697602
0.192780328650943 0.188545608774427 0.12436958836042 0.0344273668706148 0.229853028867023 0.230024078476573
0.23056617746434 0.211853613244665 0.0874768362704822 0.143136447932234 0.144741203767346 0.182225721320933
0.182331239812075 0.15334787052679 0.135359510663861 0.228671219617085 0.179399321636252 0.120890837743937
0.261336520250917 0.0917976593927726 0.231932438957922 0.0097714984263599 0.141502240833328 0.263659642138701
0.124600141394891 0.112279889399265 0.0344583850443507 0.141827667950237 0.309704644203444 0.277129272007812
0.047213469983513 0.292003190625087 0.0942306977584544 0.214351796324713 0.0755569476530689 0.276643897655163
0.290330959237545 0.137637935722377 0.147391879421832 0.267882597235878 0.126370914333818 0.0303857140485497
0.140883844386793 0.335419694288461 0.0304301950917168 0.151210417261027 0.139458139350641 0.202597709621361
0.29558777726341 0.242249050936569 0.00215654268761128 0.209333496833062 0.243517407242021 0.00715572503732648
0.147503309904042 0.302415486531055 0.112732715062557 0.236754654989819 0.194993922841301 0.00559991067122592
0.250268817604097 0.0789431843876281 0.0709567405867988 0.179290913777379 0.123598670837033 0.296941672807064
0.0319169005732164 0.0689545495768096 0.249093178086158 0.14460848140417 0.187710382419677 0.317716507939969
0.19600487130484 0.281189283670743 0.150641132522983 0.168161237921102 0.0880848366525321 0.115918637927799
0.204111744414921 0.139929552752597 0.112089831997449 0.204296077601746 0.0361292112183631 0.303443582014923
0.0751214456711785 0.224179678448377 0.234992318175279 0.238893826388078 0.100269728450099 0.126543002866989
0.0530601429878868 0.0597598217665622 0.016056307075776 0.243570503130194 0.311640566233432 0.315912658806149
0.223144284205549 0.0738817011230587 0.15178419301368 0.0878455890482714 0.232203750726854 0.231140481882588
0.0118631156666131 0.372567882610614 0.0371611148940443 0.0745699972557443 0.0845174970054784 0.419320392567506
0.20322800187678 0.00945836629727399 0.17142314777958 0.152081358928152 0.252305633167934 0.21150349195028
0.226914357763852 0.160283540319374 0.114659012638367 0.0758131908806799 0.132585166001428 0.2897447323963
0.0735585646961854 0.0161563776869924 0.105135584640234 0.242480423785914 0.220267533981187 0.342401515209487
0.131484513047576 0.355192163679913 0.107271344409439 0.00193128197593755 0.124045051517586 0.280075645369549
0.228821327709693 0.102666557567687 0.148219012267755 0.219900268529753 0.0805319060955392 0.219860927829573
0.200698962458094 0.0831427003197074 0.386076837544715 0.0728547965086674 0.0314534377836974 0.225773265385119
0.0843916658500368 0.39445048351584 0.204984406606212 0.0567931111952329 0.0166593990706811 0.242720933761998
0.0367634582142717 0.202596022281032 0.133450996295554 0.249578387949905 0.142034988450997 0.235576146808241
0.166690457236289 0.236791736721937 0.217402734840833 0.125936956687333 0.0347706496977881 0.21840746481582
0.0753507028588874 0.130825676227945 0.0903124456783286 0.167861385897372 0.463567740300329 0.0720820490371384
0.111686692835974 0.133389701327703 0.16305902531126 0.304126404269202 0.271321074633998 0.0164171016218632
0.217160312075369 0.198523181672588 0.286200242906547 0.00809967784591385 0.126678997755738 0.163337587743844
0.356780963846069 0.0368229568667337 0.229203205000884 0.212653404221018 0.133556265440474 0.0309832046248214
0.114814708644346 0.258029979790097 0.00749799718909074 0.179458096944783 0.2327240005327 0.207475216898984
0.242912981574109 0.191998219047101 0.112578553727237 0.129969592730771 0.116664728836846 0.205875924083935
0.167727430596751 0.214299731093012 0.09503794070866 0.222762483636678 0.102662893500867 0.197509520464032
0.190870255239501 0.180696197733255 0.0823583082115404 0.200470299237507 0.151442285361557 0.19416265421664
0.204347032083576 0.0381781798741822 0.0387979055993309 0.0958549960392601 0.222915801145455 0.399906085258196
0.179121872460718 0.193579449525357 0.14993484322478 0.147334484000168 0.188809272916928 0.14122007787205
0.241603546475939 0.0890427575325679 0.211611674250266 0.281644992903209 0.0995245147196517 0.0765725141183662
0.309352646914933 0.220127494656555 0.0127461410445005 0.131659567829161 0.272865090638951 0.0532490589158987
0.271131442703186 0.263254645789324 0.0419535656810219 0.00906353752072035 0.233928282646079 0.180668525659668
0.232055249297104 0.14395245889263 0.162514222098896 0.0128150130481998 0.267116935974673 0.181546120688497
0.212886027966001 0.112582559233853 0.268171588731951 0.0221108723306073 0.111714849678781 0.272534102058807
0.0441816174935025 0.233521152050177 0.322610169397717 0.145387549860935 0.161682054151368 0.0926174570463002
0.318337105735422 0.0543387636546793 0.259322106322791 0.136527709558724 0.123993864204672 0.10748045052371
0.290966048895925 0.334577043439402 0.0253782110333268 0.0250915191864024 0.313239485622897 0.0107476918220463
0.0762645578615868 0.119783447942317 0.418995891705372 0.162344073590134 0.14461087553455 0.07800115336604
0.229693773219461 0.111619763444415 0.023933671252796 0.222599856431554 0.22801736184095 0.184135573810825
0.0982442332005806 0.153944976107963 0.234568110566122 0.225039301703946 0.213084892615716 0.0751184858056723
0.223735559237749 0.114458881734043 0.126630116941728 0.106429607976429 0.153151016718272 0.275594817391779
0.287277410040018 0.00179082022609893 0.0182463143012829 0.315948744189477 0.25532918911236 0.121407522130764
0.345229802854904 0.00826083984968409 0.0602608397164255 0.167628087393091 0.0548434031011804 0.363777027084715
0.184521651081411 0.0732119038929766 0.0362645478707501 0.207096716557744 0.239027180604648 0.25987799999247
0.0926468849593561 0.213819443509335 0.247010503965234 0.200057252894373 0.173743580730076 0.0727223339416249
0.28465580428695 0.165043569854934 0.0748588063983155 0.197374207551958 0.266763974590263 0.0113036373175797
0.0282610167253 0.375893186340084 0.0436743749727101 0.0937895964272105 0.248585833085163 0.209795992449532
0.175399267089875 0.267146624623814 0.0950482900380917 0.27766521688937 0.0498189076122732 0.134921693746577
0.0590806315592268 0.052229120634225 0.295341840158626 0.240140798588584 0.239911046853207 0.113296562206131
0.193054468456747 0.0972472229952813 0.0880828685167347 0.255424249600802 0.112279142319481 0.253912048110954
0.166668631043762 0.0521934532154748 0.145474397264139 0.127389928666418 0.331757779787114 0.176515810023093
0.277166925244411 0.186566512157759 0.124647809955805 0.266817770571164 0.0780707540468516 0.0667302280240092
0.0833259751257755 0.154514949285398 0.172423366729068 0.205518821761919 0.243278952732397 0.140937934365443
0.194392651936349 0.241415452145304 0.125443307627142 0.21166418968304 0.105137099373606 0.121947299234558
0.267074830787695 0.125182071189177 0.0868787447593313 0.203987420971277 0.114791674176379 0.20208525811614
0.29911568229153 0.0225341193573941 0.0598924374967954 0.32429916622678 0.104412100050258 0.189746494577243
0.0567082420874198 0.27796292243194 0.0686087565662156 0.127751769254461 0.272879882802208 0.196088426857755
0.171338277771065 0.0101645387694443 0.303497397787626 0.230854424398211 0.05516637589785 0.228978985375803
0.0936077743873345 0.17444559552973 0.158494284036387 0.276128383213078 0.257999317661498 0.039324645171973
0.0270133252054669 0.263389925676995 0.228229749537053 0.247825805324805 0.138420372838766 0.0951208214169139
0.136595951206374 0.162562621335428 0.247091229491061 0.0499269403034369 0.166922163984215 0.236901093679486
0.133676299561028 0.232210135918959 0.254569537342009 0.123603467423667 0.187024326231933 0.0689162335224032
0.0398535601865104 0.267600353524314 0.233034320458236 0.161744198635617 0.20634967917341 0.0914178880219114
0.310512846463537 0.135330538516941 0.133089104721892 0.142685074266382 0.210069393453517 0.06831304257773
0.300665603077154 0.124050979782937 0.204361091429572 0.114169685820375 0.0673351946801228 0.189417445209839
0.0159752881861632 0.149680934702521 0.328416160588901 0.103141218027352 0.309798841783178 0.0929875567118841
0.0208105571442469 0.145173692545995 0.284197410561728 0.0429969910393599 0.271738141370766 0.235083207337904
0.147582615515715 0.0913477284422307 0.0942016757693006 0.207620215906525 0.232623850404053 0.226623913962176
0.183293363410569 0.224748618255168 0.0931442675483268 0.131146493101029 0.148400492809235 0.219266764875672
0.00715034328628712 0.134505551057721 0.221564538843169 0.194720233057573 0.273669952122276 0.168389381632974
0.170371064820153 0.121694296110208 0.215477749179352 0.201722101730269 0.14369571653656 0.147039071623458
0.246719678412123 0.199456113885488 0.118821365223396 0.331920056240029 0.0576479538578931 0.0454348323810698
0.29504088151423 0.226840742644906 0.264356251820673 0.184559834252285 0.0105995828939106 0.0186027068739954
0.154514397085844 0.269827523477552 0.229973038685306 0.0957574590297464 0.166721239660854 0.0832063420606974
0.0401489816211649 0.0675370122214948 0.228590672254014 0.289278489328281 0.138403698061633 0.236041146513413
0.0470553760488971 0.250948230656584 0.270075950375307 0.17993273037227 0.225615567893965 0.026372144652977
0.101043488518462 0.0437231030742367 0.134447683653907 0.401671691109762 0.0526052795715889 0.266508754072044
0.191350592657083 0.130569213326032 0.221576291300357 0.205384598604811 0.131185843193181 0.119933460918536
0.110127871828191 0.00565013582621605 0.237610508460786 0.265422420880189 0.148612590185568 0.232576472819051
0.190601981777146 0.123307628167338 0.322406208365913 0.0861200226046996 0.191053024156533 0.0865111349283693
0.192276436133999 0.232834782888803 0.187258863366861 0.0368593229879066 0.238303144725562 0.112467449896869
0.271161483944974 0.168791111438339 0.249950789387985 0.0355886492962465 0.199784823669912 0.0747231422625434
0.170865512894343 0.320361211188236 0.180617036070886 0.0891820225859861 0.228211805832629 0.0107624114279203
0.134055046094278 0.128460479903173 0.251523146503809 0.213036518197407 0.107624643295413 0.16530016600592
0.242981247386787 0.234452663805784 0.111375483295294 0.163093431422229 0.00262674765320326 0.245470426436702
0.188516557116383 0.132718470123327 0.332377832953896 0.205094735597062 0.0314262928986556 0.109866111310677
0.144998578085428 0.10086049502562 0.0648873533995392 0.196947909779977 0.244418214873996 0.24788744883544
0.179256459578141 0.235425676502927 0.0251848639993913 0.245156438901423 0.106777679235833 0.208198881782285
0.247970540479983 0.0499815144300901 0.0737396010947929 0.167335461851554 0.106700554605993 0.354272327537586
0.165885145776405 0.00733388948149828 0.291164519488347 0.0265821379545864 0.233815805611663 0.2752185016875
0.20167234669378 0.0710049933036175 0.14177392431316 0.124367884219412 0.223030925123089 0.23814992634694
0.166774568462428 0.0148467896222128 0.230169822027634 0.137085530595401 0.279724453546978 0.171398835745346
0.181865528544558 0.0326666894782887 0.250418099632141 0.201305331389603 0.170522727839253 0.163221623116157
0.170433036322682 0.112465754320584 0.112227453568907 0.334598094558132 0.114423811480652 0.155851849749043
