0.191932795158175 0.151848142132754 0.130926033886699 0.212417053176375 0.0569201917678261 0.203332511916752 0.0376347386754889 0.0115398121993417 0.00344872108658916
0.110478104462074 0.0946614140540715 0.0647586135317556 0.140194369184001 0.163048337719698 0.125109546158927 0.15700558072189 0.0597955910474254 0.0849484431201581
0.0878179438269048 0.164834857631348 0.0127590538469614 0.163905626669633 0.104785157323543 0.0457552746645685 0.107909575823138 0.16437575433178 0.147856755882124
0.128684293874666 0.181026336717728 0.0376188101089633 0.0309285495169166 0.15348698406734 0.148190920407018 0.102275135596416 0.134763615384256 0.0830253543266951
0.0820644964020004 0.0262659059059227 0.271046797211217 0.0834170178099644 0.132549199924733 0.0335779037729939 0.0180969388731081 0.218012217725932 0.13496952237413
0.238574163867841 0.201378576813894 0.1037364283458 0.10863778961903 0.0566148926076829 0.137394944669988 0.00175422891187818 0.144701167721605 0.00720780744228008
0.142152541634112 0.0480868349935221 0.0425932487857053 0.0873698174911816 0.205669455187604 0.124578283823893 0.0783971550638506 0.166328007449647 0.104824655570485
0.0479266059101227 0.0593855675549049 0.173000948457488 0.000316612975964731 0.234205169117056 0.214668305181706 0.0956713567944674 0.142798809737583 0.0320266242707065
0.236645008821382 0.0841603810306945 0.11283009962688 0.157045994035186 0.165164162374771 0.0581129282681561 0.0402076168923872 0.0692710898153137 0.0765627191352294
0.0932811243093761 0.0821900596727783 0.0844378851963831 0.014023427961441 0.128781018075722 0.119057971960411 0.159253961800085 0.174971704676075 0.144002846347729
0.0789451569230916 0.165667734039964 0.170734650611899 0.123308924881772 0.0128788153851161 0.125702981227635 0.0533127353160652 0.0839356245441958 0.185513377070262
0.170489818822742 0.0722438693474687 0.0890547176296066 0.0585838894313903 0.135566409257339 0.130968677634641 0.119825165743237 0.156711899401771 0.0665555527318032
0.0487707870647457 0.0789761039377972 0.128807215501706 0.167559120360681 0.117048321890479 0.00405102801045241 0.18289075182365 0.164584187584136 0.107312483826353
0.136910895346594 0.177587862789346 0.0950078704312239 0.0503877718337448 0.103470346176964 0.0527383933097227 0.120493158098156 0.0913181385117766 0.172085563502473
0.0765687722133137 0.16800321389382 0.153996566616581 0.0465817463796161 0.266359493993675 0.0476660582524878 0.141267940411005 0.0915925009947354 0.00796370724476533
0.260215222521756 0.0648255016336289 0.135796151827698 0.0215818138553196 0.198472990160621 0.0131721417872998 0.124771274511715 0.0284037720698776 0.152761131632084
0.132768040714676 0.143526282782856 0.194612461424126 0.0925088902356531 0.15794419595343 0.00302054756896997 0.116909619056603 0.0399377473143643 0.118772214949322
0.047546087010813 0.0772886055676833 0.118844906697802 0.0525790612371714 0.133425397488068 0.0239742206953448 0.169211979095124 0.17927822965781 0.197851512550184
0.0377695986438023 0.137883315189402 0.0343248942701124 0.094341252240647 0.181890619125104 0.122784939617952 0.0882194721088773 0.123144038782509 0.179641870021594
0.0221353224325207 0.149896025277504 0.117861849667957 0.138222296061918 0.0885942794583614 0.06389172176903 0.110220173794876 0.222511754771991 0.0866665767658417
0.1559396448271 0.0660980174312833 0.0671975702015993 0.143754980438849 0.127033500443331 0.153328730441729 0.0706401379644607 0.0810773603271159 0.134930057924532
0.0678456672523998 0.0427267459281032 0.208637663071371 0.0610495063508933 0.236116233342688 0.0103031167986957 0.0938009244507148 0.210546221550475 0.0689739212546591
0.119660424858856 0.14787075722945 0.138698769917701 0.0273342540383391 0.0765537711888319 0.0808582869058128 0.202271439226999 0.0178492373459363 0.188903059288074
0.128691470606248 0.0664600912940774 0.103860256091411 0.159935284300095 0.179139523774119 0.0256014740517106 0.155317057666211 0.11475576290317 0.0662390793129575
0.103633339289256 0.109388239897401 0.147245414100786 0.133748851676213 0.0407026857685603 0.165978073184478 0.035185094971603 0.113813315814471 0.150304985297232
0.088786443339866 0.0231697805940465 0.20322226142685 0.0275232941567052 0.150614345064678 0.150690921077439 0.0132949967286931 0.174732045936054 0.167965911675669
0.101913694190607 0.178001074285442 0.0861869967067014 0.158321276175852 0.073021239448467 0.102328075635656 0.0890335353863397 0.103472817906715 0.10772129026422
0.0154113323831421 0.137248002739387 0.0935011271483896 0.146193002099782 0.0492572475664361 0.0773339316759796 0.23508924889386 0.202888542989267 0.0430775645037564
0.167197379633149 0.0645615080867039 0.180413278931483 0.111976911537783 0.182727129000869 0.018892911785162 0.0819870620928277 0.169326505633691 0.0229173132983312
0.0234132800677199 0.017268040387981 0.0649894695209777 0.215606771208172 0.165089846560172 0.0539880013696069 0.0303739642022854 0.285224643383646 0.144045983299439
0.0260119473680765 0.111466001601191 0.175286246539865 0.138199152480794 0.222298948400466 0.0630943168114194 0.0227169446585902 0.040941634060558 0.19998480807904
0.208715250129256 0.15404938539765 0.0113843793386954 0.168657641025576 0.0414115964615618 0.0395446088350178 0.217977627609932 0.0844318837550713 0.0738276274472387
0.0908152560503131 0.00607125363806948 0.083278935640265 0.137279731486218 0.150099723118001 0.0873575803863724 0.163297613416726 0.150300153874754 0.131499752389281
0.162684439974931 0.220589935668195 0.0739368670872481 0.011879208060525 0.114054534209945 0.285203630205323 0.0811902633425954 0.000936613071832426 0.0495245083794046
0.125614001332047 0.138534251729089 0.0491022226559505 0.1527060400833 0.207945215385168 0.00238724648525908 0.143013575950937 0.01292951102407 0.167767935354181
0.189534753048042 0.136079375529277 0.0260150036598552 0.0456649764878034 0.100131980262258 0.144086608162889 0.163050593541141 0.153864801531906 0.0415719077768292
0.0275220914836561 0.168314082259922 0.0662717966732539 0.031205569302386 0.228323824201066 0.224114649119487 0.0384519587490307 0.18821948144642 0.0275765467647775
0.0518708430622623 0.166760525043335 0.0169707716082002 0.0816601038187619 0.197704787230676 0.0895445216229634 0.149413294494393 0.110681298878414 0.135393854240994
0.115365806862766 0.139272989814072 0.051142224613867 0.0529723664178226 0.250314640353105 0.178912580369477 0.0634492960493709 0.0970182071885821 0.0515518883309369
0.129968044165466 0.0841248111748362 0.140457025231712 0.113238631614654 0.0908321959224345 0.129172052865794 0.14272812259885 0.124601171140828 0.0448779452854244
0.120083281958332 0.119987293024621 0.107433979362812 0.13872405092299 0.0478700492801769 0.130220410680587 0.123764979132321 0.102752044001605 0.109163911636556
0.168444800853562 0.121470903466969 0.0319375756877566 0.0520217391807521 0.143870393371288 0.118469826922698 0.0970511810180785 0.149693535134839 0.117040044364057
0.114123556443011 0.0631722174601046 0.0516770848786411 0.162029302475246 0.250371303794403 0.16003657678552 0.0194890649177148 0.0485803259817787 0.130520567263581
0.0442015426625882 0.0356393580581744 0.118359949190156 0.0628601189160578 0.125002038070068 0.0825953569652463 0.191286781218881 0.180730186654578 0.159324668264251
0.155053160182582 0.112350691405613 0.0215373158955899 0.141490045472526 0.114661333551402 0.125938799116468 0.148263048753061 0.106665838695894 0.0740397669268657
0.143983953403659 0.0899807216160568 0.153132513558105 0.0175970701592569 0.13215519177056 0.156368312242753 0.141994241115675 0.146760244321211 0.0180277518127237
0.0688296244795521 0.14168522480028 0.159168562346682 0.140064642895856 0.157413294609597 0.0974890223544691 0.119999415669404 0.0505581214226362 0.0647920914215244
0.146093508844639 0.0508137234597612 0.125824637899879 0.186561827829536 0.00654977010392539 0.11856396584043 0.196877261765733 0.123523951095035 0.0451913531610612
0.0079756162674994 0.0915448222849621 0.1474139426547 0.173069216522587 0.156932001121452 0.147095463645685 0.146695059882098 0.126238694522956 0.00303518309805887
0.294739310429086 0.06218148494125 0.126344884444893 0.0910824983967724 0.00969711994414184 0.0564995768809118 0.305350221074325 0.0162914987013973 0.0378134051872232
0.079070823236761 0.0509641563513278 0.0845090529311731 0.0977729684289865 0.120957702290289 0.107384409579448 0.109931184172707 0.239440839056612 0.109968863952696
0.117790779799186 0.0915479385912741 0.135062299685603 0.21780050866259 0.00184054162624383 0.186061916195092 0.107413668165855 0.103728832412253 0.0387535148619043
0.0212573734692158 0.193743023555944 0.0145897757926273 0.0939710385568052 0.125653396542764 0.0315813575848884 0.182179728805701 0.149904173862516 0.187120131829538
0.0429059042367172 0.117921111464652 0.0126396586669581 0.088118125121844 0.221485463816549 0.0871293502245982 0.268161958705203 0.0253555395145443 0.136282888248934
0.129645530729535 0.152916587418258 0.144177707726061 0.0553237080047173 0.175272935724265 0.0470732839789789 0.0918614512917995 0.0632926089906648 0.140436186135721
0.0398343241512722 0.106339573511148 0.144794535168848 0.0739419043801057 0.136793872219825 0.0692753781785669 0.183559117309033 0.093265216424572 0.152196078656629
0.0535925091296292 0.0362751098967501 0.106823934718179 0.171902142446509 0.190047370210603 0.133167521555448 0.0542067352169311 0.0936268470158663 0.160357829810086
0.0874293217621602 0.0290407074236374 0.0700038284010409 0.041487654964568 0.179599404486451 0.214632846821158 0.113815550138919 0.194621641102632 0.0693690448994333
0.134236467725964 0.0736903105398759 0.102737819744181 0.143779860681196 0.165139054236735 0.0562951785028562 0.0786208263002384 0.178637535300767 0.0668629469681872
0.0467938103694442 0.133136357307996 0.085708286742682 0.121091738648424 0.123372321075986 0.049115662747502 0.102268833116295 0.111654865745775 0.226858124245895
0.131677587254722 0.166683890034807 0.0134995747545934 0.0701998537882409 0.097781790824494 0.167437140174092 0.109731870419668 0.151467491888259 0.0915208008611236
0.105787628008504 0.010097407884799 0.0305281481852078 0.198620458225328 0.102710243770863 0.248401568115218 0.244147367292265 0.0249253678945483 0.0347818106232672
0.0740138314588864 0.0896704639736327 0.177340400922346 0.140018194612531 0.0179959745938666 0.100133227778316 0.128080316831917 0.0655074714466027 0.207240118381901
0.0453167262472822 0.218214726657825 0.0362255755550834 0.00712147391881982 0.0581632298478266 0.146619150577386 0.208240756578172 0.157523501666183 0.122574858951423
0.0610749034546087 0.0931497678263148 0.114229228302063 0.148208796644191 0.163721426477782 0.0994705551969321 0.164096063315313 0.149671824392202 0.00637743439059349
0.16819545445564 0.0482623241133282 0.110536697768042 0.059360051582803 0.22326992368318 0.0835907779824138 0.115093921701213 0.131852351813581 0.0598384968997998
0.0764749796855666 0.277252292189913 0.0183071481986687 0.0122576595768333 0.164212856456658 0.0357192927623852 0.0571025478250604 0.198636495310343 0.160036727994572
0.103841682497222 0.087728950370522 0.129419680768153 0.112034514098317 0.128332601287579 0.109478514146213 0.136380429521926 0.141793935144941 0.0509896921651253
0.0831135200000277 0.171627885352302 0.0432194812996127 0.0779314707151444 0.0276559435272639 0.105821306254188 0.129931535885322 0.0490409705846415 0.311657886381497
0.0829810016492558 0.193708324346406 0.188500241330333 0.125757548138998 0.0718249516303284 0.00141406472881274 0.0721276867918124 0.160407917976193 0.103278263407861
0.124644132993948 0.0858133575138111 0.245574984990831 0.111341399792116 0.0213824725980596 0.126438798520396 0.0925830239996837 0.113153487029001 0.079068342562154
0.00558806406533461 0.146152416711154 0.0909505338107099 0.10429206805496 0.113337731956604 0.187340665131541 0.187447993576145 0.0322534648368207 0.13263706185673
0.174883894407282 0.192988882011226 0.158618863377264 0.0876891160765328 0.083174195030742 0.0629616273733192 0.0878590619113824 0.141924824636549 0.00989953517570329
0.125340503966127 0.140675784039023 0.0450175611788309 0.156436635006308 0.0464342065817536 0.135490041408104 0.0232535409680424 0.187701171776899 0.139650555074911
0.127564559131265 0.1322741567814 0.0524985145922262 0.0920198237360135 0.134543880694179 0.107454237037773 0.183670059809206 0.025478851466349 0.144495916751588
0.0878202751437928 0.0620744358480115 0.0945851407515267 0.239633167832088 0.0333997871954612 0.10019080533497 0.0666978574989691 0.223689751096876 0.0919087792983041
0.0513608348387623 0.211661845656019 0.0199112806121403 0.0533066356776534 0.15725061386013 0.0811154637350511 0.148273571505831 0.178523144279899 0.0985966098345139
0.0311839973582344 0.0380101119141475 0.106995472785715 0.154434442198729 0.116007683883417 0.0763007833979961 0.167450690196589 0.15600993879858 0.153606879466592
0.157378150480883 0.0621232583804571 0.00736658052782272 0.0629034603442644 0.169617722050456 0.115050567432357 0.165131038321559 0.0116555140634084 0.248773708398793
0.047000837644147 0.0786566958695476 0.15772048159416 0.167279519941612 0.127916372875501 0.196589388521746 0.0709631839504688 0.132987955078564 0.0208855645242543
0.00257354257993381 0.210699539453142 0.190787151731896 0.0473965919907084 0.133873443413909 0.0722592197424489 0.149318375230982 0.0790718857496101 0.11402025010737
0.119903849468472 0.13953425586029 0.152973895222292 0.134163619302795 0.0381439681109043 0.0228139502059925 0.166846593742851 0.127421556737453 0.0981983113489499
0.183158063292974 0.106127762976961 0.132447988558698 0.168597388483538 0.0184924448584946 0.062065801941157 0.0951473704045784 0.108998186319162 0.124964993164437
0.0406805820139285 0.138371154182974 0.151790717428839 0.153879551950011 0.132116048283596 0.145142704096175 0.0581692404372894 0.0674229237401282 0.112427077867058
0.182085131250514 0.0671841681451459 0.171117695656225 0.0746823390427424 0.0318815394349718 0.208250864584378 0.0591426272558397 0.067001890694028 0.138653743936155
0.0168520866543424 0.190060147391688 0.0854011756082279 0.0993724439470858 0.219933095345803 0.0102976578357864 0.00910246414196552 0.158219505790594 0.210761423284507
0.059664393154147 0.00971033766068855 0.061807457484798 0.172219956829881 0.206960142050683 0.0884661479529155 0.165938213782985 0.201138548738343 0.0340948023455594
0.0349541456560027 0.00782086258538311 0.113686932500085 0.18998009879968 0.139228316387114 0.121397180230983 0.0431530680940819 0.148049124923365 0.201730270823306
0.15534085665045 0.0321714342165141 0.163040336637372 0.179904829939893 0.0716779642654407 0.18049272921628 0.122734366967862 0.0743245672052515 0.0203129149009364
0.0360356415034545 0.182861232240486 0.134536686517647 0.0776364369826039 0.134736031850285 0.187491628619526 0.0740131101804972 0.048006301019194 0.124682931086305
0.112945065148321 0.135313143766223 0.190846199131941 0.123033685007597 0.0337557751994955 0.124058071737464 0.0533216876657202 0.11600420730293 0.110722165040308
0.061364264616783 0.116422215135053 0.0373762365191237 0.180125195790997 0.216809787303198 0.23266984703871 0.0156468315270132 0.0692950924423106 0.0702905296268106
0.0903302959629348 0.200896271494047 0.228987154871144 0.0106098815001054 0.120225050102762 0.0569424536463861 0.0389277030285014 0.200847776944729 0.0522334124493904
0.0795418346857164 0.140286033719563 0.108593355483976 0.198937569606514 0.0875307528050103 0.078389260827858 0.108005037544536 0.0684161263864182 0.130300028940408
0.0955507594750268 0.0913991618338052 0.136678738759277 0.13733470258373 0.00328934731288978 0.159077202752032 0.144698982945697 0.0973505224138832 0.13462058192366
0.0221688921543504 0.212972308322282 0.18630745154916 0.194651669771392 0.000253378762674679 0.0621593791149044 0.0609466732093486 0.230850428740422 0.0296898183754657
0.213487110281462 0.166328339555792 0.0355834077343241 0.232289718344125 0.0329895380354761 0.138072267352664 0.0237034029784565 0.00482160146619691 0.152724614251504
0.175316858019169 0.165016389744579 0.0694103698241669 0.0938091500677478 0.0468716962169323 0.0869431854375541 0.121587853770712 0.107604863681279 0.133439633237859
0.0996137129151881 0.0182597820929945 0.135624541530456 0.123727291484327 0.207811832283545 0.173380105674937 0.0528607013314381 0.0126495677249376 0.176072464962177
0.166354004058689 0.0531962113500462 0.134411784988731 0.174014419588862 0.167072783422453 0.159289550266842 0.117753191752199 0.0166697007611656 0.0112383538110127
0.100782579176091 0.155844657411173 0.136093168278182 0.0492529457686633 0.234477272492421 0.0376454256852204 0.0239207453680837 0.19753994539091 0.0644432604292543
0.139021453233775 0.213904015941173 0.116077728991078 0.0379108814988143 0.12196794036405 0.022767002699066 0.238985879592331 0.0430194320451892 0.0663456656345236
0.223659742310351 0.0560010736841629 0.161156154170269 0.192175336063036 0.00079556447192551 0.0544712386108746 0.176072022253697 0.0578749968114669 0.0777938716242175
0.148365757343752 0.0830323934389556 0.135533111637006 0.154166285760592 0.17008630345593 0.115558141945168 0.0613631706961352 0.0567450988069283 0.0751497369155335
0.135847864203838 0.0625384538163355 0.0189508562694973 0.158656806461582 0.125592377893443 0.150936017016743 0.108876682684372 0.111445143257662 0.127155798396526
0.123644618592403 0.112143099575555 0.112656327608107 0.28176790553373 0.0384414820423441 0.115251867240719 0.00248116803383781 0.0278469553944691 0.185766575978836
0.177577276743051 0.147304092003009 0.110663539130856 0.167308823693417 0.115378407400324 0.130347284907774 0.0488587123582824 0.0287933820189884 0.0737684817442987
0.14576049746607 0.106406963722202 0.104597040760272 0.139619243180468 0.102710863980985 0.0187632247373901 0.134666853868256 0.155498799812872 0.091976512471484
0.199951697053265 0.15891039104521 0.0976572700221559 0.148379920952196 0.0325340804627149 0.0706423852226181 0.146760517971121 0.0490141658740236 0.0961495713966959
0.131649752258801 0.0715033397893803 0.153061255484693 0.0126684131926706 0.121969015949081 0.0373073848358753 0.242051891966628 0.198344393994837 0.0314445525280336
0.0685496461351321 0.0601305108108886 0.115655208882431 0.134322689198307 0.285842724926172 0.0697167362125663 0.0851125314161564 0.109326885523447 0.0713430668948991
0.0396264527714074 0.196411227405013 0.171605377910716 0.00157741875537269 0.0336362644597237 0.136614884780345 0.147407064933624 0.157928738373732 0.115192570610065
0.1532888322371 0.168159875657635 0.0742879029580848 0.0563084752093349 0.152944766467425 0.10716411761336 0.113302166334982 0.00448418750274346 0.170059676019334
0.0811701062958437 0.10857120178454 0.198960335202202 0.097523945621002 0.0487383252112492 0.137419349304058 0.231397723198983 0.0687040775041442 0.0275149358779784
0.0392382948442094 0.129478833321526 0.00186241474118354 0.09820377159909 0.183612868297061 0.0872372667589795 0.0639837598847473 0.181591681285633 0.21479110926757
0.148139212778415 0.148039880669122 0.0673349780159833 0.0480702640463571 0.0880317785623921 0.137602287187171 0.158137353477532 0.151235566891042 0.0534086783719856
0.0691287883922158 0.189289001243745 0.194388792342353 0.0150948597180888 0.155916528325587 0.0313111344332289 0.0635139288184819 0.0194364498969277 0.261920516829372
0.229030129872296 0.0437584630414353 0.0884806753499941 0.0756926953047732 0.0873270215070401 0.140234142053862 0.186220645714524 0.0883376242190821 0.0609186029369934
0.115489286202036 0.0941278726115803 0.138259653912529 0.164143479733277 0.16289080162063 0.0423124378115435 0.0196955089536849 0.196537834801 0.0665431243537198
0.194388116237017 0.0532105664392654 0.0167498341059115 0.150228464515719 0.16347479940351 0.122799420528944 0.187969749864279 0.0367863703383864 0.0743926785669685
0.0906064700254341 0.0599919578877302 0.212186244479023 0.155817543921596 0.043770080230746 0.207074301326788 0.166464318912961 0.0307799618515452 0.0333091213641769
0.160938364350463 0.0935314456401458 0.134597175005189 0.0380540491520398 0.00654711222119864 0.193602314028723 0.0164594584431102 0.18286834624389 0.17340173491524
0.238834513863365 0.0256483896818537 0.00529305597571858 0.0749301466953644 0.0496603847887249 0.0433037853563818 0.064812774975754 0.245466611011943 0.252050337650894
0.108268851309213 0.170329639929706 0.0535239996426404 0.0458035576193362 0.0743350831221559 0.12394004898018 0.248558182803534 0.125729202347523 0.0495114342457127
0.120696976674844 0.0825570901826993 0.200771629911118 0.161790486691879 0.0556779442448861 0.0536749785616238 0.0108320821975826 0.131527556513094 0.182471255022273
0.147228665975986 0.168013362834984 0.167490104520452 0.0842765425595804 0.158373548810599 0.132027676052468 0.0622846125596807 0.0421398077607364 0.0381656789255136
0.148951242372175 0.125334117337439 0.0971121520947943 0.0773726102759752 0.129829999852542 0.129813446648016 0.134784700840422 0.0630891520633669 0.0937125785152689
0.0662716793864592 0.165219540049248 0.158481500978 0.0133376595682967 0.193732857110191 0.113730704051498 0.144386301643937 0.0751411075021681 0.0696986497102026
0.000971130454047608 0.171911137025133 0.148163389327813 0.151296570861098 0.104668795923499 0.00378451868786522 0.171579425950607 0.137925010711475 0.109700021058463
0.034963683004519 0.00932561616566124 0.127829478829067 0.0607335230347652 0.225963582723605 0.0638739560306481 0.259253306033757 0.198381690302209 0.0196751638757687
0.198967696769715 0.0406108076969448 0.0136281930749522 0.0903351580700155 0.0253878261972727 0.223925756787909 0.0993598222818496 0.0842204439841728 0.223564295137168
0.19118117110561 0.0167608589605496 0.0944278906284686 0.021008291445224 0.178784443124742 0.101568182562946 0.170342351636489 0.0743540160187133 0.151572794517258
0.0467884816675889 0.173401527024706 0.10847769835355 0.12144910186595 0.159197301225058 0.144685606334619 0.110237643638496 0.108158876177759 0.0276037637122728
0.151991337123102 0.136399864995748 0.026591071765463 0.0301338206077594 0.0827825073644716 0.0801766036692905 0.115043105996231 0.203902051149091 0.172979637328844
0.140587874336775 0.225619461416347 0.0500863299322894 0.0686973129722555 0.00793193277365979 0.070694496411903 0.169130508702472 0.0772780931477462 0.189973990306552
0.116235653075838 0.0320121060937248 0.0320855300166823 0.166015188758116 0.0886701553763972 0.145688109643736 0.166425462855315 0.0896186443490343 0.163249149831155
0.115114987283212 0.104713375746197 0.174582496830777 0.145191896957303 0.138246556899888 0.172818402377096 0.009696987412665 0.10625275311973 0.0333825433731334
0.0450169530387606 0.0627647459815209 0.158091163779525 0.0723400899786111 0.170301986650796 0.028081089716761 0.161875717621088 0.152198077996313 0.149330175236624
0.129815216724982 0.201593131922008 0.0631966927212813 0.147789985551977 0.0761467807790435 0.0594228738520712 0.15356866356695 0.0448103194797793 0.123656335401908
0.106445549615534 0.0298368170861044 0.0717735912524057 0.195787255080606 0.119344741233712 0.179797681610844 0.0309592011698836 0.187771794231698 0.0782833687192134
0.0816697811531953 0.149784874074957 0.0412114073228171 0.16745672723558 0.0638651041193246 0.146012911924434 0.152078788192378 0.0700785251116655 0.127841880865648
0.0544250193577098 0.217658895946947 0.100157362404935 0.00883203202621232 0.147454097339916 0.0312915885878907 0.0406449951308257 0.174669629586311 0.224866379619252
0.0707311198438626 0.093338565386074 0.076499312256477 0.192405493741063 0.0282824971586205 0.141983714264083 0.190611078376126 0.0608702183331435 0.145278000640551
0.246357393148081 0.079851222967946 0.0265868698496418 0.0192059050453543 0.0103841686042939 0.0447201818409942 0.172302623741369 0.307607967067242 0.092983667735077
0.00379094449493391 0.131536748322749 0.0209095894195245 0.224737512332565 0.145319032027365 0.0578409846498699 0.165950906495374 0.0588724142008824 0.191041868056736
0.200452949650726 0.0354331368588683 0.215212171162107 0.00148398885760337 0.134397139346418 0.00766192869143436 0.209158771128045 0.0111370313318746 0.185062882972923
0.118748337677045 0.0187855051452655 0.153889621661626 0.197858755460513 0.135556387779986 0.0563647231838633 0.068520700286302 0.169170500630979 0.0811054681744203
0.182313824103641 0.125783291726153 0.18927656970935 0.0632489866138877 0.249595618235812 0.000452632502435018 0.149490743358804 0.0220042603194017 0.0178340734305167
0.11502878383961 0.141138681969548 0.169782032501964 0.094403203213986 0.00837133459242703 0.0734784218959245 0.182284083347389 0.0357053091244012 0.179808149514749
0.1281358036748 0.0853203376118575 0.0240548581782448 0.173571428653957 0.175963354625545 0.030367502975557 0.0753540520132042 0.0800006298842133 0.227232032382621
0.0255308787435733 0.0234949516939147 0.0334408794706753 0.169324148333602 0.283816495683717 0.00869572499870359 0.000373879073738341 0.158017615147273 0.297305426854803
0.0648579962983293 0.197807392242279 0.0772822620168288 0.0416326424550333 0.0821814419415677 0.130192405605597 0.0832607454687151 0.119227516150243 0.203557597821407
0.0376795904063459 0.0467909869847793 0.152617168888706 0.09591303591987 0.0989253686928225 0.127498532373858 0.214888620361994 0.177068878935604 0.0486178174360198
0.0116135792309794 0.0344074616791287 0.0527850226091993 0.0394525707822766 0.224744319027424 0.113217262498428 0.280522448207115 0.0752269298372536 0.168030406128195
0.0112675198927536 0.0486970225515225 0.150211472102158 0.25679995058752 0.0635982385570843 0.000257330257182305 0.245377789249191 0.0337879548226389 0.190002721979949
0.0945126732483817 0.183313305903247 0.099904094875668 0.0552066643586679 0.159147360703695 0.12371286245862 0.0406635412785726 0.11602319331385 0.127516303859297
0.0418179094997552 0.115761972013309 0.114626553140063 0.059462548105903 0.159072958028307 0.0781966956451098 0.188470270055888 0.147286151039001 0.0953049424726635
0.0806475368882073 0.164879771245958 0.0735203004113747 0.213367804352166 0.0127603830380946 0.0441062940973601 0.217184354021787 0.159059444504273 0.0344741114407801
0.143043100025257 0.0987542390086361 0.105037347853647 0.0342375101885675 0.0711358181277416 0.150716645611969 0.135910224058354 0.151751165645886 0.109413949479943
0.0475898340773866 0.0754120366358853 0.066747622172948 0.0820150276992137 0.212556128151978 0.0277640264980494 0.272526686599101 0.0754040947341525 0.139984543431286
0.0159325446103266 0.112873340527513 0.0514436697009434 0.0879446336805941 0.138351584106882 0.0500074519073876 0.130281862958907 0.212028279059456 0.201136633447991
0.372485983538844 0.192391945086815 0.0147582178386161 0.064942662192867 0.062516363120717 0.0503310793606723 0.142598399240124 0.0103126552534003 0.0896626943679441
0.166123344661107 0.126337815048241 0.065700292601428 0.0579562164718364 0.175985539410823 0.0387693044964144 0.195079248402469 0.110838199584838 0.0632100393228442
0.140481004098802 0.0396404975587578 0.104473455653186 0.175598896010951 0.106890758572273 0.114483326694534 0.184661803880733 0.0652996740805857 0.0684705834501773
0.289543486365668 0.0153463783241003 0.0935277318610847 0.139008993535652 0.0599345383171621 0.0145427931749512 0.318938067071589 0.0415340533147068 0.0276239580350859
0.156476112845502 0.00287378894960871 0.0924793668054341 0.0798949141976258 0.205895348694588 0.00969434222430112 0.166987605678826 0.0956657935160816 0.190032727088032
0.165172313263544 0.236886537762553 0.0068728186852215 0.205742820656971 0.0271572379652795 0.0441143357208579 0.114523389337046 0.0977899136939749 0.101740632914552
0.159374421348509 0.113213262455937 0.0605351548144523 0.113529268491996 0.0493150306236989 0.097065770560799 0.0448268481559866 0.173040771416685 0.189099472131936
0.121174392296422 0.1392460791983 0.106011893916843 0.0182714713939828 0.140641475806825 0.109112623927582 0.090900709491348 0.140046570854549 0.134594783114147
0.192910129782522 0.0812625427291705 0.0889601681733887 0.0753918758286494 0.0402032183043804 0.141313911972347 0.0811430205476288 0.143617392105406 0.155197740556508
0.0387424115070361 0.107292527684709 0.208098089205322 0.105899228488732 0.110166565668122 0.126349097533703 0.126491405981552 0.0128876054516114 0.164073068479212
0.134421559238312 0.116344544700153 0.175354693508924 0.0520014886346583 0.0971307658934914 0.0481176207500952 0.186697332448208 0.109149484123833 0.0807825107023243
0.0165960189059542 0.123782263739364 0.0702111458991821 0.17980533777932 0.153135048038212 0.0934405666231251 0.183275259331564 0.0324458968750278 0.147308462808251
0.123569917902952 0.118476031412856 0.0671799578836877 0.18362002281337 0.0675753492911147 0.00385384366352527 0.208633838940627 0.136861436712991 0.0902296013788762
0.22824843475075 0.165604227842725 0.0482092134939747 0.106574005026572 0.0877347756741701 0.00599591908090277 0.150101348130583 0.175809278748774 0.031722797251548
0.123499951608058 0.169821841224748 0.090252529109111 0.147008931784843 0.0479021919853391 0.12946766317386 0.196565070191226 0.00411521162306613 0.0913666092997498
0.146963096508415 0.0772151979090833 0.159053485850195 0.122615957021843 0.0653100356934009 0.090106188093427 0.113097884706859 0.0780380958708175 0.14760005834596
0.0370544667825699 0.0247856334696818 0.211100940320734 0.11990372776645 0.113748999512752 0.0106094011727619 0.149517424876898 0.148110464311319 0.185168941786832
0.00740503679805195 0.194577129873447 0.1111779449309 0.157167454871821 0.0950014473925121 0.007534448396792 0.0522833607047786 0.176208540525277 0.198644636506421
0.220130250914199 0.171344491195743 0.0057768522624324 0.010853711532804 0.0080904977767596 0.154221182815941 0.156108808535016 0.113394776812965 0.160079428154139
0.107812810905042 0.113473115318488 0.10613413878008 0.15234042232363 0.0878246932857989 0.11167103914528 0.0282004937106985 0.125840839640085 0.166702446890898
0.161391313945715 0.0324160877423675 0.0351608630229773 0.293671299002001 0.0264500091856728 0.00158364071008312 0.00375670289444599 0.290681869322838 0.154888214173899
0.0912382545168593 0.0838711933524893 0.0738392857827724 0.280497516653492 0.155054327927451 0.00524624405780195 0.0379262385833893 0.147080112554522 0.125246826571222
0.209668155995094 0.0655246402595224 0.0917030119761625 0.0853997181149745 0.0763598425222604 0.0902320293330645 0.176470603779843 0.0923546060197954 0.112287391999282
0.262188484103478 0.198483555921941 0.125751527787378 0.20457076770308 0.0423476618702197 0.0430945372035181 0.0097143421397649 0.0346815907041947 0.0791675325664247
0.0731844263351137 0.0322860432834323 0.147480939266974 0.148080067052847 0.0580832385007733 0.00942784089628465 0.195571202158475 0.205805411648245 0.130080830857855
0.0345097343902161 0.0266098428981025 0.0365126228001997 0.196434134301937 0.0681037330231166 0.183287922049376 0.223680189783138 0.149994579464178 0.0808672412897352
0.125425617826523 0.177545767613161 0.16150937084159 0.156288278043284 0.132733232351341 0.078379527030592 0.101957413427127 0.000330621555989149 0.0658301713103931
0.140438196002353 0.128291524155185 0.114930523369217 0.128865498150662 0.0260966645393489 0.101794424317293 0.203663934095782 0.0785675071735035 0.0773517281966569
0.152918277070547 0.191215452586966 0.0571725082378418 0.167931972509193 0.048810604165902 0.15792231969716 0.000384417898879112 0.0999828716937427 0.12366157613977
0.0955563349287157 0.110248957845051 0.0630075283074271 0.118181139335614 0.11200981695661 0.0810887836057552 0.129150450462868 0.159221097469388 0.131535891088571
0.0385404489875633 0.135620647476806 0.101373517159136 0.0892945237396676 0.125639617432647 0.10484556585211 0.128669277615861 0.15355584879604 0.122460552940168
0.000441320086759575 0.155621035413623 0.162259811697054 0.158028063369875 0.110823260937252 0.085999769804743 0.123312549176051 0.176586664461015 0.0269275250536268
0.0204908437425921 0.125986428987685 0.0878694784206101 0.179901577532626 0.182339932710732 0.210952092500277 0.000976953513429298 0.0208316018150503 0.170651090776998
0.00410992080805286 0.143150574480409 0.140162236393788 0.0725656801234961 0.189989812932461 0.175638481153244 0.206881986251069 0.0547283102848865 0.0127729975725928
0.0898391640887721 0.0589537648996973 0.189800654916161 0.135722161088294 0.172883858891868 0.0935953998486399 0.111544666462785 0.132587417862129 0.0150729119416543
0.146753463016119 0.073535928675141 0.00947694426897711 0.0589768456652017 0.0271362634487599 0.226427166555348 0.140378037661299 0.211581977208556 0.105733373500598
0.151598483134104 0.0574284891727618 0.14743311369435 0.0859232151100607 0.0542291868465074 0.151984946269145 0.124433031544736 0.0585117271343568 0.168457807093978
0.147929526588253 0.0578693163481585 0.160927543502498 0.0751826932604593 0.0859015645978415 0.140619895574686 0.0630349308095321 0.0950702002848592 0.173464329033713
0.150710376845748 0.15068723423516 0.0903828518875881 0.15503526176685 0.0804823508497267 0.0313781459274128 0.155912690397432 0.0171606844770376 0.168250403613044
0.132792388002402 0.0580228852433241 0.128346447720603 0.142319350362854 0.149703189903326 0.12439774830574 0.0249182375977078 0.131008341661507 0.108491411202536
0.182736706145108 0.0639278409833873 0.165443409595309 0.0528779881968585 0.159525608925954 0.0540931198967289 0.159762933037551 0.0259586685226215 0.135673724696481
0.0313767055420014 0.138345752084829 0.196006548986771 0.172932406297562 0.0696790635165754 0.0995492177993222 0.0462358633749798 0.0264464232633183 0.219428019134641
0.112719306155171 0.0817153537637671 0.165608055793744 0.120679849709721 0.151400275107446 0.163133284343332 0.0182262852946265 0.091471089451835 0.095046500380357
0.0654930929160659 0.066067492719765 0.133914657402894 0.168411245376373 0.143261374351589 0.143163529006364 0.0756481150547699 0.0954060273077092 0.10863446586447
0.190265866334907 0.096824056832986 0.0634370494536486 0.124814164220223 0.0345019934227363 0.125365952466807 0.0457704811749999 0.184388599881085 0.134631836212607
0.124273819717854 0.0192537302819925 0.16199810579439 0.204621746797354 0.0298622848193496 0.0466355861324377 0.267225651985501 0.124655650648462 0.0214734238226589
0.141565665582696 0.0803941229996071 0.0767496803790943 0.0168624736310371 0.0178501194869364 0.156898612393067 0.104422025733497 0.175810623068716 0.229446676725348
0.156026267162443 0.0682403239132614 0.241099741619373 0.0401707455207434 0.040068338724176 0.134951135465882 0.010762370549033 0.176848753901442 0.131832323143646
0.155972479957272 0.0142512671272418 0.188559061889255 0.0673542269458004 0.0556340547792476 0.0859984382721149 0.297704762622092 0.0357885849003518 0.0987371235066243
0.202886033778582 0.0606036212399255 0.0250363324870433 0.16958156713902 0.0375552317921244 0.203632635055443 0.122944483103671 0.0536318392173196 0.124128256186871
0.00657739064726295 0.12514857006576 0.0929695462337442 0.148785749283427 0.139164461763298 0.121706332154532 0.206990197850647 0.0534637803523354 0.105193971648993
0.0829150810719412 0.185445464725816 0.0111417971951736 0.21299402462121 0.170209288631215 0.0596187281931974 0.0196843195793767 0.236639441468667 0.0213518545134034
0.0489625489410631 0.126339878853687 0.170100846697901 0.00793952168769919 0.118415965816639 0.172523593693683 0.129589753883434 0.0843454364734598 0.141782453952433
0.185689875465125 0.165220249911169 0.145181872987258 0.064886868467858 0.183454488907797 0.0374184223468163 0.0636723331230209 0.0612328567122185 0.0932430320787368
0.176010617114683 0.0584222422692509 0.0156719994654386 0.296767102872433 0.235106802053241 0.118135723292386 0.0332718482349901 0.0515055839071186 0.0151080807904598
0.0877539421850035 0.159338483762448 0.157278909902778 0.0646629258227956 0.167813745677079 0.222135893077178 0.0524927991360061 0.0753670606559925 0.0131562397807185
0.137845658284813 0.183838861944803 0.0332309692256562 0.0980689584370394 0.16200834412102 0.153567683704603 0.165442887084829 0.0304011895577309 0.0355954476395052
0.18845024249173 0.119191096322227 0.141474088098473 0.00286000462112322 0.0559016764485339 0.158129308110121 0.0299161581403859 0.113648872217907 0.190428553549498
0.0718070828927884 0.0632570952762202 0.04008601883803 0.146344536604383 0.130438541014051 0.123051690877237 0.141792300382823 0.145879647294196 0.137343086820271
0.223432720149712 0.156290231083194 0.0420056043509755 0.09808550292858 0.141531636136685 0.0636179007400158 0.134881270806347 0.035031076483351 0.10512405732114
0.144214468873081 0.0805216792259619 0.108563155680563 0.0924683737047592 0.083092915724277 0.136567342857436 0.127601933781415 0.122827870365458 0.104142259787048
0.16308851536058 0.0278204802555842 0.167600779328509 0.200652516576953 0.024251739139098 0.137204203800376 0.143186267971763 0.0366445627470694 0.099550934820067
0.0982231467791454 0.0758127978563541 0.0308299144863901 0.158527259539235 0.00780782459726298 0.137166185926972 0.12640523694496 0.180930485130322 0.184297148739358
0.0777785379362683 0.00528519590400297 0.153181187955842 0.0351431797277703 0.165416911083569 0.191402128188393 0.199319623425196 0.0397104065816423 0.132762829197315
0.277140550806369 0.0737360758278121 0.0323426247605989 0.116186887956153 0.143832725219789 0.0337324233771276 0.0825209263084574 0.238907454530506 0.00160033121318611
0.13056985199657 0.0622870174473358 0.133800822058809 0.129695993760435 0.116362513116716 0.10243973263421 0.0925846128138064 0.132349904156622 0.0999095520154963
0.055624129336171 0.0325714888690593 0.28234339548076 0.167746342860046 0.00121366345786392 0.178262926857719 0.0734381176690095 0.176827524573247 0.0319724108961251
0.223048015945959 0.136056758410841 0.0489619818133467 0.0728849353239465 0.190862092768785 0.131366623573414 0.0160043035945274 0.000733461639385401 0.180081826929796
0.150410650898383 0.150310410634993 0.0121141817560498 0.154960952898886 0.0238863871011292 0.124180312020893 0.172360301026549 0.0572670530380467 0.15450975062507
0.141672759769164 0.105118218876315 0.11306951057714 0.105528365544836 0.0312303919364655 0.0189437910807035 0.0715643895828834 0.175037288847573 0.237835283784919
0.121100910027721 0.0328139494427856 0.18441755247786 0.0819960493858025 0.230891670485874 0.033857433933814 0.110366322661389 0.0507325019185117 0.153823609666241
0.190713218012005 0.15306950474779 0.183498756162185 0.00512196273488163 0.0127000131462113 0.0865109177649572 0.13431294465396 0.0615868248173914 0.172485857960618
0.022082148018378 0.0445053840662595 0.205670841147107 0.0581770710107884 0.214321445622539 0.101181943917014 0.088468026532248 0.0762011643551931 0.189391975330473
0.10703559633898 0.0255909691590888 0.19478947748719 0.0608261265325855 0.245058860476616 0.161317162027514 0.13816386471939 0.0381934642712944 0.0290244789873415
0.0524885925882318 0.0193157328764534 0.174423915027325 0.140053468541585 0.201383553786771 0.158722945977794 0.046505491059449 0.175663904679913 0.0314423954624786
0.0226710729759983 0.170838312247719 0.24681517274649 0.0890859093288979 0.0342996638611703 0.246672181220932 0.0892795109150527 0.00138850630046216 0.0989496704032773
0.045648501013782 0.0607529054227503 0.0803196235345225 0.153172267460525 0.111287831473957 0.0769949625170133 0.161992918361842 0.206825614103964 0.103005376111644
0.0743427216601159 0.0503392589380216 0.12693855818427 0.252691112331827 0.175837620792039 0.00722708576207164 0.0424129733754258 0.218855429189218 0.0513552397670099
0.0664993104561823 0.167234960180371 0.211820175052269 0.0128870671283943 0.124370649534308 0.0212239122325427 0.0761920683758549 0.0263426612205797 0.293429195819497
0.171196685906115 0.0596643071970514 0.164067397117775 0.0716147118680173 0.00433169017389819 0.115937200253836 0.102469096694531 0.139626048007976 0.171092862780799
