0.158990963466895 0.038763826594912 0.145139517389436 0.0512849552071349 0.14190575517521 0.0750583074244256 0.0787917158835023 0.0748921258561645 0.147969152586331 0.0872036804159893
0.0876163167711404 0.196540796647103 0.0449978193079575 0.0223993608201683 0.0850050432990382 0.0632361689295273 0.0544842590484858 0.226570729305799 0.121933973955789 0.097215531914992
0.175760859469614 0.195845916919705 0.132524642130291 0.0130238581337189 0.164948213145453 0.190559976842994 0.0105365319041292 0.0118712987850892 0.023137298744521 0.0817914039244848
0.155142907833861 0.184783503465038 0.172512939604509 0.180012421302697 0.1183026401109 0.0538268948689914 0.0356861819394231 0.0470529927245719 0.0189279307207664 0.0337515874292418
0.16924211977694 0.0106873944164271 0.00608441049219297 0.165326077592872 0.189116829926069 0.0328150613758511 0.028071446907387 0.161089371490175 0.0783860833363249 0.159181204685762
0.145507812545611 0.0355452159055184 0.0588269699341366 0.149279181537763 0.146637510037461 0.154533180024163 0.124408318128179 0.0281394923898581 0.08387519829986 0.0732471211974494
0.0543448245042819 0.070303966535429 0.113889089210473 0.0202087594329996 0.0116043435687581 0.147648342229441 0.163320047373117 0.150199729389484 0.116624239026796 0.151856658729221
0.162045552608525 0.0618876898152636 0.274521335058162 0.0889162703562255 0.0362205195679194 0.0901309308201034 0.00401929719588952 0.0699632204355667 0.0192145557354461 0.193080628406898
0.0502384895759824 0.038295233891675 0.141665418404112 0.139033704763247 0.115314714470266 0.104088252777157 0.129133682999383 0.146688108473544 0.00760369191067241 0.127938702733962
0.0893525144896647 0.0332809654207857 0.157242252224905 0.098803351888568 0.0749088840869398 0.0939575730693326 0.017464643368983 0.0642878350621883 0.20804892326759 0.162653057121043
0.166021612640242 0.103512745239409 0.139834058270148 0.0511039857348818 0.131643566373728 0.0390006691009144 0.0156024789805046 0.0842720695364719 0.115502284417316 0.153506529706386
0.115610428614476 0.159388639193643 0.132170982914094 0.175680543043683 0.0195950348713732 0.0218331979526284 0.182113766636595 0.033999376772173 0.11206296493722 0.0475450650641143
0.138015885436655 0.123620904978849 0.0116115287158361 0.0988852556218222 0.195555661980715 0.0612123813434448 0.18077871571051 0.111782621826441 0.026820119593977 0.0517169247917508
0.103885445658278 0.0175218360190389 0.104921819825633 0.109337814813838 0.136094804157157 0.138006248087193 0.0539924844210932 0.223168063278112 0.0349359423814327 0.0781355413582241
0.0891961384362779 0.0604871162606582 0.164144102890685 0.083562464244389 0.0171943095679 0.0638462164429596 0.173204485411053 0.077376266095918 0.0999744313449747 0.171014469305184
0.0563084271464967 0.175165394704877 0.124882497214674 0.051407510783245 0.0983461942175248 0.08572543532647 0.0440249608178192 0.125775871651936 0.0625194512494905 0.175844256887467
0.0298140384377598 0.0713853305560234 0.194068828094569 0.0665112241821682 0.0261514704750007 0.0544690088375539 0.19561119290242 0.10513828878736 0.137092781490736 0.119757836236408
0.0822296557434523 0.0985090508441706 0.0953507489848714 0.0716297396309681 0.066292520900879 0.175308769602756 0.147208636824176 0.0437088392121647 0.13400634901344 0.0857556892431217
0.151546409222067 0.101108407805977 0.0313782240202786 0.139339416760729 0.129770259087964 0.0953310153898346 0.0252710632002937 0.0728809969390401 0.161613188166561 0.0917610194072554
0.103632840527093 0.0332127829919318 0.12592998037977 0.117977749490647 0.0812402131293926 0.0937491084532929 0.117662350021289 0.11934026526576 0.129311534021652 0.0779431757191727
0.00632623812031222 0.0322280903120989 0.175837194675121 0.00506008387820458 0.168782451428753 0.171677465214069 0.246384828655126 0.163367645583116 0.0194240765307369 0.010911925602463
0.0951802006134312 0.0578096011802666 0.148633574695121 0.0553932639202757 0.19812586380701 0.0976576485343231 0.201324934332244 0.0219778275626619 0.0143817107226636 0.109515374632004
0.0683037614466919 0.117778422288957 0.150428605143094 0.136558650102104 0.0491133278812804 0.132959503414091 0.123850442889646 0.050820120647425 0.0130840792948558 0.157103086891855
0.0328573695635892 0.191883363226202 0.150556241664745 0.065528868625264 0.0873893820701987 0.18585914594647 0.0264937122210996 0.0244345070684602 0.0410123186663075 0.193985090947664
0.163515551443299 0.119326443181451 0.108928777683681 0.232015674298381 0.111393237376937 0.0661767287998364 0.072672749990609 0.00207652957596679 0.108528325025275 0.0153659826245649
0.179112756209361 0.0321800770516306 0.132410073495437 0.108755173973412 0.109194752969913 0.0524453892997308 0.133373698572453 0.0756962803308544 0.0344836236940553 0.142348174403153
0.202203840128159 0.0763215470304668 0.127996042861358 0.18076853442188 0.0252248983576606 0.0119286661153659 0.187495319806531 0.0451957196246276 0.0022005805337087 0.140664851120242
0.0877899429782351 0.152689280475022 0.138391662378595 0.151963734500096 0.0478083154737311 0.119474393945835 0.0700264813113465 0.165612462360076 0.0347705611839656 0.0314731653930973
0.0450535445091248 0.0628380525215564 0.0313462796627935 0.181012377286405 0.12318177965981 0.164338077097021 0.0449070769624425 0.0725196068048634 0.149057409798639 0.125745795697344
0.00775114539947278 0.131822756885168 0.13580767149555 0.111459077087193 0.117233179267674 0.159403651433601 0.0235477460953402 0.157724340139705 0.0463568116629523 0.108893620533344
0.0674842856682454 0.00583772948880126 0.0577211873142386 0.0976112873563255 0.118932167667396 0.19466688410645 0.134360967636936 0.0576161223738371 0.123304313410012 0.142465054977758
0.138457397249507 0.129616262427443 0.113312561425341 0.0524685188643329 0.0739761324594377 0.102215418349212 0.163419511575061 0.0630327873453757 0.0136151612764448 0.149886249027844
0.200042874109118 0.0814862238979099 0.0194273895624655 0.126048141594139 0.0447484976886816 0.190915717691668 0.0189557288691394 0.0754458006217823 0.0555643472770597 0.187365278688037
0.149790882794117 0.00630298230666467 0.155457159633011 0.0520144223280638 0.2054173721643 0.180585660776956 0.0750492816333868 0.0385204291902473 0.119849512604922 0.0170122965683309
0.0844626398447049 0.0778596254589774 0.0663754305836386 0.186494761765267 0.179005067054923 0.102794395762218 0.0185207006113982 0.130802501352764 0.057810524654071 0.0958743529120389
0.045732646338246 0.193610638860899 0.10757328669504 0.146220903424449 0.17577756517032 0.016814117039749 0.04597475258598 0.109936320054066 0.0624448352177643 0.0959149346134865
0.119059575278655 0.0564888605526956 0.00323624007576192 0.148493531108125 0.145795814848484 0.186493393768289 0.0328988932613802 0.123057457734801 0.031228256550312 0.153247976821496
0.139640726752117 0.0396234335235054 0.12475892543976 0.166128009956418 0.0118900072198167 0.0294587574181958 0.147623189157324 0.156645298986733 0.0857033239141932 0.0985283276319369
0.0145353695300303 0.191572697572616 0.166217297826977 0.0483845466691348 0.10089300902029 0.124518087008764 0.121170922268706 0.114207187885468 0.0984849519320984 0.0200159302859151
0.0807187189407988 0.00605902798456895 0.0402529926147926 0.0914359126859482 0.136861563918688 0.191311306457761 0.0198886144161485 0.171874294879028 0.161717335276549 0.0998802328257163
0.0317373910589937 0.0407382932930684 0.01841623588174 0.205568038412173 0.118415625855911 0.116685641237216 0.099806346168535 0.0666035913742448 0.0914750964503211 0.210553740267797
0.191294599331322 0.0751602736320805 0.0499204262404082 0.177862530171465 0.071889174071454 0.0711068436571546 0.0490686253247134 0.00101970831922094 0.163198496978708 0.149479322273473
0.0484616499377401 0.0115110901054609 0.176117289694721 0.0396496815725561 0.264516129801922 0.116637620352117 0.0684352333826859 0.0519022599398205 0.0155828796593933 0.207186165553583
0.025120561275589 0.0501752925424198 0.220851813097137 0.0334005487053784 0.0463205334807165 0.220409331448042 0.124221086462108 0.0281480787214098 0.159338389714782 0.0920143645524177
0.068411825224283 0.0862684427074412 0.126888691051735 0.122965740691611 0.104840330884688 0.10890704283448 0.132588685106082 0.0933034044253586 0.0739882978633005 0.0818375392110205
0.166183768549335 0.0859318252149447 0.0210263424211611 0.124136808303716 0.102214647275 0.0765983575522867 0.110469785072683 0.0195909955933778 0.136707512346717 0.15713995767078
0.0457679415858157 0.169073071584838 0.0576971285757503 0.138820688117007 0.1083995552221 0.136908357647922 0.0555301519931374 0.223334547167054 0.0246894978253952 0.0397790602809791
0.0252940207726993 0.0139545780776765 0.158774939332833 0.115585507709315 0.15568267345502 0.194442445483526 0.145847778724628 0.0937295277385265 0.00853058302546355 0.0881579456803124
0.195220824128797 0.0527340119853029 0.013511838285304 0.0386743989210493 0.16754454932491 0.123671608985137 0.133395075759218 0.137561733692804 0.00742125628881298 0.130264702628664
0.0460133011255917 0.138597973284363 0.0498654026466773 0.174493636645476 0.105196001601448 0.142036581395523 0.0337352533291206 0.0794467093757902 0.104089078325624 0.126526062270387
0.0120471788670101 0.0805366253423065 0.128988233319005 0.130781083770973 0.138256382590949 0.0662173399015519 0.0765535135159646 0.110219391763387 0.145088461850182 0.111311789078671
0.185240939780162 0.00863301131024949 0.0565680257279564 0.197647600188262 0.085834260431652 0.0356066484525413 0.0453301021896488 0.185533929568711 0.00959200383580465 0.190013478515013
0.0126864076635787 0.0625603273512825 0.084293165064858 0.188265267627973 0.0903164170614693 0.0380807277066496 0.178333566791709 0.15854579403612 0.150319465999951 0.0365988606964084
0.136026687234815 0.0623717552874302 0.0619818254688406 0.199127868562103 0.138278075141796 0.00364403516186015 0.103261193685622 0.0212071389018516 0.0407948739372285 0.233306546618453
0.0567600596764449 0.0624660018029756 0.0428289470955158 0.0367075522528705 0.194332159505182 0.0829810177773097 0.0311059375088805 0.176180200184734 0.186378536886343 0.130259587309744
0.127939826241359 0.157670401301834 0.13044029913088 0.124067744383969 0.111278742053895 0.0349410184347854 0.165867060048609 0.0531102839635875 0.0227558120076686 0.0719288124334118
0.066306089714697 0.156721801766966 0.0600088765083658 0.161847847365912 0.132491578568424 0.131701003045795 0.0577335356297785 0.0292468285151248 0.0729757274171573 0.130966711467779
0.02474278746461 0.248867909405302 0.134942565817353 0.251458583852065 0.0175593605452243 0.041080104396289 0.0358277514195928 0.0642100697294869 0.160918324292255 0.0203925430778221
0.199723529259106 0.207101800117922 0.192335250726945 0.0250982495731488 0.0105132734396611 0.107462462199365 0.101359377929028 0.00133037100621183 0.046327802835587 0.108747882913025
0.181780842342934 0.0644605522826985 0.0264706536967157 0.24529109369184 0.021443774542761 0.010576191716554 0.295929970697974 0.0648085914385134 0.082999125845814 0.0062392037441955
0.124769426590349 0.128477064879717 0.11688923921486 0.0713483127930966 0.145377682880634 0.0156244935844001 0.13951906657142 0.113465441598646 0.0360246915951927 0.108504580291683
0.0713077166468254 0.0759612774894256 0.186473085311206 0.0574438896174609 0.181325954079506 0.122083669402026 0.0905207937052282 0.0775971641333434 0.044700551451181 0.0925858981637973
0.159589405448185 0.0563834313910547 0.130474011954156 0.00822981364631506 0.0262645809508718 0.0823122153878218 0.16660014207752 0.0108630108611967 0.163665140054987 0.195618248227893
0.156724530356697 0.168489504398506 0.00679108659304639 0.0673375155467809 0.187539045639989 0.169946470007688 0.104694284458555 0.0763765662417939 0.0420494642147875 0.0200515325421559
0.00975092379353188 0.071821421273004 0.0263730344756006 0.050496530761572 0.19577585686338 0.154538481380691 0.118163970363306 0.107801341338554 0.130789091800526 0.134489347949834
0.0959815460542239 0.154671614121213 0.0366329281798735 0.177158279809234 0.100758912887111 0.000815113349562721 0.122368897534144 0.00882626232532579 0.196178820114592 0.10660762562472
0.0190359616929946 0.0434961598299847 0.119277079968642 0.0512084408586787 0.0998799525769806 0.145068599938451 0.109451870401154 0.176331829341922 0.160533022980731 0.0757170824104614
0.140692054786928 0.161890893734928 0.0876869111045722 0.128246239903611 0.0587720649052518 0.119908881723236 0.150125664257352 0.0437097644421671 0.0670048553531921 0.0419626697887614
0.0369486366244604 0.0705522025203907 0.103091784218742 0.106292673470289 0.140018067189766 0.130845260861313 0.108139215089743 0.154375555392929 0.00823312597178612 0.141503478660581
0.129693573223385 0.0541719366920905 0.0304934009696858 0.107048746590742 0.246418636148242 0.0811492413269619 0.121445941666553 0.0898784155614532 0.120985588679132 0.0187145191417532
0.127302966424366 0.143024716884913 0.0691123551070927 0.09705713403769 0.0171089175458288 0.155148948396257 0.179916480190495 0.153610163760102 0.0306122842214499 0.027106033431806
0.113187888266961 0.112994432766385 0.148441889504036 0.072618441501861 0.155059606487418 0.0672988482792632 0.059603720919859 0.159675182458793 0.0748685501771569 0.0362514396382677
0.164792218522112 0.0948826374715361 0.158626305684621 0.0761818161514439 0.0624217522001088 0.0618260644139053 0.0409261822019014 0.0627577860299648 0.103326618536921 0.174258618787486
0.144324502389495 0.0564612355849934 0.110756909015989 0.120514891751458 0.127894520512934 0.0737308712509431 0.114149886890501 0.0476700009351726 0.0632085711402596 0.141288610528255
0.0321338853966969 0.00684384835041264 0.142642116708287 0.0390680226376513 0.190671135875375 0.193014197063798 0.0746324654533102 0.086019049780169 0.0310401177880708 0.203935160946229
0.0631527273177802 0.0825500631627257 0.161422710236592 0.0907666782988035 0.150927433447042 0.188168107455608 0.00896650839782817 0.0459075180018387 0.0143680791669078 0.193770174514874
0.0425338949849649 0.00574766956178849 0.167641161110452 0.105292458211184 0.203529103985008 0.0677163388196761 0.0434518774574718 0.155156901788065 0.0458455392781901 0.1630850548032
0.044392367426035 0.0468141834797843 0.0137815650197773 0.12752131084905 0.0881733027777206 0.11498931504909 0.124790448657009 0.126564391399774 0.124477096907848 0.188496018433912
0.000843747851102546 0.170955890108091 0.0983742007160299 0.0968808546414488 0.116319256127579 0.118516023201718 0.214686770696999 0.160313253598017 0.0217841144000038 0.00132588865901096
0.153349859541746 0.0554531233459232 0.0875666245728562 0.140297066232651 0.104399552950035 0.16259942993399 0.0976684421333196 0.0378538185186913 0.0350584186635224 0.125753664107265
0.0641323245882308 0.176785563141353 0.0781435860050872 0.0131942887877273 0.018330171963617 0.11052807417304 0.108867320152544 0.192834208967067 0.0376846675120776 0.199499794709256
0.185567424134159 0.0740951696564067 0.119389404426046 0.00375814448449292 0.200393340098697 0.0235129215778745 0.12700014843438 0.0709170174884448 0.172136507342287 0.0232299223572114
0.0962884968655452 0.0985349999140718 0.105809013407728 0.188478624659395 0.147185366282101 0.0162933147352059 0.00673872507348704 0.182598241870221 0.0162430250282309 0.141830192164013
0.163735563784349 0.0029085660847717 0.0200167526600915 0.0854009911231352 0.0991576480139014 0.0836172117996839 0.178292963070379 0.149855457634632 0.179810724349529 0.0372041214795279
0.137412147550572 0.13427317108237 0.130747876106648 0.00753190662055961 0.0436143352475719 0.0320750078667192 0.161407459412676 0.141410640960293 0.153232670255531 0.0582947848970593
0.0991589806219956 0.171683482032855 0.0358328979129178 0.117252949316317 0.0949180576633848 0.129797370682773 0.0784677441943355 0.0146879613959883 0.137082045064756 0.121118511114677
0.0942121648370856 0.191814813444338 0.0734436831203696 0.0645801049072241 0.151255370101501 0.0481174658107747 0.145703355359871 0.0321803431486941 0.0458634796314333 0.152829219638708
0.0238463472783692 0.157330078183993 0.0607199106469357 0.0340460907794839 0.115656519552152 0.186384301539605 0.0693155168002733 0.0220393906431243 0.194459223183751 0.136202621392312
0.149226999645979 0.054908372615679 0.175036995579878 0.150979157777924 0.0650003945504839 0.00733254162987498 0.0501515475944644 0.114399501360823 0.217753526314978 0.0152109629299153
0.110753248959119 0.130195427484794 0.132196876250804 0.0665383567365001 0.190636275275804 0.148395047562647 0.0241132075530432 0.102343365718593 0.0608740699727971 0.033954124485899
0.119600626248681 0.0961840129590579 0.167883404910142 0.0413928869274328 0.0382663444928381 0.0991433070859898 0.0192373083464585 0.108360563232674 0.169032235331759 0.140899310464966
0.133687699447093 0.0111208319761932 0.152457664088442 0.152202933459947 0.035734670318032 0.129350626818298 0.0807720912113691 0.0663347326094347 0.0491997128907219 0.189139037180469
0.156648377344281 0.10844855265844 0.076450183144767 0.0656194914125148 0.0410705911097017 0.107587152065557 0.140618511178186 0.0836876659340572 0.0614747960404856 0.158394679112009
0.198546454181678 0.120705844875255 0.00171202877324603 0.0839094309141455 0.0665772489858099 0.0412443437306667 0.0867373219639505 0.116265508506124 0.131406493599889 0.152895324469236
0.00845982523200779 0.0195891910325227 0.0205528968332759 0.0174759118741073 0.13696667263138 0.140545960316548 0.0230982535334565 0.198219228221938 0.202676236019662 0.232415824305102
0.173864232777562 0.0308449179686123 0.0410994570808855 0.0712801604153518 0.0988691246675359 0.166228695212376 0.0698775361743474 0.134015711739672 0.0489396836001881 0.164980480363468
0.202642380952228 0.176646308051236 0.149950291880459 0.0384067318467438 0.0804715195666871 0.157587451758406 0.0171343950487971 0.0366916888849574 0.0233671200269338 0.117102111983551
0.128350941425302 0.145183469143145 0.114975864671254 0.00961237353713514 0.0968251463286791 0.158195923796744 0.106358595700862 0.0723664541745161 0.12643925564428 0.0416919755780821
0.150461997623371 0.103900170472832 0.137376467295946 0.0270901148293921 0.0266091106812089 0.102196826912396 0.140070002023025 0.062413319192606 0.156871196126156 0.0930107948430677
0.168321859679476 0.0967694843711857 0.186618989231918 0.183265315476564 0.0838001732733537 0.13190310204419 0.0530726013672236 0.0133817623441616 0.0541298477211204 0.0287368644908065
0.0583754349773973 0.0309473759495627 0.135904267413486 0.141699697229137 0.000997276286341843 0.13874742327966 0.114037822146346 0.148567239831479 0.0734063592390651 0.157317103647525
0.112874159818721 0.0952054892643203 0.140802097742003 0.167998036486511 0.0582286603643267 0.0726899007444135 0.102177625868144 0.0431144952727707 0.0323347250870461 0.174574809351743
0.0292243789839917 0.187290846253711 0.0279067893427408 0.0975788199325073 0.116582841064426 0.15576563949471 0.119822685280641 0.109034150264111 0.0322039128570449 0.124589936526116
0.109959558741652 0.0682546573059137 0.146332571341313 0.175793735341737 0.0222343408310888 0.17177366683456 0.0273081304019063 0.0894210561261313 0.0532242444230475 0.135698038652651
0.188599818712336 0.00409159033700945 0.192911685084632 0.209591519374351 0.0177568323248096 0.0543731884382394 0.0494246640130308 0.174797967306052 0.0589976301001461 0.0494551043093932
0.0760289688362895 0.19190632548264 0.0734409981734672 0.0565021607843369 0.180554258143128 0.113408664520993 0.104943215373554 0.01017663294011 0.18579125814311 0.00724751760237098
0.00491760687194799 0.0840292330526775 0.0232039858221351 0.174086534600645 0.0960093930843198 0.160946278635216 0.032468268097116 0.0898370118019525 0.166450558973476 0.168051129060514
0.11429506141888 0.19274850070046 0.0891567756084879 0.00743540907191966 0.211917881955249 0.0794750495478976 0.048350223692787 0.077488318972309 0.0731396119252915 0.105993167106718
0.0598544066537157 0.130677164897885 0.144529983198566 0.107206624839197 0.0701188082783863 0.0943049980073483 0.12383023042952 0.0765599941461501 0.0989617183939514 0.0939560711552807
0.140069549653216 0.132514282174158 0.122512901245606 0.00653414759645494 0.114459552521308 0.115737258770903 0.133571057596774 0.0574571655292078 0.138643897418499 0.0385001874938733
0.0288525049646528 0.106586049676535 0.216662725047529 0.171117677544972 0.180368472516585 0.0337176219993223 0.0835471221792543 0.131934012222444 0.0271054664254374 0.0201083474232675
0.000911859345620102 0.119647919977586 0.101336045251701 0.191854559444635 0.105493436084848 0.0267832027730085 0.0622288944090616 0.0784843749188106 0.194687095031228 0.118572612763501
0.115472645915869 0.0417333879217615 0.0880013713870987 0.0931892976811018 0.125017025493265 0.105060030058735 0.0691847549008756 0.0547522859522679 0.144631868476554 0.162957332212472
0.221814818997748 0.0729631568784131 0.0108342820469305 0.0556499158651099 0.0220231814815748 0.0483758519398053 0.0168955616192721 0.225146040173494 0.104492659186039 0.221804531811612
0.116149865933163 0.0482222365225299 0.0736662993566412 0.148949218114734 0.111216698618926 0.150401253009265 0.056585911155887 0.138657850798961 0.0239683284029291 0.132182338086964
0.0562862737591757 0.154601076460498 0.119609382904901 0.0609608536867894 0.00479114285183461 0.120224624391191 0.15590744130492 0.121116436573763 0.0563012591702171 0.15020150889671
0.129526654262257 0.152943554404947 0.160389067269187 0.0267055354686228 0.163507832551454 0.112743018177096 0.0965664809942912 0.0382593812764748 0.0196234417078557 0.0997350338878142
0.184109106240485 0.103087653379053 0.0434695727859756 0.0652710172763313 0.0325475766210073 0.044656866092183 0.0926547719591058 0.172894678883465 0.0987069088042075 0.162601847958187
0.015856228556736 0.0147251369275419 0.105179872949347 0.00295334907542359 0.0525855063170551 0.178039814918297 0.191213232665034 0.181767359200671 0.209206150525883 0.048473348864012
0.123790423903371 0.0273219199363363 0.100025896927503 0.0233815655009525 0.109657945639692 0.10891796892677 0.0711272942357073 0.173779017542004 0.131098513423172 0.130899453964491
0.00417373501904882 0.190398633865771 0.103625553953558 0.08884521301919 0.138527032439288 0.0764622314338721 0.0325110985332107 0.105050743977282 0.055194442754839 0.205211315003941
0.115839055679723 0.127687350596659 0.102449319655953 0.0154512853788667 0.0637043518569775 0.0997583227288874 0.116720346446184 0.140863807154263 0.123968036106665 0.0935581243958218
0.0941396014174456 0.156324603148852 0.0460842855568775 0.113056880796702 0.166823330544238 0.0393706570146988 0.159343989885754 0.110585775620958 0.0390556408048095 0.075215235209665
0.0966921906271486 0.165871559626764 0.139021967729942 0.0256717271950092 0.109290585971385 0.166369700377468 0.0266795258891543 0.0144684380099957 0.0927407608914905 0.163193543681642
0.0395540180014794 0.160995788120764 0.0609151754561356 0.0236020205820119 0.0508489523878137 0.240061556066901 0.0959520824970739 0.0742708460315935 0.00298294841279421 0.250816612443433
0.00495762342913744 0.124797251833491 0.0171141650654863 0.14335244770592 0.106880149451344 0.109180984559113 0.054642836030365 0.258155576620943 0.0931079025275142 0.087811062776686
0.139193734200258 0.0583354824544639 0.148195672202951 0.0383094378217114 0.119967685615009 0.0327775752650467 0.0267535730488353 0.151504132108144 0.135095625767215 0.149867081516365
0.193093769083265 0.00117537462694762 0.0318676337873364 0.0365251402492817 0.174532905864261 0.038675714201786 0.143566129778616 0.0140582929391402 0.142168565703625 0.22433647376574
0.159847469695447 0.159558450403935 0.0579638368291576 0.162822834218568 0.0548416990428503 0.0935397563246662 0.0935538908157296 0.113154462738859 0.096506197786283 0.00821140214450422
0.19560603742121 0.171507754298613 0.000521161806998873 0.176155309452411 0.0661985716756238 0.0837454865145082 0.0698047789395983 0.173446837713034 0.0239519640166981 0.0390620981613059
0.016104078387461 0.217677469727877 0.119179131132559 0.0829473161895123 0.146941304277835 0.0729720765959579 0.0950145206027814 0.0061882488738106 0.205934905952371 0.0370409482598348
0.0805209351130153 0.235548520001565 0.188777680296322 0.0536533302845653 0.023209947711512 0.0627373719716617 0.00627201819340586 0.0964842835063775 0.0587543146424971 0.194041598279078
0.120233096302132 0.0215349319092383 0.0550873130169399 0.105784160745324 0.0987888979503442 0.0600383897916028 0.0132571357824897 0.203191203932022 0.0196167493298227 0.302468121240085
0.0113779534719012 0.132297462981309 0.0599328499950579 0.112957026845233 0.149276104056115 0.115299867599318 0.131210879483502 0.133193031174348 0.0790410785805602 0.0754137458126547
0.0846805348053832 0.0666881640899416 0.0801545783952097 0.22357651401402 0.0522002676440703 0.164600765148447 0.00671097623253701 0.149847213304193 0.14998434907126 0.0215566372949379
0.170453360625717 0.03269079745501 0.0497305746062777 0.138108317128913 0.0626654835572374 0.167201325742635 0.136305386085707 0.0891481903705786 0.0607440908387573 0.092952473589167
0.167118069559854 0.0743281858217195 0.179204725854569 0.0806777336074475 0.000519920714410716 0.0404303818750744 0.139547147322985 0.166603667793465 0.139730588485632 0.011839578964843
0.125301784522257 0.0415750476082371 0.15939026141433 0.0720828935502966 0.076523560350289 0.00895193480108617 0.147612909386835 0.0603593946115 0.168743723702514 0.139458490052655
0.136361240963149 0.048699400848086 0.128241805634924 0.160085956296609 0.0771739971893297 0.00925032528202913 0.157953297484844 0.136759511026894 0.0985973596157885 0.046877105658347
0.131036730845593 0.0815417247207284 0.0229026322588075 0.140325924477088 0.04209790685262 0.147395689357414 0.113446745486677 0.128423055577937 0.107918912194467 0.0849106782286684
0.0341988741952749 0.172417556864402 0.132790083612137 0.161959084328278 0.145864353920542 0.147432979381294 0.0883986715889744 0.0590151506063108 0.00952716614176104 0.0483960793610266
0.198882042750922 0.0160449958710837 0.0583926679918822 0.0253509071471555 0.0777711759347805 0.108139936663223 0.202383661730831 0.0426378178705746 0.103432064912722 0.166964729126825
0.0550657150859755 0.0969058712690581 0.148587163097144 0.222959545531638 0.215099264666284 0.0247637280726682 0.0182741485456607 0.0992612962707204 0.0527973239787457 0.0662859434821059
0.0796854339245408 0.150503307334668 0.0211846059765005 0.0364713489349036 0.121389199016592 0.107588298586892 0.177073977496419 0.120275938003839 0.0989346373353679 0.0868932533902769
0.114000231140126 0.0349481371184415 0.02892113804244 0.0151765113631557 0.0330147619021415 0.158346733183056 0.210217615506633 0.172622013997764 0.1941616065492 0.0385912511970425
0.0366651697618554 0.0751810070677143 0.0499570306076388 0.0799552696613984 0.164086693654441 0.164718761154445 0.180962765989075 0.0934053130240862 0.0197342737289008 0.135333715350444
0.0213871709629456 0.0538327768381836 0.0996299889512507 0.0939615459689185 0.0861443145410048 0.123109251408909 0.101723647558152 0.184662672410537 0.100965195457932 0.134583435902168
0.167945336998537 0.154000478851555 0.179605514059717 0.110755114859301 0.0464006732827849 0.0786792178120824 0.196337913194678 0.0363258225833967 0.0260614319237794 0.00388849643416862
0.0963908240770577 0.0313803459287888 0.118448581483138 0.0956113021374665 0.152277672028207 0.109793056977718 0.138685522456284 0.0358421978122141 0.119083161904825 0.102487335194301
0.070074704870182 0.103254820020592 0.00981027997568314 0.0547911394628802 0.0962574778938542 0.190289366402099 0.182510553579951 0.0125337118499682 0.111180826883733 0.169297119061058
0.222365849628078 0.112253139236505 0.158023281500895 0.00203677379237511 0.0185407123409025 0.0352582131389643 0.0960656593062195 0.0630723422901868 0.0715967029720195 0.220787325793854
0.0394295288796435 0.0893053528844305 0.0765338607492698 0.149905861922315 0.161641705686699 0.150182933300456 0.11467302959323 0.0607381007741786 0.146043848609112 0.0115457776006663
0.0231043069572189 0.121060529194665 0.175838116322418 0.00503320233614444 0.0925995308122949 0.181959018917833 0.122023223741781 0.0652393274098856 0.0935142880430505 0.119628456264709
0.0236469914386819 0.168998012222812 0.123072959148107 0.00092404356204782 0.193690470811867 0.154422242417636 0.176134148811164 0.0252391334009879 0.10917429860948 0.0246976995772162
0.114596151044835 0.0798889261475453 0.142095454094073 0.138147339867963 0.0496813544666683 0.121355759054854 0.127506477147047 0.0600223940062103 0.0871870057466845 0.0795191384241195
0.138509776408233 0.16438349224045 0.109779607109903 0.0479115690845193 0.169397085434701 0.108260233908111 0.0961422514364785 0.0347266908727146 0.0279581318704249 0.102931161634464
0.0784424996367528 0.177318710489191 0.183501333714298 0.00767694508576972 0.0210026195276339 0.141096491421151 0.165272426730713 0.0716058480249138 0.062404193350411 0.091678932019166
0.019357651758414 0.00347130190210362 0.0703274382358076 0.107322113522063 0.186451006881059 0.103634365334368 0.111952139895185 0.141490386820819 0.226173675967384 0.029819919682796
0.0386804896679591 0.182324557016313 0.0501385190974858 0.103224380488827 0.15732441396057 0.139399483873519 0.12818168642129 0.0475012833573895 0.0033569973207512 0.149868188795896
0.0417508767625883 0.0879037697997782 0.115853731100916 0.251162531516478 0.181498342090532 0.0878530996930295 0.0771590253939586 0.120967890147941 0.0177712668879109 0.0180794666068682
0.164969843341482 0.0562949466380565 0.170934773243753 0.107088782098608 0.0597796327504474 0.0354983985325006 0.0930718240544397 0.0367701057538183 0.158830803434477 0.116760890152416
0.146103434496808 0.0159665881509666 0.224888442587146 0.157545482592838 0.196759524019832 0.0529130394586812 0.0581874800642567 0.0615587299895889 0.0578338448870955 0.0282434337527878
0.062812800348959 0.0987582568564322 0.000694637729727288 0.173880279834472 0.0979379932088513 0.15684950873308 0.0862906756178329 0.0948577395575744 0.0996820562323314 0.128236051880739
0.0612841132350265 0.145550807494499 0.0672430841680982 0.0785318020670152 0.162883071674702 0.181652137500851 0.09700834752359 0.00508008914675086 0.0553959224450743 0.145370624744393
0.0917329637639857 0.0877363994128525 0.171793479358407 0.102719892825662 0.0763859494106411 0.172614621036059 0.00695113977638458 0.0300232951147481 0.12539218202334 0.13465007727792
0.125308405484978 0.10061752025161 0.0129538204301588 0.0912386194380987 0.100893230756459 0.0249646628798159 0.155372225038066 0.158158437537676 0.0850246532150425 0.145468424968095
0.0582807823997804 0.0144453451244023 0.133028614154168 0.0681587945597426 0.0857498947144984 0.142225722564666 0.0675587091901956 0.180471827010722 0.0976691696838572 0.152411140597967
0.160596505858062 0.0773846500764343 0.100470223136545 0.107344852429593 0.0807865611057003 0.17034852378412 0.180064928811942 0.000182940233008134 0.0480998733148133 0.0747209412497808
0.15222362160614 0.118611869689014 0.0972559418892584 0.146528253821365 0.161020285868252 0.0625016690940383 0.0543915820943319 0.0554621731819682 0.119327075799742 0.0326775269558893
0.208084781334014 0.0669339569215696 0.0595314900736838 0.0530184317390457 0.142082361859976 0.17980794130123 0.0150530717801155 0.0956373487856443 0.0928651050106254 0.0869855111940956
0.0207409797216837 0.0915998187089306 0.0782478031189191 0.0244688013260014 0.0924735549964125 0.160388671055343 0.179410720027097 0.140451888221562 0.10411187105981 0.108105891764241
0.0422452290371481 0.151415874850335 0.0471129372572075 0.0597373289845548 0.0975212730313616 0.0253684244080872 0.217969553461397 0.157685935555325 0.127534371129046 0.0734090722855384
0.0561076722112915 0.0525956731079014 0.077499338406781 0.212565353959395 0.0125632045152181 0.161137455116472 0.164959540763515 0.0758788645730601 0.139737952977553 0.0469549443688131
0.200283206037619 0.0866108641399298 0.0843587632140006 0.0291676760870519 0.0723988954510272 0.0176198718035561 0.110182068929303 0.0479165777599623 0.188792099408016 0.162669977169534
0.029220220485061 0.140315791599935 0.0379021692977317 0.12151053209709 0.0933763631553917 0.167522699850512 0.032661678378996 0.00478562004794453 0.170804706895582 0.201900218191756
0.0827018061202913 0.0195892971003175 0.0213037087911659 0.248937077209931 0.00997169393072617 0.0840333787456506 0.301730243172692 0.0946798843492533 0.0931896676987349 0.0438632428812377
0.0070695936587725 0.00618366283185011 0.208616195826867 0.11888902926669 0.0978333595079963 0.1048423421524 0.129949215851168 0.0333515641226299 0.139798764831332 0.153466271950293
0.00168678230896445 0.173764982782414 0.172422944363896 0.0427422010195796 0.173317186675951 0.0149265042424697 0.185993817498012 0.0642903300532894 0.0316541112085965 0.139201139846828
0.0127448499186281 0.0404037435937193 0.146903810760656 0.0926851288724675 0.167571824563867 0.125198277901474 0.00957398252123612 0.18317176086583 0.0671509584343673 0.154595662567754
0.0942777261486323 0.151558870451079 0.00388612686489348 0.135530975307486 0.113895249519874 0.0910230060635354 0.14804616951429 0.104311213873911 0.0323775628180676 0.12509309943823
0.0743111597770714 0.159923800299207 0.0407789223630629 0.122618032747189 0.14502267193059 0.080594865470737 0.0795025009591735 0.0671375465848864 0.123410849204081 0.106699650664001
0.140655265843791 0.0355463294586862 0.1156084315176 0.00749864676313208 0.120178429808101 0.0374933397315345 0.165134462049638 0.0456592834789707 0.18637086662253 0.145854944726015
0.00755275260484729 0.099161622912537 0.0829766553229887 0.0776241505806193 0.129102826070309 0.0970487378433438 0.0485083508646805 0.219537622883205 0.0165800009064301 0.221907280011039
0.136238710827395 0.093049207694993 0.0272330697033061 0.124240087846597 0.123969618770008 0.109825472260911 0.0356623410641262 0.148250745014708 0.11065905835348 0.0908716884644749
0.0321100008715665 0.0263678568051088 0.236453162647494 0.231966884581363 0.0220141915759411 0.0280072826484559 0.0705646537219749 0.000751985636934168 0.272318388703881 0.0794455928072807
0.0688903835997246 0.125774643412852 0.206266991864042 0.0188812322338934 0.113566959122461 0.159263378541605 0.0806778858731529 0.145565974705119 0.0675054629047892 0.0136070877423614
0.166590472703761 0.170518958886895 0.146307221137168 0.0284632040172644 0.128280994015525 0.034778927459631 0.0792922921747 0.154124519922298 0.0629967074864963 0.0286467021962616
0.00411153321188774 0.0929183225880899 0.163593477670201 0.105272063542655 0.101054383678626 0.0892843201114775 0.0596973934962262 0.137029591238286 0.137544325746111 0.109494588716441
0.0505705336881433 0.17584687839758 0.133747361108811 0.168649109469063 0.0383505418242896 0.0295955255308013 0.187539909222661 0.0432414869473244 0.0846592943206576 0.0877993594906689
0.0796689316352414 0.134047295297667 0.249330672938869 0.0324729430265165 0.0524517419685685 0.0573742163685719 0.117124074049376 0.00428644614701606 0.148335582081928 0.124908096486246
0.0724309116921869 0.195901196488444 0.0185523450100023 0.0289157577331021 0.183255167407597 0.108092248390206 0.0337762943010415 0.0493981689036444 0.138676230178798 0.171001679894978
0.139657540732301 0.156135887813872 0.15417072181198 0.11507795681192 0.02055308718079 0.141659188369429 0.0897049918693884 0.0346416555691652 0.0980657930841605 0.0503331767569931
0.163727223089626 0.0360202093776823 0.0338766566246334 0.152779458033652 0.0624820899560941 0.0286039926216187 0.149518434854171 0.0864081989828292 0.168067999354795 0.118515737104898
0.174153458070312 0.180220034947604 0.127138511028652 0.0682316922501501 0.120497108649249 0.131112114807678 0.0617675469623132 0.0844497751289808 0.0211796087005133 0.0312501494545475
0.0871774567077571 0.0895348157123994 0.0917350692078593 0.11557897040258 0.135048696778391 0.163858242387492 0.0842398854277786 0.0347149530000711 0.122870562932798 0.0752413474428726
0.0125026425957671 0.0748838432412292 0.0947249479297672 0.129853561475341 0.123442377968256 0.120994560996589 0.0568402935497693 0.12972111525428 0.0802838749128276 0.176752782076174
0.103567081966202 0.0817632571804345 0.0919806059171116 0.0273232936500017 0.124980649008433 0.152873736714355 0.163977004982882 0.14972772283005 0.024796376607901 0.0790102711426292
0.143124267612695 0.127840847755845 0.0668088010072798 0.11532339783564 0.192516374551454 0.0194690970666905 0.0338485138872025 0.111883002894333 0.0610964748867479 0.128089222502112
0.0463944532903747 0.0641854645007131 0.057516961330726 0.100498761688846 0.119565771421435 0.0677283553597999 0.155394937619819 0.115031047029527 0.109882313528011 0.163801934230748
0.0504364373750697 0.15501439157382 0.136933387953489 0.139742222365507 0.045881326628321 0.0733401407758665 0.138082235878592 0.00771469666097651 0.105137409697565 0.147717751090793
0.0768358325354583 0.036382815365283 0.206624258034798 0.0556834404748451 0.131434403952915 0.10113384436358 0.0420994048331089 0.121598880321823 0.0972247245686666 0.130982395549523
0.148570357675851 0.14422376459397 0.162391534487103 0.00703471624458839 0.119892002748506 0.110464562875358 0.108563898785743 0.0269299945386401 0.058358591354267 0.113570576695975
0.00172967935079374 0.0306168070454924 0.168258414765078 0.188155009426636 0.0606529365185767 0.158295215986457 0.176031439895177 0.113010871722591 0.063186370743684 0.040063254545514
0.0283392734099874 0.138472913712868 0.141948103205249 0.112129293871214 0.0626375893191734 0.15226192253765 0.11834611613134 0.161271118369784 0.00213283368482211 0.0824608357579121
0.179139209295479 0.0437905465473954 0.066376152219402 0.113528232919276 0.0242869627891263 0.152659661101267 0.160003413464764 0.112106888688151 0.0744759636060069 0.0736329693691328
0.101665998258836 0.0869909394575375 0.0358248446880005 0.200691122017852 0.163664519547798 0.0365485141073202 0.178995272465314 0.00477545938879719 0.152079524455285 0.03876380561326
0.120305010846923 0.0452021963257041 0.163907882232688 0.0429946397727565 0.0643888171070324 0.0688469290567462 0.096576378169862 0.16743536819232 0.139553180096015 0.0907895981999529
0.138596472104626 0.0816998550436859 0.132838523368871 0.0607958839806407 0.114609610760809 0.157912674921443 0.192499771690021 0.00774518882913063 0.0703852635881187 0.0429167557126543
0.12904061497006 0.168711895402992 0.138643990584322 0.0655801945114246 0.0280725026206801 0.101562387684667 0.186957116969845 0.121517685243427 0.00557099190787863 0.054342620104704
0.0163816635508732 0.208662788883414 0.149679262465714 0.0482125820950964 0.0478891896707589 0.0227737715676165 0.0973433813719658 0.0821370713971771 0.176377480754991 0.150542808242393
0.0374919920003541 0.150095256444114 0.202466883861143 0.161793315986137 0.162208034506277 0.00314470969402516 0.0967084722339052 0.0621137830425358 0.0244497136794257 0.0995278385520828
0.0966764651716524 0.125487556549698 0.139906434720219 0.135728476133074 0.0234051828247636 0.126672350870963 0.124031484457586 0.0491824838454182 0.0400173372069565 0.13889222821967
0.11984545607335 0.133457853790431 0.229779705108736 0.048939115656678 0.121123773520521 0.166121863604054 0.0825821995774132 0.0218468670427 0.0339904873606548 0.0423126782654621
0.0792025567506747 0.114025107967798 0.00403506312661029 0.00263570691556976 0.169787560252584 0.0727975071956753 0.162496002807655 0.157896462777752 0.150283441221229 0.0868405909844508
0.13029330755588 0.15128328559127 0.0531562026317222 0.0224233339754514 0.148434528530192 0.0497594090042469 0.032055757940388 0.15357779625666 0.133037472728559 0.125978905785631
0.156278642763133 0.148676143099401 0.0670142003928166 0.161026121675096 0.121370015717441 0.0654022354822536 0.00327303147574197 0.129035526757083 0.0231763378801349 0.124747744756899
