0.114172429273659 0.172309605543074 0.0858013997315448 0.0695764249298935 0.182941717288314 0.0944457432409509 0.173606025866562 0.0499137610792513 0.0572328930467499
0.154427740665336 0.167804506436711 0.184064440564456 0.117867166903916 0.0737539925824738 0.0759297205364592 0.0156754065963621 0.0570214132400148 0.153455612474271
0.130183712151564 0.074798311572134 0.143855022561759 0.0581483005477695 0.0389412682352044 0.0572170059603605 0.155347785743949 0.165080414083668 0.176428179143591
0.203529875228467 0.0815404950201646 0.111562275623265 0.0408715896882619 0.152342973458625 0.122612138601833 0.149622283659526 0.0697851194090636 0.068133249310795
0.115569114385021 0.124567739081933 0.0429583632132213 0.152571532194842 0.12221913184498 0.157576334149271 0.0379426324938226 0.11157607001726 0.13501908261965
0.164701605566943 0.107933069464338 0.0900650096035989 0.0730239974555033 0.109757714236216 0.0711527917250621 0.121314865466097 0.12439130124384 0.137659645238402
0.00852474900041418 0.0727160219166211 0.144149705007388 0.190127695252074 0.199408974353955 0.00849051103793913 0.136282918362641 0.01741250986147 0.222886915207496
0.18777565238807 0.116562703454158 0.0329940169670417 0.223472020072006 0.0571920295530614 0.0787128154579368 0.0960032806578282 0.116451699054122 0.0908357823957752
0.246298299398856 0.161271260348078 0.0435991869735519 0.0875612182791005 0.0502284403374318 0.0866357171754228 0.085459591065903 0.102859087694729 0.136087198726927
0.106580113030941 0.0380108117214942 0.11977809679954 0.154289452234639 0.194264006631035 0.103398950768434 0.0406098612851947 0.130693694000543 0.112375013528178
0.0330696722264104 0.0691541712502012 0.0752395304871882 0.0831520716330405 0.0528829874070214 0.0297122402042989 0.220765173777123 0.240250896727583 0.195773256287134
0.105648979158165 0.175725663119774 0.118766221133806 0.186713500167383 0.0420367239419004 0.136266585509467 0.110311302652498 0.0419723688986125 0.0825586554183934
0.0108176796581427 0.0509243585045568 0.183214476315832 0.259138589850671 0.147943272410562 0.127725831774337 0.0119605644289902 0.0592594655616713 0.149015761495237
0.236313016416464 0.160656326198734 0.0843140092930847 0.0698827025471656 0.167865208362894 0.190765204760426 0.0453003538413851 0.0421775841917 0.00272559438814679
0.114499067798958 0.194847599983636 0.0732136806218404 0.16365142771203 0.0396532706209975 0.026094099131822 0.183126714417915 0.0333507853402399 0.17156335437256
0.251764288421913 0.00587211778026163 0.232711545986306 0.245730607240362 0.180300196760337 0.0497787086914836 0.023660047769502 0.00152715574510726 0.00865533160472765
0.134070493915494 0.167094975544493 0.0484531249083333 0.208982219435513 0.0126331961330282 0.0302520586690284 0.172019402788301 0.154957372720902 0.0715371558849075
0.0218059641349835 0.0746229533290107 0.229784211097273 0.130613313322577 0.0612977753087169 0.0791346093867444 0.124960714293713 0.143438634994881 0.134341824132101
0.0368956879291825 0.100037622010335 0.22197437712224 0.21092619260485 0.0881191722537419 0.0103238866899866 0.111977769656708 0.130222624749646 0.0895226669833102
0.122441640190767 0.0425509830711938 0.0136808249696084 0.0113933629333951 0.081184328466048 0.205238593411752 0.262562685037677 0.113039211528782 0.147908370390776
0.0284864988170684 0.164171565898715 0.0514949174282295 0.137940351382123 0.11565133829901 0.0980758186210396 0.126448540315606 0.205662346168047 0.0720686230701613
0.0555167294791848 0.01033672147092 0.0310575617022961 0.187723065713988 0.105813068613204 0.18049141134369 0.0946280745461141 0.131349505087458 0.203083862043144
0.194609719119002 0.071356888065674 0.179397755794233 0.0701111145843109 0.17876710402332 0.0221838125890582 0.13927548998639 0.112753594374637 0.0315445214633744
0.0343259211557239 0.155255049475371 0.131373207836974 0.0571374546025276 0.0923270811269497 0.14104610732384 0.0753815519734927 0.164111609278836 0.149042017226285
0.0843752356409927 0.13289651040346 0.0653952761889512 0.153547331025033 0.0894694782488074 0.148003996875852 0.135449082642475 0.103187774188954 0.0876753147854759
0.14897067463357 0.259951000094984 0.190385206990853 0.00530379047352078 0.115536583505353 0.101979775394915 0.0171205118418101 0.116067735019944 0.0446847220450502
0.149381344492629 0.234712389269541 0.0264745891217127 0.00164748461092876 0.16704765449676 0.168284623364253 0.178399197398539 0.00141829024302842 0.0726344270026081
0.0302490668453129 0.0174380640877957 0.0937522651323675 0.33405798643852 0.0265442141537133 0.0605665183075714 0.105692007454163 0.20843065177776 0.123269225802796
0.082319706436013 0.140365485343696 0.0716822159945701 0.115798941065815 0.128613082588473 0.154526451902459 0.135051388612463 0.168700650646149 0.00294207741036142
0.140694279655204 0.0714393072652618 0.101631962336959 0.0339806662352484 0.0668788837471997 0.195512867770484 0.296478315434814 0.0311884478110155 0.0621952697438139
0.0441244348994636 0.188196305502284 0.0252690888905236 0.170827284391247 0.0930516120975899 0.0937072313984394 0.0844283853246612 0.12159753002111 0.178798127474681
0.111620741552727 0.0358365394603297 0.18807881002329 0.0956189276265819 0.176710588605558 0.17985040674616 0.159178864847323 0.0312383272076604 0.0218667939303698
0.0431561853887326 0.0754028336639753 0.148427952001854 0.188800537656014 0.0367249920643049 0.10753030316274 0.14220957676639 0.0529798970971451 0.204767722198844
0.0533252554598884 0.162664951503116 0.183553408787093 0.0935424976266043 0.173713810535334 0.0190300902632093 0.0129660268519727 0.117272185956203 0.18393177301658
0.0783710587718768 0.0862156556145658 0.142787364596487 0.154224355404384 0.11687616878962 0.00534918873747209 0.106126266848555 0.14208754238465 0.16796239885239
0.0810708517810357 0.0189899114083675 0.142792787272942 0.101777743230066 0.165690437139042 0.105410660553456 0.119675380418423 0.197869160183266 0.0667230680134036
0.116816420076584 0.131373144900492 0.154238394203935 0.0593228921731495 0.112840499431634 0.104688287441854 0.132413232348273 0.0685676662725236 0.119739463151555
0.285039778038393 0.307266124219052 0.0380745161049206 0.0388695937498741 0.00227179287489818 0.0418693924974212 0.0704074659268645 0.103376768871502 0.112824567717074
0.012661477406904 0.0368854560536832 0.22927472802551 0.25496654748362 0.160010989635122 0.108801285268892 0.102773663820291 0.0375254276366506 0.057100424669326
0.014024802575923 0.0541662624863786 0.19084446291407 0.193352896792864 0.102937633391456 0.0872146360195138 0.105564431567233 0.139734081576278 0.112160792676285
0.104323057729604 0.00876172315885139 0.0894495451858929 0.205547514605089 0.136215098397245 0.0791166023692283 0.0739270873406998 0.160691737197587 0.141967634015801
0.0353369876683702 0.0535173585682073 0.0222038190106617 0.241623964551836 0.0488037647486822 0.027802055691076 0.230566331489413 0.11900432957919 0.221141388692563
0.0988586496927154 0.149984228609007 0.179068703215596 0.0737138874084497 0.146834166003754 0.0777014508242378 0.145162887656189 0.0339233586159645 0.0947526679740866
0.155194938163448 0.0774700840988523 0.151763035220253 0.0322686021155076 0.183876366453275 0.0327099524466229 0.128004752726519 0.147937970951505 0.0907742978240176
0.144246679846403 0.141833298157266 0.015972602291702 0.192712445677936 0.0336603468084098 0.128611335112359 0.184608591916893 0.0528658094461643 0.105488890742867
0.209314654963887 0.0638732250448861 0.0698748657773473 0.0160297893276078 0.0135328079535388 0.205362291810461 0.0774415090648344 0.208131427673155 0.136439428384283
0.0993040896016771 0.0114702892993598 0.210581266309653 0.124045170667765 0.0683525033346331 0.104187607815272 0.0193442144237601 0.200087903582431 0.162626954965448
0.16503946934832 0.102520303004688 0.0899667902912637 0.194868647614135 0.180820444958363 0.152847167842631 0.0253030666663369 0.00144879188413663 0.0871853183901269
0.0461953177349602 0.263143975228722 0.137141493634903 0.162542049090102 0.0287017547942915 0.00109912914301243 0.196439699035826 0.101909930080436 0.0628266512577483
0.149356439341256 0.00240568106489702 0.157079296207054 0.0920436272714026 0.191992561267587 0.140781325687195 0.0114881393318631 0.181552359387767 0.0733005704409781
0.0481855003360947 0.0821299011068114 0.200178035653811 0.19805947555762 0.0537751615428707 0.174370911874325 0.0954022647333917 0.0687316223805913 0.0791671268144842
0.138754717465959 0.114446912146998 0.104985579210751 0.232112853906984 0.0867777790944964 0.121120823922452 0.0443404945458284 0.0919563271671578 0.0655045125393732
0.0570962779047714 0.27170339135776 0.0551975942328416 0.163441338511915 0.100030102352568 0.070810629711121 0.219069735533483 0.0500302775978917 0.0126206527976481
0.0152684968207125 0.170985121036022 0.126095874730319 0.0582487767526418 0.12304305381972 0.201329503660886 0.0920149202816083 0.209554113685905 0.00346013921218536
0.116365740383497 0.0572150185178599 0.0579969728488058 0.193727984210282 0.226101565970503 0.2080843069282 0.0293503605037377 0.0743046134105861 0.0368534372265285
0.0296404890582781 0.0733318237089627 0.0142392869937401 0.167957950158739 0.0754660434081354 0.18522363380732 0.0123923083276017 0.245427249919422 0.196321214617802
0.0880112586092285 0.142458896019729 0.112741016233015 0.171614765466441 0.121987333448532 0.039814259102626 0.0606918451007849 0.118322710689058 0.144357915330586
0.144505185499484 0.201108873715292 0.00277923913479136 0.0791571775585243 0.179068256080698 0.0347956312706251 0.140632002169915 0.012908956472232 0.205044678098438
0.00994484377072719 0.0576808671494244 0.196414534768961 0.24933280890989 0.0349388146722917 0.0492455194391527 0.236269478714572 0.160114208116678 0.00605892445830344
0.011386904891695 0.0877987618064363 0.100516904791239 0.198932950385383 0.0638444063011402 0.0589233302231911 0.191256819270756 0.122477091422846 0.164862830907313
0.233478193854984 0.0535933034447597 0.209101506195858 0.0668619133558191 0.0678471622212761 0.124167520395721 0.00895729304846683 0.187651796160408 0.0483413113227079
0.017667651466084 0.218801103063569 0.0468695684028362 0.121296180054453 0.159470055675238 0.0232202102758059 0.0237622702673616 0.22785091507684 0.161062045717811
0.0209007552279389 0.165738159066968 0.0703727433231934 0.0102667115033591 0.19222410359438 0.323301018904449 0.0429274515174063 0.102771537477296 0.0714975193850081
0.188823840202738 0.112246068718229 0.00810019518976878 0.179938817176533 0.134559479457113 0.0280321520505591 0.206406429584184 0.0866432905155386 0.0552497271053349
0.153232986142966 0.0705679278306461 0.0970882587693845 0.112836895765902 0.135821696548239 0.185906630872631 0.080083229314562 0.120816887175091 0.0436454875805774
0.0473624326674999 0.153610453048149 0.159443360626891 0.0764743680443112 0.147768999561636 0.133151824099574 0.146591914972064 0.0834072016822382 0.0521894452976374
0.0840756874813651 0.0121113485357657 0.0996426432534182 0.130275915290738 0.103639715191707 0.0696306353828107 0.218208126314702 0.189957153846227 0.092458774703265
0.139603931346076 0.148049683473435 0.0335943096329692 0.186968552498807 0.0998149683101833 0.0782887905427218 0.115876794254408 0.130429496318573 0.0673734736228271
0.18376074371389 0.0446878950420997 0.186932725220915 0.180498483230452 0.127819177946768 0.0507454435389958 0.101798442427919 0.096794799026387 0.0269622898525725
0.123402741669585 0.000262230989406102 0.137695384308655 0.128546776001762 0.153773458119314 0.116017466794685 0.150105224775545 0.045924459666133 0.144272257674915
0.161278553934193 0.0159134152761042 0.150998301754337 0.0586266922395042 0.162772736613335 0.14614352595281 0.128747625150474 0.011958045053838 0.163561104025405
0.12646979924384 0.238747060939155 0.133464151736556 0.157722626316453 0.032749265211887 0.243171694607574 0.0184136340357228 0.0320060454353369 0.0172557224734746
0.207774251425401 0.273607931456901 0.16593039776937 0.104309032283829 0.0236705757405847 0.0201343732940606 0.0555675604406606 0.0502159030113464 0.0987899745778469
0.155867315483381 0.0706680825849099 0.126169712647797 0.263806953350832 0.0621574913126893 0.134273149374729 0.0469434088811994 0.0287582666198543 0.111355619744608
0.138248695507788 0.0901144031752749 0.121898334423607 0.0922122585360125 0.191293374921398 0.0332483910400047 0.0546999978871146 0.150866005660186 0.127418538848615
0.14119998024553 0.128819291480291 0.177690137416552 0.13792306749007 0.128761833338171 0.0855687281083816 0.0338240092379687 0.0189044697184755 0.14730848296456
0.0665546660501082 0.1825762376667 0.0236884731886569 0.15914426006761 0.103038797753053 0.109333962190329 0.124725651127999 0.155881653894664 0.0750562980608798
0.0568177661895023 0.038023104809832 0.114100080838767 0.330768079198127 0.018891874311178 0.0282655017437632 0.166380881239932 0.029760871261629 0.21699184040727
0.0847824014244352 0.0303454562380064 0.0120259155764352 0.131717262537161 0.200162237865817 0.0547126561981374 0.0247102932493187 0.227878739876337 0.233665037034351
0.14382036866714 0.190657425967561 0.166386323058777 0.0286675238527919 0.010033647516405 0.059857235836515 0.174355537513544 0.0793189198568187 0.146903017730448
0.0562141342738767 0.0894830191238804 0.000927691799175192 0.00589468563050838 0.151907099009692 0.222780441076092 0.0959744625604876 0.26309813726593 0.113720329260357
0.0622342581717123 0.0589850174196859 0.171550794582056 0.0246861398646351 0.0721011964342266 0.146378448707038 0.104547475530328 0.185182462006393 0.174334207283925
0.253474240312504 0.127612868019421 0.00566705461872256 0.0847852583074924 0.0963917342200008 0.131360922130359 0.230435515345746 0.0355541407475 0.0347182662982533
0.146769040910566 0.0909500510470569 0.0810360181630356 0.0995787671662633 0.240282816438707 0.0737837212219208 0.147858799456582 0.0254190114452309 0.0943217741506375
0.0167420583554564 0.0258903522206463 0.0549983875518364 0.20102302708692 0.168856704168656 0.226520466660708 0.106765585399778 0.198109573550245 0.00109384500575463
0.243421356398139 0.106436186825619 0.154749103246322 0.242922773694401 0.0386809166106504 0.0481800340169618 0.0289472483066491 0.121092155839964 0.0155702250612928
0.0965250247838862 0.129522556065384 0.129293899579084 0.170685472364177 0.168821697736857 0.0874694018579515 0.0217502542282813 0.00943526300816572 0.186496430376213
0.0996612502668789 0.194691034779183 0.0924339774030027 0.211266314261813 0.066261769817942 0.115162433717139 0.029320552275749 0.0728043320814983 0.118398335396794
0.113085220033915 0.170075521376505 0.113209792238471 0.116181080283846 0.112579062693399 0.0612141937152294 0.0834476448237839 0.142111895465022 0.0880955893698286
0.106427434718132 0.052109254497773 0.0362402097488543 0.166702577976326 0.193424565799079 0.0564296232165284 0.130021337207945 0.202019567430481 0.056625429404881
0.18150595041344 0.090538108129682 0.0726829300603654 0.00785101634788221 0.140075456445693 0.166888515493584 0.0339291265139959 0.150821879384536 0.155707017210822
0.0782236883607506 0.156682146617229 0.134228023542453 0.167414958782965 0.0620022607573356 0.0445665307153119 0.0658054746628248 0.133015287309669 0.158061629251461
0.0138560208818919 0.171968006861294 0.202887607166355 0.0543252070779034 0.165631140222813 0.064401373475721 0.0793154496179997 0.159099340372585 0.0885158543234366
0.133002367039762 0.125971411923652 0.0131288577976645 0.216624620313946 0.179574424231192 0.127979437987799 0.0791746065069448 0.0599249190173597 0.0646193551816798
0.0182255926189304 0.229970296947909 0.147283907555081 0.164183732799981 0.190134202632581 0.0112819589778187 0.00409875676805212 0.198669253076007 0.0361522986236404
0.0312718908948308 0.140229290688605 0.109267934643242 0.16329781428068 0.0850473027018359 0.0872676256690707 0.0848649644272199 0.16047313035129 0.138280046343226
0.0421304914827114 0.162016813392958 0.0831794564992688 0.154493213459773 0.0526905859888873 0.030424322989089 0.11345163184965 0.193220000548186 0.168393483789476
0.166311870452887 0.032498512667338 0.157155244475487 0.0951777686259227 0.0308384983425461 0.165577184561617 0.142006557498502 0.169465912702388 0.0409684506733123
0.0376548684450969 0.24328010661188 0.034043636464458 0.0418031500882664 0.0529193003203968 0.141889901841817 0.15349634464188 0.0935434338750747 0.20136925771113
0.04752655679095 0.165562951277215 0.177320516188151 0.166383773044485 0.175779933371444 0.0549777169418913 0.0463926507440025 0.0171922315695112 0.14886367007235
0.11983789390632 0.136964588215214 0.0461100322852463 0.226979126016526 0.0284822506851128 0.0919737924710862 0.0795811862566042 0.142759365287404 0.127311764876486
0.14728875507968 0.0202320875682951 0.0522585695300997 0.0977711434842199 0.12936755704247 0.0525072739684951 0.197289688288245 0.160820261336138 0.142464663702358
0.0542778705052063 0.178151847160898 0.0456583276734033 0.151991611239908 0.0488706161085672 0.0420866181272478 0.180954888013316 0.0501301274299444 0.247878093741509
0.0805595241571364 0.155064299381417 0.128119827078584 0.167977868584699 0.0478918628103671 0.203641372592981 0.0617839705259765 0.0411696146443495 0.113791660224489
0.189381223650997 0.0840309616130617 0.223968154556768 0.0792334195073484 0.00970067053005606 0.0845886753594034 0.043678352569761 0.145449415983227 0.139969126229377
0.00348787412340728 0.125676391764534 0.0182034511518379 0.290054370894373 0.0595925448123336 0.129640308254478 0.020422346121257 0.218525395398084 0.134397317479695
0.222008196137287 0.206696336150513 0.090395510826203 0.159194964442773 0.0446510388796813 0.0600164255775925 0.0309918388998291 0.026403725469026 0.159641963617095
0.105793114356435 0.205545649926285 0.110490740734556 0.0377941374933111 0.0797651780153478 0.0365234122075708 0.180672261714087 0.218106712750487 0.0253087928019199
0.168244216762623 0.0978349049297445 0.169125428903154 0.00590067050195823 0.0230707561547719 0.173320826498186 0.143186612075757 0.138541684730152 0.0807748994436521
0.196988242661915 0.212613734646494 0.0645457922109667 0.112019230481043 0.159308425053326 0.00445071820417127 0.0791274323306886 0.158104675100935 0.01284174931046
0.000591658266047455 0.05465973899606 0.178080922346426 0.146293538247768 0.183254758720592 0.157715554101488 0.0745030459144062 0.096189673300181 0.108711110107032
0.0723976576799798 0.1118902583398 0.152159272535385 0.0929657441486704 0.187192130121128 0.127729740983597 0.160396987831569 0.0173939917102568 0.0778742166496134
0.182863107866926 0.0430549063869005 0.182965090772599 0.0738882596254352 0.120226695455006 0.142417745569053 0.0972540452341321 0.0371534541847909 0.120176694905157
0.0561204712786145 0.156210796249723 0.134264004020437 0.0991758021378968 0.05410017607973 0.114622974218291 0.134262403213913 0.112531340212543 0.138712032588851
0.000410776264254283 0.257342668052847 0.176550538623921 0.1950535213607 0.147101429437329 0.0231045356309765 0.0385981094208008 0.030302182425943 0.131536238783229
0.00310025830618342 0.171471036612088 0.128071170660106 0.0481449943709752 0.133904591640663 0.163775505435923 0.136342222169679 0.0582886183284168 0.156901602475965
0.159720223900349 0.0418393248349734 0.083183431808366 0.0924360206421299 0.109152348539402 0.14259152461527 0.145918784279041 0.10464858627462 0.120509755105849
0.0057815723918065 0.224425476404319 0.199638356924995 0.193299973231858 0.00239491011589486 0.0231598507703085 0.248625657183 0.00492010804459394 0.0977540949332238
0.0754779023472607 0.127195284298171 0.326027651404312 0.0246404807155744 0.0669233371471626 0.0983353913810013 0.0401147712949153 0.192989487544507 0.0482956938670947
0.0480693147824132 0.101243195553354 0.24815335201069 0.00140957332664179 0.00130337015071863 0.128207427695697 0.18651559596021 0.243794257784491 0.0413039127357846
0.232985724665457 0.021180444399648 0.0721636498682261 0.165561144802394 0.0538486516927814 0.0742441859964995 0.176891933196044 0.0180684614612268 0.185055803917722
0.0970692187352021 0.194103973589693 0.0450223795317236 0.12335518757491 0.157171014711369 0.0652050703405937 0.114321862803977 0.181949673614043 0.0218016190984895
0.0419247540895869 0.282966599085552 0.14212856094149 0.0403697772609786 0.112576396897628 0.0326395396769068 0.0279976759888821 0.148292530067754 0.171104165991221
0.0807366463982222 0.0561889862534405 0.120689865524913 0.108061898110784 0.106574877165429 0.198794701231258 0.125394357970611 0.0152762560977111 0.188282411247632
0.056701172589948 0.170952511242181 0.137715904943135 0.134115083657305 0.148213025909751 0.165491930831617 0.0334158062756248 0.117962277569561 0.035432286980878
0.167645017322375 0.13452276667461 0.11789358794052 0.110585073435215 0.0886345433858741 0.0319284443143625 0.152736248344033 0.0209941849365659 0.175060133646445
0.0444295402024235 0.184716643920393 0.13399968839792 0.0199871152522986 0.0978716176302681 0.0587176091597598 0.178326213397008 0.0662521334832256 0.215699438556703
0.0677386776593429 0.195116162142608 0.159121128850871 0.0704792488901494 0.00891050333164337 0.0944328969298292 0.167130227582944 0.153025482666756 0.0840456719458571
0.0842599046431849 0.037850631928907 0.153422950342809 0.169167928328507 0.102385937152427 0.0698784604802641 0.184249757623919 0.101730302150722 0.0970541273492598
0.0599331450730765 0.0225084111565918 0.149946111868204 0.116451829104906 0.123599031249897 0.181020722606846 0.0044055787881747 0.21454390573154 0.127591264420764
0.048029553023201 0.265258809498847 0.00990562320148155 0.150705301616835 0.100996678073522 0.220294866592734 0.0631571492050851 0.0528232642896188 0.0888287544986763
0.0930987210413772 0.161703353236269 0.18470790668219 0.0943505594082894 0.159146809885023 0.181682295913253 0.0306148496702214 0.068379359009364 0.026316145154014
0.0904435295860443 0.092223250287268 0.0732577088865772 0.00971832816836571 0.187307704208106 0.0881806693018301 0.136710708588005 0.168176635534751 0.153981465439052
0.0918052361803779 0.206175997134727 0.158944247731272 0.01846130845375 0.15396859507006 0.0874272138305126 0.0106051404341609 0.0885191373219686 0.184093123843172
0.0624287896914252 0.145672015103459 0.144652682156089 0.0996284790201892 0.0183183888867775 0.174530691633665 0.178927162412374 0.143597080183651 0.03224471091237
0.166730337095621 0.0903922842326914 0.0372187452714778 0.16612745638597 0.0879817050641651 0.158364843086404 0.0441532115164232 0.0956433905997677 0.153388026747479
0.125705434412211 0.133459644627019 0.0974195275812526 0.14561365404412 0.150809632310894 0.0295354893022167 0.119492344397496 0.134322532656199 0.0636417406685914
0.0818386058990715 0.119626432011622 0.15751091428141 0.168146664569187 0.0761233281921273 0.156587850148886 0.0405658083125585 0.164575312070963 0.0350250845141739
0.0528790606562559 0.0747615177263675 0.222036847054594 0.0272708790041786 0.136633872463895 0.126536762808358 0.147573924646355 0.0179760046416164 0.19433113099838
0.0328078275351034 0.0439378272394614 0.165768352027479 0.0317787936977205 0.0623222668002349 0.0636648860482056 0.18230747340656 0.205968073155093 0.211444500090143
0.1747775722997 0.145990161824758 0.149095414993072 0.0529680527654659 0.208912542994848 0.0663983794415719 0.0574469723781183 0.0930641647618259 0.0513467385406405
0.117289899902632 0.152662236434962 0.209513346966043 0.224548404230025 0.108551096455935 0.0499319521864181 0.0343920317751385 0.0645159921645516 0.0385950398842952
0.00477219038796273 0.1535407845843 0.132080229646421 0.00115282806589299 0.0968221367775371 0.186862499748907 0.134624377231561 0.183338811787617 0.1068061417698
0.0415059966495383 0.102957883502846 0.108672379771455 0.10554564275065 0.140793521526623 0.104239657663924 0.127798636118883 0.13075444943809 0.137731832577991
0.158681803731335 0.0403094805484879 0.054376310626834 0.0257534245404361 0.139012472859864 0.189390809195189 0.0575711517462919 0.145398884083018 0.189505662668543
0.0602184907448133 0.204016939843028 0.183789887472305 0.165749853379011 0.142246248422464 0.0498651582798519 0.0518845159538578 0.127047704853661 0.0151812010510085
0.118061867516096 0.118395866555397 0.0137233501368368 0.161445062232112 0.0499394541156483 0.132543477946022 0.137406359855306 0.18894487097629 0.079539690666292
0.0798427975791228 0.0378873311520524 0.088224253497014 0.161415562987358 0.0687453177788209 0.0756109905602245 0.152718277564654 0.187865505987076 0.147689962893677
0.0518734148407968 0.259823856825784 0.0118495811043279 0.163661647065482 0.0882878743340301 0.111585791384086 0.161871381602705 0.112634708884663 0.0384117439581254
0.105347197976633 0.00714034024187899 0.0370781403820143 0.243273004501783 0.178735615517087 0.0729286576131734 0.212675732852229 0.0511690933407563 0.0916522175744445
0.170955237878193 0.0166270165284399 0.000100020533170167 0.13416763168554 0.149378641540608 0.14651680124498 0.0577508853781288 0.045495523879025 0.279008241331914
0.0222380300883298 0.14787858148712 0.0859482744104112 0.0508125543767117 0.108711500214535 0.184864279383343 0.185334558165378 0.143392893931871 0.0708193279423008
0.105302286285739 0.0116975572901405 0.055004254696626 0.201658289488703 0.0593909825365102 0.0166245073199116 0.0225425802816212 0.353905369882901 0.173874172217848
0.0433377916707147 0.202602201081709 0.149670084596049 0.0495683778754198 0.120113771450475 0.065511631334275 0.129109396425086 0.0452699521990292 0.194816793367242
0.175955024254501 0.110618404239377 0.0971712796028198 0.112738134767134 0.0549627925367066 0.0618137631049825 0.0385906825141604 0.186713445018987 0.161436473961333
0.0871115114345813 0.113347484450827 0.0445237686893213 0.0381058933116996 0.175615142264133 0.106062993176039 0.189887559252841 0.166215938807739 0.0791297086128184
0.251558007242758 0.0914938665853615 0.0055932183260378 0.17354437054279 0.0551619157840685 0.157260545749532 0.0970700163632671 0.0369869458924068 0.131331113513779
0.183961753740361 0.0581261538113861 0.0357602454322836 0.22891731994404 0.0817769630243179 0.11685788577589 0.168079965951887 0.0247999836201845 0.101719728699649
0.027103632377767 0.167995005715329 0.161080377477179 0.204591092082878 0.032360452783187 0.210077287503429 0.0737888109617692 0.0244193319537379 0.0985840091447234
0.112244764617021 0.0887471840543925 0.0448406699850541 0.0152439223652451 0.183800003981043 0.0193994158158001 0.110835180856561 0.206946026704588 0.217942831620295
0.0829944215413948 0.175723918936954 0.100662698607377 0.168287743423707 0.0562438445333872 0.170514651421302 0.0149383527573278 0.19254487520495 0.0380894935736001
0.0825134807657471 0.144959470884247 0.133323754306914 0.0788305444850886 0.159221106264981 0.144304317872185 0.127289550317585 0.00276236687049514 0.126795408232757
0.092252069101838 0.0184213492050936 0.331151799539899 0.195704476226311 0.0950275115717559 0.133805247745547 0.0336533238827541 0.0845251971489566 0.0154590255778444
0.0563080360101713 0.0599945912101176 0.190778264880771 0.184001975160342 0.189958312618703 0.075674272275109 0.12493020212362 0.117502094801598 0.000852250919567809
0.100830362562867 0.131167874099538 0.0778481684765838 0.140775756965225 0.0595631631346156 0.117270018063475 0.101229726554617 0.168543326410074 0.102771603733004
0.175736249719956 0.189100617267243 0.207821454178291 0.148103940830233 0.0530435042295162 0.108210140588188 0.00438085211714571 0.109711037844004 0.00389220322542311
0.101916852969578 0.112823975013605 0.156685746066662 0.233161622958874 0.0387751667785073 0.0812064484028153 0.108811269925165 0.13690345266633 0.029715465218464
0.180789677082997 0.114307273562297 0.177929733604774 0.0619463293459396 0.070471657021671 0.14481911322499 0.0312209281046447 0.107693070072745 0.110822217979942
0.142083069369743 0.168237877677254 0.0427432652082318 0.118384856791037 0.143325274681926 0.10732229712139 0.0252964943015676 0.151917030751397 0.100689834097455
0.164936280699552 0.0782550870531484 0.131642016366088 0.104277601250306 0.0159089109099782 0.0633089582171026 0.124155010679798 0.147774260883676 0.169741873940351
0.0213211634544464 0.0742103795631311 0.165344799384127 0.204938413756591 0.057373687770752 0.0297446609105896 0.105339546762805 0.204334175188474 0.137393173209083
0.0407418558908467 0.162124632715618 0.0404877625315303 0.197247343568215 0.196162708810965 0.0789769529868569 0.107473872095555 0.0113901482946695 0.165394723105743
0.0877668615036618 0.0348577308295919 0.103580041137753 0.078023848185895 0.105715936360019 0.119118635632842 0.136816206874561 0.140251163428865 0.193869576046813
0.144194105646742 0.120909990124411 0.10317097360935 0.145511636547042 0.121160047424121 0.127792128530263 0.0420396420224807 0.138628838430408 0.0565926376651828
0.171722119740327 0.0482115367874718 0.155669728268503 0.118158165875024 0.126381092733368 0.253856716241942 0.0276685661957684 0.055107312682202 0.0432247614753939
0.174849430570117 0.0724677230662346 0.132581681159395 0.047414813906675 0.0120855427961697 0.0906075994608205 0.141428810237531 0.163139570305258 0.165424828497799
0.18741341594196 0.162774010101419 0.132423053518282 0.0466063375689873 0.182051910429669 0.132137248284849 0.00342192435606574 0.141438527979754 0.0117335718190144
0.229342354459198 0.128810713877183 0.0645016249124574 0.0636940885133322 0.206424181253803 0.0767442486708559 0.0820624936858866 0.123705647101182 0.0247146475261023
0.226740405449231 0.211439348971478 0.0495120285378608 0.0840809182277397 0.111809719081776 0.024603336470347 0.011169758769127 0.116777273113859 0.163867211378581
0.129574646632663 0.112014043524994 0.00983408482311243 0.204334713436805 0.0308093736717914 0.138396185546793 0.135785919623612 0.130890895429756 0.108360137310473
0.0227639182164606 0.0126171485909756 0.139035145743046 0.0955773417883696 0.110317585216597 0.0764483478697062 0.219342714092138 0.077226628675287 0.24667116980742
0.0583558825078225 0.16771308271605 0.0399203097620737 0.0924203732347983 0.158373972749448 0.096702847408887 0.156891125238077 0.0597493187627769 0.169873087620066
0.129438210798215 0.0900264305297476 0.210221769690564 0.014423257996873 0.0093949956296296 0.124693492313773 0.256640893401928 0.114040896265079 0.0511200533741905
0.0910409170109563 0.0817783134315155 0.0852976268690323 0.0529767495808568 0.207663707768388 0.244140741845284 0.0685553896922176 0.164048650195965 0.00449790360578424
0.0390888901853055 0.028656206590988 0.0909330284670275 0.00914887956782108 0.141082613034803 0.117387211244187 0.265980495654037 0.278916809524002 0.0288058657318297
0.0733657014822788 0.0364764334147929 0.113688602109545 0.197851525369725 0.184551818992278 0.0177884969877884 0.0549657135213435 0.172574041640065 0.148737666482184
0.221347601822753 0.0766645613702447 0.0580156569747609 0.198254802692617 0.0120966160188321 0.00107269965137734 0.0439455030968621 0.193651907617321 0.194950650755232
0.107097788980262 0.0893865777144684 0.0679759529506161 0.241241432648925 0.0935652769810867 0.174285224169426 0.0418973452676454 0.119987301246085 0.0645631000414855
0.106966107653104 0.0960774348292877 0.260393317847913 0.0379046344477459 0.0116312199723983 0.0969886905369284 0.144994435147859 0.196604648836898 0.0484395107278657
0.10416729823293 0.0967449342920994 0.0806477304637195 0.151698034395737 0.134231153928735 0.0868804804855953 0.119978023479644 0.113824647269908 0.111827697451632
0.246619149995534 0.0850939743746864 0.0418927939277976 0.0185852963788273 0.104421705955625 0.0157342445633511 0.144540624049916 0.084751506370222 0.25836070438404
0.138241177917085 0.0705575451510504 0.0390351386704851 0.148591546588543 0.207647331974603 0.0303034106533384 0.0359496298455822 0.109447341622687 0.220226877576625
0.202456372553172 0.190467839163927 0.107984815470171 0.0688296866127007 0.014499014011844 0.0328672556308373 0.20435123969587 0.111948213510988 0.0665955633504905
0.00718941959299827 0.146878115555248 0.0405703702935359 0.113983655196523 0.214164454568088 0.0321341059882239 0.189204168762422 0.2520027202798 0.00387298976316083
0.0807392546270832 0.0734508427774169 0.0909645103817738 0.0971567632816309 0.160988868639407 0.126447352394966 0.173907992535056 0.0979687160338389 0.0983756993288268
0.154230399663486 0.159537978253949 0.117380475528035 0.0532643260981472 0.0364612686964429 0.125004121208613 0.148006117389495 0.11428564470342 0.0918296684584117
0.155876720738015 0.185796582097214 0.138006447736922 0.205803414638122 0.0445260287715785 0.0349139499813823 0.0887784712180745 0.0560036773788123 0.0902947074398802
0.0929300743063491 0.101606750408484 0.0640298496613027 0.199209711006958 0.0612036630135995 0.0504954795779867 0.184122377202695 0.0951088993012312 0.151293195521393
0.0990446636882086 0.14391572489608 0.028236817524678 0.165613136361788 0.148347021474829 0.174767010956077 0.0327115790364572 0.0525935892914223 0.15477045677046
0.135452858404811 0.0132944178563766 0.0792742434565506 0.0842561248612401 0.0698019844755074 0.0760825330658073 0.17158738658581 0.181289305588652 0.188961145705245
