0.0197036148926022 0.0311041766044555 0.0236461709196523 0.156695653784314 0.254422582027796 0.281882727866977 0.169345037134338 0.0632000367698651
0.219460874433535 0.187718681698727 0.112066346182841 0.135025678735863 0.034696709385921 0.134719869914094 0.0464585667680522 0.129853272880967
0.0352419027787507 0.064181473838758 0.214607636207012 0.0974177629813618 0.0393021310284665 0.350571949904111 0.0130844259264193 0.185592717335121
0.161525631401133 0.195750212790306 0.0868983019371626 0.0837504147191163 0.146549154175152 0.0332448069088061 0.0902732223894714 0.202008255678852
0.0245936772702227 0.132198173897672 0.0641649788515565 0.213305036960254 0.201578892068556 0.162892836605895 0.087496168744873 0.113770235600971
0.161765003816994 0.0123374045057201 0.168101159469474 0.0994754771636282 0.0912593858465843 0.267605190034142 0.00802791780678112 0.191428461356677
0.0814261607695988 0.214996496317414 0.105562981986276 0.0902155729828916 0.208679156234216 0.141438675711316 0.0824371332402935 0.0752438227579942
0.222694202637297 0.108006084859219 0.120531421745637 0.0564610663886349 0.166335921175211 0.0824056794271096 0.219115829667163 0.0244497940997286
0.186276304000744 0.11040990179559 0.092847982637112 0.0246549930567302 0.246160701945308 0.175002359102944 0.161840576148358 0.00280718131321422
0.0445823012424474 0.130747228632624 0.0806705796493719 0.0752634273886379 0.209586010998238 0.243490594924152 0.00903392165535519 0.206625935509173
0.178613526703647 0.134957929328073 0.131426159314479 0.172376670701474 0.129712928838705 0.131710246804432 0.0895987521409587 0.0316037861682324
0.176028252974421 0.0245378368125005 0.117458517766193 0.192671507819913 0.110405442615091 0.14570797105593 0.120231013680161 0.11295945727579
0.157808193451641 0.0677066472389842 0.157746513370969 0.153058985440632 0.165729643114179 0.019504653874071 0.153761387728637 0.124683975780886
0.192087192083038 0.115736895791388 0.102520231276017 0.123623058646466 0.111511050437235 0.0776927391868326 0.139315574939858 0.137513257639165
0.0160875677685209 0.0915910924098232 0.12721589198118 0.111685443121888 0.0637683056523474 0.134239668686451 0.179753692921572 0.275658337458218
0.00680851911412022 0.0967208761187918 0.222712845902034 0.137879754195396 0.0613592187989315 0.155104612537754 0.0772819809373823 0.24213219239559
0.0393830378431757 0.0258489397812471 0.179503127424023 0.157736178987316 0.0808876223187085 0.167414630827226 0.174135326652023 0.175091136166281
0.000879280892542259 0.1711918597058 0.181685270543399 0.0538056119442416 0.210023407712029 0.181920328933023 0.00433554626418908 0.196158694004775
0.127306150966735 0.238156271518753 0.152837580031619 0.027947552402673 0.177138284523166 0.0268901657923842 0.00962909103119347 0.240094903733476
0.00850657876782849 0.259027386266001 0.00617159873634816 0.180674175561087 0.0979656760008119 0.219163055226646 0.0449686744523347 0.183522854988944
0.0213362441237789 0.159637174392278 0.231684137828798 0.18243185413856 0.0562844967841256 0.181569479471967 0.0296418982308588 0.137414715029633
0.190384108548662 0.131192469878348 0.24722095441837 0.0244474095369667 0.102720487787296 0.021233337499899 0.107085078204739 0.17571615412572
0.0773768874501811 0.180401956183716 0.138391387950701 0.0850149236126145 0.107886218550297 0.11820249466885 0.19153036904365 0.101195762539991
0.236363329197256 0.242247390899409 0.155500518222497 0.100533969210637 0.103414464980571 0.0308380298680553 0.06107542902779 0.070026868593785
0.120863215304274 0.226753149538785 0.237243486309226 0.03316834241296 0.147444880123789 0.197520253139303 0.0366723237454046 0.000334349426258232
0.193359374044928 0.244706533469404 0.134783693474926 0.055466767990939 0.201814582872411 0.08410012253247 0.0750872093095889 0.0106817163053343
0.00693103210453559 0.184901581430934 0.058366363577979 0.151450321323648 0.174844940630593 0.241298731599204 0.04587031375107 0.136336715582036
0.202049583456686 0.0579635702588921 0.18856508908533 0.288976726267177 0.0953613791493638 0.0702711439533374 0.0557223575415438 0.041090150287669
0.0626509026549097 0.00999373261932607 0.114886264556626 0.0946813134994441 0.237820512236364 0.17116601235395 0.129361706308749 0.179439555770632
0.205510990783927 0.0141081485893136 0.100425510653504 0.112008247394573 0.140346371989049 0.130088116197317 0.131938360273966 0.16557425411835
0.178016956013614 0.0337524315125814 0.0214444981413675 0.0414685155999041 0.274304573255149 0.102173515289805 0.306935131810124 0.041904378377455
0.0164834474431269 0.194123876447757 0.187328817307673 0.189226846906213 0.187807184529206 0.0661356220284441 0.140060613878379 0.018833591459202
0.220576085485583 0.0441321797980748 0.0531522785359455 0.126626909509138 0.145316256530758 0.0293309035601969 0.146873415680824 0.23399197089948
0.197650818964266 0.019917003995682 0.122382372198237 0.197818964618235 0.232203891990624 0.0944074032680454 0.0353971367706528 0.100222408194258
0.0109648635286905 0.20629798048167 0.123308208625343 0.226146975782692 0.0792766885066904 0.105548027267956 0.081486634745841 0.166970621061117
0.0752361177599238 0.1707120172731 0.153324629712634 0.00574915126031379 0.11980533564783 0.147322464361347 0.0735284991562844 0.254321784828567
0.152643416622639 0.160551741678549 0.215908707502334 0.0537919917102333 0.177603880362322 0.0720718427873533 0.15845159001923 0.00897682931733912
0.132555661481696 0.211141343235959 0.17638105624168 0.138918926420224 0.128598483151463 0.00332873920732965 0.180579372444457 0.0284964178171907
0.12381238982616 0.171364639395317 0.0775407324728248 0.248038552460389 0.00360526236579728 0.117542221935882 0.00106524339724888 0.257030958146381
0.242767198161164 0.159201346208311 0.0470589502716763 0.0198044012689115 0.182523492568901 0.162594935878068 0.00294101229004413 0.183108663352924
0.0228422392842643 0.300657811242203 0.302187637745925 0.0500199252637194 0.0744005516430416 0.0387207223766344 0.0450642531680777 0.166106859276134
0.00369892055496254 0.0600285044294034 0.219867157933988 0.22096715407712 0.144685530532473 0.0112524204377296 0.16463693544746 0.174863376586864
0.0150199801638574 0.100702092229692 0.0346825384124673 0.20576751909771 0.199775350913406 0.188747028007923 0.136664535149387 0.118640956025556
0.104810050792668 0.308982370446146 0.24500864058432 0.14875444032524 0.0115831931789506 0.0287782187273071 0.12084303810114 0.0312400478442279
0.0393689028055489 0.0302384134992541 0.0584571732916408 0.218367819965471 0.181336120950263 0.167047512409378 0.0548253975344092 0.250358659544035
0.270056721924461 0.114221511168577 0.264130578061478 0.153749954545536 0.00794475189430716 0.00982925091602059 0.0250027402497214 0.155064491239899
0.14525187673829 0.105387943990512 0.132354800431583 0.1225809892073 0.0531100565290828 0.175702475979366 0.0595194292933437 0.206092427830523
0.116925474198135 0.141917220184556 0.160490521064081 0.0951389719812988 0.00993979340786514 0.201438371410713 0.194439551282902 0.0797100964704488
0.0343231980596728 0.16529858830703 0.202100030768288 0.229232858458188 0.20477161608723 0.0165790521528404 0.0761035864319811 0.0715910697347698
0.0830939470353769 0.0197743024215312 0.194288122220901 0.217562792301006 0.0647060214287932 0.18614552091641 0.0224962796761957 0.211933013999786
0.129117792966771 0.0829324678496559 0.188664927412023 0.149978392838274 0.119472186880904 0.206072453052023 0.121618451312217 0.00214332768813286
0.152052588985432 0.133754618167578 0.107068908342328 0.101113012079115 0.158609447872121 0.102231701300934 0.146079535439601 0.0990901878128905
0.197691316729509 0.185724029430434 0.188994110848569 0.1023014402194 0.088693222019865 0.154134634507411 0.0534241119561064 0.0290371342887052
0.269416160036821 0.238262561142688 0.0592017628367285 0.279849424177897 0.0924011313711685 0.00822480739869584 0.0525367377067599 0.000107415329242225
0.0697435106344291 0.000165519353096174 0.104472677703997 0.202247903124431 0.116926590300182 0.178127218758056 0.0990231717171104 0.229293408408699
0.223481851841309 0.128312701026875 0.0504787925565027 0.0619021308376913 0.195369941535403 0.0656124595887046 0.118187379195789 0.156654743417725
0.10356107201168 0.0209836194424583 0.202071777319032 0.0490105419078948 0.184399317785175 0.193449806293359 0.155068721478999 0.091455143761401
0.186098553431717 0.118391711072459 0.121879561341408 0.00926088285031482 0.0888854655385034 0.184247915858332 0.17625635892926 0.114979550978005
0.0815077893773014 0.0916631342328463 0.131694724690219 0.0610526312816152 0.341562577956509 0.0853168080762018 0.130925668807949 0.0762766655773586
0.227171619596234 0.0444223958996007 0.113411595472232 0.0316246785581962 0.0313129878371314 0.215939156082614 0.158028155201114 0.178089411352878
3.71408800399199e-05 0.243955798353217 0.0813453935273781 0.16964178394166 0.081034368427949 0.185578218383884 0.118241248586626 0.120166047899246
0.25117588715566 0.0094493584324316 0.112824388072273 0.10587588443021 0.00892809028618797 0.133898165178912 0.257878033721882 0.119970192722443
0.0674397244767952 0.088532871646594 0.162861402059156 0.117805347099682 0.109595605249321 0.0964266443645667 0.182332558292679 0.175005846811206
0.0713054578469632 0.0254126925798949 0.0831726965760875 0.253352152613501 0.066541893814618 0.165731855828795 0.0904219470065542 0.244061303733585
0.190540015082457 0.0882011466203139 0.0566368595410696 0.108421218358565 0.0647855827141116 0.143734552024267 0.165704184891096 0.181976440768119
0.0320978850430408 0.316322565067297 0.175674486750509 0.183358007355965 0.132432091826167 0.032513357805048 0.0223358152742091 0.105265790877764
0.0332588350178929 0.255640207699174 0.193519660369499 0.107514476655559 0.0857781396868235 0.0925291414653093 0.104237343420234 0.127522195685508
0.183389900148233 0.00283392999699707 0.0719219376252633 0.103647424620925 0.17865965520788 0.182709939591407 0.0489654720266584 0.227871740782636
0.120427413816869 0.184015621855284 0.142083996152897 0.206243736379768 0.0392176759852362 0.14777248331495 0.0473294893956116 0.112909583099385
0.0922187995368619 0.0518524562712575 0.0423391611038677 0.26013460177844 0.0869484210307813 0.181353533553184 0.229066566472661 0.0560864602529466
0.148825593517488 0.169266778209674 0.043187594060519 0.067125823349004 0.143752798925985 0.0624844860176305 0.191224971343729 0.174131954575969
0.01408422035818 0.0780844528464759 0.183188009787391 0.196882870357904 0.0350929361460132 0.197412955978324 0.130393318087829 0.164861236437883
0.063128645562438 0.0170005609524432 0.0670805517622475 0.162801165189505 0.16504321358188 0.121723926580999 0.135186660505633 0.268035275864854
0.172493846207864 0.117154587357361 0.209470840433896 0.0986453463127743 0.221974195130143 0.141150561899168 0.0338550422524147 0.00525558040637848
0.0855606477699973 0.122054361780689 0.0833102821932752 0.231787273033552 0.080327509336621 0.0248801331444017 0.258429045147121 0.113650747594343
0.241875579967522 0.0566276973057797 0.0264261121112362 0.1147967463037 0.114020916248511 0.0698819046551237 0.205977362981649 0.170393680426479
0.235489848352483 0.110055350030097 0.0251827024053625 0.111445246345742 0.0442572107393372 0.223383954173521 0.123672073889506 0.126513614063951
0.0927100877174679 0.0939041328161197 0.0175835130782756 0.0724623835456545 0.189539332397842 0.213618204999419 0.119293817152568 0.200888528292653
0.00242083108067651 0.334053488390803 0.0576453716670963 0.0365486767640422 0.0360350174192904 0.0168949212900966 0.193824927820143 0.322576765567852
0.0622835971920173 0.229984799403436 0.0918596778378248 0.208708665764474 0.231120695711015 0.131744942931371 0.0326603743148075 0.0116372468450537
0.163945645611193 0.0794599057315473 0.192886666167233 0.0458059957090381 0.103011662511403 0.199294849396452 0.0568213840550018 0.158773890818131
0.181045868466521 0.126529620170887 0.16991270788073 0.0462975595669475 0.168674421124183 0.175340537083231 0.118648443824402 0.0135508418830987
0.111695242253469 0.151718773758316 0.0165774012193208 0.187033443260853 0.0856308785344307 0.0986567972064282 0.168791516263589 0.179895947503594
0.0384706540967983 0.119977594539975 0.200461783087887 0.216791155607001 0.147532592038482 0.00355433308460451 0.106532909868048 0.166678977677203
0.167895997028457 0.101603900045254 0.0325786237433995 0.186729701739261 0.138417873614555 0.200130803484428 0.0605843549120674 0.112058745432578
0.114914759210828 0.0440285404691842 0.193095788939847 0.164229394345459 0.0392170214615705 0.0865972274049823 0.0073720922888702 0.350545175879259
0.254917125879061 0.21856355674039 0.0121964487395252 0.192884546173028 0.0419143188657715 0.0665195109963843 0.0338478003766423 0.179156692229198
0.144869803676345 0.213502096022591 0.0962735620389328 0.060001961305806 0.056340871381701 0.242967101223868 0.160414513345687 0.0256300910050689
0.226772002492942 0.0143417611330384 0.11594073427512 0.226389761923666 0.162750115213637 0.0609398276676456 0.152449607355434 0.0404161899385162
0.173753961342405 0.215916435845357 0.170440070436359 0.00357601266693191 0.0119299519269453 0.179114440955479 0.108353381068848 0.136915745757674
0.219567410544428 0.0413592228212332 0.18595781164452 0.108860851574073 0.0311252732041533 0.0586678098634461 0.130369663431089 0.224091956917057
0.0941960797631771 0.201405642045336 0.0956039132758233 0.0410129491679821 0.122459393823519 0.0392224569565288 0.245208624220765 0.16089094074687
0.118867792795037 0.0164416584000183 0.263406173899668 0.0793138948870831 0.155324299268226 0.08102376420603 0.162621667891811 0.123000748652127
0.214578779460138 0.0764575912751312 0.182817517939409 0.00870684805254041 0.202408012149269 0.255025297336107 0.0473616165691801 0.0126443372182247
0.118482427563925 0.155510170689582 0.101315906768134 0.0798599260877596 0.0325468060304565 0.191445724908648 0.158642614025434 0.16219642392606
0.166313634577665 0.209044249832193 0.000652043172669352 0.026101966198361 0.0828430666789462 0.13824950471816 0.193996398225592 0.182799136596414
0.117358600325922 0.187211442432633 0.160167375344089 0.0392646440309601 0.0940383007850238 0.0528002725465881 0.163002474748692 0.186156889786091
0.0959532417964765 0.191087309541941 0.0621777076872042 0.243988846125944 0.270875712256616 0.00575600043049738 0.0666551684013643 0.0635060137599577
0.142081789005673 0.0551409922076694 0.239364167793325 0.0548923423255641 0.0841249044874407 0.19054543038602 0.00520424016074153 0.228646133633567
0.0687164178374939 0.0299025516361275 0.244110790634278 0.0628129554175843 0.0124830995716409 0.143980004589823 0.248609892125713 0.18938428818734
0.0696913531138266 0.110810254573681 0.205653696046848 0.0519644639233625 0.0780924568494737 0.264993137069994 0.0241457478450271 0.194648890577786
0.125488229503716 0.197693729952869 0.00740778933006482 0.0823588498777296 0.2723322555808 0.186436130978486 0.0901476289276638 0.0381353858486704
0.0256397259806361 0.167216374545135 0.0100712107762895 0.185213785856897 0.22006662895185 0.179467819731838 0.206046180480214 0.00627827367714074
0.112123634713605 0.113237409032653 0.0622506873284412 0.114650589909004 0.106391077085031 0.0723692269950251 0.281365860094004 0.137611514842237
0.219566020430832 0.150354295929007 0.146111610367793 0.180636023633429 0.0777335251027619 0.0911849519964457 0.0286964527323322 0.1057171198074
0.218228812229321 0.0307370134224317 0.232376039259342 0.160729640232176 0.0120137477903846 0.247865848701701 0.00798168055248511 0.0900672178121592
0.07441673379126 0.146145490924184 0.264824758289127 0.0605393646427761 0.172426885459392 0.160147378600987 0.00807001951724733 0.113429368775027
0.125404767964926 0.166940891791152 0.197514899887244 0.109010214275126 0.0718225100292029 0.0328017918348996 0.204545974873559 0.0919589493438903
0.0425137407518478 0.0935293686757474 0.0567946850392556 0.0572759526070828 0.205896966728722 0.22456098792023 0.163815494953957 0.155612803323157
0.277376024170847 0.130362893085687 0.203559584507226 0.0364230789198615 0.0167401514947622 0.00116135962659748 0.250141264235817 0.0842356439592018
0.198720378980395 0.0949372462263989 0.122007286709784 0.0268458608456865 0.12348878725317 0.0500495191039683 0.164306247178336 0.219644673702261
0.14645610178546 0.0542354061701114 0.245351600966922 0.0263557811883657 0.195018069452271 0.00452908605502534 0.215479184634995 0.112574769746849
0.0839769902167597 0.181797606701813 0.140000811622086 0.124161655617192 0.173979489767268 0.116770051892795 0.15900188784026 0.0203115063418266
0.141887621477869 0.159462712690299 0.113234407870846 0.0895838617697451 0.0781501849687751 0.140504022828499 0.152410504696955 0.124766683697012
0.0261453261230712 0.154701138161734 0.0402455254374508 0.197000974577152 0.186490083519855 0.168085329574915 0.0715304877499886 0.155801134855833
0.23290854026201 0.16679820779601 0.0434672753850169 0.000577055322881963 0.155532437459626 0.161191087834366 0.193349104133605 0.0461762918064847
0.171354700077572 0.16885022957446 0.10101487222522 0.0163681604203485 0.163346133874517 0.146121225320278 0.158178853279374 0.0747658252282296
0.107019604483819 0.041366613777651 0.0220826951360883 0.101597433504146 0.183134612110671 0.146232683965299 0.223657280882779 0.174909076139547
0.233503657790583 0.132472368979585 0.235912040539501 0.0482739452234709 0.0384408888940025 0.204019310978516 0.00192800525760721 0.105449782336734
0.152959009970447 0.0847832344846037 0.133328024810482 0.0531351358552638 0.167335966497443 0.185045904151019 0.147840731617147 0.0755719926135945
0.102617480793406 0.0132138108575899 0.0655254845127219 0.138559458236961 0.134154524747919 0.203577258854707 0.146095716138003 0.196256265858692
0.0727494295069128 0.17495791875432 0.0855009272839891 0.142509056368967 0.190302266297484 0.183008036897683 0.112161109831992 0.0388112550586526
0.0315344674508415 0.205636065375074 0.0195699060664938 0.196367513440235 0.125638270099103 0.130283193322113 0.0722464773688749 0.218724106877264
0.210240963709313 0.0680509478625416 0.0837007069977888 0.0171953574572928 0.13560899097988 0.21475313339243 0.102498003271177 0.167951896329577
0.0721897302792659 0.212993478730376 0.0911535317147241 0.0252757793919299 0.197748452913979 0.0764140074795513 0.118175651737244 0.20604936775293
0.0410073007191107 0.0981973122873346 0.0129568624595751 0.265814718401458 0.164903890604871 0.0406147347953228 0.167863339348928 0.2086418413834
0.0747290505358939 0.196031563893289 0.189025123420929 0.0236731547583947 0.0861589357289459 0.24316800176684 0.0099078680928869 0.177306301802821
0.137070599535569 0.255867076668036 0.0934632268592413 0.159578731608699 0.152817357332811 0.0483894796924296 0.00349460462381376 0.1493189236794
0.0235749909239271 0.13381515359536 0.00597875409851951 0.135401969753366 0.172274017598185 0.185498690928291 0.151091463917085 0.192364959185266
0.159776474592022 0.135508158971806 0.0134779384181262 0.110438319074775 0.235749911110324 0.24514257370185 0.00824283814734873 0.0916637859837474
0.108667521861582 0.101253501127379 0.177435168829833 0.0718998339601994 0.071874142771021 0.209230034255898 0.0887119998394351 0.170927797354653
0.236343717198831 0.0784066514224587 0.175477361192383 0.16241198045839 0.00463343040526969 0.141168064722955 0.0473698189362465 0.154188975663466
0.142474830894856 0.163902718547112 0.140162272971116 0.231002570024099 0.0640068913478966 0.0694466475390605 0.0456010233682532 0.143403045307607
0.0690891695599383 0.0983397350158288 0.13504952630635 0.216738175215185 0.0494310594091827 0.041693374998783 0.192569655238833 0.197089304255899
0.0993840073042088 0.125012200656788 0.0674759920454217 0.0747943532116404 0.169545998513497 0.213626603680886 0.0456269852518215 0.204533859335736
0.198980603042645 0.171636566082853 0.0242986490908087 0.0581185068390536 0.154804828599908 0.1146421248976 0.106150879095349 0.171367842351782
0.263596671002879 0.0131668806405611 0.0741426864597449 0.319254279063951 0.152193862846747 0.0650217929279824 0.0962735265178009 0.0163503005403336
0.072352084401053 0.0383932551086818 0.225739212990029 0.200938503069443 0.0172601980942566 0.248137832892875 0.0668040371601853 0.130374876283475
0.121156281288041 0.216143636098816 0.141458316532878 0.0221168283667831 0.129657212675117 0.220831713655372 0.0270407756509384 0.121595235732054
0.207630054534964 0.057194815616096 0.205134313018122 0.20192268805308 0.0734236724906805 0.107923300454403 0.035112386926089 0.111658768906565
0.247320136686226 0.0621088721741813 0.105301326890958 0.0598903052922347 0.0214078393620284 0.145999489547153 0.116940027235282 0.241032002811936
0.109147551578265 0.16276125823313 0.238295990503585 0.161157279442294 0.263170388700448 0.0172079823807734 0.00722920851968221 0.0410303406418213
0.0121201425707258 0.0258959744340579 0.184285608759962 0.124939646657641 0.139623319208736 0.16512015547225 0.18209286596393 0.165922286932698
0.205117258879408 0.0641359477410081 0.144166442690349 0.153383852333252 0.100607907020418 0.149468776856648 0.121359805621773 0.0617600088571445
0.0458342921314441 0.126382713750657 0.300765859205547 0.216983235533622 0.136892927385348 0.11367008258925 0.0347121608795805 0.0247587285245512
0.0215845810378411 0.0742000525591323 0.210798760136292 0.0962721824955462 0.112386347916797 0.13925895208024 0.150635056382675 0.194864067391476
0.0774706734615872 0.0611737415483947 0.175744435113342 0.10401377314954 0.0675066097693206 0.141305962354114 0.181367085378946 0.191417719224756
0.077836875785119 0.17188444780607 0.032411184687198 0.185962835951226 0.184215070728758 0.082077418565209 0.220484121939795 0.0451280445366254
0.131975561844799 0.146899416005794 0.216170444668264 0.213718671567084 0.085197111311491 0.117295408798568 0.0614744571572803 0.027268928646719
0.000285024099474429 0.154628439227476 0.122502884283747 0.217905113817512 0.155881555921296 0.0846045311436957 0.174616123237037 0.089576328269762
0.112016231621081 0.23856663553143 0.00452090855390107 0.187550472596019 0.158014679506702 0.00201704142049248 0.117122718264899 0.180191312505475
0.185551627848985 0.143649716748513 0.0831460209239393 0.246043214829564 0.112728563179805 0.096877186548857 0.122922575844903 0.00908109407543352
0.220265014123402 0.109432287662151 0.228336867851621 0.0935177854310983 0.100968704702014 0.172427744627452 0.028211774866213 0.0468398207360494
0.0842718821674498 0.0458565444560178 0.0607355669209012 0.0828333398285492 0.187887112651346 0.226930543274175 0.212417625239276 0.0990673854622846
0.221988977328094 0.0133783727482084 0.0418855324449565 0.0495112252283656 0.102436739943911 0.235124124314865 0.21681542457424 0.118859603417359
0.132145695534646 0.095579991746489 0.0751792863367168 0.226625547162027 0.151894767585656 0.0403540378773213 0.0530307498805108 0.225189923876633
0.151571229046851 0.155813496283315 0.144256230208521 0.103145743342701 0.0426038274165155 0.0773684694157749 0.191012050142763 0.134228954143558
0.223386900515465 0.118158854557684 0.219145410460141 0.0453829988529656 0.0258705771264549 0.00240468645855242 0.215276169712054 0.150374402316684
0.115895688506596 0.128065635379468 0.00798526263623127 0.159162520604386 0.14544448822865 0.118834081385837 0.162511431141397 0.162100892117435
0.177317529382267 0.085568635890594 0.16158271869195 0.152111090248627 0.125971834060964 0.0323041985375671 0.157608135952574 0.107535857235456
0.0930860055375359 0.0288784286248521 0.0533105805031874 0.00376285657040349 0.188438742292405 0.22985600579152 0.131658050847051 0.271009329833045
0.0086659288544697 0.0667779463023671 0.105820743382963 0.173449135702205 0.242909798823216 0.207144784333293 0.0373234671389128 0.157908195462573
0.126811602164712 0.173862733918461 0.00243401090236796 0.221218179577183 0.0812184238600211 0.0649278399998788 0.0664516144349774 0.263075595142398
0.231841536658912 0.233341423591945 0.10816520549409 0.0691500290051344 0.112249414813765 0.142790013573026 0.0853536790231729 0.0171086978399547
0.119658565538523 0.0308625791920623 0.20826664055362 0.137444914048692 0.0205732150107951 0.0231986096709722 0.21341423188174 0.246581244103595
0.011092436212546 0.0339339869000625 0.123354307843151 0.0422332690401976 0.153149420295071 0.240086835263626 0.226206819160466 0.16994292528488
0.0207837432682351 0.0411975955771324 0.073673735773736 0.171993321988989 0.00929036343011751 0.146533153293196 0.286134670480287 0.250393416188307
0.12336282596254 0.0523964783453842 0.139034484626129 0.0893349485073001 0.063969997457793 0.0577324974876132 0.250329442740318 0.223839324872923
0.16493448035186 0.0714921422811232 0.177204539181908 0.0520689548060483 0.230532656399368 0.13294524876263 0.151489952003712 0.0193320262133505
0.00971076201161911 0.262926656031405 0.129502125826981 0.0669958376664279 0.158771587479993 0.225079742572207 0.0805441184959969 0.0664691699153692
0.0916661654463365 0.22680008861903 0.175743813060928 0.0842479680408045 0.0405444973369085 0.124606583454207 0.180079969119422 0.0763109149223645
0.117546746969255 0.0748096226339889 0.210205205529013 0.0165159198339564 0.217220579600388 0.255992494742814 0.0311292327793373 0.0765801979112483
0.177512948040203 0.197539020855213 0.201972896197489 0.0544207581796047 0.0788518404263483 0.107133568395511 0.175492129249871 0.00707683865576007
0.0828394431275786 0.019133913834548 0.160080995126503 0.241800591678599 0.0370946634486967 0.179392889355486 0.238467616794362 0.0411898866342268
0.0878700541328393 0.00595391296591656 0.147639985621115 0.108256355573092 0.196937598912333 0.17936105092785 0.0751259278104032 0.198855114056452
0.184491014862351 0.074379685888149 0.198380944011527 0.137397714876599 0.0748164096519649 0.0504775270447349 0.120741144680236 0.159315558984439
0.000102663751379837 0.183294240956983 0.0579424840600227 0.0499477960655699 0.156914657827503 0.191653618827109 0.17084744759553 0.189297090915902
0.202396953798252 0.13937153287059 0.249402231438551 0.0498754682297624 0.11550942320519 0.0936316774060923 0.131589440255856 0.018223272795706
0.084850707182258 0.197098609035069 0.0111429011791333 0.219449873602834 0.195518354265159 0.0603083831433771 0.160663818122091 0.0709673534700778
0.17852658831009 0.152406750821727 0.138848416159209 0.0631666128183677 0.124029170875977 0.131865333389264 0.0928791758077857 0.11827795181758
0.0747896040673858 0.111614509971369 0.0762106752222911 0.11203809747925 0.169225004529736 0.20476040279271 0.0339147565938556 0.217446949343402
0.0789649834493904 0.264195185910745 0.109426068880782 0.0403590230776269 0.0622988240813738 0.259937498673643 0.101825648517653 0.0829927674087863
0.0442114926547942 0.445178958059463 0.175742585249778 0.099824718172152 0.100119291532275 0.000366407321277265 0.0422969081394148 0.092259638870846
0.250113993359193 0.159220939202192 0.142358111162231 0.0737515243245623 0.114333009495431 0.0962488787520304 0.0304198677928066 0.133553675911555
0.0497809513064837 0.177493492291544 0.0124790230055191 0.127280849285927 0.192002759449905 0.216938855244119 0.11953249809388 0.104491571322622
0.135783556860352 0.0935171167484478 0.126717373778487 0.10374436734552 0.12657081787444 0.107219010621034 0.165751700546383 0.140696056225337
0.0446852195503369 0.177301244860872 0.0854687660555764 0.206730729658087 0.0551640687963743 0.176105295890897 0.0807476070105612 0.173797068177296
0.220699547005311 0.225412242540926 0.085152543385904 0.0229860144455032 0.105257057596319 0.157043534353946 0.17037796154432 0.0130710991277718
0.0613026327903334 0.0274838788824994 0.21436529360715 0.0195656801149203 0.183543084544772 0.115473902333148 0.107633300477848 0.270632227249328
0.215598501417396 0.00413388165054916 0.224852684053514 0.126256758161357 0.139542821948838 0.00964107985095978 0.195032604818649 0.0849416680987361
0.188290581362596 0.14765398505628 0.106473220798003 0.187811342826437 0.0387333535274585 0.129708175543694 0.139266685889249 0.0620626549962831
0.133286199334196 0.135361363833734 0.154974545756503 0.233251709758754 0.0973323044872845 0.021162674170978 0.166758133829017 0.0578730688295342
0.27033280320513 0.202496231767381 0.0986946492744112 0.00874549460130497 0.0809229535288616 0.144297749985221 0.132855598769524 0.0616545188681666
0.0205467669059472 0.307016714592144 0.105402055394765 0.0450938589355953 0.194756668731633 0.0161837048642656 0.202817138723149 0.108183091852501
0.195270373975801 0.133081628158996 0.055810210452319 0.0926821277581409 0.150768103082312 0.0663531627537478 0.141903241620211 0.164131152198473
0.181949080938467 0.221373263133438 0.136407538174747 0.00837476883082565 0.231606619346064 0.203301212230087 0.00430182613430741 0.0126856912120641
0.0322418702040424 0.0131735366948336 0.189564905007707 0.0640084152327048 0.069303730103365 0.00891869980577593 0.399817760497145 0.222971082454427
0.130750236986112 0.085175739320751 0.153519107127457 0.0449116125973425 0.209000206441925 0.0442682854810156 0.127417470657233 0.204957341388164
0.142597470477371 0.0304169406408362 0.0897034807424919 0.0881716512925263 0.19394623929805 0.167745515705337 0.155171045550683 0.132247656292705
0.00460806687288825 0.226689908045616 0.215253658250119 0.0773530954533254 0.226773087093301 0.194745935431731 0.0416076625212434 0.0129685863317766
0.183229450600032 0.168425772917853 0.151847432274976 0.0884915442714226 0.0835917916501117 0.135965089646543 0.132886241474391 0.0555626771646698
0.205199121112672 0.116674163145706 0.131430029027576 0.0787189205778816 0.03589706785631 0.0969116899304631 0.229338950562037 0.105830057787353
0.104906813782323 0.124318998163045 0.176693426480717 0.13929032579308 0.0339250437643498 0.161686707746445 0.164529300224184 0.0946493840458563
0.0193334622653389 0.102090095697358 0.166308643698498 0.0823812247557164 0.176074324940051 0.212169487729985 0.0898020982798603 0.151840662633192
0.156481192080876 0.175732984493817 0.154320453250205 0.111536471989771 0.0567412435397613 0.166044036233755 0.101364251995725 0.0777793664160886
0.0496285336737843 0.0943772168817025 0.177027080371458 0.139828950370682 0.225532967339917 0.0121782929151774 0.140574252342317 0.160852706104962
0.0379981355292788 0.15277301512483 0.0978574603155169 0.0461917760422693 0.19593615722644 0.168740581353794 0.181873567270252 0.118629307137618
0.0760291039375791 0.143835609552339 0.0289558542712421 0.169618356551137 0.0352409901063493 0.0364201743281727 0.245329483309524 0.264570427943657
0.0994838193450914 0.17332670674218 0.09934938450165 0.203523016144543 0.029890447778801 0.145111480311843 0.147089379775204 0.102225765400687
0.144180380785538 0.0744727307918211 0.188518063682551 0.0766544085880605 0.135869538130931 0.116027975032579 0.0668955356493637 0.197381367339155
0.104966877746962 0.187735764576103 0.274472042216575 0.0263762240305878 0.0394763492263552 0.207934649718565 0.121455059972135 0.0375830325127169
0.249886028375243 0.0495345507146012 0.0184072259096987 0.0290050692079822 0.240222658382919 0.193314763764344 0.13839409345883 0.0812356101863816
0.069832032012573 0.0547733551401782 0.19031454715133 0.151411583251445 0.110088419821672 0.190667993851971 0.158375303822931 0.0745367649478998
0.125368269715218 0.0545495478866773 0.191625200506083 0.193560532698661 0.186995890184874 0.0966070929139463 0.0406261778797331 0.110667288214806
0.12879413729492 0.0186619670640753 0.17698365508607 0.128901430704309 0.129586634404807 0.171945480608158 0.101977323686284 0.143149371151378
0.189493404534125 0.122051487448987 0.14524371797433 0.0177595370926449 0.230327375510891 0.100815065895235 0.0672367462925779 0.127072665251209
0.0211924248765643 0.144338931269672 0.0920233262930759 0.185798407245558 0.0814876187056391 0.214105520746977 0.144008977967664 0.11704479289485
0.0908683543421958 0.00974982418724932 0.211727749259242 0.177008463430026 0.0612370113232418 0.0422051999678651 0.219880798413415 0.187322599076766
0.138885527017699 0.0411395300977419 0.0164479781533232 0.156554151352068 0.00354477772678264 0.242304056087331 0.244604966065627 0.156519013499428
0.0301402557068082 0.196022534845711 0.0269377634568223 0.137785596956683 0.27553153043399 0.121693321840926 0.00739286981248748 0.204496126946573
0.00489223881413345 0.0946487660436515 0.126812373424232 0.210385303300883 0.106593503755927 0.0302754873135302 0.163069264081427 0.263323063266216
0.0287462543847118 0.21156111431703 0.0719102810867577 0.173340293517185 0.0881825907074376 0.335974087270397 0.0892851455252186 0.00100023319126348
0.0492963586888881 0.216875788803048 0.122462241329753 0.0395339218107665 0.151041601040759 0.184254705594982 0.0347224679471412 0.201812914784661
0.321892895579708 4.83203778144199e-05 0.020827585408583 0.264328492453033 0.0486512501610982 0.095520524292625 0.0980556121145823 0.150675319612557
0.145862900923836 0.129139802086435 0.164380709122898 0.266761895291311 0.0156769951932116 0.13408944304778 0.0732640112689951 0.0708242430655336
0.0479393457969458 0.207399860297365 0.0428109076945506 0.0125633753047801 0.204913038495702 0.169823408532507 0.135952781901743 0.178597281976407
0.123416010576077 0.117401965581033 0.097563721398074 0.137222586845792 0.142409240900985 0.0825015034548109 0.139612724706158 0.159872246537069
0.0366691469974506 0.0865938607206506 0.198683796865119 0.195830254729249 0.0140050298444853 0.108479633011757 0.218265479677362 0.141472798153926
0.1828417315564 0.187662289703715 0.0883031799104103 0.133725624484952 0.180810208741584 0.0191101125566179 0.0180135112656202 0.1895333417807
0.159392740526261 0.207256183875601 0.0324669706111628 0.192035515264729 0.049097167467243 0.0830286717977723 0.2216391159857 0.0550836344715315
0.234797663045969 0.00846416236466317 0.23392865705927 0.125867064033659 0.135939341919887 0.0159361322601288 0.0565187536159187 0.188548225700505
0.0828068073053678 0.103680563735711 0.116104558534935 0.0676814611718883 0.147114940684634 0.143926612632979 0.105920925060614 0.232764130873871
0.128926788131241 0.00897662669901031 0.130937661068082 0.186477724052593 0.1471975260719 0.00382176341480656 0.216979581978708 0.17668232858366
0.00353034177198739 0.172788381469751 0.261203121931902 0.111756152612232 0.192269004325292 0.0187653903784187 0.160913641501497 0.0787739660089203
0.0324477983171146 0.0841518102945942 0.0507620281678871 0.0631964516062839 0.0990803749601437 0.215164975465535 0.209840392422667 0.245356168765775
0.152748008324181 0.178566411634438 0.100090970812893 0.192768231505259 0.121192114656764 0.112951477494464 0.0615731424567273 0.0801096431152731
0.121742957072115 0.115766967830127 0.180322010091076 0.114804659077582 0.201705214218744 0.0168541267998341 0.00793898972309324 0.240865075187429
0.0917721790630613 0.149478007655842 0.229793325575544 0.0238475946874559 0.0273408925201632 0.0758022839904083 0.265224965745264 0.136740750762262
0.154424073869466 0.153230481901802 0.104470647235044 0.0899431832520892 0.114691497492817 0.150000747827138 0.102892166363423 0.13034720205822
0.141633724921231 0.0772938723725265 0.105992412694257 0.0706289503454481 0.13853272300428 0.101893636353446 0.184970190098336 0.179054490210476
0.177253067866005 0.0375162754896397 0.280135889934734 0.151116648046664 0.0212546605839866 0.154900746838722 0.0940104914693136 0.0838122197709353
0.139023603946046 0.0246679089566457 0.21207814476428 0.16951181982437 0.217197814831352 0.0987754252604501 0.046444264919033 0.0923010174978234
0.137929719924067 0.109102521286672 0.177648385485005 0.144915122857815 0.00568137144770449 0.0706126282911397 0.194653593087442 0.159456657620156
0.100388450014235 0.0238596892458615 0.243973647155439 0.219038373725194 0.126225854528946 0.163378148474909 0.083983015829509 0.0391528210259073
0.106683372521416 0.113072546046111 0.124409485316624 0.024789354081469 0.158331145774495 0.139759685211354 0.144656474812852 0.188297936235679
0.229807481401696 0.267453243411563 0.113353323812243 0.0823017536893947 0.0145041696997449 0.109022167794744 0.0144541477875953 0.169103712403019
0.165825856110245 0.208702256309153 0.15018374180259 0.090603356304119 0.18414860836605 0.0723957830442518 0.103475975889687 0.0246644221739039
0.0710540598630482 0.11767854532187 0.1039428213958 0.22394309730452 0.0783937807359509 0.100670647508415 0.144195820751571 0.160121227118826
0.174510614670058 0.0496231673792386 0.194333443625126 0.248083365032572 0.0927986431146623 0.214287560779642 0.0258777024966401 0.000485502902060993
0.0358311602488242 0.175674060617818 0.0765770386616115 0.0655704331239942 0.162297759753096 0.144510526357098 0.134497594057456 0.205041427180102
0.191838009804767 0.197691632234351 0.0542866597502922 0.111951302588643 0.21082491711653 0.0223205743546074 0.0907472874829016 0.120339616667908
0.211521415981229 0.090265020820682 0.0589633267503034 0.0287966620383299 0.0506086353893562 0.132015829616276 0.167379861956786 0.260449247447038
0.0664856542949484 0.130607123628114 0.14065057766623 0.0782742046892886 0.107344242132244 0.0158732437053041 0.232283951997916 0.228481001885955
0.0357279133319316 0.164462937284106 0.107265110329444 0.105370876948401 0.166370892245708 0.151794639797399 0.0678453929780865 0.201162237084924
0.0403654119800076 0.0506898476784748 0.146863908940609 0.106263174694141 0.146812104342255 0.113345397181484 0.185238802258526 0.210421352924502
0.0159760684259359 0.104852514421417 0.244740523578473 0.227018897084283 0.149292677701668 0.141067074958087 0.0318517290566799 0.0852005147734552
0.136506962722519 0.0759516349314864 0.222121793335962 0.112746649998298 0.226039101962958 0.00910355963797676 0.193085066056671 0.0244452313541284
0.193759356060885 0.060606335153679 0.181661980857282 0.0279091819322614 0.113407766142103 0.161962785688769 0.205450256452805 0.0552423377122146
0.171737230058835 0.0269119680557323 0.0563972438665707 0.0827318304306556 0.135669426308582 0.195746069689532 0.208015060226944 0.122791171363148
0.197235357591097 0.258452789553885 9.97478704628586e-05 0.0523183142735813 0.0360857716575753 0.112535711019938 0.0985315343065328 0.244740773726928
0.0865936993476642 0.281362855157871 0.18050960884619 0.0909205562177512 0.00568818928889928 0.136643411952796 0.123708197750157 0.0945734814386713
0.154153285213383 0.119831098225155 0.110086051848766 0.0772876973981814 0.127793531901264 0.0877257256867659 0.123789314244091 0.199333295482394
0.0774159598895163 0.221209724108179 0.0304179127056862 0.109181589639363 0.0149076424338777 0.0926727964418793 0.228537401659027 0.225656973122471
0.192863002831424 0.165897042284246 0.0537716952346922 0.0269776070083153 0.330900051280337 0.0278671251022074 0.0411936523313558 0.160529823927423
0.101819316897828 0.163951111828874 0.072144415782409 0.101868456985461 0.178660451501021 0.170767917834393 0.112266443140151 0.0985218860298627
0.133963584083915 0.0827069928051543 0.0650612511303679 0.108469543439062 0.145407070511763 0.187203063423817 0.0614203997109576 0.215768094894964
0.119146644210568 0.150154147456983 0.044687412140783 0.133680168224259 0.172019630270882 0.0771933051273913 0.222810120015267 0.0803085725538668
0.0956338247359827 0.171924468252452 0.0680637853315583 0.0874631386754428 0.169646465867787 0.200632601035247 0.0671299747985275 0.139505741303002
0.237910673106097 0.138738388438997 0.102317084348552 0.147331166138444 0.101193802652826 0.0672017987014999 0.0147816425538903 0.190525444059693
0.229389484208049 0.0030931176416413 0.217013119038019 0.0961380033661767 0.00456863884073619 0.225035693009675 0.0464325086861459 0.178329435209557
0.160544229728575 0.154497545017402 0.182141739398968 0.0608625780377545 0.220731037810778 0.160562139123545 0.02226490139301 0.0383958294899687
0.266710844432743 0.0594600527378019 0.00279598150755406 0.176519584248539 0.106046400985849 0.114497622486302 0.0557970037969423 0.218172509804269
