0.23458935085493 0.0108591124514913 0.0842037046257888 0.172730521800821 0.219787049152674 0.0669371062769501 0.0808468988204362 0.0343726668078739 0.0956735892090345
0.020986898073671 0.196583463017052 0.170156861092364 0.03142426698259 0.110359857700243 0.245039963098141 0.00999877587651727 0.010968626023812 0.204481288135609
0.137827488059971 0.108522349763182 0.134799020520953 0.148041085618364 0.059278885737162 0.131189614759084 0.151035360903011 0.0591638028399734 0.0701423917982995
0.174619293161772 0.0509805643347769 0.0661541668129927 0.107767866450444 0.201671861709212 0.0285284990894217 0.171020022362018 0.0195050900465955 0.179752636032768
0.148598527805706 0.162020647090339 0.159816179133963 0.126475213070172 0.121628595025 0.0877325487917804 0.0441086267874816 0.0167973885506225 0.132822273744935
0.0617147499965158 0.0748891297962606 0.216039864109151 0.0705917000983557 0.182566177677079 0.00282835811865503 0.11661321874716 0.178033198720971 0.096723602735852
0.00438890967529207 0.112901263586688 0.0306189174717999 0.195013568821684 0.0747096539101108 0.111608270666473 0.19373519453236 0.201851904046321 0.0751723172892719
0.185519693740258 0.11124964573891 0.042831881954044 0.167896639146291 0.0229191063730269 0.113945049699752 0.052540274806558 0.171130283288994 0.131967425252166
0.0772867190449589 0.15336711572439 0.0917070905778412 0.133809588023144 0.158805793876453 0.0460266340269041 0.143705224414726 0.169018655802993 0.0262731785085888
0.159331659748262 0.109110258861748 0.165383077590807 0.0338388044377426 0.124683094610976 0.137772768842918 0.0644986566773109 0.0435666239137549 0.161815055316481
0.164190857926468 0.0565371848209962 0.146502323629974 0.00162449473137454 0.190236446446214 0.105372981839034 0.0567911546556888 0.155708632137262 0.12303592381299
0.0580121468385779 0.0010440806277976 0.137281261132105 0.166020702063457 0.0152412855758083 0.136942625014407 0.118960153733059 0.173013207245101 0.193484537769688
0.043312647290413 0.146772675076378 0.150415858949098 0.0987274904228353 0.194029084033116 0.129163079608459 0.0153308651638487 0.183651454733747 0.0385968447221061
0.0550122085962407 0.299525691349787 0.00941385988885507 0.27073388567603 0.174407397069253 0.00263055610890325 0.0281108019993084 0.0810889226043693 0.079076676707254
0.174939110290768 0.176650199892133 0.0887159699508505 0.0150133541568837 0.12702120487256 0.134972902813995 0.104506893603905 0.0691715981870733 0.10900876623183
0.275145437005882 0.0367918938484215 0.00499282017012313 0.111578604759535 0.00275289995216596 0.105230093911837 0.285924441520096 0.00538169583453849 0.172202112997402
0.0022747720894719 0.0667871215770615 0.0901934970458591 0.178406552948379 0.0497404579669376 0.137081253443333 0.184711025835956 0.142348557990531 0.14845676110247
0.0967738353559645 0.156929927224318 0.161094284701624 0.11544325674835 0.0303065793197634 0.133010888288081 0.110730595928341 0.00339349228774868 0.192317140145809
0.0714335127817504 0.098592954064114 0.196023362491167 0.127674604936757 0.206077592140868 0.0809884391949786 0.142314323823543 0.000162305235837077 0.0767329053309857
0.0974763125944203 0.0966170082476116 0.158859104714126 0.176982185584113 0.177093650683212 0.0649755983787477 0.0850108276941463 0.0786315533108376 0.0643537587927853
0.015104660394268 0.121196467910468 0.132317519792298 0.136406857296762 0.239162237766992 0.0317736143227635 0.0731025677159377 0.0260403660309662 0.224895708769544
0.0720360145020613 0.216726188476415 0.103979683138736 0.000515229228210854 0.0801742106442524 0.0798896325880572 0.0764773672251544 0.232404069943334 0.137797604253779
0.171347392222321 0.102475251118008 0.104498994214711 0.157100148346603 0.172346619021534 0.0528351363638952 0.0371268267761527 0.179028586623742 0.0232410453130329
0.121402739563702 0.0130262998263546 0.185045709013806 0.223484709440412 0.0921558580519637 0.00185721483868342 0.0350098548447338 0.148457299788865 0.179560314631479
0.208556858689592 0.089787459972105 0.135569128425856 0.137900303786109 0.11147838851509 0.00865862553684989 0.129868549010775 0.101998106930133 0.0761825791334904
0.110756727078642 0.131310013141319 0.101275226753561 0.116197798981487 0.164025712708632 0.148487008378747 0.0816246570196411 0.0913257633816194 0.0549970925563504
0.123601981833698 0.016587570924855 0.126765700439847 0.0466770960798205 0.216356858137086 0.161525631047465 0.0264959444187969 0.155107632751988 0.126881584366444
0.136569834923884 0.0641006702679361 0.0795543290149155 0.112857710844528 0.0768940205511586 0.127955555493987 0.0882896802629211 0.196366692691267 0.117411505949403
0.197688774958257 0.0718791041944342 0.0180473268020442 0.142715186343137 0.0618812947547515 0.240085371188024 0.162120526684912 0.022525278773399 0.083057136301041
0.14362117969654 0.0537547874106572 0.0775410543433373 0.122678764827367 0.170989253303883 0.119415980261397 0.125177429914449 0.0990468627966869 0.087774687445683
0.0765213385340044 0.0332604908284132 0.236168161421768 0.0302346734271506 0.0645111703621966 0.21309089187657 0.191766400312419 0.00126019205827717 0.153186681179201
0.0793424471815433 0.0293307592862848 0.172966973090593 0.166084877497859 0.122091944948116 0.179862269411886 0.113307326303848 0.0700063180559626 0.0670070842239075
0.0893216342618205 0.164188947287022 0.0577544952323285 0.101409892497105 0.15860005326035 0.212709423608026 0.0736424851166144 0.0689784833164708 0.0733945854202636
0.148913293506711 0.105781815752036 0.0807031255859547 0.121609836970256 0.129105528022305 0.066418212479386 0.0376700320649548 0.152706379340462 0.157091776277935
0.0420403762872204 0.157110685276683 0.0436577920276378 0.0264565149784168 0.103662227842805 0.0998507876299593 0.12552336042673 0.231422964368099 0.170275291162449
0.0941525210850523 0.119982163754362 0.050590856869261 0.131795300482659 0.138493159227537 0.147820503147846 0.0515390538528403 0.150325205737189 0.115301235843255
0.0460110009369923 0.0360272058767473 0.151050503889459 0.0731826394975126 0.0911687403062205 0.0878872738866074 0.179489792211743 0.151760645393487 0.183422198001231
0.159033067792623 0.145464260750129 0.00349731384725857 0.0766394554219996 0.0930056666253813 0.0861219681412202 0.0714366647567753 0.163517284593163 0.20128431807145
0.139433274852235 0.1911135197937 0.069178357008951 0.0365640197957701 0.0574995074837691 0.17066166810819 0.067145255855159 0.232356348725987 0.0360480483762394
0.178217864614043 0.0218987954865471 0.168076672280133 0.075779694906067 0.1421176265281 0.110915182329202 0.00409503273541673 0.198210775019857 0.100688356100633
0.0756159094926377 0.127549573569591 0.210578097211868 0.106541928291122 0.0560175254720502 0.128517164899437 0.0567268312327434 0.0541877299986472 0.184265239831904
0.119122593168079 0.0704354945740189 0.0402839653727462 0.0477035691389254 0.0757454034206478 0.142757413455693 0.272154892451578 0.159046700631056 0.0727499677872552
0.156117831358495 0.0533999582703184 0.156721378955902 0.148192868885094 0.107830464650629 0.120915374074803 0.133599460533975 0.087016411244984 0.0362062520257988
0.104615675304465 0.27405065967257 0.0402013153010446 0.270383276783748 0.101362487736538 0.0606538534836753 0.0725028901598931 0.0367937823592787 0.0394360591987882
0.177670211876305 0.131240628139001 0.136469728038566 0.0644684627534083 0.161771477319177 0.0338511878421924 0.141201949809241 0.0446585608597261 0.108667793362384
0.0924763978882724 0.162368780085174 0.0934291626376521 0.161569964421579 0.0375026390870291 0.0980975620417918 0.183283376345023 0.114263695017362 0.0570084224761167
0.0538419346584611 0.169179611873893 0.0909117960387577 0.171700888303102 0.176516785240605 0.0221780740265275 0.0426421625058875 0.142928318018181 0.130100429334585
0.0247234141738773 0.209974722549848 0.167422422246813 0.17498676874794 0.200199883771559 0.167246866398282 0.0323216414394524 0.00369165685382008 0.0194326238184078
0.0155399754930138 0.181466896771058 0.0226093925757664 0.0766511425363187 0.216829043089009 0.0200517852664984 0.0624143660358195 0.267166989237398 0.137270408995118
0.187705009643722 0.165765895692169 0.137333446054022 0.125369372797935 0.0596583020959014 0.00430300282499026 0.167558880972694 0.118172693898904 0.0341333960196627
0.26129972164811 0.0600959367467982 0.0670131250529625 0.0666324663120959 0.0333780702812792 0.176581830208395 0.120763777159989 0.195519101555821 0.0187159710345491
0.039404261178916 0.0781809291282135 0.238757735636532 0.00231105016467644 0.0465411958918435 0.140521499492605 0.120630186952914 0.131907296537989 0.20174584501631
0.152535915989936 0.0335983243611128 0.0356543798119223 0.186502316063538 0.147642520738462 0.0601904829632784 0.0524828746794984 0.151365821990944 0.180027363401308
0.130922218419646 0.176602842754666 0.0525490590561813 0.101683436820827 0.124065033976168 0.155777842697899 0.0074784835686836 0.0815093013411207 0.169411781364808
0.151174615145279 0.0517948673026903 0.0610819341236299 0.137991871327023 0.156021863046439 0.151427598385917 0.0356978540248738 0.140911973131992 0.113897423512156
0.112031486370285 0.130663060470455 0.0588575795558868 0.0985819437727344 0.135502414812491 0.0505735578996947 0.148480687042234 0.112947751352828 0.152361518723391
0.0616445949366322 0.0895333108528263 0.191112688522409 0.180587330789662 0.0700280973499204 0.154315039320469 0.0204334396589312 0.116293498792935 0.116051999776214
0.0897203080627299 0.117169319631962 0.0783466755232712 0.204447549546293 0.118913710564882 0.117505979705036 0.0367784324477464 0.036933331445968 0.200184693072112
0.181635765937566 0.0786933615843023 0.0755216168313894 0.147228530380035 0.0750223298084755 0.0323761765054022 0.047032866223343 0.140724515760978 0.221764836968509
0.178487008100551 0.0254718171164152 0.197895124053604 0.0426262784037965 0.173053835638489 0.161770285937824 0.0334108204180084 0.157865046761822 0.0294197835694889
0.0926585539732132 0.010806234937261 0.038023841942701 0.0800611238314005 0.158196579030835 0.0966458284141661 0.152971417041056 0.100594007987316 0.270042412842052
0.188495318491412 0.031052566127526 0.204983632944101 0.0416730583163891 0.148573477339788 0.0207880751683577 0.149190864426075 0.0141539039524533 0.201089103233898
0.123429095540186 0.106452467715352 0.130404763300123 0.175625815686012 0.0130675619893943 0.104590016689568 0.129289461929434 0.17148790490529 0.0456529122446406
0.144247134460887 0.0888654428360521 0.141026523580105 0.0276413164095351 0.142640776738928 0.23764422918954 0.140895883368743 0.0705959580786491 0.00644273533756034
0.0850360337747073 0.156629044104612 0.161994497686009 0.0718051510224317 0.13916221150776 0.0615680241420306 0.100766754668498 0.135251790634419 0.0877864924595329
0.160042804134081 0.135526167818159 0.0313807381441831 0.0855673864265925 0.122871108433209 0.212633647932963 0.0474683895948893 0.17401899834877 0.0304907591671539
0.205394209586886 0.0385574474026606 0.167931225944235 0.0300126502467903 0.155785413061377 0.189251224628019 0.18715501349187 0.00776718732584763 0.018145628312315
0.0855554561756084 0.152970404146554 0.0510088929830403 0.131668742623925 0.164732846998131 0.113783962078618 0.0765245862808723 0.0878715304869946 0.135883578226256
0.00961770244428126 0.161839665132854 0.0155737560775402 0.163551862920482 0.218076818718126 0.164540250503413 0.0437963117719881 0.117528568557574 0.105475063873741
0.244077933770105 0.067612090458116 0.112542684751222 0.14210675975616 0.199711589100848 0.0102091827719054 0.027020054488545 0.0144143606693214 0.182305344233778
0.112118487345065 0.142640688503639 0.161192821035682 0.153726194863322 0.0674577101923615 0.10533689061865 0.0758900436577151 0.0654903620795071 0.116146801704059
0.0224322445574021 0.0333114372194371 0.170577111010649 0.199774143047297 0.0234429953454701 0.108612818907688 0.204028064626716 0.237279570860234 0.000541614425105831
0.146067420800601 0.211527439387946 0.0213424074457472 0.176255772552796 0.0386676262305549 0.138810485549144 0.0700143675746242 0.0485544911655734 0.148759989293012
0.135786021043659 0.0716554065237411 0.158796064726066 0.18572997910269 0.0967232257328024 0.0186163093720881 0.127148539284729 0.086830063719029 0.118714390495195
0.126361447911915 0.0966585599748669 0.0449331821829188 0.161881947903869 0.120132431545361 0.217313254380967 0.152979450554175 0.0126081653593376 0.06713156018659
0.0414431395883991 0.0998789816692557 0.0728585860540311 0.146704269411597 0.0477168220850891 0.154374979014466 0.0586652783143338 0.191314633093592 0.187043310769236
0.0085793934751409 0.213394064827979 0.202259020245058 0.097134351737085 0.0409340253187851 0.0246949602477359 0.172825842849787 0.10323907648466 0.136939264813769
0.126558383884947 0.126797314528845 0.103072717660073 0.0384785783281036 0.152161655297664 0.0779829961642117 0.14810396927234 0.0839302993916916 0.142914085472125
0.0274796371291533 0.210882178459862 0.233004947141801 0.105277320456269 0.15500017791791 0.0377846757364985 0.0288065367670158 0.0650890188619919 0.136675507529499
0.000414213576383941 0.173405682661846 0.0426778482975346 0.179110399538781 0.0229774352959741 0.238873727781009 0.0783006427440072 0.151302133218875 0.11293791688559
0.0653984365079743 0.17566823220413 0.117072614786902 0.0212985502119026 0.0615965042111946 0.11998437293029 0.127597455557435 0.165307308595985 0.146076524994187
0.187010971708085 0.0919049767548433 0.0207332950921193 0.00386218100755616 0.120819091903139 0.171165734628878 0.135997305331812 0.108314467508716 0.160191976064851
0.178162742643662 0.0944104354055973 0.173905398386728 0.0370539762462784 0.0862853154679061 0.145078975453611 0.121774163363624 0.0229204281624223 0.140408564870171
0.120408362427526 0.131728821965904 0.231899750287492 0.020703771807372 0.127801157116254 0.0144873304483345 0.107123980023034 0.135753039440379 0.110093786483705
0.15076663493986 0.157863530153299 0.0884037177332975 0.0837243799726307 0.159186716796706 0.0938158991269129 0.0555162643725886 0.167143082070489 0.0435797748342171
0.188031907688073 0.0561840209073285 0.0236395368036002 0.0801286110601226 0.0514350003434367 0.219589784706991 0.125815741081019 0.201223449102681 0.0539519483067472
0.258769770962165 0.289871281263272 0.0490330296299035 0.016598893676457 0.120348799020355 0.0290552411812659 0.0922264319943765 0.104298401613247 0.0397981506589576
0.0657241315277207 0.168500703667783 0.175639145438344 0.141063154053799 0.0350115563876437 0.0217852359962625 0.155358609390922 0.087519608830781 0.149397854706744
0.128867527548741 0.110892526214318 0.0247013404851699 0.114973935655523 0.0592500837208205 0.131927621805961 0.14389129738706 0.128448462725264 0.157047204457143
0.122030227274665 0.0663730787881491 0.100668747988574 0.0305441041877765 0.191876435452442 0.0656035847663589 0.166110046507983 0.169531434020882 0.0872623410131695
0.209502959850146 0.202861405102143 0.118057863181762 0.0996061166019171 0.105735363678925 0.00094243150848766 0.189718492748978 0.00550681642154702 0.0680685509060933
0.157866186714914 0.128807450443551 0.125545777668168 0.0640700513498388 0.158756090012644 0.113581301362583 0.00335276674835827 0.123194631713696 0.124825743986246
0.221904905597454 0.127274496807788 0.206113655713189 0.0425285165106848 0.0326994360138607 0.0599764999051413 0.14862921240094 0.0953160165079998 0.0655572605429427
0.127034516050557 0.160094490759052 0.135778346492111 0.121381559015362 0.112398068051129 0.0937166696970221 0.175629934758591 0.0434659408095045 0.0305004743666713
0.0716679332494627 0.0844257064983694 0.17623683653116 0.152480354824065 0.0879798808218596 0.130674335049189 0.0210420792095293 0.116102339238362 0.159390534578003
0.00870813634868672 0.206476243225743 0.160990055779538 0.10364160239382 0.16238555958686 0.0219179666474317 0.0869185712666973 0.22163869564163 0.0273231691095928
0.198799520280495 0.0782134429692885 0.0906981790875347 0.00417625666293366 0.156846577733157 0.107139366374372 0.135053272255489 0.212590015704899 0.0164833689318304
0.25732015258545 0.0341644549552277 0.166208389862437 0.118963838043683 0.238009588964932 0.0117002673025347 0.0746053782290898 0.044284003542482 0.0547439265141642
0.115478542668803 0.0221921199918408 0.00758638698545739 0.186914024098838 0.198467479884918 0.00380851512072257 0.163281840907315 0.121723249314125 0.180547841027981
0.0514995644377182 0.0909025055010557 0.169989392215027 0.012663446848904 0.0464134808294935 0.0931240382075934 0.169475522897716 0.191937151836576 0.173994897225916
0.178784186705965 0.207242139469198 0.0822603443868835 0.089821532291906 0.0595919609761686 0.0583238188470885 0.23496358705537 0.0697502754149903 0.0192621548524307
0.032788038722502 0.164614813716536 0.13202677258328 0.13705958289438 0.12496746047651 0.144095220136243 0.180122400983905 0.0138050617228839 0.0705206487637601
0.230760785285627 0.0961511488687258 0.0689938036517521 0.0589329232166611 0.0221780263728716 0.224871094591621 0.087003289772217 0.0399769129982715 0.171132015242253
0.0262347722296324 0.155949986283928 0.121210096720391 0.166720585914412 0.11983740199437 0.0112703050911839 0.0907727711815236 0.148304815092857 0.159699265491702
0.0735232233779631 0.162403486686825 0.139686491197981 0.134974188927978 0.126432619683919 0.0900240761590275 0.0814624398163484 0.0745896566735465 0.116903817476411
0.0254689936119863 0.0861913511277633 0.153725268525219 0.166075519266175 0.169192219647755 0.179581563650126 0.0371423509967747 0.178650216821401 0.00397251635279981
0.16931176087701 0.157643999609625 0.177875047597345 0.141841395389735 0.0112637531643313 0.0267159971315362 0.0563706595547625 0.161820913788649 0.097156472887006
0.110790717639608 0.135917200349672 0.00508697820689583 0.114836103334258 0.160468909564298 0.0595648550332947 0.169696427814088 0.168688079732415 0.0749507283254715
0.128893216792714 0.11867350018385 0.060079048516771 0.183275023530269 0.0842808864413053 0.122924548040761 0.0472864834153439 0.0773098969188599 0.177277396160127
0.178698921479426 0.0137970216280097 0.0366587672792812 0.154938074460305 0.146548420354508 0.164000769564063 0.167781981437955 0.078830716476397 0.0587453273200552
0.22359994681868 0.148797054695859 0.0762886251536257 0.134720843432475 0.0847041614424251 0.112260833121175 0.128810823276983 0.0126693029475202 0.0781484091112568
0.0997580365141389 0.0142621553854108 0.0844282467493966 0.0772663451621029 0.18686373014944 0.117639002183611 0.180427556198443 0.152899707276036 0.0864552203814206
0.120816853350106 0.116153368617032 0.0155008490311114 0.179071879293888 0.207382912620385 0.0317350991949778 0.0352791676985201 0.0971295885539714 0.19693028164001
0.098889768182861 0.0710471779649997 0.117573835680995 0.0818328058932748 0.134541804648435 0.10737691000023 0.107176857676733 0.147908180490496 0.133652659461976
0.133479973791364 0.15689404817492 0.0842820765723076 0.078770569917286 0.062060875003396 0.132400523829084 0.116757426249138 0.142621179751997 0.0927333267105084
0.14031988979401 0.234017619333473 0.0107432870174043 0.0699599733634164 0.0710016739447739 0.198945203029622 0.0472671723016131 0.151810504723233 0.0759346764924548
0.13230206243912 0.0608295189460224 0.160410128120368 0.102237273837999 0.161486210417412 0.140666133425014 0.112577728851876 0.0858634688050795 0.04362747515711
0.0938568956383148 0.155616518271278 0.189757213289222 0.16906946171596 0.152678688893925 0.0450080087097199 0.0891919253838934 0.0913671653549478 0.0134541227427393
0.182167865632949 0.0516170678193407 0.182031717188486 0.139213483745389 0.0934794986863778 0.111960811222467 0.0710619797094892 0.134345171892099 0.0341224041034021
0.0822784675912621 0.0445084094984074 0.115601767978319 0.00476379000220509 0.214558717693506 0.011372664500418 0.123782787353571 0.167119536355922 0.236013859026388
0.0131160504017275 0.094389450915527 0.121971750479682 0.220425920122205 0.0821013934406138 0.145889973558872 0.0263882659038806 0.173563798741121 0.122153396436371
0.0851937804881769 0.164367925733541 0.10001610083778 0.104896109556204 0.0637810759967886 0.179964658905269 0.13278432997692 0.0512832363397104 0.117712782165611
0.0335965846422117 0.101864357643867 0.210097337724043 0.224841846289048 0.0348273169708373 0.139647669582031 0.0643420341104457 0.0148254246637273 0.17595742837379
0.0368511803671256 0.184146753272372 0.133651773742985 0.108485813437182 0.115135155765221 0.131792774310286 0.115811414331553 0.161738018163431 0.0123871166098446
0.230977381414989 0.0493438198747547 0.147302368301425 0.0136154204726991 0.116571633872003 0.110109775719263 0.0202909582783318 0.152739969243071 0.159048672823463
0.114143130546927 0.0535308470187985 0.154637282699378 0.184801962805885 0.0608489655381092 0.0924753476486145 0.174586133743291 0.00261361301909011 0.162362716979906
0.0405795094312493 0.121314254771633 0.129369402190289 0.0481388389335786 0.300047602474608 0.131830269444977 0.0386888486150843 0.0828060425474856 0.107225231591095
0.00774790104242402 0.121252125844817 0.0722167060285251 0.205941210147396 0.0276352202833124 0.141949868350898 0.108224372268923 0.121784359027234 0.19324823700647
0.160803389140893 0.0183202382834852 0.134142537618032 0.0962619980494144 0.128118427223659 0.0982833513996296 0.220648017149633 0.114276404116006 0.029145637019249
0.0723974063595926 0.119659881912112 0.108896373130442 0.171069656928387 0.128681669095266 0.15773940741108 0.148213863507454 0.0176796911510874 0.0756620505045792
0.153172577421627 0.0437292055967885 0.0173462851104129 0.116934533809986 0.160159809905256 0.0827055033010976 0.118870827020497 0.198718167732705 0.108363090101631
0.179453547259266 0.177402773515529 0.0341928039368078 0.107044421373564 0.0814339835543866 0.106499921175126 0.152107339712945 0.0197747796799923 0.142090429792384
0.189237318630556 0.135766569716736 0.18997634707466 0.025317059159808 0.0836195253161414 0.0726499688997879 0.142286412746046 0.106184180241159 0.0549626182151054
0.313300106828253 0.0888256586455012 0.0562627430922923 0.121244784099153 0.0868979493534037 0.0381802728032959 0.024470266187113 0.158471710208856 0.112346508782132
0.0107496485453854 0.0701502392821056 0.0281285530866647 0.203989005089257 0.0157614315306891 0.157260239754103 0.173740629830574 0.169246166514986 0.170974086366235
0.0745841760302738 0.00788361937619042 0.184036874346378 0.0427360435130546 0.159331824319501 0.177687111954084 0.0872803964642715 0.0337470913524876 0.232712862643759
0.273049430115626 0.053848817154215 0.101710553802601 0.132277542469833 0.154593015266201 0.0944381218586443 0.0497422916845356 0.0375676221600099 0.102772605488334
0.0336951034816107 0.051643023405259 0.142405907664494 0.206218637999751 0.0930259686161748 0.0538539937317647 0.00269575664453195 0.190452679288407 0.226008929168006
0.138232041827351 0.081542932386902 0.261549780930393 0.215753403860237 0.101367301714199 0.0484049246399676 0.0421842818218856 0.0750340312677919 0.035931301551273
0.06141324349631 0.176604269415968 0.247675879976727 0.0150843402330359 0.091253038822418 0.0702550321257937 0.0494487697492137 0.143351308745495 0.144914117435039
0.188440441638671 0.115467373717279 0.0484291726231783 0.184437401766515 0.0322446793098183 0.0782751138066016 0.0287812376741164 0.142069041482673 0.181855537981147
0.164031976786094 0.183209434678322 0.0593334353566653 0.0834371483195739 0.00333915896942283 0.0758009845001116 0.0347346425691905 0.204975610690712 0.191137608129907
0.0752806141255724 0.16544841900657 0.0894612350045252 0.0693157629469782 0.0279563654098735 0.0767408287007708 0.18077381545424 0.147026686152772 0.167996273198697
0.00552193072086897 0.23295358733341 0.183639309936159 0.0192861841078332 0.122133230610198 0.0355226964076554 0.0802803194939118 0.212515792027678 0.108146949362285
0.182308808968559 0.099377632171225 0.0111800911787923 0.103684235261445 0.176063101222034 0.11406953808642 0.0573259402303874 0.105005021221048 0.150985631660089
0.110768021741435 0.0883610313267139 0.0939180854765614 0.172731120705687 0.193757805343 0.0703251965068306 0.00210158148462824 0.195293089388854 0.0727440680262902
0.0500297820616411 0.138806811855439 0.14664236513922 0.138840460565 0.0200992953674485 0.101621693328639 0.145834636590027 0.183896012091656 0.0742289430009295
0.143771603119763 0.167850179827183 0.0417231368109372 0.121591401451306 0.0622990131883536 0.265584830372578 0.0905035127808487 0.0931424112600033 0.013533911189027
0.126701003513939 0.0710683114764819 0.0524556667022094 0.129874119592096 0.182254680267513 0.161258284522683 0.0942777614242504 0.154991929260204 0.0271182432406239
0.111911344609012 0.0626193424872715 0.00698426899603991 0.0156984805608817 0.138434962183778 0.185080887440919 0.193727797476891 0.190987580885891 0.0945553353593162
0.113785549549174 0.109131054881069 0.0894769921566532 0.0160381824375351 0.198064544185671 0.0905002621066805 0.0105319827782085 0.159702280757484 0.212769151147525
0.0793905286085512 0.141389793454793 0.0315360011065736 0.173572694919899 0.0159344122547369 0.154362542998989 0.131666308745464 0.112435145068188 0.159712572842806
0.192309054311271 0.0209871914325979 0.0733102623564163 0.108435584521385 0.00670380223809568 0.138471601516584 0.151281247429591 0.19608324321663 0.11241801297743
0.00482927557413629 0.185083378323172 0.0843991525174516 0.0963828097897458 0.107014832521977 0.0152402089685767 0.179184443094191 0.179877920481522 0.147987978729227
0.176386713060942 0.026834174604353 0.273908616510753 0.150764576596209 0.00902805729646988 0.123629312557843 0.0431364978317452 0.120548918925578 0.0757631326161067
0.003648288267655 0.182767855667403 0.172874239809168 0.106145089865322 0.177018792268588 0.179670528840904 0.0666408764600879 0.0773219229593679 0.0339124058615045
0.135481370122469 0.000364819287732983 0.0391259455064915 0.207121821547896 0.183645600228276 0.0393989318720717 0.194867732778974 0.11687456638132 0.0831192122747688
0.0995131576132779 0.0490514025044297 0.222098890827938 0.0819877450095716 0.0274856690725346 0.105524003345042 0.0981021022824056 0.172319839047497 0.143917190297303
0.092014325558292 0.132974885833138 0.0626019056468907 0.206723844008537 0.193301941186025 0.0304918934449995 0.142624473612585 0.136828167603634 0.00243856310589996
0.0651410570072396 0.097091960866098 0.118921570629481 0.120572696468469 0.0801891896181204 0.132062434849188 0.133349594086201 0.1392447475559 0.113426748919302
0.118035661122883 0.0763795913817213 0.14641351651067 0.178710175772001 0.0703194500560657 0.011213900969758 0.144732894357187 0.123322217951521 0.130872591878193
0.0820315796418263 0.212716056985889 0.021385695479246 0.0595805775984486 0.18326543831981 0.0939925205636029 0.0893232842995922 0.256508505733167 0.00119634137841721
0.168191820401492 0.111662657667427 0.00506898622031732 0.0892768027522423 0.156656726331959 0.156490721300057 0.0288724236969255 0.177880459229369 0.10589940240021
0.118432501662818 0.163208319420806 0.158515521922976 0.104347113857237 0.151333767180751 0.0438531195521763 0.154401249665654 0.0601978905526579 0.0457105161849235
0.0896204996143273 0.155798349178668 0.0983381096437086 0.143000885077483 0.0280021283090222 0.127098650927669 0.151947195623282 0.115241765042614 0.0909524165832264
0.0397093767979366 0.0253296962772622 0.165965133569348 0.229261195501979 0.0184735353702141 0.24930829364702 0.077794664002569 0.0063517176348156 0.187806387198855
0.149717755473046 0.0204767311687313 0.0751219251051023 0.122021192553307 0.0547782571314719 0.190366665476283 0.124768322628858 0.0381511793703206 0.224597971092879
0.104935333224399 0.0300013871052197 0.217999563122099 0.140106248994432 0.183978411707686 0.0435615756567052 0.080207240146619 0.0279678121046771 0.171242427938163
0.114596323984955 0.152188042668278 0.075879324172177 0.0256597060807719 0.250353698669294 0.00247792030982955 0.0782867679443657 0.0818467904045542 0.218711425765775
0.147600751815926 0.110846883443621 0.068912343914505 0.0492432935904101 0.161763660439641 0.108869244819568 0.0585356491617702 0.147869171715104 0.146359001099455
0.15578934385843 0.167805304109732 0.0326782149535703 0.0361255566797511 0.107002131704903 0.170972772668338 0.0310274908072133 0.164405241628886 0.134193943589176
0.126242916685932 0.182296806511029 0.0586629441566542 0.131850805043266 0.119185681843968 0.176494416557982 0.11684302012736 0.0592943315190194 0.0291290775547892
0.161795995736078 0.0569202444204319 0.0100402219834403 0.134132817662736 0.163808358226406 0.0352957964499697 0.169353220426303 0.118214606735044 0.150438738359592
0.246807416875979 0.0494245741951281 0.19270838846494 0.0237074434126422 0.0748299888527521 0.106963225864488 0.118754781195684 0.033751063075671 0.153053118062715
0.0649256405763163 0.164186274387596 0.135700567437678 0.0670636168263297 0.0394888760371007 0.175258576960846 0.158200616874328 0.187642213188508 0.00753361771129656
0.18486787687773 0.143707312605967 0.0668257380401751 0.0616498787617622 0.0867336733679657 0.117795680199028 0.106978663208528 0.0358381210870008 0.195603055851843
0.146325068244618 0.149722246718214 0.0996140583606152 0.13226978136904 0.161177698912946 0.0555943377813217 0.0343943393849949 0.176310386375384 0.044592082852867
0.00188248402301618 0.247453088991376 0.189240399346468 0.00464197835319293 0.0683226566474659 0.0478488724697535 0.176547978041558 0.249982570300451 0.0140799718267186
0.124332532801957 0.0907273407976705 0.0872822691061066 0.0406826367463584 0.015326648154328 0.135188785688869 0.267818807724465 0.23374163976634 0.00489933921390502
0.0523951672630364 0.203272660574866 0.0102102162026826 0.194707416842915 0.0831171601813217 0.145860021971237 0.0120048240080224 0.213086893530153 0.0853456394257668
0.087405247532838 0.192993660016017 0.0709383066088196 0.157827898384984 0.0204604372417545 0.11426428169348 0.0902781283677739 0.153043203739602 0.112788836414731
0.00521728326079582 0.0479789467697086 0.213826337743431 0.174781764681138 0.0342802706816071 0.173200639191459 0.0714378827967847 0.17485245044385 0.104424424431226
0.0635840235434417 0.141884426545916 0.108256081708673 0.0484156502188352 0.197506927477964 0.0469916763338496 0.172405494534 0.0924003062309929 0.128555413406328
0.0997014150175847 0.00874484749447729 0.0145645547866257 0.199578292287789 0.0992808124739511 0.120713156593008 0.126702326832554 0.155921003938257 0.174793590575754
0.0422661249940729 0.0822298028495783 0.0838112406938224 0.169827047792443 0.195717821247197 0.0223122305004632 0.140107002380486 0.0620939731041471 0.20163475643779
0.0658598704977297 0.119097390360502 0.128186705500481 0.0262529797146531 0.0243563777868245 0.0775198880549023 0.226906327376136 0.191099885982041 0.140720574726729
0.155798577012171 0.187305679171102 0.0260532206872548 0.0876722957122546 0.0664715342377131 0.166426084691454 0.0970385227318896 0.0334975594433928 0.179736526312769
0.120360157191211 0.121383738838462 0.182623735883757 0.135133827548685 0.101402182712321 0.19862976347309 0.121609668687205 0.000696276261400266 0.0181606494038676
0.179085331938477 0.106151569272283 0.0503861279640168 0.0689651202900991 0.042785058979903 0.268810291324982 0.0624262313868958 0.070403444030567 0.150986824812777
0.139068680919831 0.0918052665728618 0.139428624952081 0.0088849217418908 0.14048152807931 0.1439107074113 0.0392942369209476 0.109721179858835 0.187404853542942
0.0950071543540334 0.111718392540477 0.0575208205528092 0.174996411491677 0.0331548142548433 0.17888395322103 0.091563766832528 0.17238406409732 0.0847706226552827
0.0727145622451331 0.0261641024008413 0.0635456892454972 0.151471587943406 0.104092720395594 0.192280121199255 0.137366581550226 0.120212966165799 0.132151668854249
0.0117449224676986 0.186394358481827 0.163878952743802 0.192424452180724 0.0301262703267696 0.0535937919469244 0.0660943370980278 0.139421452553474 0.156321462200752
0.0857262068202286 0.0519156489733556 0.155386550426528 0.228194014143743 0.0202315971972077 0.100938802991231 0.0887398857149556 0.220219179729954 0.0486481140027961
0.16451643098272 0.124856708639666 0.199664693561412 0.155343208070058 0.0922384375014515 0.163270028544513 0.0610890331881389 0.0003330354283071 0.0386884240837334
0.00422078007780901 0.116703605742357 0.162192461522873 0.108071440543026 0.0593145553094443 0.178752269566208 0.134058971233203 0.113540064180044 0.123145851825036
0.160322476279656 0.0990544180857595 0.213806898295621 0.00676950489316961 0.0579073308878333 0.12380935121198 0.139394892356711 0.121662916055936 0.0772722119333339
0.104424197634083 0.0525195344960365 0.140397679833324 0.144165757187999 0.248606097990578 0.191833185478115 0.0106139068731166 0.0210716107527598 0.0863680297539885
0.161177732549299 0.130104690974842 0.13148021282264 0.0599756126145116 0.184694971114888 0.0957664275418601 0.0209028702788344 0.138190662602079 0.0777068195010467
0.00209572056835284 0.0384891704455661 0.251623027137844 0.077523654267966 0.177807296580277 0.00485280638632358 0.148091722297266 0.250487853411383 0.0490287489050213
0.093257777543745 0.0266647296824196 0.110215332472424 0.0983355821845516 0.265771051281622 0.0451444377397712 0.193819249082028 0.0692150522778005 0.0975767877356383
0.0830784432537811 0.153446785994392 0.179255150300022 0.091702387999868 0.0744579891766448 0.14242180760012 0.0842176763153094 0.0418207813305228 0.14959897802934
0.137263624047268 0.100925876373185 0.139169487401958 0.0972592917851882 0.122868803135591 0.139563641733826 0.0647605967092223 0.0692936517123216 0.128895027101439
0.210749269920323 0.00412628321168825 0.151537454511081 0.199940096590333 0.062115769695997 0.0558621320868156 0.0895070372925869 0.07237598673273 0.153785969958446
0.149277302063755 0.0669708760259838 0.191846118028662 0.0863778680736699 0.111003537103908 0.0153205481108158 0.0564667448078648 0.13190831775114 0.190828688034201
0.064988737364547 0.0981612324268514 0.0672868713882011 0.23876641855005 0.00886750278667955 0.0451517090255939 0.231789130361813 0.228391026747959 0.0165973713483054
0.0553916108483588 0.0881812280027508 0.0979466151012618 0.0294386293211009 0.173036448318985 0.0679706004146622 0.169615243133986 0.124212326073508 0.194207298785386
0.00634370181369514 0.151456042810551 0.103656038064464 0.189459160943348 0.240507498376395 0.165115870562047 0.0593659803860766 0.0789009008483883 0.00519480619503476
0.129276741228207 0.121989373656521 0.172459397764712 0.0425691950170895 0.109271595404103 0.109008443244726 0.00620641942040958 0.143862855136102 0.16535597912813
0.0935070139590713 0.0625199342150484 0.112600134936253 0.0535922522876493 0.22227911601026 0.2161736852309 0.184296087291141 0.0265937289955697 0.0284380470741073
0.104711339496557 0.12094989102476 0.0620953648498711 0.0929214230584872 0.177328506066089 0.0441496691890752 0.28679189872846 0.0527203674761701 0.0583315401105293
0.0593456867652817 0.0506704276965813 0.0979339257143663 0.125848792503171 0.208592789227179 0.0618344457560468 0.0224104297092042 0.170907975615008 0.202455527013161
0.020958236922524 0.151398657865898 0.142287662482495 0.0971747277142763 0.166728774517889 0.0951726025082996 0.126618723183016 0.137548131479264 0.062112483326338
0.220194776667327 0.0662770166276435 0.172994513360399 0.198805133046457 0.0648818187725408 0.0326100171565646 0.17806843202845 0.00683710570435011 0.0593311866362679
0.24397563275414 0.184690110114569 0.256365238691745 0.0443253530592543 0.00565657693033404 0.127467546395213 0.0743565378093888 0.0488370170498538 0.0143259871955023
0.0412183398511755 0.188078827861963 0.0900626043457567 0.072835711097568 0.197924544766577 0.0397413010788794 0.0252559833653468 0.211486819370918 0.133395868261816
0.107672176945925 0.0879734532903709 0.112431925988655 0.0543853489108927 0.162939244267685 0.173946225121627 0.0943778899785446 0.157996022894649 0.0482777126016519
0.178546113095081 0.0208493926589051 0.0443474813244547 0.21197304942894 0.153711672695288 0.0623168849720368 0.232351320414354 0.0284770727393676 0.0674270126715729
0.0792511438917576 0.126775421248923 0.00836490311648029 0.141519704365522 0.0469746580718852 0.0581405987765505 0.225828536252261 0.191329984124154 0.121815050152466
0.17686958020565 0.00111286762103098 0.051875358811146 0.0195669646909588 0.267384125826755 0.148881042378262 0.00189037615873641 0.322249428045384 0.010170256262077
0.225178380367503 0.134281439930872 0.0474531666187568 0.0300566069710139 0.0870280649179359 0.0257330587534134 0.27311615685015 0.0653643629322339 0.111788762658121
0.160663563424775 0.0763688620925443 0.14984430725641 0.137756940591008 0.063958579381534 0.177803279421671 0.137784321190195 0.0659655364317618 0.0298546102101006
0.146918698930061 0.167909460673823 0.11734658912728 0.118027694744623 0.0444825702407701 0.0692849830353707 0.158050166738232 0.00293765520245428 0.175042181307385
0.0468471592741152 0.234442149404026 0.0294544412649109 0.088709184202388 0.201799256515436 0.0108826088254051 0.113244813237278 0.123257116845632 0.151363270430809
0.122329628870691 0.145044844635928 0.147110959317022 0.0103317903263165 0.0507399654560243 0.131627208136379 0.155033234922359 0.169073406401533 0.0687089619337478
0.239751931933125 0.035346651047104 0.122585545502427 0.235367503368273 0.0364931240223898 0.0274443017759297 0.156359880431275 0.136072288867472 0.0105787730520047
0.0789982711487771 0.0501938992868289 0.18192244288343 0.0646521670282513 0.223738396584815 0.0284139162994482 0.186388321185848 0.0960359198155653 0.0896566657670362
0.100377259728031 0.196100691967611 0.123588154642975 0.0374806396591711 0.150147975055668 0.087738568205598 0.118165411223307 0.125671303370407 0.0607299961472334
0.187524133551476 0.0194093383199889 0.144659699582523 0.0845325492504805 0.0718780580946376 0.21718874475029 0.131277042505866 0.0958581987327754 0.0476722352119622
0.109856740025087 0.0930485129452312 0.0616907652828434 0.178295662193463 0.126870007619374 0.0568196118220195 0.167415101427533 0.118324984254266 0.0876786144301831
0.152975922716975 0.193736376128805 0.0575957507051832 0.0580404619627255 0.100826970234731 0.177514931796601 0.138975354257421 0.0518196148841974 0.0685146173133619
0.0989020357825187 0.18612775464055 0.0808538375371187 0.105528772022621 0.0187269580779216 0.163854696411827 0.132232298890733 0.0804254439513098 0.133348202685401
0.133349993003576 0.206311977438783 0.104633424311445 0.00109282668886761 0.189747443966474 0.0987053797602925 0.0728891050731528 0.0892148707750105 0.104054978982398
0.0857242858021717 0.0745413050285807 0.0913613664652137 0.0193014397317453 0.159427634472387 0.00296767704000243 0.228302255991001 0.103258897304515 0.235115138164384
0.0679090838004563 0.0396822373566075 0.150677624698148 0.0161835281029966 0.210054342612093 0.135585188299664 0.22216304454898 0.128086375044054 0.029658575537001
0.0310315872328718 0.13581260264882 0.147454042245572 0.174401586371075 0.13207873171974 0.0557465229781594 0.147388221984425 0.138157125132492 0.0379295796868461
0.0942636441389858 0.11724331524407 0.137261289454987 0.142885082019611 0.145466174064559 0.0613169556501711 0.110526636583333 0.0516666919605664 0.139370210883717
0.122441130278133 0.0256303344340579 0.186940672361339 0.179296464768308 0.18962449415847 0.0538806511686419 0.0358449473632203 0.124788769035441 0.0815525364323883
0.148084928006488 0.145404277006628 0.144975322871651 0.0803562005202322 0.0639930482546759 0.149236517895835 0.0751511131411222 0.042956690720873 0.149841901582496
0.0685884341735515 0.00899270182532494 0.220756555404142 0.235771702811849 0.154103935981369 0.0593051178204347 0.0541751514221886 0.0889522765687448 0.109354123992395
0.0758946019103997 0.0425703372868277 0.128244937436543 0.177692937016366 0.21034166929519 0.029542958072936 0.123552424795771 0.192618795735079 0.0195413384508883
