0.173886988794821 0.196291258643794 0.013739047121458 0.245522170867079 0.126727893137207 0.243832641435642
0.264425229477308 0.191611353031558 0.247699172469047 0.232099902801465 0.0144047292051201 0.049759613015502
0.328975729657842 0.0819799678216051 0.0111148288413538 0.0628442500521285 0.260815202067505 0.254270021559566
0.0941270249221177 0.0110830269452527 0.358473448954136 0.0169198814692118 0.222440322088193 0.296956295621089
0.144235122875277 0.216363788020223 0.059678301476367 0.184252137786243 0.203811690586086 0.191658959255804
0.0508321810605672 0.169506960730331 0.240369182108406 0.174236574343598 0.140684106616937 0.224370995140161
0.237664905993371 0.10632944872324 0.226936380943461 0.166875801896718 0.154183655876929 0.108009806566281
0.288676453317893 0.10499007200423 0.0978106599588754 0.192619042482817 0.030842984450102 0.285060787786082
0.183203669253873 0.0476607603391155 0.236393690430466 0.154521008625104 0.26945599395925 0.108764877392191
0.0299117729482794 0.203028097079123 0.187944549374882 0.246312260480975 0.0164131653893049 0.316390154727435
0.175730555479976 0.178164287086644 0.198461013659672 0.178761658980497 0.1532922269467 0.115590257846512
0.0313574933059031 0.258963162896172 0.20090045558432 0.241362587120423 0.199290208833088 0.0681260922600937
0.165291079837354 0.184911197730243 0.0772005997144087 0.174681107397083 0.187106319818812 0.210809695502099
0.0586129533197651 0.0521722259760562 0.291311568651765 0.0904643136743526 0.404266560414557 0.103172377963504
0.0559252635626747 0.182006840036584 0.237490896559433 0.0946011699852961 0.227117301056264 0.202858528799749
0.0706521455491985 0.274198408398031 0.201553688630495 0.168101261755808 0.224248902494504 0.0612455931719623
0.179545699264373 0.148133794487283 0.303181343668897 0.191367570343793 0.0898030919393182 0.0879685002963362
0.167335945482032 0.12661035120601 0.333255065106824 0.0599392626569692 0.190282556713655 0.12257681883451
0.168016394416964 0.168934723304784 0.228609013569804 0.293509412107127 0.0071929498167327 0.133737506784588
0.0390210939349706 0.224159981611006 0.344638661526608 0.076601679231938 0.186729923699425 0.128848659996053
0.22544679568228 0.288655027743978 0.146596017582645 0.152410043531676 0.142171648614431 0.0447204668449903
0.286673186276445 0.0230870028478523 0.275334380862848 0.26018992854568 0.00842238012269242 0.146293121344482
0.167415938850349 0.188655307076417 0.0083278915259298 0.241034473697413 0.287200900973499 0.107365487876392
0.286611572309266 0.098388140151385 0.17929605776028 0.0498273093993453 0.153543464140416 0.232333456239308
0.184624745232968 0.26420406938205 0.0932627804308392 0.15969292073122 0.241624557262546 0.0565909269603775
0.183545539278144 0.0869373926710282 0.323945973319154 0.162348630143878 0.00608736230222339 0.237135102285572
0.240152845018689 0.23477997791081 0.0649772341757613 0.0668517708377221 0.210188663166959 0.183049508890059
0.165133617155692 0.168169671211952 0.123636627203586 0.295635590342191 0.0634307183588647 0.183993775727714
0.137282792054434 0.169253355738058 0.179732050385803 0.0972426926916409 0.300365848775965 0.1161232603541
0.225865431960876 0.113833219346755 0.237061773212767 0.20985867153024 0.0123615502927208 0.201019353656642
0.197129189777375 0.146110940730834 0.321956406863523 0.0352485891969184 0.144700113936014 0.154854759495336
0.141214882000551 0.074033740877684 0.2661252588764 0.273901013043172 0.13066703911919 0.114058066083002
0.232032759951273 0.229009919625096 0.182027238195707 0.0561279309897527 0.168071893409672 0.132730257828499
0.337572636287642 0.151267924684346 0.241276556756691 0.0179690450319222 0.109799990052789 0.14211384718661
0.04933526931534 0.239247376153901 0.189958648833126 0.234949258155572 0.100145853483489 0.186363594058572
0.153676628222985 0.223393200770025 0.21949013621271 0.234062485527938 0.0106272713494616 0.158750277916881
0.320007254868837 0.0704939341649522 0.287740724764948 0.211249338636907 0.0461144965693331 0.0643942509950226
0.00301564208563426 0.303521101040265 0.172736032577449 0.11633657276299 0.156015567547062 0.2483750839866
0.120965091705729 0.274365984063787 0.0750958836759675 0.147544008050753 0.31978080512755 0.0622482273762137
0.205139199019915 0.243840152369471 0.0865933753048647 0.274143056296887 0.140109198825907 0.0501750181829561
0.182852582885198 0.111877064060325 0.118715149411877 0.253198879838809 0.138135519606302 0.195220804197489
0.1743972659158 0.0705717812522506 0.223762598511329 0.0256751630036009 0.278617025870492 0.226976165446527
0.291241519481379 0.258861249351205 0.0197479618725933 0.0815913889169385 0.268796912972971 0.0797609674049133
0.012625316188869 0.16923287585554 0.0935331911742799 0.187264945613929 0.282493024380999 0.254850646786383
0.0781021507070817 0.0575581573538688 0.175050779934325 0.307600909917328 0.21382184718054 0.167866154906857
0.163517516300811 0.158346593391344 0.0677158205046853 0.0909916020637007 0.322834948394188 0.196593519345271
0.0673431279271749 0.00532018081360114 0.298744462897047 0.188073863202943 0.39364448194793 0.0468738832113035
0.123827029725555 0.135222995476204 0.273174069657055 0.178657904032474 0.287740317981021 0.00137768312769055
0.199649750613649 0.0795514772365516 0.202338389565405 0.2654464230131 0.122097605898735 0.13091635367256
0.145803710286258 0.161900096560182 0.196807199292145 0.0998137799690476 0.320881159776836 0.0747940541155301
0.21474662252847 0.112324252611534 0.18958085358085 0.148386820291598 0.165918518026884 0.169042932960664
0.175866285815859 0.169093417943439 0.163906396448979 0.201083193907312 0.238695217274673 0.0513554886097374
0.22219160367879 0.0327716089801567 0.260684659381721 0.204697098938856 0.159395223986691 0.120259805033785
0.286111609793805 0.0794716187719451 0.106641324735486 0.274602885448919 0.152741408101581 0.100431153148264
0.073538702277085 0.191464933629007 0.314661633046283 0.27175091366505 0.0548749339046602 0.0937088834779154
0.0601674236907089 0.157812572413466 0.13026363877587 0.347490321080303 0.164577709431637 0.139688334608014
0.0172279325992242 0.116721183551692 0.215103667471747 0.155960796119386 0.0813830850032005 0.41360333525475
0.0446285932317331 0.0871554307136292 0.31990911197009 0.0251758046816749 0.255105343531782 0.268025715871091
0.264071306534957 0.0935213269807466 0.178528485619617 0.199475502770774 0.0745783276800415 0.189825050413864
0.161154180921453 0.216313922819308 0.0818496475204064 0.181067866633846 0.218964439294907 0.140649942810079
0.133354675996697 0.00799178870559308 0.353939879507622 0.132996132510929 0.0826529912785897 0.289064532000568
0.209570724731055 0.143688360942194 0.270730776688856 0.0504243449404204 0.253291500048572 0.0722942926489021
0.141407458706736 0.176960362714991 0.272443409089693 0.0911366912265417 0.0287140131432169 0.289338065118822
0.35967759152862 0.189544340956453 0.201160753954385 0.0695641599737267 0.0200015620581961 0.160051591528619
0.0315592254604108 0.159413274397834 0.4676009429236 0.121951393386328 0.191383794499578 0.02809136933225
0.141027339711998 0.380178465188183 0.0565439832221901 0.282528947537536 0.000332646473530997 0.139388617866562
0.0692927963576694 0.190008889232721 0.216282036406725 0.189031504869135 0.176372030669084 0.159012742464665
0.091988146224941 0.0554820717155566 0.232970725561056 0.153971648735008 0.236552760515054 0.229034647248384
0.0110531594649344 0.227978962723613 0.0227708490484917 0.27938777492852 0.211801270502414 0.247007983332027
0.0945721474308094 0.171493006658344 0.100948404348016 0.227596161716921 0.177233755955457 0.228156523890453
0.208227747394526 0.275208916641465 0.053269889460062 0.278711984535285 0.0775887039663662 0.106992758002297
0.351099383308217 0.213389953384518 0.222516151235927 0.0293567824298054 0.106265298551116 0.0773724310904161
0.211734272852475 0.370986984294391 0.299717436696335 0.0214438329417559 0.0383190630037857 0.0577984102112579
0.253955332963219 0.159232450556398 0.128744124873368 0.111858115169232 0.215736594759777 0.130473381678005
0.162920814072931 0.0224418342175326 0.270379774828313 0.254860973305616 0.0451949990118969 0.244201604563711
0.0935684898343592 0.250544449764632 0.138112404608182 0.204691556954595 0.275153387533802 0.0379297113044308
0.0116656840309486 0.434414033128443 0.0869788201786511 0.306977411106181 0.0608375553853902 0.0991264961703856
0.198478221101642 0.178252862607776 0.187387730603491 0.0916393272551012 0.146255189526129 0.197986668905861
0.29698287638483 0.104402728097914 0.10285805457985 0.14377196390467 0.161592846699153 0.190391530333584
0.17445743365385 0.109705279533342 0.134822272608292 0.173491751972611 0.193285903235906 0.214237358995999
0.0196168136172711 0.225074841097884 0.251431867988375 0.134332856520189 0.11229481761601 0.257248803160271
0.0920378500540965 0.152741245497089 0.187963697402235 0.345294922264126 0.124681568056436 0.0972807167260176
0.0751939759631486 0.14201967481663 0.243221771210774 0.0296355467642449 0.282610299387751 0.227318731857451
0.21657978571906 0.206220264151792 0.222747180039092 0.160326181362612 0.153421691954951 0.0407048967724919
0.204747609076937 0.139717743647605 0.201278525784223 0.297947886697594 0.112988779164491 0.0433194556291513
0.168952645808768 0.312084116419048 0.257223349039776 0.0407636514109815 0.0459339779939255 0.175042259327502
0.094038302776258 0.00540391566270152 0.257170024846098 0.196054023720579 0.26472390532213 0.182609827672234
0.231653685365636 0.0245794710127766 0.321717191839912 0.154449765553931 0.0221878840979584 0.245412002129787
0.0422759202358044 0.363431694189599 0.0642052277837491 0.0964350001069729 0.169794534744039 0.263857622939835
0.277666634598819 0.173583672422302 0.0818046351698093 0.0617845740075396 0.137406896658343 0.267753587143187
0.254740993565323 0.242308137047355 0.255704213362019 0.119428003974595 0.00724356995189398 0.120575082098815
0.155905157964895 0.11728977470443 0.0144268319632518 0.118909441399474 0.283981372378475 0.309487421589475
0.0379875339734202 0.147544357949706 0.1275638099671 0.298644978953893 0.228088340838669 0.16017097831721
0.144765432584227 0.0615894500380094 0.0820331064854258 0.351447252574258 0.17678412511143 0.18338063320665
0.197774221147955 0.0444996588681765 0.110649170689649 0.086140420736241 0.270430236514323 0.290506292043655
0.220473725766599 0.120844716855128 0.127171066920326 0.0744647896071517 0.199054254362638 0.257991446488158
0.137450931626101 0.164634121209826 0.124860696975275 0.171894318860063 0.262336734051848 0.138823197276888
0.126016050827261 0.292876572600695 0.0537378345034565 0.262865875434748 0.239443811351726 0.0250598552821125
0.0939429177949404 0.13658946102706 0.0880870176426562 0.299825144285536 0.175742256739621 0.205813202510187
0.221124048365341 0.229519030405977 0.0286677035175975 0.234253018639662 0.0898405480869666 0.196595650984456
