0.168503375737435 0.183210001967121 0.195502494890474 0.166346254690445 0.107074513179983 0.179363359534542
0.104417886591181 0.306701689209543 0.295660775205613 0.109828338212075 0.0121225939625542 0.171268716819034
0.236502643826349 0.102962934822154 0.208134759248596 0.102126533835336 0.127081022141547 0.223192106126018
0.182258464738257 0.139380776894994 0.315340491180685 0.331242415603142 0.0152879254958386 0.016489926087083
0.207450651708072 0.19883655365086 0.197027083478071 0.138555021628727 0.200292797393618 0.0578378921406507
0.13150383634294 0.297607036515317 0.225103084467769 0.114731970126892 0.0636104264690873 0.167443646077995
0.0854187620316886 0.060889522010085 0.216232557343687 0.274467797858549 0.191201512895891 0.1717898478601
0.110791631946181 0.163195184415912 0.188071886277226 0.173588839148743 0.187329969877329 0.177022488334608
0.0699955493096977 0.199116631514189 0.193068559305962 0.152864720849273 0.206979191158975 0.177975347861903
0.248591825349804 0.109008663589246 0.239663232281996 0.225873468307167 0.0883527197642066 0.0885100907075799
0.068619379335493 0.251761597545464 0.0599921872603685 0.148774059666333 0.240239753471662 0.23061302272068
0.239989173456704 0.0233637174198585 0.0623094036141926 0.206278698241922 0.22321303110006 0.244845976167263
0.14103147319845 0.0254801937607137 0.0419685547590264 0.326331177378421 0.396035968748305 0.0691526321550829
0.214947788973827 0.156585580386318 0.207907104553062 0.31154106972928 0.0828790631198704 0.026139393237643
0.323359772649039 0.0806160194685701 0.112929890076725 0.260653426309495 0.0698149723559141 0.152625919140257
0.13943024289293 0.113014444781961 0.107117438207603 0.205675195321728 0.206331615516695 0.228431063279083
0.169426996083157 0.116941256484016 0.275032417036423 0.0343247627427349 0.221502371131869 0.1827721965218
0.364686684341335 0.018698704745617 0.0521502859822227 0.212192910346566 0.310747898431282 0.0415235161529775
0.154100189402381 0.135542753845487 0.253234332651762 0.0399408536156017 0.245486419959412 0.171695450525357
0.144907941513793 0.0261901489176846 0.0537127557109664 0.199923924832271 0.27759694762208 0.297668281403205
0.135276178333862 0.214084205284138 0.00294999636462328 0.211559803830716 0.194828200486026 0.241301615700634
0.0294461172083707 0.23473364468951 0.150415963702004 0.254055727216997 0.169396033827089 0.16195251335603
0.151778404385656 0.211538219920795 0.177725158749091 0.178328759039093 0.130053608398621 0.150575849506745
0.228360588247481 0.0721878600304642 0.170368014018894 0.166259237530776 0.1236496653337 0.239174634838685
0.161161175832037 0.115245434953507 0.158978928476954 0.214796981845614 0.00183494027368147 0.347982538618206
0.100291240196212 0.181158442056065 0.289901876836582 0.199474954137848 0.016236040598809 0.212937446174484
0.254397964294365 0.0633579333485173 0.150667800090955 0.284756317709848 0.200424967082065 0.0463950174742499
0.228964041815832 0.0834450543865169 0.23032588825912 0.197545578911203 0.188358925784588 0.0713605108427394
0.303884309720071 0.204931375273771 0.017887651342025 0.0788907739913578 0.219656921303892 0.174748968368883
0.165030835508284 0.280858393436935 0.103541628617216 0.203958678786423 0.141821251372651 0.104789212278491
0.221642844664972 0.220453542252548 0.0743945270195121 0.0968612320227949 0.0137314548510176 0.372916399189155
0.189886759711937 0.166091527686623 0.0333950248176709 0.260684553587283 0.262525275773419 0.0874168584230673
0.159954156096583 0.0566844627829554 0.192966514724854 0.304142955389654 0.0491472760744884 0.237104634931466
0.0106196647398857 0.210496946651444 0.265720372611921 0.143040713170592 0.363690511890869 0.0064317909352898
0.0847687553021109 0.0411904229924496 0.305930951240861 0.0177101779377056 0.279769715526166 0.270629977000707
0.13319350967502 0.0905753070058859 0.265298926818529 0.0227472658583971 0.247952304397259 0.240232686244909
0.174343594619368 0.105118624227134 0.0987407899359859 0.0855791893628617 0.343860159825867 0.192357642028783
0.297461923421488 0.309330609397854 0.0264796498434135 0.117679482728183 0.223845515335281 0.0252028192737814
0.197586246374904 0.0682102980688205 0.216911368793002 0.289310643559521 0.053411096815961 0.174570346387792
0.287000123137247 0.126167131691525 0.151935338298381 0.0920673352035064 0.29875850748072 0.0440715641886221
0.00485119056373067 0.0625854962166404 0.237090993909452 0.235217973104851 0.268214862227363 0.192039483977963
0.194568798084343 0.150066841512018 0.225761158680041 0.0882505165854247 0.113266531638438 0.228086153499736
0.118372457407602 0.020107231745762 0.0155606466599589 0.290274505265861 0.249112190872129 0.306572968048687
0.115997432689761 0.187575763809832 0.208694724323816 0.171205476597174 0.161268169892069 0.155258432687348
0.22041754046941 0.217350104272135 0.219683083913366 0.204047458694569 0.104422306129859 0.0340795065206621
0.323460140439576 0.100966183664174 0.0370318499793785 0.0482707262142059 0.350165255798409 0.140105843904256
0.205193347265213 0.234412078812221 0.00922398302277157 0.247011189365948 0.243626197796595 0.0605332037372507
0.0196157952574196 0.309440653019329 0.298406168208379 0.0843058098702252 0.278474127119564 0.00975744652508237
0.185077265423935 0.0312472327027241 0.322053438543566 0.247481747020034 0.107727485231622 0.10641283107812
0.210948452179146 0.0306702467569416 0.0142026900060917 0.162239042543247 0.31016914750227 0.271770421012303
0.0291123070664974 0.25497783062724 0.0313817802541978 0.212527747022198 0.190061164320936 0.281939170708931
0.216184843928804 0.229912917600442 0.0455099653663304 0.194524932909761 0.205754078747314 0.108113261447348
0.151172247109005 0.144754359677297 0.0356729544105886 0.323355609806224 0.273600248208359 0.0714445807885265
0.134284204466293 0.0767378257832405 0.145538012048878 0.206373863921933 0.198165140620386 0.238900953159268
0.0730046343557853 0.0449804782350093 0.282435011423663 0.0896693816593117 0.195964213371715 0.313946280954516
0.331860005733604 0.0731551895762051 0.15388063736246 0.222495071309447 0.218307837984642 0.000301258033641724
0.296302110446013 0.0729266909041952 0.153489405131345 0.0430624532978614 0.294927709039172 0.139291631181414
0.152120735915094 0.11040393114043 0.083640630469765 0.213182034272556 0.326734507178283 0.11391816102387
0.175559273307888 0.0832696134060919 0.0866228317202891 0.0642091981224844 0.295353040269954 0.294986043173292
0.278400796198775 0.0158956773780563 0.218442515367151 0.0313245757510573 0.181512854448609 0.274423580856351
0.0180102444479181 0.236186784954813 0.255030812014743 0.154640136412698 0.0522324266446544 0.283899595525174
0.0014297116539369 0.130365204212858 0.277533102984089 0.0984082137188319 0.409423447619519 0.0828403198107653
0.344383588185438 0.0726352250413503 0.028629716955389 0.0581428137508554 0.172227248829764 0.323981407237202
0.144740433262084 0.133559189344642 0.316447999267473 0.205337400024703 0.0267363621553867 0.173178615945712
0.149630938875799 0.154947247493056 0.0923053164996845 0.233316160107349 0.221790101615763 0.148010235408347
0.0530040561739631 0.263695101236597 0.124519150500679 0.23784106110011 0.059072496994692 0.261868133993959
0.167241510564119 0.0235303249556816 0.251023363670448 0.183644976662054 0.148250883279284 0.226308940868412
0.171085376681612 0.00910259819753958 0.196871663863585 0.117462928238757 0.206513278631193 0.298964154387313
0.180876481174322 0.256533716700364 0.140007856032862 0.289310494125054 0.0058111927071016 0.127460259260296
0.184375757804042 0.0564540867363739 0.202069509694218 0.250275682117179 0.200941411611911 0.105883552036276
0.160875781989393 0.0671526603688629 0.317546341111575 0.0622003293557295 0.189225875162839 0.2029990120116
0.0279316314747844 0.228070955996136 0.246974264695625 0.151933837709532 0.2208493187104 0.124239991413523
0.204196152750427 0.127216660674057 0.220122431822165 0.322140771244071 0.0875055739851388 0.0388184095241424
0.234866276363521 0.0283068046980565 0.0619527668881101 0.202615356253547 0.247808244698329 0.224450551098437
0.177930275873474 0.248867035502267 0.244433911367215 0.146738094805855 0.129799562975475 0.0522311194757152
0.182193164791001 0.116039614929853 0.100769919062756 0.152448162584103 0.0842519854637709 0.364297153168516
0.157796446112633 0.118292165601133 0.062048539281541 0.276764671415644 0.32393016704845 0.061168010540599
0.0896783352245054 0.285052641925817 0.0292982655091202 0.201092185554499 0.108911027846878 0.28596754393918
0.16811655876669 0.344620380976166 0.0168069050596955 0.341603010750513 0.0807840526290597 0.0480690918178766
0.256047870172462 0.0346893652681951 0.266033788404709 0.131550193743974 0.0865856399785512 0.225093142432108
0.15764313254729 0.272903420139424 0.231796033681487 0.0638913447000725 0.0782124584368631 0.195553610494863
0.255784243967287 0.195711268775007 0.161632705862906 0.0391221435364991 0.169940558331912 0.177809079526389
0.0093198108932687 0.334183108384421 0.257075090065389 0.0735873242651487 0.124882786545961 0.200951879845812
0.144361638694196 0.22090600186532 0.106952266655893 0.322510190246867 0.13397233583053 0.0712975667071941
0.0298201480096156 0.317700080721296 0.227552566845049 0.0125558847179075 0.257202374540678 0.155168945165454
0.294534536084163 0.0336753454755654 0.0593445981831401 0.0586577279397882 0.305645470052819 0.248142322264524
0.228016302259409 0.287715263319227 0.090897942394455 0.0714638345773944 0.164523475096429 0.157383182353086
0.134234738597839 0.0341548827194741 0.193325473180591 0.219401187844481 0.0913792357816409 0.327504481875974
0.179482250347908 0.189600648752109 0.229541264556364 0.0547142383761573 0.00320958716149485 0.343452010805967
0.324692211186277 0.0655794556699061 0.0493761520547532 0.337886795443915 0.177522764952643 0.044942620692506
0.157228798793253 0.250339963975421 0.267108104115693 0.0449996134764606 0.181451426226297 0.0988720934128749
0.304967309346883 0.0085451676744625 0.0336507550677513 0.288469956300263 0.149134199213275 0.215232612397365
0.135790286853631 0.295810587602978 0.0370223035911338 0.0730008770727653 0.30668943098389 0.151686513895601
0.0677889774423167 0.0736682425666038 0.327634743054255 0.145298036571286 0.302498242704545 0.0831117576609944
0.280821113592985 0.0449238070267031 0.0827440230433627 0.261245407395974 0.169849653936848 0.160415995004127
0.187395390087379 0.14182526308649 0.265650321840351 0.191356225177166 0.0494442270459446 0.16432857276267
0.237958587898879 0.200294866602576 0.180064792643514 0.213651822765298 0.155940914610428 0.0120890154793058
0.269398605894841 0.220228715546561 0.0727106732592831 0.180310432047058 0.0581133095190318 0.199238263733225
0.227918777376772 0.226014065809084 0.0573053760011815 0.0521280821741162 0.267081343031026 0.16955235560782
0.0338311727490143 0.254835720094182 0.231370096148274 0.160183125551808 0.229384468049042 0.0903954174076797
0.16157757233752 0.245144689825003 0.20822594090583 0.0994968710753906 0.153930636320317 0.131624289535939
0.0560051140502643 0.272051366051201 0.157903065720241 0.301666592008379 0.144590902297455 0.0677829598724594
0.197508893317117 0.0077346979982208 0.347880639255132 0.29642490324611 0.102315695766543 0.0481351704168783
0.147586620324189 0.020005537676989 0.123847064383862 0.277039982752178 0.337062213220173 0.0944585816426086
0.430493740213593 0.0139071087061908 0.11423637646511 0.377107337492643 0.0603484531181069 0.00390698400435568
0.183731319819419 0.185368003408828 0.0422168119118599 0.273996956621519 0.19906734614927 0.115619562089103
0.17504108623381 0.114258304914464 0.224712825497072 0.0827720072327361 0.132952084730292 0.270263691391627
0.241489209520762 0.024904094800622 0.200919610559626 0.20336203375966 0.248541661454688 0.0807833899046432
0.136828691525539 0.142890578460088 0.183886651934813 0.162145524357304 0.243408096547055 0.1308404571752
0.0644513939484244 0.00114593410224584 0.209858852566551 0.292184524275517 0.118873932321282 0.31348536278598
0.207213260731636 0.30597497552553 0.166869366649728 0.064158095126845 0.10819514691 0.147589155056261
0.366778218089973 0.35323047901598 0.0428905584183168 0.153206034159826 0.0159973028446227 0.0678974074712815
0.0884041570992292 0.221702893740737 0.189482829736206 0.179623438446704 0.0660273733353904 0.254759307641733
0.271551205004984 0.166611785287652 0.0777031872648165 0.27408991880148 0.160903242704021 0.0491406609370461
0.0835007685324445 0.0801714291467219 0.235824408593989 0.151531641988845 0.113775047058799 0.335196704679201
0.116677821549366 0.0926999080751598 0.049544223853028 0.124265749162723 0.346109557246485 0.270702740113238
0.199210065773618 0.324490516639724 0.0772970038937186 0.0878565111714176 0.0819894689981333 0.229156433523388
0.0826293737049549 0.0738821724098067 0.248011766461183 0.240694556055825 0.168268361844012 0.186513769524218
0.12983002227233 0.154993353268841 0.183386273204992 0.276896177539665 0.0444270240512228 0.210467149662949
0.161862595329828 0.0264168360127444 0.137733739072527 0.244466693970284 0.149951451514814 0.279568684099803
0.162207517315577 0.1691672187571 0.278329074022634 0.109270708301981 0.142752795944126 0.138272685658584
0.0318745797211913 0.167891353420874 0.0282239081178296 0.280300567074721 0.1718691296352 0.319840462030184
0.147234742926234 0.261087187145079 0.000885205153760205 0.127067764892822 0.402019435007197 0.0617056648749074
0.15130208060442 0.073397209628697 0.225145555994607 0.250836631644103 0.274061959345994 0.0252565627821783
0.0490595753852313 0.0542337330158021 0.298047763311883 0.128863130127443 0.249682854126831 0.220112944032809
0.130365129185905 0.181936164459549 0.238243600024547 0.171239232370954 0.205288493471798 0.0729273804872471
0.0766373927472614 0.338744555600634 0.041823555987091 0.301976143167767 0.0576974272460048 0.183120925251242
0.355052032600166 0.234982718293117 0.0179531787792186 0.368859629584574 0.0158425024467024 0.00730993829622229
0.0498599873827955 0.284599266262936 0.335926765024924 0.0537930980917566 0.0676722858710402 0.208148597366548
0.235830155994161 0.0388714667727212 0.169312458699267 0.10369135137398 0.250756011731668 0.201538555428203
0.174367175400627 0.155603408664714 0.145389852037152 0.187102093070323 0.177803928011751 0.159733542815433
0.0696835649162472 0.160938904451095 0.0481776329217541 0.0319178809129683 0.363059359107803 0.326222657690132
0.0861885229751023 0.152627429851421 0.134369257625415 0.225354866181001 0.0452859815196488 0.356173941847411
0.276838379370128 0.131134171659202 0.148500060676915 0.126702207429565 0.285800964494754 0.0310242163694352
0.164578727390318 0.151292423617106 0.11062371747289 0.27947795409528 0.149247451169332 0.144779726255075
0.0829665744473757 0.258036082711743 0.124907299541278 0.0531182876669022 0.228966787435406 0.252004968197295
0.0843370858479606 0.0210260647823184 0.284490752431896 0.167129715357751 0.224156679936873 0.2188597016432
0.183273613282285 0.258406015123925 0.146025723705149 0.128218682729211 0.217337535211477 0.0667384299479534
0.101773209321138 0.177466060428461 0.321897564321309 0.334801987948238 0.000950370746515388 0.0631108072343388
0.281864641909683 0.112726720895247 0.26569908779211 0.229282606777792 0.102898391284461 0.00752855134070807
0.244765959912003 0.213324980971729 0.0632553041668055 0.180885318405342 0.188382757137468 0.109385679406654
0.259844701653729 0.19245926439744 0.149254565574772 0.291341297149324 0.0189583703683856 0.0881418008563487
0.17777592841234 0.191616431223111 0.0494697359067251 0.240718578281388 0.130416136861581 0.210003189314855
0.222501751285259 0.200267358684406 0.208774121329679 0.197898803231981 0.161499199569524 0.00905876589915116
0.238068968174527 0.0277922071996842 0.139169309410433 0.237964122962604 0.197107127685751 0.159898264567001
0.173556493114181 0.126500852844566 0.231897891254038 0.053285446061138 0.18467241210815 0.230086904617927
0.27063086060033 0.192074919779006 0.0446537832043912 0.118666567478577 0.198817029495819 0.175156839441877
0.196706151699645 0.312713149945703 0.0665921051801534 0.25580812987464 0.103912038410569 0.0642684248892893
0.155264481071915 0.0251729367076166 0.230534161026685 0.221540543692121 0.261523388240174 0.105964489261489
0.205583817603199 0.204685055173289 0.0726182172545348 0.0454961454255359 0.23884542543834 0.232771339105101
0.0467827123229445 0.0918390292757046 0.293133794818474 0.165892504282562 0.236222902883398 0.166129056416917
0.136159770203105 0.297664490136039 0.143221132096969 0.062408647745562 0.121161499129546 0.239384460688779
0.0601461341693748 0.0780499842450611 0.186673214445514 0.345730227050029 0.00964707078044177 0.319753369309579
0.176819709732196 0.150054475366911 0.215532385640901 0.16259624305144 0.160430570851799 0.134566615356752
0.024716411307826 0.238008527540059 0.125499208649895 0.174791402924586 0.243171347276521 0.193813102301113
0.251321633897455 0.123563738515268 0.0161642037403732 0.1265745382917 0.291001771244921 0.191374114310283
0.175321632599452 0.103181637088848 0.267239059362894 0.0431083298303479 0.320490178123434 0.0906591629950245
0.137127824117218 0.2967454047706 0.398903556217423 0.060702947747398 0.0589878054219738 0.0475324617253866
0.0343963049829426 0.230530422078842 0.164219489736081 0.237326100525179 0.252437022342833 0.0810906603341216
0.296672445885124 0.0877201884708668 0.284434089957607 0.220124161394396 0.0797156036802572 0.0313335106117491
0.0701633095169557 0.0654621843971127 0.321587929157849 0.382121724105377 0.0703081469511794 0.0903567058715265
0.0734892030983272 0.056838030215399 0.301856161373607 0.382337689011826 0.1415121231699 0.0439667931309411
0.154807656169442 0.279939581551721 0.161955124359951 0.232248309183456 0.151920261117019 0.0191290676184099
0.0736772151754524 0.227129792147193 0.145613055350204 0.266419767995567 0.0118186235828237 0.27534154574876
0.207233211700298 0.151499374591248 0.178163500298254 0.194545682027319 0.138880214216751 0.12967801716613
0.0199341996742603 0.210981919428451 0.140928830153123 0.238683061334912 0.140503124087109 0.248968865322145
0.0604094045331642 0.232955323386647 0.124135280068502 0.165373324388549 0.165254056079963 0.251872611543175
0.341335973672813 0.217764358812098 0.291342322817098 0.105889502828312 0.0233136554830366 0.0203541863866425
0.326232983391058 0.351281355917788 0.0718622452443895 0.0455156884163101 0.138788364164526 0.0663193628659283
0.263372814942434 0.181506444682159 0.0489846465473514 0.108195100385607 0.216004768243857 0.181936225198592
0.309868377714006 0.0549641105404313 0.288591150154346 0.0733176926464004 0.0368936587091989 0.236365010235617
0.22981937037213 0.364222417573068 0.302888393012767 0.0636230244063021 0.0278408850102472 0.0116059096254862
0.209686468562367 0.265183379745395 0.0137555337649913 0.144296056708976 0.296578814668763 0.0704997465495079
0.184574920142407 0.0238910372355567 0.21246401160032 0.173523037828132 0.188560763805134 0.216986229388451
0.237636734022772 0.204708591391275 0.0567345703187332 0.169471422124078 0.108778722523016 0.222669959620127
0.288303712131632 0.344183951917928 0.195686266412434 0.0188465514799521 0.107307456956706 0.0456720611013484
0.0636056856688548 0.2007488322196 0.252028642614799 0.0642134319504608 0.253183998873258 0.166219408673028
0.171645714854282 0.306639450917558 0.0426099844715559 0.245654396753739 0.120622563739713 0.112827889263151
0.0262511123742426 0.198848067020458 0.172272319903594 0.223331221465851 0.169222115383173 0.210075163852681
0.257627141368399 0.211384401972691 0.0856050306540467 0.0488191034331933 0.291614546894779 0.104949775676891
0.251652081104374 0.265397982815751 0.152812899983892 0.14212522990368 0.13125590310991 0.0567559030823921
0.107868590589752 0.00305727737026158 0.247488065096279 0.325830085997228 0.129546076575182 0.186209904371297
0.0277682277268433 0.329939945703054 0.0279678757262984 0.115485582729752 0.215345746810071 0.283492621303981
0.188514361865739 0.16618447021694 0.210523388158823 0.0450536559880502 0.168386215182832 0.221337908587615
0.306625159909711 0.18738795862888 0.06916919474677 0.0607433941459817 0.276671699848639 0.0994025927200182
0.0033681670330672 0.0402939467841142 0.24229804521823 0.118550380687584 0.326889944488356 0.268599515788648
0.292048592750231 0.156326845187466 0.239832928011445 0.122423848114527 0.0123920092269276 0.176975776709403
0.25359947297528 0.0871824654903581 0.0847400117282603 0.281000466597466 0.17138779152576 0.122089791682876
0.1771989593533 0.0145730412755185 0.211028962549335 0.225715477183237 0.340158814615596 0.031324745023013
0.136689602216663 0.150914303549039 0.236252082015526 0.115160615302542 0.128977116583066 0.232006280333164
0.247927427321846 0.0934592885476979 0.218568366284729 0.187129177890985 0.123464272890832 0.129451467063909
0.0667517234863862 0.249310637462354 0.0268930773054955 0.19397781111134 0.365823915466056 0.0972428351683684
0.279589108156664 0.26185741137347 0.0887524409485903 0.0457174336729216 0.0628156956700544 0.261267910178299
0.0922311572077772 0.14290062001813 0.261176753934141 0.104847926092004 0.281853047112476 0.116990495635472
0.205301490863237 0.35387276622813 0.0573222334995422 0.231280798579733 0.129710018394356 0.0225126924350026
0.121924198469871 0.351750801777806 0.15198950060237 0.0115446087401113 0.0638440122376022 0.298946878172239
0.0795673549352836 0.30905321863655 0.0272471922895696 0.146776327847191 0.315343902450175 0.12201200384123
0.163571604267331 0.0126750524438479 0.26906663887736 0.230500720685378 0.0678547879348856 0.256331195791197
0.00556071397027393 0.316617859380701 0.00774856754051414 0.141259976413137 0.22523413519279 0.303578747502584
1.72999074664431e-05 0.139066355557457 0.248400086277282 0.147569736412604 0.272746790513377 0.192199731331814
0.191000697451449 0.136813681564021 0.202121081373699 0.0373072189318024 0.247586537216268 0.185170783462761
0.0958178906892027 0.0561924522566442 0.307038464239623 0.158017038426443 0.13931399911966 0.243620155268427
0.0234006418437288 0.161382987128494 0.219492829795217 0.0706951621572025 0.274076606957812 0.250951772117545
0.342866753833319 0.0112969282765656 0.220962277134813 0.132415824081117 0.000595022114790628 0.291863194559394
0.172024885399631 0.167074342280828 0.245006378575706 0.242821172444115 0.0900492589414105 0.0830239623583087
0.0358015616732601 0.32976242539304 0.0904039259585625 0.269527491827188 0.124793550006436 0.149711045141513
0.237799790021353 0.163533881874811 0.217573622889988 0.182110663174664 0.18909945592336 0.00988258611582419
0.158904063875773 0.184183217719554 0.377868735854623 0.128085761574026 0.0256951947655716 0.125263026210452
0.030129500965198 0.324801654302836 0.0910769607222902 0.279214170680396 0.244707355670966 0.0300703576583138
0.292820652027067 0.206645411470784 0.203450302455281 0.0667306448230475 0.101497923561684 0.128855065662137
0.158777371782003 0.239789908605444 0.275434052842502 0.0931643660942421 0.163522739970592 0.0693115607052169
0.171948293730785 0.00237216176604379 0.110480565602859 0.183124628164806 0.264488603439908 0.267585747295597
0.16292505466529 0.0485726080734917 0.0233738575206552 0.326116769749262 0.14750910969604 0.29150260029526
0.348169202956878 0.100173993566115 0.151754077936062 0.174137241978445 0.0416385198950834 0.184126963667416
0.223182708685595 0.194323066668761 0.257413090034532 0.0434210662620952 0.217434971855785 0.0642250964932312
0.189062488737662 0.243232648717011 0.0153127474740608 0.272405488200939 0.177120821597027 0.102865805273301
0.0667892214141932 0.09051186296198 0.129109703334922 0.304906291583201 0.198300199713666 0.210382720992038
0.253423492563815 0.262614068624003 0.20744149145782 0.104975719931369 0.0835193786727914 0.0880258487502022
0.0971174231449197 0.22960640212142 0.170750640578151 0.218058232144915 0.260189851810202 0.0242774502003925
0.247335601185012 0.215259644613586 0.140910266501581 0.123616307719705 0.244073495693269 0.0288046842868472
0.153039158515377 0.263975867452813 0.0277063031440938 0.031028324009454 0.240037145744725 0.284213201133537
0.157162519504998 0.193547074798329 0.00587853428723491 0.260303806865081 0.173205903293386 0.209902161250971
0.0258366301620369 0.132027213667048 0.203507371017825 0.223866471277992 0.206588691834245 0.208173622040853
0.00701197889553343 0.0760296032668528 0.24235908806273 0.289690443098805 0.247914544827896 0.136994341848184
0.157587248926541 0.294936829261238 0.0252117927620333 0.0810237033445277 0.0440875337697059 0.397152891935954
0.193088036410159 0.119748476879644 0.123125791309962 0.165953088294456 0.200138128066221 0.197946479039559
0.332198160488227 0.168456732347641 0.0446727379183561 0.161852474567736 0.074018485638209 0.218801409039831
0.281567392942956 0.206464380880571 0.0470287023648584 0.283416818849278 0.0954758642092728 0.0860468407530635
0.0396183621754978 0.068052862046746 0.193558776385663 0.472684502059546 0.0973143969606183 0.128771100371928
0.363264811191485 0.213101752124249 0.20212313794256 0.040975790147725 0.127690289261261 0.0528442193327186
0.249780493394678 0.00481532574656376 0.249343921422078 0.0738790057099564 0.239773280589597 0.182407973137126
0.172909854488386 0.165863738947277 0.099271365497144 0.166063053121107 0.228057171030856 0.16783481691523
0.230060779251826 0.0909285125529518 0.14515576251055 0.144740852168215 0.16526251191442 0.223851581602037
0.0888704038770751 0.0696238057618538 0.26243488067787 0.386048265195974 0.0554450100817196 0.137577634405508
0.0346142995509628 0.344130043413959 0.275959301217331 0.0349360948979767 0.283078471440907 0.0272817894788631
0.0350744022964125 0.0919749037327748 0.236833648852926 0.247017359609914 0.237276080178068 0.151823605329905
0.0974583527800342 0.227913062626176 0.230136096396079 0.152063140471454 0.132193962895248 0.160235384831009
0.0154594202492115 0.293731805436729 0.08269992305902 0.306984860939341 0.150803144875174 0.150320845440524
0.11083316328663 0.229785388407895 0.244903459719551 0.125206263966594 0.222900303158944 0.0663714214603855
0.23960268736344 0.00277946218893272 0.0149868356817956 0.337287248767032 0.11591027324875 0.28943349275005
0.0510922528094887 0.185697738607122 0.110876614916734 0.0958213585175698 0.265834458678486 0.290677576470599
0.212486709872526 0.308735287427241 0.0767692244578434 0.100439665085041 0.0853617172098278 0.21620739594752
0.176845489862025 0.301070962712716 0.309021390370922 0.0547905337218571 0.0115562401299075 0.146715383202573
0.133533968897157 0.155442904705598 0.052885301258957 0.293381859318118 0.136336566532375 0.228419399287795
0.187485072331874 0.207718381764459 0.0127624380516525 0.23316086051999 0.116903089628321 0.241970157703704
0.103218723534612 0.243736480439581 0.0214242741369727 0.227165049251314 0.163230501057822 0.241224971579699
0.0871990152694 0.0455254476171386 0.207993962224923 0.0884891140439443 0.171532355287646 0.399260105556948
0.109197078676983 0.0299966189017376 0.399312897882407 0.0539945746501537 0.238564524075984 0.168934305812735
0.234789488167283 0.289282538255029 0.349056768401996 0.0716900759951368 0.00409207923806565 0.0510890499424897
0.140355916673435 0.293329590182296 0.324893453778164 0.0678156135144506 0.102321951270162 0.0712834745814929
0.191866452709481 0.10444433959586 0.030437324166246 0.182062195107102 0.259174501829832 0.232015186591479
0.0776453371642397 0.166020989149131 0.21368475073812 0.140500601223442 0.195685738180382 0.206462583544686
0.041594168340111 0.198334033397488 0.245668969569409 0.0193917013350715 0.386158519960556 0.108852607397365
0.172757345700051 0.208066437840547 0.144504205220278 0.144712143912119 0.146557461264091 0.183402406062915
0.0324677810639137 0.249201724067789 0.314203502892343 0.0427815320644027 0.343000063176405 0.0183453967351469
0.270766763013158 0.208934207456519 0.228853610436522 0.0214415789346359 0.0812692746834378 0.188734565475726
0.208264938447886 0.105870084336779 0.229528503250289 0.242583470004983 0.0199206755291203 0.193832328430942
0.243059518364321 0.0265579562833933 0.257961916016547 0.153262543427717 0.0779051164381391 0.241252949469883
0.0177721964581939 0.166935899404038 0.110023533102444 0.29159546340869 0.390152240495366 0.0235206671312683
0.163377391943306 0.225777345578736 0.0740025350844899 0.143153493033785 0.149011861885038 0.244677372474645
0.23046860931577 0.245660596959434 0.0293673075045973 0.202565469571998 0.125504810153796 0.166433206494404
0.209124115527257 0.19952049202007 0.0196647900577968 0.22368397059132 0.119335582545116 0.22867104925844
0.0938246476292179 0.365450375688072 0.0731720736817447 0.169791344542043 0.0531439272789824 0.24461763117994
0.230701991917688 0.203106233775009 0.25772629866232 0.0644387788416401 0.129420046944755 0.114606649858587
0.0334911086972937 0.280525227224675 0.117512182588002 0.0269225295029264 0.44677429406555 0.0947746579215524
0.149033972843057 0.25940262898237 0.0324220934120155 0.0857732901754557 0.221306185044734 0.252061829542368
0.318227879031917 0.294871029143806 0.0150568906253708 0.103090177927339 0.105085593694073 0.163668429577494
0.0670985434834601 0.00480745364893674 0.329886517561072 0.286115012244561 0.298619208543208 0.0134732645187627
0.144442559173503 0.119551676922322 0.00954486173410834 0.198556727166679 0.410187224922085 0.117716950081303
0.125735447461948 0.136920634478792 0.245268848288715 0.178955255406472 0.259935952270036 0.053183862094036
0.186336895068279 0.190706146149981 0.0944358469065632 0.11290889378439 0.0358904316810261 0.379721786409761
0.242595273698141 0.189597858801809 0.102520106394704 0.117861706914972 0.220469071809327 0.126955982381048
0.0961121618884671 0.249406719410232 0.10062545130235 0.171233746429748 0.158592222296089 0.224029698673115
0.116369439067323 0.0465830810998321 0.274139165977196 0.188652367705842 0.222099424296047 0.15215652185376
0.164532700127619 0.238151598024346 0.200514732708448 0.139874689284385 0.160699994236399 0.0962262856188019
0.0898810014117177 0.125422096260312 0.00418676955944563 0.248168867981505 0.242962501495088 0.289378763291932
0.0517886964564104 0.169156075836854 0.241952342205777 0.255065277352729 0.0744458535972963 0.207591754550934
0.0624257652955188 0.0116241564136533 0.209116376944073 0.3280198575142 0.247872779431438 0.140941064401117
0.258360576369569 0.147250667784841 0.177648435887533 0.0271506959442819 0.0609851001265023 0.328604523887273
0.0975611586073043 0.163603934244588 0.154412141150491 0.00952732499452381 0.236597882143515 0.338297558859578
0.20884560479061 0.232751552641395 0.104087628655604 0.220536292170757 0.194694945430145 0.039083976311488
0.198855949234665 0.220392613867228 0.115828293197394 0.0722512655561637 0.169863616782515 0.222808261362034
0.0613538671786516 0.164755300502012 0.197933208910749 0.271083251368759 0.0323513715605572 0.272523000479271
0.236383720573113 0.188191382756227 0.15274210736005 0.042324647907018 0.171423413465419 0.208934727938172
0.235926559095358 0.272215216374104 0.126621824487749 0.028210341716935 0.031554089914288 0.305471968411565
0.188047683095546 0.21851163537991 0.212831069106049 0.167085189914519 0.210344563117039 0.00317985938693609
0.200707963652358 0.0396908219665568 0.131559861004067 0.202964710971824 0.191627152930791 0.233449489474403
0.113955495575053 0.241973585280878 0.330215982337135 0.0118062618939356 0.226230173645886 0.0758185012671123
0.0774573092017749 0.0465449902279038 0.396985261990032 0.00993502607710238 0.265510290365947 0.20356712213724
0.248382139934183 0.322298056488503 0.0579089782611191 0.0129058205969813 0.0158639791664817 0.342641025552732
0.301903230799713 0.0553589916363856 0.294678016900484 0.0903540877122916 0.214814057076212 0.0428916158749137
0.142230315695117 0.200638413710244 0.0571753523698604 0.339450798469613 0.0583089412415243 0.202196178513641
0.354962425918392 0.0464234186565849 0.116231010671626 0.0108025570031071 0.167959107167881 0.303621480582408
0.137060030269817 0.0713489787607489 0.204333216569641 0.0662029608134033 0.224390505987885 0.296664307598504
0.195646091705123 0.174753067218785 0.150497022193092 0.124109770563129 0.142916891497246 0.212077156822624
0.260631519789286 0.229418970548884 0.0260843719970055 0.0218463033800416 0.199397373639086 0.262621460645697
0.123110531761332 0.188129931900473 0.142107613292168 0.0966439776307615 0.139133597934967 0.310874347480298
0.214782097123578 0.0271857792361477 0.0310069280748194 0.278574499349151 0.416699109934977 0.0317515862813267
0.0127931493384766 0.255433010663019 0.255442757780199 0.0886611742130583 0.300357223500704 0.0873126845045431
0.134289336911509 0.12719936583663 0.181346506269365 0.217290250039971 0.0741923592363778 0.265682181706147
0.137629567508308 0.171081065882248 0.00249606424212232 0.21402348231274 0.341532850123109 0.133236969931473
0.0808041808160268 0.187873071840429 0.235446143018527 0.241011054950015 0.0716461839700045 0.183219365404998
0.0955064901568603 0.225285128358766 0.139093924578829 0.0844292421054323 0.260830260802233 0.194854953997879
0.0224021483584925 0.00641389594668723 0.127920425076454 0.245926215767855 0.267718469674116 0.329618845176395
0.0688291051619712 0.0939939715741413 0.0529549892077066 0.288423330343464 0.228677312886438 0.267121290826279
0.193355452031725 0.223555780308802 0.199761242244907 0.190537127041249 0.0247306664952186 0.168059731878098
0.119830291366508 0.186586745916099 0.288782129796566 0.161735103606262 0.171899400545507 0.0711663287690585
0.198603200476741 0.125372071667784 0.16496979353377 0.139103439074956 0.191858966939165 0.180092528307584
0.0441274441038726 0.0149383544689169 0.256890367804485 0.241601964754662 0.187857250146077 0.254584618721987
0.215866764519981 0.332300081595602 0.041925478302213 0.157808602741747 0.192479475988021 0.0596195968524369
0.281641693646649 0.252160222476783 0.363829864010782 0.0915902024564864 0.00172289674784246 0.00905512066145719
0.254837878055943 0.0207215574931899 0.177344370006002 0.244000537138505 0.213107539546698 0.0899881177596617
0.0976632901845516 0.016484126426806 0.305165007541205 0.121597157146308 0.212961152960739 0.246129265740391
0.247565427433915 0.222086560352257 0.0187062392510009 0.174990593151108 0.0999932155952541 0.236657964216464
0.0821483786460225 0.386087306574525 0.0892862543817847 0.253151126223049 0.129451807664962 0.0598751265096568
0.136738013988187 0.284609111637548 0.0918017984316144 0.0891751480449097 0.29974308408867 0.0979328438090709
0.269350999182704 0.217000282380445 0.0554103755747535 0.0662745790548234 0.331317943797553 0.0606458200097209
0.329899963093168 0.0646087778501427 0.100157408763578 0.359697630339292 0.0805326890154043 0.0651035309384145
0.22018782138822 0.17453483091611 0.0280687398289951 0.164177075920253 0.182028155405581 0.231003376540841
0.107285026332899 0.246329248060921 0.349421934634831 0.00762020285224067 0.167311996804925 0.122031591314183
0.143368700239942 0.00433851050594692 0.235463050631093 0.319171783866397 0.242443272788692 0.0552146819679291
0.08960541845533 0.346682017201108 0.337009224642731 0.050662422273425 0.0298749870722468 0.146165930355159
0.159575702698462 0.0121652582327801 0.00642860279009667 0.282678545008695 0.296592810463098 0.242559080806869
0.41234799020124 0.0513936604175553 0.242513305933281 0.0512086259140352 0.127124065603209 0.11541235193068
0.086680873702629 0.200930587793386 0.141547004723343 0.145840987761429 0.189784790958886 0.235215755060327
0.210412247148403 0.193880986525619 0.0493503655890373 0.246517310626641 0.137301290853993 0.162537799256308
0.0832911104527734 0.264180686066242 0.19033484481173 0.261535840573494 0.0163296585371617 0.184327859558599
0.342957659527074 0.0453121489597875 0.0493747399592108 0.0515906351498207 0.387205606713986 0.123559209690121
0.088301901134796 0.109900780276298 0.319415008147381 0.21132163223373 0.202271726970735 0.0687889512370595
0.187275151112813 0.191166022733636 0.199471290339558 0.0149366263962602 0.261553461541501 0.145597447876232
0.00903401966233016 0.336800454546015 0.130328185554417 0.367513016327329 0.0935313751429114 0.0627929487669979
0.0543393589892171 0.129377449582271 0.139173956784959 0.29740096686309 0.209280310573008 0.170427957207454
0.0875690788269073 0.216980077239534 0.232264832725987 0.0108596742129459 0.210974865663028 0.241351471331599
0.196936114620498 0.123792733249924 0.119557214516678 0.210389847005906 0.154538104343467 0.194785986263527
0.145838381115693 0.136070003109883 0.260724823567703 0.0249681701852431 0.25413956873384 0.178259053287638
0.280748819318812 0.0939416790113139 0.116361807595394 0.164459382956262 0.102889400349695 0.241598910768523
0.0901112931770451 0.213935790699384 0.18644145675807 0.201452211611376 0.145614761495836 0.162444486258288
0.184478431364558 0.109014895024234 0.0747808821342189 0.271155124775048 0.16225422633816 0.198316440363781
0.00771930139904629 0.259710976945469 0.0932747529983598 0.19497065206751 0.28329076656505 0.161033550024565
0.215610598019233 0.012861160616426 0.251686253243874 0.145528962472718 0.163112573675722 0.211200451972028
0.258483953293294 0.181035023904056 0.0283671251264038 0.218607703705395 0.266513275401392 0.0469929185694596
0.0240975177028108 0.0659262505637849 0.208256968945367 0.30994216430296 0.00214086777150332 0.389636230713575
0.03811225906375 0.136546532071552 0.22503882212957 0.28407794534338 0.00147731357613738 0.314747127815611
0.115200352555191 0.268683324562366 0.266100422105947 0.0848653977511449 0.169406101737918 0.0957444012874338
0.254964587518684 0.101189087819626 0.143087831508242 0.236364649446204 0.0167034904149808 0.247690353292263
0.370829771731 0.00317326203058471 0.125888529178318 0.39202592156004 0.0634635254192928 0.0446189900807652
0.190435079756144 0.074600632840879 0.0953046777226814 0.213733686988661 0.204451402356097 0.221474520335538
0.288961545310018 0.105959074668259 0.236184173183523 0.20854897364207 0.0328374065521827 0.127508826643947
0.232656783645016 0.249587265395996 0.0999647003565081 0.17924160994843 0.134489513291815 0.104060127362235
0.0711240454290187 0.153645749921408 0.222750950841488 0.179272428646949 0.0940819203722995 0.279124904788837
0.210128399609977 0.121802133401686 0.155296333581458 0.199775242563086 0.0652529790277316 0.247744911816061
0.216463751304735 0.147900510707334 0.0232850941254354 0.0254150893902334 0.206384916337903 0.380550638134359
0.0634567933716933 0.0993388816235324 0.0562487149371296 0.341565751699174 0.380758361558372 0.0586314968100997
0.255618433238624 0.148714170541927 0.232262905060552 0.113727782675876 0.0650591311716879 0.184617577311333
0.175046674118806 0.0535802388823979 0.29397350947993 0.212449515763889 0.134292681929254 0.130657379825724
0.154353731101885 0.0992107749474219 0.175777200081262 0.252192388689617 0.111600442974715 0.206865462205101
0.215977302505222 0.115267461327304 0.0146216397341526 0.0897054682107528 0.292770339785373 0.271657788437195
0.116222709187398 0.300419541938041 0.174023550803962 0.180530394560421 0.196159598464939 0.0326442050452391
0.109648523908402 0.219353166886044 0.212359907738306 0.0869812471557785 0.225792999676474 0.145864154634996
0.195351710524529 0.168078523785992 0.235656138924392 0.157327027278763 0.185818624152849 0.0577679753334751
0.0372547353370996 0.121927904938541 0.167930239098401 0.342094237670718 0.288873125251771 0.0419197577034687
0.177764502940341 0.13748908687919 0.0391952714652996 0.272350995842631 0.169328154166067 0.203871988706472
0.265310091292185 0.174804266843693 0.205556971841223 0.0526237705091857 0.21025995479073 0.0914449447229827
0.0481526054911791 0.221538710499974 0.269012768740765 0.120679195475518 0.0784948995535145 0.262121820239049
0.00851832579821322 0.665771836261408 0.0314733666871135 0.137853807001814 0.107475158289996 0.0489075059614546
0.346662472625926 0.100590832601587 0.212068910927685 0.0481819607844989 0.00237945449472477 0.290116368565578
