0.0184488023511127 0.162298320955334 0.0969046436100063 0.0902652911824189 0.0658745300900698 0.157999961050492 0.085301207006992 0.0598688355641379 0.115916555132885 0.147121853056551
0.0471532442169568 0.0860565473315097 0.134971863953094 0.180053984572145 0.0667396017827195 0.048638536335959 0.197681303756353 0.0261074041165733 0.178711149552736 0.0338863643819552
0.151390642656365 0.212462268422556 0.222768910012923 0.119721318942449 0.0783701187718612 0.0420004960707386 0.0376770866681126 0.0248624474873574 0.0858674176630812 0.0248792933045546
0.0833773337076022 0.0741218425452733 0.185327925785278 0.0335594424820681 0.136880669287513 0.00745710061944505 0.181930308598282 0.174625505761889 0.0903891509522593 0.0323307202603899
0.152252607843518 0.0787015501084668 0.12156700667507 0.0548474510429773 0.114375480362698 0.1292447376688 0.0729687993987149 0.164188339437201 0.0823746348102337 0.0294793926523197
0.177922150051146 0.215425097739681 0.000829120448278222 0.0540977025984884 0.0502062418495331 0.0775877988832947 0.180823408313268 0.0372771194611584 0.0559781940524057 0.149853166602746
0.199971491688771 0.188237789553175 0.112137993766424 0.0491171108998997 0.0789955251025251 0.0124812814272917 0.18343729933824 0.0839818190711986 0.0713846455544875 0.020255043597987
0.173410917334964 0.0418159116095754 0.00947657756440391 0.00501152510061292 0.0845287201240386 0.151265011277414 0.0393247884957807 0.0549194629867412 0.261312456853476 0.178934628652994
0.172851604663726 0.145259738618066 0.0612839005806055 0.14796060496827 0.109916367159211 0.028114038096807 0.121569392451517 0.0824291105551229 0.00982366045581665 0.120791582450857
0.0329261991412729 0.0607781337525805 0.178506201812445 0.0891628350461797 0.121972478484301 0.156221373392165 0.179626537558258 0.047126467438941 0.00769775715342726 0.12598201622043
0.0208515886487761 0.122091314182911 0.113271953680937 0.119501710897395 0.126501676654807 0.0728419814212338 0.141767567466251 0.122726865255013 0.0894841122563431 0.0709612295363318
0.115073232670789 0.0177408029517676 0.17122985170355 0.115527953010739 0.0685884708991067 0.172002302773584 0.166664716294625 0.0835981291099673 0.0219919955401045 0.0675825450457677
0.00448125295462555 0.0711564796121521 0.192670757082648 0.175319702747815 0.127149940397037 0.0424728426600086 0.0728965550255329 0.0487176740661062 0.151288775680287 0.113846019773788
0.163872091847371 0.139282948235198 0.120948313342716 0.118776056778691 0.132020685402738 0.0871147009335927 0.0794041775106216 0.0854150024931467 0.00195195491174082 0.0712140685441848
0.265001869383084 0.128416308595961 0.164970267590045 0.113891239127134 0.0156022348756716 0.0943302524190841 0.0517966022754298 0.00955232998497735 0.114639985703259 0.0417989100453546
0.142437264099004 0.00740502756156313 0.063642521650741 0.102444009275705 0.119819489450215 0.0776788617459672 0.143298723293176 0.12428165741148 0.0634284724917089 0.155563973020441
0.0825050450076233 0.138912761196279 0.185713156540876 0.0186779676562186 0.168578046343055 0.12976935501097 0.118079657128739 0.0636813345040026 0.0363356197916325 0.0577470568206042
0.139666491414625 0.0090047999766987 0.0576118182322691 0.000447815514328102 0.142468205970982 5.5879613937799e-05 0.153988197938368 0.107105431838343 0.279963760185045 0.109687599315402
0.0347365624795617 0.0631621329910555 0.117297725351488 0.0848845461005029 0.228400144101011 0.136469837413218 0.122620490825335 0.0147002478472964 0.135472467280149 0.0622558456103836
0.0731591090641317 0.110434273976063 0.00232879998812672 0.147879749831714 0.149683697477781 0.128277217241672 0.0485828409875619 0.17357246767013 0.122118808005644 0.0439630357571752
0.0879032416418848 0.0729568350882556 0.109221041934218 0.148060171725134 0.158499590913683 0.0232986195552682 0.16652467509503 0.0626955244757474 0.0932998416373429 0.077540457933437
0.108548311537883 0.192414138530109 0.0465339567419816 0.00584884000043043 0.109305032575393 0.0938443271261641 0.0510383518169903 0.092300657822916 0.178174688712022 0.121991695136112
0.15303065963979 0.101231581447211 0.00962445960253131 0.000367765019180198 0.00537249868343839 0.16065368785068 0.204945378980598 0.133231521558331 0.0882934805668346 0.143248966651405
0.0996526076003931 0.118245228929136 0.156543697245903 0.120925326486924 0.0552259416869865 0.0149394237682739 0.0876848250249481 0.122111551607108 0.105381384669943 0.119290012980386
0.0461777013011599 0.026543855249501 0.076598947714664 0.143381243367036 0.169046631927612 0.0326943204251354 0.143727299890181 0.167540270309187 0.153884777526134 0.0404049522893899
0.109373833713263 0.185925760275496 0.145207165509328 0.0101974931467443 0.187739657157237 0.161082988504178 0.0161060198534108 0.0777214484159016 0.0734937543214162 0.0331518791030264
0.0652212878988203 0.215365780673247 0.0725577379334396 0.092139504288941 0.0609730822415638 0.00889670223730408 0.0168322945784826 0.0683001530443409 0.168305645967873 0.231407811135987
0.0541860093262066 0.164856822056723 0.136126127608276 0.0852470537408278 0.0386734096637484 0.0756352362344973 0.0263056277873301 0.0748456899491063 0.183347016341283 0.160777007292002
0.121515457149366 0.171355653637905 0.105739488152642 0.0198576841793039 0.0502473440017155 0.102847091330655 0.145316327821547 0.143831039842341 0.0533216169336649 0.0859682969508588
0.0955878072023033 0.0869730241334699 0.144113321103523 0.0657196329448066 0.0341334117362472 0.0334106034805928 0.190227254092691 0.161896553378606 0.0519278042493605 0.1360105876784
0.160171925487008 0.151000467759175 0.0966866578032451 0.0192304009962285 0.0565959993244119 0.171069202997494 0.129443119530799 0.100052572386574 0.0913902883560112 0.0243593653590531
0.176192289729141 0.116774359165568 0.00943039764708305 0.0301261715043895 0.062634920608515 0.187244467281772 0.035944429079747 0.142285433929828 0.0153492481601317 0.224018282893824
0.0791055963048235 0.103576928814858 0.130892784240857 0.100561557636785 0.0979894226168183 0.128869569286051 0.112797046460494 0.107712976542255 0.0752775434323008 0.0632165746647566
0.0636907037525234 0.00727134383810799 0.0729801676090375 0.171655258513221 0.0734334932012446 0.207131212017313 0.0860432761408193 0.0756200921498389 0.0288085086890346 0.213365944088859
0.114380625748418 0.166958228680252 0.0490127921429303 0.00496289783251709 0.0924349979245681 0.0887874043553885 0.0941981859344401 0.168346824191595 0.178990702752443 0.0419273404374481
0.0436905207347175 0.0924772028064402 0.0470386140315302 0.129777747722867 0.0469910666813293 0.16064719324757 0.00365468406642515 0.149410288303616 0.162224436200298 0.164088246205207
0.0527134722083672 0.11093135789707 0.179903840741358 0.0806637360000477 0.0439542902205431 0.102240416667962 0.167642140328183 0.0526632392826199 0.185405053345806 0.0238824533080429
0.0514958152514761 0.121425103868859 0.175904482519842 0.122124823092868 0.013578358296937 0.123318960498605 0.123776778656665 0.156665461449858 0.0231985690513715 0.0885116473135192
0.0652383360022712 0.19018674480159 0.0440095690781501 0.0369363216536918 0.144804411645491 0.115923931113926 0.189363207363362 0.075930565829352 0.0207731402987974 0.11683377221337
0.225081602437582 0.139308252829215 0.0241027877214344 0.00702982675466761 0.0823017273679889 0.00863960211968596 0.241618612695843 0.0283793626560248 0.0663366721097791 0.17720155330778
0.0929781090361704 0.0361132869173414 0.139446474187902 0.0484290623664928 0.107549276533363 0.177288830083214 0.131876765471939 0.00567264023333057 0.138632559222343 0.122012995947904
0.153287261716975 0.126522017590835 0.10156699636409 0.0787021296301107 0.101945275118931 0.0625764302158228 0.0845469256890509 0.139622781174558 0.0278246150091018 0.123405567490524
0.0662291655239747 0.181991175367302 0.112282651482166 0.0117157245947196 0.139284221432376 0.0253816634111351 0.157283065264895 0.137713609452646 0.0886823178676522 0.0794364056031328
0.0509915870583175 0.159522199699019 0.186752628290898 0.033730113660079 0.0420786000017957 0.145854800648367 0.173067926616168 0.092189850954618 0.0303033476231055 0.0855089454476325
0.0342697745207181 0.173656143572552 0.0986317258043418 0.104476883676671 0.162590578100436 0.0297084892136852 0.00872167037233652 0.159651584629055 0.0744934814214148 0.15379966868879
0.0855884935270537 0.010509361299997 0.0449302619832532 0.0747740213287195 0.11947762099518 0.193038836887396 0.13447481610609 0.131018893633315 0.0728450296520292 0.133342664586966
0.0776857097338143 0.0422304345344796 0.0536381695581543 0.0043178724852827 0.18796870345047 0.0656463651182797 0.179506891728848 0.229789681768914 0.152237287909042 0.00697888371271583
0.111184932980145 0.163092407449597 0.132750304396302 0.078932490170521 0.0904871151964042 0.0823621740290535 0.127537001736751 0.0664630233150431 0.00393180520007622 0.143258745526106
0.0266876087734249 0.110492091902641 0.0766228391100365 0.0445203205711357 0.0695942670606974 0.12568408214145 0.182204988154506 0.117222417427427 0.124317427849996 0.122653957008685
0.12647646399938 0.00431627210687557 0.0862033287768423 0.182970914075767 0.17554779311213 0.167921710448376 0.0384320276966112 0.0645175574877871 0.122145778250619 0.0314681540456118
0.139864525719339 0.134212381014815 0.147427412490462 0.151222484920751 0.0712641118253993 0.135082457426513 0.0461581939506662 0.129210922384032 0.029515325441572 0.0160421848264521
0.044749616432599 0.0774829819723825 0.000712223680790633 0.041515552226187 0.158290448704045 0.0212504612791374 0.130434356000433 0.258204380651209 0.0267854350596551 0.240574543993562
0.156076916873483 0.142271988757438 0.0648703382342911 0.064852324738635 0.0759373942727596 0.120391538489835 0.123095603791472 0.0450687405774302 0.0570150393336641 0.150420114930992
0.0539919950037953 0.111119052908214 0.101852193426047 0.0858711559572002 0.00599071808204447 0.106696374512507 0.161096451893635 0.162685277783675 0.154502945603607 0.0561938348292757
0.160026021768656 0.120056998324031 0.0127680674100882 0.161743457914987 0.18750205342134 0.00852455033645109 0.161805142918147 0.0466741615584872 0.11670085557229 0.0241986907755228
0.12247953570278 0.0286067636404332 0.103964348260196 0.0763896729475399 0.180334684804715 0.0868421497312325 0.181584424333802 0.142075441022392 0.0344588851097072 0.0432640944472023
0.00516379392383134 0.00200738514425821 0.101824504126638 0.12770331668799 0.204692544826411 0.103827593709546 0.0484760807600039 0.019067554974336 0.221247885326652 0.165989340520334
0.0769866435075256 0.170492886295108 0.0318702642501467 0.0867405513128382 0.161459301528132 0.0138778362511712 0.0741460363465424 0.116085248312368 0.103350419764209 0.16499081243196
0.147822379538048 0.157026439375499 0.0509797835045203 0.0147927418250916 0.0806611970483269 0.108410979706246 0.104120965439991 0.0733457410119231 0.0980569319452132 0.164782840605141
0.135256220859188 0.101788407668572 0.0345983819154102 0.0300510202497983 0.155015479007908 0.0521614676360215 0.21618422035291 0.0854108505780711 0.0762089736552553 0.113324978076865
0.18677337158823 0.190351597756569 0.164976441654179 0.166151118042783 0.0217619025791405 0.115033907381949 0.012173063379622 0.0210914928437156 0.119777508446285 0.00190959632752738
0.127417532765593 0.138067722310266 0.133916933119683 0.0569491614025555 0.0446660586666122 0.142051652368905 0.116768723384047 0.0661201455727965 0.110861431055505 0.0631806393540358
0.096133485631632 0.0627997713885892 0.202254240100182 0.222071296850715 0.109130893608787 0.128205980709615 0.0718299089444211 0.0106929344394808 0.0720413102915358 0.0248401780350417
0.121378315253083 0.153098913473816 0.0970625049495404 0.153138869647368 0.0691635596239025 0.107760200520889 0.147635146425031 0.067427142248955 0.0258792610773391 0.0574560867800756
0.094734712590548 0.063444329921972 0.0629055337103945 0.0924587022223311 0.0100643124988655 0.136876891171762 0.14379458974232 0.130811641780586 0.153430797030584 0.111478489330636
0.113665882683592 0.0876989397404421 0.0206616753642744 0.130265123789176 0.0946413608709414 0.152747440068799 0.147601090675817 0.0647221713054809 0.0289416582365568 0.159054657264921
0.164596316440462 0.0165902678053439 0.0820824172219772 0.12023078032405 0.0793246405555663 0.151572265758405 0.0971834831442376 0.0339470019793474 0.162629863321928 0.0918429634486825
0.0111178435221693 0.130381481490004 0.0978750942534871 0.137021983271966 0.142210533812515 0.0512753803641574 0.0702067761147338 0.0622106159357952 0.134699656971951 0.16300063426322
0.0145600630763706 0.00776246890651015 0.109282624438544 0.0477516191262853 0.10552021983973 0.164375859213841 0.119324299058687 0.129369080013367 0.136283275785156 0.165770490541509
0.094399018668442 0.0598556291696695 0.152478594264234 0.133859865130868 0.127202091117332 0.0723267494771344 0.132045273760203 0.00218109156524023 0.187027795078875 0.038623891768002
0.151401964949486 0.100714007943003 0.136147680427751 0.102176847419852 0.100057996247631 0.112504009423817 0.0763311255338397 0.0106685698904854 0.0959145043935244 0.114083293770611
0.0889367389934549 0.167818347013547 0.0021317765245231 0.121810975216688 0.00308778505826288 0.0638922464285182 0.136742186943129 0.152503421026111 0.08414423491883 0.178932287876936
0.155597904287352 0.118792230039653 0.0504600120685606 0.134742893044374 0.0246436590594089 0.155558529825537 0.0652158298452422 0.10940193540843 0.0584315490149264 0.127155457406516
0.187274958226948 0.0722598320272535 0.00459956657826553 0.0516986785142926 0.145091937026087 0.137339155114516 0.0717558175445817 0.105174352763203 0.165937143872849 0.0588685583320034
0.172856796780118 0.13883723238722 0.0393888388893218 0.0351191539688849 0.00556521929550758 0.128136559003948 0.211994510411557 0.130104841521132 0.0568892996444257 0.081107548097884
0.0833185469021386 0.163811184530559 0.0398028970888771 0.0632630516071803 0.090121229530246 0.0136518892501116 0.164777533453183 0.0570883805186388 0.114891069306173 0.209274217812893
0.103264723830338 0.166891158960206 0.0557800429625788 0.13454728773623 0.0391131184731854 0.00909196191161452 0.179469406216096 0.148473877945146 0.017334220811213 0.146034201153392
0.126075298893578 0.187347632064618 0.131716664999095 0.233487581520522 0.053410501564973 0.0847657766427705 0.0740977812429103 0.00186917765433843 0.0867711207605803 0.0204584646566151
0.0712766199052304 0.109124316348495 0.00416475963752159 0.144443414181413 0.175413227255243 0.109109251633607 0.158519047357434 0.0585303001838588 0.0865612909866605 0.0828577725105372
0.0631922794279663 0.0166954828671106 0.132459749142556 0.0870921706591988 0.0946918413734264 0.241327017039089 0.0678892211351235 0.0681504033715652 0.132738121533517 0.0957637134504485
0.0407970035432424 0.0987915153527913 0.198071986688201 0.0335362087684271 0.0554814584139066 0.163450199790063 0.0853458376941719 0.149757415922188 0.152191849931801 0.0225765238952081
0.0314186668301611 0.010110989403819 0.112859739869878 0.0607417721923601 0.131775101524059 0.0114768172559073 0.231491748604973 0.145672180082852 0.227029973109858 0.0374230111261323
0.115731314224849 0.121125948796142 0.0237498199560663 0.241341894058973 0.03432112464271 0.0269580937203078 0.049660127924671 0.203892877545676 0.0444382497497579 0.138780549380848
0.20869015229174 0.0196021386035447 0.12616482766807 0.055037272785539 0.13130969199806 0.139548824074943 0.0702971431187874 0.0464241434656332 0.120661835041203 0.0822639709524791
0.00920005468616754 0.0391040232597719 0.0183279016960661 0.240490046179384 0.0174205495039879 0.185062685850357 0.122610474232441 0.123208696977816 0.060527783759219 0.184047783854789
0.0840323220872286 0.0529032100779051 0.103888682961597 0.0931640103404083 0.117703419965646 0.162542835531535 0.133023911413267 0.00913056317597949 0.167182695502425 0.0764283489440076
0.0462786876025039 0.14789084540111 0.0321112069885316 0.0657363037208752 0.0320233863973919 0.185233309841766 0.112050097571879 0.0435913917164229 0.154675380636181 0.180409390123338
0.196589048764624 0.0187460292883097 0.00231465058158461 0.153848389006575 0.134686759969184 0.00556688670086712 0.19307620555752 0.00295486104531066 0.173005516151245 0.11921165293478
0.0755244372650223 0.0779424112255966 0.118673921649167 0.0503237761282409 0.114533273589589 0.0831087931420456 0.144741419745089 0.170756943093484 0.142000463866049 0.0223945602957175
0.111434251208324 0.0654714372433285 0.112375763105742 0.000207686058245854 0.156023356817858 0.17850576382659 0.0609351673240007 0.149237520978033 0.0141320326836938 0.151677020754184
0.0949633477527103 0.105046452963243 0.0320553655462426 0.0169213529436252 0.171236959351656 0.104997212529615 0.0667692942757316 0.14702470113433 0.142519809542518 0.118465503960329
0.121289280746664 0.0358198889448731 0.0290623344136857 0.101499155880384 0.150663674210549 0.117026125273662 0.105585818899266 0.142299117881597 0.0968390264916643 0.0999155772576564
0.0681192185678486 0.152556158744354 0.101603710547706 0.10939377673363 0.0384835228859578 0.0400147724199477 0.13943035203986 0.152940422181872 0.130233266290823 0.0672247995880011
0.179791604324081 0.131724374997612 0.0828224314898377 0.0555470223370363 0.0308479856044918 0.104458848911876 0.130103455910225 0.155316029406685 0.0926481665457468 0.0367400804724086
0.104459865663142 0.0026224426810444 0.136815358757255 0.0750976477020088 0.101710494709648 0.192299333452848 0.0601384179144025 0.152601888498117 0.0402284125125076 0.134026138109027
0.076376841885951 0.0483754702273441 0.108888194508468 0.10915684560513 0.190190767092632 0.0248901591939466 0.174059505094534 0.128258743962802 0.0747608931782261 0.0650425792509657
0.111855961083471 0.0412144778666433 0.163017149690987 0.113663038614992 0.0259190143403693 0.158154145091827 0.133317007818351 0.214270843042973 0.0289063588406976 0.00968200360968797
0.129313706853359 0.0765621512536352 0.151057159154479 0.00258733950224174 0.104066283825278 0.152814571229238 0.166369558519429 0.115954528732185 0.0640446927496832 0.0372300081804731
0.105918312954713 0.202745735204085 0.0518025548485228 0.215145090165411 0.0506244556140111 0.0553553597670483 0.0392331324324907 0.0153644886917017 0.195005139684925 0.0688057306370913
0.0271902944142335 0.0189734094140052 0.0521409793285987 0.0690588364600309 0.178149174773868 0.0362926911773271 0.225346781785501 0.222515190429152 0.105272256997279 0.0650603852200048
0.0644252154496176 0.0481041124777408 0.144766494493957 0.0401657747370921 0.156336877874835 0.111966271987388 0.129559235867994 0.162369403645891 0.0294276975521596 0.112878915913325
0.0482521999319357 0.104257234332604 0.0689579926769293 0.151564483513501 0.129812892845241 0.0365150406492732 0.108283551163569 0.0611007423166241 0.144317153631948 0.146938708938375
0.0344834237870529 0.069980142724584 0.0306785999260244 0.166596992456905 0.0894518685347333 0.033541748089205 0.173645933569054 0.0851489781336799 0.173103579838285 0.143368732940477
0.160454176100694 0.028917183483275 0.142245695921609 0.0620896295523004 0.0835035160749966 0.152964367613047 0.136337429220298 0.0119627351042085 0.0363273874734445 0.185197879456127
0.110100565574749 0.169976080666511 0.0528360420478838 0.0897991900539512 0.0683207242059013 0.0815819246967711 0.128676853539565 0.0353680126801508 0.122739737598834 0.140600868935684
0.184822423240339 0.100382389500147 0.175118161046682 0.0138854086157045 0.0683538884668377 0.0888365718304387 0.0506639906596598 0.130701327602329 0.157232632451991 0.0300032065858704
0.174874457370278 0.0486048250092354 0.0554500861749515 0.067771336109114 0.0377895679685363 0.0736588943296243 0.19290614418613 0.0202755445446683 0.144905999777841 0.183763144529622
0.0417706499757348 0.115827813663992 0.192504020467707 0.110551704986711 0.0724017028317998 0.150074796966972 0.14221007471428 0.097202422052582 0.0670959192140544 0.0103608951261669
0.118506196133989 0.10931871458844 0.121163001647993 0.126792056254815 0.0818209326929912 0.133877232142456 0.0723425890491259 0.0337519683287139 0.0565945268365532 0.145832782324923
0.00677720562207434 0.0168746241711573 0.103827353279054 0.129882976891768 0.157267615732484 0.0530211950504049 0.0447159026939608 0.159131689839537 0.182445053856201 0.146056382863359
0.126010912939571 0.178981645276222 0.0912828154898252 0.16673397812211 0.00413519081540988 0.168870103588449 0.099661474708364 0.0777831781196436 0.013438751858784 0.0731019490816211
0.225541743753015 0.100499725038246 0.197461654935566 0.0464454867344179 0.10881183436962 0.033698688655715 0.0293464593855458 0.00233235438815006 0.154058268653861 0.101803784085863
0.00866710658479047 0.143572631282888 0.197160223576278 0.0873744073936313 0.0704433282478227 0.206630687862173 0.0766647378886043 0.0719729260079917 0.0806987270798837 0.0568152240759363
0.0154672931931481 0.120888952376281 0.106072651708085 0.128433291029324 0.0819877441581298 0.0596926116038458 0.149541342824072 0.149847224755257 0.0767422003508759 0.111326688000981
0.161699648535803 0.050500735432814 0.0443937900450306 0.153542204201661 0.11556670926814 0.086967982616458 0.11402465653195 0.0729449111339526 0.0697712869626557 0.130588075271535
0.15094487043652 0.165043128488889 0.0794873757343576 0.12391963683257 0.114595550968027 0.132395077592157 0.0475936471930007 0.0876363358303468 0.0620571553509774 0.0363272215731548
0.0379987523481559 0.0384020028957383 0.194975845473258 0.149759048861411 0.0254354215745144 0.00622909522515058 0.178729853325624 0.0886406350034724 0.11832861010408 0.161500735188594
0.100442857364824 0.184261549507997 0.0113251726736076 0.0203359838649946 0.124368223432684 0.0585318723650265 0.13183403589538 0.0465502877284992 0.184859125629554 0.137490891537433
0.0674469009219462 0.1377667194701 0.0671552798435053 0.133046167953011 0.0416107870357025 0.0880341377101401 0.138852524066765 0.0950802707037171 0.150572635801549 0.0804345764935643
0.134593830500938 0.157256005460367 0.150536952341007 0.00405489373176183 0.116119851803206 0.0433976105523002 0.108148025441667 0.116402213747929 0.0393728527997142 0.130117763621109
0.0592756487016632 0.178127471069633 0.0459114075502114 0.0191924339236061 0.159269535099687 0.084928776363126 0.0885219720218248 0.181305092916657 0.029492664333336 0.153974998020256
0.0575865270916579 0.145766946699116 0.128267077821139 0.152467963337767 0.128241108879927 0.115415932375791 0.140244791153306 0.050549514834418 0.0707102578580345 0.0107498799488423
0.0694898055536517 0.057620178546815 0.133414931991922 0.153417959141371 0.102501514414723 0.124892942352418 0.0687561317189665 0.0950545949465223 0.095697727614932 0.099154213718679
0.0723054531254905 0.00989135673359084 0.0992351276856724 0.0470601439959445 0.100547398176763 0.15753197907436 0.195876001083024 0.170378723749938 0.0892221917101107 0.0579516246651061
0.0884939007352265 0.0367810401267279 0.0381894512925373 0.0734113437389572 0.171354355728459 0.250152098003054 0.161851578615599 0.0387651003222098 0.101386981331701 0.0396141501055273
0.00773947086665325 0.0899422038477028 0.171045112941525 0.00455735221564896 0.0343664771469758 0.126699661104232 0.176402213838713 0.0575969666929992 0.164368540010281 0.16728200133527
0.159868790906486 0.0136532700087404 0.109612888788837 0.0613970317101401 0.0658295578481781 0.112379165349072 0.0800973424724434 0.11293794169393 0.17876983762106 0.105454173601113
0.00632869213882696 0.121879449873634 0.169520750826412 0.190460488804903 0.0970514434857753 0.0524831473696981 0.108894469192358 0.0455889617991413 0.0575834119330913 0.150209184576161
0.080924224350715 0.171456030209832 0.162985642857405 0.0560896806091425 0.135883472740198 0.0643975987681757 0.0803538422784973 0.104173326499539 0.10592465567165 0.0378115260148457
0.111524737314393 0.0141602742194657 0.0859631793068383 0.125284285100345 0.140268004293908 0.0841193812134922 0.0206497322067009 0.139450214088208 0.154567262161017 0.124012930095632
0.170597075482597 0.10417486901324 0.0688479183727951 0.0988612360713436 0.126216202419693 0.0463093182393892 0.153200901761971 0.0965761730376546 0.118613141701672 0.0166031638996451
0.0654667030706338 0.120155659555818 0.0783989244711227 0.175240624058695 0.130881921602946 0.013841367432337 0.137967301572539 0.0710501078232384 0.13557480640552 0.0714225840071507
0.124125291762817 0.0784075308495816 0.13699253808331 0.0678024444545794 0.099803180286568 0.0997152960219523 0.0943338148211585 0.122303817024941 0.131478222640065 0.0450378640550289
0.16225014996284 0.02185249567502 0.10289264866451 0.153465873185142 0.169230094910941 0.164512033592705 0.0352020968863627 0.0130074865307987 0.0530750105549588 0.124512110036723
0.115269917815567 0.00899080845944579 0.12834675934991 0.0367206516509239 0.154207929692728 0.0956721576424079 0.1117010259418 0.0779556699495338 0.166533504637983 0.1046015748597
0.100968935757572 0.0016172307030752 0.0813493129564216 0.0635953518441634 0.155135584125835 0.149697453201251 0.15823345335514 0.0517223869011043 0.144351112915078 0.0933291782403591
0.150430497698343 0.114553636768432 0.111825780330395 0.0890878578558863 0.217450394152463 0.212858997455858 0.0292379233987019 0.0583682747652766 0.00523924178354961 0.0109473957910956
0.142538606402289 0.16155714695596 0.0709304583047707 0.127243192147571 0.105371785122314 0.14864227399851 0.0266215860819337 0.0793005644755412 0.0267020158974324 0.111092370613678
0.128658625986691 0.104220220107623 0.143355778550512 0.0258741193789964 0.0793983184635106 0.128872116287925 0.132385734125844 0.1347571058389 0.0934949090356226 0.028983072224376
0.167838665314252 0.112136675417601 0.0106595612394142 0.115678496993034 0.148552420278444 0.152355197315498 0.146255857483035 0.0730836446913973 0.0222881377992835 0.0511513434680405
0.00417421342091514 0.0692771182913517 0.168152308447321 0.074603635841269 0.128409255648969 0.136288898559098 0.178866616944402 0.0441478919842307 0.160010685651253 0.0360693752111899
0.0204550360807033 0.0855740241148329 0.0525594001864423 0.0410142697163552 0.0950485299245227 0.100704260463766 0.183000977766689 0.149322190050308 0.164317611105595 0.108003700590786
0.114790502343895 0.0554393295124806 0.0995434341047627 0.123111491748411 0.057613770237051 0.161566950662094 0.0836862250515664 0.208786417234669 0.0125235952561957 0.0829382838488744
0.154203841828777 0.186320807741513 0.0530890247630484 0.166069286779811 0.0456094389082816 0.00640753250702666 0.174357566392574 0.00359407447108806 0.0950438846808195 0.115304541927061
0.0731611395692356 0.139219692467564 0.0635076916594527 0.0482677840929524 0.0587601519162694 0.142144913027898 0.0157395556091822 0.164784880838478 0.104210863290486 0.190203327528481
0.132150016754957 0.0238637092732403 0.128691028949442 0.152956037340618 0.152860042413909 0.144447660785088 0.053401126158343 0.0840216333795241 0.1249649791006 0.00264376584427895
0.11316147031642 0.0910971643229188 0.0151774549069647 0.178524167097537 0.017354777854777 0.114738598494676 0.144331934440422 0.120249761676225 0.140564545957551 0.0648001249325089
0.0638188799364497 0.0858801586956647 0.0264225468028141 0.131486761807985 0.133948083677056 0.117406880446352 0.138755116980551 0.063965711120509 0.10120050694219 0.137115353590428
0.106825210001834 0.133167352016964 0.0396114891071538 0.0668014237201069 0.0857655463209383 0.142393240236181 0.134141348265473 0.106179521242415 0.123823350778999 0.0612915183099356
0.185211586298834 0.0359699440859786 0.156381943175677 0.0605910870213075 0.0308186641965702 0.220800113229762 0.184895870630093 0.0843487846819684 0.0306007726447154 0.0103812340350932
0.142358573872933 0.0854474794939672 0.148858450585807 0.0292493619307947 0.154872738261104 0.122910365468849 0.0167801178657535 0.0587860819077538 0.159197737070511 0.0815390935425275
0.0700419327894149 0.0729711247267575 0.140550481626849 0.102375942532656 0.0749773921372704 0.121814014361686 0.109941408788336 0.0369870545039857 0.127632625558675 0.14270802297437
0.0504521679144963 0.0569389479532875 0.0587080711368439 0.0581855707804161 0.160374939975275 0.102431594499415 0.163750068033587 0.0391317676295655 0.190468367916796 0.119558504160319
0.138128182208174 0.0743607653664126 0.0321427419122655 0.126671561578789 0.0997771745187092 0.108746349257408 0.107185568153406 0.130495259067536 0.177852821203292 0.00463957673400887
0.0454977659304266 0.0600088002598262 0.253369112638267 0.0545689023949813 0.0235328027422015 0.154665728285185 0.0358419675427819 0.183979889348173 0.156637602206276 0.0318974286518802
0.0684246973681079 0.137768741663087 0.156787686736935 0.162852619322129 0.0381223401567657 0.0446538955506081 0.109410921374617 0.143919211565607 0.110770463748651 0.0272894225134916
0.0330976392310902 0.0020330338532493 0.107290209442676 0.163478502951759 0.163180165087207 0.128942561609868 0.157769132943253 0.0368852022203144 0.154589521608268 0.052734031052314
0.0159724963002486 0.0752085087694238 0.0133529693074065 0.179365986219174 0.0570115642692828 0.080154766327384 0.0312424962969668 0.173571220774244 0.204730167405767 0.169389824330103
0.198879936826003 0.196880145415734 0.0591793957129785 0.09168826310924 0.0228959239842725 0.0152222115170164 0.145677115930083 0.0828715379089213 0.00422382969659573 0.182481639899156
0.098158676243277 0.141182807497366 0.054909037288838 0.00963168252607364 0.052456702156625 0.0777037104842543 0.0412362088476174 0.186225750689678 0.173855622235045 0.164639802031225
0.0145229075996312 0.0636214428036094 0.204101851466978 0.0476199418138459 0.0138717556676604 0.0282237629843454 0.161752623547914 0.191738010157606 0.209162318188014 0.0653853857703948
0.148862063884747 0.00469160782944172 0.0827068757520392 0.200487271468052 0.011628503551222 0.0869432434615549 0.138741580644047 0.159322202105223 0.0166265554548917 0.149990095848782
0.0691939016727413 0.166088500768695 0.023762813109045 0.050815981345472 0.115853944493406 0.153113620161464 0.0943854727204913 0.124917367821097 0.132483117347514 0.0693852805600745
0.000299329072571028 0.174097749273291 0.12589413178692 0.082108172620909 0.119627864002651 0.0376584347750264 0.158377522937363 0.0521115202778312 0.207814376298595 0.0420108989548418
0.154944548531249 0.158155731760095 0.166876986290911 0.0242183799786557 0.0895922600494725 0.149953669592263 0.0370707060954246 0.0793182461433724 0.100496789911992 0.0393726816465644
0.00492930692029089 0.181162844007904 0.167249552350844 0.165067689150292 0.0654403462983224 0.0248242782242502 0.0437475339135961 0.12347960259182 0.129944230495581 0.0941546160470997
0.154191255562615 0.137333566458704 0.0918281884349648 0.17175377260181 0.00344871518396545 0.177470835899426 0.165550374085262 0.0507575568203719 0.00282489575443361 0.0448408391984469
0.176736251467261 0.0123491008763272 0.12938020944359 0.0189653976414681 0.0217161538359115 0.192903581400034 0.0873648871170201 0.131452573814254 0.140008619330222 0.0891232250739132
0.0568586628134415 0.0855796160085998 0.175264604251478 0.0653795550263828 0.0817650274031917 0.170249611173417 0.103789053874996 0.175159840619663 0.0421557090115425 0.0437983198172886
0.00647068149951269 0.0818420550931305 0.150558277068838 0.00135633471968565 0.124009917712976 0.115090313742859 0.164218380224786 0.151901624236036 0.0916850900161448 0.112867325686032
0.0579043271157075 0.157676576863011 0.123515900018315 0.102148008912008 0.11725764544736 0.141578563359912 0.108337836931702 0.01509362162075 0.0245406289006623 0.151946890830573
0.037233434441981 0.164950797777499 0.0501804014256684 0.0333410721905422 0.0497784914020225 0.193132217058813 0.202853895480473 0.103711579458111 0.0789006002500712 0.0859175105148192
0.0622892753816322 0.0835889489757057 0.167523678591496 0.0841632424925438 0.143828097643433 0.0543237695622688 0.0407912682896519 0.0915948177202237 0.100328597252184 0.17156830409086
0.16326281752747 0.0584100493818681 0.0239282874625875 0.134175183900657 0.0975535202107519 0.160031087812252 0.121068772617367 0.0159170903535725 0.056475773992096 0.169177416741379
0.184295187341696 0.021353342994143 0.179051209162172 0.10115328618239 0.037105268578475 0.106001182858238 0.163554445790409 0.0582876109441633 0.0679168877657093 0.0812815783826046
0.0214248492137595 0.102658609570165 0.177793266212374 0.0301858415368019 0.203403275428607 0.128989849119331 0.0378575259042931 0.132511569001109 0.126745418582198 0.0384297954313616
0.110571547105226 0.0314237346118442 0.0694930313335982 0.13298417298277 0.0429991793758248 0.0752267111239844 0.0951775575246289 0.112612480994663 0.175355210845223 0.154156374102238
0.0716291767868847 0.162706070445274 0.0893098458301996 0.0687171251374105 0.0723163930319381 0.134049023365251 0.100161266497288 0.130119633587881 0.0615584831282784 0.109432982189594
0.181272956883127 0.0329564919698955 0.0519378433120656 0.0466448178160951 0.0848003899072029 0.197409897526249 0.0481778306869604 0.0555928003804109 0.152756202355318 0.148450769162675
0.15590031663752 0.131090241517527 0.0775527137129962 0.0377558260521403 0.0568372052471947 0.104886502963352 0.110581604739058 0.158181316584366 0.0430159944788386 0.124198278067007
0.137927796801113 0.138438840051493 0.131651110545127 0.104876741839571 0.146878913206324 0.0669138820786445 0.0681758039430724 0.0956830479608028 0.0385938754766775 0.070859988097175
0.0082329263758423 0.0823838303106497 0.145006524109538 0.0733138574707309 0.0886462278491198 0.0865429947909053 0.165264636493683 0.0851249020068521 0.096534739085979 0.168949361506699
0.00765743546389914 0.162809676826852 0.104049669044853 0.114291210330221 0.192271147783604 0.134940260198012 0.00154114019190045 0.0954788233343125 0.185459124892475 0.00150151193387123
0.178831203863171 0.158113009027041 0.101673902705992 0.086635094367713 0.0734159739518277 0.0066304323659166 0.0247338195594515 0.221131014856981 0.0811886078699233 0.0676469414319839
0.143654718979548 0.0315214379466969 0.0464138010421527 0.0611010547117688 0.0775002170331947 0.195026844977473 0.0719095984440559 0.0408455112890765 0.168301351973803 0.16372546360223
0.188723125115431 0.0133643389153065 0.165269388468493 0.0945498791738495 0.161854740716358 0.193561867698263 0.0538332611147069 0.00784778551732656 0.0688029883538556 0.0521926249264102
0.136533567011303 0.0916620025643268 0.0368577694384991 0.125751753100976 0.177648150294838 0.178192102807011 0.109199740628678 0.0244827452068145 0.041595883684936 0.0780762852626176
0.0274953985036789 0.135041915514668 0.144829185857985 0.088902231750517 0.176176881119531 0.0892007132044778 0.0609724817702834 0.114662425506213 0.0816992997855593 0.0810194669870871
0.0959904226107259 0.188548710852287 0.0610405147579733 0.0262896443988243 0.0115163573813491 0.162707191359268 0.0747466406951572 0.236215034751971 0.0369926811700626 0.105952802022382
0.083843245571725 0.0844481390753301 0.165179324773912 0.0266496716429034 0.0769202271826214 0.0475981259429903 0.0573219389759185 0.243893312966044 0.134162529288079 0.0799834845804757
0.00270915372413628 0.10949181442767 0.0535386527597536 0.0402000285376583 0.175419054991188 0.0726546573503606 0.137766643242085 0.254269071791281 0.101339319714774 0.0526116034610928
0.125145418084164 0.0569512597100857 0.0494101182758753 0.123026422188866 0.143925278809555 0.0976750414919563 0.0368204178904997 0.118770323895138 0.102148793688712 0.146126925965147
0.0697408434746499 0.0217774237348526 0.0782703652453545 0.17156424221866 0.0631679172994559 0.143751701463799 0.0354228438658176 0.0961289542334369 0.190053141241829 0.130122567222145
0.061212945506361 0.108465908896671 0.139341942852053 0.0664015935948977 0.0123458771127868 0.173480572230403 0.114966540550573 0.117084783679421 0.188604815852855 0.0180950197239783
0.0405467033076817 0.045826228621649 0.00872104122241554 0.195945395725572 0.201774580241903 0.00316044548440999 0.101549849983422 0.0632416307391492 0.221849294851339 0.117384829822459
0.104082102615234 0.131978239221097 0.042870643940186 0.0653587908922344 0.0635386521608528 0.190077936677021 0.0220160418882641 0.00919017569565313 0.159713848870645 0.211173568038813
0.0204040558625114 0.0376984647412489 0.000645980529998396 0.227918533697379 0.141169130150645 0.145891010671736 0.0623303553566421 0.139654689090081 0.0998253185458887 0.12446246135387
0.0274567656486654 0.0309518499594563 0.0529438753076976 0.0124000402201796 0.209638856585987 0.125965542047015 0.119935642687897 0.0641310703777227 0.165928946272434 0.190647410892945
0.173602465297745 0.198736551385621 0.0411692882001403 0.0222812608554882 0.00865298890573155 0.172460615051573 0.0178140273618772 0.134446287530286 0.108533248091529 0.122303267320007
0.170088098836352 0.0744116725963666 0.0420266621082811 0.113032843472476 0.00609666849279121 0.202505829419846 0.124349700418619 0.0806893047837411 0.142459205697026 0.0443400141744998
