0.218768174986292 0.244431778189926 0.131814433106582 0.130516588172446 0.205576546389918 0.0475490334943132 0.0213434456605231
0.195667710651334 0.11468175374029 0.181822480224521 0.14277043586883 0.157283424996771 0.0133363624657939 0.19443783205246
0.137862779525636 0.160393072790342 0.111964976425185 0.025617948465314 0.276334296182672 0.226303707302059 0.0615232193087914
0.118109295454263 0.117054012584154 0.197276948681685 0.137002341913809 0.181626340620848 0.116805109835472 0.132125950909769
0.162333462620687 0.136725467257489 0.0187841232563781 0.111678543786894 0.195508238467452 0.203467481191688 0.171502683419412
0.0679462245506888 0.20162011088673 0.10362584083729 0.114849759667668 0.132906770720404 0.0627707065716262 0.316280586765593
0.20028372549451 0.193465932677035 0.113359779255432 0.132353742146978 0.0591135005071833 0.131659659208785 0.169763660710076
0.205651816407658 0.00673420081997921 0.000400820097722449 0.263373644446968 0.142847365075756 0.156265429186648 0.224726723965267
0.1948551772448 0.214078435173021 0.192047170479986 0.0453645661085802 0.184658767409564 0.013325829676842 0.155670053907206
0.176643219515091 0.0574447105783202 0.116234570832207 0.15207486588732 0.0349079738488573 0.25714905950209 0.205545599836114
0.0971791106551076 0.194006253414829 0.223882516803789 0.0167810419902952 0.260841225312349 0.113910562163178 0.0933992896604518
0.206739475931584 0.0688243183071961 0.059875588645982 0.179894016487306 0.156660049659915 0.174372355638149 0.153634195329868
0.189370798768452 0.19068932171767 0.232695679270525 0.214921238710625 0.0177139648216645 0.0291326228590967 0.125476373851966
0.0518192082246666 0.0680971282314155 0.22679297704387 0.00879103059500806 0.214757102671408 0.198740645687328 0.231001907546304
0.566889784910911 0.0336593073327949 0.139553000255249 0.0632015037414717 0.00351726175542705 0.0838961016849539 0.109283040319193
0.215583375935144 0.00151061340025582 0.209033308052975 0.18481876079988 0.0661522611940323 0.11512884588935 0.207772834728364
0.216019328713708 0.0541863815362108 0.0860288605526792 0.188049265498305 0.216776835951816 0.0308516692037315 0.208087658543549
0.01334511293711 0.190589830366418 0.243739200280381 0.182387313237946 0.038340929833964 0.112976869883612 0.218620743460569
0.0599248147243995 0.204314053496 0.299658604608078 0.17709670379563 0.00394032413063241 0.073205462357246 0.181860036888014
0.0897173197683062 0.229846365203787 0.106679508972178 0.106890281664361 0.1849667218371 0.17247866087557 0.109421141678699
0.163837318895064 0.137481004695585 0.0576701363644567 0.0170518767036302 0.218439693756131 0.217446448896516 0.188073520688617
0.0276877403039107 0.106425380456258 0.216605876996246 0.0875978240033269 0.196453499014958 0.22837188488545 0.13685779433985
0.230250316118211 0.0741577643159907 0.161388099503811 0.210078371927363 0.232352491209205 0.0348606839389537 0.0569122729864663
0.27438654715038 0.20196683304526 0.172834653958041 0.0277442963750534 0.185871830459978 0.125074402183956 0.012121436827332
0.200458800651696 0.00393210254603939 0.244436800112664 0.173235707711096 0.172790930369286 0.115316653370485 0.0898290052387345
0.043106080849099 0.0779368392763419 0.0157916371184671 0.220452706078323 0.209827075471966 0.271332902970399 0.161552758235403
0.00226183115535343 0.198613210580442 0.070268757129201 0.01422176172258 0.0788313304300676 0.435744056366253 0.200059052616103
0.00178570896146361 0.232670357196205 0.105297514408279 0.21541834462299 0.218187622894658 0.118891821590176 0.107748630326228
0.00136940963953447 0.222696995531657 0.165870649698953 0.0755919558614396 0.0969631119207857 0.188571905511636 0.248935971835993
0.0825844242146821 0.238820929953048 0.159858771208938 0.114096676079524 0.0404509550907331 0.149085847652323 0.215102395800753
0.175688542706331 0.202054437280871 0.10254309342133 0.0667840393165521 0.086205407166337 0.0882994632755674 0.278425016833011
0.184508250352539 0.198003031962049 0.125677177196784 0.203616721684752 0.0394107157774782 0.228751259452159 0.0200328435742393
0.00336208679193559 0.322630844861157 0.163728331721163 0.0629314026315757 0.0596970708549405 0.0423137937701339 0.345336469369094
0.163200109446523 0.193868860227717 0.128340685925277 0.188894619191056 0.0818639893922129 0.106159947469154 0.137671788348059
0.162527146628982 0.301398587161468 0.0405751000984733 0.301494061264562 0.133145396064244 0.010083299089932 0.0507764096923388
0.00424510288165731 0.255512398265308 0.179317062486407 0.227850932694453 0.00756118500462401 0.100636945300231 0.22487637336732
0.0705318875775765 0.136145901588259 0.0212398990823569 0.221479658480521 0.210077382669333 0.174717110078376 0.165808160523578
0.15466455268307 0.10174528253864 0.17963891510092 0.208711095135446 0.211587643886839 0.0255403201092963 0.118112190545789
0.12597644464259 0.232341782671901 0.0807224863178034 0.0732553456989558 0.171279931993743 0.116146614111584 0.200277394563422
0.276413294159928 0.120752645556466 0.154103242887596 0.203865135960808 0.078481252546984 0.0573137639111236 0.109070664977094
0.222083467102082 0.236358195268085 0.222563694336457 0.205672216285531 0.0172726253381962 0.0792360317810529 0.0168137698885963
0.237215247317858 0.122796328019285 0.114437403169876 0.111636414260771 0.0493858233519027 0.115391217682482 0.249137566197825
0.0930338527950879 0.0940091703767701 0.108838020459428 0.157838248262544 0.191155358367468 0.262040839733414 0.0930845100052885
0.15190680754388 0.0491828802558759 0.101008485575363 0.126325805581743 0.199250499730698 0.202485273319979 0.169840247992461
0.251653286704973 0.0352964349032942 0.260776208762462 0.152388989113179 0.151758367375506 0.00922393586156525 0.138902777279021
0.0950255391504992 0.0208985458383453 0.238865041113015 0.172667079265812 0.236176827717613 0.04839040653122 0.187976560383496
0.259120047155258 0.133479007444561 0.167030065181326 0.2691225811728 0.0440126846799983 0.0853682836893288 0.0418673306767277
0.0231274959281205 0.275884429694985 0.305128604620935 0.0861777872938085 0.157012204967376 0.0127614962034336 0.139907981291342
0.0599611160139071 0.0990413732736924 0.276617756721315 0.0269522683820636 0.116345793723311 0.232364165238788 0.188717526646923
0.125151723230043 0.0235314021570281 0.311580619977015 0.00829451916452391 0.320448400313021 0.112647065372482 0.0983462697858874
0.0592372044565828 0.00364248301963369 0.289064074182649 0.202925184810644 0.218607507668299 0.0883547064694086 0.138168839392783
0.0959456961940192 0.178446552482672 0.141799887753172 0.0478842174937269 0.0760794688325086 0.0875460224802259 0.372298154763675
0.106219400144 0.158868199927239 0.244068289971489 0.156578345817624 0.127903514091499 0.138392079309374 0.0679701707387747
0.145270546340588 0.129917331966025 0.0407068196471064 0.0298588012390059 0.322677767493046 0.234048335405754 0.0975203979084736
0.184348922579011 0.0481227396891985 0.0825425212244531 0.14357738790024 0.229328334182692 0.101306189444669 0.210773904979736
0.200873278515098 0.151367215712153 0.10890472493073 0.19618026787268 0.0795218304621688 0.0391031155900082 0.224049566917163
0.256461831413463 0.0353444275872856 0.159962735862984 0.104745046384795 0.181905223985092 0.209010043414275 0.0525706913521054
0.0800198751518039 0.234819917756491 0.0323213534878011 0.197401286545527 0.142523231146829 0.185583860652274 0.127330475259274
0.264385121365903 0.0250065485735918 0.0708207085214567 0.244667744305537 0.209582620658417 0.00568476074859279 0.179852495826503
0.0111771155305979 0.105250941215679 0.269248223476357 0.073330671071615 0.0197001149379795 0.235486052699008 0.285806881068763
0.159685041747835 0.191018561311191 0.166005797511832 0.0549342356906609 0.178476448075221 0.1284401339819 0.12143978168136
0.212676349889116 0.242752882119303 0.18300810298593 0.156853998299214 0.00987465691416922 0.0627523207881384 0.132081689004129
0.190147775330959 0.147059189191831 0.106572646327341 0.0481315795885532 0.186066027471063 0.118878554869264 0.203144227220989
0.185218064012016 0.205402493339665 0.104144108919146 0.00709955025722354 0.162013247331842 0.145123215479673 0.190999320660434
0.211196358837286 0.108283213364058 0.131324626309114 0.052965433294721 0.249394214379856 0.12657937902107 0.120256774793895
0.108686218916829 0.116004172440087 0.0202899111695971 0.222463195491981 0.148707257986501 0.114614549430065 0.269234694564941
0.184636169226171 0.248283899118063 0.109335929262928 0.120761107607129 0.256603607838654 0.0322320564108202 0.0481472305362354
0.0624104092417879 0.138727295042983 0.0905468265031522 0.139589775029542 0.223003431588534 0.218131924645785 0.127590337948216
0.252286327987294 0.0994365406806877 0.156573500902768 0.225581064745102 0.0279651479562401 0.0808613757511103 0.157296041976799
0.0937318212257335 0.0994098523447772 0.18234755677451 0.264593276573441 0.0732311860121149 0.116986269054749 0.169700038014673
0.183540427420051 0.0466376992073014 0.163349983127809 0.326242704011254 0.179279428739518 0.0486748520474256 0.0522749054466419
0.0894608918416387 0.214292852283195 0.247996064184247 0.177119489267599 0.0253818972390882 0.118243704701705 0.127505100482527
0.178053768126612 0.0698432406961298 0.0490126541589869 0.0415798522164829 0.179781130939046 0.258764902390979 0.222964451471764
0.188499184605451 0.0134179886191209 0.215320722565182 0.049262041544855 0.183650096727056 0.0757060139416875 0.274143951996647
0.160842255529054 0.0518135057128342 0.00549434907958916 0.148161108752591 0.233410822818564 0.175901102022615 0.224376856084753
0.122314148253787 0.164282572265723 0.155536897803293 0.173810620075812 0.132979068873847 0.150149067736949 0.100927624990588
0.172047425753222 0.00774767120379212 0.156616914695128 0.175792840447539 0.109391724295403 0.1101724134335 0.268231010171415
0.29952203888805 0.00871476157513503 0.16046454808181 0.143583871308771 0.0664014419678196 0.198116542705887 0.123196795472527
0.162983270142655 0.123048718150545 0.219368006146913 0.18226334815923 0.185085060598008 0.0685296086036566 0.0587219881989929
0.209806255962997 0.0895321501215085 0.210460327061084 0.0134055299591 0.193187699008299 0.049292836629108 0.234315201257903
0.00433323477106164 0.142723949695887 0.249799377228865 0.145471057781871 0.108123445955839 0.0674027060864115 0.282146228480064
0.0835085504601077 0.102059924021412 0.0769760392051466 0.206849738225918 0.321497492013264 0.028077142547004 0.181031113527148
0.163748567691155 0.14482856057798 0.232429847726297 0.0606029980104791 0.133850708346776 0.040049669176381 0.224489648470933
0.0586625115618644 0.117654707678257 0.220431110264982 0.198112559015655 0.111575746278373 0.0512715417481478 0.24229182345272
0.24416943817421 0.173126552263267 0.181425122525876 0.0838216438571576 0.0913304974545721 0.155230796209242 0.0708959495156751
0.0196889526597738 0.185642130300332 0.188473613684196 0.200268484372623 0.108529913439756 0.145876996961879 0.151519908581441
0.114584992818497 0.160655672283109 0.132511499845416 0.133996225263702 0.175073432877417 0.181403612291036 0.101774564620822
0.0959250900515756 0.239727717110852 0.0307310114821417 0.243983219144236 0.124107525187184 0.106760888674163 0.158764548349848
0.288688290128925 0.00223626950174095 0.021367715509223 0.0377979995071937 0.127804599777373 0.243979073910657 0.278126051664888
0.114050167926389 0.264513300930287 0.244523655035088 0.144683822597247 0.126335935221787 0.0222111758203895 0.0836819424688134
0.0124981729111785 0.315995167106398 0.129493485244345 0.087134871843312 0.229916506339338 0.06715418090773 0.157807615647698
0.0483036110519419 0.227629821590963 0.167785756910651 0.0314779320074372 0.245410411448832 0.155646190600651 0.123746276389523
0.132353228932256 0.0747149960479424 0.178260232747336 0.210895148695309 0.134717895832971 0.127221516744263 0.141836980999923
0.0314808440932189 0.0277085520688612 0.222641368117184 0.244567074494193 0.179789508172434 0.186007261978023 0.107805391076086
0.204700736268464 0.0152427439995596 0.122458567364689 0.199300241631397 0.229404200023427 0.0327990976007303 0.196094413111733
0.081888385157761 0.0081267987790707 0.237426851093949 0.161374742735412 0.244927996017757 0.0177910384967211 0.24846418771933
0.110151152054676 0.170804080373526 0.283861031219445 0.0472801414878785 0.0428787562621022 0.224360160761624 0.120664677840748
0.137130288099771 0.0854531172223896 0.0395873028593225 0.20717235913251 0.157343328080884 0.169924655316072 0.203388949289051
0.152450092612029 0.0683142114445356 0.199082880481162 0.319360870903318 0.0777675609328822 0.0098344502728975 0.173189933353176
0.143865563983702 0.148278138281331 0.123501282311241 0.169047528666621 0.208078060199743 0.0718256829530442 0.135403743604319
