0.128329206819611 0.0789882681631051 0.121441258060102 0.163500919834405 0.0715770747018893 0.153657508292726 0.0243889063946356 0.0971968247008548 0.160920033032671
0.233281015362784 0.170361610584607 0.0534637266039183 0.0812506580179169 0.140093500833454 0.183308550721406 0.0733749055932202 0.0226146840393891 0.042251348243305
0.023380181650697 0.0467011626085146 0.232537927245848 0.0593480400487818 0.128488481908186 0.198009180067037 0.0367118726056121 0.0547388482837372 0.220084305581585
0.00715424920434488 0.180479557671711 0.229324960800164 0.160316770523475 0.203120652051554 0.0589289788963472 0.00601834923421878 0.00850903815657997 0.146147443461606
0.0494949866375316 0.144985349253021 0.181046342412678 0.106912824373575 0.0541861836851551 0.15072159044115 0.0361339131603808 0.147619161266418 0.12889964877009
0.0262916310712327 0.128249578091998 0.165487157461342 0.0188744046464935 0.210062333650979 0.0784761319918025 0.113756013934453 0.103636998433654 0.155165750718046
0.0600328985781793 0.122863021206085 0.15945405629858 0.164167341152131 0.15828819575146 0.0381929582999205 0.157014869030048 0.0352405556895035 0.104746103994092
0.0160063102749672 0.0681529160087618 0.0166119933126752 0.143831736603383 0.176205216099006 0.199838840149235 0.0248564193603172 0.105828763396787 0.248667804794867
0.137238444788443 0.146805026339164 0.0241598571524981 0.0479707482042661 0.110621126162242 0.20347838796258 0.0670136399167602 0.113686757476196 0.149026011997851
0.225055374995791 0.210673212889673 0.0592099253587343 0.0868306833672432 0.0407510623841672 0.124197299928836 0.0393604481517115 0.0742832422345802 0.139638750689264
0.0287418318820357 0.139301468599773 0.183075807484839 0.192688532365914 0.0901331674855299 0.0245285534995469 0.168431346080358 0.0301255718897109 0.142973720712291
0.0730620984462895 0.156566644503806 0.234790039203529 0.110679762493212 0.0295305763048841 0.0700417234420349 0.223237281700638 0.0336574787677555 0.068434395137851
0.0203090430219466 0.0895895464166769 0.146922229272758 0.15596839252987 0.165015713984965 0.157611879846279 0.0291535031263219 0.111258808913711 0.124170882887471
0.205307806468025 0.0755278397917419 0.176826493930856 0.227799349147861 0.0244413703003329 0.122948248779062 0.0966846107500659 0.0136724833937189 0.0567917974383367
0.0303272944073294 0.216610218919063 0.151527298503136 0.141835672386753 0.0856428045405881 0.14364424038019 0.0178774760287665 0.197468740033256 0.0150662548009181
0.0991581421036449 0.00014177727453035 0.0217171808919764 0.116108831528251 0.104584854467971 0.177951459629237 0.057059069954321 0.180490095462063 0.242788588688004
0.0342313211276037 0.14712046851647 0.111933169823323 0.21109182554712 0.228839743394183 0.185998316327217 0.0213639452901519 6.73330898762895e-05 0.0593538768840559
0.157814589663834 0.209994342287479 0.131918154811006 0.00104585183386869 0.153873950560486 0.0667663336044598 0.0503702060704225 0.0973142240229328 0.130902347145511
0.0500440712131276 0.0668666038019022 0.0969017415361931 0.119464945748207 0.166036599545818 0.175351305389951 0.0381773332277161 0.118777314660471 0.168380084876614
0.121292166718366 0.142497681363431 0.172498243385761 0.152211917820545 0.0718380229096371 0.204009713759694 0.0289325467130419 0.085047460913857 0.0216722464156669
0.173394905354172 0.106996389290913 0.07500732890164 0.0814421496572654 0.175663304341032 0.0919557985166415 0.184979218465488 0.0880675633750584 0.0224933420977893
0.182480066021224 0.0900670127574745 0.0918309204403105 0.0154529904883505 0.129384202094887 0.115851361337511 0.11380952855685 0.088989639319217 0.172134278984175
0.0203771782121587 0.0946353176823909 0.202263403305352 0.235894266101344 0.0393054716823809 0.178166238407224 0.102258876353715 0.0931776106536149 0.0339216376018203
0.0591834460328313 0.15710048985887 0.173928751482855 0.126032509941471 0.0960843647203678 0.0397970060268505 0.162053455185452 0.0980425243064019 0.0877774524449
0.145800711528323 0.104046190652864 0.0174276991499275 0.0378352883620383 0.00957146211155257 0.20069035975322 0.17400410194444 0.218207980439942 0.0924162060576927
0.0995317368899588 0.131821473193182 0.0793567133763353 0.113062502997756 0.0900760107043522 0.126049986247213 0.0595093443449033 0.123992069283074 0.176600162963225
0.143519715776773 0.00281179611724618 0.0814758398043952 0.112981031373042 0.078630176595649 0.0112052042351554 0.0632274541684342 0.256978400032096 0.24917038189721
0.0210479953132196 0.0372994152757602 0.0908833308562472 0.240552305158088 0.0772239155638177 0.196417861545535 0.099212966682325 0.0334136346220578 0.20394857498295
0.132754226498538 0.147702427905186 0.11634463894665 0.138166935706909 0.0377520661419046 0.0300190017312974 0.157437890437754 0.0828748692465668 0.156947943385193
0.0791457019791161 0.0514064417225901 0.0412450106870706 0.0508564024233353 0.261680972132726 0.263085709156405 0.0216780702255207 0.227501071851732 0.00340061982150428
0.175940953526466 0.00602381387454955 0.0535508701088289 0.106300845637416 0.180006882076693 0.0362846250093574 0.168171226291247 0.145343237594483 0.12837754588096
0.193954709301114 0.0918788918712655 0.185374835205825 0.114755256384367 0.026149572018455 0.0536716133203711 0.108437039525617 0.168143077370623 0.0576350050023623
0.182003777389813 0.0788131230184723 0.104625969916993 0.155637005127862 0.0301530441355204 0.0206949875031529 0.110080585809646 0.137427207370047 0.180564299728494
0.0230536999540349 0.00244283413168961 0.296576294218173 0.222988967120914 0.0105389794536046 0.174805142078254 0.0741489490334449 0.124637378212381 0.070807755797504
0.19703501852957 0.0707094444204909 0.187732903376889 0.173710744799311 0.100235770747751 0.12504903795159 0.0120649266770574 0.12683129852231 0.00663085497503159
0.153055277493711 0.140695998427904 0.100321506183553 0.00132186064528965 0.0925562530997417 0.148117096334777 0.121140653375399 0.147206306202347 0.0955850482372776
0.118774990626249 0.137973579883869 0.0815309498673884 0.147997289576434 0.144471952018054 0.0521071424194968 0.105179227944064 0.0719450242795974 0.140019843384847
0.0433634878768587 0.0258965164605552 0.0237702861386716 0.169494396859696 0.20168285719772 0.0876159446908539 0.218090938484057 0.160823761063911 0.069261811227677
0.126287979878989 0.11458169869626 0.16306828616691 0.144062272748354 0.00618109637883156 0.0816379284575192 0.171635954023669 0.156152877477136 0.0363919061723309
0.0127286595712132 1.88511634530175e-05 0.138397988194708 0.141558388997403 0.161701409498029 0.00937088539338385 0.215851524486888 0.211121557605945 0.109250735088977
0.20377994213421 0.024336135648522 0.210549546563004 0.163598835473108 0.071149118302315 0.0376295232398211 0.0604358059019705 0.204451477480014 0.0240696152570346
0.142997127543395 0.0821658241086401 0.170971218494799 0.0158369781793548 0.0953682001821995 0.272452514536246 0.0748175861002278 0.119216660919435 0.0261738899357034
0.116417168485962 0.157723304905243 0.11371498606097 0.0224475248544831 0.110773001472413 0.141032624036491 0.110931145244895 0.0946231634209602 0.132337081518582
0.0824157331281989 0.174092044277914 0.0312779503257511 0.138576977304988 0.0706698829664573 0.0901158973945917 0.0940984795784549 0.12423930420659 0.194513730817054
0.196003636981967 0.178545720349347 0.0974580553954484 0.103510782556142 0.176134186863892 0.0634041683464499 0.0268648890499062 0.0908734053621695 0.067205155094678
0.0449014171874575 0.0744473112179091 0.0470176690805395 0.111900030192737 0.155292119944911 0.168522410148459 0.250694433343751 0.135890045169368 0.0113345637148677
0.179037543267464 0.175725334861311 0.036648649132254 0.104436505760573 0.0137162446342565 0.130175907937059 0.01079121578888 0.187769944016373 0.16169865460183
0.143827857697695 0.189844192713006 0.00703570432009263 0.227730580958464 0.0685217879220188 0.00458599645235026 0.00162669942637422 0.234252292879967 0.122574887630033
0.0606296237321967 0.0740918911901824 0.0468509041111028 0.196312955039387 0.198752845887277 0.14254152325821 0.0478015357384958 0.0620714825599094 0.170947238483238
0.148967612144756 0.132380037912647 0.121057231947472 0.0384598068097402 0.073539099429605 0.0211655911041876 0.173210046827344 0.124903369378234 0.166317204446014
0.0391276910705386 0.15544543343121 0.176635658849205 0.162305612587891 0.157959537597556 0.133970735182244 0.0685001248614647 0.0442197891175466 0.0618354173023437
0.179967143345221 0.0764281021105598 0.226907210773962 0.129593829356063 0.035728157354866 0.0418300975339573 0.0825462495731626 0.102041362482858 0.124957847469351
0.0137810341637759 0.106305346995521 0.134938564739499 0.0408887727506083 0.15134376656209 0.180955101626798 0.0245698467730695 0.166734038293334 0.180483528095304
0.202205310746734 0.0958698892856954 0.121726210842752 0.00343205855976503 0.174424113390895 0.195684366674651 0.0813174271077006 0.0667300640862699 0.0586105593055378
0.18223137754722 0.0398544732757049 0.189075863464163 0.096444979054033 0.0496607329916528 0.0152020686731022 0.185303252372368 0.111182062583927 0.131045190037829
0.201022882317631 0.195314982588706 0.0264707826785607 0.13971258846303 0.0558801401688136 0.127928392412938 0.0288866087318619 0.0221604422739207 0.202623180364538
0.215321773499669 0.158969330254521 0.198382221476261 0.138708513083563 0.0226543523145387 0.139549276922894 0.0858837535170001 0.0239705210380037 0.0165602578935494
0.0999245023675713 0.0712435620554357 0.129062702182288 0.00380591096014102 0.154828068001055 0.0397343963975022 0.0637338564240596 0.21817851709421 0.219488484517737
0.162904592907083 0.180175282706931 0.155396575656859 0.0515057963336461 0.00735554799111913 0.109014466490223 0.102096222494848 0.175677342072124 0.0558741733471665
0.0855440731026279 0.0390001545448022 0.0961810457001138 0.13905216981041 0.200220199753219 0.105953891201629 0.161537485689306 0.0789755640927272 0.0935354161051654
0.163356492802169 0.00527741719541149 0.105023479004635 0.130117830973491 0.110862739903254 0.082766648033538 0.0867895096588505 0.154208453364524 0.161597429064127
0.15185295730129 0.0573484183465691 0.146757911244514 0.0356505783586222 0.156446380991992 0.0950755865768268 0.114125533786427 0.13854699235828 0.104195641035478
0.0224044551445231 0.170748919811639 0.143859777167122 0.142487806737092 0.121638379801045 0.0672867710541152 0.0888845106921696 0.0960068051411609 0.146682574451134
0.055214556263312 0.00473433854076981 0.166605478444568 0.219888464820491 0.118955115650715 0.108242479290142 0.0382533692163148 0.191652888479277 0.096453309294411
0.052689917511509 0.209362186074195 0.0358397814804525 0.0689932848583558 0.0843038104285189 0.282859997497126 0.113095159679862 0.115130967102027 0.0377248953679535
0.0126887795341536 0.0702068878696613 0.146662020721418 0.0161645885722862 0.127346619567274 0.118610378051709 0.169857175966332 0.131222906796587 0.207240642920579
0.142016687719626 0.0202031925703376 0.232902608939256 0.133932068195496 0.150970166440456 0.0802307176271613 0.129448005296188 0.0739190953666836 0.036377457844795
0.0689340941202462 0.175320830111724 0.0979293697489497 0.129875079372085 0.148293339832223 0.0414804730931806 0.063416817996237 0.0965247272112214 0.178225268514134
0.0931091579608724 0.0628084615288547 0.135710332682144 0.139707621854897 0.146321228016459 0.107641986435721 0.0821420528393738 0.110400977200127 0.122158181481552
0.0449950317261817 0.210404159334456 0.0320858196199507 0.0695685988452738 0.142919696967643 0.192322013521004 0.100615884557505 0.0635905469682279 0.143498248459758
0.0764397756602542 0.0448275643779848 0.21574887563528 0.0160408957461498 0.0212177527295582 0.105342645384393 0.122526959829461 0.20571748152652 0.1921380491104
0.0488823094797208 0.140761266930563 0.162993473456689 0.0264777514446504 0.109891446848529 0.179391963370336 0.189075934957577 0.0847368264428419 0.0577890270690932
0.0533014954255777 0.0713921287034883 0.0854807080093472 0.162394231039388 0.118361925556497 0.234173933544328 0.195493104166317 0.0268870402057506 0.0525154333493074
0.0416150262630843 0.146185208269394 0.115444117410396 0.0250419864119817 0.13658632788806 0.198964766289099 0.166164888290216 0.0922460167797653 0.0777516623980024
0.0943792201880823 0.0468911428368907 0.222780629339966 0.07710000111928 0.196053524304955 0.0723096369991079 0.128660737083354 0.0733744640773435 0.0884506440510214
0.113683231588292 0.157781664983783 0.124773540296994 0.0465913523069635 0.125186805334822 0.102022562387166 0.0462083979443035 0.141474321737526 0.14227812342015
0.140554083433228 0.146976955504914 0.176955527245021 0.0909659433992789 0.00276201464862816 0.0489088345340917 0.118455753746857 0.144831851489169 0.129589035998812
0.163551762007943 0.000265512366155032 0.109785707340751 0.199781162801111 0.0818156610302833 0.193823903208502 0.105346479549322 0.11524672536928 0.0303830863266533
0.173790619700236 0.0127378175494317 0.0418196968594386 0.00773771364646288 0.063667932963821 0.15083361830529 0.152112385299183 0.189931128624098 0.207369087052039
0.132650066468693 0.0421652813823332 0.000549836067412545 0.0673285696690625 0.0740430810259208 0.154993341739066 0.103667490641554 0.184015893336434 0.240586439669524
0.172337431632506 0.145370879225549 0.15678331764604 0.0519937434419881 0.19805535484959 0.0547464467359008 0.0859088440673302 0.110160559041586 0.0246434233595093
0.0505252409057296 0.153124991742805 0.112158536014485 0.117312050650961 0.13835336664337 0.135635600008509 0.066698351292486 0.0632509995998599 0.162940863141794
0.142431685894353 0.182757915746457 0.0699175215982899 0.010590734767631 0.177613142125056 0.0408098108721882 0.000383317388789255 0.179169701595626 0.19632617001161
0.0154737562227168 0.125541987539552 0.253639912690807 0.0894681621360764 0.140860356532883 0.269475032068083 0.0167304627136847 0.0167563621364367 0.0720539679597603
0.199657013978899 0.0693546672891805 0.051536292447011 0.0583913501516255 0.195804011927505 0.0970258852179584 0.139678635781396 0.0613807589888058 0.127171384217619
0.0942660722541143 0.0916365248448637 0.114931499763099 0.0720993256601121 0.105717018858951 0.103793617854141 0.140695804879342 0.136452197976328 0.140407937909049
0.0913951320820009 0.152044093971177 0.0299314640840581 0.221252461339572 0.112872753550967 0.099122381441725 0.0564370089770306 0.179179116081674 0.0577655884717955
0.0761430190009748 0.0512969154695861 0.152307415386877 0.0957139761848175 0.174033742645968 0.151566761288182 0.143416296918289 0.121672929904012 0.0338489432012933
0.0202589799343189 0.231812004424389 0.168502829805314 0.032602806268405 0.223038326699577 0.112875671907667 0.0135166535967074 0.0106169399741696 0.186775787389452
0.0388190802700941 0.0124597631729377 0.157469648515861 0.202958853928994 0.104073493937815 0.235195745233824 0.0346836563114267 0.0943444391247517 0.119995319504296
0.107178858542648 0.0979771319599304 0.0424342459324917 0.0890709873073079 0.184454367937928 0.14203527438747 0.196239444080245 0.0467498415072609 0.0938598483447172
0.069783865778231 0.0469594883743111 0.181219027499068 0.110116527025766 0.106140004034044 0.00335455897193757 0.125387514801297 0.154105976312843 0.202933037202503
0.155055885331054 0.111635265787278 0.178463995057717 0.10318974427687 0.151900934834762 0.0577925296843572 0.0912182999836457 0.0902442983220487 0.060499046722267
0.166180737419992 0.170713495358909 0.176352427301503 0.0877855324945562 0.0251030792311427 0.019353245222105 0.186151593145683 0.127081575329895 0.0412783144962144
0.213447140663555 0.0609461732169928 0.0854636966942934 0.205574436023805 0.0436405780326034 0.0377159275448119 0.180134348024417 0.148952426684008 0.0241252731155141
0.176231938145372 0.133557317584852 0.144486777616053 0.0486476890607737 0.0699297006048513 0.0909426335571379 0.0468932264404055 0.1133644464868 0.175946270503754
0.160612839568983 0.189938431842176 0.102120730455593 0.246344211625835 0.153230891469178 0.0147111800291211 0.0909741399575432 0.00621890231617042 0.0358486727353995
0.0318051507640309 0.151673493741871 0.147517824296551 0.0100607704387274 0.18635460658838 0.0276693832801505 0.0243579850900524 0.212137954354427 0.208422831445809
0.209985714907379 0.0137762156633293 0.0930249348099042 0.0424846640638157 0.157805712019777 0.0441956808606238 0.215725608892982 0.161038644899214 0.0619628238829755
0.0363169666092298 0.103868814990681 0.170109197174601 0.122106065457707 0.0625858433622834 0.117011930960608 0.0863751363853841 0.249019440768346 0.0526066042911596
0.08752884050562 0.182375823388765 0.13668100655692 0.0224096296898912 0.195443802806372 0.188106097066339 0.012081720988647 0.14571618196289 0.0296568970345556
0.240823852722468 0.0809003623758067 0.0116294830762979 0.177871899257947 0.0373791184797639 0.0101860745156242 0.156439682184758 0.260649650145216 0.0241198772421188
0.196511616900664 0.0173539657242711 0.0516268504112698 0.188834945824994 0.145427978272075 0.223870733799667 0.065128931965231 0.0184060560740387 0.0928389210277878
0.000308116325303598 0.161369326005667 0.158789929374884 0.155838442323184 0.127775034637318 0.1253810645565 0.0428321964815215 0.106978743476153 0.120727146819469
0.0488787773366196 0.0507381919515416 0.15106195013454 0.160766196515476 0.214829591877743 0.214794493957758 0.0598069348005961 0.0936763595376381 0.00544750388808686
0.029607282269954 0.061139645029791 0.185048486507661 0.233445646201389 0.11143570514148 0.206802281991501 0.0100828771828627 0.00362748007660413 0.158810595598758
0.0598848038980771 0.106938264357371 0.232813492961774 0.101831561742175 0.111402987434764 0.0302514575871707 0.196139217708331 0.110330418029012 0.0504077962813256
0.181201507517882 0.153862399028663 0.0181648058115518 0.0967908467417163 0.109362018380756 0.161129266072284 0.0746553788721449 0.0154488017772597 0.189384975797742
0.185280721826452 0.0533199424719863 0.184194827351202 0.104256697137702 0.00338661316235772 0.0631498828655258 0.161366488257407 0.0879140593713092 0.157130767556058
0.0632969453263122 0.193103953956386 0.109548527512077 0.139600003677926 0.0841858799465721 0.0566626254175047 0.0764676570385785 0.0861326498512802 0.191001757273363
0.147199019773333 0.149888582929227 0.130623209020947 0.00823473962071028 0.151465309893578 0.173608547566633 0.164009578042304 0.0262341320725165 0.0487368810807512
0.104914632929026 0.16379823598502 0.0327936521376201 0.0430865895190142 0.167416221255942 0.113827246166348 0.115057191549436 0.142685368996104 0.11642086146149
0.139557784111387 0.00699358371603145 0.179654402851012 0.152931809910751 0.168459605613295 0.124657556744884 0.0711651255939139 0.0315358736769858 0.12504425778174
0.242591175860833 0.0363448302445283 0.0941154549861438 0.00271018125466591 0.24152484958363 0.164425246181719 0.00145954987806242 0.149093991410989 0.0677347205994295
0.0658373813076521 0.1262787637616 0.0523907634567889 0.0015987208642537 0.164816454771132 0.112697294836024 0.206072812898061 0.137672195981875 0.132635612122613
0.0382063420469115 0.156574116750953 0.22160076117007 0.0758569436148383 0.0863242024295777 0.183008684111385 0.212472166422533 0.023062220877984 0.00289456257574721
0.0797216164839326 0.104868545590957 0.196871038917958 0.0806838057579497 0.00540948733761538 0.0418952059913723 0.180909371709523 0.0927232577805491 0.216917670430142
0.097320993895114 0.0723633294531663 0.0374260793720242 0.133506959609238 0.18813909117427 0.184718273607286 0.183921824760325 0.0189735461619093 0.0836299019666677
0.057414269688001 0.116756283400459 0.101547959325528 0.108385396090014 0.181804282451601 0.0662412851174378 0.0605542773086596 0.160469744018519 0.146826502599781
0.211780652010875 0.00586649909690011 0.125716748462149 0.0767497725926025 0.161376659305171 0.101391511612631 0.0520690831702688 0.133297741768198 0.131751331981205
0.123775461937863 0.131667062847587 0.101215038949939 0.158903856520478 0.0842054630156831 0.085470078982763 0.0218107124739912 0.15594890274426 0.137003422527436
0.133594655905721 0.0448743707962425 0.130650390571417 0.0999530242496113 0.0907571086025981 0.169027159265942 0.19030254323852 0.00404759155359689 0.136793155816351
0.0679135003764653 0.246362977329011 0.13565571469641 0.0101996653174025 0.0740962231381921 0.083282572456658 0.216516973326026 0.153980199655056 0.0119921737047786
0.102829540331895 0.0336242305097042 0.149343147847867 0.129020064189611 0.0504960945220868 0.143922579082156 0.0408320215182089 0.170392230440844 0.179540091557626
0.130248576305983 0.16805022440671 0.051775248230266 0.0444185039764721 0.0218403680744097 0.112941480474477 0.151154431691342 0.131580611239041 0.1879905556013
0.192062927584257 0.0330971581979919 0.000999354982843981 0.140980359556753 0.0495100440412354 0.000891957659531995 0.199445357890282 0.15396352390073 0.229049316186374
0.139683577218435 0.0910666133802186 0.138012371185543 0.0952677856314881 0.164754684079272 0.0835924621553742 0.110754721543859 0.15727828168982 0.0195895031159897
0.0725334099309106 0.110360809223196 0.167768759222941 0.116310014507294 0.0491675385264548 0.0516804524252229 0.184978360956788 0.196497967054476 0.0507026881527157
0.0970467729887977 0.155733168423604 0.161714358465248 0.181393266793043 0.0688231079615425 0.170713687081411 0.0284813489256756 0.0911550554080899 0.0449392339525884
0.0376563053514102 0.178213856756122 0.156712709109135 0.170732569201508 0.0494872053051589 0.142357556152841 0.0814705176842826 0.023357135408339 0.160012145031204
0.172784445475378 0.177856392913625 0.00841236206724802 0.0488907493735588 0.125455793285094 0.18542812623129 0.0471735395080835 0.0781707476151108 0.155827843530612
0.218991432464112 0.115819718512301 0.0912656491963005 0.00315883373441777 0.251549915591805 0.00143818971446827 0.0673953105772305 0.246924976591106 0.00345597361825835
0.283863767706653 0.00356756356142706 0.0142100704216304 0.0800350329040831 0.0912430207409269 0.115643879991149 0.185446144696413 0.108674706035414 0.117315813942304
0.146760108759267 0.141678506687433 0.0489745301269308 0.0629035727582403 0.0224558104248524 0.0708594394875312 0.125541179415885 0.171158146317471 0.20966870602239
0.0597245703936431 0.16599493761577 0.149868568867836 0.0675296686068347 0.224365277789994 0.154873244471459 0.0431015328508644 0.12827070810809 0.00627149129550876
0.161003005795604 0.0640823144371791 0.0448172083421294 0.164009493644178 0.188931663262565 0.0270021773262815 0.143081360896255 0.104194723985492 0.102878052310315
0.0768919699912326 0.00499911503377793 0.0709040673761982 0.108320750636407 0.0746383273727704 0.101077105454881 0.21516317298868 0.186779637485819 0.161225853660234
0.132148739358732 0.0820297495374545 0.144116644067623 0.118021400934695 0.0734129936157498 0.160445251352071 0.0696050204227454 0.173002064671099 0.047218136039831
0.0166574138102227 0.211151570458229 0.0613460315308037 0.219723032825413 0.137490678505357 0.0145524919078444 0.17407783685005 0.121708875357503 0.0432920687545779
0.179817667345957 0.0215954390556666 0.116269294430453 0.105838567914434 0.171667536103713 0.158861275666748 0.1998491649631 0.00965634610570576 0.0364447084142216
0.118215684408513 0.250494528081942 0.149520650165714 0.0669894528750169 0.116991260007986 0.01071092378319 0.160270466150324 0.0763665929207574 0.0504404416065571
0.150577917460578 0.00300594168729984 0.182167469206398 0.114402446138174 0.153507705952253 0.143085945598344 0.198713766068262 0.049491761764962 0.00504704612372825
0.196542168264584 0.0464068687315213 0.0165388245437744 0.256624190235623 0.0374090634542959 0.0549797262106108 0.2063515448878 0.00388983281240669 0.181257780859384
0.154854439335825 0.152228548781055 0.0807591329787435 0.15710620095935 0.111752999415576 0.133844749471954 0.0316497706528596 0.159601492332737 0.0182026660718998
0.123657895073332 0.154890818638434 0.16143083874844 0.0223271295977469 0.125620623467858 0.114337823885645 0.0500431855358109 0.158273631759213 0.0894180532935202
0.0574452238599219 0.051302358824441 0.196414531294528 0.123511640764919 0.0437316696352815 0.146734298882081 0.0263975047802047 0.215795859080159 0.138666912878464
0.00769897190968315 0.135551069347638 0.143495725020657 0.123199679264023 0.0696621198146668 0.125150417543387 0.142200200184286 0.191105311250473 0.0619365056651856
0.230759740986987 0.105183773644483 0.064066656757125 0.143448823933198 0.232960319590837 0.0606538140758518 0.127856184408689 0.0223956085775894 0.01267507802524
0.121464840473486 0.182986599647603 0.179511771781014 0.0132757027670131 0.0600840022992604 0.181439184340136 0.173669884663036 0.062995058496393 0.0245729555320573
0.0860420955870527 0.135366680201239 0.105000222308938 0.0137975332555679 0.173977455300744 0.21475268275707 0.0819817855719042 0.0750116318101936 0.114069913207291
0.144366883288157 0.144220267338581 0.17532608307026 0.00310279767010192 0.0746827589792912 0.0855060250695377 0.151531348526975 0.0292648179159306 0.191999018141166
0.208217002090466 0.0104564155465468 0.050828007486656 0.168870423601025 0.0360992362836749 0.230657047722945 0.0701193170018227 0.00150945256709911 0.223243097699764
0.216087764342698 0.11841875616765 0.0390272534779405 0.147475675831832 0.0526813229959913 0.0181705018710843 0.166910606403812 0.0520782290257062 0.189149889883285
0.00328710513327856 0.206525120371445 0.035955760336723 0.0192243706939257 0.101214275040954 0.178852692715818 0.0580885124490171 0.0380129107519768 0.358839252506861
0.0084789841923937 0.159841640635719 0.0122262127151838 0.132254316927885 0.225386645534443 0.112697046385265 0.0542437204155964 0.215452154524081 0.079419278669433
0.077611459387461 0.177429554408612 0.0511306041360314 0.136536004159893 0.114461164425981 0.00850760727443829 0.17730437961223 0.136961151469783 0.120058075125571
0.0116102113487848 0.179441010604833 0.133225443582761 0.176124926159992 0.0791860436327067 0.155910644672743 0.031216580193398 0.0815975216650725 0.151687618139709
0.209036760156563 0.0755040532924547 0.0471307353626585 0.21430477623365 0.056329840048028 0.0132835160898332 0.202146468817138 0.143148683121166 0.0391151668785089
0.0359404830566611 0.13820199292264 0.0401336632636032 0.0552477924873539 0.181577015318378 0.271928143879145 0.20834152805079 0.0162839923532527 0.052345388668176
0.110319413100928 0.026976434134877 0.0714606869840713 0.115401161924818 0.197404526293874 0.073552392146511 0.144702165089284 0.0898175676145476 0.17036565271109
0.00664235282472772 0.191597556237438 0.238075331592747 0.0621591843987424 0.215825107007187 0.0215542880457975 0.0894795122669606 0.0779840731899186 0.0966825944364809
0.23374275260822 0.141900782609977 0.230874401634003 0.0776486436916054 0.160776554611025 0.00416198286174883 0.0805749182720484 0.0241917726336894 0.0461281910776834
0.100671455719476 0.0441501697241444 0.170846252529372 0.165720527373056 0.0316848016904345 0.104262181055406 0.069377706496293 0.143865336412949 0.16942156899887
0.0529134934485877 0.0977079858562995 0.0866760712618506 0.0455521770963163 0.171286621226284 0.170733844379698 0.167986046619244 0.118589263795282 0.0885544963164376
0.195291105608036 0.0515697007906134 0.123218221239493 0.191916717122875 0.120377636754362 0.146926173150079 0.0122448195901318 0.00488321128639388 0.153572414458016
0.185810928127102 0.0354201103716929 0.15013278940049 0.133445604773364 0.114540063670379 0.0346886073608915 0.188957244224377 0.12982259768437 0.0271820543873337
0.128094110007341 0.0205000956825806 0.114652107191217 0.198109832415818 0.101648379931935 0.1027494452075 0.0126474175105751 0.20563298620305 0.115965625849984
0.135246104807456 0.108820782047559 0.158317997120795 0.0387046159446006 0.127353154043427 0.0856179546782059 0.079968930253946 0.155488978079621 0.110481483024389
0.143114931682306 0.137173967771565 0.070567963104256 0.13631307379646 0.143847932781189 0.00305355195352131 0.139448295758052 0.100634974221985 0.125845308930666
0.203334805774033 0.0146425989918701 0.0875553762209076 0.0465332634213044 0.0621915164765958 0.178248312666553 0.0883724244030237 0.142062609284764 0.177059092760949
0.102895406335208 0.192271825711695 0.0280801355570079 0.0598338734135664 0.0604938819955545 0.117339382973554 0.130196733437053 0.172728628840919 0.136160131735443
0.00916030553761475 0.0545384234304332 0.226688341768075 0.0681501575292716 0.14531170610539 0.0352784480330211 0.0847372009528962 0.105368355911947 0.270767060731351
0.169963781588224 0.053274536091789 0.0868557306685464 0.0786477129775377 0.00924111732641173 0.036429391123945 0.265536626668862 0.265296212146285 0.034754891408399
0.103319666855935 0.0707776312402304 0.051063212697656 0.157855853132226 0.14922800781707 0.146652594751623 0.183245079964904 0.126895925906592 0.0109620276337638
0.118578991956964 0.0232117836249906 0.135281496314106 0.12864093340583 0.134274621383978 0.137476001586055 0.0718071572029082 0.132633154643686 0.11809585988148
0.155557089760368 0.0785923896843444 0.152650467647641 0.0875526749414335 0.22234250126329 0.117625753904373 0.00545849164573534 0.00696098437518216 0.173259646777632
0.136465907898142 0.132926172576555 0.0483516588175531 0.145886309602783 0.134264668919932 0.156573269646464 0.0201335653163751 0.158950492725 0.0664479544971957
0.194678552050095 0.0431818298457713 0.140244667378322 0.127739772790487 0.0747828644803616 0.00853752752379461 0.164465533220466 0.0471821951835871 0.199187057527115
0.0618784046383953 0.170803854911586 0.073062986488739 0.13878219882858 0.142848195959185 0.0947959822126428 0.0501306675392473 0.171639204340735 0.0960585050808894
0.176188491186105 0.00424383573566413 0.129420631362485 0.111289244354241 0.031198943144312 0.136736487023855 0.152678818640037 0.165759290110362 0.0924842584429385
0.127504067856382 0.0956990525660236 0.141809184906118 0.0598572941523303 0.300433668165115 0.162216658278535 0.00830359088290957 0.0935180547082573 0.0106584284843289
0.168427232729797 0.146919890077761 0.0756426743141375 0.159480082403588 0.00697867893912665 0.200740910988719 0.0738141741812645 0.0355365113988125 0.132459844966794
0.110824450997848 0.10700734330082 0.237224222926871 0.0345394105149184 0.105008262746527 0.0657980692381054 0.228725634211555 0.001607085403026 0.10926552066033
0.151988943055737 0.144366785945299 0.152648900226656 0.136598423790317 0.0240046874041546 0.0282955744439202 0.100581982746915 0.145753889817647 0.115760812569355
0.0815846628412225 0.0303741756643137 0.0937903815840856 0.0647492452705448 0.021158307286985 0.234476843739906 0.0829037053424601 0.243335832678378 0.147626845592104
0.0292964362884925 0.174662169694798 0.150545329530221 0.0339152275425881 0.215324848022312 0.143379702774016 0.0175198671348167 0.207752988609771 0.0276034304029851
0.157780330616894 0.0220280698138367 0.15826650118309 0.0555589832589409 0.10097323323316 0.163063868013435 0.0769917026339765 0.000816027947428415 0.264521283299239
0.0593634659194861 0.175764397824138 0.0455387206254308 0.126989672305056 0.0929129422064392 0.154061468239039 0.214077682658195 0.112245403896889 0.0190462463253285
0.161710318660609 0.24718153206249 0.0307164752978647 0.0128880383214623 0.0559116892150096 0.104249924758368 0.144424649702193 0.230199746296604 0.0127176256854001
0.0179199794745555 0.147145468061392 0.114724258550804 0.137117953166986 0.143515840381621 0.162270381469807 0.0725678158834789 0.189547936713637 0.0151903662977186
0.010137387272539 0.14833648097135 0.103119317622926 0.113068248499195 0.109819320828219 0.0555417809787001 0.195874778578986 0.20155492737327 0.062547757874816
0.0725112384500166 0.183272677498162 0.175491828113229 0.161984134050472 0.0426118869386349 0.0291938074828218 0.0395896247374629 0.15980040748993 0.135544395239271
0.0777899386597531 0.076838649281971 0.09434423614735 0.131330706776303 0.129370528790935 0.0973323447085055 0.112758787156835 0.119138477955083 0.161096330523265
0.204327631664914 0.0412584481104861 0.0871436236450387 0.0335223302768191 0.0924849125247868 0.0340483463506893 0.163466967817614 0.204552925246272 0.139194814363379
0.125492067078422 0.219757775000966 0.0841645231791374 0.199986106392527 0.0732605330283401 0.0396059671490113 0.134581073962229 0.0815679279563925 0.0415840262529746
0.181781793173991 0.0300747721773617 0.133278604990593 0.216074137656961 0.161864093575164 0.118048893526784 0.0250606773309031 0.0583779089293959 0.0754391186388457
0.141066391232785 0.108841071256878 0.0150267908486529 0.202135759471642 0.00915246889235631 0.0776522125406769 0.0693951795212272 0.203429839638055 0.173300286597727
0.21378026352388 0.159565146962983 0.0661456493507246 0.0387295754092295 0.0734531967343855 0.0291831423641937 0.1933323070887 0.0326031235138287 0.193207595052075
0.062042812311123 0.0119924480289316 0.0654600375113678 0.139402177760427 0.101024015226877 0.125331213362444 0.0808753354660345 0.199963842240987 0.213908118091809
0.115614716654799 0.0370063348901622 0.134052398746306 0.190225820204236 0.106630914461031 0.0934448066889101 0.0908340196340905 0.0737933679705112 0.158397620749954
0.135623447575465 0.0787056834925341 0.236622614685225 0.191246443670776 0.0288250830729967 0.044877178433095 0.145285520922554 0.137070699479537 0.00174332866781852
0.0481616433901369 0.234457014820511 0.0810724972620946 0.215964415684314 0.001707259075549 0.0932207184358148 0.219438679417126 0.0951563018622167 0.0108214700522361
0.0773221495830403 0.130916109722957 0.0968916822988754 0.020406719004243 0.0588555135894236 0.175000214199535 0.192604191341393 0.0888429011440148 0.159160519116518
0.197992401992472 0.113839971521663 0.020317789579172 0.134773339170418 0.0381599970229073 0.116836083152566 0.0203679727255892 0.232781227628274 0.12493121720694
0.139209794595443 0.078511538065216 0.0533593589086789 0.0202541005914237 0.207708239182921 0.243558914792834 0.0391452250106871 0.0674551746710126 0.150797654181784
0.0336596837298142 0.147885663749092 0.108911150216881 0.0310845370609226 0.0498961517438088 0.196675642905584 0.118249839633303 0.186320473671858 0.127316857288738
0.0912403730626698 0.139019549837459 0.14231959970041 0.13425204565694 0.0331649062648851 0.132352279102407 0.158963949893986 0.112046307991066 0.0566409884901768
0.145623971649352 0.0408330023712578 0.000175332102686286 0.00170035831562974 0.0212553438119215 0.244139655196201 0.180097116091347 0.0853114838169643 0.280863736644641
0.236615885263455 0.148258515904593 0.0916258905951902 0.0323876377102821 0.0579803837665745 0.050448691789462 0.126733395875877 0.0240664079037136 0.231883191190852
0.0426918841707305 0.106269248412891 0.113738861591726 0.112686152095935 0.00268512631698351 0.190637973666847 0.101807849757627 0.144837389006658 0.184645514980601
0.178371850056462 0.14597907948077 0.138130283264653 0.0879468706160775 0.122777279315602 0.0292068093125448 0.12201438933978 0.0491425176090276 0.126430921005083
0.162673764467853 0.0713997631954408 0.0679281952968792 0.225537862542106 0.0671660298506253 0.0223682418751523 0.23077379197168 0.0910088546096557 0.0611434961906075
0.192085425349354 0.0660005787231875 0.103971287019596 0.274637140215808 0.158631160697744 0.165337348405773 0.00725716943919096 0.0131879571516821 0.0188919329976647
0.0831014547082254 0.0470575577400864 0.0752752215771216 0.075579139318063 0.125626394061276 0.208449377323786 0.0506835903569979 0.214370581210189 0.119856683704254
0.164366176653292 0.0668299439009443 0.214445645259362 0.0216349909474496 0.147432327264112 0.0767825653081407 0.147527299411996 0.0391219620490295 0.121859089205674
0.134850726816127 0.0387434926639815 0.130403819717239 0.0312367296429918 0.141504470823369 0.169650367624649 0.250266342486616 0.0480356102822011 0.0553084399428254
0.0892328048639087 0.0877241254940394 0.0951802853453582 0.175574156085818 0.125417621167308 0.155030870689749 0.0655224237064425 0.142407913493605 0.0639097991537712
0.082319684683135 0.110605211899603 0.00442426418586955 0.188540809708048 0.133880801067263 0.0283951188444915 0.0464155547162339 0.236416061572247 0.16900249332311
0.120835040833722 0.205249345865038 0.0105701436145084 0.0475562902162752 0.0993960232227027 0.204357583605194 0.0691961405037852 0.0370690221765165 0.205770409962258
0.0679727007976141 0.0725958264903681 0.0192120728563562 0.119856936661667 0.00721973695462798 0.2044742299623 0.178518614776678 0.194241514229805 0.135908367270584
0.199572647160332 0.14972904627091 0.102038279547729 0.050561653710903 0.0672895477341897 0.118853842698693 0.190266658066876 0.0237831322724764 0.097905192537892
0.12596023369079 0.059931986878518 0.0638894422829954 0.100842914837782 0.13175221777668 0.143468251086836 0.134197441971995 0.107108227346714 0.132849284127689
0.129740730699206 0.203796877258972 0.0747844597362198 0.0483953798679789 0.0996864688942479 0.139387053177474 0.208220656123574 0.0691821165403175 0.0268062577020107
0.146020545524036 0.203600820997772 0.0538060659800942 0.183130842183606 0.0930195324690855 0.0334815494743668 0.148064448847369 0.0586651019267142 0.0802110925969557
0.0773820361588991 0.150061516140289 0.0304044717554454 0.192900012511093 0.193414093670425 0.0522011511108165 0.0759121798236526 0.0322680082703572 0.195456530559022
0.132310653822493 0.128667392572448 0.126550617211931 0.124667329666612 0.138138170364752 0.0632301517182466 0.163806709806692 0.0044498379631385 0.118179136873685
0.146551195409581 0.123259725550444 0.146653708033486 0.0128543160554324 0.152889384256031 0.0617970953601275 0.185020539962866 0.0961597362367986 0.0748142991352335
0.179229777856936 0.215978138623971 0.0110961404164921 0.053857156094463 0.215536705339989 0.0149548642879208 0.195125843664676 0.0127068061632404 0.101514567552312
0.184251388792799 0.154410803834946 0.0881032868228164 0.120346355595713 0.0614822900704788 0.0388304770993644 0.174070559460935 0.00367753469521859 0.17482730362773
0.034296311688773 0.0624968632959415 0.12609714887602 0.158985725499479 0.21110640175458 0.0546723225982081 0.121698227596762 0.0573740200237146 0.173272978666521
0.117466850877785 0.0686868806880062 0.185395350511544 0.0949528458003764 0.0559934103981146 0.092125578927084 0.183445492005673 0.188910134618845 0.0130234561725721
0.0540307303889753 0.0312286721225278 0.172695652352258 0.00412075763570009 0.0985650414950728 0.14826273852741 0.162104858417113 0.176195917584754 0.15279563147619
0.0520608361540431 0.221694352645184 0.214465119009927 0.0152814147402094 0.0612612148174732 0.148616094311796 0.0887357327979267 0.0714871225771852 0.126398112946256
0.0892907943388493 0.159112402543041 0.032256787158826 0.089701420386046 0.152987151717042 0.0841884205514972 0.155067761316242 0.183902605563242 0.053492656425214
0.145229723287555 0.00794799971056778 0.205236822210956 0.074298840418151 0.199945017557903 0.0541474017739871 0.183230271315708 0.0269456669506197 0.103018256774552
0.18793574338309 0.0805445030276142 0.0916924194634538 0.0680027709148314 0.139512916197697 0.0396772597989992 0.0493909840691143 0.170669422886107 0.172573980259093
0.0810115151844068 0.202871152381795 0.0897314844312333 0.235709778830924 0.113878647532168 0.168150936015376 0.0273387850728437 0.0432693164601495 0.0380383840911042
0.0595455003693827 0.0433677849566827 0.185547954618222 0.233037735477731 0.00259332900606811 0.0286959692779144 0.35528429503089 0.0106708705896264 0.0812565606734826
0.0915704113249708 0.0614465231614784 0.205424091857514 0.167157960214413 0.0873569472431567 0.0748408244573503 0.166187529997237 0.013001451328883 0.133014260414997
0.0554360335999406 0.0198951202004887 0.0669894187068739 0.154909120372594 0.222773484441305 0.0672768400639991 0.0295271852217788 0.144180071873545 0.239012725519475
0.146510593319115 0.00225965323851949 0.0383097420908565 0.206150391839669 0.212953119193817 0.0728753688251112 0.0569737584634201 0.188363817762888 0.0756035552666029
