0.379635986303502 0.0938191081960268 0.317994692249088 0.208550213251384
0.183224212537724 0.0843590519701805 0.342469243388185 0.38994749210391
0.207147087477286 0.329007376633049 0.352641336029897 0.111204199859768
0.000600308661935082 0.478560230962808 0.244330977929292 0.276508482445966
0.217508556962771 0.311784251460513 0.0709073489675292 0.399799842609187
0.0719611843951541 0.365491050551387 0.2025408467835 0.360006918269959
0.0533779183645558 0.372196827219473 0.35926688108024 0.215158373335731
0.0173669607477102 0.372022566762948 0.423055870965582 0.18755460152376
0.0720304275051996 0.498378047658734 0.323680757777962 0.105910767058104
0.297692427949294 0.0773875289978759 0.41632869691988 0.20859134613295
0.364428860442483 0.315355491302578 0.116975059717994 0.203240588536946
0.116917811899762 0.314604945425418 0.385350471009602 0.183126771665218
0.290800443227787 0.32804232215643 0.238828561174547 0.142328673441236
0.1688452043986 0.264047571673677 0.445991457990781 0.121115765936942
0.300477244092287 0.223828029306772 0.198351786559268 0.277342940041673
0.153556099446578 0.150583206261183 0.344035809741277 0.351824884550961
0.148345362663736 0.223336237722098 0.321437753213352 0.306880646400814
0.329157958943799 0.196401381472614 0.244322600815544 0.230118058768043
0.331411318919969 0.337936339327252 0.117353521771411 0.213298819981369
0.495049249926284 0.0171427673354595 0.189884000123828 0.297923982614428
0.265058565269974 0.186879127333045 0.222579629653087 0.325482677743894
0.209644016441557 0.477231590902058 0.255371929270869 0.0577524633855152
0.268607601949469 0.13109750336941 0.281698402122203 0.318596492558917
0.33187813477027 0.186507498369659 0.180200292114086 0.301414074745985
0.267693184034235 0.477104583425264 0.0767013653037221 0.178500867236779
0.053504135761744 0.384712036969483 0.0160274291689533 0.54575639809982
0.286894775791445 0.271265151359312 0.169864394133392 0.27197567871585
0.242401502280984 0.297232557826685 0.287295038980441 0.17307090091189
0.286088428892311 0.00436364881703734 0.504740622691874 0.204807299598778
0.0551891183282118 0.346391400804798 0.307904491576007 0.290514989290983
0.318455447603038 0.221785482958279 0.334099037115155 0.125660032323528
0.0249369990116414 0.208252281334099 0.363077165399207 0.403733554255053
0.239248336745412 0.290955002185241 0.213996318313486 0.25580034275586
0.1128179090364 0.396716059486361 0.305678062353632 0.184787969123607
0.000967984233248653 0.0757428094331212 0.38952154729299 0.53376765904064
0.28445041209007 0.285710535552373 0.190811212692218 0.239027839665339
0.297681232235991 0.00905258324510597 0.314172364635753 0.37909381988315
0.261030261475881 0.271292535080489 0.102541959943896 0.365135243499734
0.0787700935916595 0.249074649354665 0.402966581809304 0.269188675244371
0.0889804784467185 0.191883081203802 0.612560289659243 0.106576150690237
0.139837283399799 0.579526087567178 0.107279838662076 0.173356790370948
0.313485729067856 0.0215344349607801 0.240694069734812 0.424285766236551
0.123419411025586 0.499940632654902 0.176686223945425 0.199953732374088
0.362471428139046 0.180102827010239 0.0871009502723526 0.370324794578363
0.165214883807495 0.530230421483263 0.280365777248635 0.0241889174606063
0.0715256878847766 0.153267590218977 0.336625126470001 0.438581595426245
0.0431421813957552 0.362429538795504 0.125931180936753 0.468497098871987
0.372475708322188 0.11405897429063 0.190236744346182 0.323228573041
0.183649035064571 0.45057408873269 0.108474166132596 0.257302710070143
0.282297680023533 0.151017427416319 0.354945502747433 0.211739389812715
0.228158118612948 0.442933862767676 0.269473710365119 0.0594343082542567
0.150108819660137 0.402079071660951 0.333059533235054 0.114752575443858
0.279360445606764 0.273019969959409 0.160122681113664 0.287496903320163
0.369615111866291 0.138222399075821 0.315268969833339 0.176893519224549
0.321264553842001 0.135486399935894 0.253281170158048 0.289967876064057
0.208152294634436 0.108247521708386 0.362718783371344 0.320881400285835
0.393168709796756 0.150890732602829 0.00797207238892712 0.447968485211487
0.44604504386861 0.176871841655406 0.0573975713653243 0.31968554311066
0.34862381107035 0.098507886711856 0.228387130979519 0.324481171238275
0.183757261344762 0.312954801592812 0.222488952199349 0.280798984863077
0.16869649574214 0.21113813472304 0.387884206936486 0.232281162598334
0.161711211686242 0.242815281726198 0.209186633023941 0.386286873563619
0.109657255243456 0.56866318223327 0.31921132930211 0.00246823322116482
0.357499399758273 0.248481096562464 0.200176897380901 0.193842606298363
0.318664525122288 0.439421012871534 0.211426245144823 0.0304882168613541
0.00967567344021642 0.136847322492701 0.649505736029841 0.203971268037241
0.229228274361219 0.339485847246157 0.163728888638006 0.267556989754618
0.164769790978244 0.399005618691381 0.308723800054352 0.127500790276024
0.293559594045821 0.329665773083794 0.0475080476086525 0.329266585261732
0.448496787321483 0.214290914110864 0.151514319260232 0.185697979307421
0.0398101708605474 0.540000575433056 0.291445886300695 0.128743367405701
0.0660748472084189 0.498261100734829 0.284034018797707 0.151630033259045
0.14576663757869 0.336104040038474 0.504671813102029 0.013457509280808
0.0140464134609424 0.159254597469926 0.465902714650746 0.360796274418386
0.328375213588165 0.0192570758327239 0.542877369341286 0.109490341237825
0.333018107508643 0.283536504580272 0.011304929806286 0.372140458104799
0.158451762662936 0.458996526360921 0.0271644283166456 0.355387282659497
0.132425519710059 0.243522430783871 0.331263008294278 0.292789041211792
0.123805502606661 0.26440014855137 0.311352816955079 0.300441531886891
0.595570567122225 0.0184235983383078 0.273596382711581 0.112409451827886
0.265818599977076 0.312058485475768 0.396909800603986 0.0252131139431705
0.307797205050527 0.239194004760934 0.00735297265654172 0.445655817531997
0.453889481789977 0.220215606188467 0.249065115907875 0.076829796113681
0.261822600010953 0.0584651913791789 0.33862090323488 0.341091305374989
0.406949320982129 0.183935901773908 0.225414209624508 0.183700567619455
0.220254797566451 0.246719132228595 0.31904785842827 0.213978211776684
0.420048419262413 0.122743548947051 0.351262557262165 0.10594547452837
0.0755556583847137 0.431668844701622 0.281480542827805 0.21129495408586
0.259870896696581 0.0990600724181773 0.63941808271314 0.00165094817210131
0.0257740618150544 0.220643138923697 0.481257853520826 0.272324945740423
0.0603777028342495 0.44745706730536 0.0468999763132253 0.445265253547166
0.201748614460092 0.294643841760295 0.295689748348618 0.207917795430995
0.230455357442854 0.279771090634381 0.174168372351353 0.315605179571413
0.27617244931094 0.403110402954796 0.166113298979035 0.154603848755229
0.294351391259188 0.0840476643107677 0.25470326748148 0.366897676948565
0.53702789941561 0.169962724949065 0.0391786723282944 0.253830703307031
0.0653744057379582 0.333928080533004 0.184844573584629 0.415852940144409
0.190023754340506 0.306328556207995 0.290572406430385 0.213075283021114
0.16916717028203 0.0855554833991793 0.367280644665559 0.377996701653231
0.0811365153159495 0.436209419378985 0.0414088931866038 0.441245172118462
0.437045892136445 0.0192765715693254 0.435145979533447 0.108531556760783
0.337929077623824 0.181748200731008 0.222727402369698 0.257595319275471
0.392408030289748 0.185032179920253 0.0280418969683282 0.394517892821671
0.232782935922064 0.2659938580311 0.216411199773994 0.284812006272842
0.133689092063404 0.383649691620867 0.151350095845992 0.331311120469738
0.277908745099556 0.202611923621577 0.281582756445694 0.237896574833173
0.0870743820856441 0.296394701031904 0.342062003918283 0.274468912964169
0.101823796552748 0.560800280815791 0.227026614487173 0.110349308144288
0.203082245115786 0.41026080428548 0.130149857669038 0.256507092929696
0.155695539793374 0.178148233105133 0.0517271552267348 0.614429071874759
0.114387782026638 0.300498836988356 0.321931320898161 0.263182060086845
0.278430968019169 0.255041543998104 0.14768850493605 0.318838983046677
0.309383696740445 0.313066185397256 0.188239728902635 0.189310388959664
0.428330433796193 0.166816048839508 0.0832516349648282 0.321601882399471
0.562767773229101 0.284571680008202 0.00668353296633254 0.145977013796365
0.188255078721639 0.168496063844892 0.452391064531687 0.190857792901782
0.310592667840872 0.17638375088597 0.246631679728513 0.266391901544645
0.262642028652877 0.352761958413508 0.164897870084346 0.21969814284927
0.0765079863047323 0.159982825803662 0.209473310379165 0.55403587751244
0.38189841367937 0.463779719083873 0.100983232952953 0.0533386342838039
0.12982383576394 0.210076548257302 0.214985662030693 0.445113953948065
0.088068307201994 0.416369846506017 0.484748573460326 0.0108132728316635
0.438906560229334 0.0692806572748065 0.34695007514572 0.144862707350139
0.0773326252062627 0.560462104536017 0.23065536481275 0.13154990544497
0.148526239855121 0.354586265722118 0.202972764946056 0.293914729476705
0.300511272385482 0.171817574498087 0.286402114879718 0.241269038236713
0.182079613332311 0.280424647935395 0.15919189776011 0.378303840972185
0.0476532932991039 0.44799829139217 0.112645060961288 0.391703354347438
0.17452743315289 0.0969105400015778 0.258635573821373 0.469926453024159
0.0907008143508717 0.0778369940172243 0.228109892759301 0.603352298872603
0.448858409989477 0.121470578615127 0.190997710978802 0.238673300416595
0.289035227835755 0.306848489815019 0.31467410568367 0.0894421766655563
0.248337674050325 0.200997459622532 0.0622527049741521 0.488412161352991
0.242661715936582 0.200692080394917 0.349741120670164 0.206905082998337
0.158701175398382 0.321620791017743 0.222733606090669 0.296944427493206
0.445658329239096 0.178106213274 0.0127667127773307 0.363468744709573
0.10905965847129 0.229437356276055 0.260886248762021 0.400616736490634
0.249029391281125 0.321821786445671 0.262760029487785 0.166388792785419
0.312632690045288 0.367601341233919 0.194035457983213 0.12573051073758
0.291731498925922 0.00582536360032151 0.374451143675208 0.327991993798548
0.426210205040198 0.30463222339568 0.0991103606451115 0.170047210919011
0.283749347444668 0.278158483193505 0.319540032403949 0.118552136957878
0.270533261296759 0.22274785572136 0.259970422069842 0.24674846091204
0.224779364713093 0.0288154581295095 0.354105955891673 0.392299221265724
0.0240336417239445 0.167488595418883 0.457264948114884 0.351212814742289
0.280530475467028 0.2931138075663 0.287375293852954 0.138980423113719
0.340014704069474 0.298578618639924 0.151213000447152 0.210193676843451
0.265746895937773 0.324945195587169 0.0503119238709347 0.358995984604123
0.0962919151602203 0.197601379931071 0.326047169359245 0.380059535549463
0.354173483693266 0.0119280289902764 0.117244397040073 0.516654090276385
0.178829370000553 0.342724018363779 0.344578912375759 0.133867699259909
0.26092692160433 0.406848743560379 0.121028412616787 0.211195922218504
0.425205960943434 0.301859403081158 0.0321624054253281 0.24077223055008
0.11085398352294 0.25649678586312 0.247849050164891 0.384800180449049
0.37179674871981 0.010102168136869 0.174688247827398 0.443412835315923
0.280274769960268 0.0873075291033474 0.326751101210863 0.305666599725522
0.221276446932107 0.19975034295325 0.512473506982182 0.0664997031324608
0.341100287461069 0.403271211460267 0.154604623362048 0.101023877716615
0.409941299058274 0.37643085917878 0.183534978970863 0.0300928627920825
0.122949594414637 0.329705146836541 0.306405223990231 0.240940034758591
0.243625381078389 0.328116482422543 0.290460495081822 0.137797641417247
0.309175348521457 0.204555314801184 0.253422334797432 0.232847001879927
0.296236175648328 0.151469560970955 0.319904649749703 0.232389613631014
0.122617506585354 0.33972717145093 0.533662780101263 0.00399254186245199
0.181177253109741 0.170008529133271 0.51672024817727 0.132093969579718
0.264524584272431 0.0754709702008959 0.368343041623797 0.291661403902876
0.0449351530263334 0.456007584722651 0.137738048918497 0.361319213332518
0.429851283730914 0.121461195374241 0.25150300114794 0.197184519746906
0.303773817724893 0.258169399843309 0.154404716869498 0.2836520655623
0.20580063695249 0.426210846585121 0.254578684634879 0.11340983182751
0.19888547211096 0.456987236290437 0.246081837448451 0.098045454150152
0.441874386662107 0.265419945119091 0.0709833343548757 0.221722333863926
0.534249171668489 0.0591453346115601 0.190871882987755 0.215733610732196
0.0202711411066855 0.463014172956877 0.0262881060270526 0.490426579909385
0.300604615563643 0.18804748486532 0.386081628163514 0.125266271407523
0.286837054607566 0.223489510091673 0.0613143553597599 0.428359079941001
0.181237262167426 0.273995052319373 0.267162906853316 0.277604778659885
0.124295006174749 0.287900938511437 0.309072504335704 0.27873155097811
0.179508204375574 0.552272555610077 0.126168152925678 0.142051087088671
0.264390038625999 0.31661511515747 0.0176536856818155 0.401341160534716
0.342406026688667 0.0243706388490775 0.204012670516418 0.429210663945838
0.0123746131562304 0.32276686998589 0.542170842378612 0.122687674479268
0.0493618135986916 0.32781723485193 0.602064657206889 0.0207562943424889
0.18304121883855 0.200453260909967 0.173973534108878 0.442531986142605
0.0195932751161875 0.386409095159243 0.398953613290838 0.195044016433732
0.0170631916085232 0.418857273109271 0.186778476189464 0.377301059092742
0.160064258869028 0.276720266334528 0.250757815077955 0.312457659718489
0.212425761537006 0.183255088519868 0.208178165989263 0.396140983953862
0.257205573061227 0.275616562690085 0.328508614706605 0.138669249542083
0.36766015762667 0.136122719663817 0.299164637674903 0.197052485034609
0.223511033428162 0.360738101957384 0.302185695117606 0.113565169496849
0.33725269688634 0.323370701145527 0.0754200649948003 0.263956536973333
0.0191558324518379 0.50909332626418 0.415190800928678 0.0565600403553037
0.672041914233834 0.0626446987472689 0.180429726968511 0.0848836600503863
0.264176852526984 0.108578172070468 0.0659458208369 0.561299154565648
0.18103137322414 0.407301630232414 0.235455192714271 0.176211803829175
0.169131897836019 0.261534388996727 0.332868937099779 0.236464776067475
0.158544686850975 0.140870867332021 0.177915556796036 0.522668889020968
0.290177211169363 0.188356409395168 0.481669249894337 0.0397971295411322
0.0242773154039189 0.377010778376655 0.139548724315386 0.459163181904041
0.305668111670216 0.112910719931286 0.292520163425614 0.288901004972883
0.256280113160071 0.0809780224338961 0.416408824448238 0.246333039957795
0.195508487147396 0.302332548368523 0.222952373390774 0.279206591093307
0.349758742298564 0.336178817624985 0.0886866720004561 0.225375768075995
0.0354118793636368 0.0384490632903335 0.318551499596805 0.607587557749225
0.248992709594496 0.343299983895174 0.00294042913400332 0.404766877376327
0.0988154819254137 0.359106274267197 0.248977369838475 0.293100873968914
0.278996099593972 0.259484335152378 0.025034041473755 0.436485523779895
0.366723501263484 0.117826215827805 0.218769749566359 0.296680533342352
0.166429341661168 0.302003646406542 0.221246181566469 0.310320830365822
0.0753274842921303 0.188722494674109 0.291373848255202 0.444576172778558
0.109254716735782 0.276509028440889 0.27312957197666 0.341106682846668
0.162972448938698 0.206470296594459 0.257625938593465 0.372931315873379
0.289986930664318 0.192100280672209 0.19390458704492 0.324008201618553
0.0604942518666302 0.221746004361425 0.471706537324632 0.246053206447313
0.179507762247317 0.25981850656471 0.39460584068958 0.166067890498393
0.351015909499524 0.0941181404995967 0.484722228267793 0.070143721733086
0.177825642121745 0.101304020783397 0.403708825054603 0.317161512040255
0.0939808390107907 0.352288157869585 0.0176778683842446 0.536053134735379
0.0345917304719011 0.298460753947085 0.396978499724538 0.269969015856476
0.0250191900511729 0.205468935655124 0.654900763960241 0.114611110333462
0.331290464057751 0.258748035631574 0.155373734195671 0.254587766115003
0.279374758325569 0.450543257746501 0.208934788196679 0.0611471957312507
0.134515226529962 0.324867536781696 0.376451075137396 0.164166161550946
0.290175712527265 0.133304423955706 0.338246451772362 0.238273411744667
0.358316661636763 0.181858988867991 0.0543132589800583 0.405511090515188
0.0503540643222691 0.294394725611827 0.330015675189332 0.325235534876572
0.331777342221244 0.190505817434803 0.164367541428616 0.313349298915336
0.437885430341581 0.0501877827966107 0.269015262764565 0.242911524097244
0.353980460717426 0.207474129648008 0.266690426322046 0.17185498331252
0.267662432813865 0.17660970822926 0.325580893021486 0.23014696593539
0.367134158967679 0.231930459353131 0.134092549499346 0.266842832179844
0.197948218888143 0.407276457837117 0.31526451935104 0.0795108039236994
0.211504951217038 0.333093552773006 0.0799970657817004 0.375404430228256
0.472807790216391 0.257918190971543 0.00456403017692747 0.264709988635139
0.079556249158812 0.169270707181673 0.367732297523897 0.383440746135618
0.299923274456454 0.331130925752542 0.227026570175848 0.141919229615156
0.0473007769381779 0.11230291288454 0.57237434066588 0.268021969511402
0.325056396599749 0.318058270043377 0.268686158486785 0.088199174870089
0.556309554431759 0.12431576094587 0.101493310989862 0.217881373632509
0.479695666610283 0.00893507485756792 0.206622446169775 0.304746812362374
0.0690685429567323 0.165114818895013 0.484038111684367 0.281778526463888
0.596357253248891 0.107103847745759 0.171331345169104 0.125207553836245
0.146677200400533 0.436849309811322 0.0129868347474886 0.403486655040657
0.0371711064481383 0.489450720711637 0.403190613136193 0.0701875597040319
0.290962348628904 0.310484419065534 0.269021677433511 0.129531554872051
0.103728091233373 0.261380964185468 0.248746736024494 0.386144208556666
0.198351908382598 0.295577179441582 0.185053844950875 0.321017067224945
0.387854178726166 0.286362893484475 0.0317764946320384 0.29400643315732
0.0936728396362417 0.36236039247116 0.492927961479991 0.0510388064126073
0.254143045830797 0.238625850717606 0.101433531451356 0.405797572000241
0.218770651351618 0.217481178797213 0.156437844336696 0.407310325514473
0.213244863578451 0.188263776993063 0.376280444968725 0.222210914459761
0.122882528543807 0.404969344444215 0.319800401024428 0.152347725987551
0.22858189355545 0.27907408622195 0.0174584345541449 0.474885585668455
0.1934263692914 0.130021274321279 0.25848653992543 0.418065816461892
0.178152398364603 0.398742832718245 0.216164188135377 0.206940580781775
0.00289560699901759 0.474050854301433 0.378150206655438 0.144903332044112
0.301226406183154 0.212765006725408 0.289510248476271 0.196498338615167
0.545860157172827 0.191156017816789 0.0979540824226409 0.165029742587744
0.412000482552698 0.140098005189608 0.108219539477111 0.339681972780582
0.183558091320569 0.295956488445127 0.0507266864043542 0.46975873382995
0.438834924059436 0.229936714459007 0.209732103104673 0.121496258376884
0.201712179395083 0.33261172021262 0.367076199600923 0.0985999007913738
0.270156619606284 0.29927381756896 0.325807515583966 0.10476204724079
0.160507245898181 0.177466684773911 0.321415287191521 0.340610782136386
0.453430814427283 0.261624789601407 0.146286131398727 0.138658264572583
0.241571848650847 0.175193334278067 0.319430461232817 0.263804355838268
0.260998530466331 0.049684196869184 0.211941512199508 0.477375760464978
0.284365310017419 0.379576023490477 0.334908093313509 0.00115057317859525
0.216192871343872 0.189960147983365 0.275353278274232 0.318493702398531
0.0332391867160451 0.118540102382132 0.344865985542183 0.503354725359639
0.402440809399674 0.0429058473407609 0.42067229005032 0.133981053209245
0.155476113027248 0.00382059071073895 0.521664867195858 0.319038429066155
0.447187346786736 0.0607088115596319 0.0440029662141993 0.448100875439433
0.259098051456271 0.06753397294524 0.386562719534972 0.286805256063518
0.220230749938723 0.359703548386358 0.043501858720655 0.376563842954265
0.298845255845402 0.156748604537701 0.345813259753036 0.198592879863861
0.253422294610025 0.226207835046543 0.411577524429101 0.108792345914331
0.0167372835258761 0.221253663636517 0.289213812426001 0.472795240411606
0.343050402149459 0.0314266882188064 0.358454572615043 0.267068337016691
0.161336551164361 0.204354975199548 0.0614606711219042 0.572847802514187
0.375100604049493 0.219708993583842 0.349770685331623 0.0554197170350417
0.304165948869081 0.128558028909537 0.442311767155482 0.1249642550659
0.120593432887723 0.322786324583022 0.394125912186798 0.162494330342457
0.0713357755044443 0.0324417412246125 0.383045363801848 0.513177119469095
0.446819738164296 0.087417496362006 0.152168641628051 0.313594123845647
0.115370694330204 0.134898792857105 0.38952666616435 0.36020384664834
0.159984305924084 0.105973309044914 0.480849602314132 0.25319278271687
0.34172432538866 0.224754027270103 0.418493113032017 0.0150285343092203
0.213850663408864 0.170399085672666 0.211880941206701 0.403869309711768
0.0372853421909903 0.383712467137454 0.430501787056128 0.148500403615427
0.30907577489236 0.200715650411328 0.30694930482225 0.183259269874062
0.173513226663105 0.102836599702616 0.4016617406087 0.321988433025578
0.140961475515994 0.00976727879419197 0.281263051261071 0.568008194428743
0.288044553206004 0.245254451869347 0.120867284045448 0.345833710879201
0.149654251431319 0.454938530884326 0.114108449355502 0.281298768328853
0.393766312582845 0.0384677189903184 0.199397180935652 0.368368787491184
0.303786984317509 0.141641929554204 0.0866388908681563 0.467932195260131
0.324825583974523 0.203554158829624 0.319487112211093 0.15213314498476
0.351535297212225 0.507870826928194 0.104518630595179 0.0360752452644018
0.387080604350502 0.0520536362044192 0.0793056540687488 0.48156010537633
0.275755149031224 0.302014647479431 0.208567373244798 0.213662830244547
0.199476776489339 0.0730748637509793 0.393354898011981 0.334093461747701
0.398278908945767 0.215880893509488 0.250623608127693 0.135216589417052
0.260280769831284 0.0526861377184255 0.235879312943524 0.451153779506767
0.143795011562092 0.414385270495916 0.266633374412991 0.175186343529001
0.140251601907271 0.150551597023233 0.380152859747695 0.329043941321802
0.242593132783078 0.221781286952363 0.36687719921562 0.168748381048939
0.0120178510605557 0.422318106442778 0.241365897040442 0.324298145456224
0.471723775347117 0.126012331642118 0.231342458880378 0.170921434130387
0.1820427601369 0.173571066989365 0.287872814318318 0.356513358555417
0.288427442265864 0.196346710012493 0.174635753364775 0.340590094356868
0.246314943719938 0.239539380203997 0.372155652875535 0.14199002320053
0.0394982364697148 0.41640634081363 0.176335226152783 0.367760196563872
0.155805023035053 0.305568842702674 0.381756934686983 0.156869199575291
0.3611480274916 0.311519634738242 0.240975157654807 0.086357180115351
0.329063866796483 0.123953792452713 0.225857412308044 0.32112492844276
0.15955855617141 0.597628869945281 0.188890626494682 0.0539219473886268
0.0177756324425515 0.256042328039586 0.450268941483164 0.275913098034698
0.361135774387511 0.288302612328161 0.0157208850955179 0.33484072818881
0.177642328099832 0.0718768441303225 0.636082554279827 0.114398273490018
0.0623388625313117 0.301407277426928 0.346510984727248 0.289742875314512
0.527800346692009 0.280030184803583 0.0108051485358172 0.181364319968591
0.311416544255754 0.387228811166143 0.0252642880227287 0.276090356555374
0.533937649224063 0.284552318854834 0.112769038728348 0.0687409931927546
0.0369214869692842 0.367712340236336 0.352976170785694 0.242390002008686
0.160844594155867 0.273263470211194 0.060436021709915 0.505455913923024
0.291997645897656 0.574591143389707 0.113018930012669 0.0203922806999679
0.303297378980686 0.2632372171728 0.258952747692342 0.174512656154173
0.216200810874231 0.250818897786341 0.522167677198088 0.01081261414134
0.423268356170771 0.231825237622405 0.125264181557548 0.219642224649276
0.242502506576088 0.321138086814788 0.373272706262398 0.0630867003467252
0.39921589286128 0.0733867786310897 0.123649143558966 0.403748184948664
0.0711204812162489 0.354440065524505 0.133137206694714 0.441302246564532
0.0980123529485532 0.0727505070591848 0.370289035344593 0.458948104647669
0.0240014402933551 0.397268909126055 0.17850810093045 0.40022154965014
0.415214042999462 0.0370188640469866 0.118365655826408 0.429401437127143
0.332908518478442 0.192026262071998 0.346705567225865 0.128359652223695
0.429047877889034 0.38927251390523 0.0866940747863928 0.0949855334193426
0.353377124221345 0.169559929427937 0.245838508178768 0.23122443817195
0.262261626877769 0.297956728674698 0.302623665040815 0.137157979406718
0.210383814740318 0.30112930210611 0.186584336710276 0.301902546443296
0.23727565677665 0.277797294236824 0.190671384840957 0.294255664145569
0.454523432572602 0.0153916625603881 0.0522709927813819 0.477813912085628
0.113698144886776 0.15066661281797 0.214667821959864 0.52096742033539
0.319192416991734 0.189042111970551 0.367246331288305 0.12451913974941
0.449805762373163 0.219103658340944 0.237041473262567 0.0940491060233258
0.168610720946336 0.161085277417053 0.394544032201244 0.275759969435367
0.246781407417569 0.276401231779674 0.303245025038669 0.173572335764088
0.290100071551505 0.187487095034154 0.306088714838708 0.216324118575634
0.202493458281116 0.0971527136288879 0.321093499678231 0.379260328411765
0.372539113756735 0.435532058246647 0.15753152937909 0.0343972986175281
0.27776662837106 0.420767762857467 0.13903258659756 0.162433022173914
0.15889253390342 0.281493285872319 0.370367480630235 0.189246699594026
0.0341176647966014 0.3036595541611 0.316352011466123 0.345870769576176
0.128020647999447 0.323629734895321 0.498077149345068 0.0502724677601641
0.350820094675574 0.343554260444264 0.112912643960176 0.192713000919986
0.251899278855542 0.219976310569752 0.28579955749546 0.242324853079246
0.31516471671643 0.246774665974092 0.322747089965749 0.115313527343729
0.334679532122575 0.334597269051196 0.13195438020118 0.198768818625049
0.22721490170242 0.452377591037902 0.0908306282339902 0.229576879025688
0.165762832931543 0.162288774332863 0.199578845648503 0.472369547087092
0.1174225741487 0.288828715334399 0.359904196512103 0.233844514004798
0.202171801031769 0.363517066842625 0.260475771157355 0.173835360968251
0.262970073793596 0.331944892987297 0.385109606475275 0.0199754267438323
0.315662131859365 0.132850036574246 0.381986414512144 0.169501417054246
0.353423243877111 0.283502785976261 0.344310300412706 0.0187636697339217
0.251901382268437 0.241671935580366 0.321149792843525 0.185276889307672
0.251946314969715 0.445443669259157 0.00608751761636623 0.296522498154762
0.256946006444408 0.310918093759458 0.163917971368547 0.268217928427587
0.463934922187821 0.0156412984051562 0.446528642271279 0.0738951371357433
0.209077085575129 0.192756422673649 0.589902986761916 0.00826350498930621
0.369526890235619 0.0711752166739047 0.264710488178536 0.294587404911941
0.240113175623706 0.235114900159276 0.415270410282204 0.109501513934814
0.378415327326275 0.373545640906694 0.142238525632788 0.105800506134243
0.297121426753664 0.109084967475711 0.345782873976367 0.248010731794258
0.020002067534311 0.364708231067902 0.330891890289713 0.284397811108074
0.170634407423728 0.143322185470228 0.573785401749086 0.112258005356958
0.0388635728511495 0.338186876361431 0.392799250513697 0.230150300273722
0.255268133472977 0.122198392947221 0.246605606068064 0.375927867511737
0.0210106887523182 0.222709605036911 0.661723981486338 0.0945557247244332
0.273320726927449 0.176297311068676 0.260099263604824 0.29028269839905
0.185711322108331 0.490167080104973 0.0831993953910672 0.240922202395629
0.123744580453183 0.195194641902546 0.328590956781562 0.352469820862709
0.345413206034717 0.122136846382122 0.0630436678370418 0.46940627974612
0.348710570384719 0.132053773346809 0.194520422622175 0.324715233646297
0.474841593895815 0.203345813661608 0.0841281138891185 0.237684478553458
0.363091813799749 0.22511320509335 0.136262653975459 0.275532327131441
0.113522243846615 0.215223298122142 0.590461468763812 0.0807929892674319
0.203513087945541 0.211230805635183 0.0640520095229191 0.521204096896358
0.0498674926098559 0.428121435066428 0.147389487567774 0.374621584755943
0.0471805040668205 0.249844440095666 0.0630865784293709 0.639888477408143
0.266874270250062 0.106823846407178 0.298922347932631 0.327379535410129
0.0215624036743063 0.134137977032307 0.315709307270322 0.528590312023064
0.107082943357897 0.063597291246432 0.395575374069181 0.43374439132649
0.135454914561784 0.274667264086213 0.0136399328966675 0.576237888455335
0.0637232323255954 0.402715771456385 0.273312227931645 0.260248768286375
0.19442671599291 0.282305014983153 0.276533366461241 0.246734902562696
0.208385526156439 0.352704392557654 0.126973018160723 0.311937063125184
0.113790246296008 0.176407224155048 0.28484976646644 0.424952763082503
0.227444984040672 0.317326285100442 0.210862084146854 0.244366646712031
0.457693394376724 0.110061562237207 0.348049465448075 0.0841955779379938
0.355689583885457 0.00711772320237898 0.36435567970166 0.272837013210504
0.382950726063941 0.0574738680541688 0.101693726631484 0.457881679250407
0.216513640252755 0.401685897338523 0.0225906554435395 0.359209806965183
0.405802368243231 0.152702838230842 0.211174039071646 0.230320754454282
0.0597274813931355 0.446794227927994 0.21936073050043 0.27411756017844
0.00286416626833488 0.246620431798744 0.308013190536071 0.44250221139685
0.0631628143533348 0.00802088421156391 0.460366227598617 0.468450073836485
0.0330012774943531 0.176744692333522 0.348865326043108 0.441388704129016
0.250263545692231 0.126270788484944 0.335424017600169 0.288041648222655
0.269280775601561 0.262667969380381 0.235943359314696 0.232107895703362
0.281383370418584 0.289430803433546 0.29840571193193 0.13078011421594
0.283162712562425 0.191431899239127 0.268911512401208 0.25649387579724
0.208574514832699 0.249838399489734 0.336983882440236 0.20460320323733
0.0810279960730827 0.038925176109713 0.417360775224794 0.46268605259241
0.0810596794315184 0.440079692290661 0.0692288636781374 0.409631764599683
0.0544546085804809 0.365730744060707 0.562508117109021 0.017306530249791
0.231486834936236 0.134809318724844 0.284154738160419 0.349549108178502
0.0153679388626442 0.486494053192305 0.380951203791219 0.117186804153832
0.331226906362176 0.238896706356748 0.312510886202859 0.117365501078218
0.359633778287751 0.236363577484333 0.310556958252374 0.0934456859755415
0.283056526379687 0.145975206033233 0.208449002029085 0.362519265557994
0.33894791207246 0.303389507469688 0.0423045410288945 0.315358039428957
0.13664063912101 0.420341480554229 0.0990721542350072 0.343945726089754
0.129002022309962 0.295388148823548 0.428909971201222 0.146699857665268
0.0256299354536205 0.488631462188207 0.22751526751013 0.258223334848042
0.264607587183229 0.278770321039404 0.390023945802051 0.0665981459753164
0.0417420224761319 0.50890942485834 0.192905282651461 0.256443270014067
0.316674169090173 0.421049997202032 0.132067624706488 0.130208209001307
0.329532418252899 0.217714547764521 0.196962593835558 0.255790440147022
0.183784340561653 0.184203234290278 0.514268020367099 0.11774440478097
0.0752814616094385 0.0292493510910324 0.167342875596262 0.728126311703267
0.342300782486258 0.321303970282213 0.208300962348333 0.128094284883196
0.0947943546091328 0.323185605220034 0.341666563523782 0.240353476647051
0.461216108160792 0.0100606010950797 0.239498008579519 0.289225282164609
0.000941600976641547 0.499713572485303 0.43912626922382 0.060218557314236
0.0317162421293866 0.371406744797421 0.417418592515232 0.179458420557961
0.344263293695708 0.206919717098515 0.281371461328102 0.167445527877675
0.432290675442086 0.0478934413741454 0.360143172287089 0.159672710896679
0.163123353628601 0.431346751285659 0.248228537923872 0.157301357161869
0.14465449462278 0.447504953426165 0.162103091110552 0.245737460840503
0.168105043987135 0.27693690043626 0.203857523450758 0.351100532125847
0.231993294460651 0.0674940857039578 0.301764849709585 0.398747770125806
0.273484332033093 0.0726438817956745 0.384396091330571 0.269475694840662
0.416990221026209 0.139884902467024 0.0665809504214635 0.376543926085303
0.0740748556307956 0.25660639155977 0.284562811268825 0.384755941540609
0.111200699718607 0.313310775823981 0.124426139447853 0.451062385009559
0.00509999241976552 0.426846924984392 0.196339681127256 0.371713401468586
0.370445245678591 0.192096837963063 0.223398619547159 0.214059296811187
0.0900485559367863 0.18843647306246 0.182482702290758 0.539032268709996
0.325834522847826 0.259852897450948 0.340111016959049 0.0742015627421772
0.291280300485514 0.224431933092123 0.0667335645943792 0.417554201827984
0.151522707010234 0.213629941799189 0.302765603430204 0.332081747760373
0.354165802413274 0.153965399453961 0.165451141651495 0.32641765648127
0.191357226890408 0.327557663224693 0.413424964488563 0.0676601453963365
0.0879566062701405 0.167254686340314 0.363872465387589 0.380916242001957
0.293633574173415 0.136199205113982 0.291422580839794 0.278744639872809
0.337221176560021 0.308088669254427 0.186656274871223 0.168033879314329
0.289876375046585 0.274466233247902 0.280432551360289 0.155224840345224
0.278966398807415 0.0286194423306999 0.519837231401617 0.172576927460268
0.160824778959507 0.270088621971571 0.178769314068681 0.39031728500024
0.349042607655352 0.258808080455767 0.350636789039563 0.0415125228493181
0.240449541690241 0.294446771236599 0.287941960712377 0.177161726360783
0.00262194563448902 0.302191782153741 0.411143348733851 0.284042923477918
0.163010720191716 0.0820368981818698 0.429125423627901 0.325826957998513
0.287093964542241 0.314751890750512 0.134471267253289 0.263682877453958
0.0467073375672574 0.175651966116285 0.755687632631408 0.0219530636850499
0.283686794723854 0.317957981170824 0.12751143475273 0.270843789352592
0.116037112609644 0.301271540040221 0.161160715451914 0.421530631898222
0.41857787454026 0.364294852924043 0.00100083362481721 0.21612643891088
0.408846229923185 0.325591213174703 0.00115185986297665 0.264410697039135
0.0553794048849044 0.567408884034906 0.0750481600604417 0.302163551019748
0.234098399752184 0.21947093501757 0.291710330971492 0.254720334258754
0.0670665942751125 0.299324713188353 0.342064620831211 0.291544071705324
0.363144861335437 0.189524435781409 0.142647000148562 0.304683702734592
0.274771758615565 0.310192371599074 0.208980080893624 0.206055788891738
0.0901545438393449 0.192145839974597 0.384820604094289 0.33287901209177
0.275650641844216 0.218384102276964 0.259568244912325 0.246397010966495
0.164337401719245 0.545487968650362 0.164444063142811 0.125730566487582
0.192066459058134 0.622610566209002 0.183423783492866 0.00189919123999851
0.331460761214688 0.195437980166793 0.26857680057507 0.204524458043449
0.105051411651471 0.484724964577091 0.364744985110403 0.0454786386610345
0.0504471314822166 0.160900438856024 0.274521932707457 0.514130496954303
0.255331174182614 0.168311211889856 0.570419945853231 0.00593766807429957
0.306673174165539 0.219350268340957 0.221426713279545 0.252549844213959
0.405970880684612 0.395278529058825 0.0884655757341492 0.110285014522414
0.392176029608599 0.308422737143916 0.24154317868778 0.057858054559706
0.328138076839605 0.0780744688806659 0.190185463382509 0.40360199089722
0.00311749960292195 0.396176426529731 0.571795000843883 0.0289110730234639
0.181104769032603 0.420957026181623 0.203520858221096 0.194417346564677
0.392502749169878 0.249498314069321 0.121089351105131 0.23690958565567
0.417539859562176 0.226549852411721 0.0555402900118461 0.300369998014257
0.496519164202274 0.244039455197635 0.0641276895754445 0.195313691024646
0.0778494888249047 0.26026231899846 0.127410468473523 0.534477723703113
0.392507238531146 0.0481363987196393 0.0800857038650304 0.479270658884184
0.460047378816821 0.0468953937155203 0.360569172083581 0.132488055384077
0.273889744560132 0.327122885280193 0.332506074602805 0.0664812955568713
0.424402720975967 0.363280176651652 0.0683207088357617 0.143996393536619
