0.182538754541831 0.179104271975549 0.0493299275263147 0.126039321799385 0.0262633640465267 0.436724360110394
0.175115289874611 0.273759286286278 0.306928913095955 0.0598600239965103 0.0170338097323011 0.167302677014344
0.235530394652503 0.235041428137795 0.0596930184513826 0.202421288964376 0.0539655861390884 0.213348283654855
0.258935550115699 0.0767374357996403 0.00215688057842261 0.317880754822496 0.156491340932366 0.187798037751377
0.176967308031126 0.136542029062237 0.202077924305412 0.0839948438164537 0.194018554583601 0.20639934020117
0.241465892991143 0.196020824364305 0.140093710906025 0.0448351826522066 0.285737120796501 0.0918472682898187
0.211363159519598 0.0246761062539022 0.0632637362306277 0.321754487427942 0.151818610051064 0.227123900516866
0.176686353461065 0.219496446016498 0.140176089486808 0.17210532081638 0.0900303272853513 0.201505462933898
0.304585712383842 0.13686366486183 0.0597080336949494 0.102419002616792 0.217851611647808 0.178571974794779
0.0680776510953205 0.335561950627969 0.0744886814502281 0.111420916287605 0.341932211984662 0.0685185885542155
0.272933629052448 0.175935231783735 0.0138223164609099 0.0032321726873679 0.272311666196303 0.261764983819237
0.111482372218449 0.037037197145 0.247517642594553 0.168653849714308 0.240316880974487 0.194992057353202
0.219652626199201 0.208902685072501 0.123778073555363 0.165911463432021 0.160642968389179 0.121112183351734
0.156453320719184 0.287344849755408 0.364732051083221 0.00429968562433226 0.0501273196162336 0.137042773201621
0.210556916529055 0.232804576788364 0.222774471438237 0.182833247270259 0.0319866378914521 0.119044150082632
0.246230599780746 0.0810008492271698 0.179671590313489 0.264502646159614 0.125426745695944 0.103167568823038
0.245063874915948 0.0568582925493181 0.200506162659405 0.183641869540796 0.128448291106004 0.185481509228529
0.37968891708444 0.0494065833611827 0.203973706010934 0.0306886540479617 0.125076242577977 0.211165896917505
0.201132828847765 0.0819137651377514 0.155828756259501 0.127189429776246 0.209535323127361 0.224399896851375
0.0549417069922811 0.109145613067264 0.163981453974112 0.276351412962811 0.091855071072015 0.303724741931516
0.300341060400959 0.0714749081249145 0.306926518038325 0.0716821449053947 0.0545619253557771 0.19501344317463
0.151148822145449 0.0588918802870517 0.19840115157909 0.0377619213251241 0.320150719887674 0.23364550477561
0.14395965338503 0.00470596813758732 0.143700021947262 0.309383289145065 0.370438937448344 0.027812129936711
0.0326324650717875 0.0958132138786398 0.317543798358871 0.150646136287358 0.255511379859396 0.147853006543949
0.244564423023588 0.274686898360874 0.196534064872348 0.171252044448139 0.0374230455954139 0.0755395236996371
0.18539925243317 0.0737233691603703 0.231370367277486 0.142472736844358 0.146386155801259 0.220648118483356
0.0667658476331095 0.302902326716812 0.127614270933629 0.16179470210487 0.210705004170325 0.130217848441254
0.216659841578117 0.208937665373784 0.146689501627231 0.220546291021541 0.191222569807757 0.0159441305915703
0.150497991020273 0.221017035981249 0.237661699372476 0.0696778335933785 0.128797562590076 0.192347877442547
0.0784240198655192 0.008158695055191 0.063912113714577 0.32761976168969 0.155013961631768 0.366871448043254
0.190124629413988 0.200412041361424 0.176465066812594 0.179172265591608 0.182529976965596 0.0712960198547904
0.116915861295814 0.144701085659995 0.0368932129288166 0.144486851376471 0.270383834074325 0.286619154664578
0.198542133286806 0.0362636801998777 0.478441307163729 0.126769218285785 0.139693134976432 0.0202905260873711
0.187489966400702 0.137006189962711 0.241530944572927 0.159867142039803 0.234288669391837 0.0398170876320198
0.234273729686712 0.0503834075297677 0.209932739007182 0.0914473205328217 0.16988106364817 0.244081739595347
0.104308865991616 0.149957001839189 0.0624014902016442 0.228165957177777 0.207581539540696 0.247585145249078
0.193413688600468 0.257318823157434 0.135254814655665 0.0102178597745609 0.283739347712097 0.120055466099775
0.12444078028285 0.293239339033376 0.215784775134913 0.119033887162323 0.214468149577411 0.0330330688091266
0.193004811411005 0.150992848478497 0.079650073670286 0.230852795616282 0.127789049563976 0.217710421259955
0.130352029965455 0.181855730287132 0.107581495890497 0.121391210693034 0.248641611599559 0.210177921564323
0.1923876251292 0.00967590441442982 0.0402947296066675 0.218346986877923 0.35663086881779 0.182663885153989
0.170582074940423 0.0295688935446524 0.124241707403426 0.364284185954309 0.203771031024691 0.107552107132499
0.165562392872587 0.245180025723069 0.024790713659125 0.10391017504209 0.255501885062312 0.205054807640817
0.205136803915628 0.201758019558523 0.210964328541515 0.176646649932827 0.160054434016614 0.0454397640348919
0.179845758754733 0.165592832207472 0.214571403759802 0.22956440563495 0.139483218975065 0.0709423806679769
0.254859335866632 0.187892781132186 0.201678164798273 0.0774909269141731 0.0686474380084322 0.209431353280303
0.238160053791559 0.0912349097494558 0.241501222758191 0.152646116601468 0.0169833127943068 0.259474384305019
0.242382806570139 0.222475255379665 0.111651305032417 0.0161418476098807 0.19846460772286 0.208884177685038
0.195990748959167 0.0560643444598446 0.0416869849926469 0.125928475639289 0.289892937397046 0.290436508552006
0.151356180402215 0.285302234261279 0.0897226676876319 0.208827154088596 0.0586359609512464 0.206155802609032
0.20076272623696 0.195332021246006 0.182532761840516 0.123219446994081 0.0872448317926264 0.210908211889811
0.180726264472367 0.0585471545489984 0.069825085406559 0.321529788057139 0.24255275791673 0.126818949598207
0.21124336641933 0.194126606168872 0.226681234263451 0.170855026423472 0.0480483377154187 0.149045429009457
0.29334813023905 0.0322684570472347 0.232719583354178 0.0106220508019356 0.00603416266670038 0.425007615890902
0.196535278025771 0.0787461508651465 0.155914361536819 0.151353721922794 0.18530088986915 0.232149597780319
0.26110590653497 0.29284535791756 0.123331676565015 0.160048187489961 0.106943466328677 0.0557254051638175
0.102690571048023 0.274454239341072 0.000649780699404197 0.260971348444927 0.223757410389022 0.137476650077551
0.121478712456211 0.259430886619469 0.182199862340086 0.234180508288858 0.0772287625582356 0.12548126773714
0.138268143711151 0.16024555531509 0.204630538505437 0.24731063032454 0.149146370684266 0.100398761459516
0.164644719722323 0.162562356936279 0.216476648862922 0.0582020459564886 0.190717693577488 0.207396534944499
0.143429184947161 0.000555263781897781 0.370852341393112 0.159697978509803 0.243285035081912 0.0821801962861127
0.142186262243612 0.170400597539433 0.0526505900044905 0.216811338740974 0.148687004606293 0.269264206865198
0.227377398299964 0.206899872103843 0.244354519539969 0.204429214417839 0.110579210275203 0.00635978536318187
0.0710224590591453 0.117269772405506 0.299705215244368 0.173289964975341 0.00914790020365845 0.329564688111982
0.183443813873324 0.226134129395419 0.11774582578848 0.177764263157058 0.0447745904930287 0.250137377292691
0.365489558021801 0.348267705222387 0.0227019851411546 0.163420849124476 0.0532437179388341 0.046876184551347
0.271701755813857 0.229946929187781 0.00331068174633003 0.250906595230177 0.180948003310811 0.0631860347110441
0.309370980113702 0.104216447573564 0.155583918443834 0.289338604234977 0.0488970853210122 0.0925929643129104
0.029796560420853 0.0255574733318765 0.386504040650239 0.169453329271897 0.0959395004259758 0.292749095899159
0.207133326521743 0.181223819243948 0.197523063421543 0.169066385132899 0.139640324548735 0.105413081131132
0.286058602941153 0.169162610625791 0.187513410812215 0.259167666341769 0.0849982488923194 0.0130994603867524
0.306723674269143 0.0697616146882781 0.128589148028865 0.0746074777245873 0.192896422389294 0.227421662899832
0.238322818015867 0.0604378278238809 0.0607575309660187 0.269829917673021 0.071196402788657 0.299455502732555
0.143147042492948 0.176097326156771 0.183241465819043 0.141119769222534 0.298747985069373 0.057646411239331
0.104466418202152 0.165404195374626 0.0621416011491138 0.262309725784374 0.261617607376956 0.144060452112778
0.279697104728737 0.0920594531403639 0.246202826700874 0.0240675417488168 0.208814804040092 0.149158269641116
0.120415706691466 0.0647845411630394 0.132530064618008 0.00849221306148917 0.465458517925454 0.208318956540543
0.238933338569518 0.165029289731877 0.185136432099229 0.200037652997371 0.115650298647475 0.0952129879545309
0.0656112036834312 0.0881834973197053 0.357731474971469 0.342677307354259 0.0573064707112775 0.0884900459598587
0.245229436300632 0.273851809777661 0.251708784753152 0.0411201662872254 0.0724310888840203 0.11565871399731
0.361146477975564 0.436185362574008 0.00315648275335625 0.0365640729477793 0.149613111905676 0.0133344918436168
0.157878573023735 0.358679650955836 0.0133800081717439 0.128432554978589 0.0861986342261328 0.255430578643963
0.233113062878043 0.142784840411724 0.0924153845808809 0.116009952244258 0.190049296725649 0.225627463159444
0.312619660699374 0.186309547413266 0.0260508167493392 0.30407399502048 0.131779496262607 0.0391664838549345
0.25687222213515 0.105327734200124 0.0771395498137654 0.366170477455628 0.182450185177938 0.0120398312173946
0.381972735761274 0.000549089072706233 0.34921971791858 0.0723678083919176 0.0702959349637793 0.125594713891743
0.365729107288078 0.295353827524965 0.0634623045081926 0.194536367779483 0.014802120209262 0.0661162726900189
0.207983627934673 0.0727937472319043 0.105380628246629 0.349640295896008 0.0106020815318607 0.253599619158925
0.194768774115517 0.236036368137261 0.0935396844673957 0.106707915182638 0.206689822560391 0.162257435536798
0.320769759896779 0.0353352172110918 0.088338677179416 0.342701599788898 0.13329718271056 0.0795575632132559
0.160181007249451 0.177362838816336 0.128513529448208 0.168572883039601 0.176865849456635 0.188503891989769
0.289719284663266 0.0622826785636193 0.133956989751547 0.283335101815477 0.0206742111906986 0.210031734015392
0.207355324469764 0.127473368275024 0.119556783103412 0.283401567552562 0.0248560420150925 0.237356914584145
0.0116296639796948 0.337173049385836 0.299821769678091 0.134184168019424 0.0103818732623584 0.206809475674595
0.198715669824198 0.210683184282963 0.031145809701732 0.27377488726279 0.23686822823878 0.0488122206895361
0.114679304884801 0.217410198909869 0.246041631043277 0.159542490957927 0.0658084898160846 0.196517884388041
0.0669875177410333 0.238679666767427 0.172131775469732 0.114879957862713 0.222381880548334 0.18493920161076
0.0691933848997626 0.247101712971361 0.0987597243816352 0.154726291160282 0.221592311572125 0.208626575014835
0.192616238335803 0.0919673980437841 0.0241267721468743 0.211707198588846 0.321223705762977 0.158358687121716
0.0657203772076188 0.165471587747576 0.224959018447601 0.229688040273265 0.185307719470415 0.128853256853524
0.576012124416677 0.14817839100462 0.114399360246029 0.0102323429942076 0.128320071141672 0.0228577101967949
0.0276577525193256 0.00215066230532431 0.108878464890624 0.471529790484164 0.146963013969928 0.242820315830634
0.24622667570813 0.272102209585106 0.0796107115226296 0.0101506413187328 0.277214992398277 0.114694769467125
0.155021095372392 0.0622502652821633 0.116366103711013 0.251011625356129 0.244049413924157 0.171301496354147
0.176338950459478 0.19669259001112 0.135828455326238 0.141182480761771 0.207221023153466 0.142736500287927
0.174284951343489 0.185231745664621 0.0117849440242829 0.209543968351376 0.182399254131512 0.236755136484719
0.0108931959336159 0.0990275736378236 0.21581973084283 0.503528642619133 0.121710363643182 0.0490204933234151
0.0697737888932791 0.0992103411119335 0.216230110456206 0.171208411485522 0.230976034787352 0.212601313265708
0.210735317584864 0.261851606951145 0.163563086947057 0.176832407864354 0.0507022656968599 0.136315314955722
0.0241644822915152 0.0550561111648616 0.30866898124673 0.253866866346928 0.205325518386615 0.15291804056335
0.0553188673071989 0.338334153041451 0.0783178316949353 0.172348315513698 0.0920391291641931 0.263641703278524
0.142865782695607 0.319005803069925 0.0914185826784525 0.335126285661355 0.0590118001132859 0.052571745781375
0.195351639043895 0.255953425860584 0.122198779149618 0.11606986303807 0.286505936292124 0.0239203566157094
0.0219672705530502 0.126736252130563 0.285271590584034 0.122584804506211 0.232407306404388 0.211032775821753
0.277119200004589 0.203156536902001 0.0237083867916345 0.0962639554283378 0.318635323514525 0.0811165973589125
0.0445305612084251 0.166480450845277 0.178835393676626 0.134499328310371 0.195208466761451 0.28044579919785
0.205435149033139 0.173513756207281 0.229495452401181 0.112736172465469 0.0817787939281819 0.197040675964748
0.197086873561604 0.233151762374201 0.154329312879766 0.170484685675888 0.0135776715274858 0.231369693981056
0.058907482286232 0.27733567365403 0.319122331487744 0.110841043330161 0.13936102502334 0.0944324442184931
0.0636056980638291 0.253207956985625 0.10613054754595 0.265957305190015 0.296255563901656 0.0148429283129252
0.13007415093438 0.259689709165822 0.244093991244547 0.168862788021773 0.120612157938077 0.0766672026953999
0.224072657890292 0.253371538805495 0.0678658130862244 0.159786508265885 0.21937305295437 0.0755304289977344
0.143809641362447 0.19035236689708 0.0647290290491561 0.260526190669915 0.171191326900906 0.169391445120496
0.173705637230521 0.194270272825855 0.0673418442635177 0.223715388609774 0.183742983946893 0.157223873123439
0.262116328735505 0.00574072858366899 0.010655206837594 0.275524704507394 0.117665954453836 0.328297076882001
0.215078583062979 0.198681388118627 0.107021895765535 0.0213780540745371 0.222344979801693 0.235495099176627
0.11707419162608 0.160265614253936 0.133046390448416 0.302943123944526 0.165378756592095 0.121291923134946
0.0967089635392559 0.275126491432344 0.246716672633277 0.307082419982889 0.0375744389060635 0.0367910135061707
0.272491107606085 0.0280626830745939 0.25819247463997 0.175361797706302 0.102959710899663 0.162932226073387
0.11183933229138 0.158307693407753 0.149915901096945 0.106547683751936 0.230226105345714 0.243163284106271
0.055584615816222 0.304383758306201 0.0907903765667587 0.0349454072123618 0.231012742806816 0.28328309929164
0.0162044844464264 0.218907665255592 0.237505847434249 0.220921997112635 0.173815875446213 0.132644130304884
0.257843696409591 0.0897332669157489 0.248648956988808 0.0678487101954519 0.202420408118217 0.133504961372183
0.0278104156237151 0.234062267139999 0.255460306208259 0.234635857554705 0.0850608875508403 0.162970265922482
0.128497458195993 0.233235259037458 0.0909369616679992 0.130201548368483 0.239826892750732 0.177301879979335
0.0244459011376448 0.340782705741443 0.0701025738993124 0.27883783349254 0.0344947009052983 0.251336284823762
0.284592939464566 0.0310285623775863 0.090665838386665 0.125273594644155 0.382597653449962 0.0858414116770654
0.138334906214661 0.204279511192224 0.209072645428582 0.13546722133537 0.196458832633002 0.116386883196161
0.0104841704656594 0.451965319681671 0.168568071587331 0.276141262891698 0.00025486654876956 0.0925863088248718
0.120729771354843 0.242599657950361 0.192426244017933 0.0434783599656365 0.233076749604908 0.167689217106318
0.0865615794813811 0.219486643930465 0.117938475881652 0.267940258918049 0.18906543844724 0.119007603341212
0.21090232949842 0.327715657749987 0.363073619990873 0.0459576873429475 0.0158311444310887 0.0365195609866838
0.11526891566071 0.0894675848386528 0.336860786711788 0.152747829430283 0.0951049195414457 0.21054996381712
0.16892167824305 0.129602908450282 0.0149255934043233 0.242313713340769 0.377888765557069 0.0663473410045071
0.189646078554931 0.167151099896017 0.0586899704155843 0.316477847547621 0.158081723653075 0.109953279932772
0.297237872417521 0.115755125856835 0.221186399320428 0.182565452931925 0.0151865064024662 0.168068643070825
0.0145905869435249 0.16639859907492 0.205102889278999 0.316456317985786 0.293662118970351 0.00378948774641932
0.195218469655162 0.204802831284616 0.115911064664153 0.244032078726856 0.181529631168197 0.0585059245010155
0.0328685685628101 0.132906755306458 0.0321348581180213 0.222849717518407 0.270473399698076 0.308766700796228
0.0117461169748513 0.177454753114456 0.332349115074218 0.0683205298855493 0.317206644458361 0.0929228404925647
0.492402383331946 0.0991677314435588 0.193915112962761 0.14072430202569 0.0640138565483617 0.00977661368768318
0.310312114547755 0.0163279566425344 0.229850920491792 0.0581350526854975 0.0854866948020886 0.299887260830333
0.151362015922257 0.0536986493074782 0.244194225329425 0.359597039094881 0.0893616201870526 0.101786450158906
0.270237426230188 0.0299813284934396 0.14784671026648 0.0900003944916097 0.400980666022196 0.0609534744960873
0.211708076247262 0.301269138217395 0.164983741259346 0.0519147620570468 0.105819150022365 0.164305132196584
0.127109215263985 0.0854037363338378 0.203142304227259 0.02740524154102 0.259150886518327 0.297788616115571
0.0249615248256694 0.439401657270621 0.161414540740864 0.00612919469760908 0.105328974716551 0.262764107748685
0.000487044387442504 0.107131020368501 0.270786685891279 0.254660418424468 0.250917339275051 0.116017491653259
0.120281696191234 0.303785246975894 0.130769218100223 0.282296277078925 0.0930802263190239 0.0697873353347007
0.0411277084306044 0.273183146766573 0.110418652430885 0.0832611847151104 0.185720665078905 0.306288642577923
0.411891101446188 0.0548360898979577 0.113644466472485 0.060525476228039 0.328105759834188 0.030997106121142
0.330674732916377 0.178347896690281 0.0931720126630126 0.266700890568427 0.0720064961603682 0.059097971001534
0.265383604259216 0.13143799452005 0.135546680799509 0.224116143107037 0.127074243879269 0.116441333434919
0.147639325114444 0.206945064331036 0.206075281040797 0.198516031896523 0.144140414575183 0.0966838830420163
0.220835839002131 0.183113908522007 0.164352981381203 0.13078530876762 0.122673091328673 0.178238870998365
0.282374770220954 0.187519875326219 0.135856372387638 0.101507012961106 0.261428459660066 0.0313135094440163
0.0948650703590527 0.16454900935132 0.249417892515808 0.0993388332370295 0.194751285024193 0.197077909512597
0.11948331099177 0.202318512735925 0.183246815400453 0.150089909972215 0.192976986076165 0.151884464823472
0.0875864603426851 0.189637170922639 0.133518883526057 0.309326509457563 0.0353541650617699 0.244576810689287
0.0977062424185262 0.118077941621983 0.09228471965555 0.31612752637337 0.171254142180331 0.20454942775024
0.123827699982972 0.122391169886744 0.0257849010530022 0.436990268025582 0.226839609786949 0.0641663512647502
0.0888536097568822 0.228864963411874 0.117737177360105 0.300105799236641 0.129901727541533 0.134536722692966
0.0510032712621439 0.0695822683956777 0.329254849715769 0.137882593125226 0.0300938422438206 0.382183175257363
0.14836452909565 0.0816869353968978 0.229905647275017 0.199028313399239 0.140902758170143 0.200111816663053
0.0984478214569947 0.307583851579961 0.0283282297110159 0.163082289978178 0.312829383828508 0.0897284234453417
0.113773965359515 0.118328670435116 0.227745349928434 0.224735523897839 0.182137900434111 0.133278589944985
0.200081231230836 0.164170384743957 0.088064060454351 0.229919215349931 0.181396610164559 0.136368498056366
0.145067503467133 0.12407208171784 0.162625355072899 0.105810735832617 0.226040596236294 0.236383727673216
0.0347891358483672 0.0768263245406516 0.291835598913657 0.162424896831978 0.290333049779074 0.143790994086272
0.16639508888483 0.0514097901091423 0.281391262570406 0.0272650579066915 0.159443992509961 0.314094808018969
0.132010572694621 0.0904503846056072 0.370735737964461 0.0365201915663901 0.235960551358706 0.134322561810215
0.182181989684498 0.151159868629104 0.262474621527394 0.0199422033120896 0.135918730458074 0.248322586388841
0.0187701386861261 0.377696112798184 0.161272771999074 0.353845585337307 0.0601009394129809 0.0283144517663278
0.10088274114489 0.190625352947417 0.0611207748753492 0.342121478117496 0.303845277459894 0.00140437545495234
0.150629306770199 0.0883576197292126 0.243231133615077 0.229734148545283 0.0204110831995982 0.26763670814063
0.111979506507652 0.24986446787785 0.102155338260707 0.257191835290644 0.0525131304424285 0.226295721620719
0.190751463492555 0.0180869665917822 0.271844899822071 0.0936676722794173 0.155724162744339 0.269924835069835
0.245651425773285 0.11517353600308 0.144632154874526 0.213363448245775 0.0920446718089953 0.189134763294339
0.149324997344712 0.200195534875421 0.208281606112941 0.115152426552885 0.170151264966965 0.156894170147075
0.014774494423599 0.058032907523812 0.166080564140895 0.129780563893316 0.28708629856194 0.344245171456438
0.0257789318554659 0.26293766214083 0.0636737105548766 0.198161806397164 0.0209247690363805 0.428523120015284
0.143335715761412 0.197827031658808 0.147414960312061 0.150511852221393 0.221380305296169 0.139530134750157
0.219736204265442 0.0304117384043696 0.140941311543225 0.234764200302896 0.179301015816973 0.194845529667093
0.255562899929049 0.292237013658109 0.0228046582900001 0.229166955000269 0.020303623561492 0.179924849561081
0.370581788151549 0.0769876582728091 0.0540343271539077 0.0258296039406371 0.167277118815227 0.30528950366587
0.119485987094547 0.260560387691936 0.0986111911545544 0.136700962682265 0.159082510259005 0.225558961117693
0.146824120152012 0.137008028132248 0.18675282364739 0.0211641955475805 0.37142520487553 0.13682562764524
0.00529270441830222 0.29297621846653 0.183848574149179 0.25518174296104 0.15916471117383 0.10353604883112
0.235662564829139 0.158605961909866 0.155635373330017 0.0455545350317073 0.192339168620588 0.212202396278683
0.175804492620752 0.234622856617074 0.204154718637404 0.227333065995222 0.113711681125236 0.0443731850043115
0.00652954834151133 0.00663312216209912 0.0599804851193802 0.403885999129675 0.032083230002355 0.490887615244979
0.244581142998081 0.112833572998713 0.168951143696486 0.0658527014411947 0.171025036362259 0.236756402503267
0.102263348766837 0.100762842091431 0.260197173442043 0.301965766452075 0.0587176455029107 0.176093223744703
0.0214842501544237 0.148123379440363 0.172963921041571 0.0961846259695808 0.373120652010982 0.18812317138308
0.243151991691234 0.232881469879795 0.0627022685330173 0.225440907861015 0.0341875551535183 0.20163580688142
0.193582490119717 0.0214358318716187 0.0655684991131097 0.277297613055506 0.247734881527518 0.194380684312531
0.165399164014617 0.0449006810792118 0.126095455514045 0.222878519081612 0.086487433197077 0.354238747113437
0.00669343177046493 0.296703648088541 0.0606743299230968 0.257771300854213 0.311035898417355 0.0671213909463298
0.178740949687059 0.272582772967731 0.137798431092097 0.173987974354159 0.167493091405281 0.0693967804936724
0.0445407567023749 0.127426652260892 0.0738498693612154 0.235094530914295 0.356167515418605 0.162920675342617
0.0525244513183123 0.19028128461242 0.204788363183947 0.203833843323582 0.165786354298009 0.18278570326373
0.241638921742411 0.231484710657679 0.0168070850592559 0.11443832877855 0.164662105611986 0.230968848150118
0.0423815294157867 0.00253773912796525 0.15053744697215 0.24585025939891 0.102035993427469 0.45665703165772
0.200475519659117 0.157404456394209 0.148452664179422 0.247799085219096 0.0905224215328834 0.155345853015273
0.275570847554398 0.17289230538309 0.174494559663002 0.066012949203493 0.0513340425476919 0.259695295648325
0.236494580523551 0.163557836789575 0.0978423243353072 0.0982960217095892 0.195033153673791 0.208776082968187
0.0290958065462656 0.399966002587595 0.16059980890449 0.0863319673157455 0.26163634729974 0.0623700673461643
0.141185520625051 0.247120173399781 0.258506584854737 0.219629090933906 0.000731517274188515 0.132827112912337
0.193000122542819 0.0364831653093408 0.28757596737293 0.220158037967998 0.176241939245296 0.0865407675616163
0.0128128033647214 0.268961901359962 0.15290794481681 0.0117194199988485 0.27149505573003 0.282102874729628
0.0685578050103112 0.267582804484274 0.238371597765751 0.0109187119980291 0.273598468108812 0.140970612632823
0.209754218469688 0.125860475034842 0.319586342166475 0.116306599521463 0.0982450739237918 0.13024729088374
0.191907139670889 0.288963639271443 0.173104418687555 0.0934817445164051 0.118767825935517 0.133775231918191
0.233645295723867 0.142558007583311 0.234193879830145 0.151346590780438 0.148387657222234 0.089868568860005
0.128431948987326 0.184662045903069 0.254839569072157 0.225080100040632 0.156824495411758 0.0501618405850584
0.0490623237010924 0.248624466117591 0.202989701140216 0.136908072066755 0.225302722133943 0.137112714840402
0.313459419586681 0.212080102000408 0.121397147163589 0.192781925327877 0.159365212127644 0.000916193793800897
0.0173809279733385 0.205205187195099 0.0700734619011079 0.166612530411391 0.227701773320283 0.313026119198781
0.0964380062458515 0.232583721535297 0.159272455492835 0.187747975013168 0.153463294502511 0.170494547210338
0.190781039411975 0.115480331718168 0.0451153750966314 0.140538225785729 0.2555123139749 0.252572714012596
0.107773349060557 0.288539345159824 0.104791921712114 0.195360440992476 0.177385378806503 0.126149564268527
0.161438637188712 0.170298641692914 0.157898152753265 0.131357581244361 0.078622411271032 0.300384575849716
0.182444907812654 0.202212381079951 0.0724597844776089 0.274171402368172 0.0243191352048449 0.24439238905677
0.20853879242661 0.163362079599061 0.0936445821615404 0.229952312472439 0.0327351663678007 0.271767066972548
0.119222140714077 0.0722421233596744 0.173243916762542 0.257959603570381 0.12856497092551 0.248767244667816
0.0194461299070664 0.0509916545489328 0.266003781635297 0.197593783930883 0.0956052345822867 0.370359415395534
0.121661370467589 0.188496964082888 0.198445513108939 0.0774831571046619 0.16371323960136 0.250199755634562
0.155680836775394 0.135405653391705 0.104963104829533 0.195949096434778 0.1875371284902 0.22046418007839
0.158909881658592 0.0468769334516528 0.187572046321677 0.173927555880142 0.296125243073109 0.136588339614828
0.26088169991103 0.284965950180727 0.206996998452407 0.0929000046697179 0.0149846103043043 0.139270736481814
0.017666704244389 0.237878573065629 0.124699905479468 0.237670011358326 0.0619195833614197 0.320165222490768
0.283838353353902 0.0542456051913018 0.0588229006800601 0.27136109964767 0.0862311853690306 0.245500855758035
0.271414717390667 0.335470152031827 0.0455493606874513 0.290719270935731 0.0421011940946613 0.0147453048596632
0.0711362130088367 0.230060793357944 0.220250967595679 0.177382313401704 0.0243239101597449 0.27684580247609
0.132149817886299 0.289659158441087 0.175590963312731 0.064157912044397 0.0709870505325772 0.267455097782909
0.168664021854643 0.315816157597092 0.164492131655656 0.181360617724486 0.112799015480862 0.0568680556872604
0.189855500293876 0.117030133815075 0.271061255648218 0.0733302487834823 0.0867192908995633 0.262003570559785
0.0875688620603594 0.358242361994724 0.0819766156751256 0.134471888602322 0.0978046769172911 0.239935594750177
0.225264728265445 0.138445495729551 0.292708892539812 0.179769921419222 0.150715291493672 0.013095670552299
0.0439676781936178 0.0905895265449286 0.129233964134522 0.183308390353399 0.259089376097032 0.293811064676501
0.0669820770960128 0.292609829798982 0.0781944147873188 0.164941681299008 0.0247664059919426 0.372505591026736
0.299748839905492 0.18945292145148 0.0377557994824771 0.132501018352081 0.270011033450234 0.0705303873582356
0.166548486972324 0.193406485788569 0.108671997344282 0.202055666328639 0.204668400059562 0.124648963506624
0.0484074846614483 0.250623916127453 0.214995666350498 0.0721754632932304 0.259676828344842 0.154120641222529
0.0781008175707044 0.0883131098871793 0.305081930593759 0.152790486411286 0.11555085448739 0.260162801049681
0.183089965041522 0.228740594420698 0.0671716092254055 0.0432737673111629 0.307771725905694 0.169952338095517
0.291618382811835 0.226350650030676 0.113106446999971 0.0930772321022467 0.0182958401604605 0.25755144789481
0.172029395051386 0.290868454269087 0.114220465745283 0.203504136807835 0.0482124513414214 0.171165096784988
0.174712560988654 0.00275260333986345 0.229185426739364 0.174689054054401 0.218710730687029 0.199949624190689
0.0918965315507517 0.152003100442894 0.20361050779678 0.187141489852497 0.198891529880957 0.16645684047612
0.249106441537018 0.058392873614808 0.147106003316212 0.287177404941026 0.0255008692278923 0.232716407363044
0.218986110127607 0.262889663116604 0.155588541609064 0.0417800534267334 0.198355335544392 0.122400296175599
0.219499636252769 0.13385517611344 0.143370964444153 0.227864655093063 0.129688801144731 0.145720766951844
0.133494000258473 0.101596045991647 0.285521207745565 0.304101570983987 0.0687373515616227 0.106549823458706
0.0795810513637402 0.277015524591175 0.266501428398142 0.0990386456449405 0.254764984034034 0.023098365967968
0.204378049292036 0.00154436545547478 0.243157118962147 0.0846703238462832 0.270202477267785 0.196047665176274
0.119596531275399 0.254855823763532 0.261093957444635 0.0994167317018525 0.228936836402128 0.0361001194124541
0.0279034336585395 0.252101261890651 0.35344909471418 0.253110385474861 0.0967377724880365 0.016698051773731
0.129105123456977 0.22973359393875 0.159610294689053 0.189968256120026 0.241796879735907 0.0497858520592872
0.20262554203369 0.110587584538959 0.263023126663468 0.000136609985925095 0.138773741773754 0.284853395004204
0.142247832223106 0.0696241062583728 0.206767602973765 0.363681589857853 0.113957879264362 0.103720989422541
0.317144446494453 0.199120467138481 0.138185337654157 0.101620114235582 0.0393218553323058 0.204607779145022
0.0560729569414161 0.150880253162857 0.272052779797162 0.292788111731828 0.0315033799973831 0.196702518369354
0.237181696462739 0.0966227895972732 0.11633789513116 0.186252555314098 0.0447216445808738 0.318883418913855
0.300856567551147 0.267493622296509 0.0332037551445599 0.14616448312066 0.0682960670744219 0.183985504812703
0.37580967248502 0.0721161107078125 0.27852741710619 0.161904023858518 0.0257579131010696 0.0858848627413903
0.25288115826696 0.0887445349038509 0.188468824332587 0.180984420689586 0.204262248780687 0.0846588130263302
0.0175486054109595 0.0364310327724366 0.197799814316741 0.139022028061431 0.126725473977872 0.48247304546056
0.0941882280859421 0.238410552625089 0.0838247933506281 0.298344636430439 0.111267165970726 0.173964623537176
0.0827215011756945 0.333380942580938 0.112304351102277 0.190717085833281 0.250750079176136 0.030126040131673
0.291006876572088 0.249835888328526 0.0152480157474649 0.107576887155569 0.0432323643260598 0.293099967870293
0.260753457012794 0.159843524503115 0.158892852740695 0.214144168946884 0.0406319413571351 0.165734055439377
0.0924402800063341 0.0136506283432029 0.181448668246389 0.159474121403324 0.333603700499129 0.219382601501622
0.215924035514385 0.127853643828441 0.296256406348081 0.108248585384029 0.141651244374909 0.110066084550154
0.184713551187483 0.0757741764167682 0.0131986399990299 0.210773193476118 0.267713687255718 0.247826751664882
0.141125591771221 0.0354894825020173 0.299261182714595 0.329002678735293 0.0185930355460623 0.176528028730811
0.328030757385384 0.155782879659494 0.0120659939326894 0.160255552566847 0.235583060132549 0.108281756323036
0.040226625214808 0.230421658822652 0.186210637733568 0.166523489788947 0.194765869669307 0.181851718770718
0.283341497747211 0.217962632191315 0.0555955146313855 0.0329927960501312 0.130306639511916 0.279800919868041
0.232818886819753 0.0369364600984732 0.164527394530337 0.16136604007254 0.170842137757785 0.233509080721112
0.184712628337178 0.226176386889891 0.0756669678866335 0.240749542524064 0.168634857410137 0.104059616952096
0.155098006547607 0.292831833904959 0.031699524944749 0.305846247438023 0.00119139798199647 0.213332989182666
0.318015445747237 0.136428424525205 0.0139581333037247 0.0895961793500393 0.186417597879002 0.255584219194793
0.0958372559127048 0.211101221263214 0.22932993771547 0.134373183775646 0.145656253494395 0.18370214783857
0.229121602878181 0.0682419785706964 0.184495647358614 0.134548350167649 0.147366710074782 0.236225710950078
0.151578830279548 0.120599043967082 0.32686226294486 0.227237633356908 0.162859655977762 0.0108625734738407
0.0422986593298783 0.24276062318759 0.319936913982731 0.188759841857205 0.174663562837659 0.0315803988049363
0.0612107184477749 0.287397243140542 0.188836285955738 0.213207177801944 0.0126547818776693 0.236693792776331
0.278329911363206 0.184042228587681 0.0217610281959268 0.11384252423901 0.187079335123503 0.214944972490674
0.111476869489971 0.392382973676943 0.0424992957085033 0.147069743874277 0.287493714809284 0.0190774024410216
0.197332000036325 0.074378462694448 0.262456485763597 0.357269167469883 0.100484773834613 0.00807911020113374
0.0255159801179795 0.0165040484851497 0.254159634479225 0.253967422837814 0.182906523889738 0.266946390190094
0.159597863226985 0.235343466832526 0.0424995889902792 0.252155224081236 0.0996347823908579 0.210769074478115
0.106296690924957 0.296109823986869 0.166989633211272 0.153714704156843 0.169998517916741 0.106890629803319
0.179183103534472 0.188378848112591 0.218322405623993 0.174704857585621 0.0275430143577727 0.211867770785551
0.0802934009832151 0.0604722105650847 0.114601380315895 0.378373530374098 0.0457809081568624 0.320478569604844
0.242785929378076 0.148795095220562 0.328827304937385 0.0642731691839009 0.15970527454871 0.0556132267313668
0.201275975024386 0.121551974701306 0.188319536658451 0.115994839530802 0.171763812960639 0.201093861124416
0.143844255707711 0.0448216553444118 0.304338638082951 0.155936955643401 0.119049796844536 0.232008698376989
0.182417323389976 0.226578679905187 0.0623061893180028 0.219100703712298 0.200773312166854 0.108823791507683
0.150456939950655 0.233235038052072 0.127136367730898 0.055363350752851 0.193955175975584 0.239853127537941
0.19298597505724 0.197171938679213 0.220359268553793 0.0105933202485534 0.157521156163497 0.221368341297705
0.0478904350554974 0.129273870053831 0.205801466885416 0.12101283846206 0.218089515533263 0.277931874009932
0.171969990971086 0.160949618500404 0.191935488393683 0.0972959444610421 0.129735010498995 0.24811394717479
0.157344192852012 0.0991895500338785 0.168647108402436 0.24008189853468 0.107715595292843 0.22702165488415
0.22846692933271 0.152398744094201 0.193102005294664 0.0486688875947417 0.15736587651425 0.219997557169434
0.220492595641508 0.102288284748078 0.243527770802588 0.0782977044249237 0.192518218951122 0.162875425431779
0.261381844659731 0.213299145603168 0.0864965502760064 0.0939513619637806 0.125651880155516 0.219219217341798
0.00709367034866192 0.0599366520940336 0.217234950681045 0.334496472426184 0.22542000709696 0.155818247353115
0.0197032567100023 0.0167666129045924 0.251028699736616 0.154801389655122 0.277008171207024 0.280691869786643
0.110815106208532 0.124818254909472 0.23291425780561 0.242346877076443 0.0387207454767979 0.250384758523145
0.14732110608299 0.20824104053875 0.190103381479184 0.244714419138598 0.134992181772104 0.0746278709883744
0.0529526349725812 0.0654447111205569 0.212618096991736 0.303895800549485 0.0739152894505747 0.291173466915066
0.0426871816073905 0.23368347257111 0.115658134848487 0.245510750340865 0.16074307886874 0.201717381763408
0.187158765984321 0.220357873692501 0.232720597841821 0.223987549658781 0.038324853684362 0.0974503591382145
0.0317457136014792 0.00738217294048684 0.267113948735046 0.23838714149924 0.0909817834515142 0.364389239772234
0.228780503884217 0.291853086723049 0.167724555582631 0.116016609679241 0.185577806628259 0.0100474375026019
0.0198022315830566 0.233584202120474 0.167508489677758 0.0177472819415018 0.318558612665057 0.242799182012152
0.189659002663167 0.087281370957922 0.343925648562193 0.139378398525669 0.129628063483862 0.110127515807187
0.338601953786822 0.0188616969899879 0.015651357155077 0.10937262403084 0.350006591216207 0.167505776821067
0.10109027900043 0.0928862817453299 0.358116260506817 0.134943989317553 0.136335717394037 0.176627472035834
0.0775807363222649 0.249579296591744 0.0916559962124344 0.0694064825477672 0.257619548079386 0.254157940246403
0.113380177455456 0.032253244841822 0.292016308489871 0.13033793105986 0.194476374397203 0.237535963755787
0.172620273687936 0.221392168560579 0.0534926195979401 0.139603095404868 0.204378843279911 0.208512999468767
0.0128132853968755 0.307322253258429 0.228725060722613 0.259837110420933 0.183667849250247 0.00763444095090244
0.0655543852609212 0.229060631770399 0.0965293915555063 0.204835841141621 0.199659676932593 0.204360073338959
0.0435072474413573 0.0291659648117928 0.29252839678123 0.243723684586713 0.195316100044581 0.195758606334325
0.368845271927798 0.257255995398886 0.000824683483471112 0.270339692480927 0.0114597691511999 0.0912745875577188
0.340564882026944 0.00839144358753474 0.114524912575539 0.0283130936704073 0.231183618907103 0.277022049232472
0.201022339266931 0.138390149094154 0.117399755170679 0.178708684568195 0.188207421465699 0.176271650434342
0.259313241322385 0.0524332441056568 0.109014349384835 0.288263988208199 0.250849242089345 0.0401259348895787
0.187515263757692 0.0335801692619388 0.0728911734641458 0.196419626394674 0.254279333260129 0.255314433861421
0.295170260133979 0.111585796568234 0.278906442285529 0.0875540282255349 0.174103826118274 0.0526796466684489
0.125431853260902 0.189518472685051 0.159376216396569 0.22880396340474 0.138641525518236 0.158227968734501
0.245975068653092 0.270906576310598 0.149539606125578 0.123287064416359 0.161428426156439 0.0488632583379342
0.172611543282134 0.0103507697113149 0.377170513211984 0.0616721379146914 0.311918488864432 0.0662765470154443
0.0203785884026122 0.201637256317334 0.248165340494894 0.159446600173276 0.270837895290446 0.0995343193214377
0.181578874348526 0.201908422443168 0.269594115630959 0.14278397194468 0.187178363061349 0.0169562525713177
0.212678848421197 0.0552363891994368 0.207266143862607 0.177331906673068 0.214987940184404 0.132498771659287
0.148879902655802 0.0385749492091266 0.23524384985042 0.143084872641479 0.268648964045529 0.165567461597643
0.365833440549327 0.0277831981833634 0.305244440957636 0.230656681907005 0.0102067738348868 0.0602754645677822
0.207028065997174 0.135000457859601 0.241762441935805 0.0746064173943326 0.19104108639764 0.150561530415447
0.271121729254608 0.0598081243521571 0.106777597222156 0.169442494786194 0.225320494076562 0.167529560308323
0.0789008138056599 0.283798380739123 0.0960145465434686 0.0499211168578437 0.266121585645782 0.225243556408122
0.171644215786466 0.344982275301855 0.073051130875918 0.110603643744974 0.0600539482599105 0.239664786030876
0.263270377902493 0.168620360882522 0.166217398654261 0.209365543731431 0.0547785196481851 0.137747799181108
0.0846175911267278 0.0136368550176033 0.326450279055671 0.155278488657967 0.229541183192955 0.190475602949076
0.098402468577298 0.121569315002813 0.0472726313808993 0.337075981717364 0.283480457051497 0.112199146270129
0.0269139738233092 0.184992285757981 0.361918396964537 0.0331474040219727 0.264169414797875 0.128858524634326
0.238165998643306 0.238493744426322 0.191740652470147 0.0125284792232106 0.106332835181546 0.212738290055469
0.265346729153283 0.141728928538442 0.160200290901707 0.193543877187155 0.0504141703529605 0.188766003866452
0.342898592555744 0.0179121366041775 0.207946097177561 0.188582782403874 0.0849860579838986 0.157674333274745
0.240443551275953 0.14700142798741 0.221795599809188 0.174507976984725 0.202595921730547 0.0136555222121761
0.0662002547629696 0.292320661392305 0.101376905505261 0.200742582702898 0.143508836902815 0.195850758733751
0.0407635837936571 0.13369108164254 0.297509901422318 0.245936800345354 0.191411816210474 0.090686816585658
0.307789261438913 0.238857952933788 0.231374795238087 0.0379514056366834 0.0742937014271002 0.109732883325429
