0.0932618234722715 0.236294973158807 0.410380694875412 0.26006250849351
0.0800550754104925 0.536934285236822 0.28478152777362 0.0982291115790659
0.392584473261094 0.411171961572518 0.0684614057393398 0.127782159427049
0.0760882249899474 0.230884659683498 0.625045930343691 0.0679811849828636
0.446745967322457 0.447740623709165 0.0683976812915887 0.037115727676789
0.524967870926077 0.251092039259183 0.132193485216733 0.0917466045980079
0.266681954480971 0.131357498961258 0.331874921106493 0.270085625451277
0.163158185348588 0.296433298656559 0.300794524297903 0.239613991696949
0.221118234140563 0.362082563455171 0.248174977938962 0.168624224465304
0.50897609529928 0.242019200755358 0.0804647151070835 0.168539988838278
0.257445638905886 0.525899602668433 0.142837931267755 0.0738168271579253
0.176983960369284 0.294598769181799 0.159882129826776 0.368535140622141
0.281151202995566 0.301347962133038 0.183904717577277 0.233596117294119
0.282507710955399 0.3418478606291 0.171565873053995 0.204078555361506
0.0679370977604477 0.279073450289526 0.322424704179372 0.330564747770654
0.0564226486351949 0.189500113289295 0.380005415948288 0.374071822127222
0.318534439411607 0.103270517007616 0.341137567855882 0.237057475724895
0.291228262520405 0.245201208004389 0.444780797469937 0.0187897320052682
0.304954925945511 0.340028620123761 0.152117059294138 0.20289939463659
0.240688771330734 0.228024346638593 0.153166415676301 0.378120466354372
0.17426233942567 0.309651935526184 0.167092091850978 0.348993633197168
0.0427824648978114 0.232740711260595 0.635752658300165 0.0887241655414282
0.190143293984194 0.250621015704916 0.108961450969594 0.450274239341296
0.348855468321166 0.0537932398069568 0.0969575013704703 0.500393790501407
0.0986346513452385 0.200079030477706 0.362892727695385 0.33839359048167
0.135854327295842 0.45504820249557 0.179138977198764 0.229958493009825
0.359112980470979 0.280622413968052 0.236807921823872 0.123456683737097
0.419118269617947 0.024327562088646 0.220851325056502 0.335702843236905
0.598189714168966 0.233301437635024 0.0277897761263394 0.140719072069671
0.233001596028403 0.213243896569713 0.280875769140425 0.272878738261459
0.392770653183454 0.423769022189719 0.0939993200921591 0.0894610045346678
0.154462902136559 0.300834306302034 0.263951933385802 0.280750858175605
0.066451860666859 0.306655726533627 0.0862476009295204 0.540644811869993
0.080952993310557 0.0668843128328845 0.536860832077753 0.315301861778805
0.116494933378203 0.374881054391283 0.152649410762137 0.355974601468378
0.301781180437732 0.139810340141329 0.189004668613984 0.369403810806954
0.348972568145264 0.335232299602824 0.308532603548519 0.00726252870339346
0.242635731000704 0.262367713877524 0.261627363757944 0.233369191363828
0.387699487589358 0.40997501652076 0.021962417966021 0.180363077923861
0.38951998984036 0.0102368212659281 0.49356366026387 0.106679528629841
0.00422533357565623 0.281369719599907 0.21743093988265 0.496974006941787
0.651610110644337 0.016945003936345 0.0742852364976613 0.257159648921657
0.244051505804991 0.285352210174474 0.109290638137053 0.361305645883482
0.29375339337663 0.13900382199532 0.203637372834899 0.363605411793152
0.396676358024443 0.142161114147717 0.129505870708843 0.331656657118996
0.529448876810219 0.161822829858794 0.106825723528048 0.201902569802939
0.428101158447033 0.0286505590662802 0.484668808319801 0.058579474166886
0.223844360050445 0.419576311034677 0.228866171490983 0.127713157423896
0.506129076100568 0.12517209064168 0.0418485397291822 0.32685029352857
0.300804579009019 0.2940215494404 0.303368559410687 0.101805312139893
0.383649839098649 0.0481469460338359 0.534820096792038 0.0333831180754771
0.215799011246193 0.300106291208814 0.292278704682085 0.191815992862909
0.45307408896476 0.129382932270223 0.205937751849984 0.211605226915033
0.518381928740542 0.153684661553363 0.0356074055773784 0.292326004128716
0.00161993517589888 0.254050283805589 0.39033279629081 0.353996984727702
0.327228390076371 0.286670153254187 0.0551108195024957 0.330990637166946
0.208993941671261 0.295040569147584 0.305019307556938 0.190946181624217
0.469095965582331 0.324538546452817 0.104773386465106 0.101592101499746
0.308109401039342 0.203240516870865 0.314575182274712 0.174074899815082
0.149059640171487 0.164933467464275 0.206763328776896 0.479243563587342
0.316918939802248 0.198069848082648 0.182456965219751 0.302554246895353
0.262963266529939 0.0319535914082996 0.280782872606916 0.424300269454846
0.333024617865653 0.297951890464528 0.136837642585485 0.232185849084334
0.0809630837974439 0.00488783845901101 0.359312841886027 0.554836235857518
0.294015672445977 0.272897229275198 0.154720794325609 0.278366303953216
0.271232509856748 0.161044236550848 0.264251807686825 0.30347144590558
0.244349213377191 0.228582616433529 0.266816378149651 0.26025179203963
0.681315027646792 0.00128885479491865 0.268743659875361 0.0486524576829289
0.150034713396732 0.061060250435001 0.371435448612734 0.417469587555533
0.459693584623791 0.349845104651078 0.0331438036979493 0.157317507027182
0.269271914236149 0.347105183532456 0.0415530909643186 0.342069811267076
0.301178036042351 0.341990899382631 0.188518521782182 0.168312542792837
0.0982446259512492 0.465439694281468 0.407591523946269 0.0287241558210143
0.283942477207475 0.429078548199954 0.123872000989937 0.163106973602634
0.244817603219687 0.374878910022186 0.0238014556484539 0.356502031109673
0.32762643577627 0.399054467989539 0.103337272866735 0.169981823367456
0.225484144152734 0.161934679716061 0.087820416595227 0.524760759535979
0.0420123776514602 0.431306380530845 0.312019642241104 0.214661599576591
0.147094159085799 0.309705679824179 0.376009695264708 0.167190465825314
0.220831197685853 0.4629560902642 0.0412601163434491 0.274952595706498
0.467676412093515 0.0546126033952093 0.395570534729677 0.0821404497815988
0.446955447860493 0.12041588877018 0.246617254069072 0.186011409300255
0.102738384009768 0.156793958909343 0.421929315408388 0.318538341672501
0.281924028515762 0.377155347291666 0.172608126670187 0.168312497522384
0.258250098113638 0.355043182459048 0.068236202846695 0.318470516580619
0.0581264354184405 0.228372437446577 0.254105745233068 0.459395381901915
0.073448500996393 0.372996189036437 0.491959175029683 0.0615961349374874
0.00189438473974922 0.376199713000736 0.322574668340027 0.299331233919488
0.382546615754872 0.102961167118539 0.232041796529237 0.282450420597352
0.189703435488383 0.265992827524645 0.304130530839081 0.240173206147891
0.112669396022288 0.0142279260997153 0.481156122618931 0.391946555259065
0.204507307532619 0.581056901123298 0.042613895127931 0.171821896216152
0.325262315522727 0.128243985867535 0.322527409291434 0.223966289318305
0.293738291295109 0.285436678025377 0.172368161772765 0.248456868906749
0.528168271472112 0.00801112700846301 0.300121335018036 0.163699266501389
0.429150371914002 0.459898483804297 0.0880962246042125 0.0228549196774888
0.384652054583095 0.136315838378297 0.116679647881873 0.362352459156734
0.0908278279886439 0.409190263527981 0.152801004205339 0.347180904278037
0.127866110642916 0.373000645583866 0.312225636099524 0.186907607673694
0.360043236732475 0.0811275895160947 0.140318350446422 0.418510823305008
0.232350629636317 0.267746155612759 0.194957918229655 0.30494529652127
0.149730827722332 0.256904333472001 0.287473251222005 0.305891587583661
0.0534192236790683 0.130353251890724 0.364856758352442 0.451370766077766
0.260136728853084 0.224968648438617 0.125757463556617 0.389137159151682
0.0608015609928423 0.42090059292318 0.186678104005292 0.331619742078685
0.307782273058599 0.21072883509103 0.465901094960247 0.0155877968901235
0.0362966148863333 0.319430129601575 0.345977508710012 0.29829574680208
0.393709250564873 0.127005552432219 0.271771073793769 0.207514123209138
0.346976405643181 0.282467003137383 0.30542377505703 0.0651328161624062
0.288344815476242 0.292177683658284 0.116589638674802 0.302887862190672
0.230423050017301 0.29466614594154 0.137419903598818 0.337490900442342
0.114280781935777 0.133266524476367 0.375440686207779 0.377012007380076
0.163913018082198 0.288970399373084 0.2727694732974 0.274347109247319
0.00134823714589203 0.477269414296236 0.408221818412361 0.113160530145512
0.244928882785033 0.319706859441152 0.131097419848577 0.304266837925239
0.437720921763143 0.0617222841177453 0.219643349868216 0.280913444250896
0.338594857056276 0.0562223580834218 0.299416739061065 0.305766045799238
0.128893636021457 0.432840009004168 0.137387790817603 0.300878564156772
0.13158086892073 0.343922584200291 0.254378539878938 0.27011800700004
0.213858703963002 0.272710637251742 0.253633064771196 0.25979759401406
0.351166384545573 0.29216684420699 0.353441636786865 0.0032251344605719
0.264571271908832 0.23741621654524 0.344553527146245 0.153458984399683
0.0235711767296418 0.494523599854643 0.396465748469179 0.0854394749465358
0.146197857253853 0.262969439446673 0.255882405222013 0.334950298077461
0.298306546292938 0.194111726700425 0.161546331386112 0.346035395620525
0.0224105924179689 0.227122078595802 0.33245911183815 0.418008217148079
0.335313767177136 0.323936148301437 0.090672057301514 0.250078027219913
0.4628517677807 0.232184222168971 0.126521816427459 0.17844219362287
0.375302118855734 0.110204331511 0.158981258700062 0.355512290933204
0.28095429231501 0.174735234523559 0.441644082780846 0.102666390380585
0.332431701349929 0.279761494265688 0.212913227719648 0.174893576664734
0.0279543071471503 0.391479350599733 0.151664610815278 0.428901731437839
0.163571488383426 0.355847477112107 0.184248536015277 0.29633249848919
0.189700454387183 0.457553508533132 0.261639536663853 0.0911065004158319
0.250189070901493 0.427307709258558 0.124147249924971 0.198355969914977
0.397533549140762 0.0753538152841861 0.359174199635178 0.167938435939873
0.159317551184569 0.467144428996822 0.186101165319977 0.187436854498632
0.36887380786673 0.0904002208708345 0.219740800912466 0.32098517034997
0.453621815489337 0.280866519179344 0.256598035396023 0.00891362993529661
0.11264162230854 0.268633266534077 0.314347324244581 0.304377786912802
0.117416384397992 0.257233505663705 0.117249983443073 0.50810012649523
0.396904888337393 0.121521260440809 0.283515590709094 0.198058260512704
0.205919019692439 0.477039403577907 0.193936737535095 0.123104839194558
0.0865137172202078 0.327708578199863 0.262683532065741 0.323094172514188
0.164503455806617 0.334683591010113 0.241559462653034 0.259253490530236
0.450307019723588 0.12353596088046 0.0183552244487835 0.407801794947168
0.336942928304754 0.225602252941088 0.0967991650315579 0.3406556537226
0.22844854491523 0.370460003340204 0.378550295879289 0.0225411558652774
0.0816408094674365 0.463057742613595 0.388982819530274 0.0663186283886944
0.321728801546326 0.274790464736635 0.0958098754150747 0.307670858301964
0.168145817594993 0.354226515329142 0.416619180609056 0.0610084864668093
0.242005995215571 0.104129223778286 0.652164509161127 0.00170027184501586
0.317842574838754 0.173110488433687 0.303078500493788 0.20596843623377
0.15533842908545 0.303648021636036 0.211766741558252 0.329246807720262
0.440654773917124 0.287375533728885 0.134028296128693 0.137941396225298
0.302807375361993 0.170215647979276 0.374011164762648 0.152965811896083
0.278170460254222 0.288091936198232 0.34304152615796 0.0906960773895854
0.313215962905189 0.309660767701676 0.197473685923851 0.179649583469284
0.298189534532605 0.129315331674822 0.116935093611966 0.455560040180607
0.2291859552396 0.337507096787041 0.251240184884317 0.182066763089042
0.224605158236015 0.146913013676904 0.397472032755692 0.231009795331389
0.186480518562458 0.243988543289997 0.262920259821039 0.306610678326506
0.12868537746293 0.335451665284719 0.249252548235236 0.286610409017115
0.251533373307248 0.15298495043652 0.198889545385508 0.396592130870724
0.275297729963714 0.26416666556183 0.213227392451687 0.247308212022769
0.0855277623444004 0.356439322354161 0.341727820243645 0.216305095057794
0.137619464682151 0.296712944858761 0.139701855776454 0.425965734682634
0.325709428633873 0.428130398798886 0.0252810146228924 0.220879157944349
0.268001187626813 0.435564564871167 0.105443779741974 0.190990467760046
0.230683969171487 0.310030325884713 0.111271538065049 0.348014166878751
0.279353673428481 0.196582334248875 0.230080655565893 0.293983336756751
0.111099354694011 0.0793743824472483 0.430596740949067 0.378929521909674
0.29894245890116 0.310663515948081 0.24704325958546 0.1433507655653
0.300456857874744 0.1567579719922 0.253718340464901 0.289066829668155
0.287851977688729 0.11158201363359 0.14512740034551 0.455438608332171
0.473027640489646 0.0127694140543905 0.378277977949086 0.135924967506877
0.329723851219593 0.0465505954071881 0.277700220152376 0.346025333220842
0.35891016753739 0.332669861187627 0.0821770081592702 0.226242963115713
0.316697164730133 0.163568734019265 0.100750165881085 0.418983935369516
0.376805537857748 0.228962456402279 0.315783134110351 0.0784488716296218
0.35483269810847 0.226305083844758 0.329231615592995 0.0896306024537767
0.0400723354032869 0.510939226911502 0.217520443424761 0.231467994260451
0.153063849648221 0.0667010537594455 0.400064720299013 0.380170376293321
0.0889049353992557 0.0919693792806979 0.692931460424001 0.126194224896045
0.333645566238129 0.232267048628419 0.254534048578217 0.179553336555236
0.589784789627386 0.0529262824891952 0.251465037504463 0.105823890378957
0.336839413471671 0.0149865327562369 0.278819096824805 0.369354956947287
0.108952561127873 0.00755324757263247 0.0354216378312082 0.848072553468286
0.546320456205033 0.13951267462482 0.208213185212285 0.105953683957862
0.459289587102255 0.389398876879509 0.067512802901752 0.083798733116484
0.180544936781231 0.0987656087827348 0.145727728417723 0.574961726018312
0.0428430225651882 0.586178033001355 0.252676985913307 0.11830195852015
0.269876226875315 0.078955947426683 0.354583471466537 0.296584354231465
0.0540125848382326 0.165631781636024 0.0535731785208774 0.726782455004866
0.217314253768009 0.153565944507902 0.315595060192652 0.313524741531438
0.0502080249304716 0.143686335893838 0.480378797107815 0.325726842067876
0.203574958297476 0.15232491817358 0.129050257500399 0.515049866028545
0.208193695012685 0.0391465769323967 0.283629412302343 0.469030315752575
0.0292975029687478 0.580091604180127 0.387237941109193 0.00337295174193242
0.348861360754304 0.245300638772158 0.0951752864022825 0.310662714071256
0.463495659971035 0.0467740631556107 0.1966489617582 0.293081315115154
0.486235002106797 0.00122606825808403 0.35949738301843 0.153041546616689
0.323812313118076 0.0479445573101738 0.446908338656307 0.181334790915443
0.0161670457315703 0.516739610070936 0.38464260042501 0.0824507437724838
0.37352652885585 0.224441513157246 0.184592107350392 0.217439850636512
0.191749324915842 0.384766983961924 0.210529800269323 0.212953890852911
0.297558905283883 0.189275763711137 0.41902652953738 0.094138801467599
0.244485945735056 0.264988772738215 0.159148013402636 0.331377268124092
0.19463200554002 0.355088449737462 0.0475183977532993 0.402761146969218
0.348374181418456 0.292472828900461 0.342715796883206 0.0164371927978765
0.508464146413329 0.0408597940760773 0.279655431924049 0.171020627586544
0.175143373987521 0.326606431127381 0.236102632800992 0.262147562084106
0.114605672354422 0.298253663892559 0.251144346097541 0.335996317655478
0.194139353725633 0.325975543305561 0.385576866005653 0.0943082369631532
0.195717123206743 0.320928870322439 0.468555243948873 0.0147987625219445
0.0900653076340956 0.416855008725782 0.267875555867434 0.225204127772688
0.358133247182857 0.1217953633448 0.16354530781131 0.356526081661033
0.252072508626563 0.23866357737661 0.315093264487878 0.194170649508949
0.0246104872139094 0.143612759348262 0.400780286237118 0.430996467200711
0.196693180600887 0.513051442902772 0.125834136349572 0.164421240146769
0.103565511289133 0.241268770059341 0.619888586634008 0.035277132017518
0.268921231547422 0.082260418383661 0.446120763940224 0.202697586128693
0.286518065245739 0.386840389237073 0.107882747213252 0.218758798303935
0.352104896981023 0.460022945995654 0.114352126220584 0.0735200308027387
0.487353863235356 0.187321331748163 0.0185571133546027 0.306767691661878
0.107467479385065 0.368359438925746 0.123349168335413 0.400823913353776
0.0647866417681075 0.277112200902596 0.248098082766932 0.410003074562365
0.251881561935393 0.260106108580867 0.355123976051939 0.132888353431801
0.251380785733694 0.225796222258245 0.350124874222592 0.172698117785469
0.293949470231261 0.153874406252724 0.0147047098501405 0.537471413665875
0.435334480428516 0.227543180589431 0.155963027150567 0.181159311831486
0.300716359016277 0.260657203623744 0.121980497577596 0.316645939782383
0.181606417817371 0.293507387632851 0.317358569894213 0.207527624655564
0.149934401226764 0.388158954520714 0.0465091480060446 0.415397496246477
0.256255524519942 0.269169174768067 0.292481083908867 0.182094216803124
0.524920534116051 0.110394919444042 0.174382903162988 0.190301643276918
0.278717301424743 0.404356840457269 0.173407303576883 0.143518554541105
0.0786995554612269 0.189967466789377 0.395245235601728 0.336087742147668
0.0809801636869874 0.404324009783757 0.387352186755209 0.127343639774046
0.30446165387062 0.170713208050112 0.319125807424696 0.205699330654572
0.365010132329133 0.284530079676434 0.34774071379957 0.00271907419486339
0.0488724097588817 0.0367953732587715 0.792577296188667 0.12175492079368
0.0705781580125443 0.396194016990692 0.386709615640234 0.14651820935653
0.371699220935783 0.283490436681338 0.240585431890326 0.104224910492553
0.361809451742036 0.257418377127189 0.196021014546419 0.184751156584357
0.428865986409711 0.328495065918769 0.175199152070952 0.0674397956005671
0.399068829134992 0.281106947363194 0.231068842842086 0.0887553806597281
0.319676260889516 0.215959324647241 0.309458651039835 0.154905763423407
0.224377911209927 0.378106494601092 0.122317388419256 0.275198205769726
0.317711779663474 0.30067607474549 0.371317428835139 0.0102947167558971
0.319662970225161 0.197928652495636 0.0700615568129233 0.41234682046628
0.260760334111668 0.238594955763461 0.215638400368664 0.285006309756207
0.331101698915207 0.201030531263378 0.20965180173546 0.258215968085955
0.417451009891632 0.0955164342118749 0.131631531732147 0.355401024164345
0.199781646215011 0.259779407912531 0.250064879989088 0.29037406588337
0.555726179326763 0.18247238045426 0.17439173457365 0.0874097056453269
0.0281221333647026 0.424764247440075 0.171882478190786 0.375231141004436
0.23063307320632 0.132987128250302 0.456493559814701 0.179886238728677
0.0391468235156646 0.423036308578122 0.314241671214174 0.223575196692039
0.477968834182491 0.065647963485583 0.422180226776156 0.0342029755557695
0.0642312406160386 0.429292451777516 0.493782301624791 0.0126940059816539
0.149791561771408 0.247953508556294 0.0667033497266611 0.535551579945637
0.148057738006485 0.233251860902918 0.235677923623588 0.383012477467008
0.262867120533276 0.064381511278939 0.312630352275536 0.360121015912249
0.174831513261154 0.0739738007330877 0.154332469083904 0.596862216921854
0.419545860225747 0.0939416369700324 0.351345467826565 0.135167034977656
0.254646679235724 0.248907635538195 0.117914712670039 0.378530972556043
0.392618199774004 0.0935842293182225 0.311506182197898 0.202291388709876
0.407254714399811 0.22742220919404 0.12398324948376 0.241339826922389
0.29503596387981 0.220836322371707 0.110459887494763 0.373667826253721
0.256030032775279 0.0554399545672186 0.250083093191771 0.438446919465731
0.47242387299292 0.248159043958024 0.0540783663157922 0.225338716733263
0.441817430783788 0.346389262385698 0.120506991176296 0.091286315654219
0.402197524896177 0.277758094349194 0.023608134843397 0.296436245911232
0.272357147555983 0.258301963473612 0.28605709346809 0.183283795502315
0.221335924331928 0.0612336728487413 0.254498960014431 0.462931442804899
0.299613855563591 0.522066239213308 0.0122840595653005 0.1660358456578
0.00519155179857071 0.0828170382477166 0.660086516142254 0.251904893811458
0.412214170239582 0.368698999162719 0.11147374850907 0.107613082088628
0.269913449813493 0.382620079027573 0.118451492046448 0.229014979112486
0.393578365395876 0.328196067995572 0.084772994007083 0.193452572601469
0.220416823652322 0.0703763429708769 0.529260208142518 0.179946625234283
0.496404746269023 0.347436021766588 0.00441805381028822 0.151741178154101
0.427090099660361 0.201994090734872 0.0773698069083438 0.293546002696423
0.290361765664905 0.282039858754008 0.246628828192075 0.180969547389011
0.390067524168128 0.293408128722742 0.0507015965391495 0.26582275056998
0.23676459903502 0.145255757982746 0.380274610853006 0.237705032129228
0.583129572214722 0.326192989931415 0.0251207869125171 0.0655566509413462
0.272196280961976 0.140890920444173 0.196173179481513 0.390739619112339
0.38267971027389 0.186201339310786 0.158683369279437 0.272435581135888
0.39434380052608 0.120880436660602 0.343941491070062 0.140834271743256
0.409250564227985 0.409770731759768 0.0887481773857496 0.0922305266264974
0.111575030818543 0.449464473332862 0.280297499961002 0.158662995887593
0.219563979180018 0.480365426053738 0.0503926962307104 0.249677898535533
0.200042162770576 0.261957564482351 0.216591818176281 0.321408454570792
0.366726787191754 0.266578374752107 0.339655460138385 0.0270393779177551
0.167165747214406 0.322928711713282 0.0926117247294627 0.41729381634285
0.334782008658544 0.233511813459365 0.426328683191534 0.00537749469055768
0.00764685263962448 0.0901723830833278 0.291117311297141 0.611063452979906
0.381536038418403 0.0443302429211032 0.351695345917731 0.222438372742763
0.385207134187229 0.0453215221265021 0.283854919285584 0.285616424400684
0.127234221155939 0.39639527877281 0.383321655387553 0.0930488446836985
0.630917684117791 0.343675159586637 0.0215846961555614 0.00382246014001112
0.0823641441356116 0.391967048005531 0.285667994809088 0.240000813049769
0.154694405121367 0.110238599711717 0.429413360291211 0.305653634875705
0.295354484112282 0.36690871205333 0.0534884127050987 0.28424839112929
0.173801989890452 0.431419042585955 0.219211793992094 0.175567173531499
0.0178645124986703 0.535309848542474 0.0889872620237652 0.35783837693509
0.191434500382227 0.19280615827813 0.447598049189759 0.168161292149884
0.197851066483115 0.342805305822253 0.340055926041448 0.119287701653184
0.210165011872981 0.265295300520129 0.501337153340734 0.0232025342661562
0.207252616945156 0.339385039289335 0.0165017892410109 0.436860554524498
0.411129151929174 0.14414382674288 0.333960330130365 0.110766691197581
0.0828484647901296 0.244103219717519 0.296036142192241 0.377012173300111
0.412860988698471 0.379052852713978 0.192044912092293 0.0160412464952581
0.13856627253898 0.259652857618933 0.322467876705039 0.279312993137048
0.384409481609693 0.0855819420041053 0.294564954586628 0.235443621799574
0.153159312624771 0.343895529644981 0.118601613434894 0.384343544295353
0.243722042716817 0.250816661990289 0.255576194633543 0.249885100659351
0.42383303764734 0.0503658230222077 0.203560141857919 0.322240997472533
0.192482424315782 0.407435306226095 0.142984250002564 0.257098019455559
0.310336806625644 0.282251546066139 0.37075785786584 0.036653789442377
0.371245169519438 0.290568446104384 0.315881868196378 0.0223045161797996
0.460551383852605 0.341693428528997 0.0467560729602901 0.150999114658107
0.0499009448315135 0.208592836263045 0.425619848565134 0.315886370340308
0.14512133272044 0.296128646930903 0.276643657207605 0.282106363141052
0.0877487540769677 0.211906730928681 0.309183928428076 0.391160586566276
0.361388284202907 0.348531033487731 0.0932550686193869 0.196825613689974
0.18797095281183 0.321731828617694 0.0120192746668833 0.478277943903593
0.402127781146338 0.0733826801329796 0.272252079191767 0.252237459528916
0.0499936388584837 0.169684252687228 0.378242951768333 0.402079156685955
0.266204424570501 0.350495393991671 0.301028631085188 0.0822715503526402
0.332109156599901 0.313823710164773 0.0973919934065346 0.256675139828791
0.162526387392056 0.413998199477964 0.257232046967615 0.166243366162365
0.658094077842432 0.172893610423882 0.0794085271890271 0.0896037845446594
0.136385611455154 0.143987209698558 0.602471121906599 0.117156056939689
0.121692692929914 0.297255104836321 0.169426263250968 0.411625938982797
0.0987216336951456 0.419838943953007 0.176354958194574 0.305084464157273
0.285976158939454 0.098156719095847 0.371975348558492 0.243891773406207
0.0240125765079382 0.554933915089766 0.156485556417704 0.264567951984591
0.466572898950583 0.174601136305666 0.00734108100513367 0.351484883738618
0.486762693197816 0.329489145836057 0.0758419551437356 0.107906205822391
0.491263293844663 0.332907213756372 0.0111561058272015 0.164673386571764
0.0603810015641793 0.388699387011488 0.131419599254916 0.419500012169417
0.379566004605584 0.226437232438038 0.00121197831385403 0.392784784642523
0.0975500670058848 0.37845946006177 0.362660339499865 0.16133013343248
0.1515936203564 0.0911834628222453 0.140549235460699 0.616673681360656
0.423208038463772 0.399044652259644 0.15566767648761 0.022079632788974
0.08339457955283 0.333546881569476 0.350968604692848 0.232089934184846
0.380359028167654 0.165894331585905 0.404383054287116 0.0493635859593241
0.0985697847782133 0.356146922428777 0.207181304404168 0.338101988388842
0.287779238270073 0.209757300162495 0.440242106839671 0.0622213547277608
0.0549015803153139 0.162610428344243 0.091714222782044 0.690773768558399
0.504766954042491 0.242654867172762 0.00776477882782677 0.24481339995692
0.0850546147565739 0.170559170860946 0.354577793589249 0.389808420793231
0.122144259162889 0.25789814324185 0.349067740332414 0.270889857262846
0.292830359639769 0.277677496280516 0.278707790722431 0.150784353357284
0.373637415390756 0.19976558748628 0.120087034202118 0.306509962920846
0.22059932934171 0.251947510975829 0.150309283033123 0.377143876649338
0.294767158956775 0.140227297281592 0.285271046880263 0.27973449688137
0.227278504365362 0.321040516075191 0.281474247970986 0.170206731588461
0.379530376953956 0.0966771696399665 0.400698449980139 0.123094003425938
0.329223556252149 0.301952873495138 0.13180700331149 0.237016566941222
0.0795303243347748 0.362505517344553 0.347269885056265 0.210694273264407
0.0443178531380952 0.154772215501159 0.186554671349805 0.614355260010942
0.17116159556419 0.1902306738549 0.187056926175916 0.451550804404994
0.385039014027688 0.193918970134149 0.104592877362914 0.316449138475248
0.372599241578813 0.0151948039711868 0.36506466278571 0.24714129166429
0.154139179948325 0.333341474943526 0.212216861814689 0.30030248329346
0.157426317642165 0.194693638640775 0.349630305067645 0.298249738649415
0.282669859355075 0.159215295267525 0.327875945536071 0.23023889984133
0.375478715743078 0.221670710323786 0.0580922512855762 0.34475832264756
0.0518209272480622 0.380945850374349 0.222985113989988 0.344248108387601
0.00893267603314469 0.366099476592604 0.354828494106006 0.270139353268245
0.0172158029518691 0.0174682065528764 0.595058469426882 0.370257521068372
0.273181043062533 0.141562722562256 0.146825791304094 0.438430443071117
0.122693959295704 0.285615376522434 0.332420371829922 0.25927029235194
0.292228000085565 0.190521810945486 0.246352618304521 0.270897570664427
0.335611922579462 0.058090586104792 0.313622093812297 0.292675397503448
0.279330111238255 0.121416096563123 0.571240238676442 0.0280135535221809
0.017384838462072 0.353083787953354 0.307483856516229 0.322047517068345
0.347952706978435 0.338464748890709 0.305044398597287 0.00853814553356983
0.325901464886914 0.124864966565841 0.446242585663402 0.102990982883843
0.377054927206758 0.0230382381645557 0.0193571254746206 0.580549709154066
0.125092297338496 0.316102173148473 0.331113300802947 0.227692228710084
0.185213132727805 0.232170926059147 0.335725955918496 0.246889985294553
0.151163703093629 0.394290358426437 0.199973339286544 0.254572599193389
0.46111508087563 0.225229449942668 0.100501104711902 0.2131543644698
0.40164048186774 0.0727252887662805 0.426204889325808 0.0994293400401712
0.202471142709261 0.13764387386338 0.471113792329794 0.188771191097566
0.281088589249525 0.154089399712976 0.125159221871305 0.439662789166193
0.357035991005544 0.0339807794294495 0.373729168876357 0.23525406068865
0.360738565167914 0.317897864423309 0.0961547831117487 0.225208787297028
0.59763618449632 0.016705908821104 0.0676637867505214 0.317994119932054
0.297914049712055 0.307535032748009 0.180930902272261 0.213620015267675
0.224742791424293 0.219238410099916 0.157779270353706 0.398239528122085
0.278994647685152 0.377407891113468 0.0540541573186925 0.289543303882687
0.306546768385195 0.168290046510411 0.283622309806397 0.241540875297997
0.173835797913941 0.333384625547852 0.222271409404513 0.270508167133694
0.216273438078336 0.332633614782655 0.420959447104097 0.0301335000349113
0.0955845385711811 0.378925469700802 0.404561491460418 0.120928500267599
0.214834586746607 0.362187963529588 0.295616597692633 0.127360852031172
0.158182412447025 0.32792595499929 0.217350896725855 0.29654073582783
0.266047043105831 0.111865388109245 0.405720798128284 0.216366770656639
0.469331059358605 0.399974500766608 0.0350556792672147 0.0956387606075715
0.111318358151503 0.243064557474707 0.236838151137921 0.408778933235869
0.269265511234793 0.136026630742522 0.347703007068695 0.24700485095399
0.456801735327748 0.408534533001116 0.0412551183354477 0.0934086133356879
0.0494601782053617 0.283537766707882 0.250740098246865 0.416261956839891
0.431674278239416 0.265281977772169 0.197323606520414 0.105720137468002
0.0470241960190491 0.372796148212327 0.240502486715758 0.339677169052866
0.241080569468407 0.302960666205872 0.215359446664435 0.240599317661286
0.425708174316494 0.147887588837152 0.300999012086709 0.125405224759646
0.0281008676483073 0.357265879458557 0.266139707513266 0.348493545379869
0.00546450816146436 0.238057970070396 0.375281499812617 0.381196021955522
0.342847187560561 0.313131636005623 0.00454342670026288 0.339477749733553
0.34748322329743 0.355128643013908 0.147631739003898 0.149756394684764
0.237858746759605 0.233213066114512 0.201778355458526 0.327149831667357
0.200597405914608 0.387053307400475 0.335366669181164 0.076982617503752
0.151215879228959 0.269119032468799 0.0901593529937048 0.489505735308538
0.327239019397005 0.357493385234179 0.0105698672272563 0.30469772814156
0.242466712910234 0.299074222033186 0.366701551634392 0.0917575134221871
0.533052708184425 0.336150580474188 0.0677469968667366 0.0630497144746505
0.254548737685339 0.10001882255588 0.415803583944199 0.229628855814581
0.205954757693293 0.456417935425006 0.140757268311727 0.196870038569973
0.159030024825397 0.209419357891391 0.145089962241144 0.486460655042067
0.288490191646709 0.108214660990125 0.559333558454861 0.0439615889083049
0.254058009444851 0.217147233969632 0.266071352242019 0.262723404343497
0.573877705246892 0.0143044131164754 0.202017079221574 0.209800802415058
0.337327372689374 0.453527808818198 0.199926347620633 0.00921847087179504
0.461055270775185 0.0709405985873789 0.218139246779385 0.249864883858051
0.0659895881273631 0.440606639145845 0.298730877470189 0.194672895256604
0.382965706767121 0.370607309197685 0.187049089063248 0.0593778949719458
0.0697222146454467 0.494652902924684 0.258692826243227 0.176932056186642
0.0803452331248958 0.457439816025659 0.286744246283343 0.175470704566102
0.474439784374771 0.335674912939659 0.179409765553749 0.0104755371318207
0.749802802147301 0.0508275178785518 0.100636602676849 0.0987330772972981
0.356765576582157 0.325658514923666 0.215405262038821 0.102170646455355
0.180983552315115 0.38679759944892 0.208268309060936 0.22395053917503
0.0449263648525734 0.206547574095225 0.36110874934706 0.387417311705142
0.371524223340353 0.285195381353113 0.333526653024478 0.00975374228205638
0.326355974160289 0.132717829903872 0.347936190934601 0.192990005001238
0.0547291944677922 0.206624672800458 0.264917530285018 0.473728602446732
0.40260793157865 0.0908548377328599 0.239866799786942 0.266670430901547
0.230387997285026 0.286234929901794 0.428849410077244 0.0545276627359367
0.0834618692731677 0.630370394944999 0.194874359110283 0.0912933766715506
0.145648652695686 0.294107926848108 0.0269333757641943 0.533310044692011
0.13231918057609 0.119882289851257 0.363920286023919 0.383878243548734
0.215876872206826 0.376902543686765 0.105335330314337 0.301885253792071
0.290909468093794 0.341549387592707 0.0509976974309639 0.316543446882535
0.214928990739515 0.250404365890749 0.237091355800855 0.297575287568882
0.293671945010101 0.257114315232932 0.249847026649844 0.199366713107122
0.381793496200645 0.131539936929148 0.0215491399404376 0.465117426929769
0.240586459424441 0.134809657623108 0.344103028283424 0.280500854669027
0.282747186222678 0.336361121215951 0.373235947066065 0.00765574549530609
0.266970185954873 0.247898594136532 0.170178391357153 0.314952828551442
0.103210722603003 0.295195096684568 0.333649741741225 0.267944438971204
0.576415198961685 0.0290488845857044 0.0123068739717788 0.382229042480832
0.254760863614655 0.385880899095441 0.278716629359956 0.0806416079299482
0.200934867133337 0.457688634578337 0.166947994226097 0.17442850406223
0.547639607108076 0.195662235620743 0.0148303311930417 0.241867826078139
0.0840986566229195 0.148591525447208 0.122915241149622 0.64439457678025
0.300427330858973 0.0674297851912474 0.115596395126228 0.516546488823551
0.0690399795492682 0.327230832316712 0.387680677808127 0.216048510325893
0.265406366018981 0.107029817475762 0.283432391053886 0.344131425451372
0.0155374276204634 0.402787369307011 0.408973400263651 0.172701802808874
0.0615344067757089 0.329349052381343 0.311281396054042 0.297835144788906
0.133807935284368 0.119189038656324 0.569009423046227 0.17799360301308
0.170844715444321 0.155869437159808 0.406670725713818 0.266615121682052
0.123404910513527 0.153203726835642 0.518680447874529 0.204710914776302
0.426562476195172 0.0161736126473686 0.150927197977828 0.406336713179632
0.357288031936414 0.29139409351492 0.274482371634339 0.076835502914326
0.147892804678042 0.444575395075967 0.378724513442694 0.0288072868032966
0.178036834645726 0.0478004715327455 0.546280440198456 0.227882253623072
0.263457706096515 0.367257530042906 0.0290403022364855 0.340244461624094
0.358902934094439 0.121903971881649 0.191407681070246 0.327785412953666
0.188278688742552 0.345460504541005 0.139615288121722 0.326645518594721
0.078946827140846 0.456581641154459 0.27606757839131 0.188403953313385
0.0560732680574589 0.430953977387808 0.048371065954297 0.464601688600436
0.172770678461883 0.113326621855541 0.595411404319347 0.11849129536323
0.306204420727078 0.0941459368062124 0.262340166587243 0.337309475879467
0.613233833655716 0.193266152294802 0.0247318310506763 0.168768182998805
0.0874452235851546 0.268004991529053 0.372267566111441 0.272282218774352
0.119537403567465 0.177305693855986 0.381656397346206 0.321500505230343
0.177547517994797 0.10861276882996 0.104776256824901 0.609063456350343
0.39380048701726 0.257942715509466 0.329426650244032 0.0188301472292412
0.313883552002734 0.0495605238488072 0.335290576278822 0.301265347869636
0.252352637828309 0.383456574061697 0.243186906177006 0.121003881932988
0.281119663597516 0.204582583048677 0.289982942902275 0.224314810451532
0.281222922246698 0.359687240248499 0.232880050284251 0.126209787220552
0.422068456837979 0.401626833337775 0.0682098902516978 0.108094819572547
0.150382223167387 0.288111055355319 0.23262939286871 0.328877328608583
0.385572968209113 0.285979185459444 0.258317771340731 0.0701300749907117
0.145553005777965 0.409082062877646 0.0301439514869758 0.415220979857413
0.287237421718614 0.396856977416768 0.296057326377109 0.0198482744875092
0.251368863940252 0.221573778263198 0.521436841969443 0.00562051582710751
0.279543526959198 0.273850455457498 0.303001751526092 0.143604266057212
0.34449510193623 0.237425871929895 0.193855200838889 0.224223825294986
0.0229219919480364 0.241871099488886 0.443738167829347 0.29146874073373
0.123542120994468 0.234245551878369 0.397867399234166 0.244344927892997
0.359794417632268 0.135988230421263 0.35998960724645 0.144227744700019
0.183064097011867 0.41514378593929 0.342752612211096 0.059039504837747
0.136563468501446 0.200031704387815 0.296109034960595 0.367295792150143
0.293170566296328 0.0338378017328656 0.25991188965549 0.413079742315316
0.331903545470109 0.18754095680401 0.114967265127975 0.365588232597906
0.104757016649041 0.377862993716495 0.0976094948976347 0.419770494736828
0.242157430787532 0.355313365175997 0.31031004131523 0.0922191627212412
0.336699553415685 0.398698177450015 0.214363859691467 0.0502384094428334
0.00958917440019793 0.135180281144298 0.627873790518192 0.227356753937312
0.356669329335572 0.20822339766175 0.133119049753135 0.301988223249543
0.0113098529656854 0.132683180424472 0.127038344847439 0.728968621762403
0.222728403180226 0.307148555360042 0.089264826828785 0.380858214630947
0.412328721790607 0.149062320903371 0.0620139460810706 0.376595011224951
0.0378961322440971 0.35163944822625 0.271935512777153 0.3385289067525
0.364735735143028 0.358054195685583 0.0845388899952555 0.192671179176133
0.252967151619766 0.325142895895361 0.22347100399775 0.198418948487122
0.317559749442807 0.410899785984374 0.209583532985858 0.0619569315869612
0.277264738123784 0.206621423443399 0.244468265044864 0.271645573387953
0.478764599285366 0.430954627092468 0.036925732807199 0.0533550408149671
0.178513485999901 0.110943550936311 0.282990435361178 0.427552527702609
0.564075750204857 0.393538448942765 0.0196256680228666 0.0227601328295118
0.119106638058872 0.141614428723788 0.470915719686888 0.268363213530452
0.387810490309932 0.0616673504948479 0.293705370237627 0.256816788957593
0.181678002105476 0.293745594687664 0.312180594916377 0.212395808290483
0.0166622364770129 0.440785947029496 0.0643684789925043 0.478183337500987
0.0454036688714959 0.0600166617631004 0.728062807643922 0.166516861721482
0.39639928333162 0.192603886267954 0.0962429613405019 0.314753869059924
0.150078610423759 0.266333858175311 0.289819542118838 0.293767989282091
0.147836629845726 0.320504157500212 0.244800647349805 0.286858565304257
0.354391650350935 0.266342228581249 0.0784240706091069 0.300842050458709
0.19223153887923 0.237279478243506 0.0994393321930557 0.471049650684209
0.288828823513421 0.30557286050069 0.303315575278346 0.102282740707543
0.157783110602476 0.426340008267468 0.185453140184885 0.230423740945172
0.193103809177827 0.0154083667569774 0.432683013402487 0.358804810662709
0.36615551074055 0.425058587573638 0.173820912538217 0.0349649891475951
0.257469910311196 0.193577574876404 0.292830784523247 0.256121730289154
0.166282219511832 0.287484486279252 0.242154178326313 0.304079115882603
0.087113381651454 0.289399274283459 0.251542944499047 0.37194439956604
0.3713377578749 0.338903565482174 0.0242639073152955 0.26549476932763
0.236494034328174 0.305783814500964 0.35582622543962 0.101895925731242
0.418394872505008 0.0259454125164174 0.155214453015866 0.400445261962709
0.227679400974381 0.28337122541865 0.219269289940007 0.269680083666962
0.177061681847653 0.122089876566649 0.241175675782717 0.459672765802982
0.227350643222945 0.137792581372434 0.178629509486804 0.456227265917817
0.30497050687662 0.381778629513109 0.29762924033848 0.0156216232717901
0.0391501314411585 0.324477893447951 0.306582413811208 0.329789561299682
0.17095855003829 0.262266023762708 0.316857001219733 0.24991842497927
0.184768117175129 0.0195308973300834 0.410752511108758 0.384948474386029
0.414920145895624 0.174722932989333 0.212816311782577 0.197540609332465
0.316904981740127 0.32590242605728 0.137238250326019 0.219954341876574
0.0828276895489344 0.254451500238703 0.402484869341005 0.260235940871357
0.251167802899811 0.130364593868834 0.238187189648145 0.38028041358321
0.0474952373951015 0.374984265056964 0.173868555209893 0.403651942338041
