0.070084996940613 0.041037124235327 0.202277943657823 0.06143913101775 0.185152944775929 0.194306857771399 0.245701001601159
0.120518544679965 0.212526456911735 0.0733127071638607 0.01067236762979 0.256375358432033 0.0677448718510155 0.258849693331601
0.31335957787383 0.0157956592058099 0.226055732302877 0.241799728174974 0.00827744332814984 0.0419023341943846 0.152809524919975
0.218903671991531 0.112201409691671 0.168482223156229 0.118916292813799 0.0352753300278079 0.157420041373441 0.18880103094552
0.0385667777073393 0.0679559091532363 0.228375212216055 0.225610840448592 0.21353370098923 0.120236364409199 0.105721195076349
0.0710183625161573 0.00928081657570989 0.153802555910748 0.196149326534285 0.298083712768251 0.211931567242629 0.0597336584522205
0.152864351545021 0.2043369921663 0.234776282174983 0.0423752080289275 0.0683219923062968 0.0903733750236336 0.206951798754838
0.224324183288598 0.204452684667093 0.0951000334367163 0.116807861244007 0.0583062318043194 0.0874427596699811 0.213566245889285
0.159032003258582 0.0850239703930264 0.222395413645854 0.0821130307584545 0.0128994644025085 0.244142112029401 0.194394005512173
0.20574036826482 0.0992664745436939 0.034120705393037 0.267435720742616 0.0735190603460971 0.308802072837508 0.0111155978722278
0.151751102553011 0.204935230372238 0.165838096021555 0.159895727847777 0.0407406871538188 0.121388581718011 0.15545057433359
0.457768329408437 0.108315094506366 0.0860571793142247 0.0993374297086167 0.0825344044997168 0.121298393768027 0.0446891687946121
0.153172868488075 0.153158862692087 0.21678708999877 0.220918477098759 0.0075585639024703 0.0695929613470284 0.17881117647281
0.0876745238787855 0.171250664829546 0.00438264298400308 0.200753915500444 0.130942725678811 0.141186084374168 0.263809442754242
0.255364328352994 0.15503175781592 0.192329156665019 0.131004354120342 0.0630430514959937 0.1123595843764 0.0908677671733315
0.191407546801823 0.094976238974414 0.142128826014645 0.0430058625884375 0.213292020939354 0.189053232130327 0.126136272551
0.219928374108922 0.0588183636134298 0.135345890771041 0.303395213473157 0.076637521660274 0.107035296743005 0.098839339630171
0.172599840670343 0.0859921072587718 0.191410420741283 0.158125878201883 0.0725758958187887 0.165517214375145 0.153778642933785
0.0408890010010733 0.272699946497884 0.179261085624926 0.0178366338995041 0.184986293302211 0.121699879334772 0.182627160339629
0.00937421392998234 0.123583089993367 0.0794443909074109 0.0406385056202662 0.297028108843147 0.259466326730434 0.190465363975393
0.126649015391325 0.131033037134582 0.224588858216642 0.22365195935721 0.0553149410651855 0.021891342709339 0.216870846125717
0.0534447698192269 0.237700654857369 0.121457389390428 0.0812284974318568 0.084557988035364 0.148727722438215 0.27288297802754
0.122607957121074 0.166015633977762 0.172153684262345 0.122070947354051 0.134226690349064 0.109133452369601 0.173791634566103
0.183311785200053 0.0194083039656357 0.0600080072408914 0.183427026169017 0.28752734547988 0.245093933858625 0.0212235980858989
0.1576223610231 0.198393015953666 0.139841110488352 0.141039714844967 0.137215734827096 0.0442096190851911 0.181678443777629
0.233339180270795 0.167103061523742 0.149321507983477 0.148736355462985 0.0743410648860806 0.216097664394146 0.0110611654787748
0.333948380229912 0.0590845752328763 0.0413988699774524 0.102159032877904 0.00259691445814426 0.230505911704756 0.230306315518955
0.000365028982471732 0.27251312069075 0.0199235943030924 0.178552175472688 0.341523918598969 0.0750366147051869 0.112085547246842
0.259117857891299 0.143853312162943 0.154643617897473 0.113858239035144 0.216335128147693 0.0913599695809821 0.0208318752844652
0.136127504825027 0.0796895986215369 0.180325784744378 0.0845419563979661 0.231115255170035 0.1351502836457 0.153049616595357
0.0436312637618488 0.245957050901487 0.191503280558582 0.132683264220289 0.0764955075082324 0.206949002699012 0.102780630350548
0.183803076376317 0.178857549265662 0.176981552072842 0.0189923894050512 0.223466308556685 0.108453004417038 0.109446119906404
0.087866503428234 0.0306646003005004 0.130282159563696 0.110968679660919 0.2099493377334 0.31393624743386 0.11633247187939
0.0136176559306707 0.197797979539307 0.197810618828605 0.0896802389207727 0.180725649687747 0.183703761622509 0.136664095470389
0.211335896569153 0.21114732220681 0.0526835806825317 0.199001305341909 0.0557692180916839 0.136861361808328 0.133201315299584
0.280484768437546 0.193079887588928 0.252386744767364 0.10836328887706 0.0100858121009265 0.148278197748694 0.00732130047948156
0.110058687273271 0.0482647051416138 0.195833015544829 0.197901639027186 0.0339956142081283 0.198867044099332 0.215079294705639
0.0716399379308089 0.151925683345441 0.183624558031065 0.286344625089814 0.123509335931293 0.0301794684329498 0.152776391238629
0.0544687748274437 0.089757464488337 0.202394575211872 0.289177088712801 0.0415929623787144 0.09172216583644 0.230886968544392
0.0846194430209988 0.256282393007985 0.0766467743459529 0.307175549726526 0.0142556134295393 0.0303433710985331 0.230676855370464
0.0464274912064377 0.293758115984763 0.234712431446492 0.0602947237978858 0.00664250103913367 0.074174985184705 0.283989751340582
0.000178295581723332 0.0991218541560065 0.255784102837233 0.127970457747592 0.199260676732515 0.16628859114951 0.151396021795421
0.0484898396239307 0.0361522622411806 0.226300751909563 0.0377976499144844 0.106931434294325 0.247102075494058 0.297225986522459
0.214947159682322 0.183342108757788 0.157230899941992 0.127039163634749 0.0359120957926306 0.0757618894814126 0.205766682709104
0.165993135139607 0.0804907902226621 0.19807560232893 0.137616862549073 0.132846064737909 0.127950315852138 0.157027229169681
0.224029094463277 0.18015689905865 0.109789744727788 0.105213157117198 0.10088875160561 0.13071882197128 0.149203531056197
0.374977343667644 0.14854368449476 0.123348723103686 0.0125108396134045 0.254706795228722 0.0299286740854184 0.0559839398063655
0.187762200214918 0.155591658257523 0.119594395556074 0.0961187137426628 0.00436983917147279 0.234833813507364 0.201729379549985
0.252359992549609 0.250494406212334 0.046177801052477 0.255639220319706 0.154979482150416 0.0150824553271619 0.0252666423882959
0.0943660195869008 0.0448500416218715 0.112478287786113 0.176895329780842 0.266054542192119 0.224369156996466 0.0809866220356871
0.167989856559339 0.241237266445006 0.0696754607624926 0.182462711628537 0.129341237165332 0.106154659521142 0.103138807918151
0.159931358041054 0.0288408354037475 0.00279511442138709 0.267671303706653 0.194669305350365 0.0873700137292366 0.258722069347558
0.0116257704129047 0.0322261911878965 0.0421359367709865 0.346120577719825 0.393419260345758 0.135587949080172 0.0388843144824572
0.238568440953119 0.0493287380759129 0.185473530280276 0.00200390576958477 0.0762851985413109 0.282407725742096 0.1659324606377
0.016068441350799 0.185739683907338 0.233284678105501 0.246520126110333 0.194017780457991 0.111676376458318 0.0126929136097202
0.136418763447763 0.126424322643049 0.162783926533297 0.169032395426041 0.14380678567155 0.11280004014103 0.148733766137271
0.169797108660994 0.0294292056529272 0.114665920256795 0.22692173113868 0.268741877305381 0.0139349849768862 0.176509172008337
0.160063561020985 0.0445307306031544 0.29422359162861 0.11705666779433 0.113928052528659 0.137637089071237 0.132560307353026
0.181669336606324 0.128443354311982 0.131468570480634 0.0516486490258691 0.350884439956766 0.1397861949952 0.016099454623226
0.183771125573574 0.0974331508380141 0.0134761351807419 0.114023619444446 0.157657517046559 0.210913052147338 0.222725399769327
0.210751586356526 0.22579822365643 0.215631917399072 0.0514615923879939 0.015209823378126 0.160830228212269 0.120316628609583
0.152890507729901 0.162304337607067 0.0386184802852457 0.0789920999449365 0.143924242094827 0.21674910654776 0.206521225790263
0.189343853853416 0.0763074246875134 0.157556512707128 0.204647381350558 0.0248292745701881 0.165671984267564 0.181643568563631
0.0383499944741067 0.120009525351082 0.182031491821824 0.145216155613745 0.166322330686679 0.167605372846307 0.180465129206256
0.107189673818165 0.172520324451947 0.186814257695862 0.0223049248070642 0.168176901713531 0.188891705647501 0.154102211865929
0.24009810470605 0.0414898791053105 0.186157339040183 0.0404613796073974 0.103320103521292 0.179458810223368 0.209014383796399
0.199110497200544 0.248323016583498 0.119351721012014 0.07692486984865 0.178740781052671 0.0228740760611043 0.154675038241519
0.0714462602218317 0.100327846725029 0.0166002406149751 0.0310048842284105 0.310718823656593 0.302803309386792 0.167098635166369
0.247980575186816 0.231547485647371 0.0690018160117943 0.062610885394996 0.0033358076118148 0.169604718365195 0.215918711782014
0.2236921724019 0.018771708339594 0.151179170748243 0.197904244363724 0.185471814732702 0.032326416295197 0.19065447311864
0.232503367946908 0.109200249578801 0.156135973332935 0.0980229178099476 0.0556045923359209 0.131222670457892 0.217310228537596
0.0424886975442458 0.100198661823794 0.290284713809198 0.0282218135833321 0.328615158737946 0.19461827027048 0.0155726842310042
0.131477366913779 0.138271962870441 0.132814469465675 0.135330748984559 0.171441605870044 0.192120038311499 0.0985438075840026
0.045667934070843 0.0185286416199414 0.265963398473075 0.0757411314571536 0.258621984488559 0.101804850620638 0.23367205926979
0.103725047430935 0.265343913181986 0.085593920585402 0.0497647421881019 0.280742062925165 0.118639661924323 0.0961906517640875
0.0956623150695172 0.0616520940930117 0.196718488276296 0.0863337793560382 0.269526295058483 0.0259843729387731 0.26412265520788
0.274701606433278 0.0165665974128899 0.152606971437804 0.139707064002663 0.10587374303761 0.269680196630821 0.0408638210449349
0.100663988142789 0.0127747229657045 0.236161044521346 0.208202921485663 0.162294767616401 0.0661120303644888 0.213790524903608
0.122038579541561 0.226322955233575 0.179443020126866 0.226482961915977 0.0020399591524158 0.175692890428301 0.0679796336013038
0.0584210923242592 0.0914746786136834 0.243094758311999 0.176246643268612 0.189018260070114 0.0749466241189251 0.166797943292407
0.136758023977869 0.21120299850144 0.109563019615224 0.135235302784928 0.186778272692232 0.0917166344980151 0.128745747930293
0.181275440373599 0.029719248511123 0.156921990213824 0.0324108380523842 0.214451948813024 0.109803287438265 0.275417246597781
0.143969535874257 0.200279057399925 0.0990865537228505 0.122824916566593 0.140138427847115 0.217942218393549 0.0757592901957099
0.204782657364411 0.134086025185793 0.109526178114227 0.0770954076010475 0.0781896146264915 0.198349897135686 0.197970219972344
0.112912725130148 0.264765601848078 0.077119289264833 0.270406368810244 0.035433820871532 0.0826790160495958 0.15668317802557
0.20500295095832 0.0708941359065386 0.157922726161834 0.194784302152207 0.124871304310112 0.0381697704523502 0.208354810058639
0.0456850161768553 0.0800124579942911 0.250449170573025 0.241539137516572 0.107855012413291 0.0950982369670502 0.179360968358915
0.271911685128817 0.199074472371709 0.178264768505763 0.0616339627405052 0.215777170477544 0.0496977691149769 0.0236401716606857
0.0961563381691725 0.00101424054335976 0.31339329148357 0.0731507423182062 0.302788243079997 0.0581375331481174 0.155359611257577
0.263282911506693 0.263869546452791 0.204424088345949 0.0775830388915389 0.115872872134388 0.00438753593114054 0.0705800067374993
0.262637035901377 0.0908993450653538 0.182840393487381 0.090047138179423 0.0693066966061151 0.279439967855096 0.0248294229052547
0.0748104141751443 0.18418649975789 0.128394530200483 0.21954681140097 0.175207170189669 0.0827445316224635 0.135110042653379
0.0767134253220467 0.148518941194639 0.0329498077409203 0.218232437350274 0.164698823724233 0.159237747930517 0.199648816737371
0.219488391262981 0.132060564726962 0.0401361283035828 0.11093042222544 0.311203536217904 0.0753579972240944 0.110822960039036
0.292589106444984 0.0880024262293968 0.165860018380284 0.140783552273608 0.275771834062965 0.0243318596165224 0.0126612029922404
0.18531613363132 0.154947232913434 0.210942779307041 0.151077841452499 0.11365800483096 0.00872387274615393 0.175334135118592
0.0997138194143328 0.0737924594584746 0.0486927018846181 0.182117439125336 0.303152589405594 0.117753305463647 0.174777685247998
0.179602866724991 0.0210375329257919 0.235953567028894 0.0376073004554449 0.156057287780961 0.20456465652681 0.165176788557107
0.158259272331312 0.36095559562783 0.0585792667413884 0.220936012394921 0.00227219070780749 0.0189043269520649 0.180093335244676
0.123907188001935 0.211662302744952 0.0458727404393993 0.153997366150188 0.207109155222033 0.112001772234167 0.145449475207326
0.125216604033891 0.199274897368192 0.0335702093150585 0.17354886265932 0.122894871588744 0.152457711038488 0.193036843996307
0.0118301221045709 0.223420245899542 0.206299860610275 0.1241516837459 0.185758926956992 0.043128774118176 0.205410386564545
0.196547918827418 0.224540687243827 0.0518621370397099 0.124665772783538 0.179765429546747 0.158543684496581 0.0640743700621793
0.0112256417266549 0.2129849518688 0.0740516146878429 0.124188155723514 0.144397523934076 0.230573450164508 0.202578661894604
0.123906784493095 0.180551368454131 0.218396915852231 0.197971756029692 0.0471757806293083 0.0657927954189314 0.166204599122612
0.19404064743876 0.216193266861535 0.100011376680166 0.185174289157825 0.0299939933797496 0.103153782793309 0.171432643688655
0.172378181217294 0.00275175528609407 0.155281885125989 0.0822657416725258 0.208831717378131 0.197901816201109 0.180588903118856
0.188224686071457 0.0468179851918694 0.22317517639137 0.0768046969729513 0.0565220368938344 0.189782234144022 0.218673184334496
0.101582598998634 0.257365139837122 0.126135406254988 0.163581974552047 0.170231923895148 0.0262701550870636 0.154832801374997
0.0563196801669631 0.272324948224664 0.279737024744559 0.231786765643616 0.0297857139315661 0.015695255516074 0.114350611772557
0.152569242963388 0.127094139376347 0.16124528450489 0.0982454019666601 0.195098018090375 0.0966748043026858 0.169073108795654
0.251694603793798 0.282665890688307 0.0344825558876963 0.0473526547198302 0.110248377214843 0.225481275821012 0.0480746418745132
0.0741202175952472 0.188010753968373 0.247868464480374 0.125185081064627 0.154546297907841 0.197952303312182 0.0123168816713563
0.153516357081283 0.190719287193303 0.0854929550749658 0.14538421673305 0.00766814346075347 0.200337772455308 0.216881268001337
0.211621986586507 0.145762334372436 0.150271788464311 0.156958662834608 0.0971675092329679 0.0766361424140462 0.161581576095124
0.163014121473461 0.101769843309198 0.0337135564416773 0.203347648459652 0.255778748529935 0.0625565232108601 0.179819558575216
0.108680772081456 0.140308398747949 0.0897195911275489 0.0732048437609382 0.106485856499567 0.260091445018613 0.221509092763928
0.156597145429993 0.141669224521527 0.0369453696192724 0.286606109724005 0.091651430498358 0.280968447158215 0.00556227304862949
0.117359416100148 0.0848590053824111 0.0364751262643651 0.326276796475077 0.127349867338719 0.278198163034354 0.0294816254049266
0.0534056599805392 0.0875228776496456 0.167575431333409 0.0908636182380205 0.180544196461912 0.208736708958948 0.211351507377525
0.075941281364432 0.129078341161778 0.0227142035248015 0.0528424192588016 0.243671290536401 0.203800118131725 0.271952346022062
0.241613046092456 0.0550097809123683 0.235268892953008 0.0580603733353006 0.258253749103138 0.150476408530287 0.00131774907344252
0.0725419795891741 0.169520445039771 0.14317200099893 0.103164864912615 0.235302022227525 0.0550802415123304 0.221218445719655
0.0098777450188329 0.177979586499885 0.25495660075553 0.244553876274926 0.0767894779795388 0.173122619453843 0.0627200940174439
0.275536158226039 0.0763840999196836 0.0112809035579445 0.244250037671989 0.11776474350881 0.245994119458313 0.0287899376572216
0.138074817095017 0.0976081317216295 0.16690159160656 0.144942300075673 0.116145015552251 0.158923139901721 0.177405004047148
0.0951869964605536 0.265974246256549 0.0120028288108633 0.377920070437558 0.120772992929609 0.00787496374693243 0.120267901357934
0.155334422341733 0.287637752460842 0.201564532337221 0.0783831297102006 0.0582161537645103 0.122108638085066 0.096755371300428
0.213229963986302 0.0393896025921616 0.179592180658699 0.17012109200315 0.241303813291832 0.0598507577587196 0.0965125897091364
0.0813920059147714 0.0653961020428056 0.34868456212227 0.15842267404007 0.013527655056787 0.240706782515 0.0918702183082963
0.116003523783876 0.0625148344154482 0.0137691292437417 0.168662169999328 0.191613177853644 0.150359771017033 0.297077393686929
0.0587992875730212 0.212763580595553 0.186938224427479 0.22162976497582 0.197829806595394 0.0806326692092149 0.0414066666235187
0.192045906656856 0.242308675127904 0.0294111319199234 0.145750731787004 0.307709571954375 0.0139037137880599 0.0688702687658782
0.22809047529135 0.0655414767284889 0.0404655150708788 0.366684356960416 0.0026189282552702 0.157582023301882 0.139017224391715
0.0064270817574223 0.00319653949492037 0.201048558983292 0.0564350132509115 0.209984199879753 0.22656333177055 0.296345274863151
0.196481581247818 0.014323868112887 0.220668024284818 0.123700923118513 0.252757799905251 0.0474464901482583 0.144621313182454
0.0621699838865219 0.175194974303433 0.152478788841127 0.190975255424618 0.235081395488756 0.0552495955516107 0.128850006503934
0.173487277167681 0.0282094869547985 0.214415843355737 0.206328760964618 0.0588682519207779 0.219365367819758 0.0993250118166302
0.125822900529761 0.168383792274742 0.105870455372544 0.120475080903759 0.233051602391286 0.0122186111260519 0.234177557401856
0.19566603308427 0.0909103860546547 0.103000819491635 0.0578397723386552 0.186675486897801 0.198247284353741 0.167660217779243
0.0802687484836593 0.00129301029213091 0.0349143144703906 0.173812132270188 0.341955485538874 0.248202555355165 0.119553753589593
0.193468895568686 0.160836079676698 0.308176180275183 0.244349886330828 0.00120644753465694 0.0589770928585613 0.032985417755387
0.130765087776152 0.083450006357388 0.22821341622791 0.11286545433643 0.153469495202674 0.0826496280749687 0.208586912024477
0.178171572134103 0.150213528295926 0.11130011071474 0.0827061211254832 0.160175344942491 0.0713649514604772 0.246068371326779
0.135287891374551 0.256190631102884 0.273367245696948 0.185984563522962 0.111779219683228 0.0250096595097048 0.0123807891097229
0.136264916208197 0.151110431768378 0.130251415576653 0.170686668535125 0.0848210423661261 0.206787121504777 0.120078404040743
0.205342041868486 0.214048860867424 0.265631302333256 0.0480035638802533 0.0720588235193079 0.183988575206745 0.0109268323245271
0.119572123797175 0.215869203598646 0.290225830193334 0.242347005556733 0.052839101426056 0.0511425445240081 0.0280041909040481
0.0121901364846426 0.1105547746768 0.115241681619008 0.169961891034946 0.0500956496349389 0.377489421865667 0.164466444683997
0.291119017248746 0.116397553023119 0.0449855220876777 0.00166328584991435 0.121611791568785 0.213522114851983 0.210700715369775
0.0637496792242477 0.122605892339098 0.197482163484815 0.233875407599 0.174079459316083 0.060708849482654 0.147498548554102
0.207696768036708 0.143044748074843 0.114989668153184 0.248087782583781 0.187679627448859 0.0578526708318025 0.0406487348708238
0.157458775979249 0.0112710267505804 0.242140916106173 0.119135366971794 0.141987974965546 0.176197564145453 0.151808375081204
0.116268312992363 0.0157206107471627 0.267766768485466 0.188334482795944 0.251855193336607 0.145268681799965 0.0147859498424936
0.0638680796259738 0.0117854685077231 0.309797651659176 0.121123548765487 0.239667356694677 0.00446758281087362 0.24929031193609
0.196680513894355 0.11303587228061 0.0801432557441128 0.201246760388527 0.189937470731074 0.137120165870545 0.0818359610907759
0.21258230934166 0.212309072548313 0.143775288308638 0.0964264631678133 0.0114053760802946 0.185013873373244 0.138487617180036
0.0439797167093272 0.0699043182662475 0.201638011284028 0.17069777894904 0.0990276801217652 0.222887037389006 0.191865457280586
0.134082676808257 0.23384013161771 0.219731109215264 0.00939096990499688 0.135310537833345 0.129651143221212 0.137993431399215
0.211757433660441 0.196819038788363 0.13806284702843 0.233697736817908 0.145412053596241 0.0058795748541677 0.0683713152544496
0.256592223284736 0.0359610081158403 0.00129755213946156 0.0727581523823744 0.231872931912212 0.257460511487129 0.144057620678247
0.260842230444063 0.0973083748086922 0.0266010226432661 0.209573624743337 0.0940016896549502 0.0506984557303538 0.260974601975338
0.257855499466695 0.185266816868603 0.13904662221429 0.109962508863732 0.215494848178781 0.0438158233033534 0.0485578811045453
0.191246459430738 0.194499401126174 0.207922940587775 0.121423634366693 0.00027943145997036 0.0933250999083165 0.191303033120334
0.18269951399021 0.17023849196662 0.0362923084674614 0.105946385624044 0.200786353904382 0.188667730950354 0.115369215096929
0.175495522078568 0.112529549213087 0.192781032478617 0.0246949370686059 0.188932437592392 0.0560193021100677 0.249547219458662
0.104449428422157 0.185512979119459 0.180043317251333 0.113581348389505 0.112135808192543 0.0679904638667141 0.236286654758289
0.0388025628292986 0.092197586574984 0.102938269773108 0.276826371381535 0.128256448932523 0.169539236648934 0.191439523859618
0.238987255084947 0.0124579661401329 0.176646349203357 0.159094350297413 0.123692725874468 0.21423809948409 0.0748832539155919
0.0502407020203485 0.175735340755243 0.156112720182274 0.262347064037043 0.105153280544695 0.230654226916133 0.0197566655442637
0.014434295704334 0.196552766737171 0.21681769108641 0.113583600651975 0.213080666776965 0.232148686023152 0.0133822930199932
0.220446026597326 0.0493442720823856 0.0865368844920879 0.137436993923332 0.114794970999292 0.199474419316603 0.191966432588974
0.0926195035266747 0.210797194592248 0.0442215525672984 0.151143778287387 0.18429435237066 0.212707443388659 0.104216175267073
0.0559211382756572 0.0738466115901051 0.32374680418141 0.0382152978487324 0.294944660050643 0.0419338943663911 0.171391593687061
0.135443332492145 0.0186900919024032 0.143389359947644 0.262011287067909 0.113449240541646 0.256013334663836 0.0710033533844168
0.0502760972497339 0.205302860400432 0.104208608364476 0.144372458401625 0.230998811769994 0.141780706749564 0.123060457064175
0.260020167371926 0.188401354576662 0.176133045496378 0.132751542632813 0.00939964821061592 0.153975196763971 0.0793190449476333
0.298539880638311 0.0342198260002562 0.22240364810574 0.0711725266415057 0.137991605939257 0.0588968954545079 0.176775617220422
0.194567509674125 0.145331290341596 0.140770563053833 0.198206261475986 0.0513389424401725 0.145837956954817 0.12394747605947
0.174738932864879 0.164991934050015 0.0131751650457639 0.0137442573273362 0.205986878580258 0.299612292392836 0.127750539738912
0.179525175245086 0.0749675543519149 0.224851082250139 0.260181588086129 0.147467336228907 0.0531381247942251 0.0598691390435996
0.0368289437770219 0.185781095543577 0.151828481637224 0.201187060794575 0.0153671234684102 0.189930262124596 0.219077032654596
0.177454115410735 0.219929519014685 0.024368960206064 0.00505579708843557 0.25583431858771 0.229526396415463 0.087830893276907
0.0314378106477078 0.158818916393581 0.122264862636365 0.139377264242671 0.215626798481313 0.158012486722081 0.174461860876281
0.194201120396726 0.0544341771195527 0.11772007042513 0.0503076481557549 0.207681043558945 0.198572036648925 0.177083903694967
0.146173337294013 0.0411574484512054 0.0843473389013514 0.0936984719016447 0.247311608253361 0.28518172310183 0.102130072096594
0.075766911281894 0.177844497783443 0.225920487249795 0.167475098333893 0.00468056394862638 0.161356494733028 0.18695594666932
0.209083166668294 0.0964902403390323 0.05793419357111 0.199803974317067 0.125036293561871 0.106602237096409 0.205049894446215
0.249599712324623 0.059249149207558 0.0457090924725548 0.170006789086827 0.0186809410461755 0.205878635182221 0.250875680680039
0.223120889953251 0.185056854853984 0.00946862645591552 0.0592201916883342 0.189678765664408 0.133342834079077 0.20011183730503
0.263205326333022 0.117153373437757 0.246983026636814 0.011709053403956 0.00552671628434586 0.203172050468011 0.152250453436094
0.0163712899741829 0.259134526633172 0.410754423439809 0.00512268767307743 0.0112143267061669 0.118726725142772 0.17867602043082
0.000583331256209886 0.11527688463535 0.227019730002775 0.0420371176772239 0.176897348993952 0.138396320925181 0.299789266509309
0.113924249107405 0.1185155311375 0.148614446578266 0.166516559564071 0.194816082702064 0.205858552551673 0.0517545783590214
0.170343466034067 0.190536721004147 0.129670745001104 0.131138470090036 0.220886867673098 0.0581577177303385 0.0992660124672092
0.298967898997766 0.000668292967939772 0.219427218640956 0.11846469357371 0.0770854698704945 0.038610758976681 0.246775666972453
0.150886087528669 0.273936490628909 0.0547704218313106 0.210781445019606 0.150500618815355 0.0229127431983143 0.136212192977837
0.224883512127265 0.123731583384376 0.0435814998398938 0.212319111966111 0.15808870629565 0.215461837040841 0.0219337493458632
0.0656594565964033 0.163882283339624 0.355226145069435 0.167316532390457 0.13201852516194 0.00721019250096858 0.108686864941172
0.0298760013524455 0.0845516521774441 0.208370858344335 0.341068706710332 0.0762464422653408 0.0693865386424106 0.190499800507692
0.286221292914692 0.138887327151936 0.0343946583109243 0.228778329371086 0.0981810327517669 0.198851778579491 0.014685580920104
0.019106878600544 0.237773065426596 0.00466598374919042 0.239411604212394 0.0559423210399427 0.290346446509947 0.152753700461386
0.0244090036877678 0.383084760732706 0.273786782519805 0.0367561607982314 0.0381391668106817 0.120978289945496 0.122845835505311
0.17596879298122 0.0279842338135099 0.113890600244515 0.180441253394439 0.217387855335913 0.0502281501659188 0.234099114064485
0.0314721866987835 0.0700502284883313 0.401282036432093 0.213078635832723 0.0809485479488399 0.103433693038824 0.0997346715604061
0.0610070204609668 0.10636923137664 0.151668375973262 0.268958511437685 0.162403444146276 0.110240910170753 0.139352506434416
0.258783095805491 0.00176639097047384 0.135935843084037 0.310629362024306 0.0165635682057575 0.271163922062457 0.00515781784747815
0.0231296967164213 0.114086092389704 0.0292732745465723 0.243239642618763 0.13407388834276 0.256414295612918 0.199783109772862
0.00337581662004157 0.260910017700304 0.272549208962442 0.2071127428259 0.0929787567201946 0.0121064623428427 0.150966994828275
0.176979317317464 0.284735547870956 0.0752645714568172 0.231806222322898 0.00413141322300586 0.108523823234019 0.11855910457484
0.0452809022232845 0.122253676641071 0.335140643704256 0.170629611777048 0.0502503373463038 0.115382704040673 0.161062124267364
0.00737328295899565 0.101144324106286 0.11413474968399 0.148881491793549 0.253833520171769 0.209727885258976 0.164904746026434
0.120309818806641 0.147788697476446 0.0313664710648656 0.205590377796496 0.218516396236059 0.0494246802965522 0.227003558322941
0.0627432362290666 0.221582915182987 0.000321350666678041 0.119091039561344 0.183043168446737 0.231151682055463 0.182066607857724
0.063099783127891 0.170438962858231 0.0320689278255663 0.216469546348641 0.0143855208941301 0.217330002548792 0.286207256396749
0.141787849594367 0.196145311344182 0.0464734839123698 0.0113234636069227 0.252301361613503 0.0882390409757512 0.263729488952904
0.0540518148711031 0.200611997680696 0.1621727962839 0.218823137867029 0.169652808910125 0.0933774691236903 0.101309975263458
0.109949275608992 0.0272458647623251 0.247860856507967 0.220425660150192 0.2039677680104 0.167676536581415 0.0228740383787094
0.315463208606899 0.0446628206078649 0.300865588489445 0.0992808728244567 0.139562518749714 0.0828160521051869 0.0173489386164335
0.18354062533069 0.0557754062469192 0.184150264775117 0.111637085786038 0.128990800348942 0.132973334573018 0.202932482939276
0.289097245815906 0.239520056407363 0.0703615742565832 0.228617516845895 0.0814720270263748 0.0789320719953363 0.0119995076525417
0.301302974003744 0.0336399518655605 0.112507271702876 0.0436126132102327 0.258494540090029 0.000781709400655421 0.249660939726902
0.175815583039559 0.232457933192459 0.198053353921367 0.0658749771059097 0.259942137398457 0.0435222153162121 0.0243338000260368
0.105819450541622 0.0659667183901146 0.112485634768361 0.102705266769648 0.206215115648584 0.33039503618833 0.0764127776933397
0.0885536495633442 0.0418678945896368 0.205205864371519 0.231223317078018 0.0553235315050087 0.195272612840512 0.182553130051961
0.152765511636956 0.0996221162507933 0.121185225360296 0.134219866802913 0.0884115554339886 0.168706592824666 0.235089131690387
0.113104998632126 0.142206553283172 0.183479455630161 0.155770868707502 0.195137655007939 0.182569553931067 0.0277309148080326
0.155582867959193 0.12803139776784 0.164442442302176 0.0685806377274579 0.215274581511095 0.188154487999805 0.0799335847324339
0.123083218341662 0.18363448000794 0.184194706804896 0.137381963339379 0.189580744695738 0.15866014833544 0.0234647384749454
0.148388464549933 0.0340473078108419 0.0891459030568885 0.165573952960787 0.157128682328507 0.188223728915809 0.217491960377233
0.166501868071812 0.210037672615573 0.266550767869247 0.127804180116386 0.0629629671407526 0.110032549177228 0.0561099950090018
0.0853919781360473 0.2325990065941 0.148783941839841 0.00154568784997481 0.125902691471727 0.154523663737859 0.25125303037045
0.367390822079885 0.163236145488082 0.0975645911664435 0.0381725896089441 0.176675365396231 0.1555175817645 0.00144290449591448
0.0979479583319917 0.199440536908324 0.0444951056871077 0.238506285746245 0.174266054438154 0.183246148267694 0.0620979106204843
0.144610832410954 0.131604036409308 0.148802065351638 0.159212911516333 0.0968194179025773 0.146939529026031 0.172011207383158
0.155088771792868 0.181769226327287 0.0673855693407737 0.273951231100962 0.0440562165117562 0.125165989132905 0.152582995793448
0.0820859494086593 0.0246368560419681 0.114473632124909 0.07968223622457 0.288774505475764 0.126458141441849 0.283888679282281
6.60888714382238e-05 0.188503537452319 0.128166338652716 0.279719384967777 0.112048203376382 0.0453621662791403 0.246134280400227
0.0137670595272998 0.252702219542152 0.19113477222124 0.15523383064275 0.141240925941117 0.187173658478812 0.0587475336466288
0.3423267291045 0.0729000077143604 0.0298332239910302 0.245148836740923 0.0826739122561558 0.0138951701869229 0.213222120006109
0.215515991158752 0.0151649104664654 0.250939788008302 0.170983764570412 0.0109329064935855 0.182268599141099 0.154194040161383
0.229814382084727 0.114454245099741 0.155735104878455 0.207809763367825 0.0254781179771211 0.0203127836007559 0.246395602991376
0.238853954810812 0.227492737404772 0.129413554339365 0.172014114089156 0.0454561788141953 0.0867712662310705 0.0999981943106299
0.228906433146831 0.273098710420656 0.117203848926646 0.0237854692209005 0.0307241118348723 0.188544175077164 0.137737251372931
0.128464475807933 0.22570497465993 0.17964992615785 0.21418451242625 0.0947834390884655 0.116962299531711 0.0402503723278613
0.273169570320683 0.045051130692755 0.0743979688174218 0.145957879807098 0.186234228647701 0.136138927221043 0.139050294493299
0.230372527644293 0.171090342972188 0.117089275880757 0.0729629575652917 0.0907984145082675 0.116295651956576 0.201390829472627
0.0290529087568801 0.205603965722509 0.267732762204891 0.151530951943006 0.0798987507943741 0.096052821465392 0.170127839112948
0.0970528877894501 0.248941670982222 0.108746382469886 0.180854637235954 0.140350652964163 0.0324463143013865 0.191607454256939
0.257347860182168 0.177843445742422 0.156747905037569 0.000945829956307964 0.13433107126851 0.0608469080272051 0.211936979785818
0.211608747893299 0.197417592367121 0.0879637530257595 0.241916750924049 0.236696757423073 0.0113566525809705 0.0130397457857288
0.0720822996540817 0.0512380638548751 0.144054300289344 0.224267550597763 0.0582279328720098 0.223037769596116 0.227092083135811
0.139366665503318 0.16468404587144 0.198070906167752 0.238474661124967 0.120453173719181 0.036319200643289 0.102631346970052
0.234835944310211 0.172891317315544 0.134596927277953 0.205845013087914 0.0727025891435114 0.177421486631113 0.00170672223375324
0.089203316025118 0.122160747820312 0.215436790887324 0.0435709445795406 0.251923474706596 0.0436446519604288 0.23406007402068
0.233405048894791 0.18995448898951 0.155267671046995 0.152909037860097 0.0206321215023721 0.0522959289979056 0.19553570270833
0.0911335012590598 0.0149969766454223 0.0955799792203883 0.276913644490888 0.263000676853495 0.136575084543706 0.121800136987041
0.0596973013307051 0.22935183305831 0.0454325722418659 0.190262918000214 0.0200998081762536 0.226429195749565 0.228726371443086
0.0215895823297392 0.0884471067282526 0.082597513317747 0.145863412502815 0.129463222194151 0.360787608586402 0.171251554340893
0.11166818418207 0.15999447195707 0.180244215746153 0.102501096400238 0.0455065065707699 0.20159494865772 0.198490576485978
0.303044970364513 0.131526436769637 0.0309787070104425 0.112238812131225 0.224319956035965 0.0793573243040667 0.118533793384151
0.040179352501249 0.208795177901932 0.346123535883274 0.237379067339361 0.0134394228909231 0.0771508353763662 0.0769326081068944
0.208459936027217 0.019377720798069 0.0446465473128995 0.169053375092557 0.160735545707832 0.213385790720985 0.184341084340441
0.0918499221663761 0.133730505907652 0.133528379188779 0.138826599960628 0.24179319705461 0.0837616490474942 0.176509746674462
0.0444629397661877 0.248099214784926 0.105069324873717 0.118216702429412 0.242414883401817 0.226263025044297 0.0154739096996432
0.083150460186862 0.0197651484487334 0.0446186315675134 0.188824528978143 0.209396968178244 0.212509615624719 0.241734647015786
0.161489648163577 0.0197208639718599 0.174743164824441 0.164548502468006 0.0697027961749612 0.181026739087296 0.228768285309859
0.266670142391611 0.00740576662494502 0.136508032514981 0.205997065975233 0.188570375488078 0.045148986733506 0.149699630271646
0.00785379892317098 0.0890463753378813 0.142657225377408 0.284190797490512 0.145429782661393 0.273469815896355 0.0573522043132794
0.00146961434187488 0.204565084537288 0.200815740537813 0.207244897544687 0.0145729606708645 0.104539018151915 0.266792684215557
0.0913988975168515 0.171764075466419 0.0118798728806671 0.216086753058967 0.0974227955189438 0.105525815889332 0.30592178966882
0.166449600688718 0.179926256389832 0.168738317992598 0.136367911305028 0.171685003068115 0.11415980006777 0.0626731104879384
0.202920871614213 0.180290805022551 0.166887461992981 0.157291645749701 0.15303056169164 0.0951859322747225 0.0443927216541912
0.199398524719192 0.101588146732558 0.0429042916091475 0.17224202230488 0.071768339409654 0.159251037265402 0.252847637959167
0.213298507709675 0.217151844234416 0.174051011850721 0.209172483570396 0.0970897405612467 0.0298635124671401 0.0593728996064042
0.2811520514365 0.269195306995633 0.0204611828789551 0.137840556115606 0.050425613811841 0.180633636016586 0.0602916527448774
0.128849183646703 0.149424772683823 0.222559796401998 0.0388617747228609 0.16935863379542 0.128090470064758 0.162855368684437
0.206833838992288 0.0702747945374078 0.184069995989451 0.115161657960548 0.176244527384356 0.0640651675924249 0.183350017543524
0.0810413339000626 0.143084100911766 0.205188649597736 0.0877499466880861 0.202705935271399 0.102570095119774 0.177659938511176
0.308907332375114 0.205392450902072 0.192639627054363 0.0170486360998812 0.105471261459587 0.055016584351541 0.115524107757442
0.106881666610476 0.0994757446127548 0.176213825024521 0.19361237173121 0.115281299829643 0.161800352490092 0.146734739701303
0.0319681313858255 0.190519031923295 0.165966922561679 0.0407232652062507 0.140206495704399 0.172762494808106 0.257853658410445
0.108792374296677 0.192918288446577 0.160209603402889 0.134547611619397 0.0684010489077194 0.23192169449974 0.103209378827
0.137545744059393 0.253796582573395 0.0257038225347881 0.204946231650104 0.2065184599831 0.0859737384376944 0.0855154207615246
0.197107889988601 0.00560467223623278 0.197353383213271 0.0588137914849702 0.23938980826651 0.113357341773689 0.188373113036726
0.007669259001647 0.0442397385234012 0.166924671244205 0.246550167144086 0.166633148780125 0.215790260735691 0.152192754570844
0.228042124690042 0.14415794173913 0.0185786916900092 0.0228546175258882 0.202316403243414 0.198343208954066 0.185707012157452
0.044022859087044 0.345964046640493 0.12123998882183 0.253983291556306 0.144228805521273 0.0624229337415077 0.0281380746315456
0.0946171516689152 0.133682320456743 0.0609238854924588 0.105329265585602 0.233174824519925 0.1876830089966 0.184589543279756
0.273237328575167 0.120815839879879 0.290795366928803 0.0768960327252213 0.138864326495034 0.0105241932870127 0.0888669121088827
0.156563539311759 0.00536852044593332 0.215301775244432 0.160656051915431 0.107831083074803 0.224661359232839 0.129617670774803
0.222307646485877 0.196875311561513 0.00242583379928225 0.140538535110307 0.126187181295411 0.22059063764881 0.091074854098799
0.223704456454611 0.0460790584799875 0.0673384392995376 0.0300977337124061 0.179332761600613 0.371494228555222 0.0819533218976236
0.276759556069439 0.185259535645919 0.21857760274993 0.00899919284064375 0.0491110638571108 0.161885407463694 0.0994076413732635
0.0428247694698619 0.0572548439078677 0.174201582202761 0.341735559271313 0.103614226978046 0.130328462843103 0.150040555327047
0.0333338753743974 0.0813763949882319 0.285093634072539 0.10823638821576 0.113766691367266 0.0309997930098486 0.347193222971956
0.05937326412714 0.196578780039731 0.209256571813638 0.132310559264195 0.077695188252128 0.270953667158054 0.0538319693451136
0.0569364451639004 0.112167746640122 0.124778949706182 0.229443428858312 0.178674001879664 0.173350288486618 0.124649139265203
0.17652897346253 0.0505368499926222 0.14468892371543 0.0798898854636178 0.223946499239391 0.0810054869878677 0.243403381138542
0.13446689228052 0.0465087115817592 0.191700482741994 0.0818421867696539 0.127886407749275 0.276377699877597 0.1412176189992
0.169217885014389 0.138663672334904 0.147947633612048 0.23813482751626 0.106790349497634 0.125548416760653 0.0736972152641112
0.0659389807718757 0.193179159148718 0.158157103348459 0.0374855681546171 0.0738867785577962 0.24267082575027 0.228681584268263
0.166072082581031 0.0897310242350243 0.244815854748279 0.120749774535518 0.0421146623162347 0.0797315547672316 0.256785046816682
0.11859103984493 0.0548660773281703 0.324341397394575 0.117914022199466 0.171272758782007 0.100126285005834 0.112888419445018
0.214327044143806 0.216695770368665 0.0462136148172907 0.013023268797743 0.0861460607704184 0.23238174654179 0.191212494560287
0.114900008104012 0.197514539148074 0.136942915079823 0.189815291393522 0.193229487902147 0.0204150982822652 0.147182660090157
0.0498118997206073 0.0895718048944615 0.0241022520969571 0.275938136732075 0.00994596019227415 0.343263974619446 0.207365971744179
0.106596105548385 0.167344558847297 0.169819652997245 0.292173036253742 0.121949318619875 0.0326848676355371 0.109432460097919
0.179723189621582 0.183988103466444 0.135435210966008 0.0919272093542902 0.206219520380298 0.11170388603439 0.0910028801769869
0.124953407950504 0.0590884410758177 0.184743568230743 0.0624503828265534 0.22695336858181 0.079057748598731 0.26275308273584
0.0826018369980149 0.209833867597863 0.0240332235109021 0.216479324772137 0.19237951255709 0.109700414840483 0.164971819723511
0.0773950217965035 0.0964272053026512 0.155065356839391 0.198076393198432 0.249171733473383 0.143342640790097 0.0805216485995427
0.115467305786143 0.22054858771475 0.080320347944067 0.246136655359281 0.140464339577005 0.150386293015251 0.046676470603503
