0.197794466464102 0.0662776561562532 0.190543756443863 0.135710196493525 0.0687288569544977 0.113413950980747 0.227531116507013
0.134895370468787 0.161987635602403 0.0797126309897939 0.011534902535163 0.233566943183575 0.138427002847561 0.239875514372717
0.11341482498133 0.11688514439177 0.0542495938726927 0.283537084807463 0.181529344216616 0.0915939510212796 0.158790056708848
0.138945672577598 0.288877966400129 0.307516686762065 0.0401534169948851 0.0629131153859836 0.0947848043285921 0.0668083375507463
0.0290400234186908 0.233387321643855 0.264399467678916 0.0958437705131264 0.0604068938708565 0.23839718191535 0.0785253409592047
0.0031855074883274 0.111421992664637 0.176215170569299 0.142593624073339 0.184678781180073 0.191825875481919 0.190079048542406
0.0545170599154307 0.101464723633565 0.0983820504509033 0.386123744755537 0.236804091943759 0.115238527229582 0.00746980207122367
0.0649939771512134 0.214769603067452 0.153727170728536 0.252397678846563 0.201017709923864 0.0574847615923478 0.0556090986900237
0.0662902099096402 0.153478911693662 0.18217497654794 0.176210028765516 0.212772255871231 0.1070627750095 0.10201084220251
0.0158903804933905 0.117569621053191 0.138529464627333 0.350361478389996 0.0518654842328338 0.222614288364851 0.103169282838405
0.154781537982622 0.243177328188009 0.239341079466037 0.244060816541043 0.0317423468159132 0.0838518447562215 0.00304504625015483
0.0774669948759481 0.0301136354362626 0.363163701496036 0.414982720177473 0.0175139257735633 0.0555461837453516 0.0412128384953657
0.0697978818465979 0.23001787795096 0.0371250548395138 0.128931808933344 0.132109289419108 0.191506627278733 0.210511459731743
0.0137960621812898 0.128529019347781 0.243650274863333 0.23997175212102 0.102932097683635 0.104872297660677 0.166248496142265
0.428090981311225 0.137469545105761 0.0443961585652408 0.249892412316376 0.11849222163474 0.0120511536389386 0.00960752742772012
0.284983556551041 0.0231473422834491 0.149862739883833 0.250467055484044 0.181464177709318 0.028033281723389 0.0820418463649251
0.0965833948266662 0.0337176231644684 0.426101113694524 0.255366699457748 0.0261044609472942 0.00068531064373523 0.161441397265564
0.0916507553116964 0.191996245045521 0.186546404812632 0.085223913892155 0.128288127870357 0.179089772199835 0.137204780867803
0.148109145981553 0.168595217044546 0.030024165731979 0.206605347614 0.207906677634792 0.102097385852325 0.136662060140804
0.0758969836980628 0.100947603785535 0.249108121841109 0.105348560030419 0.0816530068321408 0.220687985137735 0.166357738674999
0.116436090364007 0.182985746688315 0.268204466840637 0.167568389130793 0.0294495370386096 0.0735916945317304 0.161764075405907
0.199994455705736 0.0503580457616113 0.102754905596902 0.201658749389451 0.24909968418433 0.116678095850765 0.0794560635112048
0.326087570363032 0.230978472597302 0.0062616376739593 0.201670227741174 0.105982522521965 0.11582983951019 0.0131897295923779
0.239666930646304 0.105774614800172 0.117013112281718 0.129187879580464 0.132686042546163 0.108457390498248 0.16721402964693
0.231382434930123 0.161381299852067 0.243966404473175 0.113309832921994 0.00990573967398711 0.0171994162720395 0.222854871876614
0.122991211142271 0.241961243392394 0.0307731257396121 0.22185445473674 0.109595709669357 0.0887249176456528 0.184099337673974
0.276959351813436 0.118963669990002 0.122544530500506 0.277185431124743 0.0808142538519154 0.0552836177588499 0.0682491449605479
0.314857901770897 0.00256502753998743 0.145579206319258 0.0788116076252865 0.0444245812333642 0.169853897360051 0.243907778151156
0.019377937793465 0.378768501008551 0.321094933726401 0.00638325934579044 0.0285937204523907 0.0359629418425798 0.209818705830821
0.155020200968575 0.192738521601384 0.12576016088083 0.220264048828481 0.0343731083168344 0.117098309840541 0.154745649563355
0.21814400188428 0.249988655211748 0.0458666958975097 0.0808157480959523 0.0412021242139098 0.119578496805809 0.244404277890792
0.15389855485494 0.134797083549382 0.147019454070797 0.109400308008883 0.096587101727927 0.184621448250846 0.173676049537225
0.187110455098676 0.0228187579001912 0.0707577914311446 0.102660928611718 0.259422888960067 0.196305950846283 0.16092322715192
0.195190074787167 0.179713237616053 0.166079298001137 0.0616635925415669 0.0887985188017467 0.160967835039508 0.147587443212822
0.132924397149977 0.322858365268935 0.310017368357071 0.0352540820484379 0.00581935731577595 0.117059967065835 0.0760664627939681
0.0703444726471867 0.354686426454987 0.0895085238035472 0.0819641503016126 0.224168289500338 0.00371554741097379 0.175612589881355
0.284509448519206 0.156790265383392 0.0394752690278885 0.278161559183372 0.121159114549886 0.0956538713617661 0.0242504719744893
0.206189172384091 0.0818718794445189 0.126984867057793 0.195900916457213 0.100310249736966 0.154919525864021 0.133823389055397
0.106312519692435 0.0940926856542738 0.289773595112582 0.0981833056425157 0.00183261056086309 0.22690676228379 0.18289852105354
0.211728063789733 0.120451025722401 0.0366965967804035 0.201681628857064 0.125604446477989 0.160877280165938 0.142960958206472
0.196662733854708 0.140766297409248 0.0181937940079948 0.201699149987308 0.192840067894699 0.0251360763012759 0.224701880544766
0.173874185965312 0.308666824792936 0.204126991421742 0.135839884680751 0.0433225362741548 0.116595325754732 0.0175742511103738
0.00609004744184901 0.165060841406529 0.0905293904260026 0.292284595837695 0.127441284065659 0.020365251354252 0.298228589468014
0.0804525659754954 0.149470330194855 0.140455763205202 0.113594966439305 0.224592750679747 0.130716084406888 0.160717539098507
0.244966144898654 0.0526282067473255 0.232170679814622 0.228141320607666 0.00703100330518135 0.0123688361001116 0.22269380852644
0.0721916114258756 0.154997611081735 0.164708313657597 0.145065482063265 0.0561102294519904 0.213912933062389 0.193013819257148
0.0905324064984032 0.185030561864556 0.0931431146987638 0.0549823151532291 0.237257162155821 0.169507901582416 0.169546538046811
0.117731962167261 0.162018884638848 0.214456073798119 0.0588480438040775 0.0525476874224113 0.159695869145428 0.234701479023855
0.0512839222081601 0.135057358447339 0.213061162992188 0.0277909118545907 0.0590774349383663 0.277369881240215 0.236359328319141
0.116554912422984 0.0908189974098011 0.177031473026534 0.174417450155147 0.116187221279448 0.104518287692886 0.220471658013201
0.172960736516468 0.0981643481479326 0.049986531742373 0.124460905385127 0.15557871644703 0.213832330302167 0.185016431458902
0.270570490786213 0.40989385734597 0.0857318708374531 0.103175286981818 0.0603735529135263 0.005020424969797 0.065234516165223
0.0347639466225941 0.17918102297281 0.176386628176024 0.247374434031921 0.040300964536331 0.0899746859076912 0.232018317752629
0.12084981207778 0.164611468211931 0.166848456120215 0.177704829932847 0.0221081906791124 0.20299199307591 0.144885249902205
0.140820479238422 0.177888047129999 0.121171706069119 0.208037858050662 0.211969604934924 0.0984298982987349 0.0416824062781395
0.0259297328545755 0.208872507979231 0.136506322739335 0.109943676386447 0.247289453058287 0.143014280628711 0.128444026353415
0.242890158109335 0.00957478893862153 0.117027370226847 0.228745367170606 0.0905169908901652 0.186056538602525 0.125188786061899
0.0814885560307722 0.12631636340875 0.409800388573564 0.0823656830384031 0.00834139008612243 0.195272073433771 0.0964155454286172
0.107801378655516 0.191769081909479 0.0773867935543867 0.24469515748993 0.221652758756573 0.0278286588490624 0.128866170785053
0.109349381439398 0.223985326713643 0.123510329726996 0.141927330609678 0.136635133222419 0.00533738166757338 0.259255116620293
0.112706661298124 0.0710697022275014 0.160212102196053 0.173977274871332 0.148522883030084 0.155710928474779 0.177800447902127
0.218589793502409 0.216139646528836 0.0263539830817796 0.0266555022771921 0.187811237816336 0.196317665799249 0.128132170994199
0.205260189150091 0.268866118383711 0.0641878828959826 0.00114999793733851 0.120717008753053 0.300604077284254 0.0392147255955704
0.0591783533433839 0.303931541370337 0.0772858885138442 0.171282337941269 0.103135128609161 0.279630217365912 0.00555653285609293
0.181949626599482 0.165997595775378 0.129907387846369 0.167677021082802 0.109619114874066 0.230975615408164 0.013873638413739
0.180205708288858 0.436180535384604 0.0168411820948664 0.0173414313297546 0.0162577065771206 0.229361675620872 0.103811760703925
0.0258279930880684 0.107798935676307 0.0885503122769052 0.1904552019498 0.0984789503835242 0.294098317531533 0.194790289093861
0.156962075849214 0.154205613405948 0.240957303488862 0.168699425052106 0.0631574382239309 0.113447396710308 0.10257074726963
0.124351522580148 0.264720977028736 0.157385450717816 0.216980274972514 0.169323209593237 0.0521226177968241 0.0151159473107252
0.232855342682862 0.180663687367406 0.0186774341272976 0.203589257337478 0.0756025335995091 0.28127793504429 0.00733380984115771
0.0502987016571913 0.113245659119258 0.227383757297174 0.00196314736320889 0.143452282235493 0.211745993051408 0.251910459276266
0.0436797640919023 0.117298155492917 0.187539126893737 0.356780761008907 0.19584424095369 0.0186032664065463 0.0802546851523001
0.162585997501178 0.0447823794198406 0.0521873332792487 0.0220431162240783 0.328292782580527 0.310655014962481 0.0794533760326474
0.147481533341661 0.30939382344717 0.0864040291635056 0.168353176642294 0.00943153255782286 0.199411552315423 0.0795243525321239
0.149482823626766 0.139071544618874 0.129329762868192 0.0497665011654924 0.279702406896826 0.170619951397966 0.0820270094258831
0.168616980046491 0.168642887847709 0.171621757781944 0.0692831023307719 0.121028788192688 0.201142194609224 0.099664289191173
0.253395862302911 0.0375995326679365 0.253774863689236 0.203639955185801 0.0972391389639218 0.00326245750092017 0.151088189689274
0.170798841514344 0.0978079086633772 0.0888063424846515 0.0585496861432472 0.203563913403004 0.196180657463575 0.184292650327801
0.0913874518771945 0.0558803231711798 0.171027994434111 0.193161626654068 0.255506495242051 0.136896876784364 0.0961392318370311
0.00517933624581145 0.0660049235598158 0.135546487722608 0.270109904518866 0.249211139217441 0.174692438214799 0.0992557705206582
0.161766736302971 0.16472677474414 0.207594145929664 0.0324664159358516 0.231710148222345 0.0953654584479221 0.106370320417107
0.14371132378724 0.148082831410149 0.0497754664380103 0.205314490508525 0.180661392167998 0.0665807494557983 0.205873746232279
0.210115404791898 0.18402786711698 0.13731856083487 0.134982135006382 0.219189607152219 0.0691595216471819 0.0452069034504689
0.123114570302066 0.131526480258122 0.262657793477049 0.131047718895596 0.137090636046457 0.112267403864567 0.102295397156142
0.202336886328344 0.0877024629315332 0.0284826980817627 0.162635179691518 0.236755374659661 0.249979271861055 0.032108126446126
0.00376533968866543 0.0883432984847792 0.203131684169556 0.190037652010488 0.152701813918668 0.15024268130655 0.211777530421293
0.177440892712886 0.0147288626596697 0.155035603020416 0.139721639586166 0.204042947819283 0.210439640586187 0.0985904136153919
0.110949755832306 0.0543142721666372 0.178483960762328 0.149330165554046 0.17528161297503 0.185371987585242 0.146268245124411
0.156758828926914 0.106170166806145 0.252536859132752 0.228587015368127 0.213955266131855 0.00876889955546348 0.0332229640787438
0.147795758655422 0.144560383285153 0.179024092513303 0.185787017315216 0.170368544318539 0.14386179131603 0.0286024125963374
0.19105204676501 0.211179795562703 0.0716010008426448 0.164779020863479 0.196080113842448 0.0764597023694115 0.088848319754304
0.168587793442598 0.0736562728418344 0.153846680382783 0.0788943395747382 0.277027308343401 0.194343807762746 0.0536437976518999
0.0472883896152062 0.0113688414401093 0.00321983235390501 0.227380934675649 0.324823663226169 0.186699532769965 0.199218805918996
0.00620298604917462 0.284204326157284 0.289740917686411 0.0513124883945135 0.00390986061661645 0.213430932932385 0.151198488163616
0.207302123412382 0.180889655190721 0.149900754737376 0.142227369335446 0.0645575993386246 0.143458593341396 0.111663904644054
0.267869647882609 0.0028217417846996 0.0168868184036006 0.284090504244305 0.0826390767883393 0.203247962510503 0.142444248385944
0.0315073141456283 0.0196018285956292 0.229764901528828 0.211159987308589 0.20506244194079 0.0627458763854754 0.240157650095059
0.375595595732044 0.0559542757409478 0.155695115895339 0.0364483947802589 0.0552333701952385 0.153869564650978 0.167203683005194
0.201281579498538 0.164206585757798 0.0214684376325652 0.109153657120697 0.196310240928949 0.0747839514163148 0.232795547645138
0.0249914483064447 0.066340729756648 0.437592995533613 0.0129231133460917 0.15484611008439 0.130395354556175 0.172910248416638
0.185110103885707 0.0867361255465763 0.205742592805452 0.0227216781043501 0.111324795347087 0.230037764062793 0.158326940248035
0.000397452630812825 0.250971378986067 0.0236398746803469 0.225138145297597 0.220031266001726 0.21801103214492 0.0618108502585306
0.077970453100384 0.184849341943426 0.258136835835722 0.150765545052585 0.17439652257763 0.133048221056361 0.0208330804338923
0.0727731416144305 0.124551604335432 0.29962522994913 0.0604043958176209 0.105247897638791 0.105769992443806 0.23162773820079
0.0944316103242904 0.111506346530211 0.151472649636617 0.0902901424475275 0.204317258015659 0.194078988911223 0.153903004134473
0.186637630684299 0.0701292405761426 0.171924774735263 0.169806085462754 0.22769037005767 0.164522620504983 0.00928927797888784
0.0411876183477596 0.21793287562401 0.138238117080236 0.0552610701809956 0.200611584874206 0.141004392156548 0.205764341736246
0.206293698090382 0.245030429175301 0.153723319236729 0.0747891788994974 0.00333135975620699 0.180676680683979 0.136155334157904
0.0704793774090408 0.0535734630346422 0.194172035237945 0.11515379498556 0.219246289604027 0.214390120450286 0.132984919278499
0.131230384693945 0.246658522693398 0.143525506109399 0.0887725219690732 0.243981096257864 0.084230988693374 0.0616009795829477
0.0696211964473009 0.0412768702910746 0.131225982928534 0.265945876549988 0.304266717395841 0.147334913899428 0.0403284424878336
0.113387314509581 0.10839575816346 0.27920857839488 0.167475928782175 0.0740625462549901 0.0657617928042021 0.191708081090713
0.23819857007345 0.226906774629084 0.0344987697706481 0.0671301451618742 0.243255262226671 0.0990711409079754 0.0909393372302975
0.131132011495869 0.195832064229672 0.205161382929754 0.00592904059225916 0.0799098487419705 0.300031022580479 0.0820046294299959
0.182671915252288 0.087434106579027 0.208229218227997 0.193854517753404 0.167079606351738 0.00903713756250742 0.151693498273038
0.061293564428838 0.275193749627987 0.0640976088622865 0.0536984003468287 0.208756037676384 0.136163886072217 0.200796752985459
0.0360968687433807 0.192271082648869 0.223291623251611 0.203878310176806 0.127655504417555 0.0686192141632439 0.148187396598534
0.0837195161948206 0.122117981031882 0.18824595677387 0.193362736853328 0.197854956220301 0.168521941490496 0.0461769114353024
0.211784247746239 0.224213013319581 0.0274938958793467 0.120279141163492 0.158801519142796 0.0266095637357751 0.230818619012771
0.0428794997204142 0.0910322234172738 0.282718244595989 0.192358674206487 0.0627839504143391 0.0835954666651146 0.244631940980383
0.0819380863124681 0.289337749094701 0.112404372268368 0.0390480840888596 0.0691281836931379 0.342197340158979 0.065946184383486
0.019345868633364 0.105195785363118 0.146403999070614 0.316788647452049 0.188004711736631 0.0855469180121273 0.138714069732097
0.057495807147333 0.237016993132006 0.313269413974345 0.12462439499196 0.0386973113571381 0.154387864900867 0.0745082144963518
0.106498855864361 0.239007170501254 0.0967078012278168 0.213821209121544 0.0512195423789155 0.177713892793724 0.115031528112385
0.166126476946141 0.0844755793089956 0.333668650256303 0.15613200434293 0.119175600368122 0.106484567076743 0.0339371217007654
0.240390075237366 0.0030524815885409 0.161751477564988 0.0783885107388243 0.219079146257215 0.230662842278855 0.0666754663342111
0.146743012518075 0.0306772261332189 0.212621485216144 0.238690364528242 0.185078956227199 0.143132456535388 0.0430564988417329
0.128978897608682 0.113147763978875 0.215860656132653 0.00693870030553856 0.230479539425161 0.166515983323062 0.138078459226028
0.00753069291192351 0.11346557658152 0.0306152720440818 0.168249128391199 0.158789789591444 0.290398593827812 0.23095094665202
0.120991672691267 0.0866365526656665 0.182783818649866 0.195750917304185 0.0761900035021371 0.139010921086756 0.198636114100122
0.190441614122575 0.17524320955634 0.0411821011555882 0.230242628576573 0.0826932499788681 0.246566292351773 0.0336309042582834
0.17152322660246 0.271089602808066 0.104225177516979 0.0339195676529262 0.0863005073251398 0.0361833943082534 0.296758523786175
0.00415157833432976 0.248267447817642 0.225342166045776 0.034681714424718 0.271048142147017 0.17064037836111 0.045868572869407
0.0992387833953982 0.0590805428714678 0.141293075702629 0.122416365874725 0.213060573115472 0.113609728518513 0.251300930521795
0.159777426044633 0.0643472630356853 0.162405059405591 0.197083106147327 0.118794669957657 0.0969721198301394 0.200620355578967
0.179363603399062 0.197922658252735 0.150595647016631 0.110828721114278 0.148283861678069 0.0983626984594807 0.114642810079744
0.161299318000545 0.0418762212000126 0.212299792809202 0.115900116223028 0.0698686514429602 0.251104811552258 0.147651088771995
0.0702859066482843 0.14395378372102 0.0772942881561178 0.18431336018338 0.194074660589406 0.169728426247266 0.160349574454527
0.216850062714427 0.202064765621426 0.00407552904097793 0.216192843082348 0.0980598838084208 0.0532716408095946 0.209485274922805
0.129203099847107 0.187141232012982 0.0827802868466951 0.196435961902662 0.19938953347396 0.0454447745654615 0.159605111351132
0.104748757958975 0.1533203639411 0.164128719385854 0.153703437485634 0.118009670126003 0.202767483898049 0.103321567204386
0.192691113395334 0.0875291878915738 0.000773022516645748 0.250392902945008 0.163213598143959 0.24367549196123 0.06172468314625
0.196568580445879 0.250763901691941 0.0840463209426286 0.166538054712562 0.0120184097592239 0.0634978222584341 0.226566910189332
0.123085646139274 0.140825796983438 0.179353773637291 0.318601289557 0.0151020501264427 0.0762810228773104 0.146750420679243
0.168079542348583 0.115545537273972 0.183196694713661 0.246467073360522 0.142522350483604 0.0962935449721218 0.0478952568475348
0.0906749757122417 0.203148222386435 0.142113580325979 0.114590087117673 0.196121292238427 0.100505536944228 0.152846305275016
0.0596998311385921 0.227444865533797 0.194291687521959 0.0151129031497113 0.164195348445027 0.267699526940372 0.0715558372705427
0.133409557457099 0.150214557576045 0.151455070410495 0.150085602562373 0.168197449749742 0.246221697511987 0.000416064732259652
0.00478576389465461 0.354662961381487 0.0429345434485439 0.24110652965893 0.0307828084008021 0.241089386518176 0.0846380066974054
0.186668439563552 0.0838735460411539 0.0640556299729936 0.0783197990203888 0.139743474167418 0.235314436886394 0.212024674348099
0.0400206253334732 0.115135201997663 0.249636015686597 0.270661048034194 0.0475655716464203 0.246863040883645 0.0301184964180068
0.234669254819432 0.241341706768299 0.202597227376825 0.0912248770117753 0.0880594564717391 0.0637429751377338 0.0783645024141957
0.129926500995661 0.0992039058109372 0.103005235862456 0.140232585322751 0.0339754566335374 0.222425942872656 0.271230372502001
0.215809781311743 0.0600970309155662 0.0148513014453267 0.0799702987538729 0.158768607319662 0.204868271022777 0.265634709231052
0.134774732730026 0.210286816993091 0.0219990991793827 0.167883866359705 0.0955587372034976 0.214354486028612 0.155142261505685
0.20020553681037 0.0793399846092702 0.307304449773966 0.147134993437641 0.0939110979412416 0.0774369036336173 0.0946670337938944
0.105185274657387 0.279154099451634 0.0719693078036136 0.131931447182023 0.105744537858461 0.112599232276883 0.193416100769999
0.0311930937425672 0.202323391249665 0.206170156250828 0.184167485842284 0.0220101803177952 0.142978207049358 0.211157485547502
0.0711045960836587 0.0637269021927903 0.271654597589892 0.155926548797106 0.309259114552427 0.0609461394305051 0.0673821013536206
0.145845322566103 0.130516615136315 0.192096667318967 0.217323158902789 0.0552124076621375 0.179989493683184 0.0790163347305039
0.116549076776987 0.0356611864720776 0.168190598914761 0.208902201674285 0.0760261406680894 0.170160594515281 0.224510200978518
0.104611747319734 0.057193925727539 0.134832838603731 0.16550020443335 0.00725993262939017 0.24359876687484 0.287002584411416
0.0195105516452721 0.224400420068239 0.091837132381093 0.182163120597962 0.23882530675402 0.0930184621907901 0.150245006362624
0.262294284912275 0.0564912015151839 0.330119632607883 0.0361912865396424 0.210054165704407 0.0460650364200356 0.0587843923005742
0.135968311648187 0.127184476094628 0.0878947816688703 0.144367823060026 0.179153351246912 0.0939522563781834 0.231478999903194
0.093732524524977 0.252120000361921 0.261164960987871 0.14598724420843 0.0274644150484837 0.0608427084913003 0.158688146377017
0.110763696608882 0.019580993192574 0.224629845693291 0.212321233125106 0.246585261280849 0.069016918356338 0.117102051742961
0.0131489022941332 0.229910083930925 0.242870922255464 0.0865463907658536 0.162819653701331 0.248976911929788 0.0157271351225054
0.184191708245095 0.0589274061078717 0.0152963614743612 0.397014483900892 0.256166417345375 0.0753555548677932 0.0130480680586115
0.134686459144531 0.133199446583301 0.0854468192001133 0.189205138939393 0.0717204409286163 0.174553396545916 0.211188298658129
0.13809571728347 0.12945309632982 0.0783086618377557 0.201325870923448 0.195419728817321 0.148491687574556 0.10890523723363
0.0997082115639768 0.120147149033616 0.0980701058281208 0.154832877831595 0.0759876679426814 0.277132746316378 0.174121241483633
0.209642526253474 0.121892699028862 0.247648350589408 0.128390423335217 0.270759935249865 0.0169608281426497 0.00470523740052386
0.191131228900204 0.0302768395912473 0.231779627469449 0.0466696772274238 0.153990724954157 0.237243423267083 0.108908478590437
0.152047924044864 0.24001349367427 0.180173580507681 0.10285207829171 0.157356844275659 0.0185642142914504 0.148991864914366
0.150477469222515 0.115313492814595 0.137456075804521 0.164030472635729 0.0895441579939145 0.165203466159018 0.177974865369707
0.147463252256055 0.151526082557111 0.147957217549458 0.107670986257821 0.141962817132586 0.201469237113938 0.101950407133032
0.037608635826488 0.13149950534571 0.266325529343079 0.082225966311257 0.26263856661045 0.18499549437481 0.0347063021882061
0.121511299198779 0.0527553508555378 0.0563057674837064 0.199559897328849 0.261411751408921 0.030197189108392 0.278258744615815
0.0197705491914954 0.235967133143976 0.111277366701874 0.100564275993226 0.252023953556428 0.233187701704196 0.0472090197088038
0.0107999411368715 0.183445498931444 0.245459187747514 0.224955651681589 0.0632190777053713 0.114797678095603 0.157322964701608
0.152398220594496 0.00151186270569692 0.202240681917961 0.258342960611511 0.0529039033293351 0.25733154017794 0.07527083066306
0.181523848444817 0.0940400630005108 0.0192669086621109 0.169038613510727 0.193636155138761 0.2275611199912 0.114933291251872
0.100193946802223 0.0703181730380394 0.20984468544823 0.232515681400933 0.0906532125714821 0.206631515297394 0.0898427854416977
0.097732331447286 0.0249960418077104 0.218768101834952 0.176789899184628 0.231386677520079 0.21870782673361 0.0316191214717345
0.215040125764716 0.11348905761378 0.0417754100876415 0.209364112375279 0.217901378259232 0.0837436487346774 0.118686267164674
0.233857809905869 0.165672582738521 0.0782329239992833 0.171061916007957 0.259599810235083 0.0899108102420834 0.00166414687120257
0.253417242832141 0.158785732125276 0.118993453944728 0.0479245982301104 0.230621945838153 0.0701304518401226 0.12012657518947
0.000607093357997706 0.187139430027612 0.306112727965097 0.239109272783002 0.112107173989289 0.0509615589767214 0.103962742900281
0.149463522747809 0.185416276310489 0.0616178272993662 0.113516077304538 0.0943307365692476 0.21091956466295 0.1847359951056
0.216715843330735 0.217849912857057 0.190898822079457 0.0718558219561354 0.119611800403147 0.108916834221563 0.0741509651519041
0.128328937702418 0.00445421085877461 0.0385547905098171 0.200531620278534 0.236256549241062 0.218591998428924 0.17328189298047
0.22895726891183 0.165577514054424 0.0681131014074356 0.0326803290421546 0.3248003221457 0.146603533182492 0.0332679312559638
0.248444950836002 0.101960834772004 0.148883411737276 0.0767148668544992 0.128978071838988 0.160609311718494 0.134408552242737
0.197841097331137 0.169315830524528 0.182283383386403 0.16270937529495 0.0770706736853367 0.0106205093405346 0.20015913043711
0.109523874674369 0.120427260029777 0.0694727435411406 0.140964327854982 0.158327571632535 0.173794355283239 0.227489866983957
0.147198449774856 0.162388279654777 0.0922394178887134 0.0567713406883351 0.124258235170952 0.199119908386381 0.218024368435986
0.118614278202488 0.185875232110082 0.0470508424026579 0.134852038889323 0.191808442247728 0.156749605584073 0.165049560563649
0.222097335203708 0.205367694666205 0.0694002865548533 0.0257693648769344 0.0589871782848989 0.199176008881707 0.219202131531693
0.170683238955791 0.0441591336429188 0.115004581251893 0.145474722406485 0.250297752324943 0.128777837462395 0.145602733955574
0.146322502016022 0.165460650672843 0.159077232561682 0.134277376910673 0.206045371142113 0.148684680964777 0.0401321857318905
0.268832921834289 0.114879027009694 0.130703683776015 0.0264633474007613 0.118435747145969 0.0878709850166353 0.252814287816637
0.107604568907416 0.202506263471 0.0257265469688857 0.173016730027392 0.211077691345974 0.235684474439625 0.0443837248397079
0.152017476417893 0.196800935447833 0.0537650976288746 0.0144671918165624 0.209353956028039 0.123255970325328 0.250339372335471
0.217044935551796 0.256543701465078 0.0373209997246907 0.20838601898211 0.133238503474175 0.0509730355267502 0.0964928052753999
0.0113505375401652 0.263329441788234 0.156272684394973 0.0295781773971859 0.160750769092116 0.0920573607354926 0.286661029051832
0.142704870633539 0.00853281142134439 0.138560423855513 0.155234583488475 0.244459865900326 0.117218991755688 0.193288452945116
0.163151281056119 0.0734185820292591 0.168475663184005 0.10167663014378 0.150396387515233 0.33469890651079 0.00818254956081354
0.117495125241675 0.188486914579544 0.0286746135416288 0.0931832857312534 0.205281273522865 0.311173464952178 0.0557053224308563
0.0711676750596443 0.07235894736963 0.0747876000378677 0.38370516493531 0.245073436610622 0.0400154465420147 0.112891729444911
0.200427451384296 0.175246019691834 0.0593040357844013 0.149547491525146 0.134571962127132 0.146562904653844 0.134340134833347
0.180451738835885 0.120955387597141 0.0428384355980533 0.233401682894347 0.104135880321988 0.124209744715583 0.194007130037003
0.0796417175477036 0.231608791212279 0.058543015512372 0.169752089541151 0.193657095268995 0.102408184588339 0.16438910632916
0.0242946347184415 0.0973161650110042 0.281212119137272 0.343651030430209 0.0902744424483963 0.154046129787229 0.00920547846744741
0.146451929681751 0.248982330335111 0.21130632917403 0.125250383763007 0.10219088796291 0.109502050890079 0.056316088193113
0.170729106639119 0.241648245505044 0.11056772670199 0.120166958994539 0.0599985036668689 0.120860332862658 0.176029125629781
0.166654847805912 0.191885258097425 0.0900619754658513 0.172990013511317 0.128752167532702 0.066042347329427 0.183613390257366
0.206776588920607 0.162994737582847 0.191699255913233 0.0540076472732184 0.179020958874587 0.158084436353961 0.0474163750815464
0.230914128606159 0.0703041266739163 0.0763845826812182 0.117330037819622 0.119146106002117 0.209814732211618 0.176106286005349
0.135125472458573 0.137785907076975 0.11468632049173 0.156642584210012 0.176941044732459 0.087613285650106 0.191205385380144
0.207896176006986 0.0452078831897301 0.106011259165263 0.0978928638756737 0.216819285206444 0.14479922547591 0.181373307079993
0.179869891312299 0.0512816647302927 0.247893368429923 0.0635146852449792 0.237247974079935 0.112207509936817 0.107984906265754
0.241034482819852 0.0310992015383878 0.0529714298630529 0.0344245875946115 0.149218165801415 0.224677252632804 0.266574879749876
0.32550707205664 0.00711756339813497 0.178139339609982 0.00580101389371538 0.199969528461338 0.0527445755549745 0.230720907025215
0.181378047101461 0.197596522469115 0.064467524075139 0.152429886607145 0.204692743031773 0.0392843298432511 0.160150946872115
0.103197974765162 0.234999535678581 0.307242519173847 0.0319702883556519 0.1150146645605 0.0157743191505416 0.191800698315716
0.217855749711884 0.15773338209216 0.0434081312085847 0.191687646431364 0.189614530671862 0.0658162689207053 0.13388429096344
0.177019848911023 0.0637893002623255 0.184081230676018 0.204846635319932 0.132166451628989 0.0844608312121044 0.153635701989609
0.0756214685856471 0.146886017604916 0.325712091969254 0.130461473639162 0.276949637004165 0.0187950983060219 0.0255742128908343
0.198042904505354 0.245668967728638 0.153172621527206 0.0397908024116137 0.105435897358248 0.0123899089623791 0.245498897506562
0.226913560792914 0.0380160677751774 0.252948222241053 0.0918749361414044 0.23331897463712 0.120010868785303 0.0369173696270279
0.259910986966945 0.216060151747444 0.0866034099163336 0.0912897466406994 0.0861517560471057 0.211668071099963 0.0483158775815084
0.209282977829429 0.180857959925264 0.035593801286205 0.175928074854793 0.205188758587199 0.00797399040283459 0.185174437114275
0.112331514277646 0.0916077251299325 0.172208110615633 0.353861815089925 0.168528720035595 0.0832913871689882 0.0181707276822809
0.219656781441152 0.302146523309879 0.0181671831034239 0.0549786535093086 0.0734608261558333 0.18159653781205 0.149993494668354
0.23339561205866 0.043808949343459 0.24269703258299 0.0880448826834351 0.146348482148999 0.209414702322974 0.0362903388594829
0.211853261659527 0.113360568481124 0.0824276254375603 0.0518165661929811 0.221445475423661 0.283169121288467 0.0359273815166803
0.230055387206735 0.0697946472080394 0.101543705118351 0.134615985988052 0.0471963506725948 0.37056570122214 0.0462282225840881
0.189872192606406 0.116546682341253 0.111858492668598 0.20905168839163 0.10644719676135 0.10153599451361 0.164687752717152
0.0552440249186259 0.0164161093228886 0.0576545109103876 0.105811032053994 0.0210975917589558 0.361865856294474 0.381910874740674
0.0667106373657199 0.277196301090473 0.0742683009070569 0.0679536046311482 0.213451877200466 0.0893368890282161 0.211082389776921
0.251280250842643 0.0477155878194239 0.114869121534034 0.146905976986195 0.025165164345949 0.176103105742321 0.237960792729434
0.120118600588326 0.164458453185245 0.0186271807982659 0.155816175691891 0.245865422880546 0.0464366634381341 0.248677503417592
0.255624383126594 0.208426888697936 0.026198082069212 0.148081087859679 0.202171341433548 0.117025229397403 0.042472987415628
0.229064229423861 0.280515516761126 0.128096836540305 0.0192745482643853 0.167796203788194 0.150193146402371 0.0250595188197562
0.157001927356546 0.0990881057877849 0.248829896603988 0.153067967425262 0.256107961740621 0.049257268563966 0.0366468725218327
0.0998672233089574 0.236877407159055 0.17959326591766 0.0265755041861423 0.123344755401972 0.10348230878367 0.230259535242543
9.05804849274278e-05 0.210026295296319 0.236962083106198 0.109773118028683 0.319136089799424 0.0168544964340319 0.107157336850416
0.119207794219275 0.14115754194564 0.185099176307439 0.148626180915896 0.210510059536981 0.15374339894542 0.0416558481293485
0.148232118863574 0.0741452521157059 0.237117652846388 0.265637319188421 0.112691391631164 0.0832334243609472 0.0789428409937998
0.0631244859938573 0.225007327965184 0.082420151685091 0.00797136498284969 0.299135465642303 0.121463892499912 0.200877311230803
0.0357472214353984 0.065763817040026 0.10040592377036 0.179543188308727 0.237393095831768 0.179625723416639 0.201521030197082
0.192748512657058 0.293375032744991 0.0281307563571003 0.162789224222793 0.0789447099364346 0.0334865836314585 0.210525180450165
0.109722513196727 0.222434385081821 0.244517489182313 0.235048250197798 0.0583642907308493 0.0334396693230131 0.0964734022874787
0.0683833488779075 0.0967290854258326 0.292605510621361 0.161253034362498 0.191131606901002 0.121318031395636 0.0685793824157636
0.129562952759319 0.11609678195875 0.287353018923248 0.263161933826514 0.0890595202742149 0.0310115220261074 0.0837542702318468
0.089093629982387 0.198903413441873 0.180330620497462 0.196412536010258 0.0911671405353976 0.08422535767401 0.159867301858612
0.383674502050891 0.155344421514069 0.0273989411774162 0.16725242629656 0.150649199096664 0.0839813756246245 0.0316991342397748
0.00603603799441775 0.13322223881243 0.155126187895787 0.104714150231523 0.220596665763083 0.18551074321051 0.194793976092249
0.138064987568511 0.0429043278227105 0.00177184805315626 0.123131941429399 0.45332147937469 0.230442993153227 0.0103624225983071
0.112285576750665 0.0159588135497575 0.305260825125045 0.159281023844444 0.0177801553941075 0.207284169463006 0.182149435872976
0.257748153522258 0.00108620945153386 0.178234652257861 0.0314470776799357 0.226353291957607 0.174547670853225 0.13058294427758
0.0705016373668172 0.2722112589791 0.054392697729806 0.0403335694405922 0.128249814262154 0.296210393777299 0.138100628444232
0.0579672892589503 0.0124047494379822 0.202801030572079 0.265654940531403 0.0451582477096245 0.221877593202349 0.194136149287612
0.195417687319724 0.0453785952052968 0.0840197298103746 0.211396616620325 0.164296653693037 0.100875069987099 0.198615647364144
0.335627028590153 0.207635841934027 0.054910930338626 0.164798767489957 0.115101864797898 0.0622913389997711 0.0596342278495679
0.0370902531423708 0.148973232088404 0.20731132498509 0.166266935294693 0.225967821578339 0.0539979975092968 0.160392435401807
0.126870737611511 0.0849666935633099 0.216382467007583 0.0851340625744485 0.221295065581675 0.111212273466528 0.154138700194945
0.0485033536230163 0.196590641378407 0.0779244288026593 0.224092917631672 0.12288149976544 0.251320759955455 0.07868639884335
0.17631034693236 0.199911142374328 0.186490373315962 0.197644485268967 0.0244261930754494 0.00615739657132181 0.209060062461612
0.218541016550105 0.0300403434638552 0.123810359273809 0.0689244865373299 0.159278896232377 0.179612445418827 0.219792452523698
0.187950151654862 0.364754332678964 0.378407384615046 0.0189155410011576 0.0216064007048411 0.00510996035719091 0.0232562289879386
0.29796099825295 0.257730889462885 0.1141127504832 0.132308911079524 0.0410351559813207 0.101262393287332 0.0555889014527873
0.111982682010802 0.155467146535115 0.154379290093959 0.184845103366665 0.0314701152963463 0.154904313476948 0.206951349220164
0.140572553261746 0.0984212467904859 0.19881493367463 0.144570699793551 0.0961811103626585 0.0694575926820088 0.25198186343492
0.0292107310946538 0.256537740497341 0.219146137248176 0.103719217276453 0.0721858919713366 0.0617519948237836 0.257448287088257
0.180295514229272 0.0832725764806134 0.143470094379919 0.176925698927844 0.0635873309698523 0.185122406408253 0.167326378604246
0.0569977484046073 0.15818753042282 0.113700773856166 0.215454041034535 0.128220455507716 0.214862288492185 0.11257716228197
0.162305673014483 0.232067420403321 0.113953722831683 0.089929267739676 0.110317959082423 0.0753904198864103 0.216035537042004
0.102837385266734 0.181226968108895 0.159621717895494 0.12660331981064 0.132818290773272 0.126867461333173 0.170024856811791
0.233523965277302 0.0801097704946774 0.0280589175080648 0.0560307986979961 0.273710778465036 0.231016086358954 0.0975496831979693
0.00962121102536292 0.213798051323699 0.202237304295533 0.0123100324768542 0.209415363264534 0.15384015003455 0.198777887579466
0.187396603669029 0.0175624669446712 0.193515740384081 0.0430751307653607 0.234187325621842 0.184377587505907 0.139885145109109
0.186421863693088 0.0625492176553013 0.0666061794788409 0.276767378994797 0.245159894188093 0.0874125610205831 0.0750829049692961
0.208058415894499 0.269273178832607 0.0229001929217117 0.119568721867809 0.08651259711702 0.105549001836728 0.188137891529626
0.225026716190294 0.163005079432022 0.0594828122595737 0.0406410563844754 0.206082984486606 0.10250856843523 0.203252782811799
0.110613206103069 0.178203344729355 0.143480862799655 0.0937309101196137 0.196539120689561 0.00737390717091609 0.27005864838783
0.222335348112857 0.0414657019527069 0.181199277581922 0.182060119446394 0.13784666057057 0.150779066457159 0.0843138258783919
0.258332208868347 0.18892258714393 0.239258729737783 0.0686770417935253 0.00167222290172386 0.224391826119498 0.0187453834351936
0.258187833573173 0.0364414730617499 0.108792270529832 0.0990219016524923 0.214337811208306 0.228484858538731 0.0547338514357165
0.12813795979442 0.322616805317713 0.0313293535447535 0.0601678940370339 0.0549203077695675 0.26106110300964 0.141766576526873
0.225960644500018 0.0945437744068587 0.186337509235677 0.193832977955847 0.115262297462441 0.0283243167507351 0.155738479688424
0.211825114178441 0.250111298093634 0.0876470368450008 0.104517091709689 0.0646169499891715 0.208578056923753 0.0727044522603097
0.0619788261589615 0.217684259694449 0.155503153723478 0.109929415430519 0.0263057824165516 0.262222348885397 0.166376213690645
0.0402116587625252 0.179073947356736 0.0514701967919063 0.248312000229078 0.337141327849966 0.119813261588497 0.0239776074212909
0.111598003699271 0.0727664229326258 0.148863314326049 0.178582145119228 0.134910318630034 0.184557549882043 0.168722245410749
0.174744695140584 0.0250664800803076 0.157470012589552 0.213654232883127 0.0971499897499355 0.17555499230572 0.156359597250774
0.0793174134408767 0.0976529067969828 0.290217908404121 0.1780807230476 0.197354399978265 0.102015157890522 0.0553614904416316
0.0981182581178193 0.113759543706796 0.0487049731935458 0.113618226413099 0.296922969662135 0.047775498772745 0.28110053013386
0.180393053023153 0.200777842493751 0.0666484033860407 0.199728497543003 0.0612389417096344 0.0887520168024024 0.202461245042015
0.260939456295007 0.137375990884894 0.181785151308404 0.0214971464278123 0.187660229974123 0.161597334339269 0.0491446907704903
0.136271309847585 0.172541269530362 0.0459546719192728 0.116370666017956 0.0967957979551201 0.201356024350851 0.230710260378853
0.212403735268711 0.103843672525256 0.0966915205334925 0.0452065530875011 0.124009622232351 0.235503800878536 0.182341095474152
0.195809965660098 0.0795794295054229 0.124569765358874 0.0337249122872234 0.198166941243621 0.185850930895481 0.18229805504928
0.228200940849436 0.30578141527543 0.197847162591452 0.102762188900635 0.0735573710213494 0.0828147798154292 0.0090361415462684
0.156903803836888 0.328076567939839 0.0680766833386721 0.155032920414268 0.221898777063512 0.0493845429291159 0.0206267044777046
0.267659002478066 0.211889047950821 0.000768383139726411 0.0180250315129144 0.120901276348369 0.127907077099452 0.252850181470652
0.130864452056005 0.0487550018444365 0.0436859478082353 0.155835552441475 0.194177736124953 0.231128672022393 0.195552637702501
0.108524778351316 0.181260192024818 0.206789650121082 0.18274586641713 0.0884569362328046 0.0330865036982929 0.199136073154556
0.0583243154345333 0.345690985572705 0.126810947037642 0.00939496983096583 0.0231337162167973 0.204496261072406 0.23214880483495
0.145740256638701 0.08785527290103 0.250675515245 0.130068323776468 0.233640656197975 0.0932301947345548 0.0587897805062709
0.057888402783503 0.339539977511301 0.0146963909812236 0.0503641526373012 0.240282480465521 0.291332710675433 0.00589588494571752
