0.116569321426893 0.10329106269794 0.218554596379598 0.0940961111340257 0.211835900900122 0.127078936458936 0.103238499926145 0.0253355710763405
0.140533350590118 0.0810086439916671 0.244649237808214 0.108946308561649 0.086109323981557 0.139982262871179 0.103454361148836 0.0953165110467801
0.101820407294855 0.0672327263620604 0.151083571666139 0.120818377785549 0.111619172548953 0.136109360102308 0.143102284246338 0.168214099993797
0.198709927421713 0.16138604199789 0.174724453310593 0.0525153943330502 0.0980550831801711 0.196132303735024 0.0666142616304693 0.0518625343910894
0.152224986004975 0.190324137211095 0.171936139140666 0.0751745185452046 0.0546910712634131 0.128349268338127 0.20620103811129 0.0210988413852287
0.14058439376198 0.220710247022999 0.110924400469513 0.191037563548542 0.098779633422515 0.0303808021667258 0.119484658407579 0.0880983012001467
0.233241730743369 0.210375637444588 0.174955192230726 0.115329958901042 0.0556348284818387 0.195870045835514 0.00880128674410266 0.00579131961881993
0.216063592106361 8.78083643968122e-05 0.0863780935855331 0.222013821006249 0.166236307877279 0.141626796535215 0.00663838141888905 0.160955199106077
0.0500044154170827 0.076249437035201 0.211069835363661 0.0317350813263188 0.180819912799411 0.0811536515160366 0.146605554043139 0.22236211249915
0.200397528698289 0.0641089508675547 0.0801298859791594 0.103289007555549 0.128820973675782 0.0334659822958059 0.203688635330198 0.186099035597661
0.0581853527800148 0.0833618889187371 0.152956835663046 0.181573472131467 0.282882401907937 0.0821405600379287 0.145588074644707 0.0133114139161616
0.0309247428570571 0.278306390973576 0.138670133203491 0.0630827778701751 0.169631873270797 0.128897812600765 0.180876578827142 0.00960969039699787
0.260840140190514 0.0181141217635499 0.0285040217955314 0.250950280131411 0.23987691940633 0.00693563611757514 0.130582494553052 0.0641963860420368
0.110272323067601 0.0868487979337719 0.0770473977519683 0.0280853245561405 0.211303942978061 0.201477417756931 0.232912077651706 0.0520527183038207
0.099464986287294 0.0580670346677461 0.16716407617543 0.166736472145278 0.109713616454871 0.154883122715582 0.173091737551319 0.0708789540024808
0.0886075886277529 0.151079484957757 0.146111212654216 0.162836096275972 0.0702630272356008 0.0666881561705891 0.134509672049274 0.179904762028838
0.156894339153094 0.127322904551269 0.0491816399173666 0.195909529574358 0.17598940911227 0.0322058370916171 0.200540868748071 0.0619554718519546
0.310985054917923 0.0424242102711257 0.0250171240934236 0.280535759925006 0.134460185551066 0.0613892158381929 0.0670527893716828 0.0781356600315803
0.0688128666841675 0.163993480466906 0.0780931562302222 0.179737727514606 0.0948079560215026 0.175077569811301 0.156975927575812 0.0825013156954828
0.103309692924106 0.00932639101451421 0.118370837685443 0.181614998937318 0.199689868208717 0.0926917847195 0.202361990578104 0.0926344359322983
0.190520062423051 0.153962404370441 0.0705822521770823 0.0842692687213161 0.115264370725987 0.174885772139471 0.00302440441014082 0.20749146503251
0.117938613074673 0.0859434904303844 0.276685164033022 0.0072106789265301 0.113572524710413 0.0827520028536898 0.242044933692722 0.0738525922785665
0.0704588433765413 0.14194968441057 0.149461053743181 0.163172226731039 0.107227880947076 0.021343575009971 0.167805751361149 0.178580984420473
0.293990123942818 0.0234171665521982 0.0993033826242386 0.0371181725170067 0.121805562278124 0.0952853144969801 0.126237028453808 0.202843249134826
0.0509099248000916 0.0555701847002377 0.0920012238543558 0.0273384287441226 0.150033507382801 0.246284973741441 0.238798692464729 0.139063064312222
0.09130068560229 0.0785897716955325 0.222995897885583 0.0757708342167697 0.17559089825729 0.0727447220366718 0.123167070123983 0.159840120181881
0.157183911938683 0.264125906108949 0.138429297866727 0.0144132747926986 0.0641293780531577 0.145525386662629 0.0167450961808378 0.199447748396318
0.115985825164179 0.126270382372806 0.057080103613019 0.172685065051602 0.163902506542471 0.0583107808734032 0.127269864918192 0.178495471464327
0.0699161001063616 0.14814439245002 0.192400217777618 0.031806595277165 0.103861552304407 0.0709833951132154 0.17396926580297 0.208918481168243
0.187583541939504 0.124427416350117 0.180112699131864 0.165888695526327 0.102822521471732 0.143260433107578 0.0806686376270103 0.015236054845867
0.144304683351352 0.105450581006701 0.00785348177883721 0.255189366794718 0.128146008645501 0.143329613182483 0.096530639658707 0.119195625581701
0.0488324309178415 0.161496687384358 0.19640318654781 0.200385211075678 0.120982346667617 0.0848298162409822 0.153521601618723 0.0335487195469898
0.182623779811888 0.163276216513 0.148032490668058 0.105676923808014 0.119854966816758 0.142788683700726 0.0730389689325088 0.0647079697490473
0.222619529258192 0.066257103049286 0.114696561957148 0.0249840976740599 0.0816752458427821 0.150355188253822 0.215116385830704 0.124295888134006
0.147462589451347 0.144708658808345 0.106612244696571 0.144881466039889 0.202887343786083 0.0921437701187834 0.0428671649652466 0.118436762133736
0.167396000705518 0.142980528821255 0.113714947788731 0.152859365420121 0.120989091633107 0.0711430505661208 0.0810997959550737 0.149817219110073
0.0786997650193091 0.177017409148644 0.0156255560849268 0.0465578349716448 0.195723787578166 0.197514807561994 0.161873732867826 0.126987106767488
0.226258766025983 0.0720411061008973 0.132737530292002 0.219982098706603 0.0939603036838999 0.118485857146745 0.0621146909941635 0.074419647049706
0.119895321927363 0.0035075298105354 0.150173518276615 0.0475704647971695 0.0744012114435884 0.153133057697923 0.241410731222819 0.209908164823987
0.0626960029192034 0.128810372669802 0.284432302402103 0.0701229334498134 0.0781003047851019 0.0656611814798124 0.262765894852814 0.0474110074413493
0.0549248189279948 0.132543619746515 0.220679449329809 0.167770531644732 0.00420443219334201 0.21552184164403 0.193820855581194 0.0105344509323826
0.0257024450171064 0.126832708762002 0.155217045529279 0.103394050208628 0.130533615196311 0.138987573337342 0.162782853761997 0.156549708187335
0.0555699318606892 0.205294478022266 0.0933411066245696 0.171939350231992 0.0336530429121389 0.236771345674447 0.0883629347327052 0.115067809941192
0.0352965572775062 0.142432817554623 0.0550045710611676 0.23236745426563 0.142585868192849 0.103922674092158 0.148427630433015 0.139962427123051
0.142890955242842 0.356255679978643 0.0512124650833085 0.192891297221227 0.0162402684828353 0.0333169056703654 0.0201321857537212 0.187060242567058
0.0823500461938121 0.219162713523475 0.192097508691166 0.172322060169416 0.0953003888398878 0.0724849677956905 0.119787457301443 0.0464948574851097
0.115159142966235 0.0043417243935657 0.140069674954935 0.185722653033834 0.127327663810849 0.072963914862689 0.143949308652072 0.21046591732582
0.101142807235678 0.0269899592016706 0.195557338722199 0.0687911618765033 0.190899818978204 0.156332114209045 0.159564682627173 0.100722117149528
0.0292655274441606 0.183534005087359 0.077176802441234 0.113517090695049 0.263735515377021 0.205416349879992 0.0370054661306022 0.0903492429445826
0.0938194424446852 0.126761077525616 0.0991060353943354 0.110003814800078 0.211277185335317 0.0385397993283149 0.161731876263606 0.158760768908047
0.144288520920056 0.0436861484805292 0.222161852456117 0.224949807934075 0.0982808211013998 0.101821774391944 0.0921161917820833 0.0726948829337958
0.241884403112442 0.169046247267958 0.00825440869666398 0.0032148974916427 0.046645116348263 0.141436157100019 0.222929571767494 0.166589198215518
0.00993762869473392 0.0795805906424928 0.235422532205874 0.181908985713876 0.105167192746452 0.0495201909116097 0.235329632874802 0.10313324621016
0.166810108631593 0.201419625749998 0.231271500557747 0.143460361745389 0.0244258530968171 0.0922383553124432 0.132501690264689 0.007872504641323
0.127908948823494 0.00594299088183759 0.0536389115090812 0.192319832570724 0.232104180744746 0.229812563259916 0.109667561055142 0.0486050111550588
0.221250036120916 0.0991482770421487 0.135002094984828 0.228597465392409 0.049136175786916 0.0573939853918516 0.0877715340796043 0.121700431201326
0.213821716505398 0.126438707124789 0.164292337904548 0.170776310620259 0.10634260298737 0.101200914441458 0.0741444894146432 0.0429829210015343
0.166369698486813 0.04053084922789 0.0603673125947932 0.0944624903368117 0.101921994224822 0.211156687739622 0.139580293170383 0.185610674218865
0.178274224871457 0.00948606221017452 0.116772788613142 0.145073600299082 0.178470506518312 0.127307732919079 0.0628296442701377 0.181785440298615
0.147273872314489 0.0564581468753882 0.245427109786458 0.00824572982159941 0.0812051058546947 0.258494243391391 0.0698914674063885 0.133004324549592
0.114485592009759 0.0514354146100089 0.205649588749057 0.0959277338582324 0.116521279158846 0.214532846113232 0.0362944479058862 0.165153097594979
0.195102806312448 0.123363979934681 0.086948262498666 0.0779459696737054 0.158294770282196 0.055171916608814 0.043835667147263 0.259336627542226
0.227285134754362 0.0359647959246187 0.078707895467783 0.184887408762041 0.172816943138299 0.159651876109934 0.13045352593907 0.0102324199038933
0.260822894731166 0.252184611310648 0.0806601244384055 0.0944186878889559 0.0845707411279052 0.0760651140497949 0.0223573066546275 0.128920519798496
0.131084294123733 0.126715613499677 0.135486079183086 0.125356069189267 0.151110165010398 0.116931929700336 0.137122489976395 0.0761933593171078
0.153919064919261 0.220551656744889 0.0702546970802846 0.0637438411912367 0.143840452509351 0.00486901524453333 0.126965499797869 0.215855772512575
0.143267471458057 0.188822923812622 0.138172495026117 0.186376373509346 0.146361005203428 0.0190107603643461 0.00731010601363137 0.170678864612452
0.233594034106853 0.000767215957290163 0.17926867300135 0.018750721202946 0.12894324334345 0.0812985978616379 0.151791151467638 0.205586363058836
0.123659421206242 0.139414564697242 0.166710917879951 0.190470837254616 0.110487668428797 0.0878724167263461 0.0740182770732925 0.107365896733514
0.0288456388765836 0.0570558827708115 0.00180915737074671 0.160894789940296 0.189975616520187 0.159941100648511 0.179032951528694 0.22244486234417
0.209073316758426 0.0646141078847124 0.0773615624043617 0.0804851965788729 0.197322351205168 0.0114524366211726 0.153688637304228 0.206002391243058
0.0520029226170378 0.036287619564401 0.118487777496377 0.181880926955362 0.0904753046594384 0.14621147574302 0.215242732044019 0.159411240920345
0.228242912219946 0.23951863037227 0.0353324167507573 0.0334419915320062 0.0195058915948163 0.00986062193222856 0.0507058451801577 0.383391690417818
0.0462809370236374 0.0151342082073743 0.229061159718796 0.188558946652439 0.130463632170067 0.096874012007977 0.209398086530333 0.0842290176893765
0.116565495846698 0.0252522760393991 0.116959380637076 0.114809244720958 0.215995441267412 0.123955421366037 0.083264126934645 0.203198613187774
0.126134672029724 0.201654561172372 0.169013055101329 0.0805213448014469 0.0149035965218492 0.173108347524609 0.11178155026282 0.122882872585849
0.0398865431207629 0.194871974524375 0.192503432892839 0.153235280321568 0.0849879802070247 0.108997088848144 0.168742943389511 0.0567747566957763
0.0962398042645713 0.161315206732476 0.162898511559402 0.0368285967593211 0.195646688259961 0.159180058119334 0.156380773559573 0.0315103607453628
0.214101338316908 0.104187424964147 0.151724304938947 0.039700993639919 0.038815872572349 0.188766622933908 0.246111330432154 0.0165921122016672
0.194276903704453 0.0622448304758949 0.147459510662528 0.035213571861899 0.282968246973874 0.0655751563005651 0.203297000512592 0.00896477950819342
0.0622590816483289 0.178836074000217 0.0380311283725683 0.182129381114619 0.185790714310528 0.176549910092685 0.0947764703120168 0.0816272401490375
0.106242488192561 0.212486099587807 0.0407440537555628 0.195199328795239 0.0798297911384583 0.0756036620684101 0.201483377534213 0.0884111989277481
0.0698942979427064 0.0681169235952301 0.196019838335482 0.0143914384785661 0.174263625615363 0.0559362470549555 0.195262048743855 0.226115580233842
0.0754345181541657 0.181634825109275 0.0883916320014354 0.21551116684236 0.145986501767692 0.0399246990321141 0.126843984668905 0.126272672424054
0.23544599224572 0.140433503922755 0.0893829460251221 0.270876589534972 0.0325008217628458 0.0621251732150884 0.15406220688765 0.0151727664058463
0.122847415866778 0.217930014595826 0.014802776466759 0.0449538883063162 0.157849838104252 0.0430811333082644 0.181272427455485 0.217262505896319
0.0530380420672529 0.0187846935401613 0.133652802350963 0.1704138158101 0.168594790785641 0.121586179986039 0.159180966539474 0.174748708920369
0.090173659829811 0.155255173387866 0.158346105159745 0.0733550572399877 0.130722049147918 0.112469876884817 0.21575239602759 0.0639256823222646
0.118025662023863 0.111588431516998 0.125984405338447 0.131289963980746 0.199016772154503 0.210944568087358 0.03113726919209 0.0720129277059954
0.182325565087801 0.224201261647309 0.11315305438566 0.0696247315797046 0.12569941858611 0.0380854907213146 0.132619237108279 0.114291240883823
0.0710516469876901 0.221909340543127 0.099610253218452 0.22358556610652 0.0827185006722107 0.152078220032948 0.0501885077632151 0.0988579646758366
0.0228381462182432 0.263672432064246 0.0256852666866914 0.189409406065111 0.0802619381191593 0.338640368509826 0.0342143352586085 0.0452781070781141
0.117290148610679 0.112587142939163 0.148907763379851 0.131424387828947 0.0872409897811962 0.186079652468789 0.171210492377233 0.0452594226141422
0.017015659813042 0.124249392971153 0.142954010887566 0.133217709833999 0.172964542552274 0.162056727571188 0.135027510640747 0.11251444573003
0.18160983610357 0.163544433935919 0.106448336620605 0.15002463414579 0.149630307308103 0.0332371529971638 0.179420604175923 0.0360846947129268
0.00484311636246776 0.151280122063258 0.00785140303234034 0.152278624536214 0.237857621929724 0.0790844795767467 0.165552241087584 0.201252391411665
0.124724713295224 0.169774772478326 0.0597649579172697 0.181827120892782 0.1255304333009 0.133262787347957 0.18666966077254 0.0184455539950011
0.00315837166325051 0.142075174885488 0.0982960981389918 0.186950486936732 0.119703903025186 0.184488493906107 0.0653724976239667 0.199954973820277
0.00982783292056562 0.1434341791797 0.137131478103508 0.0140359970211586 0.187903349775163 0.252075892509369 0.149931948166697 0.105659322323839
0.100859384257409 0.11954099813049 0.0537907534603462 0.0393458061596591 0.182751673781727 0.0927103814840411 0.224784882055255 0.186216120671073
