0.111425824191064 0.114188167094709 0.127921927013412 0.125878782472472 0.0238549620993182 0.159869998399577 0.0743343197635654 0.0930962977736698 0.169429721192212
0.0877849788811308 0.106087727978646 0.157193616644834 0.135638902063849 0.0462349158377423 0.0284854969008726 0.177737254438934 0.152829102324424 0.108008004929567
0.0623472442446753 0.0733747006712705 0.119410635547613 0.174968975886697 0.0159265891062166 0.091962701909013 0.106613557422498 0.172927184210136 0.182468411001881
0.035235754855717 0.168993808020044 0.0486787286387984 0.281090093327255 0.0541598363284014 0.0109513713733956 0.162618900185265 0.138707246888581 0.0995642603825421
0.194639265526397 0.054804820939953 0.0497992664176746 0.0556303902974483 0.18797943708902 0.199172101876622 0.0031560217219095 0.0776326066863476 0.177186089444628
0.0854184331093644 0.234402549109245 0.00184822832477153 0.0609437274754346 0.217060709129279 0.0973072391952564 0.156964699883079 0.00293824484464091 0.14311616892893
0.122449161901187 0.0139433832307558 0.175542324616234 0.00562156783641817 0.170063297933587 0.0938215392712145 0.216778762605498 0.194204996873595 0.00757496573150982
0.163570395197919 0.00182701166109926 0.175714260115086 0.175466712316919 0.176755319685594 0.0873964084435691 0.145119419530035 0.0396031172251596 0.0345473558246186
0.133305492362642 0.140223869994916 0.165676371107738 0.167764051495341 0.106046350839615 0.115916086067107 0.0405879558206574 0.106975349919456 0.023504472392528
0.0759337658536571 0.0516246963235395 0.182566358772883 0.243143940426221 0.0332690215471376 0.0174469634358466 0.136075478466678 0.0425555161381924 0.217384259035845
0.0735531156324038 0.00610031051695564 0.137041428903399 0.120915083439162 0.159359808238097 0.119912959826615 0.188968797087072 0.115970105066688 0.0781783912896078
0.136608584250127 0.146398651725152 0.0956182456088622 0.123082183995916 0.0704041800682903 0.0562398223826482 0.0846391893306123 0.187070775341761 0.0999383672966303
0.114276053404983 0.186885262345945 0.107802096508819 0.128121715170379 0.184031130993105 0.00370163137906143 0.0960300522914066 0.0505576865096388 0.128594371396662
0.0675593382898488 0.189555195149815 0.0598623959823484 0.117922221607498 0.0867280326730096 0.155188368117219 0.0757626270407617 0.0506926255167325 0.196729195622767
0.0957790908596187 0.0343673189488708 0.137107666004861 0.101153247012054 0.120835663901561 0.0411195123239039 0.221771583161582 0.125107006814602 0.122758910972947
0.161926366800866 0.0239755610024122 0.110948738752313 0.123170721032521 0.134306847818413 0.130408317904498 0.139865170299947 0.0322833362936229 0.143114940095407
0.102432115955296 0.150544877692205 0.0732829459923816 0.188379988544475 0.0147646682934692 0.0941425136428141 0.0771814838327245 0.143195667603888 0.156075738442746
0.218903750803182 0.212629149198629 0.0504977205241079 0.0305024572801784 0.0328348515756565 0.192147130814632 0.0117457119631329 0.0280978091760827 0.222641418664399
0.0443375154271668 0.0817232283238725 0.0905894506633779 0.173624418435293 0.0531203170306037 0.183361939202863 0.144241785259572 0.129183741789237 0.0998176038680137
0.198766185674235 0.0204548298711326 0.15081097420217 0.16170335943803 0.0793017659710277 0.1277346250756 0.022250503936274 0.0815896374136467 0.157388118417884
0.183460092966599 0.172568780628489 0.00947723362621489 0.0767514365590932 0.030541307286926 0.16463048807857 0.191560805173698 0.156989640616781 0.0140202150636288
0.0817897961432602 0.190045849135158 0.022762488454426 0.0913570413720151 0.0258057053336022 0.0209966981998798 0.15598631246817 0.266360342312447 0.144895766581041
0.0740278034782228 0.152215785380376 0.122348635933506 0.0778112771052416 0.133334204615218 0.157007614809224 0.114677678616404 0.128903196802233 0.0396738032595748
0.10937763836262 0.0254162662002142 0.201177641261696 0.182161912985432 0.144608336753891 0.147199439696572 0.158451086774286 0.00414803474578144 0.0274596432195081
0.0196027595896 0.080506741713948 0.185387819566002 0.055721332770534 0.0703818891169368 0.175852580176536 0.162020827344492 0.136992463487555 0.113533586234396
0.150047913751853 0.230539473708014 0.0297965642513442 0.0105895118193608 0.035052729462963 0.169512731569948 0.143517865297175 0.157777870349949 0.0731653397893923
0.0909675562740715 0.00635244375099174 0.164619682709463 0.158820863213677 0.0582518354484297 0.115752728525442 0.200263558152078 0.0551029356042282 0.149868396321618
0.240964076925276 0.0265867358885935 0.153071521194174 0.114950620577569 0.0295161086749072 0.114129083359906 0.0924319900887666 0.202675526354068 0.0256743369367403
0.165546053856815 0.2427994984088 0.159007008965109 0.0214469873595909 0.00402320005582786 0.15143594158549 0.0687742879543582 0.0601384881866362 0.126828533627372
0.143406367795839 0.135469080686922 0.256458262882615 0.0164637397046226 0.0775912006190865 0.185914455674932 0.0574529129888204 0.123677956565327 0.00356602308183609
0.0816689769034825 0.147720240247098 0.145775044621549 0.134437373688888 0.156516235949716 0.0785399386236234 0.101227015313912 0.0347016152924306 0.119413559359299
0.160071967841188 0.128435768298788 0.147629095548525 0.0493477468025171 0.0200477853746063 0.14835782785933 0.00263239301873379 0.155400032085522 0.18807738317079
0.126270113907518 0.16909675446156 0.0707089529429188 0.130239444650648 0.0481176194194281 0.191881841957829 0.0317193185366874 0.153443297280775 0.0785226568426354
0.0366549800207312 0.0387402112822049 0.225293097361342 0.201758347904931 0.0671997179715953 0.0512099303902664 0.167054281454782 0.12873884650356 0.083350587110588
0.0602736200373146 0.101444347899175 0.0853409606597675 0.171320466269691 0.171166383512429 0.172939507127859 0.077524949286825 0.0385586706653009 0.121431094541637
0.125590268014839 0.0411907390980582 0.147382034557692 0.0260617620804202 0.110815002598223 0.0825980139415193 0.143766902415733 0.154235016101054 0.16836026119246
0.0731110645473806 0.107000538809882 0.106666752761788 0.0791043597608526 0.139993159321401 0.224966893457254 0.171408885240629 0.0488558062113551 0.0488925398894581
0.195021034028833 0.0929713564384724 0.205624183374592 0.0722020030259081 0.0758255229880045 0.0911201572579703 0.0904186799357145 0.0794356400325421 0.097381422917963
0.113329850253859 0.0317446110393691 0.12317778528844 0.196736842491592 0.124791939389441 0.0713359119342946 0.0551518221012024 0.174139740528745 0.109591496973056
0.0376039695858769 0.121921416264254 0.137991783639981 0.0947800727087409 0.226031878489793 0.0984322690938229 0.031878117965127 0.0796892102269319 0.171671282025473
0.0981470190577351 0.263458680751157 0.0984823843414828 0.012447522942911 0.193685896481282 0.00822131178721677 0.157528025027715 0.0901148021380405 0.0779143574724592
0.0683643419727933 0.0900764899901929 0.125816105749876 0.0563130362279407 0.0270292496901113 0.0491765311135336 0.225277966667171 0.168946731289602 0.188999547298779
0.0504668867692643 0.157451540226082 0.13718557532769 0.162547902933285 0.116393669800492 0.145536551415842 0.028638227491652 0.152360033251947 0.0494196127837458
0.0030452731440274 0.0257053733597155 0.0618514083518045 0.0881807216594592 0.287388091762398 0.214328435982437 0.0100636518449122 0.176878019897968 0.132559023997278
0.116985832877696 0.03570329394246 0.118763339975433 0.00208469486461142 0.0772662669834776 0.158073394690335 0.153741404192507 0.144892954142441 0.192488818331038
0.00123197241295081 0.164216362774652 0.145156681128716 0.0414416316542338 0.0811361895491337 0.183853508010952 0.0618939949221121 0.129496609715375 0.191573049831874
0.164561392442709 0.160103382526166 0.105988919541527 0.0379031574165434 0.0962562076412061 0.171849788156908 0.0508581798267517 0.10772462589376 0.104754346554429
0.140718111382198 0.143725390301817 0.13608261184323 0.122400969281713 0.0543517928182052 0.147177934509691 0.110480420205141 0.000352432864526082 0.144710336793479
0.00600284004093789 0.106714819163862 0.142783383756035 0.167089296375034 0.0544022765253135 0.199831694056191 0.184786381291948 0.103288817919235 0.0351004908714438
0.213923547933292 0.0662397274062304 0.0841708005994081 0.123759083328958 0.0131902263200865 0.11147176758249 0.242223985153963 0.0543137361143257 0.0907071255612457
0.187846879099894 0.0774568217005724 0.171486150666606 0.0390840484575361 0.167088955051974 0.0166775163998616 0.0472475585574772 0.10890767358853 0.184204396477548
0.176614015847647 0.0413582249291837 0.129368206107133 0.0522821501142641 0.178179073033295 0.115646361644893 0.0122838138199278 0.142707449664696 0.15156070483896
0.060836858423787 0.155833877750779 0.138803136846716 0.0445238191501216 0.165028400946563 0.157779216819642 0.145204894369394 0.085255802329233 0.0467339933637646
0.048600979773493 0.109582467184772 0.0492374925198431 0.312820507464594 0.0479795865368542 0.0268547617177922 0.0067363896514729 0.0861036872263509 0.312084127924828
0.194789956599903 0.0500737958889397 0.0947476996557765 0.200465480945246 0.134788983965839 0.108230747876639 0.00544865674731417 0.0564247494736574 0.155029928846686
0.0251867715584299 0.0867101763147211 0.159215641458446 0.104402535632494 0.0927270056113004 0.216086173384724 0.0762352344261374 0.0469170303528713 0.192519431260875
0.149178663225894 0.0437782307907444 0.160810408966809 0.0555227552651399 0.125122851508247 0.165406834539503 0.0324595838973997 0.101420830454474 0.166299841351789
0.0648504681101866 0.0761035385440626 0.194729022575119 0.211807735399131 0.00919782346498399 0.0271184445958236 0.192243745189389 0.1376067800746 0.0863424420467041
0.22155564730179 0.0262366341472078 0.0503546025417356 0.114976127922365 0.0464315959969911 0.0329155333362754 0.218872444134049 0.0771637401237979 0.211493674495789
0.172806409779273 0.20129517465947 0.152175450862738 0.15808085549414 0.105851314198611 0.0530667393414571 0.0839134443213416 0.00963441853690939 0.0631761928060597
0.18427122108053 0.100257754279714 0.188245726649856 0.0268710256234103 0.115314820707408 0.0901166911874405 0.101606383411677 0.0350302564363025 0.158286120623662
0.198321859189908 0.0392053076502432 0.205709713247673 0.107137375486643 0.0206697027910086 0.0635862871056933 0.0697033077606493 0.0816997105142252 0.213966736253956
0.1540237911517 0.0698271411112056 0.0868326699609515 0.174705320347904 0.0597307497090429 0.163135365056166 0.0152291247963768 0.179215397455435 0.0973004404112186
0.111345724300918 0.175786483543663 0.0132379678298257 0.118791554260999 0.19270218661084 0.119915039118992 0.0179747638473523 0.0296055672356686 0.220640713251742
0.144244480456311 0.0907072659486711 0.0148880231439676 0.129852726739478 0.225860015816106 0.2008128405789 0.0609859534320362 0.0603610340474436 0.0722876598370875
0.0675508147051875 0.140778111516706 0.0695833856554364 0.0780852369496422 0.165040246757127 0.120423730699234 0.156143277057709 0.054554219229576 0.147840977429383
0.014764969149229 0.0435238780174458 0.0992359211997068 0.131412748971823 0.093118144111555 0.210843788923603 0.159105168563027 0.0209714404160074 0.227023940647604
0.0623300836980069 0.125937821307142 0.15796372890321 0.0584120518965456 0.106148775339132 0.166471830762059 0.0748683482198829 0.0847619379890619 0.16310542188496
0.135413846876149 0.115767959034569 0.0330117353439639 0.0508470193281624 0.0402433532595006 0.161508690239247 0.087896457233544 0.161605859484932 0.213705079199932
0.0138984482266016 0.185420363133823 0.111757099829655 0.0921719978231703 0.130025586660635 0.0730606518363263 0.134742473155797 0.122532075153137 0.136391304180855
0.0619344221805946 0.0645149961156208 0.0990700674550646 0.171960730315896 0.122493511948819 0.0484573821831279 0.183741996968579 0.197517304655792 0.0503095881765057
0.00686452388892951 0.184433404321055 0.0105483404522898 0.1704011253916 0.004115583742127 0.167879507363441 0.0316190105897675 0.221999922434695 0.202138581816094
0.15213744584573 0.0479567306294824 0.166869657229767 0.162569295706282 0.163753039911331 0.000744203709063573 0.0668522337331093 0.0973539087499037 0.141763484485331
0.0849248866009463 0.119859485650891 0.0924948429888468 0.0613443864303186 0.0687747728379811 0.162722398430655 0.173333384635474 0.0342046076399992 0.202341234784888
0.0814187230874418 0.204541592049781 0.227460742895635 0.125550509034252 0.246323025121369 0.0209729920200707 0.0374057114567325 0.0151987532714413 0.0411279510632772
0.121684230909733 0.116265227319668 0.145786155969328 0.108665296899703 0.014609057801604 0.0960920768438113 0.15902760069757 0.10962052380612 0.128249829752463
0.160260321100218 0.017501628165658 0.165303060138225 0.178412878223796 0.0159288035736272 0.109458972182473 0.150600276487525 0.143444101761766 0.0590899583667122
0.192494830447504 0.0708979421109885 0.177461674258345 0.203608234970253 0.0433356374509009 0.0444203504538954 0.192239091690649 0.0491140860021736 0.0264281526152904
0.0954101811802051 0.0237233458773352 0.239721934800273 0.0722871780941558 0.0178797409855315 0.165349683566481 0.0645574936744188 0.173802315475833 0.147268126345767
0.115341249270298 0.00120559256066975 0.0991597994068086 0.287234463943918 0.0301476512355222 0.118345064994158 0.0980305259458339 0.201969070444936 0.0485665821978553
0.104898829859463 0.130064893603499 0.130047619618869 0.136174610152658 0.0699021286688974 0.153609086397492 0.0910204887417948 0.0557534741269968 0.12852886883033
0.0394550354294193 0.162255566905049 0.175013919928907 0.0435625134203244 0.175079968655245 0.0578687380523975 0.12743912801175 0.0511048057159078 0.168220323881001
0.149828108542668 0.168001634742363 0.105007875212931 0.059330984699756 0.0835612731639285 0.0745330729612915 0.158493611640477 0.0525095239378136 0.148733915098771
0.154856269466617 0.155341464446718 0.136638066665393 0.167521116143349 0.0220801735974649 0.0936218522365266 0.0725244957967411 0.022992862702247 0.174423698944944
0.0296522151260932 0.216840509580876 0.0605725369047698 0.11252641783287 0.147638131658096 0.273926591080008 0.00900980758488303 0.124188122557934 0.0256456676744705
0.145977678231911 0.107310631500487 0.160027648393359 0.111129119694062 0.108099935806847 0.151819302034633 0.0872090294956948 0.0300345219576612 0.0983921328853457
0.191848444342904 0.0823109141599019 0.182543153542522 0.0805535090314864 0.0797767369944468 0.143815470665824 0.0285600933623983 0.138231627685049 0.0723600502154691
0.122682079384891 0.0960833282820304 0.101277870022374 0.10543434420741 0.0799285511052774 0.126750030429491 0.112857801019762 0.135751720569237 0.119234274979527
0.0895631917804915 0.0787808873806807 0.190394239228392 0.121297054044909 0.151525220666896 0.100709401589828 0.0294384096469208 0.0692411946882519 0.169050400973631
0.144003051872899 0.0139327564042703 0.142018385070446 0.115249885196124 0.118535513429095 0.102082119102565 0.0533055383061969 0.12499705483237 0.185875695786034
0.146881988456191 0.232593006088252 0.0216869153895105 0.190833162545259 0.0120958651493255 0.0843563004279201 0.159283809441816 0.112443499649352 0.0398254528523742
0.183926508211191 0.104876646594722 0.0227286150742256 0.154525199912248 0.156405625478847 0.133069128953312 0.0231843646835326 0.0128114541512862 0.208472456940637
0.1690200342131 0.153055967978669 0.164917229753444 0.183798146513751 0.000437536270659642 0.157198192657239 0.0680538656996496 0.0724396101038226 0.0310794168096643
0.221484535130126 0.052124373815103 0.165151410107304 0.110600714215956 0.127619278133059 0.141360552374907 0.0326752489308535 0.0991108308112184 0.0498730564814743
0.0895767935622017 0.114382055781894 0.153395027598283 0.138240382631694 0.156580212188512 0.135864940130898 0.0384049696004412 0.0322967081406197 0.141258910365457
0.1305078558079 0.0353978542249728 0.0402856563408873 0.143207812724858 0.0790847449253329 0.085280140421126 0.181861652354979 0.158492919791383 0.145881363408561
0.0927627930539412 0.0970745204810046 0.180438208690688 0.203842431140204 0.0278737080666221 0.0895311441718706 0.0477698973704624 0.0520635796555108 0.208643717369696
0.0479625847660506 0.108551433211132 0.101391975995311 0.256603976154195 0.0304886113228989 0.120792278926513 0.0735218096756184 0.224115828258293 0.0365715016899886
0.127633421926138 0.176249646374342 0.0871046602435101 0.0346648487917533 0.0480181683175164 0.17852751167464 0.141314316047298 0.119795836165991 0.0866915904588114
0.0109729528872165 0.119829628610898 0.0617250905024853 0.193697112760434 0.0975122511614976 0.0676759194623215 0.158645234038062 0.199150876656412 0.0907909339206725
0.156109628449527 0.258485035711052 0.0608612394547504 0.0697753868187944 0.0471108530754978 0.0529052595752793 0.048217314887572 0.109294206085859 0.197241075941669
0.183896335222151 0.200366291613264 0.108801170157787 0.0943788576982493 0.0357498730920276 0.138519106901141 0.186033506732511 0.0249698955199722 0.0272849630628966
0.0297163220903504 0.182431760627595 0.187639796670342 0.0447248214591029 0.124734132934792 0.0443380098088858 0.127462081372719 0.162826628162514 0.0961264468736991
0.0606202533831514 0.114144325304502 0.145931191620578 0.0327662709666385 0.0484272112400472 0.180202583208913 0.195846957584359 0.141196971793823 0.0808642348979888
0.110115343531577 0.156181108333516 0.173598644155123 0.099400244917496 0.0434204608275151 0.0975553909236968 0.16704308795681 0.0168401755566253 0.135845543797641
0.0469665779090918 0.199614153507896 0.149941511061342 0.0393348823097254 0.0330777893904503 0.278329300858759 0.0986626040264605 0.150109939847665 0.00396324108861055
0.143412773453788 0.146337291173461 0.156274856767227 0.0334352231275426 0.0764856270794414 0.00576017834999355 0.169391431636671 0.149300197728002 0.119602420683874
0.00631202873009661 0.222396228456834 0.23232149200346 0.0531242218691145 0.00633294338958371 0.0928847174087966 0.188517717548824 0.176165971095653 0.0219446794976373
0.0491858628442236 0.149787968687157 0.200670690883657 0.130994974786884 0.0322333919318716 0.146272168875861 0.113981347824666 0.0419749835767062 0.134898610588973
0.04671484088818 0.104428091037484 0.168452098189664 0.207660100074986 0.0514732562174693 0.0635314723243474 0.135502077553348 0.0639431396841345 0.158294924030388
0.0912332330750587 0.212807497488462 0.0450555199987935 0.0980006710535858 0.0489800631101607 0.115293670237633 0.19949068557001 0.177798663155708 0.0113399963105877
0.0876300282582884 0.115586640009818 0.00886122673902495 0.161148267568777 0.150496294538545 0.0553890095542795 0.114195398881973 0.126715871089444 0.17997726335985
0.0680721086597323 0.0190217756323287 0.0508653753863194 0.193083239127885 0.114141752301758 0.151540242595145 0.153688042728408 0.0988399697145074 0.150747493853917
0.180002213229343 0.16975721992297 0.14273897709308 0.0221909991035135 0.117364395537267 0.0870398378662781 0.0214512201628329 0.184055627700277 0.0753995093844376
0.135797875153231 0.0227595081836537 0.045110924878671 0.117450567687925 0.0576336920319733 0.000139413850578283 0.211796944537041 0.252629029275764 0.156682044401164
0.202370404036915 0.182791548780614 0.00033019515187079 0.248243432263529 0.165833690952092 0.0279964028106672 0.115242220078172 0.0519624810187972 0.00522962490734264
0.0455599603813594 0.177823053440993 0.0359465800421988 0.19278366738765 0.129064114174488 0.0822992060811544 0.159989669729505 0.0115552948711172 0.164978453891534
0.192156935466074 0.114276294363295 0.0994525258715805 0.0941174814183623 0.0483323739333336 0.178096622412667 0.134903276034611 0.0630077822493324 0.075656708250744
0.0207729661327608 0.065040933891222 0.182554256028375 0.341601146143911 0.0764279255974815 0.00486837703545317 0.0612119791107362 0.188397744171701 0.0591246718883598
0.148449002649035 0.0731494324323552 0.143077992374101 0.110478687236122 0.12810560448119 0.172857449321193 0.114440315719073 0.0557523006565036 0.0536892151304273
0.14138932109903 0.0744921036993394 0.104466884563021 0.137505322828794 0.113799835632459 0.142254210196077 0.071308574141648 0.105864840180634 0.108918907658997
0.0810410804703813 0.126403317370373 0.0274179288378763 0.168114565935262 0.140830231399375 0.0393456205325154 0.115286695093417 0.15398506568066 0.147575494680141
0.0847365805870493 0.142405755012625 0.103962024073058 0.269017054570939 0.146708287672593 0.0271364368316771 0.0705552944207687 0.097261460121275 0.0582171067100153
0.0246397993136612 0.193667005850403 0.102929651714401 0.00523565363399941 0.0300880564631304 0.173240870992077 0.177314383239939 0.201251297441381 0.0916332813510088
0.156927060655853 0.193770239215129 0.0274749057303485 0.148932787407165 0.15499541915787 0.0791375299993714 0.110862071988868 0.108501933775839 0.0193980520695563
0.0995464210054836 0.117677578755878 0.114983822455072 0.104805705004251 0.156640759762958 0.0337648094725571 0.14196227456602 0.140711519445988 0.0899071095317932
0.120320127588131 0.114816621768762 0.0321456221195358 0.157274553450587 0.200837307299134 0.0611836251601784 0.143945796465682 0.0816983496276208 0.0877779965203699
0.0599023727389423 0.17323954520688 0.172245303347113 0.133380238045247 0.0242056611688812 0.0631641601082027 0.181797851805982 0.0783118344003645 0.113753033178387
0.187944563596756 0.059351774705479 0.0648489170016359 0.0141246837968463 0.0662703489755046 0.0752473211509502 0.195318946175887 0.204561825342283 0.132331619254658
0.0462299674637719 0.215998712397069 0.16598268240993 0.0281704065556748 0.204777052566733 0.104234136551712 0.0193473886779639 0.0543027055007675 0.160956947876377
0.060183572569974 0.0377803904494518 0.12771303723031 0.230674382291493 0.0482491679597682 0.0634058936518153 0.212824473630034 0.100551280059901 0.118617802157252
0.322096928406184 0.00657912698246561 0.0542130268310706 0.0346474534950654 0.0468574121847346 0.0717034427072926 0.148930861288227 0.257912938227679 0.0570588098772807
0.17896690424556 0.0431173008657531 0.0381080499203806 0.00856902719365751 0.20771877198154 0.0292137264124367 0.174090731069718 0.178097123132706 0.142118365178249
0.0722985098576922 0.146036878258961 0.114686157319336 0.16671019011455 0.172057651748058 0.0276931305361145 0.0725630550712248 0.166961854872031 0.0609925722220327
0.0991871959676392 0.149397625960753 0.128573594466209 0.0841133700408638 0.0386404255184869 0.187234972218104 0.147118460294207 0.131990069729814 0.0337442858039226
0.0171133260303757 0.208179269478482 0.138063097870491 0.0952309160287292 0.0209150795716104 0.0697884973044444 0.0122462403488289 0.208965812703719 0.229497760663319
0.0233284242314197 0.056645604703951 0.191385810800519 0.084826646244797 0.0243406947661067 0.112193132861331 0.192103665730821 0.13186868019941 0.183307340461644
0.169188136399475 0.0600799571347333 0.0823709678404396 0.154444909124799 0.123088482089786 0.160959756955416 0.0587291661342602 0.0375163446323911 0.1536222796887
0.082032432584883 0.221783139841473 0.110035100330565 0.107127526488201 0.188697546116181 0.0649495092308146 0.0086106872590786 0.0807122485806291 0.136051809568176
0.171615942629733 0.139997119837764 0.0394968167473361 0.0476363418168903 0.137574155613552 0.112439501319546 0.172781598372758 0.00661992322919682 0.171838600433224
0.153789548223075 0.180555268530517 0.0844950885661333 0.0107686400002402 0.0139601393813447 0.0954877087467072 0.0446906862322536 0.229570406617402 0.186682513702328
0.199661978182417 0.140026464149366 0.154584564766516 0.238616014826905 0.0164134953517556 0.108090233881183 0.0275319156910123 0.05816035432294 0.0569149788279046
0.0085041586530378 0.126192304023197 0.0884022599605549 0.0565608199903083 0.141263310052836 0.11149403420358 0.108994358229776 0.191817466840867 0.166771288045842
0.0150000293726149 0.06921427472686 0.257554851892562 0.0834912969945655 0.125387279866411 0.218372802275987 0.014093537469243 0.132108107471041 0.0847778199307155
0.151907592325714 0.0639495232004849 0.14790086258263 0.0641444398886814 0.142185720730578 0.054653782718209 0.128572638798227 0.131742668209818 0.114942771545656
0.167993601726739 0.0871717588484314 0.0443418022790594 0.0841887217254457 0.249753933783985 0.0230883564156143 0.169403233612907 0.116362500627147 0.0576960909806714
0.116055654629403 0.0234814606057691 0.210765666285633 0.0718918117514506 0.151842872947655 0.0569661019226363 0.211299276920713 0.104231544277229 0.0534656106595103
0.096548591663385 0.147584027917398 0.129487937857826 0.113301161456489 0.0998586795946609 0.0418118029788187 0.178968085448074 0.0853332321945129 0.107106480888835
0.260653262283807 0.00497287091925065 0.0595236689964249 0.260334140529629 0.0766859968781175 0.0306601594192177 0.225097959354176 0.0531737760235924 0.0288981655957842
0.149930900037825 0.135045407062066 0.195307015879881 0.0647586570969471 0.118528077920756 0.0379219361429601 0.18072625358706 0.034647469038799 0.0831342832337051
0.136630712554992 0.126333098109027 0.2131812390749 0.196983426634873 0.0515646391626687 0.0858737175250357 0.095582735321225 0.0475366593112848 0.0463137723059928
0.127022973981294 0.13877341445415 0.0516291013174915 0.0792393647468826 0.0235927069743698 0.0613120432322795 0.168229819610869 0.159753958459318 0.190446617223346
0.0241815861091828 0.0834840282812954 0.17524920330472 0.23073239782124 0.0151650772878984 0.123971537153483 0.0719219375219312 0.210572600956427 0.0647216315638225
0.0663095469583764 0.115886892997693 0.0499045474685251 0.205739945284294 0.212357844803456 0.0549687447513712 0.0739034921680066 0.0237256709017131 0.197203314666565
0.0424341199738573 0.140426374176593 0.125568523071301 0.184056797713297 0.135704234068092 0.076596384379558 0.19094065981617 0.0191709149738489 0.0851019918272819
0.0976144204407811 0.161724716963799 0.135234610057466 0.08745642039737 0.086143153123413 0.148730298913341 0.119072999160373 0.123109368004002 0.0409140129394542
0.0384515249928696 0.055957617704874 0.203301456019978 0.210276427341374 0.12882269975875 0.0344643618586567 0.199336298585055 0.0789334735743882 0.0504561401640553
0.0826467314228879 0.123907343487542 0.0817736231117343 0.221193895859861 0.106586443169436 0.105895121813596 0.163343996368876 0.0802078559786606 0.0344449887874063
0.0682617123414758 0.223502278953113 0.0614133168802373 0.020483950291938 0.13179340280787 0.207017019760878 0.00710310379018902 0.16227935967474 0.11814585549956
0.0219967870425352 0.0493237155171368 0.275267331628017 0.00198788039681358 0.025169792052544 0.0594808095509241 0.190089346710091 0.237241879408313 0.139442457693626
0.13134319182111 0.17894125973725 0.105684652042157 0.0882950189513871 0.0203954163972206 0.0480715986829934 0.136444743911653 0.180495948131918 0.110328170324312
0.0838991529113338 0.0669639053173742 0.173872876710639 0.0227906563489096 0.0624980506588483 0.204049702316204 0.162570888878061 0.162872276120716 0.0604824907379147
0.0708240096169664 0.119021687526895 0.193077954850126 0.0555512312433588 0.0384164790394229 0.196533026009806 0.198227862487347 0.00947946166134935 0.118868287564728
0.0304818509157535 0.12537509066644 0.0658263556978516 0.184116483114802 0.059863529289767 0.0370556291090245 0.175647546154666 0.1346777016908 0.186955813360895
0.136114626525438 0.126836824481525 0.0174911359921149 0.226913866693713 0.104383857969946 0.178940035951569 0.168528627236469 0.0245631366482332 0.0162278885009913
0.073676386411534 0.00704738519999378 0.0995449841737584 0.1470206333385 0.113227796286234 0.0419167287240029 0.220015036648902 0.152993704350475 0.1445573448666
0.0400958111792531 0.11691064019767 0.075524861814184 0.245885257444972 0.0755715625574439 0.153534872507747 0.0481258390618008 0.176480253735111 0.0678709015018175
0.0173733407205935 0.051910612247897 0.182420614793774 0.0242403748549657 0.110233112547018 0.20570704301894 0.166561328709097 0.117014773402244 0.124538799705471
0.086321133969099 0.125044603010301 0.145071062112234 0.18854389482085 0.0856858760312415 0.135517368034124 0.0826594632893995 0.0136638533042788 0.137492745428472
0.0913453070390644 0.00967272292757162 0.113002341210794 0.170286156218889 0.0332616361719359 0.173760680228235 0.0769261023257874 0.185564656338561 0.146180397539162
0.0536281106668296 0.0750886133205448 0.163297365687122 0.0128904286360026 0.191155394789042 0.0646053434880038 0.152108421446446 0.0884967273582262 0.198729594607783
0.131576269895709 0.0156067399565243 0.106433487595037 0.143382985695454 0.118354671601132 0.1901523575736 0.111809223628296 0.0290230975968838 0.153661166457364
0.0380711158111094 0.103454668876795 0.117672123870289 0.135278660827742 0.202427240457272 0.069035623913974 0.0114151229483732 0.181887270864714 0.140758172429731
0.157481585296278 0.070163000146696 0.165147954222089 0.0840166690261499 0.143319572372137 0.085877013695373 0.0494893338394633 0.167963736190905 0.076541135210909
0.0862822777972007 0.013444969474244 0.0358918374099088 0.182626654665465 0.119157973120197 0.173491089982 0.166770696377337 0.119961228567108 0.10237327260654
0.0939320071612051 0.0599079219718247 0.137243367488425 0.195355127872007 0.00121077036092092 0.087170387769778 0.0798189471876215 0.233625664491866 0.111735805696352
0.0251811671853027 0.209089629746803 0.196672402994919 0.0109841667630085 0.149672962061266 0.0140426111992128 0.189084245264143 0.121821299541356 0.0834515152439888
0.104268227010691 0.116643176802641 0.0964074257982026 0.142834802010727 0.133939522264402 0.140489135301052 0.00911838135845828 0.241896410872981 0.0144029185808452
0.0470336294389228 0.173589640589208 0.0649687812107817 0.0780417783770636 0.0588213763775653 0.120410096916221 0.184020776617486 0.170595735213381 0.102518185259371
0.209874487981433 0.0759663410477995 0.192027727690382 0.170423389022104 0.0369141630957983 0.0201925336666787 0.0240274319190911 0.200397547482374 0.0701763780943391
0.168193320983038 0.209786357525102 0.135960115268273 0.163372156840973 0.0173852783765444 0.0542462619134354 0.00570416468900339 0.0913321389850762 0.154020205418554
0.134493879291209 0.157866144382329 0.0526818918933579 0.0731716714217941 0.149389115039034 0.130486375574325 0.0192516068095218 0.12864168137658 0.154017634211849
0.191663376050632 0.108938983195716 0.0581367506700314 0.0115488339058819 0.159453427053808 0.00159890645941875 0.138538941610027 0.188036106304825 0.14208467474966
0.0251814019207438 0.0487404910865364 0.0522704572747953 0.135772557153045 0.0219631869076172 0.274800218487436 0.152233749744846 0.151973469609878 0.137064467815101
0.201170295555578 0.113436687391932 0.179141033821781 0.00620925041410834 0.0146029826067641 0.0798350561385964 0.0975457456749904 0.171390024240245 0.136668924156006
0.0705185476066467 0.205134457250736 0.148359479858847 0.0203715521800468 0.0607713332330311 0.196031265054657 0.205746728942279 0.086176846049712 0.00688978982404419
0.122885890392111 0.180464087401419 0.121914136444617 0.168894335937893 0.108622088223928 0.0576008671383901 0.0271300616258381 0.170590198483806 0.0418983343519984
0.0466106998368185 0.212156991477597 0.108147471317555 0.183631840463473 0.0244365277810569 0.0409151407270375 0.205595192088195 0.0683613981313186 0.110144738176948
0.0799230304871569 0.196973907554034 0.111831855427133 0.00309050028059276 0.140288240822411 0.162476286863859 0.110157202838439 0.15764572328933 0.0376132524370438
0.183746635299473 0.118653857882136 0.0423173461150129 0.237872094237523 0.0219303469683987 0.0541506719325866 0.115900177557649 0.202793759442455 0.0226351105647648
0.144352124811824 0.0043152143279761 0.127539329568059 0.134868391742543 0.169736754876913 0.122840216830556 0.0322117515445142 0.116217184561118 0.147919031736497
0.00153337530086563 0.0299376841906479 0.163469448261269 0.224648902685795 0.0752401903944701 0.0481117303249229 0.121263796434845 0.12170329793081 0.214091574476375
0.0096362566420299 0.371952386820345 0.0768387480197914 0.177902961788445 0.0553442381849612 0.111089683733357 0.017349992572051 0.169327242158185 0.0105584900808344
0.0438039734818972 0.0881603192439428 0.214382185076335 0.150247137807305 0.138034023492659 0.155504963728316 0.148987354295548 0.0588039059154553 0.00207613695854133
0.170485886678858 0.0896436073445286 0.0690452655734261 0.151287549052994 0.0351567505301905 0.00484703841712868 0.219676789382975 0.246744295601874 0.0131128174180253
0.0363858634700208 0.137690708495645 0.161560181332257 0.0598533535406528 0.0129168359935724 0.215572576463528 0.0306587152146102 0.278873878023013 0.0664878874667004
0.101863570864615 0.0830005138134493 0.0398671093047351 0.147962468960469 0.0283391654444004 0.124785242986316 0.173452107069071 0.174681637077785 0.12604818447916
0.107797468852947 0.132586784870706 0.0914471449429347 0.116181816987834 0.112022803336217 0.140544425540157 0.0902654885075699 0.0496248373325056 0.159529229629129
0.0537429455641614 0.0568615302615155 0.108832048124501 0.018304872451973 0.170850451991513 0.104521536087723 0.210825119434029 0.156995925783239 0.119065570301345
0.0531182807518849 0.0312097425310492 0.0350800392402667 0.173290457241295 0.203251250331426 0.108763773044796 0.111077977895065 0.153047125505373 0.131161353458844
0.186486101820126 0.136409940956153 0.0624227548271658 0.0323213032828972 0.0652981226250759 0.0481987913547427 0.0901365712833389 0.173925902474399 0.204800511376101
0.117325224850942 0.0317506606165605 0.0585494134426781 0.237598617754495 0.0358591329097308 0.187292033291292 0.00438770314645836 0.22575649820242 0.101480715785424
0.20238189822544 0.108822056194695 0.0148119391438706 0.10494373819873 0.13970131047991 0.191551488251353 0.111260464184851 0.0709079025002876 0.0556192028208635
0.0588199375281228 0.119807930157624 0.179452937369052 0.193910368760514 0.00813890435151866 0.0123221688305017 0.24904379218059 0.095358907851859 0.083145052970218
0.0852706014837352 0.0511863495712064 0.0116781813879661 0.0663949847274561 0.214563363826671 0.212822214519548 0.131867937692279 0.110855128202331 0.115361238588807
0.00138846558076589 0.0462388029424239 0.27291707124982 0.297580690047847 0.0604599193801172 0.0831129376655234 0.0264049728902204 0.10771844775947 0.104178692483812
0.123290105922225 0.202559388440909 0.0758915874816657 0.188332133990622 0.111178106036318 0.0448109870188317 0.00517877463817015 0.0813770037697711 0.167381912701488
0.129136024031922 0.137785685211661 0.0815034603115884 0.219453536719289 0.150984795149789 0.0136893729509923 0.125020349825144 0.066477164293472 0.0759496115061431
0.0920509585307496 0.112127267997696 0.0914026369087717 0.0359102744154027 0.163908457965177 0.12363182018976 0.137194425751118 0.198419105894293 0.0453550523470317
0.0884877015618398 0.0348317443767849 0.0724913391317811 0.0603205209756533 0.172514465943886 0.061908814442014 0.13980952994772 0.181495212546202 0.188140671074119
0.107928567353755 0.187485672055015 0.150876069906388 0.141897174826632 0.143133351655922 0.0450054223313975 0.0538348744908748 0.122021906273751 0.0478169611062636
0.184422909791581 0.00959064658907072 0.0327815554872695 0.188383938522048 0.227860860909232 0.00986687890346043 0.103697006514466 0.116605318318478 0.126790884964394
0.162203092823251 0.0906482872351267 0.0547712594026993 0.00407798718356694 0.158966675774903 0.171324918072156 0.154135301553901 0.0572593967198871 0.146613081234509
0.123107473157075 0.0649796301254831 0.0691288936437594 0.206917826903029 0.10088146589301 0.172068729949001 0.0450942837848241 0.169599989506019 0.0482217070377978
0.0989846749015792 0.037534345276758 0.091950362489225 0.0185196631721658 0.235773262514096 0.138288773183087 0.166244057408005 0.0757839603770728 0.136920900678011
0.0724542181437561 0.200977424585623 0.174066846640628 0.203088184082241 0.000365329699992217 0.0503881376330112 0.0707323626363325 0.0403329723305224 0.187594524247893
0.136035275414961 0.0863133964675009 0.137684314734971 0.11132185772486 0.0811095488346567 0.120058130898963 0.0727063923521764 0.135151035880274 0.119620047691637
0.167730183738452 0.00247411373910883 0.12304147251938 0.0654425237001315 0.203756613664947 0.0701744081477909 0.10253009035409 0.0693617167562404 0.19548887737986
0.00939757140897102 0.140951737837477 0.0234288514002643 0.212138463423001 0.0521051257159189 0.187095671503448 0.241546606452204 0.0894185694298853 0.0439174028288306
0.170564056067769 0.164004085038772 0.0919649102851734 0.05293669182707 0.0412476646771508 0.191432236880764 0.102928989210548 0.168432830708269 0.0164885353044842
0.140310000072699 0.0462507726659488 0.024339055994949 0.0596569784544854 0.0224835268551148 0.114325845008437 0.236386878717747 0.173663548961334 0.182583393269284
0.0583516360398249 0.200967618822391 0.049059325835371 0.150745612185324 0.172800677083679 0.215075869126751 0.0903824112800386 0.00914904727730546 0.0534678023493151
0.0155289379918088 0.0270567023600322 0.127162388152278 0.144655429309606 0.0232561327735018 0.0350996205639226 0.172736432422657 0.231115606656465 0.223388749769728
0.12109879326366 0.229750127904474 0.0357830392024462 0.135257687680201 0.0268295324033098 0.25732033665053 0.000420870329726278 0.0933493338646887 0.100190278700964
0.00643788006173205 0.0398659494793477 0.0487359057991809 0.212806201102287 0.226768025031524 0.0396705097781916 0.0863535727194678 0.218267075656071 0.121094880372198
0.180933234008024 0.20644267215731 0.0670019325734698 0.0192337991417666 0.262178284122283 0.0131467550042031 0.0994341441617594 0.0492814791407928 0.102347699690392
0.141991277873551 0.11299502408001 0.0132595176010397 0.125600073081678 0.0616445558932713 0.123103559158128 0.143591993259326 0.142432780685573 0.135381218367424
0.156026360992973 0.0678795926868776 0.0844034372582008 0.078940096500395 0.172721806456906 0.136257336253813 0.0933023624030195 0.148898096152313 0.0615709112955019
0.0425338127658041 0.196985410255359 0.0596076557321219 0.152353464202069 0.151987546162883 0.156606215224654 0.168757099359647 0.0386422757965862 0.0325265205008763
0.172859340288347 0.181176222918755 0.162465314775092 0.170350809844126 0.123640320722535 0.0235909672087724 0.0217286621202672 0.0543322103345753 0.0898561517875297
0.12708039811681 0.141571617094919 0.106858840511611 0.105503478548033 0.0706602682386955 0.191362216143323 0.20947698808718 0.00396647936883273 0.0435197138905947
0.1179380340269 0.147819530309946 0.144703346697378 0.17132449135172 0.0289603057006369 0.122288617879753 0.110745136974327 0.151516061441118 0.00470447561822078
0.006880002786016 0.169142092103141 0.186638423900965 0.24294541855554 0.114041272844677 0.0263853377886093 0.149410474848657 0.0755564037629471 0.0290005734094472
0.1243171602058 0.0133957530163056 0.0200900136241439 0.157196152685876 0.0308190234554402 0.0853833759072219 0.072287838433571 0.281309662229959 0.215201020441684
0.112806747468912 0.215039195756091 0.108124628352138 0.176250368642321 0.180183464375417 0.0936022382448039 0.0557052289794624 0.000936729652531824 0.0573513985283225
0.127374688015647 0.142606497951759 0.140600893732657 0.122969202708798 0.084380240501838 0.0607544125860854 0.0639966798932278 0.146927859050161 0.110389525559827
0.129149830440746 0.00630795571301023 0.00326964375863261 0.0457915480800161 0.271113218810089 0.143542104089936 0.249754370849984 0.108368825846297 0.0427025024112884
0.0379545386507044 0.120505932392617 0.113078235815812 0.0220511642952809 0.116048091233726 0.114453871704456 0.15992463859924 0.162262735649452 0.153720791658713
0.105904162937531 0.18265135548135 0.0941677935727477 0.168857000024488 0.11125032331799 0.0925331894144018 0.0122250817945263 0.044263040889976 0.188148052566989
0.23934815353227 0.208883395314511 0.12661426015968 0.0589809258566626 0.0522716312309646 0.0802544043257048 0.141481883943327 0.0225827273324438 0.0695826183044369
0.0630997885006059 0.149864031665975 0.0052353646589458 0.0527097187485915 0.0307670634589749 0.137885611536455 0.187698558118317 0.185291992482474 0.18744787082966
