0.00411417170671869 0.0673934922636203 0.112922700282018 0.0621808010391504 0.0297183904379677 0.213099221378587 0.0570052242890959 0.167257797982612 0.0754758151344479 0.210832385485782
0.0377747191534953 0.192206682570728 0.114391087662078 0.00626847301504004 0.0689614402803845 0.0740807414690706 0.0536368112239619 0.0834811664044519 0.205396488236141 0.163802389984649
0.115267366376068 0.0735707962079358 0.0146922985048206 0.124310771529675 0.0317368451893267 0.0684126593370327 0.159945249054483 0.137522827482753 0.116764178957087 0.157777007360819
0.169524480354802 0.195938407971229 0.0610354703747246 0.0142447202352774 0.0742570596242242 0.1296180798861 0.0766716927660879 0.0565197203010935 0.118042882971645 0.104147485514817
0.0488370246929988 0.16557816406163 0.0417256726226433 0.082310733754629 0.131729261663296 0.0620722144262353 0.0847520568241325 0.123835787895061 0.145711318732827 0.113447765326547
0.13690641690843 0.0560680111511716 0.0625053063885031 0.136326934309577 0.0580910965372416 0.185570838371807 0.0669884049853988 0.0787314049569723 0.116403676494839 0.10240790989606
0.0823055416103954 0.172197443258426 0.02890226136625 0.168331003882791 0.12836508672186 0.116298271112262 0.0871537665606768 0.0044672100413381 0.138332698134545 0.0736467173114563
0.137242542595689 0.0369235775500636 0.143255357583121 0.155117145748992 0.116513179085119 0.0555717612164853 0.0856346560921681 0.112358900514137 0.0609319967458618 0.0964508828683616
0.0512558040337226 0.232026408834927 0.0230430346892753 0.0993065799290584 0.0473328428651064 0.152691184328901 0.109925140012752 0.0354291366287099 0.224901547480527 0.0240883211970216
0.0507868903936997 0.111388865412803 0.179595053922013 0.188385846801212 0.113871120386343 0.00796968840614987 0.138758231449712 0.117867992483917 0.0687361602030228 0.0226401505411271
0.126550648509828 0.0408972866361805 0.15182279582892 0.152473114990363 0.0646765564050555 0.0640557500084093 0.103655210264167 0.143094876934929 0.0766266961314584 0.076147064290689
0.0573131908705109 0.164455626271023 0.0228407484997748 0.0309393678298848 0.0504488806261179 0.101256284834805 0.142041378092051 0.0506442328590092 0.204896115507753 0.17516417460907
0.0724215668178638 0.123314668949357 0.050695392465519 0.118079443601988 0.16241460589743 0.041782713694785 0.162192331907434 0.153873997432744 0.0779321243814154 0.0372931548514632
0.0385681396265875 0.173087512969013 0.171103896852058 0.124965941549972 0.0407242898570627 0.0762747249506805 0.103670004649747 0.0175877003379524 0.133379623110419 0.120638166096508
0.0510491522176422 0.163681180845093 0.0858403729129871 0.0366613106647643 0.0766637421080084 0.148198010071832 0.145295859713661 0.00595324944465623 0.177104538625869 0.109552583395487
0.16903477961845 0.0441180714077005 0.16438673373466 0.0811052860734014 0.107513159658838 0.0707153238008896 0.164841135018937 0.083839417728955 0.00458127642048366 0.109864816537685
0.00720014416834292 0.192895672251421 0.0630953634444981 0.051456741812008 0.0135279479381129 0.154460605972918 0.176013558572712 0.188397134615663 0.0427864900138543 0.110166341210471
0.0563748790008235 0.0702185177850192 0.126331602624118 0.1252941941906 0.0348904915561765 0.158676687283099 0.145129905228638 0.102627177944996 0.132519473969827 0.0479370704167032
0.127564766371492 0.0597012283340269 0.0752854927712451 0.089141196975116 0.0923321535200875 0.010685176742583 0.0936486684326353 0.201108787068211 0.0624010552621601 0.188131474522443
0.0114984118067348 0.0643254262104022 0.0715595314284257 0.125871691578205 0.168029714900813 0.0376471855667223 0.14356343761531 0.110510520296148 0.0823556571243544 0.184638423472884
0.0479815755234888 0.217291975130744 0.0849133771539416 0.0467831926272123 0.00486859103959078 0.208210551367514 0.0153870268418908 0.168460018252314 0.111690400012896 0.0944132920504078
0.112983140353002 0.143969281739102 0.0239898541292108 0.142769687003735 0.158629845031998 0.016336751446255 0.152872949005571 0.069806729757277 0.0632031428937271 0.115438618640122
0.0206041931554415 0.172752581375714 0.173179565855268 0.132524577143094 0.0165858869886318 0.103992803863391 0.111584371594964 0.044544807187097 0.155935573214864 0.0682956396215356
0.00815698293645521 0.148546116250039 0.141046450086635 0.145198534071506 0.030083139247509 0.129252035267046 0.111521048905126 0.037362848695109 0.0562415349302272 0.192591309610347
0.00763752013644402 0.0785078004525954 0.0577833332938301 0.171191006214932 0.204687272698901 0.171035273461868 0.0170265315015537 0.0551560666924939 0.130644734908641 0.106330460638742
0.102568463971015 0.111353563470265 0.129909182053389 0.0824360525883874 0.121416378645554 0.0223133942456935 0.119028868303238 0.0474200367261192 0.132225743778745 0.131328316217594
0.157750647162038 0.169218626083802 0.171799640148968 0.170098180035126 0.0195942891632249 0.0976840799770336 0.0867579218447669 0.0649514831205681 0.0229730388026896 0.0391720936617831
0.00435005552254723 0.16949933286681 0.119548434292284 0.0369572239092605 0.0469970393804206 0.165400303009214 0.180441940398279 0.0772618147637153 0.114048687411589 0.0854951684458798
0.0579082603399238 0.129510376226404 0.151783716376838 0.0930584405771723 0.00743236163143877 0.117935379136161 0.149872945256693 0.0995687447702254 0.125715670278575 0.0672141054065694
0.148029182015749 0.0586437741697283 0.169190623351391 0.117012135107646 0.000568224089228619 0.16591704447621 0.0571073522135577 0.0821437986079271 0.167590210859576 0.0337976551089856
0.059167848083943 0.129473731571842 0.0679560159993157 0.158679952033046 0.0466704830975124 0.134049208607638 0.103704015779465 0.0768424169330595 0.1570813928752 0.0663749350189771
0.0106993869762441 0.0556007010208112 0.174169739961956 0.151136241092115 0.0182658230616152 0.136921330601216 0.179718507888553 0.0443182965499817 0.159333490372828 0.0698364824746798
0.0762724135491242 0.0636934863129598 0.120582909423691 0.0669843055675811 0.0444701639476812 0.120049725611121 0.0605497657224236 0.150389237510844 0.062116884490315 0.234891107864259
0.0468636304808038 0.146499310507417 0.000741729964021899 0.144085920044444 0.0525634130901963 0.18327520776641 0.116860967559427 0.126047874538923 0.0383122599595145 0.144749686088842
0.0855078544838211 0.0811601595989906 0.147255700966543 0.166623820679766 0.130184286651539 0.0857883542418408 0.0922162420907042 0.0346098270073523 0.0104273110040257 0.166226443275417
0.12931293773758 0.0986216663460949 0.104278777347447 0.148776624639836 0.0144130979128182 0.0665385016970183 0.16529065254559 0.141401974444982 0.059812292694175 0.0715534746344592
0.0345689283052472 0.222180183239174 0.0732858089385044 0.0728895734815619 0.0145214327036113 0.228347787718276 0.23908765566808 0.0193791328837471 0.0237840677107462 0.0719554293510524
0.170209666229557 0.00812212936203647 0.0942823508764405 0.114060117298827 0.13070398989319 0.020991641374554 0.13727515498641 0.108144116200115 0.0701363480597467 0.146074485719124
0.128739406266793 0.133290712694206 0.0482972807308451 0.184872543081422 0.013739430282434 0.0482815951162135 0.159208262607766 0.155862346021036 0.0283883251586801 0.0993200980406037
0.018934668728233 0.133136041072001 0.0434011412938144 0.0895792856231376 0.0432864679633371 0.134879973799257 0.140347749086483 0.108967381750958 0.115112121976935 0.172355168705843
0.123237937226731 0.0954434504451969 0.125536352824937 0.0342278350044259 0.122944386218675 0.122338147268242 0.0969865773541954 0.0906480998753299 0.13806641558542 0.0505707981968463
0.115331558149605 0.0664122959966016 0.0921279655805941 0.0886724340127995 0.104621150943797 0.127951548543572 0.0735964307900668 0.129481054735888 0.103985542454345 0.0978200187927302
0.106148838844249 0.200180374600509 0.0888969705756165 0.0994492062952976 0.0357937991244742 0.0630599996833598 0.0909217102674365 0.16250549201182 0.0239724235488896 0.129071185048348
0.0397194121363188 0.0299086699792681 0.01393234151337 0.158311027606068 0.176735275935406 0.0409830276221365 0.165858853104139 0.0731761795524655 0.18932217548201 0.112053037068818
0.143869422076323 0.10571322917251 0.182224042774534 0.0535804509779662 0.0338506194735672 0.073390574750211 0.080263346836163 0.139609324353126 0.0983810623673384 0.0891179272182609
0.174787858629123 0.145876610782054 0.0410197445598648 0.0438238274411902 0.00961493087392856 0.014503288599282 0.220335955116832 0.161444139135968 0.0516574422012865 0.136936202660471
0.160738860108937 0.0498260345317665 0.00907804360986177 0.0241917503463729 0.132501556568124 0.133046264367944 0.121042028282341 0.173871645503503 0.147219986923822 0.0484838297573266
0.0817274149859844 0.0581164191526404 0.0871198840254079 0.0463690956471038 0.00423862726288821 0.208218525105373 0.0716740785934219 0.0654935204731781 0.215047376214023 0.161995058539979
0.174077820993718 0.091719997649209 0.154354510153868 0.0779273464861528 0.11166775925602 0.0889577009401751 0.0558294797224579 0.0488122772350438 0.0590284851505559 0.137624622412799
0.108256474442952 0.139490683307119 0.119518311882875 0.0128092499702031 0.00700349220643779 0.112444649669714 0.139124182576097 0.13352716291769 0.141236368014718 0.0865894250121934
0.165521663220672 0.0199958945492583 0.134900644594601 0.117194351903518 0.154992900935113 0.0136575850725337 0.116825587856896 0.149624324380063 0.0196925992391906 0.107594448248154
0.135000034086244 0.164563101204675 0.150381378561096 0.013653078857485 0.0490954681772473 0.0330444323011009 0.171864386802703 0.129858377192864 0.092346325968043 0.0601934168485416
0.0795144530306063 0.106476901363855 0.0270100295889896 0.155141905027023 0.0692645223841758 0.07546919102132 0.104378688370624 0.10848048892863 0.133772247423481 0.140491572861296
0.0920298244887964 0.0414078111506176 0.0176530514666979 0.120821984540704 0.0861406295716015 0.0572580237450626 0.170075359250155 0.115764525149184 0.145104240480135 0.153744550157046
0.081408954971606 0.112326311164409 0.0283140636005277 0.100755334071588 0.228763221943828 0.0879827044377744 0.053777065084537 0.13342111631894 0.0261657173825148 0.147085511024275
0.138925773507858 0.000715960780485667 0.000976029425045228 0.206273242235631 0.173772852414455 0.0842769788082558 0.0304428596875438 0.0444107219199344 0.115978717619347 0.204226863601444
0.0790906982211891 0.224044620164588 0.216875706955663 0.0940348207476318 0.173457821104834 0.10980993592501 0.0239223814411901 0.0560833554827923 0.00327500309354221 0.0194056568635592
0.0330338401601062 0.173587893920222 0.15069470068073 0.0819066142157859 0.106311387547539 0.0948753379485122 0.126130343107462 0.126623249062388 0.0604423578136559 0.046394275543599
0.145683532658365 0.00249405637556893 0.0367329159894786 0.1753976677339 0.10717218926502 0.155632922048033 0.122999882690341 0.0667629896772298 0.0448405399611596 0.142283303600904
0.0127894314168314 0.0239995581157778 0.184215606506216 0.133025133666148 0.198517944738691 0.00100253229726394 0.0786328012558993 0.0140267395408427 0.109212886524208 0.244577365938121
0.117596547795825 0.0661691057826318 0.00337686148924662 0.113575140124121 0.146375534964829 0.220384373725305 0.112796429498554 0.0915401108306987 0.113199592612845 0.014986303175944
0.0339009947053014 0.0973826951708777 0.190357905772109 0.0986274002555633 0.00665999860985051 0.0881987415316763 0.184319606888312 0.0991144816276296 0.0127408789230528 0.188697296515628
0.240008840403787 0.0113574583036874 0.150098335146264 0.0260594491329636 0.137441473484128 0.00172924382795141 0.159436888768534 0.08343007136006 0.172826598986873 0.0176116405857521
0.176572185222572 0.0466712241329663 0.190871383955409 0.091460044064365 0.109224810147988 0.0907138452335432 0.055305698417269 0.0786069742258755 0.0938648659781524 0.066708968621859
0.054570123169934 0.0242196343617233 0.0199436782441522 0.179325200332411 0.126081996926519 0.18727605968101 0.0925789142399493 0.104680473200769 0.159997773663685 0.0513261461798478
0.166226625778248 0.132711022063279 0.0574783656115445 0.173968493853939 0.0818045893481507 0.13479068033837 0.107694040926846 0.0331789675657013 0.104991528309724 0.0071556862041965
0.068281986671228 0.175880567300825 0.0543136207491604 0.220826335699187 0.0591164216999733 0.118487404444346 0.0635462021128783 0.0468399480799275 0.0469646420810266 0.145742871161448
0.228076050259681 0.103664093581628 0.209348896629571 0.0613255709533884 0.0900512796666817 0.107944138026008 0.00959879928260369 0.0245507064094374 0.0200627928587675 0.145377672332234
0.239462777688237 0.13535781896359 0.14479827799433 0.145482966100189 0.0359305870670983 0.0463370058608233 0.0577425987383289 0.126565239772917 0.0657985218145241 0.00252420599996181
0.0856164460922368 0.195693126421304 0.12577144030952 0.0318884645074132 0.139975666657892 0.0975960851608095 0.0780381826498023 0.0311812081105969 0.190680143067467 0.0235592370229577
0.126710194128026 0.110069469309831 0.0959328364499436 0.0848970382508701 0.148175638141922 0.0850158164844754 0.155215868584359 0.00325883151630488 0.184099728106038 0.00662457902822962
0.10706302484918 0.101831588228993 0.136471721924314 0.129979067826826 0.124678268509214 0.124461397934054 0.137356276647722 0.0138636385687205 0.0415913868966193 0.0827036286143576
0.0860718872923802 0.0231913578177953 0.106692695837327 0.142022902727038 0.15433804225612 0.158737051350017 0.0742029933877587 0.0683211420335792 0.126249106348502 0.0601728209494827
0.0764405290478193 0.104944309874227 0.116235031578547 0.138002239347649 0.0819067064897932 0.0925557380010758 0.0736672283374764 0.0672122661521253 0.0920570485160916 0.156978902655195
0.205662458897682 0.0914909033809912 0.0120352046165504 0.0358737237135533 0.128759434502552 0.221144683671794 0.129792439508786 0.0172856177034647 0.0322530297315924 0.125702504273034
0.027007755535026 0.00300636888750609 0.0674760084545532 0.206064883666284 0.0338790826406948 0.00666189538467841 0.139161111662489 0.174714857284051 0.162954322860523 0.179073713624194
0.0333962704881485 0.0140503141164587 0.0418554115293355 0.157644648632089 0.0214918514611791 0.109634969991803 0.176222060013892 0.202540531796895 0.205018887496825 0.0381450544733751
0.0286304677108808 0.154781943713552 0.0400705555364843 0.126890809143499 0.159542926361691 0.146496658814182 0.0961782232498828 0.150188287693108 0.0272302358303173 0.0699898919464031
0.0818892689295501 0.119283744897327 0.196419344709849 0.00211806526045648 0.142134504934005 0.159048384542183 0.0400669025935166 0.0892415083857459 0.145522901083176 0.0242753746641902
0.0227185310835809 0.0551025903027778 0.032042991434042 0.100304575603651 0.0953429956994606 0.167059873940497 0.151120676959574 0.0177221613390808 0.240613221883664 0.117972381753671
0.0126857747543108 0.0717699391738537 0.201804827025958 0.0380206029491209 0.0637502975863387 0.126604582940102 0.0422720152150097 0.169891681085646 0.163182743493495 0.110017535776166
0.0397801562102056 0.0985746034368414 0.0983622876678373 0.148188321197574 0.148221881796534 0.129589871403302 0.00121999817390006 0.0661150632010056 0.132120558124096 0.137827258788705
0.233816819249599 0.0145756308662042 0.031168977063295 0.22912610651911 0.0972250127652155 0.027477042688518 0.158029171849774 0.0819754738971386 0.111280884052661 0.0153248810484847
0.184370593107882 0.0784198517148306 0.0243746533445684 0.0543086605580422 0.043138273697604 0.183668807996767 0.133256892255378 0.0928816993675858 0.0450394049347635 0.160541163022578
0.137673770910563 0.132827577931188 0.071525492735835 0.104992389153163 0.114382116195929 0.00396389974558939 0.164056877972331 0.12885886154142 0.0917627082348525 0.0499563055791299
0.0850675794535165 0.0975185642908548 0.197978079069253 0.18798660231338 0.0268325669657402 0.0839249337537405 0.0954127435397464 0.0407254086507638 0.0168136722185338 0.167739849744471
0.0923649787623605 0.0669247062260347 0.165101487944877 0.0367323497792647 0.119494837612382 0.127130180379681 0.0102801325956075 0.140297056055413 0.140650646720222 0.101023623924157
0.0047572998514557 0.189632073377368 0.165360373270328 0.172074107061039 0.0768623535583844 0.0346477899745906 0.0790110105724768 0.0975279513726087 0.0279741449499369 0.152152896011812
0.0481531033482779 0.0986272253014509 0.125256590377039 0.0934034502925584 0.0892638471581911 0.129660276424317 0.0799876128916344 0.211774771047644 0.0769440469164711 0.0469290762424156
0.166413817285326 0.0482847718801443 0.086975556189745 0.126291894570078 0.113544176322002 0.0314436324484553 0.0824040924134715 0.0862317931638827 0.170656793276878 0.0877534724500172
0.0356227922651787 0.200693904552632 0.0495621212221136 0.0034994022428186 0.106681684784702 0.17919343455653 0.0959496822040718 0.0547464554986329 0.102620430337126 0.171430092336195
0.0935341620453216 0.0334282898454245 0.121660477504881 0.141476252188994 0.00504653219548953 0.201798303688439 0.16143933702739 0.164051162327942 0.0579010273907865 0.0196644557853327
0.0691721250037092 0.064183719080125 0.0261437750048598 0.152537652316217 0.0424299957908129 0.0910826419279249 0.160438984230407 0.171901878855551 0.1342993123623 0.0878099154280931
0.167912249289779 0.0264954121391502 0.145275735773425 0.116660139383075 0.109617020713415 0.177735166683886 0.0829892693513117 0.0216441549235286 0.117583932391283 0.0340869193511468
0.0439089474500221 0.119158984730448 0.00849931464914496 0.162599988569693 0.0963118383306914 0.0691565885958686 0.0697113401995365 0.176324737554958 0.142242020537798 0.112086239381841
0.0522238317767664 0.072913415492628 0.182886029815429 0.10377510864864 0.210732624141703 0.0471897574714323 0.0233245988788274 0.0520700689211907 0.0991177593310559 0.155766805522327
0.0535568597752908 0.0228281948858033 0.0269143407816437 0.121713522150644 0.0471982359645646 0.0236459716779296 0.153221303265189 0.113293357611632 0.213838493444066 0.223789720443237
0.0569002791549819 0.0542401452654736 0.12209146416653 0.0872964326192516 0.0952539758484268 0.121257585596444 0.116268327908662 0.109665953264758 0.12016278105785 0.116863055117622
0.192397814830999 0.137137758287219 0.166670590685997 0.154577074395927 0.128902048960529 0.0187738687486777 0.0164310123487756 0.0955916112467467 0.0821596044574059 0.00735861603772317
0.173657210423394 0.0127080265478477 0.138194771050428 0.010678038936799 0.089229739240362 0.182548933440475 0.0999385893563398 0.0741017404023248 0.123333453170322 0.0956094974317067
0.131465941656098 0.0543502830882705 0.138703565741022 0.000412332681570354 0.0781903235259822 0.10024360167385 0.13329520544083 0.123349401915429 0.124486782770924 0.115502561506026
0.0452624546322242 0.0451581401393291 0.0384834912675889 0.108689239349991 0.148522337082724 0.144185271673218 0.13747272224542 0.109221650660293 0.112693956551303 0.110310736397909
0.121486656463446 0.144448957454521 0.152112927881865 0.0253555852361313 0.0375645101606644 0.136601287948991 0.0581373342022233 0.145443192604418 0.0471822284085244 0.131667319639215
0.0297068693928784 0.0936274018025135 0.113540614065208 0.0363034684884807 0.129347701375848 0.111260854541954 0.0553662934398422 0.11281542639908 0.163929757693379 0.154101612800816
0.163761287411792 0.136144120176863 0.143586581521843 0.0852321272891424 0.0449382105129677 0.0624186000295584 0.100817752550438 0.0247524460968951 0.10976367206707 0.12858520234343
0.153519272342605 0.0580794439597766 0.165112210470444 0.0699928783078852 0.0282823284083267 0.0667869229719039 0.0852218509817303 0.0481616669484873 0.174702569568226 0.150140856040614
0.120603559688928 0.0800442427492331 0.091595697677977 0.0672744554551087 0.178715403899988 0.163619414556651 0.0522357064223883 0.0336707736443751 0.139986510854085 0.0722542350512656
0.0134902215494233 0.00343730209433445 0.14295866797696 0.145629304955036 0.121296665582971 0.196695823188088 0.0763567943459694 0.0962387239050558 0.143303922564704 0.0605925738374592
0.165146624704599 0.264077719565435 0.0474020940724467 0.0350349543562995 0.0489240289058058 0.0457726966549171 0.0460408662864484 0.175805056591085 0.0976804061342157 0.0741155527287484
0.0770338745874964 0.00489567955046732 0.125970306235506 0.164705740484513 0.0980887113363915 0.095958990783239 0.183252105930211 0.196781943849826 0.0355688406788775 0.0177438065634729
0.120363137621933 0.0986035113014758 0.176064793646596 0.059970344395383 0.0134490517801085 0.11425522499048 0.0924287828704826 0.148353639792997 0.0813343547967077 0.095177158803836
0.0925632567658634 0.0699543104418129 0.10743347410392 0.196895309360519 0.178635313352494 0.144971985333434 0.010625662611749 0.0506092019633984 0.00589798546928663 0.142413500597521
0.11949802159076 0.156090372914862 0.156788799262653 0.0106634804639335 0.101396810783168 0.137639768011184 0.166090992356931 0.0828788903046692 0.0616747450635735 0.00727811924826562
0.0575404362463633 0.160181885125597 0.0420459442977542 0.136114565548961 0.126212626679229 0.172591313495651 0.0661736356098252 0.127721204887296 0.0454366651273904 0.0659817229819321
0.186368778019375 0.098861749880255 0.00628109672304299 0.184727253739321 0.027792718702161 0.172010002486666 0.083931983710256 0.057190875979325 0.123342614742304 0.0594929260172942
0.0572503615082985 0.104326514678284 0.195590639818232 0.189979963050671 0.0546034282651516 0.0626941942656093 0.00473851525036233 0.0561131423570012 0.120939459608317 0.153763781198072
0.194316145387894 0.111528723675965 0.00595686647682573 0.0879618617316901 0.0881346681336598 0.0583630449665767 0.0516513124434444 0.0796858757552945 0.119750946615801 0.202650554812849
0.0756620079129318 0.158779323512904 0.137404044598341 0.0594756291002563 0.129091529018539 0.0374141950799341 0.145178697977772 0.109965917846167 0.0130863936482369 0.133942261304917
0.135313876571209 0.113142746702315 0.18513456509366 0.114843353259794 0.137792311570103 0.000343273212748582 0.135514377981968 0.0465710816344096 0.00404019955703715 0.127304214416755
0.092648077731669 0.141491049138213 0.120096807977994 0.110066958363896 0.0878011444344821 0.0535231473829175 0.105946503959873 0.0953308819848397 0.0669626629889229 0.126132766037194
0.0148548934191772 0.109216141027208 0.0326906407730651 0.122982762566461 0.155960913402359 0.128732032421707 0.125370019745639 0.0672219050460853 0.161596170996389 0.0813745206019088
0.0689346970852011 0.0477281295852807 0.208257551063494 0.0874906337545046 0.146135495896755 0.152572031021281 0.205649249491189 0.0264440305825273 0.0371090275068317 0.019679154012935
0.0444830213761978 0.110282117919042 0.0499103419342276 0.0773374731050452 0.138949553296124 0.0213826410187306 0.150175512739304 0.130890057280182 0.109318496269888 0.167270785061258
0.118981275674143 0.0307991085432592 0.0249886582256946 0.125540370997346 0.201491857997363 0.196357855056982 0.175141923354379 0.0280810203083842 0.0878958032789564 0.0107221265634941
0.15694131845019 0.172658536179418 0.0385219714788636 0.146067599390842 0.00478092137285534 0.0102768573813265 0.0674971904423948 0.149538981109777 0.15885680937473 0.0948598148196034
0.135229224469458 0.13185389851689 0.156024698422535 0.0150843897646202 0.15579228624545 0.154117937291578 0.0124378523443763 0.000401957849210633 0.14341084871069 0.0956469063851912
0.109505320876086 0.182502862044501 0.0694875440040849 0.00559827131150121 0.00190051077656971 0.124669383299296 0.0826318326087341 0.189617227478692 0.0826896160458215 0.151397431554714
0.124605608949815 0.0580611606975645 0.14110282923813 0.146545282834342 0.0562205143822071 0.157111732858278 0.113712280830179 0.0195606416231793 0.0804911050042403 0.102588843582064
0.16734564942786 0.000553132117381632 0.0386289212472166 0.0355850958971859 0.0454967345805014 0.235921138969126 0.131525175446325 0.220080909854084 0.121906243524726 0.00295699893559345
0.0931867413463337 0.193087345182784 0.161634303479608 0.0291374469574466 0.0625954744420574 0.0664080899529389 0.191877063643688 0.187747285141596 0.00287599462129524 0.0114502552322522
0.10804407809814 0.0489677082472614 0.116864727225768 0.144707283046796 0.0490489594638523 0.24795244102523 0.0596656254303958 0.00293224790575374 0.100691366578299 0.121125562978503
0.133462487520412 0.0532130048133187 0.0345026562645097 0.0718345116773948 0.219571709114556 0.0137832852523231 0.0240601574461448 0.112079038849637 0.208519776492023 0.128973372569681
0.121336687630049 0.132501294308877 0.0716230039359561 0.145200021074807 0.156351598471166 0.0854471941972118 0.0704239141696997 0.105944647577819 0.0383617898438873 0.0728098487905268
0.0281845396466264 0.0401202058420199 0.225503794966499 0.0197076379778233 0.0567991548696369 0.0552951979251095 0.127690709623726 0.139701532192886 0.126318341149 0.180678885806673
0.0961875824787541 0.00330672909968074 0.13177064350819 0.0501206813136526 0.172847332403545 0.108247457309494 0.260196907878269 0.00149996164011447 0.156057686747137 0.0197650176211625
0.214949061697758 0.0272598182067129 0.20888943030261 0.0662607645001209 0.0078682182158177 0.174912737008623 0.0232285084320462 0.089852362391581 0.0132444755825428 0.173534623662187
0.0190261801322888 0.168053036203399 0.0992388158652531 0.0419453028111454 0.180039832451651 0.100138793936117 0.197520402435667 0.0443083622616813 0.0263508692171321 0.123378404685665
0.173807528606992 0.125892245993444 0.0918330101484615 0.00030471554860043 0.153126230251533 0.148507819540138 0.00329061152324094 0.0878838483732073 0.0319210411769592 0.183432948837424
0.0332306768634955 0.138332875396609 0.171614003499116 0.155680045752536 0.0607724826095595 0.15031379222697 0.0198673547504415 0.0458563842239897 0.169284616622843 0.0550477680544412
0.118936105362907 0.0356049584127404 0.0019576845676673 0.126503289192468 0.153020138721318 0.118391722419288 0.103727228562461 0.150933336677123 0.0610670262910069 0.12985850979302
0.0632499953244603 0.0579301306978355 0.0458128580097542 0.124719393525901 0.182113079187709 0.126906289479784 0.0890540323059582 0.0635383172274075 0.109072909628092 0.137602994613098
0.167334202531158 0.157655411361572 0.0505924663243863 0.0209912778740217 0.110454341154727 0.0443085343569331 0.14225891673427 0.134723911170869 0.0403610228381385 0.131319915653924
0.151631850000722 0.120811472736561 0.0834072391298387 0.0615668336658849 0.115450879572223 0.149510270547833 0.120577043651448 0.0784048348837935 0.031069217752702 0.0875703580589947
0.111037774534826 0.166509750392117 0.107951559697104 0.141383835556606 0.100890835251492 0.034712772726887 0.0312600004305516 0.0429548081089458 0.102208538731175 0.161090124570295
0.0640639345894442 0.0312076737057348 0.00473565004800313 0.0413530312435346 0.261132500321356 0.118408135162706 0.176050417428124 0.0997315691848182 0.107408369929571 0.0959087183867088
0.024211729947585 0.102839433570789 0.0116380633551833 0.0185635173468383 0.121839014819037 0.105949748882338 0.0579899169846973 0.0939692361191573 0.212510998280954 0.250488340693422
0.113878108954653 0.197744474480073 0.0582716247942221 0.0831419757201537 0.140565985456469 0.026682418283852 0.173959756869669 0.0191260688885279 0.0176454867792071 0.168984099773173
0.187667091716629 0.0251972921669754 0.266522424124716 0.00602805526202847 0.00825379453159134 0.0481552547942025 0.0448874138425583 0.296165386506135 0.0581707300722302 0.0589525569829339
0.0334421510329333 0.124757490289625 0.196883391307505 0.0303129728510119 0.0966784771262003 0.163344147422115 0.113826305506033 0.0943727104669496 0.047882236230473 0.0985001177671548
0.00580372316700399 0.127819506270928 0.00275194447833784 0.0255579100073959 0.153742669788126 0.104680587031234 0.180218822587215 0.102088878759668 0.193984100782145 0.103351857127946
0.116973024420715 0.0208444445367806 0.0388829609785384 0.110158532793306 0.0725519995973956 0.105156289911377 0.101500239626123 0.226452114040872 0.130599303014934 0.0768810910799587
0.0799809226363596 0.223444613546284 0.215529702315532 0.0712725532701426 0.064346327301715 0.0175331531794261 0.0786792341966311 0.00268305103440745 0.00237103427662493 0.244159408242877
0.1341539353404 0.223036427221805 0.00158857208555218 0.148280222868454 0.0249894136050601 0.155143678865831 0.0703190744120914 0.0264318274761347 0.139453638081395 0.0766032100432769
0.145026663024258 0.0984062747768716 0.143222383682911 0.103967193125349 0.186883230419716 0.0416191385224345 0.150398485410305 0.0452713200691267 0.0478859181335823 0.0373193928354464
0.14485942155173 0.153214612846713 0.00415707488619752 0.0537528351052843 0.0372565204898532 0.161796412147868 0.142473897687697 0.125726288488913 0.146424142740407 0.030338794055338
0.0752642409961701 0.0809296767473851 0.116836545550541 0.133629405861607 0.13400466118359 0.145657600101598 0.0482303054322249 0.128448134691205 0.0959896018893071 0.0410098275463707
0.0414461454334191 0.224906636435894 0.125865730450505 0.212397369970389 0.159128591650294 0.0164638452567547 0.031681507116609 0.0335658647475569 0.112996791356897 0.0415475175816812
0.149100560909664 0.0945440437979485 0.0991988098019758 0.0972711611673805 0.102068888499561 0.103217877997749 0.0948317146973509 0.192448767405507 0.00652913598722801 0.0607890397356356
0.0766791252413916 0.166388818602324 0.0349114927524952 0.171966437448271 0.0233085911740339 0.0531318218119384 0.0645447948967498 0.159112593744723 0.180445953396446 0.0695103709316279
0.102887539069409 0.124857448107685 0.120425644941924 0.181482025729305 0.181264966257532 0.105206336683911 0.000169173367109358 0.0719231832243998 0.0770735564243252 0.0347101261943996
0.00972106120485328 0.109220569939143 0.140262227089915 0.0815361471525812 0.141613510546182 0.0679843995604108 0.0847576914999948 0.110468132417788 0.115603454442745 0.138832806146387
0.0442059625064348 0.170230457332158 0.147028492852197 0.158918496807305 0.078959829920729 0.134194317046173 0.0974779269229288 0.0399012579005977 0.0159749324313399 0.113108326280136
0.0907312244713811 0.116300107684275 0.169141629800794 0.166914861452232 0.134170731990699 0.187416111245587 0.0422646418953901 0.0676393222140215 0.022715315686294 0.00270605355932597
0.0143208245603585 0.147786150836364 0.153912773782325 0.0501473293894477 0.167536042592725 0.0774924123156119 0.168480183202646 0.0557651102868819 0.0779897751031035 0.0865693979305364
0.0828365384410434 0.132553015275066 0.0173119439797649 0.0425808434816664 0.184822999546072 0.0927060829284087 0.0353533660878741 0.188120846067143 0.173690854682585 0.050023509510377
0.123219119640847 0.202748772018752 0.0828463344542833 0.10104532127752 0.0238522781515566 0.013429445826218 0.0860959683930081 0.135673777390444 0.192990002155346 0.0380989806920253
0.027767765342485 0.0561338776840611 0.20601751444138 0.171769782296971 0.0155726737995332 0.158056950048312 0.172263217616043 0.0698814352995785 0.0350445812232829 0.0874922022483537
0.0658203784966451 0.059380996414747 0.0134765741446698 0.180802813465641 0.0794049527606911 0.127423160661433 0.0347073634648122 0.16360911266609 0.139403909510525 0.135970738414746
0.0290819216254988 0.204263254065551 0.197419247885533 0.0683571134046733 0.0838691973206938 0.0309042089992146 0.0828189782735239 0.140525951892205 0.0954483436286516 0.0673117829044559
0.179773755083712 0.084809734847597 0.132633195928292 0.00810112625147284 0.0191494001021426 0.0867260048958711 0.183214223184671 0.109981065029864 0.0135998851099993 0.182011609566378
0.05933610283858 0.108731094394397 0.148054275459262 0.0846913652778461 0.165961582057115 0.0743842374585768 0.117151162363271 0.136653259568339 0.0886963415340784 0.0163405790485356
0.0236295336368935 0.104065736413539 0.0688217710449687 0.0737535009066798 0.1505593628501 0.137751130055909 0.0948123480895355 0.11697582448927 0.119691073463214 0.10993971904989
0.0376452110005295 0.0575578921191553 0.169200358281413 0.169657603457632 0.118575053104308 0.0132921070249168 0.159074273186938 0.142521837291505 0.117818494518561 0.0146571700150401
0.130902845078064 0.0732881139081567 0.0894694328553943 0.0839311719545965 0.131853321952292 0.116743712217316 0.010101019330247 0.104285111784873 0.132117086032023 0.127308184887039
0.193409621384962 0.0437630380194029 0.185086227663234 0.0471621053972133 0.17223845814079 0.0697304162867165 0.015359735861498 0.093575186135349 0.119533729151838 0.0601414819589973
0.209483868309712 0.0611834008191553 0.0661938066174992 0.0286346468110292 0.130486535576418 0.0367992928515291 0.0826497010203007 0.10832877519202 0.150701926730048 0.125538046072289
0.110213391425832 0.127627348679518 0.13912774031852 0.0242433617158851 0.115117983942239 0.04060098483025 0.132936891006925 0.135412434632888 0.0713621009627931 0.10335776248515
0.00590661560543267 0.109768099202986 0.140363488630519 0.0937390920072502 0.0905425849361574 0.0314039098335236 0.0553995166002038 0.184480665023972 0.179039348654162 0.109356679505794
0.0555816215285971 0.176644070150716 0.111606989556176 0.016865833712712 0.0693824829683764 0.159252625893974 0.0828442539604284 0.204741320365751 0.0927459230220752 0.0303348788411946
0.162640666610607 0.0762399384958206 0.146173782429864 0.0449260307293232 0.0126841443109006 0.046706606399816 0.0124053847865112 0.14542239624044 0.156867452765474 0.195933597231243
0.170836502361593 0.111209546516213 0.0344201038909661 0.106220564116946 0.0238593567191248 0.0188635520984287 0.172810739174513 0.0755365482178611 0.145555782511655 0.140687304392699
0.0338717223629774 0.108865663579747 0.026995273918857 0.0929486468003903 0.0932035808386757 0.128262426189164 0.182480259481753 0.00423399942662012 0.164988834212768 0.164149593189047
0.0668212631737502 0.134152123981361 0.0633343736839749 0.0471004988422937 0.245063927192628 0.0692493499187362 0.0929870131780256 0.259144994649788 0.0173279835266909 0.00481847185275112
0.171882286706973 0.0637271690063441 0.0739004254363832 0.0658105733951186 0.178319015408201 0.0611685942666703 0.0632996785929349 0.137795161934757 0.0666210637536018 0.117476031499017
0.041522518666772 0.0540110147130833 0.0569244769930053 0.0633877385816923 0.15194049867908 0.0797826615905231 0.0953932434882083 0.15497626164265 0.171600296324807 0.130461289320179
0.036831862357605 0.149056598696806 0.164481275214191 0.167705256277273 0.115266958991235 0.0553276819827707 0.0961755710730715 0.135420426914456 0.0070835935168781 0.0726507749757135
0.174835043389049 0.144922911795289 0.0644235441984432 0.026997407186853 0.170361021361204 0.0825623595078286 0.059069073431675 0.0519125866815253 0.0671043195136592 0.157811732934474
0.098530195315524 0.0736237175084392 0.030734129850142 0.175936877948619 0.0898417357804558 0.13355853312529 0.0535517851454491 0.190982288014422 0.0038414893582271 0.149399247953431
0.0244394385578464 0.161451549010106 0.155900374060641 0.0332056551636307 0.18640508582859 0.0676573906727166 0.147316250700974 0.0188633220287459 0.174653829307083 0.0301071046696661
0.159107776707598 0.0421439098605431 0.155372624119962 0.170450927279386 0.119670290449752 0.0442242317136134 0.0836838168582514 0.12462054505064 0.0214079166961022 0.0793179612641519
0.103421009018486 0.184664508589282 0.137948081344946 0.0483448503224346 0.151049322272863 0.107910790135537 0.061642261090029 0.0533783470101838 0.0416650424523655 0.109975787763873
0.114138020184735 0.0701336371907699 0.118292296629537 0.114371142142829 0.0312399604784451 0.0939582001806574 0.117746125764662 0.162647966772892 0.0111773466576466 0.166295303997826
0.127634152050497 0.0270056115583194 0.0625951386830409 0.0842868300913637 0.160100614136535 0.138804452728282 0.190965046116142 0.0202760670612799 0.0682551568934357 0.120076930681104
0.0886715606709594 0.152638917632248 0.147890023445984 0.0539299008689307 0.00389657917673954 0.057992040765235 0.124043272108797 0.0608006926536287 0.19503358450679 0.115103428170687
0.196002768768778 0.0450366086354599 0.180942069444642 0.130352564812606 0.10075401176426 0.0776353720855222 0.057605781691457 0.0917068204691246 0.103304753093154 0.0166592492349968
0.123833262327539 0.0716526414256861 0.157809781645308 0.0366943382111226 0.118529922688442 0.123817443466789 0.112190575733753 0.0158280307299653 0.12761147591435 0.112032527857046
0.212579963108004 0.123345855694934 0.181584376509964 0.166754902708933 0.0524189651665836 0.118952236394859 0.00524474694096635 0.0720553422411938 0.0484571956962166 0.0186064155383467
0.155432194469932 0.0618524507029222 0.131782966978088 0.0567789775332356 0.0386253086619205 0.0322092085815658 0.068563440326264 0.110688717834131 0.173753203507688 0.170313531404254
0.168649379558324 0.13245568667941 0.067926329283976 0.093401328107682 0.172157225825286 0.108107800473844 0.0350930516992913 0.0150929290950841 0.183992422054177 0.0231238472229264
0.150220581921574 0.0439795257892286 0.170770542880515 0.0420243392251134 0.0924514818240923 0.124947166619503 0.110535573276346 0.0532730268620651 0.185935280283141 0.0258624813184218
0.0307147421824911 0.152719872903837 0.0243051763324358 0.0945949101084906 0.189304139003727 0.0795417582260406 0.0850923924984882 0.146193740984471 0.119612328317604 0.0779209394424147
0.151620326774088 0.186550894604051 0.144760897918298 0.183316821095423 0.0629380522189601 0.042318519909186 0.0816983395124619 0.0887354532033688 0.0095448630767491 0.0485158316874135
0.0206864794440305 0.0511834515000774 0.0366832298861123 0.142724578727632 0.0484580755207933 0.180016992753163 0.139731729912016 0.101525155482486 0.101631131488935 0.177359175284754
0.0960215794928512 0.0833435076761969 0.208949064564496 0.00633174729017236 0.0212324337729767 0.137857153167407 0.144825813464393 0.0468497071352005 0.143210671360168 0.111378322076139
0.141579166049804 0.150203205740617 0.102994203261332 0.0281114954637228 0.0692947284976606 0.137537625989675 0.154665530580578 0.126531175676702 0.0847787293588899 0.00430413938101938
0.122778719017424 0.189028092145924 0.148165954532098 0.0499674369087745 0.00192181079807523 0.159688686107493 0.071443837023382 0.0100157931467765 0.109498819630068 0.137490850689985
0.0464254360585159 0.0516625906010133 0.0762328435064646 0.11943386441797 0.226379175836844 0.100600136937792 0.124802019755057 0.143536789036384 0.0789840673398663 0.0319430765100932
0.0163674095279074 0.0820376129028364 0.137059476825225 0.111685686679132 0.105515824472467 0.141770367942834 0.0852291640896581 0.126948664459838 0.172022161775153 0.0213636313249501
0.0230939802233247 0.109979627050701 0.0633345849252507 0.0161902929594471 0.141233247742849 0.143062922351477 0.0719114242926218 0.164008121182521 0.127195953103287 0.139989846168521
0.138248433822776 0.0619567690508584 0.0283790650832756 0.0717107160231963 0.0869221438490717 0.186210867946367 0.0199501791813573 0.170654642405709 0.174864500019016 0.0611026826183732
0.0393245976715925 0.0578294255049535 0.16927598505859 0.200391222363577 0.26696129421552 0.0513724165023286 0.0542843125940463 0.0923982437093479 0.0401748995832041 0.0279876027968401
0.0889682476809365 0.0658866245058784 0.112700854993782 0.107164431394461 0.0727538460466012 0.129274463987215 0.0857831812612306 0.108527478514226 0.157141664845785 0.0717992067698846
0.163929105695014 0.112205879068118 0.115197784238716 0.0449719237609083 0.0677286553042162 0.0380561043668012 0.148585779173004 0.142749985820439 0.0543176973585334 0.11225708521425
0.010583588004273 0.0389894094933428 0.124920135106831 0.164491036207259 0.142832861771085 0.180363943144215 0.0380270743917529 0.0950223600893242 0.105098784514374 0.0996708072775421
0.0144646923715551 0.0998071077915903 0.0327774570714252 0.119673796779953 0.034848954549886 0.198520801085204 0.047736821638506 0.187922882142205 0.0585070498032844 0.205740436766392
0.146104433340561 0.0718514751527824 0.0778457967386548 0.0311752082521171 0.0935747005214268 0.149614464803075 0.116197160761977 0.0603180197599477 0.110574638620821 0.142744102048637
