0.234621882533923 0.102709995815006 0.145192944143524 0.21939256212095 0.298082615386597
0.244835801589685 0.231075923661299 0.176469393628287 0.164073355649129 0.1835455254716
0.302413293357007 0.118467710285148 0.113562944401698 0.296102266512309 0.169453785443838
0.249720023370184 0.149546455197133 0.284014787930264 0.159126511252943 0.157592222249476
0.133576198435673 0.196230865484569 0.220595149239663 0.20686669288224 0.242731093957855
0.314135508021031 0.147001491278152 0.0614235435389924 0.247984545634062 0.229454911527763
0.1850362635373 0.319336086966476 0.212501626343997 0.0240830770518168 0.25904294610041
0.1573639246984 0.261577601696412 0.219001611988911 0.239952216140142 0.122104645476135
0.310129048653223 0.371312016435143 0.161011706808933 0.148614169982813 0.00893305811988818
0.05530045056622 0.260946751253971 0.0285681759301673 0.21308573299252 0.442098889257122
0.274096375298344 0.20078925324939 0.250815084578869 0.0662102996825768 0.208088987190821
0.377973483524466 0.126995590960174 0.126106523362476 0.32060846906665 0.0483159330862335
0.181136054859358 0.208769805814133 0.167775207422751 0.264979521308879 0.177339410594879
0.309631272640283 0.174213992681634 0.019355723210293 0.305447985500354 0.191351025967436
0.278249426729815 0.0390455666854714 0.115306792576055 0.251274729358497 0.316123484650161
0.229227644253458 0.28668453038547 0.042554006184067 0.361337031070014 0.0801967881069916
0.0463276531782859 0.195941310226327 0.291252940307933 0.117302564042598 0.349175532244856
0.26521683940317 0.0995383912278287 0.230167824303008 0.233307677891734 0.171769267174259
0.0208075530891114 0.295199375286961 0.375116425135202 0.24373334465883 0.065143301829895
0.317116549713267 0.0425993190051895 0.121746898362014 0.36725993887877 0.15127729404076
0.093519509675265 0.285795298065828 0.0951558391287902 0.252593779534648 0.272935573595469
0.102613090876985 0.115338563058754 0.202615980307666 0.286464284551762 0.292968081204833
0.26589642616655 0.236765837284205 0.231100855342076 0.121196131161179 0.14504075004599
0.267963520672017 0.304244797751406 0.170257077884999 0.217851667220079 0.0396829364714994
0.291075486814118 0.193102082793488 0.296355907063904 0.190093587539661 0.0293729357888292
0.217160773353142 0.0824371669313165 0.168531911416257 0.326450093139469 0.205420055159815
0.447228837176815 0.120058362244034 0.0790564838386989 0.19925628418959 0.154400032550862
0.13302337036796 0.0458776592707119 0.253608536825043 0.195427477265503 0.372062956270783
0.13429194808295 0.138065070121463 0.204620021037846 0.287335027334891 0.235687933422851
0.158672075930101 0.195957035158109 0.207474518894747 0.199290256993181 0.238606113023862
0.0553406381701901 0.239531663941062 0.253936542199367 0.305968288047182 0.145222867642199
0.216896889486119 0.0216660831574995 0.433001439669826 0.0281299264184667 0.300305661268089
0.0475481368672037 0.25892548216748 0.0464036684399574 0.309290610291776 0.337832102233583
0.108502307799539 0.0874742069761343 0.261026542304769 0.415230628889897 0.127766314029661
0.243721785739188 0.340083585458107 0.0380704465793207 0.274159953913329 0.103964228310055
0.336364237249603 0.143005989087296 0.191331167065589 0.0618598866572064 0.267438719940305
0.330311519663468 0.101649701946104 0.165593697248307 0.332001377294898 0.0704437038472233
0.212192062909495 0.30038588058735 0.120040279117773 0.348505039440677 0.0188767379447051
0.258552904131888 0.190178809391371 0.175005396741567 0.217153194183608 0.159109695551566
0.141380973828303 0.295646675898501 0.342117086607884 0.174166131159972 0.0466891325053401
0.0396139101884988 0.350045668122004 0.0919413406320995 0.288907755405543 0.229491325651855
0.120444328111506 0.296566948661095 0.0312178651417622 0.431147379790085 0.120623478295552
0.114125895588553 0.422833195860808 0.402894685341789 0.0409115884778935 0.0192346347309567
0.0479614683260289 0.291777561998557 0.449319832072388 0.197848402911953 0.0130927346910732
0.270960993805892 0.0482190136677633 0.271818612958212 0.144980285329414 0.264021094238719
0.127958498070483 0.221142251562458 0.231483953584581 0.165602532832392 0.253812763950086
0.243010854033356 0.0651456186578876 0.340670369570616 0.310226536906537 0.0409466208316044
0.254266499697903 0.270196763870994 0.0343707489261801 0.184414691906383 0.256751295598539
0.144867452035898 0.229214051079788 0.133763006547352 0.347796227362831 0.14435926297413
0.149275956581185 0.234742890156354 0.228050392499049 0.136828799182416 0.251101961580996
0.0693663907238385 0.108241329617925 0.19576215136737 0.210753146810801 0.415876981480066
0.17843800075824 0.276569029669024 0.195797992775606 0.121277100032355 0.227917876764774
0.261083283954352 0.17557336958217 0.0910650177437219 0.195271223301524 0.277007105418233
0.0452088969089747 0.118963127193669 0.371532818916683 0.132469280464472 0.331825876516201
0.156318870984882 0.184893131961057 0.261994060634689 0.265177125110492 0.13161681130888
0.111597995351429 0.0721478926419466 0.194466699753094 0.251214999378034 0.370572412875495
0.0948198545313722 0.234741823328617 0.262429594404808 0.132231734813291 0.275776992921912
0.0591661706675721 0.191646575736806 0.0317155551511856 0.315594788651163 0.401876909793273
0.228763482220862 0.0848863511111911 0.303356627461394 0.205980890021871 0.177012649184682
0.116598805885757 0.431060990600477 0.210394102975495 0.116561526821532 0.125384573716739
0.103840513000862 0.133402778362832 0.359921367420729 0.224822321597067 0.178013019618511
0.0389921464619641 0.0614380692577409 0.409332992528863 0.486512921336721 0.0037238704147116
0.0523879931367637 0.0313392393017586 0.188826769883753 0.433722442793922 0.293723554883803
0.132367680883865 0.117976551982276 0.255225582682395 0.228560920719235 0.265869263732228
0.129402880854192 0.386204894534285 0.0924088477347987 0.228088707381936 0.163894669494788
0.0444599197092123 0.285062804104846 0.21270023330824 0.438552075512431 0.0192249673652695
0.120421071536342 0.00944097704454991 0.153811615495131 0.361593671174438 0.354732664749539
0.0300921633223865 0.342157161010756 0.259726577496517 0.161044319054549 0.206979779115792
0.30720992413133 0.206100375709848 0.148356716224432 0.291429409089859 0.0469035748445313
0.14950722284028 0.0485474602106189 0.166938163289086 0.280358222812652 0.354648930847363
0.289898181675748 0.100951401159874 0.107512232482826 0.442846721888142 0.0587914627934098
0.253603207173452 0.2994839272723 0.124514205376847 0.315031593208419 0.00736706696898234
0.161011773770078 0.19038975916679 0.20354034377703 0.220197482726522 0.22486064055958
0.269256810143138 0.105396615791526 0.0922128290043135 0.211332251296005 0.321801493765018
0.216388156415502 0.185093445031645 0.187134476985779 0.0857971940089729 0.325586727558101
0.157246936347852 0.0437189653046162 0.283514208425092 0.500265679929853 0.0152542099925871
0.215863451468812 0.313814012357658 0.0904052675483195 0.341923389169921 0.0379938794552892
0.0709021166610833 0.314443187273162 0.173294321396341 0.322645665179458 0.118714709489957
0.170801120105287 0.108512277061411 0.2135873881618 0.236150975490924 0.270948239180578
0.107150764409669 0.0131032854471148 0.317971192450367 0.240836996328098 0.320937761364751
0.0668285324058285 0.227335956055377 0.29970542322959 0.220810168264879 0.185319920044326
0.189512924992454 0.377596795504142 0.309866692961236 0.0166079184583263 0.106415668083842
0.265285394782105 0.0669687941085654 0.178373397565455 0.198868475448674 0.290503938095201
0.106086303456892 0.282391256603679 0.128288124100112 0.373781410066422 0.109452905772895
0.132896041213951 0.301852058276386 0.250994502351607 0.21710305660458 0.0971543415534753
0.226889022421798 0.175345223570352 0.151210557489175 0.193148520388795 0.25340667612988
0.0532269268130659 0.477608442182556 0.0679542678424523 0.122864461626413 0.278345901535513
0.173556860378167 0.0543314280118988 0.310957323311013 0.325083999377445 0.136070388921476
0.00798158824167569 0.17066838178873 0.24164686999243 0.145037256685387 0.434665903291777
0.281724934852872 0.0797490440208575 0.0765114068457406 0.195085709232545 0.366928905047985
0.182208360279117 0.129728536297286 0.232040725023883 0.186597944928127 0.269424433471586
0.0115967368391167 0.111912297488427 0.126308605395722 0.239179163033398 0.511003197243337
0.264421671640023 0.0677046356359228 0.307650781023884 0.0274926261826656 0.332730285517504
0.151474884156137 0.316439644009477 0.0260033968315273 0.169323006350816 0.336759068652043
0.053900858554188 0.304119277651315 0.0790284038413137 0.387537926010657 0.175413533942526
0.0696512293070664 0.059081329053107 0.104110916740433 0.386583218195083 0.380573306704311
0.157077152998021 0.0364056893255248 0.182289181870112 0.323235723545853 0.300992252260489
0.0618002334637962 0.660459056587584 0.127319501868743 0.0761680172079314 0.0742531908719452
0.0886823077846864 0.115595920766485 0.390157162373432 0.294512287340091 0.111052321735306
0.0652285447567731 0.196473032864529 0.341093238289371 0.163502999656709 0.233702184432617
0.222017995677873 0.219139821658781 0.315498619554352 0.0984973998797252 0.144846163229269
0.132232284912376 0.247015585044108 0.290972891205255 0.149879885977177 0.179899352861084
0.026791537985101 0.123376368698739 0.0405461346764317 0.389425113909807 0.419860844729921
0.21279019397861 0.436735397664445 0.123215743853135 0.166523329416428 0.0607353350873822
0.372701651162034 0.206165157356436 0.0911691427046046 0.242976383150739 0.0869876656261864
0.165551915004833 0.19489572441948 0.443790665975954 0.142228759201203 0.0535329353985295
0.260179288617115 0.317668016856639 0.0785718673914003 0.183878121474413 0.159702705660432
0.0800644205929362 0.148688741693539 0.225614063266983 0.397191455812052 0.148441318634489
0.147168492057942 0.337286549675801 0.0821572960271626 0.409463203081999 0.0239244591570959
0.406304786640164 0.278394003369958 0.136209452856227 0.122009667641698 0.0570820894919524
0.0577931986746502 0.197429731403037 0.318471113641512 0.275284110008091 0.15102184627271
0.2469230386153 0.140109915496028 0.241502910648336 0.176310344127589 0.195153791112747
0.256166637204034 0.304619487597253 0.263817603694117 0.0211565329793721 0.154239738525224
0.227482060956204 0.325191655779948 0.0813171224541463 0.0916671474293997 0.274342013380302
0.286693006079014 0.262040299397997 0.114655535417468 0.109777107710853 0.226834051394668
0.170299488953422 0.0799813224927053 0.21564364332788 0.323772046082051 0.210303499143942
0.196699237202985 0.197475220755884 0.205121309291365 0.105149922755011 0.295554309994755
0.245197072337416 0.325226311061523 0.0271417059798433 0.354273970012836 0.0481609406083816
0.14343895827165 0.199804382750105 0.106451189030745 0.406550810714028 0.143754659233472
0.163857777507968 0.100003642239437 0.24971512073076 0.194063666690186 0.292359792831649
0.0548874637887172 0.358630843798354 0.00490389056536128 0.125868869957379 0.455708931890188
0.121139870271279 0.112951984330654 0.25399127057271 0.285717895365812 0.226198979459544
0.420449511304086 0.237628475834113 0.119075509162205 0.139552780014794 0.0832937236848014
0.371679038704662 0.261956636198808 0.327877917015182 0.0117011558949666 0.0267852521863815
0.146142153743882 0.107005088580043 0.250024669743089 0.224099567874745 0.272728520058241
0.121830252353104 0.28230175526837 0.226598918420451 0.321404107214936 0.0478649667431382
0.0264335612500571 0.216335851589903 0.302766316337988 0.11263452640508 0.341829744416972
0.140274256179037 0.195074365282375 0.354034649589261 0.0451386392008549 0.265478089748472
0.331230982485059 0.289370628373653 0.301327847858828 0.0605533440056053 0.0175171972768548
0.0314479068425181 0.567788455177658 0.256666341513222 0.0913064011601784 0.0527908953064237
0.146182812717526 0.058842150046789 0.196478273817559 0.285898627100694 0.312598136317433
0.328738402068738 0.352975651344002 0.0699027682017272 0.243300244435571 0.00508293394996099
0.165869199369501 0.380321151723225 0.33048171021396 0.0786820471777193 0.0446458915155946
0.0230749774477895 0.119178322576206 0.281836876055678 0.337582352063194 0.238327471857132
0.345235737126733 0.261054532206275 0.0184685074267766 0.0346052627987798 0.340635960441436
0.323732087680823 0.0932464418828175 0.00382017972234495 0.271906540874581 0.307294749839434
0.194392781877023 0.259481012133538 0.34770355272898 0.085774002992164 0.112648650268294
0.260618096343994 0.0542623237916275 0.265446449793527 0.153281567304477 0.266391562766374
0.145961223955741 0.158967805626648 0.250519588223402 0.335512941397666 0.109038440796542
0.16829466617156 0.186171966668302 0.176649784559324 0.281082345697217 0.187801236903597
0.211832881827868 0.406243792046054 0.0308239879136954 0.173805702699165 0.177293635513218
0.171569985581265 0.0679365750488754 0.199724195530217 0.48055468867309 0.080214555166553
0.224263957191332 0.119224140829806 0.257756386913386 0.264829839961458 0.133925675104019
0.254241189179122 0.112495136375385 0.277387612803703 0.232827311064177 0.123048750577613
0.274624225668593 0.357406751601322 0.0590249186973169 0.0646341076385332 0.244309996394234
0.155139145029428 0.355154134957266 0.0806145459728131 0.280678459057993 0.1284137149825
0.260138147676981 0.0819117406643609 0.255679169027073 0.149027543430109 0.253243399201477
0.0869354949771593 0.243123471179537 0.249279526751431 0.267382317322652 0.153279189769221
0.326916868982306 0.125380045779291 0.221167890756246 0.269194856902421 0.0573403375797351
0.392953470102397 0.0588008668109016 0.0922761014363669 0.203476793099757 0.252492768550577
0.0602384775632289 0.0947892956537402 0.324490214831369 0.259453303982246 0.261028707969415
0.148267549238156 0.0291461901615492 0.2555908109564 0.265440716172697 0.301554733471198
0.121885479111397 0.243221608899081 0.262749103321324 0.293144480478024 0.0789993281901743
0.10914780740037 0.00295226216320708 0.360189029844994 0.301031368395706 0.226679532195723
0.313874300000062 0.214006727924998 0.209748281327666 0.0811704137833662 0.181200276963907
0.347051408241477 0.48761170408488 0.0443252945096273 0.0190741995877771 0.101937393576239
0.0973964795280884 0.0964974497421484 0.310343049520038 0.116473443409607 0.379289577800118
0.235041559086433 0.208195691477465 0.14087465647305 0.237556148439603 0.178331944523449
0.153721343244963 0.288615040169713 0.315013478883442 0.087360024283333 0.155290113418549
0.099367917430112 0.0500436549006963 0.088532216675595 0.341555427524207 0.42050078346939
0.419597727655185 0.176397248294552 0.185087966987821 0.171133195547765 0.0477838615146776
0.0476919200429486 0.115439504768446 0.3885496001703 0.361450527547092 0.0868684474712129
0.190538243371489 0.255357018973241 0.168253295588307 0.223013254617055 0.162838187449909
0.1588411401586 0.103339098402175 0.329678757194478 0.272722744090254 0.135418260154493
0.155822158962282 0.319895887701188 0.00230287179024358 0.265105576902032 0.256873504644255
0.232982046085567 0.130249953818759 0.230834091417935 0.191725263493372 0.214208645184367
0.133734881440724 0.309117700042511 0.0917388235385482 0.20330042637277 0.262108168605447
0.100385153508912 0.414760700819316 0.309829109893431 0.147094417277201 0.0279306185011401
0.298694331337886 0.207137520908822 0.252274638124629 0.0779470425510709 0.163946467077592
0.115462585069452 0.40265079961137 0.143824907195729 0.140604652493763 0.197457055629686
0.140347004398737 0.344792475384452 0.152350001785766 0.3607409836801 0.00176953475094572
0.304481458620727 0.200506721658624 0.107272418402109 0.32183198594668 0.0659074153718603
0.390765979116945 0.00485530888807973 0.179433827285565 0.182277331090816 0.242667553618594
0.201665193015081 0.20103484052894 0.151462912320165 0.255707130581219 0.190129923554595
0.218340737654121 0.0904195225007086 0.15753834412074 0.260076386178069 0.273625009546362
0.419843728501414 0.087654771703779 0.0878057794668245 0.34424476378363 0.0604509565443527
0.0664656238652688 0.212095764382504 0.408437706072637 0.0254956821488116 0.287505223530779
0.374284399485246 0.24668931244895 0.0529781172038848 0.176432416459476 0.149615754402444
0.0467783847289354 0.015988300893399 0.524464281724277 0.373131306485573 0.0396377261678162
0.394323495196533 0.0144149738042072 0.216959879068183 0.193063799139677 0.1812378527914
0.331645753492958 0.208856310218319 0.402155779200498 0.0302449115787977 0.027097245509428
0.450764819248836 0.00981372723860371 0.0773683500691635 0.339322694403841 0.122730409039556
0.273210225451188 0.191421057203055 0.225912998433127 0.0818317289230265 0.227623989989604
0.239416254528637 0.145718771557203 0.223265568488529 0.217250237526599 0.174349167899032
0.088095904641258 0.0812670535789341 0.300278295159538 0.141274598599554 0.389084148020716
0.0146914686131526 0.0647722989753157 0.154607965477556 0.0536644558347931 0.712263811099183
0.234408915138226 0.0686976532970422 0.250262551202339 0.255721326250166 0.190909554112227
0.0374043395629399 0.250675583563709 0.204706494550444 0.25396445160281 0.253249130720097
0.243844584377704 0.216646800567199 0.0738374894962275 0.0267402651870914 0.438930860371778
0.0644773887587611 0.0650272064144871 0.193841036632081 0.447081077128302 0.229573291066368
0.169557968364985 0.334788955660421 0.352595508464036 0.0687515493200362 0.0743060181905219
0.150611030595886 0.287388594160693 0.25055367746077 0.0500898621374724 0.261356835645178
0.230306304808284 0.213406460893588 0.262007967078088 0.293946756813244 0.000332510406795719
0.211495108527364 0.0360339864002975 0.272138246986133 0.119688448657231 0.360644209428974
0.2905429218918 0.200281033406836 0.189707473382042 0.161028123281662 0.15844044803766
0.202290687636196 0.00883338614407084 0.309755401748415 0.122914988519867 0.356205535951452
0.195284945946167 0.155768011972517 0.152546457066245 0.182964514358868 0.313436070656203
0.240410237361842 0.287877809359001 0.155339845914939 0.216225147376151 0.100146959988068
0.169439031194617 0.183773717082476 0.000493093976322867 0.192302633416083 0.4539915243305
0.235474071611158 0.303777255474883 0.128464152434274 0.297994587374363 0.0342899331053217
0.404058565522849 0.283344330030147 0.163693044942134 0.11218921804129 0.0367148414635815
0.245845271834549 0.0652577217368663 0.318733992507454 0.330789265970513 0.0393737479506177
0.209826788534076 0.132499120946515 0.277891352013144 0.244944439881256 0.13483829862501
0.210313929447844 0.224971153869773 0.092128233635955 0.262865823196286 0.209720859850142
0.164946559884799 0.345690995295571 0.189140086958808 0.0516783892992468 0.248543968561575
0.231326472451035 0.0536249524773352 0.392023091690236 0.0292912487637276 0.293734234617666
0.0449009378379999 0.0810461981308832 0.200717073215299 0.189727664847587 0.483608125968231
0.102054354984084 0.450366721024597 0.0540337104426457 0.146639313870174 0.246905899678499
0.21189534977301 0.257386743303807 0.0983306722931178 0.0471090875838062 0.385278147046259
0.174112957044493 0.215427072918533 0.232154051726685 0.320564922559059 0.0577409957512299
0.103742554883913 0.171739796427464 0.26558238912001 0.195191472333391 0.263743787235221
0.111499546262488 0.112835674555586 0.23170498740117 0.0911061154667098 0.452853676314046
0.216257025099266 0.240157476313608 0.0387981994333947 0.246715389072223 0.258071910081509
0.215726758794479 0.383966362757424 0.167045038976153 0.0896649044091479 0.143596935062796
0.00449770411746066 0.48761753214229 0.133748437848521 0.163244272171035 0.210892053720695
0.270556138404682 0.318449868382058 0.0969267259560483 0.219170143829008 0.0948971234282041
0.240312316405246 0.299289302411742 0.25126613687507 0.0222863926429033 0.186845851665039
0.225428733031034 0.123622406383176 0.273266927200684 0.261055158031681 0.116626775353426
0.222779617677487 0.259639900811698 0.107201741156719 0.313721390173735 0.0966573501803611
0.162892111096833 0.248398572503614 0.217122839661173 0.291427861288737 0.0801586154496424
0.314882456646169 0.153793278614907 0.165394800424711 0.0599815956301948 0.305947868684019
0.134536833293763 0.114055465257156 0.190292164806409 0.549494113677578 0.0116214229650937
0.389861106377757 0.33355697006905 0.0920809713514536 0.00800496979853227 0.176495982403207
0.0822443722354844 0.684945191930789 0.0548549004375147 0.148308427526063 0.0296471078701489
0.141250680545863 0.048012497598248 0.239630400357289 0.337726006370241 0.233380415128359
0.231336157991795 0.323181089869231 0.309258615399266 0.0658744822838803 0.0703496544558279
0.163749302572788 0.203839903260617 0.304668481387993 0.170952760211264 0.156789552567338
0.207512557701083 0.124186174103629 0.272162389143891 0.246877886056026 0.149260992995371
0.318235406714009 0.389638244656563 0.172539181123399 0.0349244217573189 0.0846627457487105
0.370459564120503 0.307124066492936 0.0614592628449284 0.182131708638646 0.078825397902986
0.287812753028034 0.0148629045759949 0.185804493514972 0.0342336964338714 0.477286152447128
0.156377896457259 0.143557996526912 0.319783935863081 0.294527650531192 0.0857525206215563
0.0651742831583774 0.328868834673164 0.304561087117366 0.0428008165842706 0.258594978466822
0.365536351609643 0.184697428295166 0.0593427523301972 0.191238330426931 0.199185137338063
0.082332722085217 0.22968064675726 0.212854948240877 0.11093107316798 0.364200609748665
0.0559014833210964 0.303241956276993 0.23549656510226 0.145627459519512 0.259732535780138
0.32756523852878 0.125129892860856 0.258994623628033 0.0408665864531977 0.247443658529134
0.169452610929835 0.260736045125626 0.148567389730063 0.19353335882772 0.227710595386756
0.0517060746281326 0.278798351257697 0.245227163934088 0.334444628194875 0.0898237819852073
0.353110573526969 0.188026358648647 0.190307918103886 0.265804493993813 0.00275065572668525
0.0134280402093733 0.0255928004629768 0.413658562446702 0.335560339842945 0.211760257038002
0.0167211099715878 0.415345026745299 0.176868307413361 0.273605136788995 0.117460419080756
0.401233938075944 0.0475329684096706 0.279488474909928 0.0694645030670729 0.202280115537385
0.32034964806338 0.181854910521671 0.10113343469122 0.0355331201505693 0.361128886573159
0.507328008537542 0.112435633082823 0.0270547222385393 0.142544641339151 0.210636994801945
0.262329969714526 0.217989978908169 0.234868412545229 0.139564450665491 0.145247188166585
0.0223107650290561 0.287420845100026 0.0464932866130815 0.323650392017451 0.320124711240385
0.217852158249613 0.114062392819103 0.150583822325579 0.0785133624906664 0.438988264115038
0.00552517532314955 0.315366163072788 0.192147225673247 0.368868894979264 0.118092540951552
0.198668573564314 0.201067563748497 0.259447802113344 0.220353941255165 0.12046211931868
0.287750481435329 0.243929706214186 0.142619136596336 0.0713731662309288 0.254327509523221
0.375312740371376 0.030119900395212 0.114885373086638 0.139934348727758 0.339747637419015
0.204482881560397 0.154618151645813 0.239494080034856 0.0501462860659177 0.351258600693016
0.357290433021792 0.129999687103753 0.134158946383483 0.347224216327611 0.0313267171633619
0.298388656589519 0.183277710251033 0.0431256456675458 0.311160970575638 0.164047016916264
0.158831597292722 0.169877250558714 0.274922455679805 0.0616466174348772 0.334722079033882
0.221317606484897 0.0760179451517193 0.292769122523209 0.128763353384422 0.281131972455752
0.237336000097237 0.0590650203583465 0.182679727267124 0.273800790982274 0.247118461295019
0.250990962417164 0.102910441189556 0.146695072484406 0.253359558168242 0.246043965740632
0.275097142587978 0.103222565881815 0.202082055076055 0.168010523979447 0.251587712474705
0.316724167064576 0.223451673993 0.0876144451708466 0.226184175006482 0.146025538765096
0.417578648397571 0.0285258701237294 0.168712572831095 0.0578834942543214 0.327299414393283
0.0349960925071545 0.543359004647406 0.197023539309655 0.0121991462293683 0.212422217306416
0.0710733868537924 0.122480559698823 0.310143954160062 0.281153567336252 0.215148531951071
0.12304240637629 0.0232089503427424 0.196046809148016 0.287080029499845 0.370621804633107
0.245892965335249 0.166617620786491 0.183045712042063 0.2056916676073 0.198752034228896
0.265837753520069 0.0907363515540048 0.237081298632759 0.204792169906209 0.201552426386958
0.293672189884421 0.224816249038368 0.207881948160153 0.0714033073400048 0.202226305577053
0.234161658176227 0.297024642512645 0.351423324669876 0.101222595249076 0.0161677793921758
0.191776421451509 0.113291972761989 0.265226937976886 0.0515843751931954 0.37812029261642
0.185296581900679 0.210114727210531 0.240680476816892 0.196675758358682 0.167232455713216
0.276328588728201 0.009772172431674 0.251724113087166 0.197057278765368 0.26511784698759
0.139946717349324 0.18904867423382 0.1145989827105 0.143834995669967 0.412570630036389
0.296608251489707 0.205273985125244 0.0340832293522681 0.0825217857748351 0.381512748257946
0.100430442334108 0.346237841442916 0.112480647487146 0.228494902648487 0.212356166087343
0.197741351770302 0.306233515648076 0.12383497714026 0.282641802491838 0.0895483529495229
0.126764389320914 0.363245611386095 0.149529081864628 0.163022944242734 0.197437973185629
0.168374929672778 0.432456001067373 0.262650837130041 0.0364289351015821 0.100089297028226
0.169963841630904 0.323958333104241 0.00347167651789685 0.17991622675072 0.322689921996239
0.101671489575991 0.29353582773193 0.00806837186199078 0.39344415251805 0.203280158312038
0.292359377367337 0.382809803074893 0.00730905878769202 0.229451787160838 0.0880699736092395
0.0776199300138174 0.156450253571662 0.360780342221312 0.0233510037855622 0.381798470407646
0.0464452281232578 0.221192961215938 0.122855684658413 0.598279585393596 0.0112265406087957
0.121674334438361 0.062529388122786 0.242009226633592 0.27200982809453 0.301777222710731
0.16041426041021 0.0298452822838055 0.319841332163547 0.343470464708607 0.14642866043383
0.195629501885021 0.301930008130214 0.176820327132873 0.29169967105946 0.0339204917924326
0.297270003523286 0.329046763789741 0.162729649217326 0.0745813518795937 0.136372231590054
0.0267897405053623 0.297843971109018 0.256524882675044 0.226015430513208 0.192825975197367
0.350040796270787 0.0957609206341113 0.153549222298709 0.337868569359923 0.0627804914364697
0.0082903848390158 0.0399111299173104 0.242885890154163 0.552517637185366 0.156394957904145
0.0227499362739716 0.255119465627082 0.0944998816383054 0.0939577826316604 0.533672933828981
0.171588988464076 0.0386544483242703 0.219611831466443 0.39263922934147 0.177505502403741
0.296975759910288 0.287155534359357 0.0214222042497142 0.0312096176281428 0.363236883852498
0.226189039746957 0.158413096708194 0.284698761558398 0.262026442814245 0.068672659172206
0.131047959784944 0.263581175542076 0.205246521942286 0.212864174351323 0.187260168379372
0.215404764416134 0.128194064835085 0.251156933536701 0.265372285357258 0.139871951854821
0.314077827244806 0.278740106432296 0.285932147473978 0.059655541917188 0.0615943769317318
0.174189353797197 0.446034964567057 0.284669659150814 0.0783478747475758 0.0167581477373561
0.119028911293827 0.428563803865308 0.230471072151836 0.197707499086165 0.0242287136028637
0.104553530151019 0.227560223697541 0.302385742843506 0.0567503367048253 0.308750166603109
0.12203777590548 0.276645864627977 0.0182669334742743 0.294748618752184 0.288300807240084
0.197833373913316 0.149766910461654 0.230277801551974 0.22248915410377 0.199632759969286
0.0112378859988773 0.341873422986323 0.223093617280449 0.27260901239179 0.151186061342561
0.244358914753407 0.255374216258234 0.0357108520608594 0.208770339584665 0.255785677342834
0.0379977639036027 0.415808237501216 0.24732711318707 0.0539692146849318 0.244897670723179
0.347436352061693 0.34512962045318 0.0526847815969597 0.148382952803385 0.106366293084783
0.0325063620810244 0.212696140442275 0.125777263131474 0.284973809814956 0.34404642453027
0.390801328592691 0.00556531765105341 0.365121349417634 0.123878112347093 0.114633891991529
0.0462294080068319 0.385479627494993 0.212257203894091 0.336585103970435 0.0194486566336485
0.226028431884221 0.162807830035511 0.176679479725439 0.19077335874475 0.243710899610079
0.323601980336228 0.17236707636271 0.174267632180746 0.29799013567996 0.0317731754403562
0.00481384201687744 0.0246509908335668 0.33352811670678 0.329690508164416 0.30731654227836
0.162271109462877 0.175367278099238 0.177617737598705 0.269089798049615 0.215654076789564
0.125216210117543 0.170540458963034 0.284640763194901 0.373207309930671 0.0463952577938511
0.295262695532169 0.262487314012518 0.016691153981362 0.296553764209824 0.129005072264127
0.0916393737304942 0.285967241774061 0.0123910020992109 0.288492424609052 0.321509957787182
0.178325892175664 0.263208904934397 0.26710039898474 0.189963445616611 0.101401358288588
0.050959443356824 0.293510610201677 0.153047148788741 0.174143384717072 0.328339412935687
0.0789127596858724 0.470722771451191 0.359280018694202 0.0147269416420528 0.0763575085266821
0.161382472828195 0.297450923782422 0.249037666944143 0.151636757446015 0.140492178999225
0.0624574254666398 0.280674751912351 0.139646925727997 0.20882015134697 0.308400745546042
0.135458286368247 0.252444184692572 0.193095705133988 0.257545323489129 0.161456500316064
0.296569894423249 0.0539233590382718 0.0915245465520201 0.218652884860554 0.339329315125905
0.246298650868161 0.37598033750364 0.109824588814922 0.0680827760780877 0.199813646735189
0.265019207029029 0.292711276118628 0.147115138161463 0.173114751792116 0.122039626898764
0.0567516109348476 0.156773787457945 0.379222710534695 0.124486338661449 0.282765552411064
0.268725424205002 0.170274857354684 0.263853179013724 0.127020391060298 0.170126148366292
0.386135812499169 0.322891759431745 0.0362035654580682 0.0316708320353951 0.223098030575623
0.214824291152385 0.27274591301718 0.137965635414749 0.114472737489316 0.25999142292637
0.0950777338948907 0.411394918152042 0.0904013641635927 0.291965840725838 0.111160143063636
0.0614656491952317 0.299992009185924 0.116049965993222 0.146955511208349 0.375536864417273
0.0498791353110757 0.212725521382942 0.266478020838195 0.331474634840106 0.139442687627681
0.192402211880509 0.260756268379822 0.239450622605807 0.0379620460320959 0.269428851101766
0.084138926671395 0.423172237093877 0.210604278855277 0.147829345877385 0.134255211502066
0.260051348100829 0.0523709003739585 0.28787298362148 0.362775132408305 0.0369296354954277
0.243746400547672 0.257876659323572 0.246594807202068 0.246460351808037 0.00532178111865054
0.154898347794836 0.251930973538199 0.212890858907207 0.0859323302557212 0.294347489504037
0.390698078464325 0.249574305541585 0.220806270758706 0.122459181089251 0.0164621641461338
0.245432874866026 0.306385164758342 0.0992480397102408 0.0792591552431694 0.269674765422221
0.207358938386603 0.0629191769487685 0.201225400050706 0.259903921723396 0.268592562890526
0.203338906645459 0.198267738065309 0.164386726418686 0.195727589205504 0.238279039665042
0.195979411989326 0.291984372654423 0.144916209908304 0.13543201708135 0.231687988366597
0.232445831096381 0.216920099532537 0.0802667049818655 0.0258059508017746 0.444561413587441
0.220665964948569 0.287395207610416 0.287525782182307 0.0718661963645131 0.132546848894195
0.330570583836882 0.206811616137783 0.283822862958702 0.0573948548607011 0.121400082205931
0.423327909055399 0.11502798684729 0.0654945627880455 0.297512627849724 0.0986369134595416
0.275905032472921 0.138539689091999 0.194426775330561 0.0618067714215181 0.329321731683001
0.165196000770084 0.301178323874634 0.164212159082511 0.0125905548050591 0.356822961467713
0.142811875580819 0.186111641752716 0.281884925181902 0.210610438400284 0.17858111908428
0.0885988627521436 0.502262681772302 0.0583382688844542 0.0107003745510877 0.340099812040012
0.184553942260059 0.202525671777403 0.0927879883172844 0.180562750750628 0.339569646894625
0.351729371607643 0.00016325886226634 0.127097462624153 0.144139248526658 0.37687065837928
0.3405386674459 0.207392943017778 0.154453183018586 0.158289966739307 0.139325239778429
0.0889964602489754 0.422419825003056 0.147610525956501 0.291325453224813 0.0496477355666538
0.177740367335794 0.211934423791614 0.0286196119540912 0.277290144928356 0.304415451990144
0.0269513351714923 0.293897978715123 0.359408477663491 0.0805919598514011 0.239150248598493
0.277044197162546 0.165651284648854 0.284861265082315 0.259549293274164 0.0128939598321208
0.10950688650491 0.480568721159549 0.232819170999413 0.0562850549242362 0.120820166411892
0.239421479163607 0.0930838787601784 0.112109340788137 0.278805520406595 0.276579780881483
0.0407848811362739 0.32148123858804 0.0496546060057718 0.315368201616574 0.27271107265334
0.188908752453329 0.375211281392023 0.173215761459954 0.191422769471381 0.0712414352233144
0.179639203070163 0.289731495582873 0.250643856766091 0.0309952626069843 0.248990181973888
0.00797886906654363 0.262739895276609 0.32527041875897 0.111513263743833 0.292497553154044
0.35651523859511 0.185655307038066 0.277325007038686 0.0698537842290796 0.110650663099059
0.134413475047434 0.29072808526334 0.436056869076803 0.115334893551054 0.0234666770613684
0.111602531672214 0.33330013779009 0.30406014751759 0.234325811048821 0.0167113719712841
0.128769858383513 0.129224254634436 0.253729103242322 0.247953617099657 0.240323166640071
0.0945831555129838 0.0312362753010982 0.265646311039404 0.267464883504885 0.34106937464163
0.11840594567381 0.278527537545264 0.114722495862193 0.163506299067085 0.324837721851646
0.157049040217392 0.426791397909043 0.147589651930216 0.181886723467848 0.0866831864755001
0.196969823583955 0.0781908291039128 0.306491458389937 0.262127295976342 0.156220592945853
0.229857781482959 0.199431648025926 0.295933044151429 0.132363737501605 0.142413788838082
0.0343255763221024 0.133386185572221 0.149810716998568 0.372288032493266 0.310189488613842
0.251261400749468 0.16542543711141 0.0841697588762255 0.227751170986623 0.271392232276273
0.0522514802803463 0.369124900068097 0.301673186579883 0.201685327862635 0.0752651052090393
0.104048314192866 0.227860637333658 0.286883240021004 0.255744226412594 0.125463582039877
0.26072112251108 0.223311164338151 0.151581615727973 0.209323490879693 0.155062606543102
0.227304067608246 0.22649412514027 0.179185305161359 0.100421722786221 0.266594779303904
0.189222992627179 0.14265913028044 0.22879665836761 0.232483052272317 0.206838166452454
0.0311704882734015 0.228101966665238 0.209955907823646 0.241458378153591 0.289313259084124
0.304485312567318 0.264801454975975 0.302195303311991 0.0229353033628968 0.105582625781819
0.154771751641729 0.143430617953438 0.174286678234543 0.30345668229195 0.22405426987834
0.147689913335721 0.270946631380489 0.174549166736374 0.280543389406143 0.126270899141273
0.236982985092263 0.313169644082326 0.246439969583523 0.182987961863576 0.020419439378312
0.161507358965729 0.187542839848129 0.0485516634563006 0.315081191119963 0.287316946609878
0.315329154193324 0.28580359046039 0.0414306993560081 0.25883243270027 0.0986041232900076
0.350459337849718 0.242029136447996 0.21475008729385 0.064604749950906 0.128156688457529
0.361413089470593 0.29742010008392 0.156936423596262 0.0704112664309351 0.11381912041829
0.251723077713737 0.341224770841013 0.0430878194937643 0.152748808148434 0.211215523803053
0.126665202468743 0.304361898767469 0.375137062832842 0.149504803430992 0.0443310324999548
0.23500069502413 0.219898561051093 0.0210496631454895 0.249752435830377 0.274298644948911
0.470281951005315 0.00846124196474738 0.194783562720894 0.00718114692742343 0.31929209738162
0.413664346986888 0.0573841928222206 0.110153242256589 0.276724069511066 0.142074148423236
0.0367009526632071 0.306142846338302 0.21028932539441 0.247308756150169 0.199558119453912
0.226898407694692 0.424023206437355 0.0885431039234216 0.195951883488002 0.0645833984565291
0.351970413675747 0.382789550789358 0.111310190703513 0.119560726088742 0.0343691187426396
0.235431838895204 0.11307340287218 0.152334523940422 0.343866969734654 0.15529326455754
0.121753617164357 0.242198906830767 0.271636884329323 0.0874884773131956 0.276922114362357
0.0650441188512452 0.256196250981004 0.242309088037353 0.21754458028562 0.218905961844777
0.199070296039813 0.14144672433313 0.157679029704025 0.254762861346587 0.247041088576445
0.0479449327969589 0.268497863111632 0.197621665866518 0.241592878610424 0.244342659614468
0.0328273399522654 0.354369245925824 0.275847124933237 0.293644617879662 0.0433116713090119
0.34707489744716 0.0330118906421302 0.00711553902809883 0.176805391538469 0.435992281344141
0.0558632997333177 0.114324537565734 0.287031865301207 0.233743264970517 0.309037032429225
0.203365812534897 0.0980469277893843 0.296924821039897 0.167958176041615 0.233704262594207
0.210231802715462 0.208936837888238 0.206470156458816 0.227997422421853 0.146363780515631
0.221872403723747 0.0235774114409729 0.196499754134129 0.428180582959833 0.129869847741318
0.26573977470217 0.163014700469989 0.154259622715495 0.181630296415673 0.235355605696673
0.357575517472779 0.262295470435474 0.0773986021470982 0.281120529245545 0.0216098806991035
0.0551562062750895 0.269522932823198 0.119194414097777 0.0569431388666606 0.499183307937275
0.202929987143112 0.103846961950064 0.359908456191948 0.166073717024956 0.167240877689919
0.320430845248291 0.0914730345731547 0.185354464390259 0.239574774891345 0.163166880896951
0.187277578353885 0.336814916803421 0.168248949132459 0.26148210868857 0.0461764470216648
0.141623044833673 0.265219144690582 0.285768959061155 0.285809258045226 0.0215795933693646
0.451978942718478 0.105450559170257 0.0792851448754612 0.199860122012436 0.163425231223368
0.0225312147616763 0.232654338149145 0.14985442194405 0.479203749733759 0.115756275411369
0.304915888518225 0.209723885448048 0.160941211836217 0.0719914329369407 0.25242758126057
0.272585755995172 0.0107675194256149 0.180401248215543 0.51624191814108 0.0200035582225902
0.370435816072206 0.216594536210439 0.0210340179999089 0.0455575420852476 0.346378087632199
0.0840292053071812 0.255466355745787 0.241877046898542 0.197085596875942 0.221541795172547
0.156775036845846 0.0115852263684465 0.30586537875928 0.241561896127784 0.284212461898644
0.312984320406625 0.30057459987917 0.170420830563296 0.0560213606709606 0.159998888479948
0.206514576794038 0.261230327050596 0.218026507877368 0.304643763262664 0.00958482501533408
0.116690342333279 0.191918976189075 0.0361731994347036 0.328377614488231 0.326839867554711
0.293408105147389 0.196605272369183 0.0596751134046696 0.122879871704688 0.327431637374072
0.108606052890076 0.161632018023381 0.317604166505137 0.349894267397178 0.0622634951842282
0.180683004170929 0.0541104619681195 0.411663089832909 0.304146102283365 0.0493973417446774
0.377339504071202 0.199073613696365 0.175482373569794 0.138213743467092 0.109890765195547
0.14790950630235 0.0609601157675657 0.160850817103528 0.318815702293875 0.311463858532681
0.133264586320622 0.199630649876285 0.311362588632838 0.089468264447629 0.266273910722626
0.298660015112385 0.0878740591029377 0.115278675284109 0.133071479941949 0.36511577055862
0.300861764281768 0.213119384871476 0.185186201452863 0.100892694614312 0.199939954779581
0.214575729194948 0.0476043606078933 0.0498762955292005 0.317412447692292 0.370531166975666
0.0710593064840182 0.239082679526149 0.292142089554591 0.129062848753493 0.268653075681749
0.133055216766515 0.079523232424058 0.00310507298405316 0.545830737056796 0.238485740768577
0.0243675890734394 0.318966342757917 0.392339313048307 0.217326165211472 0.0470005899088639
0.191628431008027 0.33301290261201 0.0555435860904927 0.142740667870622 0.277074412418849
0.233354570466008 0.241070916928024 0.205284820913821 0.127470196018035 0.192819495674113
0.221720457754172 0.144300066594178 0.182880199194638 0.176597195146346 0.274502081310666
0.312940596176358 0.274995956896672 0.0427323459756396 0.233021443825518 0.136309657125813
0.32595706012188 0.292183488260591 0.0483371123002682 0.11405486458986 0.219467474727402
