0.10592882273558 0.0540534913724467 0.144892907298684 0.032853018636179 0.201824080510283 0.276604918111627 0.0992590026698589 0.0845837586653418
0.165851582788992 0.175437077621521 0.168965860529661 0.000712903591143765 0.122501125478203 0.144232865877031 0.00609161438902529 0.216206969724423
0.00137349889757974 0.04280026636917 0.14099038875354 0.116085652861836 0.179311784271588 0.208822760876902 0.097998311772313 0.212617336197072
0.223538645207363 0.0357511078014862 0.102211595941103 0.204570525749896 0.183793230733792 0.0923297311684469 0.0731367835145893 0.0846683798833233
0.0235644838022249 0.0583636859028904 0.196746574931271 0.0719092346050373 0.223478270784723 0.220859283986521 0.0769694758111601 0.128108990176173
0.170342376680659 0.0970737288716786 0.152300277045528 0.174360055878231 0.170703280063651 0.0625130485367937 0.1121289531193 0.0605782798041589
0.101300921176644 0.097004762905953 0.0366774100572645 0.208318003192183 0.19704191317135 0.234972465982715 0.0695514796626652 0.0551330438512259
0.291990423665034 0.0532805204897718 0.214021752556494 0.10182901684536 0.0236341722301855 0.0806281894303728 0.0850481078801552 0.149567816902627
0.116066280759408 0.155494455262837 0.140641596773678 0.182920927228092 0.0562123926552824 0.132610689003468 0.196234600078294 0.0198190582389409
0.0273135243639014 0.207055336350562 0.0698872002917115 0.126718428456287 0.216921892837883 0.0830021416339978 0.117391599933883 0.151709876131774
0.139109924438108 0.139883970986153 0.178680731099019 0.103852822653799 0.145788035970065 0.0737145333026075 0.214205258476522 0.00476472307372612
0.127482493057012 0.0266952766861283 0.126073924047004 0.137208285504871 0.177438602977843 0.119221725965726 0.13081190455379 0.155067787207625
0.0605486533077518 0.098579009092946 0.0873723331739923 0.143213387980249 0.190008659253564 0.0790086923463914 0.176010173615614 0.165259091229492
0.208456854667828 0.040889601143136 0.00999687058899709 0.131573696600327 0.193437956419226 0.0957016566433086 0.161456075950799 0.158487287986378
0.138771594250166 0.0478698973429931 0.160807242717503 0.228048792094794 0.00992276002022564 0.0950571688589232 0.0628989713647452 0.25662357335065
0.00230870990807507 0.220517109406292 0.202218012592327 0.118101388046497 0.140084404834822 0.142665227379341 0.140791199229411 0.0333139486032345
0.0992036274680893 0.0624853807519409 0.0885218672073654 0.238281996613968 0.213989103029872 0.0469065934854273 0.121844866936814 0.128766564506523
0.14652736526272 0.184576442539234 0.0678464602779528 0.118891559209776 0.0439311458340226 0.0384896646641267 0.193053478094998 0.206683884117169
0.159116595063751 0.0863495638420141 0.0135083135318781 0.0985174612676638 0.218224183819458 0.195956142113494 0.115663766120775 0.112663974240966
0.137799902016853 0.19203008810324 0.189283997251607 0.0968629140733836 0.148856094655242 0.124139838616694 0.0971157735537833 0.0139113917291973
0.169614180216884 0.155119386572507 0.0756164084091406 0.157492387307902 0.122706380407564 0.104541616516601 0.0660586433439298 0.148850997225471
0.00396727718064323 0.147830907048944 0.24602917758231 0.208307062548882 0.0168820810102723 0.192426967570527 0.0828560239948914 0.101700503063529
0.0480994534025587 0.241017757301337 0.208382215277996 0.0139888109439411 0.115401633873343 0.0965844048737114 0.0599074610078487 0.216618263319265
0.015762269686929 0.239025184672106 0.0282413755470149 0.152576462100215 0.134583246376821 0.197743716525148 0.206742492076774 0.0253252530149925
0.202485732531605 0.0139092214359351 0.0454330659796374 0.252851247201941 0.229466638049353 0.00142925345992704 0.0385661795726847 0.215858661768917
0.107083534007879 0.165448984551932 0.1145479434916 0.041741391092669 0.155016047123298 0.16631677216414 0.118904943268766 0.130940384299716
0.137758912733353 0.132226486529518 0.164853919898236 0.143034879747135 0.123877435000253 0.00612985199344621 0.14123932337754 0.150879190720518
0.0915152694026493 0.192220654485682 0.190298142530364 0.140347345463914 0.0463462881612774 0.132510005811403 0.195388284881118 0.0113740092635913
0.0796402220275335 0.076925641845326 0.222099885531194 0.184635219703677 0.111393925871131 0.0523595583720304 0.184103373546644 0.0888421731024633
0.0205942447896127 0.111153576520597 0.200621832550924 0.137732751542598 0.264157791845205 0.0961435022697638 0.00358505327644065 0.16601124720486
0.128154062301339 0.182884201527821 0.111743993736799 0.153879146616846 0.172706293055951 0.0962307149617298 0.0585717571808436 0.0958298306186705
0.0106601276019074 0.174588739663662 0.0583445989096642 0.00582680642309438 0.167604469431839 0.148974998178499 0.216528749781892 0.217471510009443
0.121547279866878 0.140711861967164 0.144152040000427 0.136125468825182 0.0865888230345546 0.140355822333979 0.148001294531125 0.0825174094406906
0.00837292979802713 0.000243588557810962 0.157313335464638 0.148590335535975 0.0990629654808068 0.2483410996461 0.19825506982353 0.139820675693112
0.0198108354067713 0.164014296556409 0.241145841935171 0.152392389556876 0.014314070252443 0.159614135158024 0.0477593465081065 0.200949084626199
0.275234937795266 0.25650702485097 0.0403206971491935 0.142848761133124 0.0470094146254969 0.0778727762525399 0.0751427086669925 0.0850636795264179
0.0304696155386971 0.177580529669299 0.0848895724619295 0.209189024363621 0.200497827716299 0.140710412270496 0.0111277743001683 0.145535243679491
0.15407716971219 0.114051942036754 0.184215380595069 0.127740733904534 0.179970589733777 0.100683892404621 0.0801792119653588 0.0590810796476971
0.0599640660559964 0.144501397644442 0.171168701573944 0.105118615664615 0.177116257493367 0.00838260797660306 0.164686970557969 0.169061383033064
0.142014005561301 0.0418569135274024 0.0521751063999774 0.0952347770646809 0.18416888268392 0.0107734855627174 0.241081872916128 0.232694956283873
0.0679490054273264 0.0491894053885861 0.166628042106223 0.180331952219742 0.025957768609278 0.104110715279292 0.280025603044513 0.125807507925039
0.0518001911955484 0.1230064844103 0.00645629932697167 0.0490880568503099 0.116746149621832 0.282929051387072 0.264408216791415 0.10556555041655
0.14854163108898 0.245671027065275 0.098447457854021 0.140773568139502 0.137430465155511 0.0932707638963235 0.0408573088080169 0.0950077779923709
0.151936077252845 0.218149368762674 0.170348220181049 0.0452967719910415 0.0205988667274994 0.286066186392848 0.100597278751523 0.00700722994052032
0.0463166123056354 0.235693513212818 0.105237108602882 0.133250380328609 0.124179457629351 0.115450898306865 0.146340861010564 0.0935311686032764
0.0338410133299661 0.194353832604815 0.107378231432602 0.0507876393167801 0.0228560985136536 0.211699621310051 0.183631077890349 0.195452485601783
0.199847495624794 0.0383256060159288 0.0597988019218728 0.134694781849508 0.0963277365991436 0.153401756112718 0.102534729589313 0.215069092286722
0.152718491290332 0.100317307635672 0.133328022558851 0.22382984510069 0.0108639926529264 0.147762160303134 0.130575933427344 0.10060424703105
0.048338743975271 0.244726537339135 0.047071875011777 0.151203971106096 0.0314431423027202 0.254618956302872 0.200444774531556 0.0221519994305728
0.0421652383622586 0.219660306416818 0.171291191316944 0.235027441009815 0.0154291756150773 0.0684777992470969 0.0995317014539422 0.148417146578048
0.0977963035202677 0.133834560931057 0.162662137329829 0.150607379064247 0.0625141860827521 0.151094676802769 0.184768107238728 0.0567226490303509
0.210053193406304 0.198462677250268 0.0640535319011607 0.108813805811533 0.14155211655969 0.0875025754656223 0.0838486766693374 0.105713422936085
0.0852510087287452 0.0165970501324678 0.147858333745478 0.0583208636527022 0.160334211821553 0.151575047982095 0.19509880708481 0.184964676852149
0.29131718219063 0.106791848207077 0.178493020314068 0.060741486371737 0.125910300438185 0.0151224922946306 0.155235646884374 0.0663880232992984
0.199432820426443 0.138011033153058 0.0268749800992867 0.18821866719727 0.0524245798606516 0.139354332644684 0.0691431082669908 0.186540478351616
0.233505383365411 0.169727168075858 0.154537448535939 0.089202967433068 0.226890817558933 0.00650123629818107 0.00374553150659806 0.115889447226012
0.0169665667446634 0.138369888415423 0.120989418850779 0.185334671604767 0.118039955445279 0.224772766084859 0.17843369502793 0.0170930378263004
0.0928656972577856 0.0492382411010401 0.190653932813727 0.211766036571402 0.0757602859226679 0.101170888790655 0.0818180989780045 0.196726818564718
0.223950388429012 0.243084603864396 0.00704824847751721 0.0381281449357569 0.185887846212573 0.110756068706073 0.122361817870602 0.0687828815040703
0.0424351839656452 0.172740020862522 0.253089160978907 0.128771211431587 0.180120901253167 0.170686186315078 0.00258223556727983 0.0495750996258138
0.107763619569537 0.0673604200236797 0.209861955545719 0.0271287071768945 0.106242287629821 0.0334540869461027 0.372565565280995 0.0756233578272519
0.215069626860379 0.127459894128045 0.232440277728103 0.108201242445651 0.0159268006995742 0.205582104401167 0.0313817549926609 0.0639382987444204
0.0461433400922041 0.120292900808808 0.184745548148307 0.161287734281549 0.104975613008031 0.15881712016463 0.134711662091157 0.0890260814053147
0.131772715705883 0.139777338672703 0.206435663631922 0.0690401094240818 0.135083095885299 0.149249977552067 0.0422332580041054 0.126407841123938
0.221441152169592 0.0975669907930987 0.100482039952029 0.0607496420460136 0.166510602782746 0.105493238405597 0.136611305196512 0.111145028654411
0.264517322977992 0.0627047816900333 0.0453126159853995 0.180849237353063 0.031832153947253 0.0816065456171881 0.0500523231558701 0.283125019273201
0.148971678285192 0.126250467507114 0.134265537190395 0.208420534485678 0.144283916923362 0.00990194210543867 0.12459633454579 0.10330958895703
0.0819575964363161 0.162221616539363 0.00457016533836894 0.128760917466604 0.227953400508492 0.0888505094299859 0.109552655278933 0.196133139001937
0.134046755065787 0.247511536882058 0.036489540994782 0.152063473402612 0.174262541128264 0.134896384031082 0.0270449959961171 0.0936847724992988
0.199380104053149 0.0779019871440822 0.2087107511898 0.138834833762241 0.117672239238955 0.0158821990291024 0.058058113121813 0.183559772460857
0.139466021444619 0.11672595601882 0.195372292659169 0.0372484800564789 0.211293674281158 0.05923628707531 0.0984310173348578 0.142226271129587
0.170858405991365 0.148081745252799 0.142434083183667 0.172453982281163 0.0401027514022882 0.177013607213182 0.0812729386867297 0.067782485988807
0.065424244734932 0.0761283089837398 0.172262790242071 0.00101759813813271 0.103339650164436 0.155173405851209 0.224022586051331 0.202631415834148
0.0232293949390028 0.133224252487932 0.242119022059692 0.203157084001525 0.0859326118438949 0.064627416215299 0.0816370873450245 0.16607313110763
0.124900078755674 0.0942018569238696 0.232084025175323 0.113679230713703 0.051009498869392 0.139199350700044 0.171663148922877 0.0732628099391174
0.0419624780380019 0.231483033944021 0.112931683890559 0.106428707529585 0.236520866418231 0.065934768546015 0.140557988202824 0.0641804734307634
0.249977694884896 0.148159308454467 0.0677187523418162 0.170573345903043 0.151555437934729 0.0440177410654124 0.0892339594212631 0.0787637599943733
0.0787752989616916 0.204310343282597 0.0697564488607363 0.151885735549071 0.0136226167108558 0.110516171249927 0.167945662900127 0.203187722484995
0.188979705348304 0.0739264636350084 0.209520086346952 0.128345974155304 0.211656806672328 0.0181077145646322 0.0453528385117611 0.12411041076571
0.0448275613512213 0.0835816879273799 0.142815964519459 0.168997106980558 0.124056771866973 0.131733570158236 0.162386595881964 0.141600741314209
0.0695613539098094 0.1014384698811 0.214121351960281 0.272282962470952 0.147355813294943 0.16344927529941 0.00642638433092634 0.0253643888525784
0.0296594949361987 0.161190406426158 0.164689839273404 0.155268768922358 0.079692379175234 0.0370178570318948 0.142168398958839 0.230312855275914
0.0157591443356077 0.0173996623457777 0.177652903052202 0.249388297051818 0.0695933304704136 0.0332177885984082 0.280489113536544 0.156499760609229
0.0265511745999441 0.195338628215884 0.199472095908434 0.105632762818675 0.038687347618512 0.102185386365196 0.131190080917644 0.200942523555711
0.131674996487649 0.103368861209463 0.243665530813921 0.14160920457637 0.108115910008549 0.188062290465415 0.00420017210076399 0.0793030343378673
0.162430764225632 0.0216957666806696 0.0986994228683958 0.207716586982055 0.160472974870834 0.0658066586268328 0.184803571841899 0.0983742539036808
0.133160381593947 0.0286591032704097 0.144412605029553 0.205240331088187 0.161044379329569 0.062097299940741 0.217291861095565 0.0480940386520284
0.0265425879004866 0.0122992168279168 0.191272038440921 0.127796312344843 0.154111017112091 0.211827596598114 0.150992000186382 0.125159230589246
0.144396847047743 0.244049200651605 0.163794065885541 0.018678637995438 0.0369152059170686 0.159448797077479 0.0666063435060723 0.166110901919054
0.171888793404525 0.0314233930885419 0.00880921409109965 0.206564210135822 0.088006232221572 0.170032129555897 0.115335496596384 0.207940530906158
0.113151482842312 0.233375411766204 0.207453793242322 0.206035899392745 0.0466327077791216 0.0068933382483984 0.156449103056962 0.0300082636719361
0.0347606040499327 0.133011917788291 0.046075962150605 0.0435320851196994 0.042925734684889 0.250985904032453 0.0746729878092053 0.374034804364924
0.0831560714615988 0.117159237838258 0.0487170554107114 0.0405846392967132 0.215592217780383 0.118598607017598 0.189886417275481 0.186305753919256
0.0785469759453437 0.196508717456931 0.0323269408162596 0.192411186942826 0.064128022416054 0.196986535710139 0.0771014309203127 0.161990189792134
0.176571506891766 0.159491257249767 0.0825120054939241 0.101955493616143 0.193658568074887 0.020639448632829 0.196206457239386 0.0689652628012978
0.105550065207304 0.169784881637817 0.0610006332955917 0.0397605913722223 0.250907532180494 0.0637936841866418 0.0697734942196863 0.239429117900243
0.0821231742723803 0.072253390125248 0.15672081320593 0.00526338016596702 0.136822193741384 0.182829411689096 0.163605047079795 0.200382589720199
0.163048288350688 0.116574451118821 0.144657266739868 0.194312262460397 0.102034443820182 0.179410704219937 0.0756460013735835 0.0243165819165233
0.14340052310666 0.154603167360854 0.181809727778437 0.118502369074054 0.144686007851756 0.109303122858616 0.00527679273538918 0.142418289234234
0.137293570972676 0.215936873722775 0.0845584862714105 0.0353600291429588 0.169780282083897 0.0647208539236557 0.0992334029418434 0.193116500940783
0.0231535309770204 0.0176476486876698 0.20743299778902 0.0577751433377837 0.139771523970031 0.191496552142136 0.154460915769329 0.20826168732701
0.22883704000407 0.169289797173261 0.0199159820203039 0.0290632902609329 0.16153819009441 0.0547105267680137 0.137589491428246 0.199055682250763
0.00466601466644335 0.264212236537179 0.145872692796516 0.0284111381109118 0.0666730558484865 0.192239399185705 0.0834452448687151 0.214480217986044
0.123462147787645 0.075355004616523 0.227461329025741 0.202863817221268 0.152243030417438 0.0576421679232742 0.012538958801317 0.148433544206794
0.0109949333733906 0.223271818519985 0.0486854967638238 0.0903660711967926 0.11928032145286 0.0760738979858017 0.221211668545527 0.21011579216182
0.0827533900785814 0.165305982748865 0.181229631798709 0.115602140286892 0.0820269779748236 0.0705352022837732 0.16087183085945 0.141674843968905
0.149099848845358 0.11769560446245 0.198973171772531 0.115066194564275 0.0378840089867622 0.143881908478 0.099194656313109 0.138204606577514
0.123038441009866 0.118346645245047 0.154443006591333 0.0351756611621175 0.163838015192313 0.16793641832585 0.138851424150361 0.0983703883231123
0.00384104931637217 0.0963862396686364 0.109811753513614 0.120351598701306 0.236204597388418 0.122660970029686 0.165481424888577 0.14526236649339
0.20373127032973 0.19675478837575 0.0777405721659329 0.0684646661453701 0.0546060901769548 0.197651487971157 0.127922281567549 0.0731288432675565
0.140011764831273 0.0558946118957613 0.00563244094800031 0.180612491481526 0.133170698190631 0.174925907231583 0.241267823808107 0.0684842616131176
0.0958315393022489 0.0854280777695907 0.183200488830778 0.142588408477743 0.143084000590984 0.110090140517731 0.061698249543333 0.178079094967592
0.0891042333152271 0.0131593868915111 0.179457221418026 0.10743662026488 0.0415667471511479 0.210928196752639 0.0368868624000736 0.321460731806495
0.234307102582302 0.0844159042594461 0.0710126444970717 0.0759736477137852 0.0725240188357729 0.0745088860953655 0.172116685092065 0.215141110924192
0.0303245423741034 0.0250246687534422 0.277808444223841 0.0955025844874173 0.182498443151899 0.248086010602771 0.0673475693436233 0.0734077370629028
0.0110267470063878 0.0529524085200674 0.225259152006654 0.129959163506344 0.0577186092645811 0.151082942103375 0.126756061727199 0.245244915865392
0.268178504322096 0.201777363903962 0.109828085869508 0.0385406104546924 0.239273918335703 0.0695964504672154 0.0647642032367852 0.00804086341003806
0.136280015629103 0.0400411734354237 0.029702287313738 0.207672957588343 0.228221021286972 0.130610050812795 0.0197117782764069 0.207760715657219
0.199448283142141 0.0479108021445627 0.022207807472429 0.19348890856283 0.0983076066728054 0.279502679386455 0.00182204607324479 0.157311866545531
0.177486373796574 0.0854579364893163 0.0485087938192022 0.183435632319721 0.142428234964798 0.196599054025585 0.122668799853329 0.0434151747314742
0.112158598857064 0.117206529489541 0.226349984561432 0.113965124993209 0.129706818333826 0.150328600607415 0.00229883192177217 0.14798551123574
0.0289209583263073 0.16600930805025 0.0865732590994922 0.0744438766961942 0.188759395509719 0.133575912949292 0.156816317234976 0.164900972133769
0.330481778188026 0.018735108375708 0.0210231927311733 0.144196792067369 0.102744256310452 0.0143095002143249 0.0966598508044214 0.271849521308526
0.0471187834941852 0.0747366581007758 0.191479128166547 0.0339874627134304 0.178107968436735 0.227891138006885 0.120770221208067 0.125908639873376
0.0873365492380592 0.125595074198863 0.0638867137032112 0.0834539984512728 0.070301404425857 0.227341078067594 0.1867890346187 0.155296147296444
0.060464918503965 0.0473174807422895 0.141683437535866 0.0393978103440204 0.237401721384286 0.248149454239358 0.145352410994093 0.0802327662561217
0.0604073065986864 0.221477409552254 0.0276666526092814 0.0157438671193306 0.150092884734561 0.303984263384361 0.0297375973196049 0.190890018681921
0.281853635029626 0.149339648915614 0.00188168701805252 0.272233531510308 0.142307037506971 0.11183187132854 0.0216835515964242 0.0188690370944643
0.142531939475144 0.110880514989604 0.297467583150555 0.00338526885846594 0.0802445025178787 0.0640542230881121 0.166840019553709 0.134595948366531
0.190654694954927 0.209803476927101 0.152251938400402 0.0927893310486786 0.0934971085095004 0.0527245598808857 0.0118121017553511 0.196466788523154
0.0840845857723874 0.178576731416327 0.0711261713963977 0.184236042476811 0.0143778493883941 0.00172792850260009 0.276980458108851 0.188890232938232
0.139871886552607 0.226417436104165 0.0389228546111512 0.140009801120261 0.0274224350114577 0.122105544587927 0.192339695563526 0.112910346448906
0.0591742488279863 0.222439228414308 0.114834257812118 0.130902390543426 0.272965779418907 0.0209086470182146 0.133026419203281 0.0457490287617592
0.215395552518996 0.0324849782106524 0.1561796972008 0.0206205214227984 0.0951921047441132 0.0568776509766976 0.212538494769482 0.210711000156461
0.0539839390466826 0.262799913866477 0.247030713348349 0.0104402170103674 0.131391750830883 0.0641784057699324 0.0255245748770183 0.20465048525029
0.180803928857504 0.0964064986090116 0.0709772331331147 0.0481197343275335 0.219418501257702 0.20189503871795 0.116431626904272 0.0659474381929116
0.23648941476667 0.0721611237837958 0.145303919872597 0.123375525371597 0.0222931898353001 0.124636681036373 0.0435870076384413 0.232153137695226
0.110007820131203 0.167944298210441 0.0487768434533794 0.208541511824803 0.0528364127491279 0.0447330556725793 0.182768521047498 0.184391536910968
0.175282007367314 0.227412678027515 0.215389881236864 0.077169308143847 0.0630365233672638 0.0657470465876901 0.166359990792918 0.00960256447658839
0.0704956825682576 0.0346122643037586 0.0332460218685492 0.0201283078120594 0.30535439596981 0.109287673114846 0.27715661814215 0.149719036220569
0.130224780386787 0.0754592241136876 0.166879806198401 0.135143421828519 0.0707408564215648 0.111930650849835 0.233827971590584 0.0757932886106214
0.0679772282659631 0.175126376995564 0.0953831375000615 0.332884860276642 0.190542115907012 0.00749158916699513 0.0568021143053582 0.0737925775824043
0.0203843703363012 0.0905489422983798 0.237522473537231 0.175595610142244 0.0498366336404804 0.172104596692725 0.194196895748096 0.0598104776045436
0.121946080165033 0.0917988529222285 0.163838549464407 0.044165981892911 0.1477481550006 0.144839735742029 0.0824197591596553 0.203242885653136
0.133643613196393 0.127085671705004 0.169141278468628 0.151281996990188 0.0584740711775644 0.104259204389784 0.118140091753978 0.13797407231846
0.116845439138403 0.132773636086053 0.150716648932553 0.0736946592724145 0.156848117370387 0.144130614640311 0.0646854304776912 0.160305454082186
0.11019112728903 0.100560697446701 0.209378843272537 0.220279095674031 0.0157028247766215 0.116258506957748 0.0262708269143794 0.201358077668952
0.199363853355671 0.208494916481819 0.0945117162891844 0.0367615004375809 0.193730232203638 0.0387829958668672 0.0547321132870183 0.173622672078221
0.0874474677157731 0.228406564233412 0.0616716977303238 0.24513601297532 0.148183721304629 0.00740029305487841 0.133529328057403 0.088224914928261
0.159135381738317 0.13068629866996 0.216813780786834 0.00855057512849534 0.0685983491826243 0.0930078188658586 0.216058113399058 0.107149682228854
0.099816629782416 0.0407426472952417 0.188629345473687 0.225021842600035 0.155280797313994 0.0485625409902237 0.0442552099276707 0.197690986616732
0.00286937699074643 0.258764231108758 0.114754546297015 0.150145561132771 0.143258295011588 0.221988128738185 0.0431033915615722 0.0651164691593632
0.156748825113398 0.163228920233406 0.165356558844974 0.172742744069125 0.0412281539513559 0.0388959258239191 0.153593445567036 0.108205426396785
0.0308615909651509 0.210557580431702 0.0468797841356859 0.0951063413253515 0.156517851942549 0.181669349972921 0.152736204105289 0.125671297121351
0.087501840581404 0.0378792438750652 0.124123239872523 0.146300533199496 0.144991578088966 0.132990747867014 0.176032402051224 0.150180414464307
0.0324142441415662 0.129117037346355 0.0800202816312963 0.199446645037605 0.0134239464139242 0.300398844477429 0.152613879037419 0.0925651219144056
0.177831831232793 0.150090613516758 0.0980626897180456 0.146445949079924 0.0862251424691304 0.129607583217202 0.01178874994972 0.199947440816427
0.107428537835371 0.0410100492052847 0.0335570727752886 0.0355482330233532 0.262391770682981 0.16389160844329 0.188897023316588 0.167275704717843
0.158713174962967 0.0768387409510791 0.0868321954442903 0.137922516860916 0.101411797083561 0.138570539226957 0.139361287670532 0.160349747799698
0.104394927339846 0.0375400772326714 0.262615331693321 0.160852720809584 0.112286864144662 0.173317418957934 0.0652324827667117 0.0837601770552696
0.219930545687571 0.0797196583150901 0.215081055085192 0.00668216518905957 0.0179685294826245 0.153556140446709 0.193322772404343 0.113739133389411
0.2348201706576 0.0220975827745594 0.176737012248423 0.0645662812177729 0.00738687060873985 0.242405355183835 0.16401297244534 0.0879737548637304
0.1116002476682 0.0513630731065725 0.275763169832734 0.00834276264084965 0.179308781764566 0.0701952395279444 0.0509287108113714 0.252498014647762
0.137644510764336 0.0555878318739937 0.242376597060686 0.15870920028418 0.184648591606073 0.00911584875766559 0.189098636106308 0.0228187835467573
0.0538431927959985 0.199376881290155 0.179004523549902 0.121980369932754 0.104229016702462 0.128552431029997 0.0741150954183454 0.138898489280387
0.0282947540716988 0.143852210977432 0.0972997736075346 0.131797432050498 0.220391261671586 0.154704609342103 0.0751579703650483 0.148501987914099
0.0499946916475636 0.0710273443792271 0.0361319797785191 0.151031797247667 0.227611008192152 0.209809202751259 0.185311056340105 0.0690829196635059
0.232215196133592 0.186002638000671 0.103590821509991 0.025190085371318 0.0776907425382355 0.131571002871069 0.00920524573271167 0.234534267842411
0.155354567272257 0.0115479870389039 0.150732704918251 0.170540280717218 0.24554443128004 0.0142451724806144 0.00416857702305744 0.247866279269658
0.189672799065176 0.0201289427727042 0.00979238511199187 0.195792872260655 0.256188940924946 0.187427719097884 0.112794017816121 0.0282023229505219
0.17476610876126 0.155244857259221 0.0453260851874824 0.181808273667467 0.212040571860992 0.149828053092331 0.0659784695132336 0.015007580658012
0.207680216431246 0.14295350410701 0.129608754611848 0.0505607480894396 0.126017205369573 0.195968633362789 0.0927831799308489 0.054427758097246
0.258471670057492 0.143954120786337 0.117189757321502 0.122721268532693 0.116121627937509 0.171050185095663 0.0675661035231978 0.00292526674560671
0.0969843727368713 0.0472601793969842 0.179701208280268 0.0808113871122446 0.0108563396931988 0.176517045534295 0.25690588803911 0.150963579207029
0.0461540200269339 0.0970495731799501 0.226154956951396 0.192970906314297 0.0599140100904301 0.10777726909042 0.187451960442072 0.0825273039045017
0.197480291213009 0.0496542882227838 0.204164396876135 0.0931874606877533 0.0638654741791294 0.0997122624258371 0.2011473735075 0.0907884528878532
0.213474525638871 0.109614451613537 0.176050160314498 0.195097396661179 0.0381592808076838 0.192145428346477 0.0616096634408562 0.0138490931768978
0.0429539421277554 0.205486170824225 0.0516268135359444 0.0967731463400477 0.129215806197359 0.186127714032692 0.196179024915163 0.0916373820268132
0.0745262425583817 0.139218089237592 0.165268109788864 0.0961156478577672 0.137605735793809 0.113022708671209 0.066417103292131 0.207826362800246
0.0620348601788222 0.161774211434537 0.192484853731178 0.197227737713124 0.100360070818601 0.0823328913967829 0.0301444036090276 0.173640971117927
0.184377174599582 0.0972698617517285 0.0952597617511817 0.083505111434969 0.189121979676444 0.103168437831183 0.176780849076996 0.0705168238779155
0.165609270831671 0.115706608865568 0.151302635023605 0.127950262271572 0.133460810402584 0.0950409092968274 0.11430043612653 0.0966290671816423
0.135609865556798 0.182466923486053 0.146286857705711 0.183112674583671 0.151849447197763 0.128109731693951 0.0184628908704142 0.0541016089056389
0.0808886680612692 0.00646033976153052 0.185498468255867 0.104683511791754 0.244233013864734 0.150805012992724 0.00508156276363369 0.222349422508488
0.164214533309554 0.11622948442435 0.213490398448131 0.138317919520547 0.0650925404415485 0.103024544990701 0.0931309129554463 0.106499665909722
0.258773312042157 0.158549439931372 0.0998805994757798 0.00896781611201758 0.184326415386633 0.120482518850877 0.00623199849984783 0.162787899701315
0.178463367868508 0.0231925934730807 0.188432053026833 0.145576929865291 0.119074193168002 0.104391715369934 0.160623871395126 0.0802452758332246
0.0698275092559705 0.135759088761086 0.166601627830839 0.0945191965865833 0.15237355792673 0.128246234818674 0.196875608024876 0.0557971767952413
0.163534239097543 0.163371775763327 0.0537352741280856 0.141104945014357 0.147827983404479 0.162906437058259 0.0619436744768736 0.105575671057075
0.0490128885824014 0.144636618863945 0.00680824983600498 0.213824094882585 0.268186970523134 0.0488306941420304 0.122035340055287 0.146665143114613
0.123074875233496 0.0643483309379682 0.146322773056261 0.134182490958201 0.160820959893155 0.0131001496509182 0.176379212754653 0.181771207515348
0.138435300821159 0.0884054331800593 0.13174580703277 0.163999552392996 0.0235331693368662 0.197061068577484 0.174632875697925 0.0821867929607401
0.00975407186075528 0.0108498765850885 0.123702767544337 0.0343524939286084 0.19842038048073 0.20432985566249 0.21685058732354 0.201739966614451
0.181102114858953 0.165584458948078 0.209910230333562 0.0480043419560014 0.0553960879640066 0.173614703489798 0.115882661860688 0.0505054005889121
0.126811952199497 0.0315380369913818 0.201087286965198 0.0130761332638385 0.135767535044936 0.0822229557239873 0.207397949660709 0.202098150150453
0.0854382030542896 0.0917656773081514 0.178480975892415 0.177797041354006 0.0629777485411903 0.224034366257757 0.0587661850176272 0.120739802574563
0.0339932108471882 0.0304587353227079 0.187177903486892 0.175854823933786 0.187419316645357 0.0681793717008 0.142511956323876 0.174404681739393
0.0544030804671643 0.0089347984472081 0.141253950643961 0.131025085891961 0.0875705656818961 0.209104220279744 0.180321292051661 0.187387006536405
0.18010873983753 0.181171662956642 0.0790067808716184 0.149291315406574 0.127544517893262 0.169368411153771 0.0867843256976538 0.0267242461829487
0.0960204024339946 0.184904395850566 0.0157251273866097 0.187814973959842 0.0341454915821326 0.18244056346511 0.172749122314235 0.126199923007511
0.235020893746397 0.00201739972626725 0.120094306304139 0.0173552152358963 0.261234498363355 0.146242506633104 0.201220761836904 0.0168144181539382
0.0271317315339488 0.191601301482881 0.192349562417847 0.070458755584017 0.176016648616941 0.206512814343889 0.057184564506796 0.0787446215136795
0.0380882737582614 0.110235226924503 0.162897584235852 0.173324733151283 0.0106056693883214 0.214676656339601 0.159895431776183 0.130276424425995
0.176927091000732 0.179872589256342 0.0197800622491196 0.161638266962169 0.140032219959292 0.0993565159800642 0.164292890996389 0.0581003635958924
0.0384326738063031 0.256373337754283 0.227311845129253 0.116580512726529 0.00577343988575049 0.20760525460024 0.0505014003139146 0.0974215357837264
0.0707623187587516 0.0858260504883994 0.0835396556001872 0.269268476517749 0.222536379845253 0.0962402215299761 0.147151450984845 0.0246754462748381
0.184886334187401 0.210061614034567 0.099916162006708 0.189169850073816 0.0240542721788011 0.00345733248042339 0.258649955588149 0.0298044794501338
0.176401871563652 0.117472327157803 0.133970793537859 0.118320608574937 0.0651996272910401 0.103233913063472 0.00836631253423737 0.277034546277001
0.175918259531696 0.174047130178735 0.149786934468836 0.020058939819455 0.0462768960255357 0.00244440812827228 0.350266744764966 0.081200687082503
0.090320188733194 0.102496851966566 0.0924579533887175 0.145166833712296 0.224611506450158 0.0776532632648822 0.0956722048011572 0.171621197683029
0.199766990034865 0.091985565566932 0.115136452961486 0.08844852548268 0.176381674596502 0.237643433414218 0.0819370877534664 0.0087002701898505
0.140685203988709 0.268562621934787 0.00263731708486429 0.0156782884567686 0.249419894059887 0.0790398007466904 0.0233347801399502 0.220642093588344
0.0852553084153312 0.108407056633074 0.240611688263656 0.0171505405966931 0.0499252576976594 0.0241539220430668 0.305831240293674 0.168664986056846
0.191141356480686 0.107829064907729 0.0975145111546635 0.0877976051479872 0.190634690072816 0.0902377078887404 0.154581238255741 0.0802638260916364
0.218917641507512 0.0971673603931618 0.203107393375946 0.202396007663783 0.0592084179779592 0.181398001379218 0.0164658458132041 0.0213393318892151
0.155623321272032 0.109539431905871 0.0964842627500906 0.269040450828689 0.195939875722496 0.0788288201723713 0.0481382327621793 0.0464056045862709
0.161716369280719 0.0660113114874438 0.227829917129752 0.186651599634817 0.12341067048343 0.0391489915161196 0.0467898951238991 0.14844124534382
0.216925559917045 0.158949059356309 0.144842094318401 0.166755186565224 0.0477176204681652 0.0636090237271694 0.0927815902026324 0.108419865445054
0.0105627207974055 0.14492955506329 0.175543753713083 0.202638808911485 0.188544984424652 0.0707945184669125 0.152978377659987 0.0540072809631859
0.0325685029037628 0.283380119635354 0.109749753767527 0.107683841635265 0.0190368986434799 0.24615032848396 0.16959086920112 0.031839685729532
0.0283160151573654 0.166156728175752 0.0381032961547751 0.0301025311895918 0.151129735947836 0.246116683590482 0.177826541399654 0.162248468384545
0.188976213030255 0.160407347082147 0.225604626920802 0.0827115988699955 0.0160043004625456 0.0560717600526358 0.157386847266335 0.112837306315285
0.0764005632701426 0.315752387429286 0.0644091929370357 0.0112857458908568 0.139511704539699 0.222414512201504 0.0309407900562243 0.139285103675251
0.139343830601016 0.0193151950501919 0.167837447302114 0.169480957673718 0.0743082654320076 0.0521265056536221 0.149178408786116 0.228409389501214
0.249590271435531 0.0865327657474061 0.0282718096737444 0.128443111747564 0.0242745162812027 0.184829764416282 0.161602648086737 0.136455112611533
0.0548179663194384 0.0571482664680119 0.174759226915079 0.148961857672126 0.18943099139813 0.00666624929130868 0.198088181336348 0.170127260599559
0.0374932305527604 0.0906351210564598 0.223027800196079 0.102947654324399 0.0747796391418719 0.213894619290812 0.128423554215123 0.128798381222495
0.0963512275404315 0.0568959793264632 0.235692738479515 0.10542590419365 0.166003711438884 0.183488479330496 0.0984246568663125 0.0577173028242473
0.226148010620893 0.0495619984499677 0.33130396433139 0.0864238530244398 0.0143217058696254 0.2579210157863 0.00524285874252759 0.0290765931748568
0.276334152949124 0.0613196068768733 0.0766684879375397 0.136873598893353 0.0791094295585864 0.00523229182853363 0.0683831938788745 0.296079238077116
0.200785116298719 0.0720968528012032 0.157285801613824 0.235498501154359 0.00566625051559524 0.0114408583573986 0.200892495255062 0.116334124003839
0.141207936628045 0.0956821822473077 0.0290209422310452 0.202285797587989 0.158177983921527 0.206511847925185 0.00327917205778311 0.163834137401118
0.189140163931213 0.213841047734858 0.0108474348446958 0.038724260667696 0.0449829934443242 0.108955556971007 0.208999147074823 0.184509395331383
0.0811338186664807 0.172095698578638 0.0660575000888997 0.145672251817805 0.131948206206808 0.153839055921899 0.0972216179050218 0.152031850814448
0.0352282139194259 0.0747981188346223 0.197836033901325 0.264442884150146 0.065992731753436 0.108056742144857 0.00810326742646033 0.245542007869728
0.197938218346817 0.1462484581912 0.154086932341061 0.0715704696159829 0.0640349504850189 0.0287513079821455 0.201827916488609 0.135541746549166
0.0628455357827954 0.127201265154445 0.0253428288653518 0.101567214543736 0.201132176651436 0.0826463328538204 0.174078483615555 0.225186162532861
0.0837793633625625 0.230286199886239 0.0498439191487351 0.159078445030437 0.0989169220083954 0.146288159062161 0.00449016840478878 0.227316823096682
0.00552241485343183 0.216759242944026 0.230330167037912 0.205820447229534 0.0166659212831092 0.187225478535728 0.108762099044419 0.0289142290718398
0.151177566701196 0.171598087313262 0.155756917239282 5.66844658580601e-08 0.17314977458501 0.130245854521375 0.212346447495273 0.00572529546013558
0.0588292352647984 0.158958011988757 0.0806773657435626 0.147294926380464 0.119408931268184 0.230816482587138 0.0139338442900185 0.190081202477078
0.189301097657962 0.173247370940813 0.108060050801847 0.135789279996991 0.111661124280482 0.167284713302642 0.0818655685624392 0.0327907944568241
0.219221633982039 0.18779054178439 0.183006068011501 0.0845122745503165 0.0862794942914149 0.0799984856885416 0.116519621591187 0.0426718801006095
0.224375402033612 0.0165307297066245 0.0208186740708547 0.140340408209527 0.0417099953903891 0.275514211841685 0.0269263161452742 0.253784262602033
0.143778955267667 0.102407956379466 0.237120720721048 0.109383569527151 0.242329134708528 0.0205090358068429 0.10033722341001 0.0441334041792862
0.308626583363361 0.148599036676587 0.0680923515070855 0.142791262336484 0.0800498353985218 0.10926667601895 0.00594743874155918 0.136626815957451
0.22947326521727 0.0269058764979061 0.114108450004654 0.138121431458524 0.00185856898855615 0.133056402608522 0.233016773116108 0.123459232108461
0.176159824683289 0.152454729042357 0.079965820010819 0.116081188064517 0.114284806126589 0.178292806725812 0.147276996763297 0.0354838285833203
0.0210780691312307 0.0570025105199137 0.147643874217403 0.239258807775211 0.0792964675075256 0.0606176158006952 0.262971324762545 0.132131330285476
0.153574750061005 0.0536725849485218 0.156227060289559 0.170461503685422 0.0958380491178854 0.0458959760394281 0.158140654309863 0.166189421548316
0.0668683812940168 0.0289835362619935 0.16427573837407 0.0109595667777944 0.078276903003075 0.099219483403207 0.227900968601702 0.323515422284141
0.10514298285213 0.0486918917319214 0.0782324526910733 0.198482124927088 0.0647830568046916 0.172931689044651 0.113200942083471 0.218534859864974
0.0230198075796739 0.220561009452088 0.15486883066776 0.153400452567206 0.0538368943853261 0.118244755289331 0.152189716679244 0.123878533379371
0.261900277077565 0.102787709204198 0.225044260142993 0.0390944453126664 0.153487673440541 0.126168110592815 0.0356755721124198 0.0558419521168032
0.147446719242441 0.133428801870458 0.149775052936112 0.235761050431645 0.0625976528737184 0.0680776686127932 0.124863727039256 0.0780493269935773
0.105811234446435 0.0372314480576349 0.127244987386859 0.108859210895425 0.0880261223256169 0.200324366201215 0.142860468835855 0.189642161850958
0.0557563012994991 0.04680149641013 0.185660461057353 0.220132240182413 0.228414661045976 0.170897959794576 0.0467801987778335 0.0455566814322195
0.227381696915016 0.216339398458 0.0473733009619433 0.104645548833309 0.11365213714556 0.0207565071028008 0.114591012757754 0.155260397825617
0.258630612231179 0.258624601287669 0.249933625901038 0.0515607019240594 0.0484709228429315 0.062475230225231 0.0286097165127184 0.0416945890751746
0.164773269196736 0.110835726884859 0.161576085149872 0.0879049036958928 0.0471798958196289 0.108644357503581 0.188515922314601 0.13056983943483
0.136012310939495 0.132616874441561 0.0412662122149883 0.0412894561338892 0.0989436538731933 0.141312412533484 0.219862506707619 0.188696573155771
0.102115614960111 0.176854366086436 0.090143952137145 0.0938464632335158 0.172156076140559 0.17288731615246 0.0439247332948854 0.148071477994888
0.100972698146545 0.200727290892178 0.092432513737143 0.198360127302689 0.0249513795539456 0.230893793606553 0.149149339629973 0.00251285713097384
0.0688933204292299 0.00833402926889482 0.0258130254527585 0.288833727178047 0.0561417807579484 0.146039195866582 0.2702220069526 0.135722914093939
0.19151036562875 0.0390476988462948 0.21016386814724 0.181516725789728 0.171803422473722 0.038333307743634 0.0745044776605204 0.0931201337101106
0.182262006643956 0.0894345394440377 0.118706604792943 0.073751735786271 0.237495500919889 0.0586893564455931 0.218579573239475 0.0210806827278365
0.0772695606181302 0.103024097620392 0.184656070638203 0.00566137841622578 0.177287388751565 0.117846884315762 0.21816249453758 0.116092125102141
0.029108412097672 0.174504021198132 0.166512780814682 0.0727370200362758 0.0537980561924999 0.173953635511142 0.165816766800252 0.163569307349344
0.0535478932997774 0.23717230771761 0.181699358157334 0.131927598160253 0.110551816962171 0.0053732554142513 0.0242897306313743 0.255438039657228
0.173602868896375 0.202293013927619 0.167481567002233 0.142496821270677 0.199828339154775 0.0222078751053137 0.0180562996426709 0.0740332150003365
0.166546919432466 0.103627809528925 0.093569292846394 0.137957859270047 0.190432189496077 0.0978591973972979 0.119279918050891 0.090726813977902
0.0196542028611449 0.243762045686596 0.0443059586566664 0.0508209082376907 0.0718315244386348 0.12643660591525 0.221637006765616 0.221551747438401
