0.137733176814207 0.219241690915115 0.0153507321711778 0.379592213301161 0.248082186798339
0.261941287304132 0.200493806201834 0.370708437713455 0.0464438108548306 0.120412657925749
0.183102967373444 0.0570907705706629 0.234324860825161 0.228439555076165 0.297041846154568
0.0992410493220001 0.417478243937589 0.0501180482508966 0.398452799128776 0.0347098593607375
0.0684841013307963 0.144167509817713 0.0426877414652364 0.394676889462819 0.349983757923436
0.366933248857489 0.23748641550186 0.194436355614482 0.0635852850605098 0.137558694965659
0.344958715655533 0.198657151563427 0.115296029109465 0.093799890444009 0.247288213227566
0.223292732562529 0.158350639847991 0.134940255857729 0.217322905487832 0.266093466243918
0.428075899480461 0.2400792563978 0.0409267281452112 0.244400931752617 0.0465171842239103
0.0219699570682153 0.269889782408907 0.0805384236232674 0.199370468966055 0.428231367933555
0.0459877145978273 0.411660775903243 0.42373387889331 0.0789627745128258 0.0396548560927938
0.207901120261838 0.197527204322055 0.270232133096575 0.0732950389816362 0.251044503337896
0.25599012230277 0.287281961368193 0.0612441158868576 0.167282702743054 0.228201097699126
0.298880461581177 0.239500903210342 0.0802882788120999 0.297136591686152 0.0841937647102301
0.0786064721954513 0.27522761910213 0.292102571246267 0.250016809231682 0.10404652822447
0.170502147968201 0.26737941972488 0.278853726201124 0.140903851973458 0.142360854132337
0.107039397875345 0.297578753975206 0.105344326499459 0.2293722032081 0.26066531844189
0.229809522316962 0.246415360965423 0.163725644350438 0.33078181087627 0.0292676614909079
0.315094851369738 0.40695064220544 0.0203846461376971 0.019244281874301 0.238325578412823
0.130871109961575 0.204187851097434 0.253657080135737 0.211903207337333 0.19938075146792
0.251007087126069 0.262095687714974 0.173567414876894 0.133366656721595 0.179963153560468
0.29677022591533 0.084125378282699 0.231462651414768 0.198410910578728 0.189230833808475
0.189062942195413 0.029077857583187 0.139198383382811 0.228870411987544 0.413790404851044
0.205324328634066 0.388471342979701 0.23083430849265 0.0513126024892318 0.124057417404351
0.389549139077709 0.0864204928422296 0.211485595848916 0.201198796861874 0.111345975369271
0.0423747942800567 0.19155467174157 0.306463321387324 0.344189785165774 0.115417427425275
0.0576892971021572 0.0587426538222393 0.260831546997442 0.420988482918029 0.201748019160132
0.0307261626223175 0.488113084638327 0.0931406540492379 0.202689285164357 0.18533081352576
0.0214294836501775 0.07204008917203 0.334661693135997 0.169533445548522 0.402335288493273
0.220289682098205 0.185256263223333 0.216028257890843 0.21687276391526 0.161553032872358
0.0270235911348737 0.0689529494809175 0.19963847292676 0.363894813734291 0.340490172723158
0.157436149284125 0.299604331385071 0.144804852146379 0.362093560812105 0.0360611063723194
0.100973405688067 0.230961164157674 0.259367522431229 0.261878597536846 0.146819310186184
0.237471897827778 0.184489915377561 0.275736988991198 0.184088207640541 0.118212990162922
0.350528365313864 0.349353315915939 0.0539201979525605 0.101340741658584 0.144857379159052
0.26451131325581 0.336532521062124 0.144112401750829 0.00588151324764909 0.248962250683588
0.28566977322558 0.0123913175706826 0.308731933013785 0.29122618720332 0.101980788986633
0.28151555647234 0.400336658841636 0.0544198762969739 0.227574918069662 0.0361529903193887
0.13994888091317 0.182813662553166 0.219395340164484 0.203288530933431 0.254553585435748
0.332316600835743 0.030470603766454 0.375969385114096 0.0699448621356425 0.191298548148064
0.152172170918414 0.204275306507823 0.279889877486529 0.113575722188529 0.250086922898704
0.24020069453744 0.133676067661095 0.129241927525739 0.127163350068275 0.369717960207451
0.165050573395249 0.136987664628658 0.0499638342595863 0.30736854678718 0.340629380929326
0.110529999099547 0.208204957794502 0.145855761066463 0.288423604021676 0.246985678017813
0.0712468499511595 0.341683994869635 0.0666548905444636 0.293574610973664 0.226839653661077
0.243837384827304 0.380521092670704 0.159458264227084 0.112316116199106 0.103867142075802
0.136142473016204 0.00780591159096649 0.595975525300128 0.0820566008221883 0.178019489270514
0.280977657484152 0.0325500269660813 0.223784994117441 0.130719784660966 0.331967536771359
0.250480925432316 0.0319121516034486 0.00962243326428036 0.364637900926416 0.34334658877354
0.32636194609254 0.0483984538439893 0.0975978330200956 0.1691584703457 0.358483296697675
0.308335876327196 0.217294519964637 0.30395292168751 0.13222970877171 0.0381869732489468
0.38404007976543 0.106659291465225 0.188511956373932 0.013037897527907 0.307750774867506
0.294674593640322 0.0192587198424344 0.10957103474972 0.313194174374674 0.263301477392849
0.221826737894944 0.201165974174228 0.160999943376452 0.145170978717608 0.270836365836768
0.243828896474202 0.118465974084135 0.366904478971854 0.199129793725159 0.0716708567446507
0.167924697534921 0.0366294456424593 0.0640194560759539 0.323515014160911 0.407911386585755
0.275501163410655 0.273076093591747 0.0672490954337662 0.138529167699328 0.245644479864504
0.292331570466107 0.318828548388542 0.0330415589437917 0.19044185073176 0.1653564714698
0.101077868755844 0.228427407480709 0.367852776201665 0.164602770688795 0.138039176872988
0.253950608608882 0.00419737958899111 0.159196312783243 0.283747603013464 0.29890809600542
0.291332456114878 0.368499483250934 0.165260884689104 0.0703262278930623 0.104580948052022
0.0125224395175627 0.165796147642738 0.166101785020003 0.326927807686025 0.328651820133671
0.026860731057507 0.156331655459614 0.452506256687112 0.0125097272769781 0.351791629518788
0.261075600151068 0.243524274398111 0.256835515053385 0.125924793534069 0.112639816863368
0.277973968105072 0.23601839230006 0.0686469728698762 0.101638852274989 0.315721814450004
0.135249011325153 0.131209443767847 0.255673862980159 0.279399674060763 0.198468007866077
0.0533897141967243 0.454383453787167 0.0598727149196108 0.317173820685695 0.115180296410804
0.186705798306374 0.263368949139293 0.0964521280833918 0.444654232944836 0.0088188915261051
0.33452435326862 0.0479102201325017 0.229722042008617 0.26580301261346 0.122040371976801
0.0981323445282841 0.23501984333602 0.304903303965798 0.344506131529977 0.0174383766399213
0.066782233481937 0.310217186061266 0.0894551721466079 0.353964542986948 0.179580865323242
0.25143063542017 0.134817154008342 0.259673515238668 0.151783206455281 0.202295488877538
0.139836774182762 0.216505484769629 0.194527972968374 0.229481031230684 0.219648736848551
0.279448148347584 0.347890255520162 0.210102268930394 0.136239723924691 0.026319603277169
0.214963430878093 0.279299955260254 0.199385030212665 0.00541635676162673 0.300935226887361
0.105664160099924 0.36554199155012 0.2461833191985 0.260487650054493 0.0221228790969623
0.139916310299193 0.225729270080711 0.245403992225176 0.173141106054434 0.215809321340486
0.424643137482945 0.109309232710746 0.191043396212149 0.0224148676325622 0.252589365961598
0.195930987245614 0.142938363929599 0.277948167801075 0.194327307791969 0.188855173231742
0.312406914005042 0.140856144066517 0.2659926962557 0.264045811535121 0.01669843413762
0.336879622830542 0.133911964365795 0.266193437525217 0.0707720157851857 0.192242959493261
0.0594007352661205 0.179608334532668 0.649095177810272 0.0411090601465681 0.0707866922443718
0.0406621546033454 0.0670162331354109 0.2608596002644 0.231090946938119 0.400371065058725
0.271620520056486 0.0769583736089665 0.317743396699779 0.0118769154700419 0.321800794164727
0.286097373003583 0.0424888188994505 0.0402385852089625 0.431881548458866 0.199293674429138
0.247181867320267 0.269513766702604 0.0927431660487998 0.311826918475361 0.0787342814529682
0.353788352219475 0.0720982899027255 0.245178787591342 0.234778622953469 0.094155947332988
0.0990383800406883 0.302394181021665 0.139296811120568 0.106453069878073 0.352817557939005
0.454497222063722 0.00896348666200084 0.41076465570339 0.029721979624658 0.0960526559462294
0.234041841850024 0.018278849449311 0.0387951446954254 0.243178255374777 0.465705908630463
0.0357245152842167 0.240604306588304 0.0731305960792863 0.278000482842488 0.372540099205705
0.0717673644053147 0.108239765750073 0.405945461917716 0.12121379654829 0.292833611378606
0.181586845464287 0.149046603750261 0.178365832855926 0.203753405962029 0.287247311967497
0.0168000175412343 0.350198326532594 0.161682105146641 0.22088274855864 0.250436802220891
0.10310546731358 0.0959554896513953 0.206578177345858 0.279750486042856 0.314610379646311
0.237640975280654 0.0196015774645714 0.38403364512306 0.0380983468153099 0.320625455316405
0.0885861980290703 0.341703564305064 0.317926681484149 0.176160588047539 0.0756229681341789
0.209148267589465 0.320767782709807 0.218657171708259 0.233196428222918 0.018230349769552
0.00382620835125047 0.307754788865635 0.0638591941866363 0.249834182955819 0.374725625640658
0.0380578740539335 0.500572067956984 0.356283505370971 0.0260142897128928 0.079072262905219
0.0233899932414753 0.0118408427764123 0.323269092809436 0.27985167370049 0.361648397472186
0.200746490607699 0.20328152480764 0.0712801745953712 0.316750912521767 0.207940897467523
0.423904923844911 0.081508727289776 0.0949475145510825 0.00167754095467853 0.397961293359552
0.245960654162099 0.0652971367543002 0.223386424173212 0.278585198595482 0.186770586314906
0.308653756896267 0.238776180195973 0.223161661780191 0.0554353142388493 0.173973086888719
0.107683892251858 0.127159014861877 0.324317531405564 0.320577686233601 0.1202618752471
0.235337737262109 0.0256976422266573 0.283676519965512 0.287243719587443 0.168044380958278
0.318371437795768 0.195288694878206 0.0416705938490842 0.239648577701858 0.205020695775084
0.341689151079871 0.0216075043267185 0.205815568739668 0.178085528328215 0.252802247525527
0.316592309724595 0.370640277633929 0.199466095143451 0.0628071196782974 0.0504941978197276
0.192951069375434 0.320375421135619 0.198684397754529 0.0174240574031425 0.270565054331276
0.175974296819431 0.138950035926145 0.268459621786377 0.315103528569453 0.101512516898594
0.0711827107530973 0.223574944872148 0.158447235857643 0.168189880963202 0.37860522755391
0.177420097736806 0.268015643533607 0.0957659732746213 0.28390371329832 0.174894572156645
0.270753894167148 0.288046631769793 0.0502798754540387 0.24025631393757 0.15066328467145
0.252432033707921 0.0399372456998948 0.203897285825427 0.147753654657187 0.35597978010957
0.0779141355922402 0.159544929986683 0.369817203697347 0.0183868134949352 0.374336917228795
0.321542394718775 0.299523773361241 0.140461121605169 0.0720530602171779 0.166419650097637
0.409227420287677 0.170069454365776 0.00476916887623974 0.10681474690474 0.309119209565567
0.197698649079694 0.05429508334671 0.372287750513473 0.246034226192661 0.129684290867462
0.013800333497193 0.653611150881167 0.202923274984043 0.00268342725172543 0.126981813385872
0.352605256938265 0.246700907665531 0.265399920880709 0.12451391644429 0.0107799980712046
0.287783690766587 0.164861805614137 0.119474298364928 0.3900726208165 0.0378075844378478
0.18988892107728 0.284783501947186 0.150964451582672 0.0506740002733338 0.323689125119528
0.218239665206438 0.0164724275918534 0.378559681935835 0.160742956450611 0.225985268815262
0.413570860744557 0.219452052220592 0.266475958067806 0.0724282681351858 0.0280728608318602
0.145064811938894 0.369486366065698 0.366840593839926 0.0456161820861249 0.072992046069357
0.187485720161697 0.096997015602391 0.162560191890223 0.359878484405167 0.193078587940522
0.0200849381419743 0.265297072551581 0.360784477467285 0.316693283860528 0.0371402279786317
0.212734542712658 0.188208076608743 0.25946404741635 0.291348267658426 0.0482450656038233
0.127220615747094 0.282217078635218 0.150931197844187 0.126179103911481 0.31345200386202
0.224048243171112 0.28767298040588 0.350574909768161 0.00658555107902203 0.131118315575824
0.084297721581477 0.133937719343901 0.306828318601061 0.355878276502004 0.119057963971557
0.39676104826975 0.189408867045098 0.311548878995338 0.0373918529442623 0.064889352745552
0.250807481334909 0.160591554058551 0.207366246129253 0.15980904711115 0.221425671366137
0.325238866277239 0.0078188500828983 0.180215377790329 0.0976019362032608 0.389124969646273
0.126253488259841 0.286782977332815 0.120360349494735 0.148401722131382 0.318201462781226
0.258186640773531 0.224501115994864 0.278171168573854 0.207581838949498 0.0315592357082533
0.204202752103248 0.357400980431404 0.0834630718251716 0.288830011821185 0.0661031838189915
0.235440931486188 0.116178992056985 0.196430568085185 0.241371535787834 0.210577972583808
0.185606506309524 0.211874150265261 0.248527019810285 0.270339377787973 0.0836529458269563
0.26245041765177 0.151089151552889 0.190977684685414 0.274529183217341 0.120953562892586
0.157431364540755 0.286285338933797 0.231788713132524 0.184856348782296 0.139638234610628
0.183981406580514 0.0191189757912401 0.32954564185016 0.243415686355508 0.223938289422578
0.0954314481384649 0.140284806150079 0.0140472392381496 0.358679634091007 0.3915568723823
0.394061297166041 0.048227862148763 0.00489747959128666 0.411649142658566 0.141164218435343
0.0919306859973332 0.250131187829131 0.250216474339852 0.169974212692112 0.237747439141572
0.356067496617679 0.0169229826170761 0.268115720324378 0.00278506758605539 0.356108732854811
0.144767914783862 0.104517137824535 0.273849337399608 0.264748248286263 0.212117361705732
0.301911207740886 0.12305709401503 0.210854571991951 0.124787844849674 0.239389281402459
0.0239037159623637 0.370551824086203 0.0944039013600388 0.315078621015913 0.196061937575482
0.256182762512124 0.00158895815462789 0.251118770824031 0.269413988549511 0.221695519959707
0.087971620883696 0.285820102325851 0.195277778246137 0.306287983337723 0.124642515206592
0.193366438308475 0.329955390758368 0.143474204073557 0.31985562440715 0.0133483424524508
0.438575643311067 0.0350135233391609 0.0255857140767071 0.367534291391453 0.133290827881611
0.0884053563310224 0.414522025267879 0.236790650778553 0.0487590779100614 0.211522889712484
0.00352111654637035 0.578864263777415 0.0906090959501748 0.282610772248736 0.0443947514773039
0.0477982050037421 0.31620339594164 0.139506461434419 0.43166534570582 0.0648265919143791
0.225038837253526 0.179900264203838 0.349355532514832 0.158564542425507 0.0871408236022966
0.250657117962387 0.0975251661264666 0.23539776683897 0.10011420589577 0.316305743176407
0.198733661123542 0.1308294801974 0.0994976015983821 0.466048272158747 0.104890984921929
0.309274080329953 0.263111974283687 0.279477496639865 0.0488847651328803 0.0992516836136139
0.0659829346853582 0.226465043783721 0.194488623154049 0.089493293429862 0.423570104947009
0.334027406309836 0.10357176134181 0.325231499355661 0.139704776727572 0.0974645562651219
0.154831183160607 0.185124563620832 0.188244514192566 0.339899414955848 0.131900324070147
0.317063943986751 0.0146144244909883 0.174386506209839 0.229528815108365 0.264406310204058
0.238618926026731 0.241104805257136 0.138123407662378 0.190183723743264 0.191969137310491
0.0971676843136312 0.124633686283848 0.266542929640121 0.247326465598827 0.264329234163573
0.127101313569454 0.509791969543776 0.0862694311865825 0.00431704943024302 0.272520236269945
0.383611621487898 0.00478728333359368 0.38206149080217 0.133570097791306 0.095969506585032
0.169207111561493 0.131701251941596 0.1841986091255 0.249251171891687 0.265641855479725
0.179768171358646 0.185411898898718 0.231704273402113 0.124168927106607 0.278946729233915
0.197639056345807 0.0629523871518882 0.118849416176053 0.276913182031415 0.343645958294836
0.356841969988024 0.114360405759054 0.203363007725106 0.108198906796845 0.217235709730971
0.0305486463795336 0.0166615742969626 0.315773596188008 0.338799008309593 0.298217174825903
0.440783525663038 0.0291346181450432 0.100072162030632 0.0712546781843644 0.358755015976923
0.25663530784858 0.128899549625108 0.32195037931349 0.0922503945529698 0.200264368659852
0.143694403876805 0.134657876550906 0.0884202925558883 0.244235083385158 0.388992343631242
0.259324570256606 0.0488032886086022 0.188127612305477 0.229964352974207 0.273780175855108
0.0247240001728446 0.188721233956205 0.151275035680308 0.262289523717639 0.372990206473004
0.103647446787595 0.223553017966355 0.227843767275449 0.292574873733388 0.152380894237213
0.0331277614476234 0.268893271632737 0.0197986972008818 0.322468835143617 0.355711434575141
0.210738701974588 0.368298388944292 0.142423280285191 0.121224791086701 0.157314837709228
0.183055740837438 0.221954297535458 0.0521599080478018 0.163149957601253 0.379680095978049
0.448040666580365 0.0197189568070056 0.13882605027421 0.0964635507678091 0.29695077557061
0.344491453993811 0.155826108104541 0.255743456336446 0.195375277444568 0.0485637041206333
0.271364571870376 0.280438919861033 0.154364584756714 0.266876404310307 0.02695551920157
0.316216948469437 0.448972339202785 0.0629445274448525 0.0393303361030664 0.13253584877986
0.0247223796650334 0.320554462056109 0.15071328132352 0.30514133017533 0.198868546780007
0.331150483510252 0.00996758779023621 0.231188361641411 0.268358178392748 0.159335388665352
0.0266521724018565 0.279596319690506 0.12617983022555 0.296967312360285 0.270604365321803
0.349997060790121 0.262410091731256 0.0828023393395119 0.266634119227753 0.0381563889113576
0.374258095154424 0.184405969621708 0.157909699207586 0.208796761579515 0.0746294744367661
0.173799827012792 0.196679677189013 0.193945061860134 0.286407195593917 0.149168238344144
0.10848644947626 0.174840554524773 0.0131400465554296 0.459977180815322 0.243555768628215
0.185942622408384 0.282570351481026 0.208938855772139 0.104902341037593 0.217645829300858
0.252348009285556 0.217776301867312 0.195393679601241 0.0899127944752278 0.244569214770664
0.269791390861452 0.173324058882462 0.296409978334825 0.0781597234363701 0.18231484848489
0.108530680264169 0.132026384795817 0.257975061348766 0.0863877377299033 0.415080135861344
0.157045704969003 0.146876277713002 0.398613578626773 0.1353175881612 0.162146850530023
0.220244649582133 0.139271426149697 0.154686349467512 0.105377683267199 0.380419891533459
0.0185000141841735 0.287099043299876 0.237880618770122 0.234687005602608 0.221833318143221
0.264356870903224 0.0384593539430084 0.245254050819428 0.190891844235882 0.261037880098457
0.270272442811179 0.129225583465439 0.000496526877661423 0.46390302819658 0.13610241864914
0.159314770450885 0.262722558499968 0.117336538271941 0.217198047401511 0.243428085375695
0.30059820874593 0.332432452978714 0.0878542601565521 0.0210790488561166 0.258036029262687
0.316610268956467 0.262789863622655 0.0838899657387239 0.217403949359422 0.119305952322733
0.124664962041397 0.0917351853334777 0.259160805736576 0.19334149088844 0.331097556000109
0.0225418044150083 0.127157056990173 0.23546242044511 0.262156951949569 0.35268176620014
0.123087431749031 0.0271233499546703 0.231553355590425 0.329518081765668 0.288717780940207
0.212759268908838 0.25417812209974 0.195538330131725 0.254438234578816 0.083086044280881
0.0312865048716241 0.211627744870904 0.135266153326166 0.294994670986542 0.326824925944763
0.116680979677621 0.107660468135609 0.315881058228207 0.381889416802741 0.0778880771558213
0.173799411338045 0.301008051809442 0.253546298223832 0.226055287877669 0.0455909507510118
0.436142054238888 0.339356848417277 0.030809777835894 0.0200582985578332 0.173633020950108
0.252765576981578 0.11001649149904 0.149369656701888 0.226446672184966 0.261401602632527
0.0362304424358388 0.326612296420467 0.327690963906363 0.167106558824996 0.142359738412335
0.242268678023606 0.377012750241616 0.0778539467109775 0.017894604109537 0.284970020914263
0.195106773492857 0.202367895320392 0.0874230489068081 0.328979350924131 0.186122931355811
0.0409968788388719 0.223625423621892 0.356849693039363 0.0497955984521283 0.328732406047745
0.394705202466213 0.3657130701716 0.0389531292401615 0.0190207190438269 0.181607879078199
0.231242490578078 0.124301120679318 0.290757241637774 0.0572721252284854 0.296427021876345
0.0147833375591578 0.175141577295505 0.204060003894959 0.315513004617294 0.290502076633085
0.277241363606354 0.0567826971701298 0.0333583024735461 0.277763794352324 0.354853842397646
0.109488423737915 0.193446588226963 0.213689955823183 0.390069710006474 0.0933053222054649
0.160706416383516 0.179433981046254 0.196574284420576 0.248780808386797 0.214504509762857
0.00930841156874674 0.415350407777277 0.388293507714606 0.0888672946091651 0.0981803783302049
0.00183310593588078 0.357870388933057 0.315737372052353 0.299487740566509 0.0250713925122006
0.13473308680807 0.232011004364504 0.265657859723959 0.351862567650003 0.0157354814534641
0.000608571959352457 0.00879448750110559 0.00252102909581282 0.405300443902523 0.582775467541206
0.366302777001542 0.316209801264435 0.0563566461969972 0.0381944276660864 0.222936347870939
0.285635056242863 0.13326463173597 0.311720836892822 0.115640132748691 0.153739342379654
0.0219521206382456 0.190081742268791 0.336122619008522 0.169300245874391 0.28254327221005
0.123643432981738 0.160271664571996 0.0776360545030345 0.283746910494147 0.354701937449085
0.279613186108743 0.419705370722095 0.193155286021489 0.0711446737234373 0.0363814834242362
0.441386230032988 0.0917122013682887 0.0607934883624907 0.0590553751884818 0.34705270504775
0.331230226316695 0.277850741743497 0.0420496136264937 0.34085059285847 0.00801882545484453
0.0517385529747563 0.226974088959361 0.253474827688623 0.292015331239785 0.175797199137475
0.315595965121228 0.0480076977336552 0.290918558969601 0.31591968072195 0.029558097453566
0.178805658253345 0.0715929184300513 0.136809208016024 0.306721887456294 0.306070327844287
0.0906167220376942 0.300300747449459 0.310925266105928 0.029750269886355 0.268406994520563
0.0241675001729701 0.358503831995601 0.173888887914963 0.204352019149907 0.239087760766558
0.236393872613028 0.196066624977483 0.258718043889213 0.0496244774648668 0.25919698105541
0.0089298498154242 0.453304559485468 0.134423199120813 0.00387862318016532 0.39946376839813
0.142961036466204 0.140552178385165 0.379164592070472 0.280191414884046 0.0571307781941129
0.305779193990119 0.245994907264837 0.124161327049872 0.0288667810445619 0.29519779065061
0.200220107013072 0.279159216396469 0.128521465705806 0.234415535549881 0.157683675334773
0.320174458662486 0.0137228789475115 0.376833364315445 0.142689574119537 0.146579723955021
0.172992308936115 0.0675673039619248 0.0520767900925507 0.381663837090056 0.325699759919353
0.28176923184248 0.299202719462109 0.0206595932826915 0.137034743735672 0.261333711677047
0.427560639221475 0.298944135166464 0.0812663678054368 0.0781989724084078 0.114029885398216
0.00239324633094193 0.670024582088298 0.116992940252653 0.163313092222995 0.0472761391051127
0.204873695927499 0.22186805022541 0.385459344074233 0.0174380796333982 0.17036083013946
0.0640824760363564 0.187527776355212 0.26629097242479 0.290790597801321 0.191308177382321
0.00779173119583214 0.485252111797579 0.383445213828341 0.0474955147261292 0.0760154284521186
0.0867586590499597 0.323676820512643 0.304801868284639 0.209552785644777 0.0752098665079815
0.0550475764974951 0.0729823952408858 0.139946482182513 0.0811203203940387 0.650903225685068
0.284214396495838 0.229629166931648 0.0265027637965103 0.166164523803168 0.293489148972836
0.0057013847718809 0.0588417465815379 0.317086570715534 0.106628006744862 0.511742291186186
0.184678023915425 0.141708528515536 0.245971204467204 0.234643304164356 0.19299893893748
0.308607840015452 0.0855225886327595 0.0560723832341514 0.319543642375281 0.230253545742355
0.128265546809024 0.0507542772619145 0.385964526675281 0.301971341905851 0.133044307347929
0.304078153624207 0.17455533456506 0.244969436042175 0.211488378393499 0.0649086973750586
0.244845816627876 0.0993557461697614 0.0896223631547982 0.282869998656256 0.283306075391308
0.0320161706982307 0.360554136726377 0.00527202772528158 0.270124713080231 0.33203295176988
0.217854057935042 0.256312046244215 0.249816238485655 0.226940621066553 0.0490770362685359
0.177305805687981 0.424584451054173 0.388437583452905 0.00921294372339069 0.000459216081549669
0.0534313212941996 0.177492268307621 0.272190347032372 0.302629499985173 0.194256563380634
0.62113382553405 0.0695731241744866 0.197010499690634 0.0693963141938944 0.0428862364069355
0.153400578075523 0.417109774382443 0.122168813436376 0.246160004666854 0.061160829438803
0.256468910574711 0.357365471673096 0.0778663679519009 0.303960662214233 0.00433858758605983
0.154829896524078 0.337522965409453 0.147440543019716 0.0794221994738463 0.280784395572907
0.0884207322546868 0.23118991550593 0.10229019047278 0.347602863817926 0.230496297948678
0.00926929821200406 0.242087025613381 0.316402005383967 0.137773418913094 0.294468251877554
0.275872290124652 0.0797939538343224 0.233081836935513 0.023735983317855 0.387515935787657
0.203925017957312 0.124159146358487 0.575017455480305 0.0457776127096585 0.0511207674942377
0.0977459387156343 0.172123110500972 0.189024811699173 0.28553525175882 0.2555708873254
0.405423578805336 0.00824205752979105 0.184651433078135 0.0877647078123524 0.313918222774386
0.338643410470626 0.117758741426497 0.196510841683773 0.00105316118151184 0.346033845237593
0.0628073529247371 0.128699947589854 0.491316161269155 0.221070734551051 0.096105803665203
0.18627326181133 0.263364035016495 0.0579343197032322 0.26286028018686 0.229568103282083
0.228512148850542 0.205154188299027 0.0250547168702076 0.453823476426889 0.0874554695533345
0.167751312247448 0.19372400602863 0.163559516627681 0.208266900770174 0.266698264326068
0.365131932096094 0.0262914660028686 0.115802608978284 0.373153735682414 0.119620257240339
0.103609086259627 0.0143766069520196 0.012733596718921 0.495561619031173 0.373719091038259
0.325602598329751 0.102196550231252 0.13077430355779 0.152377977103854 0.289048570777353
0.109686243170789 0.327554121795069 0.0993275368001068 0.146226894305994 0.317205203928041
0.175115596355871 0.0448754145294161 0.33701975028126 0.346418850527053 0.0965703883064003
0.147262248793169 0.174313498117656 0.11691929297497 0.188643184277207 0.372861775836998
0.338553738025987 0.168510837237118 0.0120296187516219 0.263018681956062 0.217887124029211
0.0401105139322841 0.145553286552555 0.358451275159926 0.196525949934237 0.259358974420998
0.191624848611806 0.0236844566309443 0.435652562534287 0.311210438399439 0.037827693823523
0.150197426206651 0.0118869844680121 0.208756008343415 0.264824355012894 0.364335225969028
0.0309860516732564 0.272097811952555 0.327972015976759 0.26552215068936 0.103421969708069
0.126921650570064 0.0628271578403343 0.500350966444777 0.14735774885101 0.162542476293814
0.230677162930478 0.258576748394821 0.0811343073506817 0.299423221415006 0.130188559909013
0.316474705767063 0.178285080182828 0.166941251099377 0.265201241940906 0.0730977210098254
0.23268597990001 0.102031893633521 0.179959011973396 0.194165183920821 0.291157930572251
0.167712188353977 0.261965650667813 0.168940210225384 0.131107057436288 0.270274893316538
0.271293464499118 0.112158281832329 0.262024809850482 0.215465025694507 0.139058418123564
0.124585162460155 0.0204487927784038 0.241851466152084 0.37747144364928 0.235643134960077
0.162420459057189 0.232477480018812 0.204080971906764 0.246741680205272 0.154279408811964
0.0903376647095719 0.109114924525609 0.345978699238565 0.0784643773281778 0.376104334198077
0.0973927102484845 0.194562890252021 0.105540352641223 0.524947196847301 0.0775568500109714
0.172593546484519 0.253102075763659 0.141781943120885 0.108490708515328 0.324031726115609
0.0480138900003507 0.193715492935533 0.119096845940168 0.161667815972944 0.477505955151004
0.401679085831152 0.0828620278823312 0.0688281755583531 0.0572776193872752 0.389353091340889
0.144665043081527 0.179696258391408 0.25900101654839 0.184910795523604 0.23172688645507
0.218783965603783 0.292946047863935 0.144813406309 0.323765275854391 0.0196913043688915
0.157216400060169 0.278565252025017 0.111171220495717 0.0670674384430975 0.385979688976
0.208882072219118 0.200457697407756 0.34826628156167 0.210675708399796 0.0317182404116606
0.0414749620784003 0.151376776471913 0.22869106393429 0.538399765574823 0.0400574319405731
0.33291321040424 0.259156406317153 0.142361759776314 0.215121554389301 0.0504470691129922
0.247483675149746 0.322251773410542 0.135849930546083 0.128469830142067 0.165944790751563
0.147329850620933 0.321354305429919 0.0806057392397215 0.0803320607724329 0.370378043936993
0.162009577182799 0.249772060745225 0.265050484194028 0.158592605300195 0.164575272577753
0.184277896187102 0.132276129550817 0.237436138247272 0.0122106962927708 0.433799139722038
0.120712617292076 0.252498455124199 0.107129409897113 0.303437112233331 0.216222405453281
0.17409010930444 0.231869820619152 0.273005640376843 0.209605645764541 0.111428783935023
0.133423382484558 0.21158251870141 0.285160120393868 0.153909067310121 0.215924911110043
0.248789460400028 0.255148785521518 0.0469791301675914 0.17154548991653 0.277537133994332
0.456987812511508 0.00805812576729718 0.0708833446114498 0.328291302125385 0.13577941498436
0.385758513432068 0.0285584807622172 0.100870058462726 0.0927714206671128 0.392041526675876
0.379344085297591 0.0730090861070508 0.408454342997292 0.111797948021449 0.0273945375766173
0.208293138360042 0.168481047347279 0.277611604226357 0.30771016737698 0.0379040426893421
0.126519202844204 0.107041468625524 0.12673985900044 0.359062946926899 0.280636522602933
0.178383794937919 0.257932090262584 0.300122762299889 0.0350483061470368 0.228513046352571
0.214851302798337 0.38358836000576 0.249115698798418 0.110442932626679 0.0420017057708058
0.402927475097448 0.25709078228762 0.0325153389993405 0.296452913870444 0.0110134897451479
0.189569640312559 0.206532167901856 0.341530296321702 0.0889920568440083 0.173375838619875
0.107359315386914 0.390065989443143 0.282460172007692 0.0148302504782119 0.205284272684039
0.187959151458179 0.175802830638739 0.231009054112827 0.120095455634498 0.285133508155757
0.162254999041435 0.348910251955187 0.227018346060503 0.00440110868002189 0.257415294262853
0.180621800292025 0.231488404352908 0.150038874071692 0.211775122108791 0.226075799174585
0.0708125636402374 0.342735490579712 0.336778875704947 0.0410235885846502 0.208649481490453
0.0190467048779439 0.219421376924658 0.272475267536506 0.268883739596943 0.220172911063948
0.301752659881204 0.113007882500442 0.191173911842654 0.351149964061308 0.0429155817143917
0.443525820503649 0.0336357795987343 0.0182651716922892 0.407066800472255 0.0975064277330725
0.363459424877286 0.0214698937157596 0.272460020876244 0.200639086602422 0.141971573928289
0.0466029713233736 0.35262402549258 0.160279379058621 0.203976170215321 0.236517453910105
0.352002512658623 0.214117440721939 0.0483577102555365 0.0756978046608998 0.309824531703002
0.0490683483091359 0.331057498410572 0.00460390936606919 0.363140794798911 0.252129449115312
0.079894021111278 0.0268046592429655 0.191635627464227 0.303803932767754 0.397861759413775
0.257411337559005 0.106003431177549 0.251914095640812 0.221712926994683 0.16295820862795
0.226361610836719 0.358163547422339 0.0757439537392488 0.0769148905432382 0.262815997458455
0.13370467443956 0.124778051617213 0.428946897240333 0.105433304631656 0.207137072071238
0.291889060519587 0.231959888149378 0.0863986912673005 0.229648843792595 0.160103516271139
0.197636853726274 0.240377969453879 0.295005213966148 0.0365319692075707 0.230447993646129
0.0946362275172669 0.178866670351994 0.0591663342202167 0.450031428458644 0.217299339451879
0.144149746686264 0.00932281656330569 0.118176164903619 0.271213939112333 0.457137332734477
0.359215816857493 0.236905070501697 0.128900037343941 0.223245632114182 0.051733443182687
0.0880117586343745 0.315994907042629 0.011071742105194 0.282686279247046 0.302235312970757
0.31892226002734 0.236043450900742 0.0517552146229022 0.27458005566951 0.118699018779505
0.269200641871888 0.00193120824224299 0.206916936625067 0.335994664694569 0.185956548566232
0.320974378819253 0.0503713858018199 0.369570958540364 0.14399961046272 0.115083666375842
0.196623420196316 0.245176959987596 0.160368295807134 0.243956805154638 0.153874518854316
0.0892055609432074 0.359193822585137 0.167735019325808 0.126414227510405 0.257451369635442
0.00700133287098314 0.112397700474322 0.359172332280114 0.466416923938098 0.0550117104364836
0.119898295860458 0.199219311805008 0.224639617107825 0.214500831380739 0.241741943845969
0.205582254302213 0.272880152855401 0.0944758229460335 0.125764964035554 0.301296805860799
0.0967894595420523 0.357630808550213 0.0984879328047359 0.0850555052770367 0.362036293825962
0.0870588387988969 0.239774063401925 0.185719405498484 0.17132024256048 0.316127449740214
0.182264423216877 0.128589203132977 0.181421160867898 0.189778038927325 0.317947173854923
0.0867698455969658 0.292447301456982 0.130868750604826 0.163439849293856 0.32647425304737
0.52238173591265 0.00395258619100297 0.141312061555015 0.201296262874309 0.131057353467023
0.206774724622541 0.126128793988693 0.235295915191018 0.352210910034768 0.0795896561629801
0.258435631640863 0.172814842486587 0.145151466824291 0.0760307331885318 0.347567325859727
0.244401283001352 0.0257265824822064 0.210563201263816 0.10186897679383 0.417439956458796
0.361028748181836 0.160379388076516 0.0968785071930261 0.031998750679951 0.349714605868671
0.188680658424068 0.353752163552125 0.103482776336586 0.314152798252359 0.0399316034348617
0.108254946289919 0.322478853069408 0.259060725452037 0.128676552247199 0.181528922941437
0.000384273050044402 0.243927728882753 0.386099623693501 0.0716976143121732 0.297890760061528
0.0230756512566478 0.243832637037042 0.251908879167623 0.340506638324503 0.140676194214184
0.234403841253447 0.177946107027095 0.0755440521302577 0.342189483260252 0.169916516328948
0.00806906056419597 0.179377708053956 0.479632492366026 0.212642922755234 0.120277816260587
0.170248245047157 0.0908941083850789 0.220539187660929 0.359115784879276 0.15920267402756
0.019913834569517 0.430424251954627 0.126253730791472 0.340777935868702 0.0826302468156816
0.216036232082574 0.0848269452292474 0.373793053464452 0.319529111408795 0.00581465781493158
0.284006459468017 0.0448868605177133 0.248941540584629 0.191048290770336 0.231116848659305
0.372501684403325 0.0267388497724364 0.0568647002524591 0.2022659474804 0.34162881809138
0.036223292292824 0.277808660518161 0.275607684151774 0.223085013119622 0.187275349917619
0.211574719643861 0.26498871534783 0.202447313542204 0.257804417062927 0.0631848344031784
0.00539115455646429 0.279248659735126 0.272887964089218 0.0949378612754709 0.34753436034372
0.289849621313709 0.0863819310062187 0.166500872440274 0.360231165903625 0.0970364093361735
0.0720742408672639 0.227881440136774 0.222109766565846 0.176845826422786 0.301088726007329
0.0783151668085748 0.314211015521346 0.36493677261483 0.211156471674667 0.0313805733805826
0.0984766676080474 0.222340311831904 0.473354984759245 0.0680910202263277 0.137737015574476
0.174726601220654 0.093043247874948 0.013160346903291 0.0337206678266161 0.685349136174491
0.0846352683940349 0.24444408986065 0.284037011101717 0.284495674665136 0.102387955978462
0.173434658832306 0.243624112188251 0.049499936350356 0.404697904465749 0.128743388163338
0.14657796483939 0.274868696764146 0.422464015759659 0.102948094663133 0.0531412279736726
0.291341490971789 0.0637406674518607 0.0332877271744648 0.328121249021501 0.283508865380384
0.0366344455761292 0.041154362203272 0.222381224691879 0.321699540732087 0.378130426796633
0.252354497127679 0.00441439605784107 0.326430770775543 0.226820920867906 0.189979415171031
0.112196741164063 0.381367094326856 0.0449161391146427 0.344492114415705 0.117027910978733
0.00294832984429419 0.324108059806941 0.240866688221444 0.137249605568437 0.294827316558883
0.36163185535945 0.294327578913253 0.2515764403614 0.0235824847450666 0.0688816406208309
0.329480972772175 0.188581645675388 0.361073880589247 0.0713565671586383 0.0495069338045521
0.0187556521225537 0.263756395649837 0.25262414704777 0.340388969340633 0.124474835839207
0.0431729614952687 0.0589993860012026 0.322353066585168 0.521686690740789 0.0537878951775713
0.129140386067162 0.272779901456718 0.245483356487345 0.0851057115311813 0.267490644457594
0.303131631244681 0.203293078885078 0.0187478293869212 0.16385440436809 0.31097305611523
0.0185888370952425 0.414134309931744 0.296497853917577 0.147950360998997 0.122828638056439
0.205727220863483 0.122376113009218 0.203812563470348 0.246433354024572 0.221650748632379
0.545106358129249 0.0106784048473828 0.00657787971065632 0.0310005315123339 0.406636825800378
0.230486297566304 0.152447254829965 0.0801634075154247 0.414193897171499 0.122709142916806
0.0173271525794647 0.542145027919012 0.377950117962675 0.0440088288593479 0.0185688726795013
0.393348060893626 0.377723278839844 0.117855025783637 0.00787754903205389 0.10319608545084
0.0870324896774946 0.403110214024807 0.439328013113509 0.0596466509941348 0.0108826321900546
0.0678316960384438 0.292623418454429 0.108602481202155 0.332890984032292 0.19805142027268
0.268332249393113 0.262069831663296 0.134334725434339 0.249497282209769 0.0857659112994829
0.354366387103753 0.0517633942078158 0.182616023937759 0.322585466286154 0.0886687284645187
0.276783352921945 0.0716168911283544 0.0688386729638894 0.118686775078342 0.464074307907469
0.315445290672028 0.0710425087330695 0.299812683321468 0.205188297366956 0.108511219906479
0.0302768571218781 0.0176494264676853 0.202627824069489 0.344476940943505 0.404968951397442
0.168324816765683 0.11766200954495 0.157155070615282 0.181691100188039 0.375167002886046
0.212296470591088 0.243074787577862 0.0475380348764495 0.237147848663979 0.259942858290621
0.0916529600090614 0.350954258858091 0.0919407912713934 0.273878577899102 0.191573411962352
0.0298127691588049 0.347622522929987 0.0897017394480002 0.194495926097964 0.338367042365243
0.154629783731463 0.232189269543628 0.0464555374855802 0.123515074575839 0.443210334663489
0.279721199076121 0.1941627148476 0.0293952399079629 0.222472159371419 0.274248686796897
0.249059862583127 0.204924336469484 0.238145530202081 0.0715520637161682 0.23631820702914
0.163577880958113 0.425101714998889 0.154914577956684 0.243551855826203 0.0128539702601103
0.324915131083075 0.0522161664683611 0.331380959227695 0.100100468433824 0.191387274787045
0.255011596119359 0.0487365282221649 0.309483946965356 0.341627004588325 0.0451409241047952
0.0742183213395 0.267461645511034 0.262420606257082 0.137950376277871 0.257949050614512
0.262244499034848 0.267639943180839 0.063541876457016 0.164931881823625 0.241641799503672
0.373816088400809 0.02381739750139 0.286895824431743 0.198737084723096 0.116733604942961
0.0651041697740345 0.111103215213799 0.28455329206057 0.335771894922932 0.203467428028664
0.257556351972679 0.239729060447585 0.0553611704238243 0.336322999169799 0.111030417986113
0.371679378089987 0.0796708861143765 0.0415637437301424 0.178921673429038 0.328164318636456
0.235438085038936 0.305864397507732 0.122245731529094 0.249572498829621 0.0868792870946173
0.276720840635288 0.213141303985787 0.164551573872829 0.327152555088017 0.0184337264180784
0.341279273015426 0.178952860269871 0.223237297748333 0.102091574868464 0.154438994097906
0.0302253505727939 0.0160010367400765 0.244373739526393 0.321164351718924 0.388235521441812
0.233626569694252 0.0812385936376315 0.218005834356071 0.21737263559118 0.249756366720865
0.285118100680751 0.262109587900617 0.217511448287008 0.0937365317418408 0.141524331389783
0.161962567486433 0.130645636960139 0.241558300366339 0.216626096759292 0.249207398427798
0.0809193589734755 0.064212642810629 0.355196041643351 0.245721407261772 0.253950549310772
0.0555342175316256 0.228858650492418 0.127048060721379 0.497867071836517 0.0906919994180609
