0.100900817333562 0.233177913904306 0.04602419978675 0.301599580334639 0.274422055422426 0.0438754332183171
0.214733303616704 0.125390955374763 0.122556613900305 0.148011449956192 0.183765286566608 0.205542390585428
0.27531294848504 0.136107552872732 0.116464278894687 0.152606949393683 0.129907735977835 0.189600534376023
0.088832224104804 0.244748952886025 0.156029740865005 0.298379084011907 0.0293922404667349 0.182617757665525
0.187203745962844 0.0732105774465212 0.152670882301336 0.380874648902772 0.156167829499389 0.0498723158871381
0.0300895520606185 0.464349724914053 0.318419080646437 0.0272026177932467 0.121847160587603 0.038091863998042
0.0018423485253622 0.26766767822934 0.234419101893071 0.177517386221131 0.0554598508506991 0.263093634280397
0.0491953208637743 0.255978882222632 0.255893669940046 0.157872378497959 0.0917104615121218 0.189349286963466
0.182025675608463 0.267029224120571 0.229904977855076 0.0308977241967183 0.0381124705020708 0.2520299277171
0.184243475697693 0.00464449977997385 0.090953817673326 0.324565521602308 0.320858909399632 0.0747337758470676
0.255098293543569 0.0495331775673325 0.090052235978366 0.186787612450651 0.163638793460684 0.254889886999397
0.338329929873003 0.328563725842643 0.064738151963077 0.117212233810254 0.056753788095652 0.094402170415371
0.00364004580428695 0.168829953510133 0.168791373761178 0.211970162803086 0.285789389665941 0.160979074455376
0.0484032343683652 0.175664190405254 0.256471304372207 0.318228961491658 0.05980957777143 0.141422731591087
0.144697582937751 0.0494594549189493 0.192896813944351 0.0928450574179354 0.26379454490074 0.256306545880274
0.0089625106468958 0.17340699337092 0.180020965883876 0.375429759448298 0.132252736457039 0.129927034192972
0.414092057112041 0.0746441558102363 0.201429950795275 0.051242330175623 0.131731237451259 0.126860268655565
0.216768278794486 0.0407460133952142 0.213501220246651 0.217958466207893 0.0790253721409933 0.232000649214763
0.0855270376432992 0.196702781047407 0.269963350976831 0.182771092775052 0.026812086828819 0.238223650728591
0.106680206419539 0.242152388869194 0.0426070812778147 0.24139087956033 0.0985649118542693 0.268604532018854
0.0911035674146596 0.160836401032521 0.0623069768027819 0.2501582446217 0.142243519053153 0.293351291075184
0.171365137777596 0.123202783658908 0.0371167642984844 0.186052722144619 0.243294598984822 0.23896799313557
0.264106476860942 0.0745951435548486 0.144958006303062 0.192419438984077 0.116025366237952 0.207895568059119
0.182642271081117 0.125021184499452 0.21267870366847 0.220277836603632 0.189871809538208 0.0695081946091225
0.0529283521560468 0.0765598234509819 0.230282146404225 0.275988929485747 0.211201557815527 0.153039190687472
0.0698442189056955 0.124540851122182 0.239501957010034 0.194543064556917 0.0726645116243538 0.298905396780817
0.185176305721308 0.0507100395969439 0.0430950659646669 0.0908348528616332 0.321638905071549 0.308544830783899
0.252253524976097 0.130162513227464 0.139749948222868 0.147673508099546 0.231242530125853 0.0989179753481714
0.0556865460548071 0.136016794567335 0.220232587526623 0.270279504509571 0.0764085105264492 0.241376056815214
0.0198435023029144 0.195759464973041 0.166200419726023 0.145480608154013 0.21644888034688 0.256267124497128
0.339208341730042 0.0789388897757596 0.0102026465521179 0.281384879639466 0.087584901935573 0.202680340367041
0.295160479354355 0.128892328167591 0.00748421309743399 0.153774158688632 0.181940459435929 0.23274836125606
0.130211984756315 0.24687478924254 0.159566753155944 0.190051273354249 0.227621139397842 0.0456740600931105
0.109399576992897 0.286778895051583 0.0334819215139705 0.00987037212929212 0.300202993286957 0.2602662410253
0.141835328423231 0.0586293046318669 0.149611082567546 0.154511002066725 0.282258433875894 0.213154848434737
0.211439678100777 0.165714219719373 0.0757065179147732 0.188899156524123 0.16868130432358 0.189559123417372
0.134825848758679 0.198143688622881 0.0995543548453158 0.328972718458269 0.0407299426740297 0.197773446640825
0.0568364873905809 0.171930928526097 0.269061792665917 0.213373861359421 0.120333159530909 0.168463770527075
0.00684453401310474 0.311755677149841 0.0154383527795386 0.0803811987957884 0.306993829962453 0.278586407299274
0.272909104874495 0.0843805681648827 0.23788180813867 0.121262169854612 0.117061992882435 0.166504356084904
0.184871956596431 0.290198186426793 0.0490869517421011 0.163035730880369 0.230619924712071 0.0821872496422349
0.299546798674404 0.176746174195113 0.00828620069886704 0.0803323572759061 0.343914562215153 0.0911739069405571
0.233434355182163 0.0559491988080692 0.317294592316831 0.141949228426328 0.175516538432493 0.0758560868341147
0.109586986551601 0.213896363387293 0.154093454597681 0.201953266347673 0.177542953849554 0.142926975266198
0.0503280666481812 0.200443394774953 0.0855941519999512 0.164342476598759 0.307781453311974 0.191510456666182
0.14410000021185 0.337011276776715 0.0694821654262989 0.404281788053463 0.0429422420918841 0.0021825274397896
0.310443675080782 0.129433457167991 0.144556512744815 0.196289175426402 0.207391736432287 0.0118854431477228
0.114775455756715 0.195597189379375 0.155462070882641 0.15263473608063 0.21169809091006 0.169832456990579
0.300823537520929 0.0392961333437271 0.126130283213166 0.275435800285812 0.0464284470413911 0.211885798594976
0.166162887530286 0.100504858729145 0.226936295147181 0.26219278718252 0.123189881940535 0.121013289470333
0.321325497921885 0.272941329687346 0.0787057896279582 0.266610546208242 0.0221528703493676 0.0382639662052012
0.290185934772309 0.190416381655031 0.0674471960693868 0.247100187975563 0.0224793668842698 0.18237093264344
0.237243773532599 0.105806686652168 0.161408610541956 0.00106227226243507 0.233801809443035 0.260676847567809
0.164746115626717 0.14992308239486 0.010449239060831 0.257586681768753 0.22318711118226 0.194107769966579
0.117049383293937 0.217618057611738 0.163908766974211 0.144162198458435 0.146039869548031 0.211221724113648
0.0216589686088689 0.281028631174433 0.00492318053717504 0.233202609914629 0.34516469079951 0.114021918965384
0.0221943103481843 0.359655902113442 0.145142907864222 0.124224778704354 0.21085888266317 0.137923218306627
0.138270191980204 0.179967644848146 0.154313206897029 0.292795506872007 0.152845866333769 0.0818075830688445
0.000138295068523577 0.417391925184739 0.008807489110613 0.206178051146797 0.0390339320450781 0.328450307444249
0.122676721348861 0.172629012493155 0.133096037902546 0.160560747245807 0.211463020403098 0.199574460606533
0.207347363240488 0.160032713958657 0.128667274386676 0.191060432280878 0.0984100959645106 0.214482120168791
0.151828322211115 0.0616296080288158 0.146183190114551 0.164180753332297 0.241476263519044 0.234701862794177
0.0655053265302433 0.227870170613254 0.324352647528693 0.0302247750756837 0.312170133248355 0.0398769470037706
0.0373426960088654 0.0442791019920107 0.160521500324128 0.368421936369338 0.219014563183489 0.170420202122169
0.0775908463012363 0.21259870478194 0.131827998628161 0.20044369436867 0.216188210539014 0.161350545380979
0.177247934371506 0.133665184344753 0.118334725088695 0.198065154856236 0.124895976614042 0.247791024724769
0.258548070861246 0.0625007805888657 0.0823219932284466 0.257002569163403 0.17286463058736 0.166761955570679
0.183369856230838 0.15334598217793 0.231161454135667 0.24773797142373 0.0604596889647445 0.123925047067091
0.15079668619039 0.110548230304602 0.515900878657875 0.144985824245987 0.0167496318107621 0.0610187487903835
0.11531106137423 0.224867745361275 0.0563896270339618 0.174658374810031 0.18543985293361 0.243333338486892
0.14742303362059 0.333123805395989 0.0391914468981926 0.128211080572885 0.197759847488585 0.154290786023759
0.206957475974356 0.18079742847736 0.183699070490604 0.0453452314247817 0.00937517183789954 0.373825621794998
0.0708891442391516 0.203174392461568 0.284943341824107 0.125849022917545 0.107817006026212 0.207327092531416
0.125677333274717 0.0135485036155141 0.325648172370799 0.153540282638731 0.158255431824833 0.223330276275406
0.264225710442464 0.0866969945709241 0.18067339676246 0.00677841816736432 0.213966031373323 0.247659448683464
0.257856834466062 0.101787338576204 0.0686393429131511 0.262480675298641 0.0418923129684799 0.267343495777462
0.134413494902956 0.0854643366932467 0.0816266773333777 0.00385361551947851 0.544109658925214 0.150532216625728
0.343252822910396 0.114061395508554 0.254252624010839 0.214833991013106 0.00370799395435203 0.0698911726027529
0.192731192341799 0.0664988422064186 0.242426786038337 0.0720653285660843 0.244885592419077 0.181392258428285
0.171919793791147 0.0901305079111473 0.207283556597825 0.192807098090445 0.176333104638522 0.161525938970913
0.167329300741742 0.227082789909103 0.211279627326372 0.0558934430308713 0.193561931581647 0.144852907410265
0.170897283296258 0.120260442956682 0.143652562495781 0.234402313987943 0.0138674050309341 0.316919992232402
0.0852691380818652 0.107888406089715 0.193574432207754 0.0613544237371293 0.451426836728082 0.100486763155455
0.0980146217340449 0.0719332243540373 0.25890939660868 0.336560101294522 0.0293456196121266 0.205237036396588
0.212818192232916 0.131340458934984 0.153334173502254 0.118766825528524 0.167561133149539 0.216179216651784
0.264530507402502 0.184159025463462 0.0814078327025102 0.085117278066061 0.248096338945722 0.136689017419743
0.0770031914409359 0.0544178964162947 0.134593588189825 0.251123180312819 0.275611217988473 0.207250925651653
0.283415319360442 0.0774960966625691 0.27958675404413 0.15230985157508 0.176114640312818 0.0310773380449606
0.274047583983527 0.173390823410388 0.254219948772499 0.00735854223514983 0.0574961967768549 0.233486904821582
0.0122618197326733 0.277082058868143 0.270499256464199 0.0390120254886963 0.209095753271939 0.19204908617435
0.000292047440364591 0.272038756687637 0.409630791462415 0.0921712319896944 0.159246410691135 0.0666207617287539
0.40064662441882 0.0718632819075915 0.0236182427182648 0.164015391765644 0.0492524184480247 0.290604040741655
0.0928033000447501 0.236612179979285 0.0614576807260666 0.317776322649254 0.25070110940315 0.0406494071974947
0.322858348265037 0.127204002147085 0.178392976381351 0.203160392939065 0.00739936778694584 0.160984912480516
0.188815369578068 0.206140397919673 0.161260159228883 0.165519774883689 0.105851784872381 0.172412513517306
0.0301384965772734 0.191628719775583 0.230227316595968 0.154052633219802 0.161514108436851 0.232438725394522
0.225549120643835 0.1026282631615 0.198041479262983 0.111839601289595 0.154760990049628 0.20718054559246
0.217176934439018 0.127237157273259 0.235548451201148 0.309698681342773 0.0362127944314469 0.074125981312355
0.210196474688109 0.0430361904447566 0.100729773655413 0.163165568118971 0.155661395199138 0.327210597893613
0.0475993772313513 0.160995531952459 0.263909294387174 0.0410228980789621 0.27305633942794 0.213416558922114
0.212219643446943 0.0953452689899962 0.121251198907804 0.213633533091892 0.230595397238654 0.12695495832471
0.197642858886543 0.173194695330774 0.167351475216879 0.172597698392378 0.063585036678946 0.22562823549448
0.0804432820569266 0.0118108663661234 0.244002360673604 0.193730272946629 0.259547290860222 0.210465927096494
0.0881492401763249 0.0780161413853516 0.22805492687057 0.236184723704233 0.310349845821871 0.0592451220416488
0.0643664359948395 0.0472865559636883 0.205766050479886 0.0578494396092486 0.447291178858978 0.17744033909336
0.120008110546796 0.132166973820896 0.291340403815059 0.00337798963225068 0.154416326562275 0.298690195622722
0.027874992276949 0.249689238021735 0.113708900284247 0.205723706648855 0.143015118452576 0.259988044315638
0.0979285510867767 0.143391632584997 0.207392877085476 0.161161933610203 0.19483655132267 0.195288454309878
0.204661147417107 0.137393391561201 0.115169756189949 0.280083652635286 0.22859880024242 0.0340932519540375
0.260981328911897 0.000555263667081285 0.22830043915666 0.202718006461535 0.107092764622571 0.200352197180255
0.0727021052549582 0.171916999731698 0.12525190704644 0.238829980617356 0.210138181413147 0.181160825936401
0.162496406259777 0.294649582226033 0.00823651677834918 0.159119071681682 0.286858792225157 0.0886396308290021
0.340581238101319 0.0268055355981714 0.32945457600598 0.178255908140394 0.0793712778262176 0.0455314643279172
0.104018433511647 0.0558167999700741 0.315533541075917 0.29100852147986 0.12393038058656 0.109692323375942
0.288134727839941 0.00455536804480624 0.144451505378953 0.115473037455146 0.33123096045713 0.116154400824025
0.187760417308317 0.170205672835813 0.281709159202909 0.0250768586645852 0.175548430999758 0.159699460988618
0.344643972829189 0.155951301847323 0.0261139739725461 0.183696446784007 0.0819978742295099 0.207596430337425
0.196893421728852 0.113407061839897 0.252469891964173 0.245879664297327 0.0250105708119187 0.166339389357833
0.40503905242771 0.203580597123365 0.125694699773472 0.15243527983678 0.0687490828395814 0.0445012879990913
0.206370807820651 0.166104568761161 0.15853316539167 0.416348046193306 0.0401323614610575 0.0125110503721538
0.05490572855178 0.357269409697286 0.279567172049716 0.052741125937814 0.221109624052076 0.0344069397113278
0.0722080069108759 0.200456755446332 0.272691702668319 0.152491637071005 0.100457002095751 0.201694895807717
0.0764410013691114 0.201354165685136 0.159736614402781 0.169374041279669 0.23140879470553 0.161685382557772
0.0872596713212404 0.230934690854791 0.25261785920898 0.153871014291137 0.225689237499931 0.0496275268239203
0.00542801157739766 0.233363631588821 0.00612950451655677 0.0734953387454215 0.255639205739412 0.425944307832392
0.233453908963158 0.201710651064311 0.126962723998603 0.0839637588040706 0.259090615426868 0.0948183417429893
0.169692785009421 0.213007219336275 0.222496191470577 0.0456518289397138 0.178586307514316 0.170565667729697
0.0351434836729697 0.307309235921183 0.0562900611127688 0.0258941512059445 0.426185978829247 0.149177089257886
0.032038673303798 0.0794057706618764 0.367440241576514 0.159050056868522 0.243993386823235 0.118071870766055
0.336525915862929 0.196817333859455 0.073074876867848 0.136166485648757 0.0644391654488149 0.192976222312195
0.31350952113423 0.190936103340004 0.0713243709494385 0.00814562484555894 0.3140334222504 0.102050957480369
0.0307749266647977 0.150864122039718 0.244269108233249 0.144571158524711 0.250422675010755 0.179098009526769
0.154736499918615 0.100792560374574 0.0993128354492656 0.268685362413887 0.110585659944129 0.265887081899529
0.0511955118973929 0.129729242117555 0.298533916076174 0.252714134322757 0.190579747318638 0.0772474482674827
0.11116318889748 0.186771625724494 0.021198912235133 0.325669982844052 0.250205411076818 0.104990879222023
0.026305268951444 0.357817047473629 0.00503280850004918 0.381283500259113 0.14409017739831 0.0854711974174553
0.0210175716403545 0.135198411773129 0.26130171111685 0.141692850257552 0.164266091589175 0.27652336362294
0.267621105006803 0.375278639237023 0.0458795457542588 0.145442283969863 0.0185139569821767 0.147264469049876
0.244879654007374 0.172456627420883 0.118617527127049 0.119069582500125 0.186412892353666 0.158563716590903
0.223890773805818 0.0499575123855287 0.0934404322454252 0.28962279825495 0.181989475792675 0.161099007515603
0.0844978836388581 0.345233265127389 0.150699876366281 0.289889821834376 0.0408084998676558 0.0888706531654402
0.311761770288782 0.213441308365792 0.150298618593382 0.102441606859445 0.0402477471530551 0.181808948739545
0.0537326841188652 0.0884806369072194 0.121626264851821 0.287527731167013 0.126426187166183 0.322206495788898
0.217124161545148 0.00353018944979286 0.128326700942687 0.280752587932174 0.351001233954011 0.0192651261761876
0.234329563510079 0.223184003030586 0.055807526876579 0.183278116336822 0.222270813813075 0.0811299764328593
0.285171454725914 0.053097633372156 0.32849753327464 0.110623720938756 0.0479239898836471 0.174685667804887
0.247890076526876 0.0370059636839467 0.0475667132233089 0.173954727211016 0.0894056385612029 0.40417688079365
0.178908431575831 0.366723083107258 0.00205866474429945 0.306610884734935 0.0214149046005524 0.124284031237125
0.105172537339534 0.18705699911598 0.250148548005742 0.199558908866436 0.0439173272240282 0.214145679448281
0.294858178809359 0.0534769056381977 0.131587366927325 0.059344209475514 0.219111542960829 0.241621796188776
0.24383531694621 0.256117699585563 0.125872277120261 0.25566608044681 0.0212212063209969 0.0972874195801584
0.0977544636997723 0.479651868023449 0.0710106390822751 0.076398245094041 0.123387331325217 0.151797452775246
0.154878260625814 0.0554362871755321 0.266018924889026 0.141186796205206 0.226613896031037 0.155865835073385
0.178234964633474 0.148166803539464 0.159861572113656 0.0886840517521764 0.238028383207104 0.187024224754125
0.057395799575508 0.148133071663826 0.206597724708747 0.277997124208421 0.197947487653393 0.111928792190104
0.0989248153288718 0.116564816758776 0.287732379728434 0.0691996510786455 0.00926977632438041 0.418308560780892
0.0701776594156543 0.0260247601590371 0.018712622670202 0.275835192151737 0.279334561224134 0.329915204379236
0.236858588391599 0.115021941169564 0.167660236429351 0.128450317034547 0.230219842037107 0.121789074937832
0.243372342822206 0.0845767342099052 0.425906634431878 0.0167063330714322 0.0977642661919771 0.131673689272601
0.30125375403566 0.316137043062074 0.125626240749855 0.0173642091744986 0.111589794853001 0.128028958124911
0.103855196076366 0.354088620404856 0.0320240699314452 0.0239581653311151 0.0360390216026323 0.450034926653585
0.00656523388949802 0.265220247665954 0.258560175188752 0.196214474213105 0.0741180733204734 0.199321795722217
0.029515277354602 0.206731716545971 0.246434342014609 0.236513902887719 0.245456584315552 0.0353481768815477
0.159668724584157 0.262622136405186 0.0846090849060708 0.20999555490671 0.00230072483929397 0.280803774358582
0.215407612983503 0.18397206471629 0.191570155104251 0.191084046606719 0.0129398507166545 0.205026269872582
0.0388712254097403 0.274769349775946 0.283443325876822 0.0135455591775616 0.0530240476746111 0.336346492085319
0.273846455893725 0.220964456369414 0.0754429332961887 0.27866941769741 0.0955891098786036 0.0554876268646593
0.267151225716419 0.194893306214509 0.300638176777564 0.0102375770861485 0.0525574531694943 0.174522261035865
0.397570270973042 0.213283985515742 0.172244157686813 0.0764237828242334 0.0876875016477191 0.052790301352451
0.192853158073072 0.266991903667398 0.214699869256071 0.057934274976659 0.223695767955182 0.0438250260716173
0.213166499500884 0.133287678306292 0.205286974182108 0.0493907178783172 0.332277645060899 0.0665904850714996
0.29575129611573 0.306197716094976 0.0267892651482775 0.12551800587853 0.220105895667796 0.0256378210946904
0.361227495966857 0.225804302522167 0.000721047077249545 0.179916047352126 0.157091528802083 0.0752395782795178
0.251121905208614 0.295628275896731 0.19414814970977 0.149500842608967 0.012143610863982 0.0974572157119353
0.155680314895498 0.354427736708633 0.152134527596978 0.109437066343749 0.138572204254948 0.0897481502001939
0.128488713122938 0.0805151216034869 0.238953359791367 0.00389498926014471 0.24345791776786 0.304689898454203
0.208132104765093 0.0465470744536389 0.276892660880423 0.219977827062463 0.0659478238354021 0.18250250900298
0.184652175792811 0.110602663005434 0.282115643644731 0.155806486942899 0.139085948051108 0.127737082563017
0.0330975657550701 0.215657011935696 0.307454224786905 0.0698921185963835 0.187901894774073 0.185997184151873
0.290578952584426 0.215097908950379 0.00326423810424435 0.236817386864483 0.141801983380861 0.112439530115607
0.362401690419473 0.0348358151320457 0.213184428537897 0.213729452229675 0.133971202516284 0.0418774111646257
0.301031059155222 0.290281240189315 0.00668386193028272 0.101691593612334 0.206252350881264 0.0940598942315826
0.240201185310952 0.0674804167242989 0.161881715014503 0.225659747078315 0.276097122618689 0.0286798132532428
0.405076595203781 0.00997022660817368 0.313810173696402 0.0988528730636678 0.0526318425508626 0.119658288877113
0.0569695585960937 0.0355692595511691 0.30145037223569 0.324718310463095 0.09834725512863 0.182945244025322
0.141473938269744 0.00665178127173208 0.11531734151957 0.272006380652972 0.0543618012508053 0.410188757035177
0.0231296864748955 0.108222797141269 0.274162276175083 0.0915842301902714 0.310826733415235 0.192074276603245
0.0642009593223584 0.154876183295273 0.122784682813753 0.232677354511777 0.173618298035705 0.251842522021134
0.163405969612711 0.161890406684736 0.17686965967169 0.190570838375834 0.167180478798151 0.140082646856878
0.209108889788495 0.0842693153549195 0.1978985491206 0.277489892824119 0.00595849173130322 0.225274861180563
0.143390528857458 0.396643500516916 0.0190716364137209 0.0113823921881312 0.339096166917547 0.0904157751062274
0.296158570560504 0.0359209597181074 0.141999767053654 0.00643759588848844 0.263667665084642 0.255815441694604
0.081443547990803 0.219521434552647 0.319015974102261 0.00217786639447015 0.26817945333826 0.109661723621559
0.0675129412233887 0.173423362036213 0.0783450901218895 0.213614457511281 0.402524835035041 0.0645793140721865
0.175410849970407 0.0305402147950373 0.123960936691455 0.242603523557562 0.236777490742531 0.190706984243008
0.147325353245954 0.0400679342093762 0.359286854855621 0.167914616202489 0.101120336179687 0.184284905306872
0.330593192606415 0.102901683367962 0.0665951708558692 0.333392418231702 0.124786592947659 0.0417309419903924
0.192137998661858 0.218932932336628 0.266526672240833 0.0638312491170242 0.216255926843619 0.0423152208000375
0.128261445794231 0.0939084007041775 0.319689735669 0.0720639073385597 0.16184950290121 0.224227007592821
0.276280768688354 0.199300673319096 0.077353000153251 0.113490614727107 0.0488172371009073 0.284757706011285
0.129371816208831 0.418038448390153 0.0380238398541858 0.206501991479743 0.182342635322349 0.0257212687447382
0.110141842889407 0.275684556507984 0.088147313320431 0.0732801966816207 0.265854453698123 0.186891636902433
0.275118065025028 0.162958633102338 0.0454620166001138 0.00945298541966108 0.109304788671584 0.397703511181275
0.208953282873879 0.0877559627034618 0.0998112551965292 0.0796703381279043 0.269049286381445 0.25475987471678
0.204064366767343 0.271312572395682 0.106563699979522 0.017957215191851 0.150688970225714 0.249413175439888
0.187626474394572 0.121851500500609 0.135781710088851 0.188675074833624 0.189522479472364 0.176542760709981
0.238168621776391 0.0406798563976112 0.248293261416601 0.121040058220803 0.0526629596059602 0.299155242582634
0.287135168253921 0.291479369554311 0.0339588107459114 0.200508683157065 0.083829925269211 0.103088043019581
0.328108366170338 0.159196567752105 0.141281618299533 0.141233637083071 0.113880159081612 0.11629965161334
0.259458903220742 0.129491896108605 0.0550222512131179 0.181440451325789 0.199245584249895 0.175340913881851
0.0810711298953231 0.204876642081038 0.0863566027657778 0.191462930078162 0.17166422554272 0.26456846963698
0.282591379777188 0.0626014016714603 0.174901356401406 0.0337391778153487 0.227319560691364 0.218847123643233
0.100886278899019 4.44910113041601e-05 0.298350110509881 0.285587875956165 0.137151928523237 0.177979315100395
0.192917362261223 0.0482428423623807 0.140950272196556 0.136261840168874 0.256523222919769 0.225104460091198
0.256216041492401 0.160970657152079 0.0921823569321829 0.14425973774458 0.322721152965173 0.0236500537135838
0.248916054081683 0.105688966183873 0.252663351676344 0.206085841677333 0.117818526170979 0.0688272602097875
0.100613950595571 0.245036297099094 0.0341580925283323 0.118311497941873 0.209228709486174 0.292651452348955
0.0207449726549219 0.0751870222597976 0.308381399496735 0.0338764017513317 0.39334400956051 0.168466194276703
0.134218233520952 0.29056953764611 0.161730454100501 0.190822093104986 0.11184479978691 0.110814881840541
0.00380766736995936 0.186935467756621 0.0348414614647429 0.202995269950853 0.288005632242019 0.283414501215804
0.103143412420541 0.450555039850301 0.0986755831501898 0.207594576264535 0.111960081562224 0.0280713067522096
0.332948439055428 0.157290001047358 0.117649535074363 0.0494747665525188 0.161811819655329 0.180825438615004
0.349262687121145 0.129157439668795 0.0019271133787792 0.302491324855637 0.0239656716096835 0.193195763365961
0.380963164843308 0.155715897457355 0.0816903144930023 0.16492230233515 0.0237053053079775 0.193003015563207
0.0222040565535521 0.234229063326578 0.0154388773714642 0.246267827183475 0.210883880202639 0.270976295362291
0.119474256704333 0.350692458068709 0.0277060427683853 0.0552135466345473 0.112033763391598 0.334879932432427
0.0335519364581322 0.0358500379084505 0.327825130338032 0.193011363419072 0.355674917281397 0.054086614594916
0.110517276011769 0.198997127335236 0.186995718705418 0.340028316687093 0.15218876740585 0.0112727938546333
0.140364105858452 0.247114293482171 0.189087950636823 0.180498517795034 0.0911410409577059 0.151794091269813
0.219172578972503 0.174168056318238 0.0383416305464282 0.147448235318098 0.151430466887951 0.269439031956782
0.35597418711073 0.0474966990688046 0.03032131157123 0.0432722393123285 0.215005799418728 0.307929763518178
0.241506282105448 0.319219158418055 0.0549570173788392 0.187768345933671 0.0211895412497428 0.175359654914243
0.159524717856725 0.25730479340887 0.179004087739743 0.0537017865712149 0.119911088585958 0.230553525837489
0.139444460079556 0.16704018294672 0.0300736730533766 0.154147764571517 0.286402279726367 0.222891639622464
0.0665950043555054 0.226662401053167 0.298984846506107 0.0833205298133898 0.254098156187662 0.0703390620841692
0.140313305557303 0.201459188547244 0.0815115007290642 0.0442718311453473 0.315339954735282 0.21710421928576
0.259694719326657 0.157519258037823 0.00490605268532821 0.214709456358113 0.207805919517831 0.155364594074249
0.101684708432762 0.00495906231765543 0.302167864729002 0.0969150673694911 0.124818427007179 0.36945487014391
0.0181885570767595 0.230077733464644 0.207487363572633 0.113548731422961 0.299194981146888 0.131502633316115
0.166648910729801 0.122207379894018 0.113724413074138 0.158013138502577 0.227520383173623 0.211885774625843
0.175066027202497 0.0307490768735694 0.216172079517592 0.167438911527859 0.186388878452265 0.224185026426218
0.117278593070505 0.286588932437662 0.168206951906902 0.0274634701913148 0.13323970173205 0.267222350661567
0.241435281889296 0.0554821694724948 0.21658862959187 0.223433642377556 0.230084686737799 0.0329755899309841
0.161423310234824 0.265333111699002 0.343965146111856 0.0386496652789348 0.0400504545016612 0.150578312173723
0.0087761462690168 0.327463914267639 0.0980153049993398 0.324579678163094 0.213707078093376 0.0274578782075353
0.233742895514416 0.197552485692184 0.0925860434896274 0.194851989069248 0.0485644296037408 0.232702156630784
0.307034013921815 0.0564410880184488 0.135459918272099 0.0654327639329554 0.429176104216184 0.00645611163849898
0.103509243831596 0.0553512601643777 0.1794937796115 0.00888187613159159 0.404845155150071 0.247918685110864
0.18374336221631 0.0646047952040403 0.210058569888546 0.180250576937291 0.219937702831842 0.141404992921971
0.133122566074163 0.114323765818104 0.212012625234218 0.119970472006691 0.194166442907898 0.226404127958926
0.118522752559727 0.14817047175322 0.198581548512382 0.253648281826936 0.145260683059204 0.135816262288531
0.253290431407112 0.0823700072638518 0.0561530625142902 0.10705545801804 0.152298614527525 0.34883242626918
0.151501888778234 0.159994350756158 0.289512491388716 0.147334820638671 0.204145836956159 0.0475106114820625
0.197076941439245 0.0719670077798682 0.27498063505254 0.111386342408086 0.104282402219595 0.240306671100665
0.157414361604495 0.108150195729122 0.345777381399072 0.0844286551374619 0.292025381675606 0.0122040244542435
0.132249644836852 0.314149304705747 0.130082889183899 0.234656784670047 0.0182987582710514 0.170562618332404
0.234192978536341 0.180216373608777 0.0936159238849479 0.261618448065502 0.00171424902711016 0.228642026877321
0.00198516725455501 0.240194874639748 0.0506121948097941 0.100698389327599 0.124876269439101 0.481633104529203
0.315129152009533 0.0651223496084287 0.193213257994853 0.273758830050854 0.057948278283744 0.0948281320525873
0.239811038383297 0.287745245843553 0.0371461448597105 0.185973506912392 0.149197976355685 0.100126087645362
0.408300884774304 0.151197077924728 0.0127944859221947 0.201126348254692 0.103800488061434 0.122780715062646
0.229031308873764 0.328713897634117 0.146765818261906 0.110023275199154 0.0431155379744617 0.142350162056597
0.19389681921526 0.102159192617969 0.0653923615677743 0.105140611221403 0.2698668318922 0.263544183485394
0.0170730664837455 0.0903235337257521 0.201524464843088 0.26371997560207 0.193966950208928 0.233392009136416
0.196569133295589 0.00710319816305012 0.244471352430706 0.221157276987669 0.0853969577061884 0.245302081416796
0.206379847369058 0.0901661420789721 0.015603002586317 0.258919511771001 0.288185766307889 0.140745729886763
0.087979041315199 0.00162993999280731 0.303234484700347 0.223965028342603 0.0938440884670128 0.28934741718203
0.0612274900735393 0.186712397802421 0.0681778709664172 0.233011393637195 0.390087956178196 0.060782891342231
0.237720913338313 0.284738581111749 0.0836689644722565 0.0568673405148518 0.16983222595485 0.167171974607979
0.157657486126892 0.177716030064928 0.0822007752818973 0.155710105777304 0.21052940680435 0.21618619594463
0.283822584461577 0.238315596637589 0.237479958387031 0.0259884107245836 0.128271269562826 0.0861221802263931
0.0478716211015023 0.21070348529582 0.236680434833792 0.454920856675496 0.0380223307186552 0.011801271374735
0.0570773130019102 0.0760619013917855 0.23109660268308 0.211109759250798 0.253401575446241 0.171252848226184
0.205141056454627 0.339782934366597 0.0297737571368573 0.0208609766587987 0.159024823129352 0.245416452253769
0.125016719701514 0.0411982605421559 0.0609947695689634 0.289188089584879 0.340867778263997 0.142734382338491
0.0848913900175762 0.233299741633348 0.0255855829474811 0.229759227693729 0.371488369807228 0.0549756879006379
0.0046485166658755 0.38413113485579 0.259127320536518 0.106439350693674 0.213014804158842 0.0326388730893
0.097682134872268 0.18223625984758 0.206923936841094 0.27702499027356 0.0397409713706513 0.196391706794846
0.206504220507383 0.101914393126296 0.238707040979521 0.147309011938164 0.112049703828741 0.193515629619895
0.24251664872705 0.190808499965041 0.293946663679862 0.238213211410221 0.000210575197560904 0.0343044010202649
0.0874716857665431 0.123314010155581 0.163665088299997 0.065064147519247 0.101462830214929 0.459022238043704
0.303182180857473 0.0671254309628619 0.108819892009321 0.288626494353534 0.0445216009149428 0.187724400901866
0.169683871028071 0.0345203034338615 0.0944630169686861 0.169028799004493 0.25353497467709 0.278769034887799
0.0246984685205204 0.0134792556090928 0.250941404496474 0.235371410039042 0.201962213450186 0.273547247884684
0.246869803068893 0.0801165938961082 0.119898248949858 0.0199953730170774 0.443914364827724 0.0892056162403397
0.259579721707454 0.0497071920318474 0.274074673381222 0.0871010267850271 0.205167758824604 0.124369627269845
0.127689386321236 0.128885777381592 0.310871301209534 0.258695765497125 0.137966196259479 0.0358915733310337
0.180465540080191 0.258213709238826 0.18530051196027 0.283465745196098 0.0384053078109071 0.0541491857137074
0.027284697107187 0.267155493780637 0.230652049376422 0.301826665594249 0.0112849844265986 0.161796109714906
0.150665572882414 0.0953047142040938 0.311670600963809 0.0679389292612784 0.289537956276615 0.0848822264117892
0.209871502674403 0.02975875703639 0.178658264072797 0.197447158450596 0.13441966720267 0.249844650563145
0.0633229946627175 0.167435093860588 0.0103436724651135 0.244887174965631 7.14102003263698e-05 0.513939653845623
0.156643308771302 0.247351177714567 0.0764110451790331 0.292755094481389 0.17184914096461 0.0549902328890988
0.15632786958901 0.223698731640416 0.125098846863558 0.134619998811639 0.194094622571711 0.166159930523665
0.245017987011596 0.078603108474612 0.051436487765739 0.233470595012237 0.208524793921406 0.18294702781441
0.246230489056623 0.169247392164381 0.0305527148056222 0.1037720393428 0.258562095747405 0.191635268883169
0.246667387605266 0.2044938089138 0.207563455543705 0.105496909699654 0.0872094788711235 0.148568959366452
0.0858137939137637 0.234569392823458 0.12671325357518 0.218968936067628 0.0279699084437595 0.305964715176212
0.233452653171459 0.238409004603861 0.110260061080454 0.0194500704486678 0.25704724199189 0.141380968703668
0.130965577516947 0.127418354531235 0.176071699697825 0.28295852329911 0.160582781712948 0.122003063241934
0.0980378885688079 0.245753511487706 0.217513254552684 0.128073036294361 0.187433719729684 0.123188589366758
0.256322109576166 0.224637832072641 0.303936948297004 0.136698019890306 0.018560173864573 0.0598449162993104
0.0297109756538675 0.260295683297116 0.223343916391835 0.193389250296883 0.0713936619187916 0.221866512441507
0.158515320337529 0.0873001215431851 0.376287884015735 0.114300130197315 0.0852115129110386 0.178385030995197
0.238790859840459 0.128020510281499 0.110961509900055 0.132156931313713 0.121184366144997 0.268885822519277
0.0751603356720864 0.183421127714874 0.159260395029589 0.241214994543288 0.0790781307298811 0.261865016310281
0.268185519866159 0.0552196711689417 0.156757611743075 0.195172687239587 0.190685124760996 0.133979385221241
0.228687095889675 0.0088119513193178 0.153057285001473 0.172650065911416 0.259500865750973 0.177292736127144
0.220902394236755 0.0769201349748468 0.142441508682428 0.21496151395451 0.06598596378055 0.278788484370911
0.177127212069711 0.326456576885735 0.10076612275414 0.278360639203661 0.109563464640745 0.00772598444600857
0.275099260505853 0.131620758151193 0.226918989563681 0.14426070529709 0.103382612058258 0.118717674423925
0.271661458718834 0.0846521365192273 0.0445685838131978 0.0177346024046983 0.361651913977699 0.219731304566344
0.168451204643042 0.0595781902799242 0.242159275661088 0.232707591363675 0.0657518206975278 0.231351917354743
0.179618180451306 0.120242069267748 0.176949972867808 0.0590428739913673 0.228491777400789 0.235655126020981
0.262148904856655 0.118687955169895 0.241377018710997 0.0314011752416218 0.193240041675045 0.153144904345786
0.247779392653769 0.204796360254581 0.0686258578968906 0.287909873961876 0.11787879661717 0.0730097186157138
0.231800361315275 0.0509578233502721 0.295598216956665 0.136552253169692 0.156217477100925 0.12887386810717
0.430915709190859 0.0115499639421181 0.0463263486818156 0.143399090356762 0.203602078438495 0.16420680938995
0.238238378411129 0.00175442878224765 0.435611595045073 0.106489184697697 0.178595193705289 0.0393112193585649
0.219143871511338 0.0866450335219081 0.10014290455256 0.138451997962035 0.0844665464276959 0.371149646024463
0.153410327969732 0.054393475318796 0.0856082832139302 0.240950212712023 0.378597570000982 0.0870401307845365
0.193435369170254 0.241025923662399 0.0547045347026414 0.17880623875709 0.270643482446023 0.061384451261592
0.164291756123334 0.0585389690778135 0.142857364367789 0.0667916307539311 0.221825670994007 0.345694608683126
0.238468201808939 0.131122264160191 0.304584631708569 0.0436521823276969 0.238073119120982 0.0440996008736219
0.270398453573393 0.0242865252044863 0.240844152945808 0.145021508451172 0.00477501227210466 0.314674347553036
0.108151467754936 0.188187817469208 0.290003414373566 0.31125427789317 0.0918035493314247 0.0105994731776956
0.0582809496661907 0.182946633928577 0.212783237818304 0.141015265552468 0.19940423626895 0.205569676765511
0.171616775304017 0.0595498019683952 0.174331476654876 0.269832514938868 0.0495505497960716 0.275118881337772
0.0823937750659843 0.0532204789007371 0.20801597904585 0.269343596639405 0.229135538747233 0.15789063160079
0.214247215189252 0.178384591382649 0.0524591271591805 0.154522224733814 0.243267743469137 0.157119098065967
0.18348843154524 0.173939011509095 0.406145407924272 0.176914977479629 0.0428876410655386 0.0166245304762259
0.19676592110746 0.1059368531928 0.0947901120319408 0.177744443810925 0.191815680733363 0.232946989123511
0.180940342074075 0.169877799919754 0.216372227878573 0.00752338286658253 0.223117131004111 0.202169116256904
0.024814450031394 0.0375537546553433 0.44034520343667 0.359332096245037 0.102643511130446 0.0353109845011096
0.0340890827471654 0.253294648329438 0.337163153380052 0.196422282739446 0.0366224121002874 0.142408420703611
0.23007971962261 0.034759189491208 0.00791421178454031 0.274498020444578 0.1718528206564 0.280896038000663
0.209130959819487 0.193035849217402 0.124206573279615 0.103633042823358 0.210304060395974 0.159689514464164
0.137233410216516 0.219812769023009 0.00404272083304354 0.164985561057345 0.230610147032042 0.243315391838044
0.191552400180045 0.157269947763406 0.166001996650244 0.133114650341277 0.184389110663645 0.167671894401383
0.208321124972433 0.209230704009357 0.02131078533853 0.0060561413147195 0.307281987786858 0.247799256578102
0.138497729667775 0.154903177661251 0.00265977452707689 0.228178744728461 0.202165433680638 0.273595139734797
0.248095257376725 0.154343113777244 0.164960320447496 0.259093518640017 0.114382265998744 0.0591255237597736
0.155308639978115 0.0515960033466807 0.0913974262730913 0.183505564882719 0.444101844413208 0.0740905211061853
0.0983608117896584 0.116498131406414 0.289976061183009 0.0141277908204802 0.16525157608411 0.315785628716329
0.344899604060128 0.248538294925889 0.0286756808893129 0.19911128894249 0.0154776051371669 0.163297526045013
0.112224302655253 0.165725254285204 0.15831804217577 0.168772691097697 0.19889768534615 0.196062024439925
0.172738195129914 0.253601184548827 0.178553076558554 0.128779386423963 0.254010638976305 0.0123175183624384
0.168864009088684 0.180770898058159 0.153032116553901 0.150967896797667 0.164138514622258 0.182226564879331
0.133158098701349 0.236447088176865 0.211145203588782 0.11271130023661 0.141303954747143 0.165234354549252
0.253279649982046 0.128102187434947 0.231875448689031 0.183820991830825 0.126633070053361 0.0762886520097897
0.206258071181736 0.201851391826452 0.212401754147133 0.193070164404277 0.0371776222743978 0.149240996166004
0.00327210720443784 0.194934381722346 0.244032556783436 0.330695866690648 0.0067035763133275 0.220361511285804
0.229469661631988 0.175410103707716 0.0523210806852412 0.244072724494217 0.19719241675628 0.101534012724559
0.134411927829838 0.275603556391533 0.11255905289469 0.308079794265427 0.147503973490655 0.0218416951278571
0.267840935281466 0.14744533246509 0.187536748730324 0.200102730988354 0.0970735737626576 0.100000678772109
0.112304202043276 0.220436721980593 0.188049635035785 0.0354630427913249 0.190812609022957 0.252933789126064
0.0219875300150947 0.245792621905497 0.242540887919488 0.143019077228671 0.0258484684182582 0.320811414512991
0.0951204863850669 0.198856360803986 0.287594245202169 0.0352933680945412 0.0351402981418458 0.347995241372391
0.225331668645146 0.169740231652659 0.303263346779053 0.185339450487945 0.0292995855898926 0.0870257168453047
0.0790196299443296 0.139204785782661 0.272032244453284 0.0268050515177587 0.156989810706245 0.325948477595722
0.147801235677189 0.249591784216843 0.267257389311569 0.0123642981117451 0.0721048698458771 0.250880422836776
0.147303442416618 0.0164446939909586 0.149914339077307 0.315566021348355 0.219581697336167 0.151189805830594
0.372812699323156 0.104654685396833 0.0463167294069352 0.107041795084832 0.19891573175603 0.170258359032214
0.168056400915318 0.155852258735996 0.180429993115892 0.129139131459199 0.216877360081559 0.149644855692034
0.00845320315776054 0.158131406619005 0.460683345629499 0.0121063315351351 0.326203546082553 0.0344221669760471
0.302234974575546 0.175118124174461 0.251979286037948 0.093434852215962 0.0994648235632315 0.0777679394328513
