0.290925441989902 0.0861232758249828 0.0324766689112714 0.0523304402618099 0.0495028746122379 0.171298626990205 0.317342671409591
0.203864705446397 0.0776692331479004 0.0914010508206293 0.0955719464135223 0.154880862504142 0.13418104054697 0.242431161120439
0.0656239768418724 0.0262340958544947 0.426711084083164 0.115544358375126 0.113047317643448 0.193491237406821 0.0593479297950751
0.0106852492066637 0.0684795007825234 0.0981216922425579 0.210008054667604 0.208101662036052 0.22010336758927 0.184500473475329
0.119215392444739 0.251519202439387 0.185400197440045 0.16946998296295 0.0842807853146457 0.0571479688686889 0.132966470529544
0.0417085019226247 0.0601215980076925 0.242011917460385 0.0965857041255982 0.119367631185127 0.193021575965946 0.247183071332627
0.026536903652378 0.0437105547423875 0.243381089512481 0.183033610750103 0.197438404272943 0.101261216477797 0.204638220591911
0.122754112753121 0.174233468483791 0.158208835477354 0.161064188980219 0.080147440598844 0.125198763979632 0.17839318972704
0.00604690676864109 0.00553371432443014 0.228597508740871 0.23232758047262 0.156809617735004 0.273886399476985 0.0967982724814493
0.048976091313865 0.224983645205771 0.0754560100618002 0.221053707896514 0.0893297381300635 0.101133180280668 0.239067627111319
0.219038427215007 0.0062959187329288 0.256817999111579 0.0667697923197752 0.252551522454344 0.0821600529417792 0.116366287224587
0.0879185882689164 0.143456592555818 0.231630608766098 0.201004542544136 0.12730426457591 0.144780869419154 0.0639045338699664
0.0924351341172641 0.173022864455298 0.0996519467453775 0.137343822142089 0.181884632723493 0.126745548464632 0.188916051351846
0.0295435144684466 0.0248277911772252 0.284951437580702 0.130440585114715 0.106642883182515 0.22017378805842 0.203420000417976
0.119325901249055 0.0124980291175311 0.224915762613938 0.130762681066031 0.215440898312699 0.0704905309422347 0.22656619669851
0.198017190792687 0.0723949446567198 0.221597098631855 0.0950080985831915 0.194322860595268 0.153282031288103 0.0653777754521753
0.200966599818418 0.206597983551161 0.0969261499242487 0.2372469594182 0.0668901299377342 0.188950725307728 0.0024214520425098
0.17221224900489 0.251939727300388 0.227220312304678 0.0263233425625123 0.26266171292327 0.036472980804304 0.0231696750999588
0.250773667170867 0.00453398374720673 0.190264962794963 0.0362882621226763 0.264992830273233 0.243083791802764 0.0100625020882904
0.0024440367744615 0.228392964537329 0.0412333613487463 0.26389563448526 0.0573733985573655 0.333674997943672 0.0729856063531652
0.182996359825242 0.00486956256882902 0.0617999728528464 0.263679267165975 0.221194906147156 0.109579584791107 0.155880346648845
0.282948715999252 0.0885816099196251 0.129391407470717 0.177039972910332 0.164162398025321 0.0788956857984314 0.0789802098763207
0.19908500164732 0.0947571485364426 0.25905499263762 0.00967170409673539 0.303624914212813 0.00782338627692723 0.125982852592143
0.0870808888735245 0.15843264526995 0.0125415409472436 0.205385333566252 0.154319195921305 0.184365366018928 0.197875029402797
0.0995366736188278 0.248358924089181 0.238259923243471 0.136395909126656 0.00335260834008651 0.254876206526223 0.0192197550555542
0.220249955187801 0.0533940880332061 0.251649334298752 0.0829447282568856 0.228002520991479 0.0384313879250209 0.125327985306855
0.192357185582868 0.153999501561791 0.0938110800951858 0.0978642442879107 0.234177701638422 0.130553106841733 0.0972371799920895
0.174930865593847 0.162320553917222 0.0269546639815001 0.215834784840396 0.153683519028248 0.127909019145732 0.138366593493054
0.211674111218734 0.209069968285225 0.167677486968435 0.111481982608549 0.156455846592413 0.00221698035502626 0.141423623971617
0.0774124887232123 0.218980840057454 0.282578138658534 0.0470506002952406 0.00935849858684622 0.295982253794014 0.0686371798846994
0.00704316794415876 0.0358517541217013 0.127087101752375 0.185342842478036 0.163134592440658 0.156444098433497 0.325096442829574
0.102244729188073 0.00785791837471942 0.140147452053963 0.083743287246205 0.18826937001906 0.263822531994331 0.213914711123649
0.0626162264690166 0.288615337250432 0.089587847411689 0.0789316481576347 0.256563955528645 0.147657029248583 0.0760279559340001
0.117469286903408 0.0429620845234203 0.21137889802331 0.119510194853812 0.205379660806526 0.191307204162165 0.111992670727359
0.209862098995347 0.154571391362134 0.0946246571110023 0.0467797747452187 0.193881808006146 0.0219068604414118 0.27837340933874
0.165347666799454 0.196860886620673 0.127508558770787 0.0785859565114949 0.0659237906131291 0.183669273312659 0.182103867371802
0.163535330688794 0.145374921190325 0.126449172932187 0.156340443977367 0.1761622969954 0.156101340909278 0.0760364933066482
0.0399242745813274 0.105459379179794 0.269378548066966 0.235444793045291 0.178935464183134 0.0240279737034255 0.146829567240061
0.185654977390458 0.015539466894348 0.198485960721129 0.0860947031898383 0.143138431047658 0.135852201881876 0.235234258874692
0.0925767259421302 0.132050757226768 0.23824970749407 0.0265122418717804 0.163490620573207 0.139818596362493 0.207301350529551
0.0373835299574129 0.0386939834198367 0.258856479090288 0.0524922347274159 0.319918936823517 0.218566622236813 0.0740882137447169
0.0294927290017185 0.198814357447482 0.218968027348855 0.277943074772638 0.00648483465276109 0.132275844419054 0.136021132357492
0.254683952949779 0.299884640247326 0.109633892307026 0.0540565537617401 0.0404657868278617 0.0940673799462992 0.147207793959967
0.25581565958983 0.182845703391295 0.0102900246100679 0.182001562825011 0.10642871731434 0.0354871709054197 0.227131161364037
0.121536484422984 0.0811936761400548 0.221657462305969 0.227389545013946 0.0156056617164582 0.15369667767653 0.178920492724059
0.0949982156686765 0.0477518115853741 0.128898846355273 0.360806627914568 0.0193408774856707 0.153247625977759 0.194955995012679
0.118983238455498 0.230746202562245 0.0220415006192192 0.0811894728264678 0.0211330852040411 0.354987085479842 0.170919414852688
0.144849946524527 0.144457345960911 0.0823229345048966 0.158081554458605 0.163364331688703 0.144588848975063 0.162335037887294
0.190479484959117 0.144165092696943 0.0892362145125172 0.0651985859107524 0.230759755330547 0.179785688268785 0.100375178321337
0.0227991446489655 0.176967661949538 0.200232544048552 0.235577378086841 0.0224259219054752 0.154471910240771 0.187525439119857
0.0876810445415947 0.203511624840738 0.209549585843892 0.184384507868658 0.20285453466179 0.100528469289081 0.0114902329542461
0.300158544864868 0.0282203388670424 0.287782102048242 0.262124693163149 0.00991003638774432 0.0639713165685525 0.0478329681004017
0.17210028512907 0.00378381242811089 0.135534403168058 0.249579291057662 0.104641181416652 0.171784424001324 0.162576602799124
0.114564908223205 0.0876655793288542 0.22115539521217 0.0678077799333823 0.226445998933693 0.200253724381451 0.0821066139872453
0.183905750239836 0.187771010936321 0.117835877325109 0.154743955993423 0.181500772128407 0.133864750234201 0.0403778831427035
0.21403124222801 0.080366759793777 0.219341850462376 0.212816683490007 0.0879326451482055 0.177196939727681 0.00831387914994333
0.103936680724723 0.192101723080997 0.174725531974777 0.152763812483846 0.0595819707179142 0.168565550414746 0.148324730602997
0.0195571162318179 0.059556526486639 0.21157511265271 0.219844371298583 0.259860893017737 0.0124258726076498 0.217180107704864
0.0817971108376572 0.258445924631306 0.256076168942985 0.0902669056827328 0.0915433787959574 0.0708494095811666 0.151021101528195
0.226688745880575 0.146974022332727 0.264520094660266 0.0371261786423104 0.0894996299603408 0.143050589082286 0.0921407394414941
0.179943757485626 0.0920090947486487 0.00566934724309738 0.183593494152159 0.214601414610838 0.140407683236691 0.18377520852294
0.20869255469193 0.186605607373866 0.0776830249879876 0.0930548764276585 0.182023060782452 0.0929190708812533 0.159021804854852
0.0454340636522231 0.129982859748926 0.269351132528135 0.184250067991311 0.139678510511941 0.0586545146987143 0.172648850868749
0.0571372911024578 0.12246255555249 0.0519122705195458 0.161507222055718 0.18391665898246 0.275115972137155 0.147948029650172
0.153381883649386 0.214879092567014 0.0749613532715349 0.140379567927864 0.178604343775818 0.0374457147410194 0.200348044067364
0.1343981756528 0.147985825147633 0.219842853001488 0.00616262860357417 0.214403672389142 0.190954621286046 0.0862522239193174
0.152094799764775 0.185242133602794 0.099898627977404 0.0161897421434896 0.168562076976541 0.170425919773397 0.207586699761598
0.254369081949148 0.250680331280398 0.00900642981957741 0.0565431545483373 0.083748044080817 0.268261591135102 0.0773913671866203
0.140862678758392 0.154088343360316 0.204124862630867 0.0259566813849943 0.212383305296467 0.209296610204052 0.0532875183649113
0.128901116792321 0.0160792150042254 0.180962710554599 0.195607262570541 0.0607689178877782 0.177518523090927 0.240162254099608
0.128875463319967 0.101090180715999 0.211775872545386 0.141225975869618 0.110259219305651 0.174446520864182 0.132326767379197
0.143468250799559 0.033202637780631 0.228466872289538 0.0827819384142367 0.0680153975824764 0.242734865585175 0.201330037548383
0.0236556559848509 0.0226894797150563 0.21420796911881 0.251567862606702 0.198573449707374 0.205986307417701 0.0833192754495047
0.224532836447379 0.0134220349759309 0.138599090587241 0.256313091385417 0.15632240826559 0.05837141407009 0.152439124268352
0.334100178281834 0.10158276784338 0.236870864850735 0.0697312157170828 0.0259254363610443 0.0569582652679886 0.174831271677935
0.1516065359311 0.199805139656987 0.0894245368449826 0.147854387619299 0.119078521659902 0.179656123323844 0.112574754963886
0.211331825239769 0.108567269175024 0.0903140516107011 0.194236703672092 0.177333057459831 0.117095606098325 0.101121486744257
0.187957961764978 0.219210710572925 0.153949189235156 0.226432424453155 0.119151488212349 0.0123895383458692 0.0809086874155686
0.0444455443694692 0.216809239270906 0.196870555543256 0.117692501179462 0.172225653586711 0.0459323706214079 0.206024135428788
0.124957907124426 0.214955658206192 0.0188538645517853 0.10136099229 0.159666531951444 0.211762712488345 0.168442333387808
0.171525195211603 0.160908719092679 0.203714672483992 0.177453869021542 0.149134311534128 0.0270874245090014 0.110175808147054
0.234033103056342 0.228304777706852 0.167030777000055 0.0346571304823559 0.0748389013148766 0.189375281739258 0.0717600287002614
0.192365382215285 0.152214406634533 0.0381614285631151 0.19769148249642 0.0895202221365936 0.229508241552414 0.100538836401639
0.0116395742914973 0.230289947894482 0.0136482787621948 0.0818998412244681 0.341163882734855 0.163071236421317 0.158287238671185
0.113069892095155 0.190600537378633 0.107970415565374 0.082751722035678 0.203118350099122 0.104215364275232 0.198273718550805
0.077127942146864 0.0239167482714227 0.032851287435124 0.18954318072755 0.272674784002227 0.135208693475474 0.268677363941339
0.153357309972421 0.0940396299966276 0.129210929884576 0.20442470872543 0.156665359474075 0.196957691607764 0.0653443703391055
0.157931110031067 0.112434127948738 0.0408059769006922 0.249339516363885 0.287526151476604 0.105609433687895 0.0463536835911181
0.0741578153482071 0.139482158929307 0.121463501347707 0.161298299048075 0.163034510484513 0.152801380304823 0.187762334537368
0.205647877508064 0.19097639423823 0.138525804055181 0.100878787881599 0.216981431224263 0.0541938928985439 0.0927958121941196
0.0218678898661128 0.176725173897895 0.0670330684221342 0.0978175131610417 0.490075595797253 0.0913084539118986 0.0551723049436646
0.106859109814283 0.188563734326148 0.212500283794473 0.0652763307528424 0.198016454181025 0.187530436145533 0.0412536509856952
0.351417655198928 0.0258471406008821 0.134583424705456 0.161057371372565 0.00698264627143948 0.0155103707883847 0.304601391062344
0.167777499657456 0.175130624583233 0.0175526106056732 0.0364603688851313 0.309940050645454 0.198318157513771 0.0948206881092812
0.134103885618438 0.160897875774366 0.08833021642334 0.180369377436059 0.105367130585711 0.169385395754735 0.16154611840735
0.23132429784716 0.218771731882546 0.0774839674448562 0.176635946707371 0.260246513354535 0.0312158341778883 0.00432170858564306
0.168360620638464 0.128076100876274 0.151512108410183 0.144605148794681 0.234737785641907 0.159873833577114 0.0128344020613776
0.151113846490079 0.0875761101201827 0.303455182611738 0.128760801576939 0.155976809472287 0.100378411384506 0.0727388383442697
0.182835958999095 0.203059685915729 0.192138142436711 0.111634112222253 0.177642202357806 0.0950063938886666 0.0376835041797389
0.272788670851901 0.0335932814075145 0.116013045962342 0.212016248081611 0.134854931795514 0.129290970003797 0.101442851897319
0.00404125971091641 0.235600369102431 0.155853439037046 0.247337501280941 0.180193206857302 0.156755909425287 0.0202183145860763
0.32220678583396 0.177116066057768 0.0616996343916903 0.0431213901622532 0.247449302325298 0.00500881972870991 0.143398001500321
0.149471222984404 0.209830134386488 0.00600266502397179 0.209126055673283 0.0143323956104304 0.159582664336199 0.251654861985225
0.157937314958095 0.0671361420796613 0.177388744878506 0.0781933968680739 0.0708939113883749 0.221389597272816 0.227060892554473
0.0922908151954019 0.0607436035750046 0.221212664336107 0.319816208043963 0.10038405078904 0.00977442679125046 0.195778231269232
0.112282991195045 0.265539196957618 0.00710946825351896 0.0564530183688015 0.106930354563844 0.162527534603919 0.289157436057252
0.10481980743976 0.149819160653832 0.133658596119575 0.188259935905365 0.12965322351071 0.173977043861373 0.119812232509386
0.201131670638901 0.134324650893395 0.0385942980911412 0.239270428904379 0.0797267084569348 0.166959653141386 0.139992589873863
0.0164335480206268 0.0610772083281598 0.153606579198878 0.0111086296284522 0.269816846929054 0.231807693635005 0.256149494259825
0.199746532863877 0.22452412111048 0.21940162599901 0.0989371201317847 0.0788626581204319 0.0777126947183137 0.100815247056104
0.127253148422142 0.247111864156557 0.102915277301431 0.119620512726486 0.113166572016995 0.253413993518373 0.0365186318580155
0.0861042476230793 0.214310165811967 0.0231134458804939 0.190175209264697 0.167495868235306 0.195336055095379 0.123465008089077
0.454095898895494 0.0528866174046926 0.0954141999163151 0.0110539305752325 0.135216114194338 0.0577866693790381 0.193546569634889
0.133403985143792 0.140259860332067 0.111777334462352 0.196601591984998 0.160444967853301 0.100458305820568 0.157053954402922
0.127015226026896 0.114384644957159 0.223426483733568 0.291573580003285 0.0537578440506304 0.0703735748220519 0.11946864640641
0.200509724209631 0.0185340602075852 0.0312875344645458 0.120704668875741 0.211260894823659 0.15857327340461 0.259129844014227
0.174293731387596 0.00783448489625347 0.360203147190794 0.0630333654434296 0.0404746603688271 0.15820850190228 0.195952108810819
0.0923736165845616 0.0429110647031109 0.0408703316148595 0.343695753301911 0.278802040030252 0.0535106495586312 0.147836544206674
0.142390058132238 0.0307763992357576 0.240055176456609 0.0273187185421006 0.24144137631659 0.0479546743490209 0.270063596967683
0.157977637230011 0.12384093181749 0.1930394389443 0.295964634479593 0.125663740098738 0.0435938703507159 0.0599197470791529
0.0157364317386747 0.149739268413584 0.152501801042863 0.226036694109966 0.217372930538027 0.0854889786827876 0.153123895474097
0.0985196430923242 0.227864857934375 0.0832398351060119 0.230859359280147 0.0190466242120655 0.226997570983716 0.11347210939136
0.0565678345230191 0.194628311421816 0.11434160781483 0.253919730071529 0.25905676888182 0.108488350788553 0.0129973964984322
0.187613128947175 0.0804376842186308 0.243942078154156 0.053244155487517 0.0809355599150931 0.273445564625975 0.0803818286514532
0.044546640205222 0.0237157084840162 0.139203193599237 0.185852955260328 0.330789268718856 0.243633472160362 0.032258761571979
0.284628171629421 0.238506631885506 0.00436709078542005 0.187695133746623 0.0716449454527375 0.14407817259885 0.0690798539014421
0.0741305752401302 0.214595022019985 0.0144123319972622 0.15778307768935 0.0610384193791218 0.261623500232026 0.216417073442125
0.307289278424086 0.00996813125991729 0.0813068345991546 0.100212748216861 0.0777559628859904 0.0629276802302301 0.36053936438376
0.299927177946872 0.0270059380884901 0.292849485895004 0.049850675287809 0.202202128905414 0.07275614023407 0.0554084536423406
0.144011814109 0.253536049516855 0.195783113992259 0.0537232911218566 0.0376188657010519 0.0850616332518554 0.230265232307122
0.219463836795919 0.141633143561915 0.0730338482589244 0.101078305227536 0.0483044111900921 0.150700395766871 0.265786059198743
0.136037916739861 0.225318780899393 0.0203606472887878 0.224198391678225 0.15160377448416 0.010860974615605 0.231619514293969
0.135918374973605 0.222139620574549 0.231797113727335 0.111199450508219 0.0753435103244756 0.0801436632593581 0.143458266632457
0.0203092357540114 0.207428843968679 0.285570642094304 0.0409944790514 0.0995671129141637 0.00879363624951884 0.337336049967924
0.0869473599727178 0.048360049410153 0.265301841577154 0.0234720115667241 0.117016045813834 0.225820549212759 0.233082142446658
0.0724291923969866 0.0670660140202544 0.10112182096661 0.243838434358625 0.0809753609297572 0.225217616271677 0.20935156105609
0.133192361364435 0.00701413175935039 0.469563488683191 0.162862503962746 0.0394802331635256 0.0969078798924973 0.0909794011742552
0.0741577960011057 0.065723438723284 0.0536861902768719 0.369824231548308 0.159813831575483 0.272063312632673 0.00473119924227321
0.172526216926609 0.23866867945504 0.125359822484766 0.0494647010770786 0.117904646095965 0.236860591233842 0.0592153427266994
0.0219524656060401 0.233453952764331 0.106914435287554 0.218584311729635 0.188416550087291 0.122451735380529 0.108226549144619
0.0442006052689707 0.0176357862957976 0.113079297973827 0.187952415963998 0.222257627634022 0.214165290705767 0.200708976157618
0.0369071454724531 0.189718787864586 0.266876952705108 0.146315105499518 0.142724855168058 0.11818472596844 0.0992724273218367
0.0404208433067319 0.183669402748321 0.100940063300545 0.0693008999965234 0.18483585841665 0.242930825588143 0.177902106643086
0.177372322486997 0.142605228779757 0.203252955584086 0.0572157415298494 0.0390315404991879 0.17317396723508 0.207348243885044
0.101944460382158 0.0490695316700851 0.139904730130788 0.173281067693749 0.179240714653285 0.266728624778705 0.0898308706912302
0.010698526969695 0.0695860337410772 0.150259731743044 0.0318198167848116 0.205482197907363 0.257897785767026 0.274255907086983
0.271814743241459 0.0021143888126708 0.0601111366737022 0.210577489481233 0.0746139643162007 0.039165790590553 0.341602486884181
0.124611456180964 0.210154415003879 0.0379765482106587 0.151651246739051 0.151589443127367 0.206627902452236 0.117388988285845
0.168857504111606 0.156915118309543 0.159658902073006 0.212124092466648 0.0942966478518931 0.158793740801132 0.0493539943861728
0.0990181106121493 0.149892793743851 0.186396968001005 0.118752201644001 0.0434135844466914 0.194816585529914 0.207709756022388
0.27283426202944 0.00514350449506526 0.0538136239712747 0.177260442628414 0.0956064415684044 0.304409021240159 0.0909327040672435
0.176126299482349 0.0119032177095392 0.184269211715253 0.150658134902183 0.046852124067993 0.359140933817249 0.0710500783054343
0.0892613238128491 0.137969617664156 0.199871854644093 0.0914512197470771 0.128422445634554 0.105509998246025 0.247513540251246
0.119329964147166 0.25837584681926 0.182357967763115 0.066948041252314 0.0770618262208486 0.101137890788089 0.194788463009208
0.152446255798825 0.095072364604588 0.185324688145346 0.184882976949789 0.155324209225684 0.206864961690127 0.0200845435856422
0.0873892820978246 0.176986436532145 0.137827046830304 0.261793073339057 0.101370564091664 0.175098426181977 0.0595351709270287
0.261345734440777 0.227368264536236 0.27175099123204 0.101609666222063 0.0278873132212551 0.0965408284373814 0.0134972019102476
0.211809576197972 0.226631440911395 0.165874476595054 0.0180741304493912 0.126415155597222 0.00450254667206855 0.246692673576898
0.224877202038492 0.153958009548187 0.00242496145335305 0.234912700538054 0.0434670633972776 0.272240112339218 0.0681199506854177
0.235278461281118 0.222621103861731 0.155519409427533 0.00532694208782052 0.124687350776337 0.174439854464726 0.0821268781007346
0.314152863856798 0.179027855351114 0.222539488179128 0.0842466565241109 0.000302981252859951 0.163425445946099 0.03630470888989
0.219552166277381 0.183149434706885 0.179077203358609 0.0624754330117457 0.081966138892461 0.122673965633034 0.151105658119884
0.0604702641360887 0.164823169680073 0.136969181629106 0.197433501618207 0.171915457915759 0.137965347417353 0.130423077603413
0.0681424182769878 0.0795824963091177 0.187540833835406 0.112130446691364 0.0186344205854751 0.251360376616361 0.282609007685289
0.132683974348618 0.0559072037981177 0.0510717444026171 0.181148597747658 0.276604291643124 0.0373056282899107 0.265278559769955
0.0471146827276688 0.0998511132042152 0.290287959848153 0.0860324714404573 0.29344193549792 0.0674868940359159 0.115784943245669
0.127413752655759 0.262447119524853 0.22723539059239 0.000157727859983391 0.0901777768567262 0.0907277075182212 0.201840524992067
0.12993905759132 0.016407286273397 0.0408078250259895 0.279190201715146 0.314779529626219 0.0626880660879281 0.15618803368
0.0297378946573759 0.0497542802224701 0.226925071273196 0.154589198833559 0.228408617887689 0.292660806451789 0.0179241306739202
0.146938543422851 0.0687864955537064 0.212477053306436 0.0695361572918206 0.0701638959789516 0.219629424878915 0.21246842956732
0.24368819339192 0.0814947500471721 0.212726167045618 0.170719912628337 0.00812879731116682 0.202196018497786 0.0810461610779993
0.131656119143265 0.11536228529143 0.29277090026854 0.0631842718651859 0.13883039881726 0.18214263103345 0.0760533935808705
0.224085816989828 0.00193153899915854 0.0949772380649526 0.179345999827972 0.186104642526325 0.15543599970629 0.158118763885473
0.0934598371580304 0.234804906793411 0.0113400365196053 0.227899925322131 0.186946935504937 0.110776010529281 0.134772348172605
0.043160141195525 0.108791989905142 0.0829716063110246 0.163804741347086 0.142799668843727 0.224779795222675 0.233692057174821
0.20158380840237 0.0380085941030111 0.031831823110135 0.231581679556324 0.191561643425439 0.161166420565423 0.144266030837298
0.0560402217436002 0.000373831267089798 0.197903637690652 0.180348446832512 0.125439181631544 0.228792017752179 0.211102663082424
0.233409738275992 0.166567308029596 0.141395006026909 0.00775102092401053 0.0804635170563615 0.140761657252652 0.229651752434479
0.20780777912725 0.199430512789688 0.0413570637031981 0.133352142463592 0.00918024947680066 0.210859504523609 0.198012747915862
0.167303543053774 0.306633124516125 0.0832882797332301 0.199013860952127 0.0223212241826838 0.0463112890008866 0.175128678561174
0.322819912509193 0.224368787330485 0.043714029076823 0.0514103846097461 0.0415204405383171 0.0144831420084502 0.301683303926986
0.150203908523206 0.179954109857175 0.176865405231406 0.142401943843789 0.0993763300179964 0.0902198160283234 0.160978486498105
0.18587197374513 0.139702844796877 0.0368183078702787 0.220106386864688 0.111872728302714 0.0501086365114823 0.25551912190883
0.0356431836755841 0.269504976897993 0.0298530853078475 0.180090324896853 0.37604999522386 0.0388787395427032 0.0699796944551587
0.0229035388427781 0.132257319871174 0.222574964078161 0.183246010713692 0.104731738772894 0.241324832438058 0.0929615952832429
0.0871573335626682 0.11683303882925 0.292903071447188 0.101668682686671 0.1724837950739 0.166059206619992 0.0628948717803314
0.183779788070548 0.0355950929026828 0.172958614931025 0.198083981282175 0.0993220599323738 0.0705828915288341 0.239677571352362
0.265720307325616 0.00787369837789051 0.0524879779373357 0.137136593020315 0.261087243458983 0.247664348634073 0.0280298312457875
0.147793474670402 0.153081027458603 0.14798456533243 0.17224793230086 0.241010319251864 0.120641834972505 0.0172408460133368
0.217030233625136 0.187359011995151 0.112237715460138 0.191094377967341 0.0404025787014311 0.157752619916443 0.094123462334361
0.129313802281118 0.262129594994838 0.382344551052568 0.0150023081585558 0.0665592752492144 0.0953553978569886 0.0492950704067172
0.226466793566407 0.191702368235334 0.254654280999399 0.146529305120221 0.0366089613755888 0.118368239921463 0.0256700507815876
0.132146045657455 0.0558035269251605 0.0728091724331921 0.155367854092409 0.302740264540037 0.172398285508819 0.108734850842926
0.187620930537186 0.241137462305121 0.122419748850777 0.0884067335511405 0.261132039901963 0.0446243812240261 0.0546587036297861
0.292520041080519 0.0829950499154914 0.0519909187936783 0.155588519280651 0.010851616784492 0.269161604386815 0.136892249758354
0.0749274410681006 0.0634219463591252 0.262177750068741 0.230329784614236 0.01203530028779 0.0993657008767136 0.257742076725294
0.123457501607713 0.103817635798824 0.171931732547654 0.141692368583127 0.165206201244349 0.158813301352174 0.135081258866159
0.296790233181244 0.216563096947373 0.0778298720349929 0.00734767585462991 0.0909252330508942 0.150002281595965 0.1605416073349
0.188149469653828 0.299781053481987 0.0668839189205183 0.170783489626565 0.0778783962014599 0.168870847686618 0.0276528244290246
0.113347995451718 0.0603567594826542 0.110780130558556 0.0863088593371029 0.166501512306572 0.214763479812975 0.247941263050422
0.248551417876114 0.0319979456034313 0.191515122814928 0.167017931970946 0.223061252173042 0.0278805548920964 0.109975774669442
0.232748816573218 0.0268093872795425 0.0686462909911243 0.132007496801852 0.216959614875571 0.148526687466125 0.174301706012567
0.266655235796626 0.0595501407976308 0.145078129883136 0.176284458513285 0.09212809123548 0.136102136799649 0.124201806974193
0.0146142041908935 0.184034358978433 0.194607960294744 0.0563745564287829 0.132842167087949 0.204335128720079 0.213191624299119
0.128223171750425 0.0722327783803585 0.211215669442767 0.131396916272342 0.124350794732217 0.261141582759577 0.0714390866623134
0.0521644135180032 0.297836993429296 0.118658836784114 0.166075557345166 0.136176911615859 0.0294440030176929 0.199643284289869
0.124045487159735 0.0444765126826707 0.0937297385709102 0.134964229168532 0.18199673837315 0.21352818860004 0.207259105444961
0.150163506690395 0.0408861842995172 0.0679026240575271 0.231069742047755 0.229481779448149 0.111491987989025 0.169004175467633
0.00326783087138905 0.298747043214255 0.0945121542023905 0.135164778220459 0.339019741318366 0.124509020268357 0.00477943190478266
0.0280243795446911 0.255681184625786 0.222890246857304 0.154265976719474 0.140474796454396 0.188416642231528 0.0102467735668206
0.0198609362756255 0.266144943367239 0.210959275002063 0.0612536964966991 0.0915011159198769 0.137153663530438 0.213126369408059
0.138029849917583 0.0864662917716965 0.189487921312975 0.233289107633609 0.249572270934701 0.00106846218790927 0.102086096241526
0.00606987633275586 0.163807606677571 0.164174135225948 0.230199861351068 0.178391670079143 0.096447868156224 0.160908982177289
0.218529240474148 0.116227300260025 0.0779683231459573 0.179158115325245 0.115188549628106 0.16291277789089 0.130015693275629
0.204142646432171 0.130698694981276 0.118976000063282 0.10888535656617 0.208500014224033 0.200698318153559 0.0280989695795093
0.161156242537448 0.118175787620762 0.040755551751719 0.206955102324069 0.165510757947683 0.14134193210652 0.166104625711799
0.0192677178607621 0.0627751705318008 0.226102502832247 0.252570159740696 0.0850017720346207 0.158375858450705 0.195906818549169
0.234585698451009 0.16121534845544 0.0154665179227464 0.170596101851963 0.0595072950048965 0.2166047738159 0.142024264498046
0.146867568916555 0.200421661930777 0.144501385814698 0.082227988460838 0.154186694615035 0.0764576510470509 0.195337049215046
0.057684818229953 0.228306737287431 0.205622726690151 0.0251915551651335 0.236622391520135 0.107170377763911 0.139401393343286
0.029809201050626 0.168048490911308 0.235101137931431 0.0135967367953474 0.248314364471732 0.0785469576228904 0.226583111216665
0.156498243140182 0.0584609225509982 0.0902939246579238 0.0530665837454639 0.200925253360776 0.236340029733832 0.204415042810824
0.035851104896869 0.107867526511672 0.0370487681944421 0.280569924933298 0.154203367277767 0.16134735417177 0.223111954014183
0.176565114307957 0.128742554347726 0.129248176141368 0.0418680169481611 0.182360800136691 0.181559458433039 0.159655879685057
0.139106534171937 0.129264355462538 0.245558858175254 0.0672136830552161 0.142679359411139 0.00655697642496436 0.269620233298952
0.14606669157781 0.129433292395101 0.205960837404423 0.18241205001766 0.0608342019490839 0.090853629923826 0.184439296732095
0.104504236514016 0.0606576711887665 0.273271947945243 0.308459033779656 0.113534967466388 0.0270488731821945 0.112523269923736
0.0163834246804484 0.0494648290548837 0.317936803026123 0.346883964141301 0.0155438607368145 0.239994782785701 0.0137923355747284
0.155492253382577 0.202855632194226 0.218584271571754 0.0942232307479184 0.145211935338905 0.0194743492497299 0.16415832751489
0.237405108635443 0.035227028767431 0.0867858859971947 0.208515432384894 0.237763208545062 0.174734414123058 0.0195689215469161
0.247303011944755 0.021231038243713 0.0755703235293023 0.133048627467884 0.189463766862367 0.259069407718514 0.0743138242334648
0.185087777585167 0.0262760414724537 0.0520242526638607 0.0392397038937524 0.31995156614926 0.35538628576401 0.0220343724714964
0.141544719889729 0.160837699148067 0.0844874268172545 0.203490156621394 0.111983934039929 0.139975651944549 0.157680411539078
0.254371060121337 0.220219097075109 0.0467435960913207 0.157836016372789 0.0867872726671317 0.146768499679147 0.0872744579931667
0.265595443011081 0.101534959310404 0.158198028312122 0.0320848996446753 0.216087616638717 0.0792256132501996 0.147273439832801
0.127574387621019 0.0617884838691556 0.251233296072183 0.134629903782281 0.17036175072247 0.116171225422682 0.13824095251021
0.11880199554218 0.0888793650413834 0.063669279698094 0.0154321081122815 0.148747483871798 0.228489700649397 0.335980067084866
0.148960500356063 0.0330703709736972 0.0479736569222261 0.131101470864671 0.150092063300151 0.221237688027118 0.267564249556075
0.0768240123946653 0.100828533683356 0.23942691559523 0.0631367654623801 0.191139506912959 0.121716953254483 0.206927312696927
0.11615648123298 0.0790171959191012 0.0286216994799194 0.252390737213377 0.295583119984854 0.0327778160461856 0.195452950123583
0.0817985676116772 0.217374229923853 0.291745876098629 0.121024053547283 0.221615449084901 0.0414999764216762 0.0249418473119806
0.225244371154969 0.151677582275069 0.174609533377583 0.203280322403061 0.177252256010153 0.0478206764547946 0.0201152583243703
0.0256925523291387 0.242597153190469 0.383267117103541 0.0493770902029051 0.0893357818499523 0.127338046638092 0.0823922586859023
0.12593951421644 0.0113119144040765 0.224712836140157 0.394797255938961 0.0678486052328888 0.171487048869447 0.00390282519802981
0.0998448064707823 0.0855049753526153 0.157599801034364 0.283906643492512 0.165385886178925 0.17503569351668 0.0327221939541215
0.203813986566774 0.084380941086343 0.0742090710991701 0.249846671270727 0.0778073529155564 0.129482371875767 0.180459605185662
0.0485843823345954 0.134095881939258 0.106419932337434 0.251832134017828 0.284305949396843 0.0350248117145034 0.139736908259539
0.182470005466072 0.174551332342155 0.0539231660739106 0.0829352324142574 0.173330296415258 0.197471186426705 0.135318780861641
0.162052665692183 0.282081213192758 0.0949884795237949 0.094121508085967 0.340852554894257 0.0119550513677176 0.0139485272433224
0.213150310805085 0.16637135785899 0.0692495571187852 0.188893387807741 0.0092792524067901 0.196317519230406 0.156738614772203
0.206764498529795 0.167169574840491 0.123262239678923 0.0477814742483193 0.158615574310904 0.167041164655844 0.129365473735723
0.184249165624997 0.041873142753407 0.146619519163476 0.0738632292207865 0.160151163446651 0.230227125000727 0.163016654789954
0.0337582364489004 0.00129836464114569 0.221699258916827 0.218568623542246 0.153559882850199 0.331192030789254 0.0399236028114279
0.0923423727558439 0.0285044473218497 0.227127340076947 0.213101085709631 0.147218266450981 0.0216219794984042 0.270084508186344
0.0664045435545073 0.0147300970571944 0.138044765814198 0.162655556677585 0.226541178280092 0.227409311350605 0.164214547265818
0.148627328962329 0.109426496019474 0.225486315136558 0.103018743859098 0.144502784125807 0.161798031485842 0.107140300410891
0.21778038010583 0.189856119104527 0.0593246456986305 0.151607232674402 0.079161872946279 0.18935794460923 0.112911804861101
0.179471058701932 0.133039883364735 0.30361674713581 0.235736436799232 0.030081139871925 0.0637633777435959 0.0542913563827705
0.0691747958273944 0.206616101036728 0.204784907961189 0.171434317064208 0.10625353160678 0.170643703188674 0.0710926433150262
0.235321999539957 0.145501527762569 0.0204795383758491 0.0571019997639837 0.214253962148758 0.246822978625002 0.0805179937838804
0.0413983491417285 0.03911568631234 0.306694253279227 0.124558273556805 0.351258152552079 0.0511649292031091 0.0858103559547118
0.177473009996013 0.215427821302617 0.0218929671735536 0.245209203528178 0.238612383436311 0.0647779708583547 0.0366066437049728
0.0645994295130107 0.200531092516579 0.0599030386309939 0.181577285283579 0.118761523828599 0.175655151517497 0.198972478709741
0.125177721054639 0.12167431982988 0.215880517753034 0.177655720585514 0.200768923634312 0.0458009494247434 0.113041847717878
0.0852650801295636 0.225273372597073 0.104634652421706 0.00231381376497724 0.257673068828477 0.165364386122754 0.159475626135449
0.0799696295935488 0.0625167347460529 0.206161904371456 0.263745071548744 0.299344140160608 0.0107891970238621 0.0774733225557291
0.228922936640191 0.0584117755846278 0.145014452518005 0.103305489577761 0.21195722024285 0.218072913601199 0.0343152118353659
0.126052880069982 0.106895704195807 0.0762116665801601 0.221907051946627 0.276976243322729 0.174238217781903 0.0177182361027931
0.0308574267349622 0.196004199653041 0.00939476015759231 0.192007234705301 0.101022378162902 0.23762383176295 0.233090168823252
0.171049489820543 0.246786741810843 0.0266793695711184 0.243182373000141 0.133858476666634 0.0369263455364899 0.141517203594232
0.184522249291783 0.0974851930746692 0.189890118391106 0.160496930701384 0.0246814950681818 0.193479715619916 0.149444297852961
0.207462787585984 0.114226253653879 0.111743359070023 0.0622984006982659 0.102833475363031 0.253806941449814 0.147628782179004
0.232741395204713 0.0136657809443162 0.305832332031733 0.217044280147313 0.0244658701432862 0.158583360648155 0.0476669808804827
0.224917768191415 0.113216557856534 0.0878478014876398 0.137940033927159 0.159745593720076 0.103784075169849 0.172548169647327
0.179677826772889 0.022786637306888 0.0952739683221096 0.124729286161236 0.227630968022416 0.139408649651187 0.210492663763273
0.123326717681106 0.124651793086659 0.223344424864963 0.191788108161937 0.205496106319658 0.105738686098281 0.0256541637873965
0.284217085903735 0.174015366241108 0.161003182620907 0.0348763944618455 0.230592225073784 0.0489504825760592 0.0663452631225615
0.233236221019681 0.181042801199697 0.117858676503075 0.233504124251697 0.133499504903468 0.043418504173348 0.0574401679490339
0.150687759453282 0.0991385834281858 0.188302524749298 0.094361299095389 0.195034754153066 0.122291818865313 0.150183260255466
0.26453365763646 0.0945268650246807 0.232597563224877 0.201737892651723 0.0113764125597342 0.116834750658025 0.0783928582445014
0.111321599374839 0.19702678188363 0.212595450397634 0.182391336654671 0.0952264317422471 0.0897850715793084 0.11165332836767
0.222183979494773 0.222160790031415 0.0205316703759204 0.228015052882239 0.148139318571192 0.0419357022771523 0.117033486367308
0.0928031380024514 0.0444548946183636 0.0676065493315905 0.125394262730713 0.235989553451533 0.198796119934028 0.23495548193132
0.187667933413991 0.273634495277643 0.0155701811124944 0.112393778117182 0.19858458731851 0.143552523374474 0.0685965013857051
0.042461362692283 0.173050171806025 0.16103752769449 0.0286537097108947 0.21762450668984 0.188131521808494 0.189041199597973
0.178575403900926 0.184387808584477 0.0540700282314585 0.07686321640744 0.234294351299697 0.267732689597749 0.00407650197825276
0.208734607806517 0.103295236290939 0.050741336022147 0.145011966954595 0.11652466896298 0.167087297280719 0.208604886682104
0.0458684257418457 0.000285374619218563 0.113179695909462 0.251029237052062 0.220355413918135 0.141868560148032 0.227413292611244
0.203044025220422 0.182451751603259 0.106107679704272 0.0119066492788054 0.208408228870802 0.123257951324392 0.164823713998048
0.104283303680474 0.162933355736473 0.213240601433852 0.035099633532755 0.149011055443272 0.183872732840212 0.151559317332962
0.0223876245847979 0.168149292944667 0.0193365410579663 0.239014042334055 0.284341781393082 0.249114053663636 0.0176566640217966
0.0717801432287095 0.345052888541522 0.0172851638631424 0.176930103101542 0.169483313467015 0.196553744582905 0.0229146432151637
0.177863811284705 0.0217221097312465 0.0980974741565002 0.15361133421765 0.217328841463731 0.21180032245529 0.119576106690878
0.180447367622228 0.124092704523637 0.180672475346152 0.119288011443989 0.172292400429126 0.138367083667274 0.0848399569675949
0.0552210686439393 0.138972361515161 0.148574085931423 0.140261376422172 0.20392025740696 0.107772226867431 0.205278623212913
0.00380402510329944 0.160733275631751 0.174330516285131 0.292132249132455 0.0608295197812287 0.0624414197865341 0.245728994279601
0.227381220766215 0.0812232889696228 0.108553738121072 0.252553440110951 0.155877088887144 0.145218437960441 0.0291927851845554
0.209263052606513 0.0935215833736348 0.0023486848236812 0.267788818686643 0.137407172912124 0.263916750376676 0.0257539372207281
0.11586939753512 0.361784815605792 0.052684380056096 0.261957466462259 0.0295984229513752 0.0797217766760301 0.0983837407133269
0.190569109858471 0.17492675168264 0.221350378461992 0.194049790667581 0.021470940663636 0.0402711409092207 0.157361887756458
0.0783631191819271 0.219013393148919 0.00032767131511997 0.289631205170096 0.158545303695498 0.14891701816571 0.105202289322729
0.156622322281507 0.364712962027643 0.0685110362738836 0.0560416930056705 0.0226123204223411 0.0513523108442814 0.280147355144674
0.0582803528792453 0.231144179971531 0.12009168554586 0.207543997244051 0.0605692943506036 0.0606692728894185 0.26170121711929
0.200110096883335 0.0330097445139299 0.224507157551308 0.241825313868092 0.0534221444938038 0.147460161551946 0.0996653811375855
0.111247445845048 0.202472702236177 0.0363628479788357 0.146629100204408 0.0611887993395527 0.230949878734013 0.211149225661966
0.0357404683638667 0.110732652377676 0.00143234131512065 0.294106303495535 0.266941292368636 0.189161545145052 0.101885396934114
0.241456510603542 0.000238224558769445 0.181621885899259 0.310422858789788 0.0767984031616445 0.16715891207112 0.022303204915877
0.132862279796397 0.015320223940372 0.102864899330199 0.195399892729842 0.275056022528984 0.098752484027239 0.179744197646967
0.0610053352681868 0.0317708622996719 0.238239358547547 0.160341327151668 0.247159045289897 0.0264349811827885 0.235049090260241
0.248991533024322 0.200411665466894 0.187653435539346 0.0568963382896984 0.00392451550754427 0.0513102740841997 0.250812238087996
0.22028773089559 0.181863519968341 0.196105727215584 0.203401596186998 0.118520692368005 0.0545319133257785 0.0252888200397038
0.205814044986121 0.169864784933211 0.172946352406409 0.0288561176324424 0.244282471293271 0.116730498316388 0.0615057304321569
