0.123141825062841 0.159854303250389 0.0385604985119634 0.0339882014354042 0.114059363626381 0.141739189285439 0.126385643274235 0.037491759547791 0.110076282457402 0.114702933548154
0.105307524234845 0.174070705866659 0.138891511259721 0.148647794651334 0.139358537195589 0.19619831954115 0.0280276363650613 0.0264014749083113 0.0024437968088837 0.0406526991684454
0.0607013741384856 0.147654272324239 0.162962764128816 0.0465393617693341 0.000604447322407 0.115710695564464 0.183516541418681 0.130749534489342 0.12942248494904 0.0221385238951921
0.131666710974508 0.0439543415315186 0.135676236452018 0.146664237895159 0.0319403254576581 0.154862113867825 0.0939248447009975 0.122408399057209 0.134341239113219 0.00456155094988704
0.0539379793152723 0.153850303476356 0.139797492668449 0.15594142430711 0.0627730783706533 0.025300920768333 0.0251566537691516 0.175898746740036 0.155685321140872 0.0516580794437652
0.0301588114486881 0.124208459989547 0.0237107931162009 0.121277405705998 0.147643583158963 0.0437881160758053 0.213709852795989 0.0482092476698054 0.100195816438764 0.14709791360024
0.067868991607295 0.178793498015598 0.000930370676040148 0.0126411484175759 0.138633122380936 0.0270007135446769 0.160164754877896 0.192509680192907 0.103225823217479 0.118231897069596
0.0510942049463072 0.032577258536937 0.0609899178351147 0.083128961302186 0.249670641806186 0.0341721317966286 0.115620739542121 0.129420051976863 0.0891935178819773 0.154132574375679
0.0445912178053738 0.142976165187596 0.0748077436398693 0.105124298048378 0.0361371632475258 0.00505578521002987 0.130682429395115 0.187591493177712 0.216706568384385 0.0563271359040148
0.0917879960964162 0.0451284403303866 0.115470439022636 0.0668402471578176 0.0664060670445541 0.233589146595148 0.026513826929939 0.163116938078368 0.0586476588167717 0.132499239927963
0.0210465291640717 0.103119217909386 0.0210972628113365 0.08700421185579 0.0765587890363734 0.195583394836424 0.0635735599086506 0.0167903158963989 0.233454808395399 0.18177191018617
0.217405956724787 0.0113237592319062 0.157014904900621 0.213362960248306 0.00161674044326865 0.145297851673165 0.0954156729437957 0.056037446041204 0.0259823521208681 0.0765423556720781
0.0610154784051891 0.136649953044075 0.113994753922664 0.133345680688503 0.102752059678666 0.0790021612208988 0.134588028668629 0.07900440930833 0.0430595299624342 0.116587945100611
0.0837134053589823 0.120394568133424 0.103110771344588 0.133678574054289 0.141650682113091 0.0764984775429142 0.068221331657743 0.121208951929018 0.00182236020195885 0.149700877663992
0.0438145078666 0.0034120323878925 0.155377379693439 0.126751022404943 0.170190091852628 0.0298494461368367 0.135412399201371 0.0979803996091288 0.185521274022327 0.0516914468248348
0.12658518255862 0.0573670001946741 0.17447827858748 0.143642492533277 0.165661876822081 0.0978681061126009 0.0733607545794865 0.100031853322354 0.0363421144415729 0.0246623408478542
0.0324337513629278 0.127182370095776 0.106025166870295 0.0320934145914498 0.161739020783717 0.0661505572971144 0.131804524505254 0.150962463109277 0.0192158474430714 0.172392883941117
0.23984555085222 0.183989733381078 0.0476590025400666 0.105212611864387 0.0378215184933142 0.00246743649496424 0.0734528580116748 0.191117101217549 0.0972994003895775 0.0211347867551691
0.14467985850773 0.0148955211015684 0.116583416647822 0.149190753489659 0.1303869901453 0.0200966214999281 0.0885369677357075 0.128445787751283 0.0804457237900805 0.126738359330921
0.125598259699789 0.071568823597139 0.0985748020282599 0.124276902476976 0.0546117109721535 0.0055465021400169 0.166182394753375 0.134531709694133 0.105186389898265 0.113922504739892
0.148642232561023 0.0266066675656497 0.132198365048751 0.166027420875429 0.0294075915196376 0.100585766321325 0.0503435255672307 0.0897585961573522 0.126974170298907 0.129455664084696
0.0453712075788722 0.122869375140405 0.0498480526251951 0.21063828281141 0.014660013978355 0.0717556581022592 0.191398994310107 0.202134605728245 0.0111508601153035 0.0801729496098484
0.0531682700618167 0.1255034581173 0.066565934332961 0.0780398158925999 0.119841826196121 0.103976363934416 0.1577596790069 0.100518886569879 0.0959392592314028 0.0986865066566034
0.198021776469821 0.0179108330127251 0.117227224725395 0.0711545675832899 0.0608736518080007 0.118357563258474 0.0918244766263507 0.198698311281034 0.0631104742580793 0.0628211209768297
0.104898050625995 0.010827751360918 0.140826610099373 0.141685079975068 0.0817366735354884 0.152956150297015 0.149382865943011 0.0732129027976095 0.119338871476054 0.0251350438894688
0.111716123698152 0.0847067981714638 0.095783511811438 0.180622423249992 0.0870243478367378 0.0238399085917947 0.123563386459205 0.177525604607099 0.0472252668374515 0.0679926287366671
0.00462867968587716 0.150972000622494 0.123442063999026 0.088623718312199 0.180359391163286 0.0147528132565298 0.0456099708598825 0.095204699913981 0.149710958939485 0.146695703247239
0.0569785594107823 0.207641970815232 0.00914952246533354 0.189781594559441 0.13441625480801 0.000380095675319766 0.0767426575670397 0.113934992947312 0.0022499962386698 0.20872435551286
0.148231042309044 0.0882500560753324 0.183803586719111 0.194698892499748 0.02080110398486 0.0913281855140008 0.167011245023935 0.0147601174213476 0.07161109311657 0.0195046773360513
0.0397885824716615 0.0975970105040941 0.126592235867195 0.0346280734927494 0.173931786313401 0.0680706655896937 0.17179002492298 0.14326439196988 0.0728932262936912 0.0714440025746534
0.0526754939398197 0.0607194127859663 0.11222232070397 0.173181986827729 0.169655190061825 0.132716369176415 0.0100138815884202 0.055909166558143 0.179252404289067 0.0536537740686442
0.0836861499969524 0.0643974271059612 0.121009105773334 0.118287482314737 0.123529093826771 0.147776412709607 0.0936519075829984 0.0695445199356571 0.0652701345420817 0.112847766211901
0.0876986857367633 0.107633727236928 0.150116836753906 0.137542366724864 0.178395185871705 0.0854910943691015 0.019308718727161 0.0349486574453666 0.0242812446973047 0.1745834824369
0.123480899028493 0.106487206097947 0.0440250448285007 0.0856344925094371 0.119795909922453 0.0512832646123563 0.055770024550774 0.13507972945621 0.13029410700267 0.148149321991158
0.0704749048530348 0.0714201843692934 0.146501204728808 0.0633015899398294 0.128741350711934 0.0889753525128464 0.130768024340346 0.140331087120753 0.137737390710824 0.0217489107123308
0.0435299431681599 0.00941678505689055 0.139463440566328 0.151645827362783 0.0721429180866694 0.158610583070959 0.110053081563938 0.04628737795832 0.0938009395072566 0.175049103658696
0.0345664706918893 0.0743805886130135 0.0538389645596481 0.0985259510009026 0.146515120373478 0.105238809719091 0.155354744096116 0.227524044481561 0.0944711842200009 0.00958412224429973
0.182750699235351 0.122613057273213 0.138361291645491 0.187940234135556 0.000702988223011522 0.0630669138444583 0.0728077733073253 0.0105014796871538 0.0877120577876263 0.133543504860814
0.0799393955273265 0.142620395367038 0.0921329508077195 0.0179586489980014 0.162303992306731 0.220613880049691 0.191981455215421 0.00219014542246097 0.0351112823155691 0.055147853990041
0.118324385871578 0.127675775390224 0.0885337548543731 0.0937517486250997 0.112609805500328 0.00218148923986419 0.0910796630715486 0.137774206912853 0.0683022648047309 0.159766905729399
0.0225122315633442 0.0683317196886659 0.105015415330211 0.126058422875641 0.126187615867365 0.148771066483565 0.109043474260519 0.154372445928389 0.0935236714827099 0.0461839365195887
0.0343763399522381 0.0899903349302668 0.150906956322543 0.0137296025312004 0.00780087082590319 0.165832798368612 0.0825187954665369 0.165863499386217 0.0627263218671662 0.226254480349316
0.125036668107434 0.0202743822847088 0.161346466186884 0.0281840188839731 0.192008295460264 0.0901342105252873 0.163996525754164 0.0677457733026589 0.0699549659558333 0.0813186935387931
0.135815098467997 0.0834986902340235 0.110973788152187 0.127490122638096 0.0661316758500689 0.0839933233090085 0.104990059815241 0.0667134735975653 0.144703071579785 0.075690696356027
0.113911552281577 0.0198546819641576 0.111966677082528 0.113661831386598 0.158755306178462 0.0757274463690163 0.141764956450587 0.0631618420465464 0.0774598817997321 0.123735824440795
0.0165230828362205 0.0130286492770014 0.146208007263214 0.0512838180704074 0.0615060429185784 0.108403108199858 0.178526048068928 0.179763638471982 0.166116045627127 0.0786415592666822
0.162153101854364 0.039327051531006 0.136198999137981 0.0812352074972469 0.0267755415781059 0.0495941959231276 0.0326632449695751 0.218204054993621 0.0287460074724063 0.225102595042565
0.185650413568285 0.124239812168296 0.146687125890239 0.132907019968044 0.069708840721703 0.0467566226074451 0.0275632495101739 0.153152891537018 0.0449675390780014 0.0683664849507942
0.204662680027558 0.0218399171170129 0.127691921160068 0.129688125158252 0.0201615947986102 0.0145689992743893 0.169135872905221 0.121727681497505 0.029126080298882 0.161397127762502
0.140395168183238 0.0316530223111059 0.171043082762948 0.138437644276287 0.124478835360677 0.0844148815738269 0.153349458749673 0.0108653241752756 0.0178105148396011 0.127552067767367
0.0331392769147426 0.114549591731398 0.0217400294432925 0.00174219301898171 0.0236209496144078 0.229528116613271 0.17165676170355 0.106547867382578 0.145662005891434 0.151813207686344
0.00468611929475152 0.143270599730951 0.177381275093935 0.15022656561216 0.0343151882490233 0.0554453889645556 0.201876624934202 0.144632819939735 0.0777120038004726 0.0104534143802148
0.128104587438799 0.137561505252717 0.0134872050524724 0.113956275704117 0.103959058772454 0.104690720818149 0.0368499136386313 0.146665873976284 0.102725172249131 0.111999687097246
0.199737594157147 0.0425445097212858 0.0594411196142614 0.0388316869404367 0.144708998939493 0.078903556396873 0.0369658651877129 0.0978242827701677 0.173501740543597 0.127540645729025
0.172721654797372 0.151523697553026 0.184337962146804 0.00665596679125057 0.155781184941595 0.0527078362368352 0.0701086563572191 0.145447545389536 0.0208772240192026 0.0398382717671591
0.194992997657655 0.0325599414608446 0.147551896186261 0.0973218699740719 0.0250395521481086 0.0501602837735865 0.134022763896052 0.0445825154792586 0.105195076244057 0.168573103180105
0.0572617861578279 0.129300785505297 0.194862268762521 0.128961691018189 0.161825764371534 0.0577194453749169 0.117553265168121 0.0756413712248684 0.0163173035599384 0.060556318856787
0.00691686028585957 0.19178094466543 0.0846378742682753 0.0998823822052708 0.101209690962612 0.185849896778865 0.0963449651556118 0.0818333562496662 0.0390908707492319 0.112453158679177
0.179465204362661 0.167525893756769 0.078583064462869 0.135413757302738 0.127714027107793 0.0968081353215488 0.149312305306187 0.0206840777162699 0.014715770609985 0.0297777640531784
0.104015995787171 0.180905009330807 0.0371304206005522 0.0495456252519873 0.0509776892966858 0.0392979952921046 0.206249042975056 0.0879681503550419 0.135427367169725 0.108482703940869
0.0335569929565333 0.140448635586144 0.154924056742645 0.0654883002566298 0.120643375606199 0.136317917562652 0.0715791136296961 0.190611485175395 0.0560882917825435 0.0303418307015639
0.129540064053546 0.0976332620221511 0.150756138027034 0.0112969282569124 0.0969940077798452 0.0693794943078163 0.124431947771662 0.190667699537495 0.113611615989777 0.0156888422537615
0.136735955247818 0.0131012883888255 0.0245754952289878 0.0519567837911145 0.147091545565139 0.120675735058897 0.167683368711945 0.141511821912635 0.00700716785938417 0.189660838235253
0.0919886908443281 0.0967814302748554 0.16502305375887 0.0996789107773381 0.159231118175794 0.159196771005752 0.0757149508208896 0.0339296593215795 0.0773165303875649 0.0411388846330284
0.0616620349545187 0.148546264277143 0.158798639817445 0.105860577593924 0.0466905499951078 0.17340945332423 0.0161623699373787 0.0499142982017108 0.0573290219121324 0.18162678998641
0.046877194559908 0.227893546456923 0.192033740852127 0.00519830088801756 0.0592361768109613 0.0198898636521453 0.0502875776002871 0.0559233144921399 0.197366079211872 0.145294205475619
0.114822245202963 0.128215797978437 0.0905829323328169 0.0226917771778282 0.142112727373162 0.0583053289282313 0.0403294913761364 0.14480499564773 0.141401508114311 0.116733195868385
0.0867236861366384 0.0262070902507578 0.0838340842197222 0.118425244243134 0.126825863058945 0.0995279219637484 0.112295289644362 0.126565975210379 0.0915622188014957 0.128032626470817
0.0224532667166527 0.0812482016427213 0.156971986701895 0.0722423302084996 0.152472148568545 0.0274746285252405 0.182411097272566 0.113985693435608 0.173688408685119 0.0170522382431536
0.125733037129366 0.201389494023311 0.0514575393451741 0.00292757943229331 0.0861788504013664 0.0691497739922383 0.18829541059366 0.0180411750464004 0.127383140132879 0.129443999903312
0.168309590803815 0.0704940874929974 0.134095752682014 0.047287908508503 0.139922344908377 0.0496805098879507 0.00682069872566616 0.121523169107988 0.199301880376854 0.0625640575058347
0.072750411416618 0.101891642828848 0.102115156830907 0.0516499304545288 0.156814332111087 0.145629436065187 0.162106706001918 0.00781561527288862 0.111024824484789 0.0882019445332292
0.0123216072451513 0.142169262483467 0.0625280008018277 0.167849940654623 0.213874111007746 0.137008601897235 0.0308836336833786 0.07289190611435 0.112760580762623 0.0477123553495986
0.118956288873071 0.10864887828156 0.018304354270941 0.210081744929935 0.169986189724635 0.0751441833137658 0.0140116490189498 0.106269286972569 0.0152886542535329 0.163308770361041
0.0399446174795638 0.0652751911376661 0.0859726803473506 0.16020068061459 0.1130695839213 0.0684816819316411 0.19356029988198 0.0700711295194633 0.00538333793533647 0.198040797231109
0.0564012083513585 0.190884514865359 0.0357863239206133 0.0259638198072453 0.159266768443679 0.0239063399154809 0.0567268534514666 0.14731693180523 0.209705287653531 0.0940419517860369
0.224301167848105 0.0282343709229073 0.00473442322612922 0.139601720673789 0.263199288658778 0.10163426636371 0.0508611675139131 0.0383607646970907 0.0959759653885069 0.0530968647070703
0.0610646257673416 0.0130136216422628 0.014919903350376 0.141456570870645 0.177283855414618 0.0552021789058991 0.222892944165037 0.0453329390966343 0.0319434481953321 0.236889912591854
0.146948185777032 0.000345063791990043 0.0376555647855763 0.0545623383609257 0.182490338538668 0.0653424283307529 0.131305387029357 0.122954506910712 0.16796314398735 0.0904330424876359
0.105796089221366 0.127197573335971 0.0944863541091822 0.0846527313754158 0.00633194016873734 0.162187353666148 0.0907801236375838 0.105167844551934 0.066014631474206 0.157385358459456
0.0629021066775794 0.124226786750449 0.1561311081333 0.0357453241755777 0.19668405861739 0.0814611038891424 0.0643685188882908 0.0383960058313698 0.152442661209256 0.0876423258276455
0.235572453729472 0.00151921863848151 0.181462776057879 0.102778561470987 0.128818056798338 0.144453436763234 0.0496158253706052 0.0198082488490401 0.00199541322001097 0.133976009101953
0.144639907317833 0.134122104662321 0.0638188456002634 0.156049385315136 0.00784172143439573 0.181174100185984 0.165407914606372 0.0725405386306643 0.0725181541213242 0.00188732812570621
0.0913276999119792 0.131915258628109 0.10559877804321 0.0831914553553556 0.14236667738696 0.095597188231736 0.0815997148115448 0.124886657308344 0.0677999097804658 0.075716660542295
0.129476359346243 0.115454631423579 0.0523252986865901 0.0316334932213753 0.120011593238342 0.135174615015668 0.12928100805699 0.0684890451706288 0.0831636460719633 0.134990309768621
0.0333065892047692 0.0922144258101174 0.00860227607049619 0.208025209571658 0.105199664907747 0.013098928132974 0.215937560722489 0.0431493862240947 0.173937750825812 0.106528208529843
0.0905277181493117 0.0171493353910643 0.0890939754148417 0.0964431634107976 0.0388048702525483 0.176362027473158 0.0140236295112558 0.141351365115927 0.15281262195457 0.183431293326526
0.0305127590647814 0.136859574959862 0.100249874018157 0.142019974288121 0.0733727816601405 0.169743044519288 0.162947410609213 0.00250494311258764 0.0906774740749485 0.0911121636929015
0.115568031328498 0.0506356532737206 0.0520477010906644 0.181487902262591 0.00613271352804434 0.195327912686146 0.0915214796158012 0.109399184791878 0.152933783737361 0.0449456376852951
0.0153265912086521 0.160605676065134 0.055166997216748 0.17941152211607 0.0829893225366185 0.141106272647177 0.129248001632312 0.112456319993324 0.0408317501118058 0.0828575464721585
0.0427134750230797 0.145545872924026 0.100111188381683 0.0817487018732762 0.119984579312461 0.122389435288283 0.0906310035398128 0.139013234428195 0.00885720645970891 0.149005302769474
0.108320627075297 0.0662321336907603 0.00108405239095524 0.0301264865064322 0.149019630910597 0.145201665123362 0.16216131330383 0.157720669574293 0.0746817531610849 0.105451668263389
0.171390952392665 0.0428566999982669 0.109137871893109 0.101465971355382 0.149839664115128 0.0901191257475473 0.0958391324813672 0.0660594352709916 0.14959945567778 0.0236916910677641
0.16182140322503 0.0949256291640773 0.118999988322737 0.147366407183543 0.167856286714326 0.0488328083761282 0.038508415462705 0.0491460126123286 0.144411869707118 0.0281311792320066
0.0400044204786075 0.136278209609082 0.015809692441946 0.123479523887628 0.0261325666148649 0.162552567769333 0.0222898817560723 0.214567569473645 0.0811430230980669 0.177742544870754
0.0672674298634906 0.136125925805964 0.0546329736870295 0.19089094052299 0.147007518855328 0.00514487375923481 0.0379889969393129 0.0977674809013548 0.127092342197141 0.136081517468154
0.0834856163006273 0.183309928120998 0.00121511582679276 0.0984188501850893 0.0532533878134052 0.128748950512755 0.0550285189575196 0.186077229901253 0.0774778793869449 0.132984522994614
0.19281556762884 0.170206370116352 0.0295953598545156 0.142121494194635 0.192302958233076 0.051488150191862 0.0835333179363998 0.0143810149572979 0.0304221472823149 0.0931336196047068
0.156248466660881 0.148883540609909 0.10594865105526 0.141766118838876 0.0931472309474907 0.0711247271446609 0.0323433439915503 0.0826832195923859 0.0657741523140374 0.102080548844949
0.154613996021925 0.0866900646528412 0.101417334217457 0.090334163516477 0.068164276672106 0.0929377950542669 0.157383803752021 0.00921813310503078 0.137733622355633 0.101506810652243
0.125550649781558 0.0719304974489548 0.157956466956755 0.0482939817451961 0.14385795903877 0.0926015867320405 0.0767037703322434 0.00316850859035331 0.141348049584899 0.13858852978923
0.0924801383355118 0.10132651564885 0.0814278046396222 0.151262148604229 0.074190143194035 0.156381270542534 0.0903147842797199 0.0986650859566206 0.0877013992872731 0.0662507095116039
0.0627214148114003 0.061221431146866 0.0619433368634677 0.0712658279723705 0.0354576154036775 0.132465386431572 0.148740625361085 0.119366899615185 0.159403281951019 0.147414180443357
0.082134655220261 0.149306903621737 0.137659062401832 0.150390025838489 0.0287919247649411 0.0869367609668504 0.125945978252665 0.0988372489766472 0.13961946377416 0.000377976182416906
0.0694998483333178 0.0992823320325048 0.113061593936649 0.0778309739551024 0.156001778204806 0.163164832120169 0.154980426985578 0.0643911870684909 0.0630333735616731 0.0387536538017096
0.0162636186948667 0.0084275660238503 0.137115829438703 0.213290301562301 0.185501086477902 0.0980273729759471 0.190765344924643 0.0230918462124474 0.0306460117927358 0.0968710218966033
0.021820288757981 0.0145773257141583 0.173171485832863 0.0104890902916521 0.190839398587936 0.00192098562330729 0.196925989130263 0.13438716792426 0.11757837974452 0.138289888393059
0.161641609549751 0.167620694596816 0.120352222203643 0.104812035089174 0.0015662788840953 0.0227894734639536 0.0643644492711583 0.185784520470622 0.0981495688023254 0.0729191476684607
0.135119811953982 0.167022711448157 0.0705487768938006 0.18528915429413 0.169126962328435 0.00957233493926406 0.0812213061267965 0.157279294060619 0.0123362786024729 0.0124833693523432
0.173144428203155 0.174969384039888 0.0866924391776256 0.168081828206696 0.0710525699433745 0.130935065893321 0.0110378474249343 0.0507444951641232 0.0167467316637158 0.116595210283166
0.0374734386903158 0.163330255596291 0.205063531921229 0.116146702697224 0.0959167758229466 0.0494446602277968 0.105888857704569 0.0459636624136424 0.0988713956102423 0.0819007193157431
0.0803251889229417 0.0326334289091181 0.171113476572699 0.20196549098381 0.104051862320147 0.181602712066035 0.0550582549074105 0.0669808387646756 0.101129339538846 0.00513940701431746
0.0891648717995436 0.0449220147549471 0.0396836979973478 0.106247348287085 0.174665501391384 0.163651676812371 0.120433283072799 0.0474725072292956 0.0415403487413275 0.172218749913899
0.107085317889169 0.163539810500775 0.0916899490743917 0.0732549104893281 0.119880996256051 0.0902914719496906 0.140803223631137 0.044798284611364 0.113644594453078 0.055011441145016
0.131595856144174 0.162398720737655 0.0650761617362563 0.158897211650438 0.015538790992351 0.0394396432767655 0.139324074478433 0.0701898113422832 0.162154925414717 0.0553848042269262
0.154881026888121 0.0773126555099742 0.0147757307114098 0.00890881109759618 0.104006867245177 0.0779162665302127 0.013127226159541 0.180512516939314 0.179111757791568 0.189447141127087
0.0963462971585989 0.0115433092197636 0.192375515304547 0.10352325875783 0.1763643887419 0.0912233196875534 0.0467539139545416 0.190852898035426 0.0819351607882702 0.00908193835156898
0.105968011733829 0.034667872115478 0.205183492439557 0.0260011148671141 0.258757208314519 0.0420434932193292 0.0280014507596346 0.130804387532231 0.146987779556801 0.0215851894615075
0.112103367231338 0.0616885738308044 0.0863857608272175 0.0986089484267731 0.0236966069407226 0.0940789568886338 0.216192026070618 0.144750066119171 0.114908576143791 0.0475871175209307
0.0317081427159045 0.083904682392525 0.158230251305542 0.0739658315808973 0.0771215479243227 0.144039602235099 0.0561195413063058 0.156084464630471 0.0624623697979723 0.156363566110961
0.0616841209625413 0.269140212231293 0.0689880457911655 0.0641291686416296 0.108486150733647 0.000361155607915604 0.0425487528166026 0.0521248906679215 0.174639431771657 0.157898070775626
0.0703309768615862 0.143322520837514 0.149726870303673 0.0900157807252301 0.134866527250985 0.0924264064858481 0.0930238676762472 0.0961720529136086 0.0329384115563131 0.0971765853889943
0.113551559755221 0.168472033439622 0.00321432291213221 0.153216379156677 0.0396019389910648 0.059401992901312 0.149696027212178 0.14678739884835 0.0477193694603103 0.118338977323133
0.117759549136399 0.047523391158307 0.0715492286410919 0.238775579038781 0.0128356126304888 0.212561847721696 0.0399601475166909 0.0549586976588931 0.0613021102249516 0.142773836272701
0.0708460998854549 0.029462685337441 0.141933230647931 0.206878449675098 0.0397148103365319 0.0249582017231899 0.058928957084075 0.10616208719908 0.188264749630641 0.132850728480557
0.248826178123272 0.04911965350248 0.230345958608902 0.0338249969802555 0.16865751877414 0.0191901901720125 0.00110719538999246 0.147938585004573 0.053408980286459 0.0475807431579135
0.154764841377679 0.071404789851861 0.0488479855200235 0.138321161793766 0.0992550830039739 0.134459704456757 0.143522073948325 0.143380905482665 0.0243851417161691 0.0416583128487808
0.207160665169637 0.080463661457261 0.046490857286158 0.159149072037657 0.0854760472862672 0.023196184779917 0.19601592020147 0.0343393187833905 0.0985431143418533 0.0691651586563896
0.200105430633268 0.145343864826674 0.0511148745640134 0.0848237530865108 0.136592148920876 0.0522405700924973 0.0299156338584776 0.117839412603854 0.143154884420862 0.038869426992967
0.0257676855332533 0.158230719587071 0.0101037717581337 0.18208305920617 0.0560080558378555 0.100679147531327 0.192406586078754 0.122931977818467 0.0414017768401873 0.110387219808781
0.158493972232151 0.144813185451483 0.0306397682631757 0.072718935788751 0.0133997535850163 0.010999850591817 0.150744548819564 0.150239721853154 0.114740108447414 0.153210154967474
0.0453827499684856 0.0994192590669621 0.147432451520632 0.168083004775941 0.124656680796864 0.147191497893086 0.0321285596363178 0.0702817184400579 0.0203306157210628 0.145093462180591
0.124757858573104 0.0807913013773046 0.133542165890459 0.0660804166320071 0.159714706698226 0.0863634383607403 0.0384049297828567 0.0657679677734545 0.111154294066386 0.133422920845462
0.0411972579721887 0.200195125461446 0.209953084050413 0.130794154412966 0.20525358092159 0.128626643945349 0.0285026293964262 0.0336190714182059 0.00937048313065169 0.0124879692907642
0.154567648275448 0.175209047735987 0.0107879235119708 0.0423955942967334 0.11359120582054 0.150459056793763 0.0177971408231159 0.0683857536475133 0.173604332016462 0.0932022970784673
0.176025572822285 0.141984077202721 0.157046353178056 0.185679236388841 0.0488371187607632 0.0742147035183392 0.155081705722414 0.00623847979539565 0.0398756876496975 0.0150170649614874
0.124989511829338 0.00439599233338505 0.155088565232333 0.13820701640793 0.0633180763404674 0.0838209844123388 0.100680433466565 0.132969800301929 0.0872615028506532 0.109268116825061
0.161940906374768 0.145411285942034 0.0344060684792059 0.141431856962476 0.140168665198617 0.0721895657166772 0.142160059841891 0.0609399393750999 0.0951432170698135 0.00620843503941722
0.105720138049806 0.081792128801813 0.060059293744459 0.0272596908233298 0.133068919624065 0.150995384130098 0.109489291542045 0.15896134081439 0.0827051069758083 0.0899487054941856
0.156026435615874 0.154439209777841 0.160870877264805 0.0401465889054029 0.101998503326979 0.0908566349034705 0.12989226306412 0.116077968603028 0.016469004384823 0.0332225141536555
0.227195791042268 0.133462707400675 0.00165762879554639 0.0289976754301029 0.110826282843542 0.0402536754938725 0.0108383728852765 0.142774329926392 0.125020285291604 0.17897325089072
0.0689035088854262 0.0715799710616501 0.0645340013598957 0.122414089945613 0.173220311088956 0.142452214425606 0.157556387803636 0.0466241191737424 0.0253951484750207 0.127320247780454
0.034900921764839 0.0200585824717107 0.0764669319608194 0.0642035655515213 0.106460033427754 0.178226272959757 0.179564097921372 0.121133988518253 0.0375628621626 0.181422743261373
0.0783227580124732 0.138781386866956 0.123752130405049 0.152050991968175 0.0477878559784133 0.130568296842716 0.162572260641103 0.0139058296366059 0.125089443236554 0.0271690464119547
0.201540887283616 0.0163223033416339 0.107527078533505 0.160913023004031 0.00598717353908526 0.0728200230726851 0.0788312907498921 0.220602567810488 0.106973209728203 0.0284824429368599
0.174404010464601 0.136358616369107 0.213616647906914 0.0445710996980888 0.0532448487939282 0.126047689670724 0.0904371639409218 0.0548316769517636 0.080242029992139 0.0262462162118131
0.115322047658013 0.0822740300261418 0.0689579278483026 0.206628253938475 0.0263349742662358 0.178218341325194 0.00791352736480701 0.169361353796036 0.115036695839965 0.0299528479368295
0.120922742518597 0.0531562556730396 0.0803642774689102 0.0104455269158217 0.096075541827202 0.0454217549636083 0.181735063147218 0.12900360033231 0.191863377056772 0.0910118600965204
0.0334433884978472 0.0838783616377257 0.125828473232728 0.153012667784836 0.0724303204923718 0.132615018232861 0.111254022652304 0.118350736530227 0.044793965510308 0.124393045428791
0.137591232888 0.0467485221344037 0.00600214800931143 0.196004637244667 0.240090907030361 0.118208368442375 0.0171438353246998 0.0688396761089922 0.0143677539625946 0.155002918854596
0.101268981029946 0.144921915623061 0.0434588404966706 0.0388814460261118 0.182759866013537 0.159759417311211 0.175957661217141 0.0189021441002346 0.0305500529814789 0.103539675200608
0.137846416706164 0.0795267405956127 0.134198114607491 0.0434502013018494 0.0655548778132093 0.013108257913286 0.164284651558637 0.166652465723074 0.102258872415034 0.093119401365642
0.181149358708659 0.158679079778152 0.123580769310805 0.124040513045531 0.0867963177960401 0.0761880343774561 0.0501142239036797 0.0189860539166789 0.107496276369722 0.0729693727932762
0.151909362215701 0.0263513831866713 0.126079233849622 0.119975112663029 0.14178909173035 0.009474728000176 0.145584613832853 0.120541097084786 0.144249153317982 0.0140462241188296
0.0673421745986815 0.0452974976395502 0.205636479157151 0.0267431924979345 0.10168286377421 0.0149269495962925 0.11354395362694 0.178860116673532 0.114689652080107 0.131277120355601
0.257195716344183 0.0296968303545418 0.0855901224059147 0.0570619398907245 0.0975802712273813 0.0893318756568407 0.221694210164763 0.0766492763063071 0.00725834848569274 0.0779414091636518
0.0801266189154264 0.0775171788506634 0.205116542200016 0.132114038104342 0.0732230343934046 0.0582881324726822 0.0464409945463536 0.265287766254372 0.0589908868009642 0.0028948074617753
0.163623703994568 0.00744245257890314 0.0749233575231004 0.137099270907006 0.069833412891102 0.0152562884755787 0.150856759467646 0.169240535675584 0.123144091770764 0.0885801267157495
0.065678072917521 0.133571802256794 0.147421268281184 0.123777781186096 0.101978078821571 0.137897540617196 0.123904034987663 0.00812758570303845 0.0513910124255011 0.106252822803435
0.190313590608365 0.0875250627434685 0.0909879515009369 0.0210603982528952 0.160003870367118 0.0783613006190477 0.0621107954395246 0.0525906267979831 0.122866341920779 0.134180061749881
0.103987148255485 0.156446670527415 0.0161690937708458 0.137302699392896 0.0561942861946774 0.0198598125583009 0.233228047524643 0.0517789029955578 0.213432555007889 0.0116007837722902
0.137604309647301 0.0653707066682663 0.103203280444122 0.0581284761331673 0.202410250579559 0.190723160944364 0.0995705256310856 0.00908655134609606 0.12441290646941 0.00948983213662974
0.0321629282750472 0.163549208178515 0.117284775983196 0.0268233495289966 0.115385817460313 0.0213471912866393 0.071372493684715 0.266812237774603 0.123081752186494 0.062180245641481
0.179315825715994 0.123688373013507 0.101234453534753 0.0875362118490292 0.123297382989705 0.0273251226650297 0.00213560888676138 0.0580958329858166 0.134102575269981 0.163268613089423
0.134739196828741 0.173306697944539 0.0430005961893049 0.0499385442461613 0.0991624422877057 0.0818872102084998 0.0295313228041952 0.0885460579129365 0.251785587965043 0.0481023436128736
0.145602942996587 0.145751182632576 0.0964388022303374 0.0923169854683218 0.0658753515135641 0.0982574871799394 0.0785131887763519 0.144941406906882 0.130050972111473 0.00225168018396764
0.109439955793771 0.132567618646413 0.0737943124887806 0.140319989523415 0.0975249351908338 0.125262285529836 0.03836328319184 0.132416053009042 0.0920250650537549 0.0582865015723144
0.0345020331690962 0.0357037234879196 0.172213595176759 0.174137065031871 0.0569217665711 0.162853245414111 0.0624366935080057 0.0832234297171852 0.0628009381479678 0.155207509775984
0.0234893782017294 0.12328042129136 0.155256776113553 0.0849475701323261 0.00726428317918006 0.203776039094058 0.0320112924857068 0.0666933029806908 0.106572400035387 0.19670853648601
0.120938415671653 0.166547999630134 0.00355916928782267 0.0956801590341848 0.130681428828621 0.173459750784744 0.073113814658875 0.078371346792482 0.109485330770109 0.0481625845413753
0.100740318701833 0.240409975660827 0.0250074100646509 0.120086382274459 0.0677794327417406 0.162603378805894 0.195707329149902 0.0236264412059945 0.00331605051917653 0.0607232808755226
0.15257427770806 0.142550666937577 0.0860673670342365 0.121079529241319 0.120513283767665 0.158735646621802 0.0464736874425275 0.0334579514704974 0.0209162970479357 0.11763129272838
0.114720954034355 0.198351707120174 0.131902393878859 0.143939137279113 0.129368736368054 0.0514827483909891 0.101625271223039 0.00624848875862424 0.0545538968757405 0.0678066660710521
0.0634931022162609 0.1322590392773 0.0281378882881944 0.172265778920851 0.036370521535965 0.099405635691769 0.180621531130203 0.0635563545528627 0.0891400163862887 0.134750132000305
0.0658547284724542 0.126363528599028 0.0875899781967523 0.127956690904364 0.151825773205768 0.105828727399751 0.0414927625290406 0.0707056291807283 0.0621121739097423 0.160270007602372
0.0350645071484517 0.10321291420851 0.0324523186667668 0.0524921830149198 0.102250867080385 0.219424614976317 0.088623210822997 0.0862851791865553 0.230957113563267 0.049237091331831
0.0853041494773839 0.13950252074952 0.0996024349972952 0.0739474344613036 0.0831237258475133 0.126469694511256 0.12411196125118 0.092118618278095 0.0859679853283604 0.0898514750980927
0.00896848869611627 0.181195229312792 0.0942158152262432 0.199705322867762 0.0150159651024224 0.184974719528735 0.00623967192228108 0.173978186867427 0.0759819690690007 0.0597246314072208
0.13577031110767 0.154522474352543 0.110230131249956 0.0782874735515851 0.0574457659027539 0.0194577391163188 0.148778863176912 0.082708336942445 0.15360474899709 0.0591941556027253
0.0500381320594899 0.1784985558978 0.172151554115331 0.128477116135965 0.0574879184811826 0.0896608356039596 0.0401597899227105 0.181051081631952 0.0361806255437635 0.0662943906078464
0.172124416340085 0.147064841689112 0.0226542758530316 0.0696710120677807 0.162597404033405 0.142410467767272 0.0966500614888872 0.00857868226397227 0.0659202652450372 0.112328573251416
0.0729511616873054 0.162556960251 0.167475492470487 0.0287028170229067 0.0230153748872982 0.106326064083721 0.125336221554524 0.0316931026009316 0.0993568426588531 0.182585962782973
0.16327153095452 0.112947047851781 0.117057278269199 0.0717430411997315 0.0233210503828723 0.172549234122971 0.163644660078632 0.0460704789990834 0.123140275163319 0.0062554029778906
0.0533201157898062 0.185414261901595 0.0574404911638847 0.156625839838628 0.116016545330006 0.143877556519588 0.00815227320043015 0.179951107368357 0.0163951934430836 0.0828066154446212
0.1853143027662 0.0973939341774443 0.152196561051765 0.15245019349791 0.0716851908192616 0.0386187807732028 0.0583889899915924 0.0350502487709634 0.080575868071435 0.128325930080226
0.142882418026011 0.0853070959397404 0.118313615056467 0.0521436966530648 0.0846910344632865 0.0911253474776687 0.0789312450874849 0.116454204557922 0.0981636569282297 0.131987685810126
0.15255024089088 0.100789011397796 0.167062256562341 0.0941115599645717 0.132922160437313 0.033559041719287 0.0329397445205376 0.0167074559889922 0.138392531388159 0.130965997130123
0.180498635032551 0.152912587982511 0.196962874401735 0.0109596599880816 0.0680406936366575 0.147400447924827 0.157542425085328 0.0105447714456963 0.0438777154967756 0.031260189005836
0.108057613274585 0.0829352709820094 0.165437501288228 0.106583435435656 0.115735460936069 0.0586127507417231 0.140682664106489 0.0947984041565243 0.0465291673090641 0.0806277317696524
0.0398939696057239 0.0973021734257227 0.031067069271911 0.071027754073331 0.111796781533971 0.0968798489949899 0.08036505537343 0.196120475461726 0.195063258895155 0.0804836133640389
0.210258120846047 0.048495162789117 0.203670770071781 0.00121541770508911 0.0933367130140491 0.0272524765372605 0.252969052221782 0.128454823504058 0.0332851917316745 0.00106227157914195
0.0696855037314389 0.0749636105974121 0.133725212177841 0.153062859982438 0.153036815015475 0.0387638670409909 0.136289018040424 0.112223700655417 0.0705722232773492 0.057677189481214
0.00838918763397435 0.0408947597234854 0.120070743778744 0.0579394241947959 0.0421315420510494 0.148759859155793 0.186948433394989 0.0825440640027911 0.174280450751155 0.138041535313222
0.124543354029807 0.00590001088432113 0.0756231116990426 0.16230225611928 0.103993302607487 0.136439489836195 0.0484639993150764 0.00548104569554618 0.170748339135257 0.166505090677988
0.171539824923817 0.0851500837640146 0.00460528376067358 0.177927343911043 0.15348549856702 0.016376196106545 0.181769733466152 0.0279023198306366 0.0590850195301794 0.122158696139919
0.0963863607194238 0.115599170341696 0.0461451938257687 0.144518035844676 0.023661022316255 0.112594613302916 0.142741380915227 0.118580484035273 0.152710625571839 0.0470631131269262
0.132053800417846 0.0498128779267046 0.0646895212025159 0.119562770487193 0.101763540586212 0.0749717118545024 0.142199694814144 0.0792737734687022 0.0863989605643943 0.149273348677786
0.175549373199911 0.0522221720675807 0.125745883324528 0.0831582466358033 0.0836628369928882 0.0962076097179059 0.15241566846026 0.101197409156863 0.11135031183629 0.0184904886079692
0.12478723194891 0.127810843395121 0.0568795016833381 0.0697764558877822 0.135115212916294 0.0837604358882465 0.144571500719118 0.0829026380903334 0.0265936051385762 0.14780257433228
0.147907396254629 0.0577442094085452 0.111729430581384 0.13685826688023 0.0910459667242761 0.0487445447672212 0.0850556184479314 0.0721646696732797 0.178383698295768 0.070366198966736
0.0679777089983308 0.0741105156928435 0.184598825853818 0.0155429797392587 0.135947938131964 0.0740840336564836 0.098370849251424 0.0754935208681081 0.133210812030093 0.140662815777676
0.148902350379638 0.00188496528710049 0.159999333578687 0.0741604486512004 0.0816044005532432 0.0460634202208106 0.0528210837480494 0.0141455435996113 0.207593408300844 0.212825045680815
0.117043915085483 0.110164186413198 0.153358757974044 0.0602106972675634 0.0814956709467319 0.06687539401322 0.0762572377372696 0.166829385028614 0.0460736683931549 0.121691087140721
0.135700451542892 0.0712489965628993 0.0523070434372571 0.00145341735041473 0.118982717642234 0.141848372584243 0.157737933191881 0.019163676044158 0.210088253811339 0.0914691378326823
0.185810796289968 0.0916016904353154 0.0368065737139687 0.0959171785539987 0.0457652790675285 0.0538328901626158 0.128752039605452 0.10985164636441 0.0986928723309081 0.152969033475834
0.0579146737966624 0.152492980371656 0.142964357787427 0.0294163380160107 0.00707273042850656 0.152701480138992 0.0467948897311559 0.127004819528936 0.154743471992022 0.128894258208632
0.0106149920104287 0.147754058584429 0.140539050440603 0.137050990050547 0.0568984011700555 0.0860024791430727 0.136825175175775 0.0519618882332098 0.161412460213407 0.0709405049784727
0.227490471077513 0.0309850235269562 0.277765762632979 0.0363975428342391 0.123072913840255 0.0355127910863678 0.135329680912378 0.0709950969149268 0.0102472222897743 0.05220349488461
0.145277934661262 0.107733422525241 0.106697238765999 0.0551229163239744 0.117454588004106 0.143123041801628 0.075924632153788 0.123149814827779 0.040634542898421 0.0848818680378007
0.175241610952136 0.115217541651847 0.0213901803325826 0.155931730326161 0.156685331528978 0.051149447527962 0.118532789854076 0.124605344195489 0.0274918770955526 0.0537541465352154
0.125885094204766 0.155835768594962 0.0835197577307054 0.168943640431534 0.162183069788683 0.0522295146105029 0.0279752355071066 0.00646624724349644 0.0859923667912223 0.130969305097021
0.0903827239502849 0.126430430541693 0.137177506052506 0.019875688149944 0.109803620030056 0.0728777844110311 0.0563503141542065 0.11145291093486 0.147410109078533 0.128238912696887
0.0644993704334455 0.0220569481945131 0.137114660301412 0.207593389082592 0.221988279997382 0.106983263322212 0.0112851489741014 0.145115303486636 0.0306919764358435 0.0526716597718635
0.0408410636559437 0.0247245031427244 0.176125039698152 0.191902396424625 0.0251281880049349 0.146623455801746 0.11340986040219 0.0164064700455197 0.203240027100599 0.061598995723565
0.0888665154569835 0.184753373629629 0.199856900655286 0.0510261910444332 0.0668015164925249 0.0574373516061768 0.0501425270111978 0.189486824675505 0.0221014527215392 0.0895273467067241
0.00716645758477591 0.103357108240635 0.136177336304036 0.00858196127666983 0.164196491471726 0.213173804625066 0.0823870871710723 0.0528259225992247 0.117252373009607 0.114881457717187
