0.163276378441156 0.134658132462706 0.24485413475338 0.0534371590642195 0.151044187249309 0.161013359943802 0.0917166480854276
0.0133427228410929 0.232779356249787 0.147032483084071 0.242315017176104 0.0513595631792313 0.15458884073302 0.158582016736694
0.230465615182515 0.213310933868226 0.232376426416064 0.126746737376655 0.0934484423299498 0.0599048229017778 0.0437470219248112
0.0221533754348905 0.00379350903949245 0.270169743842885 0.295978084042342 0.113839837212191 0.257599624372497 0.0364658260557023
0.0118232962988901 0.111104163576351 0.220476786197614 0.229535878785008 0.133419604742748 0.251101487632354 0.042538782767035
0.0514847735721355 0.0326618633370389 0.0938741762364708 0.17751053737394 0.126833549274789 0.319870251354653 0.197764848850972
0.137720807976867 0.29840559963321 0.14024127160881 0.0867962122384929 0.221213204867513 0.0784541714042791 0.0371687322708284
0.0316838455440405 0.151973596803765 0.137407928825636 0.123413023756215 0.234419246886661 0.20829014519595 0.112812212987733
0.0234067014224627 0.202927595551829 0.172531558136943 0.219403497850678 0.125680974274206 0.166859799200075 0.0891898735638079
0.130524994855871 0.07515066907926 0.136509902982636 0.0996576277371757 0.0718564477698841 0.303118243936895 0.183182113638279
0.00315881640300202 0.263193390057706 0.0666244477201763 0.162030195463039 0.123190750396004 0.240663265034224 0.141139134925849
0.197051906871573 0.238213452956976 0.0267373718072251 0.173110950924615 0.163268425404724 0.0907158207311824 0.110902071303705
0.114870995776841 0.219435386477042 0.125439883738304 0.133923942369587 0.0616189104060404 0.158340534664673 0.186370346567513
0.197063581065332 0.0587580482672274 0.118174243211293 0.0724417771429198 0.179382450311746 0.222394600059348 0.151785299942134
0.0612580735205975 0.24514126258852 0.0266006204214686 0.164565277012651 0.23559224793579 0.015186517477884 0.251656001043088
0.0487890282371027 0.0210945060492871 0.131785341134412 0.140550510661996 0.233521546056667 0.198738081715905 0.225520986144629
0.168298746066129 0.170141875018742 0.152967700431001 0.124795023421776 0.0945324922183859 0.127368871276717 0.16189529156725
0.307607890890184 0.0256444632408822 0.158135836968625 0.095643288932123 0.155831733907546 0.133622129760359 0.123514656300282
0.0825292185235853 0.172385334629292 0.0309704551207203 0.23898158721109 0.229912279880493 0.0520279969197795 0.193193127715041
0.165758293131228 0.107678387138098 0.195793226632386 0.0691308405472367 0.115748024197598 0.184098593960501 0.161792634392952
0.025564145028543 0.0479066522597751 0.0588230305718835 0.244971745066197 0.24310434423905 0.205676430367914 0.173953652466637
0.0966212145278211 0.0933135348731071 0.00296291210544525 0.177098849114679 0.0965959979944908 0.40149448883318 0.131913002551277
0.0536132797127418 0.00106183070758708 0.186709777827319 0.216731975687616 0.214138272088734 0.0983527284320767 0.229392135543926
0.249027754052811 0.0852984473549532 0.314565544256389 0.0961404257341867 0.0937905117894768 0.020075982797443 0.14110133401474
0.227715086986272 0.241999271779834 0.00188344722187443 0.0787096967830366 0.213565450998607 0.0336749749882471 0.202452071242128
0.168479773452167 0.0826534549675777 0.182298775326671 0.160587780528453 0.164470826811995 0.0353646232333308 0.206144765679805
0.179732794624659 0.147274049595802 0.145450148699334 0.0556677526014301 0.178543002154983 0.113931510779434 0.179400741544358
0.0503472161963048 0.139070927012139 0.0807983731892172 0.149092779300584 0.204064016145209 0.194359464140709 0.182267224015836
0.198222210464835 0.184553318859017 0.19339480035622 0.133303629624399 0.0837783344020666 0.0264677514638297 0.180279954829632
0.0764116362641978 0.279126512182949 0.00454868183622423 0.128262380680519 0.0944142226330673 0.286802884654648 0.130433681748394
0.118744716643903 0.0626824329456804 0.0824478239883127 0.227934771761988 0.22756700705216 0.0924926610707334 0.188130586537224
0.233249052858568 0.204852764862143 0.19202348681928 0.0696317686800034 0.0785620426278329 0.208713540728562 0.0129673434236096
0.00694664552592948 0.224566671724271 0.210621633085345 0.0173671228242622 0.13302410677925 0.0675818913747179 0.339891928686224
0.277302986382936 0.0806298885174213 0.249121567173924 0.298522640044139 0.000335349192426522 0.0403190235750999 0.0537685451140534
0.0149563897040193 0.18460887956891 0.100234503004088 0.126934107578641 0.273858007224935 0.0988488518365736 0.200559261082833
0.21019267823024 0.13071516280738 0.162502785908183 0.0436362527071534 0.192761784142636 0.131431577041354 0.128759759163054
0.207455512375051 0.0956585150747898 0.269880738278435 0.104538417282655 0.199049912828221 0.118146711259393 0.00527019290145579
0.176043887241022 0.194490089841323 0.0238923109326966 0.14701027638797 0.117928885899152 0.23125152883452 0.109383020863316
0.363977939763139 0.27185728860319 0.106730555898422 0.0450738758503676 0.146088815354473 0.0393053046747844 0.0269662198556248
0.139715655258823 0.231178957784636 0.035244461692346 0.0849814294251469 0.129899054412616 0.168157574387569 0.210822867038863
0.116493423635555 0.116679988597012 0.343845633117343 0.104304190902222 0.0954331980631253 0.214350310348103 0.00889325533664036
0.1732871333321 0.204240908588741 0.0840065394732269 0.150931221578281 0.111624906103108 0.203815948450267 0.0720933424742767
0.0953331843304143 0.273996192590828 0.0788154917003468 0.192429631074656 0.169855730119753 0.0829543195684298 0.106615450615572
0.132810748248761 0.0099246908884276 0.26075434843326 0.282302793755582 0.212821045888535 0.0378832704673331 0.0635031023181009
0.106285873659575 0.169669899620885 0.203593282361257 0.164143867717191 0.150629316038542 0.0206901046828508 0.184987655919699
0.127635920235936 0.157743844151432 0.113317731458347 0.225831436472727 0.0775130870872214 0.207060225927778 0.090897754666558
0.0957191587925872 0.311663755325723 0.0151674496117315 0.039553943742393 0.00172907917532527 0.355067439099518 0.181099174252722
0.0656838967620158 0.323643941072854 0.132697311113731 0.289731786813525 0.108364856198115 0.0353086282257822 0.0445695798139755
0.265912804243484 0.163599715614269 0.00269003771872122 0.307284086582004 0.154665637222532 0.0721911462604999 0.0336565723584897
0.171162127958904 0.198427844320933 0.126739950212816 0.117455460392289 0.119238718540736 0.0920545551892046 0.174921343385118
0.167276313387405 0.0781975244789942 0.0521391063835919 0.199496218599326 0.217392823825059 0.0727122105710946 0.212785802754529
0.162251452297342 0.15398468189908 0.179699448274093 0.203628842804172 0.0970020902271168 0.061171314016139 0.142262170482057
0.0437623927812024 0.130754553407456 0.239039264226513 0.0495234217022193 0.172019102444434 0.221513693985183 0.143387571452994
0.203185093160649 0.230517107979411 0.0187059935840279 0.120722511001988 0.073767759569089 0.258834642368033 0.094266892336802
0.0925018390622598 0.0720705823565421 0.127773801240355 0.153045543513536 0.107136519893039 0.2355462948255 0.211925419108767
0.224234692753325 0.0453013518228834 0.214313536037229 0.131233200280297 0.156614673937768 0.165552137049619 0.0627504081188788
0.273084328995639 0.140031184494288 0.198460818296865 0.0253897575640969 0.196744480925143 0.0396652544039344 0.126624175320033
0.148967689162157 0.214045188316475 0.00793777722618138 0.2136484970534 0.190245370482112 0.0630757680713826 0.162079709688292
0.0325438374586698 0.135363758430492 0.223622464500059 0.0278878730591677 0.149076560838357 0.205028663448127 0.226476842265127
0.228246856571682 0.0313863351340828 0.223563899417198 0.0876297073419795 0.0988507413071967 0.207185015718873 0.123137444508988
0.153789074729643 0.149083094846452 0.0987165114132093 0.131194166314277 0.13018099978208 0.17459520100085 0.162440951913488
0.145438678447492 0.309111068926319 0.0423075292005054 0.0599977736989457 0.2780258468175 0.0966010159799014 0.0685180869293365
0.0590620332530162 0.112575192519804 0.120989673244275 0.175763483429209 0.105871742440138 0.286996086309174 0.138741788804383
0.175590047681454 0.143137771677225 0.0633152742169875 0.079643633044937 0.239864609588148 0.1913327932592 0.107115870532049
0.0371316271984564 0.25115465960992 0.1095205420038 0.085026443858139 0.0936390569469608 0.23303695981985 0.190490710562874
0.162265937981643 0.206707363731701 0.0704601960815814 0.276134838741413 0.0132471967713888 0.117663577483604 0.153520889208668
0.100248004891613 0.133216154604184 0.200725661549095 0.0970412140143446 0.185784940272186 0.115827045688153 0.167156978980425
0.209346395030426 0.221482723018582 0.065028911937188 0.0615482727372414 0.209399565678596 0.147887715643583 0.0853064159543832
0.0404763617855396 0.211507954250573 0.189526349301019 0.00103208163018307 0.000478317885108288 0.242629947158852 0.314348987988724
0.281356719072454 0.0238787091440889 0.0146883312353012 0.188305829210565 0.335696358762342 0.0752342358267573 0.0808398167484917
0.118686995525571 0.0930991511138646 0.214020058271267 0.262067753879154 0.139058913381691 0.106539058083293 0.0665280697451588
0.0860367182779653 0.305800737577343 0.0186022905665802 0.0275978500818676 0.0607720894729314 0.218649169364053 0.282541144659259
0.264992280003376 0.0473229434397784 0.17332355336814 0.050148106217568 0.0945342746392725 0.0689697882514123 0.300709054080453
0.0155393504408607 0.120519163167646 0.187722364960382 0.172894309627047 0.261413042500655 0.201841732852365 0.0400700364510456
0.209468520776108 0.2879802290815 0.127781493643298 0.00309304341306653 0.0842496940741906 0.0300198937422356 0.257407125269601
0.00388626232786943 0.269744116815716 0.236184092433073 0.105092603535322 0.0409336536437024 0.284087945601977 0.0600713256423405
0.232008973854754 0.17310212568933 0.193713486769226 0.127355123751269 0.0171914109736448 0.129882493290972 0.126746385670806
0.20146358757023 0.222276877726196 0.228253190142366 0.0146753631178809 0.0938818357079226 0.0473123350262593 0.192136810709145
0.0288798077162829 0.182698967339097 0.199239937647834 0.221468858561056 0.179221731337446 0.139330164857953 0.0491605325403313
0.208408162101187 0.20101120351872 0.167309627986561 0.0933068205444402 0.128833602502039 0.132969911869607 0.0681606714774453
0.102351430326882 0.16759262395644 0.0718068358880856 0.0655904927472205 0.129914350863623 0.180791239059962 0.281953027157787
0.153454996906284 0.15021453996277 0.0199905374703631 0.0418749235782097 0.244028396580839 0.155719399053177 0.234717206448356
0.0533702107491763 0.0623748487336655 0.131813593251186 0.067010881717707 0.0871080695201337 0.307561060597126 0.290761335431006
0.198979218502267 0.202494390548886 0.12980749488931 0.0525308345719993 0.0431242270304117 0.196633498706996 0.176430335750131
0.0451671679270249 0.0756259762828929 0.176238101529064 0.108901078022695 0.228389398628786 0.166744141825136 0.198934135784402
0.236122065654306 0.120540710944698 0.0345015829345591 0.116017770861954 0.0903278962909887 0.312306933527957 0.0901830397855366
0.190668836133028 0.171959611350014 0.215238742211712 0.12281388655759 0.13567910188053 0.0260871443287706 0.137552677538356
0.10048729950018 0.0542860286959431 0.299840286581339 0.0889226383252857 0.336681726023296 0.0247463141160765 0.0950357067578802
0.155871435369346 0.258684205398018 0.152397792616118 0.0864196075493319 0.106526014742365 0.209606955339914 0.030493988984907
0.0605473570590761 0.181463593719691 0.0613495930260954 0.0381023149141383 0.229030792799925 0.221420941332153 0.20808540714892
0.229473775207139 0.0119969788210304 0.168166333179846 0.203638109645476 0.0949237187887044 0.195843096990176 0.0959579873676286
0.00854138456831924 0.267502687998574 0.293331271224951 0.055636901004652 0.231364100066922 0.133511430009621 0.0101122251269612
0.226951740021901 0.0126179428457867 0.232198330063636 0.103166460661134 0.0629125190410878 0.157419779928068 0.204733227438387
0.249742206812586 0.0050249271429228 0.0839252023044602 0.103893244946687 0.241479334985471 0.0812248875643936 0.23471019624348
0.167322177765587 0.215259497543964 0.272850077653345 0.0904230246343896 0.000847803100739828 0.0786867659773341 0.174610653324641
0.192360933624167 0.163881527334176 0.15209487693154 0.189241760179576 0.089384741692659 0.189263693946604 0.0237724662912784
0.0460215859864485 0.184168885258927 0.204814480628286 0.0957507508212565 0.180369481618526 0.0270577216108675 0.261817094075689
0.0214092800742678 0.102867502686104 0.0780561284728946 0.21653140191877 0.197265951759354 0.205946692960978 0.177923042127631
0.0639600460807596 0.169364508660575 0.199547197463018 0.231640617150078 0.196941092920638 0.00424469083800514 0.134301846886926
0.123711940506518 0.142477297762183 0.161406617846828 0.199312276974116 0.0248715212515939 0.242097224304516 0.106123121354245
0.189908103981181 0.0245411023029411 0.0490579692515696 0.260301503482953 0.0531335820837065 0.224082379388231 0.198975359509417
0.147695361521034 0.166304183625867 0.00517381498521638 0.140614701028884 0.195952532365908 0.146618235189438 0.197641171283652
0.047347005538234 0.0249570207669103 0.0348068704085991 0.16744734283205 0.177253930900658 0.253850141518058 0.29433768803549
0.0940247401193197 0.162149516623425 0.160876499599004 0.158845985627042 0.0926912422910884 0.154685845437546 0.176726170302575
0.167711939604719 0.0164406906570306 0.404673223399833 0.0144155789321185 0.0805376140493634 0.234054723534001 0.0821662298229356
0.169971180419838 0.272317922642276 0.170215899818129 0.174915345191495 0.0455514020946878 0.00461139143709079 0.162416858396484
0.173857139059559 0.118721959527351 0.229805134011999 0.180439753585332 0.0301601090080447 0.00293215510820434 0.26408374969951
0.11707495212364 0.294724126789743 0.0166712845955847 0.212839673812644 0.222334822426588 0.116775952278076 0.0195791879737239
0.141146218067421 0.0670568458798124 0.202748593001138 0.161990106484175 0.0897552749733541 0.162098680864486 0.175204280729613
0.0283413493446292 0.198665085706406 0.167492030415929 0.0846188447257464 0.085072095924281 0.1335045440739 0.302306049809109
0.200746870344891 0.246300611088489 0.192255536469314 0.00226503518617086 0.00264502081629903 0.143663938892298 0.212122987202537
0.221117222826386 0.184506460432644 0.101103338519314 0.106816747087937 0.0768601728864677 0.208051435032842 0.101544623214409
0.239504149901009 0.275197044963826 0.108867313486162 0.0903870859522703 0.045388028498526 0.0558500049487823 0.184806372249424
0.00933750767758478 0.301195294740979 0.030184983020344 0.217497698185245 0.0411735056075705 0.194009313774924 0.206601696993353
0.0480464848304732 0.137721126940291 0.00133352828252888 0.13716750084894 0.145550288938775 0.233945530087728 0.296235540071263
0.172977065668256 0.152741566647157 0.206636174220236 0.16027892175613 0.0262954141227336 0.0713775059651688 0.209693351620319
0.0475768565616657 0.0915302281290463 0.118958418802237 0.227524080428974 0.190914708885042 0.0885697529987218 0.234925954194313
0.254636265655574 0.179717834801383 0.0325755971288408 0.248004683972626 0.178465327299748 0.0537344083786001 0.0528658827632286
0.262092357447144 0.1390415891952 0.136946066771055 0.269288986326974 0.118291240054711 0.0333664287150289 0.0409733314898876
0.0471056150552715 0.118484492742625 0.100039313141798 0.157214737676196 0.228980561276451 0.181843632941424 0.166331647166236
0.261009113253813 0.202846903408849 0.0500304646942382 0.190380926189064 0.100436332352194 0.0747688074850652 0.120527452616777
0.173454778992303 0.143775282991317 0.169130838446826 0.160334285363004 0.15661440611493 0.13697934741263 0.0597110606789911
0.123394818556779 0.192405209183816 0.157006201606933 0.0358661108891326 0.103023944479281 0.194188792411634 0.194114922872424
0.123151007102459 0.123426820606752 0.116198090436103 0.180589521099338 0.0267042762082538 0.0791155622656574 0.350814722281438
0.046886920112423 0.181140279774844 0.278909074358324 0.205771347469552 0.154413680372098 0.0712013228037608 0.0616773751089991
0.187279919987796 0.0331184255439011 0.0103228440400736 0.336429572617652 0.080443683602879 0.151106669809644 0.201298884398054
0.346096555193381 0.135259096397074 0.0108491918627002 0.242595265224044 0.0519096521182571 0.138618512400177 0.0746717268043671
0.107287247590471 0.096460300082865 0.0910003307377556 0.360023014655818 0.0918699706041553 0.181266466276678 0.0720926700522573
0.243767808030047 0.0637044298284394 0.241314576465194 0.039768720971441 0.0429320972869709 0.223352523488587 0.14515984392932
0.319797739426263 0.287836246095701 0.0737682782197718 0.197987999689563 0.0692365398370965 0.0314209495878185 0.0199522471437856
0.155566545404241 0.110387195540426 0.240956334061103 0.188898892480472 0.126797686101646 0.16753965988598 0.00985368652613334
0.147978799125637 0.0384256058888211 0.232693740866138 0.0314979539024029 0.00991103719388013 0.236611807550816 0.302881055472306
0.162200908387983 0.181695578909942 0.164003141518529 0.078149510207915 0.159731533296847 0.0994016218590728 0.154817705819712
0.156180378762387 0.0943532347415662 0.137246792614377 0.184987717182773 0.039528269144733 0.188125633663538 0.199577973890626
0.0444847844610688 0.112110184776161 0.16970635964978 0.260445685181845 0.000149985038180083 0.212416355861178 0.200686645031787
0.171765371278474 0.198882501965365 0.120865992841533 0.236287830845531 0.209640583883332 0.0147294220012761 0.0478282971844879
0.0900061480903487 0.18103811964512 0.156265288451382 0.241880861603487 0.106466652373104 0.0398148687363711 0.184528061100187
0.211760270726219 0.121908860829223 0.147307615031692 0.209846183994407 0.0170525187860843 0.20642326051885 0.0857012901135251
0.182177835179522 0.22095374507194 0.00713783378569392 0.116780895532099 0.0405016761071986 0.19842542746098 0.234022586862566
0.0625833343890017 0.10479858472796 0.238609851838983 0.106309170764045 0.186329241238309 0.149888945820598 0.151480871221103
0.205181156129194 0.118940878052369 0.176636493336628 0.173518680287162 0.158740023115802 0.144739685478599 0.0222430836002463
0.245020347254839 0.10826670830941 0.133821173108595 0.206659079652303 0.0419535855078351 0.143896475836272 0.120382630330745
0.0237554090020036 0.1659736150538 0.0872804719485616 0.143902844032041 0.208273681605023 0.241552507468867 0.129261470889703
0.0134762909261474 0.214786912916907 0.215753776593172 0.187979025480056 0.130491724670158 0.112972647765651 0.124539621647909
0.187522324624565 0.117235874584385 0.225157405125476 0.0443355011998139 0.225129803701541 0.00949316252424369 0.191125928239977
0.185113661069314 0.188078251965852 0.113907183220436 0.228558974054571 0.0785725365871969 0.124698215304766 0.0810711777978637
0.0548575385865649 0.116238949235061 0.0741541253017519 0.163712302013554 0.236728376982565 0.113394562065801 0.240914145814701
0.230268407029089 0.0699799439928822 0.0529024615983308 0.126589194834378 0.263950439449072 0.218514801346034 0.0377947517502138
0.181201141896388 0.0829793506397765 0.145668765574217 0.0329720209033541 0.243032315519779 0.205318345083899 0.108828060382586
0.200102554207373 0.179871018202086 0.150015682750259 0.0422930919337165 0.0192513793775741 0.209893663082961 0.19857261044603
0.179317102304496 0.108154622867386 0.127358298366206 0.216650181496769 0.173681141166518 0.0630652966178922 0.131773357180734
0.208362944360052 0.0851801957763906 0.0263911442868706 0.195948237467044 0.255881160523307 0.0745352429448451 0.153701074641491
0.120591467685877 0.226644778447076 0.197227029227066 0.252986505602825 0.0205062329562777 0.155280275490789 0.0267637105900879
0.2070059943597 0.0948259364069246 0.101733850477233 0.19524870529143 0.159116485149895 0.159055689453699 0.0830133388611189
0.0607178778552901 0.187581555755757 0.18601119840535 0.19698098256898 0.00387334530663326 0.143402209323727 0.221432830784263
0.0287942833040998 0.262118338849918 0.118841807676099 0.0902692367562347 0.213784733848492 0.24414681572327 0.0420447838418859
0.19793209096835 0.148609699177727 0.125240144528618 0.230278341651713 0.151592977399639 0.113869803090871 0.0324769431830823
0.221373904478422 0.107399430252133 0.200538369092395 0.185547877599957 0.02586486482888 0.168158078576078 0.0911174751721354
0.0639330886512206 0.216532125078213 0.202384519061857 0.217974299232503 0.120098488442773 0.163600814516042 0.0154766650173903
0.256444844671591 0.233707773569519 0.0054747883372878 0.0641106289505532 0.0839196547592026 0.355193475330278 0.00114883438156881
0.233005322039342 0.24052751969247 0.191024530849635 0.0936940905228506 0.13531942030097 0.0372787861929717 0.0691503304017603
0.0973019826361577 0.235884230013753 0.0981201877958464 0.17009184463466 0.0692457853578385 0.189318190760333 0.140037778801412
0.0349201030140701 0.135344002789733 0.293120511106958 0.0142377387527057 0.264267458165013 0.171710062694259 0.0864001234772614
0.130871607721409 0.194720447404612 0.161507344397517 0.0542869423187026 0.0264452079389927 0.18774535053998 0.244423099678787
0.0526675970617116 0.142580764761684 0.10188161931585 0.222150494887956 0.179152797862791 0.139949556596479 0.161617169513529
0.0993856779242122 0.194799947798002 0.013259750540139 0.247701058946018 0.135551137998652 0.167161433626478 0.142140993166499
0.153983938125041 0.238968789588377 0.127052652864039 0.00728214886019566 0.167297765955648 0.181654608865933 0.123760095740766
0.169098580054891 0.102601032178545 0.210709172479297 0.203799345303037 0.146160391163882 0.139240814232384 0.028390664587964
0.165636127244441 0.0380237605226911 0.132097770809572 0.11066577813782 0.265804575333392 0.174208448881825 0.11356353907026
0.205844586631722 0.128644265644553 0.0105984185124452 0.12445557476471 0.260532768589392 0.0525337582573847 0.217390627599793
0.19952551219325 0.0146434955873166 0.191266915077845 0.164072517715174 0.171270471418052 0.209352506964099 0.0498685810442632
0.195870323987588 0.063890845215243 0.205698069208932 0.1138001564837 0.124595237093685 0.155854340991146 0.140291027019707
0.116105747163421 0.105991115964201 0.0810521324371062 0.160231099178786 0.214978902684448 0.26780481278181 0.0538361897902279
0.181000717667126 0.194068202425237 0.128568232166344 0.155755159403479 0.165857596123785 0.0454015386112314 0.129348553602798
0.228035895151063 0.111634124407487 0.0752559879033711 0.0526840936516327 0.241285204536908 0.011819591386209 0.27928510296333
0.244466934351839 0.0917922627168284 0.255440895238454 0.127058941339474 0.0426562325543476 0.198578172720574 0.0400065610784828
0.11269747929154 0.0467470323061203 0.075265339547007 0.256014835648695 0.164390334700874 0.190646537273854 0.154238441231909
0.0619794621292358 0.2543696919635 0.279156329045367 0.0273577640830467 0.243763333779954 0.0298183358401369 0.103555083158758
0.156498792949533 0.128923588741129 0.138286250684839 0.166497969278008 0.147947363057987 0.219950745053089 0.0418952902354158
0.196543898417887 0.0363021997652265 0.194753380123298 0.0790927600276676 0.253339325246049 0.0282174190239886 0.211751017395883
0.238657984129719 0.0623940446434414 0.128171015859108 0.181634237225725 0.0909422996105028 0.204725789124171 0.0934746294073326
0.183339268551719 0.110421312230696 0.118010244789019 0.167534959765173 0.10742716164954 0.156350140653611 0.156916912360242
0.183912025952834 0.00173781197394947 0.247730611214969 0.15357521951402 0.333067698816681 0.00123276452593208 0.0787438680016148
0.224000420165045 0.193496701342757 0.24344061838061 0.0464070755491676 0.0181035285049047 0.0997329656972305 0.174818690360285
0.12354041427247 0.217699685741153 0.172441258540849 0.052193358538612 0.23413590014587 0.0145939034996933 0.185395479261352
0.0903135249225056 0.0319789745031008 0.134843800920918 0.318401931671914 0.082325858812248 0.119351671246313 0.222784237923001
0.221871233920264 0.193878750239588 0.136889472133492 0.178719072415003 0.0234230635486085 0.0892304315429805 0.155987976200065
0.330498378432263 0.219126706396975 0.179722573014179 0.148179169893102 0.0841526010421749 0.00168872523124936 0.0366318459900564
0.132529466788895 0.0700269977508034 0.0655024088094803 0.223478992366068 0.144192155820328 0.211091188916061 0.153178789548364
0.0579761367368249 0.191654353320227 0.0864879080653487 0.175856559935381 0.153398995970561 0.157910406327461 0.176715639644196
0.0846607689995113 0.171348408557706 0.19241362031346 0.181299136211334 0.0324272769502916 0.190763609791668 0.147087179176029
0.102588923013903 0.178943541079543 0.221391880019253 0.139167180887893 0.236660941859766 0.094134977645657 0.0271125554939856
0.199918288775564 0.201943889201445 0.0930988395864198 0.0901976228199447 0.0741134150643158 0.236747358476994 0.103980586075317
0.191410427848374 0.103629029017049 0.0135085987618047 0.186700514673241 0.177398261020924 0.191277134791926 0.136076033886681
0.132877286891506 0.132097238431552 0.208646109015118 0.0961291731291983 0.191471062734323 0.0678597197625674 0.170919410035736
0.124568591252 0.214477798387383 0.0260105393749161 0.196561011674098 0.158208137542222 0.207084354320967 0.0730895674484142
0.0884377773398233 0.211750970883054 0.149148936988309 0.133928614913976 0.103456090840221 0.206746473805548 0.106531135229068
0.0336865764570854 0.23550580387691 0.129111302420496 0.291106038162194 0.167859547720097 0.13474260494449 0.00798812641872818
0.261120790295617 0.204910815496687 0.0890568062989344 0.0985391685291757 0.21345980227023 0.00488562643447768 0.128026990674879
0.139240262494434 0.0805838807300516 0.0279539200554825 0.273727688477698 0.175024944814905 0.165913636026276 0.137555667401152
