0.219863338774359 0.210605182813177 0.143983901017206 0.0502681246062766 0.223012507099496 0.0540332392045998 0.0982337064848849
0.140437686508588 0.1601088038344 0.152418171810497 0.149369892971973 0.14988269068533 0.170539772684819 0.0772429815043918
0.0877516844547479 0.0650822587575619 0.138129886515276 0.205416386772275 0.259292465313462 0.227095031862022 0.0172322863246555
0.224852519547484 0.226638492388601 0.173422094535867 0.330273334796099 0.0176595883026584 0.00879144372644992 0.0183625267028396
0.0265547321152686 0.183608218741229 0.112845916117952 0.100824724932771 0.219338317000863 0.180760374206974 0.176067716884942
0.0145255428161208 0.0613025863808235 0.347297327748321 0.0367435755144817 0.0611459702060173 0.19424819992948 0.284736797404756
0.167822442241146 0.217453587357972 0.0390639542130522 0.0840034247926087 0.174993534395817 0.13703081911193 0.179632237887473
0.0256419024959819 0.0883647388063199 0.280529015237389 0.160003228564191 0.0824110657058716 0.0719608768052141 0.291089172385033
0.246443933475359 0.0795497388297915 0.260962280401072 0.090231939626851 0.150262016952864 0.0236546316270444 0.148895459087019
0.190663083147529 0.188788789493472 0.181632056179697 0.0309491220100077 0.0494073545534384 0.177648838509058 0.180910756106799
0.0456189791311193 0.177646906689479 0.162700685195335 0.232944296405948 0.173407685741723 0.000481020333883966 0.207200426502512
0.0616262992647538 0.0632001774913639 0.14979666899865 0.0851260707986364 0.193929571746129 0.200178685435126 0.246142526265341
0.109221603297696 0.268852693185823 0.130727563716876 0.209521414558972 0.0235202884269429 0.0559617786827669 0.202194658130924
0.0979612901418882 0.133690998992419 0.188101718212211 0.26377605761256 0.132296215056995 0.0935156511670173 0.0906580688169103
0.0550589584782565 0.312250847838817 0.0365208843187218 0.165041321466504 0.240271515983811 0.144314522784778 0.0465419491291122
0.0206575181750078 0.319032729916024 0.0020908351879819 0.0865335629279344 0.2483432033999 0.154145468871789 0.169196681521362
0.00162029964494234 0.114270346010535 0.0718632856370435 0.219561760063628 0.135098673096933 0.32877613379612 0.128809501750798
0.161337640793172 0.144068481200752 0.101430477520377 0.155043042001554 0.143099229143245 0.0982479480155771 0.196773181325324
0.203283939428884 0.0529199052929964 0.198191671327442 0.245919781897668 0.172265842162634 0.00669466531731018 0.120724194573065
0.235140141203452 0.158130473497675 0.0306278897989244 0.0452163951981643 0.136108832537449 0.201960865781484 0.192815401982852
0.142011644670035 0.169813558548662 0.0548534704231849 0.233733258744809 0.107724731123575 0.0921964286687449 0.199666907820989
0.0328304238560455 0.101398478673761 0.179757315087614 0.00641109335738881 0.32517781380031 0.115034077755485 0.239390797469395
0.171654747155243 0.142220447410605 0.197892092509143 0.159786546377425 0.0535495975274027 0.0965425141372281 0.178354054882954
0.100885107919207 0.172390475345682 0.145499598920122 0.242985643564506 0.0175471104445716 0.100438654507211 0.220253409298701
0.130975256803254 0.243132523478152 0.0697962671992104 0.191671306228648 0.260018780340921 0.0656863562280908 0.0387195097217233
0.104101643571175 0.220811612603102 0.13899462221872 0.0580462644856103 0.135721768798697 0.21631197192657 0.126012116396125
0.019232515958215 0.18288018396317 0.292106659138486 0.118827351350364 0.248904405298962 0.0246242243729586 0.113424659917844
0.219567693568985 0.18001658691064 0.0883605362442043 0.152834837574503 0.129295450930493 0.0606028911330492 0.169322003638126
0.150076894369595 0.00185193090891375 0.173688911095746 0.223312578437816 0.267010205098346 0.137625382225737 0.0464340978638471
0.210714165730324 0.163565852911985 0.114702830549255 0.130805598509917 0.211552377244095 0.087391922751296 0.0812672523031276
0.0965050007024068 0.106436354141929 0.110194380337568 0.130997804314953 0.206429263966542 0.196808798053077 0.152628398483523
0.105050667504285 0.0340007903719699 0.22795018500672 0.183110906712632 0.165348165110356 0.055267563821813 0.229271721472225
0.022455568695105 0.280669632708719 0.0775037278460769 0.268961391549003 0.0596846532599175 0.0758193009128421 0.214905725028337
0.268992878088627 0.0433586353370957 0.0602196232655633 0.115290090731225 0.0176371275422293 0.235501938427281 0.258999706607979
0.209408854886927 0.0926162901222404 0.136233301716819 0.206696598400623 0.167967469729506 0.157007405652595 0.0300700794912888
0.175007405168972 0.133905660292874 0.148623831558699 0.180880704446522 0.0562278405979185 0.226377106314344 0.07897745162067
0.126309311633326 0.0913828578835873 0.14422043247896 0.128975161809049 0.253524150976591 0.154435949015651 0.101152136202835
0.0516836941717197 0.247068489691052 0.111369948707383 0.163297725295688 0.179993918274086 0.0776405496684954 0.168945674191576
0.0197558901014898 0.362833981436352 0.353607584282194 0.00877859091293141 0.0689073212046806 0.126222420559534 0.0598942115028185
0.12787695361869 0.171379506668309 0.287343366056022 0.0145966071740771 0.108122085221918 0.00195459233483908 0.288726888926145
0.0156730605487165 0.212995665662823 0.02664969568129 0.211238251198456 0.19568808115032 0.221019712337968 0.116735533420427
0.0611989277949025 0.157118442143932 0.0779888604318662 0.223184475514542 0.112224212495071 0.145057804040036 0.223227277579651
0.205666980054224 0.0750909342242237 0.207935559884634 0.158884282907262 0.17716367936877 0.115073632621956 0.0601849309389306
0.0319994684286144 0.0403245924797569 0.0858064031233939 0.211139817545706 0.253542487641942 0.193006570882697 0.18418065989789
0.214416147156862 0.215139088838177 0.0834018662654567 0.223439655841488 0.0149628324084415 0.00759587802654581 0.241044531463029
0.221121705557363 0.169077980925985 0.0645451567159884 0.132664683071082 0.166314274752505 0.219556017393564 0.0267201815835118
0.120026124879493 0.114132570113812 0.191409682971076 0.151119778219175 0.154128976545891 0.117348008793718 0.151834858476834
0.172643054327154 0.209939008628567 0.162399902950756 0.11102605472471 0.212288523967833 0.0642817624885309 0.0674216929124485
0.152036922448552 0.107625492438768 0.0594212958003387 0.176300665396207 0.195689093465754 0.18478342589993 0.124143104550451
0.225266656455093 0.119692576288008 0.281779513132245 0.104247506623999 0.142765341783006 0.0206005423577509 0.105647863359898
0.255023827686264 0.185294773239301 0.036067412486517 0.241813981529867 0.225827963646302 0.0307097771287883 0.0252622642829608
0.173156946360913 0.228671132061169 0.0987685576408187 0.115956997705363 0.227018268757361 0.115524861455151 0.0409032360192233
0.161044498436891 0.248983216049579 0.142045106307121 0.165105479527594 0.0549206123421363 0.147085894376048 0.0808151929606308
0.181225015765945 0.0752461738488335 0.114315411596537 0.194799529946358 0.187770994171643 0.145566124105346 0.101076750565337
0.371317065471051 0.213269883096059 0.038058020451617 0.0623122467733969 0.0722152958582554 0.228009789705888 0.0148176986437326
0.110156484071529 0.106927497288955 0.160147630910565 0.0696987669669909 0.00391887848754842 0.268433277840583 0.280717464433829
0.216849654459454 0.0931373718152207 0.221585316605917 0.204218200635439 0.14057945792257 0.0547167397752863 0.0689132587861137
0.177105793525854 0.324708005168242 0.190579699889603 0.0904471629427227 0.0628781559961566 0.14176600465821 0.0125151778192114
0.0270290874325599 0.269830165955392 0.255703888362065 0.277631088924636 0.115853757457651 0.0264658450775644 0.0274861667901321
0.0558501920303364 0.223222992667348 0.127061606734943 0.228982272968983 0.146805119020709 0.212580158546532 0.00549765803114857
0.108849898898111 0.063584321347626 0.0643620112297699 0.155412607070568 0.0794744424438333 0.235118095342024 0.293198623668068
0.154055214708712 0.0787246615447969 0.228340064861652 0.095587633090741 0.142082133681637 0.106108433827173 0.195101858285288
0.0119148170466305 0.039186656354127 0.11225881222866 0.189270807343154 0.228042237453843 0.173387182980847 0.245939486592739
0.31555655277791 0.160943227639871 0.032307601032012 0.0604850160970006 0.049358628319471 0.0907594628921746 0.29058951124156
0.0124446894336511 0.239005426307737 0.16811976331293 0.114774416063737 0.219999328876604 0.12108266642069 0.124573709584651
0.254326454359933 0.202957930962159 0.213869950758743 0.00991471807965033 0.215196973095735 0.0893233651862211 0.0144106075575578
0.176053546787776 0.212820030270293 0.0207602321550668 0.0449777810283974 0.181910874726865 0.228974976658731 0.134502558372871
0.163916518191246 0.233123342676199 0.276259381023255 0.108236965253043 0.0468179144554485 0.00760424956811972 0.164041628832689
0.250988234209234 0.0948502670272022 0.112615382783476 0.103541480239567 0.122445685544761 0.224092470916162 0.0914664792795978
0.0121623157384299 0.221380562357763 0.231092187257126 0.253652884502706 0.146053072979939 0.0873879682200405 0.0482710089439953
0.177640220456437 0.0788981382673377 0.13916696629073 0.198380049352065 0.185339130751734 0.142210751699011 0.0783647431826863
0.341963953242482 0.0617015201900066 0.0379779780672164 0.101743058206707 0.242152416450863 0.0518410839082961 0.162619989934428
0.13865899231305 0.116077236788684 0.169002633729199 0.0725538562232792 0.234215540562804 0.210935100856383 0.0585566395266013
0.089016169153425 0.0718004604735674 0.032875261407459 0.143431162886224 0.322604452603157 0.299310738735449 0.040961754740718
0.217439448207209 0.140732926451992 0.191838381606611 0.219603025675104 0.169786156676569 0.00576235867864484 0.05483770270387
0.250907290284115 0.0894129599547855 0.210644351932806 0.0326123450537063 0.158552197832953 0.164612748106045 0.0932581068355892
0.0572610314875382 0.200793011179375 0.0428930381961167 0.220046375425983 0.259955767069585 0.000287981759000364 0.218762794882402
0.0867598076391349 0.165454485860159 0.0974886046957753 0.00332237538843791 0.270953553159153 0.22396541816549 0.15205575509185
0.215872882945069 0.0247487992274733 0.0913208081345578 0.257712663144942 0.0465235023295816 0.00851750128357109 0.355303842934806
0.176965905102567 0.0204588433511454 0.0732632656411615 0.208079833515845 0.249342977233304 0.0295486955676297 0.242340479588347
0.0472533616263115 0.452743375525557 0.283167630589184 0.136559364543158 0.066631213443355 0.0127081676460375 0.000936886626397804
0.00996829291729372 0.179063366284345 0.244244496173732 0.18881964373444 0.17120716287615 0.0842662535901883 0.12243078442385
0.0894088247832016 0.219886109023165 0.0494084079123683 0.0406139606208263 0.15714807502567 0.223228175388488 0.220306447246281
0.207478308394168 0.0528819183874093 0.139903740452711 0.206992891031487 0.0290862394127115 0.196212121630711 0.167444780690802
0.0129395716796979 0.100633673015388 0.245892726391166 0.248374020604527 0.103976910732227 0.181902312945641 0.106280784631353
0.215559879005568 0.167867897466442 0.144564547187229 0.0705157560865735 0.206143160356471 0.151619985284786 0.04372877461293
0.205362121552531 0.128818436203906 0.211553895563051 0.123847081710183 0.028209419648837 0.108449054834951 0.193759990486541
0.140946803214074 0.144140922240749 0.223425351388462 0.132421726783158 0.0992202886580229 0.107989824536703 0.151855083178832
0.00022000581096354 0.0161761130638588 0.148348299462409 0.194372369073127 0.241083036557104 0.219055188681638 0.180744987350899
0.0738868364006991 0.0188329269253516 0.21156127477217 0.233839012034461 0.208507044420015 0.216799450657981 0.036573454789322
0.104250223001124 0.162923444090238 0.104957492627446 0.172347104459009 0.193513480330203 0.0769740011879726 0.185034254304008
0.127872788955707 0.232366841500124 0.222165936590881 0.108486202098898 0.133757467483661 0.0453299916552857 0.130020771715444
0.0814256785801874 0.122284002176908 0.0746256190863748 0.177831236429775 0.271403888964404 0.249559713612173 0.0228698611501786
0.0168866992877995 0.261572765737155 0.344644563072128 0.164272178645454 0.0881332761752266 0.0781458702936595 0.0463446467885767
0.207734476557827 0.144404601324016 0.222881082746491 0.0348537304817311 0.203841799828033 0.00587148672069918 0.180412822341203
0.192666002768045 0.279723919692534 0.206944858307411 0.0356111851411818 0.125439183429525 0.00815268922289538 0.151462161438409
0.141468207418643 0.125690467588463 0.0331216788831912 0.165579911258547 0.259711039401478 0.0802486668551572 0.194180028594521
0.206919300119056 0.161875008592564 0.124282638238903 0.182697657779882 0.115476371880268 0.093471859718908 0.115277163670418
0.119393683904795 0.215162015100541 0.0251898814401663 0.219849140971145 0.0454997509058773 0.153197825561488 0.221707702115988
0.0113001291669341 0.192704665268735 0.255389213558627 0.31246702481374 0.0326612291886963 0.171542860738791 0.0239348772644765
