0.223321289208304 0.00470172977129954 0.104255249775476 0.116370818044608 0.184474900304727 0.183832221603877 0.162482683066981 0.0205611082247271
0.0589387793540075 0.131608932567065 0.206064084887364 0.0101719609881597 0.122555510234533 0.197575989742618 0.203847019143384 0.0692377230828695
0.106173820591941 0.0777252669914207 0.139952293127312 0.0516991511513927 0.0688025987769392 0.126773505974338 0.238428945948878 0.190444417437778
0.176871083729178 0.100881491628927 0.0393854898959323 0.112223954170458 0.160114747002782 0.0749575738636572 0.185206166164434 0.150359493544631
0.125038047703821 0.0022443965183503 0.224573603967869 0.185097040518245 0.0863380306987205 0.11737522566207 0.24699191813712 0.0123417367938046
0.0548347655883065 0.0466548725195338 0.119555318267669 0.0963360730974689 0.228065455989063 0.104060710207451 0.155980955770085 0.194511848560423
0.147650413310625 0.14607145206808 0.189590527318457 0.21734909036492 0.0108128295273592 0.124233238605025 0.0385068956318211 0.125785553173712
0.0632250601270755 0.239769946807312 0.197625011838239 0.00920806803593786 0.00338470445739893 0.212359821758915 0.0466126740342963 0.227814712940825
0.206400110663115 0.195794557511359 0.0588650469564598 0.0161104998808902 0.0908904560153634 0.192328582518953 0.0497871517129 0.189823594740959
0.0366344880674845 0.225697367461895 0.0460567212548666 0.0413464291629882 0.0564244141862013 0.199563393307321 0.120189609954974 0.274087576604269
0.00151005933764727 0.0365085415627774 0.10002049975899 0.186747666350075 0.158225074446801 0.201491594958739 0.172562640521183 0.142933923063787
0.240004241211671 0.0443210645243523 0.0796017461026027 0.0237955080763016 0.215478346680489 0.206532905929063 0.159192152968833 0.0310740345066872
0.0326268463876758 0.285590154038768 0.104891684741952 0.0166329194786394 0.0665312343527597 0.200617157809752 0.0373191447266686 0.255790858463784
0.149353743775399 0.0414724053906531 0.0636693118737928 0.134142095511461 0.266728499816751 0.0964778154958669 0.138422666094174 0.109733462041902
0.0965973774982841 0.109450917443858 0.165911110228251 0.00962189887159088 0.0646243156943934 0.353809747000438 0.0692859310563086 0.130698702206876
0.248839364575744 0.247183084281875 0.202865876491355 0.0123778932849318 0.00515569301252227 0.0279625868080958 0.0346050665639564 0.221010434981519
0.123599391706383 0.185932297337147 0.204198790021425 0.106956201243502 0.0449584527416983 0.0412310979464114 0.216055045849543 0.0770687231538904
0.0952447756618305 0.198109018469454 0.219990041298592 0.219224918227056 0.0370980678069242 0.0842463299492957 0.0388683670576799 0.107218481529167
0.00776885314816165 0.0312485993745863 0.376689482840187 0.111723698849065 0.233108508942058 0.136767498228645 0.0315391256602628 0.0711542329570335
0.211902427222086 0.031054580834504 0.00977578425926923 0.196203466590603 0.189974098629303 0.0610290141057137 0.156090020384334 0.143970607974187
0.119921543284571 0.125348955987331 0.107106944458732 0.14454323806639 0.152083860153632 0.0851812209236654 0.134762334352907 0.131051902772771
0.0183786891526867 0.133111347795734 0.0707312916050226 0.183178816262387 0.129664335994055 0.190454227945115 0.117194362908635 0.157286928336365
0.024319936990549 0.275724790713738 0.118892541100574 0.0802603616703783 0.00807687003484112 0.19712647180222 0.158021883247148 0.137577144440551
0.172225634360057 0.192204078206924 0.292305269206674 0.131782542887783 0.0496653094972951 0.00463491921672405 0.127747521158447 0.0294347254660944
0.147200624760096 0.221822521285062 0.0352283321862311 0.00414046111948157 0.233096039901345 0.0862347390794987 0.154053357361219 0.118223924307066
0.017777008611197 0.0481562403000794 0.212140058154245 0.213246493372362 0.139339829140015 0.143999273426477 0.0255885948354658 0.19975250216016
0.03987123065163 0.158475322918018 0.202997816461892 0.147197176448519 0.104438617549161 0.100962000142895 0.0325504948534399 0.213507340974446
0.076588785208027 0.227693396922513 0.0583647739638655 0.113795606043517 0.205830087467424 0.0419860754515766 0.0943991673882444 0.181342107554833
0.125801601475141 0.12796014392225 0.074162889079704 0.170458182260591 0.0154734853726509 0.287079910158862 0.0496787426956637 0.149385045035137
0.164359158679861 0.0737802360901301 0.0775554008352985 0.15819521893904 0.115214571408835 0.0878935508381236 0.189697346532351 0.133304516676361
0.0174697940592032 0.0178266368001423 0.21843272467874 0.144209962219357 0.203738371511615 0.207568906036112 0.0851418438901965 0.105611760804635
0.0507431769126808 0.17695320527395 0.152795796444265 0.0837775503128481 0.0516441863358129 0.155701069719858 0.143274771638267 0.185110243362317
0.187472488593237 0.201911877113939 0.108244975026472 0.0441099516533461 0.0883011924477146 0.140442067767897 0.0882211772798987 0.141296270117496
0.0863222554408445 0.0686949686623233 0.181980313713861 0.188385886266865 0.19905986611696 0.0121468872399005 0.110441324664106 0.15296849789514
0.162959035229763 0.175627218684702 0.175975885709159 0.0853978594996615 0.0878565311234074 0.0958646732742072 0.124406029656995 0.091912766822105
0.225696468763586 0.147328340361529 0.0502599312912395 0.16464578316739 0.213415071934447 0.154739000565358 0.00863591090667809 0.0352794930097725
0.0712447427980786 0.27802578512272 0.0622902658177909 0.100456987598301 0.0702677983355431 0.0821614093526574 0.201123542841528 0.13442946813338
0.340208302206362 0.0631006639773408 0.0261675853697547 0.0998597341630148 0.354731791898957 0.0063234229480343 0.100282931933773 0.0093255675027637
0.32530825582784 0.00112553408559346 0.0027240307497006 0.0267346590116228 0.0375651082166541 0.12554146080134 0.212048099953127 0.268952851354122
0.135320493302881 0.0157891607208588 0.175191086056102 0.172709033038106 0.136541072680585 0.162991916894808 0.00124237587449057 0.20021486143217
0.124897935493776 0.197454016544944 0.17483130421589 0.0147323203642801 0.223220726776726 0.0492434744207162 0.0356808902243483 0.179939331959318
0.142217047945197 0.0795737742169529 0.0678925566443994 0.1536015950893 0.163174832694622 0.0809166919839402 0.210473537354962 0.102149964070627
0.285103623145634 0.0825748230142463 0.0667700711526606 0.107713692489927 0.0986970389836749 0.0531751386016636 0.244407240430388 0.0615583721818065
0.109790081672945 0.159929272818935 0.0822018939531375 0.16892190635608 0.04298864400219 0.121639554130406 0.110904870372866 0.203623776693441
0.214378497925378 0.243924824014314 0.0602438239703631 0.166009912718874 0.0803730212099276 0.122561011269964 0.0152587681465374 0.0972501407446427
0.0785106345621955 0.12051048579077 0.208996987570496 0.00294945565591093 0.15471855483683 0.157516135351369 0.138531601067326 0.138266145165102
0.0304313795792612 0.0356197026303961 0.0798950750079662 0.189854442171354 0.138820982335555 0.1766576111366 0.11059057260772 0.238130234531147
0.0104814834458883 0.138789375076634 0.0494548618373202 0.144480724138772 0.0819432895856316 0.214509185925077 0.259057841747537 0.101283238243139
0.177718452793804 0.222641563928695 0.118738413966825 0.0311520193012872 0.181036378504101 0.0081643944314011 0.0828089607125774 0.17773981636131
0.117212043165939 0.0944107169547995 0.170943344040846 0.0771767420399777 0.0897978461692033 0.225655388991821 0.052665046165901 0.172138872471512
0.106337319751755 0.0833490767200904 0.198550686308297 0.05200939080713 0.195101300352457 0.135951696566611 0.102101861117184 0.126598668376476
0.172669490093695 0.171603739569656 0.197028538830877 0.0420062368366502 0.15428021616822 0.0311570156033576 0.200318062109574 0.0309367007879706
0.174850886086837 0.0931224287031606 0.0884001103028063 0.227587102341243 0.195059344941907 0.046972233047495 0.0336615496185979 0.140346344957954
0.144165260086793 0.185796085598855 0.150534137438316 0.115391284713757 0.124234473539014 0.0735858519130759 0.1188693257159 0.0874235809942877
0.188311989617728 0.206423109069326 0.127334106130402 0.11618402112734 0.204609411567881 0.0473020693865171 0.0624754321694287 0.0473598609313778
0.134060654936608 0.12544174633879 0.0751021482211218 0.145758736352267 0.133886503099075 0.0985959279815011 0.204269549984666 0.0828847330859721
0.0271037300394133 0.211627345209005 0.122266030290148 0.2538101020091 0.306554090774208 0.0182543345706631 0.0207601797282663 0.0396241873791948
0.128497309304966 0.0297167850998541 0.293035386692861 0.216254335110121 0.281015893850196 0.0224637624432072 0.0153362793913139 0.0136802481074817
0.000295507084455205 0.0395733946532164 0.226401882993363 0.155106174824023 0.17606917528301 0.0748834429709052 0.225910859847626 0.101759562343402
0.130193533167107 0.12796705422756 0.0755271997164297 0.100838381797578 0.227416905682131 0.0543498816911961 0.0542678227913562 0.229439220926643
0.0760415657992235 0.0980596576761771 0.0701748115601119 0.207833239223133 0.147354739856666 0.200068375138335 0.199191905681411 0.00127570506494314
0.0135856122694709 0.0120218171444956 0.218898697165395 0.217057646903836 0.131130519924491 0.11632990892783 0.0896956316815081 0.201280165982973
0.115653941602452 0.226635879919304 0.177236079625193 0.0252275069217325 0.232248539373209 0.0041494811182211 0.0171579357282052 0.201690635711683
0.132126920895675 0.143285391162504 0.207223901569252 0.137895105860011 0.0408326216524611 0.0096062949501715 0.142508656076527 0.186521107833398
0.148030392864277 0.195673717085369 0.0172073700939893 0.129342636270079 0.125750260820625 0.188063401069883 0.164511591499083 0.0314206302966945
0.0608235839865252 0.254999969576961 0.0520717985850905 0.103437554040281 0.101538693319239 0.0704006523635306 0.187890752134133 0.16883699599424
0.0567287126612867 0.216932081934737 0.167052180127017 0.200322580779788 0.0329417224468226 0.228482266048067 0.016778153937912 0.0807623020643698
0.028997401410358 0.275085509235676 0.28131196425123 0.0338301877410498 0.116806435330976 0.0192964966026521 0.0614956557680121 0.183176349660046
0.176990639757232 0.231524798594648 0.176751399057855 0.204265344135204 0.0280374969440512 0.0186628042668045 0.144064848055293 0.0197026691889126
0.262483048971069 0.0727360472054182 0.0831645286436757 0.215701635747796 0.0422998865512634 0.281957455551327 0.0121470557907888 0.029510341538662
0.0599081713033047 0.0423043439159992 0.311684963298152 0.119526617514603 0.100158885847501 0.12386387085184 0.233006011474736 0.00954713579386421
0.0417814409026096 0.21466698959129 0.0123276312794367 0.0796142709996058 0.282438922108099 0.199458091217027 0.00378425312023734 0.165928400781694
0.172363821899405 0.165839980022899 0.216384310372397 0.0609000062884793 0.10759296822458 0.124227945691382 0.0467806282003916 0.105910339300465
0.22438107442587 0.18437959669642 0.019718644619882 0.00376927564640634 0.242183285177756 0.0682645231605802 0.0504036796192902 0.206899920653795
0.195391413087248 0.0778755009721078 0.128664020333703 0.128884919901053 0.0185668596086511 0.210968955576166 0.218906548796419 0.0207417817246522
0.172387096337318 0.148618099482247 0.0647535826976568 0.0380227940855659 0.0222690979640916 0.238851948270819 0.0358268932975317 0.27927048786477
0.0225341983202337 0.0829840841241944 0.223908815870421 0.0366067854655411 0.0454195787003967 0.218936034530767 0.154891207935124 0.214719295053323
0.196726604663727 0.166742852300218 0.172734953263954 0.176157205774908 0.103764032440982 0.01678282025469 0.0538098273311435 0.113281703970377
0.202895548740241 0.104302375250504 0.120842033865299 0.269874155470844 0.00202403922686634 0.0721274601751156 0.196007917901424 0.0319264693697059
0.00462177050920874 0.119282480921319 0.179942797051696 0.151545690452251 0.180920313407982 0.147015943581915 0.11287202506297 0.103798979012658
0.059493693966082 0.141990864645278 0.0727598055111156 0.0943503700672571 0.197401395605069 0.151579787355666 0.114954102139342 0.167469980710189
0.0660723355976673 0.126778039648574 0.104888292479063 0.0726861829286435 0.242440258405777 0.1818747488971 0.178985550580402 0.0262745914627723
0.124396794214929 0.0400329392492012 0.0997944322125291 0.181190215152207 0.198768971982989 0.146976216006836 0.0426161318023664 0.166224299378942
0.138377800890126 0.0944687200809117 0.163794364544193 0.114197844179504 0.086838995951596 0.131659688276217 0.106179238885139 0.164483347192313
0.0728221928040618 0.119119285062855 0.0753034755969213 0.18750402854539 0.172125453939483 0.129911410090613 0.135331474455455 0.107882679505222
0.119801911864106 0.00404189973762338 0.0715452689803907 0.158227173312642 0.198071686931379 0.0193592278542996 0.227110230091642 0.201842601227919
0.0696232246398225 0.133401743388044 0.0525074618680059 0.17578816871708 0.289637774325653 0.0694521966752095 0.122474769098593 0.0871146612875925
0.0704576087858478 0.169198309700493 0.005698838962764 0.237700746291572 0.196861202671101 0.0690274247013392 0.168618913399169 0.082436955487714
0.211414243397137 0.225835037520849 0.130451752624773 0.0634680666406883 0.100592658667583 0.123958100695377 0.0384337981550888 0.105846342298504
0.0937263019118994 0.129715202036654 0.120287429527742 0.128772249638281 0.117488149517015 0.14005033316201 0.217835287242991 0.0521250469634077
0.245931722837618 0.206960941197856 0.0560973804956049 0.089627449353595 0.0199742391678921 0.177598546633777 0.025974498312585 0.177835222001072
0.22584816718087 0.147963738276919 0.0705234499187589 0.136363001971743 0.0750002402834384 0.0329827672154865 0.23010677570236 0.0812118594504238
0.138821795822108 0.00660947185146712 0.0982943834431582 0.0366604618499288 0.223918707116431 0.0452201940464566 0.0995773226314131 0.350897663239037
0.0316444503508961 0.0821838355523845 0.10700460993757 0.0675524291517403 0.102845788914499 0.130536866546034 0.267524471013946 0.21070754853293
0.149075411265835 0.110756823415844 0.101294279046138 0.154263505882 0.154164901198449 0.0357603647927777 0.128143184564123 0.166541529834834
0.219024402503719 0.0367388727667209 0.0162117260184661 0.143906900440553 0.0189526177266431 0.0198035361431906 0.311876221915279 0.233485722485428
0.190389903051351 0.119277582248166 0.0235260008799025 0.148329210909355 0.172388400295158 0.155467552006691 0.139075008433211 0.0515463421761647
0.123705788168873 0.192862855834473 0.117535598560149 0.224743202734883 0.100024000539709 0.199328305683739 0.0263478744680765 0.0154523740100973
0.201210160779998 0.0578843548907026 0.0817279227802947 0.260694112241258 0.0188052914615035 0.0491547789513388 0.223034604392782 0.107488774502122
0.281543294428658 0.0610429988180457 0.00961980640158828 0.00905284839286947 0.14742921219588 0.17774443006665 0.268571514611288 0.0449958950850205
0.209606259469913 0.161167073916467 0.179166676230876 0.170035622030555 0.0151963642659817 0.160763623383907 0.0775780581888541 0.0264863225134476
0.128853692008066 0.264948034299375 0.0711288573956068 0.176691485942825 0.102156347758214 0.0431993127366542 0.136111662962445 0.0769106068968139
0.0182814496500908 0.00780536992905897 0.090388751024319 0.232697284078881 0.231531041602485 0.196101978878408 0.13120721693056 0.0919869079061969
0.16933611551028 0.0353975657355298 0.210716500074883 0.132343777341846 0.0909506180181883 0.147567558096755 0.0493007280485039 0.164387137174014
0.0336158029252188 0.270922358591116 0.346379818572723 0.0900926619415068 0.0240386724449951 0.0122537566363937 0.128191424798486 0.0945055040895608
0.299267184363509 0.0205564286136579 0.21870874841084 0.00821176482317785 0.0529885209156545 0.0504186634408219 0.168943051912662 0.180905637519677
0.123388406675059 0.179635906528544 0.00250363745081591 0.229236481311998 0.238358277348373 0.0510057895968232 0.0766092835152378 0.0992622175731494
0.111833587536272 0.114540121667649 0.173193312711889 0.0493565176275845 0.0891579857634541 0.148026152923883 0.185330468434079 0.128561853335189
0.210111682718733 0.0690797958294052 0.0759773576821196 0.129637381478027 0.199247447606536 0.0149322626469292 0.281970286348176 0.0190437856900741
0.0606665746639827 0.163305809485236 0.0230229557535351 0.143228256355713 0.175101685432751 0.15427865655216 0.124523891001002 0.155872170755621
0.00615682337926058 0.255787901341746 0.205502256185401 0.116165175425763 0.128509235698499 0.00736230182504701 0.00202849496731772 0.278487811176966
0.0872083178153509 0.211140229063754 0.0495550829729469 0.15636185154661 0.0914592060609159 0.126239521867569 0.0712151625454424 0.206820628127411
0.249712659823131 0.0537551388839706 0.0490381875557373 0.0161794501202642 0.205242155954715 0.102524270141038 0.0782363885314949 0.245311748989648
0.138780403362738 0.105375814248334 0.22994850071442 0.0953807117859644 0.191564606137244 0.00905197733118905 0.113112828858435 0.116785157561676
0.0669321520458456 0.193398134909542 0.177683444612342 0.110760874752454 0.000668925944860477 0.162559987444099 0.147083083764275 0.140913396526582
0.296820734840294 0.0343816332449381 0.139784291908677 0.0584438884946263 0.0115376260202096 0.0347455745359137 0.124708470072572 0.299577780882769
0.112345856303257 0.0151327129074318 0.0986976884820699 0.243084119474466 0.164280165881196 0.089415716761726 0.0322223677560951 0.244821372433758
0.110400199663639 0.0448026862762144 0.185027834753317 0.0226575995891206 0.231647467990699 0.116721831167922 0.107163707074558 0.18157867348453
0.100437177276758 0.191140307485326 0.133072764477929 0.129878199593614 0.0442341537233355 0.0969099809539994 0.15921523496783 0.145112181521208
0.250430406293278 0.0219244053538233 0.0100115721150421 0.149220808534395 0.179324896470333 0.190629248734475 0.00350245979206829 0.194956202706586
0.188495715216956 0.144099036540054 0.0364155972954388 0.0765157967599143 0.0364908760632576 0.230277230050262 0.0909761278448267 0.19672962022929
0.0925896033116165 0.0827106836195749 0.0131514128454344 0.099481900517367 0.256851559140372 0.150322053618339 0.0551004533442765 0.249792333603021
0.262020583920292 0.203202724869999 0.172815280473525 0.00704702173126869 0.124569203066144 0.0191203260600268 0.199581402031958 0.0116434578467872
0.0253620792540612 0.171983677656632 0.0275124644327807 0.278941070657464 0.224063936267121 0.223725334047847 0.0271402254438986 0.0212712122401959
0.0293903701128751 0.164983624858866 0.172985294610764 0.208586832542006 0.132809129509863 0.134122952423149 0.125762072593405 0.031359723349071
0.096772577234414 0.25293251061002 0.22439778079453 0.097137078014341 0.0969895324851545 0.0853241653293593 0.0482227865928395 0.0982235689393424
0.0532739631995129 0.0320019425902575 0.256906341654506 0.085691982523883 0.138848372529714 0.0807003755127368 0.182158226468274 0.170418795521116
0.136139071233556 0.117760414309699 0.092020580202658 0.268675671477184 0.117562742472035 0.0214432513675562 0.0483108475607136 0.198087421376599
0.0509701386392641 0.0558572594194619 0.070927405811084 0.145036744677568 0.145188523458687 0.185804434037434 0.0308707971593949 0.315344696797105
0.106114982852178 0.269466905378274 0.0548784240849384 0.247426172444523 0.209899652149094 0.0521468430581662 0.0351524390423738 0.0249145809904526
0.0615783183477079 0.183222376249488 0.184481074569404 0.000913679390071515 0.145335521425355 0.192135319454645 0.124942612753912 0.107391097809417
0.00954475686736524 0.00437594322762005 0.194507728951945 0.165350274948433 0.192549254156887 0.116937662258502 0.165260111935377 0.151474267653871
0.170191969678466 0.178613251770736 0.0289563120696957 0.208850672124657 0.169198734621592 0.0197534876312803 0.0776666176482214 0.146768954455351
0.254504228849979 0.203570059705334 0.00192639477001653 0.0554507027440416 0.0746257140956964 0.0813003491531382 0.186034253664913 0.142588297016881
0.0951405348705276 0.188419499137942 0.168227418543319 0.0953475217898482 0.209868310844972 0.00409968683639487 0.11252909865575 0.126367929321246
0.0166214050646159 0.0263024752746741 0.207096029914925 0.0562924808070645 0.22057101347401 0.196668149375147 0.0984513240566275 0.177997122032935
0.265824336465728 0.0465070442521122 0.233194561116167 0.00495320646475663 0.116133047501378 0.0644563823409965 0.176056645182206 0.0928747766766555
0.080041733111844 0.143960298468684 0.122322886897322 0.168954907295915 0.254328739783175 0.0866695665050247 0.115071895563328 0.0286499723747085
0.139979958961118 0.195671770802289 0.0406880782099099 0.081640230257117 0.209518017866424 0.0803503226671786 0.110313081560537 0.141838539675425
0.0421933599931494 0.175017881878939 0.181778757286466 0.125602484214186 0.0775078664051105 0.00129513957496765 0.177958342936537 0.218646167710644
0.0871541205643968 0.198539409434266 0.00847567644340339 0.219056842845169 0.0945322984442964 0.103003833213408 0.0651836059380459 0.224054213117014
0.0416752225340066 0.0446269264880976 0.209778694282091 0.194861000909336 0.112238653257995 0.151348109390523 0.131134801316965 0.114336591820986
0.124599378466416 0.125252700351673 0.146208592991851 0.189551210748475 0.0648000173988378 0.189751057061098 0.0376428989948255 0.122194143986823
0.103355268797842 0.0551343711537575 0.086620307544287 0.0806344491764682 0.146484616653411 0.184489890534466 0.188565210115489 0.154715886024279
0.111081313689215 0.121681825362263 0.139425000383537 0.0292328744254821 0.0495312929532906 0.26018416588315 0.204285234284779 0.084578293018282
0.114018731608956 0.065912347517867 0.176564197337635 0.193936204529091 0.109415190831466 0.0223728783251522 0.125337095629374 0.192443354220458
0.146622610719179 0.0705289770527148 0.205708234426158 0.117994942661951 0.215692193666702 0.105448086330251 0.0245917535560794 0.113413201586965
0.0461063615851447 0.0171491123250368 0.21971452905612 0.0269831603833399 0.0499653639616507 0.131614823286892 0.239576074009925 0.268890575391891
0.131520518999741 0.0776215822706923 0.0363139030531566 0.0155946972540392 0.158906371136913 0.187389585777964 0.120495519300695 0.272157822206798
0.0707538557564448 0.069159946615339 0.237180327816936 0.011902393974771 0.0845039662743987 0.168189326390803 0.124859705527693 0.233450477643615
0.156574209860903 0.214396770492022 0.145884904355952 0.000952243409690487 0.0134858353282461 0.168323420409325 0.144500827083591 0.15588178906027
0.12803402993171 0.075009344114647 0.126112512213772 0.146293868162656 0.0535851556677227 0.0713035606956504 0.210441463202783 0.189220066011059
0.044224445151591 0.0137367205156258 0.227324039706724 0.207980149683177 0.223897351759509 0.000789728102854318 0.124206512927116 0.157841052153402
0.12236108866764 0.149778111101185 0.0785079547552553 0.174265861170388 0.175755978723486 0.108391609949491 0.0455809117385711 0.145358483893984
0.00989841106854202 0.168230919946815 0.0661423401826797 0.160086905587608 0.201285181079851 0.114194417907019 0.074420232559127 0.205741591668358
0.073414235241868 0.176227342340073 0.0957134613354024 0.113189314927031 0.0791306101915577 0.139506112900748 0.191801001382062 0.131017921681258
0.163292585462165 0.169350594133047 0.210734242839937 0.0971326838965281 0.170908989276013 0.02484818287369 0.0480991195362333 0.115633601982387
0.0310258987303671 0.188254178489567 0.176596160799635 0.189091351193011 0.0295271525103157 0.167460717653174 0.197041133862232 0.0210034067616995
0.0520421531166604 0.26630635414847 0.0555399736633236 0.00336426829909172 0.185388099932222 0.140340093077476 0.202327469528966 0.0946915882337899
0.113970306073132 0.128591767694512 0.207129327195938 0.083186658287339 0.23549132436148 0.0237894983288733 0.198317904775925 0.00952321328280135
0.136451270487595 0.161799270909331 0.099196433655838 0.224061275325021 0.227958182757153 0.0259461211927038 0.0898375693664012 0.0347498763059577
0.126058636294227 0.137000477282416 0.0437984927160979 0.0549209952577515 0.0821628364234653 0.167862130855515 0.206862453533745 0.181333977636783
0.0522124682674653 0.121143503470998 0.00641649423880128 0.210806655902314 0.164818911833879 0.0997258379868612 0.134876299728523 0.209999828571158
0.043486671564171 0.0272691782823346 0.174551453272437 0.063880472217253 0.247030029051049 0.282588673471052 0.0170644285907536 0.144129093550949
0.00423600855649983 0.181457135538829 0.184393305248521 0.13016234297641 0.165196940003635 0.0247117754930607 0.129090603680151 0.180751888502893
0.232421660833432 0.0706091914394919 0.0952988773290755 0.020383308591454 0.0861198273578023 0.128651300132454 0.244045999897958 0.122469834418332
0.0725695811424406 0.219581738386763 0.255970131187341 0.193323018418189 0.0571024213344066 0.0639292550258956 0.0278532584603586 0.109670596044605
0.0587564769145558 0.175060882519241 0.0555477589489976 0.0487799702322064 0.199941215692278 0.289409621427738 0.0905131494717049 0.0819909247932786
0.146887161537753 0.00389064266010956 0.225974328434174 0.0137043943187735 0.098745409720594 0.214934629369645 0.153944123535692 0.141919310423259
0.139657400019079 0.0343409320078821 0.0129451379984005 0.192657878109501 0.228866593071931 0.0546190705974703 0.159867085567688 0.177045902628049
0.24849117779272 0.185416252534795 0.0506661393755187 0.127651184695031 0.0627172962531623 0.196704780283598 0.0414207128426549 0.0869324562225202
0.183723433213995 0.177900078660162 0.122412418409011 0.0485320374454839 0.0655150858431535 0.0764087908910031 0.1276940210975 0.19781413443969
0.0929897155536455 0.187153301666093 0.224990148237501 0.0920982123254121 0.0370066804064895 0.0703357249752595 0.0528423182189257 0.242583898616674
0.121393854085782 0.176938082062748 0.0922656952315567 0.205499263594325 0.0492346110722693 0.143440575243215 0.201666181377674 0.00956173733243095
0.0269161481726358 0.208891516471746 0.215995249834957 0.00210327363449123 0.142995716317102 0.180612684400246 0.18487410261692 0.0376113085519004
0.0134289862115874 0.15275751365759 0.157607157632556 0.208301719194684 0.140334118025337 0.195481006112266 0.033890133157371 0.0981993660086096
0.0819132681062187 0.0800574575543563 0.107943181520785 0.089516707139349 0.0606665251633361 0.192500725322725 0.201599776104538 0.185802359088692
0.0939491342183685 0.152915738390248 0.17660174669234 0.00935633488111083 0.115587094273746 0.0494168250788733 0.221975871094386 0.180197255370926
0.0215173413178388 0.0834652031298606 0.196487014099697 0.145328412783339 0.158002810656298 0.110016928648221 0.0497476271244873 0.235434662240258
0.11542683748677 0.175856005382162 0.216974769883458 0.0589415644146064 0.0505430622305822 0.0766759061610322 0.192132283536585 0.113449570904804
0.139974593812837 0.15386139483283 0.0247515468497259 0.0837376208334494 0.202370242629599 0.201866053469792 0.109396202059874 0.0840423455118938
0.284403836261134 0.0267629660081757 0.0447868391216118 0.11671470484512 0.166134165392167 0.12802530384345 0.142510793770687 0.0906613907576544
0.035389863656457 0.241240880397653 0.0628421273314374 0.108403830137976 0.138929827578955 0.0756306695980132 0.219404755306151 0.118158045993357
0.155085116439067 0.0359283968675414 0.148411566120555 0.124557128707103 0.204124562585953 0.106381034310568 0.100653902987948 0.124858291981264
0.167082006718824 0.212173186132537 0.10346177199558 0.0455682621833518 0.133195886689287 0.159720612300274 0.00388840589192158 0.174909868088225
0.103591452232595 0.0575986064110456 0.0526307287626043 0.204893710419243 0.0912893190542867 0.148523416677017 0.212241148374527 0.129231618068681
0.16039280633299 0.202891683278675 0.0101454578322439 0.128223866924226 0.139480373618706 0.21590319681653 0.108131724953085 0.0348308902435435
0.0991830316604238 0.0809503141881214 0.122744341091603 0.0896043479285732 0.258767803497 0.118481728057746 0.096732452342038 0.133535981234494
0.072413386085174 0.185490504292663 0.202672288814961 0.0912168573778156 0.181953854556782 0.0218906826600946 0.0972098283935836 0.147152597818926
0.1296219743657 0.119570575576371 0.139592691976936 0.0657148190380149 0.139360605346234 0.131259956997519 0.0901813514379863 0.184698025261239
0.0368471001884241 0.082256459497911 0.116914990347631 0.108078778135598 0.292135717281394 0.0307360655517415 0.0651398519337966 0.267891037063504
0.0848231931533415 0.278857429592542 0.0386857535657063 0.194348882744898 0.147150524572554 0.198414423339394 0.0392498374891433 0.0184699555424207
0.0944834613173454 0.152788438525022 0.201916280011688 0.128600773281258 0.0911792191720696 0.187289145147902 0.0105778591028511 0.133164823441863
0.0402472053260681 0.184269971470856 0.0361232314334282 0.133459998219772 0.197827843325618 0.168432966205875 0.130409640101876 0.109229143916507
0.153281408692448 0.129673977492355 0.177876051165904 0.165230619318817 0.1641978727291 0.132122395303208 0.0590090852211132 0.0186085900770544
0.0694565101142706 0.105793374702152 0.081440195524844 0.166685260377789 0.163997143630752 0.150850483542639 0.0556888735355342 0.206088158572019
0.0906605494140982 0.053675026274404 0.130609304266263 0.168225527577056 0.121011658124338 0.128928604637343 0.13172087022345 0.175168459483049
0.120552290082288 0.183777137513459 0.199735760574349 0.182685492185956 0.0852750765203253 0.115672727014584 0.0143297788019631 0.0979717373070763
0.186064842346363 0.0455088536319843 0.150915395602457 0.0563127089070547 0.21368121644042 0.135922781452146 0.0611147481864989 0.150479453433076
0.0737653686586 0.100112907962717 0.0316646657125278 0.186479511885684 0.166708164456751 0.232183464159101 0.192434230188622 0.0166516869759972
0.174484649782526 0.200411172418069 0.087736779345056 0.263164987874133 0.0349650256566395 0.090793576506784 0.147105908117848 0.00133790029894409
0.193206039700881 0.186948965560356 0.116748946240321 0.0888922942530319 0.124767505391836 0.0528719699161092 0.11838047047632 0.118183808461145
0.173203081231025 0.150633978325718 0.184850035616693 0.100123876833568 0.0519194039035668 0.222313999118605 0.0727537288859782 0.0442018960848458
0.194662003521043 0.0804266831572563 0.0705251062676732 0.0944589780541353 0.253359831531943 0.175806297272416 0.0893342157933964 0.0414268844021367
0.194065624677803 0.0689517992824058 0.115143803669032 0.0874245901805126 0.049384563090217 0.0708366415171658 0.193009694266934 0.221183283315929
0.138656917612231 0.0125444886708899 0.0885853835144994 0.219121255945599 0.309893515432248 0.0204379439969106 0.151769756109409 0.0589907387182142
0.0248150258123981 0.190384196094806 0.129347952920156 0.0311237758478927 0.21838196895297 0.065540041416905 0.132700780076253 0.207706258878619
0.21476839389079 0.136032069377085 0.191658984118812 0.130229629666986 0.190879741492138 0.013377302163675 0.111372119555029 0.0116817597354852
0.0285588544546137 0.0290204659500249 0.00675118590088569 0.223878140337785 0.0496831142983293 0.2125618432772 0.210163901466972 0.239382494314189
0.225509176891446 0.018229944423857 0.109694690340582 0.124650063078926 0.0988935624479573 0.136695053967461 0.0589862267836222 0.227341282066148
0.202136729460892 0.00816331391745505 0.0787048116836614 0.0467242015358507 0.25482376594277 0.191376554677518 0.0809960832942468 0.137074539487606
0.128057064996148 0.195403499364504 0.153855499212299 0.148652028172002 0.188031074859038 0.0766050874479809 0.00618704810603908 0.103208697841989
0.0415796072579972 0.225540531232367 0.0964990570894922 0.268322350589232 0.179272711704786 0.0347564645690887 0.00515690754982183 0.148872370007216
0.080816918314558 0.181600305042995 0.239590857094564 0.109790593228807 0.0206492587382887 0.294011135363824 0.0074503532050314 0.0660905790119325
0.0364855878288317 0.168382836538935 0.139227389944105 0.160947830446163 0.205400947637415 0.19163317664802 0.0695606190026592 0.0283616119538705
0.196803656652357 0.0840372135263763 0.107398078187049 0.154603677680718 0.0905113230322869 0.0658954727649762 0.257359036493791 0.0433915416624464
0.0593339564014666 0.0792497103330422 0.196907562630909 0.203718539598779 0.0621461832346879 0.0992115836514377 0.192491095432405 0.106941368717272
0.231957808660515 0.115114750155393 0.00282301628291518 0.215715449943661 0.128524773989666 0.0833324471492022 0.210658170655807 0.0118735831628415
0.0478542560859115 0.142141342097029 0.132301342794362 0.0241622883732811 0.0998398433659401 0.236508323928037 0.084233284182924 0.232959319172515
0.155980164407601 0.0260957631785949 0.0471774917370841 0.178511922284589 0.151040415798347 0.121322500530365 0.167068886304623 0.152802855758797
0.128129135165249 0.16210788355855 0.180538734034454 0.096212676597798 0.107362253382643 0.0672110358460364 0.137316873902148 0.121121407513123
0.0388591419459039 0.16713053119427 0.132708728705266 0.00636143556088821 0.136378164943817 0.225125521887881 0.0825189856979142 0.21091749006406
0.0430450757539119 0.220380893861424 0.0903218682499931 0.123568115538896 0.121383514569817 0.177935965884672 0.0315887168824605 0.191775849258826
0.155060835745204 0.189594264777884 0.233679036516503 0.201913843624398 0.105558678846733 0.0188902425617914 0.0142774629821505 0.0810256349453366
0.0300215900435765 0.19011973456784 0.200707189637421 0.14289527469713 0.0731376653885177 0.119164886715034 0.117533623377039 0.126420035573442
0.0165579045656654 0.0245111098403923 0.10608187958593 0.165992857727997 0.190805010258108 0.231717585107189 0.0568140967649776 0.20751955614974
0.121654693358767 0.191529998779993 0.042544970136648 0.0894159183615666 0.179769772320985 0.0571451428010496 0.125347747287395 0.192591756953595
0.194929997930687 0.104185877885506 0.166665339743781 0.058250571183189 0.18236687349957 0.100903664499603 0.115940991743044 0.0767566835146207
0.205997642155705 0.127486272275656 0.211287393137301 0.169757508594808 0.153861901511697 0.0296664896887995 0.0218055580905783 0.0801372345454549
0.14647473889517 0.0759494935063818 0.142752677824206 0.209893998000128 0.0886959264175353 0.161035752205939 0.0966261804199786 0.078571232730662
0.110273241098233 0.172891896375632 0.0171016524916022 0.0573162772115204 0.187508509101511 0.177530456427314 0.107170631507079 0.170207335787108
0.0739459970388031 0.243814980098234 0.150932451805981 0.164365298492295 0.109292305582647 0.0192077340537148 0.0383605096477199 0.200080723280605
0.192648417192139 0.106197562168566 0.170804626841752 0.185117296104681 0.0955857442039725 0.0507518409466348 0.102019562913636 0.0968749496286182
0.152057009901606 0.0568364548291803 0.206188232404988 0.20305794210777 0.163438959146156 0.028710226149019 0.0845239867971032 0.105187188664178
0.163838000047336 0.17616674692625 0.122014817377704 0.18443273060284 0.153960211943737 0.0239769418919402 0.118692451306001 0.056918099904192
0.136694202576077 0.0653288049002409 0.194930615814397 0.0702270123578998 0.0989686315363219 0.23018717863426 0.137259656418594 0.066403897762208
0.1647044567754 0.140836951081734 0.211054961662451 0.064591197654897 0.151591120086591 0.127154919332819 0.104471195454855 0.0355951979512523
0.17374632111405 0.128476477805463 0.0386615686520512 0.124806278480749 0.142423766370501 0.0713503199564087 0.166821931127437 0.15371333649334
0.0729181315447097 0.0733882478602631 0.0884372285009884 0.152691630688495 0.218125472247055 0.154168837944892 0.0243533743910203 0.215917076822576
0.020996664277557 0.0972657728334984 0.17313507624469 0.139761181740524 0.134144500603288 0.178395061780346 0.0527974878000335 0.203504254720062
0.121130341996364 0.194593028656506 0.225455877338841 0.0660344369191288 0.131354227895439 0.0907421896077389 0.158639411779297 0.012050485806685
0.153116847843754 0.0226623774754219 0.150811131137307 0.137446632707853 0.10798949476452 0.131695235544855 0.149162044375485 0.147116236150804
0.0539404278974168 0.0107545183405935 0.0940967778807206 0.185531269710928 0.204501779451601 0.179954588286945 0.0438617452011781 0.227358893230617
0.0987886689565482 0.155004190785245 0.146552752901395 0.119418647437324 0.129443826374832 0.0929682482631939 0.137659684270928 0.120163981010534
0.0736940840454878 0.128797831772792 0.111764005849048 0.213755752464293 0.00719739215860697 0.231231373714266 0.0167564646075697 0.216803095387936
0.0379849708210763 0.12436007868121 0.144136148647125 0.200773159468919 0.124665997194052 0.183160900142718 0.0416230888999521 0.143295656144948
0.0584862479048904 0.181655290477939 0.137002241645844 0.153694678612507 0.0925772857792322 0.16737230464578 0.121974975935876 0.0872369749979317
0.118068833372762 0.0299429793499251 0.0777838308323593 0.151533202748401 0.0940759154598967 0.171404294488762 0.183094796602542 0.174096147145352
0.16532576409948 0.117209364835445 0.153496884899425 0.140761845081244 0.132652813194914 0.0670454194106648 0.0563328019608611 0.167175106517966
0.012566670058566 0.26057658154887 0.0909013173697328 0.090413716120355 0.124211378258697 0.125968354304487 0.213319174524133 0.0820428078151591
0.236724481063843 0.211370703064911 0.0411837740673 0.180270102800572 0.0823949891143057 0.199382778421677 0.0180851313636502 0.0305880401037407
0.0884922266298084 0.213149265181318 0.0832253094549867 0.142227954125525 0.0713978904650665 0.270202254859312 0.0398107576120753 0.0914943416719079
0.143531736203337 0.014055651024396 0.362746211104188 0.0725018705820798 0.0944828951888774 0.0550306928114804 0.0819355917723246 0.175715351313317
0.0856359204937284 0.123201107033234 0.173465059082429 0.0551962572914549 0.0865169337834727 0.192652925435207 0.145566098093109 0.137765698787365
0.154078440756759 0.0639947219633701 0.166943234730739 0.0671633232095148 0.128550593404902 0.20311944573686 0.114669035071801 0.101481205126053
0.211991299818841 0.144805385973989 0.126025775635149 0.163431201892667 0.025053326684084 0.116044314189135 0.17409473323681 0.0385539625693258
0.18405321241987 0.134965919785028 0.105874515387587 0.159411601074091 0.152007130460667 0.177407398717039 0.0617122002249958 0.0245680219307226
0.0464988867428335 0.0842172806208705 0.164157826584642 0.0624795140228876 0.246191752167061 0.124674157930811 0.262671584763777 0.00910899716711806
0.253391086066196 0.100627927640309 0.00621439394127233 0.134734143139193 0.0759658816215565 0.0811689529482646 0.18974512173674 0.158152492906469
0.162856492386727 0.044816872838053 0.0438141959468073 0.038059923050564 0.196650362596784 0.184901942084507 0.151441056804604 0.177459154291955
0.213139322225132 0.121312351905142 0.0661591378945154 0.203619253615827 0.129446492356879 0.00779017153450729 0.0299040968894162 0.228629173578581
0.116553761944145 0.139211444878682 0.182335066926011 0.132727110131261 0.0686780105562378 0.00278652101208109 0.172078264961851 0.185629819589731
0.0736317749483226 0.0985447265161024 0.0606887480161896 0.183076600102244 0.246440301392229 0.11587425226677 0.0134276806702074 0.208315916087935
0.0121286182936948 0.226570983523702 0.0934431641485927 0.181938959746729 0.0738590416432507 0.17113580010749 0.227446129163355 0.0134773033731856
0.0390985587113667 0.126020615005258 0.0493066991645776 0.0398026023877317 0.192313461303913 0.19268350010088 0.1507239573026 0.210050606023674
0.138658221079946 0.0551730411113259 0.20448026531064 0.144016122329766 0.187855838887241 0.120356992876718 0.0369397308588393 0.112519787545524
0.01093738832445 0.0698495050805066 0.133193221864604 0.0321375843451709 0.2232985593293 0.164284831585429 0.0913634293902432 0.274935480080296
0.104951274629984 0.0557790658419511 0.252334484428544 0.0614461259406116 0.085971840780756 0.0488586700349904 0.345449057357345 0.0452094809858176
0.134408907783463 0.174382635260367 0.158740140359412 0.0511188829392045 0.144801643698318 0.123927703306123 0.085368642488875 0.127251444164237
0.0344944750460887 0.254485926004834 0.0343050328831213 0.119760176560939 0.0512150264149928 0.242097273367667 0.195700288776836 0.067941800945521
0.0449142695868535 0.234352480638558 0.0607063837018607 0.136113661451389 0.121715618859887 0.0582882888264983 0.104200608936087 0.239708687998867
0.240180695078206 0.103700283835078 0.00950151446721423 0.144834237515133 0.207253385203238 0.0217163814233787 0.118752254928222 0.15406124754953
0.0692956024817001 0.087524164148881 0.267197217099405 0.0860446655754945 0.038553264717854 0.189155273184537 0.154350276746289 0.107879536045839
