0.085524420851141 0.118388195320125 0.286458584628549 0.158699192785286 0.0859086758261711 0.265020930588729
0.156641158039762 0.140225844872193 0.144303609780249 0.17055585838022 0.237693766774078 0.150579762153499
0.193899944571322 0.0451107492473456 0.183179112725626 0.200536449601458 0.199580751192531 0.177692992661717
0.238381860275316 0.230986849575313 0.169927802449272 0.0630175717453562 0.0685239457312434 0.2291619702235
0.030773128425445 0.328345957934544 0.0654388817023762 0.127591800583862 0.159624425428145 0.288225805925628
0.185172018327427 0.00298002896330806 0.0859723668522294 0.128269033989204 0.269302347774185 0.328304204093645
0.0339692830496446 0.00633070799370797 0.305800445769034 0.252549259657845 0.332646032841314 0.0687042706884551
0.188582826859505 0.263598638025867 0.0948888117040134 0.0992856478498982 0.325630571128052 0.0280135044326633
0.254468625293737 0.305080086779555 0.127776684645479 0.255654655386401 0.0464067730966136 0.0106131747982153
0.214870144732349 0.274196554228664 0.0404997793687074 0.135574120771774 0.0631945266339159 0.27166487426459
0.26019757070679 0.129848350440286 0.00314135669874822 0.0601859220477803 0.165829747934208 0.380797052172186
0.168079615697865 0.0705691239930437 0.277534112283998 0.225644289879677 0.249479654577286 0.00869320356813054
0.135648846596989 0.187436866239178 0.0468895693175383 0.316322616096809 0.306720024062857 0.00698207768662932
0.191390085201775 0.231461166991873 0.0696525013732088 0.257307691603234 0.229556993984661 0.0206315608452481
0.088869736062604 0.184815499134071 0.122721175943542 0.153703227996917 0.259790628958125 0.190099731904742
0.189618030359361 0.0195005414236668 0.0936861650795211 0.322993554442409 0.158263276413825 0.215938432281217
0.166545399600201 0.00612051134224901 0.195032445620635 0.133359790012796 0.253209668619408 0.245732184804712
0.0380182705383947 0.297680460951154 0.210503341452823 0.151703822408673 0.236519003297112 0.0655751013518441
0.549307077037469 0.0846838772091128 0.187279575715256 0.0589308513676391 0.0145361829726877 0.105262435697835
0.0508970305452648 0.0352231094749154 0.310828003820704 0.545131467084633 0.000762200995292674 0.0571581880791898
0.377423358269163 0.184413715446575 0.309354491146393 0.0377917293051441 0.0267893369110771 0.0642273689216477
0.258848083320382 0.0808616082227125 0.323500323883472 0.248566937420565 0.0142440048064397 0.0739790423464288
0.219139284051404 0.239873520000354 0.126140092043322 0.0392871872268663 0.0560544840612982 0.319505432616756
0.00336913630886676 0.0339570346592004 0.316317587305573 0.270295190266106 0.175239171655211 0.200821879805043
0.0108783001429476 0.0315795380915841 0.267924254162141 0.328281035956269 0.299097936056744 0.0622389355903138
0.20520712379709 0.209783208162654 0.236546646154454 0.184442739683344 0.132914939559753 0.0311053426427053
0.318023868277262 0.0149118153667231 0.399252279285511 0.0540648261124254 0.0808987270705235 0.132848483887554
0.189047237255105 0.178017798610874 0.224520034980605 0.192707047320524 0.17919540880678 0.0365124730261121
0.23809672057533 0.0797088229932393 0.313149529565202 0.179009449657727 0.161079093488482 0.0289563837200202
0.25987970144784 0.035352933291483 0.244871520620886 0.301381458822793 0.0978063082406212 0.0607080775763762
0.133154786001827 0.214312973580354 0.243274104948392 0.149231429364116 0.111131136434985 0.148895569670326
0.240606012143464 0.223611921185164 0.15297044417372 0.238826393186997 0.124908253950327 0.0190769753603275
0.199146475521025 0.262437819263385 0.159830417755392 0.11417695542856 0.0925493908640577 0.17185894116758
0.219069039391228 0.0661451542355549 0.273485734351095 0.173972632041101 0.0342350671601373 0.233092372820883
0.0210739561683157 0.188017904224296 0.179242187352951 0.159192722745266 0.304560578325305 0.147912651183865
0.186698412583156 0.208691225136607 0.134300590524437 0.263239619665293 0.175270919561278 0.0317992325292287
0.270439875371766 0.00991395561813255 0.316394917806283 0.100485688986366 0.205551611182053 0.097213951035399
0.242372920288785 0.152111504298305 0.105839469466017 0.197240373102859 0.185310356898592 0.117125375945443
0.0759706854390624 0.0978571204675638 0.256829206745458 0.246878030251143 0.0499256018584513 0.272539355238321
0.0917128813043749 0.00418730408803505 0.205361087630142 0.0979843433625238 0.330165702025144 0.270588681589781
0.1988850834657 0.123249221401289 0.0518403142572884 0.448411968936916 0.166564987070151 0.011048424868655
0.196239624812252 0.0285322986686906 0.425546508246196 0.0182876306357761 0.243186078215131 0.0882078594219539
0.0865364988530274 0.016131330269058 0.178920559077119 0.310969389268584 0.167947095834755 0.239495126697457
0.142567696940273 0.226928322546231 0.310576679960994 0.0588381379943962 0.257133649409867 0.00395551314823891
0.300737758455394 0.205196884704931 0.275850907620549 0.0656995161571102 0.0539077611985263 0.0986071718634895
0.147728469026898 0.480846072514167 0.0230548854612338 0.0132284073562857 0.186395373344861 0.148746792296555
0.300518925982347 0.0491226612795593 0.263469294246274 0.163642927152846 0.198003334178809 0.0252428571601642
0.199963610099878 0.201685859629882 0.0327232054009238 0.21407907319471 0.116305248100703 0.235243003573903
0.200329035051409 0.0969898110023014 0.125318242365129 0.220610454205702 0.238648918936825 0.118103538438633
0.0280388980433269 0.197637291809375 0.216010780125997 0.205605372935092 0.149716709746707 0.202990947339501
0.212008058371472 0.0432538067939218 0.126014177456284 0.232656983846553 0.220622551895776 0.165444421635994
0.21475073042933 0.208186380873651 0.099819424179563 0.264720341103161 0.20469008982409 0.00783303359020517
0.0237617779066867 0.21249329070597 0.190136238721936 0.247341828075769 0.0388336617113981 0.287433202878241
0.232876799354316 0.165708631441688 0.215611843581099 0.0953234033538319 0.208501061676575 0.0819782605924896
0.16412271650375 0.0619622862031688 0.315991675598513 0.254855552011951 0.0143854400756025 0.188682329607015
0.248292482422543 0.347494283631565 0.0968278771160864 0.0382337560689538 0.16170318556668 0.107448415194171
0.0301403069317328 0.268694195986345 0.0535329523859639 0.303958133329698 0.211496573922089 0.132177837444172
0.149434077212779 0.250101002764211 0.258735252920331 0.0303254907195513 0.050228693598021 0.261175482785107
0.138584018166804 0.150390910664874 0.0168361376471506 0.237174435853055 0.237104541616576 0.21990995605154
0.105223705750602 0.154854852391437 0.0589303262243066 0.266311205980374 0.189086614737285 0.225593294915995
0.246409101034226 0.0364098114352951 0.331862002624398 0.278901266202281 0.0621423667706447 0.0442754519331557
0.195987692639846 0.283193175231867 0.0570837602129677 0.00695657787590888 0.244175658465456 0.212603135573954
0.11393134730716 0.422575951579014 0.136401551837821 0.0714405309562417 0.14004568155345 0.115604936766314
0.198264935815692 0.113806180608387 0.138001892553286 0.297661268906115 0.0730573195602855 0.179208402556235
0.105951635681273 0.045488089021942 0.0744254229610197 0.227714606587883 0.311667011482892 0.23475323426499
0.193838628942426 0.0186798284850431 0.123672652703666 0.171492199691771 0.233373509324483 0.258943180852611
0.269779519792622 0.0590649028082405 0.220406176779991 0.177527418148486 0.244994228282723 0.0282277541879376
0.111497056766031 0.110755653890217 0.0799621031950614 0.170880401174816 0.282008558055153 0.244896226918721
0.0993530482898774 0.105792837072532 0.156010174889882 0.144048618888069 0.247964657545886 0.246830663313754
0.144726130019882 0.135313861390705 0.242931113046854 0.165280506668485 0.274715166533421 0.0370332223406526
0.240300538057689 0.0568490755333526 0.000150047218834698 0.237146937293164 0.223244776573961 0.242308625322999
0.146779563647101 0.315592298853975 0.0580580760894451 0.367376705968164 0.0369460237463404 0.0752473316949747
0.18094738566783 0.0620005469692173 0.156179673422551 0.226066552225982 0.214091668188648 0.160714173525771
0.285709903823252 0.085765046248998 0.207834274442568 0.177618040010357 0.196385166935971 0.0466875685388551
0.300540768747982 6.88039856482587e-05 0.206242484058476 0.139767153250206 0.109886298957523 0.243494491000165
0.148703166013479 0.199877754999909 0.220464505504306 0.126431035120348 0.183302967311906 0.121220571050051
0.2183902288229 0.198322981767346 0.282832409058055 0.194147175296616 0.000712958434348728 0.105594246620733
0.0786305527167015 0.115781977649576 0.101982161811633 0.218187966236757 0.38301272746597 0.102404614119363
0.106192332605425 0.227609964975631 0.0607792851349329 0.228983615434898 0.226891616204606 0.149543185644508
0.18859012591439 0.0685338908389605 0.166699554448436 0.16051866912908 0.27155670402241 0.144101055646723
0.211749455193488 0.156724598519784 0.040513417070518 0.141052967927472 0.262682679024136 0.187276882264602
0.0591865622222462 0.2631499014845 0.0753437806158311 0.221054167069767 0.261237692131148 0.120027896476507
0.230318417920397 0.23941579112508 0.264568399381606 0.107489753336706 0.0198649351690039 0.138342703067207
0.301899865982584 0.239963689041223 0.0220257553483187 0.174202720955367 0.18037322819343 0.0815347404790779
0.0895798936633309 0.325869120457793 0.0906398855324786 0.235343957078623 0.183547966115566 0.0750191771522092
0.112516276401006 0.168343764504808 0.164542765776557 0.279800385415223 0.181529092921 0.0932677149814069
0.252725777989659 0.00932655467197962 0.18211293901242 0.43490099422055 0.0993122620048904 0.0216214721005011
0.0346142145975001 0.27321428165195 0.212568136833141 0.259824545046197 0.0352624318605931 0.184516390010618
0.231765301694244 0.298636215964105 0.112930761316025 0.0244756398327373 0.116946990443648 0.21524509074924
0.148322995432345 0.13198089759018 0.256089389506438 0.140068234441557 0.268758665566932 0.0547798174625487
0.0534087714173672 0.209357252539492 0.269655952116924 0.181606419559264 0.194264925060792 0.0917066793061607
0.186541081021221 0.0937171458785727 0.0757834007439209 0.272630053382653 0.343201800191696 0.0281265187819365
0.207905854849983 0.223189893511917 0.185069110796046 0.0447971626940657 0.203360519544544 0.135677458603445
0.0655663154731964 0.0156787283229898 0.117891355068816 0.255854415590212 0.302487673437762 0.242521512107024
0.208517180462934 0.197607592731702 0.0352762726203876 0.249176365347737 0.268942571678823 0.0404800171584158
0.154761852427245 0.282609420937282 0.18452317985567 0.0632674681858439 0.287565071306534 0.0272730072874246
0.26197118516565 0.113662705956586 0.238391359247435 0.0245073690142217 0.206618456552077 0.15484892406403
0.273965928295717 0.17638722686524 0.107760265697899 0.186857540460824 0.139170238596302 0.115858800084017
0.205256994040183 0.24970373256007 0.100398681710586 0.0241563006814351 0.16487553045061 0.255608760557118
0.0801538452391967 0.184661841792868 0.154053481547891 0.187030485865938 0.191160235474575 0.202940110079532
0.209344990733261 0.247511219977349 0.125689185960705 0.367602551724865 0.0111303320592761 0.0387217195445437
0.203852343822056 0.188804489298732 0.173541792316547 0.159066233278676 0.116848213569979 0.15788692771401
0.0874668999564544 0.12079912618428 0.322264103521703 0.159815189426338 0.193091028717199 0.116563652194025
0.0504121155254859 0.260550065758717 0.217802909698972 0.175748078753416 0.110006067704188 0.185480762559221
0.16055153867567 0.0973617378399285 0.248242344814268 0.105010554329269 0.190588632467308 0.198245191873556
0.291199555528175 0.192083892489978 0.295911060883736 0.0198386376388716 0.136213856939792 0.0647529965194474
0.250008319091158 0.265172674934203 0.0208879537451319 0.114478442853796 0.276149524971399 0.0733030844043123
0.0508204903019725 0.185892819116033 0.0229295569135534 0.284082704641385 0.273990062335833 0.182284366691223
0.222182050014086 0.156526942586165 0.136329997646332 0.235027573568448 0.166187082464275 0.0837463537206934
0.023989234042679 0.192568825009243 0.308053246666562 0.179110350518365 0.0251400549379019 0.271138288825248
0.201024561711065 0.0945322069442469 0.105894907299689 0.152187576910993 0.429703676579954 0.0166570705540519
0.2601814755496 0.0409133309751436 0.186299045165838 0.0417103249623484 0.229339709318873 0.241556114028196
0.121659639892005 0.250906591654649 0.262783113946143 0.100724222891935 0.156770045722644 0.107156385892624
0.139376717423049 0.326701226801474 0.0486331767696116 0.0334334683967073 0.37310908884848 0.0787463217606772
0.0963576078542548 0.237591817299496 0.0931674898786193 0.109372435909207 0.248220405085678 0.215290243972745
0.0871204623998521 0.00253396641800601 0.259921942724988 0.284587321226879 0.146150774327528 0.219685532902747
0.00288378041230552 0.0479080185735182 0.347387925491636 0.244668216205689 0.00827868674366591 0.348873372573185
0.285055912001403 0.155193496317569 0.149561156611404 0.199769577260442 0.174103381468406 0.0363164763407769
0.287051260756658 0.0715234424049302 0.0812449562244878 0.362451708954415 0.0125747176000814 0.185153914059427
0.180822506981188 0.250132402938921 0.15931603022086 0.156643396380374 0.122225750349929 0.130859913128729
0.343057697271424 0.0997513626101114 0.173477111280477 0.109476431129525 0.08480054627737 0.189436851431092
0.136966864769913 0.36171650197343 0.222468889286087 0.00531424984663303 0.0217699598027632 0.251763534321174
0.322847599073274 0.0157200462464645 0.0725460071181473 0.114359971549573 0.259969217879595 0.214557158132947
0.284310970306462 0.0643521231042553 0.139568401419029 0.173550303314871 0.172989754516057 0.165228447339325
0.254709797942155 0.120496109212343 0.133844825035303 0.21679372899975 0.0712872118642744 0.202868326946175
0.190164738034298 0.130485594477436 0.154026299196077 0.184359880311823 0.188163776465519 0.152799711514846
0.108971248752331 0.162149517727811 0.238134200203634 0.155279510390354 0.28071362299802 0.0547518999278499
0.224713352449419 0.105209985893612 0.19137738164979 0.248913372534405 0.191797303191569 0.0379886042812058
0.367758188466125 0.0767000466053697 0.24817108388645 0.0352256779410063 0.146010708349821 0.126134294751228
0.0753396618781423 0.451375531463005 0.157186809181802 0.09398373375199 0.214834631593019 0.00727963213204233
0.0352945156167378 0.34940916203708 0.224073940639122 0.158630621864661 0.218392417480738 0.0141993423616605
0.20357308220905 0.227725174472786 0.0639373547495822 0.151808937028286 0.155544156683622 0.197411294856674
0.168227050217785 0.350787999446766 0.174228834906369 0.125473640799715 0.0215533738940851 0.159729100735279
0.131961351516028 0.402949696756946 0.251816363046262 0.0355494809834555 0.0937712170333542 0.083951890663955
0.19647819835632 0.128300003324334 0.151147704961196 0.0404035198919269 0.245478349321746 0.238192224144478
0.140601083153627 0.160070354266247 0.0692626590155889 0.194899872791516 0.125536666078022 0.309629364695
0.287386418324402 0.0305484096790102 0.344251353508743 0.116808393164254 0.0798110377907401 0.14119438753285
0.180230723619571 0.0254577344092465 0.123619444834484 0.274321744853517 0.170309692877316 0.226060659405866
0.113583912314355 0.202392668571191 0.118907610266966 0.0745198525016121 0.154632947744405 0.335963008601471
0.252519648836167 0.233956138156525 0.0656004861783276 0.149149474804306 0.220592640942802 0.0781816110818728
0.183224438704761 0.0381910586702373 0.0209039825411986 0.266839767512299 0.216307604861135 0.27453314771037
0.125904895824862 0.315445211039642 0.188169594783575 0.166411135237375 0.196919187296498 0.00714997581804859
0.0423450135252896 0.389369894493089 0.0591356780454022 0.22863322760773 0.247515539567154 0.0330006467613342
0.251598027325636 0.187506532322047 0.0559253012195172 0.0211254235013151 0.225702575644307 0.258142139987179
0.122935260448308 0.0652661755985271 0.0911351115688511 0.339847190141555 0.379893078356863 0.000923183885895689
0.129105710498196 0.0654504213285171 0.0318553702110684 0.308140513558383 0.28472619281818 0.180721791585655
0.225117231961482 0.0558117236911385 0.0609688035775061 0.0315212910782601 0.497275602756141 0.129305346935472
0.22847456661239 0.0889743093813649 0.235817444716617 0.279929203523486 0.084587371975212 0.0822171037909302
0.266573942451957 0.222727583228835 0.0561521398886382 0.0125682008035302 0.13332779138868 0.308650342238359
0.199801080627128 0.200957362615104 0.132806680474561 0.12218281290111 0.166834844979803 0.177417218402294
0.0847021873806763 0.272776081935666 0.0339966210336343 0.135498091718854 0.22469592140647 0.2483310965247
0.255936766436454 0.263028478424444 0.146705356688552 0.210632239882508 0.0271030037205731 0.0965941548474687
0.0708937728462929 0.150614152066561 0.108926889210284 0.157318949149365 0.263934494540371 0.248311742187125
0.064508894234765 0.177276532384375 0.176775022823752 0.172535857227493 0.168890976501014 0.240012716828602
0.102457835552145 0.206647057992244 0.264530394446208 0.15913234421306 0.185937659741319 0.0812947080550244
0.196787781176623 0.212745669355047 0.100761110418353 0.287113627647927 0.072862966453258 0.129728844948792
0.157104654532226 0.0714316406217361 0.228065435053337 0.239831596388839 0.125306295206301 0.17826037819756
0.247401448570566 0.147260016724708 0.110886500338267 0.304079907081151 0.107594932743017 0.0827771945422908
0.171483879463569 0.332039975624833 0.109395546191372 0.176281674105284 0.145474795924777 0.0653241286901662
0.227607059081897 0.0143006687918354 0.201636868098728 0.163686042063051 0.149031991379819 0.243737370584669
0.201511436921543 0.133224337023389 0.137958179071338 0.170462800312873 0.162099972413653 0.194743274257205
0.240012911596072 0.156430812982369 0.178025387800737 0.208862311406598 0.0719438137162198 0.144724762498004
0.23270386775529 0.190358484079608 0.00765726630866955 0.185026272937511 0.0436631542981444 0.340590954620777
0.299629860221046 0.0670828110457176 0.107444623376614 0.029942071679595 0.29918216124432 0.196718472432707
0.22356801116628 0.00256727139269059 0.0562808307606616 0.355432335979836 0.34952551507167 0.0126260356288622
0.0467660317075563 0.116178084263771 0.221783245475768 0.168038163492084 0.186453500722728 0.260780974338093
0.0529359630438694 0.154182077240871 0.219535437566496 0.169661923376737 0.232365430802785 0.171319167969241
0.199617843648975 0.232037109474351 0.103382990399665 0.208268325528133 0.194584441267386 0.0621092896814897
0.00526127815049038 0.199409375897949 0.194989798796832 0.307910673854043 0.249538661660066 0.0428902116406192
0.0889770325834401 0.0510848463311687 0.255151562179727 0.177034231576075 0.136044045402126 0.291708281927464
0.0776182960696687 0.0109538425944186 0.243892360945762 0.269638953383251 0.183956024977526 0.213940522029373
0.137188726590627 0.284554542826101 0.137811533361238 0.14212903782828 0.213043630093378 0.0852725293003763
0.0356686061804895 0.205886061400579 0.127752945560436 0.289942455777263 0.248264633230222 0.0924852978510108
0.107915893229498 0.188879298376439 0.224141387848768 0.255872530037022 0.162152872443363 0.0610380180649095
0.16208127149236 0.0802948446039603 0.15865198885866 0.171076499332708 0.209031934016322 0.21886346169599
0.16185441868914 0.180835978349201 0.231276011015083 0.165436315844877 0.148916034306837 0.111681241794862
0.24061772239444 0.0601164509746687 0.251285158162532 0.151673934000564 0.220126165419324 0.0761805690484711
0.202594616132458 0.00865845660926909 0.162209026741853 0.279398048917416 0.0870415898553099 0.260098261743694
0.025749433896581 0.322118549407743 0.24945688957883 0.123733249385337 0.242073401529155 0.0368684762023548
0.266019839880105 0.117933121681905 0.21001664870975 0.164582059489836 0.129723186249698 0.111725143988707
0.11907133984273 0.132194376370235 0.0958926620182235 0.194877785231343 0.312735933129174 0.145227903408294
0.0345318480447872 0.251433362323193 0.146109625670281 0.262018899933892 0.299511726719187 0.00639453730865963
0.0393405902803473 0.408426220328246 0.198242778297726 0.100094403995836 0.0541512492526075 0.199744757845237
0.128379599661251 0.278877347476327 0.160493272651373 0.271608220398299 0.131861230642058 0.0287803291706907
0.240671591049136 0.207118279291726 0.019191995239975 0.26707405784239 0.263647384378111 0.00229669219866066
0.198964362983249 0.0979544513420461 0.209084115895428 0.226654752972405 0.230573911719497 0.0367684050873743
0.340845951505144 0.0339238660503558 0.273088629458758 0.0903376476188848 0.0545271654499006 0.207276739916957
0.220022457768764 0.239854145240043 0.11813378076276 0.0727597944570522 0.217005278636345 0.132224543135035
0.326377982588725 0.434842149638228 0.019903514583764 0.0600499863712871 0.0159472075261032 0.142879159291893
0.181907772945912 0.245561578377354 0.0779277941589101 0.145792189569266 0.143177900834877 0.205632764113681
0.15647586797192 0.0831563360342047 0.265805857716163 0.031245729642582 0.26151385328049 0.20180235535464
0.212307727320147 0.0648951312318489 0.223552101769803 0.201174142927403 0.216482181722119 0.0815887150286791
0.262926853149794 0.269240188405548 0.156581819471584 0.0836435327633739 0.0560348091452398 0.17157279706446
0.224941911638252 0.10374829500367 0.195461263333834 0.254891232667617 0.0558621359683329 0.165095161388293
0.17868909587545 0.137207855329677 0.119202221030639 0.327742645922743 0.0314870096296444 0.205671172211846
0.0780675204978802 0.13123534869269 0.00857557500396843 0.295879177630816 0.275920942086959 0.210321436087687
0.457009111338166 0.188239698956288 0.0765114166577967 0.139705807376086 0.0951233341107977 0.0434106315608658
0.329900176732789 0.134188228556858 0.0547819025068292 0.156247610437126 0.0290773775555702 0.295804704210827
0.170404192028618 0.21362997299164 0.0222889279572133 0.267544227320366 0.101915149016967 0.224217530685196
0.350684151956093 0.260561223892239 0.0160479372727942 0.0129443263313047 0.298722551750339 0.0610398087972303
0.140527188258623 0.290617102742751 0.124126142086376 0.124128746590121 0.115826512590977 0.204774307731151
0.193873746074134 0.222215438610256 0.104086289172704 0.102465146995305 0.20578564564207 0.171573733505531
0.162468855811469 0.160119959490086 0.364392878504883 0.192663469346811 0.119866523696828 0.000488313149923776
0.220004556538993 0.0830830868253052 0.203632917519499 0.183645414446347 0.170291963951793 0.139342060718062
0.118657255265687 0.260563801772761 0.0447654277109368 0.232735090338161 0.0556888475348964 0.287589577377557
0.185222266837376 0.117001192487145 0.178076645531084 0.165399692651668 0.191858787679572 0.162441414813156
0.278645338179525 0.140035373244802 0.0879905749254775 0.0514441856730878 0.149696748557005 0.292187779420103
0.090006000320193 0.168781921028121 0.0390705879450232 0.304478962420414 0.286948789942199 0.110713738344051
0.467318054969619 0.16285312814158 0.120485133536084 0.100348594351939 0.0111947829744842 0.137800306026295
0.0542122889468256 0.177011769929087 0.0226301904127669 0.28491607191472 0.369270474237387 0.0919592045592139
0.000338810727832076 0.0365335694526651 0.232409672326297 0.205458424158642 0.151735060098394 0.37352446323617
0.179556263792948 0.145394169936439 0.0542931853467752 0.177264917226867 0.162014114122781 0.281477349574189
0.0822278663448965 0.431083343479704 0.0464517494012387 0.285253829232511 0.105341289216469 0.0496419223251809
0.0918361677956824 0.331905509818058 0.254062550132833 0.126794170355482 0.0614267174045398 0.133974884493404
0.069438336078083 0.11659603168695 0.178677929239045 0.214621435176155 0.164745054624533 0.255921213195234
0.222709648305293 0.248398792544005 0.254347569330746 0.22875371923363 0.030456394876337 0.0153338757099886
0.0736129986673582 0.186752711421111 0.202593262109487 0.413057727439037 0.0990479939829628 0.0249353063800442
0.096870469031889 0.319152143505291 0.129392238015625 0.051221945911423 0.237308666404335 0.166054537131437
0.169394305248529 0.00784294117202487 0.0300989457020359 0.00318972592632166 0.395626635831111 0.393847446119977
0.135448535520135 0.264455583239504 0.0867087533144835 0.217290617018821 0.178967049071746 0.117129461835311
0.251087081512019 0.105201516111948 0.0680677246940692 0.0752522657889977 0.189400743379604 0.310990668513363
0.0552514555125213 0.151905628205568 0.248850554316925 0.0364439495978792 0.311754929186823 0.195793483180283
0.0891826124628402 0.216659750632543 0.460094047837965 0.142640914650883 0.00647149525384542 0.0849511791619233
0.211062041216651 0.201620531145547 0.100985921045809 0.10759007085104 0.194255234916742 0.184486200824212
0.219405516965962 0.369214440003525 0.145332337276887 0.109381261582928 0.118132720588753 0.0385337235819446
0.122012384924699 0.275138238166612 0.112019541364362 0.199667198245436 0.0554496223954812 0.235713014903409
0.396790971943044 0.159546153657515 0.0698717634499336 0.0142236667141983 0.154677422816038 0.204890021419271
0.24897661101436 0.126374363422758 0.126114349941032 0.0188360131779283 0.257302155024438 0.222396507419483
0.0135966495563713 0.267748013760295 0.199095616101327 0.195281500765682 0.15982689059554 0.164451329220785
0.189636007110787 0.313767883666532 0.176130562045542 0.00972783579501901 0.0999477033081223 0.210790008073997
0.289219437713448 0.321282044381854 0.0262258355557827 0.132865608324006 0.0175734862455807 0.212833587779327
0.199734745424523 0.154807696458262 0.185792587457245 0.0852226805699127 0.244113628490158 0.1303286615999
0.268503814193798 0.0429638677410994 0.168528389997343 0.21616836160775 0.268884893373009 0.0349506730870006
0.212119086574628 0.0395156826447829 0.261370184126679 0.134124012332978 0.214876971787557 0.137994062533375
0.105075702505681 0.0669844159796615 0.253749111929555 0.029800082361484 0.229695530053689 0.31469515716993
0.0876730423035551 0.345787693000926 0.253177843741425 0.0323810037391557 0.189043149051755 0.0919372681631826
0.247338855295888 0.0315696821731455 0.0989450797560613 0.140620043220463 0.213689758769389 0.267836580785053
0.0825815878229962 0.146514598580626 0.0325614061943133 0.186580199002296 0.241468624801783 0.310293583597986
0.218354239834513 0.234316740923135 0.172232684127065 0.180493767546515 0.0560977939830029 0.13850477358577
0.332565982173882 0.167128137223085 0.0274838278021744 0.0411257815602045 0.292021507321715 0.139674763918939
0.213647753545524 0.274009960759594 0.194135418752773 0.00112168290042914 0.177903064358691 0.139182119682988
0.145915917277337 0.269678625287514 0.0946840446638073 0.0616672624533635 0.269667562798249 0.158386587519729
0.268115974177487 0.0123470883254792 0.189923784723154 0.245545335839316 0.21413873138058 0.0699290855539839
0.0729356280884466 0.232640734379591 0.150128217257654 0.208204320729872 0.0264752269553804 0.309615872589057
0.300987691769519 0.0719679260714472 0.180961889604202 0.216788603833615 0.109341832065302 0.119952056655915
0.226022678389187 0.196234772064197 0.244028900177791 0.194058084512688 0.100709375183616 0.0389461896725219
0.131282119969444 0.0130815622799324 0.242877371581117 0.180086558569027 0.292568071497966 0.140104316102514
0.231084582436162 0.243812841871055 0.068863913948603 0.22961754170046 0.038752162289831 0.187868957753889
0.286638445371464 0.182424355513383 0.154706144489203 0.135781574980485 0.0659863799638537 0.174463099681611
0.0953209117965064 0.0631104086344445 0.154467273732507 0.247664309535036 0.212133219244116 0.22730387705739
0.186438936007078 0.123144483673336 0.284511177295158 0.006438643756763 0.0135128638160415 0.385953895451623
0.252053561378656 0.0492724228227302 0.0958637092481558 0.254579391095665 0.157925098439635 0.190305817015158
0.261753397590919 0.249936602968312 0.106888541624305 0.122274820547379 0.122520708809801 0.136625928459284
0.18691428815078 0.339719151466895 0.262245713430272 0.0380138508434747 0.00537840838585493 0.167728587722723
0.289401667043078 0.21750012696812 0.165025057968151 0.0361670883897573 0.157052767745564 0.13485329188533
0.239002046721585 0.0599767102860632 0.0917924995435821 0.179653248629535 0.211125950546495 0.218449544272739
0.186432712887409 0.130380084079675 0.229552539062864 0.189682931197763 0.110007913537022 0.153943819235267
0.180939302545185 0.0509986848755624 0.224730186566311 0.259680391242598 0.233990999923592 0.0496604348467511
0.12137567208571 0.0636826797834006 0.1020776260708 0.169361826605279 0.259190070765678 0.284312124689133
0.026555389057852 0.253590062058916 0.0976720023462986 0.314054445114401 0.109843174414563 0.19828492700797
0.296563202520196 0.0179678313933933 0.253847034513336 0.063455919873813 0.167976570114932 0.200189441584329
0.166563547541218 0.307712862159852 0.243193444516757 0.019108990477703 0.00897133134410052 0.254449823960369
0.0107854990447571 0.164942207553949 0.189875627261781 0.234732680298312 0.0613242427996694 0.338339743041531
0.160872502331447 0.00694123765767873 0.235504708815343 0.0732219107633029 0.269815529113101 0.253644111319127
0.24522753774822 0.0894858897028144 0.239144201776189 0.074894715246391 0.196125862114018 0.155121793412367
0.258588400398258 0.263768308876915 0.0264867452821304 0.0637662782808187 0.368956224690102 0.0184340424717759
0.0249094384746896 0.0310216683347482 0.164811370818466 0.182544007218095 0.30301851811513 0.293694997038871
0.0944500060597412 0.0995386177118854 0.253028899091656 0.0208479318890755 0.221369182854411 0.31076536239323
0.0112332889901986 0.451318967942223 0.122990190379843 0.0988678901763923 0.0609339329736505 0.254655729537693
0.0316944000415537 0.264628180005127 0.280050715736952 0.0464439836986061 0.362529451383969 0.0146532691337924
0.140383490049079 0.285868277390951 0.144034462055892 0.122631166305317 0.2063927720351 0.100689832163661
0.28610596136669 0.316449467370079 0.262048217329607 0.0482977124254189 0.0276983344594518 0.0594003070487525
0.176449533020389 0.235607924837041 0.163231223681709 0.194550590501086 0.115837536441088 0.114323191518687
0.17370756766964 0.332877646934881 0.0439483058290717 0.0971647365391164 0.0510349367041039 0.301266806323187
0.417778459327805 0.0683929084831495 0.370935017015562 0.0236367863435679 0.0416413455284724 0.0776154833014433
0.206560811814658 0.233762005028839 0.0351063839953528 0.068062282777124 0.343312024910382 0.113196491473643
0.169906168678646 0.328147494815524 0.111619049942714 0.0775991511220499 0.226752660669733 0.0859754747713332
0.185469878766963 0.0266187585170768 0.171451225168467 0.35604516258871 0.125449543054108 0.134965431904675
0.246929981757037 0.0956305516796439 0.053129052109327 0.248491596204721 0.0540684750937261 0.301750343155545
0.23089880675077 0.248255470372397 0.036887815168278 0.113468801943231 0.0863373531486844 0.28415175261664
0.193984853150297 0.19782304910923 0.185474517863487 0.0114057222127524 0.232990727290316 0.178321130373917
0.166834013605536 0.014489015521189 0.291652876673928 0.263429958154974 0.124150415263938 0.139443720780435
0.238774662502724 0.199268846898742 0.151829637801953 0.170800797108107 0.0853532469303446 0.153972808758129
0.0162210292727206 0.0242854063916415 0.422436251243136 0.0647013222863415 0.139914499150379 0.332441491655782
0.139965810276215 0.358671598068425 0.0680024095494126 0.0836904414248146 0.0601181913431426 0.28955154933799
0.129357146230916 0.346760086120176 0.152140968700992 0.039165120970193 0.242642473285413 0.08993420469231
0.222544621944223 0.254042650096283 0.113342523864595 0.112457464734762 0.288464619721795 0.00914811963834074
0.297972025451902 0.030710782552132 0.0297428626558086 0.302631091193754 0.303673655622489 0.0352695825239148
0.0164015892996969 0.375592573396133 0.218186532554541 0.0183770355543523 0.352062920464809 0.0193793487304675
0.0382243569876705 0.1897690701443 0.142191477699762 0.2001475130854 0.121358053637334 0.308309528445533
0.325818737735086 0.0878593433743843 0.00902811028162919 0.42694508508537 0.138495500243947 0.0118532232795835
0.0144618134142541 0.279683708166781 0.080156920299349 0.013426585774717 0.244658155027165 0.367612817317734
0.328927786151869 0.0299807695483149 0.137505999773652 0.0354585725166677 0.283730979917472 0.184395892092025
0.226908095600939 0.20785351515148 0.225898641836966 0.11885619479646 0.139870360789585 0.0806131918245698
0.223401472496521 0.240336469246241 0.161036659063617 0.061578552716928 0.21130763764567 0.102339208831023
0.277048222342337 0.235321917540922 0.239935577831049 0.101029746764163 0.0783306739820216 0.0683338615395079
0.227136528195753 0.230561785419739 0.14826795986613 0.0857584607220368 0.0850710223998372 0.223204243396503
0.104184880544425 0.090540278186596 0.182573541764352 0.0472799207877697 0.175203376626937 0.40021800208992
0.0607910414798554 0.311934061071134 0.132291108843497 0.166816724977942 0.174703835913653 0.153463227713918
0.139121341373577 0.141046681948316 0.213065992419261 0.219824212381352 0.0874730449877842 0.19946872688971
