0.241204590598474 0.157345233323488 0.200442113992163 0.235123920832039 0.0485064644961209 0.0622130718238845 0.05516460493383
0.142174874089327 0.1136716842335 0.175036257885379 0.200157836018471 0.142195981932655 0.194803103238676 0.0319602626019918
0.088836457678457 0.107762140229819 0.120450240788898 0.0375728881345409 0.0527187506275841 0.277043718566569 0.315615803974132
0.0142151752646258 0.180626314383539 0.423423222169586 0.00834668753557151 0.118339305438567 0.0323533659397796 0.222695929268331
0.0285569793244887 0.163290161623204 0.177161065246158 0.204951701833239 0.167135861394674 0.140739590266321 0.118164640311916
0.0752635026956614 0.349000581541975 0.0247841066195013 0.0977207828624956 0.100163760084315 0.253549817018923 0.0995174491771287
0.0636826582618905 0.297415233486103 0.247768650049847 0.00911681399812616 0.118431620136532 0.0793574274733467 0.184227596594155
0.174631188895493 0.0225540216543653 0.149315015846727 0.230110631016 0.0403139173896948 0.210120978492005 0.172954246705714
0.32959078953996 0.0409218511680188 0.138915673284653 0.130482433190243 0.136632509609909 0.120131623624882 0.103325119582333
0.0830892487004148 0.180693865072452 0.11343916527114 0.125455338875304 0.151067080824069 0.216578979957243 0.129676321299376
0.0442315232424442 0.125577048492284 0.343794921716726 0.0783837537008387 0.200197643364921 0.0315192423164694 0.176295867166316
0.204924332327345 0.196040507751309 0.154020964802857 0.0166439480665849 0.189182481147503 0.0488123572933911 0.190375408611009
0.0532191585182432 0.0176742893393553 0.224922898055204 0.221267469782467 0.202130010678111 0.166668232643203 0.114117940983415
0.1100512510855 0.22033044920868 0.176362302179033 0.168430488374183 0.0492084439302935 0.0875874275646284 0.188029637657682
0.248093160832621 0.0499308979646104 0.110978196922361 0.13418358084017 0.0163870556323611 0.206498341848812 0.233928765959064
0.0153197350378805 0.208545453797213 0.0423316415584641 0.293254623866113 0.0924967840642593 0.158685383579947 0.189366378096123
0.174269834291759 0.114491522148026 0.134194117698231 0.168790087882859 0.155530165665461 0.152503164724036 0.100221107589627
0.183814652209781 0.175800331994663 0.225868767010654 0.0383610297398831 0.0665548074464147 0.105742505341705 0.203857906256899
0.0350145057040536 0.22131364472714 0.165013486841318 0.0757661552915898 0.217106782786248 0.12413079082231 0.161654633827341
0.320363603813799 0.135675988564622 0.0372227520916226 0.0863552139872022 0.0490977495748043 0.176462315843058 0.194822376124892
0.0340752178187834 0.0795001008230717 0.218671904529926 0.267436354727876 0.0552408066021485 0.27503685195508 0.0700387635431147
0.139788393218942 0.0707882257127081 0.258702093908955 0.17024519435605 0.182167374768476 0.0430994172958816 0.135209300738987
0.0912804550514088 0.159435382845365 0.118939581922739 0.120791226435601 0.0498428890215599 0.204864887328368 0.254845577394959
0.229747558389719 0.166597427516606 0.203791731884842 0.101579630864291 0.0551660089068221 0.0259148957935344 0.217202746644185
0.184097467297158 0.0873290347937787 0.150506971028965 0.127800521050211 0.16815621529375 0.183042995674647 0.0990667948614895
0.245673188660344 0.035109370299611 0.325199273246737 0.00331964702397649 0.0927174927155096 0.269268588504035 0.0287124395497862
0.0240872337878517 0.228027531145107 0.139656460621954 0.0638378757520482 0.112322799661376 0.278223121172917 0.153844977858746
0.257797034555697 0.021584675404161 0.111957194557372 0.148834803721079 0.147232895913949 0.0153117060459426 0.297281689801799
0.0719925016803599 0.0100752368096278 0.276821660784309 0.195515302589068 0.0128688371092294 0.234128158109443 0.198598302917963
0.169639381955799 0.120174809609046 0.158380648917066 0.0973939894632737 0.12613630678631 0.102802035416566 0.225472827851939
0.0257748424177009 0.0525374880887398 0.0968951972456828 0.225656460972885 0.375932625998755 0.0547993694656491 0.168404015810587
0.0957547083169164 0.082317099685167 0.18747497394927 0.221695527444722 0.22311306183554 0.0156694186168688 0.173975210151516
0.0566207769596272 0.213260453840412 0.193338807141108 0.0849065985876559 0.208300212524197 0.042313147699559 0.201260003247441
0.209833540998545 0.211222974524426 0.0609688313547581 0.1471261346824 0.215661937854925 0.143057066795326 0.0121295137896191
0.167478703510633 0.189214265695023 0.289670147679997 0.0550079065416608 0.213637101315468 0.0218989170202152 0.0630929582370037
0.230106986242657 0.25819010084345 0.181909589787763 0.169299315766863 0.0683429213381853 0.0894798645050676 0.00267122151601398
0.231287043391393 0.227428040309365 0.0186388838659315 0.125119648038811 0.132223327023099 0.17085919975723 0.0944438576141699
0.20210815880882 0.168617510861953 0.127776261277377 0.00523408015474614 0.107177392674402 0.155996109859795 0.233090486362908
0.00337266636913739 0.0848805032528448 0.284465248405802 0.253163780282517 0.15942861489471 0.114328323361612 0.100360863433378
0.198704047585175 0.165822419334486 0.108601268567662 0.0940186882358426 0.161489419636514 0.230463794125109 0.0409003625152109
0.0197226138807493 0.139741604472886 0.100047269271117 0.0806943151181503 0.214137836628466 0.207219480442373 0.238436880186258
0.122005435681894 0.179190725783841 0.217722360513519 0.0371167696339199 0.117739090745096 0.174854539956416 0.151371077685314
0.125982899867454 0.0953186043859899 0.0607500966327878 0.205549276782536 0.0863277353702077 0.184616893515417 0.241454493445608
0.226826579646433 0.253518757131182 0.0304100809729748 0.111568504171603 0.145141574876769 0.104767434332228 0.127767068868811
0.0601939666960988 0.37069779143947 0.0319480085138433 0.097376795412976 0.201267864954881 0.0883032584259809 0.150212314556749
0.0334835417750987 0.211520112651918 0.190383297293264 0.118208069719023 0.0394737083496615 0.200949316093127 0.205981954117907
0.0302211310666122 0.155458903789978 0.239462122044613 0.167294761091599 0.089399670723043 0.318063337090079 0.000100074194075041
0.129224275039094 0.213539957955457 0.0596642137515974 0.205254559004442 0.174272156580872 0.122041731893877 0.0960031057746602
0.15617334993208 0.0748297181975497 0.290828972536187 0.210032182545411 0.0346381572412414 0.0209171350209153 0.212580484526615
0.0942499014932227 0.141979075041864 0.126858555643768 0.00894641498394187 0.178550300967342 0.21193683754347 0.237478914326391
0.184041547278653 0.209418280419401 0.0974832649323721 0.094091271223417 0.230683293494779 0.055589201784013 0.128693140867365
0.21530291567247 0.136940486665434 0.183417882625079 0.216363031886677 0.0646793660233771 0.153000380948857 0.0302959361781059
0.179437465003522 0.0680758031620594 0.0517651883784702 0.107030522441046 0.204478825370007 0.199104889043849 0.190107306601047
0.238834307972624 0.0661526215920776 0.0274755267679669 0.0178844062096252 0.170827997374329 0.337527377127663 0.141297762955715
0.100137251178449 0.351812209568743 0.0625356937295746 0.0539285688196757 0.224691003662274 0.0123764294776008 0.194518843563682
0.167018362509472 0.23957649173994 0.115976604109819 0.226769438370191 0.00346509862356652 0.0947263023436363 0.152467702303374
0.301418118842176 0.0434868109927002 0.129629937464127 0.113127601953251 0.0226853342907726 0.116222835414632 0.273429361042342
0.285387790157524 0.0163498401290734 0.271353428711399 0.171669184519367 0.0231275538461266 0.00724545670866293 0.224866745927847
0.208521237759638 0.205845716989224 0.122179289364731 0.116397958068684 0.146206472429875 0.191956764667331 0.0088925607205171
0.066203283062975 0.171562020037754 0.175159953528207 0.145977080341346 0.162248563604829 0.17766662037874 0.101182479046148
0.180140000399563 0.173458118822072 0.0845593292870977 0.132424896404146 0.0231752434610558 0.22080573214389 0.185436679482175
0.130503604610669 0.0144928208420921 0.17614031276658 0.211652584678714 0.165612119787686 0.103908473425967 0.197690083888292
0.31339504180268 0.167125409090453 0.177674610700435 0.0215930905684048 0.0714499197277768 0.0405888344921337 0.208173093618117
0.0100164658140426 0.126387994482617 0.0357473828435109 0.297211652730493 0.355978647031692 0.0407826101294202 0.133875246968224
0.0197719935943262 0.275560627649353 0.203642913378045 0.071967899549494 0.105183763678179 0.138067765164976 0.185805036985627
0.0159229109208393 0.200710663904443 0.279590658592825 0.00775901857155709 0.219521534598712 0.231269522669704 0.0452256907419202
0.0275278446543195 0.279586565308577 0.126341183906653 0.170399669632235 0.0728759082106668 0.195202497033037 0.128066331254513
0.0988769573537315 0.217506121715085 0.122353838553606 0.170064712806424 0.169646085259429 0.209704072139239 0.0118482121724858
0.215538445601929 0.202103546030353 0.00995927042108379 0.148815076639336 0.176992328931163 0.105211948748112 0.141379383628023
0.312381208371818 0.250552742138068 0.0436165981201164 0.130545226086834 0.109426545107608 0.0672133035070775 0.0862643766684781
0.118502836405244 0.240526795779452 0.299669448252573 0.0832661515986643 0.0810052842115507 0.151876164065324 0.0251533196871931
0.0397494014809973 0.213517147620611 0.223568924453995 0.160937864045543 0.00104610869620828 0.177815472337495 0.18336508136515
0.0387047402355488 0.133628429865758 0.1824584308831 0.146402616355461 0.156500250645746 0.178327284836075 0.163978247178311
0.0329549476540839 0.115611467000777 0.188157769372698 0.188823687028771 0.129081057587485 0.16598913840014 0.179381932956045
0.0649936706021806 0.251599036868764 0.0392077079230801 0.131573654067143 0.204829531103335 0.185699937624901 0.122096461810596
0.0832590575506025 0.15606704792009 0.14712277917125 0.14135117071472 0.190763744207415 0.260095380689952 0.02134081974597
0.0273465619286465 0.218051078845565 0.316567141243103 0.172276640952578 0.0716602795700427 0.102592630463703 0.0915056669963628
0.0288661120960719 0.158486182907731 0.23132339687462 0.0480855545743183 0.293893728247545 0.0652064039671887 0.174138621332526
0.226141351120729 0.0428219421230116 0.241338219105025 0.00356355064176235 0.0492530783976709 0.178925154342768 0.257956704269033
0.176648733723962 0.165679780757285 0.190627673005668 0.198251526938158 0.00866801550871019 0.16462149842177 0.0955027716444479
0.113026144913557 0.000810766185994873 0.116602233192694 0.0317326538979506 0.406449930973611 0.110228951249947 0.221149319586245
0.129034199110884 0.243831708462119 0.163031538615958 0.0390152569501497 0.0250470220842569 0.197545716790673 0.202494557985959
0.163919853138425 0.230553482312919 0.179232378698626 0.0714922863861488 0.228018790048604 0.115759619829572 0.0110235895857052
0.0206833440422597 0.162770942860497 0.231952772505926 0.177226730228334 0.205348807935404 0.0575172064625063 0.144500195965072
0.103195946462824 0.290138854488714 0.173727067224008 0.0610966318615087 0.0136093767108878 0.335911140415487 0.0223209828365701
0.0175559500756981 0.107582474627021 0.234851229242613 0.131686783548679 0.264268394777734 0.128750068552896 0.115305099175359
0.236291758560683 0.0321078880560665 0.171839428771787 0.207032723868269 0.205031761137517 0.0255687018574357 0.122127737748241
0.12207044975943 0.0254144334836339 0.135021004193057 0.110849413100735 0.162727907776408 0.316190021947631 0.127726769739106
0.00212986614710712 0.185428876272859 0.2906220562923 0.0873464252128572 0.108318072571891 0.0851345886416996 0.241020114861286
0.16689806484885 0.328285764920617 0.16551947537589 0.138115101833199 0.0739262868718187 0.0347342216982362 0.0925210844513899
0.190942937030844 0.172043351965358 0.129926608733518 0.0974544079061358 0.0876862335635267 0.121721511868135 0.200224948932483
0.211387729100712 0.0826671141074329 0.171295697126683 0.101159725312572 0.0920386053899066 0.202725237392932 0.13872589156976
0.17591635633405 0.161434115891642 0.0664032361386063 0.0149323263320494 0.200474075132883 0.201019897075332 0.179819993095437
0.288295100629137 0.0292985350300858 0.171823489318153 0.00549165127201366 0.115387496819933 0.283652385924586 0.106051341006091
0.10650794938337 0.0667790038536735 0.0757149892681304 0.302853447106856 0.126942631716779 0.0990457832653196 0.222156195405871
0.107848880329494 0.136565027177825 0.234409007742581 0.0588028366150875 0.203530780268338 0.0663757480840603 0.192467719782614
0.197055092933824 0.195140279714486 0.104938206338401 0.0923792803563868 0.150340563544002 0.0653358108959792 0.194810766216922
0.246105203619242 0.0989068471961817 0.194066256683913 0.0831874559102317 0.0502268558563244 0.267134315567832 0.0603730651662757
0.229390986810014 0.00869709293099663 0.282391498989792 0.107651386412063 0.183271820580673 0.1440392618669 0.0445579524095602
0.128067975098486 0.0915869785350722 0.0257359490562516 0.230981571414572 0.13564209924542 0.114370666998409 0.273614759651788
0.0759477300238218 0.109802556970796 0.0708180408071217 0.13392610860919 0.231830666494793 0.215380404830554 0.162294492263724
0.266954850232106 0.15562354382357 0.160146031476375 0.285381986467757 0.00352634063247203 0.0221011136771025 0.106266133690618
0.196808901912783 0.170116909076386 0.046879861088131 0.15393513886784 0.153580440800607 0.184422370646843 0.0942563776074103
0.239240352190861 0.0195513410050127 0.0985642513378164 0.231551253899162 0.101632175493416 0.0711659238740989 0.238294702199633
0.218413861202634 0.166535848051932 0.00837822808603076 0.159494268012269 0.0713442311699965 0.132673548285826 0.243160015191312
0.115595454247854 0.0105548496638295 0.263255726706263 0.2273948857351 0.0355733273308005 0.204205339461301 0.143420416854852
0.326410605393608 0.138725326056608 0.0211909567250564 0.350188931072075 0.0537645953748302 0.00177612498498723 0.107943460392835
0.0940701608411453 0.124248270927822 0.154132781510004 0.226315080875339 0.0875164836772606 0.224785504309117 0.0889317178593124
0.185495171848215 0.0867906864591525 0.106215530556776 0.111592692082745 0.222346022591294 0.186453212306287 0.10110668415553
0.393301683817913 0.021817806443876 0.0112229488886969 0.24422258812578 0.010635276095387 0.153577057053712 0.165222639574634
0.0927677194000785 0.197870184025137 0.208354923685025 0.0698647384563687 0.150225984660671 0.226538844447385 0.0543776053253339
0.0726212651287803 0.102216167721527 0.228115229450042 0.162472798539676 0.126637191727498 0.104130651551784 0.203806695880693
0.0866075505136031 0.0208576848015496 0.337117752767187 0.118266225647676 0.0593506816302056 0.162495079293984 0.215305025345795
0.215585003327831 0.243446475582365 0.0258278133844056 0.113562073263499 0.163318486122673 0.0811659062594347 0.157094242059791
0.124939748709266 0.129541489402444 0.104773054835979 0.334817590022609 0.0520934056489215 0.176092160919291 0.0777425504614886
0.115395781105884 0.24311822401429 0.100571007177449 0.105656089992717 0.0640112401532807 0.259437490747652 0.111810166808727
0.150340097552251 0.187072452405206 0.187008248407033 0.156118100337667 0.162371892203524 0.116681302054617 0.0404079070397034
0.0660478623761655 0.0649169791957457 0.224965849128579 0.115960726120145 0.175290063698859 0.25802735021252 0.094791169267986
0.130316103629329 0.211515420989454 0.200582311971056 0.160848959619849 0.0666138951859697 0.0502913617238493 0.179831946880493
0.0739026342398555 0.142833302758792 0.167083004382881 0.138849291285599 0.0241446442197138 0.257696685023918 0.195490438089241
0.084565478189012 0.11866010327558 0.218988101323473 0.22725420822515 0.245972333287738 0.00775444434276896 0.0968053313562773
0.0172989326136859 0.214269138338056 0.250701888125048 0.105543345556122 0.0918666142207753 0.256328059213334 0.0639920219329794
0.0104936764034464 0.229949758239216 0.160177782832856 0.139033087914054 0.0564077960619081 0.266613989156149 0.137323909392371
0.223711433976501 0.0376408416167536 0.103108763323113 0.0650738459583444 0.0243159845190008 0.267800366539244 0.278348764067044
0.0771616573860653 0.150546045013945 0.157426562683293 0.171042709143297 0.111486216899103 0.0350807962509467 0.29725601262335
0.197319337696258 0.0785962518732673 0.0997652355326899 0.00451331438788332 0.159592847267304 0.176463571642335 0.283749441600262
0.226469402646864 0.101618060131802 0.334193351287642 0.277347183251858 0.0134176376269039 0.0347829873564597 0.0121713776984702
0.0615274652411577 0.0996913725604618 0.26989395247643 0.243231055898018 0.154009877876436 0.126898876197937 0.0447473997495591
0.20441556787695 0.150972676918274 0.127651696765999 0.0704368266421782 0.199925512601338 0.0984621916291282 0.148135527566133
0.149421669198367 0.0739626217926096 0.15744919010924 0.305766101746195 0.0245840856493231 0.200411622329435 0.0884047091748311
0.13567727674963 0.162067630359734 0.0450195835575778 0.157124153505381 0.12190783004487 0.219380115231228 0.15882341055158
0.13440527603588 0.216333430188195 0.168432484550951 0.0931277722460425 0.123898418543138 0.113258449749088 0.150544168686705
0.0692178429409386 0.16783905875571 0.253704476326406 0.105628371946376 0.0533994416359344 0.232967093385219 0.117243715009416
0.132457853805072 0.0104751190027264 0.151632763284155 0.138288441746839 0.268312904367456 0.119102146267339 0.179730771526412
0.181780871296142 0.168594866744807 0.189787938854262 0.0755748443731188 0.0111404336440234 0.207572974044025 0.165548071043622
0.159812269226054 0.228487082823017 0.0757108882561907 0.235782107414654 0.00487765953511583 0.0880464077760959 0.207283584968872
0.186100143778274 0.126216209635255 0.160462034184594 0.0370142548073719 0.0174980421028999 0.219274514679009 0.253434800812596
0.279579740451644 0.180068945848746 0.0122158618695147 0.18304637440213 0.135641413529442 0.106423147686463 0.10302451621206
0.0208733892371571 0.242243567420453 0.125124593323958 0.0010380467031579 0.0835727194779321 0.123293665718356 0.403854018118987
0.161592043625406 0.0760987215835631 0.0291663339279739 0.335165636350653 0.223010306225353 0.000611158143975928 0.174355800143075
0.117674782248783 0.12175975693039 0.20941952212189 0.00420972639577498 0.14557264924301 0.167035581616167 0.234327981443986
0.0359168070003001 0.127950988041981 0.165980857511783 0.0622472435940358 0.299581779683781 0.0943165116890144 0.214005812479105
0.00717493865445215 0.125419195762875 0.244619762106871 0.250546102404733 0.0812715241336233 0.15651770440587 0.134450772531575
0.215160691522913 0.1141193637196 0.143865870593901 0.147943261072183 0.0106166771754375 0.18481651198303 0.183477623932936
0.35728104363202 0.0336582494353089 0.0323372391080261 0.104228962016445 0.0897671198785421 0.200057178759335 0.182670207170323
0.0366523793848355 0.122196215786353 0.113551148816517 0.185524188125752 0.102872139479077 0.197513690165839 0.241690238241627
0.138664085114775 0.106785039249939 0.0325404190039379 0.247087936946528 0.157225051403835 0.0592545611552316 0.258442907125753
0.0278274433185085 0.261618591263241 0.156952291290259 0.120793941919593 0.247810991171222 0.163723658951904 0.021273082085273
0.0203165551649692 0.207344757976644 0.0125665070453038 0.228239621621897 0.250789644930474 0.0340495586623718 0.246693354598339
0.0227432686363434 0.125800376442895 0.217513498700484 0.197352003441792 0.24669498181553 0.147123368567688 0.042772502395268
0.0298952072891348 0.258148408730375 0.15059178593629 0.125594815797629 0.147193642647291 0.121725744644821 0.166850394954459
0.0387266988697124 0.105293795837555 0.00387724060260769 0.197888819453448 0.238497573078817 0.147904829437342 0.267811042720518
0.0441995352786696 0.189020669189206 0.107343818409657 0.216288170414253 0.218674423902615 0.195894129643992 0.0285792531616074
0.345740263166887 0.0333313238786742 0.0840512622434955 0.116562867707139 0.216399493994763 0.151112375453901 0.0528024135551412
0.0192651604970663 0.0511431654288567 0.0280068675461722 0.272255812320323 0.25104493312328 0.264292814351272 0.113991246733029
0.111977113300102 0.0497914963551394 0.345552249914919 0.0304280722572088 0.0272827993767585 0.316858671025656 0.118109597770215
0.0970621732751625 0.190364618382886 0.155886169193114 0.111515255805409 0.172218556727172 0.0896593303539659 0.183293896262291
0.224352475937502 0.137956211057152 0.174017134789089 0.22206011434312 0.0217875428086932 0.115888251262237 0.103938269802206
0.011718501517245 0.0340606787602292 0.346352107918904 0.136670560146146 0.0998003114910504 0.272990642463187 0.0984071977032388
0.0617958114813855 0.261123025376574 0.238712726142043 0.0298791791529988 0.195481777566823 0.137700963011027 0.0753065172691494
0.177725548529017 0.119937238578556 0.0630696511001199 0.282455798401656 0.0914506710244082 0.0996817203271869 0.165679372039056
0.0675104220532593 0.0017595447292674 0.236266155670207 0.071983418339408 0.135351318017173 0.319987456695688 0.167141684494998
0.240531536357243 0.0867754337344791 0.234803615548131 0.0600590109622873 0.0474760208852496 0.261804680472153 0.0685497020404571
0.0585900070003139 0.0829263184388901 0.200071476924778 0.0506646531509734 0.243194733240616 0.105840721868583 0.258712089375846
0.158508300956098 0.108021627378994 0.177093310565524 0.0182252884470819 0.164426506413955 0.104901641911611 0.268823324326736
0.334021645117567 0.264669724454639 0.0230051792294948 0.135561895912285 0.016053742584821 0.149733830821847 0.0769539818793463
0.164995586324599 0.192947869037711 0.119395536382835 0.122908832798622 0.171997201061461 0.207910320108073 0.0198446542866996
0.240014076147342 0.0811912879727452 0.0364333780393864 0.102504214493017 0.221593820892877 0.228587026444745 0.0896761960098877
0.125587057653413 0.147214696405094 0.0226600954545168 0.13986844210649 0.229959665604806 0.15043780199918 0.184272240776501
0.269137389548458 0.0213581038323476 0.0492176660992028 0.152053038503814 0.240323912593323 0.112287256104595 0.155622633318259
0.1564305419854 0.110659377478144 0.157662101432716 0.0686554924698966 0.162814888005323 0.174288550225512 0.169489048403008
0.157091505215681 0.0546622058475366 0.140817308547537 0.139674256137859 0.182502368871179 0.155980512931585 0.169271842448623
0.153076170741781 0.198205179762814 0.185209935330872 0.0920430183761049 0.196084001315614 0.117888816386872 0.0574928780859415
0.173075254689405 0.0469275984871515 0.029122980608753 0.063450156546336 0.241451587381699 0.292279504272057 0.153692918014599
0.0958108519893498 0.0348954277498436 0.214262477787192 0.0686610863117366 0.178801734787418 0.3457162121207 0.0618522092537604
0.163634839498806 0.0392595015885724 0.000352721785018176 0.19623282159407 0.0143840607521297 0.323171095528084 0.26296495925332
0.0214508461528409 0.0609101562538118 0.173610404151259 0.2589547805373 0.264022834083653 0.0949601661077945 0.126090812713341
0.0704545390369567 0.23618598723396 0.240310140676863 0.179891428132246 0.170527963329895 0.100885880151797 0.00174406143828136
0.185285199511344 0.119754278249949 0.164538837805269 0.0749198999208905 0.163399732088838 0.170032778368337 0.122069274055371
0.235826428949845 0.00650664167509557 0.0778153761133224 0.229229648103944 0.139545186959307 0.139540500745622 0.171536217452865
0.22484667343014 0.193859222168397 0.197008928534925 0.0161558659337605 0.0907018094335477 0.194476962209886 0.0829505382893434
0.12714904902152 0.101443721657147 0.395266068224616 0.00371343213341408 0.0378432649793126 0.227769430582616 0.106815033401374
0.0534024677775704 0.272115007494287 0.290053188177673 0.06274855185471 0.0440650319748479 0.0106061561364703 0.267009596584441
0.218235767610621 0.0852956712334357 0.0473734384007065 0.109906461575635 0.135039831385125 0.106132091641647 0.298016738152829
0.0871678433425635 0.259455668500071 0.214695567185544 0.226197299150486 0.0495291551888891 0.106900902437701 0.056053564194746
0.138719498088119 0.16800332397443 0.0725309992290633 0.22850158180354 0.217547699007949 0.0466292779292099 0.128067619967689
0.110685713771267 0.177637597738329 0.0909525733837622 0.0207005948597649 0.2541240111761 0.254391010027834 0.0915084990429435
0.0698752490969094 0.0894765080893524 0.182139389558073 0.170029155049826 0.00904453625022547 0.263465843277425 0.21596931867819
0.0383059715701888 0.150014078977804 0.184624306393726 0.1787785991787 0.157480905298097 0.143917539129091 0.146878599452394
0.0194412356905112 0.180442984134815 0.185310703346313 0.16354671406615 0.21789062585935 0.0372055090828855 0.196162227819975
0.156847284706381 0.00601528942946055 0.139221992042754 0.199067707565129 0.151031055821012 0.167445625999496 0.180371044435768
0.236770028470139 0.0201033243900948 0.185613634002902 0.146848147897432 0.152824503519801 0.117357378000574 0.140482983719057
0.181967953448648 0.0319692351072957 0.103335421649089 0.240630868213212 0.0818083109161937 0.262542679363139 0.0977455313024227
0.234936754264309 0.159230446531019 0.0519306377924532 0.120525573304328 0.130280059155829 0.159587354665555 0.143509174286506
0.147074258610418 0.303249474331822 0.0696423979002528 0.115031851625825 0.0855057286984933 0.0771410148907514 0.202355273942437
0.224693692180179 0.108449386982007 0.171100070231627 0.182223001643674 0.0988464937743448 0.0368161420624952 0.177871213125672
0.0121171589532797 0.492687301239263 0.10660654654361 0.0226437498040938 0.0727589578373846 0.0863798879182855 0.206806397704083
0.32683924799126 0.0109488067636459 0.0489540059753997 0.153511434383535 0.0684167088819537 0.356006109755612 0.0353236862485946
0.0648712910788019 0.0876852233787353 0.00704428147333108 0.308188670259851 0.173814866443089 0.149430241578724 0.208965425787468
0.174786158607095 0.105104026538005 0.125474995190217 0.184476266500331 0.165969228935353 0.0913111442025826 0.152878180026416
0.0210750961320495 0.145165459960569 0.0577410212307329 0.159076386543864 0.196701067163039 0.252714759005194 0.167526209964553
0.0190833877327079 0.279917059886914 0.00244137577764659 0.337228122541956 0.212368881145117 0.0556689169221188 0.0932922559935398
0.0951433578516963 0.160964687117341 0.175135571572024 0.0773816533263776 0.254890070005986 0.18274461219604 0.0537400479305347
0.026400930635954 0.0487891585991209 0.00481244971640893 0.233830589125855 0.0559892004186191 0.197462255405103 0.432715416098939
0.162521246583207 0.0212045689770618 0.233051651705213 0.069004959822981 0.198297142953662 0.120794364369065 0.19512606558881
0.159082516310778 0.0363811678872171 0.003107074021458 0.234290183617739 0.248720503723789 0.293355841592419 0.0250627128466013
0.079543134535201 0.0468453215421668 0.223621531382329 0.086595393179547 0.236446331208642 0.137746655319979 0.189201632832136
0.281076500587795 0.280344355495582 0.00869408721950177 0.265156979756276 0.0182762218199395 0.0785122954991636 0.0679395596217419
0.262103034340058 0.149681080262986 0.0498022314766369 0.164895467916672 0.177837441052116 0.0669077204330809 0.128773024518451
0.181162001276525 0.101492902661125 0.0637622341956022 0.121745078716819 0.107747492996109 0.39310115243833 0.0309891377154906
0.14524952319397 0.00417822569633762 0.101985866444365 0.216622902581523 0.132068026578833 0.271345271122349 0.128550184382622
0.190000317140867 0.26861756802606 0.014880065106165 0.272278432800943 0.0799287987764118 0.0640203559392178 0.110274462210335
0.151221446951887 0.231021098408952 0.0408878626842255 0.375629019432895 0.00262221482529588 0.1679394816574 0.0306788760393459
0.347555905403806 0.0781207718863314 0.229100413113275 0.00146627052482577 0.251575206559542 0.0623670390640601 0.02981439344816
0.162475797750003 0.212248315099131 0.110499778251262 0.189687049413738 0.0342863324170898 0.218504742547488 0.0722979845212882
0.0743325284546991 0.148913997752587 0.152427522747432 0.144478435141946 0.141943654677859 0.116373281096825 0.221530580128652
0.170114850866458 0.18555763214126 0.154759793895559 0.116283200108134 0.142191105806718 0.00734447058518858 0.223748946596682
0.20309024926919 0.235416838297927 0.115419819336259 0.158664916910288 0.096998771270709 0.0415552834675258 0.148854121448101
0.278279298507772 0.0450111843478794 0.217981092289165 0.122537816821397 0.0492305668278766 0.267012001659792 0.019948039546119
0.215518850783614 0.185544524474855 0.232402544807464 0.0182902936257066 0.0494795384975783 0.122575459279627 0.176188788531156
0.00674552739339196 0.186874500452116 0.244905946073813 0.123842555986707 0.146480343705213 0.219055850540959 0.0720952758478003
0.0902026752699131 0.150360187375888 0.177105215978227 0.133312821078235 0.183035939473592 0.118761268422501 0.147221892401644
0.0822282260294133 0.0748076686441051 0.232305804828677 0.0997636125605913 0.176942368878276 0.115857956339874 0.218094362719063
0.112340950235265 0.0823174734211374 0.158440378447392 0.161981048994129 0.227915198356745 0.00385475851507682 0.253150192030254
0.0114441220501755 0.171198180423837 0.117483628058496 0.196812968936837 0.217190448330951 0.104944584728099 0.180926067471605
0.142820375998274 0.192741956273447 0.0376103778920293 0.271739136626369 0.0439560243329506 0.119183504065766 0.191948624811165
0.164492612765843 0.0680217364751925 0.185736505883756 0.098942710993602 0.200295057581439 0.113341647052695 0.169169729247473
0.187097788277536 0.117344090933536 0.0863148424844535 0.243784633452682 0.24447597509516 0.0824659887247075 0.0385166810319251
0.224096719721937 0.11736261611232 0.158511369387541 0.29485251154378 0.137483183184167 0.00853386476223676 0.0591597352880176
0.224854760317734 0.0356786807333866 0.00762268308235058 0.250179191132201 0.0336684329258254 0.330631500140591 0.117364751667911
0.18908661297164 0.0603564062226053 0.213080148093776 0.0826246959030671 0.189798497935307 0.157792266051125 0.107261372822479
0.0802202804509535 0.038055446895111 0.061037755765632 0.102354810778435 0.401374326934856 0.187633726760214 0.129323652414799
0.244301224550024 0.069786991016678 0.236088997999961 0.11134961601981 0.222989617777665 0.102557210343305 0.0129263422925563
0.0146590084195618 0.118072741319344 0.19404198731813 0.137646326833976 0.385880503806596 0.0935706886076863 0.056128743694706
0.155873526813602 0.162473736452166 0.199603358127761 0.1732708137352 0.156626655097683 0.0336970348046635 0.118454874968924
0.0281255674303377 0.232385343098617 0.084366291048309 0.0623912070812966 0.255450318320217 0.183699076696835 0.153582196324387
0.288731558777701 0.0207480086501922 0.22663238296633 0.110397483813862 0.143587091664504 0.13392502275421 0.0759784513731996
0.201023614464365 0.123156593443704 0.179323557422336 0.0978982776929024 0.0678117108325137 0.191933028103094 0.138853218041085
0.13033885398719 0.229611074385933 0.11351435988712 0.081880081657026 0.252540125845498 0.0116074342517494 0.180508069985483
0.139367447613784 0.167726699897631 0.194838583917844 0.065102398088341 0.102566981519004 0.144081217590822 0.186316671372574
0.194282061295402 0.0580416727684535 0.166859769526094 0.121408470488402 0.179966939696345 0.151920983880968 0.127520102344334
0.217040833384021 0.00328245349511757 0.237680492098128 0.18229379870656 0.0525370800068392 0.0784363400853566 0.228729002223978
0.112026419744238 0.162175858248223 0.162696586926473 0.190719361693748 0.188103434517305 0.00554662060185292 0.178731718268161
0.137881605754486 0.214037307004074 0.182674734350579 0.0953531512062268 0.149295147021742 0.206123384097599 0.0146346705652939
0.153679295472375 0.126343117704786 0.421575518104189 0.0581129028054273 0.0363266457541942 0.17176225839349 0.0322002617655388
0.116072159749887 0.40091338860769 0.132502007587312 0.0669167450057164 0.0751400486936422 0.170522349513152 0.0379333008426001
0.0553078599430362 0.16005066656194 0.180292955269216 0.00343074168174831 0.278786822256139 0.0472358784861162 0.274895075801804
0.178472880969002 0.0686602504055012 0.0887671759089188 0.197514283582328 0.128235835903009 0.140955611583992 0.197393961647249
0.223825304906156 0.0502289273421581 0.21961357952853 0.0920965087126191 0.0981323283078857 0.129097319514245 0.187006031688405
0.0667088040668556 0.20363992850122 0.197339031800407 0.0588427178857424 0.0707883651652821 0.20317163086036 0.199509521720132
0.226356294843796 0.0186824726000628 0.221658154325178 0.122254745172823 0.0939889660754182 0.157513787704468 0.159545579278254
0.229314286783225 0.058130966405064 0.212960469400081 0.0158268213151306 0.0999966179238543 0.21551110252074 0.168259735651904
0.194647339327947 0.0361084667488557 0.131450452751957 0.021555780182109 0.249785587922773 0.245471632606163 0.120980740460195
0.310680833211215 0.0451421064955954 0.212008005894139 0.0884856214020224 0.0595736882095426 0.206890752528252 0.0772189922592336
0.245715680491422 0.038985613824449 0.192408671690456 0.11580769821272 0.118303026118255 0.133365862815115 0.155413446847583
0.275829622285266 0.0262838330018856 0.0842296810972059 0.180825470624818 0.192151909376657 0.196178622493607 0.0445008611205597
0.238872714108879 0.096782541257736 0.00187575823737891 0.00877185451765103 0.217622756735441 0.175022396215229 0.261051978927685
0.212555118750187 0.0716732352908243 0.258987489371086 0.151956285031576 0.0485083350458057 0.0433216077664321 0.212997928744089
0.184907950295109 0.108320438820735 0.19099106749856 0.191634510968043 0.0649677759853649 0.12107387070594 0.138104385726248
0.214866224105411 0.13684966012441 0.0268924379291023 0.256517331948309 0.00236942980833697 0.11570146861774 0.246803447466691
0.186976612189205 0.19048730239331 0.0880225426439352 0.080768455550115 0.1648198367926 0.105790821714229 0.183134428716606
0.187969964453806 0.114666852764792 0.176813530815378 0.240405504176172 0.0239101887655461 0.0546553164787107 0.201578642545595
0.24073258445377 0.143994590792042 0.148243794919363 0.0249129570528376 0.25761202937318 0.110731682576036 0.073772360832771
0.167315646752762 0.044512656067517 0.219080156352019 0.201866302789767 0.085002742003658 0.223969900743302 0.0582525952909752
0.136395022051565 0.240378851577813 0.318746446881683 0.0961455111784308 0.0407645464572675 0.0870688258090997 0.0805007960441412
0.201961619205093 0.00372000523523799 0.0341225916765714 0.00394751861311337 0.334454734609413 0.137670648302626 0.284122882357945
0.210481576515522 0.215972762965388 0.131258556970639 0.164973505109344 0.0690083646215929 0.0858902953601697 0.122414938457344
0.159072291701917 0.14623288229412 0.153759504338792 0.187890531189424 0.144197497806736 0.0865233913086561 0.122323901360357
0.0605330320076637 0.114262963211311 0.189314173497162 0.165647256991803 0.0657071926953488 0.0184589975189242 0.386076384077787
0.211170759189742 0.108061157417814 0.0662824777235182 0.0380562308949716 0.144386652653478 0.180352252846782 0.251690469273695
0.173654066871419 0.174059039512541 0.0663189060403456 0.169325596914128 0.158671801222145 0.131063293552531 0.12690729588689
0.106494235780931 0.169678624163225 0.0362862347022307 0.290482241859315 0.194139902398705 0.177641426023425 0.0252773350721683
0.189800453213893 0.215160810069109 0.131981712106815 0.0786901338093223 0.192960430992603 0.0863865764129824 0.105019883395275
0.00875524903232999 0.251125276093331 0.174155264684586 0.225051166791871 0.00115872516145932 0.21484644149163 0.124907876744792
0.0911347658228191 0.206209608103657 0.238920568808238 0.250262750996468 0.134249909078037 0.0151677461046983 0.0640546510860833
0.166732628180695 0.0593177891299275 0.253429306736812 0.0263456670043146 0.178216716675854 0.19682451862808 0.119133373644317
0.170079594898257 0.00511449273048503 0.10091535037144 0.201588820363645 0.226832184955123 0.211103944842968 0.0843656118380818
0.0432713755079273 0.145772035987817 0.0625280187724714 0.196570849708068 0.19338422623036 0.15400248814949 0.204471005643867
0.229605914397185 0.184264386952389 0.00126828026374655 0.0360401221026383 0.224489592526712 0.297278192855709 0.0270535109016194
0.268168521829539 0.232013148301888 0.127201854898975 0.0647411210535077 0.0734532636740571 0.0299063970857979 0.204515693156235
0.0805079919908605 0.0957997582622427 0.249714517745728 0.250047862267102 0.225443353540736 0.00514642464404303 0.0933400915492879
0.199118661694511 0.184867993948934 0.189225328240035 0.0991570819209717 0.148698150757767 0.115009084630139 0.0639236988076426
0.191474317036607 0.221686826197223 0.133241519691813 0.234548788158409 0.0292230052746625 0.00509135956442987 0.184734184076855
0.227538061829546 0.0552959973148918 0.102259679430385 0.0684350608522228 0.2526470516831 0.12736473250708 0.166459416382774
0.185194788656891 0.174175771573365 0.10318105089706 0.07917027133594 0.0571498693017214 0.206193915218651 0.19493433301637
0.162783712705316 0.00845479332759667 0.247462128016747 0.167370036076587 0.142327770201605 0.113514062867876 0.158087496804272
0.0705892643966789 0.129238821076936 0.259976180179395 0.0879438131440375 0.028260209372841 0.371691222307413 0.0523004895226991
0.214288897891488 0.183988469513721 0.0847004973596962 0.121140505717878 0.174947220607192 0.0269264473151916 0.194007961594833
0.153394897830306 0.169693729424209 0.0206600600805774 0.11465287812587 0.0989552111366975 0.230140557846972 0.212502665555368
0.119511105835706 0.238775314764081 0.0196806985329212 0.0396505548225322 0.04530632046982 0.253811176353633 0.283264829221306
0.139711605857018 0.0944701202297327 0.261663887225153 0.103761024035645 0.285839028869307 0.069126466685875 0.0454278670972689
0.206796040469994 0.0867269747775925 0.0999023580279563 0.0609158558377247 0.000356850508220089 0.267689545079525 0.277612375298988
0.1689163857068 0.121398473120049 0.185990899440748 0.0784327802603166 0.161624998315435 0.10856486462262 0.175071598534032
0.0783813191669329 0.111531553989621 0.179952940040436 0.150044904600862 0.0660706478991267 0.234468130187317 0.179550504115705
0.0696042579700714 0.332639022211428 0.0487280553318637 0.0321989172584338 0.117400076766783 0.169142983431183 0.230286687030237
0.128597553345563 0.170157987944024 0.149634285940236 0.138495656410898 0.135078822775649 0.142012207924816 0.136023485658813
0.241821924681713 0.0927019473742478 0.0712378195236841 0.255042184281474 0.0877030745272825 0.209832819534579 0.0416602300770195
0.156350393486081 0.262081482195271 0.0748590687720062 0.101557008502627 0.196896564156449 0.0340419010307677 0.174213581856798
0.24806944888331 0.0786411294682191 0.0916738179720657 0.223066618107863 0.256575501629112 0.100329179335789 0.00164430460364086
0.154251713014346 0.219677674134019 0.0177757501888818 0.211534831007944 0.270567072226026 0.125028256740472 0.00116470268831016
0.189175925812746 0.0227833363138549 0.122202165753602 0.163740530992398 0.202086667347229 0.0888670762846916 0.211144297495479
0.197858526728302 0.10086488772263 0.0934910414720062 0.0623340708704225 0.285736147872319 0.11752105795481 0.142194267379511
0.17091611824682 0.0171206813144125 0.0741800082491264 0.241383035787353 0.152481772012119 0.262088673361871 0.0818297110282978
0.175229638563239 0.177446304371002 0.154786392844362 0.183135069861569 0.0134299171646914 0.174551246349303 0.121421430845834
0.0115806866305161 0.28898467373365 0.274679703573106 0.0537713011181896 0.329444579999846 0.0378176064813217 0.00372144846337029
0.235133875242594 0.135843041416152 0.0305529614157294 0.11666007607906 0.0467389136978955 0.238977663272067 0.196093468876503
0.155591256276059 0.0194555810491067 0.234323617714775 0.203944133306277 0.181872327390221 0.0390748673639677 0.165738216899594
0.117179035028688 0.123972092285686 0.20915368342986 0.0735223138490723 0.238746216542664 0.0151252351522973 0.222301423711733
0.0420149865801709 0.175241679462124 0.166803052957303 0.0273787901595356 0.274651848986891 0.299848659634423 0.0140609822195528
0.118994024692632 0.0271047917530252 0.143558588593603 0.213838852163737 0.259213317445518 0.0823849825594493 0.154905442792035
0.0337230203477947 0.170397237635743 0.202150046181703 0.258950371494733 0.017102725935576 0.171743489411776 0.145933108992674
0.0150825946886529 0.154594039432315 0.0733507618131063 0.0516611424904955 0.197274950505791 0.182463712417822 0.325572798651816
0.0351010726337826 0.30526945343539 0.0433074908295309 0.0882550433479908 0.171642160626208 0.0661907647839161 0.290234014343182
