0.30704559357912 0.0327966426425481 0.209989475438401 0.125269928426436 0.238815743654187 2.22107826340797e-05 0.0860604054766746
0.159799451685627 0.00116030965799339 0.194197907501932 0.168753513560145 0.216257204220411 0.138691728506723 0.121139884867169
0.232146694323994 0.230520967046963 0.0844294880456315 0.234334689683571 0.0597762837795516 0.089529940643317 0.0692619364769719
0.0909144361436012 0.0323517013082108 0.18561041710951 0.177815880705929 0.143319469131263 0.161891792108701 0.208096303492786
0.0973485498931691 0.0279736750793696 0.195339258226944 0.0499963466636848 0.0613969446734051 0.371366154681975 0.196579070781452
0.119488977319299 0.121110084037087 0.134084082098302 0.279168460159775 0.0808027225695596 0.0828154698567247 0.182530203959253
0.00335219056976523 0.137831100402592 0.0895338838022962 0.266201994554832 0.0348086735414555 0.209170340582416 0.259101816546643
0.26757848220844 0.12254975865427 0.0286596278661627 0.246678354594191 0.170951199595669 0.0468361418755644 0.116746435205703
0.19316598627606 0.0329823948973729 0.119285830278444 0.150297263080964 0.188014383005776 0.206411713988772 0.109842428472611
0.0374577226346023 0.250481876594155 0.138838062621022 0.0497850760120721 0.245030335669906 0.256702776129143 0.0217041503391
0.0768921958089731 0.10470857996866 0.0875834443288305 0.266071887871198 0.23082015146262 0.0857214714196638 0.148202269140055
0.11237909945902 0.237285546169175 0.07201521991428 0.12309171810981 0.182490116784309 0.0795718301480089 0.193166469415397
0.162578036867279 0.153290823942557 0.0143074311594599 0.15042014046589 0.20372349308159 0.246667675295119 0.069012399188104
0.0186352402535868 0.161994484332418 0.141104511836055 0.22154517031298 0.135636855170046 0.183569359386442 0.137514378708472
0.0397533190326619 0.0367665807251526 0.131408514627081 0.0932365572299221 0.0621406686967196 0.218002094759771 0.418692264928692
0.000534690217204999 0.0981357250156895 0.203259089617897 0.184057019486605 0.202794347475481 0.102648971406149 0.208570156780973
0.119680200490094 0.118560292152782 0.118311175268987 0.156842927167408 0.124986421553701 0.203431266389999 0.15818771697703
0.206734279505167 0.0544195922794436 0.259821801121771 0.0468038879923535 0.0646871882376132 0.354207126534946 0.0133261243287056
0.0974356899261375 0.118700138572054 0.234171437492404 0.0919286828679611 0.0380993960716497 0.222611902046598 0.197052753023195
0.14246903083583 0.0909673825061025 0.182198580568395 0.18492265690671 0.193222474247236 0.0662411076441539 0.139978767291574
0.0935826770904328 0.0513768588417607 0.172382022996411 0.148548217620763 0.165991664675101 0.186284082439877 0.181834476335654
0.150166835608079 0.15339877113845 0.209916922534425 0.0415984957808968 0.101673911001048 0.114413585083649 0.228831478853452
0.0244638961333689 0.180047754566616 0.147877920985517 0.174554525022255 0.0897567712002125 0.207514846235463 0.175784285856567
0.23662647425572 0.160425746094412 0.10165400171645 0.113839833160521 0.216040165806941 0.0860402036586448 0.0853735753073115
0.0377251297235966 0.0704778884101471 0.160703577181087 0.192558425922348 0.168516554508372 0.172832925603512 0.197185498650937
0.169608613558949 0.223424572353716 0.104695936579875 0.25903997511778 0.0821790530867126 0.0206784312479151 0.140373418055052
0.0253121578114559 0.147734096256794 0.287978060171012 0.201539310086725 0.109593943187415 0.177561187868292 0.050281244618306
0.0877453501350509 0.16415812950857 0.152830868895367 0.174492312199466 0.139831128694783 0.151786097334233 0.12915611323253
0.207623816568264 0.2286361432821 0.190026902296135 0.173008325548504 0.0554069160785908 0.063317375007926 0.08198052121848
0.128008778276067 0.213799533459992 0.228335859056892 0.1543128103728 0.174566524763996 0.0465483909339893 0.0544281031362638
0.107120485055621 0.0503494193150727 0.273458475065773 0.00846453611621959 0.213539035570014 0.240663890610056 0.106404158267243
0.0705059304958795 0.0891620961063613 0.158541414681773 0.100095400663056 0.198062940626462 0.187055453045891 0.196576764380577
0.143746747941707 0.212538505967931 0.247863939650852 0.0202785408656935 0.206463659765623 0.117669093169199 0.0514395126389944
0.144408534525316 0.143531571343904 0.179466033859519 0.198441914196704 0.127445745568529 0.0925956548753762 0.114110545630652
0.180042150316625 0.201517369205913 0.0405890962568032 0.00511727947561942 0.278818166601802 0.285587386578911 0.00832855156432683
0.220126907573431 0.00792952905738784 0.223679095542682 0.0219350445354527 0.123721121687104 0.157706207563663 0.244902094040279
0.135500336838314 0.248961085671086 0.00851562827529903 0.231964985122885 0.0202461743112045 0.0692824979704186 0.285529291810793
0.145260598387151 0.191172019214705 0.201260017950376 0.0206536617643666 0.209418630382132 0.117356540538612 0.114878531762657
0.203797139662589 0.0574718749988468 0.185230745506064 0.107657476896729 0.185698553602628 0.233068094900078 0.0270761144330646
0.0755437070410803 0.191319349969258 0.213435784606574 0.311795496167246 0.080289864591837 0.109356420453451 0.0182593771705544
0.118316656264702 0.242674850452985 0.180936409295836 0.0454537580056212 0.154034560061458 0.0367828570281275 0.22180090889127
0.213120148333215 0.25347365387631 0.0703841722808795 0.0140378422348461 0.259066509433662 0.178665395821477 0.0112522780196107
0.151308893888925 0.19555374714128 0.0568882202730858 0.0372043134067637 0.2369093654456 0.14034651579722 0.181788944047126
0.133159429076696 0.0750693665592521 0.0206351308245667 0.22585191666057 0.150776017958895 0.171559829591838 0.222948309328183
0.280127317479699 0.00968691575068585 0.200251283810061 0.248670328910213 0.0180191218031789 0.0115667493850342 0.231678282861128
0.0195545873407986 0.0361066541599211 0.28200224463573 0.267118198566033 0.262584744778609 0.0760817237629269 0.0565518467559812
0.118790768908105 0.0446008380437277 0.247069591455434 0.13843512974 0.0651801642158749 0.172013928985023 0.213909578651835
0.249921299361765 0.0984555882275998 0.0629546581834144 0.114168250435031 0.160760226310928 0.250086672391634 0.0636533050896278
0.045504562740906 0.14291968515271 0.260081992279454 0.20432542787735 0.0754568546376262 0.218282395013053 0.0534290822989001
0.0650495803652487 0.179421005738982 0.0775299334796188 0.150530090629587 0.158098606042888 0.264342755525231 0.105028028218445
0.123146188617725 0.0236787246390499 0.228153058479252 0.108749272936816 0.277616218228327 0.197577715411194 0.0410788216876363
0.234641557260836 0.116467229337696 0.0219408255097784 0.0449931613721885 0.233478127323136 0.188544231352636 0.159934867843728
0.150897177604515 0.0991429685545077 0.140549705404358 0.12950968414065 0.219075920617632 0.17021440876889 0.0906101349094469
0.226237453382334 0.0543731814117109 0.141303449426046 0.125422765464124 0.155700160764437 0.0780120676609184 0.21895092189043
0.0237356669950693 0.0425059539653634 0.140561861063546 0.144000630196538 0.293612066228703 0.303982882203721 0.0516009393470592
0.19846949389043 0.0456166361820642 0.212692603502722 0.155890351234438 0.230713913060232 0.0942663192764077 0.0623506828537061
0.119220426672255 0.197620854295504 0.127259770522621 0.175334972121699 0.155470817400163 0.179619118218137 0.0454740407696214
0.103744623104598 0.00174957535317708 0.239507780549407 0.204037091955988 0.135626514072029 0.276978916322248 0.0383554986425527
0.191371103002742 0.101743067252161 0.163259069397882 0.210935282753988 0.0834037464787453 0.0244184442544836 0.224869286859999
0.156173261819854 0.203876432106507 0.149945600452629 0.21316811366244 0.0993027544069682 0.0606112122780042 0.116922625273597
0.15025229405871 0.165783701388518 0.195577529598823 0.101918050991355 0.0260947275669979 0.201141123208777 0.15923257318682
0.0665128662560495 0.121846605228044 0.199118536909229 0.160838017731595 0.188367781229049 0.176762029341441 0.0865541633045933
0.122892156283576 0.110793157835068 0.199222867508607 0.206876484091973 0.0651673655264882 0.232205253775642 0.0628427149786461
0.186175771647473 0.135479012671558 0.20497287617459 0.0522699747575208 0.134265009708638 0.0562439351351197 0.2305934199051
0.0436882862917062 0.192831641437862 0.150680317454464 0.162793633466542 0.217182760366173 0.136694132211142 0.096129228772109
0.193131777227974 0.156413174526262 0.13672833738311 0.0966750799654923 0.0615177599908768 0.121740737652038 0.233793133254247
0.242126612049393 0.0168917992108619 0.387356564783081 0.0301824236373242 0.167557911141823 0.120981212509765 0.0349034766677516
0.122911765985827 0.120315312096927 0.153096412067661 0.146004152897457 0.142253641093271 0.0992175253206009 0.216201190538256
0.0196056147688893 0.181265430434948 0.226236962002483 0.161343823387456 0.0892817565146523 0.197439673905442 0.124826738986129
0.0987445882247955 0.223412171130228 0.226725163260937 0.132601714565324 0.26329452732709 0.00989898904881645 0.0453228464428087
0.0346486107189021 0.157336195204918 0.111347814265084 0.175650156840097 0.201946924387795 0.162239949720529 0.156830348862674
0.0409652282847969 0.211505735197662 0.206920842580585 0.0617600395676083 0.20684780546463 0.0629140186199696 0.209086330284749
0.157978283593819 0.14210319004198 0.15412125754314 0.167317010551687 0.170188149601096 0.106981742838767 0.10131036582951
0.16453612149365 0.141697380246726 0.163195537550476 0.168713996116464 0.119639632115233 0.209972768486209 0.0322445639912419
0.00392691171114381 0.170481540071444 0.208207556591708 0.106448667522093 0.176537831424808 0.173061162813667 0.161336329865136
0.0333361896724923 0.105944782121947 0.106856358158801 0.223834804413998 0.187610694912094 0.252693164948692 0.0897240057719746
0.207157992327512 0.201483884821372 0.113653503740336 0.195223630539008 0.0178041410366937 0.159288012198117 0.105388835336961
0.232273245572199 0.114541557551125 0.0540198882818563 0.220980412779896 0.0375036445353421 0.171348589714664 0.169332661564918
0.166537885371994 0.137983990068124 0.168820678465262 0.096847631145103 0.197584318296745 0.142182898010045 0.0900425986427273
0.219525307478128 0.230009886830923 0.199656421923339 0.119475121311707 0.109616885670848 0.0293762206082146 0.0923401561768397
0.142585762571982 0.180769607690141 0.193373880162406 0.153783756272109 0.15063896666236 0.129531403797334 0.0493166228436678
0.338699472552431 0.00285706443531025 0.0549392527243209 0.177453053728864 0.0419207264901469 0.0784913999845122 0.305639030084415
0.391388691231004 0.162793313794068 0.0855870814781532 0.107381668490988 0.0431599206638028 0.00220526236478875 0.207484061977195
0.194493595908438 0.0616377853094975 0.0204029931715573 0.119876401052538 0.231092599285074 0.12100864931002 0.251487975962876
0.191046871230778 0.235443584503592 0.076063942725367 0.241338158901837 0.166843527223227 0.00324613319330156 0.0860177822218974
0.0667936981262969 0.152051676608245 0.220755078769172 0.1469093588444 0.109434961716382 0.164594471699213 0.139460754236291
0.0273541474268326 0.285781073477755 0.21008701807375 0.11656160606376 0.10595040259735 0.110013112207737 0.144252640152816
0.21328243862354 0.196843109519707 0.220569867146813 0.180481056495092 0.120283236756595 0.0598939253319681 0.00864636612628551
0.0912418471726174 0.227195894621858 0.103180157524926 0.218716231206365 0.127020463956824 0.18712530032685 0.0455201051905602
0.265961480663392 0.146382942208245 0.142256753888157 0.219905993142215 0.0311506506685537 0.114627068312372 0.0797151111170652
0.0233912091253207 0.224379531071724 0.229183849894668 0.0942483858154424 0.0330134160785352 0.201839491658413 0.193944116355898
0.195524826260452 0.0974290445949736 0.104884015688992 0.110427786240065 0.158396454687858 0.136894285264109 0.196443587263551
0.248186573482798 0.0963490278255295 0.149455703256755 0.0908776988923003 0.260706647373648 0.0582159572913862 0.0962083918775825
0.176599709743749 0.17393507715743 0.153406448354326 0.183301233957707 0.153144875661424 0.0852890638575271 0.0743235912678357
0.0103972743556646 0.250686406502553 0.186113783015696 0.111376884521328 0.062739777939398 0.248702045655219 0.129983828010143
0.101060260405747 0.249141205710686 0.0731974305424184 0.203475299671097 0.153054033110425 0.17745836183688 0.0426134087227472
0.0760431462685092 0.157083255511158 0.178434310870805 0.0830022324360001 0.125101123079493 0.236988653433863 0.143347278400172
0.0632202861354338 0.206310990661059 0.125423476244252 0.207758670394615 0.185974220127661 0.0473454556169448 0.163966900820034
0.114188289818439 0.15241123850507 0.182387461805211 0.127997473065466 0.123041022590428 0.154649970963541 0.145324543251845
0.20793568426047 0.157809285154418 0.109514808105795 0.145428795021167 0.0219648344814096 0.189523965682668 0.167822627294072
0.147739108265792 0.137940802468015 0.106476909760454 0.228063180626615 0.160092157439077 0.0458411722225755 0.173846669217472
0.0875276974349093 0.320675611133741 0.0373863213240898 0.0465538595289811 0.183592392836711 0.0700522006256118 0.254211917115956
0.553672583792615 0.0205810498451109 0.0565256195723818 0.173225091619554 0.0549167804235096 0.0279478800021031 0.113130994744726
0.105475353487708 0.154950978471101 0.225138622219365 0.188820748939981 0.18266021720601 0.109355723411684 0.0335983562641507
0.108146931674397 0.107868948336327 0.222294486295645 0.109850030315076 0.156254372304837 0.10046429993408 0.195120931139638
0.230058068607058 0.0425073121041325 0.187916615022997 0.20728218710644 0.0567758970116305 0.116247170731594 0.159212749416148
0.191329541789129 0.00574638681035702 0.297481076744844 0.00182448084272673 0.252677553986683 0.103143395513559 0.147797564312702
0.0689761119602781 0.341749599374439 0.00707414917297893 0.0895008930631928 0.203665835487149 0.125116527121232 0.16391688382073
0.258779794302564 0.0584595141807788 0.103635465780215 0.239479474859165 0.0811358513426418 0.173368745344462 0.0851411541901738
0.151258260573352 0.0976838158273369 0.0127442522837085 0.171482840444967 0.101558057880447 0.224492527864683 0.240780245125505
0.265355151520813 0.246555710525052 0.0635048865720988 0.0377254157857457 0.193860446860183 0.0855851055509157 0.107413283185191
0.180150038514464 0.199770975700174 0.132143411752188 0.139752505914599 0.126006323263039 0.0504943478845291 0.171682396971006
0.184454959604971 0.06258676635242 0.254167141924288 0.0950003852287158 0.119368813655257 0.211630504460271 0.0727914287740764
0.0340799739062159 0.27114689116719 0.0379494825470089 0.0506351523505685 0.22339045575917 0.232699648092312 0.150098396177535
0.041655659346857 0.216838732898733 0.21246365158312 0.0680806583077269 0.125906980540131 0.118040828599336 0.217013488724095
0.242273836861482 0.165154826227775 0.0715657216377783 0.223429551436901 0.0896807535219811 0.0630953008835321 0.144800009430551
0.150804517978267 0.125076479731231 0.0662188271796974 0.173207800168404 0.136571805221705 0.186124424420665 0.161996145300031
0.140172030858339 0.0511089739638019 0.251328001445842 0.166648617389327 0.154067225810639 0.109244071751395 0.127431078780655
0.166671309097841 0.0788369701178702 0.177207238126303 0.221155660102371 0.124800308227846 0.224062807393585 0.00726570693418401
0.110535468215995 0.0865605898545097 0.228895371656353 0.0499129464348768 0.236412926860212 0.145594340298101 0.142088356679952
0.209460558581001 0.17915362929525 0.1824100541462 0.0185472467519695 0.15965326480919 0.108628290469656 0.142146955946733
0.236445149583084 0.216241900450789 0.137107034983985 0.0645168395837156 0.0956570519276908 0.247921044764165 0.0021109787065706
0.266892487368656 0.251047702771126 0.0413017078917921 0.0973799440192785 0.171150484476431 0.0994298780645713 0.0727977954081441
0.133245414538697 0.207708617601194 0.221069345806922 0.0363261482215182 0.0589733140609546 0.060965129131105 0.281712030639609
0.0870556292380609 0.209070277212269 0.166622285320061 0.058276924649387 0.170491920229073 0.232284238404704 0.0761987249464446
0.0646679664533958 0.0024344922213046 0.0761363386142329 0.291308929270508 0.152675271129821 0.155221052811298 0.25755594949944
0.0838726022380638 0.22417752126519 0.173358970628537 0.16613880752986 0.0114387673555434 0.189887930477475 0.151125400505331
0.0897908278177574 0.183969918715423 0.00174472210647588 0.213474269039888 0.167781482674311 0.200128051726215 0.14311072791993
0.334810790676134 0.0410116116619567 0.0747937122422264 0.163413555735692 0.18282769320553 0.19759855366806 0.00554408281040082
0.225542824817167 0.0690925474877565 0.289960161820918 0.120787397826497 0.144340934465963 0.0625620608418777 0.0877140727398202
0.215533791512594 0.113386921245864 0.125982490336816 0.156060193410795 0.0709793821726247 0.103699016483009 0.214358204838298
0.190943504248191 0.27287974429898 0.143204799315656 0.160064552647275 0.127687685147519 0.102216618167796 0.00300309617458323
0.0122655212391025 0.0624024708462465 0.166332513720168 0.23018996943355 0.184723401838179 0.112760117910246 0.231326005012507
0.191100169023774 0.143960886968025 0.183800310156556 0.0967944527970527 0.148914240551089 0.0719206583998432 0.163509282103659
0.0484458361491468 0.0722694197705147 0.184646321913579 0.0352450806680332 0.185099999300381 0.178356027739917 0.295937314458429
0.205806070746555 0.255649675558709 0.204597239849158 0.177101056777081 0.0554935169354188 0.0647961718349659 0.0365562682981131
0.0428120527869006 0.185503966721551 0.126061544133568 0.191967383049464 0.140104022510661 0.107266695048763 0.206284335749093
0.252582271916931 0.0160953398842076 0.283233467048071 0.0197688775791242 0.0767468235542196 0.166342882777321 0.185230337240126
0.201165991405109 0.0249139924091335 0.177559498545131 0.146672836199312 0.205637971647519 0.193974143218775 0.0500755665750202
0.211533886431365 0.100491490689552 0.249625775142994 0.178956143520669 0.043291984671585 0.0608161822019399 0.155284537341895
0.143227553140784 0.125033617583385 0.139866261938288 0.0409199275486133 0.19676277544329 0.213312633344111 0.140877231001528
0.230074543790999 0.0142216585685612 0.0504407526715013 0.298534065807898 0.0979553271678464 0.240534263639006 0.0682393883541891
0.26788635752013 0.0742997215528526 0.0291533794969336 0.270096801587299 0.10264983726293 0.163128865847829 0.0927850367320271
0.00232005734153931 0.114768395260394 0.0707383307190428 0.0450702512853642 0.272409055732352 0.277839112701003 0.216854796960304
0.213696566276986 0.174460101395698 0.00306678279727885 0.0931819901214855 0.0819107743201865 0.217201085602253 0.216482699486112
0.287537904350784 0.0731531471800553 0.018684981613022 0.28142126202031 0.288916042538298 0.0426506966671202 0.00763596563040971
0.253031728419189 0.0413470522725101 0.112357700266806 0.106961979898947 0.175110984603824 0.166619105394373 0.14457144914435
0.128432364091341 0.204709852387203 0.0986556666966513 0.209714546521353 0.199993477387239 0.0472842425498743 0.111209850366338
0.0688393652920606 0.221896513231758 0.0172718346713313 0.0544189002811277 0.171224668497647 0.147887656011037 0.318461062015039
0.144794834640667 0.22468526973125 0.0364892058893969 0.213084346861043 0.0619128312162933 0.213476563934048 0.105556947727302
0.196012345072107 0.195894961390245 0.122043738664749 0.0463089427487653 0.134481570872144 0.14170773686407 0.16355070438792
0.266170397079753 0.129045285225635 0.00124950445482324 0.178147132308906 0.240351801441514 0.0385628420209344 0.146473037468435
0.35126458821199 0.0498866621304272 0.117275023604701 0.168012005525628 0.00999831074572351 0.292960852337488 0.0106025574440415
0.11657061402562 0.140972402511996 0.180177538327854 0.227532514320721 0.0423696677858584 0.125244358549118 0.167132904478833
0.181566775799364 0.161597059636729 0.0866105416357884 0.0756284015310562 0.0242715799091998 0.189029616601177 0.281296024886685
0.0238751468341363 0.406893816145337 0.476925276070224 0.0368734493524108 0.0257655216058721 0.0171933458649572 0.0124734441270623
0.164798572741477 0.162859675517866 0.117106294221956 0.159423229197258 0.155168343681663 0.046451934011812 0.194191950627967
0.191056274037322 0.157917842063221 0.21081989798813 0.170567337809385 0.2311215682315 0.0199390609221225 0.0185780189483205
0.211037348208938 0.328322138049286 0.199217751737416 0.0570002489673859 0.0764655425256327 0.11502524003871 0.0129317304726309
0.332465418688667 0.144926854751698 0.111729102964848 0.164425990696564 0.0171618225712266 0.0737696328454545 0.155521177481542
0.239087956718625 0.251623384957959 0.0705350515772095 0.128560311738202 0.139219180754714 0.10864601448863 0.0623280997646609
0.0243879145610328 0.129767314425129 0.069997869554013 0.127562610070468 0.234456963248133 0.0475057332322986 0.366321594908925
0.188924620644233 0.0327167530527056 0.172583937921901 0.145719086094652 0.206521402134875 0.241225522869324 0.0123086772823087
0.124829836751604 0.239738067213378 0.0739497764729146 0.00746742289959848 0.154093184546034 0.283274824611177 0.116646887505294
0.217429243429307 0.203628080773139 0.12562828751776 0.119109413393287 0.124924256832627 0.0153558443031885 0.193924873750692
0.123015008148606 0.0845391828690001 0.143248946657977 0.165233355901154 0.257107999709482 0.0445222349578145 0.182333271755966
0.128103529201786 0.039200039628226 0.01288331738426 0.250603671107141 0.0952826466486646 0.234111833742809 0.239814962287113
0.210578149386623 0.0910280568594928 0.0640816918012615 0.113689597872299 0.104575644136139 0.297099900287907 0.118946959656278
0.18059871890945 0.0585341395413925 0.0671101549618832 0.219488749426002 0.166320987858985 0.123255264404855 0.184691984897433
0.175189728721372 0.236647590436292 0.0349407271621566 0.158694591763433 0.153852693188835 0.129746751227288 0.110927917500624
0.0940747463423062 0.0972496746783137 0.0987464063781604 0.242005914562765 0.176534952225611 0.0560183038174081 0.235370001995436
0.00396838120289645 0.243078121523164 0.0114030979068367 0.244459411849512 0.296150725022939 0.121666923812592 0.0792733386820596
0.202174721325275 0.0579885443715478 0.228065652514537 0.00546753654716853 0.142263600683062 0.223019467486985 0.141020477071425
0.247652613221365 0.128450445134558 0.100561770738988 0.0240518001595356 0.234930480139378 0.0562891717703095 0.208063718835867
0.130298204914304 0.163109193951603 0.149576671574586 0.0918339123266834 0.22768089740773 0.151796032376714 0.0857050874483787
0.240726412082051 0.203110216726066 0.0574134935315431 0.246522349954169 0.0672539761851138 0.164708341642304 0.0202652098787534
0.0710322490091652 0.0844193285137402 0.0691583177280714 0.237470071451524 0.183145105470925 0.228558187427677 0.126216740398896
0.248376287065474 0.140809748081403 0.116489800424791 0.188861814783156 0.186235981360395 0.0516338171090412 0.0675925511757405
0.119231140668385 0.272881916073904 0.296143588212789 0.134267575183126 0.0780983068111762 0.0791781950019975 0.0201992780486214
0.200590547781304 0.00565677633205486 0.145350764789237 0.220492529036477 0.144661434382091 0.114903185356417 0.16834476232242
0.253894212196724 0.357190693742774 0.0652715607198347 0.113405814846675 0.020583700127183 0.00236034260023218 0.187293675766577
0.0630593061604671 0.255460541018964 0.106764362595382 0.149138820718787 0.0925552155247011 0.232739653585455 0.100282100396243
0.0505329963684428 0.298872494888524 0.188826941344 0.0822655626888874 0.0542621712822063 0.0818172644902357 0.243422568937704
0.258400368695333 0.223560705887579 0.014817206141754 0.157329320577636 0.136170142853641 0.2058066119839 0.00391564386015747
0.212313748682712 0.0743632826117562 0.238807691659094 0.0482722603033449 0.106566451840197 0.101653882522168 0.218022682380728
0.278684359552305 0.0876755796516503 0.0523671665896828 0.212776908325037 0.090756816580566 0.247022017945884 0.0307171513548752
0.195607415690146 0.0196911937094049 0.107002874512381 0.183544788414051 0.0332945909576423 0.149619403341416 0.311239733374959
0.174796860181771 0.0597725112501745 0.294914855202495 0.16394638462069 0.00411169317209098 0.148681259690117 0.153776435882662
0.199155726436392 0.208967133877712 0.165976038684959 0.116640947916713 0.00974914649149354 0.0976754699491568 0.201835536643573
0.123746202810381 0.222242774278655 0.0523539797159193 0.209101613353443 0.0957657307186853 0.242870192728984 0.0539195063939324
0.175681302855269 0.108924184189372 0.245501363082008 0.236335438787051 0.00975161925810304 0.0274709419909462 0.19633514983725
0.19255327638502 0.136271489554313 0.188556085579993 0.0447113039120844 0.0891152820042017 0.0143033400463903 0.334489222517998
0.173549550856978 0.120494053781901 0.209949222231062 0.000736050539221925 0.161926906187193 0.229112664531135 0.104231551872509
0.16236697091431 0.184257479520706 0.0746809906458367 0.100644384109561 0.2087427109803 0.0766053078128933 0.192702156016393
0.00968544629616683 0.270305698273706 0.154830498681701 0.312957873632778 0.116550754246987 0.0778955162191133 0.0577742126495475
0.306314634522591 0.0653292046382876 0.182428658719813 0.310997323061319 0.0992649635741781 0.0330918266830351 0.00257338880077723
0.204863695899306 0.214780921030108 0.117990162141866 0.145770797445337 0.00785138432309732 0.3030221586181 0.00572088054218576
0.215136067658778 0.224530427262776 0.0834149991208279 0.0068653704931002 0.104133500414985 0.175094814954396 0.190824820095137
0.159053744050829 0.17100908965353 0.186334054252244 0.245767782620991 0.0586400670769472 0.0725310315282251 0.106664230817233
0.147225647196522 0.33870346520454 0.0926065553359549 0.0697400121681033 0.00433382773791969 0.255247387580393 0.0921431047765676
0.205861245681877 0.069022672462056 0.161321468826352 0.182425331642269 0.142726675225469 0.0337125371276449 0.204930069034332
0.22502507790134 0.179195601185347 0.0347370483116562 0.162791820852049 0.179754577537962 0.0180158595298499 0.200480014681795
0.0818427445229437 0.11748717954946 0.275404396359919 0.0687296605660077 0.132849909406793 0.0253202430075766 0.298365866587299
0.0497263472204913 0.151404020505947 0.130875195298876 0.21068681931463 0.146308072920155 0.225562833354395 0.0854367113855066
0.291952627569596 0.134842603288026 0.243481586206568 0.164831450700506 0.0124509321820988 0.0915196075302622 0.0609211925229428
0.309173951394205 0.0271965338706995 0.0166255400332348 0.273399858282699 0.160265210106898 0.166403588493955 0.046935317818309
0.130624137771415 0.0692810237916958 0.0985529378258011 0.210517825175137 0.125478558655476 0.302365253091113 0.0631802636893622
0.108709433846597 0.137862847529202 0.0894583140161414 0.191685342219184 0.207171643663397 0.15495070922432 0.110161709501159
0.0893338782948917 0.143695184253711 0.0340229844964251 0.165372240097754 0.154617294880455 0.271984820014775 0.140973597961987
0.0198096587667228 0.240896940587016 0.0152381624303182 0.214284034383097 0.054425415357145 0.275023094687047 0.180322693788655
0.0872724786310249 0.101960948476877 0.0791882492649521 0.248497312830217 0.136064445147065 0.252284238388348 0.0947323272615171
0.158980512468989 0.0368014546263939 0.102913392424904 0.136670490431047 0.228450402808086 0.143759318826237 0.192424428414343
0.0103505156543856 0.188000930653743 0.258289031075667 0.246856849527522 0.14854004163176 0.0185106659796374 0.129451965477285
0.15828706664794 0.181692838589164 0.0399692402657377 0.134940397715813 0.0114523272218624 0.235117405032603 0.23854072452688
0.0398596665809402 0.0237572346315471 0.112570669645765 0.213173723353221 0.0383205387291155 0.312673384682516 0.259644782376894
0.158779114216605 0.192946817810592 0.224163634302396 0.218537910945479 0.125131025621101 0.0107154916084784 0.069726005495348
0.0201502978998454 0.0434946532611009 0.423671691610535 0.309744088794455 0.0269337520215801 0.00180760631783198 0.174197910094652
0.00353094254524499 0.231136239484057 0.192428473830032 0.10060151159971 0.103402330995142 0.225002071648633 0.143898429897182
0.113164242900768 0.261823230545507 0.175347344310087 0.129574219502287 0.0189708665003079 0.206890187511157 0.0942299087298855
0.126127571639042 0.138072195863152 0.175225177667405 0.196117308170538 0.11511479064709 0.0955356932158874 0.153807262796887
0.0567465149939756 0.0250713022371242 0.18614371015671 0.188741643558967 0.31390817858189 0.0517528555049016 0.177635794966433
0.0797725957369329 0.241573326536824 0.178165986031962 0.0689508265388689 0.173132381294678 0.232278962399175 0.0261259214615592
0.186170913789409 0.230478008060522 0.0331682855580561 0.248467615814768 0.228635015419689 0.0615409968758809 0.0115391644816747
0.128078859071479 0.140770557226892 0.164020108085089 0.0229845825066102 0.237818459033137 0.086271552032187 0.220055882044606
0.123801247102073 0.145960463081114 0.149236956574991 0.184928209956818 0.136490731023176 0.0650035112135885 0.194578881048239
0.34568597506996 0.0102820609609548 0.0442149929504061 0.160748473117539 0.162298937016718 0.00715197125818944 0.269617589626232
0.00500976194470961 0.248966047629323 0.171460217070598 0.0932912127652934 0.246790857995634 0.0326243428608139 0.201857559733629
0.178860298785949 0.15598888346277 0.101690286861169 0.145178490266285 0.0444810296162334 0.182335617853505 0.191465393154088
0.137847291308843 0.175883616369791 0.157140432142038 0.0518596113536189 0.194398787588881 0.0744077219222085 0.20846253931462
0.12264581070515 0.137334662065992 0.00427104159101585 0.112405662246447 0.258936712547363 0.261949871494735 0.102456239349297
0.00450848190730301 0.222108929791285 0.000890971236926646 0.543187367729914 0.0868883193981489 0.000908419619360689 0.141507510317062
0.211261992197807 0.234456903073571 0.0986628393474501 0.0669497682816593 0.101663228638514 0.224374268437603 0.0626310000233967
0.0369729360808669 0.189728932436205 0.210955701485934 0.0752125213189072 0.0756404379512753 0.143959636862714 0.267529833864097
0.218305156260765 0.235178001798883 0.133296548773626 0.179972982865859 0.157054743431406 0.0674922843050293 0.00870028256443062
0.148244808263516 0.175726978534489 0.409654467978539 0.00726929594598665 0.0639946948261931 0.0708703095134354 0.124239444937842
0.0792740756154593 0.292006885301087 0.0399613787839862 0.274297213296562 0.0858402459902652 0.142838548371626 0.0857816526410148
0.112028233406494 0.184992188371347 0.12384865917272 0.06181083253247 0.160332594670927 0.124133295531692 0.23285419631435
0.235272458757071 0.137130637079535 0.193383670324647 0.106827122368281 0.0746613648541261 0.148664203692015 0.104060542924325
0.208486064491373 0.165117954908886 0.152434329081908 0.0515556173568842 0.0821263337698709 0.169898442369333 0.170381258021745
0.0520257695001816 0.161103362577194 0.236657881467307 0.211026845875735 0.184034815245004 0.0254271104840616 0.129724214850516
0.115289428081848 0.130927354796198 0.177768712885686 0.332117184179279 0.101930275859143 0.0673991831161416 0.0745678610817042
0.305047071381626 0.0362769097304691 0.0661351078550013 0.141573045025082 0.150505342589915 0.285237533373559 0.0152249900443485
0.18613014594087 0.221811487354679 0.166466232405768 0.0908869137546997 0.196049698672992 0.0467138796384277 0.0919416422325635
0.264108663199386 0.155842972876103 0.1285704595642 0.0769155217570997 0.241306443985125 0.0167724267394208 0.116483511878664
0.121493321243117 0.179962725654167 0.218050950124921 0.176124218870703 0.0978969583263821 0.0949731628454653 0.111498662935245
0.0313632354135188 0.17711448420222 0.0852248418355243 0.165381794818084 0.183016431842919 0.091105662052853 0.26679354983488
0.0532393714192412 0.0696981510234723 0.176180935500877 0.157638668072882 0.253074793623179 0.177645837868903 0.112522242491445
0.0600508829168321 0.128567646612499 0.182645431079192 0.157945097925706 0.198165900792848 0.0213219721712318 0.251303068501692
0.197856302958211 0.0822715992177527 0.106411196241489 0.163881604051951 0.177075136191706 0.200337707939499 0.0721664533993923
0.0673782366885423 0.0461995142580001 0.200706733448556 0.136574810976491 0.227098368998463 0.0741316766246873 0.24791065900526
0.076650037333918 0.0348168510998402 0.156749640203615 0.106446062180712 0.256845485875412 0.17627713398325 0.192214789323253
0.0124933443850764 0.112463683009695 0.234437553339102 0.125604488328999 0.309625593033089 0.000784070336997917 0.204591267567041
0.134098264226781 0.206865475501055 0.0187198261545154 0.0498394608960756 0.214230729219618 0.143039077704307 0.233207166297648
0.240754608144598 0.0171381353984073 0.13623543513746 0.138719657955008 0.0061993884416032 0.178585486356717 0.282367288566206
0.196395388723304 0.231901044154589 0.0272537163067717 0.170904422157111 0.0600394127549705 0.122659324331485 0.190846691571769
0.102341453648051 0.350743734106485 0.179028947274955 0.103770815373329 0.239965305632443 0.0113671985138801 0.0127825454508581
0.190913743252824 0.110645675556016 0.0623655099678943 0.184910933724765 0.137593365067371 0.177183491216036 0.136387281215094
0.219128949759263 0.0156740060645113 0.0972752576634552 0.193759046252147 0.222534478115301 0.0390077282539276 0.212620533891394
0.128754212305513 0.227288415002385 0.109769437408289 0.0236540337792098 0.132194666535079 0.179807197533515 0.198532037436009
0.22603009765549 0.180281225643077 0.236919458102503 0.111529991552562 0.071643708605367 0.136425317747068 0.0371702006939335
0.1627244895476 0.119564492059531 0.099214677374812 0.147650802693707 0.228313122877709 0.124202321363761 0.11833009408288
0.218792334823562 0.300166368144966 0.199345099655126 0.00879990392917145 0.00190375452011269 0.108077642729947 0.162914896197115
0.118050951169187 0.0929845149606916 0.200547299975011 0.194474198053625 0.149756005714522 0.0841834252059464 0.160003604921017
0.136027056944211 0.0557634860856433 0.18155827439981 0.22385789018101 0.149898713383227 0.11495132093049 0.137943258075609
0.110276570669439 0.0981356685115652 0.124293310407952 0.200662730593848 0.192273424252709 0.0937597508641645 0.180598544700321
0.218704542276944 0.150207159259401 0.0207279319038089 0.160541341779842 0.120860178084056 0.218840038962786 0.110118807733162
0.13597530539564 0.100289558378277 0.073323880170679 0.162252797996983 0.116435744510768 0.181649921731722 0.230072791815931
0.249374009074511 0.172352968746157 0.334225061870406 0.0416164969533483 0.038950764646986 0.0648182135240326 0.0986624851845591
0.13272164529302 0.189522441136472 0.211174932301881 0.0572849051559258 0.189925305253562 0.0155812316343524 0.203789539224786
0.0823212216810661 0.267365760024897 0.233087565804325 0.110932863452862 0.133907354400443 0.143593386990496 0.0287918476459111
0.204767558028466 0.214311105251622 0.097489069470099 0.106942998986276 0.151456041562072 0.0817194631100963 0.143313763591369
0.140919884100134 0.237132462672771 0.242148632860583 0.252605781157543 0.00784291914954215 0.000711902910467874 0.11863841714896
0.0403278167081462 0.158932873913057 0.168267768011251 0.160078872908931 0.155687812961935 0.169625893501266 0.147078961995414
0.18198295699049 0.175490452666816 0.204202220170249 0.142967757668788 0.0978175553265324 0.0128776091664097 0.184661448010715
0.340555569440984 0.0953057546839297 0.00233721734736974 0.337951082800711 0.0427758416577547 0.0599451779393754 0.121129356129875
0.113149486015457 0.131407755540776 0.150146350298159 0.284541678222809 0.114397850675371 0.170842018069442 0.0355148611779866
0.290838819365059 0.00421128308861813 0.0314429300493047 0.23113124258206 0.0539359128456448 0.286517227976746 0.101922584092568
0.0892885848441899 0.102532143017703 0.0576930019266308 0.227693425436249 0.0634552251831675 0.206928385165305 0.252409234426755
0.00390393418169794 0.244248583330427 0.0952251929089831 0.0849198653950524 0.234744340977444 0.311368753189284 0.025589330017111
0.0306154670835117 0.140080112729341 0.0988755495049308 0.00610315719938779 0.375028461467838 0.319289944591689 0.0300073074233016
0.0994510402647137 0.25137682188651 0.0753003619055431 0.211313381187842 0.128255032304401 0.0568000492274035 0.177503313223587
0.146847690739799 0.27897545652785 0.311287805268223 0.0689121482724259 0.0352901292956563 0.0281217484542155 0.130565021441831
0.182096350415029 0.106660610930349 0.202519874757626 0.181628061658811 0.147623452888537 0.0706217528415675 0.10884989650808
0.173975835668581 0.174480949461724 0.207109565114122 0.0886459097480469 0.116853121490236 0.0732504665498049 0.165684151967485
0.154210014981969 0.194371033700268 0.15021777128093 0.0966595720332929 0.138060566642857 0.140902091255228 0.125578950105455
0.0630519536222302 0.0237630729168469 0.223802120850311 0.0158199514029819 0.266021003984482 0.258824327550807 0.148717569672342
0.0134954688131728 0.0747478957597964 0.154278041859058 0.0988052641031012 0.253298031202759 0.2563103349974 0.149064963264712
0.0888531481179099 0.122071306008292 0.0879373464850359 0.131954993872772 0.271505100507872 0.262331003954336 0.0353471010537824
0.228760657625937 0.0996155343962289 0.0375366170145396 0.0879016173410363 0.252942518801866 0.196899143604816 0.0963439112155759
0.0436757645125304 0.138638395246082 0.237500705492713 0.214676051799297 0.0482146717454508 0.117734933882622 0.199559477321304
0.216052528349971 0.0826065129397808 0.119675715742973 0.0890719553192343 0.244245881367681 0.0883696543602574 0.159977751920102
0.0549319664369726 0.062938022389511 0.258606778407139 0.193804259282395 0.189721200230155 0.213024231630813 0.0269735416230137
0.158822704282714 0.238335058816774 0.0896150648588103 0.195838039527382 0.123030262667602 0.0579632251848004 0.136395644661917
0.0881265643702447 0.202684364122581 0.181593820358861 0.011341432323422 0.184848918847742 0.130067951875496 0.201336948101654
0.225886399356118 0.123631585490032 0.013340267635535 0.222727474599145 0.190250571701107 0.0356357732920377 0.188527927926025
0.132854101897545 0.161926608179159 0.128387439062418 0.13044627815476 0.26505458938042 0.0879322168918067 0.0933987664338919
0.069553071529154 0.240095786149733 0.291780818591421 0.13807684885961 0.0708500114967798 0.00582461207157811 0.183818851301724
0.190733118375988 0.121156988567208 0.187225526733921 0.153614437603115 0.104563750596528 0.194236567625184 0.0484696104980561
0.0733395875175702 0.158706415430962 0.0175117311928422 0.228706499566195 0.0926917377205659 0.17450198627504 0.254542042296825
0.157319514950622 0.103290185203359 0.147411834005784 0.190512252528774 0.0605936785646268 0.213438071812447 0.127434462934387
0.085564893858276 0.304831368309105 0.313376806833097 0.00259268689218127 0.0448175602785224 0.182033944001901 0.0667827398269184
0.0948597647048215 0.0763503896529953 0.0329546585769838 0.153118878118463 0.228687996985844 0.311894551818583 0.10213376014231
0.111980574946259 0.185792555430031 0.26064178978792 0.223473071373623 0.0837320802749221 0.108352682296764 0.0260272458904805
0.0733856962086487 0.203808882212178 0.0497820097234427 0.070561891479264 0.224502274736126 0.217340970364824 0.160618275275516
0.162214465610256 0.14742204224148 0.185121230044376 0.109711084263068 0.0932661234125041 0.142215214750907 0.16004983967741
0.28748908874048 0.0629841309021895 0.126434675260125 0.213563655422558 0.0731029536224047 0.194105946667063 0.0423195493851799
0.194424487842495 0.0301240169551822 0.251405466613213 0.227967659347688 0.226919121409928 0.000112107153124141 0.0690471406783695
0.143792957288581 0.0531281744097403 0.12941535659994 0.0727443874651032 0.180780633994951 0.191081065597455 0.229057424644229
0.10753778230962 0.255133249492412 0.24145348220167 0.127828749589306 0.148238932728182 0.0902577986947278 0.0295500049840825
0.242297125276045 0.123560253042699 0.199696768751412 0.0571787537495441 0.127632388851619 0.191678245733984 0.0579564645946962
0.0432292302561774 0.203076344382941 0.153561843845484 0.186250448164678 0.183268152940914 0.133349513700278 0.0972644667095268
0.208755169517153 0.208494119359038 0.202711225794824 0.018504395960936 0.126497956362336 0.19477509140467 0.0402620416010443
0.172751605635238 0.217583076679456 0.0878840324106925 0.0813174550555056 0.188455998520305 0.231678131181053 0.0203297005177502
