0.0371535028495733 0.334351752477385 0.317754938684979 0.310739805988063
0.332104757677422 0.254345675616356 0.293998803563853 0.11955076314237
0.332133112692125 0.156853634621733 0.417766105021033 0.0932471476651092
0.364355670157962 0.284456431767151 0.33274900217592 0.0184388958989674
0.178671478328719 0.422811814868475 0.0489760381755307 0.349540668627276
0.319165248056746 0.276665313492077 0.0484714924787881 0.35569794597239
0.0977942139796589 0.422944751429946 0.447070375985873 0.0321906586045223
0.673472101053373 0.0212777327328134 0.263126737007973 0.0421234292058408
0.263079771242358 0.0591617993302502 0.666310211351179 0.0114482180762125
0.745187986514665 0.0905659879333776 0.095544275286001 0.0687017502659565
0.369228746051989 0.178882007142617 0.133852420731842 0.318036826073552
0.0308918409603214 0.209301296824322 0.279109918639521 0.480696943575836
0.37921027811644 0.231445878603472 0.220250625443502 0.169093217836586
0.227604022863264 0.159724157985833 0.351862603423542 0.26080921572736
0.315230388012178 0.11411198869939 0.299522165666097 0.271135457622336
0.0578759850439891 0.475019389942826 0.0109920246110496 0.456112600402135
0.115985205646421 0.19609481835855 0.538636746686479 0.14928322930855
0.0205992457686938 0.633134495674173 0.296462778326646 0.0498034802304874
0.0215897056247278 0.312403923405788 0.1058550771786 0.560151293790884
0.365758064716925 0.363834896262218 0.206717439370209 0.0636895996506483
0.0716549127411718 0.304756775925952 0.403114344312174 0.220473967020703
0.0124708172915637 0.279450722219684 0.106242319716586 0.601836140772166
0.382735241463 0.269795898386403 0.0222146067541345 0.325254253396462
0.696913989864685 0.18736739057145 0.000291319492305877 0.11542730007156
0.206711234555164 0.415132509947753 0.257973642140535 0.120182613356548
0.303136978927775 0.0697983338501254 0.190995402243184 0.436069284978915
0.292820469854663 0.225722294300109 0.2452361803471 0.236221055498128
0.220375509419561 0.0170572636304607 0.368940333769996 0.393626893179983
0.163143061551383 0.161341836985415 0.36879247504891 0.306722626414292
0.00543809301194328 0.253694421066915 0.219047817088901 0.52181966883224
0.0522863116309608 0.203462507396731 0.0795501338278873 0.664701047144421
0.350310559779157 0.288291175381371 0.113316234223235 0.248082030616236
0.358116101466127 0.220010040177408 0.231452851369396 0.190421006987069
0.347149198161785 0.160715770277434 0.213255089332726 0.278879942228054
0.17384650575101 0.595515150814881 0.0348953627766181 0.19574298065749
0.339475482233507 0.358275290141216 0.180943520295743 0.121305707329534
0.404311513559731 0.00240303222301678 0.574897219526506 0.0183882346907466
0.323753365579056 0.350167087699127 0.091556577411293 0.234522969310524
0.137461872286097 0.253986512018671 0.244555546100338 0.363996069594894
0.113924449386795 0.207890339875781 0.405555094521632 0.272630116215793
0.703234089141612 0.149260875517107 0.131969327303526 0.0155357080377544
0.0512320374361243 0.175662989251343 0.187347529022049 0.585757444290484
0.281600927130371 0.165615350264083 0.351479542249939 0.201304180355607
0.207240043064505 0.273325821306543 0.292858641088144 0.226575494540808
0.034255672391967 0.410010120368828 0.431195352998246 0.124538854240959
0.136227588373882 0.180427981829692 0.357381046645657 0.325963383150769
0.294362808164934 0.195664805776887 0.32811615263817 0.181856233420009
0.0941620023400211 0.220231957745692 0.251941817336187 0.4336642225781
0.364333353639688 0.0521140703975772 0.465994693800514 0.11755788216222
0.438148088179492 0.17969062827232 0.022319586320152 0.359841697228035
0.465682953871957 0.00868997632542127 0.204698798730896 0.320928271071725
0.111424228905065 0.133217929419686 0.386762534500904 0.368595307174345
0.393650297469414 0.381415273289447 0.120002272605528 0.10493215663561
0.293667234332023 0.158114154670776 0.216242905732187 0.331975705265014
0.298967297014686 0.501879788054226 0.125233846521194 0.0739190684098935
0.663704306288905 0.323630894182671 0.00619679431591508 0.00646800521250882
0.0622576905825945 0.388148487052453 0.187691182073486 0.361902640291467
0.117350401460453 0.366584078204506 0.20643589721224 0.3096296231228
0.187076634331008 0.308508111473405 0.18703651889422 0.317378735301368
0.191222257290542 0.192657213439521 0.333932842083859 0.282187687186078
0.0525285239557485 0.496219631869511 0.396435920484403 0.0548159236903379
0.146601618027524 0.167064620358676 0.275828433674164 0.410505327939636
0.297163100201771 0.0775228193600638 0.258386447441937 0.366927632996228
0.202078329073228 0.0428779800027996 0.190530680101643 0.564513010822329
0.564184460870276 0.248575753784618 0.0840977361442 0.103142049200906
0.168593429569112 0.523593353432658 0.292786582227824 0.0150266347704064
0.26834340071843 0.187472088814533 0.245715131584465 0.298469378882572
0.0602430934394459 0.114391821361224 0.199076839371707 0.626288245827623
0.0961027930048339 0.216346821065219 0.347291553824299 0.340258832105649
0.0956187545410739 0.0732113892044692 0.409508668103254 0.421661188151203
0.156772374906265 0.222220172650154 0.290733309389419 0.330274143054163
0.0510745543541817 0.339551393176526 0.364589906981387 0.244784145487905
0.458506037989673 0.18631846061856 0.145503740176818 0.20967176121495
0.575629510679423 0.0709377858128051 0.164511720029141 0.188920983478631
0.574220496373132 0.0593058019182877 0.0364364001833812 0.330037301525199
0.0585272580272246 0.0862841277613042 0.312234202450182 0.542954411761289
0.0582673185567465 0.07836394124175 0.403604057367231 0.459764682834272
0.0417364126256634 0.353064980023372 0.452951407004045 0.15224720034692
0.108285408280925 0.212499378779484 0.225401825124373 0.453813387815219
0.704253059987292 0.220003891620731 0.0337049842499271 0.04203806414205
0.3655714043157 0.22212608799599 0.15823045514969 0.25407205253862
0.207385726112898 0.515975511252519 0.018044723027292 0.258594039607291
0.523027998073211 0.321497028244989 0.0498917693132089 0.105583204368591
0.278950091161172 0.0967992846980819 0.49523785055423 0.129012773586516
0.320826946250092 0.219878446573502 0.207878994701523 0.251415612474883
0.404101361058736 0.418605021078018 0.131534331392977 0.0457592864702699
0.107730812094714 0.371228770584305 0.369198549953435 0.151841867367547
0.176948282056505 0.341238342434303 0.43238971796177 0.049423657547421
0.515655085677025 0.068608583848824 0.298471369789906 0.117264960684245
0.105731598533816 0.391095894935141 0.271081939642595 0.232090566888447
0.159162715343191 0.0887531237262132 0.334168257450928 0.417915903479667
0.0652640533128721 0.522754867933977 0.0888672088780814 0.32311386987507
0.378811141717027 0.204432208650334 0.134359047363016 0.282397602269622
0.0933830357608503 0.280588462910265 0.191427045743474 0.434601455585411
0.1324123714003 0.105320829530064 0.51190197475978 0.250364824309856
0.309592100704637 0.22422993161403 0.216630877441106 0.249547090240228
0.270210058061049 0.235960264504987 0.248275199460722 0.245554477973243
0.348333006671184 0.0613264222228456 0.215071494308948 0.375269076797022
0.203677725426348 0.545350802466262 0.0999046974354652 0.151066774671925
0.110522969383233 0.125477001437404 0.578280921833678 0.185719107345685
0.343980716956722 0.0685387140074959 0.31804253415443 0.269438034881352
0.49006045249389 0.0957801991684423 0.272703503132425 0.141455845205243
0.00675189950370051 0.376361628421681 0.298671274747679 0.318215197326939
0.105225994375075 0.185303470099419 0.381961812443561 0.327508723081945
0.187483577147806 0.0228195652630315 0.326233540358597 0.463463317230565
0.32790550243081 0.316994574980211 0.18953900733689 0.165560915252089
0.318794492240654 0.0928261747814983 0.243108805421156 0.345270527556692
0.302130446537595 0.171845526729304 0.206959776520755 0.319064250212346
0.244343311209705 0.322457519324236 0.0955457170625699 0.337653452403489
0.370163557244196 0.132345587503521 0.293403200178631 0.204087655073652
0.0336034331370354 0.346807947436806 0.103016684132024 0.516571935294135
0.28256963244695 0.0600409672684462 0.32662772828757 0.330761671997034
0.509055670914283 0.25351531716367 0.202251078644312 0.0351779332777347
0.415263892000475 0.0334951156806023 0.169395676043237 0.381845316275685
0.245857773187875 0.296604618679958 0.323925770928428 0.133611837203739
0.192910098870067 0.424674715504527 0.00932001254653142 0.373095173078875
0.631145869454368 0.204512850311862 0.0253906362575154 0.138950643976255
0.356184452536438 0.0274042653084774 0.333971400127459 0.282439882027626
0.272152699855153 0.178492642009016 0.399859751028004 0.149494907107828
0.15983420781557 0.242622755041916 0.0272038511454307 0.570339185997083
0.296382380242791 0.237981181349556 0.228068603407072 0.237567835000582
0.230059155574726 0.545178336732267 0.200107793171286 0.0246547145217215
0.156342104620991 0.239726496624161 0.51392979303074 0.0900016057241083
0.266073851009492 0.219642935299 0.101196994496541 0.413086219194967
0.270893979769951 0.157221782961287 0.316418194502893 0.255466042765869
0.157883040875395 0.315964204197419 0.276392186505879 0.249760568421307
0.307938814630698 0.0462015877337769 0.337140216092026 0.308719381543499
0.247113292655559 0.318412810624752 0.358650079390265 0.0758238173294245
0.305534843957854 0.178253732686098 0.325519106948389 0.190692316407659
0.20254680781683 0.336761325314513 0.256265251351162 0.204426615517495
0.04550612271379 0.285716079881711 0.614714082413189 0.0540637149913095
0.376256035733631 0.323228328417462 0.20865151630836 0.0918641195405475
0.432070839978553 0.0529819069346811 0.29563226860586 0.219314984480906
0.234645870790087 0.208891914312183 0.103546898168897 0.452915316728834
0.478847002602392 0.395005366298279 0.0334905725669013 0.0926570585324284
0.214558633229704 0.0136660375964221 0.650549896141941 0.121225433031933
0.399051028563164 0.136188948236106 0.169371936933786 0.295388086266944
0.16264236901757 0.268102302499755 0.338374108018175 0.2308812204645
0.409699398281563 0.0986010858077861 0.265595439470401 0.22610407644025
0.120338238154239 0.316742383160362 0.290198690407449 0.272720688277949
0.290570072825228 0.206051670685303 0.129106586400845 0.374271670088624
0.0702390645745841 0.208757596114067 0.358672713439181 0.362330625872168
0.00433030343599201 0.212979803023588 0.382536292770293 0.400153600770127
0.153259166258987 0.334784170329483 0.358491840344332 0.153464823067197
0.156679218683883 0.26157143512977 0.275869087517245 0.305880258669102
0.142290196811037 0.29577694446913 0.300414962055277 0.261517896664557
0.384450808550377 0.0355608223108271 0.268263274319941 0.311725094818855
0.218640046708258 0.257569549226853 0.248336680410214 0.275453723654675
0.459303077127702 0.133328947481917 0.0990165054840059 0.308351469906375
0.275281517919235 0.269454591232526 0.342111745777293 0.113152145070946
0.0986737982932904 0.347884534085803 0.228700706784353 0.324740960836553
0.240843687443401 0.0371148301849336 0.00820925098439724 0.713832231387268
0.410540905296139 0.256498946711808 0.275287217307106 0.0576729306849472
0.0207796448396642 0.33662436389165 0.461827860730925 0.180768130537761
0.17714887906679 0.205605695622647 0.177599299618105 0.439646125692459
0.108545367083031 0.141178557087372 0.170396638477986 0.579879437351611
0.418829544192704 0.176218613884349 0.068594122564505 0.336357719358441
0.339419690864149 0.156635277978382 0.0918286360293555 0.412116395128113
0.201564395180081 0.126022052592605 0.43614761176974 0.236265940457573
0.0920865099239329 0.0988524453319236 0.355798047031849 0.453262997712294
0.222620968931912 0.39151563704184 0.164630173166897 0.22123322085935
0.383319887406677 0.190685025182971 0.272307487631278 0.153687599779074
0.409305172080138 0.074832062978201 0.255711638983095 0.260151125958567
0.101110366220323 0.300595461701387 0.328762166428418 0.269532005649873
0.139240209252834 0.315091550536332 0.176866856694394 0.36880138351644
0.416178352132463 0.415603240961361 0.115587672404825 0.0526307345013509
0.288748206207419 0.240581719501915 0.39006386544052 0.0806062088501455
0.152686340924292 0.0857536501465822 0.491424938939316 0.270135069989809
0.0644907138909614 0.209992649213905 0.400005072586137 0.325511564308996
0.306760988927046 0.246664263067803 0.201835916029017 0.244738831976135
0.249682926803417 0.290503017750622 0.315562615139469 0.144251440306492
0.39256056329169 0.0889526318883259 0.232261582865713 0.286225221954272
0.0830622289065843 0.0163201311808076 0.500110001907583 0.400507638005025
0.222392128147896 0.0741693115742755 0.205787687814175 0.497650872463653
0.351084600451816 0.107134942816708 0.250035004989421 0.291745451742055
0.306960111450151 0.0477722850857248 0.371087433064819 0.274180170399304
0.127538664629074 0.568196562612147 0.0836703095612558 0.220594463197523
0.290344133683872 0.250320889101714 0.335715107714827 0.123619869499587
0.197161281057284 0.366094316340493 0.388215670328506 0.0485287322737171
0.0677301766570029 0.137893954133318 0.60814327004324 0.186232599166439
0.0650340329532134 0.386544359962931 0.286358531605701 0.262063075478154
0.164626245326642 0.350941177757189 0.240103417245583 0.244329159670585
0.129317986229526 0.380085509865384 0.208612713825002 0.281983790080088
0.14440691705204 0.387395967639573 0.384804690297005 0.0833924250113825
0.253937420108054 0.297725919711005 0.0336809185840462 0.414655741596895
0.538419826220541 0.035459009821598 0.144520351397019 0.281600812560842
0.408878448664268 0.28076833045228 0.204146795596403 0.10620642528705
0.101389757003567 0.521817366693277 0.339416427633164 0.0373764486699916
0.464278413449885 0.357579392772349 0.0887984162679465 0.0893437775098189
0.186771940821524 0.163542144366189 0.384424000393526 0.265261914418762
0.26192110663917 0.228897029943731 0.154088042612573 0.355093820804526
0.111039784724578 0.146833554333325 0.00911187976047427 0.733014781181622
0.330298344289702 0.360484643769563 0.0781063340303875 0.231110677910348
0.333323783331421 0.476665696129069 0.093750175676798 0.0962603448627116
0.0648828703184216 0.303544355073755 0.0853463553978587 0.546226419209965
0.0185141785478455 0.0776497012159257 0.500982239904358 0.40285388033187
0.232347750393034 0.188625012587007 0.199558867483342 0.379468369536616
0.109918039718533 0.458905114988827 0.420858184776368 0.0103186605162718
0.280944365107114 0.382412448085282 0.122490922822 0.214152263985603
0.282040771915961 0.305981547129899 0.290141807691768 0.121835873262372
