0.0415140931453145 0.257087072631141 0.0853679170767182 0.155031123100457 0.0308171402033428 0.221232567428635 0.208950086414391
0.000993915867869946 0.0051707186014617 0.265900861007525 0.00977681843870263 0.168275070913414 0.253247391579224 0.296635223591803
0.0362581808783287 0.248539379231253 0.259990876111056 0.0464299604512821 0.208346398816167 0.0627957948050447 0.137639409706869
0.0392198289945017 0.0782683854418479 0.221827868236588 0.183993112595215 0.0890390994279762 0.327393450951267 0.0602582543526038
0.243962302174711 0.229154218027443 0.19255007960396 0.160209692282435 0.0448169758278632 0.0700457003470209 0.0592610317365659
0.0243376959363952 0.257003777795665 0.242101484165971 0.163676539002402 0.130209158341626 0.147938863762682 0.0347324809952592
0.18573563618098 0.0391093619487081 0.348868156469784 0.117009128576836 0.0355952771105548 0.00172535785863979 0.271957081854497
0.207220826943899 0.123668648165328 0.0629917543224407 0.0159487060479307 0.224155099519882 0.215326002007018 0.150688962993501
0.132997395505133 0.085249892472117 0.195281893808416 0.0184428394914957 0.208649567941592 0.114728346470636 0.24465006431061
0.123761919108629 0.0803433650915362 0.1878479879331 0.180294517414884 0.135446861949327 0.18657049541381 0.105734853088714
0.183300962841419 0.193724056315725 0.0935826915873316 0.21406894340239 0.21618299383274 0.000145216028846953 0.0989951359915466
0.0700327138039099 0.081827665071564 0.208770095109233 0.191985160576281 0.164312768633798 0.113828459556816 0.169243137248398
0.18628153524323 0.241164994768883 0.224664354144427 0.0137761798617516 0.13293866461493 0.176471733588961 0.0247025377778183
0.22484537336148 0.252690565209487 0.244527854787057 0.108504109013979 0.0059311873915364 0.0780990066622638 0.0854019035741972
0.172227534420956 0.0954813637875498 0.22434079745614 0.139875519924186 0.0387405272446344 0.139859554619631 0.189474702546903
0.166386593562394 0.143134411188151 0.11293597215828 0.193771054883471 0.219110002889574 0.0757388688199735 0.0889230964981573
0.19047606164127 0.0899928021010127 0.123226883192206 0.168553106757253 0.0661986760473435 0.143133782203189 0.218418688057725
0.167451556544138 0.0628183635772687 0.179445630914681 0.132151964716234 0.190022116344393 0.124279707977402 0.143830659925884
0.104876388676398 0.159698702104813 0.234874830015306 0.183979714146566 0.114379146275649 0.071306117795539 0.130885100985729
0.0206484504521943 0.103344829587074 0.032602605792554 0.169367311268356 0.278814189735386 0.18826375133491 0.206958861829526
0.198375111923555 0.191207782859769 0.195474103225649 0.166554672349769 0.175913783615363 0.0338698720412075 0.0386046739846882
0.247921113403431 0.190805060018641 0.0836744481422685 0.098709781053953 0.307356903582077 0.00638431433687086 0.0651483794627584
0.0393819682969293 0.215805435874784 0.16601684638165 0.0662795918617286 0.0804727579617443 0.182093056615278 0.249950343007886
0.155902314790879 0.188677694500011 0.152501236403354 0.142987913058347 0.134932936445893 0.108658747700427 0.116339157101089
0.0898617290848731 0.150847841920195 0.178009875120523 0.0903226817377974 0.124501941225471 0.203420809473921 0.16303512143722
0.228366308658755 0.0964187982949537 0.151543316224797 0.158787506604664 0.182602111307413 0.117065776604761 0.0652161823046558
0.144983509413575 0.111706762760198 0.113516538700832 0.0402526401542306 0.0608855333823069 0.232840837009207 0.29581417857965
0.0886312302988547 0.362987912154256 0.0268010432652698 0.0728540376618709 0.201552858134024 0.22135061007269 0.0258223084130347
0.19174666432649 0.17596016160118 0.0924402058480221 0.128764898816934 0.043607351292722 0.194696910967816 0.172783807146837
0.219595646744237 0.203088863996845 0.139764062354118 0.142781978287667 0.086052331926909 0.0833770102047362 0.125340106485488
0.0392226681133936 0.158626931815815 0.147103912512712 0.255890501993423 0.0128235707323189 0.204064602413944 0.182267812418394
0.0810348584252135 0.166100195924116 0.0865198257064258 0.281078160776862 0.283903487534373 0.073436715640559 0.0279267559924502
0.0423421584791715 0.157796949217754 0.0616955043778031 0.183735006236363 0.227886379609043 0.224301908305182 0.102242093774683
0.0597189612254762 0.230537262610425 0.136005926905296 0.0944941271677822 0.102760256604853 0.0998129573069678 0.2766705081792
0.238480580059329 0.210978286399805 0.164218186952382 0.23700095068078 0.0255966135648672 0.103322092912792 0.0204032894300443
0.133742647065467 0.0733949758793559 0.111350420263219 0.0206439228543343 0.0712073470676631 0.300997058495966 0.288663628373995
0.0131006297763635 0.00797872180512995 0.0870568585009605 0.0727117730150745 0.256275234270514 0.343144618800096 0.219732163831861
0.0239593931136384 0.0269226670229489 0.212636876516927 0.0791295893144764 0.231027003932008 0.13705810770574 0.289266362394261
0.0546053607356207 0.0600434368983411 0.219235528361269 0.188265476565945 0.0871917841731944 0.124323898602206 0.266334514663423
0.27397220274844 0.118821357923132 0.122645102867014 0.0539511929093467 0.14428228439943 0.0484578574157726 0.237870001736865
0.112022839011762 0.105169899149296 0.0992225727042345 0.211636789179504 0.110459617708752 0.154899415297279 0.206588866949172
0.287716332711561 0.330020534528635 0.0556519479242615 0.138700200294737 0.13869872110234 0.0407638744040956 0.00844838903437074
0.180187390264504 0.312464174724492 0.019912664619506 0.125466877968901 0.280964654977197 0.0464065614399523 0.0345976760054465
0.052934005361703 0.0954919077204101 0.193741939930552 0.289925225563335 0.000362955985754735 0.0726774927899137 0.294866472648331
0.0606192732023726 0.177216218779117 0.153470461380725 0.219714944797952 0.12074447761602 0.136789309411579 0.131445314812234
0.133763189056584 0.198156621595564 0.27987289454926 0.158399523833663 0.0450681549571103 0.00296732937831479 0.181772286629504
0.147751258906094 0.220545538858968 0.0504166186895872 0.162340481434738 0.122677796666966 0.0483167469668568 0.24795155847679
0.176709569845427 0.0880863258314724 0.162770547968822 0.194011412654282 0.124110470651603 0.0938575135652163 0.160454159483177
0.12897289693059 0.136608732504365 0.217344860652015 0.040388365014708 0.205224279776338 0.0444800801926498 0.226980784929335
0.21169063386308 0.238096583866243 0.193736921362682 0.00872425899962155 0.177256048851857 0.098015062970948 0.0724804900855685
0.206640087520604 0.219808019399168 0.073768460892263 0.035034898867453 0.0912441182672878 0.234164010184611 0.139340404868613
0.0206208642091395 0.276976726327201 0.0749416354685439 0.274345343702039 0.159768485520876 0.11338320982329 0.0799637349489109
0.164374918983998 0.194150459112533 0.0323002789424223 0.133267609051439 0.145459393376961 0.186115762214392 0.144331578318254
0.0806377279296913 0.214572134078613 0.158236966254486 0.1635166842906 0.0241981717745816 0.197551490562247 0.16128682510978
0.349642987660725 0.129801072209735 0.079999425998596 0.105604718391522 0.190686595784459 0.116044745247731 0.0282204547072314
0.0734725673775963 0.149829939285518 0.145586083204697 0.109177519362 0.0930854192525743 0.227992250278146 0.200856221239468
0.105387487592229 0.220217326267561 0.116730705761018 0.138580076016093 0.136181632441512 0.212816863311308 0.0700859086102786
0.255975426849639 0.169660522479039 0.151564518099862 0.0256289960418062 0.096334587900147 0.147456132523633 0.153379816105874
0.149497376157768 0.173068567372391 0.171873476277041 0.0171202003939765 0.0486975680366552 0.23775149009839 0.201991321663778
0.168781815136328 0.0399762834482576 0.231998144890696 0.179715760679942 0.0706385370284828 0.210183518704384 0.0987059401119094
0.103482773705902 0.168509143605153 0.0081463289782982 0.151882565321037 0.111238900385002 0.307780906880904 0.148959381123703
0.238684085003527 0.0659036223431643 0.223726403376833 0.0669527760592786 0.169644786986212 0.135096097009023 0.0999922292219631
0.0186702690659484 0.192816517053206 0.318639998939924 0.0114004507189685 0.212332032228019 0.124510254579634 0.1216304774143
0.129575764865119 0.0329491481710659 0.0916748774519828 0.228622633423063 0.081529849098994 0.187047788710461 0.248599938279314
0.0433064589887369 0.118877619813474 0.170623119977699 0.187484296468543 0.184136847466794 0.167144697046759 0.128426960237993
0.106384257378129 0.0783630983573051 0.206518306979524 0.257352472534183 0.222636709255894 0.0930407236804221 0.0357044318145437
0.220180899137347 0.0790399305852086 0.139317501203179 0.0345200065124765 0.126385147622948 0.197976500302787 0.202580014636054
0.165448031804477 0.0856130154335853 0.142130514297212 0.0921537052502062 0.248128989699709 0.178088912195595 0.0884368313192161
0.250052957335768 0.0126595178496446 0.311805577431899 0.0584821219847091 0.0589772939219838 0.0874418939268746 0.220580637549121
0.0267251144787866 0.179694014476486 0.175560830675479 0.195224553906015 0.0600068966176665 0.056099174794266 0.3066894150513
0.118865617320392 0.0378006209106067 0.00846839242247169 0.26327527418665 0.242704824566304 0.16183350810606 0.167051762487516
0.0122011220710286 0.0800321460398976 0.0601877742609478 0.249443456642922 0.224206807282112 0.262790150441885 0.111138543261207
0.100762972292607 0.0517609803371545 0.12518440382402 0.0774272301777053 0.39211422198767 0.0369310735206163 0.215819117860227
0.00450006012384127 0.242645931929888 0.14396304366038 0.149790196902165 0.168173631998385 0.0362933781707681 0.254633757214572
0.0113673317400226 0.332509408082659 0.0322913682669846 0.06087598220337 0.20286255352702 0.194476371665985 0.165616984513959
0.157401277539137 0.246856176124471 0.151032904738512 0.0433174094967076 0.00814661291466992 0.135919697078153 0.257325922108349
0.0333062181928988 0.108359326149615 0.210986786930724 0.153590640467008 0.0944082036892492 0.202284309487795 0.19706451508271
0.0243821528521236 0.148909640407869 0.0260669718442344 0.32344763045468 0.0953560915277078 0.083765980924918 0.298071531988467
0.0730383904210594 0.156819273935869 0.131918147060004 0.315371614348541 0.159513510619809 0.144732296868687 0.0186067667460311
0.118280615109544 0.23547365044485 0.0531161281114685 0.0555476446000428 0.171467564217376 0.0729817606773845 0.293132636839335
0.147692877456401 0.00808834607817914 0.12749269033882 0.214452420235404 0.283915892550848 0.125837022367349 0.0925207509729987
0.211537807581332 0.175479478356623 0.150884448664252 0.102752744503661 0.0997859583465155 0.0603578032508654 0.199201759296752
0.0424981475126603 0.179958140835807 0.0788413661055276 0.230401966111691 0.223016987228009 0.141550487817063 0.103732904389241
0.0628816578955167 0.116029678514494 0.133733671844496 0.21620029002827 0.161648180510243 0.0675354885782264 0.241971032628754
0.15846822195345 0.101879679867491 0.0441013802476116 0.182413636836686 0.201336887860769 0.210547802777985 0.101252390456008
0.161537035831891 0.149928874188334 0.084274611668808 0.121851432619122 0.0550650783280042 0.179454026113313 0.247888941250527
0.149835020709589 0.0861590655596494 0.099284114280028 0.204123223238876 0.164831079669089 0.133160919397953 0.162606577144816
0.214899745690515 0.196816468696613 0.0793192724692822 0.0583357580159352 0.068651171209856 0.250653187718006 0.131324396199792
0.26169607542047 0.0507744596845622 0.0847894632016103 0.115293882379892 0.255393581724622 0.0124360280473015 0.219616509541541
0.0734349409443053 0.213480720264747 0.0978283897573659 0.0414160823174898 0.388673692855027 0.143506093054517 0.0416600808065479
0.302038895740772 0.163437501319049 0.126739129202744 0.000720646235649048 0.214211846408037 0.0379020891344578 0.154949891959291
0.0158700594041591 0.0981589754521234 0.00201804279395983 0.23824875954884 0.357320590396642 0.237906711185844 0.0504768612184312
0.180596002947308 0.140239772667038 0.199827391893649 0.207942336538774 0.0566071802151124 0.0413023902593264 0.173484925478792
0.184083475208089 0.0772793263117247 0.0582934123721386 0.108374460370841 0.183125707602513 0.245983034134917 0.142860583999777
0.223249533940709 0.13955400814449 0.0273643004242582 0.059406510860138 0.0298129074406486 0.083242403087106 0.43737033610265
0.0249560760572665 0.0654485007049507 0.0867886770606451 0.272394066551706 0.0405061262674368 0.20948396980602 0.300422583551976
0.115820546176568 0.0465512823834306 0.032252865357446 0.171696150734115 0.23946467183303 0.294478961577181 0.0997355219382283
0.176344114004051 0.0709144463649861 0.202914226921782 0.299921470195318 0.00568350635911999 0.218730831829993 0.0254914043247496
0.0689670624884953 0.373845456683043 0.1059655719047 0.0345764549823492 0.0413540287809666 0.22769248167978 0.147598943480666
0.0373786943806787 0.189573466895283 0.205732526500713 0.248269467811181 0.0099670181698517 0.133691548375933 0.17538727786636
0.194065182870516 0.0837278041451891 0.0721403849870814 0.0985061599968346 0.303896716137888 0.0516301780965203 0.19603357376597
0.0123927249928999 0.274856468726372 0.0470995648592018 0.311283564974248 0.146319820187323 0.189388332336765 0.0186595239231897
0.313898177867657 0.00543359224199609 0.2977938584012 0.0219315747096148 0.116434848821604 0.0663960969553766 0.178111851002551
0.157192715293372 0.221242466050124 0.14222864486044 0.143077242893593 0.0546135907465597 0.0899753031932472 0.191670036962664
0.223642115341264 0.166821227848297 0.221930982268869 0.035427216926546 0.138454093563125 0.0352713685973694 0.17845299545453
0.0957080338227182 0.108454199049976 0.219081647562316 0.0444127665438401 0.379209707505498 0.148928482739278 0.00420516277637412
0.0415739416133485 0.171275579240367 0.0778203248173093 0.193349181034887 0.219667710378817 0.0677280297975868 0.228585233117684
0.127945530598704 0.245358511511133 0.00666574278957555 0.126921946836857 0.0635933199573161 0.229143349579492 0.200371598726923
0.0617091460742635 0.00117545442445296 0.292941282480025 0.199685686336699 0.0149201605338382 0.147404694277019 0.282163575873703
0.258982061768565 0.285185119553748 0.262990571568239 0.0575058278343966 0.0457720350800098 0.0572797770853959 0.0322846071096448
0.220306787663871 0.169543062295947 0.0302212987439418 0.152623843363799 0.232492632303036 0.122879053330338 0.0719333222990666
0.228702003240173 0.210146321422141 0.195143240414763 0.203470407771619 0.0890965461513178 0.0278039975055119 0.0456374834944743
0.0549858184709355 0.199351478355464 0.261911941281248 0.218279688829234 0.147485831406455 0.0339113090094043 0.0840739326472583
0.0952265057046532 0.0798729027694293 0.246534083910083 0.0353868340564902 0.132912418694415 0.206028043358005 0.204039211506924
0.0522079196339598 0.12549644233772 0.150122653833969 0.142610551714836 0.185368370928532 0.329613116229585 0.0145809453213992
0.230867578437254 0.135479225720555 0.0184539935275596 0.00115580632233021 0.32796109773422 0.0255158901512768 0.260566408106804
0.201380479947487 0.188246023273616 0.11870117616607 0.156822500884554 0.0705617794769532 0.159127392150109 0.105160648101211
0.0736982440989587 0.140690519142602 0.183603042091267 0.227068744978839 0.179850654214961 0.119929853137543 0.0751589423358287
0.242685076287941 0.0687423674398102 0.00125653796897706 0.230284889376536 0.0419591633388126 0.169591038108525 0.245480927479399
0.204264878860873 0.167372018291198 0.0712761231947647 0.157182348764259 0.15724221425996 0.038934618443699 0.203727798185247
0.0765745937265286 0.218990980042991 0.0463080234607751 0.171892024806465 0.18852840797963 0.11301140913523 0.18469456084838
0.253598687921612 0.00602117026833278 0.192310224883381 0.11499573838519 0.173177500881119 0.159119870945306 0.10077680671506
0.138646525937092 0.12179662291413 0.232071928685761 0.16418067677781 0.1170634897451 0.204068877784123 0.0221718781559836
0.168309126964136 0.214914491473428 0.139835652336495 0.152933014102968 0.147980754106845 0.0774088586063594 0.0986181024097675
0.0833068077490868 0.0379040584173744 0.275095128183939 0.0695404740865391 0.182768813148255 0.349616271051363 0.00176844736344267
0.183546495398542 0.0645834314536011 0.140661170996679 0.165873286934488 0.13150081572021 0.178241710668535 0.135593088827945
0.221807498722095 0.10480597798889 0.0842867785451577 0.142497976089081 0.0901939501148983 0.148118457911916 0.208289360627961
0.112942192055307 0.201353967377779 0.180838377525001 0.198617688103165 0.0475419453600092 0.200056026775067 0.0586498028036733
0.20608776264348 0.0286653896350452 0.234056328109822 0.0727975604936996 0.0663727354205437 0.215696603515313 0.176323620182096
0.0813696278367442 0.198254095631201 0.16638262263572 0.171051377745494 0.131355162211165 0.0203939878928747 0.231193126046801
0.244662736944004 0.161458745506268 0.159166701992009 0.0108770578711466 0.107424261719257 0.0276432294912711 0.288767266476044
0.184966878157596 0.137660584356221 0.291805962160316 0.00316241889580515 0.0409122079731296 0.054100247307197 0.287391701149735
0.174061278109732 0.11949359594613 0.170192583332057 0.239993062993952 0.0995904936123938 0.00281603300885149 0.193852952996884
0.129516809061112 0.0541316936260739 0.151958785146561 0.126817445318664 0.217105448676126 0.124091155968787 0.196378662202677
0.107650625252269 0.00991823510862834 0.236991277264556 0.18791969191063 0.105758791348961 0.0810864726991523 0.270674906415803
0.0465543834386923 0.0975030686037099 0.277827304941722 0.0103013920487494 0.0990665322885172 0.257529258994811 0.211218059683798
0.0039625597084186 0.0351774780671296 0.00302075588607442 0.211074586786673 0.22845184916756 0.1737524081117 0.344560362272444
0.158714796768408 0.0511705467581588 0.233913827832033 0.114526658842752 0.154155327330403 0.0739877426444739 0.21353109982377
0.226171920761924 0.198740938506733 0.0622993909855514 0.0406450073942729 0.257123435407348 0.100353322176608 0.114665984767562
0.0837468797690564 0.0820116269694443 0.313639231702839 0.233285907505939 0.0459585253869712 0.0899142247642104 0.15144360390154
0.326286395035507 0.254154721242554 0.0387649134063534 0.188344732518752 0.0941013894113366 0.0101451403352809 0.0882027080502158
0.150310283115485 0.143844790269106 0.220004310759216 0.0695006648259912 0.284719683727364 0.0315594360643956 0.100060831238441
0.0612224327932629 0.0915418818282216 0.162846639229777 0.119132894156319 0.213959693735853 0.2491856171668 0.102110841089767
0.282581987922558 0.0494292405328208 0.0339097039161687 0.233524011281599 0.201098494516009 0.134131040818126 0.0653255210127179
0.0461438149911913 0.175690293369757 0.10975441950276 0.0339809893681609 0.172466300058361 0.260711499723392 0.201252682986378
0.210831674702179 0.0383315452680556 0.0288584716394938 0.196641175361799 0.235923291050971 0.220097615561395 0.0693162264161065
0.0597022445542952 0.238769559748504 0.0742642501020976 0.184296720479927 0.225946870657303 0.182780688121359 0.0342396663365148
0.033526533680344 0.00748068624262012 0.213577303297501 0.2608647695216 0.00148509941219256 0.234584647908939 0.248480959936803
0.282252374789055 0.0581884642765738 0.138205597237191 0.171684697836094 0.0915131358578048 0.107922452717501 0.15023327728578
0.148847267338641 0.120103123631168 0.20014053499864 0.1681224577506 0.103984295756922 0.19362173481154 0.0651805857124883
0.25417072482112 0.185634690973267 0.0883988799618342 0.0672408716898215 0.178467836843574 0.0766058958332376 0.149481099877146
0.219634599048242 0.0447533483083026 0.207727390829737 0.109509917275185 0.124991525728529 0.0906989131431146 0.202684305666889
0.131773510854791 0.145077533103797 0.161836795830745 0.0475475680828195 0.112373297272703 0.202457282196506 0.198934012658639
0.209171576697821 0.141670226464253 0.0319502401974539 0.236765010011715 0.229945632818553 0.11762754062244 0.0328697731877646
0.156945174986909 0.133716563918287 0.183135471188358 0.0676914971776029 0.143258731843582 0.127730502536782 0.187522058348479
0.0591284567663093 0.00322852917688763 0.384761153732588 0.0644851846476772 0.0744477503381232 0.21863381592765 0.195315109410764
0.0565186286540529 0.177165395109389 0.232858070123615 0.205829507256722 0.139114681563791 0.044486816227731 0.144026901064699
0.229758255970937 0.227140426995587 0.117688205322616 0.0644333247026156 0.106421359243469 0.00812126592045215 0.246437161844323
0.158411396719239 0.116780356116793 0.199483293269727 0.10273699999843 0.12059461140871 0.194026939717475 0.107966402769626
0.0391641485954254 0.0533107224208161 0.23072985786745 0.0640563446151241 0.243095021059837 0.118585031715172 0.251058873726174
0.0588465496983769 0.268541173479635 0.0393431151636839 0.185886476774221 0.218274983305762 0.0789477130382746 0.150159988540046
0.156059365961144 0.0620215190157476 0.0741824738496914 0.0811997016224752 0.226396317390946 0.173919136382598 0.226221485777398
0.162513465752017 0.220657408989052 0.0771319572465336 0.209920990181206 0.127432272786118 0.142973090925655 0.0593708141194183
0.144894136882034 0.183756929335519 0.0464388530751402 0.14426159406135 0.0455330538323887 0.132198640209305 0.302916792604263
0.236057000168287 0.032080123081445 0.344937105930973 0.0509402070760952 0.0681700251873733 0.141835986818121 0.125979551737705
0.176213376356629 0.195722911229397 0.147757742246722 0.0561187433371622 0.025789475308295 0.206673091050464 0.19172466047133
0.104138107706304 0.234796350693804 0.309062911374499 0.0308516791854297 0.0630149293738802 0.243653742662885 0.0144822790031991
0.119114160856733 0.29156789441715 0.0311931769552246 0.17646587597394 0.106857355249417 0.176370751178347 0.0984307853691883
0.179017756189008 0.152452875069793 0.14679910311322 0.298005924192021 0.160644707404105 0.0338116852249567 0.0292679488068954
0.111070713442481 0.294436052012509 0.0374173103595237 0.133710091066664 0.197110651933994 0.122150850125513 0.104104331059315
0.0665891662722341 0.122903474822815 0.173223135615269 0.169396541670463 0.0282508554570482 0.251586623122041 0.188050203040129
0.0421994528959284 0.266039840946351 0.388084645763341 0.265137246828989 0.0249723035318056 0.0101773872020699 0.00338912283151439
0.0820456001568783 0.0299678654886138 0.15024483678495 0.21449492399256 0.0841443732315141 0.251831336915421 0.187271063430063
0.200507309572967 0.228856357259094 0.0684297548041789 0.122477903970385 0.178817926879094 0.0971494254679804 0.1037613220463
0.0378323321063691 0.13440803404566 0.275469960311884 0.104277529762964 0.0231379887749705 0.233424529838952 0.1914496251592
0.246006549406318 0.218235469576195 0.0515881740061611 0.195493111895535 0.129783101308923 0.100333366948786 0.0585602268580808
0.181966630878681 0.126375439615811 0.230465320507515 0.223087258325717 0.155925901884556 0.0324504847418558 0.0497289640458636
0.109335180916645 0.0600626244121378 0.294790029933844 0.185580718655317 0.21263695751924 0.109160508272585 0.0284339802902307
0.209560715670107 0.260389508809135 0.0582155634098352 0.21611691871884 0.00538395641257365 0.0572012852191314 0.193132051760378
0.159955012719231 0.127132801749958 0.131782142666541 0.120396087280465 0.127374160046785 0.0784622252209306 0.25489757031609
0.192697870344467 0.0469501994885857 0.164479307090435 0.189491071616537 0.145633820722485 0.0697308407636373 0.191016889973853
0.00694699525055229 0.0305709013511551 0.105037778324459 0.214986616881387 0.279032024158853 0.276367458591674 0.0870582254419199
0.240263135814455 0.233083100496871 0.0483826651264433 0.214527612614558 0.107234640520666 0.0853434000822409 0.0711654453447661
0.117326365685592 0.192041668736143 0.265692888701293 0.0368326911971285 0.109922600001802 0.117355757246075 0.160828028431966
0.277546434755888 0.0751918588577398 0.313725810093689 6.7023233645898e-05 0.0354778459121798 0.0522749671443735 0.245716060002484
0.140734883673847 0.0264585494132028 0.171575502485536 0.176485245743773 0.178918104304412 0.236267394554974 0.0695603198242557
0.0298649910864602 0.180013838267852 0.184866210621735 0.187596944516887 0.168859053738859 0.154653041474342 0.0941459202938646
0.184783062596161 0.194648450496397 0.204922265225575 0.00370766406326069 0.102278795033681 0.102362513003426 0.207297249581499
0.0711563644873668 0.234302205916379 0.0948646974071755 0.325229390386368 0.0161904715812351 0.0157017540650844 0.242555116156391
0.0956907329486985 0.191205730475517 0.145677796543224 0.183591564241105 0.226972955835989 0.138897204416816 0.0179640155386498
0.144370146429226 0.0912136912714987 0.180138972542953 0.201210438897354 0.198219009315202 0.167593073719056 0.0172546678247092
0.174520121935293 0.1315344775102 0.186055506191772 0.00124781992403141 0.0334199520627301 0.115615133967369 0.357606988408605
0.133324013453747 0.0724160968554795 0.0394911037732427 0.0602089338867764 0.172053613711556 0.383627690742589 0.13887854757661
0.185425097346626 0.0683385697245719 0.0220815145456901 0.277463814130836 0.252264547873511 0.166525775433602 0.0279006809451628
0.225348604492915 0.0902234140823425 0.114021415355252 0.164750098717947 0.0155625467442981 0.164747706038742 0.225346214568503
0.175458381931545 0.0562243647097442 0.168703315576354 0.126471264749269 0.0552655010155424 0.242424626329822 0.175452545687723
0.049448080955108 0.280165318876284 0.191439668119638 0.160024288980338 0.232670538284787 0.0307130557011359 0.0555390490827085
0.0272943942579547 0.195161714525803 0.0593509730080596 0.0965867351432407 0.200075301615675 0.242042710387538 0.179488171061729
0.220316207504992 0.155463768485312 0.0981498801305183 0.0522914077594238 0.259228895927578 0.0242859888194023 0.190263851372774
0.0860000565240228 0.00305387875168343 0.25278425243907 0.0498748795519581 0.280956399899862 0.258652189004474 0.0686783438289306
0.0351619517840724 0.116366373640247 0.107719319465554 0.303280058102858 0.123219377588713 0.119845363042735 0.194407556375821
0.233165866262865 0.297502658025461 0.12223316840787 0.129251765172471 0.173737930275115 0.0388377294697797 0.00527088238643682
0.0421253144393509 0.196751963192859 0.0576011699114874 0.172222403159324 0.160307700446892 0.249315357211954 0.121676091638132
0.197941428754631 0.0362159325537868 0.261195306383562 0.184546372064356 0.164861829816739 0.0614106111778515 0.0938285192490732
0.217012897132524 0.0522387983661889 0.0780714201252108 0.0307313103138107 0.210489733084152 0.0463982503596118 0.365057590618501
0.200780456593115 0.1785563203209 0.21169792417041 0.124093306035014 0.104052322807976 0.106760498140716 0.0740591719318694
0.101297882525646 0.168013057097227 0.155467046921807 0.267164420433344 0.0886306237886426 0.0848355075607084 0.134591461672625
0.277830983988716 0.222463699007279 0.0230468325936574 0.0490614183620599 0.296548757273015 0.124401012564705 0.00664729621056797
0.0585840194808022 0.017629570744634 0.108058812415307 0.222750198287169 0.202602740723003 0.122782561491964 0.26759209685712
0.0414392788595219 0.204963547257061 0.00094518716680496 0.191325060895282 0.136600156227662 0.199419442589523 0.225307327004145
0.0258507389419937 0.215167810238309 0.0863529608712536 0.145516944076949 0.234264815368481 0.210381703364692 0.0824650271383216
0.00431112752395799 0.204834027937973 0.199107444310235 0.214133727879294 0.048321294136232 0.259009315511796 0.070283062700513
0.153270482106132 0.0115527985274488 0.0285542539467905 0.230014823506178 0.213363015039233 0.143658962293633 0.219585664580585
0.12008826540284 0.285239364104073 0.0302896551496506 0.0233660530831065 0.240956642442459 0.271749768278876 0.0283102515389943
0.245850890717873 0.144752803857271 0.187944773545293 0.0364140407615738 0.0900446524566397 0.289211773731408 0.00578106492994031
0.155191877552099 0.087520611476126 0.00447070017379137 0.233189773560052 0.215930874786923 0.24800201278906 0.0556941496619492
0.160072598111584 0.100010589755144 0.00217926890045615 0.209877046308786 0.245820126828966 0.164300262071767 0.117740108023295
0.27809985474881 0.0789590851274871 0.189675872392213 0.1843667167441 0.170775918088271 0.0690089476567841 0.0291136052423349
0.0488452399475409 0.183384150847499 0.149964146499972 0.00481854058682211 0.225004143652107 0.199487168704818 0.188496609761241
0.108183744270245 0.142190908724477 0.135261663493796 0.220452050284828 0.0648854193192885 0.25841646790918 0.0706097459981866
0.0725587386983262 0.0955089815675083 0.167048341295534 0.0761432062966092 0.291969521970047 0.162620029273225 0.13415118089875
0.158193150445201 0.0619672754956623 0.130718858444531 0.0188839798554695 0.227221441492835 0.233018900530102 0.169996393736199
0.219461309431739 0.0126115760350496 0.0694849545932431 0.00473322439535154 0.215681689101935 0.222723178760457 0.255304067682225
0.226626641145505 0.0763343075644385 0.317796424775268 0.0305326646555285 0.121687576445329 0.00578436520264081 0.22123802021129
0.104482597096888 0.120969207125527 0.0906256087957609 0.0755814147993252 0.114463319948858 0.372432800567907 0.121445051665734
0.0969381769303548 0.150929836362144 0.154528211183236 0.225532511627771 0.112532952132344 0.149470243462056 0.110068068302094
0.206331814147504 0.0954409625264901 0.0356227801778254 0.204232664502565 0.169540087951416 0.143785716437005 0.145045974257194
0.0220785748794523 0.0742217926368491 0.218152354422673 0.180536146030271 0.0660193335370921 0.229763841673519 0.209227956820144
0.153901740947322 0.06007513660143 0.165234324426966 0.169439092773604 0.184338086825003 0.130446966872736 0.136564651552939
0.0308525800909161 0.0622276891913569 0.155834274436962 0.307606849555967 0.267106073555433 0.110035360589851 0.066337172579514
0.174121226559184 0.0362123672292457 0.243399214110656 0.0393235375950503 0.203326682189638 0.0679802519788591 0.235636720337367
0.170111131437002 0.20374749255363 0.0600909393641991 0.159683591306987 0.19103279660035 0.171452708080915 0.0438813406569164
0.173317350255625 0.0956680971359222 0.176089878794015 0.0486387251198105 0.17388036857148 0.181914359096924 0.150491221026224
0.199671704365062 0.049446613585586 0.200742760798513 0.190291634583221 0.11045792651319 0.170062763699661 0.0793265964547667
0.167786516235208 0.106097642958184 0.151574357083903 0.202333155420855 0.0784236031455084 0.138150261707959 0.155634463448382
0.225312771849851 0.213545540025912 0.174376332687345 0.0563711529104796 0.1460414528947 0.100088965621977 0.0842637840097367
0.0110871328136218 0.07486088442413 0.182458369159084 0.0868009152945149 0.169615447439173 0.152064594551342 0.323112656318134
0.188487288198749 0.158048073604512 0.149462541396579 0.0165589218941528 0.0725284823104745 0.187188679115994 0.227726013479537
0.201571213413648 0.00137026529439675 0.212395686577875 0.187869198542522 0.256662319392411 0.0414506208069247 0.0986806959722228
0.0650770795871403 0.101884411463941 0.270645771736189 0.245257693090264 0.252237649806454 0.0517714969070903 0.0131258974089207
0.215596687366254 0.0432637859208596 0.0580243327356549 0.248250559395693 0.151806369407753 0.0766701076665331 0.206388157507252
0.136999783020725 0.16061047816 0.072639884719816 0.178147855890889 0.0558316322993727 0.102030965980685 0.293739399928513
0.209608832200404 0.00150093077735979 0.194901212643692 0.145411469444381 0.0604695160687716 0.228835130190872 0.15927290867452
0.19210431450291 0.146514720045367 0.192515690648145 0.262650949026929 0.0276757103020075 0.0436375957744884 0.134901019700153
0.03420336750785 0.207365396730371 0.00538974313915767 0.277267352940191 0.0454716778654973 0.1353917186256 0.294910743191334
0.0886578467892547 0.218777695210931 0.0724571238651497 0.247369333243728 0.246287792426058 0.0698293737024682 0.0566208347624106
0.0736833183976408 0.115460136341684 0.238428504312654 0.151997217061414 0.134260148886892 0.226109952011191 0.060060722988526
0.172212251403563 0.262633816640529 0.167832239891907 0.0885785487210405 0.0402457645563247 0.00343832236049185 0.265059056426144
0.0898197664932433 0.0911054100435582 0.0826001462022808 0.0964345979042301 0.16653183895152 0.221206041087296 0.252302199317872
0.115318057155708 0.132553952580739 0.275151812336209 0.132856062054003 0.039980303964552 0.115444392396229 0.18869541951256
0.0249237725740532 0.322010576746873 0.117218607650123 0.226805782568615 0.227523653822579 0.0119954785524456 0.0695221280853115
0.230647847963888 0.190740929561908 0.170275957912837 0.198042821667856 0.0106169146737351 0.0321694323396303 0.167506095880145
0.078834851538244 0.0395415328518521 0.216754804930237 0.162321954589714 0.0637112841036582 0.220288917939236 0.218546654047059
0.159959819377074 0.0332939008293275 0.13793714322021 0.1096630170626 0.118427946321354 0.284391771791492 0.156326401397942
0.101997707885343 0.128886976534364 0.0369983808405665 0.192744005577838 0.209031823184143 0.247018117990899 0.0833229879868459
0.0444808027809222 0.163874423301444 0.116811195527786 0.250255452859698 0.178714115425931 0.203196010565449 0.0426679995387695
0.15804996769012 0.0293131787662375 0.0530840691225854 0.129647235216218 0.302861363185155 0.15762112099198 0.169423065027704
0.213474218537052 0.327241741861347 0.297837574409129 0.0541800899555452 0.0173190442541916 0.0171539697009285 0.0727933612818068
0.0477346913751107 0.125852169913841 0.138736445656441 0.176618368233624 0.221473530039848 0.110945397989655 0.17863939679148
0.18089326039672 0.237355475717384 0.230805362418973 0.0962238776211822 0.156967821806292 0.0322512641817721 0.0655029378576764
0.322733633876314 0.0311952883218922 0.118260248456864 0.092225223820315 0.188867016496932 0.199190978342781 0.0475276106849025
0.150936154589388 0.208746531141217 0.170044349754541 0.182159661610655 0.107921133427719 0.141387374011438 0.0388047954650417
0.0691720153771144 0.325438315279725 0.00124560629597843 0.114581757122318 0.309025653991656 0.155383600855948 0.0251530510772597
0.304281999809404 0.0391043606115681 0.117387970181977 0.30641947192767 0.0631020256786335 0.100512917754904 0.0691912540358426
0.0633370517022862 0.244613051199107 0.0933040157057977 0.335518923444936 0.0213704390525529 0.123183570985962 0.118672947909358
0.0958178330059804 0.163301792598117 0.224979421391079 0.231258978268302 0.103878420958137 0.0192402228956755 0.161523330882709
0.185367882411241 0.0841310522746653 0.0878767044831392 0.243549211016831 0.0308954219693174 0.210937418264825 0.157242309579981
0.07567652937332 0.0610981423194906 0.187906991155174 0.219989731163018 0.175430408443179 0.185517709452453 0.0943804880933649
0.0038990248880358 0.173436956589356 0.109000258381964 0.211473263735972 0.184905289376677 0.106958394164481 0.210326812863515
0.190425122406492 0.0668436063837665 0.314677587815585 0.0223721013805823 0.153894535334978 0.0540398428224933 0.197747203856103
0.249039004538013 0.0742454916913009 0.0151821870054923 0.318065070273502 0.110931775986515 0.0108660785764735 0.221670391928703
0.235199759080703 0.133721495836309 0.0851146706471633 0.0620603480894503 0.18257014166549 0.238779489844417 0.0625540948364678
0.182391867347264 0.237344276652017 0.133889266685303 0.0655573834130953 0.00249887581495685 0.228811825877142 0.149506504210222
0.106537632339138 0.127947397976865 0.383724459140042 0.0055900368112501 0.00467810976371317 0.0479721939740855 0.323550169994906
0.0756669506309338 0.42245079402646 0.146723407507805 0.0628128153834798 0.141928056602678 0.10473892647875 0.045679049369895
0.261333710192258 0.214744747038322 0.00479637134310975 0.0518622533726387 0.10536970695278 0.0928924957959471 0.269000715304945
0.130262993386195 0.188873259181893 0.058609301185707 0.164294865533561 0.246725283568842 0.115829218202087 0.0954050789417154
0.0907481223981382 0.0758742319766949 0.00733862883241442 0.252198392611212 0.250399812007693 0.100209354542698 0.22323145763115
0.188103513709907 0.130429372313668 0.00763270335006414 0.243156802227307 0.163501900757054 0.122287155019586 0.144888552622414
0.188886303469694 0.159068604980227 0.127584761799432 0.0632576781621323 0.103253350677367 0.128293576447378 0.22965572446377
0.0533154596967543 0.068010375930631 0.219805233333986 0.111411688254114 0.189941552001785 0.294193626644627 0.0633220641381031
0.00731350456655955 0.124765412722218 0.24871418349016 0.266881600617434 0.285051580901433 0.0179641014060599 0.0493096162961365
0.191285107626032 0.00822454352592424 0.145098258964763 0.0425895817518736 0.149714392122124 0.212727484111569 0.250360631897714
0.0377522172338911 0.176159885841117 0.146926424901539 0.107058837677927 0.215765028645594 0.158000165295012 0.158337440404919
0.342371093110833 0.0218488347253181 0.313036965819452 0.00859531296018383 0.0696200554934598 0.152451429346701 0.0920763085440526
0.300014359972146 0.0013891839555978 0.0569265588892174 0.16642043369262 0.268164500170987 0.0594607113757805 0.147624251943652
0.197812977957654 0.151044167551106 0.140365564893937 0.0848635731405135 0.0351333973797106 0.190876575853305 0.199903743223773
0.146314355556566 0.184906804757259 0.105110147892251 0.0964507560945982 0.0639940672832849 0.178582919963681 0.22464094845236
0.0651670729479151 0.105567077741669 0.272800831978094 0.211235923606143 0.254005141318112 0.0623081775429206 0.0289157748651471
0.250709363437824 0.362817048388746 0.0358137200862621 0.0638738528959862 0.204331163984275 0.0433904592856013 0.0390643919213051
0.17592984671645 0.237757853163938 0.0400331525611107 0.0801545445419246 0.252072651488314 0.0609575023494875 0.153094449178775
0.170357645822424 0.183994348193811 0.0306849043506626 0.0621161479690586 0.138853731270894 0.211459248441717 0.202533973951433
0.193625744741177 0.144962762602793 0.0899401989789637 0.0903718322531304 0.165668996729429 0.13365550202248 0.181774962672026
0.245566710812632 0.0772127630929772 0.124432950715869 0.0931459701724596 0.229797747286235 0.0572763116660003 0.172567546253826
0.274899944749305 0.0493581700092753 0.0870397459253174 0.176240870041014 0.0282131398601911 0.265565451055788 0.118682678359108
0.0924758335713603 0.0127540999943571 0.129600494384827 0.144007304912115 0.221809070422253 0.269578217929738 0.129774978785349
0.18372321931633 0.161595896979197 0.0857751419261541 0.0454878282234603 0.162506024452625 0.18913106155801 0.171780827544223
0.142314472201727 0.244747086353973 0.129798958076259 0.255864842369331 0.0729529688482903 0.049356756452144 0.104964915698276
0.25390785337881 0.0731480787662125 0.0615639626019344 0.0652485642845629 0.182040250862563 0.338276727921662 0.0258145621842563
0.173903666021984 0.155294599957403 0.0716561501942469 0.230859011382992 0.145558874184861 0.0049638482513773 0.217763850007135
0.0901451666258104 0.12671960222115 0.233686097533527 0.155920905342537 0.242016455543448 0.00606333136394576 0.145448441369582
0.246939253506884 0.252513263586784 0.0611973759040086 0.10778242662479 0.0721167687017824 0.0992784717487875 0.160172439926964
0.00487878818644679 0.0826343229400812 0.015232374518675 0.247316434627032 0.384749589181517 0.202422128082803 0.0627663624634446
0.103542382895568 0.251922571097746 0.0837530699049428 0.124992900055395 0.0197644930420397 0.11523422955488 0.300790353449429
0.195999121438814 0.142196710104815 0.125515226493203 0.193559671029612 0.11528822880883 0.0673937492301509 0.160047292894575
0.0810529110040678 0.217070424314961 0.190441596855912 0.0364449417422323 0.231123372715534 0.0836279702057939 0.160238783161499
0.208749511281847 0.12108370269937 0.20167440479408 0.143796214758378 0.10900853487875 0.0898908888043783 0.125796742783197
0.278850698329547 0.0390299644482524 0.196959577184406 0.00357828828869169 0.30484946871048 0.0404347057380817 0.136297297300541
0.112159341703242 0.313817404336269 0.00442663939957874 0.0429057124224456 0.158670925660764 0.333092144757507 0.0349278317201941
0.257745318268313 0.0343702067182068 0.00669943818846531 0.389579653367076 0.128992011394502 0.135494577731947 0.0471187943314904
0.0170679461148247 0.1270124688184 0.105708235622945 0.108885038711921 0.117288857115834 0.253835824755977 0.270201628860099
0.0832920411878432 0.112511517866091 0.0969773608548739 0.0555169111493034 0.268810279401499 0.100586928828698 0.282304960711692
