0.202234129968668 0.00719744455478001 0.0285938068486591 0.0632995752974842 0.233539630620561 0.0639567849852681 0.11865615947392 0.187516719170596 0.0361756194488638 0.0588301296312005
0.179106001878957 0.184715392587813 0.0650223403862468 0.0353480556041478 0.0117501960732602 0.110037140531859 0.171557569444305 0.0785237984455593 0.0114695022358709 0.152470002811981
0.185657460502397 0.131239896370488 0.132560824680703 0.0466846191543379 0.0759940268419725 0.0233410253618267 0.128330881816433 0.153454159649877 0.0945090606501337 0.0282280449718325
0.0590352808857651 0.138644848405739 0.111328742594421 0.0508767812627939 0.114886460613438 0.15894485443461 0.0730339568099555 0.00558181413074759 0.125634434579099 0.162032826283431
0.017291025893472 0.121778716420339 0.144312268156698 0.132383544695631 0.136269326654213 0.0943558265950207 0.107670802646005 0.0962620067150632 0.0580061104216846 0.0916703718018738
0.157291930466711 0.214061196493509 0.0083451045294902 0.155793705991534 0.0240715059192128 0.223721601854538 0.12868139993133 0.0260054030299868 0.0248443821951794 0.0371837695885089
0.0676846018752132 0.127474525040345 0.0755702431777731 0.0936851338114472 0.150890539120673 0.090180274636237 0.125753915034379 0.0573538942447473 0.134427672840922 0.0769792002182634
0.0613891634491521 0.108107138668322 0.117296347236113 0.105728133868834 0.128877762329547 0.0996668402114272 0.0610301959316292 0.1393105192014 0.115322373216784 0.0632715258867919
0.0785348626314556 0.116914629948286 0.0214570817877024 0.146721746097359 0.12956663657692 0.14638178138515 0.103991751873968 0.0503254629808726 0.121754760838665 0.084351285879621
0.0553145586279946 0.0771233194057134 0.0373611825201935 0.0249571707829709 0.151296709388753 0.103961340860696 0.229201465792984 0.229068891712212 0.0242798946317615 0.0674354662767214
0.00972371618445374 0.0978425874082368 0.192265830345902 0.180117882157806 0.192065640842405 0.137558496859249 0.117586191535768 0.00666188710294105 0.0364270293105706 0.0297507382526686
0.170321675349532 0.0154828811942857 0.0293397213508812 0.188883651264151 0.0914165298534753 0.122926347494 0.0673291686355018 0.0690058376044069 0.169951927429432 0.0753422598243334
0.0656909072907144 0.139089933920094 0.05217948577885 0.159177321885999 0.0982940729504722 0.0104423460220581 0.193408381862991 0.129094654994546 0.078041548853166 0.0745813464411104
0.0922055693921249 0.0149259978829481 0.10615591795683 0.106447017861923 0.184196497034749 0.132740392838944 0.180041714076993 0.119474586859394 0.0472964859013937 0.0165158201947014
0.106990560589756 0.160331991031049 0.129909655256573 0.137145067063727 0.0548338289802979 0.0279645672661046 0.0799157174455773 0.163725769668096 0.0914882826328742 0.0476945600659468
0.104414732975007 0.0312959979722408 0.108281372727099 0.0359767458939649 0.076834511797018 0.192419733893743 0.154266726414525 0.158639614047608 0.0545398445625982 0.0833307197161961
0.0382747179952683 0.197151664929786 0.00160106785433298 0.189121377012904 0.180189832988587 0.134915769078577 0.129038829227937 0.0704719692516482 0.0150860862330208 0.0441486854279381
0.0264311288420531 0.0568977126007584 0.0886736265603719 0.0344414328804023 0.134186233558337 0.0593325794563554 0.19231471770444 0.069183910448176 0.188564315053762 0.149974342895344
0.190912226563224 0.0693886619771367 0.068439250024762 0.15374834841661 0.199548069263143 0.0574413274213277 0.133311858415502 0.0052348645968515 0.0310990975077581 0.0908762958136859
0.21288012541792 0.0117668234099987 0.139511043939818 0.167873403124728 0.217052152302656 0.0895256769915463 0.00867641512963356 0.14504669750143 0.00162039475712652 0.0060472674251428
0.129599352891536 5.14777337718023e-05 0.0622354209894855 0.138686751205881 0.130990696974413 0.00136274290858303 0.11628540309384 0.0775192943025714 0.194764785615306 0.148504074284612
0.112337200620406 0.0676492231641223 0.0405157830645054 0.116268804340397 0.0261750563563344 0.00653537227181527 0.146060911151708 0.175070140630171 0.16013376010304 0.149253748297501
0.13521047137496 0.0276921801298155 0.0745298865803909 0.1127210272032 0.140195286280091 0.0612571343291329 0.144861413350853 0.133567790079055 0.113538062937117 0.0564267477353856
0.164347417017193 0.0207333571941259 0.000472119987292574 0.0171537915124089 0.0212116335566138 0.168748003570009 0.096649371513146 0.257871629294853 0.0662784716194833 0.186534204734874
0.112436510174185 0.0478740523012364 0.234478557454971 0.00258524473406993 0.174006413237457 0.0533941758761242 0.186823150547012 0.143901924069406 0.0117536182303757 0.0327463533751627
0.0674660381863701 0.184235295334192 0.0722175401459874 0.163384339766839 0.0974528097661424 0.0215298414991298 0.0548785980423559 0.147278882788001 0.18226204168221 0.00929461278877337
0.220009520040046 0.178908391111735 0.0819758820355484 0.0492645693299683 0.0133497959768268 0.201118203014526 0.195779967239285 0.0228882448740788 0.0246871956753392 0.0120182307026462
0.00928437654002367 0.144736779782511 0.083800744728733 0.154983323120971 0.148095833082597 0.0284471975162202 0.07794324013145 0.136333414138196 0.068841903933521 0.147533187025778
0.0638801692083853 0.0527389062717639 0.195823649607662 0.0283510360836063 0.145566016492867 0.211523633810518 0.0849247958424446 0.0843647384666982 0.0394024275115176 0.0934246267045368
0.196813636579035 0.0182319403828333 0.15481120898172 0.0606065444594798 0.160950274850558 0.0509790000609265 0.0757644315324682 0.155915019791224 0.0299415200586651 0.0959864233030902
0.130482163763222 0.0946400264108551 0.0366468774099921 0.136699137868762 0.0433788138207905 0.0675807164006332 0.114616077615446 0.173540678760093 0.19402798459632 0.00838752335388616
0.0885595550300208 0.0810185167689098 0.127874261482031 0.0329657440739649 0.157847336676776 0.0364894775955959 0.145515785249314 0.0839792792557226 0.175623588106139 0.0701264557615252
0.154616577045253 0.132971648140834 0.127125864349635 0.121753410571363 0.0011260492622389 0.173526248011095 0.0823202536366054 0.00348121711062478 0.0829958561169807 0.12008287575537
0.0157544360298382 0.11679328794389 0.0118289067479134 0.107875515814636 0.0811686514355859 0.176077493838517 0.162792246388724 0.183369530860714 0.143538841991612 0.000801088948570331
0.101578261508038 0.00363490951100615 0.0608116337638355 0.029111578214644 0.133371817217602 0.149562519862604 0.152466282030632 0.191293612162186 0.116121564361995 0.0620478213674573
0.157798583480115 0.0763711488676877 0.137666719547701 0.0686755308199651 0.0492957256721116 0.0333110760182043 0.121072307536309 0.0915662266429109 0.140289543981096 0.123953137433901
0.0332560057537215 0.145553074324844 0.222477601604578 0.050818614281915 0.10969719250102 0.237539722895125 0.00268857740485771 0.106833111438951 0.056183801531925 0.0349522982630616
0.248735571226391 0.020408563144718 0.0377368338651331 0.0561204596778197 0.0448745889066161 0.0503843461901426 0.23113962357088 0.058205440553044 0.108884268283028 0.143510304582227
0.165494060235223 0.0835570271985005 0.0933829191991706 0.0794702554808467 0.106917820494866 0.0412033327373227 0.272582605018387 0.00305184235811837 0.108461526378717 0.0458786108988478
0.117199140491206 0.0248572387255535 0.174017722477128 0.148802029982442 0.131140406875581 0.12593032424444 0.037751308255182 0.0739978990861628 0.0624785522543875 0.103825377607917
0.148425644876863 0.15266454416363 0.126867096599596 0.0639236418135156 0.0877336063724833 0.141987476780457 0.0203032363207821 0.100469800549174 0.0237085505258933 0.133916401997607
0.192131750376215 0.0204628129777257 0.0246784939619661 0.111372756844748 0.00725023328449271 0.282168637056302 0.0956778052713863 0.0340479152282545 0.165974318454237 0.0662352765446733
0.154572184360157 0.0596644205023281 0.121694677591688 0.0515462299970128 0.163052630686446 0.0367425330176082 0.171268494568811 0.0661461562864014 0.0913006064209249 0.0840120665686237
0.0032634000344404 0.168832545115791 0.226547192634531 0.00757643002868621 0.0836268973377121 0.0521084009569611 0.118636387105135 0.117806554892595 0.202954705098957 0.0186474867951922
0.138587090170803 0.0979724407057825 0.130159407560614 0.0718230407469473 0.116744106639494 0.0768585220121498 0.0888472457205288 0.0953324373121263 0.128023460295323 0.0556522488362321
0.149016855751343 0.0848968573403116 0.00348293229603204 0.0640157122279341 0.0160658560244185 0.211442982939258 0.058445578401819 0.211689575153142 0.0955633023335574 0.105380347532184
0.109935244445467 0.139581132076176 0.171132833232604 0.0806479158993223 0.014656994449699 0.15520125129879 0.011995476439309 0.170469305943726 0.132306004980366 0.0140738412345411
0.115148723912235 0.108048212211637 0.138057432983555 0.10959791887991 0.0854864367899007 0.140405285012673 0.0713249689868309 0.0220286029732362 0.137668664526743 0.0722337537232796
0.0858061285591658 0.0320685459893283 0.141125829400764 0.144421199111477 0.124010009050045 0.12258142446591 0.0855137936672259 0.11081339525912 0.0532665986382399 0.100393075858724
0.10018091538827 0.0742704239708303 0.0828577109897435 0.134426783439033 0.0707790541346826 0.117288389286225 0.182974043151934 0.0411573152732488 0.0727804112693086 0.123284953096724
0.015939882059772 0.112974079213278 0.147375403825598 0.186323977161295 0.135774685406479 0.111254916131012 0.10159827263034 0.124600462386217 0.0616401399039514 0.00251818128205842
0.0711578632048045 0.169573221850864 0.111337137211146 0.0479868567362773 0.130976201732187 0.089629562018971 0.0351979943835597 0.155980579317666 0.124346204062354 0.0638143794821706
0.19931243339524 0.0174021475167329 0.127153994304173 0.0469605883015103 0.169924613658767 0.0866985286198485 0.133430604359824 0.0805638598399608 0.0641791474800478 0.0743740825238956
0.145132016306186 0.085792624429847 0.0183090762437852 0.062180996116901 0.0873277653633156 0.174182869870499 0.0809762387145988 0.122319356239507 0.129799684359558 0.0939793723558019
0.119533176729348 0.0200225623224089 0.166162897493085 0.209824395873488 0.126072523858864 0.0316732470995358 0.0481441551595279 0.0467217624314658 0.1111972793364 0.120647999695876
0.0473300974454151 0.111653955569463 0.141510104798764 0.0432966890815811 0.0733461763295696 0.1842819487249 0.0275386487813044 0.170650083963848 0.0604526464195907 0.139939648885565
0.0532638018794295 0.182994741028331 0.0944939486517872 0.118370683234673 0.12282525704899 0.0252204634177139 0.134833098495932 0.0752898165676513 0.0163163551625701 0.176391834512921
0.0439349480745306 0.145961848599213 0.0794053329676543 0.0902151235004282 0.148312993653975 0.205382969516786 0.0665498866110026 0.0476201488015036 0.167274126708284 0.0053426215666233
0.0217375928124979 0.190752784356761 0.166760442441312 0.182466529179735 0.125630121205624 0.0161092679986076 0.0200732215382882 0.168089305496568 0.09538966672291 0.0129910682476965
0.258446003655709 0.146554348488811 0.0701769532908517 0.0370886771769239 0.0643691016777473 0.0397519600402978 0.0980039307826414 0.147314421575678 0.0763270911835372 0.0619675121278024
0.10852381392948 0.052674208517798 0.0234185753957223 0.0322960507092947 0.0332399921319809 0.220427155769468 0.226728041172172 0.0252392579628641 0.0929187825837857 0.184534121827435
0.040172887168527 0.0778809874845526 0.023955580656051 0.185859314316551 0.000682597873746584 0.102112893306589 0.0711452745156274 0.210792116308261 0.0857116069863695 0.201686741383725
0.0664273155624392 0.0567018687061366 0.213518912368879 0.00866322929241216 0.140785779061435 0.245681770064905 0.145405691447409 0.012165568579615 0.0489638683548839 0.061685996561886
0.145490311416225 0.130736423766733 0.0258007528745269 0.0748858209391675 0.13062531468961 0.0252428924825402 0.15569163780572 0.03128386743432 0.152398414989554 0.127844563601603
0.11271031640152 0.0516338685268312 0.0678686933339714 0.0517383656251248 0.155030856739623 0.0858835994874657 0.141816436072314 0.152199266175831 0.149626386747117 0.0314922108902018
0.10600583285677 0.132458078445173 0.206352333724971 0.000952390402842526 0.0808775869739234 0.165817575491211 0.145633178039585 0.095911433763244 0.00823084715932184 0.0577607431429591
0.146039881571729 0.0950309778042986 0.0522923113792812 0.133088338430295 0.147165414732776 0.0667148308291088 0.0360699049498224 0.119860533129741 0.0684535194157171 0.135284287757231
0.0616680469123365 0.0717708027753737 0.139590979171925 0.0815472502484423 0.123923722407788 0.145816419272318 0.148324844566507 0.0632419694380154 0.0718689459521598 0.0922470192551348
0.130720283488826 0.00556693364587653 0.0734633124894747 0.0720831747580715 0.100920945725165 0.0558917932112719 0.129018483183006 0.128868707753407 0.126830065975729 0.176636299769172
0.0862638219158127 0.0871766850820578 0.135921883556062 0.155665724044708 0.148319180888214 0.00799159214658173 0.146473870045308 0.0740109175985018 0.0759033569241523 0.082272967798601
0.101187246610285 0.0217779978377193 0.0780585815116149 0.0736292042439571 0.195904778146907 0.0473214042214304 0.0843355331237418 0.190103077690375 0.150734702116785 0.0569474744971853
0.153274732171307 0.151291449832651 0.043450920519487 0.0912841645894954 0.147279855369543 0.00443189496152016 0.0811254574875973 0.0250792263573368 0.167687939216061 0.135094359495001
0.055544666386511 0.209116973738658 0.0241603058300906 0.20931431685855 0.09608821062069 0.0757770709685917 0.213419906913818 0.0668744237479352 0.0348053418470986 0.0148987830880568
0.207987509458471 0.0173892620107354 0.144615647629696 0.00783150612986434 0.173715982629226 0.0433287170853442 0.0968956393434101 0.089161366963779 0.209444841984064 0.00962952676541013
0.0847180397506955 0.0388049227680188 0.162020798678305 0.182012000128944 0.169504548092422 0.0397642795436864 0.0278660484846982 0.135536811378412 0.0147281953633172 0.145044355811501
0.0119681534103252 0.0225982707877615 0.178941455349493 0.108526808192286 0.0956338907393351 0.0108346134680967 0.214233368239065 0.083232888230805 0.0926870596182055 0.181343491964626
0.100080552126616 0.0374214700911289 0.0532844210780068 0.159154628944346 0.120020429943375 0.0472479356384253 0.0983135970859227 0.166741219900131 0.0999852329865552 0.117750512205494
0.0298798790835121 0.155412966183248 0.0795728378202879 0.0925282721814764 0.0164893691719289 0.156370839135775 0.0538909108061385 0.218128778745329 0.150378865329138 0.0473472815431651
0.113568224844057 0.148480132153984 0.0155017924225218 0.0891853348679514 0.114994827999741 0.124277437167704 0.0463726803021246 0.0917017880232329 0.0389802099495783 0.216937572269104
0.0251983077053161 0.0667667652649504 0.160503956965395 0.0771509795521598 0.148274825999078 0.0576288920113016 0.0195466790779789 0.143239281916718 0.0914631338698895 0.210227177637213
0.0680575237531515 0.145019001719602 0.165305981735437 0.113435675038022 0.00889280726440557 0.091854739838871 0.0282708648105032 0.123601941323314 0.159702026914925 0.0958594376017689
0.0832659523132047 0.168077389072175 0.0260541263169363 0.069125343434993 0.107547253992503 0.0630707887164538 0.18664444665113 0.0852742487672673 0.177866353419843 0.033074097315494
0.140162951301364 0.14071239383931 0.084568082468635 0.110848019929162 0.135132076476697 0.0404530875277201 0.0985721033156125 0.110107462745322 0.0265509156870172 0.11289290670916
0.0587609305748354 0.0169244310643051 0.113196841431054 0.162234282373624 0.049779678199026 0.121799031852387 0.166915829744558 0.0956230450420595 0.0832249505781442 0.131540979140007
0.145994267237383 0.0486579058481181 0.140308609301757 0.0467985143067327 0.103255108959574 0.159298354300673 0.125353980343055 0.0658606539002071 0.0358284853989619 0.128644120403539
0.150434539698997 0.0674733014310755 0.0229451681263557 0.030607273610128 0.0413361026266713 0.048998056039838 0.212574664056071 0.18796633450329 0.166809561570644 0.0708549983369295
0.122225376288698 0.188718665574963 0.196215765215922 0.0425662020029991 0.0525513214276579 0.132916787517923 0.108469167590314 0.0275966843187011 0.034147022697849 0.0945930073649723
0.0895076386153755 0.0412695744986997 0.129927976064085 0.155834670223626 0.0493874751111655 0.176256007217657 0.126893542896648 0.0536024178311903 0.0154011413844883 0.161919556157064
0.134670436370037 0.0710625737897857 0.187946560456068 0.0309297146656612 0.0336174578655217 0.0513431864322029 0.147647006313944 0.082514804303795 0.137964368218263 0.122303891584721
0.138009604719195 0.0887265758308922 0.193180738894541 0.0670144395982276 0.194510544018614 0.165591450609679 0.0154041579501396 0.0528402088980721 0.0579467005871385 0.0267755788935011
0.0950065149640109 0.160344084939156 0.177713792360411 0.116444542847335 0.0266799264636314 0.0101671675218531 0.0254552700943322 0.0909156798939525 0.155949791768909 0.141323229146408
0.156616502078462 0.0176453187983483 0.0544508574091742 0.0662681770918693 0.149024120223247 0.0652057950585216 0.171159287102831 0.178148613249066 0.0416259639724033 0.0998553650160766
0.13301047923568 0.0507951114525518 0.0997849237123676 0.100222940442657 0.0729253031302395 0.175094206900009 0.0722254276661845 0.00185460470344938 0.142691330100621 0.151395672656241
0.0795879682917622 0.130029531597654 0.110477574595369 0.105375473519495 0.0276839830747539 0.0939079031930237 0.0343839831648669 0.165236582566272 0.0889740326659691 0.164342967330834
0.0792102654661257 0.0512456470823976 0.0180288210284486 0.140125882409897 0.107332066940618 0.143971962448103 0.16032464147004 0.107141985672345 0.0876738926949337 0.104944834787091
0.121825961144362 0.132711930230389 0.192476056780821 0.0777442858266453 0.034969573229667 0.0523102581387727 0.112580513806101 0.0872204486689849 0.0749853887244794 0.113175583449778
0.116836311095744 0.0630457541713396 0.138773699186855 0.128503251350982 0.0158038744842652 0.0535774725652134 0.0450281890092593 0.166285408313198 0.124357090220998 0.147788949602146
0.119663626028576 0.0314367946894558 0.0529919332871175 0.0586075438053593 0.11760339481341 0.0223307070615733 0.190900273116254 0.117505285774067 0.124395969997484 0.164564471426703
0.119703828077353 0.110836845851279 0.071401510656657 0.0610229789043551 0.139415740856679 0.127009217950068 0.0851338420085457 0.0532995138572632 0.177650431677874 0.0545260901599255
0.135137229947852 0.0290017071555074 0.0148249210586564 0.130292262307753 0.175558416196589 0.109000884341901 0.0228014290134127 0.108798509374263 0.0872670505127088 0.187317590091357
0.169278425874799 0.0736092459405461 0.0411117713023298 0.100770845802367 0.21721561336531 0.100274618893614 0.021160507650869 0.211187216477207 0.0467882831957194 0.0186034714972382
0.0394960119463262 0.112317010835779 0.176290162538352 0.0767647253683112 0.0219104120358747 0.134108537073968 0.168624454532529 0.0119294062307973 0.134564379845083 0.12399489959298
0.0244387429551847 0.0509163510256761 0.0777528084819188 0.100609614663737 0.162886922921488 0.150478418142776 0.0122985153554562 0.155482358571496 0.172401357536086 0.0927349103461809
0.120001348854955 0.0458541526287895 0.15234039113902 0.0265811684745963 0.156334099290211 0.161568208558181 0.150308361273157 0.01960563538695 0.151067508637875 0.0163391257562635
0.125887184157754 0.0776269585380237 0.149724626649641 0.125922259743653 0.0655423118846344 0.0535809118522035 0.156372845581961 0.00398987975695129 0.107999598838132 0.133353422997046
0.154598132186633 0.119072963773194 0.132462122257144 0.0252722870968309 0.117802471716078 0.118384484257533 0.123123579657951 0.0820878112001704 0.0113522438952236 0.115843903959242
0.107392239163184 0.165537699273613 0.0101933778890749 0.0633881746070907 0.0650204083750455 0.0940716714870202 0.152516916672304 0.132922400346335 0.132999683110735 0.075957429075597
0.115336686713797 0.0780447627702762 0.10885589557573 0.00715639063444315 0.177616445951293 0.0271197519644189 0.144764173715455 0.0929331539369399 0.0313997022765673 0.21677303646108
0.189662818575459 0.0704590508585701 0.0389191417519973 0.117387896559361 0.00626216844635174 0.158289823171187 0.207880977654183 0.0415361471217284 0.0293051152148572 0.140296860646306
0.118496078108248 0.116211266188267 0.0456799391218439 0.107868331027977 0.1479057079053 0.0688128479923257 0.122426614736571 0.173413183866919 0.0957536794036442 0.0034323516489042
0.0532355352833976 0.122434484459947 0.0959155646818096 0.129800542247445 0.00403820852581602 0.210202164619718 0.0777766804193197 0.120284720074966 0.13984523231579 0.0464668673717916
0.182259334037987 0.181324103299145 0.112812632545949 0.146150639739356 0.0555752111607567 0.0758326534036567 0.0268243431078966 0.0290686320271336 0.106015063016608 0.0841373876615119
0.0810742560163289 0.165432931356663 0.142332182452047 0.210857110361205 0.015579875472029 0.0262257669028631 0.0303349286514474 0.0346320535151251 0.0869225656281115 0.206608329644181
0.0207352853825669 0.155624072617614 0.06132563904924 0.106678484166448 0.133941640425293 0.0589178117170389 0.18280660723108 0.155227640295127 0.119508695235735 0.00523412387985705
0.0391753664196671 0.0676436726900845 0.09470361639424 0.044255872709464 0.0552038788295957 0.0864865675057428 0.218692412805657 0.0571719023766318 0.116132781220611 0.220533929048306
0.0312809848714209 0.014217945890548 0.186504640289797 0.0397708543995922 0.0829286018696953 0.0828904061826952 0.144575157726904 0.124510189563395 0.144796342155629 0.148524877050324
0.0781613336921165 0.117730876591514 0.00823717130884865 0.134898271075364 0.159671628530143 0.0428339759798371 0.104467330475221 0.141906601572328 0.0380090311712847 0.174083779603342
0.109902269286131 0.092332836105319 0.167747671731292 0.0787978007260599 0.0896439308899947 0.0275129633871109 0.0583469667205726 0.0137560810949067 0.191241307885861 0.170718172172753
0.0113469245126859 0.0591466237664671 0.101828470663224 0.101574952369929 0.185273744761089 0.0364695600513 0.0445894813934297 0.161479822230237 0.124888483344635 0.173401936907004
0.142369600932699 0.0594220900203006 0.0210896303198202 0.150584553429674 0.166409881915206 0.0583684168612775 0.0737223048115485 0.160555082112312 0.114754115601239 0.0527243239959221
0.0671399400633923 0.172393077911415 0.13273596301983 0.00815972305553014 0.132019573591322 0.0541133944531278 0.0479343917639239 0.234431771900698 0.010799648235446 0.140272516005313
0.0854947272055029 0.0519483867177052 0.107134020078007 0.163628434270021 0.0150531681609751 0.0629964436498579 0.131210381792047 0.143540619463672 0.131567359898079 0.107426458764132
0.169293477970757 0.100324522515779 0.0619337842798345 0.13309970073413 0.132891337793945 0.150242183656386 0.167073060217076 0.0413745181021585 0.0204809974810244 0.0232864172489105
0.0364521374592708 0.140507235731914 0.0103855201875577 0.105629809925661 0.13387892379632 0.163340320421236 0.0264890182833284 0.163296853988792 0.0420749505204129 0.177945229685507
0.00909546037398862 0.124221775599537 0.0734285403131595 0.0214541103189178 0.0199151704002581 0.173622422136435 0.0374977768750836 0.106310713617305 0.223088115748245 0.21136591461707
0.135628262383093 0.165312808284022 0.0994103185109877 0.0146665051358454 0.143683101983969 0.0642670426400073 0.121663246527412 0.0962797593663456 0.0797639716639185 0.0793249835044004
0.193086945433918 0.0909743223222972 0.146171042919428 0.0550148395613461 0.034667967024178 0.040534007778472 0.0753289098833638 0.142061308724039 0.0323182714627827 0.189842384890175
0.0561007637364024 0.161244742029951 0.108489698226423 0.128151046165168 0.102707512224941 0.00527963597048514 0.0812267894514489 0.100436599584454 0.104574038995157 0.15178917361557
0.240759032437181 0.0386221391023744 0.0993984560255367 0.127477349402396 0.111604926463844 0.10734532067684 0.0824667311282759 0.170201874602035 0.0192388506909206 0.00288531947059617
0.0450511861830586 0.0336518650324538 0.118927282599573 0.105705312893876 0.0439695070781407 0.154289460215411 0.22138068597432 0.0301854162278187 0.0219291576575406 0.224910126137809
0.147028298020263 0.0769848217448445 0.0390834412097879 0.140082304812481 0.105723539835274 0.0252926864918865 0.0479558806801731 0.140861361201039 0.154162972483935 0.122824693520315
0.168076740057644 0.0412826518212091 0.112412623654571 0.175607995830456 0.0512260523574063 0.105102985544615 0.145652528509857 0.0260287893368009 0.13595702100619 0.0386526118812514
0.160218905682633 0.0091514347192328 0.0674841756640653 0.134930290962669 0.116413617698021 0.0674079104678687 0.111470151853332 0.0109313981445228 0.185320095338032 0.136672019469624
0.00389855749760116 0.0897102943668871 0.139061886561281 0.205509179431015 0.110839862380359 0.084383603854862 0.209973069584343 0.10637816159897 0.0161713611633411 0.0340740235613397
0.149912931678341 0.172130790483254 0.0182961582756013 0.105279849236806 0.129496928642947 0.10789732542304 0.0602719350925857 0.034891217932487 0.105362469949429 0.116460393285509
0.0271969734853561 0.136277809043118 0.0879520367652826 0.0583963219278044 0.0625132206321144 0.105318219468201 0.145767504575918 0.114937974986942 0.120308431819282 0.141331507295982
0.153506212186299 0.0858996775472021 0.0216204883101248 0.148896417228044 0.0305544148027507 0.123669868490511 0.151971631102097 0.0821540432024452 0.141122088444304 0.0606051586862215
0.129257209329004 0.177373157068335 0.14349555313383 0.103014906209265 0.110428742039318 0.0594467819698981 0.0809878620752489 0.0405328841538424 0.108688569808256 0.0467743342130021
0.109374605050127 0.0854902875618488 0.125002009039581 0.159253029671629 0.0105281193124122 0.102178278542443 0.0431125580682147 0.0593082061698466 0.15755603948903 0.148196867094867
0.0809953117569212 0.0186976688586431 0.0926252285525576 0.102080783230989 0.151601317273997 0.138120151268739 0.0509276892798293 0.0697124963613626 0.145605668505174 0.149633684911788
0.136890098163075 0.110123181475183 0.0857684093629411 0.159697999458684 0.0439145371578725 0.19869997366669 0.16749840355825 0.00733350853148625 0.0124615047932083 0.0776123838326088
0.0206816304599924 0.0544783641275532 0.0478428971920109 0.0621723235544506 0.0648851636677679 0.186303605008427 0.175026940032295 0.0820562713347675 0.0554168388257269 0.251135965797009
0.221972727600165 0.14530298121858 0.0157626683755432 0.0153500233674189 0.104863097975696 0.161181401403407 0.0174384734512255 0.0900249367748754 0.167865054156943 0.060238635676146
0.100650385581486 0.0595427309324201 0.0529117599272368 0.0788156578726094 0.159937586246032 0.174891852592759 0.0306925611418642 0.122513025009133 0.0893373090083814 0.13070713168808
0.106841271068248 0.0315382316559523 0.150517261681431 0.0988449927338356 0.11497829124734 0.0521319506390556 0.200468074127839 0.000147550935808441 0.0188961690203706 0.225636206890119
0.05838779846253 0.167003588642873 0.151846216894196 0.109561208745676 0.043899852859436 0.0473307271965236 0.0990316587100012 0.137141345930992 0.183765394992677 0.00203220756509465
0.0993561742015184 0.072570913278417 0.0638865497058765 0.129296428717789 0.131223594948002 0.00974827523863151 0.191933188921269 0.0687354933532695 0.0925765134203275 0.1406728682149
0.130824494723593 0.10422275511382 0.00890275169896049 0.153686148431304 0.122245852959579 0.125225873706373 0.145543296449436 0.0528706143913079 0.00164637308398999 0.154831839441636
0.0279761221150749 0.110251574481567 0.182108619394666 0.10335990284224 0.0213212866752542 0.0701978700864615 0.0609500012940388 0.101215522171799 0.11864631912403 0.203972781814868
0.0450066818658406 0.207174577284155 0.00201229575159692 0.104976052476656 0.135377907182712 0.0130961417920024 0.210368316114757 0.0152085857518716 0.190961973210301 0.0758174685701077
0.0226503830860909 0.0929862936973911 0.188330988075129 0.138700976346936 0.0673273705827196 0.189843225629096 0.106886656703756 0.0266137135610528 0.107353884908341 0.0593065074094871
0.20580597083064 0.0088473364088141 0.184124337502487 0.0358230665785658 0.0368848886283699 0.202180624687927 0.150194785914056 0.0832297452955086 0.0115226835885279 0.0813865605651035
0.0248169191435153 0.171293375743197 0.0214096592155913 0.00947426015860406 0.0428291556975653 0.191434074101942 0.155535161505302 0.1252709480693 0.18577265777799 0.0721637885869934
0.00587542615573172 0.118145433924671 0.0490177563373427 0.256990047689509 0.0567092078534735 0.133875199274257 0.0744951251044524 0.0399077206001005 0.0430347074466538 0.221949375613808
0.14485229045913 0.116182305548898 0.0426170172837705 0.120981757243725 0.0997378373328821 0.091320018802985 0.149752342736304 0.086096259358762 0.0939521139148182 0.0545080573187252
0.0511829073853723 0.158052944623954 0.0716206053520022 0.0265720072506085 0.0621928907400603 0.181552690983387 0.0634616627375637 0.169030074993605 0.182243512705327 0.0340907032281198
0.0195398827596564 0.168941726624628 0.0310594803951315 0.156067736272263 0.106218564824782 0.0986014440232897 0.0903037452865917 0.0737509304740118 0.0579815728527808 0.197534916486865
0.064992833717808 0.046678030435834 0.132519750417748 0.10503573155909 0.0854991752888988 0.140444687097497 0.00971679672206244 0.141726653302665 0.151455930505054 0.121930410953343
0.176925101789548 0.00366675730093512 0.184673296700778 0.0381281873186289 0.121613497023774 0.155128340809347 0.0878366750055345 0.132183019960081 0.0908352196994406 0.00900990439193346
0.110322317012362 0.157083568249836 0.0492793836348084 0.025872774357894 0.151720525098316 0.180855481084338 0.0483646604717907 0.145652626343725 0.0276743188787107 0.10317434486822
0.113893140872598 0.0999025214388506 0.192773050205014 0.054363605057139 0.0805796927194086 0.200104270274283 0.0736249844095585 0.00374203993519742 0.0205841623874501 0.1604325327005
0.231038414364629 0.0370734876585692 0.186428738548822 0.150147545262348 0.072976624584022 0.0648138467316429 0.0783042007926133 0.0335820087514795 0.12977168623028 0.0158634470755937
0.117876807366913 0.208822966039023 0.0303729531052171 0.0872008016657873 0.133143829609809 0.0210520844260726 0.0206650311858697 0.11429731208429 0.00220005704047754 0.26436815747654
0.014585558799653 0.0668631732846249 0.112385822465093 0.154339995625658 0.240690611338635 0.0907620543819959 0.0941529661640062 0.0157007376642593 0.175948278449332 0.0345708018267428
0.0626940347729644 0.0735044366933321 0.047824968330482 0.2061058135721 0.115817908138834 0.142446695353124 0.301197295504388 0.0394990542867953 0.00623558093860933 0.00467421240937065
0.0552503128121727 0.116116624234294 0.124656908465382 0.101695984701933 0.104482802866427 0.0819860675109402 0.109086918294137 0.068363415890949 0.138322297044104 0.100038668179661
0.167991160367288 0.111623652883515 0.0561685696095536 0.0952549029734588 0.0393470499722116 0.0702090482515177 0.0647067009524454 0.178205122853078 0.207022370794607 0.00947142134232472
0.114700748168954 0.0340243688998579 0.110356047540587 0.129842125631534 0.135996912385521 0.16324013673926 0.00255696408107448 0.124173575500374 0.180643970554942 0.00446515049789661
0.138314916563124 0.162191835451801 0.0556915895583981 0.0688355063259218 0.0120130463334806 0.023753987050099 0.167168301668896 0.136502416330495 0.0938121913031378 0.141716209414646
0.000370040321955533 0.0423424165324451 0.054397488208859 0.0639989103847916 0.189862569800729 0.0390296595342134 0.106873391651771 0.206700546675524 0.203059101473437 0.0933658754162741
0.128440069923817 0.0566147850898592 0.0405924808226516 0.126128571734833 0.127746836541657 0.0783941685934119 0.151420269379921 0.125727433490072 0.05695273008712 0.107982654336658
0.166940112249559 0.0613596922091863 0.070789723155434 0.142567705867741 0.155451094724118 0.0372054255548233 0.171239753231454 0.0394152222630295 0.103270804530798 0.0517604662138575
0.0743351056799793 0.0714918541698115 0.0279590280657429 0.0616341719993327 0.0789464858345803 0.0375909233854183 0.150154349301082 0.236352317242729 0.112836789952176 0.148698974369148
0.106027322194496 0.132919470652296 0.0811552023923176 0.141414465302186 0.0279211801372062 0.123956993969149 0.156161812390111 0.055595158539448 0.053283170183441 0.121565224239348
0.0765030490206784 0.0602053542288952 0.126685152578432 0.111771709253182 0.155063895617401 0.0896763598559541 0.0506032942642374 0.105582589327261 0.192556871184944 0.0313517246690151
0.110925497347135 0.131982131804663 0.048066589306511 0.141130397257293 0.022165376384686 0.106921930034216 0.119620180772951 0.100274397199272 0.0963065140182767 0.122606985874997
0.0947426640173917 0.124053634661157 0.128282249765459 0.132690184652482 0.105355865192878 0.0685609196438073 0.0282051052139462 0.183060567449781 0.105894071423386 0.0291547379797119
0.0900496224889322 0.117859713224999 0.015355585904673 0.12696540639177 0.04499551228981 0.154686791227354 0.0801739934583914 0.117129171625636 0.0912882851346177 0.161495918253816
0.0034037000783387 0.103556971751101 0.0405877996957106 0.21454503119301 0.0275953757906558 0.209313647122267 0.0122976275153653 0.205294957249658 0.0558661195226604 0.127538770081233
0.0660811596505162 0.0327892895990788 0.10132846442683 0.131732885474134 0.00980624079581447 0.179545859292853 0.238698823291113 0.0391387922986639 0.135800295641022 0.0650781895299749
0.122920823072991 0.0263267479706916 0.00627788548524941 0.244801834650558 0.161026513353174 0.0565265438446094 0.0939887433213754 0.0131890353348729 0.192937367754552 0.0820045052119271
0.00597251444679574 0.140542716487571 0.0433409131571593 0.0860690580494326 0.0937352803056043 0.134969617271519 0.0430121662500103 0.0874751022554917 0.0542901457586968 0.310592486017718
0.159204714715578 0.0317270217984659 0.154854309268937 0.116818795195671 0.067361569104264 0.099571808349774 0.0363287265036157 0.0904770480020015 0.122355770533546 0.121300236528147
0.204795825649681 0.0719509488966006 0.0998297319199275 0.0683414337250653 0.0190491839382526 0.191342814028204 0.0368548894711783 0.126379517515497 0.0883552406030386 0.0931004142525546
0.069953171292135 0.181341499622564 0.137472421532123 0.0888641120732622 0.145247899655665 0.146519821709381 0.0336397595462235 0.051104420218444 0.0811974008724979 0.0646594934777038
0.0512762770742483 0.149635064156683 0.154853268436743 0.121743984084292 0.0892113159034914 0.00871037485185445 0.107534647660862 0.143963532683305 0.131816740560931 0.0412547945875889
0.112522489814684 0.0637471361932888 0.195956713970124 0.0312496593108754 0.0996094339032085 0.178147383116064 0.032092099304832 0.0879527299055511 0.146718260674578 0.0520040938067948
0.0471924459510957 0.11651017609445 0.093287702981967 0.125335389947353 0.096608058555313 0.0329631706070966 0.0442721781944116 0.152374669649801 0.147666977593247 0.143789230425266
0.193388283231096 0.0781708829054536 0.0280263570922436 0.0909841170317637 0.0662374547229908 0.123364047506537 0.123109690658439 0.0481643986669003 0.0899950830640767 0.1585596851205
0.0877319959104232 0.181509510123014 0.0850221824693082 0.088957743881557 0.11713456072077 0.0571738092464367 0.0801085978427447 0.183936390456783 0.0261418088849765 0.0922834004639866
0.173633654712063 0.111284029917472 0.139690157544717 0.0481914321258261 0.0277288296400438 0.168428323427083 0.163241100079289 0.0476253469084803 0.0278023964843348 0.0923747291606905
0.108108183540008 0.176403483078403 0.153770274308609 0.14754394153626 0.0122841841790987 0.0123108359732324 0.0121136712632995 0.127052445549055 0.0423112718405845 0.20810170873145
0.123230700367297 0.186919509204945 0.148474863757424 0.12362188975111 0.0732252882740212 0.0245848092366004 0.0231865217735334 0.104248614043949 0.05929366814301 0.13321413544811
0.0441093683712383 0.201471710697268 0.179514683108061 0.0131949055354314 0.0508823931372164 0.0776290024508421 0.0672638067585334 0.0622528430668597 0.243823701986997 0.0598575848875523
0.112290593890814 0.0968598610889451 0.0944909759548574 0.0981826681237514 0.111623919627753 0.0992855986715573 0.0828551987365202 0.135456184186928 0.0366051203996343 0.132349879319239
0.153807340151783 0.218735649455139 0.0246978224943253 0.00581003049081346 0.135406566258663 0.10465361797973 0.00956127080930604 0.0943592823542887 0.139630008304564 0.113338411701388
0.153928155094066 0.0980406722140078 0.0782759688995591 0.107768417157651 0.155429887114382 0.0521209517949669 0.0626277978001676 0.13289255076509 0.0186276921534827 0.140287907006627
0.0726188220924551 0.115645024305317 0.0587216371906113 0.0226820167691686 0.112118564169684 0.163925538573924 0.14172210270435 0.0920885386234117 0.0430512511678044 0.177426504403274
0.127340224308477 0.140713240793939 0.0112098316425155 0.120451436769057 0.144311131522667 0.0593418370214943 0.125090999493907 0.0773293370642991 0.117673685565563 0.0765382758180811
0.0684884904388751 0.0400225770844228 0.126805981218849 0.00106503598016178 0.0789496283560138 0.113560162569634 0.0990324128149617 0.117377220497089 0.172902432802445 0.181796058237548
0.106794024835325 0.13699947805517 0.0683829985148413 0.141748241447997 0.0746376191003629 0.0731554187305377 0.06645583222886 0.14544893531149 0.0898393101939197 0.0965381415814966
0.142586128465106 0.0269568799422173 0.121907470700127 0.0431111459663427 0.0337559963825015 0.0450146310814984 0.153656109410053 0.139341135726809 0.145146174081397 0.148524328243947
0.15041662948053 0.127735134724721 0.0866923332162528 0.0962262063083422 0.0968974654695366 0.0816111648999396 0.062006180523703 0.117579877780638 0.0283754935100663 0.152459514086271
0.0794223931579724 0.158588034717063 0.0830813855786899 0.0651492194376447 0.0593436144947406 0.155986833085084 0.0448394635420365 0.124773658750259 0.126790398159388 0.102024999077123
0.266303690706831 0.0109521793269329 0.135782614261459 0.0163160579501265 0.172538758197284 0.260216251159599 0.040395973704891 0.0408997025396683 0.0546582190651262 0.00193655308808291
0.104304144634246 0.0812294817564592 0.132584640082094 0.130209158481248 0.0359570805080544 0.0347980285516555 0.0140684650842462 0.0256270626744585 0.244009338424192 0.197212599803346
0.0665095065521842 0.0668227298967155 0.155507356723347 0.10559491594689 0.0999491186729791 0.00453377237512501 0.0816560049227241 0.16285460869804 0.0961857432160605 0.160386242995935
0.0386312346693297 0.126762726607636 0.0449956154231413 0.073654704644319 0.141006180865416 0.159937524663628 0.0760709708291814 0.143830809421048 0.136052287230999 0.0590579456453025
0.120417472631935 0.197311488016232 0.124710556015223 0.082368676087776 0.0947027781312578 0.144083678046457 0.0590643318177316 0.00430783936477711 0.114372287137855 0.0586608927507573
0.0731654412135333 0.0279386259014912 0.143530106798753 0.00635153248312123 0.139402315415871 0.129643005728669 0.11597124034309 0.104925203055327 0.145980327027254 0.11309220203289
0.127350879750474 0.128408094822381 0.11058750248516 0.112990291463558 0.00717559541317118 0.0832166345048277 0.0476403120486614 0.125218112794874 0.0870513588174208 0.170361217899473
0.0865371429571493 0.0570410632097686 0.0965259264024367 0.150943508088013 0.145132338816899 0.0674113027526228 0.117816187401587 0.114814576979302 0.0310221188894468 0.132755834502774
0.215494859102302 0.0278947615111497 0.0424271891129141 0.0746200689653289 0.0753533762067344 0.208149495734251 0.158532720693673 0.101353239018819 0.0603838593633122 0.0357904302915156
0.0133835357578548 0.0566208212685033 0.0996028302601445 0.0914583326161904 0.0967391519800785 0.175154523725685 0.183255459097211 0.181552688889518 0.0882562416280186 0.0139764147767965
0.151293831513205 0.0281943644866359 0.167375295585305 0.151091250345535 0.125237471432238 0.0877161774094835 0.0417977587866765 0.0381042498982999 0.0504082379507058 0.158781362591915
0.0895104125074466 0.085897768462765 0.13637876340354 0.012806764976435 0.123203702193621 0.034408631797491 0.141715543323961 0.163804612263878 0.121119369553407 0.0911544315174547
0.19285471691934 0.146502730386506 0.0921593151444808 0.012199321982382 0.103274508364032 0.0868017388926709 0.0213360792319562 0.177148719104171 0.0354616558550008 0.132261214119462
