0.154138533534707 0.0607400007545983 0.333921606906098 0.290710905074123 0.160488953730474
0.278412661235079 0.333877225873394 0.111948442944576 0.202265527539325 0.0734961424076245
0.350081229520694 0.0412525238663029 0.012872196899437 0.381337212156302 0.214456837557265
0.244336468952804 0.119683043822829 0.26844262558188 0.264872234698725 0.102665626943762
0.275158033452749 0.0596081873297755 0.297196518787936 0.0384821205600129 0.329555139869527
0.219220381557264 0.247360077272716 0.188241178970498 0.105270949547797 0.239907412651725
0.0362489054167534 0.181116925427801 0.251269720513133 0.255135256901325 0.276229191740987
0.24597403981463 0.0876836736971169 0.114932156475354 0.291067255113266 0.260342874899634
0.139361265315329 0.200304552412183 0.226583479364879 0.223873144733175 0.209877558174435
0.312857436641125 0.331898548373869 0.03441745455971 0.164463527787364 0.156363032637932
0.282500765044213 0.190626001082921 0.216439480514982 0.183303026738609 0.127130726619275
0.365974088034766 0.320354941859719 0.0801753482058409 0.156632634075422 0.076862987824252
0.233342435404527 0.0995231914267488 0.122638893136983 0.286043674430457 0.258451805601285
0.0219430759666767 0.132180164536429 0.0192034116378009 0.460990635107409 0.365682712751685
0.0967261844742813 0.0969374760029237 0.315636784928434 0.249281399491658 0.241418155102703
0.104721130679632 0.223913498550463 0.29850029590005 0.0419127691576516 0.330952305712204
0.161636936192444 0.231403057572351 0.0823301487616516 0.47213851499953 0.0524913424740238
0.173099492883225 0.266655448207126 0.121490365784956 0.367935532600512 0.0708191605241811
0.167772314216966 0.300457705323097 0.107942301887152 0.150785608512832 0.273042070059953
0.126627831604899 0.339158950844716 0.249326663354078 0.0483064568344471 0.23658009736186
0.163048286368703 0.249334620664702 0.195638298383611 0.124861499849773 0.267117294733211
0.269774550671081 0.151023850579879 0.248672164669906 0.27048126033099 0.0600481737481438
0.339372742248012 0.188784665236996 0.139975453715138 0.316144021093027 0.0157231177068275
0.189922780370057 0.226847216948377 0.114878778311595 0.252051041690233 0.216300182679739
0.171413703412128 0.0857567595605251 0.0167770804599283 0.36897310425848 0.357079352308938
0.224307726946194 0.262134710875825 0.233884722810725 0.271907854015229 0.00776498535202662
0.0818852814293978 0.37911961954463 0.0172173834852334 0.370239080889211 0.151538634651528
0.263693432125885 0.114440815980485 0.272786929451895 0.303347891262008 0.0457309311797264
0.246089907216026 0.0787488698851317 0.286256093229266 0.314529709557943 0.0743754201116331
0.0668012087111531 0.470294694504266 0.0733467128903749 0.28856342977458 0.100993954119625
0.231561090638901 0.222892220465272 0.23205528226378 0.186649973551407 0.126841433080641
0.320786877200816 0.117100435732129 0.0946443360189987 0.154612642179836 0.312855708868221
0.0614137086194675 0.143506731714899 0.213292691863752 0.334809896834894 0.246976970966988
0.323180265237569 0.198704164838567 0.175380825043004 0.161062993087962 0.141671751792897
0.176103199928867 0.291058009276832 0.0887383536183925 0.245711488200151 0.198388948975758
0.194122791128039 0.373998787155113 0.185963992371771 0.243121145210385 0.00279328413469182
0.321280298975205 0.047858169408549 0.246245407598755 0.182248890267787 0.202367233749704
0.119503861804898 0.0603908838046381 0.279047709288164 0.234059681326764 0.306997863775536
0.226964967136267 0.0286392970366584 0.269151469920936 0.341109584725052 0.134134681181086
0.24507609410233 0.0237130589363987 0.179369712458363 0.22994962796743 0.321891506535478
0.201150430567608 0.208021832477993 0.222854029192584 0.193106550089077 0.174867157672738
0.186811547595309 0.242231169032456 0.253880862931538 0.108590119423228 0.208486301017469
0.0246052348042629 0.382723712916543 0.180776420993298 0.21668300921843 0.195211622067466
0.140908205477294 0.391478625822608 0.00987802045822729 0.29069249363677 0.167042654605101
0.384774614824916 0.0328479727181091 0.108323931250437 0.308388569456307 0.165664911750232
0.295612726726075 0.0532897047122982 0.0256331699229716 0.280199622462469 0.345264776176186
0.294786558647425 0.0802484298350628 0.39683193656007 0.0178029994908278 0.210330075466614
0.0350424205182295 0.238876762285235 0.220919032126916 0.340205149726215 0.164956635343405
0.0732973605576653 0.176163269017452 0.0698326786994337 0.237197682782981 0.443509008942468
0.26370586414335 0.125052643796998 0.315928896538377 0.294224672086269 0.00108792343500659
0.277877069690634 0.155756652494967 0.13220902207424 0.134477440372065 0.299679815368094
0.215114774019298 0.211548753555119 0.122285294337287 0.168798850513879 0.282252327574417
0.0925855401984359 0.202950147539585 0.264229199006101 0.178056883950567 0.26217822930531
0.253670562444136 0.0507194901934634 0.311831989841624 0.0391634210801139 0.344614536440663
0.287643999416356 0.246577327107435 0.1948558548739 0.248909273301008 0.0220135453013004
0.274804343702012 0.214118471145764 0.277186263137537 0.0593993070725926 0.174491614942094
0.24560269293259 0.258042769816061 0.186728936834448 0.0439905590520632 0.265635041364837
0.0545266002010985 0.256269297578939 0.174276118225909 0.270427092875616 0.244500891118438
0.270004909080049 0.139902645390041 0.207098383902149 0.283880264329451 0.099113797298309
0.216211640240954 0.142284572266016 0.363792362633522 0.0388742412926605 0.238837183566847
0.318420255216913 0.0692110607040982 0.300090200944339 0.064237419902805 0.248041063231844
0.243524436363686 0.00151515830365305 0.10663842933898 0.462027552471462 0.186294423522219
8.15294585583688e-05 0.606279240407915 0.0291998621758401 0.0629018633646383 0.301537504593048
0.334625665221568 0.495355387811004 0.0214829692896154 0.0877750015399048 0.0607609761379075
0.148037654458141 0.333419716816901 0.182475009366431 0.117286274779219 0.218781344579306
0.0595056123690329 0.329762734902408 0.356672054419321 0.170476618539668 0.0835829797695709
0.010034141680296 0.311187694229487 0.224576335276469 0.359363716119563 0.0948381126941859
0.100036870882467 0.484499501563282 0.0654972047452985 0.24703201233498 0.102934410473973
0.0879502127059439 0.243518180666564 0.23101358745642 0.0433237115042182 0.394194307666853
0.301966994206497 0.367119024085475 0.0031027761044422 0.0417235288524626 0.286087676751123
0.0993195489841776 0.107200783750499 0.144007142464935 0.368795426705037 0.280677098095352
0.0776097534742857 0.210387916449306 0.225147784100508 0.387526182605646 0.0993283633702541
0.110866623237043 0.0748110089340493 0.248798406492 0.298961757077357 0.266562204259552
0.0836299934463847 0.279096244365137 0.120101303521837 0.363925185750711 0.15324727291593
0.0298872536474625 0.163145082547519 0.319883543250778 0.425786557243784 0.0612975633104568
0.404440000036213 0.115580301090907 0.219196484218382 0.085822752678644 0.174960461975855
0.0707955503882126 0.47250085374624 0.0672174133995353 0.328203744039572 0.0612824384264406
0.0486942538271501 0.267445312809933 0.155398061601189 0.311503904130921 0.216958467630807
0.0382087478208662 0.266756966511121 0.108170813087775 0.301932121657923 0.284931350922314
0.0403335211217972 0.454717838880044 0.432427993789688 0.0620616176993347 0.0104590285091352
0.0951995150487317 0.554173131139963 0.224272563209755 0.00331106277431026 0.123043727827241
0.2561191541729 0.193132110511933 0.120868760280045 0.277033149011208 0.152846826023913
0.317015724348604 0.241232731239247 0.0335450676976661 0.131431575859811 0.276774900854672
0.250835514440598 0.187496093840934 0.10250220470122 0.184126598012167 0.27503958900508
0.015998991017541 0.176267306063534 0.293357414007342 0.242383372717019 0.271992916194564
0.281224426874163 0.256508851484131 0.19631622726565 0.0289708227831403 0.236979671592916
0.342238780136029 0.11910071734017 0.315107678308321 0.207748344527939 0.0158044796875413
0.106439959315925 0.358608636811065 0.214694908250244 0.235836025807358 0.0844204698154087
0.274740102636074 0.244672481196327 0.123356195170123 0.0481427171244431 0.309088503873032
0.122414118611778 0.203552392195067 0.233909032998942 0.433057212496489 0.00706724369772379
0.0275567123849588 0.332301922675757 0.126117070947551 0.304925554930607 0.209098739061126
0.155664334460906 0.287693459393023 0.180585194599521 0.122098357954036 0.253958653592514
0.0349255138135123 0.273675145119709 0.231294594408099 0.440692167747939 0.0194125789107407
0.0684396863274509 0.228631259806016 0.338615254006797 0.0642884903282522 0.300025309531484
0.249374195950025 0.206622461288444 0.0966622762763566 0.204188831022082 0.243152235463092
0.352217481629504 0.349658399628977 0.0345890944495294 0.102075998935297 0.161459025356693
0.220837703100421 0.301394293440998 0.197069135259531 0.0993742319633598 0.181324636235691
0.241065096431823 0.406687896325242 0.0422182127966868 0.169876447132007 0.140152347314241
0.193475648201316 0.0239241998048655 0.319246032466917 0.2665250636062 0.196829055920702
0.0741408146408172 0.256322316467481 0.0402375134254399 0.437738643684047 0.191560711782214
0.0317777270198259 0.396322246214711 0.136451625701887 0.104390990968526 0.33105741009505
0.410543045610532 0.175020880079853 0.152337423468323 0.0024449928023929 0.2596536580389
0.12954725796094 0.28021262309771 0.158636100187687 0.13459002708357 0.297013991670093
0.339318130007268 0.0830174829732306 0.24158063376369 0.19785542375545 0.138228329500361
0.135067034449738 0.285839287437729 0.0501833955327801 0.201607441451802 0.327302841127951
0.275396774111454 0.200542557672996 0.0787114530469553 0.172230537461364 0.273118677707231
0.321903958148573 0.280062016981639 0.184540430149896 0.152172853869453 0.0613207408504393
0.0644310779576534 0.239981947445053 0.0386529028560747 0.54143846056252 0.115495611178699
0.274411505490613 0.11402312122112 0.266099675943557 0.153370395392692 0.192095301952018
0.141208575579377 0.0593448086672507 0.288242269947156 0.129233447442364 0.381970898363852
0.26199927604729 0.226515319027683 0.0348528436243575 0.230900591935297 0.245731969365372
0.398600945728935 0.353747817105361 0.0688617035452199 0.0176068315187319 0.161182702101752
0.255790853397731 0.0566723689796292 0.273925404946831 0.125792923552092 0.287818449123717
0.188731503708686 0.170810484774172 0.264549405505477 0.119280580531182 0.256628025480482
0.137556259485816 0.303038646188047 0.283471067647085 0.159462368455908 0.116471658223145
0.0300496216092795 0.213097557186715 0.288000057265834 0.255295515214526 0.213557248723646
0.18312386707095 0.323973755892853 0.274506136982755 0.127418383214235 0.0909778568392073
0.267509310290141 0.338754218407464 0.0901580696864609 0.270523134537221 0.0330552670787133
0.309902454648797 0.210348009186033 0.12359716812967 0.209574239665716 0.146578128369784
0.258679022620542 0.229668391089192 0.256432753652566 0.081449870256863 0.173769962380836
0.0675747929370272 0.343153371811546 0.271534648758751 0.313181176596544 0.00455600989613168
0.129765637556197 0.216201731562813 0.139170452886604 0.300246195295371 0.214615982699015
0.245941738106354 0.323263642997217 0.166499224202297 0.0942821363648358 0.170013258329295
0.199943667258685 0.21124734088025 0.331854077491822 0.0468459093110986 0.210109005058144
0.25014159274009 0.156818977233727 0.201705158840631 0.133143996756326 0.258190274429226
0.0657658769743504 0.372537058853621 0.3618600039439 0.0473729474076171 0.152464112820512
0.147517513360636 0.0771598637234023 0.211010998391511 0.0780089983642892 0.486302626160162
0.0821337429879155 0.243679272455471 0.211607520822444 0.356400530600593 0.106178933133576
0.275001121084057 0.0149405050047473 0.28932320311284 0.0705845992261153 0.350150571572241
0.29908990261899 0.165208482473532 0.0575715115089347 0.246833705949488 0.231296397449056
0.011215467536099 0.237188482264482 0.154546111539754 0.305924493773248 0.291125444886418
0.316767693249657 0.190999278012938 0.00199345277955538 0.162065039906138 0.328174536051712
0.244332735772257 0.238639302187199 0.272057375069399 0.210574487027715 0.0343960999434301
0.157360324558238 0.185386262131708 0.144021418879232 0.236059021274406 0.277172973156416
0.198100419788177 0.0404806457258111 0.338207417281111 0.215750106934522 0.207461410270379
0.373056968765914 0.0218974828325269 0.0953423926048774 0.230456988213302 0.27924616758338
0.306883665755762 0.351807918757106 0.0493769416899305 0.175234534497412 0.116696939299791
0.291349409674189 0.07857329391769 0.0846061805037074 0.284268131122625 0.261202984781789
0.341306320214325 0.0605443755482501 0.257889050562906 0.0339216542614941 0.306338599413025
0.285259434418606 0.339350347396174 0.145298250755116 0.195083446864899 0.0350085205652048
0.120905677429805 0.3279424494483 0.219991649727098 0.235366041978824 0.0957941814159736
0.212797032777333 0.22154198303701 0.224233476672901 0.183196034855921 0.158231472656836
0.261421653122285 0.0905413096086201 0.266172185189037 0.273482776029148 0.108382076050909
0.289530525798364 0.291399465981792 0.0742616428112224 0.268098678410782 0.0767096869978394
0.224657884006018 0.178874765561767 0.278703295517697 0.113318571078612 0.204445483835906
0.106242312626734 0.431491834073069 0.162371601499481 0.267309500614692 0.0325847511860238
0.320284312348498 0.133994797753138 0.3646934303766 0.133137261106555 0.0478901984152092
0.347512236529975 0.0388236030167643 0.259957690831674 0.252596378066934 0.101110091554653
0.22234572142785 0.428019491727171 0.179590310581249 0.149586380230279 0.0204580960334506
0.174436686322422 0.284775013724176 0.226642207887087 0.0933425257763541 0.220803566289961
0.142901107351062 0.077984411666743 0.415728521409138 0.271764265878005 0.0916216936950517
0.300730384933299 0.161129886723515 0.168771120374588 0.222144697443978 0.14722391052462
0.371771018025267 0.0496530406294016 0.274170201507113 0.275252791691861 0.0291529481463577
0.237395950467592 0.232372992160453 0.255461974881185 0.239365673609905 0.0354034088808647
0.257061181320559 0.0917782353375694 0.164909563071762 0.371195990606942 0.115055029663168
0.00438526747979154 0.0254544362348439 0.314714260812839 0.183866930027974 0.471579105444551
0.277861703833409 0.32029953447989 0.0560506334328072 0.307716135747123 0.0380719925067708
0.0523665216852858 0.244858069949248 0.386826901359127 0.105020217921715 0.210928289084625
0.32275131865433 0.0555966317144619 0.250930155406736 0.202223163376279 0.168498730848193
0.218865188116527 0.318283221050755 0.210032310191568 0.105858945958007 0.146960334683144
0.0547697668368051 0.362187869643059 0.0491406258483467 0.154560879475416 0.379340858196373
0.124633517739786 0.382675877452674 0.0413092906988176 0.410213385559446 0.0411679285492766
0.277324455263934 0.302593145386397 0.283892721471107 0.0143043529757336 0.121885324902829
0.249448594426195 0.197473663305728 0.351739868371529 0.0218394231949257 0.179498450701623
0.215760465729285 0.168754730491345 0.119131738365786 0.252726176797268 0.243626888616316
0.0491806466093313 0.100388021987868 0.269630396767767 0.292090185639615 0.288710748995418
0.369779943301941 0.114577992552902 0.279778901988298 0.0277773547666696 0.208085807390189
0.0216490422074231 0.341815745880955 0.379061786249381 0.207411072976756 0.0500623526854847
0.0494289001711744 0.184822296349685 0.333736524664307 0.317512059985103 0.11450021882973
0.168174410455973 0.0520400140833412 0.214847501281325 0.159345161901284 0.405592912278077
0.267385809718512 0.131264099058742 0.000347516816720489 0.293861330804202 0.307141243601823
0.034259845107273 0.0442594074572254 0.103579761751172 0.263813182107909 0.55408780357642
0.192174391855375 0.232593026320004 0.244540447368656 0.142105855371311 0.188586279084654
0.260565665283325 0.136894385275856 0.0876793304094141 0.265843433194839 0.249017185836567
0.240671817050305 0.067993047094003 0.227851284308489 0.17206623610069 0.291417615446513
0.028115530696082 0.236993557070601 0.23116525342302 0.113413152862196 0.390312505948101
0.0640503946057579 0.161254676159249 0.190252161316914 0.0695907633007883 0.51485200461729
0.250241494503596 0.0218606345664639 0.206673413032301 0.27474349540619 0.24648096249145
0.383218623197292 0.165429018628354 0.229766520925405 0.100771039240723 0.120814798008225
0.226231564984561 0.224022694076351 0.310664769016108 0.0595860585380019 0.179494913384978
0.0436686209821071 0.232703653401168 0.195065450148624 0.328619703042978 0.199942572425122
0.261483379516597 0.19878817200459 0.31623174206712 0.0115957235769188 0.211900982834775
0.0619555537718271 0.380878829350602 0.209042136019644 0.0747400756411059 0.273383405216822
0.00396735921667326 0.303893473832138 0.324031500026248 0.16622184259595 0.201885824328991
0.196127882586566 0.288741273845335 0.122636470348033 0.373461665977505 0.0190327072425621
0.0987064225622384 0.151674621356669 0.291501955464346 0.259548750768699 0.198568249848048
0.13121077656743 0.0645194896282222 0.313952090631242 0.227085674455141 0.263231968717964
0.124658779381646 0.132628206788456 0.321482605572502 0.0164274697071451 0.404802938550251
0.180645954062361 0.00078198371865966 0.197554450564242 0.312494666817896 0.308522944836842
0.189836841734908 0.0682344117148935 0.221251435675467 0.28351132241062 0.237165988464111
0.365046408702715 0.14316419576463 0.0906630960379538 0.268676110967851 0.13245018852685
0.269062926508284 0.258282226794082 0.289715202457878 0.0321488355412254 0.150790808698531
0.316497706733698 0.00574161277070427 0.0251123659401549 0.334190969628979 0.318457344926464
0.349526674590604 0.136636189390744 0.206383685040321 0.302425529244996 0.00502792173333449
0.407724199812047 0.032780160583339 0.211415829886918 0.245635630080815 0.102444179636881
0.108453509181048 0.192897269412275 0.106596814793129 0.349783025578397 0.242269381035151
0.158068407521689 0.129043876846131 0.313109024572819 0.266894217176393 0.132884473882967
0.186753261445327 0.283262721809951 0.0217810951884089 0.279036488361132 0.229166433195181
0.264923481275775 0.124822011921546 0.0849148083666968 0.316925073581537 0.208414624854445
0.00383962902431426 0.116718806000679 0.118098925680919 0.398322160593875 0.363020478700212
0.368499478966134 0.0446259406271872 0.233676743735282 0.159172458672061 0.194025377999336
0.0938669338703949 0.269342099953972 0.167946100032645 0.161206135095061 0.307638731047927
0.0924740541353121 0.135368318957728 0.418022215708818 0.131727221585661 0.222408189612481
0.374568911577001 0.05139328127412 0.239725566393122 0.314038554434132 0.0202736863216247
0.265137839824432 0.126151462385789 0.236094874638606 0.306037891044406 0.0665779321067674
0.167837504265328 0.245912233399934 0.110154306421543 0.373074736092022 0.103021219821173
0.00250538284643028 0.170471002055081 0.0657394655351427 0.382040255373855 0.379243894189491
0.0773001195341162 0.0398301198915976 0.217644762913373 0.243353809963039 0.421871187697875
0.0918369919740264 0.264851802481479 0.0776710465276383 0.268439279320774 0.297200879696082
0.261173996839511 0.247455436281532 0.211508977047139 0.202714221283484 0.0771473685483332
0.0106771933447983 0.110815510930097 0.267620840342399 0.285829962504515 0.325056492878191
0.151441607638798 0.203770620733754 0.35711002394698 0.198442118149846 0.0892356295306219
0.767904034076175 0.0514902580370494 0.149353322281218 0.0226274034341073 0.00862498217145008
0.0669445687051981 0.378964615047754 0.235255726269267 0.192832035854913 0.126003054122869
0.230861287446497 0.289662704386843 0.328535022366372 0.113499164075659 0.0374418217246287
0.118962721493615 0.100357008084749 0.122840311775194 0.480013979927187 0.177825978719255
0.256802158022262 0.361585655987721 0.225694361588338 0.0241101267050729 0.131807697696606
0.388518668565323 0.196502868658836 0.0237462891366384 0.306009561827329 0.0852226118118736
0.120948437028415 0.325981194346405 0.312268167910803 0.0968896155740815 0.143912585140295
0.271599200112348 0.298387376822775 0.192779721460162 0.0791111289877034 0.158122572617011
0.223294198071798 0.113341974506975 0.133260147840872 0.349472749329943 0.180630930250412
0.0228043546232807 0.182233346972859 0.294361166853478 0.278407419116841 0.222193712433541
0.32973797545807 0.169856547194969 0.354883826229562 0.0232132856528246 0.122308365464574
0.216023744295739 0.145437786069713 0.131422005672886 0.245079011456088 0.262037452505574
0.149916121217507 0.125741141009348 0.332253350214481 0.266503872133696 0.125585515424968
0.285137964999409 0.204404494643162 0.268657949127415 0.0661553626200573 0.175644228609956
0.402457615983576 0.219132475989264 0.0640945165756459 0.167375215559164 0.146940175892351
0.123753401699905 0.139861645886411 0.271268914252866 0.181409906856348 0.28370613130447
0.243283716543792 0.0844444289702611 0.244627043540709 0.167060918401719 0.260583892543519
0.132555517657738 0.0387608567160365 0.133819030852465 0.267618682040181 0.42724591273358
0.176056628048394 0.123174696245826 0.036079859536527 0.494740209417783 0.16994860675147
0.190532107373954 0.221008022606856 0.384697156503434 0.0137711195634778 0.189991593952279
0.196641359300979 0.0341910657058172 0.211137648179423 0.246039043465676 0.311990883348104
0.281876051992128 0.29089055891897 0.161828418484601 0.206658614547508 0.0587463560567924
0.0916247943072865 0.159864603721036 0.25770259902611 0.225584288141399 0.265223714804169
0.191243079325896 0.184441594172108 0.14632818803649 0.242433198816365 0.235553939649142
0.184561741066615 0.339667227767066 0.204821302930729 0.0961683817904511 0.17478134644514
0.268596488407007 0.00407852215999558 0.242343397112952 0.11051648453947 0.374465107780575
0.252435053290864 0.189330437295915 0.227664571602219 0.162133934906549 0.168436002904452
0.0264874659475046 0.336267313024212 0.10736807161691 0.24671212344748 0.283165025963893
0.138818126362795 0.0566082424999963 0.320792712546215 0.275344986604714 0.208435931986279
0.20097272154684 0.187772579212901 0.499634916078405 0.0943133916689302 0.0173063914929234
0.183811534500159 0.081718039638007 0.199915097234393 0.146582399476897 0.387972929150544
0.0466662099339831 0.311152960561937 0.146534775214377 0.283909943453225 0.211736110836478
0.224686552989543 0.0568790339017903 0.204601402773895 0.505668071057205 0.00816493927756698
0.0858569600433918 0.0749699933107306 0.264891772262762 0.177679984705651 0.396601289677464
0.164331185292504 0.238199603008907 0.217159619813584 0.282050050953159 0.0982595409318475
0.330555325543869 0.253466774466544 0.115489625419725 0.244526553184036 0.0559617213858261
0.199844384605366 0.199083495368004 0.0164800790851145 0.316869167160187 0.267722873781329
0.0639106975671383 0.281098387789826 0.336059343323376 0.0053723035231336 0.313559267796526
0.221210374169606 0.470124859073215 0.147744430922838 0.144377051589374 0.0165432842449669
0.293453818429585 0.394045751507972 0.0991569180914255 0.0995910857363174 0.1137524262347
0.128359122748151 0.346487482549699 0.19453840091003 0.150256862836074 0.180358130956045
0.120461757796447 0.219583758884682 0.269118418443128 0.0779115023677479 0.312924562507994
0.212102948603332 0.0978353170963042 0.229699794369499 0.263820301055157 0.196541638875708
0.152363979561595 0.0239442085773127 0.380955300441897 0.167646518823462 0.275089992595734
0.301801171928501 0.24134619713337 0.114449301274761 0.304190770617809 0.0382125590455588
0.292140682642939 0.255900558646958 0.17239237862691 0.133985843128738 0.145580536954455
0.258813776791012 0.285621787543113 0.0273646617716129 0.269072601659404 0.159127172234858
0.0305988889200114 0.219934490662373 0.159817418662076 0.400043303217938 0.189605898537602
0.0189829798961167 0.21367739134801 0.151911265794777 0.391914772506885 0.223513590454211
0.298966060598176 0.269713613654588 0.202595186566365 0.158509723335564 0.0702154158453063
0.159847185946085 0.255290230262175 0.186027173902038 0.278711251282267 0.120124158607435
0.511793044000951 0.151088799681868 0.246970357741693 0.0047742854731986 0.0853735131022893
0.0966302452693917 0.222201638090126 0.180470727151759 0.239813289661664 0.260884099827059
0.238546733871982 0.200611351161195 0.141753107295195 0.237612355749507 0.18147645192212
0.197773636123577 0.154427356882176 0.191953643638338 0.182310116387867 0.273535246968041
0.180367866404169 0.20865386877462 0.279760727456754 0.0801497250501564 0.251067812314301
0.222956412056211 0.261475232956316 0.258871432584057 0.0342133917329974 0.222483530670419
0.0463348399107977 0.216779841578877 0.338734568728623 0.186585990474245 0.211564759307457
0.291177513712828 0.245193488324192 0.256635492799113 0.161892201823083 0.0451013033407831
0.348517162874494 0.0710027778588121 0.242963560280679 0.313202001206589 0.0243144977794264
0.118711177664111 0.274641620500385 0.305105868499307 0.239037724905386 0.0625036084308101
0.290435888366539 0.302894560056522 0.0903238927876386 0.0548058618632006 0.261539796926099
0.236641552199363 0.253236638763463 0.172203276212044 0.113823668554282 0.224094864270848
0.12479302635425 0.0606193000934263 0.235811792804243 0.295977651194119 0.282798229553962
0.242924353224446 0.116784318783727 0.165644292607902 0.216110798264127 0.258536237119799
0.208624057051674 0.238756915021902 0.0320116712854635 0.276344588118326 0.244262768522634
0.205474094238469 0.134375199975991 0.248227432474849 0.0750169737525305 0.33690629955816
0.343076491779631 0.0368568956321045 0.16515711018704 0.278223088762978 0.176686413638246
0.100100126389271 0.243543499013581 0.0394551109796025 0.302253853972423 0.314647409645121
0.604637265337917 0.0251646498003856 0.170123956114808 0.0179720156160005 0.182102113130888
0.0575517910619216 0.288588972942774 0.0568817309516453 0.295355500643914 0.301622004399745
0.279015869251155 0.12999040728945 0.190969036312651 0.277183994144184 0.12284069300256
0.227496624535672 0.198263207977728 0.127668089021024 0.298241628429993 0.148330450035583
0.179729034302997 0.0328864935274233 0.373842480907872 0.0371998749907238 0.376342116270984
0.216959921247832 0.181778570431652 0.205563938231537 0.180751006811214 0.214946563277765
0.348322269286298 0.0860574406467189 0.16452324547437 0.118084131399784 0.283012913192828
0.148350367974408 0.186685773443936 0.237649905111942 0.15451856844382 0.272795385025893
0.33307534305995 0.0496175954491651 0.0464548316435642 0.393559611386006 0.177292618461315
0.0465170182265428 0.281292452910557 0.0364363651085546 0.354721490024158 0.281032673730187
0.150836407085601 0.261938544069303 0.0595302793590955 0.16137884242613 0.366315927059871
0.154799996396309 0.284181462444881 0.299818582607886 0.0456077947309938 0.215592163819931
0.419626328954294 0.184187064413107 0.339931235021469 0.0259400606117772 0.0303153109993538
0.219715963912439 0.184204501748511 0.0313516405504642 0.343851165797444 0.220876727991142
0.0460742026611961 0.255704535462764 0.326326905359114 0.293413839715763 0.0784805168011628
0.29573558708877 0.312907283105329 0.330825579097458 0.0197499353492077 0.0407816153592361
0.238519348556063 0.0961655267102543 0.274530515262116 0.166082173085115 0.224702436386451
0.0695376706579921 0.0956444327291705 0.546450967905497 0.111992750263332 0.176374178444008
0.276220151477595 0.225523549015999 0.238152687576211 0.0535523942948591 0.206551217635336
0.18319134809764 0.135260762504951 0.118560561245812 0.368970551779897 0.194016776371699
0.168424511159096 0.0815074440887328 0.262456224263991 0.182566087007351 0.305045733480829
0.1130447750396 0.175748055389704 0.421421095594322 0.0372231034417258 0.252562970534648
0.312344563599331 0.165517966548365 0.324409830317889 0.0173349177571247 0.18039272177729
0.214454784972671 0.210669720295056 0.241343689560638 0.238702002069136 0.0948298031025
0.038329647928848 0.220545790769378 0.303302538566375 0.369048107921137 0.068773914814262
0.00751531408097854 0.306195855888534 0.222173623584132 0.413497205166944 0.0506180012794116
0.325686003581755 0.224758705670357 0.27743144185063 0.052814905589719 0.119308943307539
0.0155149966016697 0.0866800890708502 0.171560472630921 0.343988733331788 0.382255708364771
0.0654285822555215 0.183877719979167 0.0597821869157873 0.442956649373746 0.247954861475778
0.384587703793591 0.24510168462187 0.231405755361407 0.12422991873262 0.0146749374905119
0.163479001720672 0.200987023619146 0.139698362700098 0.262245848797505 0.233589763162579
0.184619649645768 0.220640609455504 0.0686493841799098 0.291808057308352 0.234282299410466
0.100123534011915 0.23129496582241 0.251511611023292 0.32311274935001 0.0939571397923722
0.0500754288677665 0.37077420212149 0.293476663654057 0.122023477186757 0.163650228169929
0.180024942053088 0.171692341378862 0.127520156033122 0.244097536361941 0.276665024172986
0.383699408300797 0.267697957263351 0.0677078286913653 0.0559868443577682 0.224907961386718
0.280744655043224 0.0523750943339463 0.107443833781814 0.265601954184156 0.29383446265686
0.248475911369525 0.0654432487317754 0.239582181670337 0.0653383016042468 0.381160356624116
0.379414293498962 0.42468719450149 0.0915584302817132 0.0551786886896028 0.0491613930282324
0.180017988981137 0.192970829289375 0.197680207119488 0.152866553276427 0.276464421333573
0.220769184583441 0.313079069518235 0.187328091234438 0.259622576199219 0.0192010784646674
0.287856418381825 0.123008889704087 0.168037882353623 0.0569586039621826 0.364138205598281
0.439554105218787 0.000330503730603109 0.00399404973120289 0.435413925957729 0.120707415361678
0.0177995170981817 0.244846342507906 0.305232919930928 0.170770189513859 0.261351030949125
0.15414973453489 0.295514479124708 0.217266040000166 0.109276062157502 0.223793684182734
0.177612069331153 0.261271665734171 0.121889113985698 0.278609012148128 0.160618138800849
0.242126411630321 0.225780272268204 0.21976300157086 0.243793125309135 0.0685371892214806
0.272506857724746 0.268145419694502 0.133773530304711 0.269183217963496 0.0563909743125453
0.109819133742051 0.209125934859438 0.373455089437992 0.0168827297680323 0.290717112192486
0.117550835845842 0.156316894902904 0.072973077732026 0.28872189507986 0.364437296439368
0.335385588737761 0.104304935441026 0.292629311896304 0.0464272213128667 0.221252942612042
0.297035889230191 0.248134549775843 0.343887149758879 0.0610910573468473 0.0498513538882403
0.21611799885402 0.0791201466232777 0.199258323379447 0.256864737922962 0.248638793220293
0.0126361896622979 0.194524932008669 0.278975017771731 0.345287116488047 0.168576744069255
0.0175712812221826 0.132972947112681 0.172248223298477 0.401429249266442 0.275778299100217
0.0779854377875768 0.273175140549802 0.314747372590173 0.290739531644504 0.0433525174279438
0.210498775725297 0.21444485868184 0.263098544332073 0.17261259513222 0.139345226128571
0.118973205832693 0.411588762944068 0.15638072193425 0.0772959009408051 0.235761408348185
0.0977813430417088 0.268717415524448 0.055049852249967 0.283433840038641 0.295017549145235
0.269910433308682 0.170784941694364 0.284655524619304 0.0344621901672331 0.240186910210417
0.0103421118997421 0.221314267764492 0.363650236827294 0.357092914021464 0.0476004694870082
0.270400130710464 0.124093236691938 0.201753705248497 0.221404616007969 0.182348311341132
0.0138125722322997 0.289182751019257 0.257054259398722 0.330979194964893 0.108971222384828
0.091673357948112 0.369930393022378 0.316680450179176 0.0956573421220662 0.126058456728268
0.279054836565671 0.176750091326975 0.193075062393617 0.268931849986026 0.0821881597277106
0.379059836801043 0.124874950060239 0.0524720257841351 0.147262395330914 0.296330792023669
0.151438802072028 0.314088595278539 0.198723778048734 0.0774545773827452 0.258294247217954
0.185015458374589 0.280739616411256 0.183567697592644 0.000134172691191951 0.350543054930318
0.170343072337237 0.294697410875158 0.276488473060125 0.13950055832563 0.11897048540185
0.390876469352472 0.10763780979039 0.141328193576735 0.267037376565962 0.0931201507144409
0.2829430380933 0.121611573078394 0.120593675580814 0.143691694507728 0.331160018739763
0.317602710184055 0.130089967311898 0.00165804223275811 0.273515791069444 0.277133489201845
0.278820072105939 0.0790998470414763 0.174707440620615 0.162060975211467 0.305311665020503
0.167072129727606 0.144029752847325 0.188410406936088 0.260805158813446 0.239682551675535
0.173566237711346 0.181175134151886 0.225807203546806 0.312849449995119 0.106601974594843
0.217284863121105 0.270294205593539 0.0643332857748517 0.418303812756724 0.0297838327537803
0.209167010237072 0.032999237807516 0.305777840701969 0.206582613775125 0.245473297478318
0.0652754186883783 0.346687733943109 0.320964651460928 0.233325202022624 0.0337469938849612
0.271804057808336 0.24135851234999 0.19063190822857 0.0911845978350951 0.205020923778009
0.408738938409166 0.043342993828791 0.131921102604171 0.303811058643275 0.112185906514597
0.226546900974122 0.308181931652087 0.170105576229149 0.217527083969828 0.0776385071748138
0.294832546717243 0.176444032567268 0.252727668524792 0.230316602537218 0.0456791496534802
0.0766708536166182 0.233966938429167 0.0235936648879037 0.480734128955845 0.185034414110466
0.207035605416652 0.000620348992325025 0.209373176355895 0.23541591331425 0.347554955920878
0.165486096476789 0.275756114645283 0.241171266398672 0.290074775874927 0.0275117466043284
0.0174317001918551 0.167836865155429 0.297720819450736 0.183186005080358 0.333824610121622
0.333883974508825 0.0725353905396105 0.215586096684554 0.240030434874712 0.137964103392298
0.0357600689167304 0.435650210952306 0.0397619960008103 0.168833158888558 0.319994565241596
0.0653328234652172 0.0232146897374789 0.262423008533864 0.275872465964545 0.373157012298895
0.1505658301054 0.173240668443462 0.288655987041535 0.124149891962015 0.263387622447588
0.139309303774571 0.0995347988326155 0.101622007539976 0.546480402815748 0.113053487037089
0.0799212074749168 0.263184249081363 0.217456410621877 0.17314374101446 0.266294391807384
0.0676324275505386 0.204297649112889 0.249832613670714 0.241564443441107 0.236672866224752
0.42600015125433 0.0284918026312555 0.0170771186342948 0.156081549305752 0.372349378174368
0.284011261383929 0.23748349587032 0.393428616721906 0.0307056034858803 0.0543710225379639
0.28732822509105 0.0951374238317396 0.224327759473836 0.191053322290113 0.202153269313262
0.206751079969285 0.176520695674359 0.266756140116474 0.179798576462056 0.170173507777827
0.0601008278724624 0.275508824956755 0.122568619184504 0.363815722497399 0.178006005488879
0.224880229217561 0.309707204387268 0.305542838192516 0.014245261930885 0.14562446627177
0.063867849597525 0.294853656751475 0.434834910886701 0.0813645246532708 0.125079058111028
0.546614936560389 0.0977715734808671 0.10032073637434 0.0225899907286948 0.23270276285571
0.037997010419467 0.390401141407311 0.128061313684156 0.292860436639652 0.150680097849413
0.335903384879673 0.222804825438147 0.123019340943659 0.313840737030262 0.00443171170825826
0.450031851981405 0.159146709840431 0.238007056409308 0.151110216691372 0.00170416507748382
0.0839982257446542 0.364301348106582 0.452847352345096 0.0753046772902466 0.0235483965134214
0.154730733588652 0.0506877410003693 0.371912038548452 0.165025275465619 0.257644211396908
0.129032188734095 0.404929533046322 0.0645508860295823 0.268858826415091 0.132628565774909
0.304289033057324 0.310152144585121 0.0673883607851318 0.163914913576985 0.154255547995438
0.218328315582964 0.287814896282821 0.117420382262639 0.111367356174231 0.265069049697345
0.0903612429269529 0.398753831801103 0.0810420754889014 0.175657302537543 0.254185547245501
0.208779609112108 0.447987017732274 0.111653114391926 0.136519054933684 0.0950612038300073
0.0296663527695065 0.107683604834503 0.242145594299173 0.381749850164063 0.238754597932754
0.209092869492373 0.172943937411077 0.250198381108673 0.14302081837489 0.224743993612987
0.303281970268669 0.264123111137337 0.0451252510570323 0.196133397416975 0.191336270119987
0.0750807710145952 0.310433112080007 0.163161623308677 0.188049843026121 0.2632746505706
0.0468247681371283 0.353176917758095 0.353334422837232 0.0613849617560779 0.185278929511467
0.07066299056402 0.226761124160698 0.510078568351863 0.021932211880081 0.170565105043338
0.267968403601049 0.180580713096244 0.00245165923038032 0.269873219212817 0.27912600485951
0.288993429255826 0.372462022111961 0.105615768953594 0.0650869047989512 0.167841874879668
0.0883390430127048 0.189158396867433 0.367772023186738 0.28534855441878 0.0693819825143443
0.203032036432348 0.152939674359317 0.231231405180416 0.263323530811551 0.149473353216369
0.401931363831509 0.0711145311400188 0.0129859144260635 0.0737129572651119 0.440255233337297
0.243174032716874 0.0249370132239945 0.128460314472831 0.0804025389430483 0.523026100643252
0.0556148961830209 0.388276381340439 0.255743722509047 0.229445625115945 0.0709193748515476
0.236905000720651 0.271683547019982 0.142505121376108 0.0481979557714999 0.300708375111759
0.197065461711681 0.302881347287756 0.0850971593356649 0.134149081901925 0.280806949762973
0.0883777731770938 0.278733814629596 0.21408183555779 0.218636132181912 0.200170444453609
0.287264238615152 0.356394216357937 0.0982057947493995 0.00596622825210707 0.252169522025404
0.417357789571012 0.303262064845106 0.0188407103051954 0.187472581933822 0.073066853344865
0.263975508192221 0.00459971543435581 0.30037587053026 0.123687331029835 0.307361574813327
0.104081818348254 0.453867763715254 0.138774578080173 0.274366836444626 0.0289090034116927
0.0141038075761901 0.00849500569095253 0.510586392906435 0.197424282977288 0.269390510849135
0.390809792831266 0.137991282438365 0.051656200198621 0.103512581494562 0.316030143037186
0.269975236423488 0.153986759776394 0.360320698155618 0.181447071380993 0.034270234263506
0.356674160628669 0.278319269424225 0.0732243861956961 0.157254336163937 0.134527847587472
0.16424340616045 0.25505335133425 0.27803177541793 0.302637688901147 3.37781862227587e-05
0.162829456963972 0.0752740880521844 0.341957328573444 0.272948053263745 0.146991073146654
0.0851563691870594 0.0371820012874462 0.344432660052287 0.0463765080692162 0.486852461403991
0.0293364457857863 0.268916236542017 0.176689040349021 0.418184910857324 0.106873366465851
0.171712138872113 0.154891411824445 0.287248041476885 0.145328799240676 0.240819608585881
0.265969957627306 0.110098494195554 0.321770363085857 0.0876963076826451 0.214464877408639
0.083630893121678 0.384550282460062 0.209044686202138 0.214493959728937 0.108280178487184
0.159274573195498 0.170997166430463 0.198078436831785 0.197249563842671 0.274400259699584
0.452377862133786 0.0331075315855503 0.137857701319125 0.198806700695893 0.177850204265645
0.1413851035926 0.170945344297136 0.028444805473239 0.309862377322509 0.349362369314516
0.0620164652792897 0.325080579044348 0.148560070456664 0.337413776295631 0.126929108924067
0.347822966484397 0.187793928469275 0.0561127737444184 0.372798585924029 0.0354717453778809
0.0708624806759932 0.255526152284864 0.130564940265144 0.275810363302677 0.267236063471321
0.0753433765725372 0.0480460291386307 0.325289550035449 0.234546364721262 0.316774679532121
0.17062578142786 0.212110266019127 0.0141842839542471 0.521232670761601 0.0818469978371653
0.0747217292669339 0.134769156473812 0.17098178003671 0.30160329443148 0.317924039791064
0.353064826368584 0.257587417803672 0.253766596966488 0.0522143869804285 0.0833667718808267
0.148269734686759 0.105096045818672 0.327728810522373 0.354043173312815 0.0648622356593815
0.271618479561087 0.221424499643023 0.0164012816407082 0.264321667192619 0.226234071962563
0.125885639648046 0.372246644526987 0.162733421791091 0.0463968063144119 0.292737487719465
0.215966944324189 0.0887807341782405 0.250637239185161 0.233289410870319 0.21132567144209
0.115477005854799 0.307819021760215 0.259585187863388 0.311792514366935 0.00532627015466289
0.351218834439145 0.105047665745579 0.481841704540464 0.0528694557507537 0.00902233952405783
0.067705486008307 0.320176342721179 0.0899157930184375 0.188355902536482 0.333846475715594
