0.00709602482374749 0.114879010265761 0.0340599436799584 0.146961942934836 0.13718046276306 0.138017242817125 0.141669006678159 0.0154463246615605 0.114662752770689 0.150027288605102
0.162223186718096 0.00538716422535664 0.0597844072833458 0.104712459102317 0.0121013278534433 0.151815037138422 0.127081055753014 0.161075954115089 0.0959348520551345 0.119884555755782
0.0125514894324291 0.173589007825192 0.19379967629012 0.0887278875423835 0.0966821424339315 0.071322171399213 0.0681777088860331 0.0425637877965534 0.0661345937858002 0.186451534608344
0.0462658478822671 0.0967872986601583 0.0854197008777518 0.00873304356456782 0.127809691014736 0.0629744575261767 0.175866348221168 0.205193800623341 0.103177414780872 0.0877723968489612
0.133930399244168 0.111659551826018 0.149654641663492 0.0403092168848414 0.0333924226760548 0.094850101345688 0.134920262711622 0.0896472007786329 0.0703284514535045 0.141307751415978
0.0312880145681631 0.140278041893739 0.0856504849327259 0.168107896319118 0.0124090450723888 0.0494526856613683 0.0775225307786374 0.0660183565789841 0.188092807781203 0.181180136413673
0.109473484186732 0.100988825596525 0.10904060600494 0.187100460586109 0.124412287594746 0.137747658972466 0.0304358540672109 0.0631255034869384 0.0291804130645821 0.108494906439751
0.061559086579767 0.115198128182643 0.189707698808261 0.0815610822006169 0.10962925473673 0.137887194845167 0.0552510017751565 0.000179849038941828 0.170176257901084 0.0788504459316322
0.00450935384341676 0.0764912176170365 0.135024933107364 0.0650347041396892 0.107633730330217 0.147685498410811 0.0184231325720269 0.185475555601537 0.134951741050424 0.124770133327477
0.167913803741039 0.111145198678144 0.0657443472801618 0.018059618915449 0.137622393265437 0.000173739021555339 0.159795293381493 0.169525713556081 0.0510261698457438 0.118993722314896
0.153507011965924 0.00430067743546331 0.0314082771679751 0.127115949062547 0.0734512684871666 0.0543316940869671 0.159432000282277 0.135435700615568 0.144647274604335 0.116370146291776
0.00559089901105132 0.0802945794151353 0.16774085360444 0.162365322596636 0.0912104639225853 0.0237956826957789 0.146758973133966 0.140645591230002 0.111146018472356 0.070451615918049
0.0358283347957555 0.0557404488046759 0.250392125139349 0.119002879167583 0.0898423429545633 0.175840031267191 0.0223367677141804 0.0135313296237629 0.0884739687264976 0.149011771806442
0.231109537718861 0.0515497009061726 0.183744413581425 0.109856238412879 0.0710415847665626 0.09226629813842 0.0828013844515986 0.0756858519133634 0.0369949039755285 0.0649500861351891
0.00111605083914943 0.173082278604185 0.0218084277578513 0.221089302852878 0.00441490560317601 0.0589468368982842 0.229490439134517 0.0340599381600061 0.107736450317262 0.148255369832691
0.0272393621361075 0.0883468060171962 0.000844724736592254 0.197173717310085 0.0280886701551775 0.0309553077999951 0.128150243324551 0.210692242358774 0.114597422977583 0.173911503183938
0.0631998659417284 0.132842828334382 0.136998694366642 0.089948201628538 0.136626065352369 0.081782412783327 0.0356585383424962 0.108959382529606 0.0938274460578066 0.120156564663104
0.140413840513157 0.166497171372747 0.00421117657175247 0.0151021314810814 0.194269643276304 0.0849435582551928 0.176814704504507 0.04316792184409 0.0966564930513179 0.077923359129852
0.175765988079527 0.00978731291471606 0.135864112709665 0.159075781173712 0.049819684501309 0.137487368259165 0.0808505031565642 0.064859118885314 0.116328608112413 0.070161522207615
0.0703953369320216 0.118179546977378 0.117365504790051 0.0837354124297516 0.157099397018118 0.0587498536125109 0.152767090819191 0.107511484156581 0.107337843971114 0.0268585292932833
0.160978736953681 0.0285151151775922 0.00189365764976132 0.15726909396803 0.0931627085862087 0.00323136640170908 0.164939582927776 0.066137128749852 0.203351809674874 0.120520799910515
0.188374058335743 0.156046121681271 0.0247284465058522 0.0185084948977557 0.120012471698627 0.120723649056138 0.112516454362919 0.188398153448508 0.0565060830498911 0.0141860669632944
0.132953793396965 0.185108787136485 0.0670690213427108 0.0961672339468986 0.0980897042601787 0.131549673345592 0.023670580948982 0.195558693311134 0.0299981070812435 0.03983440522981
0.0681974112032913 0.0461333711440476 0.0214607226796951 0.106946642990009 0.126030898867936 0.15504902317481 0.0855399527154321 0.0598203795063832 0.192949772217151 0.137871825501245
0.0459857853030081 0.108944985404458 0.188925357537458 0.142226319068072 0.0328916502116395 0.122384424004262 0.0509172652989511 0.211449419279776 0.0326501071421025 0.0636246867502725
0.0452518895719206 0.115026947210836 0.0474314704094669 0.111597189282115 0.0840968424431947 0.147930346138224 0.0796421965826265 0.136779938086837 0.0725350165878893 0.15970816368689
0.152806933104695 0.133970855948795 0.0620808134157001 0.1053514257675 0.141243235941489 0.0670414201145469 0.0389261072703466 0.13957356366952 0.0124182025686255 0.146587442198781
0.0872148174231062 0.134596849730696 0.0846640248318488 0.112547739614859 0.100947558071089 0.109244945940039 0.135016481805165 0.0649143144830655 0.150493762550435 0.020359505549697
0.148928757116671 0.0935098715120669 0.0979401610379099 0.163593337169148 0.0981858063130331 0.000257904195481892 0.146809463186715 0.135495845634782 0.0150178593257252 0.100260994508467
0.0913497154579695 0.0744635001083106 0.169258775185486 0.120308716696392 0.0448315455035072 2.48031753080381e-05 0.051965778774411 0.169434977527009 0.139636123834619 0.138726063736988
0.132339276815026 0.0602983309415596 0.0264874609506529 0.159194899617823 0.102427715948912 0.071321127503097 0.0277787489774895 0.160584616515895 0.0955442182001064 0.164023604529439
0.0531377869111006 0.188753299481713 0.180161989620417 0.131508772520338 0.126762829088129 0.0685258451847529 0.0151347067486926 0.167140175558329 0.0609321578798543 0.00794243700667155
0.114716537063329 0.138051524013996 0.101527968440702 0.0260617570217414 0.156910532227538 0.132135730822533 0.115810826975742 0.160662464934725 0.0129189064784343 0.0412037520212608
0.0829152456956014 0.0392600669322488 0.0524045060393446 0.0417369337673673 0.0290722253935906 0.126431371898013 0.191124492852323 0.158558396705649 0.191996347956242 0.08650041275962
0.13587365516981 0.103123373032349 0.0759387306612082 0.0183027194210405 0.157829679809131 0.170772181196204 0.0713272041731157 0.0805943825473292 0.0919838106583335 0.094254263331479
0.0614335439094713 0.0994308535346789 0.192367189796361 0.0664655266352532 0.00805785487671724 0.0494001701653177 0.152546575419017 0.177527629948789 0.155610700557511 0.0371599551568838
0.102718812345029 0.206529773377092 0.00561527389360115 0.0675214013967797 0.00717350930470589 0.00351101651363117 0.205135558010645 0.19067205776918 0.0765099468756863 0.13461265051365
0.0206410580838243 0.145431665479056 0.0767918693232036 0.0540358303681443 0.0654170682291465 0.121942367446215 0.11071914303309 0.0908571476244539 0.167083088531451 0.147080761881415
0.0432581558801598 0.121244684002755 0.0222760292592531 0.160328397667435 0.113510859642305 0.000973345267089226 0.116497538822424 0.136833277160108 0.128012538842426 0.157065173456045
0.0294467536912223 0.210395388724685 0.175361152475536 0.000912611473989763 0.220131823943374 0.0632039792864267 0.12838768390844 0.109338328690436 0.0109751363972053 0.0518471414086841
0.119729744675385 0.103726061042934 0.0654248223163899 0.017243571367051 0.125828455745207 0.178402897269157 0.146641944761998 0.0511804333081396 0.16794513719578 0.0238769323179583
0.126934860395867 0.0696485579094211 0.152513873776289 0.0608972502913989 0.122431515573216 0.0588272821206351 0.0587626021620018 0.116302863673966 0.152496962035776 0.0811842320614291
0.025335965717168 0.15589029653389 0.119242298908906 0.21285062932015 0.0870491670548404 0.0299358361592398 0.21294656985846 0.00404935239296781 0.0299398158121092 0.122760068242269
0.0510940041094319 0.0314901422278304 0.181585096558806 0.0327660392665997 0.047271323880999 0.109450504344838 0.160481943358803 0.134698587030328 0.136646501950169 0.114515857272195
0.16502003207996 0.0176322885921534 0.0626739956344418 0.155358717565944 0.138282136610884 0.173397413037753 0.0733966936709768 0.031715726873119 0.120745352162576 0.0617776437721911
0.11563418995019 0.118631121316678 0.110060081662273 0.0168692319343051 0.147143091957876 0.15182268485973 0.0642253117593809 0.0232553138805726 0.106342352064414 0.146016620614582
0.114366210884783 0.0641083075333373 0.11752123487803 0.0701121303015764 0.172340155505603 0.00343148377539289 0.147004521012833 0.170606423014129 0.0092810695963009 0.131228463498014
0.0101388857200883 0.1456397520661 0.10409965328129 0.0268108885427699 0.0971248175200165 0.121353148867037 0.186800778181526 0.130360905680147 0.0382474926903486 0.139423677450676
0.19210486046116 0.0243072612458772 0.031263856801863 0.208072639604618 0.093919815167336 0.112221322113334 0.0445467606248635 0.0142814234342024 0.106476709297995 0.172805351248751
0.238534804870147 0.103489917113812 0.0395399242122361 0.0440090234273507 0.124732644119584 0.0561751269585603 0.0439260110144682 0.0298293488398306 0.202067228777398 0.117695970666612
0.143127484880932 0.172905360942624 0.252238611979902 0.0633193028292082 0.0162449123853624 0.187975343096411 0.0905363396191853 0.00986841344855957 0.0313708552577679 0.0324133755600479
0.192127781855066 0.155505842762149 0.171705313238368 0.0341712148306678 0.130842092893063 0.00630669997589377 0.0235001727348439 0.0643820243930772 0.140344215759526 0.0811146415573454
0.155300144706464 0.0555408159014087 0.139198374775574 0.148942194704832 0.0572678794038523 0.114353449295416 0.0189586690360932 0.154278737892691 0.134687522775572 0.0214722115080959
0.152814290173476 0.146455446016839 0.115421851952213 0.0639891111937678 0.159284264772007 0.0738782850744034 0.0162499779998247 0.1262830228488 0.0623469867861391 0.0832767631825295
0.089409622627739 0.00559477368754754 0.0583282345293144 0.101010094047681 0.15575007578824 0.168520908563965 0.180332736171171 0.0584775567003768 0.157928529030365 0.0246474688536008
0.0475823599382929 0.0931441333655509 0.17091777542366 0.135471921376202 0.0284836393375511 0.0375208018255751 0.0217537764764241 0.128014992491891 0.198633453663779 0.138477146101074
0.135187147080194 0.0927378624002283 0.0515876078455806 0.0550622717850171 0.144256337107922 0.13272547948542 0.10337830256636 0.128137168866464 0.127116115171698 0.0298117076911155
0.209670058923897 0.0416662087244156 0.0181035461896183 0.132131997720097 0.0622047020632334 0.0404077924045228 0.191379814401054 0.05685784749494 0.186668232604354 0.0609097994738681
0.0624921472533774 0.210816121911804 0.188103269579265 0.104642014681606 0.15957051010825 0.0378049921770487 0.0141050642959648 0.00230787556121978 0.053649192428885 0.166508812002579
0.20345495321052 0.0410363569592463 0.140086512143018 0.0204139606306155 0.0989103238731123 0.0126796339956241 0.145110391797715 0.214464423457206 0.0609917021779239 0.0628517417550189
0.130250168395481 0.063222203907555 0.101715791855557 0.12248415962633 0.0473286681368856 0.0403446987047787 0.122007091173811 0.0913984145471634 0.16307995108979 0.118168852562647
0.145349720742449 0.093635900734732 0.168268491123575 0.129522026377096 0.168762733441179 0.0012851984501774 0.15257394549577 0.0790045427953579 0.0458113101350716 0.0157861307045921
0.0668354518386377 0.00844632183487689 0.099311181219346 0.205286574699697 0.107855195544888 0.0745583460943244 0.185491687280146 0.0568504333283905 0.178392536993144 0.0169722711665501
0.0215083247253124 0.0176176628859062 0.120323174117303 0.0622193721596081 0.0291235980366218 0.172094724019758 0.142267858792002 0.183672038659116 0.0576617602828332 0.193511486321541
0.0529219285421371 0.162383477946725 0.1535014035016 0.143344545038977 0.0033358585328528 0.169686820164781 0.157880996873734 0.0866405645101129 0.0375156763476232 0.0327887285414574
0.0805452913372158 0.121767026922047 0.0873462111044809 0.0248995179447384 0.070678074107506 0.0825579233823356 0.0737955133037439 0.164091563655771 0.212641516996935 0.0816773612452261
0.0519751353871323 0.0644798269249806 0.15800365145319 0.193591059227277 0.120797203033433 0.078355120715121 0.162336576079879 0.0906863174545803 0.0453519447126851 0.0344231650117214
0.0129088978095208 0.015901895434889 0.179404963201969 0.00615425869422327 0.145464553153322 0.147775424429089 0.0647744320454758 0.202701152186248 0.187622314433767 0.0372921086114967
0.156375112282503 0.134174488187147 0.115341106718612 0.12319179482112 0.0211146053085303 0.0558047720312271 0.155822293098843 0.0873108621242704 0.0197732493325008 0.131091716095248
0.218578749652718 0.08375335742251 0.0293755910766101 0.0772620328482273 0.0423142878959528 0.220049414759361 0.0181820663408426 0.0375227185859385 0.0543541069945281 0.218607674423312
0.0868301023393952 0.0117912781651819 0.0159000153922448 0.0652079656579421 0.131116264372684 0.152389983548173 0.168031701537624 0.0952593532697226 0.228344935803349 0.0451283999136837
0.137792976865975 0.147877704130814 0.0285956050728566 0.148159797989159 0.106612013595801 0.14439283222611 0.0438809429233955 0.0671507200535971 0.126972252559485 0.0485651545828059
0.145217576531075 0.147887241886589 0.131702384564844 0.155534420987612 0.0243251159964013 0.120243579365546 0.000146038915904909 0.12757023946522 0.00477749799451539 0.142595904292292
0.142372909521537 0.0912066099611439 0.140968056129189 0.116363412898591 0.131127801495222 0.125663729162774 0.0154768307657676 0.0493987503784093 0.0546378913833063 0.132784008304061
0.0772964096208408 0.186687672483753 0.065698044092048 0.0597404406985325 0.168992954960972 0.0114838863086845 0.00268087129775728 0.124834035943822 0.197279751425677 0.105305933167912
0.0498903625101905 0.0975197009176573 0.140215092000294 0.20121366428382 0.000726274640113455 0.0689428546912322 0.160881333589078 0.00824453580819353 0.199600999256134 0.0727651823032874
0.0999148301734242 0.0354485046286933 0.00257615177960258 0.141455011446057 0.0744721439509953 0.134604570263291 0.139050362191805 0.160921896411794 0.135103309610375 0.0764532195439622
0.0245155502256097 0.0601466819494247 0.233641565454693 0.0888403783498417 0.168696327132563 0.0932718304894371 0.0988214086992944 0.100113263973298 0.0739147773363286 0.0580382163895093
0.192239326197069 0.043147718834256 0.0709342100504612 0.0283825590480732 0.079068712321265 0.154994086547411 0.114250527237577 0.143505510574744 0.0381244456071555 0.135352903581988
0.0486914556741783 0.113891891420156 0.171667568956048 0.12743462477533 0.00667550208562266 0.0557673415956732 0.102412761936461 0.155720414378539 0.0530718512835055 0.164666587894486
0.00474586113672321 0.10387287912231 0.112241370969272 0.0766940036835285 0.157954430733192 0.124618681046252 0.068524731399272 0.138605887622776 0.120147219282721 0.0925949350039513
0.102892054730673 0.142268663998894 0.0969342343793382 0.104270974505213 0.138291118909653 0.144982958704491 0.109287399556264 0.0891129183263028 0.0397001886103418 0.0322594882788295
0.110052154541457 0.161199900744009 0.0448154333185638 0.0150328025138072 0.226734941230105 0.0121724451749682 0.0579366940911957 0.216673447446432 0.0679562569752991 0.0874259239641641
0.068802521231714 0.0584181345430675 0.0354950197352115 0.0725264854831693 0.103767040602945 0.119437164117637 0.108785560359929 0.165815632632494 0.209916882294278 0.0570355589995538
0.18369568203404 0.178000116028875 0.111657187645146 0.105727736692976 0.041590506145761 0.152462314854167 0.0901377241455161 0.0428970060891601 0.0691258966209692 0.0247058297433888
0.104633704787075 0.0547428347372802 0.0940604590595355 0.127526689251766 0.133532842884906 0.144326016352191 0.230233032294929 0.000952329347267452 0.0969021586134654 0.0130899326715847
0.121807125444016 0.0710760763560425 0.036836261097946 0.0818547345520945 0.094688449414646 0.123859789026759 0.0600899743334429 0.116840219490853 0.153138335078927 0.139809035205273
0.129181029038858 0.159582673932382 0.124293704638703 0.0636407573755496 0.141676307028825 0.0802269429974928 0.080387134747832 0.0994245619848481 0.0927178196442271 0.0288690686112826
0.138144214891911 0.064691014798697 0.0989269588099533 0.169764337947598 0.0482832717803202 0.109229417371311 0.175857418920064 0.129676006379799 0.0653001776928765 0.000127181407470414
0.011499342602236 0.187450901745196 0.0245867630230993 0.0633913086455075 0.167704169263087 0.211924821137517 0.125674647933898 0.179721745774796 0.0256984241939173 0.00234787568074619
0.0431315104454281 0.0302762340639114 0.109198611535615 0.166210429748292 0.20466653386285 0.0396899530732394 0.21550351662297 0.00770901772353883 0.111555174933161 0.0720590179909942
0.0947798844700836 0.0952809156811401 0.181753906040743 0.182019833105938 0.210192217385125 0.00697787214239997 0.0949895138414614 0.0109691923682364 0.008229434865044 0.114807230099828
0.182103337511719 0.18629770416929 0.00177263408087995 0.0280838384119061 0.02990266471825 0.0062687937744777 0.0713255239109967 0.225183037692623 0.235460618047542 0.0336018476823148
0.145923806786733 0.0103748013085274 0.159946320434153 0.150074140703182 0.0219004732875116 0.13159772799604 0.130476431101758 0.0993415531675723 0.0959802334242145 0.0543845117903078
0.13316558580182 0.0193833245578263 0.209298560958431 0.0743478437177004 0.124739648684294 0.0705464051132772 0.0651366814352014 0.0585251176391665 0.241162951437848 0.003693880654435
0.217740103123078 0.0692515609040296 0.0652475287412518 0.155220558091988 0.132730609864143 0.0193838882522975 0.108523423793746 0.00842634876402933 0.0150704354883446 0.208405542977093
0.0483769970804875 0.147036101223462 0.066584667560739 0.0986557440112033 0.150088472046677 0.122398433408347 0.157672774967452 0.0368017658583125 0.118404573041186 0.053980470802133
0.0200859464124065 0.12224428514204 0.136843677980418 0.0765902564435627 0.0419065400081352 0.165301380962609 0.079365112623744 0.140215893424325 0.138971945707533 0.0784749612952274
0.13409325428193 0.0807458222558324 0.043296437277452 0.147606725452286 0.0499411725370553 0.0622600627067679 0.0185582254262691 0.172856019559935 0.249794610762814 0.0408476697396582
0.128883670992946 0.0703160888164651 0.193521176244981 0.214800081272213 0.0229611681689619 0.0486054347638034 0.117945711275952 0.0509269658308065 0.112775186146377 0.0392645164874935
0.164652582925917 0.0920686338119848 0.0717418261510711 0.0227519661479813 0.0697174242470166 0.158257340838619 0.0579230988317268 0.11491655387456 0.134216710739319 0.113753862431804
0.0651377418179521 0.115829366427136 0.0200675113810185 0.172643392628069 0.0257441392840694 0.0895630378959648 0.179703344049264 0.0699051281201101 0.144973128289609 0.116433210106807
0.145293030241467 0.0367688967890832 0.116101456863052 0.0792408315449493 0.0924485524447913 0.101886436985137 0.140605842589899 0.0689226540855036 0.155061255482086 0.0636710429740321
0.0939607525644938 0.0232173295447023 0.166306866824472 0.00346893446893587 0.167705976715526 0.133825656259976 0.0421072972832587 0.141495071227641 0.158691454647877 0.0692206604631181
0.0419938999334303 0.0943523674844433 0.118907402087704 0.0220623467555159 0.167251142975395 0.177668020985535 0.066559796587762 0.103040076284209 0.0745835053782491 0.133581441527756
0.0894722718681151 0.107432607120549 0.043981869121936 0.157130479728311 0.159838666509695 0.166500407740631 0.126299578986924 0.051855549651281 0.0360029018908869 0.0614856673816714
0.0825995049844088 0.103373170827072 0.00963432001829261 0.125662079572736 0.0762271101986447 0.04929668059974 0.214303137445708 0.0342519403952327 0.133611548226059 0.171040507732106
0.153343249003338 0.0828764843765428 0.11128163422569 0.104573457242817 0.116684595151972 0.137201037151374 0.0100223509692766 0.069057732662558 0.138232442182121 0.07672701703431
0.0631402720300024 0.108335689621798 0.0697151042678027 0.128527749514989 0.132593800529886 0.125335382588045 0.0702278405295567 0.0941460614855481 0.111340744635191 0.0966373547971804
0.0949947185952909 0.0444963860431941 0.160998273019941 0.151596881960944 0.103213653517075 0.0479730301390558 0.0745182425255903 0.0342115288342579 0.180303293102941 0.10769399226171
0.0763446528769868 0.12785579947032 0.0692943428852049 0.130101159204867 0.157396795787662 0.0942103755115652 0.15365912143463 0.0806412946866719 0.101696264605228 0.00880019353686414
0.165916178931167 0.192517871434438 0.0229756149564756 0.0575465557730487 0.193122200932155 0.0679272555768321 0.0255991970453435 0.0749243231079754 0.00668496273320022 0.192785839509364
0.138719721703777 0.145999373422901 0.100060263274851 0.0202431395718245 0.0997371276113035 0.145150636542412 0.13347453890977 0.0562331750282371 0.0175997394011987 0.142782284533725
0.134414726665825 0.0211694844536316 0.136422744085022 0.174293693796431 0.0924846934026402 0.00306576083921237 0.041283261349694 0.0771240555097826 0.164515250140822 0.15522632975694
0.0266302026673929 0.168301541364342 0.059400327672143 0.138999697630961 0.122137785624733 0.206534441913034 0.0807733451440199 0.140621033670617 0.0301200426369588 0.0264815816757985
0.0336861895983989 0.213450412301406 0.0300885238511552 0.111657712849167 0.157107326168447 0.0134978211369386 0.237981767760802 0.152106209468533 0.0418011073148799 0.00862292955027223
0.146578505772772 0.136477578251783 0.154226792424528 0.148206884926955 0.10182344045436 0.100138879932374 0.00119595087833645 0.0655736829312945 0.139991419130231 0.00578686529736533
0.136221973509438 0.0914682799898447 0.0372475471160418 0.0534316190093108 0.127380889936832 0.0180030517471148 0.148658951140381 0.136159074555814 0.169278782582142 0.0821498304130828
0.169260798202791 0.0599642314296088 0.0976630612754845 0.134529696586316 0.163600577068748 0.0614637002318563 0.100137460791799 0.141649595182326 0.00723150645324961 0.0644993727778216
0.127505769840593 0.120703835063244 0.0498839344326749 0.0475567210227785 0.0807193556486535 0.168003925800031 0.165286156835357 0.061048458311728 0.0404391764876297 0.138852666557311
0.038342614308009 0.0690927141627949 0.0193128773995654 0.0608105009457304 0.111441279893053 0.170629094651558 0.157778959619101 0.0937257703862492 0.156912898412485 0.121953290221454
0.168044013279362 0.121379387962938 0.136288853305775 0.00500196943931702 0.0475834343160136 0.104259365917279 0.129054480758433 0.171926663637967 0.00375888440433346 0.112702946978582
0.0690807117166962 0.15380719830291 0.096797447958335 0.155837270700237 0.0926799617143725 0.130504412949458 0.0524693379986729 0.134371619309476 0.0661632248892568 0.0482888144605854
0.0998544115400152 0.0183682635684468 0.109018302514661 0.156592944227854 0.0916907732782348 0.133989693152485 0.13113309465065 0.140676255529452 0.111080990783494 0.00759527075470726
0.0763074659538014 0.0919486546289511 0.111015820815612 0.126934094281918 0.0883554983854953 0.134503338349397 0.117930255217888 0.0778719593592701 0.0738378109244044 0.101295102083262
0.085183739386455 0.0886326046829804 0.0682316947030481 0.0607223222815775 0.0654817611492007 0.182282681717205 0.00825545408873261 0.195560489796722 0.0563875525709423 0.189261699623137
0.110164940323901 0.0123528748820472 0.0981234257458992 0.0479488660601092 0.111643108310031 0.157900360858639 1.00276519113454e-05 0.00599760498317309 0.303021225728906 0.152837565455383
0.128304599647134 0.121631491137249 0.121145904626503 0.0499652645243459 0.114483204925834 0.0367561392800228 0.143155094765018 0.0648268309960423 0.177181715406733 0.042549754691118
0.215981648719014 0.00952399643680586 0.0360534104057356 0.08076693776114 0.00111313216812544 0.0553676233922601 0.218157861900598 0.187367177198461 0.179545020270049 0.0161231917478107
0.0738858241433445 0.0354998031208314 0.112208756064668 0.137998052742361 0.140822916310399 0.0495128955998854 0.153555539818486 0.014640817126281 0.136172502625482 0.145702892448261
0.0726995524581222 0.0894226944227461 0.103753129609866 0.0825561358969416 0.0123215144887727 0.183991437044164 0.241600442445038 0.121404226555203 0.0889043729812923 0.00334649409785427
0.140593636718217 0.00759456573504091 0.0548760078454062 0.179116751755824 0.136477032415885 0.116710049885244 0.12319001324264 0.122590042492229 0.0636615362100071 0.0551903636995064
0.133905609792096 0.224274234562555 0.179654881630408 0.0250490292746345 0.0141907249716976 0.0394891341761263 0.153979410737647 0.0389475406164295 0.0062297693203703 0.184279664918036
0.0659961613845228 0.0415912845512486 0.118369931847164 0.181730322928594 0.019829091715227 0.0313213244098125 0.241248800152896 0.0462302449446869 0.0251568624181421 0.228525975647707
0.0799154554308625 0.132292564409538 0.154122800780007 0.158245161677808 0.133094505777299 0.0219053877048773 0.0435800601916973 0.0196002043934587 0.0993953391471822 0.15784852048727
0.0356722096853665 0.0682231986549489 0.107256691274189 0.116502192303788 0.0407367749634319 0.13482501240723 0.124163030129588 0.0779176935027535 0.130221453114507 0.164481743964198
0.129179028141861 0.125635271378549 0.000584753647305929 0.0779937415413233 0.198660467097623 0.054293385204918 0.060106308720202 0.121673978841723 0.207632378573463 0.0242406868530316
0.173913909951664 0.173684256412522 0.116222678213553 0.160196628333252 0.0146861990828691 0.105913536013633 0.0617749837390743 0.103887549316045 0.0238474174609466 0.0658728414764415
0.0640297396704486 0.161165686223562 0.00674260839772735 0.151515809616321 0.133082059046792 0.065207389767127 0.0992683553657213 0.136053166534132 0.116688585687729 0.0662465996904395
0.111556516965917 0.144729843496279 0.0934215660080131 0.0882585267734273 0.0465081391932889 0.1649538930851 0.00208931318928735 0.178169768844496 0.105710737275902 0.0646016951682898
0.108190760100507 0.0245256077871358 0.072312945450077 0.0491998608815346 0.173463570889413 0.0796336190189797 0.149199022146993 0.15083289530727 0.0231418092926389 0.16949990912545
0.0955385661398166 0.127304650598539 0.00939458023325505 0.191097010308084 0.0493629055390994 0.0128591641746323 0.124865202481599 0.203793333789789 0.0169872853021014 0.168797301433084
0.139933680225564 0.143518045159735 0.0681834800892002 0.0299671698882859 0.121887446960433 0.0187640230939169 0.0815702360154121 0.125559897770668 0.129646920715313 0.140969100081471
0.076816328769434 0.038091883959706 0.177336313861598 0.0461097085698481 0.157715259699626 0.138254377442194 0.053381609136437 0.162404254847702 0.0504891116718536 0.0994011520416008
0.147403438614358 0.00340746193934353 0.0995512295027086 0.164432064464394 0.132263505612013 0.0683209068149871 0.11620659902096 0.142188356635327 0.0400117090979673 0.086214728297942
0.0885981645124571 0.029961221739091 0.146809071185017 0.00585659645350721 0.159527718320172 0.154674517457429 0.0629130666952345 0.154700518056654 0.0486289613392572 0.148330164241181
0.0764938751442319 0.147866779771308 0.142346071505362 0.0229432138525105 0.100775681786671 0.129687406751955 0.0995762650991441 0.053948305097544 0.0926489758894901 0.133713425101783
0.172077776429011 0.154444618676928 0.0726377733271985 0.0258352379172004 0.0369407914516333 0.158365306654165 0.101584400741584 0.0364398948835563 0.14778643327949 0.0938877666392339
0.0487719186661667 0.123931954002943 0.00317389894097979 0.166220460252159 0.0957176553587708 0.0325059371974635 0.185408650182503 0.140338936068421 0.076329862880438 0.127600726450156
0.127179813036183 0.157965899926406 0.132423506814293 0.0252306051458821 0.0114098504633359 0.00520320223655154 0.211820468799889 0.114339637191371 0.186478020685943 0.0279489957001446
0.118441446211378 0.16122556915615 0.0966993098551112 0.113179872105626 0.127866092079258 0.0104095985014375 0.051445732262065 0.0969281760615495 0.1156766130934 0.108127590674025
0.19211612147401 0.0896669678590483 0.0988521254847748 0.113673746838877 0.0735464029318065 0.0828217265083912 0.0437519012668731 0.0655262171255269 0.147923509149525 0.0921212813611666
0.180317395419704 0.0876843682729674 0.149812606524607 0.00171673975775098 0.179592708568388 0.045884017244074 0.149834752838579 0.0357535760120044 0.0145233618535883 0.154880473508336
0.0446568046463451 0.0320140463891587 0.178054484050354 0.185350576688711 0.213757635309215 0.114352126269765 0.0315965333640999 0.0404383113725574 0.105248445616948 0.0545310362928461
0.152137043891575 0.132713002692721 0.105866232529713 0.105812683045359 0.114582576545597 0.00347040919416331 0.145547617401172 0.138790279348768 0.0441949642163457 0.0568851911345855
0.0825487606679068 0.149981274848608 0.162470673263926 0.171141814320318 0.110019253909922 0.00788366427751927 0.13461571488345 0.0639148740285374 0.00949035530342352 0.107933614496389
0.136990699646267 0.0301111911814864 0.107397154145404 0.208994650950001 0.131641365242949 0.160721155547945 0.00835693893928814 0.101325718067422 0.0334928212968149 0.0809683049824218
0.133941324054792 0.00691422593078757 0.0518996341771552 0.16128861930719 0.110550275706557 0.12463463535762 0.00901673043210021 0.167688791549287 0.0861146606833011 0.147951102801209
0.159893196496742 0.0947725770116853 0.100738468843138 0.116461168403851 0.0503562429549473 0.0122669669673369 0.0110213854793055 0.152870677578263 0.177455400340164 0.124163915924567
0.0881375688690107 0.0665003756458758 0.0606303166534079 0.165772976565863 0.123624811765891 0.161360549577856 0.0310304144630704 0.130501500059383 0.0655760160365704 0.106865470363071
0.092492674957455 0.0732713149915873 0.0789236368972351 0.131600209422328 0.0186928504270542 0.147652241591976 0.125333360495715 0.142964810703166 0.0209171663143096 0.168151734199174
0.0255557006025354 0.0361920744803118 0.136482628833016 0.0475181191205353 0.0668342216744554 0.157989593775898 0.0585718827562734 0.150543323128191 0.137679286906997 0.182633168721787
0.155570004884959 0.108819687911546 0.081859468903744 0.0632983425088154 0.0810505084632384 0.0426949797778358 0.152815926661844 0.153280668698214 0.143959660887456 0.0166507513023467
0.12303119434622 0.141370315228059 0.0852521291903425 0.0297183321208515 0.112586770117064 0.0251699963046127 0.130248720673168 0.140077069952219 0.0954334659285958 0.117112006138867
0.0338303406020788 0.120290654106819 0.126894124553868 0.0568383454535879 0.177011997198454 0.0366498943159244 0.169388135347443 0.124222252427192 0.029020845483782 0.125853410510851
0.152841773450956 0.15523145770647 0.122309729622463 0.0337854645930296 0.0407191883342764 0.106320512990419 0.178597970465323 0.0629691009815087 0.0375603676494242 0.10966443420613
0.195593074414884 0.225100460706225 0.0305920830452254 0.112850984453422 0.00631070776054492 0.0343875485738961 0.0253700689619028 0.0741602393079502 0.0663581373490036 0.229276695426946
0.109486663670382 0.0815552218210494 0.104525374722462 0.021099998550619 0.146029140181546 0.101903537681727 0.129554243847868 0.09251881159102 0.0858295852243744 0.127497422708952
0.192506495983566 0.175224572282508 0.152334695348882 0.179130188534697 0.0450748072245597 0.0170454117444537 0.0289204430456075 0.0370313251071763 0.0102978456380568 0.162434215090492
0.23130559813626 0.0612058555243911 0.00995497454915224 0.00807923871064535 0.0745718617284298 0.170015409030025 0.212628782386741 0.0116071636613968 0.0179575961026292 0.202673520170329
0.0965361105722528 0.129283477990066 0.136366100121911 0.0880211633558749 0.00818508396408931 0.0561573787761098 0.134061979665296 0.0043767635155983 0.165771032471021 0.181240909567781
0.0677761830451043 0.126582465106084 0.127813018400667 0.175284882024387 0.161217694251507 0.0171259786132849 0.0448464228378266 0.171538450122418 0.061631316730982 0.0461835888677391
0.0782975913601303 0.0416134854826003 0.214430746914116 0.230419606230475 0.176761626256111 0.0200724635103527 0.147876716888636 0.0504252882013626 0.0163742697433845 0.023728205412832
0.166894679071933 0.0845147706008344 0.0317443699683467 0.0433531416527164 0.194622243716044 0.035759363147689 0.164876346662824 0.0491197502807184 0.0488265513812892 0.180288783517604
0.10368658201346 0.211169539783308 0.00722044484857286 0.0625645260753093 0.0359133225014422 0.0112832186832129 0.0530765125584064 0.323466040133432 0.180213774842073 0.0114060385607836
0.0763488855898706 0.0571809183900869 0.137165564541817 0.0965654204523332 0.177057554254123 0.134807560466684 0.0519365284539156 0.106874727658911 0.120371915783694 0.0416909244085651
0.0603417441743002 0.042450002055165 0.186285031194019 0.167882349100267 0.0226626121108651 0.153257486551016 0.185314673569627 0.0869395203967548 0.0132406000630506 0.0816259807849345
0.0325178646432931 0.0504115621994156 0.153042049127305 0.121918699736215 0.146790376408276 0.159169665095746 0.167615648518082 0.0675139919877083 0.0642943334912703 0.0367258087926887
0.120236250745974 0.1078500941252 0.0255460286048493 0.175643293579008 0.112450007219861 0.102790158519936 0.107915689643891 0.0287673079916657 0.16150301842964 0.0572981511399753
0.100510991726317 0.0141283217843822 0.0976616331153091 0.128768090519907 0.0221506719393368 0.206409512120896 0.210425040223052 0.00695015018046849 0.083119713511602 0.129875874878729
0.142116049599495 0.0348356912062656 0.133355347059735 0.133186269429399 0.0349283541631961 0.0967719737329422 0.163283383904933 0.0246419895554727 0.122245211039067 0.114635730309495
0.124918165833241 0.00340715451349386 0.104647429528537 0.125145485099803 0.0591672934529043 0.108851732378059 0.0989584948340501 0.0817362832376209 0.127186862072233 0.165981099050057
0.0456876931775013 0.198141812420541 0.239423042250124 0.0158755884560234 0.0401917707138743 0.0332810723995111 0.0835100477789318 0.0121710140284161 0.275051583873909 0.0566663749011679
0.122540016208809 0.0359578144800504 0.0771428615928772 0.0613010755483801 0.116802710709053 0.0714305218342879 0.137533109588662 0.0552673628601813 0.146825083627528 0.175199443550172
0.1535141700587 0.00055162483501648 0.118032416177713 0.138031384829104 0.0667247669882049 0.129287224219158 0.11625942636913 0.0882928004333855 0.0894641555179075 0.0998420305716797
0.207704567607079 0.0801359535873653 0.0426791644648351 0.101016204942344 0.12132414412254 0.00695364697317831 0.0744340158462574 0.119585130565769 0.0245761978535626 0.22159097403707
0.178828813247309 0.0378037775397702 0.0685387856091712 0.00243531224730103 0.079829124303055 0.180708133294925 0.098473923231819 0.133284009642576 0.103700129904883 0.116397990979191
0.0370721820417537 0.122730688459745 0.0698398891206603 0.0792171597925812 0.160424729046217 0.144629266125457 0.1340290367524 0.0255633719802015 0.183941504579402 0.0425521721015837
0.0633281105560007 0.0662071410681237 0.146270689962118 0.0681725038231353 0.173075102469953 0.116485565706849 0.00156442413880738 0.133673229257382 0.0378362720493124 0.193386960968319
0.165183586026858 0.125320949584646 0.18924882967121 0.0346028261277032 0.0416966442952217 0.161984233624565 0.010087749598362 0.0847312823990648 0.0892013086115718 0.0979425900607983
0.140022725795333 0.0184317725812788 0.06190752837196 0.177736063971641 0.0232724007974504 0.1067307607976 0.0610082274864051 0.178051945751453 0.0894757300635098 0.143362844383369
0.227086482458265 0.110313628474712 0.153196486121469 0.0038648048405615 0.108001330539971 0.0216200362183747 0.140050786539311 0.142095978511511 0.0562758727044721 0.0374945935913535
0.173143782005697 0.22223771689246 0.106752246845841 0.014940578700815 0.0385911349078735 0.160955622611917 0.052691683975979 0.0142479269335868 0.210666002822088 0.00577330430374277
0.1560827302701 0.106797520999958 0.150039960569444 0.114708974113636 0.10121700997156 0.0471204968855456 0.0327062514846288 0.10606632258569 0.0941396070249161 0.0911211260945216
0.238750144641654 0.0461255373903055 0.127386080875429 0.0085459332234917 0.0591523752789351 0.141976944568563 0.199041992263778 0.0682972247734399 0.078338682644053 0.0323850843403502
0.0322017759988062 0.144990742271447 0.0723108309029837 0.0807917618749324 0.0953230746786621 0.176990548693404 0.00378987337096264 0.193720412392928 0.0989282189047219 0.100952760911152
0.107949625838598 0.165270565345566 0.0171864882034011 0.111361473733186 0.162899724547847 0.0811579844942628 0.191937046953311 0.0608969067769634 0.00691644025430257 0.0944237438525622
0.0161625618529747 0.159565852953607 0.115213346550846 0.100446880127022 0.137010941145827 0.172407744684721 0.0298535565322283 0.152334977135633 0.0310746235787651 0.0859295154383758
0.110663425453056 0.00997307951158516 0.194521930300936 0.165804011982046 0.152100336052976 0.0460075486133211 0.012757536574421 0.167445490533962 0.103899860583512 0.0368267803941843
0.160485931951688 0.0190089092043043 0.114930511142088 0.0647743591279958 0.0269193961339859 0.133671799766813 0.103305498509841 0.13185633398753 0.0945573316211449 0.150489928554609
0.0115615280979748 0.0724473256789634 0.0578730538858709 0.143636080955957 0.122824875849702 0.0983685080466578 0.0917712564750512 0.137335567507997 0.140071207550597 0.124110595951228
0.132330035884676 0.0923170522028247 0.0689839142465854 0.162585456986606 0.0818371756110017 0.0144523244865584 0.110632980027843 0.143019726641875 0.159728420499547 0.0341129134124829
0.0469908969473312 0.181906994250867 0.0689825482991723 0.0733650380288494 0.0792096930656713 0.127467192438492 0.0402606416594856 0.198564171905998 0.0544521613482308 0.128800662055903
0.0504525119980589 0.145983041206477 0.194946501052465 0.0504917431063238 0.0192129806038767 0.0205633738963915 0.20095368994598 0.0515048906631294 0.127036396516521 0.138854871010776
0.16596976581914 0.0801167616508626 0.0529561526731544 0.0466843937314186 0.0268153237639638 0.165765590784329 0.13020362064356 0.155460342124408 0.133887111559423 0.0421409372497414
0.0401982233103138 0.0576383174265821 0.0138108091466892 0.222826974977607 0.202897601972623 0.0385046832122528 0.191435879839358 0.0829826157179945 0.0592223120772824 0.0904825823192969
0.0732979976139825 0.136540180680116 0.0745979265573125 0.0495124685098669 0.101311169761539 0.147529296697007 0.13920094833362 0.105483538630214 0.13558372586264 0.0369427473537018
0.0235957336690827 0.131500492136551 0.153942124262619 0.0378657667623064 0.169985608133549 0.174462016580344 0.0249568016975848 0.0871335281749702 0.0844519203335715 0.112106008249421
0.0340352436550559 0.0595123035422292 0.109204324917306 0.0400896656963506 0.15284777033427 0.133465019545369 0.110868081535738 0.149010761293277 0.0660204545694888 0.144946374910915
0.0634928574793231 0.165123933654536 0.0139378160975754 0.0995263229026292 0.136050763608929 0.0948574087772933 0.132971938572139 0.0482716654438274 0.134043243902279 0.111724049561469
0.198395260827674 0.108452749267037 0.0303215379105417 0.0769234890239553 0.164305472364744 0.07072187263632 0.0749949673075008 0.155201386898775 0.115017576433782 0.00566568732966882
0.0606948349442185 0.0731258008161283 0.0823929423115378 0.066699776501104 0.145902990096525 0.149591811916564 0.0664981736786402 0.148646374539039 0.139044830717173 0.06740246447907
0.104153474622713 0.117740514627447 0.0603164868183265 0.0353993489731351 0.0521795326585899 0.155599010466971 0.176341556711269 0.0548753912334624 0.109838158153704 0.133556525734383
0.0158045535146367 0.0252026003265477 0.100080260033226 0.00990828726665406 0.104005925544755 0.133946495766608 0.21415022009108 0.218411416720841 0.174475236671781 0.00401500406387099
0.160503358742599 0.125222606994845 0.126316739576084 0.00888222200496555 0.117242946101106 0.167303344910639 0.0568055788752515 0.0510087245562023 0.157482935241672 0.0292315429966357
0.00609474072353988 0.142227260166702 0.149172949402307 0.124544644832556 0.161333931506664 0.121249153298933 0.0274393721132264 0.0802436133664443 0.0942871884976254 0.093407146092002
