0.0371826664626363 0.0644329360980938 0.283164586454009 0.149289720278027 0.111015401096055 0.0738559594281036 0.281058730183075
0.306618414049058 0.073598887921986 0.0117916917924479 0.0175895802489698 0.22195324096789 0.10251969904525 0.265928485974399
0.265170791859262 0.291438621063095 0.0610368651757436 0.0821112390738148 0.00714104011198082 0.243713411402602 0.0493880313135009
0.198982411192996 0.0122562117057013 0.141951905236526 0.221465282850536 0.254305111721294 0.0417856989214428 0.129253378371504
0.21394402890291 0.191970525404943 0.0956097073750782 0.00440084965391889 0.0524596817694349 0.210869066618392 0.230746140275324
0.343544654625792 0.052260419009174 0.0348495612667028 0.336116257270725 0.00449305523030996 0.0445266271079136 0.184209425489382
0.0206502594975854 0.218706915880774 0.275408711379351 0.225629275902202 0.0677991708712626 0.157547374665962 0.0342582918028626
0.120272719580146 0.100528162420478 0.172649658248697 0.224696318259505 0.0988249001097083 0.13046283831896 0.152565403062505
0.184268430050885 0.149440224471588 0.118816840165166 0.194100474384695 0.126143454345598 0.117675052054205 0.109555524527863
0.287097480862787 0.144959885516153 0.310881331912103 0.123561023905877 0.0099303231628675 0.0852518380492066 0.0383181165910069
0.300073631133628 0.0505771693439026 0.0108358832390157 0.0682120989909734 0.251403264677102 0.15749985625287 0.161398096362508
0.157356778213959 0.115043795382097 0.0629635750961363 0.121213258773039 0.194687339077372 0.212731114560523 0.136004138896873
0.140432985715118 0.207058340223311 0.198290095793788 0.00716133630689864 0.205220256835779 0.136008534361838 0.105828450763267
0.0202451704953207 0.0645124999657163 0.232784970616888 0.0419630319868067 0.151024151032682 0.271260769408918 0.218209406493667
0.225565505432464 0.0969681536438407 0.197689967005312 0.109467089188762 0.226518423848086 0.0195098129595019 0.124281047922034
0.199821070270188 0.112370783012969 0.0086841807818612 0.211730088119817 0.138262493101715 0.167440498001447 0.161690886712003
0.275709982592692 0.104587435401396 0.19233652642573 0.17370486241697 0.00232318006240307 0.141154993515846 0.110183019584963
0.340106075172086 0.125967831614162 0.101713329641639 0.290031446342492 0.102071968877996 0.0285557924392012 0.0115535559124231
0.275034947934255 0.233599489491806 0.056778624069092 0.0307523517903753 0.173961678473971 0.226670101247291 0.00320280699320887
0.137412034442203 0.107167694758578 0.0466610592749216 0.0650800541321308 0.184015344214569 0.163369765947043 0.296294047230554
0.229882893807519 0.225667859559138 0.0672912863349227 0.1346521813026 0.252172408746144 0.0305461758458289 0.0597871944038481
0.303255335443364 0.238594522025466 0.0957889923458677 0.227803393021536 0.0376392574593126 0.058648844888696 0.0382696548157574
0.100044721402036 0.100327456369569 0.0734296734791377 0.222141748066029 0.117139905180735 0.212306764579295 0.174609730923198
0.104074216428527 0.191211144753337 0.187407606172489 0.0740914007709782 0.110173360367789 0.166759712231903 0.166282559274977
0.13789254383131 0.187097465500517 0.153641579142283 0.130987253696137 0.122327957322267 0.234644138792366 0.0334090617151196
0.291955653650397 0.0760254242563604 0.0948739140897885 0.299649882245845 0.215391806057975 0.0120625253504957 0.0100407943491381
0.235406884734604 0.0209138181348624 0.0864124201530931 0.073677278489085 0.16539604963331 0.138845775128501 0.279347773726545
0.0951914532531396 0.159860812667964 0.128415065524499 0.0274781072215108 0.263301203635502 0.179243407955023 0.146509949742361
0.106176091151342 0.214102455701123 0.127371287571609 0.141109276181265 0.170550608575885 0.061348695437078 0.179341585381698
0.293513066574884 0.0584175594688007 0.132606196438645 0.0528408919963983 0.220341711562655 0.121860150080997 0.12042042387762
0.199117856252856 0.0742636362328808 0.193157716745259 0.0808614933661743 0.262900240998573 0.0372659706781098 0.152433085726147
0.151911815481252 0.113154970534779 0.0970180739756188 0.210720001487065 0.146285467755603 0.0642253686201452 0.216684302145537
0.127786712111231 0.22573799932744 0.229048505520061 0.249159193021324 0.0962298338120116 0.0567644458448135 0.0152733103631184
0.234696225375893 0.180370258370967 0.116264584885443 0.0489313608665922 0.27962638957751 0.00351550721392819 0.136595673709666
0.139734461614316 0.178252473453486 0.199640669617972 0.124281063613243 0.146132328240583 0.126260106969409 0.0856988964909924
0.0925022967461231 0.0187408929029041 0.345009793265376 0.168150172234013 0.0818902668970666 0.088228331564474 0.205478246390042
0.212468312626468 0.152520066504365 0.0230884223601722 0.0694762104982903 0.207543173383035 0.0964943098219209 0.238409504805749
0.191309902624096 0.0880834857322518 0.188020979439727 0.109072011800412 0.19031774389584 0.124974750811758 0.108221125695915
0.151956556409121 0.173026173007787 0.224890537128939 0.0790655736529912 0.238317700274827 0.0106231995410045 0.12212025998533
0.12073496620775 0.254617155691276 0.0458941826335592 0.0719366009141508 0.192182501157063 0.218253554225868 0.0963810391703335
0.0566204191297127 0.167784848122457 0.143646173023777 0.211073347048472 0.124960992861607 0.20621994797221 0.0896942718417644
0.0399388298902009 0.148197864383182 0.278539527302992 0.284935438593874 0.0211320933738185 0.174875681750855 0.052380564705078
0.0825945919236399 0.104597478550239 0.0549499238006536 0.191302140121032 0.149776828966408 0.208422134816606 0.208356901821421
0.185355714206445 0.0405766771192311 0.242933038750744 0.200769495060299 0.185263840963473 0.112915576096347 0.0321856578034614
0.236914465939526 0.0574250154003288 0.103622868706118 0.00360320088997246 0.0829035297204812 0.262845383512716 0.252685535830859
0.216927067388387 0.0395926857535209 0.177574626294255 0.234841128716555 0.133033216915876 0.118088610227726 0.07994266470368
0.14697368164044 0.173851668925855 0.146666326530498 0.103024909641991 0.0347988041025201 0.217628096487736 0.17705651267096
0.160827943249699 0.0558346297404798 0.140966188520541 0.160976629775382 0.181790963592315 0.174183168954714 0.12542047616687
0.0589382660864926 0.100805944273146 0.395419520049817 0.0510213075379644 0.158855766052693 0.06645402762447 0.168505168375417
0.174771438083202 0.0536054282929736 0.080633279712817 0.0410164795842395 0.317649195209509 0.175280713411642 0.157043465705617
0.159392555359624 0.12662069575092 0.156857867818717 0.218841019262927 0.0886109958101229 0.17395813673985 0.0757187292578382
0.0834601755351531 0.084975671053218 0.0229327147356829 0.222460288764456 0.154797260638799 0.321464487979441 0.10990940129325
0.200779747965066 0.0740604699285589 0.0170721584728512 0.0027723015600512 0.26275136177391 0.100724192947573 0.34183976735199
0.118398375629569 0.142635107348645 0.292237354089322 0.0708446251457444 0.0227019086750615 0.204422853163389 0.14875977594827
0.114573768145392 0.113559023926057 0.253451033734277 0.168975075964836 0.184794939224282 0.00306751520020503 0.161578643804951
0.184689298725956 0.301846909244825 0.0683751376999705 0.212507898280942 0.0140729944403603 0.0160722900097101 0.202435471598236
0.257140525465393 0.0590586930376854 0.259760837425289 0.15407902793285 0.121004654083558 0.00868627496823031 0.140269987086995
0.0485475780317238 0.283148151740678 0.282616313047522 0.0835902696361413 0.0291436792138756 0.100934487312279 0.172019521017781
0.19995954898686 0.175998947187866 0.0849956435546049 0.0236121155997936 0.111307439542215 0.219876869885451 0.184249435243209
0.189371648074131 0.156579932620796 0.0128270262682277 0.255878793093771 0.0560663586097484 0.141537582253815 0.18773865907951
0.1242159233274 0.141927938371097 0.161054904821998 0.158145117448786 0.0357766173419076 0.235800013829565 0.143079484859246
0.156043118265988 0.235706529362995 0.203227348732391 0.0820780423830572 0.000187633711544169 0.173305204163911 0.149452123380113
0.0499200551502724 0.102950295972277 0.188432906642215 0.205715545492693 0.171445461678668 0.0948617783104124 0.186673956753462
0.307776688089141 0.166824643054209 0.182204668961385 0.0237087017460735 0.111782537716461 0.00598679726479301 0.201715963167937
0.0658023296718278 0.100168135977466 0.0431985184415329 0.142821778790674 0.120169835414318 0.291775139365793 0.236064262338388
0.202435343048851 0.126027352779602 0.0720257542264882 0.166069702867316 0.0874547057450868 0.0556325188200994 0.290354622512556
0.011615654305909 0.189161066794715 0.114434967095733 0.235142979454814 0.30567344255596 0.0450646061031567 0.0989072836897129
0.212044728776114 0.263007583297274 0.146975029857626 0.0536368912135305 0.0091105557092645 0.202266301647923 0.112958909498268
0.151321268115396 0.270451709268723 0.0197616344341509 0.257071257691154 0.0718355928993336 0.132605931057748 0.0969526065334936
0.271604337085805 0.203499410316027 0.0806072036092653 0.0999379614047884 0.154788118619469 0.0542139631032893 0.135349005861356
0.210881449303052 0.0805735502420484 0.076391244253725 0.0483517067945953 0.0724324136384431 0.254284307671207 0.257085328096928
0.143875231406057 0.111684708191343 0.159441472244672 0.0911446843849295 0.130573121393222 0.198158525320714 0.165122257059064
0.0560259315142032 0.21678844440741 0.154685019370944 0.170313707457399 0.183308323719407 0.110079617961168 0.108798955569469
0.154977529964979 0.20562037427005 0.0142469202752971 0.0906055096063788 0.280601519595281 0.0912085248308477 0.162739621457166
0.293469445406996 0.235454939986788 0.122658546376043 0.0902627160478091 0.0525978225155848 0.00704335146592258 0.198513178200856
0.164984622930768 0.252172151540037 0.181732860302174 0.0438495922769098 0.0766864270919638 0.253859284368973 0.0267150614891746
0.179786799055698 0.220619421421303 0.233790005758107 0.208350341947329 0.12268849522417 0.0337758278462263 0.000989108747166133
0.194587327977362 0.246568123450463 0.093632170617963 0.0661648586186736 0.129200251590338 0.0803587971120193 0.18948847063318
0.257418798566893 0.262397298950538 0.06089284645713 0.0474561698324888 0.239176721140384 0.0626643553205178 0.0699938097320476
0.139844220110664 0.0643222562144034 0.0445114388238687 0.136303640412806 0.275350748508091 0.20694782880974 0.132719867120427
0.0338239005191568 0.0608389091762298 0.317179030478888 0.0148781603708917 0.00489082583793739 0.253105245675898 0.315283927940998
0.194225636233422 0.136657559953037 0.11521284740464 0.0266542268857784 0.172697545009516 0.185645613772745 0.168906570740861
0.129013581846111 0.125118461139149 0.0977369324218777 0.253064894305581 0.153407558497246 0.176943295192039 0.0647152765979968
0.0422215407380419 0.159207112936548 0.0924846151227902 0.00839365548177194 0.345322292282705 0.31734204843608 0.0350287350020639
0.0852618183429906 0.278720846387941 0.249381012793518 0.136278003337006 0.0144695544595424 0.221808717039146 0.0140800476398563
0.24089133761852 0.189986639677262 0.0957199522033085 0.0558595337896097 0.194117484186354 0.0318237326961423 0.191601319828803
0.0662659798480905 0.172585598117332 0.0659409339928725 0.105974222994239 0.209527594619098 0.323170533989813 0.0565351364385558
0.150355421911192 0.218069159036931 0.0180680818554842 0.226653642609112 0.303947699077387 0.0524255702738978 0.0304804252359958
0.31321874643897 0.063936860666666 0.0951189280201064 0.0972565826836332 0.03045925633069 0.190501252454241 0.209508373405694
0.160235320253774 0.104876995397613 0.0989614690389888 0.203893415700249 0.18172903535868 0.06792296891712 0.182380795333575
0.255365239870961 0.240191258030053 0.274343056192537 0.0877118118854528 0.0472510501406465 0.0694293913044697 0.0257081925758798
0.175509361481911 0.103134282053201 0.0655099128613684 0.108562444110541 0.211098269830961 0.147831420502495 0.188354309159523
0.0236470693873888 0.171970526718348 0.262584829085791 0.10711695541596 0.100353393784862 0.251321450861445 0.083005774746205
0.142643704925445 0.112162618314215 0.189797059785922 0.114225742403164 0.214794428042538 0.116127117577368 0.110249328951348
0.23043890280014 0.203670461493384 0.0867456798840872 0.136901841974262 0.0136338471028612 0.260724961452855 0.0678843052924102
0.0188521261084456 0.114805938823479 0.249531876299132 0.218662664861033 0.259360680409357 0.133301248210577 0.00548546528797752
0.0949857541878063 0.197310466936722 0.104690316123352 0.211228515300449 0.050821085875141 0.298761027207526 0.0422028343690031
0.115480277504701 0.181663103225622 0.129978708761846 0.0688945104151411 0.126512010684195 0.198306565518396 0.179164823890098
0.211312965004823 0.145191707086317 0.114214989858668 0.187319916758606 0.0385824983581743 0.181695600346509 0.121682322586902
0.105731272893906 0.0189314937631724 0.264910662501222 0.206417015674197 0.077445618959477 0.182273030957553 0.144290905250472
0.0947837520800761 0.0875716425942054 0.0339406191812526 0.206570960281181 0.278417910452454 0.124469580930503 0.174245534480327
0.224209429816906 0.0827387477998113 0.209832661386396 0.0393419977021253 0.18974083182326 0.13087760346948 0.123258728002022
0.0680407702252106 0.194149516231074 0.230561100992559 0.100937936531564 0.118665561666303 0.0724979022525513 0.215147212100738
0.181860165154294 0.162331283434299 0.0497762953093577 0.206278077936603 0.202635721807547 0.0195713075437672 0.177547148814133
0.156037725714 0.131557650490043 0.156968033887238 0.180954369618466 0.0725949461737868 0.209406627567465 0.0924806465490024
0.225565360097748 0.228777858885886 0.0383326421117439 0.00895521877179885 2.30360887677402e-05 0.210888204031152 0.287457680012903
0.208267442156041 0.0313368843685161 0.144839617833772 0.284503142114618 0.0525108917376151 0.261741502952462 0.0168005188369763
0.157644974423786 0.00215907255510962 0.0353204984511845 0.360562979002202 0.232293559545782 0.0708871415853628 0.141131774436573
0.053771216564798 0.139070735742856 0.177624526316287 0.147397050269602 0.278155227405997 0.0655811854329054 0.138400058267555
0.192681391330023 0.193008834164203 0.0523505165183175 0.12510807573405 0.0839995750582673 0.174667016811209 0.178184590383931
0.168883708087877 0.0815266095330092 0.213299379218062 0.103172758963253 0.233522976924856 0.0447922679627444 0.154802299310198
0.0590896994713208 0.22275610009391 0.149743784625729 0.125574681283376 0.205892677824403 0.231828583174777 0.00511447352648436
0.0436834161146282 0.229212893581768 0.133204031948211 0.216253114116762 0.128329934913417 0.0959740559844506 0.153342553340764
0.18052127153123 0.24791105866245 0.0235476616640248 0.0679445853430239 0.251596847928452 0.186565684515814 0.0419128903550053
0.206683236007328 0.184795400422679 0.2519301828521 0.0517911859050133 0.164848610817567 0.135013689694116 0.00493769430119583
0.108117863625794 0.152942199438753 0.169858413039348 0.200900884009014 0.179670332208085 0.119665762326457 0.0688445453525483
0.0794137119038479 0.264033252257531 0.0389960423004992 0.234096777357331 0.223075650131499 0.0732660847492083 0.0871184813000836
0.163264299954823 0.108135306630287 0.206517162106062 0.0474163353594114 0.116536225885553 0.187325205956628 0.170805464107236
0.0696683106876225 0.140187090570779 0.247499700431673 0.0795429342310391 0.208691197494815 0.181126888243439 0.0732838783406324
0.187616495037161 0.22634318352683 0.208551863845843 0.202919413434476 0.0212831783094262 0.151697505224762 0.00158836062150222
0.0891974756202661 0.103369473775337 0.178769793604837 0.0735084199618838 0.0842735710911307 0.200142286842709 0.270738979103836
0.167487970891073 0.217970683646443 0.23317650192122 0.0800193044778444 0.107728412461392 0.18824000232094 0.00537712428108653
0.214503670985334 0.0688863658950713 0.0500626526543401 0.210503091360161 0.268864753259095 0.0931590940237756 0.0940203718222229
0.155708453356117 0.193540804208897 0.0792984616760817 0.208823039230672 0.0928387163501989 0.208741814174537 0.0610487110034965
0.222095273921474 0.185091974032679 0.0666562877372033 0.10609955162099 0.164220080261364 0.189836200474035 0.0660006319522542
0.144190293307348 0.225578202241135 0.023599182284095 0.131199514379542 0.0284057860497458 0.235603095596789 0.211423926141345
0.154234168091822 0.129516809424596 0.0299414338769612 0.205087422416951 0.180925314382599 0.158950481860726 0.141344369946345
0.0902126465588741 0.153118664396597 0.0180752622162494 0.279051778334132 0.205682592968561 0.105183805852011 0.148675249673575
0.0167452402739933 0.140854973507442 0.108880893870019 0.148783594920618 0.271076634809055 0.24836217417654 0.0652964884423327
0.162590406943855 0.102016930298957 0.197356878921021 0.210141070960809 0.00713155615569073 0.0967273515405122 0.224035805179156
0.168595065480302 0.118068224149038 0.0174259985760728 0.300464817553959 0.231553509063123 0.105470230586165 0.0584221545913409
0.0717265751538117 0.0974613889702596 0.192483883364737 0.193889255379156 0.113922828839349 0.132102384578089 0.198413683714599
0.156841587428674 0.13878603307182 0.144766652763963 0.222304813129964 0.0356551502694403 0.134290098475851 0.167355664860288
0.281316870852905 0.105277682829333 0.0165063491699859 0.0715433271363159 0.200344421214865 0.0262325145571736 0.298778834239422
0.0498044787630251 0.213487815726887 0.149387207904789 0.149473348587308 0.0814427683166755 0.229391437242287 0.127012943459029
0.178374670667795 0.19558453309121 0.19221704746519 0.0267006365529198 0.000795937432667666 0.171027005385567 0.235300169404651
0.248553867835907 0.146261551485374 0.0234845471772389 0.0135576797178171 0.235319313332631 0.0698256430417131 0.26299739740932
0.162184465743725 0.182296027169019 0.252531578814448 0.0581745071390649 0.282478274199307 0.0157619411964067 0.0465732057380289
0.0575218915448182 0.239359166005258 0.159219575934361 0.185827355519668 0.0819881188426513 0.166767838979875 0.109316053173368
0.225350814863588 0.363468976843811 0.307251847314503 0.0679516692927885 0.00760333098302957 0.0223062863137877 0.00606707438849256
0.156774409324246 0.066986103685654 0.190450994191341 0.117540811412352 0.162902350562806 0.117516059813475 0.187829271010127
0.0572284469810103 0.0145308544193201 0.281648916206974 0.197543701618461 0.064038249238915 0.20736287133126 0.177646960204059
0.206742907474862 0.158451562071938 0.107261736267656 0.155193913616337 0.169215684923517 0.0269490931832788 0.176185102462411
0.187755230667939 0.242920763901167 0.247926593128287 0.0427220712473601 0.0423971140736652 0.0815371547100957 0.154741072271487
0.255166471241321 0.267601897836432 0.106119977605952 0.0662917375935261 0.0361302680513081 0.155212879193562 0.113476768477898
0.2172630914247 0.163933806127442 0.253400515691028 0.0417835449957923 0.127789688165531 0.120484843349441 0.075344510246066
0.254272394886855 0.109123237628914 0.208671900317372 0.196927066069639 0.0497013290436728 0.0296800426524242 0.151624029401123
0.16167181736755 0.241845775336116 0.12525613285221 0.104463829222491 0.107287875867869 0.149444835096184 0.11002973425758
0.0113067218550795 0.176073655218136 0.0824518030846965 0.184689701851488 0.142965648543704 0.202257440630868 0.200255028816028
0.069853014860425 0.128912979874449 0.263453561498741 0.182956320977666 0.14731657730486 0.0948148818782502 0.112692663605609
0.193479986692963 0.044239341788421 0.0886244026891003 0.216075513498231 0.158279423603913 0.238364534454402 0.0609367972729698
0.213645351064695 0.184113375617915 0.00470726065836432 0.151110242085834 0.243230333459243 0.189825237197462 0.0133681999164868
0.276539346367102 0.302977531331934 0.0309373540277979 0.0748154935737727 0.144515148596738 0.118013533640796 0.0522015924618591
0.208270636215725 0.223010734054803 0.136835672854388 0.192830668971063 0.0764468999004052 0.11089233894457 0.0517130490590462
0.192814933509535 0.114716126107305 0.0962205478523209 0.0606430284829323 0.254498927316172 0.0412062124447627 0.239900224286972
0.13197262566015 0.0346739554641456 0.15647898272198 0.183710192739215 0.213327693127592 0.066367594481701 0.213468955805216
0.113632640323997 0.0227869804726221 0.0125919355217571 0.242539902738135 0.0793273877868038 0.0566638027977 0.472457350358985
0.0323911347569408 0.0768322864277403 0.0428193856620811 0.21341135673111 0.228315093197798 0.176334212599778 0.229896530624553
0.167208536001308 0.248912980231877 0.01246418739674 0.131747290127637 0.0819639064621424 0.119901171935797 0.237801927844498
0.0318087935844685 0.187316169213552 0.162882255110464 0.29093162233118 0.0354265414830821 0.262078476062378 0.0295561422148762
0.042934482944006 0.164877475368206 0.125688654693036 0.0743855340910142 0.255855555333208 0.172497163122085 0.163761134448447
0.109341751846958 0.296102870808096 0.0958476317274078 0.200292708460066 0.0416592128997464 0.112274684155996 0.144481140101731
0.236823199770467 0.211554440831539 0.0258461405763808 0.0538705782535913 0.118682730405215 0.173662053161464 0.179560857001343
0.201413240125295 0.182241060455969 0.193894315892144 0.0796039056948055 0.161549626612687 0.165858904129357 0.0154389470897429
0.141056433145527 0.141191071674613 0.0917317515420047 0.177872692573849 0.210566424283251 0.0199227848288764 0.217658841951879
0.139671994797209 0.170957320345236 0.203981997019031 0.0090496397611001 0.115574542334016 0.163486903003709 0.197277602739698
0.258920361271214 0.141680995339113 0.007934965081568 0.0214040384004949 0.185272140556155 0.235490541386239 0.149296957965215
0.171400737506738 0.194274783035529 0.209447218644127 0.196255300590291 0.0815403724062807 0.135279350418603 0.0118022373984313
0.123468223418687 0.0980911237516431 0.263016481413442 0.25673835408892 0.10505425191883 0.0197206094144445 0.133910955994033
0.0487605327127408 0.164943934946825 0.17963649493132 0.127470430213733 0.198802827307937 0.151927660242948 0.128458119644497
0.324944795813361 0.0713002758185883 0.163000606369869 0.045311728219982 0.0807201840051854 0.312104217640982 0.00261819213203269
0.174584062919071 0.145254341301345 0.0673377708306693 0.181863394412072 0.163510423785747 0.0782689187510764 0.189181088000019
0.0319289097534019 0.113753233891181 0.234555981004124 0.162053987672416 0.259686178460722 0.119560976243142 0.0784607329750129
0.252557589719516 0.227920947725494 0.0719420371018424 0.101332719821797 0.228427351514758 0.0622079682375999 0.0556113858789936
0.00771995726620199 0.203270732770545 0.208425962236665 0.113172442861861 0.00953262704699335 0.272009124066643 0.185869153751091
0.155463297199185 0.0984474563567417 0.180956760165218 0.0841328726580981 0.253250417641269 0.0777327563773533 0.150016439602135
0.122123725650964 0.0823165470925269 0.0908035134747332 0.294451240627121 0.188001409183633 0.111932005057834 0.110371558913188
0.224346799453932 0.157384993880603 0.00230754687254872 0.176919771325408 0.10674131191276 0.148029020282836 0.184270556271911
0.221816829866681 0.224641757486946 0.191842539119046 0.00971555846769868 0.0851351519433458 0.223042783702824 0.0438053794134588
0.155926326031118 0.219205180761932 0.222367589042786 0.0505183708280307 0.0370975224540823 0.175457989114303 0.139427021767748
0.0976749620261175 0.072055686655545 0.00771982264115096 0.233731417477256 0.293303453172043 0.013173552171582 0.282341105856305
0.226909501056772 0.0420598287679232 0.0919312957468576 0.0665336350606144 0.00460775630917232 0.266564565882319 0.301393417176341
0.107438842248507 0.124442042531329 0.165954694866055 0.172642626781689 0.175793853135778 0.150144721855039 0.103583218581603
0.0635853941045239 0.0402013206639198 0.0156515929758165 0.274232555761987 0.22185629788272 0.142094192137798 0.242378646473235
0.129922355223664 0.193274320976518 0.200143689132761 0.249816641049581 0.159017031139654 0.0376002736665626 0.0302256888112597
0.139128134120335 0.0650864693405045 0.185194642031733 0.141361948268695 0.225129145873727 0.0631446301683421 0.180955030196664
0.00794997853633802 0.268053826546329 0.0937707164024731 0.00783126790767649 0.25625927281049 0.124089944668983 0.24204499312771
0.130760084434825 0.148461704664852 0.0869250798460555 0.158353105053927 0.234048861078715 0.053149868316694 0.188301296604931
0.170306381174295 0.0389547146843625 0.115222079003213 0.147864868921421 0.124929589266803 0.234091971364053 0.168630395585852
0.122641991636751 0.0160442796289985 0.209611159410569 0.19182096855362 0.187543866185592 0.109416811081717 0.162920923502751
0.160648303866231 0.0102429817928882 0.0585975802368335 0.232296592325927 0.267749865601874 0.212694723628666 0.0577699525475803
0.123634879748422 0.179709720316408 0.0754664191624052 0.018788847137128 0.165058538503763 0.429411045977541 0.00793054915433255
0.242751681947712 0.223526043835474 0.0893536358326905 0.263585193893858 0.0548637434794359 0.0281081630811682 0.0978115379296614
0.0138397453395443 0.216465536407916 0.172453283580472 0.219349690896606 0.00912351526582672 0.228892021099549 0.139876207410086
0.0500337881342005 0.157334740593247 0.322130701692357 0.0776023523965566 0.0733751003615872 0.24450731224849 0.0750160045735611
0.12015162166983 0.00348881353038578 0.160503059756877 0.242306509934693 0.110279685210258 0.236393435655693 0.126876874242263
0.0865764160848939 0.222367999673149 0.0629824485184402 0.0956301988375488 0.135143460353972 0.127082718611584 0.270216757920412
0.156153242049352 0.134646763247621 0.270175617826978 0.151634449086079 0.00224760827561668 0.0366975034233321 0.248444816091022
0.228199503264262 0.171732544223579 0.0663631987064279 0.0734145042578036 0.174822150489202 0.0258012748599789 0.259666824198747
0.201127006913394 0.156243442740076 0.131880614604874 0.0696108410858582 0.0973307127528316 0.109700392906002 0.234106988996963
0.116572911573971 0.122860754284939 0.21508690895322 0.182897589307411 0.188745371433199 0.0984887513163919 0.0753477131308676
0.180353191475653 0.14568039936248 0.138850663537238 0.310078253035211 0.0766803423971554 0.102419945057572 0.0459372051346901
0.168247940468802 0.0582506408819066 0.0189502067266267 0.115987899786582 0.228725770783444 0.229675732968504 0.180161808384134
0.218428741901725 0.153479178529965 0.233488969513405 0.0205479968471209 0.0410429075021241 0.2643985344546 0.0686136712510596
0.0255343243091994 0.235761511940656 0.14996485174579 0.177899181798249 0.235879125502249 0.0248096902206205 0.150151314483237
0.351085585049899 0.00940800989184215 0.193738841971288 0.0127406846572402 0.331892866191029 0.0272512855078049 0.0738827267308969
0.182541038157778 0.0645047579413711 0.172722027863322 0.109644330757621 0.235000375840404 0.127420486074836 0.108166983364668
0.138675654843774 0.243531479294447 0.24005079919044 0.167765767507051 0.0590070345844371 0.076340591164293 0.0746286734155581
0.151336095584914 0.111463264702637 0.10439326966173 0.108768907652842 0.0170526961372759 0.257095313458591 0.249890452802011
0.121492463519388 0.112839561953895 0.264273178937601 0.087013669627462 0.0797101936664183 0.0663000259633871 0.268370906331849
0.107109149965146 0.192975293199998 0.175477113253569 0.160440860236772 0.209067701166514 0.0646467116809775 0.0902831704970229
0.142839840573347 0.182798464626803 0.168493112463153 0.188504013705309 0.182911877495781 0.118911002055356 0.0155416890802512
0.221192903735142 0.167399998196413 0.188154674667245 0.0855788946914092 0.22109603841498 0.0150250256261683 0.101552464668642
0.154132491029468 0.140796545770823 0.18181242652096 0.0266940127707741 0.258145025425628 0.0389388626004619 0.199480635881884
0.180612057006367 0.206345294219942 0.0984927477756135 0.0761804348903398 0.125823281722158 0.0903029563395262 0.222243228046053
0.125759256662592 0.23159212201067 0.269360075434796 0.152960302718517 0.0977592360889927 0.0325851240257246 0.0899838830587077
0.118012134847113 0.104679395885515 0.204102047115785 0.00214470311653003 0.200470854369949 0.210035556015745 0.160555308649362
0.0136169938286703 0.0784595947313109 0.106893238580755 0.244637827389 0.200661386111342 0.280979310896167 0.0747516484627551
0.0954120462335764 0.0975904877177829 0.249808389157877 0.152956465239105 0.0679859831035605 0.100628711064546 0.235617917483552
0.0845899849808626 0.182966690219146 0.193204862773458 0.0293192104005897 0.0203052724435101 0.0550177195485058 0.434596259633928
0.211273744398944 0.125023354854563 0.163033720793061 0.201323563720228 0.115946757164991 0.115833828387504 0.0675650306807095
0.150841541429683 0.22516096503792 0.100334548346714 0.154512500155857 0.0732306960566155 0.124205629716798 0.171714119256414
0.12400372987296 0.0687930130291094 0.088172119471168 0.173225643338453 0.198593933106473 0.127156253346832 0.220055307835005
0.048960531209549 0.0152472631085683 0.251213723688027 0.112754172994903 0.350955829493951 0.136496090382391 0.0843723891226108
0.104154003319219 0.0466390469661554 0.242910635265718 0.268599180090105 0.0359074191090831 0.0801603633325658 0.221629351917154
0.21359064472583 0.0903868889205736 0.236242140419128 0.186584541155017 0.0212011491027948 0.201898507264438 0.0500961284122182
0.0616602288068777 0.134376223506155 0.163782529321428 0.302197835041692 0.0745348722468775 0.0376761773873473 0.225772133689622
0.193304757558702 0.135712432994901 0.0335665548475859 0.233894966962342 0.0680444764626274 0.239835698122883 0.0956411130509588
0.191394712621487 0.222761208372508 0.249196981746526 0.0238161107465978 0.166388338367194 0.0291606833637502 0.117281964781937
0.0257673815610302 0.220871550550017 0.237479243652301 0.19531862331871 0.0721916629696419 0.194644174834304 0.0537273631139958
0.20066825536569 0.0979881246426829 0.0463571158719236 0.208843834974543 0.202095082397987 0.153658762362054 0.090388824385119
0.0399870136458829 0.197666860289841 0.248405887595203 0.117781176661901 0.0190888717996571 0.0675235627800015 0.309546627227514
0.193697603917069 0.0568529367584755 0.245248149415513 0.0690281115480097 0.245058318764837 0.163809637160428 0.0263052424356668
0.189378011973801 0.125909894988259 0.151317287741236 0.155536182523941 0.196082248624786 0.128048174576511 0.0537281995714657
0.242593457027594 0.0740867425286732 0.163916008850005 0.179648074356844 0.132290541288154 0.104400364792513 0.103064811156217
0.12375463519712 0.278727254975682 0.21878756966706 0.267061014993873 0.0503521366338444 0.0296136844135945 0.031703704118827
0.0591612082969044 0.0763561847691099 0.172664974839112 0.164302878527589 0.2012509700461 0.255319803855194 0.07094397966599
0.0396161431751871 0.0828062479877665 0.266306366835107 0.253158171336656 0.209902894548954 0.146180613159552 0.00202956295677761
0.0643008093582674 0.0760343571764677 0.210416617903683 0.0521738022627253 0.256644238678888 0.127199278437828 0.213230896182141
0.190099351374406 0.0395368755592895 0.161847904098024 0.113323373405344 0.202493458574911 0.177484689970701 0.115214347017323
0.185424355731048 0.265265290650521 0.215363584417848 0.269275681065655 0.037614473257863 0.000736232970940678 0.0263203819061247
0.141027966216744 0.00197733256217076 0.081029271175066 0.196706788000605 0.229337344364116 0.163928736848833 0.185992560832465
0.00948492359801044 0.241491785080351 0.185052903173573 0.187064636567215 0.188467422010878 0.00815034813487677 0.180287981435096
0.159422298848167 0.031360335525354 0.202917096109321 0.0187890431168066 0.120723600576037 0.213284518530631 0.253503107293684
0.14074084799806 0.0503760395186299 0.279670652817205 0.0255714404281372 0.128181978920659 0.156384162289409 0.2190748780279
0.273624101885773 0.108159180134877 0.234619124941454 0.130384954598015 0.00816863935029602 0.185022710646157 0.0600212884434269
0.0409938185873951 0.224994883795836 0.028463008567163 0.15801902739775 0.120874368270297 0.260331661746827 0.166323231634731
0.260099965583923 0.0969593996323472 0.0960827272365156 0.104306799505344 0.115307272883172 0.0846510782935262 0.242592756865172
0.157675288027442 0.14633777054655 0.187518726301292 0.171384273339046 0.0788995778461869 0.171458389122032 0.0867259748174499
0.0931851430054118 0.0652066232367117 0.183014163391103 0.111924145049091 0.242201577435303 0.25114829497737 0.0533200529050103
0.249077071746688 0.0730099244002586 0.111921334376355 0.0314597856816604 0.170422940985227 0.0264607016866081 0.337648241123203
0.0711118162370849 0.276455839956139 0.126703008270196 0.230800261971932 0.0281819475099741 0.104503542783606 0.162243583271068
0.271949902830211 0.159019447711576 0.122168631793264 0.0302713449275085 0.0615233729531198 0.331085276801524 0.0239820229827975
0.10057768170832 0.0897595696385777 0.0427987037203237 0.123084968734662 0.139382367891776 0.250912077364513 0.253484630941828
0.124574094492893 0.129595559172678 0.101038851466347 0.0454338024777634 0.218518884540618 0.144980712312611 0.23585809553709
0.221695929108919 0.225326174596315 0.0974819119443393 0.13082015235706 0.269214834157675 0.0397782649636584 0.0156827328720339
0.0893250014435263 0.159766104685311 0.11434778917385 0.136183359305245 0.277541815622185 0.132076644106215 0.0907592856636675
0.0653587157765103 0.0836663087580153 0.101372562934559 0.237798031003007 0.204899513736342 0.0833380173437599 0.223566850447807
0.360794235089081 0.193114787812429 0.064317707761045 0.137980332312353 0.0394461774883847 0.00301111627044416 0.201335643266262
0.195297641680232 0.0577243161731732 0.099536162986083 0.205874440025154 0.0885974640698301 0.214505513065172 0.138464462000356
0.178288416659448 0.197272697854997 0.0515846247993608 0.175220072987635 0.147073994566308 0.246891460113026 0.00366873301922519
0.058118242970485 0.12388073085992 0.247963293628494 0.0274287288338785 0.139248168760631 0.140066213113752 0.263294621832838
0.102849865804719 0.0132064470630303 0.0938548335972964 0.206573703674298 0.135388523420992 0.308065288325864 0.1400613381138
0.118728067924497 0.0152769640582681 0.289588906754472 0.137372496567295 0.0750069887501088 0.075481754977041 0.288544820968318
0.0655880113377568 0.0810438751250897 0.0922076797048022 0.186225429010287 0.248591110568587 0.202635160471187 0.12370873378229
0.0462815775088352 0.188340123136403 0.213807396509314 0.15440742689383 0.235372068802467 0.0817842248238815 0.0800071823252682
0.138627004500679 0.107704848088166 0.132749777073862 0.144780462932248 0.201321810026007 0.183983575797112 0.0908325215819257
0.145989317005259 0.146584406446029 0.292525789420188 0.116489583322059 0.133629655563129 0.02651238694728 0.138268861296055
0.264550028572076 0.196143084615984 0.18723017968555 0.0870228462282193 0.0715231569665418 0.0898161506092499 0.103714553322379
0.140581501010116 0.153120536508488 0.129312594963831 0.169299904081598 0.166069515247576 0.0299835151181566 0.211632433070235
0.227084162327561 0.169933812528035 0.165747001795137 0.0128388996790904 0.185728851015986 0.0813465867936381 0.157320685860552
0.13158214767624 0.291068770870032 0.217976546628894 0.057782779392165 0.0139149967161861 0.0261404578137884 0.261534300902695
0.320770568449048 0.217347840911285 0.0631452402858859 0.0480876538315003 0.0163968290789564 0.117445322097853 0.216806545345472
0.0259756103484122 0.14290467716286 0.050347437815569 0.170436492545213 0.230984005746374 0.178148609687074 0.201203166694497
0.306723629510756 0.075164124710772 0.339661764608596 0.053993031964619 0.157653048157609 0.00390476380973749 0.0628996372379106
0.137582014774479 0.13190935897531 0.0501742262377502 0.206032916913108 0.124514968301205 0.209507319444242 0.140279195353906
0.14210684341276 0.168828132702073 0.136903034964245 0.181946303914046 0.207173106410153 0.156110133751371 0.00693244484535222
0.226542534630175 0.113961498484726 0.124083334981523 0.108260165839361 0.0631724879515285 0.180833424140897 0.18314655397179
0.0803290771943459 0.103745906159042 0.122080704546037 0.125060297962317 0.104102666091186 0.234020813743824 0.230660534303249
0.250910718175777 0.218333500396086 0.0499656624048024 0.058566076656194 0.212588494307654 0.0260110488191651 0.183624499240321
0.0629713447812385 0.157278753186073 0.132514250916124 0.167132545005547 0.067069749837155 0.216011555504011 0.197021800769852
0.0395976804157208 0.00164898802115941 0.200869868398907 0.0393826966594579 0.223420493641541 0.228263297363204 0.26681697550001
0.0605153984913477 0.0652986374422405 0.138170429304472 0.251994147055741 0.178226678988481 0.0845730365001343 0.221221672217583
0.0150841893884277 0.00561810241991012 0.210982873864538 0.0121133147123869 0.101208301865394 0.356933546198278 0.298059671551065
0.214060115685146 0.212016076128111 0.140125099712467 0.0630529497602059 0.146348738131842 0.0926221562605136 0.131774864321714
0.166162449007325 0.0840794061850657 0.163558902389839 0.16447483925286 0.0732715705276112 0.164738439909524 0.183714392727774
0.2244453814035 0.0775150607698632 0.260946028682208 0.0790856515151755 0.170488045379576 0.155387838334294 0.0321319939153835
0.163498767666751 0.182503555521829 0.108677517187906 0.0512073604812877 0.0772204150244519 0.221726404050003 0.195165980067771
0.176008435577164 0.251287568364727 0.283283006454024 0.049081911712135 0.0410126261291525 0.0903422321642905 0.108984219598507
0.153229104895786 0.2253568230465 0.160831990083494 0.099017375178215 0.00589140906874773 0.240732100463706 0.114941197263552
0.175355356988886 0.188490947293372 0.178306846798874 0.10605479826872 0.0399624149066971 0.123666498279143 0.188163137464308
0.115102494138693 0.0346184321378669 0.0316915831446867 0.188735904946212 0.335603409871642 0.0548775963482327 0.239370579412667
0.282054924380618 0.137106693945492 0.108921134560265 0.145922841307702 0.13827749759164 0.0265162770914483 0.161200631122835
0.0588503045790537 0.0645682287010166 0.139926323514888 0.181845273129427 0.219338022047002 0.0884240657978538 0.247047782230759
0.198742550774401 0.0858371735645183 0.167928322728914 0.0685167305085941 0.208874431016666 0.244251654623712 0.0258491367831951
0.0624562219570091 0.264120940169865 0.17603579759835 0.0264286506617289 0.111033316124496 0.178578361444851 0.1813467120437
0.195763466830972 0.208594122116983 0.0640672259780574 0.155666121604223 0.045993634068228 0.155856612242101 0.174058817159436
0.299888717459829 0.00603886953185288 0.204646716209451 0.0396820872728961 0.0734808944665369 0.301663917670831 0.0745987973886026
0.12831150739884 0.176244264048064 0.162838378938216 0.150339345495153 0.172385322982645 0.123100121948891 0.0867810591881908
0.16461487133706 0.183549337502129 0.214249692383859 0.0869929669426656 0.0543806232136033 0.104995436442702 0.191217072177981
