0.0580320524803205 0.572469451858107 0.215984132380223 0.153514363281349
0.171677925980894 0.306149917477029 0.283983710178383 0.238188446363694
0.366324092030218 0.337621487806286 0.022380842193629 0.273673577969867
0.0889766160035288 0.196834345081352 0.29041342434727 0.42377561456785
0.206973884517408 0.155945224772148 0.31046064956336 0.326620241147084
0.388397536614511 0.227289889898576 0.110385415456163 0.27392715803075
0.353009131359319 0.175946348743994 0.0435768312976753 0.427467688599012
0.231422551410982 0.336378021049489 0.399077576451761 0.0331218510877674
0.45836873679955 0.0970114449956867 0.412372339756997 0.0322474784477668
0.138911375378726 0.293043565125693 0.295721186587393 0.272323872908188
0.513174084439984 0.0392291119532473 0.0926953374353492 0.354901466171419
0.188725297351009 0.495598219728527 0.193696574923056 0.121979907997408
0.0479151335809991 0.33657616652714 0.321279878636641 0.29422882125522
0.479486347127936 0.437226001622996 0.00941090170186511 0.0738767495472037
0.0338112012015646 0.0135288848918315 0.376563599636032 0.576096314270572
0.451251133780634 0.187338797145481 0.111412712691005 0.24999735638288
0.293039541975181 0.286351581294153 0.200967674689664 0.219641202041002
0.0514173444136728 0.272223414497988 0.353986243614052 0.322372997474287
0.175650162044358 0.204059782610356 0.329717367892175 0.29057268745311
0.21161414339482 0.305564495759329 0.307839236904436 0.174982123941415
0.103673265086759 0.391300563254664 0.243867885468455 0.261158286190122
0.39052860182881 0.143912652242532 0.211654565460592 0.253904180468066
0.358107593861862 0.408967024292069 0.108171716583771 0.124753665262297
0.218672073802193 0.151339401775835 0.0376150722374846 0.592373452184488
0.172381015947466 0.525853807506542 0.222463499419155 0.079301677126837
0.00616898178903481 0.27986188401169 0.5326179310932 0.181351203106075
0.434434420800088 0.0466303661820906 0.140067391966837 0.378867821050984
0.147901404480779 0.365775572049039 0.364152392418182 0.122170631052
0.298320109756733 0.215554439958304 0.275132136247229 0.210993314037733
0.606147370743123 0.147665589568273 0.183873502359094 0.0623135373295101
0.366846550841518 0.194573335912411 0.25753244823607 0.181047665010001
0.398023440081588 0.194716932919264 0.149350119953136 0.257909507046012
0.0930393617179978 0.277275374579775 0.381511042326496 0.248174221375731
0.587860958598435 0.187479773157382 0.00629629543590908 0.218362972808274
0.416605988280402 0.412227167198488 0.147041620904812 0.0241252236162984
0.463243593027379 0.215806324589804 0.12052140161192 0.200428680770897
0.276208778555094 0.313387336540339 0.22182733437689 0.188576550527677
0.354805893049274 0.375510491366323 0.0439151158875894 0.225768499696814
0.114530300559631 0.357243472242524 0.365100696962178 0.163125530235667
0.330938996353889 0.347336123944999 0.00597572027256651 0.315749159428545
0.204173300716511 0.112877209821292 0.304254335207 0.378695154255196
0.305243956697624 0.281918693661519 0.290385871049537 0.122451478591321
0.277859471315271 0.15650053915096 0.273256344447854 0.292383645085916
0.31170078392124 0.428094315036398 0.152128936984445 0.108075964057916
0.218297386700324 0.298059058913903 0.318376630818989 0.165266923566783
0.276936236584203 0.287220361060341 0.0704096303669284 0.365433771988528
0.252256952023193 0.339145249740377 0.382769660258945 0.0258281379774852
0.211359404958465 0.590641947972342 0.158146941349201 0.0398517057199915
0.0198001278137117 0.25120019072664 0.266057590879295 0.462942090580353
0.00395376118039439 0.345778250601411 0.528855259776228 0.121412728441967
0.330251439847714 0.117587313959089 0.533452094617139 0.0187091515760579
0.392622700249319 0.195375388944765 0.401374837200013 0.0106270736059032
0.0199215201179566 0.363091549740271 0.290317158589548 0.326669771552225
0.132499991275356 0.0610307796528567 0.248589827308609 0.557879401763178
0.257455279983003 0.20922026309968 0.274815727807504 0.258508729109813
0.287382419192047 0.105497932720714 0.491861148256418 0.115258499830821
0.221103700980429 0.241220258888225 0.282768133873229 0.254907906258116
0.0341597512357817 0.524059752588756 0.272141582342775 0.169638913832687
0.0393879467178362 0.278471864336678 0.385028182870053 0.297112006075433
0.175207664111774 0.0243240197816719 0.420348272198774 0.38012004390778
0.184762775990809 0.53137823745214 0.0285086207890412 0.25535036576801
0.302711247064691 0.227044441217961 0.0674785123673283 0.402765799350019
0.143713315597373 0.325661017982949 0.418887961461574 0.111737704958103
0.162246658761423 0.391809551078495 0.340076827055008 0.105866963105074
0.254822962587297 0.259849918123487 0.442544279145294 0.0427828401439216
0.148640207209358 0.375040137763697 0.430531877077739 0.0457877779492061
0.161848230915158 0.0657442364896067 0.456756848058943 0.315650684536292
0.071375482420108 0.416168712515402 0.124843947493669 0.387611857570822
0.0347457841236031 0.255784831708985 0.388936905111857 0.320532479055555
0.23589686413976 0.204548834124209 0.0556948978291473 0.503859403906884
0.121017996306582 0.512444029048671 0.0789085865624061 0.287629388082341
0.172556117220772 0.206967210969657 0.147643409163143 0.472833262646427
0.234351844764723 0.0536580718539583 0.379152272541509 0.33283781083981
0.160757708968827 0.237946895203403 0.275899457392655 0.325395938435116
0.127402967645724 0.414087344616274 0.422298745605979 0.0362109421320221
0.335916776403719 0.178323275189563 0.235869212941081 0.249890735465636
0.192134484762013 0.02570208394845 0.239846284759098 0.54231714653044
0.0272211662513603 0.399656539599223 0.242373593190342 0.330748700959075
0.134611906354144 0.296164601855386 0.269391266057246 0.299832225733224
0.128858306040844 0.298035932321618 0.140628898443949 0.432476863193588
0.430884154071632 0.255668272897529 0.14243584929138 0.171011723739459
0.422591293217464 0.108652588455154 0.203613968021096 0.265142150306286
0.428061017993222 0.0119768629931133 0.269499484528302 0.290462634485363
0.174313377502131 0.163529728396229 0.400712711640107 0.261444182461533
0.106825748562926 0.331218567477399 0.144266880044085 0.41768880391559
0.022469151878995 0.0144725084011049 0.495447912893196 0.467610426826705
0.235519326427539 0.220993095706035 0.298128898796539 0.245358679069888
0.0176469416271966 0.416146598998612 0.155313317187456 0.410893142186736
0.14499730000351 0.365167518381213 0.209431306667472 0.280403874947805
0.324416574988574 0.0504606226337581 0.276743433385588 0.34837936899208
0.0840773401849817 0.241555644041549 0.218167696710264 0.456199319063205
0.282887235842119 0.326971973453946 0.260580964435815 0.12955982626812
0.092938438835806 0.0151076003803191 0.488441826631382 0.403512134152493
0.190773791714117 0.422695487703255 0.217100636832738 0.169430083749889
0.0899302770150938 0.517371467978999 0.0970161086803247 0.295682146325582
0.361352592022196 0.148703899811984 0.257354833759844 0.232588674405976
0.324064263786948 0.344536369943524 0.00322415177678801 0.32817521449274
0.439858661055381 0.407946950521828 0.132348024663549 0.0198463637592413
0.138275284200527 0.484178954891697 0.272734913169352 0.104810847738423
0.322752979811372 0.202768311989466 0.203921618352478 0.270557089846684
0.280023684649909 0.567316354130312 0.0106215471088696 0.14203841411091
0.119789840853228 0.120170059545292 0.664062874345342 0.0959772252561372
0.0337081419578315 0.501367241569496 0.236350196870952 0.228574419601721
0.0712151737981723 0.336928215767622 0.23773429850861 0.354122311925595
0.0883175209566487 0.171929544322124 0.388522832279184 0.351230102442044
0.250872256777186 0.536824620225584 0.10137485389794 0.11092826909929
0.148533710389872 0.46673035610961 0.282808941792448 0.10192699170807
0.195078646549434 0.421176801544607 0.110112550758106 0.273632001147853
0.263975816226238 0.378048117352571 0.280708966792344 0.0772670996288473
0.337824760240118 0.238756711776552 0.325466808567727 0.0979517194156033
0.394249305074683 0.389347985519868 0.0291851114883358 0.187217597917114
0.0206179869414957 0.561103743307382 0.303516568577541 0.114761701173581
0.0146780547829367 0.263544982886279 0.368780946363484 0.352996015967301
0.0343021016683016 0.0770363510099297 0.398173998661682 0.490487548660087
0.127256993111321 0.174140774931881 0.420698163576704 0.277904068380094
0.121981318415447 0.416726542809189 0.234565183197017 0.226726955578347
0.327900562369807 0.142269022438235 0.258990900908927 0.270839514283031
0.472102620758068 0.1173443734384 0.23591302750717 0.174639978296362
0.118843950025524 0.382130690866353 0.0250357803762749 0.473989578731848
0.235209973074624 0.0394378949211986 0.206779333998201 0.518572798005977
0.208825035833671 0.420421232046084 0.168680151108176 0.202073581012068
0.089865673353878 0.35151544749498 0.116394854954233 0.442224024196909
0.108083908971683 0.408258071185623 0.187963705533813 0.29569431430888
0.368759669578903 0.174705109427055 0.453483288952512 0.00305193204152968
0.25770622746847 0.315101729945144 0.220348338800332 0.206843703786055
0.336763772740588 0.268102231746698 0.110197154352507 0.284936841160207
0.202496509068912 0.073529308787636 0.349452030098616 0.374522152044836
0.0749041028912566 0.274428052969789 0.250494149590254 0.400173694548701
0.474381212661428 0.154650109910702 0.0933075125848278 0.277661164843042
0.29880996406199 0.0229494866837321 0.44980628828839 0.228434260965888
0.0957491671102569 0.25293755029688 0.266584536840682 0.384728745752181
0.3223102047867 0.246647574290522 0.375446907121113 0.0555953138016647
0.476882724641754 0.201141730939417 0.163074394410491 0.158901150008337
0.374327490851218 0.168296623926597 0.298538445800912 0.158837439421273
0.265521616920465 0.286955126444761 0.0659623114682607 0.381560945166513
0.064295214038707 0.32797849649653 0.347766406899434 0.259959882565329
0.470547272135047 0.234489860708394 0.200306854907628 0.0946560122489312
0.142365671485687 0.0369344146963617 0.438068272282339 0.382631641535612
0.122008153398855 0.509371990481636 0.312234552386967 0.0563853037325419
0.38520236289305 0.0641758278265702 0.538494915687053 0.012126893593327
0.210338819831951 0.321142713696397 0.374165613421251 0.0943528530504004
0.102580605699379 0.272469191782994 0.248319777920673 0.376630424596954
0.184909913739694 0.317323152412951 0.296463778516215 0.20130315533114
0.336816550825899 0.0556267167646491 0.515903797267359 0.0916529351420935
0.0901887074131686 0.468698873015714 0.201895884147607 0.23921653542351
0.402241507101426 0.071194016577281 0.447450888944212 0.0791135873770814
0.171798263228024 0.396238634943641 0.125596701470504 0.306366400357831
0.0272869899901137 0.348110335791792 0.491705010203022 0.132897664015073
0.12132772181222 0.208709616703416 0.315615449420506 0.354347212063859
0.341562804444377 0.017232762219823 0.328118939537756 0.313085493798044
0.446901543594436 0.152908763503856 0.00677816311724333 0.393411529784465
0.345395998722927 0.388509104496224 0.102151139079183 0.163943757701666
0.107221642854581 0.378291725659698 0.248012926518951 0.266473704966771
0.262979912699682 0.14751909789265 0.246253491998974 0.343247497408694
0.198013505239177 0.233820636829303 0.230370197478285 0.337795660453235
0.284171831281054 0.48395252184583 0.174849175919796 0.0570264709533202
0.36746520381936 0.262168140635433 0.263612258028445 0.106754397516761
0.425505209617409 0.39623181057359 0.0369023953355641 0.141360584473438
0.376746252564236 0.157297822842404 0.260038628938352 0.205917295655008
0.0619131648470438 0.393777334446592 0.167433112474813 0.376876388231551
0.298909467496879 0.238406456568476 0.154710348986327 0.307973726948317
0.395783563171581 0.1566020490014 0.0116582022203557 0.435956185606663
0.441552909095104 0.0655246673306526 0.274034370932835 0.218888052641408
0.279536866410171 0.253159613274609 0.00346646234064843 0.463837057974572
0.310620830769045 0.0831297833082253 0.180974785921473 0.425274600001256
0.247134187515885 0.352826975783622 0.345385057582519 0.0546537791179737
0.278401069659058 0.0468511720317514 0.250526108334114 0.424221649975077
0.192563602744545 0.332529183831703 0.195568731047511 0.279338482376241
0.0993048652677676 0.324855593147576 0.214427404543726 0.36141213704093
0.227418725673998 0.334908016612852 0.395047596393454 0.0426256613196958
0.291735185772937 0.439899981679827 0.0359904559932214 0.232374376554014
0.253233408479861 0.270834282147942 0.0963026818076746 0.379629627564523
0.044905917220264 0.0287520275886973 0.849217847074569 0.0771242081164698
0.636689004788879 0.321132176002745 0.0151147812373535 0.0270640379710224
0.105990852056925 0.253023620175366 0.395634611603817 0.245350916163893
0.186921538495145 0.3350447506466 0.114599495117273 0.363434215740982
0.301954549260865 0.238135345972242 0.238283335795991 0.221626768970902
0.519196737733296 0.0648859675770083 0.112065152667209 0.303852142022487
0.187925525130708 0.39707433445176 0.037688564637007 0.377311575780525
0.0372974997477619 0.158139056983968 0.444390142056238 0.360173301212032
0.146138960497348 0.493202065164908 0.352801991732876 0.00785698260486817
0.226810213365951 0.267166115457272 0.265033658445816 0.240990012730961
0.455763847166921 0.106633332462934 0.151864357868138 0.285738462502007
0.105133044524609 0.307246663883788 0.203114984019531 0.384505307572072
0.14517356922679 0.291447184317373 0.320762321404616 0.24261692505122
0.334280795134152 0.179067804983715 0.155804418974737 0.330846980907396
0.124919807439054 0.297352867525541 0.290471067758765 0.28725625727664
0.349698106266892 0.24786910393206 0.137834636015072 0.264598153785977
0.255482474010708 0.445085454768992 0.128255232318398 0.171176838901903
0.218768228010742 0.224878557713239 0.349423464651343 0.206929749624676
0.399262521554726 0.384139069371497 0.049173554092315 0.167424854981462
0.266203982221219 0.259765946650445 0.405143388216016 0.0688866829123201
0.116620108810458 0.414479453731323 0.415631390282632 0.0532690471755862
0.17386705108856 0.336860742189933 0.309125592563164 0.180146614158343
0.154890807413517 0.24725260559465 0.160862382696438 0.436994204295395
0.268506450888034 0.149280503576778 0.19353033884286 0.388682706692329
0.0648938961075183 0.661953259259186 0.0951152142188945 0.178037630414402
0.319789629073713 0.188668056041008 0.118836487709497 0.372705827175783
0.245268641898561 0.0427542369292949 0.377973057307429 0.334004063864716
0.312399262173416 0.222401929487915 0.0935175500307059 0.371681258307963
0.122214021107541 0.043140522803962 0.288407536067245 0.546237920021253
0.120645100036461 0.417445045389931 0.379293650339886 0.0826162042337217
0.280735779028962 0.178093656952196 0.311503659077234 0.229666904941608
0.183514110373947 0.230266606838372 0.139705278602586 0.446514004185094
0.139055376419636 0.161808612589726 0.339923144356302 0.359212866634337
0.0422996078922363 0.345030712552521 0.17063101860799 0.442038660947253
0.359959677390261 0.27185273558056 0.177001239168033 0.191186347861146
0.0687311008884234 0.389686522180891 0.153954121209731 0.387628255720955
0.0173253919649947 0.299662518636328 0.283774606035164 0.399237483363513
0.277427103163309 0.154075104447168 0.219649260589824 0.3488485317997
0.208689721204947 0.161308576001234 0.167862348699557 0.462139354094261
0.206959784962826 0.28975358714815 0.289011393428753 0.214275234460271
0.303123934236578 0.188328968398819 0.0192851590441633 0.489261938320441
0.062392865440974 0.273977035170849 0.421404905872629 0.242225193515548
0.358641735298326 0.195073481356442 0.431502531683915 0.014782251661316
0.0914822258414433 0.445632674021922 0.0891026788663905 0.373782421270244
0.505106728494301 0.0760790286959054 0.0759413369427791 0.342872905867014
0.218274617651542 0.0655695195936541 0.270185306928949 0.445970555825855
0.340728014608821 0.203227068213616 0.2179837286502 0.238061188527362
0.189305967027278 0.356105486394974 0.386823714349257 0.0677648322284906
0.0328962002076185 0.204835059523675 0.580494538136535 0.181774202132172
0.0205938255500974 0.0113840234764829 0.675879675220909 0.292142475752511
0.263210087116496 0.0366587868980814 0.288252413269282 0.411878712716141
0.0286728119733531 0.0790731260862736 0.678605214681412 0.213648847258962
0.157837308329623 0.107471972241846 0.3841100571894 0.350580662239131
0.308303953725514 0.165499058577389 0.297128009734651 0.229068977962446
0.0631650395790832 0.306262535438413 0.530470726212287 0.100101698770217
0.384951798813312 0.325834442564744 0.166559415827815 0.12265434279413
0.45819224157876 0.331509672369712 0.105258885754584 0.105039200296944
0.305901591443336 0.25907081099032 0.208399496362423 0.226628101203921
0.0752841288340148 0.328196537615099 0.273577635935963 0.322941697614924
0.097081578884296 0.31151976563537 0.385991808565906 0.205406846914428
0.408233646746235 0.373639615593883 0.108129298472633 0.109997439187248
0.294208818975847 0.22003854879087 0.270956377273742 0.214796254959542
0.537587082047901 0.00467209153220364 0.2649507808072 0.192790045612695
0.201928784102783 0.24552047403164 0.35046578980794 0.202084952057637
0.038626698462395 0.619390975402726 0.250634696652274 0.0913476294826048
0.493549942679628 0.245941053754245 0.210754366303029 0.0497546372630977
0.161263256227936 0.128693397155683 0.342144758309287 0.367898588307095
0.305676232682691 0.122119971409944 0.292068960003984 0.280134835903381
0.228729736515417 0.0828283917863255 0.36276428416338 0.325677587534878
0.102430512758454 0.405333907117911 0.163792726394035 0.3284428537296
0.239830739076057 0.169948162773967 0.316047254326342 0.274173843823634
0.232258417074225 0.254550701126873 0.272709597341193 0.24048128445771
0.270650561551434 0.0828075923045872 0.295088293045547 0.351453553098433
0.312201808110775 0.209243877468893 0.116804099473705 0.361750214946627
0.344558860596635 0.0588059321853002 0.330321939205433 0.266313268012631
0.256728934381351 0.278619689522087 0.279529863790777 0.185121512305785
0.375172300209513 0.0998183314887942 0.33157645678923 0.193432911512463
0.465604362910856 0.276183746854807 0.103810210314493 0.154401679919844
0.263324060371902 0.336637465123305 0.190751083571799 0.209287390932994
0.250096329991685 0.324403978148586 0.265731120962488 0.159768570897241
0.125638765392919 0.280490787029929 0.18924969390534 0.404620753671812
0.16703876653664 0.265272729147012 0.319689134017441 0.247999370298907
0.335856943263807 0.225565458552826 0.0799368562626556 0.358640741920711
0.20037905420791 0.280096286769201 0.279531412727472 0.239993246295417
0.182854563257236 0.32234325345409 0.231653568407632 0.263148614881042
0.0428769075155029 0.0939203159728235 0.483825337852889 0.379377438658785
0.325222974609611 0.118160526327197 0.241800284533382 0.314816214529809
0.392213406538071 0.0550469044250129 0.14468174766563 0.408057941371286
0.466339484516997 0.168286097412454 0.173267133079012 0.192107284991536
0.466120944437276 0.469821251254852 0.0570428598624336 0.00701494444543807
0.0566907030584484 0.347566609597841 0.240001436941081 0.355741250402629
0.272780314074191 0.271554922676983 0.291285453248162 0.164379310000664
0.208266807796165 0.282952176049703 0.382150229615883 0.12663078653825
0.103412835365375 0.089081245942428 0.18870062264632 0.618805296045877
0.0498194465667848 0.397688141999758 0.42136809479815 0.131124316635307
0.223982739135064 0.0304769853420147 0.510552404235548 0.234987871287373
0.308151112607961 0.361082303539737 0.164560314321938 0.166206269530364
0.220069775555288 0.356393387321078 0.301751702992696 0.121785134130938
0.276726636053068 0.204588010549825 0.0320958001181266 0.486589553278981
0.185540464578123 0.0473470799220894 0.213007822476546 0.554104633023242
0.470084863368841 0.0188922307971155 0.219700041850892 0.291322863983151
0.710243564556595 0.234307445263628 0.0500004216694357 0.005448568510341
0.340962059108736 0.131672042019381 0.0956068700721148 0.431759028799769
0.0464773763603604 0.252490922450162 0.516669303809105 0.184362397380372
0.37081839788473 0.147055144909964 0.295974547038373 0.186151910166934
0.10987324755804 0.250712895525721 0.360740373959793 0.278673482956446
0.267574503925928 0.273310598981358 0.00857349539039053 0.450541401702323
0.154586734103776 0.394267989508858 0.29699247566972 0.154152800717646
0.127137790121046 0.249406312168494 0.0746831524820865 0.548772745228374
0.20095882677216 0.333975879308523 0.292691268828294 0.172374025091024
0.324522344170141 0.283867959456614 0.209463278988894 0.182146417384351
0.0334865112463407 0.0974071021104152 0.423123432210195 0.445982954433049
0.219272316480279 0.148116277034121 0.14841246649798 0.484198939987619
0.395655846332991 0.00303443823706758 0.378639957435397 0.222669757994545
0.0813139713106556 0.190184202221685 0.380644428979757 0.347857397487903
0.364257618568686 0.346643769060627 0.107759754091976 0.181338858278711
0.288129474900936 0.0688322134054039 0.395404343967093 0.247633967726567
0.332563647748807 0.245691984018326 0.260850572731642 0.160893795501225
0.24912263224897 0.185886688885301 0.317150979959396 0.247839698906334
0.247194343226299 0.388663136672892 0.26530579653427 0.0988367235665388
0.523164608073424 0.297586886048631 0.0761476056378333 0.103100900240112
0.0107294149866204 0.132713316351991 0.833163279103921 0.0233939895574671
0.192146013619129 0.387290560223813 0.274432218386728 0.14613120777033
0.348392862635208 0.222967651946658 0.230639474890804 0.19800001052733
0.0368211360118404 0.36972980726421 0.263543731119467 0.329905325604483
0.248136191663013 0.344663564093698 0.157895664284786 0.249304579958503
0.231649829721263 0.388758947616914 0.23304844392896 0.146542778732862
0.252279098412461 0.195258926441222 0.382985237335868 0.169476737810449
0.448058990063747 0.394798251635165 0.0663313966896896 0.090811361611398
0.441770801127106 0.0407944943308057 0.13801829146482 0.379416413077268
0.280825382243936 0.332225975970789 0.364232799616594 0.0227158421686798
0.0942924843667689 0.114435443415011 0.413861142242381 0.377410929975839
0.392884465677253 0.0571806448737571 0.211014037344497 0.338920852104492
0.349947949123788 0.357709847672983 0.263462668345613 0.0288795348576163
0.260446660422986 0.524090622635413 0.0929057814956673 0.122556935445935
0.265113174317724 0.224515770060386 0.306920042899422 0.203451012722468
0.550103158037876 0.0781564678132449 0.337347097824337 0.0343932763245421
0.070226123928259 0.362741717991654 0.196270582633875 0.370761575446211
0.192499786634068 0.15460608355199 0.25561193453176 0.397282195282182
0.309905486138298 0.214505140702989 0.180681456769698 0.294907916389014
0.165176853174188 0.0565869506933599 0.0287175373529144 0.749518658779537
0.28445967097454 0.197854911450156 0.133964628410751 0.383720789164553
0.452486334125399 0.0209010076874874 0.455074550400235 0.0715381077868781
0.0828556775444992 0.270108893893478 0.480749770396966 0.166285658165058
0.451961042424677 0.167661756221857 0.150308826677721 0.230068374675744
0.0659597497540272 0.201530878160758 0.309932841567347 0.422576530517868
0.108805562703753 0.484736136837851 0.167441879047259 0.239016421411137
0.0607773181966693 0.202904088336841 0.312842294961157 0.423476298505333
0.513904200013021 0.209114143880517 0.13628630752633 0.140695348580132
0.278275962854813 0.138079910282341 0.0927310056401339 0.490913121222712
0.41906310431023 0.456656552185337 0.0506618618457042 0.0736184816587288
0.355268135125142 0.130409266236505 0.251330029715408 0.262992568922946
0.0579718022494579 0.241168772756854 0.291602374480755 0.409257050512934
0.321271490275937 0.0636480906278456 0.371618755978895 0.243461663117323
0.162364605691322 0.116172537463812 0.687881615069427 0.0335812417754392
0.11012269238427 0.134809217787912 0.471372132127978 0.283695957699839
0.16519686386294 0.336471210184682 0.325863431272393 0.172468494679985
0.304994848356801 0.0770326713961196 0.324901406763049 0.293071073484031
0.172233359733535 0.0283888217830718 0.438026853552688 0.361350964930706
0.00145303944886082 0.4748929511228 0.0519294527517686 0.471724556676571
0.252088288427699 0.513351311498375 0.214396703091854 0.0201636969820726
0.0378152085108525 0.736945808584439 0.217877629089248 0.00736135381546058
0.390079082192048 0.372783790257666 0.131255087104773 0.105882040445513
0.332248795261649 0.415897403056974 0.226653884678806 0.0251999170025706
0.258768793866925 0.100729749021759 0.223962907403312 0.416538549708004
0.224699581712007 0.31744855168883 0.0894224941193657 0.368429372479797
0.574385312785943 0.236184105125149 0.0451596471571811 0.144270934931727
0.122317847130728 0.325491079418242 0.403771291252285 0.148419782198745
0.22221116569308 0.309681350337576 0.210669229284348 0.257438254684995
0.338914992973101 0.0708451764529517 0.230735611042867 0.35950421953108
0.408105402237059 0.0430886914094344 0.442834959973819 0.105970946379687
0.395437494949093 0.199011129860097 0.281508373087065 0.124043002103745
0.132622521010518 0.158430507745044 0.5267753308229 0.182171640421538
0.236734255717342 0.213714213835956 0.35699578708896 0.192555743357742
0.270614796433432 0.374896444713793 0.283322977187547 0.0711657816652284
0.00112236449110891 0.192246810696965 0.316373937169746 0.49025688764218
0.239491018790238 0.401372699940008 0.310754097115063 0.0483821841546913
0.129459209003591 0.316264940532977 0.301346343956075 0.252929506507357
0.00754935668796679 0.050606684554139 0.437041652592807 0.504802306165088
0.0916245827889737 0.250758328557517 0.313002878877683 0.344614209775827
0.236706213042687 0.112130870606864 0.301032847182448 0.350130069168001
0.396973609027816 0.193830410693848 0.208179943329109 0.201016036949227
0.354460631001822 0.224256640570551 0.266237624639996 0.155045103787632
0.245993231170048 0.258877219457844 0.0992470915813143 0.395882457790794
0.176312816964781 0.0120263865467072 0.446920131054007 0.364740665434505
0.0757740725368503 0.502642908205927 0.329111035933267 0.0924719833239555
0.113063234686408 0.11424718177336 0.446201943847198 0.326487639693034
0.316364123570987 0.437549596083518 0.11216485829286 0.133921422052635
0.231429245254334 0.541758976003544 0.051686150007773 0.175125628734349
0.285562168254393 0.0355556905824633 0.209348390071638 0.469533751091506
0.293979287223851 0.32453336861379 0.0415680711257602 0.339919273036599
0.441204252720751 0.228093742322752 0.233999425952086 0.0967025790044112
0.100570614035983 0.272146050410441 0.280738702754878 0.346544632798698
0.478326012662972 0.198654626221472 0.0284504580210521 0.294568903094504
0.544418689117306 0.344130476050414 0.0443897014987071 0.0670611333335734
0.204500944235137 0.409413325568073 0.323428671132088 0.0626570590647015
0.11114236232279 0.639349116665415 0.0695123527461773 0.179996168265617
0.0531916490472349 0.213675112820865 0.41411186524547 0.31902137288643
0.210062304935089 0.322623693572849 0.215242408591476 0.252071592900586
0.384702146780886 0.00760962698879157 0.126738518105468 0.480949708124854
0.387215613179472 0.230199682611994 0.0694913242260492 0.313093379982485
0.180406149936895 0.243789741917618 0.297715396370948 0.27808871177454
0.157521989148057 0.119009096530813 0.517927302917477 0.205541611403653
0.092808503368929 0.174262286635049 0.33367988569542 0.399249324300602
0.399405561422183 0.09469358571517 0.295175951727509 0.210724901135138
0.179128265259547 0.0423319589095489 0.420724882898733 0.357814892932172
0.288844493351815 0.129224478406146 0.223011577008354 0.358919451233685
0.24252639175018 0.120891494972843 0.29075367786996 0.345828435407017
0.496423446003489 0.0637809422927864 0.40430325471556 0.0354923569881641
0.0837084899847554 0.281613496989213 0.290585808881483 0.344092204144549
0.177379375289602 0.141746093084291 0.278672623204361 0.402201908421745
0.13813915590336 0.443095102655381 0.150061719082874 0.268704022358384
0.355607586893332 0.353566680887787 0.0669286167074893 0.223897115511392
0.319042097427343 0.175546124596403 0.212819221867285 0.292592556108968
0.149315998943924 0.303465803871876 0.28770779675516 0.259510400429041
0.204016450932791 0.439622581648646 0.344108216241203 0.0122527511773601
0.21447725284073 0.256160386688905 0.214423736900896 0.31493862356947
0.274513545156176 0.0698889951862612 0.255812949679108 0.399784509978455
0.096493256303985 0.39715360498385 0.091839724840292 0.414513413871873
0.155772524794446 0.296139903349584 0.222599474767442 0.325488097088528
0.0591152685692565 0.479653748813076 0.344336000975173 0.116894981642494
0.34640785924064 0.114767246994478 0.19040921950587 0.348415674259012
0.177148996700594 0.535160708653636 0.0145531445835938 0.273137150062177
0.218805130058676 0.164957591483335 0.451089046380363 0.165148232077627
0.0071572944064663 0.551408330971473 0.150201679048513 0.291232695573547
0.364150980674285 0.0570539195510911 0.323476712615428 0.255318387159195
0.200103301363456 0.081919431200219 0.385632984729719 0.332344282706605
0.298357336483867 0.262164051646338 0.1907229416181 0.248755670251696
0.178598746292851 0.0960443694350784 0.357173295308687 0.368183588963384
0.123601373941712 0.271214328116792 0.104175580872138 0.501008717069358
0.311417386657153 0.33613298806177 0.142049945363832 0.210399679917244
0.456151715787385 0.0810244878521018 0.364022858573393 0.0988009377871205
0.0763598704228139 0.343191070303828 0.313532437632204 0.266916621641153
0.204905598107615 0.174226224990292 0.303045276388723 0.31782290051337
0.415300419691195 0.031449524722903 0.464151655395596 0.0890984001903059
0.0535256290480952 0.198084930173005 0.485191385595601 0.263198055183299
0.031822802913779 0.330447752121221 0.284396462319224 0.353332982645776
0.394746546447414 0.0901333765166926 0.39931449038426 0.115805586651633
0.118442607577119 0.374176805875736 0.389650435561996 0.11773015098515
0.243634389217214 0.229192022884493 0.328636794023071 0.198536793875222
0.474903383102075 0.418109907098813 0.07693438504437 0.0300523247547418
0.569103191706527 0.191951522748972 0.153949480609297 0.0849958049352036
0.347043139082754 0.22958272551274 0.403854111463839 0.0195200239406665
0.524938629185385 0.211921016561009 0.0148737243818255 0.248266629871781
0.109586090058509 0.322379780269454 0.320050738950396 0.247983390721641
0.140839452558955 0.340929930730414 0.35532834589256 0.16290227081807
0.166624433810016 0.36547831760799 0.312213388233885 0.15568386034811
0.391047583912716 0.149606843977715 0.0308753489961426 0.428470223113427
0.0774511776300974 0.395962222776157 0.264068178274191 0.262518421319554
0.45293917319938 0.23424439932025 0.039806804756803 0.273009622723566
0.26119414478292 0.0911502812417909 0.318728639098633 0.328926934876657
0.338678844453508 0.209481876431298 0.229942944716333 0.221896334398861
0.148971712274655 0.16629924841088 0.337079754802197 0.347649284512269
0.155767515040159 0.330189484163392 0.224948765481106 0.289094235315344
0.133048141054839 0.399215155769481 0.156382316997955 0.311354386177725
0.0920562084079504 0.255389373585854 0.337872791214685 0.314681626791511
0.231356236667027 0.0878727090820615 0.262595716987003 0.418175337263909
0.13589068298508 0.403119717554118 0.0834979566435907 0.377491642817211
0.273099796622174 0.413402956189 0.149877902233531 0.163619344955295
0.159990543098896 0.324970226360431 0.231847203897323 0.28319202664335
0.445331600234944 0.358021635387368 0.180749287784745 0.0158974765929425
0.362817758157593 0.144931847764355 0.354778107331164 0.137472286746889
0.147576859870723 0.228149300960675 0.35936992504859 0.264903914120012
0.249858817795787 0.24586406466719 0.195048492165292 0.30922862537173
0.058345029207005 0.40354668609145 0.175809498494456 0.362298786207089
0.253396308155595 0.253252870483859 0.319557397148267 0.173793424212279
0.532574234745327 0.065824931152606 0.202169676240137 0.19943115786193
0.203525604387688 0.313876145400648 0.311019353726175 0.171578896485489
0.574996933016771 0.236030088634329 0.082017593408505 0.106955384940395
0.19734684750966 0.0162987904754508 0.365221342843824 0.421133019171065
0.111622618874323 0.114254764933892 0.331807567876332 0.442315048315454
0.499102640543839 0.247908777054403 0.199070882072764 0.0539177003289937
0.0121811277426439 0.0198189105239924 0.515576125176088 0.452423836557276
0.330839377076614 0.35277607698464 0.0778449416273909 0.238539604311355
0.269927857767829 0.301698566625356 0.116351891448791 0.312021684158024
0.118323386562987 0.167675149266222 0.59289360468354 0.12110785948725
0.057581155995748 0.0640930537800177 0.0158759317212203 0.862449858503014
0.313414870668038 0.357061635775047 0.279840178992964 0.04968331456395
0.288925528948091 0.151398254235098 0.00305833633135324 0.556617880485458
0.119807199565536 0.458363843739561 0.36127232377216 0.0605566329227438
0.317312227840009 0.207730424441731 0.178335721952437 0.296621625765823
0.0525559122945675 0.0151575077768854 0.445933387121954 0.486353192806593
0.339897314690339 0.307645201362484 0.230293587399022 0.122163896548155
0.211949196531726 0.310105277608888 0.404599555920655 0.0733459699387312
0.370968480386815 0.172749405134282 0.0207525861185451 0.435529528360358
0.144409851382716 0.472497290004265 0.205436871200609 0.17765598741241
0.246569705669421 0.0531696574883581 0.441210663069668 0.259049973772552
0.11156685607426 0.219103967141621 0.414441436275426 0.254887740508693
0.189857578875107 0.153381725271355 0.354460641132588 0.30230005472095
0.0659984819079159 0.347652898653579 0.341048112508825 0.245300506929681
0.205008819348871 0.027926253111517 0.428996842385427 0.338068085154185
0.239664194313976 0.192537725387771 0.288149361507211 0.279648718791042
0.234717896354376 0.384204841837668 0.0578465674063328 0.323230694401623
0.374781173531843 0.243785230555068 0.256450353708315 0.124983242204773
0.23307513750997 0.02985260812599 0.536740627322887 0.200331627041152
0.182956133454077 0.0642854993282464 0.182723010787635 0.570035356430042
0.292030304908074 0.412275270785941 0.227961655588269 0.0677327687177156
0.231282765544017 0.0894768273738449 0.348897520054053 0.330342887028085
0.368678942015104 0.194062282725456 0.355512093121067 0.0817466821383718
0.186391768471886 0.366632135072669 0.386214193936234 0.0607619025192112
0.189164314519071 0.205213968152061 0.332047178687265 0.273574538641603
0.0338706848942433 0.182476110260768 0.302955394949784 0.480697809895204
0.192366175804003 0.327128623329083 0.15949045102091 0.321014749846004
0.0235215728038695 0.195727637663086 0.579891377577847 0.200859411955197
0.324620213592651 0.238433957437208 0.132993939295281 0.30395188967486
0.195571699827096 0.228695085977603 0.398546022190598 0.177187192004703
0.284268727570482 0.325301022479216 0.258292052219218 0.132138197731083
0.103360406579148 0.28252121322732 0.342475441451529 0.271642938742003
0.293087549906664 0.114753880622632 0.301612296772713 0.290546272697991
0.0714827361441436 0.160073779756723 0.396282830203966 0.372160653895167
0.155490146339623 0.344524417217885 0.30896327395659 0.191022162485902
0.407922438345757 0.145622423490507 0.0344712531434498 0.411983885020287
0.393399528268056 0.0705906886440935 0.259586246152893 0.276423536934957
0.174121648231496 0.198229450135632 0.259017351215014 0.368631550417858
0.432812599320227 0.0862829756710335 0.126291238793472 0.354613186215268
0.0533002421551157 0.330742612453212 0.180301354566902 0.43565579082477
0.245532769603871 0.353520789709837 0.354792065597218 0.0461543750890752
0.270713484925399 0.324242249604982 0.403992606500688 0.00105165896893184
0.495125242839329 0.11481528062228 0.340158756998712 0.0499007195396785
0.440755268096611 0.101122669642268 0.444590605440499 0.0135314568206215
0.377907459383226 0.285766207628767 0.129240529881757 0.20708580310625
0.0891886243937503 0.310763561240789 0.31199638468662 0.28805142967884
0.205280270988428 0.0767123510287094 0.299131731049232 0.41887564693363
0.303072412963781 0.160463283684043 0.225271768143078 0.311192535209099
0.264830399417994 0.602472297842303 0.0204319873673914 0.112265315372312
0.219733938988253 0.337695231170733 0.117441252831768 0.325129577009245
0.177962423021275 0.283052871399212 0.534752578214294 0.00423212736521886
0.36515716264478 0.208392677566866 0.289609084159978 0.136841075628375
0.156558584669654 0.359645368525362 0.264612571247827 0.219183475557156
0.248923622542211 0.247328033755901 0.381449173595209 0.122299170106679
0.330008788917631 0.267479789714939 0.297606049810961 0.104905371556469
0.276918557253287 0.109848982502738 0.413927469049819 0.199304991194155
0.239794215851134 0.320563176503551 0.434573000613813 0.00506960703150065
0.260629794075651 0.295364269529444 0.29317246578989 0.150833470605015
0.268983056905592 0.0339741059318951 0.440373678910215 0.256669158252298
0.688373992917603 0.0267534505016017 0.0265206399922795 0.258351916588516
0.232060630388932 0.270074029370368 0.333394381720096 0.164470958520605
0.278217646984378 0.326981903621183 0.376942866159473 0.0178575832349657
0.158254669959316 0.661256816179367 0.00922026946644519 0.171268244394871
0.175977185946536 0.396834640818138 0.350044119541339 0.077144053693987
0.052510478413732 0.264411683189624 0.321751920170265 0.361325918226379
0.126333223164951 0.526631886189791 0.33627656090547 0.0107583297397878
0.142249758860711 0.431596255089949 0.239628395216282 0.186525590833057
0.0164885305693089 0.0690018379044897 0.292684268492668 0.621825363033533
0.242523876132116 0.0527995364209207 0.435371114822536 0.269305472624427
0.371614234988111 0.296696280627992 0.0429381022141058 0.288751382169791
0.326573096446146 0.15487092694942 0.145952485724712 0.372603490879722
0.282902669579288 0.131648156147626 0.239816686887149 0.345632487385937
0.0177647907738052 0.0342714924439983 0.507453344508337 0.44051037227386
0.203520943297012 0.134036578802742 0.399699520124947 0.262742957775299
0.0184137308232283 0.287874211167255 0.389397864277026 0.304314193732492
0.12314236018668 0.0552500580936822 0.769773426013916 0.0518341557057214
0.0499992349297666 0.206178775048848 0.441388456139737 0.302433533881648
0.194568169522452 0.4615406461405 0.115891462949162 0.227999721387886
0.15760437988612 0.306177483823191 0.369975551607228 0.166242584683461
0.36990167425282 0.532692735467521 0.00511856178966736 0.0922870284899919
0.354515785608677 0.0483695594155573 0.274942233496408 0.322172421479358
0.336729262248561 0.00538337582022914 0.339355313065045 0.318532048866165
0.388727127243426 0.180003882781012 0.394534016105593 0.0367349738699697
0.339810720417371 0.266460457299813 0.304973904376524 0.0887549179062919
0.121360436873086 0.269171886194258 0.572847598731243 0.0366200782014126
0.252262139203774 0.242529834422648 0.0456284796424986 0.459579546731079
0.435323200926851 0.391589844083212 0.167757492550917 0.00532946243901958
0.0820554426215843 0.372523299772097 0.174594262131929 0.370826995474389
0.375603358370519 0.106200274200748 0.117237542475076 0.400958824953657
0.290012649204923 0.0870506314316805 0.33194049788184 0.290996221481556
0.148723039925171 0.148941055574305 0.502796275978539 0.199539628521984
0.0405141141863316 0.38672623640198 0.242176120222104 0.330583529189585
0.512138716577982 0.345541270694594 0.0901838004324474 0.0521362122949768
0.0971161186439571 0.60314898633362 0.201779847701618 0.0979550473208051
0.308765910933237 0.0657652089364565 0.282930201137695 0.342538678992612
0.501313882270101 0.19872988334278 0.14014586721523 0.159810367171888
0.383755475135344 0.0985683854436957 0.36419199471876 0.1534841447022
0.388399122278815 0.00856363717465223 0.31750720621369 0.285530034332842
0.213521468110334 0.0706475901353268 0.335277735994865 0.380553205759474
0.125135027970743 0.407485415529195 0.320040025999655 0.147339530500406
0.394072911320355 0.0592071547533131 0.154380612137078 0.392339321789254
0.343767943775833 0.069142238152692 0.277831298479506 0.30925851959197
0.610966542859029 0.211202712487557 0.105438364727719 0.0723923799256947
0.373728369656501 0.0192347353166199 0.105936902696817 0.501099992330062
0.307018377830608 0.220103283826935 0.381390161898329 0.0914881764441279
