0.282700042022643 0.1087850616274 0.0712663314411723 0.262317310458101 0.274931254450684
0.189255086682395 0.270195850425849 0.256417717282916 0.244963383532758 0.0391679620760818
0.0751873040840122 0.0771421755594734 0.100232562313994 0.3185242663803 0.428913691662221
0.129509316932693 0.196381208049501 0.25166367025975 0.114971200936191 0.307474603821865
0.238380134131425 0.153338568861588 0.220670348216288 0.265894502724062 0.121716446066637
0.0444610831665153 0.444728404249613 0.258615681302258 0.0518866184479676 0.200308212833646
0.295080615886196 0.158176857313257 0.392991400921506 0.105152789428124 0.0485983364509178
0.212443629761359 0.0731097733396447 0.226046016079495 0.220189542255637 0.268211038563864
0.33803052216115 0.156604225631683 0.168980375562074 0.17980093618584 0.156583940459253
0.315196143019492 0.235856833321735 0.047305566959561 0.189749096536498 0.211892360162714
0.23226125855857 0.0152476656574967 0.00647779906122548 0.364582809335052 0.381430467387656
0.156071574048252 0.0458093623665566 0.248368756261603 0.343645836942935 0.206104470380654
0.296650640609898 0.051523554336816 0.268019564740818 0.0420488176588789 0.341757422653589
0.111034132431279 0.0962505942604205 0.352277912711776 0.185988854707196 0.254448505889328
0.040368195077304 0.0414262708258597 0.492903445666126 0.31111976574415 0.11418232268656
0.344864306505511 0.0671480706288498 0.139743907558205 0.258317185868689 0.189926529438745
0.0497773028009772 0.0992891374163739 0.149551156258716 0.204276664833146 0.497105738690786
0.171162489083249 0.20466681729946 0.205691047138002 0.139473836905888 0.279005809573401
0.233322134748763 0.00140794717436263 0.352271895124213 0.166786729625233 0.246211293327428
0.180686566365862 0.0971262660876704 0.168066384568518 0.246888017398429 0.307232765579521
0.364572796736024 0.191693874577149 0.06189236127296 0.209472956615979 0.172368010797888
0.0733670169440033 0.157175633867457 0.344459574634459 0.107170306930459 0.317827467623621
0.250983278427439 0.147319432790144 0.133611464284191 0.209857209657689 0.258228614840537
0.0881367958606567 0.366760322600873 0.069761314852877 0.285068465045036 0.190273101640557
0.262928829622255 0.169169965164118 0.237188435374467 0.0763556301504485 0.254357139688711
0.228995191505194 0.254782712784446 0.133523388479779 0.312034963132691 0.0706637440978903
0.10868525799092 0.41406664387159 0.267467660428066 0.0551075671966367 0.154672870512787
0.396332839795752 0.173182558407965 0.215402832382852 0.0703321443669269 0.144749625046504
0.0410029488879633 0.343368587008453 0.119653966558136 0.194219320072345 0.301755177473103
0.269602876815181 0.35439842283897 0.0921071907576933 0.111847271959235 0.17204423762892
0.0719948332179393 0.43078124176018 0.0820563833299851 0.108512592599192 0.306654949092703
0.0260478166105362 0.327476114311828 0.285423983007119 0.327519479477605 0.0335326065929111
0.0292190662179702 0.339880739871192 0.226433737382037 0.23074471969175 0.173721736837051
0.299916774506565 0.244119345289318 0.126635322914642 0.104505831691479 0.224822725597995
0.0868929121545555 0.318453049541923 0.115647648353425 0.25869252827102 0.220313861679077
0.00854274866613794 0.283217289129746 0.226475393197314 0.202910374429515 0.278854194577287
0.0196615261175022 0.30986394994753 0.118216098766169 0.254173872025056 0.298084553143744
0.106170652859894 0.310872311043215 0.170057876921624 0.106375304282773 0.306523854892494
0.437347144005487 0.156917222956696 0.074832702408943 0.299738517149281 0.0311644134795927
0.0144038201130506 0.331397663106181 0.259241154410858 0.229193843326948 0.165763519042963
0.065608112530233 0.130549043214389 0.509371860455641 0.127102982520676 0.167368001279061
0.284822985803821 0.215972573806719 0.0440944214338818 0.133927384263768 0.32118263469181
0.404675678331522 0.0471016671735056 0.160807814984415 0.302150206069428 0.0852646334411297
0.0219916627607333 0.249006912453326 0.414099252996133 0.138387503366635 0.176514668423172
0.359007648883687 0.242382654776605 0.0954833407074956 0.00783220008630274 0.29529415554591
0.148827459384858 0.294368889858031 0.197592748334017 0.110236199624054 0.248974702799039
0.0060620916490858 0.0527398360453482 0.23452264519018 0.219083103766271 0.487592323349115
0.253772017035054 0.223219894632743 0.253436849124406 0.0704624364244821 0.199108802783315
0.417731976846069 0.180041889135939 0.171784782525098 0.139689468261478 0.0907518832314172
0.161982269257463 0.0849800617006281 0.274965484828526 0.174154615720035 0.303917568493348
0.0967548888929879 0.176191647859634 0.412421031859255 0.0160026132144137 0.298629818173709
0.0961577568316619 0.112164083115034 0.147403959452682 0.0809923656841564 0.563281834916466
0.0812896006509328 0.491383768742137 0.0805622026202073 0.0273234940713439 0.319440933915379
0.345785256218757 0.028491966613759 0.299765598070386 0.237961325296005 0.0879958538010926
0.228216101438007 0.244980576355384 0.26061741990157 0.252322187155143 0.0138637151498957
0.067026638230987 0.265698575776573 0.347333477305042 0.0612030368141972 0.258738271873201
0.413298864201366 0.38510572934908 0.0291762806657009 0.10500539730469 0.067413728479164
0.339715718910344 0.123068543524216 0.0219741477232164 0.202575579233686 0.312666010608537
0.12656749521045 0.197863386816752 0.212370462819652 0.132675825083704 0.330522830069443
0.204399945571306 0.0865443246672345 0.0337920703280839 0.319041078056566 0.356222581376809
0.301959234123269 0.298581526501799 0.150441334991222 0.0468371399723437 0.202180764411366
0.00413085278972513 0.30379222323482 0.0290186368590605 0.366436331353877 0.296621955762517
0.0467893821702066 0.376681183331509 0.0845330133489321 0.233740295073231 0.258256126076121
0.219402243651825 0.240469140927003 0.131613423481419 0.0744409839838966 0.334074207955856
0.265061654166463 0.237983061071988 0.165439390741274 0.120848299648016 0.210667594372259
0.0731885885117298 0.333103451791147 0.243171892265366 0.146392178637957 0.2041438887938
0.336779205189431 0.111313294622763 0.175926482307839 0.134199394145201 0.241781623734766
0.216956930474146 0.122744018876326 0.290356191909609 0.0530103237034782 0.316932535036441
0.386953995705373 0.0243082467805116 0.541700617713971 0.0230145080318568 0.0240226317682871
0.341228310269497 0.0365798604051044 0.0621737886506835 0.0378584876234232 0.522159553051292
0.074504813754459 0.289929314655975 0.104897373560736 0.171251213412018 0.359417284616811
0.0814275003687769 0.161814545015072 0.244227787692494 0.167528753156977 0.34500141376668
0.061746866325704 0.37868534467159 0.221574060716652 0.23201532196016 0.105978406325893
0.178035216642951 0.0495799435550216 0.0142616995099843 0.552565341597952 0.205557798694092
0.273971839746533 0.149543050375142 0.222743607186424 0.128626344581111 0.225115158110791
0.0674085790596219 0.255956678899723 0.310521446386497 0.0909055486145885 0.27520774703957
0.0166242641161604 0.46294606554465 0.0350245875132368 0.468344159220646 0.0170609236053063
0.270522254287289 0.250486011566318 0.115655216466951 0.082202734626616 0.281133783052826
0.0999222356796478 0.18528595596201 0.32128689282202 0.181993122849558 0.211511792686764
0.30915682728153 0.0160067656928238 0.168073615542471 0.212761797543045 0.29400099394013
0.0606165315802327 0.330433879908032 0.170718588805607 0.374505901085555 0.0637250986205728
0.385513249202793 0.00364488564368806 0.249333817447472 0.189607829994203 0.171900217711844
0.337886423890481 0.161586670454759 0.249184610650582 0.134700024511757 0.116642270492422
0.177720795142658 0.221364554836877 0.0465977631103408 0.326101179292239 0.228215707617885
0.168648983930731 0.335962511862757 0.319456441216403 0.0530765440348842 0.122855518955224
0.0965707364476975 0.107500913724384 0.244510301871913 0.345463502842261 0.205954545113746
0.306807986395784 0.144003234472882 0.0245134207207123 0.290276994263867 0.234398364146755
0.20622898596666 0.269282641538235 0.179821676683938 0.00200077559429963 0.342665920216867
0.292951952572456 0.0834114620847905 0.216714758185087 0.268162281431978 0.138759545725688
0.34923282799482 0.0830766551263665 0.247126553597116 0.211445823149282 0.109118140132416
0.129141313748986 0.246296444456496 0.256178909392611 0.219153063534677 0.149230268867229
0.147788563884059 0.197474282033275 0.254282781284577 0.0151556499320234 0.385298722866065
0.126282499698919 0.283820065910706 0.119986426779127 0.256030796940912 0.213880210670336
0.258615529110057 0.17993728854876 0.103475103513275 0.24212816265923 0.215843916168679
0.266833830509053 0.0585555349977424 0.25483161223582 0.180198652487829 0.239580369769555
0.267714547591981 0.0613816635337369 0.287495067684778 0.296633670289429 0.0867750509000757
0.00159743174720886 0.251412028084573 0.387966724610773 0.0252742980372674 0.333749517520178
0.111320454077283 0.258505138297602 0.422453592133413 0.197714585481373 0.0100062300103278
0.298429094503954 0.0246886731848083 0.177430645503687 0.154624135007593 0.344827451799958
0.308642785920722 0.0735109502242016 0.327354514281489 0.082978815361731 0.207512934211856
0.138677150859655 0.376933726901424 0.0320397860206553 0.351389036178309 0.100960300039957
0.0599968864141036 0.291342508930566 0.28521092417523 0.110426514937039 0.25302316554306
0.100186598035862 0.0825865427048577 0.240666429017777 0.280673770380709 0.295886659860794
0.282797155584681 0.101256917995488 0.18783407079319 0.215666432306816 0.212445423319824
0.330170539211331 0.108754052424319 0.197074949162167 0.277428150450502 0.0865723087516807
0.175289977627209 0.390217593006232 0.116636613732859 0.24131418285295 0.0765416327807505
0.0101183170372857 0.34466680883297 0.00665039956355892 0.337466660046691 0.301097814519494
0.0604479351901806 0.423161178346342 0.194493218445833 0.0764225456676481 0.245475122349995
0.37390220712211 0.149101299453283 0.225724192686544 0.124622830041268 0.126649470696794
0.301575758010869 0.198200469298484 0.138928514187768 0.190866285927963 0.170428972574916
0.31047642293121 0.421941090791386 0.0185690227785731 0.176917163915637 0.0720962995831928
0.0341744215759031 0.0120395549101272 0.328376467022271 0.280632296713677 0.344777259778022
0.351015710397328 0.00182484878993536 0.239401454953218 0.193847778154439 0.21391020770508
0.0805695794211044 0.276076894783273 0.1928921108926 0.222243208951592 0.228218205951431
0.324300430842193 0.0641273150338269 0.0622307839978746 0.265339773204572 0.284001696921534
0.345315652436892 0.0688943726461368 0.145517210623876 0.385575238490123 0.0546975258029722
0.203830994781189 0.33864063113931 0.271444839196186 0.123100751700211 0.062982783183104
0.177745024269807 0.191016417773317 0.184532739870032 0.230231669321837 0.216474148765006
0.207913977245119 0.178084374056126 0.143052099783281 0.302166979832875 0.168782569082599
0.147864027215925 0.148198474396768 0.399071148161816 0.0278095605149725 0.277056789710518
0.00534916044903585 0.213308290937365 0.103016173304274 0.246937792084832 0.431388583224493
0.348845983138131 0.102326584000676 0.332615772878866 0.0402847382922022 0.175926921690125
0.034694082517898 0.266355371501535 0.182274473654502 0.435933614838979 0.0807424574870863
0.257257629371192 0.144596668443131 0.254170883819749 0.0845346459155209 0.259440172450408
0.0844720263801605 0.112296691258051 0.00694872424878033 0.353599942945162 0.442682615167846
0.10561636607963 0.439208661148005 0.10563252681399 0.058450067456042 0.291092378502333
0.335678020703753 0.27821840139037 0.086740614933498 0.117004137083773 0.182358825888606
0.18988835918929 0.46285848667992 0.151025518061112 0.157535725699405 0.0386919103702728
0.265749446360656 0.056351553594222 0.262422470105891 0.0692950092298164 0.346181520709415
0.278841554284168 0.224953034029913 0.0813297597305793 0.371435719960393 0.0434399319949458
0.170747646935621 0.236762857246112 0.322647360738655 0.136280533259703 0.133561601819909
0.36028700552945 0.193885426139546 0.235372106831595 0.192501924336264 0.017953537163145
0.108719883025198 0.19640170379855 0.273250114005646 0.162138077399048 0.259490221771557
0.0445154311679504 0.202659480458954 0.297831720783799 0.302562502958131 0.152430864631166
0.0524678772535671 0.326100500992453 0.316722719343825 0.206037268736216 0.0986716336739385
0.201828545799367 0.106756716829882 0.371930066383653 0.106863939578494 0.212620731408604
0.28408266771371 0.218546762747785 0.00993199244791007 0.284355130672343 0.203083446418252
0.118281978999026 0.257526371034345 0.211459111990643 0.176428548291512 0.236303989684473
0.236283832527472 0.226639358399466 0.169531951075484 0.20319738828974 0.164347469707838
0.207734840075466 0.251781105853933 0.20717974174731 0.171948006989494 0.161356305333797
0.0390639248822048 0.0688638080910223 0.130716140433211 0.564974970224864 0.196381156368698
0.116658257027535 0.160887536622243 0.256442647550789 0.374654192284282 0.0913573665151509
0.0616133681131349 0.224818496363374 0.401328941230751 0.166661618419338 0.145577575873402
0.105256560806959 0.257106003067167 0.375298152513656 0.210853771791462 0.0514855118207562
0.330467357567238 0.227501681738053 0.277266536276838 0.0503382356599142 0.114426188757956
0.36670914567279 0.145699176240407 0.0763777338508379 0.0385274652015503 0.372686479034415
0.277877217792482 0.246045398318 0.0363760370012227 0.333304636844304 0.106396710043991
0.272346170507541 0.00989253530912198 0.290766952836526 0.193802326295457 0.233192015051354
0.284180106325102 0.269693165591851 0.154163429205553 0.00420857353770872 0.287754725339785
0.272823577609876 0.236035066511395 0.210836243903268 0.16347763997145 0.116827472004011
0.0132725460074967 0.253910402520608 0.293519564160997 0.123552180869585 0.315745306441313
0.200253694437766 0.21928964237676 0.236074616122597 0.236332268554314 0.108049778508562
0.162964624405993 0.22903775127137 0.453120997063373 0.0238379738176309 0.131038653441634
0.371951171027461 0.0922843345733121 0.357295819634983 0.0228750576446525 0.155593617119591
0.218004923759536 0.205878942436273 0.0631845418970922 0.337336861234614 0.175594730672485
0.276680804702872 0.197117699505794 0.0904360270151878 0.236646735620788 0.199118733155358
0.0577118552103408 0.0835928394390666 0.138666163127699 0.656722029274466 0.0633071129484283
0.246258246443284 0.21390050601512 0.238135536232288 0.129608710810995 0.172097000498313
0.211646737359242 0.249694322174033 0.248115679924116 0.174407201597925 0.116136058944683
0.378046023290924 0.191836729485543 0.409679515747597 0.0124134824556915 0.00802424902024391
0.205165223476786 0.084290307314513 0.245227322166091 0.215822105610329 0.249495041432281
0.347434751949316 0.31998422629648 0.244073424260745 0.0124021387142872 0.0761054587791712
0.330771158526475 0.0682264211245777 0.0579921940323613 0.250458572374488 0.292551653942098
0.215654134804536 0.119474297672164 0.25811391585169 0.0313259322539112 0.375431719417699
0.158177752249501 0.240684569354191 0.0788866290556384 0.34100511568542 0.18124593365525
0.396449741263562 0.0166764374328409 0.0799902991166417 0.381971519883216 0.124912002303739
0.231523971497529 0.0931972814260623 0.208881428304292 0.262568268616978 0.203829050155138
0.351273296525908 0.176601134059272 0.0709617382640678 0.0471492022026007 0.354014628948151
0.250302894478882 0.0517786761073556 0.117872337903066 0.49716685973415 0.0828792317765471
0.168844476310596 0.168023243756761 0.243781078050402 0.156145422488438 0.263205779393803
0.143790088948787 0.235361499376066 0.211802265159218 0.270995362843796 0.138050783672133
0.302209659310652 0.0955460736833082 0.303728683660286 0.0333819832373621 0.265133600108391
0.0903108716857518 0.285110740507313 0.231585570513008 0.124527149655986 0.268465667637941
0.114246778463098 0.226796613893658 0.261357644923379 0.0819727328819237 0.315626229837941
0.136185371747356 0.269499825579049 0.295280165150104 0.096981751535567 0.202052885987925
0.197300984345956 0.100502680075618 0.354192001669114 0.193545203126779 0.154459130782534
0.0493130817405494 0.250386856040693 0.144236977688723 0.159516904543973 0.396546179986061
0.183429383195088 0.142318735632163 0.279577428101717 0.182499440816478 0.212175012254554
0.310930861041709 0.0723038890877007 0.269479976615803 0.100186650502239 0.247098622752549
0.0920324844245839 0.185704029350293 0.286638571031339 0.392113946228351 0.0435109689654326
0.268497345778706 0.0453415439568658 0.334937489694937 0.224030002289444 0.127193618280047
0.107502121633338 0.282819698122374 0.180071092952244 0.411820486321979 0.017786600970065
0.258907316377511 0.343813406781729 0.177175143937354 0.136287669264557 0.0838164636388486
0.248536760775864 0.305704238978286 0.146046999017831 0.103202763195077 0.196509238032942
0.32459501174266 0.354437307600226 0.0490459587065377 0.212600486557998 0.0593212353925774
0.0818854308019081 0.291389060208538 0.198176339270437 0.316920268117062 0.111628901602054
0.260764299293614 0.271206984397025 0.2544109124718 0.143378848759692 0.0702389550778696
0.196925808726784 0.230046355094697 0.283642015530583 0.0828330894432849 0.206552731204651
0.175281479928501 0.37338372887466 0.303361992591511 0.0376651909342442 0.110307607671083
0.176958034856651 0.122520940245895 0.296983528463327 0.357790277255812 0.0457472191783137
0.221576919077173 0.0899241759943586 0.172489555186599 0.227641465573603 0.288367884168267
0.234625571627842 0.261405741795116 0.101454231579009 0.178688970905149 0.223825484092883
0.306409682062395 0.073912887923901 0.271795103593161 0.345998208049559 0.00188411837098395
0.236759658635904 0.201968443460335 0.0478326256674552 0.134449689564027 0.378989582672279
0.335122939540005 0.0874765844538234 0.0255824930125564 0.209769411256569 0.342048571737046
0.201253585272807 0.00130886038980877 0.183599711071998 0.312322092010311 0.301515751255075
0.128638861953098 0.283511718989429 0.212401833024624 0.0927344040521649 0.282713181980684
0.440562663196083 0.0496307365877666 0.250598683971789 0.211193138470246 0.0480147777741153
0.157445082237636 0.171068962139075 0.344357729139168 0.308116261427368 0.0190119650567526
0.329065709312256 0.224752371069268 0.2127177845565 0.030161847135257 0.203302287926718
0.242534504314282 0.174214741775179 0.35262847178128 0.228287252207098 0.00233502992216089
0.257108368664172 0.0803911278282876 0.285779993366578 0.015793638885923 0.360926871255038
0.2186212969404 0.138524948746968 0.19736117991017 0.19253860570701 0.252953968695452
0.0502473319334815 0.345766033853335 0.0626922589032223 0.320587483343156 0.220706891966805
0.274651821473161 0.0912591463671007 0.350602922528135 0.0595393059912448 0.223946803640358
0.11396959502287 0.428427361496614 0.174654204346249 0.149347777368179 0.133601061766088
0.10736525641488 0.465518753586655 0.160795918518372 0.226280127413105 0.0400399440669875
0.267010693037936 0.239583132661668 0.0891306919905595 0.325773700534829 0.0785017817750082
0.261926193079068 0.253285367809471 0.212708790484524 0.0907002409718437 0.181379407655093
0.411916457207016 0.371434884037993 0.0906986137009892 0.0923111871260067 0.0336388579279961
0.266272478627938 0.134243798626413 0.196062253888283 0.165504743219136 0.237916725638229
0.120877889248528 0.142150717680852 0.305420932339715 0.0179486811614295 0.413601779569475
0.198321965795537 0.024774290955478 0.211877502139925 0.287750214193247 0.277276026915813
0.075048144297139 0.134334866043413 0.318451141565051 0.214587946609035 0.257577901485363
0.268391084483364 0.576590611197221 0.131571424071428 0.0144511055085165 0.00899577473947018
0.053181892362713 0.0250667147636286 0.357087015925311 0.305180474749005 0.259483902199342
0.343619669376438 0.27982146505948 0.0269702467030548 0.301407683019225 0.0481809358418024
0.288990082755514 0.154042879027497 0.432529852224139 0.0670934790503582 0.0573437069424908
0.2738884928072 0.0715371432779891 0.188901708957161 0.243112052338774 0.222560602618877
0.28925467270316 0.295450423355355 0.0577070563166025 0.153463887925527 0.204123959699355
0.197208118094458 0.198134590842982 0.314473637212867 0.21990671854237 0.0702769353073219
0.160620529337859 0.402340133990209 0.171291376993963 0.229056410796371 0.0366915488815979
0.213158237276668 0.371905696764228 0.217089253001864 0.0532833001856675 0.144563512771572
0.296774324698475 0.0692321374842545 0.198881853255151 0.228003897244879 0.20710778731724
0.0138687335503755 0.241556606605486 0.337485462913437 0.368126847534475 0.0389623493962257
0.195610874665439 0.103640223134575 0.276836463224249 0.303365578948865 0.120546860026872
0.241964634883969 0.0505769736434002 0.239305654900506 0.382092437764474 0.0860602988076509
0.321692351367062 0.15300229314399 0.139484651323714 0.300744292491933 0.0850764116733005
0.315268791367268 0.304495010186789 0.321421693534752 0.04649510317921 0.0123194017319814
0.0257254021048443 0.257849571995817 0.168902856572757 0.211025342756367 0.336496826570214
0.0154954375115154 0.300574632174032 0.307181257055009 0.116532656037887 0.260216017221556
0.355949867778057 0.0660312400559012 0.11360205230738 0.0549733324084152 0.409443507450246
0.402293649081036 0.365659567849853 0.00468036219841343 0.000218885990891146 0.227147534879806
0.0787120022169046 0.106242906779776 0.332317857009626 0.273555171078394 0.2091720629153
0.01454582262414 0.206983338927861 0.0162896540495727 0.449193890912002 0.312987293486424
0.398456311747419 0.265315028894758 0.0167147570297772 0.256623772841868 0.0628901294861775
0.0700821205768644 0.43889202851159 0.32081383361559 0.161381659515966 0.00883035777998899
0.0703112612178888 0.118121917977291 0.440106878747025 0.211215348772262 0.160244593285533
0.154202440414283 0.309542236139411 0.0962350734833116 0.137722747174697 0.302297502788298
0.241694267487043 0.115361128956757 0.224925545133439 0.136138320567184 0.281880737855577
0.0530661717660796 0.372787784122148 0.13472765081658 0.197034507367029 0.242383885928163
0.186241964799319 0.102027380994942 0.0974259174979864 0.442100355263083 0.17220438144467
0.424957587732119 0.383314483524126 0.0312317618430913 0.0148060317815752 0.145690135119088
0.575467249584996 0.00162351982047929 0.300191526508176 0.0568619049994451 0.0658557990869032
0.15949109845255 0.131503706524687 0.242627979190586 0.110499008835815 0.355878206996362
0.170170113597748 0.420344453612476 0.102612721074185 0.255115802193217 0.0517569095223741
0.132927003196637 0.14565934143392 0.347604309724701 0.194617984519554 0.179191361125189
0.084404140260403 0.235459127983356 0.230171810155327 0.218711883581839 0.231253038019075
0.385115362234312 0.0797727423547333 0.228309503289864 0.0402121320479238 0.266590260073168
0.334136921459442 0.0938695550029202 0.325572055099433 0.0429502759633808 0.203471192474823
0.326205654497895 0.320953170705481 0.163263559260132 0.129023901712714 0.0605537138237772
0.37631701063009 0.0628257427167569 0.0800718964268221 0.188579787682068 0.292205562544263
0.267040431742314 0.164911223676612 0.273888165860387 0.0898761839371778 0.204283994783509
0.346287986870871 0.0186499313919867 0.309078135075905 0.243909097187103 0.0820748494741343
0.161164980757639 0.109033950723572 0.0209364691616459 0.414946389141959 0.293918210215184
0.0628326166864881 0.146412685087965 0.357082499427417 0.0877185749254495 0.345953623872681
0.136303113772878 0.325168352526773 0.175257171611777 0.145212450038771 0.218058912049801
0.138129839972657 0.199114177019817 0.0163378144928701 0.314311802243195 0.33210636627146
0.241807607499806 0.296761477965895 0.00621531474121299 0.274051134320771 0.181164465472315
0.228626231889652 0.185304946895598 0.131845461564051 0.172129029625096 0.282094330025603
0.110117631135344 0.383431283284473 0.023651236516642 0.426081958766481 0.0567178902970599
0.35504063319301 0.0727983469651868 0.184077509040441 0.0160189448279255 0.372064565973436
0.181274124251027 0.0439754210160071 0.340916908670823 0.089363224601211 0.344470321460931
0.123631553689599 0.369222801804564 0.00479843656950072 0.371950281407105 0.130396926529232
0.211118859263124 0.14608873358741 0.284670519919918 0.0937520665045602 0.264369820724988
0.153686828129232 0.117471507734712 0.283952311110263 0.260479698743197 0.184409654282597
0.179911561635481 0.237840407280382 0.246141707915338 0.172106998663615 0.163999324505184
0.104639509513593 0.374238201964291 0.175373018140033 0.169039112169051 0.176710158213032
0.219731753654761 0.318812727681167 0.159679608324489 0.256780672100707 0.0449952382388773
0.156868527294706 0.363850574226864 0.0815730508513002 0.289472468223075 0.108235379404054
0.0708443001347727 0.318678475059764 0.186826682581691 0.338898082653734 0.0847524595700387
0.173631548451521 0.110419203414163 0.230305224246733 0.179107703847365 0.306536320040218
0.364166593398699 0.124583269679955 0.0967351751694896 0.247921900750186 0.166593061001671
0.268168620298658 0.220662154186882 0.274232344914261 0.0705403773087644 0.166396503291434
0.189372704196564 0.280704592878483 0.167724946913677 0.112153220087075 0.2500445359242
0.212668979028387 0.317311109618707 0.020331795142112 0.286269244834461 0.163418871376333
0.282453349251277 0.265205587563241 0.0603230026303519 0.152034419284775 0.239983641270356
0.213147600622411 0.241498507012504 0.174070524769541 0.255733106882485 0.11555026071306
0.312300498933417 0.071521895708745 0.120872816255804 0.25466277774816 0.240642011353874
0.47495005850108 0.0524680139592396 0.15694984485539 0.0508627439969467 0.264769338687344
0.297383981990734 0.155111297385388 0.0521981862707695 0.269048847259101 0.226257687094007
0.221340025850409 0.231945197969685 0.0887677105163968 0.286157517467464 0.171789548196045
0.0874693679870331 0.15922458320792 0.236393548912513 0.252676644218781 0.264235855673754
0.329468170321888 0.281448752174248 0.0535696546583614 0.103741672352694 0.231771750492809
0.308726763945705 0.212033365753099 0.208019886821761 0.196001376185902 0.0752186072935329
0.0629648911922574 0.262426314438716 0.23957832890648 0.207261322179633 0.227769143282914
0.335610279400337 0.281989029342702 0.183980739024611 0.182988863300799 0.0154310889315502
0.286774057435561 0.0871892084690127 0.379546031308423 0.0292921818733693 0.217198520913634
0.179115879402042 0.154617086435446 0.0269873420333226 0.514590987273056 0.124688704856133
0.280683663070059 0.0342987853543928 0.366485936147057 0.239801453044841 0.07873016238365
0.239922323120189 0.133632383100489 0.0790907940613886 0.296407505941082 0.250946993776851
0.105838939037929 0.334341727528718 0.130174479906478 0.151436148422059 0.278208705104815
0.493941181063901 0.118928208097052 0.288893157551072 0.0650929698304698 0.0331444834575058
0.233533713669436 0.190865188652731 0.236182619195669 0.261585273952741 0.0778332045294225
0.123500433917859 0.256998981721445 0.157990945594605 0.184381430130583 0.277128208635508
0.320520395180771 0.26157989646317 0.1133570577344 0.098107153227779 0.20643549739388
0.0751220883211716 0.288737062926502 0.35092312031901 0.129267459271884 0.155950269161432
0.177285160823745 0.0608040722548016 0.102097976626891 0.306073794047155 0.353738996247408
0.0521791658072077 0.340011460881678 0.0646609360408693 0.402774043891651 0.140374393378594
0.0778453272212343 0.373444571873717 0.0759890827313594 0.371426876936758 0.101294141236932
0.095708689663314 0.164341672477371 0.209592866319436 0.307206688785349 0.223150082754531
0.384579048629084 0.0930743595569022 0.0297138746132014 0.0179784599785268 0.474654257222286
0.131760257992247 0.153235499751056 0.340700275707138 0.212236569098389 0.16206739745117
0.349826735094818 0.227012284342821 0.0568241231016096 0.2593194797996 0.107017377661151
0.417833284691227 0.282521915066044 0.166175137529843 0.0655197806507431 0.0679498820621432
0.20326251618119 0.20692113055443 0.00548580860057581 0.191296051035851 0.393034493627953
0.33229891961648 0.265517637026453 0.164069242343218 0.0696313567041165 0.168482844309732
0.0411414397489256 0.245186663442346 0.435755703845519 0.061094595592304 0.216821597370905
0.241505503219382 0.114917037513054 0.231191706935538 0.168692492626136 0.243693259705891
0.212161185205597 0.31456179628027 0.218080604653288 0.0189540750402461 0.236242338820599
0.102897889305061 0.31056557386349 0.240827401745945 0.0897030299788061 0.256006105106698
0.226979805049718 0.200902709109935 0.238126396013225 0.149539209688853 0.184451880138269
0.223073856677567 0.31743265442295 0.0334255651778185 0.245997427738703 0.180070495982962
0.257676160401889 0.14071476217326 0.351645095556807 0.189274598800275 0.0606893830677687
0.281004878573095 0.00195701965099489 0.337777558280046 0.202457815504857 0.176802727991007
0.12043559799273 0.262939402424409 0.219098244302147 0.284099351221529 0.113427404059185
0.144992141467427 0.211359635381913 0.253813664926834 0.0718369609212745 0.317997597302551
0.1085877491728 0.251534916539528 0.29817672511516 0.299772776292452 0.0419278328800608
0.0692718520923156 0.386410930151429 0.118221126948664 0.167197783067203 0.258898307740389
0.172656521843502 0.0560012222193302 0.206592381669398 0.270510039654463 0.294239834613307
0.0792649803114502 0.322205510830943 0.0501136173869026 0.096096158323565 0.452319733147139
0.165418861089674 0.244519034938319 0.207091993568166 0.211423350078238 0.171546760325603
0.146132154019244 0.228881623350654 0.178902855470085 0.261009536344397 0.185073830815621
0.108083259390672 0.168199806903277 0.0243080835951479 0.595279639417454 0.104129210693449
0.166642367769723 0.0866549338893231 0.270633267941914 0.29306056137063 0.183008869028409
0.233767410619081 0.22024778633912 0.298756014533743 0.16414546304833 0.0830833254597255
0.0290220845447519 0.406113101737192 0.0429687292984395 0.336402471100099 0.185493613319517
0.318160855004541 0.206221778126302 0.018986009465714 0.124354085364829 0.332277272038615
0.30404512209075 0.0670936449469561 0.160951182598437 0.252907898127878 0.215002152235979
0.249747973494527 0.331178687700592 0.322615537845526 0.0146675792298502 0.081790221729505
0.129196118957056 0.143965015772915 0.105117597704668 0.290229910661394 0.331491356903967
0.344401418332779 0.0370769657329359 0.125430253075705 0.206724947876907 0.286366414981673
0.100828830061193 0.381767368940587 0.21091626597114 0.0220668175808553 0.284420717446225
0.00971663456582017 0.469241663608834 0.259247923648713 0.110174059579997 0.151619718596636
0.0472573787706998 0.169740267816335 0.564602230269155 0.0428998009084229 0.175500322235388
0.214756604589361 0.0548117234731316 0.228786237352019 0.0959999257937598 0.405645508791729
0.0806934957071622 0.240877465544358 0.206496974321663 0.243304073176597 0.22862799125022
0.130144264767664 0.229268299009292 0.158352723729325 0.327658089228673 0.154576623265046
0.0125973778950415 0.112766465210023 0.421870946084499 0.119155901866658 0.333609308943778
0.14872116535487 0.271548515373557 0.291464963603449 0.241884110555471 0.0463812451126529
0.00512911687496269 0.270297084609636 0.117457796649872 0.296938055851898 0.310177946013632
0.310557006954024 0.142374433600997 0.0760759432085927 0.348550997459207 0.122441618777179
0.371668818269961 0.123689812560387 0.322224690212112 0.0663724643536449 0.116044214603895
0.0387374437234322 0.340168244760132 0.108951872633243 0.455163664430692 0.0569787744525008
0.0431040975057314 0.409670035734359 0.0867035476862988 0.458593834275119 0.0019284847984921
0.0526414358467495 0.0446707739472031 0.37807372071931 0.343921382830768 0.18069268665597
0.140192523630312 0.125927310911524 0.25846241004203 0.272368871780609 0.203048883635526
0.337080811968947 0.180779536034968 0.11351844638734 0.139432189418859 0.229189016189887
0.0158118003133356 0.208876433511516 0.301594798162901 0.26590175477111 0.207815213241137
0.420842820864418 0.30074665223603 0.0549037704436146 0.147579866454663 0.0759268900012741
0.151584462110757 0.234708654902596 0.24909739357178 0.122561288831855 0.242048200583012
0.151822341393447 0.298647448347848 0.187302004141189 0.0681639573856258 0.294064248731891
0.161371708687269 0.219808690319612 0.401703334670388 0.0281058597928195 0.189010406529911
0.0716523975547966 0.18363081143134 0.316823544075558 0.0926633862392666 0.335229860699039
0.225338973725754 0.0365545467417648 0.221419823533991 0.261627585376875 0.255059070621616
0.490471586856339 0.0639624559012034 0.348206208565122 0.0467916602053128 0.0505680884720224
0.011113255174544 0.253834813023799 0.180512222873026 0.203499024433407 0.351040684495224
0.148030127398341 0.241802738354221 0.242219614804589 0.148136621922824 0.219810897520024
0.205923260846665 0.0877911469194215 0.373338683926766 0.088331914456461 0.244614993850686
0.278943146794826 0.259301374437633 0.0608378763439444 0.232873935957678 0.168043666465919
0.296213092987481 0.357097385975174 0.143571065167768 0.0914653884935066 0.111653067376071
0.204987137923168 0.247990943148731 0.101473995547767 0.232093757451374 0.213454165928961
0.599785390950982 0.125842069031484 0.229239009860615 0.0125207272406627 0.0326128029162566
0.625279263574572 0.0885269742250262 0.0339529014427503 0.0862848098796522 0.165956050877999
0.247208865746492 0.160578916189539 0.225005894683345 0.0999891367662632 0.267217186614361
0.208720501138525 0.246254925775439 0.00527529244979853 0.103213353302778 0.436535927333458
0.0809387541633583 0.266108073595823 0.103182571070598 0.418400048076194 0.131370553094027
0.0903724146074837 0.122630207991943 0.253660877826991 0.230764227343364 0.302572272230218
0.342349006862165 0.170617485555594 0.0371417187541201 0.373770661968815 0.076121126859307
0.426578738082256 0.176292912605995 0.0892951255542452 0.0375010881363309 0.270332135621173
0.1713640433973 0.127513092726024 0.134605753056296 0.274736485691296 0.291780625129084
0.0775727964713838 0.363830640416621 0.0652049259554167 0.114632054412184 0.378759582744395
0.239477633980114 0.262392744432198 0.213367191370777 0.181485238741112 0.103277191475798
0.15951181530052 0.205769167020531 0.361172138524506 0.0567500269233822 0.216796852231061
0.314394026776494 0.0166787935091413 0.21480534427337 0.303507385146473 0.150614450294521
0.303052393213525 0.0523438879383327 0.070719650333757 0.269415987289827 0.304468081224559
0.115438026535845 0.274790918502254 0.185875382531361 0.258419623708144 0.165476048722397
0.199490446193142 0.162511281069042 0.0293185288412251 0.428648147330315 0.180031596566276
0.173473950124824 0.312539048362803 0.0654453402345925 0.341257791376556 0.107283869901224
0.0501504487828293 0.153096348419019 0.462634061379037 0.19565017552197 0.138468965897144
0.347437902547269 0.345892057301278 0.17449001225952 0.10419433537369 0.0279856925182431
0.131566754641345 0.228476904988198 0.0548495061188458 0.267982952683935 0.317123881567676
0.195824959717113 0.00231680518525967 0.287930758219593 0.262492461475744 0.251435015402291
0.199449365077113 0.205350393376014 0.264201095091821 0.154983099578496 0.176016046876556
0.24088026754305 0.249062254586038 0.177250697688985 0.269704661746627 0.0631021184353001
0.116527187384117 0.246135819425533 0.328218844266713 0.068403748109071 0.240714400814567
0.0179215192123899 0.186010469894925 0.365202708238365 0.194153564113693 0.236711738540627
0.130867959763175 0.21083561346393 0.4434506369878 0.0833374365265152 0.131508353258579
0.173639551104587 0.248068049288709 0.305092549337452 0.187698996516445 0.0855008537528071
0.335133554055813 0.445196064571566 0.133050557995833 0.0118575560736539 0.0747622673031342
0.270394681759476 0.0651016734082175 0.221166856123894 0.203449181513401 0.239887607195011
0.358569802039481 0.164718324936825 0.201918691698047 0.120114311356191 0.154678869969455
0.185607105112018 0.340154176917189 0.0937671084346182 0.0364804796698042 0.343991129866371
0.234388922277113 0.00869683972403027 0.373412274007752 0.380526937167839 0.00297502682326561
0.133047147940893 0.0605633176902569 0.214825274523969 0.311920995490954 0.279643264353927
0.112696591566265 0.194612245486491 0.194607447403269 0.278719024078087 0.219364691465888
0.228273698516469 0.26567177042431 0.195076348710693 0.123451037321012 0.187527145027515
0.364362350150324 0.362288910266668 0.0907298377519689 0.174522991851388 0.00809590997965166
0.147164117299794 0.320449908277465 0.123766502636122 0.330199815614398 0.0784196561722197
0.216786495821899 0.155200106447343 0.229442645861905 0.132885985151307 0.265684766717546
0.271703983039416 0.273016400024725 0.0732781012129968 0.0215766340597303 0.360424881663132
0.243298092473941 0.155122725474835 0.222832004741179 0.238599780864662 0.140147396445383
0.172473948658947 0.197192752023387 0.272177244022693 0.157681049489843 0.20047500580513
0.352813529494217 0.242692817450216 0.0956932344937692 0.242446605531325 0.0663538130304729
0.297037993668284 0.176153031285298 0.276926882523903 0.144868362552703 0.105013729969812
0.2696833680466 0.16358960062303 0.0522773403891033 0.201385796397966 0.3130638945433
0.152470464429809 0.258167855977593 0.381642418570287 0.189841764628445 0.0178774963938662
0.0122936877913319 0.293546790647556 0.0894539699499559 0.316197113888413 0.288508437722744
0.297619429193853 0.372291517321297 0.301203071937591 0.0113393234430025 0.0175466581042555
0.384235049936479 0.192799805067443 0.0692401977427434 0.066350432281283 0.287374514972052
0.154685279995177 0.0548616779390508 0.456467494132653 0.273400809730653 0.0605847382024655
0.166458764934023 0.292372082045858 0.177997537907729 0.277651531288403 0.0855200838239868
0.336809991393604 0.224749635755838 0.150933830218976 0.1143422530345 0.173164289597082
0.0495060746067243 0.203866497011346 0.235058408223315 0.244416726785117 0.267152293373497
0.0993991365085811 0.113236439579258 0.206027601080113 0.220057046657283 0.361279776174765
0.369827170495144 0.220152396581701 0.133282484455286 0.144270651696715 0.132467296771154
0.0797420386069421 0.459328312005762 0.334931074425259 0.03341739760844 0.0925811773535964
0.266393514421378 0.348490720792338 0.247026961267575 0.0722498079411271 0.0658389955775829
0.0459127424545297 0.124302135876171 0.438629162864399 0.060552883816637 0.330603074988263
0.117826196878333 0.141880938703713 0.210666757937758 0.182786674695646 0.34683943178455
0.0851438125622912 0.329844100986411 0.307049010734842 0.224290600109439 0.0536724756070177
0.201514681842854 0.0537504614602698 0.279477089758863 0.304561323873679 0.160696443064334
0.188684641190994 0.290857089176806 0.275534921656865 0.0388201962745229 0.206103151700812
0.101253554390393 0.0915570089714379 0.147670470631746 0.597953186098541 0.061565779907882
0.292471306660172 0.236550750478921 0.348442651162794 0.0815544705489415 0.0409808211491715
0.318607415692783 0.276165635298384 0.174309617724284 0.136967850162407 0.0939494811221431
0.296091112078992 0.265550553252544 0.291391556837082 0.140764472809971 0.00620230502141183
0.201506690110803 0.32788893632591 0.000423879589822542 0.18664229379858 0.283538200174885
0.170394614874768 0.375784672916043 0.115538387012547 0.071701946821697 0.266580378374945
0.0641249734791125 0.220776039457493 0.484707683786008 0.123573328311472 0.106817974965915
0.323528633742951 0.0526964383985746 0.0943572841371594 0.0392319579876072 0.490185685733708
0.252166770361036 0.10448809892706 0.106172915064483 0.23766576375655 0.299506451890871
0.382958022393284 0.434525731260295 0.135998588800324 0.0290191577311488 0.0174984998149488
0.347386538961713 0.172212378366223 0.288596128036271 0.0108251066524204 0.180979847983373
0.00160891563620201 0.167176254954516 0.306934894312509 0.282913738483075 0.241366196613697
0.740718683266108 0.0587373060058196 0.00804924428223559 0.184283972645775 0.00821079380006232
0.231149445906322 0.225125239689391 0.267844044760662 0.150494187117303 0.125387082526322
0.188668618926639 0.170360640992499 0.203706775492123 0.215360234036412 0.221903730552327
0.561048245654452 0.183479080074047 0.000447750627759382 0.124470774334698 0.130554149309042
0.214544928881847 0.25817903583067 0.274317091839829 0.141138382766124 0.11182056068153
0.313412585538391 0.213297119288814 0.251507166926687 0.11278084761037 0.109002280635738
