0.0142324353200157 0.29669532478562 0.0391239703054707 0.0921087638190731 0.243693440019955 0.314146065749866
0.188978271546692 0.0624704147306592 0.255061957821958 0.229624263246639 0.195881043485857 0.0679840491681946
0.0527286801102109 0.336695606081206 0.0448047599940177 0.274834697674188 0.0992593661244408 0.191676890015937
0.186674442971088 0.177535488453557 0.223817292207587 0.149095806141995 0.17834702498654 0.0845299452392334
0.222452109738395 0.0756625161081597 0.0705972235702501 0.101394171869005 0.214471655600872 0.315422323113318
0.189416837245547 0.10559400717301 0.119367273317554 0.391603263067613 0.181575149004613 0.0124434701916621
0.24547246911907 0.138663662575387 0.251045145557249 0.0362969167962992 0.236126448450746 0.0923953575012494
0.0144504433965018 0.181199327212613 0.114046001503875 0.180362121350867 0.257861749294343 0.2520803572418
0.28934208271089 0.17317348825302 0.0891155841360231 0.307482552003175 0.0352466353074047 0.105639657589488
0.179971336050915 0.297157045099382 0.00198338297271641 0.12162886988239 0.200545724424982 0.198713641569614
0.346942689612191 0.309325572665491 0.065479353092318 0.0410104397784 0.0141870237049276 0.223054921146672
0.156915458916382 0.167582256168164 0.116654283785433 0.260827265129101 0.0578334275895037 0.240187308411416
0.210473171620783 0.207637315900937 0.254047867151319 0.0197465392932848 0.246485920426298 0.0616091856073784
0.200046988178987 0.085735878684693 0.220303841781869 0.144009018503603 0.22529695081247 0.124607322038378
0.0077053283772608 0.0705247102637084 0.182000061390669 0.256004647839881 0.0388203715302139 0.444944880598267
0.287765420663457 0.0894045980400738 0.219477622941825 0.129717839756271 0.147293470967623 0.12634104763075
0.180838542744901 0.0592878535326133 0.321821315338453 0.171666988089035 0.0634467044050395 0.202938595889958
0.162184992601925 0.314261865003413 0.0585510455356635 0.056798749687066 0.0908605393146898 0.317342807857243
0.231810505296872 0.214550752000858 0.0669957714039816 0.151182341165585 0.0883768331221895 0.247083797010513
0.196053614212078 0.00667984125587809 0.150027912940307 0.138875156421677 0.254622180685757 0.253741294484302
0.213024900751608 0.16372982972705 0.300884414267283 0.171538319334379 0.0984950384305189 0.0523274974891605
0.216119204504375 0.313807106413724 0.155445673096984 0.103598050933485 0.20307597670825 0.00795398834318346
0.252635424443059 0.176334299141459 0.186620281705165 0.00282105305874731 0.272488005306735 0.109100936344834
0.16521829362468 0.169038643201145 0.145024369702969 0.0852618866545962 0.20632623727564 0.229130569540969
0.180158070221324 0.289036814064742 0.126042014821797 0.0771499544522299 0.00983915876867799 0.31777398767123
0.00664968380946794 0.210119113346139 0.136314244406445 0.0991616296729918 0.304263170819692 0.243492157945264
0.224403011983859 0.198816077054833 0.240406698821553 0.0159200078269945 0.0695599357794826 0.250894268533278
0.23612142794926 0.197166377285375 0.109317681572768 0.206038954777276 0.0335156016271726 0.217839956788149
0.0926544365193888 0.263630866475003 0.00613409732043521 0.238990020131943 0.262305868342878 0.136284711210352
0.100164455274849 0.179510301249507 0.194999678879843 0.222827565868892 0.193967424126194 0.108530574600714
0.267499512686002 0.328235794226045 0.0238286993168172 0.171919118336949 0.0876972526152238 0.120819622818963
0.0657843690287869 0.0475002002130047 0.190381964296432 0.118616257339701 0.348955920885973 0.228761288236102
0.192395936970477 0.35525116811136 0.0410428464912483 0.14360894042464 0.0412978551663018 0.226403252835973
0.0945104045872261 0.224456653049958 0.0455281317925783 0.213937432412715 0.198307729913879 0.223259648243643
0.078557904715233 0.156673307484451 0.270811013078485 0.0284699693714843 0.211179316370645 0.254308488979701
0.389095120258726 0.140365916193333 0.0865169778556382 0.0292387884772878 0.208211145887235 0.14657205132778
0.229466036842052 0.143768262186766 0.128368200024844 0.173288326339497 0.220274974973995 0.104834199632846
0.0430175961400908 0.195357775564246 0.220738686123426 0.145267569794891 0.188250983134464 0.207367389242882
0.0789469581431575 0.0917618071415297 0.313747644928505 0.323630366390273 0.181604004123632 0.010309219272903
0.0924005636699523 0.275712414767538 0.166602037409168 0.152824541065033 0.1060777409684 0.206382702119909
0.219630054175366 0.168363315444105 0.14749608983044 0.187027140850233 0.10945189975909 0.168031499940766
0.14712624443639 0.173151497285889 0.107373082851546 0.253398818073244 0.124014526989201 0.19493583036373
0.198292861864757 0.145069525866493 0.206574699320569 0.17394364589137 0.155166794845875 0.120952472210936
0.239455460913691 0.0916142760869966 0.20788247597944 0.142679863557212 0.211948302123309 0.106419621339351
0.191561199833259 0.129971459269012 0.112944882973079 0.130408293479678 0.223909224895808 0.211204939549165
0.290266887657239 0.064745697607666 0.0736060223349206 0.254336502901591 0.240834568649088 0.0762103208494948
0.427450557062554 0.134879429677466 0.075174504393819 0.0870220978102932 0.138671954635623 0.136801456420246
0.175096389704652 0.211951759240148 0.265048081667981 0.136602879619894 0.0903940333496209 0.120906856417705
0.259791773893217 0.154651128407409 0.0396233285543712 0.256618853906761 0.0287539985037804 0.260560916734461
0.0447839708258054 0.227464045905696 0.197249711537191 0.0957967148318097 0.267747992261534 0.166957564637964
0.178975992017932 0.0779660288000979 0.123501421497451 0.188261040537501 0.213223145346244 0.218072371800774
0.294548544524835 0.212485627312728 0.141609323068355 0.313554662198185 0.00946600604985073 0.0283358368460467
0.117239831133525 0.0619147870236968 0.310421846330237 0.143824540050062 0.091227793948638 0.275371201513841
0.104849091644741 0.214329442793416 0.293632695405231 0.0740997038434267 0.216717944313512 0.0963711219996736
0.284531470426508 0.182094700676646 0.128686514736795 0.20195698674915 0.179387924945588 0.0233424024653125
0.207327519389561 0.125313127489857 0.147768837818858 0.260128059859999 0.109705149863561 0.149757305578163
0.028766715509913 0.0931532119345972 0.2894036095753 0.0199346692746386 0.339652938920207 0.229088854785344
0.16843400899109 0.131761235223452 0.156764743323522 0.0447789030400743 0.198361564776294 0.299899544645568
0.125433594729798 0.259649398854634 0.136325251765345 0.0325254162996095 0.201286204430153 0.24478013392046
0.176017326450421 0.152727251898719 0.131126513954649 0.094415277873624 0.332989751979394 0.112723877843193
0.206962457957584 0.176750378136529 0.212244128483579 0.237983126105193 0.153537539444007 0.0125223698731091
0.162509179630912 0.101833033653552 0.0915852295438848 0.0715275293844191 0.307511984788251 0.265033042998982
0.00965889575003984 0.317776854065163 0.193406669344303 0.282370420460168 0.12581874128077 0.0709684190995563
0.297166747782021 0.250985444032628 0.124446708458036 0.156772199627521 0.065557285176334 0.10507161492346
0.141327189285517 0.0810472849291524 0.214561691722565 0.155944996929302 0.179974964872304 0.22714387226116
0.365354428597038 0.00332243140649129 0.240845578854432 0.225726842678645 0.0110694278398114 0.153681290623581
0.000989030364434574 0.262307494820185 0.172168564508311 0.29021969481313 0.157738064585233 0.116577150908706
0.28396041482458 0.0285915512317627 0.219368685369777 0.284323812245695 0.0850661854082576 0.0986893509199287
0.198901625702854 0.24414389633505 0.173950187737252 0.138310796396326 0.0311888685045523 0.213504625323965
0.198522903403387 0.147633534563702 0.0150053206311766 0.210251976548086 0.204687662328946 0.223898602524703
0.247729007315442 0.231125140236466 0.0412659429764938 0.110139545772356 0.0269870994134808 0.342753264285761
0.210553230563605 0.265459667678613 0.18516649954981 0.243241213463445 0.0914381531382753 0.00414123560625091
0.0863175068573993 0.217513008378873 0.250825330895322 0.110906466106878 0.0985151105206124 0.235922577240916
0.222835605450174 0.216581555151439 0.0416253064591899 0.163481555104138 0.175555820741255 0.179920157093804
0.0469211980783469 0.110637962063733 0.254580484011784 0.217338857401039 0.234618105189608 0.13590339325549
0.20855243486176 0.145885932813014 0.157649068643768 0.097347028034851 0.186634966954131 0.203930568692476
0.25710647162691 0.0871457494219672 0.232381998866467 0.195839643142374 0.136378010037819 0.0911481269044632
0.378978040740701 0.135947298910616 0.127261712934231 0.0576908951827748 0.164019072017438 0.136102980214239
0.0946694102745394 0.073619660761822 0.353053766785872 0.109592425346193 0.142442297530708 0.226622439300866
0.00152983100376801 0.212165384295511 0.228008486753868 0.119299071571893 0.261855348923903 0.177141877451058
0.175022659229623 0.0400694128090975 0.00953456985798082 0.338534171206012 0.242958640242595 0.193880546654692
0.235981323217123 0.179654274717618 0.10243584362272 0.0977069106405564 0.143839502674452 0.240382145127531
0.0806806467270235 0.252644543174611 0.250317304650436 0.0244769720725955 0.166922251256809 0.224958282118526
0.0586021467597108 0.298045678673009 0.153192791709396 0.314526046752334 0.0526267669679795 0.12300656913757
0.114824506040676 0.00751180308889912 0.29092603584645 0.184653113573343 0.188069483886603 0.214015057564029
0.20275901444777 0.133967347129792 0.166225205902652 0.117476853931722 0.19521433580083 0.184357242787234
0.0214331661080718 0.226878218250192 0.122908032806726 0.236004367486295 0.138051220245114 0.254724995103601
0.11796797734975 0.148040889528876 0.198704742087596 0.170391163293573 0.228746583597285 0.13614864414292
0.0615375931167614 0.24742332866868 0.247376188162665 0.245096247211272 0.145951839510284 0.0526148033303367
0.190689494657268 0.257831486988814 0.357404689746472 0.155033632723058 0.0103419428189975 0.0286987530653912
0.17609223108609 0.23824424853939 0.226673367286119 0.139528552242676 0.0716493931932998 0.147812207652425
0.0806624638666534 0.0269830174940759 0.269865777190689 0.254148988120057 0.0610853788678204 0.307254374460705
0.140255846506866 0.286188333101386 0.171478152076348 0.199189991132443 0.19613893150871 0.00674874567424767
0.0747294140584286 0.177145887152324 0.196123013442455 0.191533554379904 0.152166661783572 0.208301469183316
0.213644884641959 0.195051404594345 0.0916592347422911 0.13131643152882 0.18850611189759 0.179821932594996
0.226416215649333 0.235470033163231 0.0947454615544834 0.267726046507071 0.0448270723318722 0.13081517079401
0.218016917754928 0.121902997733117 0.0405070075769579 0.0824896644446571 0.304478281888055 0.232605130602285
0.25224442419085 0.13508756551487 0.116721872717906 0.0272279982026841 0.257180968254577 0.211537171119113
0.224656570532873 0.247287254382473 0.0254176221250486 0.0547621521593783 0.265543606718809 0.182332794081418
0.172630363480514 0.209380078904335 0.103613283160815 0.160619750971045 0.32187434031949 0.0318821831638014
0.255821479532792 0.139602822083588 0.256559012978004 0.0797693780846595 0.233197954937755 0.0350493523832015
0.116007963603867 0.237949080945699 0.0410581342880673 0.220378705767497 0.233011793460768 0.151594321934102
0.231564110931592 0.311543779617162 0.0320650945986181 0.120156577811196 0.23208448852755 0.0725859485138815
0.0399971229549222 0.344181751730145 0.390158668119289 0.0575439948115238 0.0389396135155674 0.129178848868553
0.309248755635888 0.169021289404701 0.297450498034369 0.0393083648076642 0.133920643669308 0.0510504484480701
0.223499626836496 0.217970382280251 0.182777240157658 0.195121393759402 0.0161474711644378 0.164483885801755
0.0206929348176934 0.243750931272103 0.223214327910126 0.157496088887059 0.150272194241526 0.204573522871492
0.184003154518195 0.20540843996175 0.201136863202934 0.0873956458237816 0.176044444476439 0.146011452016901
0.041769966662931 0.297325630063816 0.446570262839547 0.0380489586927577 0.0305377443479035 0.145747437393044
0.28102934686832 0.0290914498698778 0.0882848301075721 0.0537490606996513 0.171944484821336 0.375900827633243
0.0998891273194556 0.270882750981592 0.129391573753908 0.109090555069442 0.224996060048826 0.165749932826778
0.125899424694655 0.312288000858769 0.306502507316285 0.0481864983081605 0.0244127153562036 0.182710853465926
0.258499666392822 0.0662187867781155 0.086844938373232 0.0393570585642585 0.243485757947791 0.305593791943782
0.149836721427613 0.11606514022572 0.194753217431647 0.261162636476559 0.198042092874331 0.0801401915641304
0.172956302126873 0.14328202385602 0.0188524181336273 0.40198914428373 0.200633091290125 0.0622870203096249
0.0256575997561853 0.144265587795353 0.135223154333852 0.241404346323918 0.22369802152083 0.229751290269862
0.152477384998399 0.20539327496851 0.0811249329501152 0.25026437552585 0.227004777205788 0.0837352543513375
0.156532765174388 0.10353421358186 0.225845387248416 0.0444078965580404 0.22185741348355 0.247822323953746
0.137076014378829 0.220475927664499 0.156162727716857 0.152987315736558 0.310287980793618 0.0230100337096395
0.0874832504260656 0.217652053317272 0.231626710400902 0.272846498245771 0.0583482504621423 0.132043237147848
0.0440914525254581 0.122212766945282 0.245573314107392 0.250635193944058 0.122130963293575 0.215356309184236
0.0174178043523959 0.106202354613475 0.344846112993438 0.241489925439613 0.0586772631052279 0.23136653949585
0.350411212048505 0.112263401837358 0.109452778939436 0.108134150179525 0.0159085945529862 0.30382986244219
0.226609082125972 0.141438982526032 0.130756720958871 0.0777632636837375 0.0869001064813461 0.336531844224042
0.0624812788703571 0.131271957830469 0.202682533852016 0.230331291342828 0.259669563874707 0.113563374229623
0.231342136222819 0.0570482718005392 0.32289016175997 0.214972131357543 0.121779951615134 0.051967347243994
0.111322950876463 0.299603181872636 0.137092633588576 0.232874382942449 0.0290834077620951 0.190023442957781
0.258200806072737 0.0972331436241046 0.148480055373642 0.195489072578311 0.140007200917468 0.160589721433737
0.105698074027637 0.243545751060254 0.140350830987892 0.0645323881295109 0.239372619390297 0.20650033640441
0.10585626514131 0.0989571176836741 0.0204285360645806 0.374371452102201 0.357319206819053 0.0430674221891805
0.153656445973602 0.0464477518166625 0.200620480176043 0.178190033202803 0.198699259226493 0.222386029604396
0.114104137209566 0.215285344327082 0.0511894122518966 0.211987621407991 0.0997764162499233 0.307657068553541
0.194746644856829 0.297579701184529 0.0861180724646073 0.0587444722783644 0.144301029789121 0.218510079426549
0.254184441399741 0.271827776679513 0.126708659656682 0.0650057887350697 0.0801966563066856 0.202076677222308
0.128802042851126 0.246759950990561 0.0544545892239782 0.269142277393539 0.0948986543219672 0.205942485218829
0.181086602221547 0.110781389833269 0.198936789173792 0.11487211274125 0.11573252513005 0.278590580900092
0.0485194715969813 0.213529033862023 0.158248288435101 0.205349772245771 0.0955060195572228 0.2788474143029
0.0170413652710997 0.186053637773737 0.141275749749492 0.107789564996119 0.234843866715485 0.312995815494068
0.011330826304355 0.154357513522566 0.225724727748273 0.156451946743938 0.212488350156622 0.239646635524247
0.0507592747612763 0.188315353580877 0.388341931746139 0.0779780477386701 0.0866855200569008 0.207919872116137
0.0702583277009242 0.0238283110356145 0.193401791399514 0.230574243897723 0.254934733214147 0.227002592752077
0.213938020814504 0.200123952936309 0.0633049573823909 0.278070575269573 0.223283289989403 0.0212792036078197
0.243293250004173 0.144888638624089 0.212971163848022 0.0828267686969048 0.189666850135613 0.126353328691198
0.0710517503738152 0.312322329823804 0.030415635010863 0.29802033361054 0.20822932922288 0.0799606219580975
0.0591970242413531 0.105326873733886 0.240276865060288 0.257251360100075 0.236922157248894 0.101025719615504
0.0631074978479073 0.0144044263122695 0.347590695416102 0.137352887956376 0.177292290355535 0.26025220211181
0.304802728433626 0.0482855941471843 0.0318212026925383 0.321496539576256 0.130179472814637 0.163414462335759
0.0536565199329442 0.285540668635079 0.355959584090972 0.0326783078477122 0.0386072519751006 0.233557667518192
0.277271239186497 0.0172971698549233 0.240391901413641 0.0703970278396149 0.123729056994697 0.270913604710627
0.137825651185489 0.172822329719328 0.215581483200136 0.167887935919368 0.096651671131087 0.209230928844592
0.302154703475087 0.187811565972324 0.0217149818896178 0.1237002358079 0.0513084888587634 0.313310023996307
0.141596738415124 0.180819257518933 0.20528152448708 0.232413497196199 0.130369943890453 0.109519038492211
0.229160912244351 0.121337754362418 0.178444595720251 0.246173143135671 0.0835262202287127 0.141357374308596
0.156596507076411 0.263975626347509 0.0215566522423148 0.13695447465719 0.0981600523111156 0.32275668736546
0.201314348081525 0.0639796054201304 0.181730716940904 0.187667656539957 0.176872277543292 0.188435395474193
0.17542923100304 0.0310226739719487 0.206565911546712 0.091725524181938 0.254553102470631 0.24070355682573
0.296710609035381 0.139327067014972 0.175418803329249 0.141770274810416 0.0361903798252726 0.21058286598471
0.278966474415528 0.0445137723100452 0.0840431887449134 0.167389008755409 0.0732794448482939 0.351808110925811
0.100165098475281 0.283726455192191 0.114451391454104 0.0336790951059039 0.228862728171459 0.239115231601061
0.202332995931323 0.242355377486135 0.185164170438787 0.154210329760669 0.172311460796318 0.0436256655867691
0.0323466248800523 0.0288608248516748 0.434126068348173 0.137414137368816 0.218496419717276 0.148755924834008
0.0404512893770063 0.206764805454331 0.241251774049907 0.163272206535357 0.213474820589526 0.134785103993873
0.188849829327845 0.257387734386936 0.0814721963365324 0.0380684678649305 0.110802216541668 0.323419555542088
0.15297195839385 0.215405500981793 0.185715330278592 0.0543977493488475 0.208201001256772 0.183308459740146
0.0474255281409112 0.141572579038744 0.159369774346905 0.202822307273372 0.142988494256126 0.305821316943942
0.124546105595396 0.178302053846442 0.176455541061134 0.0384947386605274 0.352231411103378 0.129970149733122
0.014548958530727 0.283533891715095 0.231154366770159 0.0390559309291946 0.239557582481713 0.192149269573112
0.160304559667872 0.147580753818531 0.119553767904737 0.266242120019629 0.0420225542859199 0.26429624430331
0.151286666044917 0.202224630849021 0.203943349593781 0.187446314627261 0.0715581501549571 0.183540888730063
0.390813415826071 0.111099252278055 0.11140226541604 0.125124902863432 0.177949852044438 0.0836103115719637
0.0593282657739385 0.176214884306915 0.100547997126984 0.00723701872950891 0.249353650062945 0.407318183999709
0.0859961750761764 0.250402386468205 0.0160071520180531 0.241934229252447 0.111721150750893 0.293938906434225
0.0468713157353037 0.340540697369222 0.204383496458294 0.0528450786325776 0.156502132194627 0.198857279609975
0.187585666852534 0.234770529320716 0.283330933300016 0.0720551963499449 0.0971506916640217 0.125106982512766
0.0875729316130726 0.154130162623622 0.23546518566478 0.223931318122645 0.203639389416984 0.0952610125588967
0.206372422997107 0.186806880147058 0.00934839233321708 0.277061410718939 0.118618192410326 0.201792701393353
0.177051787247959 0.0150128437458842 0.263636618329524 0.134351170890729 0.211650349921577 0.198297229864327
0.219949069046945 0.0533351263182208 0.284668227495248 0.0110840394792871 0.186837668566576 0.244125869093723
0.25672939471433 0.0213892924344538 0.263209672129593 0.239247265070488 0.0436499020988735 0.175774473552262
0.113478640590757 0.0482286021641649 0.274072824754276 0.233382397976422 0.0375365653953811 0.293300969118999
0.174015266603609 0.225426553040106 0.0301752728546895 0.371606296545626 0.181329885492099 0.0174467254638702
0.0453922379828965 0.0371725543184856 0.531901857735067 0.270007019765182 0.0247487316968786 0.0907775985014904
0.00663467985258425 0.30985730801715 0.229303036831636 0.230806333031623 0.133020127220861 0.0903785150461448
0.266652457395464 0.168292828956575 0.0819216098700291 0.215156022852614 0.247708240649893 0.020268840275425
0.210090581647468 0.209141507371411 0.0174127109941425 0.0327592915159236 0.245983826106946 0.284612082364109
0.229002819264313 0.0354888038336375 0.288253729123224 0.0500782420874804 0.256520810649655 0.14065559504169
0.191310520004247 0.166801195988244 0.175190063306757 0.210576411369156 0.1254120897853 0.130709719546297
0.0188441551414143 0.326241546897912 0.167474526727656 0.21353677654639 0.0359144099685147 0.237988584718112
0.131619318334007 0.366382178309195 0.331083668271012 0.0975942827132085 0.0319811984972579 0.0413393538753195
0.234481868263161 0.134359051525688 0.10926308440873 0.209048725658366 0.208751761754266 0.104095508389788
0.0958390671123143 0.0346220632830359 0.233153526767429 0.232890423755229 0.0352169751423261 0.368277943939665
0.180793623614533 0.166538951841236 0.0263169798545075 0.0452274985738487 0.32703055249654 0.254092393619335
0.193217236583814 0.152614630550473 0.191625966993158 0.15941026214986 0.102383046698462 0.200748857024234
0.259205013741682 0.0798566656350921 0.330081334288944 0.160001520107234 0.0103241675974417 0.160531298629607
0.174060575535242 0.303098599607107 0.0784881323033687 0.0396985746576356 0.178532699300381 0.226121418596266
0.105433613484393 0.00142577856238871 0.204394696930964 0.366137544388694 0.255822363442761 0.0667860031907995
0.12851022119445 0.322149683157709 0.0429070246781197 0.229928928127884 0.163550870117773 0.112953272724065
0.000862031174932582 0.271530576090117 0.388129599697074 0.116312057704295 0.116848803939709 0.106316931393872
0.245690389789527 0.00302725077901322 0.263883945857267 0.136551482869804 0.288225398782629 0.0626215319217596
0.174234629829176 0.0803256190952978 0.231990208837245 0.049669568821555 0.254815179239329 0.208964794177396
0.0622748951850184 0.188056011499194 0.154774120220659 0.143787774200216 0.20664135609495 0.244465842799962
0.00571791759397255 0.30083584672278 0.176995975299352 0.0076228923036067 0.336593902613289 0.172233465467001
0.164546177059671 0.0469169029383086 0.25301905393453 0.121292560204668 0.248061147974818 0.166164157888004
0.205495079014542 0.1153148880271 0.0223153438314838 0.094513623108702 0.259306245838129 0.303054820180043
0.0814048977617359 0.121357779829071 0.257264586783197 0.243961196686816 0.261905002332727 0.034106536606452
0.161533857311695 0.0416670505162603 0.0885307732262745 0.202064976429268 0.175943234455454 0.330260108061048
0.0147862383923234 0.168942915754255 0.152567934461308 0.33716307779087 0.297536055577851 0.029003778023392
0.326686551860261 0.0622043948932292 0.0747440118236799 0.0967361080707302 0.346490437517773 0.0931384958343264
0.212452797603584 0.168241082411973 0.167065198822245 0.210649305776626 0.0463610790892219 0.19523053629635
0.0729813012325409 0.306132433075942 0.248924055263455 0.067863893207258 0.106728543280364 0.19736977394044
0.127725942064035 0.00336205314196871 0.127077806368097 0.0304559270485773 0.397115243558213 0.314263027819109
0.0758720812200323 0.199250610060931 0.224241509805316 0.234259001807846 0.132882642324008 0.133494154781867
0.281483167206338 0.192830366865873 0.459066207873109 0.00934219332857041 0.0195872058197404 0.0376908589063687
0.331863170097271 0.0664534515689292 0.0907119991420431 0.17713804571429 0.21691413452062 0.116919198956846
0.163126057152203 0.24599184848105 0.219719489788236 0.0873646078796144 0.230479338143599 0.0533186585552971
0.119179193480129 0.0266594757890486 0.10864273080788 0.243458734024083 0.142969048058041 0.359090817840818
0.0969958153250179 0.60880756529581 0.134545240333836 0.0556944651644106 0.0652344158238005 0.0387224980571246
0.215358049053545 0.25654331451812 0.0453226895010271 0.232208172383252 0.0795282212706797 0.171039553273376
0.0467514534137196 0.238182740176917 0.0718159386432951 0.236433463469805 0.258972196775709 0.147844207520554
0.213184085089853 0.157299947398881 0.146295135042678 0.145044741073315 0.178502626429792 0.159673464965481
0.138746295174449 0.0896238501575246 0.212611487781231 0.15942396097827 0.187001720532319 0.212592685376206
0.126551262807313 0.214816566085597 0.053650877760486 0.189893806348258 0.221364840688101 0.193722646310245
0.26886193457461 0.148062505647193 0.257248649002418 0.175197557559743 0.0164047775993342 0.134224575616702
0.0807349551249699 0.116913022474433 0.241972525427428 0.215869373574217 0.144170561379603 0.20033956201935
0.180978782855626 0.12394285577951 0.148812493551998 0.170792053820116 0.203436864474254 0.172036949518497
0.293208799390632 0.298476877776835 0.145487188371889 0.0844844787351458 0.114685607159111 0.0636570485663875
0.217631238378701 0.252092521285448 0.10018336275605 0.116809657897892 0.175729029587136 0.137554190094772
0.0315949786564971 0.179291238602835 0.161690233558034 0.20512513656645 0.206452457111675 0.215845955504509
0.230470291622854 0.116107236177678 0.191310214736926 0.045415497069572 0.184067505674836 0.232629254718135
0.195572680643864 0.233538659355711 0.0391435408033496 0.405101369319025 0.0495686899352342 0.0770750599428168
0.223831651468396 0.245682783679747 0.209723804081651 0.0661277966289035 4.30929825391729e-06 0.254629654843049
0.293654371314485 0.0701655789718585 0.147953921601149 0.0829732236264902 0.303034585342384 0.102218319143633
0.226920206243274 0.211091989778738 0.176485765783287 0.237213429843534 0.0721113090085913 0.0761772993425758
0.21483039493355 0.151843937203829 0.212224353263648 0.0965566833896589 0.311585188531391 0.0129594426779225
0.162513107762841 0.182688069492218 0.236873018697668 0.168468370725387 0.222204476415265 0.0272529569066208
0.150195159611605 0.241649647753288 0.283762453124037 0.0329220661309834 0.125581266455536 0.16588940692455
0.160277730733134 0.0769832913658362 0.291085411692481 0.241170577686484 0.163138450819391 0.0673445377026734
0.29879105171289 0.214385500170302 0.178906679626985 0.190428935800626 0.0590349476089072 0.0584528850802896
0.0181170946244577 0.0767026741360188 0.210508749154468 0.309893699009032 0.261708576520387 0.123069206555636
0.134960086226547 0.0200023974738986 0.293074733357646 0.212147364549153 0.194977353902359 0.144838064490396
0.104899562542536 0.246308256685695 0.096865803466521 0.345943390705106 0.0755913298063043 0.130391656793839
0.162094103994394 0.143659277252215 0.235555901209432 0.134065438245863 0.130501420922993 0.194123858375104
0.00824899384061754 0.191927376607513 0.227586115112669 0.209422870886941 0.219300162138386 0.143514481413874
0.0706884580713185 0.0845746367563971 0.382893285613088 0.0335730071148774 0.336266978739718 0.0920036337046016
0.121154426844915 0.111629370457537 0.209286710194823 0.231560878870065 0.234437664793563 0.0919309488390956
0.288454498961257 0.204806967830284 0.169332289280123 0.320316666375299 0.00948419782345529 0.00760537972958155
0.049505408182136 0.135726718396383 0.257196746751846 0.229241271526736 0.163123841150065 0.165206013992834
0.111895837197843 0.247422377814073 0.2283858297837 0.0231126999132567 0.109265695989574 0.279917559301552
0.277623757947412 0.133799581022345 0.102951428665798 0.0737953594348018 0.218498740547035 0.193331132382608
0.101746106029727 0.270539723979461 0.0806972161279155 0.197815383718638 0.231555123873758 0.1176464462705
0.511463397485021 0.394478360915334 0.0243567488097981 0.00356726666755345 0.00279546477245033 0.0633387613498433
0.0835788407226779 0.199207831844614 0.224886495773866 0.0384847934931279 0.206909790692176 0.246932247473539
0.205907295905837 0.116651916572821 0.112505547357426 0.200185254583577 0.162901742091846 0.201848243488493
0.00236603690484061 0.144712689653881 0.153359572396218 0.227980051648029 0.0423160121948485 0.429265637202183
0.263076313315675 0.0470373867176453 0.274800138083243 0.0156536474861072 0.120679237539113 0.278753276858218
0.0636999912271573 0.260903847582295 0.165529925861696 0.22857227971128 0.143165410940252 0.138128544677319
0.222954254388722 0.208448196959172 0.17194928628556 0.239420227695057 0.146115976849144 0.0111120578223442
0.0379176010977613 0.131853226193104 0.227943072102808 0.366113373849027 0.210070807961174 0.0261019187961255
0.0976633468603889 0.11906911270049 0.318408096180016 0.128819675139425 0.035972362571845 0.300067406547835
0.188417254080351 0.221712701780727 0.140971316378741 0.109370903109124 0.126892432554663 0.212635392096395
0.146687592108942 0.1413943684038 0.390966352434775 0.0348745668724515 0.078298218214025 0.207778901966007
0.0555808505035646 0.35520239921156 0.238667301173162 0.133565244512363 0.0507919573277844 0.166192247271566
0.0360468116673332 0.333148063022611 0.454586749490877 0.00523897196757888 0.0560684909605662 0.114910912891033
0.190938759855197 0.134546682066679 0.199701151853643 0.223694105773838 0.102158910595066 0.148960389855576
0.160051440534635 0.0929422498765555 0.107316054057422 0.0411528563244559 0.571035211818934 0.027502187387998
0.27383906677942 0.273117450306368 0.0688828338467672 0.0252104081362279 0.236594071066816 0.1223561698644
0.221163363901138 0.0170944812709236 0.231260075126838 0.139673065173385 0.158780854043026 0.232028160484689
0.209005165348478 0.0340795850789503 0.0724870104696277 0.0146375637737346 0.292852030717243 0.376938644611967
0.158825298064974 0.0913555298463066 0.245655699829925 0.207134712674129 0.197719335784287 0.0993094238003784
0.211038024808673 0.0580543715322693 0.0523623134677194 0.261998281046324 0.26340448667329 0.153142522471724
0.210778789594498 0.126354774791837 0.257566638075212 0.0527378083897938 0.313586273119878 0.0389757160287814
0.248447495525901 0.218113373686449 0.150244854582824 0.306942827535781 0.0744338695723088 0.00181757909673585
0.266762807992004 0.00596721594755218 0.285380996113786 0.222044454627409 0.0496621819883648 0.170182343330883
0.158462455908209 0.111676352198976 0.106790415889331 0.334498887224864 0.145061869596096 0.143510019182523
0.277862982552475 0.142226786467696 0.00200574364814817 0.16991582116536 0.275614048772147 0.132374617394174
0.0619969171678729 0.313666354568547 0.260335205154513 0.280887645556294 0.00564319584009531 0.0774706817126779
0.171428366049918 0.136601138923026 0.0757347173734248 0.245653289208189 0.161218861725434 0.209363626720009
0.131466336419032 0.143415061907319 0.18575690641761 0.06761440147185 0.229875019710117 0.241872274074072
0.198255523898507 0.246806722117519 0.146952346438279 0.0205083674905927 0.149731564280922 0.23774547577418
0.224634385860393 0.00360143280721057 0.220159430213535 0.0675751895734322 0.290690022920999 0.19333953862443
0.182905260079589 0.0372827624073477 0.123426758554879 0.112460101725698 0.231380210684434 0.312544906548052
0.0826787601427821 0.182073018648825 0.014567298248745 0.334039476118721 0.210327132272596 0.176314314568331
0.0734055577841168 0.218114386191276 0.245166578457901 0.155921565385764 0.0792649006672404 0.228127011513702
0.149965810067391 0.0615540869276728 0.167985308700561 0.0745478729576525 0.25450765575417 0.291439265592553
0.273219204028228 0.0726886967465093 0.213065880686032 0.281409400100747 0.148346532380212 0.0112702860582717
0.0433664308760862 0.0216274946824745 0.0274247332582838 0.363622106355568 0.371998536383737 0.171960698443851
0.13071368974335 0.267757410853125 0.277024436005369 0.163797067322548 0.0848333682742547 0.0758740278013536
0.182698577031984 0.0136799675200852 0.0871366447255224 0.202375225350209 0.40784383190309 0.10626575346911
0.166456580321777 0.24640506049138 0.286960388151994 0.0861196139209015 0.105980565518063 0.108077791595885
0.262677998592212 0.0798332996588264 0.277132299152154 0.243421575250181 0.0226274481608309 0.114307379185795
0.110498639367643 0.00269211857051181 0.274426911393422 0.134149267973312 0.298755849943099 0.179477212752013
0.146267332869861 0.00622924099968042 0.267407655596383 0.137066159210936 0.283839638689817 0.159189972633322
0.218698653534377 0.119566098849102 0.251503204125833 0.00487241293168646 0.269258440665407 0.136101189893594
0.236652773924758 0.317053108026261 0.0533836714753118 0.15881058539341 0.126055230726099 0.10804463045416
0.251635320639332 0.186963099202686 0.0131856259157059 0.250054248604328 0.0910408086601139 0.207120896977834
0.350579456670905 0.00408414633648933 0.034633377556699 0.143671399768918 0.0796352734483653 0.387396346218623
0.21893658240015 0.147338146338957 0.223113536268338 0.219101514743748 0.0280678781455744 0.163442342103232
0.159067167938946 0.181075730644332 0.221843542853742 0.155619006358403 0.114332318868982 0.168062233335596
0.184503469696757 0.232590603661558 0.0475608944134571 0.119969449793946 0.146699629912115 0.268675952522167
0.0673448057643282 0.121669829267598 0.253363141893096 0.151397806883784 0.269336287517303 0.13688812867389
0.28050925869305 0.267400011691615 0.0851045710952812 0.07844123584635 0.140286260028078 0.148258662645626
0.0466515513481806 0.173521329961584 0.160590579545867 0.21232309273276 0.212799349685751 0.194114096725857
0.0296545589770902 0.33040354062494 0.0202092715106785 0.31677404618846 0.192988052484989 0.109970530213842
0.228557419992974 0.0596448635068123 0.221375330242926 0.230618852947587 0.190523853681955 0.0692796796277462
0.00532464286763078 0.266476358959194 0.191907982386363 0.266322038052364 0.165399446517671 0.104569531216778
0.169760690767481 0.348441314273454 0.029213190601972 0.225652596362405 0.0548594752067714 0.172072732787917
0.198935794708603 0.169646299222126 0.00623163933947994 0.190857774598263 0.194315118578349 0.240013373553179
0.282390851851208 0.148420738519177 0.193565172215511 0.111867182157448 0.0542645049154747 0.209491550341181
0.0984147916942042 0.138241573029116 0.108015116523507 0.229397140209776 0.14186666382009 0.284064714723306
0.158901094534788 0.0650429017241402 0.25976808875018 0.0584997637864874 0.1688312601754 0.288956891029004
0.124556304270689 0.206048193261425 0.121769355294269 0.076753365166241 0.0874389280826872 0.383433853924688
0.187701011095671 0.194420975975541 0.254319909563908 0.0521231402714621 0.138928528600531 0.172506434492887
0.246604496085603 0.124752216992844 0.264290147297823 0.169192253559087 0.106381071303044 0.0887798147615992
0.307727714736962 0.0200546929573449 0.0480054776475786 0.268525283918372 0.1131445651329 0.242542265606842
0.186541656763607 0.125201306794652 0.145939744067451 0.37197665066572 0.15875362369019 0.0115870180183799
0.189296648343957 0.14842701205041 0.312541152195122 0.254568590735898 0.0228599484577231 0.0723066482168902
0.169068411454289 0.139059845923662 0.273250137700547 0.0878787207020872 0.136035378569453 0.194707505649961
0.150069327234932 0.255814328359453 0.147151793349381 0.0991357470418405 0.204690055981305 0.143138748033087
0.178091829653076 0.0546898292852988 0.110814638455097 0.266002828762658 0.237916558561959 0.152484315281912
0.0197334129400217 0.504272443289007 0.243828611181866 0.143862849013696 0.00843903252614084 0.079863651049268
0.188601813185251 0.193986084803251 0.156026925596608 0.215805073504644 0.0235590700637016 0.222021032846544
0.17582403397114 0.105266987192674 0.0627242560548986 0.0196239577304457 0.178297573136567 0.458263191914276
0.222772642840033 0.216090325629046 0.0624444474379394 0.0280055880808011 0.441756876305362 0.0289301197068187
0.0201471504462756 0.185137739049483 0.435931215594631 0.0957149249287676 0.240823325264649 0.0222456447161938
0.0651830321780761 0.350733424411658 0.0627688707839334 0.30411087165548 0.041493923483815 0.175709877487037
0.048896224537245 0.138096571288414 0.0771159239954716 0.254132095584838 0.192951868486377 0.288807316107655
0.148421977436288 0.286633272615637 0.0655788775547009 0.100455051253051 0.23322638183014 0.165684439310184
0.0504888230090978 0.215370197379462 0.0978243851171356 0.22279775267696 0.241201618908739 0.172317222908605
0.0937542501184665 0.17861429222729 0.171748601932208 0.169932472782884 0.211171902550578 0.174778480388573
0.121163685598271 0.126579216331127 0.0965268121093324 0.274329585612106 0.139660967054217 0.241739733294945
0.218884649389501 0.0491999523123541 0.120341990107416 0.193723833248071 0.266057665997876 0.151791908944782
0.12364537507527 0.0793050942834512 0.161476015105664 0.183509511315035 0.173125176905703 0.278938827314877
0.144882829582501 0.206527099465781 0.213063186387799 0.15656441320117 0.247272036084003 0.0316904352787456
0.231536582694649 0.0111127716760963 0.250893949256492 0.12842714207883 0.187025471718523 0.191004082575411
0.18669939390312 0.341118959376203 0.0717471034704789 0.0655477888230179 0.0334025271052625 0.301484227321918
0.104281948479996 0.302138773698529 0.213597769176908 0.0371408321099256 0.192089238974318 0.150751437560322
0.294206914114994 0.143806464050503 0.0591641717579389 0.0304957509004242 0.276612618635072 0.195714080541068
0.0782010225910802 0.223725906432343 0.22649724909662 0.0292916690586625 0.222576824575722 0.219707328245572
0.278518155753007 0.271643807959409 0.111219963259381 0.0463293406347269 0.267288915432702 0.0249998169607753
0.335069990039411 0.209491382320713 0.00791132469736595 0.062827303822102 0.29155515794317 0.093144841177238
0.24367381137146 0.409417869429862 0.0192831525887643 0.136309066624683 0.170296013879331 0.0210200861058995
0.168614062697087 0.301986070736036 0.0613563577938934 0.0987355795261862 0.140161650400926 0.229146278845872
0.168311285247583 0.0504639154325687 0.267928037490544 0.287385064400219 0.0458833089541456 0.18002838847494
0.140938726677304 0.000588851360271786 0.332810256073791 0.10715995018961 0.220855002041001 0.197647213658022
0.165907213932143 0.301875896241752 0.288273931371511 0.225090655951746 0.0110210036105099 0.0078312988923381
0.285784453803795 0.0584568767319897 0.0245624395318786 0.229733583070365 0.11737909947218 0.284083547389791
0.173793648688039 0.108496343155726 0.188836430744953 0.252704402148926 0.180507519404738 0.0956616558576174
0.125766266377188 0.136707027176567 0.218321613997957 0.225344495567358 0.217212487044845 0.0766481098360852
0.187731925665842 0.104579247622687 0.201024825114883 0.150311268766768 0.165943587471104 0.190409145358716
0.124957842972899 0.150811246097253 0.192036098338651 0.121810067460234 0.180212726086647 0.230172019044316
0.21622583704383 0.151921959430272 0.184388661743914 0.224314843163612 0.180290802807799 0.0428578958105718
0.0447178483968018 0.237218971604145 0.205834693489545 0.252148123590076 0.024431261572472 0.235649101346961
0.03140211306649 0.255616218159015 0.283797645449146 0.187232192207604 0.161557299150032 0.0803945319677136
0.0125351939626736 0.245672419095128 0.0103135335876061 0.0527997819688753 0.338702314995666 0.339976756390051
0.338924442983433 0.171495171954925 0.259772644321266 0.0656823909035641 0.135931099812108 0.0281942500247051
0.0149176825408025 0.119656966781748 0.146973553859316 0.221867874085582 0.0609275090173285 0.435656413715223
0.278102688255746 0.166689136256857 0.136183955830806 0.0347783722866505 0.0903159653050885 0.293929882064852
0.137399840144804 0.185474674789932 0.142792006984093 0.194136855345216 0.209514041828621 0.130682580907334
0.0379874775837281 0.299377893534313 0.0929790917718352 0.425970359793387 0.127264744670476 0.0164204326462613
0.166125200367594 0.130289960714291 0.192451106995678 0.19414187749655 0.221858836724641 0.0951330177012455
0.292751046714879 0.154492036808502 0.029509002697716 0.174361441137493 0.31868644359827 0.0302000290431404
0.107803726932642 0.168775853350736 0.193557665212642 0.0619178360128595 0.179082334745067 0.288862583746054
0.133270443549071 0.258301515462214 0.188223641634935 0.00752957600709609 0.280147884060627 0.132526939286056
0.237639424913829 0.309004099883031 0.221235888032016 0.0406152164238946 0.00897905128772104 0.182526319459508
0.140023707481122 0.213788146188607 0.116792272673632 0.218770074450133 0.156896623285327 0.15372917592118
0.258665462454663 0.141309224246059 0.0184096184063933 0.383860695202208 0.159046187171041 0.0387088125196356
