0.212590667648977 0.129247684818238 0.222530294431911 0.054690555284861 0.201973566792752 0.178967231023261
0.263301753023133 0.0196442679762948 0.120428377120562 0.169636932092228 0.210130132460175 0.216858537327608
0.133746123969344 0.178158907844413 0.263502901248966 0.234999920209994 0.0753418731845452 0.114250273542737
0.229542813658372 0.257115474830559 0.0740669646776694 0.12492807709904 0.220458585458634 0.0938880842757259
0.102562914360271 0.0310968899340548 0.297760667052149 0.0931424460340777 0.35455445825139 0.120882624368058
0.317773435645963 0.0272275801474586 0.149240206054623 0.151621704180879 0.124177603698078 0.229959470272998
0.308671855630443 0.0527000132924382 0.0170126339381122 0.195383445058871 0.267963631918824 0.158268420161312
0.130675460025522 0.370416061760487 0.156079465103253 0.124491693384198 0.0274193102969913 0.190918009429548
0.223095185746205 0.292847846241232 0.177299488489358 0.270278263316267 0.00672462915662536 0.0297545870503121
0.107561317694976 0.175576079414651 0.0895347301757405 0.182221507154297 0.228474808951828 0.216631556608508
0.122832751503104 0.23932033626218 0.100391259041798 0.232816335265375 0.155952275732599 0.148687042194945
0.119532558755044 0.28228096690419 0.18100996093889 0.25300832380646 0.0554579462897861 0.108710243305629
0.298777778522297 0.0929788834086526 0.1573551094058 0.294363761920421 0.133208390681682 0.0233160760611482
0.224054054009748 0.016937906724042 0.196256415606719 0.209501423316611 0.168511931167388 0.184738269175491
0.0811848767582892 0.265425834639386 0.283165937547361 0.0570578051371744 0.115126656715193 0.198038889202596
0.176837765717725 0.213391928528308 0.113340394629712 0.20150817129995 0.263893085505455 0.0310286543188502
0.259040798473208 0.0418747743431443 0.180784387011565 0.191554089085957 0.0463295603912481 0.280416390694879
0.186894521109205 0.228191940144128 0.0619496552104645 0.272981198448637 0.0504511367168555 0.19953154837071
0.194572430129247 0.193680394550783 0.0866083794260871 0.232287021396854 0.266754248022116 0.0260975264749129
0.216078424720125 0.0460975075249179 0.219301377515696 0.0822399708846342 0.325092436038784 0.111190283315843
0.226720211243743 0.0941166640860205 0.249089745049277 0.0825114152896837 0.180102909624038 0.167459054707239
0.216719444210046 0.0305484043469775 0.291167217735636 0.32702908317431 0.0613227182984458 0.0732131322345849
0.0972637825683127 0.219570864624047 0.278371909604571 0.264126848481783 0.0625829458556633 0.0780836488656223
0.153087782621797 0.099534360362282 0.253012487715146 0.254568048081536 0.162906337999877 0.0768909832193622
0.240167992112692 0.13628215106085 0.242183596503673 0.0431260121143863 0.120136038441542 0.218104209766857
0.0891545827705372 0.222843674378362 0.0548970941720972 0.214873005666731 0.216787871032774 0.201443771979499
0.264695516502182 0.206042977480908 0.033262418338895 0.0628208625356381 0.177014050670773 0.256164174471603
0.0508018739710712 0.0454676000790155 0.398333145893351 0.0127813996900013 0.388661727637331 0.10395425272923
0.0847425885237224 0.0302285595136611 0.182508454808106 0.121674354974971 0.32806176604943 0.25278427613011
0.0860871267800737 0.265924795552135 0.0173255588224314 0.270413400679715 0.184830918248929 0.175418199916716
0.310943798562064 0.0229342029124441 0.21652424136275 0.261021231940637 0.0585455201940016 0.130031005028104
0.262596958303002 0.0263984163609962 0.328731446506083 0.0880825397532944 0.0688791934557554 0.225311445620869
0.21403311059151 0.0747565271384517 0.232243841254226 0.0955273220733202 0.26236657433816 0.121072624604332
0.269089118598901 0.207974627670335 0.184037495450274 0.0801526613392998 0.06710240131711 0.19164369562408
0.343465681966197 0.0694115618496733 0.00106084782160009 0.299916449203217 0.0797066838705767 0.206438775288736
0.216933335351874 0.102974865910098 0.221538167747126 0.0140902616363462 0.195597138508081 0.248866230846476
0.117126505160337 0.149463372784546 0.174764463992645 0.409637570544299 0.096756657218563 0.0522514302996093
0.150474210668763 0.182027800112093 0.281834260526945 0.0163952661378097 0.203761151459218 0.16550731109517
0.196799531221069 0.162120594775165 0.181418016116149 0.212660161730305 0.137562780553848 0.109438915603463
0.0151802703577195 0.0663805213682031 0.309880175647659 0.250662079641696 0.220027101910303 0.137869851074419
0.218487189811893 0.138157805046137 0.168975698924861 0.303379268860411 0.105952523059746 0.065047514296951
0.186501086433274 0.246685579751557 0.223647544146349 0.206595562685238 0.104264383985739 0.0323058429978428
0.133587250216139 0.144599659652131 0.257154589421342 0.242074999800013 0.160191423239898 0.0623920776704774
0.103532204436481 0.226456251730174 0.239132832270128 0.174045374680016 0.0880117230430398 0.168821613840161
0.121052003816567 0.298628883511278 0.0105972448676255 0.20258811620565 0.227232042867799 0.139901708731081
0.185954413611542 0.234664977361144 0.19229822358475 0.0580898709548972 0.162609891164171 0.166382623323496
0.0883639365694355 0.284442280833668 0.176481710628352 0.182529616586908 0.0859897615851331 0.182192693796504
0.248266861617761 0.218261325124561 0.216851430119622 0.059945545752343 0.0817514150814434 0.174923422304269
0.293821788056518 0.153947251411567 0.258210460251884 0.169187654560709 0.038783017726204 0.0860498279931171
0.157693174750853 0.254891638226449 0.140008207884329 0.109618026777782 0.226729720712347 0.111059231648241
0.314406724053757 0.102116981457413 0.171570729310503 0.187567772442264 0.0232184357324204 0.201119357003642
0.191828148337662 0.0208322207791046 0.21410739264259 0.295922813905626 0.116355183173809 0.160954241161208
0.254961302687855 0.0359045421709867 0.211655800210292 0.229911164465548 0.0236629203516882 0.24390427011363
0.291660306424232 0.290117695911918 0.158106959831724 0.0656695306636692 0.14037799833651 0.0540675088319471
0.110410320325143 0.350653719797502 0.0576377887164767 0.0513719899771618 0.310237181967673 0.119688999216043
0.207514286337128 0.0438508434120724 0.117868082982853 0.166633966063589 0.157289928577464 0.306842892626895
0.166424427809577 0.0203892465143564 0.295398690980919 0.204453543402177 0.189412778045877 0.123921313247094
0.040449806403398 0.316373290783857 0.0137687017915321 0.115359855389134 0.35842348865281 0.155624856979269
0.303302595201465 0.0999574239340209 0.125221046528581 0.207228480183154 0.0828096208899633 0.181480833262816
0.0751550421552834 0.1934476944488 0.0828049272699196 0.164065207782451 0.228798592143571 0.255728536199975
0.238949994235858 0.130860810490187 0.153768432698823 0.0330232061925751 0.200151689018281 0.243245867364275
0.126240850772866 0.0977419421769885 0.318542318880302 0.131637114104616 0.218899318960748 0.10693845510448
0.105014807774472 0.0669735117448894 0.374474990498902 0.422529117706268 0.023122628875401 0.00788494340006689
0.157921079612246 0.256189967385367 0.0727808685090404 0.117256391773306 0.287912584706619 0.107939108013422
0.110561205927982 0.299548824280805 0.168173288029384 0.0497272856361435 0.225264503945541 0.146724892180143
0.142523867501318 0.0561641490448394 0.109158500424957 0.116702217954844 0.296503480817456 0.278947784256585
0.122290241238368 0.215557012864083 0.242327273742267 0.162047764866886 0.0896064707255329 0.168171236562864
0.22634554424044 0.248867872062024 0.0491178976148272 0.245437664835361 0.0737145015432065 0.156516519704141
0.255843745067505 0.0587267949038059 0.0781429820826202 0.0784078440403815 0.258213122869982 0.270665511035705
0.107039513000309 0.0070506399742872 0.409817028774986 0.286894787320213 0.0758973488972774 0.113300682032927
0.225024878902485 0.167012335858 0.0456659091870495 0.241803781246869 0.066349113904757 0.254143980900839
0.279084789069715 0.276571837698003 0.0584723207878242 0.346366955447013 0.0215287921346532 0.0179753048627916
0.0155380398300592 0.164810713137427 0.0961395450767549 0.0861727457173166 0.368978010705735 0.268360945532707
0.0389082433955179 0.269790079551391 0.213648358538227 0.16148950511291 0.240790051153565 0.0753737622483901
0.193396062881842 0.231995965571101 0.0480755909402141 0.265962786462269 0.0955272732649443 0.165042320879629
0.137626896993682 0.0177812970807467 0.130971679163816 0.419671189851999 0.115418615497023 0.178530321412732
0.223513106471275 0.175820243302637 0.24956558948855 0.113040677085524 0.0774494262160106 0.160610957436004
0.0913767551487335 0.233201591796717 0.0456221487361616 0.245300797874538 0.0634452375759537 0.321053468867895
0.341720057395115 0.0302509412020728 0.0680007888739147 0.236680830147026 0.0187129131816386 0.304634469200234
0.0781828467727993 0.108574463766393 0.257049092472812 0.0398195616366965 0.129404249085216 0.386969786266084
0.157225578605152 0.235952815404819 0.186971627120804 0.252269870827256 0.135739970516128 0.0318401375258406
0.0224448072887835 0.201808649078338 0.260499059429448 0.26174188913344 0.0304873112902702 0.22301828377972
0.252920650950968 0.0117443842737303 0.0724644951260118 0.142774427894618 0.274169131999635 0.245926909755037
0.179364172123792 0.220384341786277 0.229285334919327 0.166897463656409 0.199772449537276 0.00429623797691925
0.112789987691089 0.00537364553829981 0.295990198222919 0.21745722967654 0.338379905817062 0.0300090330540897
0.265682097339887 0.127816372360973 0.120506923476098 0.154104895242336 0.211028975551796 0.120860736028909
0.0418070849759315 0.166543325720615 0.135226493874477 0.231206690884918 0.22000686888741 0.205209535656649
0.0137711176621027 0.210175295351944 0.287712444534868 0.186393714692685 0.15938215229322 0.14256527546518
0.241426408717053 0.329666624944419 0.0887212890688914 0.0867569822705681 0.147686968934838 0.105741726064231
0.254183920105045 0.243220053193525 0.208077283542469 0.0474335694361312 0.0249633944007782 0.222121779322052
0.100422666033132 0.141047644604582 0.181333426315146 0.226716707933057 0.0409372456313033 0.309542309482779
0.181828075776959 0.0640944281156242 0.301430785860331 0.313919271363716 0.00580516681076134 0.132922272072608
0.201310073596041 0.25589721156376 0.0573036608655109 0.0236382187171898 0.260806327892041 0.201044507365457
0.0978462716459678 0.221605585939749 0.115405274757514 0.25647110030061 0.119010006798367 0.189661760557792
0.199354005947071 0.268523058235894 0.0413985225466167 0.078862065942838 0.362630378813884 0.0492319685136965
0.166982654784912 0.0401028873938722 0.327963838912191 0.160035208249664 0.178644483119459 0.126270927539902
0.18652957858596 0.279242837990994 0.112340662091584 0.209965963723928 0.181191108072868 0.0307298495346658
0.212554425560704 0.263182325617537 0.212500473116265 0.029818259384391 0.0928974218704011 0.189047094450702
0.00694051172016075 0.0093305702751346 0.50861520344308 0.0225286538419049 0.0236169715039061 0.428968089215813
0.346536257532326 0.0312118230144067 0.302646395840558 0.169188100568812 0.00917698852690166 0.141240434516996
0.0708982559577288 0.293870199783494 0.20556289241274 0.00679253705805513 0.264400288016906 0.158475826771075
0.335943123911918 0.066730399215845 0.151595357879064 0.219062715084434 0.106361897237872 0.120306506670867
0.141836614087497 0.165970352676049 0.20327008391149 0.133172130777928 0.14060434904704 0.215146469499996
0.112964718735469 0.118057601902458 0.221504172623655 0.0976389598674289 0.265428718778097 0.184405828092892
0.238501191090286 0.307791637305227 0.157521256999064 0.081302593512063 0.144438977232411 0.0704443438609502
0.0802708161944662 0.126684746397396 0.079783792365604 0.226822426921023 0.279834066916643 0.206604151204868
0.0260968581852751 0.237655456744222 0.1395169688577 0.0404418737381312 0.304531757511272 0.251757084963399
0.188647142009756 0.0710389775338304 0.292907588655452 0.0944715393113037 0.209919723636125 0.143015028853534
0.11672711947498 0.135172240918327 0.334139303226148 0.0989712211034067 0.0236109153242184 0.291379199952921
0.316853079720406 0.0572490445491534 0.031751764872716 0.152401716969707 0.272940854703953 0.168803539184065
0.107558230929631 0.0057709400988715 0.404128650941991 0.245763438185103 0.162669748273899 0.0741089915705047
0.105455790770166 0.128717575711833 0.295662534024452 0.189923596221561 0.23127156928655 0.048968933985438
0.302810702798764 0.259290825139967 0.071388134470353 0.153747822175255 0.208299813094767 0.00446270232089372
0.137675328125942 0.0683200697798884 0.27993481186927 0.110473903998861 0.246736391403958 0.156859494822081
0.218368623583325 0.0480444139837355 0.0951101741906213 0.165061701077624 0.256710562628998 0.216704524535696
0.218768624681788 0.0983011342102676 0.0990796933790022 0.25873499292464 0.175432182068222 0.14968337273608
0.207619709001052 0.0744892823204076 0.0212533220978534 0.301138434793024 0.241949412181521 0.153549839606141
0.12710580592684 0.307032823349499 0.189749362133682 0.109141118651223 0.0448487453320329 0.222122144606722
0.0686861147397673 0.303317638156006 0.0782653854400236 0.042567715907601 0.193765154628619 0.313397991127983
0.175147000456439 0.0274370321754152 0.325952167718465 0.0433376767302937 0.0561716030520589 0.371954519867327
0.318629016551921 0.169604975101382 0.276544120997073 0.183113492675059 0.00537519798208017 0.0467331966924848
0.00374084039831528 0.056279211622101 0.354374556759181 0.0609806320404767 0.259456643612458 0.265168115567468
0.261504780117797 0.175759299975069 0.140416316842824 0.00516900172891963 0.143816602037031 0.273333999298359
0.168434703138529 0.22986828805339 0.0651901911003522 0.0793204415340491 0.226854093718018 0.230332282455662
0.0481567294841386 0.0152899277329898 0.177997243948198 0.438885630930755 0.270816071416456 0.0488543964874627
0.21175349552734 0.237301371135576 0.177717901770857 0.100428688794192 0.218214362002374 0.0545841807696608
0.219687460848628 0.199915403436243 0.0620545048677974 0.0112685235313588 0.290540357465452 0.21653374985052
0.177821566851683 0.0482570172327766 0.266901793960237 0.260185299892334 0.129795651529629 0.117038670533341
0.0349414185569095 0.0894015566106279 0.0273122847236694 0.339802899982602 0.247218052248044 0.261323787878147
0.213267323795823 0.138808665508142 0.110534001793421 0.108715584708171 0.236594142182918 0.192080282011525
0.137326428974023 0.225325143696727 0.191035594805166 0.210270929857857 0.168169614943466 0.0678722877227602
0.263925352116569 0.326503724545071 0.261832008163046 0.0548620825864133 0.030194942990127 0.0626818895987743
0.259488260119893 0.00411703678069322 0.294175412933412 0.0627377075533207 0.178389413222004 0.201092169390676
0.262283445842362 0.132068256970713 0.0583159833072329 0.207910552806603 0.242716669511784 0.0967050915613052
0.105689781806522 0.128924700138101 0.235786471316011 0.126304766306425 0.231971259255184 0.171323021177758
0.00923649989465438 0.326294918619607 0.282250439140276 0.296387858055635 0.0638528986936159 0.0219773855962126
0.121279526651102 0.39852055784138 0.126290232677394 0.0633199791497673 0.0100777249312134 0.280511978749143
0.0360080865545023 0.221652917011481 0.123789734071946 0.250415861570051 0.218446434835134 0.149686965956886
0.0944619802152566 0.143107527292189 0.204582387070292 0.214052406101646 0.218458734443335 0.125336964877281
0.255932310443759 0.275908948981221 0.189992195585523 0.183179788715868 0.0921797013946228 0.0028070548790062
0.0862873734119143 0.132126744167671 0.0932460053360825 0.173118295151108 0.13533083066529 0.379890751267934
0.181886136628229 0.345233279952801 0.00111150767164622 0.117787779979364 0.353710977578007 0.000270318189953188
0.0807081971479091 0.130862145304754 0.0376921057187147 0.21224542713464 0.240750841013867 0.297741283680115
0.326320165150112 0.0899193125644869 0.134331508795146 0.105279329027672 0.300440614552189 0.043709069910394
0.179797056985365 0.1770006598903 0.238456403973345 0.108943988085613 0.225245440493892 0.0705564505714857
0.0474817522721343 0.251256961699267 0.0553388404300359 0.23755736982017 0.0608008506377871 0.347564225140606
0.194785536849319 0.211912476553813 0.0283569565502741 0.200665906441437 0.151739705150943 0.212539418454215
0.224433455085375 0.152463354531955 0.0462416897326117 0.161083633409429 0.226103966011599 0.18967390122903
0.0848957685165531 0.301928416060659 0.0317338454105282 0.0808086238704991 0.277457225798709 0.223176120343052
0.313110688258097 0.0501322010887663 0.119779605749177 0.232463269021697 0.0707734389216461 0.213740796960617
0.186425867184007 0.223247266344083 0.2087751272914 0.0727102331868736 0.156277499686378 0.152564006307258
0.128495338258534 0.105497423933043 0.152721000880895 0.31522417689097 0.281323263472914 0.0167387965636439
0.189776854618351 0.0854624359250176 0.0119532914080184 0.0821024771402947 0.313710180437563 0.316994760470755
0.324690196623902 0.0954650076995369 0.159065348177287 0.240131894498611 0.052534934303148 0.128112618697516
0.398103787084474 0.0149393009324213 0.0811706579265815 0.281182149158202 0.113002489918955 0.111601614979367
0.218969382444451 0.287904567596329 0.215904517785773 0.0185008744741213 0.214426607829678 0.0442940498696473
0.376671414648179 0.0892167932141999 0.193886527794531 0.136632430496803 0.043090668572427 0.16050216527386
0.251763205305733 0.151741070517709 0.020759781605869 0.239377937213844 0.0529065747874032 0.283451430569441
0.0559549391930539 0.121106619584551 0.260469069017161 0.128006808977017 0.132964285723524 0.301498277504693
0.070678236197362 0.216653717543836 0.259865131568924 0.0467501924065988 0.261118872709164 0.144933849574116
0.329038739425739 0.294617149378138 0.0186171951201772 0.0891081165564282 0.14365838945831 0.124960410061208
0.142985401275728 0.139296102677687 0.024359991710536 0.106452816686621 0.285757023526051 0.301148664123377
0.261157673999428 0.170741979539054 0.0331866944789983 0.267996092382433 0.0945316344927077 0.172385925107379
0.241218922205241 0.210307311902509 0.110305769228191 0.0239467105405397 0.171799210449057 0.242422075674463
0.079125472194578 0.226803770088945 0.160672646876593 0.327798638747898 0.158831662333922 0.046767809758064
0.113634516132108 0.210131102671123 0.111505972041258 0.0618830152196919 0.271911253540326 0.230934140395493
0.330566440857409 0.0460435720878654 0.00481823010751858 0.235787458827475 0.0097133508977093 0.373070947222023
0.097538603891013 0.185246196878643 0.227235698086569 0.122044904457516 0.207793710981917 0.160140885704343
0.433490203370493 0.101226602315658 0.188713089124965 0.0754684123960235 0.138694114839796 0.0624075779530656
0.366919742210247 0.0830018098355423 0.0387794238456711 0.10188920807122 0.257551007467043 0.151858808570277
0.117171222043447 0.138284130067388 0.18925174634287 0.122226664305418 0.23593966326372 0.197126573977157
0.2503254488703 0.133631005058847 0.279184459171779 0.10007091833695 0.0319273539066313 0.204860814655493
0.0850323246178325 0.208235461864306 0.131407925714013 0.264729233949184 0.177517134914732 0.133077918939933
0.218660430553132 0.163143276106793 0.143740322346012 0.08059648341373 0.22539134839148 0.168468139188853
0.129399933336532 0.164964760840029 0.256896237787721 0.170320571293594 0.154297005513849 0.124121491228274
0.108474565716506 0.258935261330195 0.17486503807928 0.236916878235967 0.219642131495135 0.00116612514291711
0.105050020864916 0.0791215017931099 0.225864649403261 0.0577931898776447 0.29586168093947 0.236308957121598
0.182843164076939 0.00370753236309859 0.0681530834165213 0.297452993379298 0.127250128677944 0.320593098086199
0.0331915605025733 0.221602566843308 0.00661206776232654 0.046487512164392 0.325217007703822 0.366889285023578
0.13469533546323 0.129869325937204 0.223938987982636 0.274510069453431 0.226632713157492 0.0103535680060083
0.107189644255939 0.23478927269548 0.175769747747057 0.159921721790232 0.0722638688184879 0.250065744692804
0.0146656216384394 0.0185180859066444 0.226210277604675 0.317131052789956 0.10263591223401 0.320839049826275
0.281076388955838 0.313004965550229 0.0493338717706378 0.22302331304638 0.0897924218972251 0.0437690387796902
0.273169577104973 0.147508602756973 0.145030221136063 0.0384699418326401 0.238454524992562 0.157367132176789
0.056282789983627 0.105994944512823 0.158506349231357 0.257260995740444 0.155481514136767 0.266473406394982
0.097888321834834 0.107680038094248 0.27018598589058 0.194522284856011 0.0375649123600237 0.292158456964302
0.266353861460717 0.0264739199012448 0.208997255635299 0.147835162130721 0.210480772720504 0.139859028151514
0.124045015564761 0.250483260542793 0.023699733847083 0.298777706300491 0.0349394887843741 0.268054794960498
0.0883237975873098 0.105823851997531 0.107067079746396 0.263601746884284 0.273683733162814 0.161499790621665
0.220835068422914 0.22227827142125 0.1855695295075 0.116977685366311 0.141279065166188 0.113060380115837
0.0892421519561051 0.25438958434638 0.174222667152299 0.264667632352729 0.148423267189372 0.0690546970031157
0.244478204221939 0.0169413600049115 0.225342539144665 0.385347709040707 0.0832003110695836 0.0446898765181944
0.213108299746518 0.153796133198528 0.279557589522887 0.0467237420188871 0.0450053381111369 0.261808897402043
0.205200076358537 0.279039080754539 0.0570824026199367 0.209521684747487 0.0463268295526762 0.202829925966824
0.354348213721423 0.172143622693614 0.236568909284628 0.0725430253023332 0.0412697635161229 0.12312646548188
0.217622260316627 0.207856144697591 0.102118464868843 0.243349413628359 0.00125410367924244 0.227799612809337
0.188802012017372 0.198084356748932 0.144345783010534 0.0371584874634842 0.237563290503252 0.194046070256425
0.279201898152691 0.0957043165713949 0.0746506198962213 0.0628734514793919 0.255290925239686 0.232278788660615
0.142852433855258 0.105579362395513 0.283916706434705 0.091417456804017 0.128696899738105 0.247537140772402
0.257288776626204 0.0449784041920794 0.279567176131368 0.257911303355623 0.0825101130354801 0.0777442266592452
0.127865871871804 0.210108798014669 0.249472326562153 0.133852655441665 0.249990593379111 0.0287097547305981
0.178615028163956 0.268796964401196 0.18376507331198 0.10649064445659 0.171692302912482 0.0906399867537956
0.00227459380091754 0.300441841751933 0.101171298292028 0.108436811352707 0.258946890967174 0.228728563835241
0.115964912247764 0.188567693869685 0.313501929239764 0.105807341545823 0.126521033754705 0.14963708934226
0.158643078722917 0.162515669548106 0.409824347213225 0.0201295707123337 0.208351397283158 0.0405359365202594
0.016135819136537 0.276342320363144 0.2395658919518 0.24590242678867 0.0901494626681555 0.131904079091693
0.130358947226309 0.211222362238922 0.0707944431998054 0.116222263917639 0.283301331280046 0.188100652137278
0.21087746774859 0.215522023955937 0.092370130721354 0.405307994119129 0.0119350153740298 0.0639873680809597
0.235090021770274 0.262830920266372 0.17026062935849 0.144668605764222 0.170196792363939 0.0169530304767033
0.0584905469381472 0.0717788021839201 0.220766818683571 0.222901370024503 0.262739307469073 0.163323154700787
0.212036380249825 0.0321799961781161 0.147017954327591 0.284327562204525 0.136608003143832 0.187830103896112
0.0822585626288972 0.193087324531209 0.22703685252163 0.0968853353921132 0.267160938151448 0.133570986774703
0.0279072868896334 0.39166845830578 0.0515972492299047 0.0209687969230246 0.412602476323695 0.0952557323279629
0.254513986575838 0.201319218931492 0.216913016371118 0.160359708673569 0.0788813173954945 0.0880127520524891
0.107696477775694 0.21178012531853 0.0911573389188562 0.137856580481508 0.272662970937527 0.178846506567884
0.213626004273822 0.205743680385276 0.148725902795649 0.0468307992352385 0.213911414629386 0.171162198680627
0.124082260840768 0.0179997625095448 0.142462675966595 0.0141621680173492 0.260956761477239 0.440336371188503
0.079939096034999 0.262769169526574 0.0978740199856942 0.0929468917331547 0.222745081908732 0.243725740810847
0.0941757374183422 0.103493066649258 0.0771648853544699 0.128408400736008 0.274528394671462 0.322229515170461
0.0654076230104243 0.0636867172140075 0.171270325246254 0.157324049924327 0.266562426374172 0.275748858230814
0.136246705740804 0.265523665631767 0.134713344010558 0.179689582961945 0.177709685691261 0.106117015963665
0.154439887712066 0.0760047785987247 0.115811331785094 0.234026113345965 0.228377731269856 0.191340157288294
0.140307993762067 0.176847350372988 0.246803903170974 0.171179187080219 0.262098634722401 0.00276293089135142
0.212223403371908 0.0145780989735503 0.18927467551641 0.1883196534453 0.182207316221355 0.213396852471477
0.199388126161016 0.122265808228227 0.0552705235392829 0.220041345593834 0.262349602203106 0.140684594274534
0.163660979258944 0.17290330367677 0.0338673689563238 0.0517615630704287 0.540369649540346 0.0374371354971868
0.146298318831235 0.243961614724726 0.135509145584067 0.135998960123305 0.177277427014765 0.160954533721902
0.378685182206835 0.0136907151089759 0.162661577350271 0.127968563110341 0.22600666617956 0.0909872960440163
0.321881935484343 0.129276756434156 0.0383323537740284 0.28475182604506 0.0275231697449778 0.198233958517435
0.0282048140919149 0.311776961663794 0.160065377814537 0.381088668749207 0.113654604185869 0.00520957349467851
0.256244072707432 0.0364689764150815 0.0601604979318614 0.137155548896872 0.278901248282885 0.231069655765868
0.218817194860905 0.147276214384243 0.198889593347028 0.225619731825522 0.205469351129622 0.00392791445268027
0.148715826217033 0.143822220161891 0.267589525904166 0.134465015366832 0.187395847596978 0.118011564753101
0.173671673608823 0.0517477886598606 0.215729349279958 0.191770078034821 0.225164093351149 0.141917017065389
0.106981745432805 0.117756953998978 0.315515710226375 0.218029250351989 0.0143014922341846 0.227414847755668
0.238548024584063 0.265218498198653 0.0516403758880994 0.269851853769919 0.110810466088181 0.0639307814710836
0.0198947505329579 0.315472837718497 0.0852400107409291 0.220626276369995 0.284379370648584 0.0743867539890383
0.26663055199283 0.0360427469854867 0.155577399723937 0.143084646262853 0.204769084636593 0.1938955703983
0.167659795791938 0.227830019660375 0.160824022231145 0.109473578191406 0.12597146910395 0.208241115021186
0.0964519291578354 0.207356464286283 0.08983105683827 0.186000558064617 0.201347814145989 0.219012177507005
0.181440753738414 0.150367814214365 0.0376926706669628 0.222001866129029 0.202273589093407 0.206223306157822
0.224915551099431 0.0901312573386024 0.242613825373686 0.107745246969498 0.0875481822216668 0.247045936997116
0.255468387450163 0.105505883326181 0.150824874543579 0.241247585995683 0.19724150440751 0.0497117642768831
0.0597198825816241 0.252499960116752 0.182908670005464 0.253146301992083 0.0756782541611476 0.176046931142929
0.154612031167485 0.0919622831864227 0.269004219577864 0.145338182814902 0.14954318906192 0.189540094191407
0.13291407218646 0.0885360712499887 0.000501574835508634 0.306258326123393 0.321018965430167 0.150770990174482
0.104634630748184 0.451316884556688 0.102492682525782 0.295883342052628 0.0257426767469292 0.0199297833697891
0.00233134584172223 0.0263164910260139 0.330078239485587 0.360189355000859 0.187617928893686 0.0934666397521319
0.0479992900923409 0.0557021664299923 0.21789860156627 0.276981888473629 0.343230333386258 0.0581877200515106
0.218573944195959 0.0438904039372649 0.0332003061471932 0.226366302216238 0.389540720955851 0.0884283225474937
0.127886751499634 0.0557990483960816 0.224110854454609 0.283374462425388 0.145962032426242 0.162866850798046
0.201904902690194 0.279425273850477 0.169810191217474 0.140712893275563 0.0674626367203476 0.140684102245944
0.12026367445116 0.489199481522298 0.306470819619877 0.0365406540935272 0.0252072516963958 0.0223181186167429
0.0726176739281126 0.169230194454834 0.22748121484981 0.216653973895502 0.205343842092542 0.1086731007792
0.132701416154088 0.228964339668848 0.0328699966171392 0.175050184784457 0.178739534771611 0.251674528003856
0.276968146420738 0.0909116878677301 0.204282705996561 0.20076888980436 0.143144708633869 0.0839238612767424
0.112817325050066 0.126571322742701 0.0695908786160646 0.237134550019615 0.178629206209938 0.275256717361616
0.137231504695712 0.311987301004903 0.1004807997974 0.171943804127537 0.212821157052696 0.0655354333217521
0.369914017632835 0.0587789823420417 0.306046104802913 0.0715602433478172 0.0596536057577901 0.134047046116603
0.160832011900537 0.229524858260457 0.178853570264437 0.184562792400893 0.213454150639356 0.0327726165343215
0.0780158758885451 0.301428110369595 0.209742788876556 0.0115958199537445 0.111589996695518 0.287627408216042
0.122234079066651 0.15331855198938 0.120158758203734 0.0776733424772179 0.176935000418822 0.349680267844194
0.012011805198188 0.245947073619386 0.392799930858389 0.113166292063982 0.162950746049241 0.0731241522108146
0.313100999463311 0.120844666595758 0.0545050888155884 0.116433357777554 0.0877354070533993 0.30738048029439
0.149281377842638 0.228144485811015 0.224414737263416 0.174177109313875 0.123117641378195 0.100864648390862
0.162038165093924 0.0553926111526934 0.19150134967705 0.336251019626452 0.1514859653875 0.103330889062381
0.267190697895341 0.217893451948222 0.176868638493767 0.000263258118597968 0.22857534610274 0.109208607441331
0.228349562158673 0.271639443997969 0.169139418097671 0.00877807469718731 0.0894592141000141 0.232634286948487
0.167044840849253 0.183290032706233 0.0991196508303011 0.216288608646432 0.278361002033621 0.0558958649341592
0.257409959063634 0.0911127436424872 0.151040950948128 0.189036829209555 0.141523198101152 0.169876319035044
0.238688152237671 0.11661749369781 0.226441110330053 0.127880574001871 0.165338380431682 0.125034289300912
0.0874321004356695 0.187067551215377 0.214906148768998 0.157103844910008 0.140276036741372 0.213214317928575
0.0104559986734175 0.226048557466142 0.243823528874346 0.200533093316184 0.208291564186007 0.110847257483904
0.215271844946715 0.159053403028184 0.230239420800053 0.0104025509996728 0.227306053840044 0.157726726385331
0.0738597528011668 0.334972188411063 0.235502631007386 0.209953753222158 0.0244203702977001 0.121291304260527
0.0364484399581944 0.266415678526727 0.156886316115034 0.131814331070374 0.241592598456758 0.166842635872912
0.119577948226843 0.137774456993222 0.0443025708009475 0.170501955204736 0.198590700042167 0.329252368732084
0.223480954684108 0.100117943705332 0.128947115869887 0.211690946615075 0.175955923850138 0.159807115275461
0.293309203438448 0.0564255128391248 0.29398466520418 0.045654638717774 0.303622563762564 0.00700341603790998
0.157657520616827 0.209015570786503 0.220913013352424 0.0554818713299649 0.178289919610504 0.178642104303778
0.271872872224755 0.234655907296097 0.160883225043525 0.214071267761519 0.0442119071405711 0.0743048205335329
0.187010225031575 0.0668179788664004 0.353217710701486 0.00498645683995813 0.0987548774425186 0.289212751118062
0.23627821117453 0.223543216415213 0.221621018721047 0.09317485993448 0.0843772184457963 0.141005475308933
0.200683858066679 0.228561397827429 0.2110133699542 0.086713900370592 0.094423012565027 0.178604461216073
0.139464955278623 0.179112525463532 0.236684809914 0.0217606043903731 0.228137972449462 0.194839132504009
0.21448854773912 0.118548087230818 0.0611825389398749 0.144266814224824 0.256123392529994 0.205390619335369
0.117291045308078 0.018243128335183 0.0569359045641095 0.310485704123424 0.319509754692605 0.1775344629766
0.140872520898531 0.221001798990231 0.136320069693046 0.150064339917148 0.141338536219155 0.210402734281888
0.192671666115612 0.255462562502501 0.292280902743125 0.0933553224908809 0.0427222978090098 0.123507248338871
0.115750556156126 0.0991160091283948 0.268049519925443 0.253274584496547 0.0518578242785955 0.211951506014894
0.049063815045741 0.134778439051223 0.287635449878414 0.12073119439053 0.317784456290362 0.0900066453437299
0.042901283177046 0.151580548207191 0.257316530113779 0.0484426730659802 0.284413597726519 0.215345367709485
0.145288352490126 0.101272467172895 0.208941538955064 0.0323477911082934 0.261864019268954 0.250285831004667
0.216633725058175 0.0324583735872573 0.270511361985474 0.241598509645856 0.18544362245686 0.0533544072663787
0.227243236306376 0.193025239489785 0.114907604519477 0.23970697711515 0.034328125480553 0.19078881708866
0.169418799545529 0.281547514303142 0.0557299982121108 0.0729671791623136 0.292242189702855 0.12809431907405
0.063246567941769 0.0840641447177449 0.329792843242065 0.164152522111889 0.0941323670369958 0.264611554949536
0.30140776556778 0.045078489453397 0.0540658436085047 0.404247278491417 0.0375136596488221 0.157686963230079
0.288957604958626 0.269411959497831 0.056030314807672 0.13610325482644 0.228692804532434 0.0208040613769965
0.147559990548109 0.234906580937691 0.22960401561201 0.0466187824909555 0.191550152463619 0.149760477947617
0.013954617580937 0.316421146752671 0.164003164942866 0.230809555716443 0.224721040644316 0.050090474362768
0.066838523273268 0.14507638248481 0.167212612303008 0.288299669626466 0.250353364272805 0.0822194480396432
0.281050773965084 0.0426660129521919 0.218144136987163 0.0398655443244533 0.257062176593882 0.161211355177226
0.204126747131682 0.254706855770695 0.102977817579866 0.0038575531136696 0.206546004752662 0.227785021651425
0.0920055361016934 0.248064215942176 0.140849179265594 0.24558428021361 0.200672911628535 0.072823876848391
0.354889393115199 0.253566981927831 0.0832742122447764 0.211764742017089 0.0563685470294947 0.04013612366561
0.135556431106656 0.287871923153917 0.255552500975646 0.154353990100312 0.0812909802118013 0.085374174451668
0.275409578906521 0.0757920453622971 0.205619681642437 0.0677123983856727 0.210338276474361 0.165128019228711
0.211905208730736 0.267653927184469 0.215598405856281 0.247385447610386 0.0138342524012779 0.0436227582168497
0.0570313822369814 0.113024626102706 0.216542596067354 0.117416008141416 0.24258441017063 0.253400977280912
0.00431378131204451 0.261637909397715 0.156768853308716 0.0883299300453127 0.175866506896977 0.313083019039234
0.161907158003817 0.12606092337047 0.0943090640250583 0.195771343721073 0.202119035251904 0.219832475627678
0.118063801642995 0.222305808853603 0.28482032967959 0.077498816677289 0.131449063348735 0.165862179797788
0.0400601512874188 0.247927328995728 0.187105195338257 0.080677188453905 0.209343655277729 0.234886480646963
0.15693153475712 0.23091201782447 0.00293454431551718 0.278917346974623 0.134403062922473 0.195901493205797
0.0716006168838154 0.152901069127794 0.00638934704202731 0.282366440245246 0.344517157487403 0.142225369213714
0.183644970064742 0.260685801544816 0.0380138490194719 0.0100747824211405 0.305658450770911 0.201922146178918
0.15367440497104 0.160823608070637 0.167724241174654 0.121423271596151 0.135739129055378 0.26061534513214
0.101083618932185 0.295512074525149 0.157615705215368 0.165017500549786 0.15730011926554 0.123470981511972
0.206531734587287 0.155708361728222 0.150383082003881 0.310135320970286 0.1238718065911 0.0533696941192242
0.214527697928622 0.115175238282835 0.217362803410042 0.0882982266174213 0.193022690802188 0.171613342958891
0.0815633863095175 0.120972719014063 0.0214185616601426 0.261811838839486 0.231307386253623 0.282926107923167
0.113113712358063 0.286013951083228 0.0331860802571067 0.101379428724719 0.207315898485679 0.258990929091203
0.280311202358068 0.289096203033887 0.20343876221878 0.014738237140142 0.110882809612552 0.10153278563657
0.118959361895869 0.0274739191526276 0.233903358711031 0.174138594000363 0.261644327822016 0.183880438418093
0.208050438646707 0.103108745085854 0.130273154842293 0.177818310812449 0.22394714703559 0.156802203577108
0.221446438002771 0.153931486670226 0.0456672864806303 0.147345548089762 0.0687314980038279 0.362877742752783
0.166185413592284 0.124820521470227 0.220398928567156 0.264080656525083 0.174894850364183 0.0496196294810681
0.0639471138924759 0.109829408886768 0.123640424086789 0.332273127101948 0.136518993358512 0.233790932673507
0.195322696883023 0.0529552032710047 0.0749343442975059 0.335392881737808 0.302543287717928 0.0388515860927295
0.221780731584576 0.0324785676441843 0.339135386721428 0.165458831699624 0.144600918928394 0.0965455634217931
0.0881581610966773 0.114797792206411 0.254076864135709 0.21030169286498 0.159244292286419 0.173421197409804
0.0884926837975289 0.0735757457778183 0.36537326893053 0.0426603602387207 0.0657384591007152 0.364159482154687
0.315214802382099 0.0117531026074781 0.126153660669568 0.269159231152438 0.0998975581349038 0.177821645053513
0.244341476366795 0.136433297895909 0.284520040071913 0.169113330206429 0.150454887551432 0.0151369679075211
0.126923873490525 0.433753189595502 0.0876216929218099 0.116603044883934 0.12466604204834 0.110432157059888
0.358941420310134 0.070366733454796 0.286979040667761 0.0467187597711343 0.166384558730823 0.070609487065351
0.271693718831 0.0288435395570461 0.142458616145784 0.380986785852417 0.0530720735820286 0.122945266031725
0.107508857443414 0.205144777252251 0.175239479407281 0.0860297787485444 0.263227666796767 0.162849440351742
0.360327359090982 0.156689994382405 0.191151129604473 0.155683724444554 0.0225720685395007 0.113575723938085
0.263015505717926 0.172486628434464 0.0849366542841488 0.238671401929338 0.210609512431783 0.0302802972023403
0.119715034870838 0.255819546571543 0.0539390837810661 0.193430979632579 0.0209250591441916 0.356170295999782
0.0729823494009473 0.351607883243274 0.277440864884071 0.064456835627737 0.220968904824409 0.0125431620195616
0.0205543013185467 0.0650253649322373 0.287273948935914 0.129006746881562 0.193370371698087 0.304769266233653
0.338072302046755 0.116435974968894 0.17591916859211 0.181013019535792 0.128547029074413 0.0600125057820357
0.122757842085176 0.400836004610271 0.0192189557518138 0.0108840884852525 0.222652865070482 0.223650243997005
0.237680882395933 0.236273808063658 0.0758602311930241 0.288648152728108 0.00405771164360724 0.157479213975669
0.133263880944986 0.275029553663106 0.128751449602153 0.296443424529727 0.0153526292114444 0.151159062048584
0.324058289400124 0.0472741651920436 0.141264803830967 0.243684062766824 0.221525843860992 0.0221928349490495
0.137653773643193 0.230161132787854 0.143786589495247 0.171065298147621 0.194417148316966 0.122916057609118
0.236223860265116 0.106503712675268 0.0784026079407549 0.155686821269742 0.147347275816222 0.275835722032897
0.346266215092528 0.109046687292732 0.00779530806513674 0.244390540301634 0.125144742036432 0.167356507211537
0.185744364721727 0.281027541695127 0.183143686059956 0.119616312016706 0.0216354774896761 0.208832618016808
0.178674893071742 0.11328405396303 0.0940760406219896 0.224312796877289 0.00634642443396905 0.383305791031981
0.167845722772461 0.159927072245774 0.147784050767933 0.190323943615331 0.330795425290347 0.00332378530815481
0.198443790178585 0.0408231005667612 0.226639993277494 0.190090971632834 0.0584700257439407 0.285532118600385
0.255801030196848 0.0463849616086109 0.245031005371819 0.0188579134254751 0.416068993269816 0.0178560961274315
0.197294895404391 0.393132280937389 0.0488657226082985 0.0297329494591151 0.011742322466724 0.319231829124083
0.18416450151889 0.298221425361074 0.169686545271159 0.148002824188864 0.0116967244687799 0.188227979191233
0.25984597171997 0.12237932990622 0.259165602980561 0.205398665975907 0.0105931021066663 0.142617327310677
0.167775410685971 0.169924506964064 0.0690570661032519 0.156615349111634 0.213087261546866 0.223540405588213
0.284199008879052 0.0102186867226532 0.154150083908723 0.170566051831597 0.269433580561534 0.11143258809644
0.125429915883333 0.477400521671447 0.197670822076415 0.0324070847048839 0.119338907048493 0.0477527486154276
0.133457646655368 0.158264483095802 0.243432163365089 0.196646459858585 0.0930684921808718 0.175130754844284
0.191671368511369 0.00763698106492213 0.221546657384359 0.324410069358742 0.0193373016844657 0.235397621996143
0.278477656093448 0.116836955503459 0.175842211252368 0.166593120222341 0.252471283730408 0.00977877319797625
