0.143830686190286 0.131712407110592 0.115587941586433 0.105693753602108 0.0541319579968129 0.127782482678389 0.0268350973585113 0.0952406958708489 0.181313576068635 0.0178714015373847
0.0388306294669478 0.132267091056217 0.109031889363117 0.133146551006766 0.0184123960110512 0.152666728006802 0.130261139724324 0.119189175774437 0.151758619965812 0.0144357796245253
0.133686726529537 0.1609127838807 0.12261281864949 0.0978918127044319 0.0772220778407111 0.113779034250463 0.14292469501695 0.111521373463063 0.0339842067156826 0.00546447094897162
0.0701163039860991 0.149417100482014 0.122607741878261 0.117063206406979 0.0563398866264431 0.0572619931458707 0.148041613982681 0.148927229134394 0.054723511486297 0.0755014128709617
0.0185393294936892 0.0836104169247516 0.0347813895078762 0.158596098501376 0.0615015561521374 0.0217941364924784 0.205525221755316 0.157293162764311 0.0593213597618146 0.199037328646249
0.163516898097998 0.0164824588981912 0.153316676134786 0.0545015052049215 0.079370542407322 0.0937232557101637 0.0361846135588529 0.136613310010719 0.144798321818137 0.121492418158908
0.116289113077492 0.0952404622299315 0.163966146832316 0.037569285672819 0.116550396361336 0.130350463791903 0.159615065211397 0.00594163093614374 0.0774982037175676 0.0969792321690946
0.19704266397886 0.0165317917539361 0.168810818528291 0.127265183293716 0.133018744098506 0.0239495074345267 0.152991210535837 0.00977614433459771 0.151231205351962 0.0193827306897672
0.163250421903403 0.0940971435076525 0.0567174224034903 0.0139153200260773 0.176039423180292 0.133912614213711 0.156695080784431 0.0340943687815135 0.0774107867602901 0.0938674184391402
0.134943977225438 0.22955387125286 0.0925974440536499 0.00850859171466051 0.227531457115541 0.0503430777567059 0.0681529131641739 0.0668121275416649 0.11980398693233 0.00175255324297511
0.0959953523815961 0.0580877893981218 0.153816554635158 0.228946657145673 0.152806937035801 0.079122749859981 0.0345170054855807 0.0415588840181453 0.0836518576302094 0.0714962124097344
0.0398805081109129 0.0286979595514411 0.0688923915556248 0.0494956712124605 0.0405428998417033 0.130004676199103 0.134329246684505 0.322076753445332 0.173946556025802 0.0121333373731153
0.266979952051187 0.272524234594074 0.0128644812674084 0.00429367912650667 0.156116782054088 0.0310189040499179 0.029040537846914 0.115844349468876 0.0954143684713175 0.0159027110697104
0.227634578718166 0.204249569967605 0.035273580858732 0.028598911521165 0.0894437146775688 0.0428325745196857 0.0289374467515708 0.0717526098083728 0.226183074182637 0.0450939389944976
0.0124730481660983 0.0192256053115328 0.140757070957604 0.234755143676507 0.0557277677297999 0.126063156279238 0.183567576527488 0.0496917550628762 0.00685462990896471 0.170884246379891
0.146609118123515 0.0619970007061421 0.164795092872077 0.0442600517351587 0.109497609199419 0.0184380693892249 0.115397160249893 0.0778742715664087 0.0782720797175667 0.182859546440596
0.0392568882690084 0.0766129363139523 0.0821944120634588 0.106070251252899 0.153539001095437 0.0877636462495672 0.158853157488345 0.151132002791529 0.092121205443206 0.0524564990325981
0.142715615241704 0.0589925424696085 0.01055842151809 0.147336312341793 0.0675271128144731 0.0427707551871817 0.193639943732265 0.189886384504693 0.0663797350420484 0.0801931771481442
0.0535391148538865 0.0350848099033799 0.215917431857719 0.151953573097812 0.191750185905127 0.0582871374994026 0.120669079694941 0.150823210077376 0.0132866296483621 0.00868882746199386
0.152482678388116 0.0385754640008202 0.124717274702802 0.0425410127675706 0.0704792807369405 0.0621504855391554 0.118594546324433 0.165438676490859 0.158610492607375 0.0664100884419281
0.0982921530620188 0.137207229384205 0.0518236553093265 0.109229588754427 0.0541817408339529 0.0582475962489197 0.173711169171963 0.0210396318106935 0.156263229635122 0.140004005789371
0.141031402213191 0.108465215153208 0.153828538695429 0.0947006252652025 0.17656393110698 0.0327989502789529 0.10142822764192 0.0956825729299542 0.0517177524420375 0.0437827842731246
0.0539747643241612 0.136060301707004 0.0724617911696125 0.0385005458464257 0.0439902750227923 0.124834751989393 0.147185594467579 0.0727691222477325 0.156599082234003 0.153623770991297
0.148553937081869 0.0881173710132865 0.0791162496444315 0.106151269294817 0.0888058519546979 0.145944052219328 0.0604324382769209 0.161835829797996 0.0549290207872233 0.0661139799294292
0.00633172526110734 0.0487651803213655 0.0372766295598089 0.197244183398492 0.0891063895414704 0.12486152323335 0.132296651970687 0.0839540951202115 0.118197726441906 0.161965895151603
0.0712816009788246 0.039012459528237 0.0231305275756898 0.0200376408310731 0.194926873420038 0.123866815359259 0.0895679995373678 0.113333218059805 0.151145265909911 0.173697598799794
0.0205444964084381 0.0376551359527248 0.110679096157137 0.229804973643212 0.120622012735314 0.00595996301726365 0.0190733726566077 0.107569010978351 0.194440747892156 0.153651190558796
0.118401729998138 0.12733302420562 0.147602988356763 0.0470253599262848 0.0806767109909856 0.0307402223016411 0.0971854515996078 0.0262198494163658 0.192934243746764 0.13188041945783
0.114451280998037 0.0878733982767318 0.106007753212398 0.0100583315261505 0.172233807598681 0.0937588883503223 0.00473268483042641 0.128240416195801 0.149024641461551 0.1336187975499
0.0307444692130201 0.13981991633506 0.0189009021856143 0.0490664138973211 0.0345851920580867 0.0506624504361853 0.186790353806053 0.127512627080185 0.183857915196486 0.178059759791988
0.042239577776844 0.207769088010195 0.0512917094165414 0.0557199902253922 0.114167505410336 0.0853044040151197 0.23768115060621 0.0345194400507127 0.0334811041972074 0.137826030291441
0.114203657668291 0.200343824238693 0.0736647518116951 0.120967150203278 0.0565670009287315 0.0976811601055311 0.0471056977625633 0.167990182677327 0.021118722135392 0.100357852468498
0.0668810531062911 0.0607930461695916 0.0184306799957467 0.193634321233813 0.0651536855530673 0.139668775064884 0.0182061666408301 0.167681059051051 0.171229413737694 0.0983217994470319
0.0122092164201688 0.217774904039231 0.00715505205129504 0.104234871820241 0.150563469492336 0.122936326068372 0.0352320030117379 0.17070178879684 0.115524527866906 0.0636678404328722
0.0204119656885544 0.132247444807566 0.0408327103572137 0.0667164577605553 0.0540471854976522 0.159468179919458 0.122030664901314 0.154676381487487 0.11458157420585 0.134987435374349
0.0654230542903304 0.0766322254151825 0.0821730021954386 0.117790364398183 0.133841816579814 0.0967573869846147 0.0920312481869693 0.104378306181519 0.116416611992876 0.114555983775073
0.160958706105608 0.0882039956429135 0.0585982972951942 0.123459097589709 0.127835297764381 0.146862926341566 0.0960286171576418 0.0077085475467833 0.0518547005816898 0.138489813974514
0.0631941317217048 0.0779050231433988 0.189386898083341 0.00200913902135889 0.167411467768581 0.0611684424146193 0.0492219923803953 0.122511323945061 0.0941986571098527 0.172992924411688
0.113151151082554 0.131615124424728 0.140882689824181 0.0820885693445433 0.0666840936089942 0.0134034476659424 0.0226268558041119 0.132665378927357 0.152159630727875 0.144723058589713
0.00632111828413762 0.0856074763722621 0.100237715678216 0.129630440804081 0.162864982160713 0.00249614537635765 0.086013009800087 0.150955512548604 0.185967421439954 0.0899061775355872
0.054967906930416 0.152048242456537 0.0178949909507726 0.0939982933718459 0.142842515794411 0.19363303697301 0.0948545664777082 0.00930594818648491 0.0389746024104564 0.201479896448358
0.0532826548021732 0.0250552418025416 0.166815291462851 0.0104709413414471 0.0104553301249994 0.251777107099224 0.159419265609981 0.187823838332056 0.100595568496959 0.0343047609277677
0.020392933400395 0.0515778923314013 0.060889098911825 0.150886542945813 0.130188296229826 0.0929366811438178 0.0941515252023564 0.105020939404871 0.0971083977862265 0.196847692643467
0.0744500268746036 0.0810036189655262 0.0549869973863224 0.01772091124627 0.133574179291366 0.112735308173486 0.0648429360565862 0.145415077155305 0.160236533073063 0.155034411777472
0.0658169325853298 0.046210997813096 0.0986518436149275 0.139588943777785 0.169623562201669 0.0981235368350858 0.110976127567558 0.0631589446349482 0.120966961176648 0.0868821497929528
0.174609281981067 0.0219697323713679 0.0842102155409895 0.0368997285084764 0.11726330319608 0.137428977188812 0.0836088828248703 0.0232886701619667 0.121274367238813 0.199446840987557
0.0950326082212882 0.15902264515275 0.128261615275943 0.0227576367144408 0.149571116001361 0.133082527931626 0.118266104619666 0.0325957103054955 0.0139309897492618 0.147479046028167
0.166679532267823 0.136456543482836 0.00944738215856678 0.0160220548137861 0.025183806363152 0.140783117559767 0.15105228778286 0.0546305051254665 0.144440917867536 0.155303852578207
0.0502251050911604 0.136200603954416 0.0887739219854869 0.0678976575966033 0.142962170741819 0.139136210029985 0.0840375218075666 0.108435072585967 0.154141270892091 0.0281904653149053
0.14654841474775 0.154105146186596 0.0700835898487602 0.15152329197359 0.0945817351264957 0.0777007251325127 0.164893727929376 0.0366705586561078 0.0461779658006261 0.0577148445981847
0.0583178922129413 0.090571477918861 0.197952564673557 0.053150869886122 0.0546086418467734 0.106418075540983 0.0308829515433169 0.117371584694418 0.174532434263211 0.116193507419816
0.22524967734217 0.177414481616 0.214098326360652 0.0504388329755985 0.0377555156065401 0.0835746895292964 0.128655398219251 0.00686161307009595 0.0556716103432523 0.0202798549371437
0.126542156224247 0.132062088346653 0.111884365371154 0.109960781493707 0.110799849263113 0.04281515253426 0.120906245065827 0.0851199471924241 0.0537864689278945 0.106122945580721
0.193989487127251 0.108204616095774 0.0804693022967897 0.164313004215918 0.0262099817435779 0.103745881751853 0.0445350026091184 0.00837146932300978 0.119461818186524 0.150699436650185
0.161143381715723 0.0798070571073379 0.00115184531281266 0.250327520239014 0.0894705997839953 0.277364597887378 0.00763727298394133 0.000556135830095063 0.0922434796697145 0.0402981094699883
0.188834941297509 0.0147071271785459 0.163551423408829 0.0378314462960723 0.148772250447551 0.0251553652693543 0.0937736296496256 0.133931625037312 0.085625289263647 0.107816902151554
0.144174220964791 0.134932273027401 0.102168222642145 0.0328093008765742 0.127182095116089 0.13452433943273 0.00563360541209031 0.117632888861494 0.0862824764429684 0.114660577223717
0.233234714778053 0.213979728815494 0.0776224477834078 0.0204329288610006 0.0343586490427924 0.0346442082706289 0.032394615450283 0.140508553685407 0.143138154259352 0.0696859990535813
0.0805801153725759 0.0547171136785395 0.278869422373875 0.0371784333638845 0.0353665571934575 0.0575370316714181 0.106822327938302 0.102719821409862 0.20038103263402 0.0458281443640661
0.0354941226084696 0.079175249583411 0.150416934872343 0.0705084847154564 0.138441778859836 0.165303315522516 0.135119454033712 0.128494955291745 0.0867482617376086 0.0102974427749023
0.00682100697435551 0.029843818469872 0.0914508113883591 0.174890096213513 0.238303109158979 0.152416874808724 0.0452634763686518 0.118398779934466 0.106559202185136 0.0360528244979445
0.176214548598957 0.153780786247992 0.00306885850261523 0.0982883156023738 0.156097527739992 0.175974049724233 0.0278122640493084 0.0204440109073819 0.0894700564999441 0.0988495821272026
0.197092047880683 0.0509588830453742 0.136358541766485 0.0523593175358156 0.0113231310279492 0.108750252056282 0.141832101141194 0.174996060000163 0.0946289405960721 0.0317007249499823
0.14115999003129 0.0896090952489281 0.0885027604925722 0.0904198667724536 0.161573382938197 0.116944495863465 0.132351034336953 0.0564397448161637 0.0961641598767169 0.0268354696232609
0.0884353058165411 0.08743017276028 0.072964290989384 0.105248361108219 0.162698037438402 0.060774791712436 0.0764346792490774 0.137932962328151 0.0283531723425912 0.179728226254918
0.157370404583502 0.0937668690921589 0.00354800096659924 0.0588908471394853 0.231512265731876 0.0554340427878286 0.0999696850496202 0.0495643879444411 0.0845216499598684 0.165421846744621
0.0244382810295603 0.10886552775917 0.0593819783168223 0.138925564149244 0.141954852454238 0.11509312907044 0.0810231065717064 0.0066921887339214 0.169515974610873 0.154109397304025
0.021817815579559 0.0551424016440768 0.0752104061847677 0.143352973374464 0.009736899550276 0.178668529924236 0.139354644582865 0.0155810830224218 0.196634002091025 0.164501244046308
0.153039897847749 0.129308729804772 0.125292933726702 0.123215058804923 0.101030819361358 0.00823736837266718 0.15060511947136 0.0874798267824213 0.10586981015238 0.0159204356756673
0.0413719756381307 0.0269443544012261 0.0118478553957504 0.133992584800381 0.0659721025968128 0.196421230880803 0.155717455601358 0.0106353264252732 0.200949579972989 0.156147534287275
0.132529352053483 0.121068630923197 0.0665827646558943 0.0820928020335999 0.125813528395352 0.0967332739149399 0.105348253732678 0.0945773588532025 0.126465932776866 0.0487881026607883
0.0991287104119683 0.0360803875998453 0.0478786299856374 0.102381412381396 0.00697735957626788 0.0741119538488544 0.173194568506635 0.162730894732823 0.13324303816568 0.164273044790893
0.0309960205535734 0.195564863374456 0.128008790228867 0.00900486786751056 0.0739767151397485 0.00765690351999693 0.159823630891921 0.125230540101275 0.1276479876268 0.142089680695852
0.0376123734665388 0.103363378723028 0.167936161725875 0.106511449003438 0.021140977984394 0.0934382154829586 0.143621282315533 0.194238398599155 0.0217664457187292 0.11037131698035
0.15208543012826 0.0780018109117644 0.112380712601007 0.069069028749135 0.155602725503753 0.0344176014399916 0.13660940922396 0.097900331571947 0.0159645544047434 0.147968395465439
0.0401864771664044 0.0476291602662367 0.131479710750891 0.151161516512918 0.0986308600096543 0.139715062713435 0.101101255013824 0.0785907019571287 0.142174662423124 0.0693305931863845
0.0941881248623551 0.133479857281075 0.0587177763621395 0.188906544372401 0.0349875731225303 0.107040723341855 0.111542243143335 0.0791463542302618 0.0304527974827615 0.161538005801286
0.0516004204462919 0.147235229673189 0.126427563591543 0.0833001095401369 0.101102881025447 0.119209102316345 0.120119077551245 0.156181939339463 0.0065338775124533 0.088289799003887
0.0778476122808835 0.0990655708094282 0.0888361695042576 0.0705537082768386 0.0835522865554038 0.0946381579014198 0.0887019960394889 0.159426824658523 0.140345719700216 0.0970319542735407
0.16208352325401 0.0518916675066182 0.0818379223557524 0.0862946336233185 0.0406190737189604 0.0951379933064487 0.141191406592795 0.118086952536826 0.129569375151586 0.0932874519536855
0.0469923226225452 0.17533498654067 0.171119964514208 0.10797881691909 0.0954919485033898 0.0366479311323991 0.0694175217385514 0.0763213141311507 0.0411047637256137 0.179590430172382
0.150861932430511 0.156443177865857 0.0430416255559205 0.116575344518958 0.148934190236022 0.211873761034607 0.0224505424296236 0.115929172018137 0.0232009973642018 0.0106892565461615
0.133815140671142 0.0702544755034144 0.128858575269235 0.000295111266067649 0.141101218136109 0.170355159834894 0.179618588595124 0.134422233682347 0.027977633595158 0.0133018634465092
0.179759695456387 0.0317894827032145 0.160747887481792 0.0849749449326772 0.154438038775429 0.200251736531343 0.0380186153755509 0.00926128840859912 0.119462691967312 0.0212956183676948
0.0504976753261224 0.095639273670036 0.131099208123645 0.0662202243639489 0.117350764294402 0.097099702917764 0.115530245290348 0.147343154404981 0.11553275624492 0.063686995363833
0.0831360375155961 0.160903923983452 0.0847523349471747 0.0473579193781466 0.0120785310562641 0.127696420256646 0.0551188086417153 0.138749113460027 0.14164332790657 0.148563582854409
0.0990407520214876 0.0666771528695897 0.138325185103918 0.120091476127617 0.0134174182635785 0.174741137882623 0.0701076473539837 0.162990424387134 0.066732190867254 0.0878766151228149
0.0353046750250951 0.165398966391406 0.108399661289554 0.121728523435647 0.262396549268712 0.0277312023787608 0.100924353951305 0.0287556466351368 0.0779741158206627 0.0713863058037216
0.170957012579623 0.225491612344665 0.0101778598613552 0.0343485447511347 0.215935933997092 0.00653534482930291 0.023999234301334 0.20120079238405 0.043853734866281 0.0674999300851615
0.118275375353763 0.109375955126207 0.0195781009512383 0.134748636695796 0.0294618591374595 0.186864825035591 0.0225667010998585 0.119951335568516 0.148141773791438 0.111035437240133
0.107958002100752 0.171195899472542 0.15477253017289 0.166030002916895 0.0427540296340226 0.11208370460301 0.136823430651837 0.0765230977222439 0.0219432416577642 0.00991606106804316
0.075554527574706 0.0136787812276152 0.0136570132213701 0.157365092453555 0.158328448472166 0.166266000839579 0.231555780551002 0.0549826791655358 0.0712538951866717 0.0573577813077987
0.0285642721667855 0.186936593711555 0.02963191955795 0.246375404766014 0.0636617922626306 0.23619791189928 0.0997740562519367 0.0513936156475827 0.00208288667748188 0.0553815470587839
0.0991865727256014 0.160753788907768 0.140281344764742 0.0466056320709618 0.0194354422308073 0.189557101096391 0.0232557364031108 0.0367300999775919 0.176194589267176 0.10799969255585
0.229688151125339 0.0697605219047276 0.0038112151401453 0.0908203943641523 0.0694437316298987 0.180198501038057 0.0270652455775839 0.0982504072193239 0.164884591222744 0.0660772407780287
0.09436136994609 0.107648105858779 0.104838014642374 0.0877697060982616 0.173479705530156 0.245269268186662 0.0375772032375526 0.0309684690595632 0.0563584566832195 0.0617297007573422
0.14284033909679 0.0917974581576875 0.146346037337686 0.0276845043939167 0.103028226402764 0.171197462258414 0.0348380081848753 0.0136880065471795 0.16022421786341 0.108355739757277
0.14611123448658 0.126565664172409 0.0597278518191133 0.084688235458737 0.117178937028012 0.0680338754108931 0.153046295122569 0.109039349837748 0.0429613479382489 0.0926472087256893
0.116166642735448 0.0997754890911571 0.0352345619056097 0.137101557648855 0.156379077354619 0.134872804989646 0.17049746449679 0.0279738497447361 0.00124899669940371 0.120749555333736
0.0439667400322392 0.149652962585778 0.13406368898163 0.125921115243702 0.127236378677733 0.0634899705627003 0.0738224564768862 0.149754414098418 0.0402663600088791 0.0918259133320345
0.0990939678394546 0.0831624653231826 0.139629681939031 0.173940427565366 0.0167853705659464 0.0693688165265227 0.143007173404599 0.102030717738133 0.100984354540137 0.0719970245576273
0.0835776571597225 0.14609593816378 0.121505799659657 0.130312519149972 0.0977356799805111 0.0408772122339071 0.122177086490812 0.00687708437924457 0.141472661151117 0.109368361631277
0.154181106182957 0.132023799920555 0.145537754876058 0.0316821263033126 0.0804593261918131 0.155802510206319 0.0435833670871369 0.111816225696576 0.113170409833868 0.0317433737014039
0.0859956511176312 0.191196736670321 0.00303136734000608 0.149163145982075 0.159585810799723 0.13267830742343 0.0869636579867085 0.0345786543422811 0.136297050788014 0.0205096175498095
0.0891569185447043 0.215892964726633 0.0740472166578461 0.0177617744951245 0.0521688821031218 0.0965124371733228 0.144846695444168 0.0174050773153996 0.115233211260445 0.176974822279236
0.139038508638383 0.00234226272663381 0.055669813024877 0.0502448539503666 0.169516736239081 0.136114752597102 0.0812926795128687 0.041458168207481 0.191734846856427 0.13258737824678
0.0102071228289485 0.143530701967915 0.113735213764505 0.10178091385029 0.167396705820349 0.0949629152017669 0.115737198868919 0.098011753641645 0.0156469203521552 0.138990553703507
0.092468551657756 0.0417156883017773 0.15220590367461 0.221804083778559 0.0113808713492902 0.148896772960803 0.205836486445089 0.0110600121569597 0.0916632888181776 0.0229683408569786
0.114479227889945 0.115192084208367 0.0609338967061338 0.0882225076628226 0.111957031298944 0.0366701572745768 0.033354635840439 0.156750742464494 0.188848565849718 0.0935911508045597
0.132615435832383 0.0775536924051368 0.0379124713959082 0.130052196767398 0.159059765398677 0.166330721625556 0.0959932131367867 0.159613329032856 0.0326899261821899 0.00817924822310774
0.025459691576456 0.0157474540397815 0.0989675286858297 0.0819182182931477 0.11073884962456 0.159853573343301 0.123510501700561 0.0715503025252242 0.196912253133623 0.115341627077516
0.134466824438402 0.181563025385999 0.19250313398664 0.00171914977222203 0.00903169162130385 0.135966806801411 0.144729780649193 0.179296192731039 0.016033055724273 0.00469033888951664
0.0587318144393538 0.133147012885292 0.173748413522426 0.142337130971606 0.116958510858353 0.109648118715933 0.105208644088999 0.0506408625684656 0.105987883076844 0.00359160887272562
0.225340871312584 0.0226521576920112 0.0670413269872839 0.0387106945318687 0.192263627756813 0.136534361035244 0.098638167658288 0.0645966675634177 0.100333036062922 0.0538890893995666
0.10316171184752 0.161856852831838 0.125520331275626 0.0624701676948546 0.159136931114641 0.0977336845254673 0.0515569387595432 0.0385306617873654 0.175828777307502 0.0242039428556428
0.171736652926416 0.187240668392716 0.217754617135856 0.00503718391369276 0.173804044469664 0.00126537008856863 0.0489043805079787 0.149995694460816 0.0401592763926224 0.00410211171166949
0.0647924944029283 0.0337526238615781 0.0927151231256029 0.195844679257792 0.179069582012531 0.06200333536085 0.148767667520558 0.132077214629845 0.00860978770441243 0.0823674921239019
0.157678051112118 0.111051865009308 0.0576909793823815 0.0306196268588986 0.020386487315885 0.0886954425128901 0.177779494047759 0.0600254471921863 0.155582415512023 0.140490191056551
0.044861437917718 0.19881126693589 0.186078497783857 0.0556477244838105 0.0997150552948689 0.0647174481045875 0.113269550181069 0.0027530944939069 0.0429924952482059 0.191153429556085
0.115483199555146 0.163636947989432 0.141954684317285 0.00599088071032315 0.11599869769765 0.0491129267974656 0.071752818360953 0.13189381110702 0.146464836607103 0.0577111968576224
0.22868879536199 0.0964155258541531 0.106817965363436 0.0776166269604043 0.0875526946511067 0.102915916045522 0.177039528160289 0.0566578355886738 0.0158628197268878 0.0504322922875375
0.117880901015786 0.0571328201029905 0.055126338013409 0.0601092132948127 0.155235240889582 0.150102399572765 0.135087403137822 0.135885726029413 0.122662176140184 0.0107777818032354
0.0587142445900998 0.215794997394106 0.0533662690198558 0.15919607305707 0.222561221596022 0.0665170245051718 0.0933110673194367 0.0499161431294437 0.0542595643143388 0.0263633950744554
0.201954665317624 0.0072243571155296 0.0496728057793943 0.131049825654389 0.203653460950285 0.0464231407928571 0.131009855529196 0.0840646282327856 0.045485958927907 0.0994613017000339
0.0933662151647075 0.06441757139487 0.0172223072472319 0.0965220719959319 0.0908730846452564 0.14719678163905 0.100750003367942 0.160392940914564 0.0488136566243081 0.180445367006138
0.0416460756219606 0.104678360175989 0.133962240654061 0.037603506218431 0.0888429124471705 0.121916185319452 0.127090747492526 0.192982199458277 0.108759881309591 0.042517891302542
0.125524381535694 0.117867724297541 0.0664360757586945 0.133951667414174 0.112074306745492 0.146038879090349 0.0128742889328287 0.0680687405779434 0.11550328150141 0.101660654145872
0.131993910004249 0.0264563171446326 0.0552866629136409 0.0908646325451447 0.0202345120252687 0.133243713933418 0.187790156562327 0.160905956299525 0.114331035020817 0.0788931035509785
0.1430215096836 0.147907358881131 0.0554541618693073 0.158322136919549 0.159446380122417 0.0954207713190408 0.0477684799273077 0.139430186080348 0.0412510078623142 0.0119780073349848
0.168700636613375 0.123818090069616 0.0763658818392118 0.205069170971458 0.0994674791516042 0.00716117562016212 0.137992751136261 0.139372871410289 0.0265518153003484 0.0155001278876748
0.119729116190464 0.0928856045044709 0.0844990818040018 0.0171613610848374 0.0288707092040229 0.122286161327386 0.144728210487457 0.144342620908108 0.0882915619251462 0.157205572564106
0.165761856769692 0.0132414691395241 0.145905569541637 0.103028915350502 0.177672492494731 0.000416017671897406 0.102861237955178 0.104682295181315 0.0960265282524102 0.0904036176431123
0.151667961808598 0.153276965489113 0.000498397010051207 0.169003473147989 0.155281342490804 0.0532488680865706 0.1399734033044 0.0290877352581551 0.00230588365851476 0.145655969745804
0.090874595203841 0.0638583766258668 0.127225308398426 0.143235979888376 0.112356806245512 0.146935680783183 0.124611828953895 0.0865259959259344 0.0908344287657101 0.013540999209255
0.00707279416177331 0.127423799189127 0.0694706743478541 0.173008616100261 0.0540720100383588 0.143489443770809 0.0756493138757845 0.172620427811723 0.123669305713442 0.0535236149908678
0.0413576225990985 0.195054639630791 0.152511624326054 0.0275264878695629 0.080641996209223 0.115529384515653 0.124364326919629 0.0137764254527107 0.21134370504158 0.0378937874356987
0.107404479434931 0.0968468842002115 0.0309545638596313 0.065715024556076 0.214129607886724 0.0950344858508189 0.07610658636951 0.047365627833314 0.139782528462474 0.12666021154631
0.116077674861356 0.165710780248155 0.141160275187938 0.0697718547441264 0.165924214836039 0.0457925158525351 0.00398966353973512 0.0250311663252326 0.161678898242344 0.104862956162538
0.186455516715145 7.3922229011266e-05 0.125213074240016 0.0249104534070795 0.0717642995902819 0.141774768693437 0.0711550699714729 0.0762779797086162 0.111489407205824 0.190885508239116
0.128232428156986 0.149038172412575 0.0595668291678853 0.123803168688933 0.0130358781096993 0.166302389182909 0.0544026477102178 0.114653556367256 0.0243808071226968 0.166584123080842
0.069067422095823 0.0709597354325925 0.13376344790561 0.0490083738500593 0.107966314547367 0.0998452571485252 0.119217702362769 0.203345115053391 0.0451618748401129 0.10166475676375
0.0706215782295774 0.106295321220722 0.0615989219047386 0.161373440149216 0.0583959391812111 0.0492513468865084 0.00967483792704077 0.133009528180004 0.168549687413945 0.181229398907036
0.145691986138951 0.0437213249546021 0.15335388239457 0.078990781431409 0.0872892094542818 0.0824815853250851 0.181417741735896 0.0216506387980925 0.102223088985259 0.103179760781854
0.0328509534459765 0.0897843487600821 0.0874381760755453 0.0675722109558604 0.113127895603148 0.148943105805089 0.00216533940134985 0.171536484299248 0.166284298605079 0.120297187048622
0.111591604069327 0.12498340899149 0.0508964920752084 0.136964928743234 0.0556063482961007 0.16496561778145 0.0110506795386365 0.0471210531940558 0.140988313641964 0.155831553668534
0.0597446045413868 0.0532385388117451 0.0349795394227844 0.00530774349954351 0.111670378355962 0.117776174207581 0.0135563915658396 0.27462556264795 0.237384662030889 0.0917164049163177
0.037847267618599 0.150184272177819 0.0376938770518174 0.0537868457361353 0.017747200984719 0.176118533650594 0.130224476291742 0.0999445066458388 0.172400932740242 0.124052087102494
0.153499932681714 0.146919686545637 0.19544868620321 0.0684586423787338 0.140842180321894 0.057116258832051 0.0107554626486968 0.167410808486211 0.0485162147846524 0.0110321271172001
0.200404249889648 0.0616007402683956 0.20708522053467 0.0618619252688986 0.0448290484062934 0.111962714629366 0.00414295092075856 0.167708674284431 0.0552896507383595 0.0851148250591792
0.0192838051741693 0.0443806315183693 0.00731562954412813 0.193385714140947 0.124110505172951 0.0179913137524082 0.210910024000618 0.0483506013192165 0.227536979603146 0.106734795774047
0.133639250530752 0.0144323203777286 0.009236854560299 0.183975393984256 0.180053493636099 0.0104858174396513 0.180744647279041 0.0568186995897612 0.0346359595062837 0.195977563096128
0.0298735900337772 0.0836646922508961 0.0377413384641256 0.105613622152276 0.0796494232829319 0.0932470798842298 0.070831769911902 0.172456945066536 0.177945220596196 0.14897631835713
0.107111894943469 0.0333593032644031 0.0807650265919657 0.151028322295165 0.165336754482557 0.109778059123632 0.0989852496073443 0.0352617823825504 0.121346432042101 0.0970271752668118
0.0578541393493311 0.000119067702982127 0.0696744877549541 0.0807129264843636 0.0958419533251853 0.135298885373253 0.215290684820913 0.0025154133425891 0.22757617482728 0.115116267019149
0.0295152453679239 0.0919355008527299 0.0757806216196852 0.143507588782225 0.0111315264989831 0.124126263822615 0.131638022278001 0.163336958338764 0.16331967614239 0.0657085962966839
0.0263567623693567 0.104665472132991 0.128157600870612 0.138840535488988 0.208288331385716 0.16725730997272 0.0192123020533527 0.0140803371195985 0.130936339739653 0.0622050088670121
0.179175962282315 0.0147031882788817 0.0315748080627234 0.121571224232694 0.178405732790333 0.0198871129694209 0.107147109564824 0.090776829945648 0.0496530441067512 0.207104987766408
0.154666733544869 0.0310077650089535 0.18811883146355 0.0299218692923561 0.198717867243157 0.005010140698806 0.159275675851422 0.0430566606800399 0.174474640466943 0.0157498157499038
0.118792632556063 0.138283189002518 0.0109067353051503 0.127126519680334 0.00505236101608469 0.0816621732840615 0.139522253237421 0.096159728971047 0.137957807258206 0.144536599689116
0.0305732137092099 0.0733671009722539 0.103779446851528 0.0119897668847247 0.0686780409837741 0.125173438261775 0.197958583170976 0.132525827016915 0.150989932707588 0.104964649441254
0.117518664609103 0.0710403156912267 0.196034225851168 0.0859874465810592 0.0442108609787965 0.100810678283358 0.0965235510459438 0.00589477601955141 0.119858740503721 0.162120740436072
0.176683296394589 0.100318699430435 0.0544796568176016 0.0636513109627871 0.132282858375814 0.131676140965894 0.15976855168733 0.0457278696847366 0.0325050029446449 0.102906612736166
0.0193642439271325 0.149504663814472 0.156063666025368 0.174400964547227 0.0581086821524581 0.112884691877648 0.0096620277236105 0.155739692899457 0.112758468849473 0.0515128981831543
0.0161404080203352 0.13406450342393 0.0254558189499094 0.201646971958958 0.129765843074862 0.0612153401699075 0.15427744856958 0.0707204728007012 0.0263699296851252 0.180343263346692
0.190394333302966 0.00624532866876367 0.0217668032870115 0.057257851731745 0.0394891411908263 0.0502898897589583 0.192841293442461 0.133001633508897 0.177945564078409 0.130768161029963
0.164289434948468 0.147543510118159 0.0131638517174323 0.0538917835744754 0.0323693119381592 0.176335886861543 0.0309542426112174 0.0768044623805282 0.186537130321798 0.118110385528219
0.139571264954146 0.0765302341645867 0.143677768152925 0.13593607595139 0.173434802009273 0.00767976839847117 0.0456748440702311 0.137957491910736 0.131446818425771 0.00809093196246975
0.217360873957347 0.0469976026810284 0.142337010595432 0.138036240039349 0.120486729521386 0.105680852197001 0.0198695960755047 0.0193972490826886 0.110066899145052 0.0797669467052125
0.0323132357307184 0.0863288647377079 0.00088239326792164 0.12214425520244 0.174915600446374 0.172379962428548 0.181377938239466 0.107161024929034 0.0100056443756371 0.112491080642153
0.0208509819994097 0.104416344784803 0.0954298585236511 0.032283794987663 0.0888808610792046 0.188510398836393 0.133116516115678 0.098726748019859 0.184770655445507 0.0530138402078317
0.0359227801416399 0.197670639387681 0.249160685212278 0.0772207841488073 0.0121860790993552 0.177340049567357 0.152963874792734 0.0647824325965195 0.00137304229897454 0.0313796327546538
0.0140123494784866 0.082805740269426 0.222502803030229 0.0463542494203969 0.287732025855742 0.0961852999680692 0.0452995097973433 0.0662866586103751 0.0489862062439089 0.0898351573260226
0.0295859739305832 0.081315188579473 0.192637515037179 0.132843613219811 0.141416072867627 0.163131337931204 0.0748026870991221 0.00454635559967249 0.0690188319020684 0.110702423833258
0.103677151161737 0.0757033368431313 0.107446307980828 0.0119672702210518 0.215033690918714 0.0629392225043146 0.0502847491149921 0.0843900439387681 0.137163509991623 0.151394717324841
0.0630986120669663 0.109599321032599 0.000630020587674998 0.118817420343518 0.046882790546271 0.149091736595103 0.183338194494643 0.111440848309567 0.0247122369122952 0.192388819111363
0.0728286990547861 0.107745783036732 0.0900029323756171 0.0440725498594781 0.15192581331744 0.0992350019940583 0.121296793592242 0.113944627941255 0.114594112009029 0.0843536868193618
0.145177319536338 0.0408741520077827 0.12636184133002 0.16132046465866 0.0344369025949869 0.129453865651532 0.171434826104187 0.0382617113739581 0.125398132815215 0.0272807839273218
0.13348712044502 0.151515740009476 0.0694358931678288 0.0602330298947622 0.12289448053241 0.096948951282152 0.150566837674843 0.0562315436659022 0.15820105700291 0.000485346324696731
0.169979582819142 0.0540629770779376 0.27455400927427 0.0101798539095242 0.175931871307931 0.103767891414266 0.0163026725431415 0.0323653300371054 0.112097960481043 0.0507578511356397
0.109171707306489 0.144736530393357 0.0532277083429191 0.187402534622688 0.0436122486861679 0.030219829580719 0.153587251989191 0.16269640723368 0.0164605122718831 0.0988852695729057
0.162744190900434 0.126660759820427 0.108443033030469 0.159592950726166 0.104305117740918 0.0774861412933967 0.0704484771158954 0.0716185058201233 0.0183701375701176 0.100330685982052
0.0563982350545464 0.138693255691613 0.135464417882582 0.065787821161378 0.106692506002364 0.133456159873315 0.08335604553105 0.0427895960913757 0.11058697414146 0.126774988570315
0.037506390084698 0.0491153724226063 0.0759716479688017 0.235939119398878 0.0584034908411074 0.141245809054786 0.183494197731553 0.136411313474627 0.0331406543524093 0.0487720046705325
0.0268305798551685 0.17950400237342 0.157483758394508 0.139982125708189 0.161564239453613 0.0241239763711085 0.0562045598951118 0.0104017510074287 0.161604721626681 0.0823002853147715
0.0810165278761913 0.108623067976881 0.173056711262299 0.0557409566387126 0.0162145758567473 0.142484806103037 0.0904619705166184 0.107729776591909 0.109459941876109 0.115211665301495
0.181296135297297 0.135418737979728 0.193018816209047 0.041664961277225 0.0116158562871198 0.196126411279116 0.0396476030208583 0.0570646059721407 0.106695570554039 0.0374513021234289
0.0985859118767148 0.135650441619322 0.198922981214988 0.0025254233036368 0.169281707389257 0.0357240019104186 0.124073921809817 0.157088709332178 0.0164352733447733 0.0617116281988932
0.224123499065862 0.0118011384629299 0.215251783265409 0.0253009086678988 0.110395266825074 0.0246478024767995 0.140876759770488 0.0330255274271563 0.0607308187866409 0.153846495251741
0.118895807153482 0.163610348767924 0.15486902799397 0.00927009648242526 0.0453118127045241 0.0652679745414541 0.0253506572412909 0.143298685853699 0.128386889322649 0.145738699938582
0.0852135424358773 0.114507860362913 0.116813605389838 0.0605830155270974 0.0888387414855779 0.169351516526356 0.114366941993467 0.0377862145970482 0.17227652644162 0.0402620352402064
0.196200021088677 0.0824047361678091 0.00491187270018788 0.183828700451327 0.102170532457083 0.0573083440471627 0.132629201719125 0.0153142876486434 0.0600317006898373 0.165200603030147
0.0832897444184577 0.155076996702588 0.191797785539064 0.201276325209658 0.0013365494230778 0.0392033139894216 0.10041255019292 0.0132956606402616 0.0707333999135592 0.143577673970992
0.135951800577306 0.119080212444952 0.0127214908774329 0.0997026978445468 0.0591622036508679 0.0761485909300149 0.160859659184018 0.0662290561605362 0.175637865061181 0.0945064232691434
0.15986858966279 0.184751954952628 0.0904011404700863 0.0929849553904676 0.046001221111264 0.128552633627553 0.128700683540486 0.0561925394629431 0.046023457831779 0.0665228239500017
0.165137647326971 0.0973319185987212 0.00489356173746597 0.12374080442609 0.0236493843423835 0.0884292727555221 0.158076595528929 0.175918654654771 0.0744608032388994 0.0883613573902464
0.0994985223445387 0.0675176177993446 0.172687412333918 0.123722809763824 0.00620318513538231 0.10575611004377 0.0811613095105592 0.16485603383285 0.0943884977727728 0.0842085014630402
0.0876210306275647 0.14377906740784 0.0846271552233847 0.0656219346480156 0.139917079133004 0.176656552705385 0.0883746560714917 0.127007025314958 0.0619528894973421 0.0244426093710146
0.116400429609999 0.139270857600718 0.126263381273695 0.0913968128893364 0.149126468006004 0.052461048364226 0.0219703618497105 0.170838442114901 0.115840171557174 0.0164320267342358
0.0266298826961783 0.191158596526655 0.0162462852238254 0.127736019731964 0.0086575849791732 0.199475619531488 0.166914533834298 0.0411389744004975 0.0488672835341648 0.173175219541756
0.145380953993708 0.0132935031942973 0.011948289009863 0.273903348028906 0.114068155892227 0.0319284080959381 0.212436291214341 0.0266997912772172 0.119561195989047 0.0507800633044548
0.0192447742899251 0.127739075641702 0.180371947989306 0.133310610055095 0.169063173322835 0.0993984183514667 0.154757588544666 0.0540266011329829 0.00545902148766408 0.0566287891843575
0.121419477190509 0.0137330471132592 0.0140051413923317 0.160693239943352 0.229171301531407 0.132481573007976 0.049696633526782 0.201121297200143 0.0181388076190299 0.0595394814752101
0.143004902067808 0.102532860153782 0.00101605085150481 0.000678358152498824 0.221340938417516 0.121799098432966 0.0888351798580334 0.0835741221427839 0.0434202019137501 0.193798288009358
0.0828958179797596 0.00986299415643026 0.172184005913222 0.170145098474424 0.0731820505972188 0.126663970802432 0.0566133245798496 0.0915930285790684 0.0869240693752946 0.1299356395423
0.0709474016249999 0.051311008459473 0.133486346464026 0.0194833699142762 0.211299231957052 0.0741301811701995 0.0292082187615233 0.189745872744446 0.0283893781584989 0.191998990745505
0.0851836808974035 0.152572430193194 0.241070982559545 0.107388925915299 0.0848837335149216 0.0331166485541155 0.147351504143981 0.00883872825192751 0.1240520452646 0.0155413207050132
0.110361319402107 0.197334936105133 0.2040859042251 0.132657637130559 0.0749013565677362 0.0960620496970185 0.0876733589922585 0.018283279028136 0.0406759564471967 0.0379642024047543
0.0817212108993381 0.155148670716077 0.0177460683990306 0.0214557177349885 0.119650538277945 0.059507813786937 0.137852753252137 0.136833009003164 0.153645767085983 0.116438450844399
0.110926913611769 0.0720381505721832 0.0652171516980593 0.0501837203878601 0.00185284288444603 0.190361308739476 0.0823135598468787 0.0454155461002464 0.199312781853189 0.182378024305893
0.109352531881742 0.109256247639874 0.159676963795816 0.181909972276802 0.0145690980075204 0.0511481396695728 0.0862278988156791 0.0776498585185618 0.112279501108277 0.0979297882861558
0.141728473404876 0.123970168694688 0.191622325969641 0.118598874567962 0.0508958967540849 0.0432748953169511 0.0934827431652705 0.0312524848325887 0.181528016411403 0.023646120882536
0.146660636912764 0.0797655204270984 0.00569929443655446 0.150249656443697 0.114794268366921 0.125258889059213 0.110328277686142 0.0339565666997993 0.129968217814541 0.103318672153271
0.0173383862281186 0.0363610971349785 0.00508515915144121 0.109349731704775 0.171753050168102 0.0319196091119989 0.158054505509831 0.120409804568421 0.159209524488938 0.190519131933397
0.1650413497148 0.0946941977980827 0.112101309100981 0.029502134150414 0.117306642299216 0.106969813561154 0.00820189680421229 0.168361495733121 0.072757809974926 0.125063350863093
0.033061784107133 0.0625441207457573 0.204647317350287 0.0610168152315483 0.127951144086936 0.074298765093801 0.0483445563377732 0.099959384360329 0.22012060956839 0.0680555031180453
0.0231673639545025 0.105200098802801 0.0965283212909716 0.109078174925769 0.214854566202237 0.035372701176014 0.0220516069762006 0.16145101834844 0.228479740538549 0.00381640778451589
