0.0280025891716467 0.213160296025291 0.255560935701457 0.166545424935622 0.108208923377228 0.228521830788756
0.0615740599491504 0.343153845020903 0.336015151070912 0.0975379196407802 0.149216938581798 0.0125020857364559
0.144836692770211 0.126489531592679 0.0660820024558365 0.155157281183264 0.191523760412761 0.315910731585249
0.107970527331505 0.201772204983073 0.17047168980629 0.247688464778115 0.223760335094185 0.0483367780068329
0.131437365985659 0.289458303139387 0.198636141304931 0.275433532680946 0.0179809140714226 0.0870537428176552
0.175241146529373 0.304138122662778 0.189477676944312 0.00992915711205523 0.162433675845946 0.158780220905535
0.072249891854302 0.114399593083132 0.16311739137146 0.268258576822776 0.248752581941416 0.133221964926914
0.599605069639534 0.0643534660095686 0.194005023421261 0.0825402333495255 0.0457047670664764 0.013791440513635
0.164496868695281 0.131170930386014 0.286093260986365 0.0697172484295743 0.0868175022765608 0.261704189226204
0.221543699203409 0.159733962789834 0.0098600100435997 0.160716584685093 0.222198833867484 0.225946909410579
0.260614401016161 0.224155727680532 0.227288699954395 0.0598015023105527 0.216586878012511 0.0115527910258481
0.240852835177116 0.0714597993716545 0.20573593646749 0.157055384771292 0.210126435698924 0.114769608513523
0.195726318229877 0.248408891932521 0.147884215878253 0.140264363432046 0.0859185871007535 0.18179762342655
0.0609205386037374 0.272070027551994 0.140929364745721 0.287183160816829 0.224459555519698 0.0144373527620198
0.234097481175227 0.0806449245756677 0.239450727761414 0.153063197103525 0.274000237639632 0.0187434317445339
0.162985186861992 0.125223484780361 0.0825806221168353 0.29921584595709 0.0220147918005452 0.307980068483177
0.26991444575411 0.260776350154667 0.267379825866752 0.10827892799171 0.0718764686108198 0.0217739816219416
0.0352342520720067 0.220811687467271 0.195135834744178 0.2412757342444 0.0866872909016693 0.220855200570475
0.271978287150089 0.213482542891841 0.169717920155824 0.0719720275835666 0.262365893740188 0.0104833284784923
0.120803038629719 0.0195197755955604 0.210928001006512 0.19753481010997 0.212714267423032 0.238500107235206
0.21806140311054 0.223955054084942 0.144949060647909 0.179402817529769 0.207466036993914 0.0261656276329255
0.432998559983952 0.0521411604107936 0.0211618709059761 0.068188719420651 0.157218204157426 0.268291485121201
0.148002611119504 0.0289971677396984 0.344371095406152 0.103336286592656 0.218380057413784 0.156912781728206
0.123585759895319 0.15097748702604 0.124475627710471 0.209024240928573 0.191728374584388 0.200208509855207
0.208366055925659 0.248103070480332 0.118621055610807 0.201708738492033 0.00430002513407423 0.218901054357095
0.0982180670593457 0.0174250735126042 0.298022185587231 0.0357343858647049 0.286032282947596 0.264568005028518
0.121333288847133 0.114830770477084 0.185916726466704 0.303045442855163 0.166351444516218 0.108522326837699
0.0203839741341118 0.174992890327164 0.0984900049643779 0.055559377952665 0.123216831069565 0.527356921552116
0.108959658647714 0.161529677558644 0.260281984483485 0.123911644060422 0.295949361683101 0.049367673566634
0.0357832206022361 0.165553881339782 0.34482912266165 0.167644859553945 0.0266026683514741 0.259586247490912
0.0805657326665306 0.293050999311438 0.0209702487742909 0.159182848797728 0.236020862171204 0.210209308278809
0.141983895014533 0.106438279309559 0.127771039186795 0.292184927132791 0.152584073959424 0.179037785396897
0.00724710151070947 0.31282937715807 0.362002789721299 0.0349175255190368 0.0576927459976501 0.225310460093234
0.105807370624701 0.423824806179065 0.211772227877216 0.00214869006823789 0.0592813338641794 0.1971655713866
0.125453783221837 0.293733441504988 0.150305225549134 0.208553325407916 0.157822266956172 0.0641319573599515
0.198241353845182 0.102502301313562 0.0918941402035426 0.210278046942874 0.246031993711162 0.151052163983678
0.14719402995626 0.0304237358624313 0.251684404761622 0.212929778391577 0.224546435874074 0.133221615154035
0.128065279539813 0.248916105437074 0.253773510328936 0.0856403269260752 0.0947108961828482 0.188893881585253
0.0142657483760267 0.262548907295021 0.0151121531606951 0.169320301789665 0.21326581181535 0.325487077563242
0.0226180581885591 0.316645912060504 0.134954802864713 0.335147414344565 0.12415211633553 0.0664816962061277
0.206355875821776 0.0966660651168921 0.0580640178850542 0.292848361518612 0.144694636909873 0.201371042747792
0.207421644312394 0.178322857492545 0.189122210271376 0.20711775550286 0.0771012743835578 0.140914258037268
0.16641244318808 0.0343557787473481 0.250697774384407 0.200990450760999 0.140167868100201 0.207375684818964
0.00883974018055671 0.182521164635706 0.271336618910312 0.141959635841147 0.0338057180756329 0.361537122356646
0.124968710888634 0.190669198171698 0.241830407308619 0.0887520082450109 0.137101281582838 0.2166783938032
0.145901953950047 0.0532979876809363 0.0670384098479003 0.231940783930145 0.249430551501364 0.252390313089608
0.000678156712295282 0.279841812509285 0.042519402407824 0.246511101738426 0.183156145825907 0.247293380806263
0.158512587907834 0.0765927245802234 0.243347460880403 0.1360848284353 0.117996579179395 0.267465819016844
0.22503236091394 0.285890601705786 0.0363762764133063 0.0886712659555964 0.0143996174454995 0.349629877565872
0.213220144607436 0.147277028649431 0.100825223732761 0.170691807959584 0.22424073027497 0.143745064775818
0.156034512444756 0.239265721398542 0.32327852266242 0.0156588195489564 0.103402183016332 0.162360240928994
0.25040951962807 0.233326140365968 0.113326201127704 0.163443105097787 0.0702118299691971 0.169283203811274
0.124150623915068 0.278905945065572 0.0889547296200304 0.256183894514167 0.0202022021616169 0.231602604723545
0.19456233436909 0.156152755658404 0.16166642254822 0.232156113076064 0.0204256083114824 0.235036766036739
0.0646576598148851 0.237298113836725 0.138247990916959 0.228225752611882 0.255016809007881 0.0765536738116669
0.130190620345821 0.2924811357079 0.235537274825156 0.308509190970202 0.0131088220437696 0.0201729561071502
0.0270627261964808 0.0467253889923787 0.246092975522506 0.285529899483309 0.196550123224784 0.198038886580541
0.110812236139539 0.201191727290465 0.105385798643571 0.129617911866845 0.195675658969143 0.257316667090437
0.204906139378837 0.184166359807991 0.124702546419552 0.201272682731433 0.10987650008546 0.175075771576728
0.226582304521443 0.253802471134307 0.119411926341104 0.0352942659782239 0.217789153309706 0.147119878715216
0.0706943634909548 0.225623858138706 0.185496821549134 0.172794849476394 0.169955217101692 0.175434890243119
0.163217326978569 0.0867852539098586 0.169314179207541 0.272082293392337 0.0649166724079715 0.243684274103722
0.273918101406163 0.265163509942075 0.0918283747645395 0.0340011149099975 0.000728986541551305 0.334359912435674
0.318679716729463 0.309767633658408 0.214884479867061 0.0855741531506471 0.0675322198716806 0.00356179672274075
0.167860142350089 0.119354543286552 0.257153294820096 0.255376932796571 0.102731072890714 0.0975240138559767
0.0898794355118556 0.283459283332029 0.0874076529789598 0.241889146990588 0.0232440188969175 0.274120462289649
0.212040731556308 0.270006968463787 0.206063219411704 0.0802468688551865 0.0468031145013744 0.18483909721164
0.0372003934075245 0.0966145162616907 0.204574079938425 0.0442789907103931 0.331196973963029 0.286135045718938
0.171131212261596 0.127008544265993 0.19676138795455 0.155543155822831 0.153206676109971 0.196349023585059
0.237241397626523 0.0311523932218522 0.212368060458236 0.135957014690941 0.285666759819023 0.0976143741834244
0.0601252116301354 0.142989729068071 0.250300728124774 0.246195757461587 0.270866871849664 0.029521701865769
0.22123571289833 0.19059695947763 0.0476099211862963 0.190958552173286 0.0942567899395007 0.255342064324958
0.233548509451936 0.170336855290847 0.162193449967023 0.112091918025119 0.202403202510255 0.11942606475482
0.276496544163403 0.155421289259946 0.122284449387973 0.0742412244545349 0.0338998361238073 0.337656656610337
0.0229023247304635 0.261597271544767 0.204098574959595 0.156181703154072 0.158959590521734 0.196260535089369
0.180293030779401 0.227941341259741 0.217521110130319 0.0596971857947928 0.16092126478851 0.153626067247235
0.0521399529879175 0.049584993530559 0.149531799863142 0.141101141342206 0.278148958044569 0.329493154231607
0.151962820085775 0.136046550785341 0.174697820861596 0.104583439970223 0.212566707706224 0.220142660590842
0.189641401284967 0.210095681815498 0.15826080320295 0.0746186829450399 0.116915572298557 0.250467858452988
0.250298362745084 0.27171657191127 0.125657828884673 0.217191182057821 0.00151756125270214 0.133618493148451
0.0718487788341926 0.476615709791524 0.122108853471103 0.0676957649300064 0.0234398005894301 0.238291092383745
0.119147332041146 0.0986194280824843 0.354406357907178 0.126005324323016 0.223986889159078 0.0778346684870983
0.24655425176631 0.182859236947082 0.143724588399003 0.166371689415711 0.149612951624258 0.110877281847635
0.0663597983746211 0.0198219496716404 0.0851865112191152 0.268363425368985 0.256683395006477 0.303584920359162
0.0939188974368484 0.206437122885666 0.00972915331953345 0.173016695401038 0.245393953684985 0.271504177271929
0.115437065231574 0.234889833505004 0.0294337132095793 0.143710938172599 0.145725315575951 0.330803134305293
0.0719940546772378 0.218726170097743 0.133692969130983 0.0802216975101622 0.226796626082814 0.268568482501059
0.194562110895171 0.179640673903352 0.182391238821232 0.189466890603945 0.0246704857590152 0.229268600017285
0.0611813389943709 0.147751138237818 0.293009579280816 0.140199357111994 0.222065095773362 0.135793490601638
0.108968908146101 0.246727446461319 0.0528449051908483 0.298441996361027 0.00404093669322234 0.288975807147482
0.0835914070125406 0.651463398144104 0.045710926083186 0.0169562727509276 0.162061381413334 0.0402166145959078
0.0890410557721875 0.191200079514548 0.31143053597733 0.180979038043679 0.0308056231007411 0.196543667591515
0.277815522103268 0.216450601165089 0.086533644246881 0.0643549110966531 0.11197023684411 0.242875084543999
0.36784918602126 0.00581987412177649 0.113682750646304 0.19249464357235 0.145028711008736 0.175124834629574
0.130999741492073 0.178292222280834 0.0786312394570165 0.120243103474062 0.223048801003608 0.268784892292407
0.196968643128573 0.000897381985868832 0.0451571996781231 0.359112278995469 0.0913106846525352 0.306553811559431
0.217785822445288 0.250861418891271 0.202254763241645 0.113218505362913 0.161177693107463 0.0547017969514206
0.197834286076835 0.139672107770971 0.101295246425482 0.169452037772831 0.196177237545521 0.19556908440836
0.0368168376242361 0.124750535929533 0.0604654728546624 0.333603087013905 0.187133535856951 0.257230530720713
0.0974167482243549 0.183758436508438 0.0921885389158322 0.208626660696101 0.240208909501398 0.177800706153875
0.0392322988345272 0.0445081526917982 0.21784435578125 0.00166867762021933 0.409808876025377 0.286937639046828
0.131800732125314 0.00676985302688193 0.321790246573963 0.205157757567241 0.277970739914217 0.0565106707923819
0.120285788870754 0.0608262798001096 0.0766362081168449 0.231127677783529 0.24545029133178 0.265673754096983
0.261885751890336 0.041609238730945 0.111336642361843 0.028862747532678 0.329423798919234 0.226881820564964
0.12891214281653 0.177796821247416 0.186560661640225 0.0416565032940104 0.229431715907339 0.23564215509448
0.078111642152969 0.278683590315299 0.0456420646941639 0.320419629001611 0.193681042652493 0.0834620311834647
0.171383512112751 0.170895007644021 0.0747322801933797 0.188652536098739 0.107624144973675 0.286712518977435
0.237961551129179 0.288883250296013 0.247233067074026 0.0469690100854927 0.0784924750826834 0.100460646332606
0.152260569538514 0.0170901226763821 0.146433041884212 0.318266811912489 0.169280353176308 0.196669100812094
0.207605256370823 0.0368514433444951 0.214202969495952 0.0668751785640862 0.201042562229687 0.273422589994957
0.163067606862632 0.238028497507524 0.0849482899835912 0.105610529131145 0.149304577819175 0.259040498695932
0.312793272873468 0.16895283897018 0.176836328495942 0.10733105243215 0.181169757194102 0.052916750034158
0.117562384055164 0.127160320285208 0.101948269859437 0.220966296126213 0.265821629403807 0.166541100270171
0.169422121545949 0.144545189534079 0.0930627549594239 0.0152583134767668 0.334175142073643 0.243536478410139
0.0346729532410524 0.187620398901637 0.149982436323264 0.0600605307072253 0.383596744863614 0.184066935963207
0.311315415112007 0.0630119358240653 0.0584844696909811 0.128031388019663 0.297420961815189 0.141735829538095
0.0813941173336692 0.359365419945657 0.0485564138812594 0.136174025018468 0.169759597259943 0.204750426561004
0.294577736363352 0.278983118059585 0.0930216185128635 0.0397316985806755 0.179481815402024 0.114204013081501
0.137911280034121 0.147897302456024 0.290166961381075 0.0960128741959261 0.299294390594568 0.028717191338285
0.128970724138144 0.0242632222238651 0.158686265493657 0.239911841730075 0.0800679309177636 0.368100015496496
0.21817198925075 0.201933944309347 0.0525585316010426 0.20740747553674 0.242611338865905 0.0773167204362157
0.176852866574801 0.186371799496652 0.209002739885078 0.0211830268621008 0.0972050844063689 0.309384482774999
0.350312667301172 0.113316579837097 0.105522601597876 0.113129546844783 0.218763876753935 0.0989547276651368
0.156284113708922 0.0532082883413244 0.15418152593427 0.203346133760531 0.200128671109803 0.232851267145149
0.3731559163257 0.033669185740966 0.137373276636553 0.300476344208473 0.060461133254737 0.0948641438335712
0.104274473916843 0.180126524806511 0.15265577117656 0.0912538501064593 0.205011223463377 0.266678156530249
0.103631825632934 0.203861888827021 0.442668582915112 0.0513837062098649 0.0725993216749487 0.125854674740119
0.189540664366553 0.0893510588304902 0.180267143785771 0.1750052288 0.218384796436411 0.147451107780775
0.158657946125153 0.18682592585632 0.0502389709338873 0.341262272228013 0.0893937541774894 0.173621130679137
0.339633375630466 0.115996187473141 0.0122782613077157 0.142483993273159 0.251316513579605 0.138291668735913
0.106606744478131 0.0438592455876188 0.264592214260023 0.254536601474704 0.283019743240218 0.0473854509593057
0.223228831024444 0.105939705006196 0.211927476957658 0.105282740990888 0.230568074744342 0.123053171276472
0.0201822813464382 0.287475940366246 0.0415914444852966 0.0981080941266236 0.238195971744112 0.314446267931283
0.0542155449530667 0.196756180487062 0.187040584576724 0.175179982044776 0.178777602175968 0.208030105762403
0.283362594845195 0.204409817759828 0.0530516807839271 0.321151145490831 0.0816751512581545 0.0563496098620644
0.346640366281266 0.150344862946897 0.0181160981133433 0.294328144379766 0.0644777260473984 0.12609280223133
0.138732436882202 0.200736320868868 0.134327817396504 0.257381179195554 0.0356040571045496 0.233218188552323
0.192234255509614 0.310212287374969 0.0599868088969412 0.0670961152980819 0.196314619261877 0.174155913658516
0.239346346344346 0.0392558263516488 0.0427040599501622 0.269010873596224 0.237298022848317 0.172384870909303
0.325795693583267 0.050252616176809 0.24687581088851 0.0450543400926285 0.268371909302584 0.0636496299562017
0.200628332115272 0.219551614064947 0.125671907411137 0.0830293079008187 0.148363856246799 0.222754982261026
0.173109766983131 0.0875907787509533 0.259949997816175 0.114172244446236 0.164299999381813 0.200877212621692
0.059246496843404 0.0931821944052506 0.230024750853526 0.272907557478107 0.0835441038522311 0.261094896567481
0.0701401849618853 0.18891727620761 0.195680039029748 0.217399241628224 0.180027285775988 0.147835972396545
0.310124333715366 0.302525327207447 0.0855671491407747 0.158290576486112 0.112773032210581 0.03071958123972
0.219952044471812 0.000254754438534879 0.0618902824477031 0.408554118649829 0.274791529204751 0.0345572707873705
0.298911050505787 0.0108970118396662 0.312797225883492 0.224203664355825 0.070812904786712 0.0823781426285176
0.227976516522896 0.0627806597932397 0.238214384596466 0.131708236017299 0.0975340556226764 0.241786147447423
0.23563098220126 0.314083247019802 0.0717305594669335 0.013008187050891 0.0573429979395488 0.308204026321565
0.12349984909563 0.262723019767405 0.222361338567732 0.059514258548524 0.0965835657978717 0.235317968222837
0.180910985639211 0.18271006327328 0.0508244542060964 0.109487119999699 0.306501491615613 0.169565885266101
0.27388098672161 0.0781132793009579 0.247146306952295 0.0437544026301989 0.102635875323738 0.2544691490712
0.254713522176145 0.191139791233328 0.144690473446541 0.104239131614257 0.183691543110938 0.121525538418791
0.225052025992836 0.0930681571706772 0.214925103262205 0.213337719539729 0.044783687950031 0.208833306084522
0.0175375210578591 0.354676421622493 0.140568913237382 0.0192109315272106 0.326866700470401 0.141139512084654
0.00292122192791014 0.0763566782300519 0.109143392255198 0.26453808845365 0.110480605064719 0.436560014068472
0.269245307372926 0.027568042555006 0.15696606675101 0.102176114224094 0.393328017411569 0.0507164516853958
0.0689627281125547 0.0226442076234713 0.297716635262736 0.323451034500853 0.220780822221 0.0664445722793849
0.0652036453828167 0.253643534047245 0.258723260391049 0.0977092485369284 0.162586305974683 0.162134005667279
0.239720614430141 0.207938622345104 0.256704223045663 0.105613709385752 0.0323519148117183 0.157670915981622
0.0942621978829003 0.243473095570332 0.124695383933904 0.0573074003639144 0.229732571010582 0.250529351238367
0.0357932256667 0.157311568678893 0.28137802011216 0.244828216663865 0.0935411492301028 0.187147819648279
0.104413772445088 0.200729138215268 0.0407256016657373 0.254501047265977 0.266410339655189 0.133220100752741
0.094558038177821 0.24006596951656 0.288998368789758 0.19062252248154 0.158855096255471 0.0269000047788496
0.140070166048685 0.370774691443616 0.000147977487337831 0.163944155661012 0.249494868425283 0.075568140934066
0.0186775882036936 0.271862722286248 0.231515923442741 0.208563855686635 0.239409100094952 0.0299708102857312
0.0286874069568609 0.126572900991147 0.168141176822715 0.275031546461024 0.330588999849029 0.0709779689192255
0.264990798218879 0.175585405626783 0.0523530449242492 0.0209055410259521 0.25910803627276 0.227057173931376
0.0471262671297531 0.13357585299221 0.093256825337873 0.171209294758228 0.278117937857367 0.276713821924569
0.00506568233042192 0.124120348670513 0.0498910559214111 0.108841082009795 0.328678127231995 0.383403703835864
0.0359735899258898 0.316172879420672 0.1650963857874 0.185597860594703 0.0243243625174167 0.272834921753918
0.304438881814469 0.0954366204721047 0.165556449992845 0.0116726811193395 0.209541951777245 0.213353414823997
0.0126788144462973 0.23734723664534 0.288969244413672 0.221356889371836 0.13532676799457 0.104321047128285
0.249341788892674 0.189509337061399 0.257282591109748 0.0020551162070549 0.189524658813811 0.112286507915314
0.264253616900564 0.0147702533590561 0.209423863636027 0.0493398224482437 0.290779913811964 0.171432529844144
0.0520059136589485 0.0463361429200496 0.242641821730852 0.136159377685604 0.136202508217419 0.386654235787126
0.0291952496676407 0.0518019161562355 0.338271821976738 0.342679551433479 0.154610060726656 0.0834414000392509
0.26829772241634 0.159482027006227 0.0592856862896257 0.238272039597657 0.201331839008384 0.0733306856817655
0.395631497663119 0.0125829732542431 0.00199639706295014 0.160551846975619 0.193324778789091 0.235912506254979
0.206970353688318 0.389913558539372 0.0310799960447617 0.0129913729812836 0.147211620256844 0.211833098489421
0.0811609585286851 0.368439541686803 0.0738057857080131 0.0962515751849138 0.100016030170426 0.280326108721159
0.192751037330067 0.235777531668606 0.199940933433486 0.168812765716217 0.111668478178729 0.0910492536728947
0.171465174222157 0.0620549103191205 0.182186931662006 0.0160720913183223 0.368609069374954 0.19961182310344
0.0113584188801743 0.108151070954077 0.107951539368021 0.68681677881631 0.0578124336940935 0.027909758287324
0.183920125551216 0.0973127407538508 0.239206037564293 0.0671343515715579 0.0839472994533215 0.328479445105761
0.079063235384059 0.309100530332024 0.301048710841794 0.254254689992557 0.0419392217739287 0.0145936116756368
0.125047033178166 0.149727129319039 0.180485923089926 0.247146948770294 0.218862881661899 0.0787300839806762
0.188705304425004 0.237034181586852 0.234749694477281 0.166549513294831 0.0851816304329641 0.0877796757830683
0.127823919459828 0.205330050027491 0.153452516312201 0.269256278046828 0.190895247516163 0.0532419886374886
0.253297388455007 0.281200357055222 0.199047949655065 0.0843443635808665 0.0418241017540288 0.140285839499809
0.141674088301791 0.140893791477717 0.0248830112337071 0.216117393261845 0.240900502052064 0.235531213672876
0.229385015186154 0.123460790112277 0.0458889177752723 0.210571291607524 0.193498047035434 0.197195938283339
0.247730025537613 0.260324744708203 0.211822529713929 0.0782039546546794 0.135324396136097 0.0665943492494789
0.251890773398233 0.0310045476046964 0.278086690836041 0.109505444039149 0.0361721447582487 0.293340399363632
0.159628030906337 0.0278871241081613 0.233445759447922 0.171439160844154 0.139237569267954 0.268362355425472
0.162622518788895 0.0488615604508763 0.231762794527395 0.255134975196 0.0775759531366671 0.224042197900167
0.0891893362006085 0.250879673508784 0.269055360989769 0.0636530005283463 0.288865714679665 0.0383569140928269
0.369977762463665 0.0167447002802161 0.258731987683654 0.0965367471579407 0.0884256605171377 0.169583141897386
0.177570223430462 0.19843722020977 0.326783281991469 0.117481464357575 0.0299489075284294 0.149778902482294
0.230222180850477 0.143207787945338 0.326017762616 0.173799096062251 0.00665388932592602 0.120099283200008
0.149496669347846 0.137350029013422 0.239191110751871 0.148597866843232 0.00639598579194958 0.31896833825168
0.0185016096274595 0.288506593644568 0.145557007137144 0.199441260724368 0.0212377774820877 0.326755751384372
0.387342901404391 0.0100157660933945 0.440738316495723 0.0729562218181106 0.0274771282296268 0.0614696659587545
0.0361303294458665 0.223969577141563 0.346691449453106 0.0871519498181551 0.230599264779753 0.0754574293615568
0.191098708002296 0.338945934427138 0.0961651126653677 0.183748432364753 0.0773414284064506 0.112700384133995
0.233835933125977 0.226155762218712 0.221015581416552 0.011755379310689 0.231875991113184 0.0753613528148857
0.130448131171781 0.0433108110320918 0.258426623711889 0.208345373779658 0.0897296809368206 0.269739379367759
0.204618613133625 0.0506069462970888 0.308768777251601 0.108330177439321 0.279462995708125 0.0482124901702394
0.169240778173638 0.232401676220525 0.0841237732912253 0.22135950607447 0.09523049014214 0.197643776098002
0.268607421082467 0.101534469280704 0.140079012065482 0.224332359521539 0.0926498994548997 0.17279683859491
0.0311631777300021 0.13665635878921 0.240342413768874 0.0944772662258698 0.382774389829344 0.1145863936567
0.142051612746421 0.36702564269491 0.11736225313884 0.0197607381688196 0.322893700855969 0.0309060523950411
0.411421204671424 0.00308955371320693 0.47158285246779 0.0587207423681358 0.0280457528542957 0.0271398939251475
0.00614364194091252 0.348436995674685 0.0539196074654265 0.284052986537401 0.233155009657004 0.0742917587245714
0.0272432023674092 0.115605432280532 0.137097807398375 0.315784197160624 0.0135420444257159 0.390727316367344
0.0983662981076227 0.238836632036148 0.209288660988475 0.131703270468775 0.080661923365423 0.241143215033556
0.17193641379078 0.00440792652719872 0.18767317776945 0.170930751560804 0.286412392288746 0.178639338063021
0.280530963538598 0.159165737168436 0.121667677133011 0.0416245371045074 0.222522147785581 0.174488937269868
0.176289818966733 0.0726727376671713 0.250981412057432 0.269616660667565 0.0823521389326667 0.148087231708433
0.2109111254765 0.255397761594448 0.0955128324323584 0.118917105873676 0.124166980710667 0.19509419391235
0.20739531357701 0.181937182275122 0.0375702214033166 0.235713613657056 0.18889393552783 0.148489733559666
0.178471367334452 0.247204489206086 0.130987306618248 0.0398746232919746 0.174122448358503 0.229339765190736
0.0976734945130359 0.107214762196674 0.336841154492191 0.211179616915874 0.212283903996169 0.0348070678860557
0.247758240052824 0.118926647657402 0.25485398897718 0.155438067675232 0.0730699852969685 0.149953070340393
0.172698336261904 0.0315072656718708 0.194155876951263 0.257519386971182 0.202090677173324 0.142028456970457
0.154283932439482 0.308996080366385 0.0081846901844063 0.290912608186881 0.141332738678993 0.0962899501438513
0.133124204309884 0.258649237173864 0.0837289277090925 0.23160314224469 0.0812704551495426 0.211624033412926
0.218752933662412 0.102237008880162 0.218935238543905 0.294387125775159 0.129389982965405 0.0362977101729574
0.207440326960108 0.269309962697888 0.108366534748042 0.215099683263303 0.0659746278923522 0.133808864438306
0.245934624610491 0.198905804100524 0.179903207271579 0.0780819805959557 0.159615786146644 0.137558597274806
0.139878277659504 0.300234111207287 0.135909928867402 0.126227568125006 0.0156301311202282 0.282119983020573
0.174483119955321 0.232492849088394 0.027222697101782 0.0927731580926146 0.0707639396995928 0.402264236062296
0.00607949873053178 0.147886952309571 0.199014930338941 0.197614428184945 0.283584688911673 0.165819501524337
0.0156786396187879 0.0864557713644574 0.281561460166255 0.104034018539873 0.0982386813855786 0.414031428925048
0.0667796169403438 0.0365506533133233 0.345468927513334 0.315604089114699 0.128195574057722 0.107401139060577
0.211107736880012 0.0146934022422978 0.225067492837907 0.216919889015609 0.229356875674498 0.102854603349676
0.21369392424984 0.0457827031669293 0.245546778880378 0.347868045695337 0.128370838724653 0.0187377092828625
0.0724733126911142 0.141218150425121 0.259125797107518 0.189540121056691 0.235724045603675 0.10191857311588
0.326512623049621 0.287447166768711 0.0703245756106499 0.112986024424335 0.133392155440863 0.0693374547058205
0.0910383305400528 0.272712527533898 0.195406414463433 0.125137544299161 0.149844447314302 0.165860735849153
0.34090406285531 0.138312114307531 0.260698206719618 0.0736256181835886 0.149015993434766 0.0374440044991857
0.289732149698706 0.140381166285797 0.138303074616158 0.0261387709843804 0.169249219919087 0.236195618495872
0.264402873544527 0.221388836482381 0.3808737768341 0.0354005964548746 0.0198355890723793 0.0780983276117374
0.149835977772587 0.199403953490535 0.176988367588868 0.115535976711596 0.137016476063222 0.221219248373192
0.325470431114056 0.336800815347212 0.0322182517437037 0.195731372623765 0.0917826892120206 0.0179964399592425
0.0934525428016743 0.237752104338779 0.247787156203458 0.158627229163151 0.103903664115306 0.158477303377631
0.0327307694839697 0.0832895434302863 0.375664558213859 0.000847569189137901 0.188910727126908 0.318556832555839
0.0983005495130428 0.126178899556762 0.164312861359984 0.425984814146775 0.122696052554801 0.0625268228686351
0.0223806486673064 0.286917067405787 0.21790623348198 0.0675208202135545 0.326267029352527 0.079008200878845
0.377305445060259 0.0559441956552257 0.159153252593698 0.200478657191805 0.165121530075901 0.0419969194231109
0.263067927572878 0.0620283080207282 0.0158378081832084 0.277365110167209 0.169554915395264 0.212145930660712
0.143688000288939 0.155779672766986 0.0571954276512862 0.112974876678149 0.322616999922057 0.207745022692582
0.0217751302853708 0.265742766825715 0.198754494983018 0.113131195404177 0.191943632666702 0.208652779835016
0.0754173740551861 0.177696951514303 0.111861341642183 0.217597384214558 0.217878773528287 0.199548175045482
0.17032941310014 0.192111622256646 0.205772886281731 0.104372958246215 0.140031907351836 0.187381212763432
0.185209421250667 0.301356782209789 0.0224287788335876 0.133455394491066 0.344820509024456 0.0127291141904334
0.193745009107091 0.204426798169609 0.179651868389636 0.218776256315604 0.166974049084417 0.0364260189336426
0.333935451048687 0.0353513063606501 0.0733821873534366 0.167209892968553 0.265839970236991 0.124281192031682
0.0423774754697415 0.397801144117438 0.0642779136453852 0.310022552170728 0.0482444382167009 0.137276476380005
0.0610361575612528 0.0764220684081478 0.162918790747744 0.18947771501912 0.295093092870528 0.215052175393207
0.085327744773862 0.321412075687068 0.0198155968851327 0.240004522436143 0.0974983836415732 0.235941676576222
0.102009270295546 0.229915176046312 0.129573466470737 0.196565633127926 0.267032126516098 0.0749043275433807
0.208796363527365 0.151163307209705 0.23266128304757 0.210498939448739 0.0697578634927821 0.127122243273839
0.23849336888128 0.149961229601382 0.104310808443368 0.235487062116133 0.123419358837674 0.148328172120163
0.115727698510175 0.0898929363201486 0.218539971629862 0.184614201177327 0.216980562248403 0.174244630114084
0.278859869125514 0.0723276515168512 0.183743171819747 0.215546189317347 0.144335765333514 0.105187352887027
0.146609732139044 0.185646180936674 0.0194849898243596 0.339725587906058 0.16877836263602 0.139755146557845
0.141632956709055 0.334643060918967 0.122787639645222 0.232590471722015 0.161595228125685 0.00675064287905578
0.309516972470628 0.291643318438391 0.0535618369850302 0.15034106202985 0.0269143064490813 0.16802250362702
0.314219906442095 0.228326421221645 0.158633159794656 0.0148460586866687 0.192762158070843 0.0912122957840931
0.130669584957629 0.26090007256439 0.315867485135046 0.0196858875388381 0.138094231668607 0.13478273813549
0.139154067821965 0.00444218511313552 0.12536960362812 0.113233101099089 0.472084961715336 0.145716080622355
0.118408152178682 0.202012602226682 0.115515997478965 0.0665666527230545 0.240778981543192 0.256717613849424
0.307063995360739 0.0649133633797054 0.204629554716571 0.0662498088573404 0.0750199865680087 0.282123291117635
0.17159637507695 0.207831901080736 0.245558118906189 0.0580575307790653 0.0578579344658297 0.25909813969123
0.213307097300108 0.227618662915818 0.0502490782242362 0.160797451832921 0.0972685789799435 0.250759130746974
0.100650858858428 0.103094524377071 0.247750644538949 0.185489530020491 0.281903304240768 0.0811111379642928
0.266249387650847 0.124933400265087 0.187741870365143 0.072054322758387 0.147558803860233 0.201462215100302
0.21667458703534 0.492072663141785 0.142913648918811 0.0258384428750341 0.0746957419335494 0.0478049160954804
0.126343416449294 0.224527137261149 0.0823608540759767 0.100171134136252 0.36828216596259 0.0983152921147385
0.327250340750664 0.0510055267352267 0.265360963486629 0.213424494069189 0.0649596689363891 0.0779990060219019
0.247876944642263 0.106709226960231 0.230723714400965 0.177036268178361 0.182758454586585 0.0548953912315956
0.211896163966858 0.217947078873035 0.0203622719983605 0.249566317326327 0.131627946165416 0.168600221670002
0.00512803514561071 0.112108284246365 0.31444010220803 0.248716268551491 0.0579443212908618 0.261662988557642
0.200910210960933 0.212342624374309 0.142515898444002 0.174800065072519 0.0780919794350661 0.191339221713169
0.109581008232327 0.183716793913723 0.147122327333876 0.222124790647031 0.0748724151760909 0.262582664696952
0.102692637528242 0.286667546027822 0.153390927565702 0.256249563136717 0.0429564472909937 0.158042878450523
0.00263326369525997 0.278162821750137 0.169818636529664 0.0565093122002718 0.228314072591685 0.264561893232982
0.050015813192001 0.271601180637063 0.241877426272193 0.13576818360656 0.272923815612459 0.0278135806797237
0.136243711202979 0.0393975225739457 0.114342228450502 0.441986123000739 0.206688937801404 0.0613414769704303
0.196961118846199 0.155741713087083 0.126419951178679 0.215729141136063 0.0872654930190961 0.217882582732879
0.127618537106814 0.179531364401072 0.227618261166445 0.177085351726405 0.146874570830495 0.141271914768769
0.315456449983111 0.219812181986433 0.141492619345065 0.186356864574684 0.04709836888954 0.0897835152211669
0.20560062496513 0.130534560667531 0.0497195551291517 0.253731200247133 0.20558595846482 0.154828100526234
0.0700668690887961 0.20436291922031 0.209718551091041 0.108639394273564 0.181735740826521 0.225476525499769
0.201855498011457 0.197160907080091 0.0867193904957815 0.194113978067713 0.0727470203014998 0.247403206043457
0.187504487111827 0.193329355794839 0.204916246624283 0.116910163030952 0.0226847289051911 0.274655018532907
0.000656970692287164 0.111410317703065 0.298390262179015 0.00938934063335503 0.527488858565559 0.0526642502267192
0.244869941898045 0.304754677945107 0.261227863863753 0.123527859642158 0.063148771440161 0.00247088521077623
0.0776778953494267 0.0874550705575232 0.120907878126613 0.13284940742311 0.268105901307924 0.313003847235403
0.112296202610915 0.270697764195134 0.202943044971834 0.0683808538043653 0.335282930955859 0.0103992034618922
0.123389898323515 0.241972987646975 0.12726671570772 0.269198616911961 0.17363635569377 0.0645354257160592
0.164772014988669 0.0813105522110757 0.0375485001836837 0.447746787938074 0.205513171863273 0.0631089728152235
0.176067154563294 0.0517846099523077 0.120252090602203 0.152588258075451 0.0787804097279091 0.420527477078835
0.179139238098204 0.205918055426691 0.0344022398964706 0.254308879587374 0.17177499156727 0.15445659542399
0.113633125437076 0.256468023220729 0.151363988110826 0.219139938433169 0.159032454316171 0.10036247048203
0.181283215252662 0.168337879107304 0.153513941029093 0.119345221548955 0.162066489568688 0.215453253493299
0.22595641084902 0.304222763984523 0.0128483247637684 0.07631916694547 0.340727429935837 0.0399259035213808
0.146789261183013 0.13867569546034 0.203558378165384 0.258899941208716 0.248340400488853 0.00373632349369497
0.158090324513347 0.265573427248656 0.212097075125537 0.0935294873151164 0.167346872260067 0.103362813537276
0.0735551241856587 0.17522355588576 0.0615669747692748 0.218696425142873 0.211186482595598 0.259771437420836
0.200567777986813 0.150454293737667 0.0464806277596262 0.12857795584317 0.24004744176291 0.233871902909814
0.109984443807434 0.152323153011613 0.34477834479589 0.221908769183928 0.111186222574918 0.0598190666262165
0.25184183746924 0.196312778628021 0.0110807172039335 0.29334292160118 0.217758160000105 0.0296635850975211
0.0740384132723691 0.214846939332064 0.158311973095327 0.148408568919156 0.210309689136606 0.194084416244478
0.170556746889914 0.256386621744024 0.0238233097842395 0.235672750579014 0.154262150948642 0.159298420054166
0.32185566898369 0.112613762847141 0.019777859424742 0.0794755618132642 0.384352670694747 0.0819244762364163
0.145312883562417 0.174807397568372 0.283055881792472 0.146716371469207 0.0677822149895847 0.182325250617948
0.0665774352587063 0.11149686792295 0.0132871289306033 0.163294573777054 0.314326359814048 0.331017634296638
0.0715746233454192 0.0169815661779368 0.388959566676011 0.171134209971072 0.330470741690921 0.0208792921386394
0.20544269210328 0.0781773826561167 0.238665546066759 0.251046377692698 0.044165295025599 0.182502706455547
0.115283654168913 0.206293286561286 0.361271573923348 0.153268550261762 0.0273174181405522 0.136565516944138
0.128554376960037 0.158675981926682 0.230481175632952 0.0815263559652554 0.241823499725695 0.158938609789379
0.17031315384657 0.0533944647184773 0.0413942800820596 0.0245429391109472 0.420287124175389 0.290068038066557
0.00280489324019598 0.141798890594807 0.228603296606267 0.202292505831995 0.284740583909243 0.139759829817491
0.256945280038348 0.112136570820769 0.0381065190471448 0.257752190770024 0.055322707899935 0.27973673142378
0.260659135678939 0.228426791450074 0.112767869622979 0.146808637444272 0.0321950080107619 0.219142557792975
0.0755416483574574 0.235322530692446 0.248042906270884 0.216011122298481 0.168472979607407 0.0566088127733251
0.191321891452673 0.183353115187418 0.0808348596646242 0.207359788005003 0.214070367731111 0.123059977959171
0.230147620117558 0.106092221588388 0.351619668212024 0.0327438657695582 0.0317937410612703 0.247602883251202
0.16421765566081 0.187805285524953 0.126196809122984 0.115795550500132 0.189276922312035 0.216707776879086
0.111708894581087 0.217766341680511 0.251227902508026 0.0893520870786712 0.114995613763904 0.2149491603878
0.195660421246624 0.222813490978349 0.0175426941592974 0.158625528385344 0.193373038640191 0.211984826590195
0.151802096248842 0.216567214894376 0.180981829502662 0.0395161933872363 0.164817689288302 0.246314976678582
0.231523258735851 0.232200718030909 0.061845222552213 0.119753247679567 0.120325828453807 0.234351724547653
0.319384959113543 0.0123120423052823 0.26763224192729 0.0436416000464343 0.079859748336168 0.277169408271282
0.221377959571086 0.144277882674871 0.174717324817261 0.252508472233177 0.175270531516868 0.0318478291867356
0.20723875924852 0.157511081274148 0.154527792901668 0.205204237314296 0.0870047339755885 0.188513395285779
0.17265517373739 0.0837026937609151 0.095969798325807 0.163594330374369 0.177767758175074 0.306310245626445
0.29936208376615 0.312144138934999 0.00913044565539409 0.213533462365408 0.0549801334305908 0.110849735847458
0.337495478363016 0.0995543985128929 0.0330238045658821 0.250714442174971 0.158911334754552 0.120300541628686
0.181445590725963 0.178003246699086 0.0736825999264352 0.115744443648786 0.405528874020803 0.0455952449789281
0.293570544085974 0.21025474810285 0.191572183239841 0.0260004976370278 0.0543542639568187 0.224247762977488
0.275987153428969 0.18694881881787 0.255377088057801 0.0898396987267344 0.163464331331952 0.0283829096366738
0.197188700965598 0.0907263838231162 0.0492401637867487 0.366031136094612 0.204216978748336 0.0925966365815891
0.249379293815872 0.100446448780351 0.240750638906423 0.18720136440716 0.0697035819649018 0.152518672125292
0.0541527202781029 0.0404857579009202 0.239005613118353 0.275229051996801 0.0954710702450196 0.295655786460803
0.18270054802113 0.260474724090607 0.12226780968315 0.104239428403749 0.306180383593086 0.0241371062082762
0.171135595788407 0.0575913588564006 0.19275446878109 0.203660584154758 0.178449772956409 0.196408219462935
0.308426041566412 0.265934758970927 0.182109631797511 0.125824586639521 0.0756753720646192 0.0420296089610101
0.0646675470583067 0.00494430769124134 0.322202407677167 0.167674379611628 0.256842958916252 0.183668399045406
0.275515281028874 0.306162490727449 0.0389271960751395 0.0240802850730976 0.219547802694133 0.135766944401308
0.0582463070385788 0.114384423452323 0.381256698242304 0.298433448171322 0.125943477899439 0.0217356451960335
0.00138245755198692 0.15645962620811 0.254897825752589 0.428644481853616 0.119857500295402 0.0387581083382957
0.198117551877529 0.171697611470908 0.206237779390831 0.14656727137723 0.209829282647454 0.067550503236048
0.190795076766177 0.174290545706558 0.183727548845607 0.150355894154012 0.178222786473746 0.122608148053899
0.136487552605716 0.150719870024036 0.484745430902335 0.158868832424694 0.0254032851037412 0.0437750289394775
0.0255174084406864 0.336448125671708 0.0276211858299815 0.26745645468665 0.239620072307353 0.103336753063621
0.0963921465010422 0.333020162115827 0.164660301667344 0.234680861041098 0.170182521608716 0.00106400706597324
0.0351789819935919 0.108801440363561 0.181025624262167 0.282863643961265 0.252998386987463 0.139131922431953
0.167289900399517 0.181840324945326 0.161303236392471 0.0858941266636146 0.142508172660487 0.261164238938584
0.211473111504648 0.09798684858675 0.271839229957395 0.139131266566128 0.227850792614628 0.0517187507704509
0.173264250138747 0.266728801004875 0.227721667619033 0.0905880124582688 0.197208262272081 0.0444890065069953
0.207898357708413 0.187850052688101 0.0685673672777947 0.250161187235623 0.118764530658935 0.166758504431134
0.156672623083241 0.12734569667079 0.463453628184992 0.117493104446083 0.0116603619665014 0.123374585648392
0.129993047837615 0.235672200163292 0.197409523158469 0.19888026983422 0.187968580946822 0.0500763780595821
