0.109263526470633 0.0572021327775241 0.0934549344385181 0.159474432014107 0.119942791995875 0.147358404760076 0.149200899899402 0.084853874247972 0.0792490033958927
0.0177011881066718 0.0260368470962734 0.0997353687249179 0.0910901700351323 0.160280643431337 0.201517456092718 0.21288274544979 0.160452516812518 0.0303030642506422
0.121170097577417 0.193687971654893 0.0323410454241039 0.0250783945030967 0.191087983026297 0.1975813045496 0.102380310036281 0.0290322473181309 0.107640645910181
0.0107636729047844 0.0523177903275099 0.0534239116309591 0.0152405667317813 0.213651775290077 0.158190783770058 0.137072619830545 0.203046095374208 0.156292784140078
0.197631136844536 0.10702265898796 0.161132824939312 0.182962682783156 0.157769729454822 0.0250544620480802 0.0169628304693348 0.134577550590882 0.0168861238819174
0.0575333397427309 0.0323199321748409 6.28211909976137e-05 0.037119034504579 0.159996008283374 0.0819759541452662 0.109044814650669 0.253938728650162 0.268009366657381
0.167377849288859 0.0803015427992084 0.0912012767713338 0.0265511033492875 0.173652693735138 0.0753364893233563 0.0246905268019137 0.179392328624457 0.181496189306446
0.261601821908163 0.0356341794685625 0.0467695322171639 0.104556471889953 0.0885652765282823 0.108318771567875 0.10844001634978 0.112316927260796 0.133797002809424
0.11745710371024 0.116897344768269 0.180434231187016 0.00883128565733889 0.129782346260861 0.202997523490961 0.123729083048939 0.0183046902060612 0.101566391670315
0.0559938682335463 0.186397866053849 0.247181733017641 0.0439028422327726 0.0233973569368678 0.0693950707386861 0.0686133071739772 0.0970833140214916 0.208034641591169
0.156394092447791 0.122938690445874 0.213353909791856 0.0592049976452642 0.13368887217428 0.0763261998226696 0.05421623236537 0.134117674174473 0.0497593311324222
0.173234907277814 0.0107118549969124 0.0503379834363957 0.133487550364704 0.016492561503999 0.232505117785734 0.0370407943510935 0.119737687972514 0.226451542310834
0.12479611838571 0.0226645721522606 0.170123775767996 0.174534982932334 0.123676209897786 0.213735151161144 0.0911915137720719 0.00278835821703644 0.0764893177136607
0.179823603065952 0.0965084159692953 0.108233151883416 0.0394762353143405 0.118466671166282 0.195393335851191 0.0682957447350152 0.0567019190030959 0.137100923011411
0.0511253198649901 0.227755006736964 0.0616256568670066 0.11488506855508 0.0998900692783631 0.133673262013028 0.193727421089641 0.108326604605798 0.00899159098912899
0.122746636977786 0.0825432755851868 0.132309118872879 0.0630394883011548 0.101850910424464 0.111510245828619 0.155977279996567 0.158509566745596 0.0715134772677473
0.0403320549335196 0.10807853951325 0.112238413380362 0.0831172434424298 0.258501854992076 0.246264410337403 0.00838702414583363 0.0572969589157227 0.085783500339404
0.107897389233533 0.0636205784259036 0.0909763365406278 0.146876777937344 0.128050345867924 0.12636296751652 0.207867202553611 0.0719928723072415 0.0563555296172966
0.21739331499771 0.0191382786057005 0.0204964686321415 0.0214621067640184 0.182447937174081 0.144492344196139 0.0194794794690973 0.187261703073258 0.187828367087855
0.166181879475868 0.0685927596933168 0.0434980655704049 0.141840517266512 0.0895224811821686 0.183608715240802 0.0238163793498158 0.128516422476751 0.154422779744361
0.116517272096886 0.130934088142721 0.118652568679968 0.146252470705161 0.0505811403249404 0.0577326585069514 0.183065682002499 0.190060830849087 0.0062032886917848
0.119484906554794 0.175230352539887 0.0280617837620391 0.168276099716468 0.1229567057108 0.0615378592236499 0.161085457258613 0.154732770615515 0.00863406461823525
0.176463697794567 0.183560084873093 0.0317395179723045 0.142328232312009 0.14541063578491 0.0402720177688141 0.160539825739876 0.0555268484925579 0.0641591392618683
0.169694128652502 0.196531948298461 0.141615449700557 0.144154993035451 0.0276849761746795 0.108064592009604 0.0543789976080791 0.0488090495251398 0.109065864995526
0.0489937435081526 0.0233406478059289 0.0665632606167097 0.0503157863574829 0.154883678545343 0.139894537916361 0.275122619095692 0.121829316317272 0.119056409837058
0.0644314802650317 0.133638846260879 0.10484450361759 0.181403273676533 0.00835479536591624 0.204915973744206 0.0533508490375055 0.178725394794621 0.0703348832377171
0.239217038865928 0.128910380339275 0.0569758263644078 0.00592075768205107 0.20844178490313 0.179469881327319 0.0360406639013698 0.111963438238968 0.033060228377552
0.0147730855904987 0.00490333290863892 0.05478109444577 0.0916462003575661 0.0802737157224534 0.13409297755368 0.255486368287958 0.273388513211393 0.0906547119220412
0.0118060349629141 0.135360678430276 0.14368721853095 0.0320322862554015 0.151519189202695 0.108336156711845 0.205066339860101 0.201242356989791 0.0109497390560265
0.153029088570982 0.0508734713764572 0.116000825409507 0.0178770788609924 0.041822958533666 0.136792982940116 0.118342669199226 0.0787557452566433 0.286505179852409
0.10889033804245 0.131275624786522 0.112155695116253 0.144064718991371 0.101430091243698 0.116227962717009 0.0117206272541885 0.133731458949257 0.140503482899251
0.14362543836444 0.18047395388066 0.0506941216092774 0.125297199360236 0.163924535331693 0.0481826212005175 0.0627093576385389 0.166115966808952 0.0589768058056855
0.189348663486159 0.0801739772456795 0.103960006821577 0.0211581845365442 0.0608315672615154 0.187500053246335 0.155162136757233 0.0317245770497254 0.170140833595232
0.150296348436168 0.0189494731397766 0.0858790588884294 0.152001158141743 0.0951876090319525 0.170645553831573 0.166514240687013 0.0209999580352032 0.139526599808141
0.0521437826978266 0.0372140300570725 0.154933606274989 0.16421998696682 0.0675689858593082 0.0783358861595055 0.172609967318174 0.172897566176759 0.100076188489547
0.159612369946992 0.153073887070002 0.0258527496663494 0.116677069173014 0.112405021295618 0.0404673362625666 0.151364811395965 0.0821484950573788 0.158398260132114
0.203804190932395 0.126070258090419 0.137937457668047 0.045226525085355 0.124296589285254 0.0840252685173115 0.0859066537082083 0.00742384177137941 0.185309214941631
0.0682402333650395 0.205446184491905 0.112382054704916 0.11922172938041 0.0141015923032437 0.0123582785050034 0.163959568557278 0.122936722482027 0.181353636210178
0.260465545454644 0.0454439536757917 0.114619725675347 0.20819045629177 0.245646882958196 0.0827293198310972 0.0164929259176523 0.0196247388317473 0.00678645136375496
0.095076605092515 0.11992717424934 0.00898890274452516 0.212684950794643 0.0106330301213732 0.188686404102537 0.188149471756688 0.0556719287559895 0.120181532382389
0.282558964334861 0.0397516580380941 0.122643020464844 0.272845944103141 0.0602287361881418 0.0692198060737515 0.0693217570003179 0.0374225179513221 0.0460075958455275
0.359872008729302 0.00843614240117186 0.0924694494243063 0.0980869599291145 0.0660972625848399 0.018853767743702 0.0776925641343874 0.0382365652154261 0.24025527983775
0.163822377302084 0.135601414942489 0.0720980358302825 0.158009675979378 0.170646537058595 0.111827418969945 0.00842362044415928 0.0124618880242151 0.167109031448852
0.0632003432867528 0.156534397733658 0.226687947824591 0.137783548065928 0.0567285569281708 0.115283461368892 0.0143727149596869 0.140202365021645 0.0892066648106757
0.177063150339131 0.179512247168005 0.178378301261879 0.117819397680503 0.0726855377706148 0.0213311645806026 0.0829453588323923 0.0612431402246066 0.109021702142266
0.0881090056196334 0.106963807324835 0.133145350834546 0.201922872497931 0.0730839611896404 0.00853127189544096 0.234540145508678 0.122045258414398 0.031658326714897
0.0546893131434622 0.0611962779926905 0.159730571120117 0.122757827948987 0.160021888968131 0.113221195588014 0.159945857879329 0.0903929859235909 0.0780440814356773
0.126713348210845 0.162279737235815 0.161376018088787 0.116401556305101 0.105568290660569 0.129622488329573 0.0612825893038214 0.0548784060422096 0.0818775658232793
0.108497366589454 0.128262445904683 0.0871638024909529 0.180079768875017 0.00305932213249428 0.13513032037238 0.0725522680596435 0.192190323514041 0.0930643820613341
0.0538722282390145 0.000494307926585148 0.200300884750293 0.194142361257048 0.194482990939736 0.21711402984506 0.0495482055725098 0.062972715889477 0.0270722755802758
0.151056538917105 0.128602396372654 0.0936178847207295 0.0735842677537357 0.0642773082614669 0.159120129297774 0.144535371882728 0.000366748519221571 0.184839354274584
0.0942505844737715 0.104091179056532 0.0543330729687413 0.171098850330846 0.136306245971756 0.186606150082329 0.0812302258558127 0.0288260006078557 0.143257690652356
0.116309193829623 0.204225233297784 0.145307371161645 0.0613943933368483 0.0743436967937655 0.185576244759055 0.0147512308729764 0.0049148190581412 0.193177816890162
0.0871965623738414 0.0535593443813715 0.141745328823998 0.128745886856122 0.286638406433882 0.0107772468869317 0.00590917385226011 0.18086192365618 0.104566126735413
0.119631449841028 0.135909713742815 0.0275555378874733 0.0349602615355559 0.248325102065713 0.0704708981851848 0.250847018299112 0.00298113457583905 0.109318883867279
0.213860191522273 0.128831013207497 0.0606092664935166 0.085995110950568 0.0275599834572796 0.238880894272808 0.223882070267152 0.00289992676373521 0.0174815430651706
0.193287927475955 0.0777816459126052 0.0147721845568383 0.185147062444764 0.218419334690832 0.0879971950466104 0.104619673346471 0.0863583269318718 0.0316166495940531
0.189897713070795 0.104059993254625 0.119244488569444 0.0945649153971433 0.106921803910096 0.0347190346141285 0.0777049429654775 0.156038347297149 0.116848760921143
0.0878255447314081 0.132901162824462 0.0804145503052802 0.0303791147011057 0.100675492405564 0.00335682848208697 0.175838231696179 0.194329093264865 0.194279981589049
0.137577784695035 0.125699880925723 0.110000705984749 0.107129654738896 0.12064074758735 0.127205806152541 0.0603492815063224 0.0701145576707756 0.141281580738608
0.0503414303498218 0.113561155986263 0.106285445165851 0.195553595911831 0.0202104373601415 0.0654108012713137 0.2021360601871 0.161998880922906 0.0845021928447728
0.032510847964041 0.17239552490096 0.08532058228959 0.00142750351680243 0.0105183866373452 0.113689415011784 0.237237624804084 0.0487854012426079 0.298114713632785
0.0731832046175747 0.0864716762408676 0.0298526756468715 0.243718753249472 0.178057017058664 0.174793604161415 0.0285500383664684 0.107275058147816 0.0780979725108507
0.220074090725703 0.0153414276264786 0.0584186401889869 0.140871809133986 0.167530294091321 0.150899374282744 0.189185895288727 0.033311468964661 0.0243669996973928
0.165480028194993 0.0385260985589458 0.121692660755098 0.0256312334365559 0.166222490164765 0.0887116798961546 0.137703368668643 0.064655053143718 0.191377387181126
0.151936181815822 0.108137930234036 0.120349805641626 0.139456507970831 0.174577397338201 0.0512569404157459 0.0609967840247194 0.0495847426019947 0.143703709957025
0.0533813410254881 0.209330696729533 0.226947026007328 0.0620025974598853 0.00677111305642152 0.139649694025074 0.0557228038268479 0.132358920473636 0.113835807395786
0.0514283394043209 0.00497066936476797 0.193530150390068 0.145721219713518 0.115459339748142 0.178594584839158 0.179679000764121 0.050818374427276 0.0797983213486289
0.00462575669815541 0.149744267075949 0.0784469840591286 0.229551761951018 0.0215104102962328 0.0512481722450645 0.234823253533837 0.0891004512099411 0.140948942930673
0.199407795625455 0.00356810519943242 0.0469717465337329 0.197749373052449 0.185960156979121 0.0895452613666926 0.0970385466602318 0.0161406136177978 0.163618400965087
0.153670853792766 0.180570172362022 0.0989077736323636 0.178243926580222 0.0612582100669265 0.124640267160354 0.0691516611080485 0.091777355496796 0.0417797798005006
0.0310559068082651 0.163296545986144 0.173530454938753 0.0723279072273438 0.185708301171066 0.0110722689209063 0.0816809414432668 0.116329597040797 0.164998076463457
0.0363191749391682 0.0478151518853845 0.148034832895672 0.198206099774032 0.145801298514988 0.21579334489076 0.135458637205131 0.00197779212861403 0.0705936677662497
0.163289504214428 0.146155385464219 0.0606647853401481 0.0433441185469577 0.0848537974392422 0.114681830231424 0.14336121310202 0.0748729933108363 0.168776372350724
0.0958742576011335 0.176038625818231 0.013828057956971 0.173227366513864 0.0845719847676785 0.155303477611415 0.168973388766106 0.0537830571226311 0.0783997838419698
0.0032567882218424 0.171230967331886 0.133644736705691 0.12295374944017 0.163130385167313 0.163590439656851 0.0790156376455346 0.019649103910473 0.143528191920238
0.00376791291666777 0.158790113008518 0.155201224665376 0.0320917673336119 0.193866784956654 0.0320445401787074 0.0943457490271113 0.176816570036031 0.153075337877323
0.143061367849196 0.0475657843161837 0.0741492524698936 0.0968198438518508 0.0628873405412595 0.141400456833203 0.219461715442484 0.199298487829561 0.0153557508663687
0.100347833693524 0.0283800278005667 0.125230352712303 0.137421506132444 0.0137812297883326 0.0225226975305367 0.214756736830409 0.246367853752749 0.111191761759135
0.0696255912865037 0.197614615448694 0.0915269473414056 0.101833701399395 0.00227067081210294 0.0525520932003894 0.130103572612252 0.150027439849381 0.204445368049876
0.175598989854607 0.163563736982671 0.086932080504072 0.0692507527007136 0.0635006843573908 0.161721244185415 0.126647143357786 0.148415411701155 0.00436995635619088
0.196019813863519 0.0362938712206389 0.129553377863349 0.0663454136667394 0.208999926839042 0.125292644401668 0.000385032528517385 0.126465703625156 0.11064421599137
0.166463974196923 0.157901747400144 0.160430447765366 0.0781162416320622 0.032854002625971 0.0628736685560958 0.0767332872432919 0.150888118688493 0.113738511891654
0.173284398235211 0.122838228331365 0.0702884319912965 0.089431118467191 0.0667210596777096 0.100024813465164 0.070242633568525 0.150554317271191 0.156614998992347
0.20692281803921 0.0899534769895489 0.0374124668897312 0.074155803458248 0.161621936812853 0.000880669335834585 0.0311889761638002 0.210355904103651 0.187507948207123
0.055179118287722 0.037102660157578 0.113158804304665 0.199405360856793 0.0556500429388104 0.137822187850118 0.158365433475466 0.0769123024081625 0.166404089720685
0.072296250668388 0.0394615511697958 0.0257787246851715 0.0387795348809602 0.144330333106853 0.231903167114649 0.210882607056682 0.0470695005340441 0.189498330783456
0.101075459754163 0.000457316421509956 0.110722403407442 0.0726085454047334 0.0530550958972022 0.223322430279561 0.254857770565082 0.0444975745439767 0.139403403726329
0.148706924448786 0.0206693608206801 0.0896037904049639 0.128137475080369 0.0343451031917744 0.180967985056564 0.0911428428503488 0.126789646145623 0.17963687200089
0.101674419302918 0.100713332149248 0.169837742418517 0.0252368184365004 0.00292164949644021 0.168931667270858 0.19902621355384 0.0245275577360217 0.207130599635656
0.0781183413273683 0.138671861471757 0.101636815957217 0.0989030249885508 0.0970611926652252 0.105285413685566 0.128083614391395 0.150749480742928 0.101490254769993
0.193404550205744 0.0313591375265258 0.141330988542841 0.110065343346338 0.0999230557679246 0.104806744090235 0.0754556093553605 0.17697721852112 0.0666773526439104
0.0636557372578168 0.0590534791373837 0.114080159255892 0.176088179069963 0.150997570142103 0.0887617525842824 0.132150985351254 0.139194753520788 0.0760173836805167
0.135480285124557 0.0448590740922726 0.15642950301931 0.119601432888928 0.146742051285525 0.0848059014996358 0.144963833251287 0.162054142726554 0.00506377611193005
0.0692577789981247 0.172120250758593 0.129836369778095 0.110322355639887 0.0359579349682463 0.131273335640431 0.0423353434897387 0.163916610382338 0.144980020344546
0.0113186641025433 0.0370331360425578 0.0224301147546429 0.21068248717823 0.0930406469776905 0.130605179856714 0.0727952475407133 0.194153118322467 0.227941405224441
0.0792407122636125 0.0984164381060715 0.139711946290245 0.0967382415679555 0.0740358842597325 0.122850299370275 0.145676380086241 0.120451628601753 0.122878469454114
0.0545971581751389 0.0290032616337541 0.1469769677955 0.0879850407299632 0.111731103415952 0.132478420883297 0.181798481111726 0.181737841184757 0.0736917250699118
0.199174702824474 0.124217675303657 0.185769541934953 0.0021110664062016 0.049518771486524 0.188670363712358 0.129224580673487 0.101512448923738 0.0198008487346075
0.0731494539135131 0.137149076340986 0.10135117696468 0.0739053446837682 0.182415848927384 0.050933838578939 0.153715763476417 0.0780802010807192 0.149299296033595
0.114264496507689 0.177766677739331 0.0621207421956115 0.0867295988665225 0.180383122779831 0.0313210279384035 0.0106064952748494 0.147242697589407 0.189565141108355
0.153094551424375 0.142876161136714 0.0927428925581535 0.154115314140101 0.131421578215521 0.118035852021273 0.0754905390404383 0.042352668481252 0.0898704429821724
0.0498272403445758 0.267082432563349 0.111434286472178 0.175342172162365 0.1770164436518 0.00443052118740692 0.17860481778769 0.00466829970339816 0.0315937861272374
0.191176365564199 0.11287437737189 0.228754705849445 0.045655570933261 0.122977133485957 0.0579095767896885 0.0594321601928375 0.130699669810745 0.0505204400019771
0.168046243147927 0.181147793630008 0.0548493208269669 0.160480762815123 0.104072608429969 0.130044763808269 0.0442889017701851 0.0775012366300564 0.0795683689414943
0.0783454484813978 0.124257754165039 0.207385579911399 0.0733488099819258 0.02071280869706 0.157705395712043 0.120484277056406 0.0212282267493003 0.196531699245429
0.0882096055983455 0.164107614211909 0.158371698680258 0.124040195501072 0.170676076464846 0.065898149851242 0.0290446444329657 0.165348776015848 0.0343032392435145
0.147568012225466 0.104465696448117 0.163333535980205 0.128849732021608 0.0238243398756229 0.119384561959094 0.132228287207434 0.168293489196131 0.0120523450863222
0.107321539382701 0.0874713008749617 0.0354718426110488 0.17930650036111 0.0484197527776053 0.195363073356726 0.119420971183668 0.181542580978606 0.045682438473572
0.0395145934665457 0.0673145590055922 0.0481405888273554 0.0556014501525252 0.051660203166653 0.143507688429634 0.219300169032841 0.177574166683906 0.197386581234947
0.099084470248617 0.000369368652370625 0.197288506175996 0.130365417155477 0.0746521442221153 0.00785700808173064 0.165447716943864 0.138458705872951 0.186476662646879
0.0799667119215559 0.0872860076595138 0.143612237998765 0.11223688463283 0.0673564321467521 0.119715783472657 0.140702156183461 0.138243302694649 0.110880483289816
0.159887812365866 0.154037710427293 0.143724345861804 0.0383923576879465 0.0484095761289164 0.120213463879091 0.123357129315366 0.0965540293395111 0.115423574994206
0.164950797812499 0.00988234182465512 0.0692191798211636 0.145507405776615 0.143159399257571 0.185641231553717 0.0632635252510923 0.0283156490795009 0.190060469623186
0.00934588294277883 0.20923761023648 0.209840108428943 0.0627730509597498 0.193956193706355 0.0188431385782982 0.00610168138540827 0.092167669264526 0.19773466449746
0.131910951568765 0.0682798404361574 0.171157363323201 0.121803034486314 0.035531817170081 0.119774070238265 0.196871194226976 0.0800910264023221 0.0745807021479192
0.0759012798014049 0.129688954517204 0.0975114395454496 0.132171998445008 0.143089872994827 0.11782415192833 0.11233892318832 0.0942473274393184 0.0972260521401391
0.0446477727812807 0.157074843815332 0.203373465232198 0.216919050293515 0.136278123584071 0.00656236346232785 0.146492461437539 0.0529977769548122 0.0356541424389236
0.0303307151006366 0.0178371861115126 0.14281491125952 0.00772339794477535 0.160086046971503 0.167638834541908 0.183839487013294 0.09790089386102 0.191828527195831
0.189653968756169 0.1266392858079 0.12025739176207 0.167567540883494 0.0131667773809385 0.0687947845055498 0.0896835954532946 0.031899651880675 0.192337003569909
0.072132306721958 0.138830179778685 0.174243504901416 0.0927287849669294 0.194474332005949 0.021720913309485 0.0809457140154154 0.224790028139301 0.000134236160861033
0.158901344149117 0.158274777044927 0.179226047080986 0.153169378930688 0.0659292111978911 0.0277934976906782 0.0548294222829809 0.0445710762682496 0.157305245354482
0.0153465444910415 0.011832374620304 0.206833113149259 0.114608545011402 0.0965146569783734 0.182690629883362 0.171057504982327 0.0725517510862266 0.128564879797704
0.0183383442866119 0.225491826530519 0.238853302781142 0.233283846287824 0.086615615803063 0.0581180456001202 0.0412836884777462 0.0127424174140177 0.0852729128189556
0.197203391040551 0.0995839749864136 0.0902318538965469 0.203584751498157 0.134359456852335 0.16361821881691 0.0207303735463715 0.0169550358761126 0.0737329434866019
0.128337686617448 0.0181126583790226 0.0789451357633811 0.0593284614483888 0.307165506153013 0.0203660004705262 0.0514655410164157 0.2065814049501 0.129697605201705
0.0168955002223888 0.126235952954056 0.0804259210601329 0.318980935667821 0.128737481132944 0.176441346205093 0.0747503774701715 0.0530105141614002 0.0245219711259929
0.0764279226748641 0.136117158379071 0.152155488831489 0.0887717725913068 0.143804142878376 0.112632307352294 0.00773977516833148 0.172483638097805 0.109867794026463
0.0777082450326415 0.127146824716063 0.197636850819583 0.197847989256315 0.00635082149425924 0.126061308328472 0.0799804124200945 0.181464708381234 0.00580283955133839
0.137962540232026 0.0853800559643745 0.0209459622617378 0.226253800993686 0.0798433168846066 0.090659221898673 0.140322653965827 0.132922739323352 0.0857097084757171
0.10405419866965 0.119186277376006 0.0191219107055925 0.157211731943273 0.153617292968396 0.0822817547765717 0.125433294339573 0.0952637330066052 0.143829806214333
0.113054892093627 0.0926425011397611 0.150724449116698 0.041441788972207 0.153950340782397 0.13874893520854 0.090137686806997 0.0830297201559152 0.136269685723857
0.17754711212455 0.0909263373204828 0.0225089085124673 0.217856485706918 0.00240504810902709 0.118154535899361 0.140772176822202 0.141849761859977 0.0879796336450137
0.0634758379666357 0.170703749301533 0.205123702021908 0.0101071758385819 0.114971476463783 0.102217719995661 0.00088788071343984 0.131855867224879 0.200656590473579
0.0957280856837577 0.0433825727396785 0.080233007907837 0.171900758985178 0.0444293603724032 0.095748846696167 0.201626523973542 0.0173818673213928 0.249568976320044
0.0544144474644348 0.175578026624022 0.115133627025629 0.166452971129791 0.15381896123287 0.0913210476900865 0.0585468176714796 0.10967134600675 0.0750627551549375
0.0529016794633101 0.0589817089582786 0.21724269719076 0.0384124973509716 0.230848838444556 0.0960085992839523 0.0814658150320656 0.0866282397633753 0.137509924512731
0.294352491982456 0.0962194975133128 0.041214270534695 0.112770873702062 0.147485016758056 0.0268553749189906 0.228086970875308 0.00705956557318515 0.0459559381419347
0.0208618758891373 0.259671802743269 0.131591772781819 0.174637616711185 0.177555007380272 0.017667709870427 0.0805835325284737 0.0108321356742703 0.126598546421147
0.154607602431793 0.0862509675699185 0.132388355735613 0.125839289350323 0.0844245795286264 0.139856575446831 0.173933549445491 0.0702124367130744 0.0324866437783293
0.00836845825280461 0.163294919809826 0.218189775466928 0.0179213211259359 0.130425384049817 0.016084815898432 0.0628766269083226 0.18974609100784 0.193092607480094
0.103867316746493 0.162076343905116 0.155688730172457 0.156093049103224 0.00271245107051035 0.132806864234799 0.0357599043322262 0.147468473088532 0.103526867346643
0.101059752241971 0.231234874176207 0.1926903317328 0.038638651107038 0.00631108177463924 0.0691164560837795 0.131237750367761 0.129676537413347 0.100034565102458
0.0445919490177003 0.144678554156428 0.168784237402476 0.0916018463530983 0.0547395307964968 0.203340402672019 0.0861018273681422 0.1480877370656 0.0580739151680395
0.182964682059704 0.19798697134041 0.0814712453618248 0.167565920388498 0.116058456336923 0.11243635232529 0.118387744867381 0.00203822089611927 0.0210904064238511
0.102797304904508 0.162263564210149 0.00607011333387463 0.134829115715858 0.131302511825194 0.167811191700061 0.161055041591605 0.0648034103080109 0.069067746410739
0.105344241514945 0.00203974771303043 0.0747721100953527 0.253038992040049 0.122531242555565 0.169393339040048 0.137196533966588 0.131866070837035 0.00381772223738798
0.0414418714116169 0.148679892181091 0.158609942477366 0.0861990183418565 0.190700010945632 0.0314991882093574 0.0645085849608757 0.193870712895678 0.0844907785765266
0.156688304718551 0.150496107682139 0.0299856691559293 0.094268822495657 0.125532708086328 0.145237740320934 0.136296399367276 0.028404597519198 0.133089650653988
0.0906228898470185 0.130158570041633 0.160094401150991 0.116422574641982 0.0472917107763102 0.133534878671429 0.0570272263282195 0.103113798304584 0.161733950237832
0.018803455782019 0.0157463546028033 0.217734662331018 0.281538390143593 0.0116623539661084 0.110533161206707 0.128823616710932 0.0921151209530208 0.123042884303798
0.0210940888536778 0.216221927310795 0.127657272653214 0.0570702179723301 0.101121307743116 0.135923751280037 0.168770247853613 0.15194926612279 0.0201919202104273
0.0923378400935425 0.0210472021304927 0.172531033836498 0.119718219990706 0.174885306577612 0.196714130965984 0.122821750219848 0.0557606335681582 0.0441838826171578
0.0755698624196258 0.00437358352790579 0.165691474215678 0.0487869841583014 0.17251963974077 0.164488492832407 0.0375334674647694 0.138526403897858 0.192510091742685
0.0996763197201644 0.127312238363623 0.014955477006801 0.223325228026538 0.25407785167397 0.115734771227083 0.00565337965266122 0.0423801337516282 0.116884600577531
0.144245581515597 0.188554506656276 0.109755110683093 0.166122441882103 0.0128527326909393 0.026321699097793 0.0780150243575093 0.178536808323405 0.0955960947932846
0.163662271412706 0.122614284574158 0.201196609490827 0.0883236440565589 0.0434510082911961 0.19986909702849 0.00192477213501448 0.0765142210479639 0.102444091963086
0.0406702114107802 0.0784115240057803 0.156820409682608 0.13526339274106 0.188592570876522 0.162535097029847 0.104620169969262 0.104742405368603 0.0283442189155367
0.0637364375034268 0.0499835158450999 0.125018244018848 0.0793779751458872 0.153260575569417 0.204515956436863 0.11590968599225 0.000152898900952552 0.208044710587255
0.00522031085684162 0.0659465798002839 0.0125329631458727 0.279551049498648 0.307868172555218 0.0868080659426162 0.0127424952312269 0.180743088584722 0.0485872743845715
0.151481129147188 0.113291132501352 0.144942241952132 0.141020211824601 0.164629019263874 0.0672353375094436 0.0187423643370768 0.155003408847256 0.0436551546170768
0.0685134636761636 0.0504173361677233 0.132534131791634 0.21167741584234 0.185015851757057 0.0487419720770591 0.0993064347457084 0.145576078030644 0.0582173159116711
0.133488524928696 0.145594248915763 0.0495066842958286 0.098076326096346 0.0911286836081551 0.157116605485714 0.15131613455066 0.080996565169443 0.0927762269493941
0.0986168513265216 0.164743284814433 0.161728622152919 0.041126133938034 0.0694220332949962 0.0901676136630308 0.146917468100475 0.00747448928799109 0.2198035034216
0.11658355191119 0.212769962719348 0.0212071093882786 0.0192484648090498 0.206513591407206 0.164973404663034 0.10393527731568 0.138767206756444 0.0160014310297693
0.153165968991077 0.252497226018041 0.0182073424627897 0.112758799655317 0.0384848058919181 0.0862900073593508 0.00168196951057009 0.22049038040617 0.116423499704766
0.119955525307323 0.140097858469539 0.00739143496499802 0.141433413602558 0.206674114516728 0.159324134164858 0.0181650585557732 0.0921019195752916 0.114856540842931
0.0418757799235281 0.150274341661993 0.255040855020265 0.0433354360537148 0.158535881586072 0.224447715632256 0.0834077189370452 0.0122298725921733 0.0308523985929522
0.126101794749008 0.104446006228989 0.0029558072736287 0.137354527910418 0.142210011932102 0.0899793017933244 0.11812529182488 0.143146912611228 0.135680345676422
0.0914069833112819 0.19066847279508 0.0263279868798808 0.215685996635558 0.0406424679225318 0.133507874269351 0.0721371138383943 0.198329623220248 0.0312934811276744
0.0252183883689929 0.173528957121249 0.0471127418595938 0.173865542014936 0.169246662682982 0.0332273522698889 0.212571392034418 0.0336958717233212 0.131533091924617
0.123440710567851 0.0837397553202733 0.0591041173233157 0.0471667473765924 0.163898201051372 0.204810081506026 0.109343132030578 0.135004983834153 0.0734922709898398
0.190424317386457 0.156161891974897 0.0924367920158449 0.253375460805793 0.0057017624407617 0.0650331133160785 0.121308837830253 0.0975069493150745 0.018050874914841
0.215794902117219 0.0425078383114772 0.0550738313917118 0.254950835046409 0.0540781884030876 0.101525164534277 0.0727802217730784 0.0824514266338794 0.12083759178886
0.173575520223041 0.0217499100178762 0.0128675378706795 0.166544256707121 0.133880465505543 0.129946389952306 0.101174830504976 0.103127211962454 0.157133877256003
0.0399051618066804 0.136945356156678 0.288691135931475 0.0270255942305432 0.0662828452440051 0.0529767710773947 0.117681023085082 0.18197385561535 0.0885182568527921
0.144990382997458 0.0438808882635004 0.168187803882138 0.0984472540877607 0.136117348159897 0.183150330653229 0.110826374322064 0.100739895898871 0.0136597217350823
0.181034191262462 0.139992421857235 0.073097638072218 0.121648987845046 0.184091105265547 0.00029863395739344 0.193876315557095 0.0613726700998945 0.0445880360831089
0.198212373858714 0.00300804498249147 0.0670170833238496 0.219517677988709 0.0175499903646523 0.137090848707164 0.107754504002594 0.165597548589479 0.0842519281823463
0.114333126162444 0.0465395915123371 0.17509557137632 0.00367578626173302 0.108637121224885 0.152878272251713 0.206133405665003 0.0221313476021391 0.170575777943426
0.0980250305152513 0.151428234499832 0.0591049118258515 0.146167417492748 0.103757682056628 0.107654664086906 0.0865875809104516 0.0933925824132971 0.153881896199035
0.16726869799428 0.0616342821070021 0.140226952991582 0.119593536517495 0.143096183919513 0.00607809273294543 0.188303587527744 0.041117997540947 0.132680668668492
0.164120996360722 0.114972037482641 0.12840442620004 0.0224843076097939 0.0775905740908236 0.182237534009848 0.141979558655169 0.0162729401424624 0.1519376254485
0.160945119556056 0.0338836740378075 0.169892292877901 0.123839637689307 0.119982279671679 0.0813198517285147 0.0685824315817132 0.15113076467632 0.090423948180701
0.0581496967397747 0.190275639765319 0.00715639796918222 0.157151008079222 0.0117346391386124 0.1227317113565 0.0224990354694039 0.158460178579007 0.271841692902979
0.0185434315449735 0.0669123319490027 0.145307235738438 0.182088233920887 0.18259561010424 0.1534310472906 0.133528014215764 0.00675572033686272 0.110838374899233
0.131282479984466 0.160525502598471 0.185473840041933 0.0520203881352595 0.0481805615309493 0.0591036531392855 0.0701817870694985 0.0904204471366244 0.202811340363512
0.114866217368382 0.148655499011369 0.103240745541964 0.0857501402432782 0.174909116664114 0.174841237879478 0.0517468101729818 0.143877930854403 0.00211230226402942
0.1529480841865 0.171272481693841 0.175590918717107 0.13098616099333 0.0354931764070554 0.12962124513805 0.094528026598714 0.0290453376407127 0.0805145686246891
0.210889713744079 0.0500456396431189 0.103223111040432 0.182026753474354 0.00950257094575601 0.105757419805049 0.0912942943848641 0.0239114002539241 0.223349096708423
0.0220527634309782 0.238864545532461 0.0242866075192002 0.109464745914669 0.0896354854794008 0.0749426006354154 0.217596607033603 0.135973153499872 0.0871834909544008
0.0765942323159766 0.0546615202045659 0.133259042964403 0.166297429122592 0.138334165258864 0.0762737078942455 0.137503946643917 0.111155221489524 0.105920734105913
0.129498672664381 0.169086951605516 0.0752524710967166 0.0627814296059854 0.0747033962233093 0.268135879622948 0.0944238033800805 0.086900309392778 0.0392170864082852
0.0134495188019409 0.149800715754955 0.00368230565583202 0.140919870811769 0.11479866684623 0.0745465661750372 0.184089720671658 0.130111428382463 0.188601206900115
0.16844959629165 0.127117871668157 0.150049144090055 0.162593222396923 0.0253449924346371 0.161765984601281 0.137618178825552 0.0312551204580825 0.0358058892336627
0.134689911330175 0.029478066025555 0.0455609734461598 0.27407767472167 0.10235872300891 0.0293929107739228 0.0915824334185932 0.158895451146734 0.13396385612828
0.190347257989376 0.16230279251556 0.0310675871613677 0.0515080198962258 0.081106432508169 0.0587147096402502 0.157979263372102 0.0725712036876373 0.194402733229311
0.0918946138838046 0.211544487250707 0.0607359968952016 0.137080089843528 0.188363718668177 0.14976316607809 0.0944895823638434 0.00651194787751041 0.0596163971391377
0.0359652435846039 0.117061306523875 0.115169761837249 0.137017885726871 0.108398444161608 0.0914650322394397 0.138075145070192 0.123661444372548 0.133185736483612
0.0592947530508367 0.227806388126049 0.0380091047632913 0.06909927197939 0.206714945975129 0.0347109431023211 0.0908372088965212 0.0513373874178674 0.222189996688594
