0.157912234043418 0.0395357399387395 0.101833681626556 0.14941317563662 0.0664279500574619 0.117751182288856 0.0486419601662522 0.119041142835997 0.1994429334061
0.158328784153478 0.122620484353673 0.113748021683007 0.0358560501631447 0.262256121485836 0.0680625878215553 0.0387976811175113 0.1565212032462 0.043809065975594
0.152252115511979 0.021828536897719 0.171429333145363 0.00988596662696932 0.136505722480801 0.0119076841630827 0.197228474010333 0.130541922623411 0.168420244540342
0.169370020066191 0.035304880995726 0.089231779847558 0.110445691800086 0.1662278377751 0.161977774296016 0.0881027956022521 0.14348334571787 0.0358558738992012
0.159026053997649 0.0135748439059903 0.188710229473915 0.230927969225033 0.0314705657610037 0.146080150046473 0.00333981388972591 0.224330726186614 0.00253964751359648
0.185363820827125 0.260742328673078 0.209170561440264 0.0470132562264702 0.0346387961532367 0.0952153973940909 0.0399148574247465 0.0281791577383822 0.0997618241226055
0.0778997508685166 0.2064681570608 0.220353824530139 0.0816180304982332 0.101946433782547 0.0638633308584275 0.10303730087611 0.0441003014832742 0.100712870041952
0.144570864627604 0.185859919039757 0.0733562160584765 0.0023600265445172 0.0163170855362005 0.165542251836672 0.0961407416388537 0.0805154688523385 0.235337425865581
0.225113108951627 0.152778210497385 0.0595206555523183 0.0575939046523425 0.191064116614219 0.0470473793994453 0.0403488631670293 0.0884423403840972 0.138091420781536
0.0664840863808923 0.143695991042546 0.293181350463499 0.00599344736929735 0.0386983271208576 0.122242928277369 0.04797864670404 0.142893695565461 0.138831527076038
0.218864779195201 0.0610889099620101 0.042921949293683 0.0510321631685625 0.0664052679978972 0.0881493789655038 0.0810649817655794 0.213919982668223 0.17655258698334
0.0601449646490695 0.175932442029482 0.0920457370181587 0.0954017950814974 0.11118062818442 0.0800059071860469 0.0420335369947478 0.183753597883428 0.15950139097315
0.0944504832207962 0.00392771879065415 0.138299426652923 0.177523301961635 0.0844743312527519 0.176624478031507 0.148224076142151 0.160298031581393 0.0161781523661887
0.188759634081629 0.0274799147484293 0.120429096108759 0.120650807755293 0.0759117387965244 0.142064785426162 0.168833712077869 0.00589741618733676 0.149972894817998
0.197308319680368 0.038655797137643 0.144731062962324 0.126070285720791 0.0945472461211007 0.202808284170037 0.0221393005278149 0.173419645504705 0.00032005817521566
0.116351694506747 0.164859726437412 0.183507124271243 0.0124822222962913 0.0838941902695794 0.0322390405943383 0.159099462478116 0.144710420422346 0.102856118723926
0.103410027045231 0.0396825691111757 0.164866803570307 0.0855193250364364 0.163652895843109 0.179603476102383 0.113725103382425 0.0474155060103242 0.102124293898607
0.229286026291008 0.147818934918711 0.0352550885155828 0.0426384610667331 0.0976386405124213 0.17529676907323 0.0757524783781157 0.0306612057527168 0.165652395491482
0.103094778058652 0.199920180416724 0.154659688782187 0.00616552236492343 0.113929155768977 0.123271162186404 0.0319253525576371 0.0638811531258048 0.20315300673869
0.165663591857127 0.025958963001144 0.142978172721847 0.0625956204599941 0.239151263985121 0.039485723424133 0.16876796044185 0.0370435940407914 0.118355110067992
0.0931098711255747 0.224307122793605 0.203015060110096 0.0584702296536155 0.125969921076944 0.098259168858648 0.0909934157683274 0.0129540962310048 0.0929211143821846
0.0225057562306664 0.142012533168161 0.0816857332388047 0.179810882089465 0.168642212400351 0.00217926037514066 0.14994056904113 0.0920260117216666 0.161197041734614
0.0636787586436782 0.0396567430487762 0.0767030325941571 0.0102078329517381 0.0165443168378229 0.0685490268056147 0.203066907245552 0.25905349248924 0.26253988938342
0.0566662252179618 0.123240224251452 0.0138531605197537 0.220015633449236 0.0114173136339835 0.210367549512041 0.208978588422666 0.126650640416214 0.0288106645766928
0.17790474459446 0.0597037775258993 0.0494188990872461 0.111900990219162 0.015532325363614 0.154082532233429 0.115660510323614 0.206683105227042 0.109113115425534
0.0403424713370921 0.115896736364317 0.18808561663542 0.195069018328643 0.023322995693534 0.0828987825408085 0.173502476590582 0.0971515883888764 0.0837303141207279
0.0508031309846808 0.17484259960278 0.120885212270637 0.00480550573951994 0.179192554856484 0.219450141879028 0.0593736805020157 0.0937491685516971 0.0968980056131575
0.151694968690677 0.171617466954478 0.0325797664334989 0.162347012392523 0.128484141644251 0.129705251790331 0.0501019647239463 0.00157887882072097 0.171890548549574
0.182854902639574 0.051884346674282 0.0739002235227841 0.0807861952277791 0.168749207190447 0.180819392141534 0.0547598163594562 0.03916424153923 0.167081674704914
0.132972986448611 0.047787184886761 0.155850841069435 0.132880664004646 0.10639455858362 0.0446865550569805 0.116956462462801 0.0909863080256449 0.1714844394615
0.123049658916947 0.17617074307368 0.182393859897879 0.0894878264135166 0.0379160194148242 0.012002474151607 0.0659929790949677 0.188492384388934 0.124494054647644
0.0609106555984142 0.183900602191973 0.028742275952333 0.222542600539184 0.220630915113942 0.0468848869350647 0.124133498240143 0.0941069770564984 0.0181475883724474
0.155675875490076 0.0823676345589586 0.122006084692712 0.0775280591452727 0.0834371995790685 0.17853444994457 0.117547100776053 0.00415361614567124 0.178749979667619
0.0624598964284606 0.2061445761995 0.0421124513187837 0.183897509957623 0.0168285816907633 0.204696969453786 0.125869923893205 0.0756050322171071 0.0823850588407723
0.114742664653668 0.0480991702810806 0.213461994057714 0.0377672241980511 0.244785561070851 0.0160430431774021 0.179955646720155 0.119678095821059 0.0254666000200198
0.105679743481619 0.0239146968534437 0.149924231367986 0.0832999507129551 0.0889182187058253 0.141753243328786 0.123997733154085 0.137459935581233 0.145052246814066
0.0608581633436738 0.0360923538555467 0.149543631424144 0.14507767870558 0.12889768356596 0.172569051064148 0.110697007562862 0.159878589297164 0.0363858411809217
0.121148062840644 0.11869791735744 0.159056500195291 0.166079303089816 0.058482173165055 0.0721415545340201 0.0796408627745407 0.172708363053888 0.0520452629893055
0.208001123384161 0.0398645844140576 0.0852570643781686 0.0875920884279777 0.160140824576982 0.111269055605835 0.167506454846464 0.122153477474213 0.0182153268921419
0.109390280630814 0.189840944965322 0.0110978612117656 0.0522890793158178 0.136895708724257 0.156155812930965 0.149917947846214 0.0807487761218879 0.113663588252957
0.042404575034222 0.158439319798817 0.12244467488355 0.0914202672466234 0.128596810978497 0.150125976942796 0.104253351943188 0.172592833362984 0.0297221898093219
0.193687187921443 0.0629656763531413 0.154206312129278 0.146249323053093 0.120917805769962 0.0188693815953859 0.0714901622422024 0.187945337844929 0.0436688130905649
0.120272972746507 0.0369952598896085 0.166543574958115 0.161866959264046 0.0373155293313347 0.124920999762132 0.116542005449415 0.130523807818811 0.10501889078003
0.044197422211656 0.0421620103266659 0.0596718927164598 0.170163315322854 0.193695588350494 0.0566321900659258 0.222436787336188 0.175719552319529 0.0353212413502273
0.192031227389897 0.106280113037652 0.0301219319330591 0.0349133843555305 0.137348973324757 0.128598218679223 0.189122564313183 0.0525264564403511 0.129057130526347
0.124149612837924 0.115786672829114 0.11857166175084 0.101119483909812 0.0300142973678418 0.102597409120886 0.0722256468823732 0.167713846636818 0.167821368664391
0.0677255869943678 0.207644525770613 0.111671258410764 0.00979717157666861 0.171221105021237 0.156789246019806 0.0148848589783469 0.172073377032243 0.0881928701959528
0.120187933565547 0.207212403881354 0.0269900699583702 0.0807323129983788 0.0550250795208354 0.19820090783935 0.200478943812144 0.0754191653707805 0.0357531830532393
0.148953200144146 0.142520720019404 0.144957485605467 0.0665308254286938 0.148361749887167 0.0790030496374411 0.0191397892161511 0.172123589757855 0.0784095903036741
0.0936572224282521 0.160098787700649 0.180102487835929 0.179284171427462 0.0326651880462298 0.0534974981561862 0.145976241192845 0.117351181865133 0.0373672213473136
0.158325874000221 0.0207670788719437 0.15604109649293 0.0720500787267159 0.155670657318511 0.0423089674451794 0.168683443418199 0.0759754897074662 0.150177314018834
0.137296034403953 0.213299046567851 0.0636182428585671 0.0213670615849679 0.22237069400236 0.0438478523538478 0.0482570238982169 0.0970374182198933 0.152906626110343
0.0806909386764434 0.217639154045562 0.188278738612216 0.115818928711406 0.0727998999194283 0.130225283188762 0.111913295905374 0.0198972672642291 0.0627364936765789
0.0198597681889544 0.12708341769534 0.232995705951795 0.0713028564087067 0.0425936003220151 0.0239797238516154 0.222333136087454 0.13325713946738 0.12659465202674
0.197989087312906 0.206302022150628 0.0959760723101122 0.0250365599681889 0.103638809280682 0.155139355139858 0.0432085318640429 0.107475434493764 0.065234127479818
0.144650848213883 0.0639417966899263 0.178293492053224 0.084386542183264 0.151315088369689 0.133454541040307 0.0878419570607386 0.125870585973215 0.0302451484157543
0.0485002897950365 0.0349680060921913 0.202336018333452 0.0185654873086392 0.133407104066601 0.127404302578994 0.181124262588068 0.177670938189794 0.0760235910472239
0.135595867507728 0.198308080350028 0.179103961246621 0.138045364995131 0.1075470981261 0.0211770657520318 0.157364895814028 0.052703369736278 0.0101542964720553
0.0105711563897423 0.0706764208335333 0.0138621846669523 0.119560190244001 0.0243327316486341 0.200071474820688 0.231775500452602 0.118215094364545 0.210935246579301
0.0250500995547723 0.196264346254836 0.204722470983159 0.104302117249756 0.0823143483758021 0.0861247551004431 0.153811898388331 0.0974096970815285 0.0500002670113727
0.00015978335521484 0.165689858292591 0.127262559914591 0.165704834917175 0.0983040905813393 0.110769946233806 0.18429067202448 0.0806243778329747 0.0671938768478279
0.116866278539415 0.0908278708886286 0.0608572449178456 0.20401672734884 0.0036635829034511 0.157379664342331 0.109174504174795 0.109651000519738 0.147563126364956
0.0839471662649745 0.169456138530545 0.146483169328502 0.00313262403416172 0.199745181943223 0.152599677412702 0.157272834927651 0.0852994102351017 0.00206379732313958
0.120047607213738 0.115882488471657 0.00926070735336837 0.133501867494372 0.133825221392415 0.200250392070483 0.0713345852928664 0.0720694816330147 0.143827649078085
0.105351677258931 0.188300054742311 0.0142004347130885 0.0260794549702481 0.192248695265841 0.0928726609189834 0.195584111101765 0.121015610920535 0.0643473001082965
0.191767676996859 0.108657854006416 0.185516834438612 0.0663114677408383 0.166447324364509 0.0059573502683232 0.0455739359801689 0.196387941156908 0.033379615047366
0.0936529065941585 0.0247126186590946 0.0702735051677328 0.201611252921395 0.0157936727212654 0.139935270583966 0.108498825994407 0.156499366457986 0.189022580899995
0.154010788809694 0.0757574930932366 0.16777923018923 0.133334439868602 0.167134820759049 0.00146300432635243 0.153732264943507 0.0756317606678297 0.0711561973424992
0.0285727738763557 0.0951895427045981 0.0957054394096677 0.168914424398009 0.128519757529853 0.00221868745907528 0.152385850442801 0.166209874629714 0.162283649549927
0.109589584465481 0.193514180872331 0.054233306640116 0.0343234363838925 0.151155614361147 0.234836230723994 0.0937570440492937 0.0170670581866534 0.111523544317091
0.100860543923288 0.216189050951626 0.175325127972905 0.138047650013004 0.10243025124095 0.0512954852540418 0.0641896156212365 0.0782580902014516 0.0734041848214968
0.0583925089997044 0.0627261419721564 0.206824154534824 0.133920566920716 0.016408880809331 0.197806359790607 0.178666461002011 0.0984369882693669 0.046817937701283
0.165324414655186 0.126566801177827 0.178301419351323 0.00996710783231844 0.0153653866882208 0.112072279587817 0.182349650814302 0.0754924594879473 0.134560480405058
0.155133413231888 0.0512785010774484 0.17649232756442 0.108087368294305 0.0621052228083764 0.129831020464279 0.120993010817262 0.127723481287952 0.0683556544540686
0.0483279870587038 0.123369841672934 0.276048149196048 0.153045716533311 0.0155108891679542 0.200244891979081 0.00456213918543555 0.0301635555326585 0.148726829673874
0.14050224960556 0.124650505023113 0.0241395842787095 0.117034918843179 0.102521989312671 0.144607240288085 0.16013479113503 0.00162198529778895 0.184786736215863
0.156119084934809 0.178300468768239 0.0680654272885516 0.118633113762522 0.135767116699598 0.0795871446706666 0.0340239230239348 0.191439978188789 0.0380637426628902
0.117337878432406 0.125456842510818 0.0470303426366926 0.314255594454824 0.0792609895200755 0.000428466823248189 0.186547891458804 0.0486862356016133 0.080995758561519
0.0996706792515092 0.199156503562836 0.232153785716693 0.0749481094684073 0.0569246657233792 0.20558682109338 0.0335597113362968 0.0011016092867836 0.096898114560715
0.197391968297035 0.0560502060426927 0.0360138245004965 0.0367803280928767 0.125905538091751 0.101072730772642 0.252605722371777 0.105187983610934 0.0889916982197945
0.0695387670136544 0.0382649297862957 0.159182049073972 0.163550856814627 0.0100391723951287 0.228552321538438 0.0985023352355648 0.0151687627380383 0.217200805404281
0.208926779887686 0.0503947189192188 0.0738167794428512 0.175052729240608 0.00510453849298304 0.197040627604801 0.07156498677389 0.118452820857045 0.0996460187809164
0.1108798779823 0.0104981777974546 0.00160184109487965 0.19364199798809 0.0878125788847499 0.0745254484914566 0.175250686580623 0.111344099972132 0.234445291208314
0.132718185703096 0.0741264942401497 0.166810652433086 0.170246093188064 0.0885434820966378 0.0591483515267541 0.156029048163668 0.0294667396901423 0.122910952958403
0.134460712785682 0.0610994134550958 0.117027791352624 0.146101700830972 0.0181377595851865 0.106560958847072 0.14364000487109 0.15348620219146 0.119485456080818
0.101744636425005 0.418948755006663 0.0588123098396303 0.0498442205376158 0.106512020826913 0.0322657332100474 0.0399889791494738 0.172420296335162 0.0194630486694893
0.244074816341558 0.00488017179405857 0.170527628911768 0.0994449950103502 0.0592030473787799 0.0129259372635947 0.246573409445523 0.0298384760639478 0.13253151779042
0.0806869885826362 0.046999174095125 0.138208909056835 0.0609431375737013 0.0756892522159418 0.115870510829165 0.185386365529498 0.199707959947605 0.0965077021694929
0.0741188914454311 0.109413689905163 0.12422520172611 0.139846374525244 0.25276002668657 0.00183826577700886 0.123238373454151 0.138969514006203 0.0355896624741187
0.0890149576097865 0.111953526328581 0.166771409281498 0.0804320971055207 0.185443561680417 0.101877918014211 0.0974496441338702 0.00704729660102205 0.160009589245093
0.0333338541814734 0.134930249819535 0.00504771183137137 0.157012603404888 0.136818889410285 0.0987338225459384 0.194632732459923 0.0875890949652434 0.151901041381342
0.261983099964893 0.0220436602831316 0.114678103692775 0.0818964296197491 0.0141981285028762 0.238291298957363 0.196793195082926 0.0190820250903295 0.051034058805956
0.0143210409385287 0.119995296666874 0.262560880702682 0.104966372940242 0.0821226982750325 0.102096915330271 0.134660860333878 0.0812517520380404 0.0980241827744521
0.0598777651998652 0.120843432720454 0.0698574005049926 0.126199350270183 0.162976038718767 0.132259265215817 0.09480589968452 0.103250117612624 0.129930730072777
0.103141403136572 0.182843398587258 0.108554138787869 0.00820313385841736 0.161723660390852 0.133065112921905 0.0704543772676082 0.0971240538328457 0.134890721216672
0.00944174149248152 0.130999514923334 0.137292460603149 0.108649371599105 0.075457181002425 0.136659968887462 0.0382588206256606 0.16980173193645 0.193439208929933
0.169437593557927 0.139504366230904 0.1879049451281 0.129605426327775 0.0311578505486564 0.00771112523253559 0.181202398806582 0.096998713161651 0.0564775810058688
0.244309878716957 0.0015000598198036 0.412526283035818 0.0187232996297356 0.00268088389615123 0.0913698766705673 0.0392045727036524 0.189117106759093 0.000568038768221761
0.185158734475707 0.158351708557678 0.108223440504601 0.00231732158280699 0.00126825021772375 0.132983552271455 0.165213701030684 0.0672111207263971 0.179272170632946
0.0271626461303997 0.031240463626433 0.127189332968263 0.386855215053103 0.0774777422595187 0.221164368854031 0.0517736700234137 0.0269680609991529 0.0501685000856859
0.0370318682261262 0.0581464395842242 0.0516004215197277 0.048510699269622 0.260956663783593 0.272282863789886 0.0301532041687015 0.225087063258659 0.01623077639946
0.081876314095447 0.14102356644832 0.0634544772548534 0.10964111111507 0.0920174417629702 0.148097858608407 0.179295825605511 0.0501828529750681 0.134410552134354
0.0679862862414426 0.217025694597473 0.040805897814289 0.137385166104815 0.0866209714726014 0.0430940777879986 0.182543850526615 0.157626016919359 0.0669120385354061
0.0649551742759218 0.0211328703659705 0.175459726524488 0.076883816899662 0.197308063076947 0.193854517296802 0.111283102303435 0.0355074798350074 0.123615249421766
0.0817858848795806 0.209293881078212 0.0021986914499134 0.164219196564122 0.0853229308822842 0.0323446451491495 0.191122927369907 0.195545128669478 0.0381667139573537
0.213125274321638 0.214251367300404 0.0675828621088302 0.0343450230166758 0.0152242274046316 0.115066869352477 0.118052500305698 0.0356413143294411 0.186710561860204
0.0283668976460298 0.258941582231675 0.000723372664445133 0.141254357508106 0.091489814581991 0.244350632543692 0.0378160230087497 0.19040807515206 0.00664924466325216
0.232176027737243 0.14704636961333 0.0215372098959886 0.0706256304558092 0.0230795112429448 0.0818675829595407 0.195038069656923 0.205056548868205 0.0235730495700154
0.0514663284197767 0.107481232599739 0.176281844168814 0.182367546317529 0.117094889024674 0.0661441248748761 0.217239481461333 0.0281036958617601 0.0538208572714973
0.155970718051901 0.108069986180589 0.0595178342545866 0.0552975034430477 0.0553066352613858 0.167848447899826 0.211072878606699 0.156248061934872 0.0306679343670925
0.052124064689968 0.0815172751174779 0.167405644698049 0.0130862458037128 0.167479074687634 0.17269899503507 0.047581147261687 0.148067047956658 0.150040504749743
0.218181213612301 0.0675336818293161 0.117572611656225 0.210975100331414 0.0935323871446117 0.00439157376146815 0.0809691375931675 0.0345330792269832 0.172311214844513
0.152943777940447 0.14921420938534 0.0376330467626671 0.143151602679661 0.144827949040427 0.119371286233301 0.115323781341539 0.00774748873892542 0.129786857877693
0.00603276488818972 0.210105409075957 0.107276350899851 0.0964093245459341 0.143001444830859 0.114800231169718 0.136097136478926 0.128746593422045 0.0575307446885204
0.131113209012866 0.149860762661843 0.124525115625181 0.0401398218443933 0.18467498554489 0.0428265888376333 0.123670947082334 0.0689545868786218 0.134233982512238
0.157549039591583 0.0794507403138906 0.130317778330835 0.0628694084924572 0.139523460046115 0.139633903425229 0.109367137974492 0.176340761887339 0.00494776993805958
0.0137948406547134 0.153201568864742 0.107819469242319 0.0673475191685929 0.220601320557602 0.0185820215501555 0.227965386770317 0.0794254942045027 0.111262378987055
0.0842756614911813 0.216426124128781 0.0149707826648273 0.119842494367249 0.0316263988495575 0.318214047924924 0.017124083936913 0.154928748411293 0.0425916582252734
0.176770953038986 0.063066041944171 0.172967448690188 0.160991861981509 0.0868016489638449 0.135441361106468 0.0400531728602205 0.0575004710697188 0.106407040344894
0.186955953603729 0.082944651149564 0.0891936579434668 0.139626245464963 0.115694517265423 0.127801252925547 0.191650311321568 0.0646714627770523 0.00146194754868656
0.0256155137623287 0.184458032441976 0.0231351503543066 0.10661102049702 0.0260887420700481 0.138361364978876 0.0632668384027763 0.239432331191497 0.19303100630117
0.1192310724567 0.0640465803309343 0.0476717349592114 0.167686967482526 0.0580839083913759 0.160135670889687 0.122826008377831 0.163574842430209 0.096743214681525
0.0609174256614874 0.0778807788649907 0.105187474709962 0.0316558314386241 0.15189627683207 0.18839637631666 0.192315067239877 0.185692620880947 0.00605814805538333
0.156616732687027 0.0811310323686156 0.103221610242607 0.161191670298815 0.00971958773325475 0.0406357391873291 0.23877857971478 0.110351583651046 0.0983534641165255
0.136007262606001 0.0942706302249623 0.175158863008463 0.083101296491794 0.137022862687472 0.0459842321826264 0.124277101392222 0.0924931142641348 0.111684637142324
0.187321416326036 0.117839960735989 0.0184015057133067 0.0947856680547849 0.0987664641795658 0.136956171239493 0.0250180151116186 0.133510765169326 0.187400033469881
0.148256233924123 0.0546650754024177 0.194038354492732 0.0391075212626162 0.104491225467313 0.0483600072073171 0.162756819172356 0.0778545394405074 0.170470223630616
0.079266598055509 0.234319161848617 0.0864915502307209 0.0811010024265879 0.0300151477847425 0.162956963457271 0.0601505463900026 0.0829702989340431 0.182728730872506
0.0936832138705059 0.0755150262741737 0.0494562934172611 0.104675589143102 0.142217593693276 0.0446258524508909 0.133450775199371 0.170630900941519 0.185744755009901
0.100002602317472 0.118204286108043 0.0966866418016978 0.139317736830391 0.152595880086749 0.0345571784326722 0.155286437948836 0.0511547680483964 0.152194468425743
0.0593154351324794 0.0707353774771657 0.120615076639771 0.101702348524982 0.103247513024816 0.180236249533344 0.0797085707470976 0.0735260991842663 0.210913329736079
0.14392375296314 0.225739393268724 0.0381723388550959 0.158299311302335 0.0402133416306324 0.132571297895813 0.173045051974297 0.0354541705371793 0.0525813415727829
0.095986761780782 0.165553252685601 0.0233890694197741 0.134646741455245 0.156133810719579 0.149233599237748 0.08972364466485 0.019582811365115 0.165750308671305
0.117673014494198 0.108237248505846 0.196249017209626 0.134104674083472 0.177334212315222 0.0729124768709691 0.0884162104988668 0.0325064620716438 0.072566683950157
0.137613584362648 0.0420194052084964 0.065799809555113 0.192788160370543 0.062403721028972 0.196978358762004 0.137943239435216 0.14598072811067 0.0184729931663371
0.118852884994309 0.0960958113983066 0.00311664961122084 0.0981369871740933 0.184137263174882 0.0823672205851699 0.205190902024752 0.192754165550919 0.0193481154863477
0.11440947331443 0.110052313350335 0.0118715826655014 0.0550924300471195 0.119842442782123 0.106708015277302 0.163878946923013 0.178393667027149 0.139751128613029
0.0145615476239462 0.158886599870796 0.110202448800903 0.00833456390167524 0.327998964715592 0.178007292725739 0.042599686474977 0.111030584620934 0.0483783112654385
0.178415017493724 0.198250534424336 0.134449329312825 0.11710566556293 0.122008134198561 0.0177337558517459 0.0231204572953422 0.206922988826545 0.0019941170339912
0.181698137754939 0.0726039537813096 0.141417776047631 0.193576931757133 0.0622958016552247 0.0690141445039726 0.114269803128379 0.13480786083892 0.0303155905324912
0.0237879270186262 0.0882799112325674 0.175972239549184 0.140251006921377 0.0174155493873205 0.116827879529113 0.200516607030887 0.0883238963237191 0.148624983007207
0.030990439292604 0.187945141901242 0.0911232116614836 0.118130596289035 0.127433878772386 0.160112632543388 0.134906499842339 0.0499188555156822 0.0994387441818404
0.210895595627372 0.249289833064956 0.0024139549872851 0.206877913870805 0.0750793472282642 0.0272877800520293 0.16434093164106 0.0627218741933105 0.00109276933491682
0.176757916467387 0.0640545417828326 0.0425296191865906 0.176773885188608 0.0392401298732792 0.169360394580493 0.100128804987139 0.0701065762245358 0.161048131709134
0.0145841735653872 0.00168976944879559 0.296577778350643 0.0769389164069939 0.222865059420881 0.125488993645698 0.0674845130953688 0.121334333845479 0.0730364622207534
0.167183542977008 0.157563116091431 0.138082663297251 0.0625420565795073 0.0738743303660245 0.0104836389836789 0.147429387063337 0.159173350602929 0.083667914038833
0.0751963850871166 0.0537360335064102 0.146093897201911 0.0398177083272577 0.147312594539354 0.122139095855026 0.173800066911568 0.172048131087897 0.0698560874834591
0.180343184046333 0.0199173467554982 0.210410124250672 0.0119331963054521 0.0392385570826155 0.134491712825996 0.153361460399376 0.190186659265766 0.0601177590682917
0.121135494131751 0.168952397672517 0.0264165622472598 0.172651572334613 0.17777814592024 0.0338337076758726 0.0984334724197921 0.0689408395466867 0.131857808051269
0.196955012696686 0.0482354176134154 0.117215347783291 0.110407329089164 0.157706719514789 0.0373587469813697 0.0857092810545407 0.104030461484928 0.142381683781816
0.0478885069311046 0.147281881011432 0.128986174906393 0.15829490992295 0.122679809814469 0.0781810768863931 0.15058381299198 0.102369180497872 0.063734647037406
0.143825872754795 0.0190963701549902 0.123297174019675 0.0423404811511849 0.168162901263765 0.0807890046765665 0.159674029682494 0.125611126505379 0.137203039791151
0.103576223397082 0.0201159323734422 0.0982857917977878 0.152483663070176 0.0420186616897711 0.0809248460926744 0.190139045343276 0.125941298835243 0.186514537400548
0.0889306666030007 0.178832895595631 0.127497242523356 0.194506554110014 0.0747185909632231 0.133479002317399 0.0512830735274035 0.0200027036348659 0.130749270725107
0.079795831458672 0.151479934725641 0.0808860134430879 0.187085935071937 0.179907816380641 0.136526340740787 0.0133439171411609 0.00699982961003957 0.163974381428033
0.306379948434413 0.0168818025957765 0.00279897075531047 0.00734699331945562 0.148441388986253 0.0521134294068909 0.157655255537993 0.0117682794630936 0.296613931500814
0.0490580479355571 0.0366137506456329 0.00450416418469467 0.00879915757556239 0.224748170732064 0.0219463484506756 0.267580778162647 0.277470240865745 0.109279341447422
0.193069370068689 0.163821831462161 0.0736106790795455 0.124100913615891 0.0272724863825956 0.0248039204005925 0.109542053952518 0.104045315628033 0.179733429409974
0.176861903461277 0.0943843861729597 0.0448896272441412 0.038679629914573 0.0103540234098728 0.162225783782247 0.132229084344384 0.160671708179453 0.179703853491093
0.0606279665421257 0.0860343366209963 0.11196195473701 0.0649764325093761 0.198445224866558 0.122675898846403 0.150879055863112 0.0858225167949398 0.118576613219479
0.0157924729256574 0.0313397417315054 0.0351487008953066 0.20911006591333 0.180618823505083 0.231631757374167 0.0132213586127858 0.111922449412082 0.171214629630083
0.0401456696134652 0.183074422064214 0.0655360877377063 0.166203715010662 0.0504052656023226 0.103591931832803 0.0905047904753396 0.174945565383299 0.125592552280189
0.0981591722044077 0.138339017208045 0.169916666259171 0.0216188371536804 0.134483289674772 0.00376370724992814 0.181634052437863 0.137369481134153 0.11471577667798
0.0694186724450471 0.0232247490462803 0.247389646300441 0.19504262520999 0.0582550537211683 0.122056832419818 0.133808018667088 0.121211429128638 0.0295929730615295
0.0232500803831112 0.237643771346129 0.159322065790974 0.0955715550682159 0.0167446742791865 0.0157678755579632 0.118502225933677 0.242150514701183 0.0910472369395601
0.0137423087689634 0.194758486618038 0.0266796165259607 0.255450867472136 0.016130818279406 0.00532919808913032 0.20955670422982 0.181210710157644 0.0971412898589018
0.172533838552557 0.154841405658073 0.0399935323197646 0.0563870865068708 0.00920646198387585 0.129433374158223 0.110661854945662 0.133253346413011 0.193689099461963
0.1921072174395 0.0181853546756469 0.11451354480887 0.15106574331377 0.0720498142375882 0.0281657615857276 0.0599578322989799 0.232862776658061 0.131091954981857
0.0246221484646291 0.140673251738094 0.107028115803108 0.0635903354788831 0.0790776709770736 0.0970120745284399 0.0556749644269692 0.209680065225537 0.222641373357266
0.173158917827449 0.0303731061199734 0.0502340091224379 0.0876407551681791 0.107877207275961 0.154651451492596 0.130627119386928 0.0980549020820176 0.167382531524458
0.0279956968361455 0.0883805001641368 0.131146730989177 0.142466391332148 0.162983639743097 0.175162422360162 0.112141542953364 0.0945582186218618 0.0651648569999072
0.239916402300843 0.0821254564603231 0.094530433806798 0.0820463967685154 0.108747881730246 0.053514712450557 0.0302413935816506 0.00955950852130346 0.299317814379763
0.169549684546602 0.0347835013072152 0.108440704400162 0.0545408386490772 0.112028916394373 0.139261604777818 0.115166801696003 0.125012921596798 0.141215026631951
0.137970832701019 0.0855358966603283 0.147163360019673 0.0846069729854027 0.120210136033568 0.151818857650394 0.0629061187974844 0.140034587532676 0.069753237619456
0.02449644783616 0.173839634850405 0.0199776786969659 0.139329054259587 0.119139356122384 0.0952080208123698 0.143314719111149 0.169926606049721 0.114768482261259
0.142048446343409 0.16375248100176 0.0257214627989676 0.105563255825586 0.172219300843519 0.135890490658009 0.0984832468162901 0.00290667028759332 0.153414645424864
0.156223338459368 0.104346583611246 0.186114097889944 0.11293047987345 0.0227032712509382 0.120347249554453 0.0714087657032796 0.162224610950337 0.0637016027069847
0.147474726754269 0.166249752720859 0.233662234351914 0.0166813461037548 0.0812018456558785 0.0603871982139026 0.00521509249604979 0.0775358378866527 0.211591965816719
0.212107990820098 0.223517209023034 0.135107060509504 0.0322204724985239 0.0355738577836272 0.163503576236129 0.03360462061537 0.0221318586662458 0.142233353847468
0.172940685058499 0.13041996620909 0.132907123839153 0.141848511909076 0.197752705449174 0.0181962595440129 0.0965657447139823 0.0726549958540663 0.0367140074229459
0.102121748868248 0.067908554755792 0.186251662795424 0.0593705852866078 0.0528364180026653 0.190471419317212 0.0100054638242131 0.180427667352367 0.150606479797471
0.135145611084368 0.196368120112901 0.0351724501282525 0.0726233063105558 0.0317085741375145 0.0340233106353581 0.138593732718489 0.199933615448569 0.156431279423991
0.104470267342378 0.0304903369145174 0.159884567482008 0.145912818906431 0.02559396065732 0.134606610543208 0.0889822201030215 0.211177440620637 0.0988817774304787
0.201856904688119 0.0625319738630598 0.29099776059358 0.175671677123098 0.0420902609659103 0.0487720355168372 0.046334787913812 0.0453867371822293 0.0863578621533534
0.036285746597247 0.0386598030730101 0.191473157907729 0.10365814304679 0.214052784302064 0.229843383489105 0.112419937341397 0.0228754866839914 0.050731557558667
0.0972522265651253 0.0825186701706183 0.127981307860092 0.10357617102488 0.172169050593294 0.0142182890900146 0.129378979201933 0.125926289035103 0.14697901645894
0.00423738101684146 0.180586725311242 0.0514343263993189 0.133826833981413 0.00591387697396876 0.194400572154652 0.0838622181747556 0.0456668093046716 0.300071256683136
0.167410930481091 0.203910968547838 0.0241848851067143 0.0617882103003763 0.213452029203657 0.222291040638305 0.0312826993483529 0.0600133397242877 0.015665896649378
0.250224107572036 0.107557881766733 0.025377032451278 0.177193269645014 0.119193324790628 0.0832106790226108 0.114922748862707 0.0768136056301639 0.0455073502588284
0.205627613633168 0.0170663142622336 0.154826691176237 0.216884967489196 0.131334135028921 0.073469878542542 0.071599807834416 0.031073892532922 0.0981166995003649
0.104807488020176 0.281280981935939 0.00496245536848633 0.074066819520582 0.295461511864808 0.0998455802021174 0.0339526301672452 0.0384559622430885 0.0671665706775578
0.194207497341843 0.0663566976351793 0.0752264494777435 0.0923855061543903 0.0948191577287378 0.232347557854384 0.0626926259305737 0.0185375425533105 0.163426965323838
0.168581309918055 0.0299443854250875 0.106334427290502 0.121059969564885 0.0471097514122349 0.147764148172638 0.158053028004728 0.152287127534263 0.0688658526776056
0.0528386697184506 0.123651445625876 0.218724469038349 0.0572781449616833 0.0217670910572312 0.0712315813736653 0.164968776454105 0.206475512655969 0.0830643091146709
0.181503548899917 0.191994606294726 0.170625165303245 0.147290992636832 0.00960949579336614 0.125001855488447 0.00480846036453724 0.165049117381258 0.00411675783767146
0.183029777113405 0.156657880068968 0.126177143471192 0.0682213520755518 0.00940974169171682 0.0767210964257496 0.162166509754571 0.187559373289503 0.0300571261093429
0.214682203238397 0.0567170456238852 0.180624706716947 0.150063451898695 0.0574004157541082 0.0997660442921582 0.0700088567123712 0.0367712393325505 0.133966036430889
0.0459747712493949 0.0106658201354064 0.181017745299953 0.148389587886911 0.223817147119086 0.0130346011802191 0.180047508464551 0.167385086221871 0.0296677324426063
0.0583227611642969 0.136775503928784 0.162195038530951 0.0715990865117886 0.0495308446661203 0.0961378397247678 0.174295048728699 0.10261443262477 0.148529444119823
0.031775498120065 0.183715441147896 0.161653046710809 0.0672627371894904 0.104701679715457 0.0740860773217707 0.12734376750455 0.15749176116879 0.0919699911211718
0.031220363021534 0.0528275075615757 0.233638078657533 0.247388576123604 0.0769312785716195 0.139301973914699 0.114034861469913 0.00979247996227386 0.0948648807172484
0.0775493151334149 0.138763861994223 0.035389492866533 0.152857778268147 0.128392136573755 0.0291863450149531 0.108357453978107 0.150937670039888 0.178565946130979
0.193639030508349 0.214110400372163 0.0596510953366623 0.0185236932210788 0.145183967136467 0.185795807199855 0.00447555389669025 0.0399474741493873 0.138672978179348
0.101478640169417 0.178809792081068 0.165921806056121 0.00920314386025607 0.0575183226462347 0.182389598936017 0.132908166759486 0.134006505421356 0.0377640240700446
0.211673716879306 0.0579951267670425 0.0102545607787787 0.0262806192645765 0.0833555379772615 0.0999757863161961 0.079297914190139 0.202911354994015 0.228255382832685
0.142288884727472 0.0628536917301191 0.210213295198369 0.222332853282857 0.06318223165899 0.11551745219721 0.010548832051323 0.14542084921038 0.0276419099432803
0.115557631222478 0.0352295890863291 0.0429965363953589 0.0506838441538238 0.239741323432832 0.17003077238375 0.0968198010084491 0.184040894656229 0.0648996076607501
0.043043433974661 0.0834481641513026 0.1359858592242 0.16799510479938 0.15394010979907 0.0539780000886741 0.0239654501279738 0.182575996090055 0.155067881744684
0.0832411665915822 0.0849005688370824 0.0737212965587477 0.18466454689399 0.147285248140492 0.201499372917989 0.0186650130371831 0.0159178426658774 0.190104944357056
0.170718730420885 0.0696105102607147 0.106044047145961 0.109465796302816 0.130779148681688 0.166236847393398 0.0822128747697929 0.148483411740649 0.0164486332840961
0.0343086810850339 0.229569250978199 0.188455839850586 0.0182679703033912 0.116466594071857 0.0967661825740519 0.137556558705711 0.147438812206549 0.0311701102246207
0.147717368914961 0.0879109566340731 0.0178558400559159 0.0751573065588378 0.0457597892640915 0.17219061902393 0.236362408735501 0.206295187166764 0.0107505236459257
0.0822083217468149 0.166248508008426 0.139954653892518 0.185924855910645 0.0377302222792197 0.120328955597309 0.0539309016756748 0.154898792591839 0.0587747882975535
0.136871024423618 0.169749245095264 0.167805598517784 0.162945777973111 0.195900271456059 0.0743288429383031 0.00860934070273182 0.0065968809994726 0.0771930178936569
0.189073881881105 0.0399991888724291 0.101810731707523 0.104362026048029 0.15218927369578 0.0317571705121414 0.256856820428537 0.118481402663107 0.0054695041913488
0.216052651235372 0.161272490466906 0.111041666844161 0.0527995545464994 0.0513215758569584 0.0440779745698706 0.104169572710815 0.132931632930298 0.12633288083912
0.111359155097545 0.107422333982737 0.149774733350117 0.129786599901029 0.0636396254699245 0.142301834392724 0.000739667702880203 0.156951357505178 0.138024692597864
0.00471589605450603 0.361526006152484 0.0422486180997543 0.144328122848136 0.152518426770533 0.0528933335142474 0.066069452826654 0.108350260512565 0.06734988322112
0.0389826600536421 0.0705168556223492 0.0106772374611513 0.164812747456562 0.172955485132636 0.22630030960547 0.160552912036378 0.0509479586773491 0.104253833954462
0.195995270244873 0.139400700276005 0.0282206811751476 0.0335372780773613 0.180261583538243 0.139546598124413 0.0262726350574185 0.183243910539068 0.0735213429674714
0.104101594343679 0.0851186523469604 0.0635237953925264 0.193574605337328 0.12533910663509 0.143667128653427 0.0187449957290386 0.129623344836662 0.136306776725288
0.131995245105875 0.0531030637818043 0.077510219968288 0.174701854777024 0.0522118804977755 0.0934551362463753 0.225646007636878 0.0203580445494363 0.171018547436544
0.0279910222029522 0.19389388490451 0.186042319066776 0.0510542291970703 0.11101273881884 0.160027979807623 0.13625222669225 0.103261223118531 0.0304643761914477
0.210235470594429 0.0929257868074745 0.101657368310453 0.196492527088158 0.149378171426721 0.0272874771146246 0.0129948027620195 0.0137435056513347 0.195284890244785
0.0275649792581472 0.157063548921698 0.0385146039090182 0.231103700245169 0.184987911203477 0.176137482864978 0.0262220793354946 0.0646532223135945 0.0937524719484248
0.135421964239945 0.139081161126732 0.0662587669139329 0.102901739086506 0.0176663739751764 0.278703877899555 0.183261890022266 0.0529313403177538 0.0237728864181328
0.114530606475829 0.0499758704180119 0.177699847638334 0.0968266775029547 0.185907281591632 0.210931708978839 0.0906755427529613 0.00865476944354594 0.0647976951978921
0.0321466903201322 0.169669476263563 0.159541041812429 0.201552992602736 0.0246380644687451 0.0978579349771778 0.224253565462237 0.05294368218357 0.0373965519094089
0.202024185292759 0.0115231222707797 0.212863929290028 0.136910421195537 0.0632368780439845 0.18432770536973 0.0626865627863857 0.0708414742106026 0.0555857215401938
0.000275823731580065 0.191787785034301 0.150000877049985 0.00802221342499069 0.204877298139488 0.0318773876701719 0.178966473767629 0.156161532371123 0.0780306088107307
0.0735449179302836 0.107675890342386 0.145828421393716 0.0727254680320526 0.151675800071086 0.112136054541746 0.0893869200087052 0.115470854242936 0.131555673437089
0.103348044682739 0.108236779883321 0.103297082562391 0.126912043353305 0.0653974459623908 0.120925453766372 0.121912158140193 0.116739911455268 0.13323108019402
0.114104812301645 0.101867130442099 0.125344220236698 0.118429934431476 0.0420020426884369 0.147905920235841 0.141093669847335 0.135084316249646 0.0741679535668241
0.100868320562477 0.188656163787248 0.22210916689556 0.171227750938316 0.0643947681697257 0.037398204729252 0.110457050998304 0.0980471140105958 0.00684145990852208
0.154214006498308 0.043679697636591 0.110042797096881 0.161321749429626 0.110551808157929 0.155474563480093 0.119971921582083 0.122143658201036 0.0225997979174519
0.0478279638090642 0.150233967337444 0.108566698604425 0.00676661906426785 0.160533837751633 0.157872495882135 0.147342160736589 0.0817414467835925 0.139114810030849
0.142133049089333 0.126923519546714 0.116764236119948 0.12787437403998 0.129372155945859 0.0541130276651297 0.0968644730305514 0.0783427160843476 0.127612448478138
0.158639329483073 0.0200508201190822 0.174298359127105 0.109362734727873 0.129985638898132 0.20681890448655 0.0577884619726044 0.061114260019513 0.0819414911660675
0.0902415140410335 0.0772141843191393 0.100880612504319 0.155015521404863 0.143331578620238 0.128277706930917 0.14400954564167 0.0686237778637026 0.0924055586741181
0.179614476167343 0.169870370550243 0.111619409022142 0.0697485568927234 0.0297000909935029 0.047889912986627 0.10759150598909 0.100025489438398 0.183940187959931
0.0835112684896004 0.0759181682637829 0.174955155147692 0.11615874452626 0.0274745757842227 0.133827561082294 0.088305233790972 0.110234611586435 0.189614681328741
