0.00632208879132948 0.218198019474555 0.184190041593044 0.0978002078041172 0.178935917645685 0.28607396800648 0.0284797566847879
0.240947055746195 0.0351511238683228 0.0963769814639113 0.0958717047188726 0.324933024496867 0.066045626666517 0.140674483039314
0.00988480449868702 0.196829422996232 0.141506215699276 0.143967465154011 0.164369032968771 0.206937855235343 0.13650520344768
0.158976245058793 0.125470761231338 0.260826184760008 0.0780219660206351 0.259159180189292 0.04574832996777 0.0717973327721646
0.287226556619995 0.0105697429023312 0.0164406091851564 0.0703985258039125 0.203410049396672 0.122651429542867 0.289303086549066
0.0287409728229302 0.259364549047175 0.273917534529277 0.212634401376336 0.0341571394732078 0.0251474565307618 0.166037946220313
0.0638308537228238 0.131167791419255 0.104756058858962 0.136288066365407 0.189487698636496 0.297015721599307 0.0774538093977486
0.201011810226533 0.0519673413350182 0.094622657160215 0.11921054612647 0.269457877293328 0.0896722597503179 0.174057508108118
0.0955447459653392 0.0373110054940543 0.117756514560226 0.200860519153863 0.205223106428102 0.113535837435037 0.22976827096338
0.183541075739929 0.194921978104281 0.142662269679444 0.132572803028082 0.113981158989109 0.216626203686936 0.0156945107722192
0.333135326949966 0.00849110614807588 0.252074069395264 0.0392989357439479 0.241633917832569 0.0706799805696857 0.0546866633604915
0.236408547382824 0.0195719495570025 0.142803079114693 0.10736480735024 0.235172193031192 0.145671995403011 0.113007428161038
0.0759314424752705 0.240086585636643 0.260342729474737 0.146291672790477 0.138674860041616 0.112043705024494 0.0266290045567623
0.119957086211337 0.0922413990148325 0.278117618893247 0.0289991830473312 0.26949103491306 0.0308572090163795 0.180336468903814
0.178242788335797 0.0463856640771203 0.225296375109265 0.0786031753008221 0.211408974190392 0.0357524229078578 0.224310600078746
0.206946773836947 0.0327017661119207 0.218024248391082 0.0997036879154588 0.239539976548162 0.0229600105624563 0.180123536633973
0.11194430949194 0.151536814463115 0.086301393256443 0.0473607516734906 0.247592666625616 0.242069071137023 0.113194993352373
0.317854820876473 0.079373028853934 0.0259395593763789 0.20144229732967 0.292704176139326 0.0642256279740145 0.0184604894502037
0.0696897765511866 0.23922795671525 0.191487404794766 0.0839943500183213 0.179552914042499 0.0829039161629007 0.153143681715076
0.163063781209209 0.141198079939149 0.193940075659579 0.0665018599179367 0.153843798827798 0.159188340842992 0.122264063603337
0.146250104792269 0.177825653539143 0.202354598376183 0.152998127893136 0.0755311202972964 0.0957823424600591 0.149258052641914
0.148809941097472 0.148670045126861 0.0478320927776098 0.0100561240755562 0.19912926200852 0.226532835511031 0.21896969940295
0.12395580603257 0.15291337754259 0.206944737599144 0.103907413745105 0.0522546481835058 0.200338027451321 0.159685989445765
0.0498342002099377 0.237748549043867 0.200729551833733 0.178625083237232 0.15775655240448 0.029738388989739 0.145567674281012
0.240383604163417 0.0121244137391558 0.200143730120381 0.0383137313297061 0.118457778944977 0.129797592684697 0.260779149017667
0.193737227184191 0.154633020127844 0.0713423529762917 0.172315449510347 0.0182580666241159 0.20616450765493 0.18354937592228
0.286439435827166 0.304093324784637 0.131674105967578 0.0218602925726482 0.00191125565862773 0.0887857548088807 0.165235830380462
0.255633580122326 0.151394901532746 0.171219960383439 0.2246371944964 0.0684972354753297 0.0612389863084748 0.0673781416812841
0.12796014264418 0.182751568345457 0.22615701617584 0.18711410179458 0.0230577414773536 0.127898092127758 0.12506133743483
0.116252901492944 0.0856906124287833 0.193621107706278 0.160038350375795 0.178570601560535 0.0282562232669557 0.237570203168708
0.198088944749363 0.208684418368971 0.00475219664031284 0.216140428709441 0.0905053114101229 0.278534984282413 0.00329371583937649
0.13602452053202 0.0132708762149874 0.290049600408933 0.184704449661485 0.224425879039619 0.0233570882539259 0.128167585889029
0.0864515596906404 0.188839462883176 0.122062038401636 0.255086649733256 0.110829056183031 0.202387989443346 0.0343432436649143
0.242581503056045 0.0930659502979995 0.16451129091249 0.212279175806406 0.0739295755081446 0.115681763304974 0.0979507411139422
0.121857974426412 0.118612453756484 0.221134858149171 0.119294286258933 0.106002005666262 0.209053771266669 0.104044650476069
0.0518283334977608 0.327936827843884 0.0337179333990378 0.00116763498265304 0.0557839284409324 0.332473173238945 0.197092168596787
0.0560451505885345 0.259417117398061 0.0535300555792931 0.144880648596241 0.173632510255313 0.269428743682467 0.0430657739000907
0.0634543392554812 0.349604442600219 0.000525857798718877 0.342791788166616 0.0970412986137216 0.100570016106245 0.046012257458998
0.0853165106160749 0.27292931372192 0.0484390958987229 0.213313823056072 0.0158288046721879 0.158328018068261 0.205844433966762
0.098173770736171 0.148218445833632 0.0872369412651567 0.199129741731174 0.185020700039391 0.180601890575556 0.10161850981892
0.101698397501827 0.069451814832973 0.33287721291015 0.163019654871471 0.0157380453457507 0.0473102089053607 0.269904665632468
0.129858682803185 0.145155546668533 0.193933379677051 0.0500017465313216 0.230272760331083 0.0244279888325296 0.226349895156297
0.156086498974027 0.106156041232646 0.219062642226214 0.09051325729342 0.23022188072875 0.0508844913902493 0.147075188154694
0.129362258972409 0.222646901872599 0.233941181276575 0.138050342717214 0.249450193148977 0.000737536546351143 0.0258115854658752
0.0700507305987188 0.159011449619839 0.178728513350267 0.174298936696699 0.166207383060287 0.193594643745827 0.0581083429283627
0.0183246133072194 0.13898732179823 0.0808030863588425 0.182663496403868 0.251312155797444 0.151678042829878 0.176231283504518
0.116427424525187 0.114191075017049 0.0558574167422586 0.290341161162415 0.144234337678292 0.0853164962716336 0.193632088603166
0.264339455385586 0.0391941433510953 0.205970475083705 0.0650485398116515 0.270414483290639 0.125849912848769 0.029182990228555
0.267727854412523 0.248242734266131 0.21740819567197 0.0855603409344611 0.0178019098620819 0.153770552928145 0.00948841192468824
0.221503694620267 0.0389321293261129 0.0468903753972049 0.143906989865551 0.192450208895707 0.13953448357634 0.216782118318818
0.333379368687588 0.221542660360807 0.0685290744334368 0.152092948245744 0.169185616062728 0.0386101427211611 0.016660189488535
0.0564862756130093 0.18506270156983 0.164070192467791 0.0304822573581007 0.0900786154462859 0.147286534411062 0.326533423133921
0.191153754625217 0.165525114389241 0.130931895151323 0.00773740257708547 0.32468747392428 0.0476460456731469 0.132318313659708
0.141975201528573 0.140664121848992 0.0983264357527135 0.222318289669556 0.238855641211225 0.0274955958178879 0.130364714171051
0.0769035576574494 0.0708746495668829 0.106214460056274 0.000712846192825967 0.379541417558903 0.202341908760779 0.163411160206886
0.0466060192379866 0.286918567214453 0.204069787613761 0.0386365206604636 0.164244142913073 0.209103818665266 0.0504211436949965
0.167554446132633 0.171065440164642 0.163041913850507 0.172080347946366 0.0878145114682322 0.0994217789718782 0.139021561465742
0.0926132187553276 0.191233140894711 0.152033426290058 0.166346105974405 0.153530178178362 0.0660165600729046 0.178227369834231
0.152668014230741 0.0389138298277098 0.136301077213863 0.182520349943334 0.151107690041028 0.205830564894046 0.132658473849278
0.304254163676774 0.138911913319176 0.22767404748081 0.0409293366163284 0.0108541914743452 0.0125773538943712 0.264798993538195
0.0705983265272521 0.240899351629876 0.326258853669403 0.0334649640877165 0.273463036019527 0.00917313026280234 0.0461423378034228
0.232533386185537 0.204533565461641 0.00655294864795843 0.232671557858346 0.0721035126393419 0.111941811558814 0.139663217648361
0.0391548824772927 0.0284121805623675 0.356928844121092 0.251204373170765 0.116586180925004 0.191205598732025 0.0165079400114528
0.210641484568231 0.221131888333395 0.0675504440818608 0.0504634520591802 0.0941394057792185 0.178473178990642 0.177600146187473
0.108671983110109 0.114680955342589 0.232693468002317 0.109885414081515 0.0688047941989571 0.132332130683403 0.23293125458111
0.222251354597417 0.192776837285324 0.207701309950231 0.127444778203496 0.0777266929948252 0.0779872691856442 0.0941117577830627
0.162961221473305 0.110248986661502 0.118235184866792 0.20959517049566 0.184573333359069 0.0183532218276671 0.196032881316005
0.000799846769971487 0.154346842249533 0.168874395588883 0.247181858188543 0.0447840734917199 0.180047735170064 0.203965248541286
0.195137751958473 0.208317180697385 0.156395185267903 0.123210403430187 0.103315695126381 0.132167085612007 0.0814566979076645
0.0931335290626369 0.07753332469169 0.222430454158723 0.157573724736496 0.165379530329181 0.0838332656563664 0.200116171364907
0.225696452956733 0.234620788722657 0.167962285233581 0.0429622793883461 0.0616260462988672 0.174780845821619 0.0923513015781961
0.194154087020216 0.231096681505493 0.107017471577307 0.176777466035386 0.272546375799919 0.00934919117458103 0.00905872688709836
0.260012765682968 0.118848772617874 0.251725290697474 0.0146880035559087 0.120067137715799 0.0970225010420897 0.137635528687886
0.219546754731434 0.132826252868943 0.0616017740218601 0.217328978221261 0.0254074439258403 0.102606868567214 0.240681927663448
0.0701898290736871 0.2562955343472 0.227062311835756 0.0697322217525333 0.0293690766144122 0.25842256626274 0.0889284601136719
0.0910015939053763 0.148698636812524 0.199879941413308 0.164355175406481 0.163159562555709 0.164983419146891 0.0679216707597104
0.0232672940245624 0.130437511813246 0.114240047201146 0.029924540423773 0.205725898280749 0.248954293560237 0.247450414696286
0.0538896463473585 0.234311908017859 0.0710035870014525 0.0749923176230519 0.164169626850939 0.0705460171654503 0.331086896993889
0.2239322930669 0.0504381994219966 0.054283226263691 0.352378270738785 0.0374957378919007 0.0370563086582046 0.244415963958522
0.201629678791003 0.256899249201973 0.0558217040489856 0.00595817432440431 0.224604897541758 0.0422611431955001 0.212825152896376
0.114735238579332 0.100301850731949 0.172270716304193 0.18584386121013 0.220559641109245 0.0406155052509023 0.165673186814248
0.0606911496647728 0.147609531590176 0.132950139571154 0.201359124523124 0.134013694515863 0.13799609065154 0.185380269483371
0.169748532304226 0.107032031747364 0.177976807629557 0.0540611536704683 4.79027868956585e-06 0.233172666027299 0.258004018342398
0.317075666603399 0.181146598399452 0.0640097255600616 0.246687554037929 0.0142017141023215 0.0671251676787276 0.109753573618109
0.308298883356467 0.0672850745881999 0.176739597296308 0.100625594808843 0.188743792501173 0.0684606881187242 0.0898463693302848
0.199835919801153 0.212297641373413 0.0694832172444683 0.224665135381336 0.0051422079810871 0.164002565687158 0.124573312531386
0.0208765166037418 0.212657892766353 0.207270907648551 0.196300985133158 0.151591920529898 0.160837861989705 0.0504639153285938
0.0485806916395174 0.241558604297554 0.260851887738965 0.0361867342688466 0.249089630736167 0.0491611506004753 0.114571300718474
0.00595613000652804 0.0320759505244555 0.193924381057317 0.253094216444447 0.212079408998022 0.0337960588736126 0.269073854095618
0.181906946958848 0.0419147000598119 0.0123078076094969 0.107064981568733 0.278976834548161 0.0877777516029683 0.29005097765198
0.207525983766427 0.195686318090729 0.118534155191703 0.22381264013824 0.0277504066486893 0.101852002172504 0.124838493991707
0.19722218185769 0.214379905948054 0.228232887096853 0.219342833896629 0.124335452523654 0.00397750223351414 0.0125092364436048
0.141343506483829 0.268155058826419 0.0357048479467984 0.085718090332483 0.08163604440457 0.09494922615451 0.292493225851391
0.186987945161848 0.138183102041912 0.0995165820330829 0.139537915897361 0.0716232425413352 0.158900617472685 0.205250594851777
0.173178063308388 0.109166525156463 0.207876602962324 0.23292945715469 0.196456265520184 0.031860599166096 0.0485324867318547
0.227402965203949 0.0295159801710027 0.213710065953893 0.0485907967597054 0.0554561683636099 0.192588436137144 0.232735587410696
0.218113511515159 0.0648576490689846 0.0581501208897627 0.231068160917413 0.166652308588789 0.074140281074013 0.187017967945878
0.279882310906188 0.0346334455589973 0.187329155188349 0.0205544340216759 0.136538237030737 0.111674463281737 0.229387954012316
0.00758674131388174 0.211772440320257 0.151891771268629 0.0889349487698923 0.171871504596662 0.222888761087536 0.145053832643142
0.208899278952316 0.20208371504638 0.111164788735409 0.225653883988306 0.054141062029706 0.0965438784628399 0.101513392785043
0.0865636795681906 0.30772028226993 0.0273488414100691 0.12703633666631 0.246683501224872 0.0113432912776935 0.193304067582935
0.097220279995109 0.174481700142728 0.207457790912386 0.120478593782266 0.232051732854671 0.0278154194551288 0.140494482857712
0.363342841848273 0.0164321206674807 0.13394861137263 0.0219306540800782 0.178541503474807 0.205693068260225 0.0801112002965068
0.094145536112633 0.149091411618887 0.234064631078241 0.160409515512757 0.154607804107949 0.169984962713252 0.0376961388562806
0.0677822461479049 0.0736154218275958 0.0600660088100157 0.251002703994749 0.0314388366704886 0.136170912845105 0.379923869704141
0.130925736138159 0.170967748312839 0.078890371353621 0.016213409534755 0.304511908112205 0.082517106867007 0.215973719681415
0.00985959354980894 0.261954134220118 0.416550779050798 0.133070065687426 0.0219090095750606 0.129803441399732 0.0268529765170563
0.0828827966930059 0.150586819740563 0.0897226884578736 0.201691967668506 0.232087693408132 0.120589795373823 0.122438238658096
0.0300118233413625 0.0156844688048646 0.125069068733684 0.3706708698655 0.163259739601093 0.250848894577148 0.0444551350763477
0.0631811792755901 0.0943902675344024 0.131664416396094 0.205834625004261 0.215808511292334 0.0756510558552575 0.21346994464206
0.112224791846502 0.229053403525672 0.290284106990046 0.0128550879652429 0.0273809627115271 0.211359956147059 0.116841690813951
0.160155796602328 0.111472151960299 0.0512585069435398 0.151076391491809 0.38070225112632 0.120358133813887 0.0249767680618165
0.0370826291662256 0.154984509318942 0.378634939523833 0.142414574607228 0.233916936632652 0.0246666255108471 0.0282997852402716
0.0767303977267076 0.0318039620943415 0.16454498941169 0.176558568090328 0.184609300604015 0.157443794610856 0.208308987462062
0.093040601467839 0.0644169421362584 0.0439854609482963 0.202818111103008 0.326391891376489 0.0496390135811627 0.219707979386947
0.161268272659568 0.120969520225176 0.0885952482172036 0.138556654053748 0.102006389855267 0.210817215489225 0.177786699499813
0.124484924516226 0.132702880792594 0.189826183441534 0.154694071924042 0.0705336181573332 0.185167356971767 0.142590964196505
0.00978779511028189 0.318472945247527 0.050913963686851 0.0731980381988124 0.0930032925356587 0.136156728131405 0.318467237089465
0.232960154162652 0.116277949058535 0.0395965118636924 0.172096899873681 0.192664721526345 0.202524106070588 0.0438796574445062
0.212898356497072 0.0511395711966071 0.0986798497068502 0.0969385824246922 0.14719754433509 0.190132648493933 0.203013447345755
0.188231179981955 0.105658552873088 0.237447199329186 0.101130890916323 0.109089505968377 0.105970205705643 0.152472465225426
0.138020572380678 0.0569830026737284 0.202517640873883 0.117705302106577 0.252538636113703 0.167517456170553 0.0647173896808773
0.108557422253766 0.17187262768184 0.134353838836556 0.179934829402558 0.15265048239679 0.165377270851708 0.0872535285767815
0.11212102694394 0.101578068874657 0.183713792232805 0.205933460177317 0.0524272037478572 0.0719637038179945 0.27226274420543
0.222748847392863 0.161260484564337 0.209996053435708 0.046337546042977 0.233196064076769 0.00569674624760007 0.120764258239745
0.170280106642981 0.161995513397041 0.199185040436345 0.191457046820053 0.135075189902744 0.128157658536932 0.0138494442639034
0.242635573169614 0.0586397887568286 0.180847230765802 0.192597108418352 0.0460179958207807 0.18606071985761 0.0932015832110128
0.0215839424407932 0.0483371031013413 0.268580252376659 0.0589789086604387 0.239590567520202 0.0901300525508851 0.27279917334968
0.0266010777379168 0.117085463594453 0.257898167579327 0.199161128938134 0.110260012778259 0.173838294544727 0.115155854827183
0.0752790922086004 0.0926459185925989 0.206605735347496 0.137116502572241 0.0928470202860026 0.132398102479554 0.263107628513508
0.0646000404307865 0.277117541589664 0.14640946850948 0.286800001683238 0.0204373789579235 0.164760399114968 0.0398751697139398
0.235681805541891 0.349086170065095 0.0698698079517108 0.0692635234850857 0.0619755664906243 0.209219513666147 0.00490361279944618
0.0512920514080249 0.0608725266921199 0.325580334553832 0.0999146613513517 0.0831273264765562 0.313361809916496 0.0658512896016192
0.133244883641229 0.17523414807923 0.26367696142203 0.135682791334074 0.0336662914993338 0.0435677219481719 0.214927202075931
0.256726587234535 0.0945086343751946 0.248550353881444 0.200117695096277 0.0493644433232038 0.149846739719474 0.000885546369872092
0.179918177419554 0.124419900094258 0.0666796831928181 0.228412184761541 0.117294896110335 0.15086650670853 0.132408651712964
0.0349891703715314 0.00238691593364486 0.0829338415085002 0.162111679813169 0.161230363920854 0.437391801121335 0.118956227330966
0.0756794298723971 0.198039647918671 0.169278113850507 0.0151495115489283 0.231258645111188 0.272834420486835 0.0377602312114732
0.205659896717068 0.138004997711961 0.218247509830553 0.161145374630785 0.108214374826609 0.141210223124504 0.027517623158519
0.195677060327929 0.209574039359267 0.00438141530619501 0.257025044445353 0.0682776874420857 0.0221662043628235 0.242898548756346
0.24939123340137 0.0412985420481117 0.219471569403658 0.0755724657938386 0.279450290589381 0.0779474326051533 0.0568684661584875
0.0529850905301694 0.166327313558869 0.249147576628296 0.130648707870502 0.151372064856435 0.0285247478738278 0.2209944986819
0.201846476401513 0.0509319717835326 0.0394868171898827 0.121030983277895 0.335097900481621 0.123766452284548 0.127839398581008
0.212600964219776 0.0919115266423933 0.189293434350023 0.168591038002818 0.0849971759062091 0.189788734450475 0.0628171264283058
0.241313047606522 0.178487393950921 0.0160228914985607 0.219088486850005 0.233603660827194 0.0753337106181575 0.0361508086486403
0.138023299767534 0.242800540919163 0.208720483852571 0.0991095764988794 0.121242428330571 0.0331892006687632 0.156914469962518
0.214041929121436 0.00160967147400332 0.0322038193901026 0.127185751706712 0.13140616263225 0.24434631841884 0.249206347256656
0.0343162232349921 0.122470621998908 0.0499367383821848 0.285961855843761 0.167040292932068 0.309790414699833 0.0304838529082528
0.200618867142105 0.122446900936281 0.160335830612443 0.167842837955405 0.0355597474115951 0.177737514042414 0.135458301899756
0.161920871616724 0.273108994014238 0.193884419627317 0.0109760321761279 0.0126496767318788 0.124164103638652 0.223295902195064
0.198884416973588 0.234331758494846 0.255621135985949 0.116237279532577 0.0763051742779284 0.0627975276198291 0.0558227071152814
0.0236025119130887 0.163932560761852 0.205753103193561 0.129670847891508 0.184659893622452 0.164211932523112 0.128169150094425
0.212495384019727 0.118029312077205 0.236145604761644 0.144590232397787 0.0976428410363943 0.0570515078400083 0.134045117867234
0.108313083193297 0.144591174737412 0.0245512341761679 0.0287211503485929 0.210423777336484 0.277248498142654 0.206151082065392
0.146682912041182 0.0249167804213761 0.223133287499051 0.208544694221671 0.0898939835779892 0.216365585500314 0.0904627567384159
0.13980802917495 0.0290770167002539 0.249578780758333 0.00179656796191952 0.0782588900972196 0.24378988328599 0.257690832021334
0.0279100439996039 0.0928122716871368 0.234684415946516 0.262372227726847 0.212344761465582 0.132631254898875 0.0372450242754392
0.238072416819758 0.100438704347746 0.0958905719532656 0.278917996769697 0.133518485107371 0.0310666800058359 0.122095144996327
0.14956465860206 0.15583300278492 0.166248970267599 0.156667035808611 0.212392891761052 0.0811793066635203 0.0781141341122382
0.20861718853871 0.0969288335779791 0.191194077747488 0.172611575930163 0.061211498124053 0.154963334016634 0.114473492064973
0.0890786968038077 0.0742451137202842 0.234958801813837 0.217743527904988 0.0537580747084137 0.186869239953118 0.143346545095551
0.144321318493056 0.0562678650221943 0.14912930547661 0.011051493941979 0.183310801413363 0.177595099348327 0.278324116304472
0.0511192171170983 0.170050751062008 0.05765853167732 0.169705371066048 0.246053394903099 0.0131516921629521 0.292261042011475
0.295224550228703 0.0043183821749296 0.0308570467648576 0.17661224377679 0.0870153916146108 0.184502766628295 0.221469618811815
0.156516268287593 0.0720546549785121 0.0461519026030197 0.187756395136064 0.248083166424741 0.111217622678031 0.17821998989204
0.102690454382895 0.0536685525140668 0.141170244000918 0.169260725437967 0.129185270930802 0.213715099770923 0.190309652962428
0.325374624322439 0.0942555481708175 0.154093367652026 0.00788603260683091 0.120894110505144 0.0245724398023003 0.272923876940442
0.107301979682614 0.152437835167416 0.0397567111366877 0.140519276398682 0.111349798178362 0.210590825993949 0.23804357344229
0.0680903485271257 0.216742829652433 0.00513641002607158 0.159374211197603 0.18187039416917 0.211177472893119 0.157608333534478
0.179113396600276 0.230995138905116 0.0620308696192487 0.14965772500333 0.0650541621697975 0.238078986569177 0.0750697211330547
0.0703459797703918 0.0587518552562512 0.0883220053216588 0.151160090771844 0.206715434140654 0.134968219439596 0.289736415299604
0.268092069515433 0.0148006583009533 0.163727748598146 0.100466838365736 0.138494192701858 0.107966659219728 0.206451833298147
0.187936919618055 0.0732007000669408 0.171789152736848 0.145684232866373 0.174743968060837 0.0898117699937349 0.156833256657212
0.272203422343835 0.00624987491589034 0.35478325418179 0.0579801941001723 0.00199631847360289 0.105007061014897 0.201779874969812
0.134475526326568 0.0593684285864801 0.254137014388162 0.178379939856518 0.199445195155927 0.120893956235538 0.0532999394508057
0.15803606458184 0.149032742742913 0.0602279007069213 0.177939039764177 0.147583044731801 0.12706583025501 0.180115377217339
0.155124168248959 0.025990033529295 0.159936177717661 0.175656609117132 0.116858010178337 0.179946500895589 0.186488500313027
0.399229088920362 0.140213383853199 0.172748809439286 0.1954767671322 0.0128476390074294 0.057542732447765 0.0219415791997585
0.167987081815346 0.0117900784790672 0.189921575807819 0.192255379955529 0.20162422254471 0.173877635254254 0.0625440261432741
0.00939795997164896 0.0271436017986515 0.237817396888047 0.160483798994871 0.246330155914612 0.246671491388926 0.0721555950432439
0.152340045313236 0.0768458967081594 0.108559867976327 0.117937655488668 0.144285462935566 0.172425665871085 0.227605405706959
0.130459568050568 0.264495421381902 0.15504790215448 0.0596162930164629 0.245173108369099 0.09847968979843 0.0467280172290577
0.134373190525362 0.0514320056247592 0.0885376002807967 0.0824196903581992 0.0143233396119718 0.284997119755921 0.34391705384299
0.146668065679585 0.239968296712492 0.221549818325618 0.121114900720802 0.0599594439828027 0.137451589038919 0.0732878855397821
0.332102924095718 0.0677176204859214 0.153095284205494 0.0342935034630528 0.166761964763833 0.159417166605028 0.0866115363809527
0.0214460884298473 0.205573960966446 0.195882736446435 0.0841382202042536 0.138578796202388 0.172456465721165 0.181923732029466
0.11572005949964 0.222945981462286 0.197850708438452 0.227162556299131 0.0435942318481611 0.0467385506045141 0.145987911847815
0.0857080067460675 0.0699431497911399 0.141090493247631 0.0371946317212873 0.233501885293006 0.214917327932448 0.217644505268419
0.0526060209264464 0.197258986377533 0.103718296569852 0.175105701646024 0.198756112364696 0.182112658826106 0.090442223289341
0.108501200851183 0.393493308494057 0.139502408546818 0.07824391320588 0.0835371980233455 0.00785294257808002 0.188869028300637
0.211173840345086 0.185115181770595 0.02699122714515 0.0943692487324201 0.0222883755914611 0.203004073231055 0.257058053184233
0.21950173742698 0.138663105729485 0.0402349172553849 0.182932672205319 0.209125509587395 0.0886164101745571 0.12092564762088
0.265774495759551 0.186318207994963 0.0849469969706397 0.0848850070812903 0.16050293594318 0.0772553444975043 0.140317011752872
0.138856815734593 0.115940443286214 0.216716847843044 0.0587189707429658 0.216489416800111 0.0911151618942278 0.162162343698843
0.026624601729044 0.262180501801692 0.192224154979215 0.0306578518336718 0.143165973409188 0.0551466247618657 0.290000291485324
0.125801377274161 0.0743518422292987 0.0900492292383665 0.215644942577188 0.216959790453507 0.170909321571399 0.106283496656081
0.184122582822997 0.117477834644445 0.0567941941989832 0.0588338165120962 0.255797198787238 0.140531969373764 0.186442403660477
0.0187293505319523 0.197297068696335 0.231193842278133 0.170037871218329 0.0835441261609809 0.11238008548807 0.186817655626201
0.00401104768004418 0.0975891927326748 0.166936963495221 0.086510357633996 0.232260746487137 0.20690919709526 0.205782494875667
0.20407265616953 0.19965269506537 0.104969810287668 0.117142167321639 0.11555009957389 0.213654570332502 0.044958001249401
