0.170383511854399 0.131064056627394 0.167099174108462 0.151413542461915 0.0357092044873893 0.0967412952152127 0.15141924364652 0.0951526445845494 0.00101732701415894
0.16988209168274 0.105582787607368 0.00900400434786015 0.123852863495384 0.0186437636987232 0.141352790642871 0.257461449847909 0.0527690303105542 0.12145121836659
0.0918788406157755 0.121821300824146 0.158805072738695 0.118488082244618 0.0933966118189795 0.175045206649811 0.0794009602968949 0.137157984493657 0.0240059403174226
0.000417949915131071 0.163179122223127 0.00867215198320902 0.270510562606181 0.129537766928538 0.0211511104663045 0.142397257396913 0.201613617645199 0.0625204608353967
0.152510498828562 0.102461119790077 0.0531368808106891 0.150448182746501 0.123429386883538 0.0830298276814191 0.133776171133181 0.194150818348581 0.00705711377745183
0.124849496632349 0.0487278264044849 0.157320609131862 0.0648241552554479 0.00170354000101909 0.148394135352304 0.122325091928293 0.180909588733261 0.150945556560979
0.152616941104912 0.0969386172547482 0.0833953688891346 0.0857260007785236 0.11617277231924 0.15682546969894 0.152991239832162 0.13518702110009 0.0201465690222489
0.152916313247961 0.204350680073971 0.174480315407615 0.0260669194001986 0.00965062401820912 0.073509818769957 0.121030731164588 0.196822392955245 0.0411722049622554
0.0367972454463677 0.0775107611286821 0.0771756505374972 0.0455863085737932 0.195704810195755 0.203096894869501 0.010606497083523 0.189552547291914 0.163969284872967
0.111186260395022 0.00959000615055452 0.223248240816627 0.114075937912964 0.0440085221453681 0.0393763873804022 0.0999509044474985 0.227876509518503 0.13068723123306
0.0668355791701804 0.0327387921140091 0.229455013616096 0.148467560677498 0.126618770313112 0.150954164549216 0.0795026579640532 0.0207146459565977 0.144712815639237
0.103563223314873 0.113640335089804 0.0803866932745445 0.0566593575414062 0.20620867024824 0.115998341610576 0.186560534761723 0.0672284792966694 0.0697543648621635
0.104226646418105 0.206928066980703 0.193468443780147 0.0533714202463768 0.0142683723692049 0.00181336628287682 0.137157756825515 0.108954578179061 0.179811348918011
0.147340555292115 0.16646135271086 0.139967511975363 0.0449202650246614 0.0252767354534844 0.0299980035901718 0.174009807589723 0.17481741669934 0.0972083516642812
0.0505889811223562 0.157343716673256 0.176923289005823 0.128334093737061 0.168145772113063 0.0924395087216212 0.0506024631541139 0.0215392748919454 0.15408290058076
0.165604433405666 0.138078394919684 0.125870820358116 0.1216034171195 0.0427933886498615 0.134777241839445 0.0684217115332111 0.15450570199162 0.0483448901828971
0.159049627695431 0.00528037549889432 0.108853496069679 0.164273196249508 0.0611134531630279 0.080861260407649 0.185906808937477 0.0942002287430993 0.140461553235235
0.0664395845935734 0.154659571539277 0.132634524631275 0.124264053670129 0.0219386143184053 0.0366680064596195 0.141601113666418 0.171068499912446 0.150726031208856
0.0833227044322217 0.160809279269371 0.143559021614421 0.127297706480846 0.0542038274695323 0.162520220015745 0.16664369411966 0.0569190951913908 0.0447244514068126
0.0511109141340574 0.213444293122975 0.0442686493981795 0.114714937058668 0.152555169591214 0.0205810514841684 0.179243724352673 0.0696666086727549 0.154414652185309
0.101376485942397 0.137034456203224 0.0293581457032553 0.0673184856313204 0.0881180178414981 0.119731077307341 0.150961659914943 0.130720669722313 0.175381001733707
0.0178761319821217 0.163267388607573 0.160006950430523 0.216342493575601 0.0572242275685859 0.00502633148857989 0.145113201899774 0.134050336437394 0.101092938009848
0.0659826854737504 0.150617424414787 0.174494384689192 0.0446239603731916 0.220392659844477 0.198676603615026 0.0288448513840801 0.080849768096584 0.0355176621089123
0.0202955186268986 0.170530947276001 0.0157587986894831 0.0922954127528238 0.0539926084570164 0.0975724661809868 0.0960008006522014 0.250822651616891 0.202730795747698
0.198406188016509 0.229051323318231 0.0615795774184126 0.0349991249570586 0.157397512190335 0.010468684525509 0.161896951203568 0.0079301202075528 0.138270518162824
0.160786256010106 0.113326595077429 0.15647710533998 0.0844284011384998 0.115524036702441 0.0331111010951546 0.135020031279996 0.0989843360318183 0.102342137324576
0.0780840735254572 0.0350264552733078 0.0861796021754251 0.195088382917775 0.116759686616869 0.0954585161600708 0.201469484705898 0.0984076662869816 0.0935261323382161
0.0871210606030109 0.0998641916534603 0.071476053010325 0.128178767713551 0.149437606856035 0.171761282490862 0.0849427849350994 0.169171309712456 0.0380469430252012
0.134391872585538 0.137657365228166 0.111938645222553 0.103392695104327 0.084976806834941 0.112822664293323 0.137638685552883 0.109202984275243 0.0679782809030266
0.121230608676099 0.117627553370367 0.108444923722871 0.100288521017069 0.241467811645178 0.0938437770577528 0.00282206536533001 0.0591354234413509 0.155139315703983
0.10699735517152 0.164913603056789 0.189044297441417 0.0454919732052199 0.0872178494757201 0.163162534712574 0.124105783310258 0.0136120806532089 0.105454522973292
0.157904478612163 0.0243697242263981 0.0162328910005585 0.167285982124944 0.141113848868169 0.00594400659302045 0.207427255368987 0.134130257290618 0.145591555915141
0.0204177205896666 0.0827722896831792 0.0823157102781858 0.146122359664813 0.157825484511711 0.0503599523067998 0.122622507071982 0.140780216510736 0.196783759382926
0.111127095964874 0.104103733048912 0.0967893186101312 0.18352967255505 0.0627990292663565 0.162834090468732 0.0916849901868131 0.0151438150254714 0.17198825487366
0.142570230693698 0.205505984032273 0.0709163571636573 0.0400635791940782 0.155993718623689 0.077947184330937 0.136461933601852 0.0639640823001747 0.106576930059641
0.000455613953103169 0.0474465772758418 0.0436986535766506 0.234346985715378 0.157643624887956 0.156280141393712 0.136272239971064 0.135864045305459 0.0879921179208354
0.0728401886811686 0.0652506185154306 0.150752558074256 0.146568628522411 0.109694121802865 0.106628257796274 0.103031147001043 0.123008504852459 0.122225974754094
0.0865351107151324 0.162983042590937 0.191961696936744 0.166310350120675 0.0525052196131562 0.115752781439137 0.0995741622529938 0.0838103998674089 0.0405672364638155
0.096766043410663 0.127703380371965 0.133082694005055 0.0835884168493446 0.151038733321887 0.151479359942307 0.0716178026211541 0.109253779968411 0.0754697895092141
0.128788070282273 0.0994196028554892 0.151725547594051 0.143007918996808 0.169071614227077 0.0785454542740843 0.0350546670058929 0.0651598176589274 0.129227307105397
0.0508546177507759 0.290540658734944 0.0983241037542533 0.111090761051868 0.180446071092585 0.116076742710373 0.00725582313265485 0.14026352251121 0.00514769926133464
0.121656978487561 0.00598684508473975 0.045202450607481 0.213590277854972 0.122593774692815 0.124588179522077 0.061832518405889 0.163512146331681 0.141036829012785
0.246409808179127 0.102436345287294 0.00752025433592469 0.212753924999054 0.0301465640533391 0.198051674309996 0.00913478704923696 0.0521896096521417 0.141357032133886
0.199765095497877 0.0655121798751391 0.0115377603886394 0.0586967265685387 0.12975305688471 0.11925252937263 0.106236984969964 0.188338674850847 0.120906991591654
0.0817678610190192 0.194106581166364 0.228412556899439 0.0550958796010166 0.0167210831994512 0.114442842215397 0.0645028424202254 0.00468283751562107 0.240267515963467
0.0153207067286545 0.0532415990147396 0.000230237557438505 0.327139007789816 0.0305736775311005 0.0356099373095852 0.201938301622843 0.0323851259666093 0.303561406479213
0.0593250902494269 0.100885680725605 0.169850068051966 0.0537334860773436 0.184877238563757 0.1383450057474 0.187275928443929 0.0252205772592073 0.080486924881365
0.00440571214368214 0.17640376619376 0.16961534531954 0.177203700971911 0.0761219085380955 0.159662196673752 0.162593997895274 0.00307532780231076 0.0709180444616741
0.231219978788597 0.0348309755087524 0.138076403129957 0.000246914137319313 0.11501339249724 0.036608993819336 0.226599560776712 0.0959033804422955 0.121500400899791
0.22335221126921 0.0119431458885466 0.0167063715020695 0.13858952268417 0.297981178807291 0.0107784357707461 0.233953486781081 0.0196499010074295 0.0470457462894561
0.00223080729722011 0.0226614731535713 0.135189230062525 0.155662912538317 0.0137377114941752 0.228244838800008 0.105166110753156 0.21509058403831 0.122016331862717
0.132194590078947 0.0019776213860577 0.0651421889635686 0.0826437028229368 0.134619561733114 0.1906905866541 0.0956173299068874 0.223062664535037 0.0740517539193511
0.174564492696178 0.0541483985821642 0.15280378605576 0.0149289871136641 0.0130685766925819 0.13106113990985 0.214674657599212 0.0858294728754712 0.158920488475118
0.190826179030846 0.137744432933884 0.0740368996622238 0.00505269582654141 0.00819673316141086 0.118749240890841 0.0698250606013839 0.149340686665528 0.246228071227341
0.104704718518907 0.00469616164878986 0.155906011169866 0.0698008963568288 0.163047603233731 0.259623459341296 0.133734690675086 0.0185162249290881 0.0899702341264071
0.175844829110514 0.152221019901713 0.112255328363819 0.0940930708799493 0.136928899613151 0.0366722268196728 0.254762267825414 0.00123452432424242 0.0359878331615242
0.0629671841216681 0.0321557951262743 0.115786691668189 0.00941666358251914 0.0703393073174304 0.185177388984503 0.165286703479349 0.1589496230649 0.199920642655168
0.0232261547871086 0.226186347346474 0.0333926102416201 0.182128522068319 0.0828182595974916 0.0278071896399388 0.0722605364381298 0.218844426345609 0.133335953535309
0.0892874525966858 0.143880608123101 0.137555686542314 0.1329165530435 0.0762854911208501 0.051525518680079 0.0883246132107567 0.154538332248987 0.125685744433726
0.0382574772324941 0.14602479603933 0.13540711101775 0.0889263009341009 0.114092147494683 0.17295022199898 0.136700185953201 0.0767277473678919 0.0909140119615683
0.0494483694626784 0.118932794262762 0.118810770061194 0.257751564788831 0.0370565533767628 0.0329842511423634 0.238085757670379 0.107892031192463 0.0390379080425659
0.138000704326503 0.0303031247684767 0.20552777054748 0.155496868344132 0.00791623593188702 0.0649696243565659 0.215673997157352 0.175029603402135 0.00708207116546841
0.0812929396325323 0.130259514556786 0.179318988080988 0.0196536816672594 0.0790366983936217 0.0778291893715501 0.130892129731494 0.190203001921352 0.111513856644418
0.12788101558089 0.0717821243564165 0.0778899151002179 0.138648165308982 0.172603656872058 0.196415026977967 0.0397601544681421 0.00734438956968253 0.167675551765644
0.0608717142640289 0.0198577950983475 0.024117739900178 0.00636547193635778 0.139516182632136 0.19243934977292 0.245684795796759 0.215468748144249 0.095678202455023
0.0368634770026245 0.0239957920523942 0.0581893227012398 0.224074521160914 0.214562081637487 0.0478998292147704 0.322287684058511 0.0355454927819124 0.0365817993901464
0.0889647373831307 0.14536327070026 0.140424985484266 0.185174328962933 0.15656743186183 0.0789654498431761 0.000584090556976331 0.0574947161542795 0.146460989053149
0.0768797975167404 0.029705609489614 0.153273090556339 0.124589078700238 0.115441859569039 0.0959632817000663 0.167906848252028 0.153357087133269 0.0828833470826662
0.158072711551099 0.0358370768663268 0.134284631499877 0.0340214743043099 0.231885041977226 0.0275590689875128 0.0765480570769329 0.0908678553426467 0.210924082394069
0.187623886368575 0.0595935423308638 0.0470236938771189 0.104870119170714 0.0710897140950285 0.150308007848304 0.212863919836078 0.0508377680817131 0.115789348391604
0.17884380560392 0.0608584041528606 0.157160331861825 0.00179675705464914 0.0186975165771834 0.177262168183989 0.0648855513319271 0.194587354619895 0.14590811061375
0.162300579557906 0.0858755058418725 0.20950772993668 0.0386601737300095 0.100800238718209 0.011650315746018 0.13586219685187 0.116935812220937 0.138407447396497
0.150130505057279 0.0343338104979219 0.200376520113553 0.0959055890618624 0.0263890947209799 0.120761485160367 0.150860750096377 0.0166502388185369 0.204592006473123
0.0806650998129085 0.0123257715764119 0.191948110146148 0.143152825153015 0.0316970841035596 0.207072798357529 0.00554914339088063 0.159423160095764 0.168166007363783
0.0991983727891735 0.214805564249799 0.00971919802009058 0.136606420569395 0.0411902660428168 0.137837991192768 0.0923121353971681 0.142257262142447 0.126072789596341
0.154161166730061 0.0961939430663756 0.14501081817007 0.0062468511219665 0.0255683403790495 0.165485173577019 0.0846804925606917 0.174120140235079 0.148533074159688
0.120620362432288 0.0316850087515222 0.124642636253549 0.0532857441518058 0.103461044466197 0.198052833761787 0.018685788048028 0.333141768038568 0.0164248140962551
0.00788418279143757 0.185798382384409 0.0490413899742692 0.00921777599249392 0.202983045003725 0.138868413297077 0.112315638382007 0.194782374603607 0.0991087975709741
0.0527616904832337 0.121277606573474 0.0995907816511409 0.115615557823916 0.147696455490622 0.115072300597597 0.221413586231401 0.0827919270092039 0.0437800941394117
0.109971175182784 0.0032396767508972 0.031963824281212 0.145666600088922 0.23798411523311 0.0597709053901709 0.0531231583991351 0.0819474162621595 0.27633312841161
0.224140231062656 0.16440475503152 0.0390647417178672 0.123923302211905 0.0949959875893783 0.172298428534569 0.058666706779757 0.0340901318477318 0.0884157152246152
0.202592350999633 0.0270370358537875 0.13020319900467 0.164893551545138 0.000166393242104809 0.0980019218909034 0.139552387226616 0.152137012533469 0.0854161477036784
0.171846186260476 0.186271658263799 0.206922880188712 0.00107372283590687 0.0329645710283846 0.145369889962428 0.079923929235815 0.135012241621517 0.0406149206029604
0.0879559288673303 0.0729051804175489 0.0444247752684461 0.164432077782801 0.0911168577862869 0.149637791457391 0.0907676097861521 0.163214322962696 0.135545455671348
0.0261047143836355 0.0401375177619828 0.136331426529016 0.187986175634986 0.139626370139215 0.194377018695429 0.207675497517659 0.0274976682252935 0.0402636111127838
0.0307123439335277 0.149063287587562 0.158028948219515 0.1202985016893 0.174228189135399 0.0559000790038712 0.112966545168531 0.165289801548564 0.0335123037137314
0.0867406954238153 0.149120422944641 0.127714695854943 0.172362684314803 0.0105368169274557 0.0486006044086216 0.178501088638278 0.113470935027371 0.112952056460071
0.146788109615821 0.128136014171152 0.065190361449314 0.226336560870441 0.178808972474845 0.0989970693369978 0.00347652468708189 0.0989556325271666 0.0533107548671798
0.146396392378733 0.182246465818331 0.0954159323092392 0.0512856068883384 0.0303641301232035 0.150055427331642 0.0623830967484343 0.125608127192718 0.156244821209361
0.161655768559066 0.0663346645070089 0.185899433145706 0.174912236464378 0.020114860935094 0.0790880089696105 0.177083289300348 0.0928711273546863 0.0420406107641027
0.00576530921899872 0.0156027087912049 0.186609468398084 0.00236252199946354 0.103244339407253 0.129989102678939 0.12825673637296 0.2202276590615 0.207942154071596
0.0886139007382966 0.0893851301875288 0.170907468959944 0.126110542748975 0.119349910006779 0.0796408005413178 0.0432333062702627 0.179968492605497 0.102790447941399
0.142382019555505 0.206118661414707 0.00262451328113937 0.045918138293262 0.16523125880162 0.214065279834472 0.11679311296054 0.0559649287574073 0.0509020871013472
0.161271759575243 0.163483530144898 0.129290021720072 0.0991777525463513 0.0870406694998785 0.089226327263538 0.0696484101303091 0.129182728712004 0.0716788004077067
0.11096595038846 0.0876416908239482 0.112100235910275 0.173744170048889 0.190743933706134 0.00623070908792377 0.144065258850088 0.11286970651887 0.0616383446654115
0.05981875124309 0.0989928554569955 0.198039495056588 0.110192928381246 0.0427915161443218 0.101147520484581 0.244273430978197 0.1235342955023 0.0212092067526791
0.122503806832287 0.082830078723645 0.15469644119156 0.0953082607298008 0.173259697832736 0.0537602407022377 0.091126540214518 0.146092163941712 0.0804227698315036
0.192949252528856 0.00940988562681153 0.116685921015281 0.101146917842461 0.137467628287236 0.0180602740535483 0.0901482481859987 0.162360179766527 0.171771692693281
0.0525559605897744 0.174905562013734 0.202865016743274 0.211656135408781 0.118762498257083 0.00423141212477004 0.0776196928096562 0.0440249902293379 0.113378731823589
0.123729071650574 0.150535418605497 0.110212292430189 0.147386967511503 0.0706667444217924 0.134355389574553 0.0985066959324031 0.0832830809988545 0.0813243388746344
0.124120366305828 0.083451601724181 0.0412549990002794 0.122384992404558 0.197450589728601 0.0127250684516347 0.0147044794008801 0.162567434551226 0.241340468432811
0.0195470004065342 0.168717326055162 0.140960777546617 0.0971520535784077 0.217104766183035 0.15496715413062 0.0871421661405303 0.0332766683804064 0.0811320875786887
0.043267580378459 0.0641047067208964 0.0927049421584217 0.275332534844187 0.0542562249142317 0.125584283686146 0.0753717186275464 0.172716928008683 0.0966610806614284
0.0577158928530151 0.144321953471116 0.0471500510648393 0.0840380230265598 0.184099825693536 0.0167806778062366 0.0722150455576914 0.223450523587455 0.17022800693955
0.0145175642435167 0.164534332205446 0.0671906781625752 0.16212681386362 0.110434674006328 0.145141525735637 0.0782607180850712 0.0751533467377489 0.182640346960058
0.130767343866267 0.035009999706869 0.0998119221611521 0.144266326603973 0.15199955907784 0.0172828969247233 0.10006628589005 0.146258336807017 0.174537328962108
0.205196265790956 0.0651213516820043 0.0547714117935062 0.0787254443487989 0.190616012215894 0.0547682359114549 0.270784776022241 0.0168189576272957 0.0631975446078492
0.183811550765112 0.18438215461513 0.0951893638064743 0.110028028883604 0.0977626511688093 0.125837564347492 0.0304369669963296 0.103197880475249 0.0693538389417995
0.0764807392468086 0.166080311432514 0.0544270959047708 0.0655011615789125 0.125671251845668 0.0639021993495001 0.0943069105826913 0.153525200069925 0.20010512998921
0.0255882560156412 0.184345840776279 0.114554856686137 0.160680419319381 0.0316970409464308 0.0332732164088644 0.16432819945072 0.10517300082551 0.180359169571036
0.0876716781911682 0.17011202838084 0.0164287114378697 0.137131835956592 0.196294356534328 0.0767405155568264 0.0729747074855034 0.114920999161349 0.127725167295523
0.0398254216499852 0.0434634577655587 0.0510563400348641 0.0752471619123282 0.24678912012206 0.259931924807316 0.0310099718945311 0.183776989040649 0.0688996127727071
0.250638916708888 0.0151723889288531 0.00485434657139067 0.137730830111887 0.087961024519478 0.138524971063655 0.236696733215354 0.0647314832157415 0.0636893056647527
0.149805924881143 0.136994786773656 0.051067359165346 0.00732861972939004 0.180852531464383 0.079060995743639 0.176413290544857 0.0918243090970415 0.126652182600545
0.205281911241409 0.0194985752527569 0.213381667237625 0.0430840724621254 0.031780073062509 0.0292110947659117 0.163907978677029 0.138569252134576 0.155285375166058
0.0067797468443676 0.182764777878999 0.11096636368238 0.193265636989803 0.0855492654510862 0.153717564855329 0.0414506839073593 0.211276682056784 0.0142292783338922
0.0325034153646427 0.159308834766115 0.189629190464019 0.0411750465929389 0.0313922805772765 0.061725512831433 0.15109847195582 0.178489206624084 0.154678040823672
0.0960082201133291 0.0458230778546005 0.14191114843259 0.0910719907497736 0.109719698791437 0.136892271164192 0.0986778975821886 0.12745881101524 0.15243688429665
0.130013612008102 0.159429319877698 0.0658758532374827 0.116510992905627 0.135411784898143 0.0774508309786892 0.0278263336869111 0.0813321100805 0.206149162326848
0.00221937059584508 0.0502322830548028 0.140047218726128 0.0365516520974248 0.133020587914311 0.136671538350962 0.188160442155983 0.212926544478661 0.100170362625883
0.148034151408176 0.0460669022999033 0.17946833014429 0.173479484898074 0.0429306213199713 0.0149956269197723 0.0743571774004718 0.156819477915761 0.16384822769358
0.302415244298667 0.259513867075453 0.00794883334044063 0.0293240729573949 0.141501789116717 0.0880162821615503 0.0297629540773997 0.0568054591015867 0.0847114978707907
0.0310004275919266 0.247236275510665 0.144473183112509 0.0466824630717211 0.110136760340726 0.097602752909696 0.16852074916799 0.0306900296797247 0.123657358615041
0.0778382014839446 0.0378963248034017 0.165381077497648 0.160512564218896 0.138831756235767 0.103077937307303 0.194548075556508 0.0201998661174802 0.101714196779052
0.19266010013533 0.0727389583621968 0.156455630839828 0.0759044660874347 0.196365714951579 0.165673590663223 0.0548151710784336 0.0638613792837101 0.0215249885982647
0.0403068476107522 0.163035481874706 0.051610288774548 0.15734735141143 0.00171041276347729 0.151291107477991 0.206067520186294 0.223066513527439 0.00556447637336302
0.136233824762358 0.142795849769016 0.0622433887062247 0.107032988307584 0.107752988192623 0.14891674582231 0.105878767475126 0.164768051821411 0.0243773951433477
0.0395333451389428 0.08106621783948 0.0451541460308987 0.180539797975697 0.0930400429056985 0.149452333146863 0.154581864721533 0.066898628773027 0.18973362346786
0.149285065805487 0.0897708409429621 0.0711320371312611 0.0261766764686146 0.175713976452007 0.0451255763428795 0.063188679412313 0.194816058032595 0.184791089411881
0.244708457357348 0.0081677733275474 0.113293232428034 0.0412565231387548 0.0811252199816126 0.107225530291469 0.270264410875745 0.100377255667313 0.0335815969321768
0.107911972057558 0.141766220594189 0.0766905781923318 0.175395180365652 0.109173680550124 0.0823931231426456 0.0623896764400926 0.0628951307113347 0.181384437946071
0.0323029374900388 0.0405538932257126 0.0159114407562799 0.162189349173092 0.30936905330383 0.0894018951508192 0.1342419744625 0.199171989667392 0.0168574667703348
0.117116878835194 0.0536350084051352 0.222953650786419 0.0303050904797909 0.147398895195339 0.114925868639583 0.153336863884042 0.136928839452663 0.0233989043218331
0.211308153984587 0.0393289739035908 0.147000589541539 0.0672719747749903 0.109101870904346 0.113437194722512 0.137486661453393 0.1238662435991 0.0511983371159415
0.193232763844422 0.180800367059498 0.0534856193692975 0.128578240806975 0.0917915881485415 0.141975765681669 0.0823293722261258 0.0425745007782981 0.0852317820851732
0.0124341644461283 0.117059831230429 0.201366300169763 0.0221555900267023 0.130920288478009 0.251461496719181 0.095409828505935 0.133271607632817 0.0359208927910354
0.34546279350326 0.254339626509813 0.0496762663050279 0.0567188610080828 0.0934046434859061 0.168856336503701 0.0109730176521733 0.00600741349365428 0.014561041538382
0.0895259543866812 0.13205997774475 0.154186234202702 0.132695913081407 0.153199278169733 0.0966592834697806 0.0462956670422051 0.156905659738939 0.0384720321638023
0.153717472374972 0.0469224458061067 0.147822798401639 0.0136618890577179 0.130654361424495 0.0808219570721907 0.0609480008313661 0.126227817462748 0.239223257568765
0.0963772064941726 0.126279703844932 0.135298662175528 0.0512801234631575 0.213963992053262 0.0988070751881476 0.0641184801826168 0.14308048905204 0.0707942675461431
0.141744052354553 0.126249417675655 0.143740550961279 0.123401733477907 0.0570975057174525 0.13098895340373 0.0911796167111764 0.0328001217547437 0.152798047943504
0.0693070258003652 0.158175906078027 0.0576128392248307 0.0885388214934031 0.203357513490999 0.145481721602772 0.0396831392819728 0.146317179479066 0.0915258535485643
0.187526257349537 0.127297087020181 0.0120818579164541 0.149988085394378 0.00404371595912602 0.110775980274597 0.0790915551464559 0.128061385871668 0.201134075067603
0.0416394616571656 0.0689453974117909 0.214537023081848 0.11980648626333 0.00986065728922119 0.172247350858497 0.0218755359125223 0.139424745870342 0.211663341655282
0.027377590468251 0.157362619862332 0.146622646081368 0.0115238850007069 0.031723771698569 0.11347507947353 0.211814909682394 0.276504987505494 0.0235945102273541
0.132015160820454 0.174304850634527 0.0924044631955075 0.0829937542643396 0.044995286169681 0.0348095475285161 0.0457927324909581 0.199974399705584 0.192709805190432
0.159085630583965 0.127647406518184 0.102478055377431 0.0815072132222834 0.0775704258912646 0.0852150787727913 0.019935652647255 0.150707181199631 0.195853355787196
0.0406989397394944 0.131192302405738 0.0956308384993796 0.166180149562481 0.158729011858312 0.0831240842630107 0.129650393286677 0.00747748727091784 0.18731679311399
0.110310579924369 0.160030737988242 0.0676712193832074 0.166629935706678 0.133152909479284 0.0574830632591667 0.0411862347046482 0.0920052489191539 0.17153007063525
0.051718256222729 0.0610233741114197 0.126441150300414 0.0621313472288396 0.112467849418801 0.163167303012097 0.126782231461331 0.152008273451798 0.144260214792571
0.0340090215461518 0.0190223716072 0.235052112065876 0.235883696460407 0.157774404460898 0.0827012571756453 0.138752065768296 0.0461783189892816 0.0506267519262446
0.149999455155445 0.0851589063016301 0.147849605848221 0.139417329918712 0.116313231925706 0.0698580247668889 0.0939835425243375 0.139609284508433 0.0578106190506268
0.0517713845723875 0.00490026769928751 0.185689657519365 0.192192562484884 0.180808563706016 0.0696364055969504 0.00538966623795348 0.135421439254942 0.174190052928213
0.134188884045178 0.158448477852239 0.12063431745321 0.0826274005718647 0.132241527693778 0.0786657990120131 0.138013408730416 0.107330213567348 0.0478499710739518
0.156087770249595 0.0271620127487879 0.15621772052487 0.103350744598456 0.149392429366586 0.159524658525688 0.0516355946004935 0.0526835030728411 0.143945566312683
0.135039503440801 0.122171851316124 0.114672217747103 0.151681183532748 0.0870363999408658 0.0898373719837624 0.0786757181242172 0.133522701434342 0.087363052480036
0.162285052919048 0.128209472272088 0.168426199477245 0.0034038761338146 0.127292533343001 0.149558609809507 0.16765615328474 0.00750867067345871 0.0856594320870975
0.0522198821963743 0.211966961106352 0.128119992900876 0.0309820398001588 0.161840249194804 0.144389131619323 0.0472219909685427 0.0260859189052389 0.197173833308331
0.089784942185035 0.0978133522903708 0.18272835124393 0.0142540557934966 0.0625239706440024 0.179790211094778 0.0956008050268722 0.139526390268667 0.137977921452847
0.043718401937904 0.195188278870238 0.0539007199158841 0.112084382390095 0.117652914707575 0.106082009166062 0.120368873389348 0.0662809594029138 0.18472346021998
0.156700860247113 0.00241415974003653 0.123145586361667 0.00330066701948575 0.00113831245763736 0.132316953226762 0.192539038196903 0.270200303235754 0.118244119514642
0.0199222089541036 0.0471517581181646 0.304261297041215 0.138402246596694 0.240281854893511 0.0772636147621224 0.0178556763789963 0.0772452138282275 0.0776161294269657
0.101135413025286 0.0639704308936455 0.151963295420205 0.0369146296246889 0.15338764831103 0.120380706140319 0.145061580680809 0.143479019913009 0.0837072759910067
0.162365983048114 0.093968454710036 0.170215008309039 0.136761231564017 0.0430035001021186 0.0928825061083323 0.168504163606504 0.0773571551633659 0.0549419973884733
0.0851237939363847 0.227877088841161 0.276270684709748 0.157998968349409 0.0209175580787003 0.0169591902629692 0.0823838520028835 0.0449383810705917 0.0875304827481534
0.0715373893995932 0.199295735900207 0.149965315254693 0.0562389482086531 0.0399892977512958 0.0420505411083016 0.024044653768163 0.205814262531411 0.211063856077683
0.106413588892872 0.0936492732912715 0.221120768776621 0.0166858174468491 0.253053789204096 0.086410765529055 0.00519518062932894 0.0900671287408967 0.12740368748901
0.119845897312972 0.163007073980812 0.00570869926494685 0.130233457012819 0.0434764286346821 0.167477989455199 0.189989811865442 0.162836607943656 0.0174240345294701
0.0644635511507637 0.0771557104806657 0.159266805864872 0.100259788365231 0.162378563865868 0.0278149377210779 0.0793521997020977 0.159372642535277 0.169935800314148
0.202631370990769 0.0673740077710849 0.17837461599521 0.180673082482167 0.088680674564355 0.00264626920517621 0.175852108046044 0.0992693088648394 0.00449856208035441
0.0365878415867637 0.0508337401550712 0.238166667860187 0.0126366212958615 0.244017539664478 0.168935699258675 0.0893824257327539 0.0293775519425886 0.130061912503621
0.171089631804647 0.165548354639078 0.138568468724777 0.0365890025770388 0.0608975673817525 0.0827197360590291 0.0827724111064574 0.109642912436776 0.152171915270444
0.152917316992268 0.0960267854783948 0.0402906656401475 0.0415787377203366 0.151077504351321 0.221660403194031 0.0991806378736714 0.0296763279373748 0.167591620812455
0.136371710563626 0.0992339952148057 0.0645311228376149 0.14411623617077 0.158872604155958 0.147530473190398 0.0472066793134949 0.0240782521944397 0.178058926358892
0.155409512803371 0.0535841963942507 0.147801746382795 0.175642038509444 0.163193396882918 0.0283912652155661 0.116097834479235 0.0283034339837948 0.131576575348625
0.128194386613435 0.179665512208903 0.208304682308786 0.0154636480427485 0.211590729112831 0.194826997838083 0.00836184617593911 0.0430778681827697 0.0105143295165042
0.166256600268105 0.108538314228611 0.09394593007113 0.0712503971658134 0.17931999293858 0.102782797769135 0.172802363972275 0.0217876576396412 0.08331594594671
0.211743402683508 0.117358900790815 0.0602271679345097 0.0138891378988504 0.113218540277826 0.137025681585494 0.0407260622333507 0.116823998165921 0.188987108429724
0.16920419162782 0.121657893365364 0.0217130740123319 0.0149519090542145 0.153801360565406 0.174512616475869 0.0889400837666651 0.0745769895526435 0.180641881579686
0.190253391029484 0.0941532164634502 0.0659235947710634 0.0200595878318942 0.0762739487543825 0.115843546049753 0.174248701450387 0.0687018570511726 0.194542156598413
0.211838897068703 0.1460738925382 0.121177940624859 0.191639168409077 0.118609281469375 0.0782292811921178 0.042025435623796 0.0667287903792121 0.0236773126946599
0.129945876340183 0.0929699436783807 0.0964189100521571 0.000277674581392413 0.130511925529935 0.126070978316512 0.149789533908651 0.117590998108501 0.156424159484288
0.0439054494093337 0.0816951506686123 0.188352277917606 0.140845071659022 0.0663102029950427 0.0365877619363734 0.221009103086151 0.153418600877591 0.0678763814502679
0.0741765734380162 0.225200171492916 0.0500367053439137 0.0457605343393923 0.128910270226241 0.00557935274349562 0.154957701818054 0.136609896049225 0.178768794548747
0.00688823214383393 0.193798736764827 0.0406488236460853 0.0913049808092797 0.118295298993991 0.196587290558584 0.0258656609638494 0.180025231134658 0.146585744984892
0.0691164602923223 0.0716700655539093 0.147673771405963 0.203465368760313 0.126737760134871 0.100016545377899 0.15763477961742 0.0788046766087842 0.0448805722485176
0.132672594499248 0.216895599736232 0.0725746184262214 0.183072424113729 0.0137024302543813 0.0121114250240651 0.0811495160648767 0.176858845056069 0.110962546825176
0.0325064480323335 0.193836884854469 0.00456107668209061 0.155310776493431 0.163898952102079 0.177114183690822 0.0963767508552829 0.0838142820766542 0.0925806452128373
0.142104531882172 0.187677916590595 0.0132898314213087 0.0183623848163117 0.0363532159143396 0.189926719817823 0.177440310134696 0.12857330198327 0.106271787439484
0.136597467518019 0.182164783552924 0.170945546153891 0.0885476308790454 0.143702954040151 0.0999721314221564 0.084005189643643 0.0920717134963842 0.00199258329378573
0.0283362211572028 0.158368628253433 0.0965291243804543 0.145239215887098 0.0393353797024816 0.0946382143071458 0.165469390402416 0.162263520205769 0.109820305704
0.188833139761731 0.0192207645240555 0.0091479391254534 0.150997030495395 0.13480894583322 0.110611816218767 0.177428016651112 0.136485755112643 0.0724665922776235
0.225679265431894 0.0284402782135068 0.0770522689341879 0.113964666683343 0.0054152922997919 0.201801528824615 0.183733290619763 0.0177796483995649 0.146133760593333
0.183451595670268 0.157934671396806 0.0586776607595908 0.10343090187513 0.134050513321999 0.136595024521954 0.0897265717785297 0.00249441431693711 0.133638646358786
0.154491734614353 0.0318233045810769 0.0247596713170052 0.0854120113788922 0.168395894918602 0.23302032992836 0.0757358610220605 0.0740972414027512 0.152263950836899
0.127862245182473 0.035938439984105 0.0971094168225091 0.15029909991208 0.0513164814094777 0.20398341935081 0.0576591331428395 0.196208055399316 0.0796237087963908
0.17179117664141 0.157383019960397 0.0819414726214176 0.0554818860636954 0.0644980090888171 0.0939118015921619 0.120600477299628 0.158940583194931 0.0954515735375413
0.0179348569518456 0.154067331636292 0.100156537061 0.123043651235952 0.0617240474720044 0.152884316473036 0.0678325537135353 0.202829552918784 0.11952715253755
0.10399806393911 0.237072482673678 0.0469741064095977 0.17837208493153 0.0804782716512028 0.0514696459267864 0.119028350215522 0.0172129955378089 0.165393998714764
0.190085053996877 0.193109255958068 0.0126098956499155 0.152924762711492 0.181889121396984 0.0132456855325701 0.0200424074629377 0.178270803520042 0.0578230137711136
0.0383203905652682 0.0930814387072015 0.156598523970426 0.214033840385728 0.069598204623367 0.050279379422306 0.0690687692238948 0.107468930326753 0.201550522775056
0.253919761838759 0.0122919904028312 0.00287325126090563 0.129006702408465 0.230380570528231 0.0692574577855657 0.17710005539448 0.04315429289742 0.0820159174833428
0.156375515185153 0.10734556866464 0.155367581190576 0.118096174414909 0.160997161658723 0.100769677637222 0.187772717036948 0.00438747784943243 0.00888812636239805
0.159443850323708 0.166404985286035 0.0489373800144547 0.102159193527507 0.0266038610509382 0.190262994302914 0.203187984169434 0.0424299975600122 0.0605697537649978
0.186964740760998 0.0204944164001448 0.156339222183793 0.132177699813154 0.0786664381314298 0.160195809297269 0.16254887896839 0.0340191681152861 0.0685936263295358
0.122153669010016 0.0946092629881633 0.0597442220159256 0.138814503787578 0.151798636264385 0.152579189854652 0.103315609461558 0.106301852754389 0.0706830538633341
0.232213364083264 0.146166578182489 0.0736915722126836 0.120346591520146 0.0477277806801307 0.238072701361155 0.0579929430084981 0.0277066891259462 0.0560817798256876
0.149761702333335 0.000372054853484051 0.10278878482098 0.203856298716243 0.107258670627799 0.144020252110676 0.141555376482586 0.118935026720965 0.031451833333932
0.149317194566548 0.221127692754066 0.107355587726664 0.0671454671390629 0.0450975904695392 0.0177405639555458 0.191809226469291 0.193310780093426 0.00709589682585671
0.0379747388734733 0.160588173995382 0.122281068674672 0.0515300935783769 0.21077888162476 0.112885070717295 0.217883231164087 0.0650351365249372 0.021043604847016
0.0564855434929985 0.109256396443188 0.00768912163946829 0.165254765730303 0.184729616079022 0.236594192938234 0.0187494328103919 0.0918939362959889 0.129346994570406
0.134378758369563 0.199618356651196 0.0071691798445941 0.04373036484379 0.182355024785898 0.180901428087442 0.052795485044887 0.123133392956491 0.0759180094161376
0.0152165513425865 0.118840801378698 0.140716457613463 0.147759703541348 0.0234232441763604 0.158079517309393 0.0260406634503557 0.166899118265058 0.203023942922736
0.168627131768356 0.0212424964628168 0.131874925571091 0.133307070353077 0.115105668781263 0.0746850917272813 0.025728300367041 0.121314380999799 0.208114933969276
0.0028659895716854 0.17018273132591 0.035975007103949 0.124639812527739 0.136083067723456 0.133434646827935 0.0854961963528773 0.20630626886697 0.105016279699478
0.0361726064576088 0.179186673619868 0.188007737425672 0.0451857284300818 0.185923100544045 0.0541406746760937 0.0572130102245203 0.186755048479 0.0674154201431101
0.073162545819595 0.137831516657973 0.126147309661432 0.13267156501351 0.0199431186230047 0.170230166233143 0.175981825548773 0.158043553614395 0.00598839882817311
0.168109636456503 0.0707338231137634 0.101867733082086 0.0345813816172309 0.139230206113878 0.149239905282932 0.0492115190900031 0.165270850545965 0.121754944697639
0.195474076251905 0.0825508183128013 0.0978078606166494 0.116482036429424 0.113669627007818 0.00997350456273401 0.036407488821229 0.22545509160469 0.122179496392749
0.0200203501355225 0.0608836319582422 0.203905288129054 0.192940606362293 0.0126688987194544 0.0409683240966632 0.229203468319918 0.0247534402461006 0.214655992032753
0.0818982966281596 0.00300259906285973 0.081589457992438 0.062364534353389 0.19758149230962 0.118022546524433 0.147707360158419 0.21539981569141 0.0924338972792712
0.144462072157308 0.159577820772435 0.0994487072822498 0.0706026620035322 0.156165159491981 0.0796105872539684 0.0240886850853294 0.0847447030073307 0.181299602945865
0.00919850298489195 0.233975856239307 0.133808085733138 0.103387023547259 0.154216623667266 0.120474321996007 0.0333195640331674 0.136375072648796 0.0752449491501685
0.193616885897817 0.0706434559654935 0.101624455756143 0.173599018253231 0.0521066075456261 0.0921934324735115 0.0494991907962165 0.146035396579171 0.12068155673279
0.242967883511667 0.0106151794324236 0.210122108922218 0.0443078739175152 0.218604963592657 0.0109038739283004 0.0165988431496996 0.00530842785893894 0.24057084568658
0.179411520802893 0.202054395559826 0.141127343307129 0.070210162051955 0.0904385320622444 0.061236899428878 0.103633772204056 0.0499436902842427 0.101943684298777
0.117960382646486 0.126345651254009 0.0344762912937109 0.190031169939077 0.228654560333265 0.135902115349088 0.0455327409580363 0.0794447007148658 0.0416523875114625
0.118867966162973 0.119953639831677 0.108888442242845 0.135672933489026 0.0922549083739963 0.106337243709584 0.119570634355658 0.0568489702817165 0.141605261552524
0.182115956849956 0.19803051296253 0.08670534627657 0.0862442102214707 0.0214621617753569 0.190554520099414 0.107284216157157 0.106789833037331 0.0208132426202145
0.205830868094783 0.17782063182946 0.0143217018091097 0.100434436698685 0.0374220780310528 0.237060523382313 0.183252677752122 0.0134149524132889 0.030442129989185
0.137483991664557 0.102811604033907 0.173884862874612 0.0343638882703856 0.112616371292748 0.062517744581318 0.189921510807622 0.0450015453022033 0.141398481172648
0.139020272407493 0.155717578181326 0.0542114468955502 0.0177940928288147 0.115538649146708 0.0639902400671316 0.14902645348291 0.1635788035165 0.141122463473566
0.0419965545489285 0.171029058540627 0.0544713138201915 0.1051112495385 0.200117114311991 0.135971133150854 0.12538450201754 0.0366528576624066 0.129266216408961
0.0914559853922018 0.134640663394824 0.126743833265744 0.210944386105709 0.1138550538806 0.100649803989792 0.0245339282724078 0.071099080716353 0.126077264982369
0.135050344615877 0.0521590681216609 0.030682078564635 0.133614888396746 0.105734180322351 0.168696878717507 0.129141955306777 0.0927116231237738 0.152208982830672
0.208484502797722 0.119951237699363 0.0985513816801193 0.0182316288824158 0.197310939961832 0.171804113527241 0.0749414731097406 0.0252888660356226 0.085435856305944
0.0200957844415489 0.202175472407518 0.0313641881283787 0.17226998121987 0.198969292898317 0.0148863067024663 0.174718601866498 0.0869335054489045 0.0985868668864983
0.0825311722267292 0.270163933516968 0.023118248728676 0.107859679588827 0.00673185923487317 0.212197120716785 0.0671526926718131 0.216434089606043 0.0138112037092851
0.00764110416220628 0.0986150278207977 0.165156074835644 0.0543641183961255 0.175885910195013 0.0904722138128321 0.200434714598896 0.171346530868985 0.0360843053095005
0.229381440959381 0.099468807964028 0.100106122221453 0.030505230780046 0.236613565500021 0.0710946210274492 0.0876055525787715 0.00559125929154518 0.139633399677305
0.139099051758206 0.178182986734346 0.11841753841082 0.0980708524521813 0.0911887229993653 0.139573864005738 0.0823881910859358 0.0623037619563124 0.0907750305970954
