0.206758239875485 0.105568040844369 0.217696392688441 0.100207672368823 0.15114715916864 0.218622495054241
0.196550358441876 0.228979983227592 0.0448491499480133 0.21397284551761 0.210202195904359 0.10544546696055
0.0366252256816674 0.174419582944328 0.204151958742312 0.151202262311053 0.228709591923943 0.204891378396697
0.0437275320585694 0.092710787965407 0.0859171197511715 0.276197492962287 0.377804090145073 0.123642977117492
0.161473299638197 0.19113267360474 0.0910020828022414 0.0791797819239959 0.233702893397714 0.243509268633111
0.278585712520849 0.237107026301766 0.0138670930620143 0.15817196081409 0.0958357433327797 0.216432463968502
0.219962816291797 0.190709631845924 0.225035269311939 0.19030316093637 0.134771215775752 0.0392179058382174
0.203232895457063 0.0209593403142944 0.082880812142148 0.446589388141422 0.0151508519493547 0.231186711995718
0.0204562504019524 0.259433318102864 0.289914933483164 0.132976845777446 0.112988225185252 0.184230427049321
0.182760614859095 0.175616173881845 0.213039034011101 0.0660720490067818 0.131848599221603 0.230663529019574
0.0569888831975257 0.118138687993599 0.163951490844534 0.239447200305231 0.152216595096388 0.269257142562721
0.0130271664817162 0.0735231677491144 0.196001677339009 0.222015138070703 0.257817587538027 0.237615262821431
0.170438523610783 0.265482209901897 0.210981123586145 0.0262129548567612 0.236480253189069 0.0904049348553449
0.304620477599173 0.0550802989610136 0.26857132703858 0.18377171737366 0.0850554003421794 0.102900778685394
0.124046163899239 0.259387956476959 0.29529024203245 0.180527901852325 0.0881399229435868 0.052607812795441
0.152392570303164 0.146887685346555 0.181191689073344 0.160346448271727 0.18700397921588 0.17217762778933
0.0092051144259188 0.0541479780066146 0.330746237956918 0.212411908623993 0.388778383367454 0.00471037761910151
0.153615134651681 0.162092454214385 0.166456864392456 0.159029549468716 0.107162502973093 0.251643494299669
0.0926395510620753 0.0334909760954606 0.263474892892062 0.210716208765051 0.240370448754385 0.159307922430966
0.0100894726387706 0.0954222455830783 0.169372988363539 0.354373371633811 0.0475294680917693 0.323212453689032
0.143745039969374 0.262380578781572 0.354926892557646 0.106197222935175 0.0966960763452846 0.0360541894109472
0.0351140017331073 0.0477386200863788 0.275604216865516 0.249411221078667 0.189590548568776 0.202541391667555
0.244841614346914 0.104312512158633 0.0461114744637362 0.305684712882498 0.172844209764605 0.126205476383614
0.203160211592129 0.268563950457302 0.162733988073947 0.233972561113947 0.0963301624209959 0.0352391263416794
0.270748325457695 0.155983371080161 0.142326212697335 0.018058303766341 0.189309338514931 0.223574448483537
0.290697020132723 0.0770844457098468 0.168455114179212 0.130127920869055 0.167954210244008 0.165681288865156
0.114630610085504 0.185007004678467 0.232492321721168 0.121894317805515 0.192258119982829 0.153717625726517
0.181869760560355 0.301195773701264 0.192229636408772 0.12954180998894 0.0331214654528523 0.162041553887817
0.135059873040962 0.0860999103042653 0.277696381057479 0.243677474639242 0.173108751934195 0.0843576090238564
0.30261538637594 0.131879808489008 0.222093089684709 0.119568652569342 0.199410380219245 0.0244326826617563
0.118239638342734 0.260836318237185 0.116263672841813 0.212390301616985 0.0315751955820411 0.260694873379242
0.0577485948679083 0.248584291955606 0.198340180095108 0.0953130540778919 0.100167751067437 0.299846127936049
0.0687228569545772 0.205352273009025 0.179714817599936 0.240646918563829 0.0566949232157356 0.248868210656897
0.00610369635945748 0.0642330237772354 0.25866565951599 0.234549189273671 0.195334294731198 0.241114136342449
0.233096538739464 0.266495144371034 0.0196162757105243 0.14016221498242 0.241484604630815 0.0991452215657434
0.113786435473056 0.197171740218259 0.163114559694237 0.0697024949975992 0.206346203244369 0.24987856637248
0.0400791037609015 0.276243535224153 0.101530687506671 0.0984985371296725 0.201216710217712 0.282431426160889
0.328929204141421 0.141901274042878 0.191210075467882 0.131981403454283 0.103618320163922 0.102359722729614
0.265036443512794 0.070919877684516 0.204848987639529 0.00994020164960521 0.257973757974865 0.191280731538691
0.137568871466877 0.176878815261755 0.1698063743862 0.238330080254999 0.16955412530427 0.107861733325899
0.276620945800025 0.156321442879065 0.0614321514467831 0.106823244044579 0.0809949128888476 0.3178073029407
0.18319984891078 0.13222834630271 0.114670744628741 0.158556865895327 0.337954202986699 0.0733899912757437
0.200313694360503 0.181820911132478 0.147396753795302 0.194235073224884 0.188385058781926 0.0878485087049066
0.0856796458340451 0.0948369542940274 0.262844285883872 0.0702208929677584 0.308242659700778 0.178175561319519
0.209966804778835 0.119886516318101 0.19788378002244 0.165309379222397 0.135272740346065 0.171680779312162
0.0711484802352222 0.402865207093258 0.302321501056628 0.0701428921370896 0.0817293852897126 0.0717925341880892
0.181631627685834 0.0148989346953551 0.179290226432074 0.259279885892239 0.127623067882103 0.237276257412394
0.245568568418954 0.0446289299329891 0.147137354391914 0.135911586793699 0.169552018187306 0.257201542275139
0.0584538685418049 0.364022055266737 0.148693556207236 0.171347589895579 0.119017727040154 0.138465203048489
0.221106809486994 0.232081438763777 0.085991093332353 0.0523000142940242 0.222335073844864 0.186185570277988
0.150082515151856 0.226402180579793 0.0366063501267539 0.266703706603668 0.162216389292837 0.157988858245093
0.18314394621289 0.110609493583734 0.0812556532413634 0.344758565597538 0.167311512283796 0.112920829080678
0.0594618510615608 0.00931322844855597 0.122169979804086 0.248334440022425 0.409552553030095 0.151167947633277
0.220182443581543 0.176680035936026 0.0160387231712209 0.00606177713268099 0.354378242510711 0.226658777667818
0.281975020950025 0.156962086976569 0.0683643981494292 0.0947745425531539 0.307978783883666 0.089945167487156
0.203818451674036 0.0590387214073598 0.108460366278821 0.0916059687873619 0.172542535720872 0.364533956131549
0.325700139135295 0.0959807769328131 0.042007788098888 0.346427706761156 0.00826449961088243 0.181619089460965
0.261771246054514 0.212584444336926 0.0200777002230424 0.271451375588561 0.0479162744113295 0.186198959385627
0.173643666151799 0.0237619420006235 0.204888830084745 0.360646862879585 0.0794228745238304 0.157635824359418
0.0349546567075123 0.262638210583102 0.0919720037149027 0.488169626279539 0.0833999637958106 0.0388655389191336
0.228258617379142 0.123048239695868 0.291697690010853 0.133773911777231 0.146091257251249 0.077130283885658
0.13660836855001 0.0763540404840404 0.297183893975433 0.0710576531262683 0.188891803023278 0.22990424084097
0.0386702941805519 0.275780828739136 0.134599311633182 0.182554057620488 0.0454226269931338 0.322972880833509
0.286373954844842 0.0366876047985593 0.194359242135012 0.0976236266045774 0.0864014369020252 0.298554134714985
0.30861631385523 0.260544872862969 0.0422347763370503 0.291834354752253 0.0914008659824197 0.00536881621007857
0.0196353474985522 0.256295997020616 0.181480138896486 0.346151468982373 0.0532665160506716 0.143170531551301
0.094974701234622 0.146390401570045 0.174433881854617 0.290975526962364 0.284893991796867 0.0083314965814844
0.331624923099017 0.0972527043631409 0.237591078471275 0.110390313182763 0.114061617378988 0.109079363504816
0.00178879020034113 0.126869229151854 0.269435218201778 0.0851173887506587 0.243277761554657 0.273511612140711
0.00103041406309843 0.121187345637063 0.215983554788512 0.186898376749917 0.20544184888206 0.26945845987935
0.0161622862832575 0.231198747998379 0.0987473187638883 0.308986892674491 0.205936577571799 0.138968176708185
0.0225109671483651 0.209045920061399 0.158685219221354 0.164860837987616 0.0683945829712829 0.376502472609984
0.104419900099326 0.10548919208875 0.140713913321868 0.152067185031784 0.301072790463628 0.196237018994645
0.301898795362524 0.162909745824326 0.0849034153819892 0.187649739508875 0.0601918702565543 0.202446433665731
0.181199609097315 0.0158875266209938 0.00718945620243361 0.27229105950939 0.22930141708402 0.294130931485847
0.209125438526596 0.157273133506793 0.146892532773695 0.185093244886829 0.200364836931756 0.10125081337433
0.294010820584561 0.350103399387693 0.0341402531021949 0.00976028920210928 0.156824990356702 0.15516024736674
0.122995002174779 0.125389198169813 0.0135157440195065 0.18957539433328 0.263373025085745 0.285151636216875
0.102212505651407 0.361102202232356 0.285550910874006 0.0413550870816247 0.127568774034839 0.0822105201257667
0.181697595705905 0.246739671567893 0.086159135526215 0.157905278045771 0.304660543416969 0.0228377757372474
0.350975095111344 0.0752803130134897 0.299763891763796 0.172519969681196 0.00499880254112313 0.0964619278890511
0.291811137347396 0.116652408036305 0.119045815545638 0.207195775564313 0.0642966106795469 0.200998252826801
0.0307385149854332 0.132118393610777 0.296749732323978 0.0432361626496679 0.169277810425177 0.327879386004966
0.375820305487965 0.0343597908403032 0.130993607246018 0.39782287811393 0.0341286411970254 0.026874777114758
0.0341859568229622 0.251061328577572 0.112093218662765 0.231711774267157 0.18299520679332 0.187952514876224
0.215088469564749 0.0139155292135027 0.226996294139821 0.22646898144503 0.151847639854076 0.165683085782821
0.206281094788831 0.217640851627135 0.234882836609638 0.0711136872469107 0.174101705482076 0.0959798242454092
0.178742499821184 0.0928871039092665 0.0572075906681695 0.0684705507482638 0.311920791010384 0.290771463842732
0.118511203141594 0.322078866060605 0.0988679225870355 0.327924282973107 0.00552481647763738 0.127092908760021
0.129594859077398 0.199495241391329 0.0487370025864462 0.309295690603196 0.0537746555909131 0.259102550750718
0.309802435490299 0.0066170984318125 0.119815005389062 0.0397198995769308 0.23268110337949 0.291364457732406
0.193376872280775 0.134714864888028 0.0496049151688707 0.246580721458827 0.168488531902853 0.207234094300647
0.0805583802050186 0.172754647973447 0.258192333480209 0.268257531923091 0.135585956348341 0.0846511500698939
0.234183749670102 0.14551681625061 0.12364608301801 0.14659547038513 0.222161866245562 0.127896014430587
0.21134860743132 0.250339967169715 0.199370240553543 0.104296364926447 0.0992360318965697 0.135408788022405
0.384458238107885 0.0961034473244065 0.124242522693251 0.214672231792022 0.00929450212871543 0.171229057953719
0.0692782089444382 0.111566533023996 0.242489632613874 0.0231582243278368 0.301356453652114 0.25215094743774
0.256538950937029 0.0686077044288962 0.219578243869148 0.279497211118914 0.00864900351026711 0.167128886135746
0.0207793820158476 0.0536578737708362 0.302721266817936 0.300300559321909 0.241596351097019 0.0809445669764515
0.205804711258608 0.0352362198264183 0.28282395062248 0.23483669315113 0.163014632165868 0.078283792975496
0.368938322394218 0.146099281672196 0.264852851951331 0.08105220714609 0.117817457084971 0.0212398797511945
0.142995579046385 0.196093261149244 0.0961500513892891 0.163092191313831 0.290791819304257 0.110877097796994
0.0226369135382151 0.12884802159862 0.282081905531285 0.167192945466342 0.159882344857675 0.239357869007863
0.199222055162444 0.0476976409616275 0.31397135092216 0.118998377740773 0.0881251590263462 0.231985416186649
0.0920828410515595 0.0437071117770986 0.205203401904294 0.243625347524765 0.232353536829768 0.183027760912515
0.180811656300608 0.187804603092255 0.281954081167966 0.221635352187404 0.124580350448878 0.00321395680288928
0.0654727175588423 0.27228037806891 0.0982657652698742 0.147960268954517 0.262961761517645 0.153059108630212
0.332706430673079 0.187267863837443 0.142077577123585 0.0143207100952442 0.297056724012663 0.0265706942579851
0.0190353622374264 0.254057942274283 0.233165691791555 0.282651797523738 0.160487396432166 0.0506018097408314
0.266620510628046 0.089567747976079 0.0132715468442162 0.32804522493334 0.289259360491675 0.0132356091266427
0.26319233376365 0.103408527033471 0.255837462162761 0.298314140021034 0.00604190545016501 0.0732056315689194
0.226135086245677 0.0815867376882796 0.0955159958227141 0.257547891676751 0.0979673741379637 0.241246914428614
0.296153757149191 0.0379761887870429 0.0779407668283862 0.236438824860086 0.0851557325572025 0.266334729818091
0.0148602694978629 0.246196717565669 0.327238486858957 0.128779290455641 0.164095952125627 0.118829283496242
0.0910500411481056 0.120954858620658 0.259768318398456 0.207247340660722 0.139317142557492 0.181662298614566
0.14576516761587 0.142229598597131 0.23799029382302 0.0559408254552016 0.135167999127808 0.282906115380969
0.267904818800169 0.184185842993453 0.256742145499482 0.0145478483703478 0.192882993613779 0.0837363507227696
0.337527514304212 0.0316100465658744 0.02276891313181 0.111834598700973 0.129205198959149 0.367053728337981
0.14250430651686 0.108594016837167 0.175780219895157 0.177646643161175 0.216519404048498 0.178955409541143
0.139759190207358 0.0460189693299408 0.147907219397976 0.266159872265951 0.225136143702176 0.175018605096598
0.205502125652534 0.129899720133188 0.180415318604188 0.108777579883351 0.173978800424912 0.201426455301827
0.0998281098575376 0.11052561294045 0.243924807309737 0.222095569123364 0.083208831072445 0.240417069696466
0.238284052859356 0.180221495785326 0.250777459889121 0.0542584408167279 0.0302726098695209 0.246185940779948
0.256775780953188 0.0392436407424749 0.127082607627375 0.0345452235670968 0.237581197570689 0.304771549539176
0.203828704011292 0.12939957259752 0.162334774426476 0.168771844952738 0.150277550329924 0.185387553682049
0.137718248089623 0.113678521816996 0.219801222524837 0.257324179737244 0.257307091292304 0.0141707365389961
0.240731738210662 0.0715758332882752 0.171324975175902 0.238654328230529 0.221281590839225 0.0564315342554053
0.249111274019502 0.223545626662501 0.0586854206572504 0.00468094040453861 0.228157939666421 0.235818798589787
0.245240007586752 0.102849134542664 0.047072987023573 0.193360242101205 0.33845352007179 0.0730241086740152
0.0780562104771527 0.173522992119192 0.166766859245003 0.273300661723989 0.0281758519450713 0.280177424489592
0.183106706439769 0.0331355210718941 0.0751784304714468 0.367232023476385 0.107079011582123 0.234268306958382
0.0479597219512689 0.213560450009669 0.203396477095273 0.191992376014924 0.221155157471341 0.121935817457523
0.236453053322522 0.297449359387315 0.236356508399929 0.0234596094239255 0.0898032612612311 0.116478208205078
0.250454440245556 0.0632003939049111 0.301870465453775 0.0589000361941141 0.227247792637325 0.0983268715643191
0.0923471998668579 0.234476596210945 0.399932165412503 0.0360165937101157 0.230228012858329 0.00699943194124993
0.196130369121635 0.175707289994813 0.307750958686739 0.262977596136837 0.025259123950884 0.0321746621090917
0.212041778160604 0.153438628611813 0.241274039126891 0.1069226537709 0.117912209881117 0.168410690448674
0.251508220661224 0.12849777205186 0.232804928552613 0.0561045767729123 0.143256573426615 0.187827928534776
0.0631911191594249 0.144675284349807 0.228249200745392 0.0344804394625803 0.158766767403437 0.370637188879359
0.220375552386346 0.0958927888565297 0.0777728681112224 0.0954975848106379 0.213743685569439 0.296717520265825
0.132809838186891 0.301769613492053 0.125034784717534 0.354328160624577 0.0809654389661746 0.00509216401277105
0.125519613930559 0.0323780123504881 0.310251302546823 0.0474267949608337 0.30681354319677 0.177610733014526
0.312606149885993 0.117971869190876 0.0693589452000289 0.0835696609514875 0.398514939370106 0.0179784354015088
0.293722912307925 0.124074821164543 0.185365617483723 0.0648074327145518 0.313854084150548 0.0181751321787096
0.193140893185662 0.0920969554250568 0.142921774110801 0.39301188604649 0.0767561822586034 0.102072308973386
0.270892698277437 0.254074124379758 0.0722451330788244 0.0394061905029338 0.216581416819288 0.146800436941759
0.0440500924251217 0.0251731668926497 0.338088128077171 0.324539476819099 0.122268103309467 0.145881032476491
0.217127014020611 0.159542752156321 0.307865765402927 0.175238202577138 0.00941961811781845 0.130806647725184
0.024293999923145 0.291667393058571 0.11259765183953 0.299666594095457 0.0968792473410749 0.174895113742222
0.119840949202002 0.176832322866971 0.199981430717369 0.12094096393935 0.183598149324621 0.198806183949688
0.269843399188132 0.287167579232164 0.0216778090282558 0.0316860270282332 0.0910503114877623 0.298574874035452
0.227832155930031 0.144567343541352 0.0901312840636905 0.214107225822772 0.211784253824663 0.111577736817491
0.110716493870607 0.124170164644782 0.238795116227535 0.209944984618057 0.204388021905747 0.111985218733272
0.155371983966741 0.242878443118139 0.0438746904129189 0.177850192641601 0.256888854360796 0.123135835499804
0.160110898925496 0.197749962954027 0.195280515487599 0.0962156900306913 0.191954267747193 0.158688664854994
0.00724306448678215 0.199001372555941 0.277582141186 0.0751020440695457 0.269447661450151 0.17162371625158
0.119403000541773 0.292696771173163 0.0656318318409129 0.212720617585425 0.0212353228881387 0.288312455970588
0.138074312877932 0.135560704828678 0.202746826035369 0.248794472971036 0.177267081543327 0.0975566017436582
0.138644166402549 0.197098942655998 0.333892831275423 0.0821464895739816 0.213967406979879 0.0342501631121698
0.24972576771478 0.0150173478049266 0.0799634470616699 0.190809825028739 0.257383943079918 0.207099669309966
0.166478514572103 0.0639669560227489 0.37587773155456 0.0594159558318947 0.0429535616524838 0.291307280366209
0.0164677783242456 0.062658359747963 0.200046283508233 0.277596011775395 0.163591079140565 0.279640487503598
0.00657963465540889 0.0626989684473041 0.0582994179360044 0.143257612585301 0.198656401339083 0.530507965036899
0.205338009112907 0.221276712721891 0.0915370719128747 0.219169414943317 0.250875085233913 0.0118037060750971
0.00727570770133531 0.228400047814647 0.22880067645977 0.173254887297401 0.158621463855566 0.203647216871281
0.143617974452878 0.237973331553841 0.0883409648685344 0.158114889494556 0.251752867396711 0.120199972233479
0.0176169753017693 0.222489303473743 0.161296618499069 0.168875238931785 0.207926280299414 0.221795583494219
0.0841709966624474 0.0249990269101436 0.197378835842976 0.473767829764094 0.106474754671722 0.113208556148617
0.258722297808118 0.254109667963196 0.0513520116179071 0.0649332742000268 0.113030898809589 0.257851849601164
0.121381345122462 0.252926558590773 0.235019599563945 0.164922177576784 0.212918094910218 0.0128322242358175
0.343473184050437 0.0707080873952589 0.226869884426918 0.335427928006713 0.0108911656406323 0.0126297504800411
0.0911888493228819 0.139946201883291 0.135597391561692 0.189975133174367 0.243623327958783 0.199669096098984
0.269310047948944 0.188572674547197 0.204519811239428 0.0313121957108298 0.196462631829541 0.109822638724059
0.129366362975263 0.165729440980276 0.0820026889740041 0.193218457882406 0.261229539573482 0.168453509614569
0.189594004366033 0.0289215547530181 0.21151095369636 0.220287003482491 0.160079308895116 0.189607174806983
0.0141589798307607 0.323524736574528 0.0632724358172031 0.00698558495981469 0.231592044522464 0.360466218295229
0.20077555942258 0.288021664015254 0.207098891850689 0.113592086588598 0.148690735510664 0.0418210626122146
0.222539930539935 0.0814233313800787 0.153757233320627 0.246515404774686 0.140621357757157 0.155142742227516
0.209664857155117 0.190339758582098 0.269485990745563 0.104629841181358 0.0873290234689236 0.138550528866941
0.0861510942831287 0.332431228514233 0.174169418460544 0.0243506155671221 0.128657699686084 0.254239943488887
0.204196125035383 0.0794086859621257 0.250723112769651 0.0225580362320352 0.364403887062362 0.0787101529384436
0.0802853676135162 0.26160228328001 0.210544087320043 0.166551369603042 0.203037500210612 0.077979391972778
0.0133447688085788 0.156356461866807 0.322841454283276 0.24621271437698 0.150869895955475 0.110374704708883
0.103422745363426 0.201795283544639 0.180318466445351 0.192590674207948 0.143333511037768 0.178539319400869
0.307639725593665 0.0411183018516277 0.245877826278017 0.2247476633794 0.097435412551224 0.0831810703460663
0.117587020641789 0.185229420835107 0.30802903954146 0.0619877321904545 0.21371737546467 0.113449411326519
0.176853720279458 0.279865968202891 0.0272828093800273 0.256661269404732 0.186500852191402 0.0728353805414897
0.258081548778177 0.283639865462467 0.0776497646642964 0.163077602616438 0.0706075518681714 0.14694366661045
0.148503962221999 0.0538813708799843 0.193673701862047 0.127295563541549 0.344133432700818 0.132511968793603
0.285921911369089 0.102974804485002 0.201702500947802 0.212988260343038 0.0581495229191186 0.13826299993595
0.15980236349659 0.22921706610819 0.169613669160718 0.0515290167000043 0.329383465243297 0.0604544192912003
0.0623407202145347 0.197835020586447 0.300949589161673 0.245153549409613 0.0299181120595659 0.163803008568166
0.117067592506165 0.24797417253027 0.0575943690505322 0.111731674710703 0.136106333439159 0.329525857763172
0.311245276744416 0.269262685588915 0.241048371973852 0.0568353850460223 0.0561791091654161 0.0654291714813784
0.0301137227699387 0.320948464996417 0.131760185391379 0.0846277121915155 0.320323253323085 0.112226661327665
0.126704661493113 0.212039435111172 0.289414066351774 0.0236601153214072 0.0268484991598884 0.321333222562645
0.124385556210952 0.197514948105297 0.20221263007544 0.129187211840452 0.130130580086593 0.216569073681266
0.237241758045507 0.145642854702326 0.0312328336004968 0.0990881133417433 0.270009721759117 0.21678471855081
0.227415999823455 0.0633005997598275 0.147996527720175 0.199563147400169 0.218008970817756 0.143714754478618
0.231497863121674 0.0732713189037612 0.196062281382254 0.28467033213812 0.19541236501904 0.0190858394351515
0.289679057923142 0.10456069340849 0.095641242011611 0.180328250666706 0.121067292584789 0.208723463405261
0.148516083199105 0.00223773463302059 0.27624839767676 0.0201444025955082 0.344923800533812 0.207929581361795
0.292678919381665 0.0998855055164768 0.312974283830175 0.0183265893067703 0.0386758344408822 0.23745886752403
0.144028410723188 0.129945094955991 0.181466846150363 0.219706640974756 0.0715976640932317 0.25325534310247
0.122344454489668 0.116842476598415 0.136971011077966 0.18107923843126 0.278945945833628 0.163816873569064
0.0542817080410419 0.199511676910862 0.17225780197504 0.218639729193034 0.186245072395639 0.169064011484384
0.204935854999039 0.189485479089952 0.18356854848645 0.191095393616039 0.173801814053145 0.0571129097553754
0.0498203549952586 0.0301551218606851 0.0940311848850292 0.417192053350509 0.166523067670087 0.242278217238431
0.17565466919103 0.0386055841101345 0.221431933216573 0.250513478243767 0.149819872274743 0.163974462963753
0.232750405827122 0.0564156746231535 0.237749399064186 0.197776309166068 0.0865518887016916 0.188756322617778
0.232831379137292 0.325518955017951 0.0645089930266667 0.0361338857581858 0.244330015265154 0.0966767717947511
0.267404742036291 0.12192855038229 0.0199793248251124 0.206703615789151 0.125364675335846 0.258619091631311
0.0175848121436924 0.288082661864567 0.255979249730254 0.0777371848976826 0.272115545068587 0.0885005462952176
0.0926426956027466 0.243011085738895 0.100414647571247 0.270520937919385 0.132541145469061 0.160869487698665
0.19465489873145 0.249732890135167 0.0757502908175715 0.0814769181769489 0.374025413798034 0.0243595883408288
0.154980356783538 0.0468570087554867 0.244432543554203 0.232916160682119 0.106345665854353 0.2144682643703
0.0978227404076588 0.0972562279999369 0.290086800930871 0.131277734313423 0.199587988973529 0.183968507374581
0.0576880828091777 0.18523535570361 0.210902904986645 0.238287413743758 0.279731885015789 0.0281543577410207
0.208746595697568 0.174989418257539 0.180658300238188 0.0291614329030244 0.259469621757203 0.146974631146478
0.308488963314065 0.254053572869722 0.0212249629622511 0.0477381838805479 0.36081715111916 0.00767716585425366
0.0822901170087986 0.399400378076353 0.1109299834481 0.194247611606815 0.123654555401479 0.0894773544584541
0.121915453069022 0.152957117948617 0.22793576914887 0.209678660427906 0.138829792134913 0.148683207270672
0.139843519170242 0.232219619003917 0.221116887814803 0.0473408616512705 0.200145794437565 0.159333317922202
0.135034040236789 0.258446934919033 0.138975992401102 0.153624361508418 0.00660300842137667 0.307315662513281
0.0221930644550497 0.146634811593206 0.0745480708491613 0.263168470756347 0.361967236377236 0.131488345969
0.0539642065294399 0.0296301852734477 0.166476703661262 0.242965542663926 0.317284911532841 0.189678450339084
0.127645909664156 0.0944436815866711 0.137664708627644 0.28848459903765 0.228090638566851 0.123670462517028
0.223965837484271 0.176887081279287 0.12001384176092 0.0270175660279458 0.267551456807629 0.184564216639948
0.18349231817831 0.123226973310516 0.245321031382689 0.0113846076407101 0.321700977059045 0.11487409242873
0.214356215155996 0.203314205227398 0.0668361920266024 0.131755880912296 0.170355043885929 0.213382462791779
0.186886318021574 0.165641244062704 0.0934313748312075 0.00885005295948898 0.281301596533604 0.263889413591422
0.228237927313425 0.277397752760761 0.101480306155077 0.140972433387247 0.148796912268434 0.103114668115056
0.254157730885748 0.232430272669568 0.046094862141682 0.0170950485753417 0.0727490577983432 0.377473027929316
0.32850850163625 0.278087778208007 0.133142652854645 0.0905957095158565 0.0767109607272142 0.0929543970580265
0.2118439797699 0.108743673784329 0.328637198480909 0.19389051929707 0.0439688468513087 0.112915781816483
0.0963753788378663 0.105939759098289 0.278123542542932 0.187975692652974 0.224523370926497 0.107062255941442
0.260480106068309 0.279711781008642 0.088834353984959 0.0735903476829038 0.219046515479823 0.0783368957753623
0.0308659478022601 0.271407846003861 0.0969295659052294 0.0783121057116983 0.494734683023572 0.0277498515533796
0.126853260385638 0.429789125164393 0.0203137488885793 0.00371658446173053 0.307922247115784 0.111405033983875
0.00826328093930925 0.0602171101393456 0.150034735677765 0.240618382748033 0.237809522377458 0.303056968118089
0.276195277224079 0.0767719835471932 0.17465786786245 0.36681640173194 0.0614051188703791 0.0441533507639583
0.123781901313869 0.133622789016955 0.167156282994485 0.202880256257024 0.132469200543987 0.24008956987368
0.282816303905727 0.335364170865473 0.0310436564408771 0.224802242174341 0.104605902527419 0.021367724086163
0.281918068260282 0.205594912479505 0.0639066686783015 0.0472848042737076 0.118259671855533 0.283035874452671
0.196150821363574 0.0421324243696682 0.0429440347417724 0.233443703294243 0.284595703760826 0.200733312469916
0.161936633487385 0.261445923693503 0.311405321153723 0.0937835378111177 0.127850065328521 0.043578518525751
0.2655515153723 0.149842433742605 0.0922569924641065 0.123760562911388 0.116629675860809 0.251958819648791
0.335207573374726 0.0116269446332301 0.0264908562721637 0.239116985914364 0.30963514744069 0.0779224923648266
0.089097843584606 0.429068786126976 0.145037883490239 0.125838030220209 0.193565124620852 0.0173923319571176
0.178307857785963 0.204742935490719 0.185248965571958 0.0364147113630139 0.178233336987106 0.217052192801241
0.128450457853921 0.00594644513858095 0.0835657414807798 0.0697949362639156 0.146761962044961 0.565480457217842
0.0283974257649652 0.223809421707307 0.364853615304667 0.134163401167778 0.203202463884092 0.0455736721711907
0.0730364486377293 0.00425564992553242 0.0411297316293651 0.497857705236948 0.227169101622905 0.15655136294752
0.0310913133627796 0.177716639298233 0.140444546874986 0.00334225320829021 0.389469838703566 0.257935408552145
0.181804864595598 0.0986328085923483 0.324372312732889 0.283978933996637 0.0661747837254502 0.0450362963570776
0.315454867959904 0.0176638527958171 0.187679950328379 0.184864210459192 0.187186158796574 0.107150959660133
0.0313548705374597 0.0909120588515862 0.271384752265784 0.262650560587149 0.258629362043689 0.0850683957143333
0.212123317778422 0.301154814834949 0.151782199661835 0.076665571763918 0.10342828819767 0.154845807763206
0.11068811571608 0.327926602937163 0.0193722845260426 0.193798314703963 0.0887756897962613 0.25943899232049
0.133155167735624 0.0827961306972265 0.150646201224137 0.141577398549219 0.171613390424811 0.320211711368982
0.213671677834747 0.0695894330924613 0.101059436137036 0.262574438330342 0.271427523311196 0.0816774912942172
0.135415864032627 0.190298104765468 0.0780718705097195 0.225591185815384 0.197923725299642 0.17269924957716
0.16959089034479 0.210548192051943 0.275308646045866 0.214534447680266 0.0883328168837968 0.0416850069933379
0.210255410249896 0.0565650987233105 0.246425415723096 0.160338640371753 0.108786211212498 0.217629223719445
0.0192188346490504 0.344351792481483 0.285052324688743 0.0853534041826017 0.0631057220085041 0.202917921989618
0.113438508976024 0.261085031507797 0.122383476870084 0.108991595014717 0.169103948767956 0.224997438863422
0.188157841771846 0.0600695802860881 0.0140719400801498 0.263388328311918 0.158718240053743 0.315594069496256
0.258153887979942 0.199428094009544 0.300653594606836 0.233091903656683 0.000542157211212348 0.00813036253578296
0.445985920405064 0.013956063834006 0.165564392245556 0.030351374659885 0.077742662785292 0.266399586070197
0.0579705990461927 0.345760894988533 0.225714092387888 0.16911724955304 0.0965083161760861 0.104928847848261
0.17909304648822 0.23048002351113 0.129509017912778 0.173921885780245 0.0554479450745569 0.231548081233071
0.125475715817494 0.169905610703365 0.282498673167337 0.043229923726834 0.348933077137284 0.0299569994476864
0.220543994676084 0.0582093704857913 0.304773717729046 0.278266881713551 0.0198738863963715 0.118332148999157
0.12497037016268 0.209700821210894 0.237978963652409 0.19256457212897 0.0738631825424928 0.160922090302554
0.184360813839046 0.208367313677609 0.236588867802383 0.129489499453595 0.223480628794914 0.0177128764324534
0.109647976615992 0.0442956302172455 0.131294147832959 0.467646333197983 0.212513429536959 0.0346024825988607
0.0146837157245609 0.0137150460015042 0.40857180517142 0.166568558273274 0.192984897576768 0.203475977252473
0.00708781889305662 0.157046005569757 0.0857727479982224 0.312699871956582 0.16196938348128 0.275424172101102
0.225923997121455 0.179105991631871 0.0477231586878645 0.213257954199511 0.242152520750776 0.0918363776085221
0.186756713004077 0.109378244408727 0.14855237026186 0.197689313374987 0.147649341624413 0.209974017325935
0.085591735381009 0.279108820625127 0.111039860298817 0.238862948526224 0.152148516918392 0.133248118250431
0.210566925045979 0.153147509039876 0.122121413701108 0.185428213615805 0.208094027613382 0.12064191098385
0.245737371123623 0.108789809723484 0.115122616462031 0.248559029274096 0.259866573963309 0.0219245994534578
0.182794943484599 0.209569210797237 0.0464843053300531 0.118012925802617 0.138648587682032 0.304490026903462
0.161724291074567 0.156038715860184 0.26168020423479 0.108903848904146 0.235274794714755 0.0763781452115582
0.113035124904459 0.0385947897048046 0.150064503161275 0.258228333254773 0.285552879947425 0.154524369027264
0.261688057472087 0.226694853827478 0.317467411301828 0.0382403954977353 0.154919044403786 0.000990237497085056
0.0835112582966491 0.230006977792178 0.193319534553405 0.0772933880276215 0.189989861975178 0.225878979354969
0.234882610442732 0.0243835722054589 0.0614679380739135 0.316282141652478 0.0503597396507572 0.312623997974661
0.0813070674414532 0.1165414685839 0.0421909662140916 0.200447310922553 0.289425746184618 0.270087440653384
0.27711531949175 0.246323640347566 0.122048749259428 0.0842423607798546 0.0907471323668987 0.179522797754502
0.133212226243403 0.0529384872624545 0.198883482248096 0.311591971646402 0.300528202993197 0.00284562960644688
0.131465794559758 0.0341026754025742 0.0636515774834113 0.255670774669141 0.279009168283874 0.236100009601242
0.0513678085605122 0.233614964154627 0.265828840573371 0.182489743982454 0.0415693284203891 0.225129314308646
0.159976890139698 0.200526099275916 0.117590557764592 0.142631079171102 0.050339378572461 0.328935995076231
0.144202393224405 0.228177662344301 0.166060401109592 0.0872873043007944 0.174508824727315 0.199763414293593
0.224412871118809 0.169927477337476 0.11394632280551 0.258328422138888 0.0374875400452768 0.195897366554041
0.154086535271018 0.155580124691931 0.125635839430005 0.20961782302848 0.141129057718128 0.213950619860438
0.152178072084452 0.298562612903358 0.21113074873842 0.068153742396203 0.0449560527192629 0.225018771158304
0.418614871510718 0.146529460433868 0.196291473923739 0.0395433598675735 0.00406621867938849 0.194954615584714
0.120338009974223 0.0242459482376945 0.235707512318129 0.145968752677935 0.108059047743747 0.365680729048272
0.0156494044898594 0.394790893565219 0.0186695226073083 0.261573791489271 0.185659210552204 0.123657177296138
0.10539176181595 0.0795630012849855 0.0755684004243212 0.274293961569658 0.396905126841893 0.0682777480631925
0.109253158298163 0.0766253226155384 0.0777711824920533 0.114091064110832 0.291440022876239 0.330819249607174
0.182375035867735 0.202806051150961 0.225068636184517 0.109299991454516 0.117081236170226 0.163369049172045
0.165479024018487 0.0796427797101947 0.0832049021754254 0.254885996222796 0.165365068372967 0.25142222950013
0.114516699394778 0.236261976120915 0.0081401592939252 0.22016117881552 0.141914644319064 0.279005342055799
0.0228621689972136 0.244787312126809 0.0563998720409467 0.410127166693048 0.193453879647326 0.0723696004946573
0.132733752465603 0.186790011974502 0.0927963643703532 0.140038038327416 0.223821925293055 0.22381990756907
0.0154818879312171 0.207088608469731 0.200262518866109 0.206759141810149 0.202083155672109 0.168324687250686
0.117549374321851 0.293611643807749 0.185733174266028 0.0494358719900577 0.0504326214138255 0.303237314200489
0.141791725813353 0.131559992128686 0.143259710339652 0.133938315560591 0.220770653722017 0.228679602435702
0.177423198550238 0.156981324969269 0.194097052967335 0.102691786212119 0.135665407791623 0.233141229509416
0.212773556621697 0.199892784236383 0.167238510912537 0.1681876656019 0.145715528118944 0.106191954508539
0.0317837261018113 0.230066982133101 0.0990228914308615 0.22109848491659 0.185330151918518 0.232697763499118
0.165739215781123 0.0686112806985825 0.141500348526695 0.399704212992361 0.190878434057765 0.0335665079434743
0.0810224496041761 0.119485373067861 0.173540737984766 0.189379938269241 0.219881924373383 0.216689576700573
0.188884361034516 0.251533522269365 0.0331781968440023 0.227412614198779 0.259443798433327 0.0395475072200104
0.133378123403847 0.00562284613821571 0.311833119087251 0.0442591303599915 0.366110503141264 0.138796277869431
0.242472364829982 0.172797439325745 0.0681840103537283 0.140365133174443 0.155455486508728 0.220725565807373
0.0633675672745194 0.120068298263407 0.113393018544976 0.207718547570477 0.347672081684199 0.147780486662423
0.084261143203317 0.230295324838962 0.213496937382429 0.107199550775224 0.179954890988852 0.184792152811216
0.0941729974698152 0.26080010892072 0.260348441158402 0.112453713962569 0.0225459147892189 0.249678823699275
0.319202492470452 0.104202206358873 0.0428448174105592 0.0900176176451555 0.158308035214057 0.285424830900904
0.171843060134872 0.25278595920538 0.129639653590035 0.170085323419521 0.206102987400571 0.0695430162496211
0.174534307162598 0.292269648399096 0.274179184431365 0.0720813497446988 0.0586612744171325 0.128274235845109
0.261698767373887 0.0147501338228554 0.175911853812185 0.267855747979205 0.202546856058685 0.077236640953181
0.151642453521784 0.244332892682007 0.24380607254601 0.226846586005102 0.0889739521608666 0.0443980430842307
0.115738154756634 0.177868666187231 0.0916793297538177 0.235885884680941 0.203362345738217 0.17546561888316
0.0216353675170813 0.293702501602392 0.133523635705207 0.218420718774423 0.206838817710851 0.125878958690046
0.22505072602513 0.0678353189316677 0.198691066123711 0.253861426663149 0.0392719779597528 0.215289484296589
0.12842484125093 0.0634087695189627 0.205858500534279 0.214613861449904 0.148886131242867 0.238807896003058
0.0843931549442917 0.104137346137518 0.158596611922244 0.281761976093835 0.360546254563793 0.0105646563383181
0.244002001738764 0.229987402773427 0.11547547699083 0.0447543812499698 0.357523140245986 0.00825759700102361
0.188239400492455 0.197770823301836 0.198727145282808 0.112489565242525 0.20708508361915 0.0956879820612265
0.124408928565092 0.0697908450074496 0.244895722794195 0.108548694009974 0.361900151911432 0.0904556577118565
0.231097144705588 0.160326077237201 0.221804350154488 0.153797253456422 0.0811975732317841 0.151777601214517
0.231062873774842 0.202145404989022 0.194961915229937 0.221246586060569 0.0950720334318253 0.055511186513804
0.0652648162564236 0.0573458581911932 0.0894131236011949 0.0225005213479528 0.317486534796368 0.447989145806868
0.133321240573317 0.190311523742508 0.172956786558106 0.200377635298804 0.169787519448263 0.133245294379002
0.29040375943285 0.0574517258732435 0.293344356178501 0.227292156620554 0.0519938030166769 0.0795141988781744
0.0592565466760705 0.0396306685900357 0.0828269833402922 0.316488489366959 0.311622836838203 0.19017447518844
0.16705916800325 0.124204299776395 0.180304446375833 0.0743678102056674 0.227497008661165 0.22656726697769
0.197946331161602 0.230673045251804 0.233464979015458 0.131238986262571 0.0540443792135717 0.152632279094994
0.157013001064242 0.0732119331378981 0.303357762052065 0.121915053372857 0.260262520539936 0.0842397298330019
0.0722001778245832 0.134068713721073 0.17945814065513 0.253987443494057 0.111255117348406 0.249030406956752
0.0122714797155499 0.327450574043003 0.054567453803861 0.269260050808339 0.0931125517671293 0.243337889862118
0.224243885500036 0.227374255106625 0.0274643827588959 0.0831196910200613 0.186781294633116 0.251016490981266
0.0272386623325109 0.287646701722423 0.491818535114568 0.0321585380874968 0.125304947915252 0.0358326148277495
0.153464767700181 0.191788348053776 0.202377921778274 0.234927274236094 0.0468064008703668 0.170635287361308
0.117105430755584 0.0941477753745689 0.159583522951458 0.26084266309784 0.209619098406663 0.158701509413887
0.100506635302144 0.213699216663813 0.161951849671001 0.206482233250614 0.0183068517886281 0.2990532133238
0.11293406959588 0.223051849269308 0.0467786367862763 0.169910801288983 0.144458095816751 0.302866547242801
0.266112771152218 0.201777317305955 0.244145689976965 0.0755560267799552 0.0268602534848814 0.185547941300026
0.0899771839558767 0.0381690433681768 0.320331505980195 0.130812599319544 0.0961233668572919 0.324586300518916
0.0680810663922759 0.130072686622105 0.139116887111234 0.248017025593999 0.292683074359643 0.122029259920743
0.188748202251115 0.195173247954864 0.160635231181323 0.102860400973893 0.207672008017383 0.144910909621423
0.157662598551144 0.166625305543819 0.0467860375161522 0.0760261853376495 0.332075882910504 0.220823990140732
0.231828996587052 0.166766077969393 0.2041370036578 0.0951620965372979 0.128039012473916 0.174066812774541
0.215923831157191 0.24422375497456 0.211180824554877 0.161783667383638 0.0980783476522975 0.0688095742774368
0.202364498784252 0.148313206514335 0.131015222327899 0.197189572293538 0.184432811543139 0.136684688536838
0.12930564904982 0.219690632977622 0.247911825225974 0.177879168160242 0.0315870998049018 0.19362562478144
0.0477953216847221 0.263505702593877 0.159101205900845 0.12432647819175 0.167551785258338 0.237719506370469
0.120034019365043 0.0940759760898536 0.245685016016023 0.0872802240611603 0.282698814301783 0.170225950166137
0.292895452434889 0.178942462176507 0.276675432739381 0.202131069070272 0.0375872093293048 0.0117683742496468
0.262922704544792 0.203593234215591 0.116611160093144 0.187926255620869 0.105926403090265 0.12302024243534
