0.00124565838217042 0.200139599560986 0.180102358267158 0.344864086445803 0.273648297343883
0.306273356601284 0.166845182686855 0.073936136182279 0.109900120665477 0.343045203864104
0.0445025277140649 0.296468585023446 0.373805595952011 0.198000985375154 0.0872223059353244
0.165074885670125 0.421615855771557 0.0805580541320402 0.134754350761362 0.197996853664917
0.257214059865153 0.211611508285429 0.156316935755786 0.094643855200252 0.28021364089338
0.195179561954153 0.156017417739838 0.239807138661049 0.33125629289068 0.0777395887542796
0.460913123146597 0.0488488801619864 0.348444691312727 0.118132892267097 0.0236604131115933
0.234537231362568 0.167718980267988 0.218139058413018 0.139476740284813 0.240127989671613
0.356521121632008 0.500770181143748 0.0354976615765759 0.0150190699566403 0.092191965691028
0.0823878983254521 0.100593452735106 0.244932197725739 0.357015110426576 0.215071340787127
0.210456521656949 0.234795701464301 0.175491515011772 0.341449618507272 0.0378066433597064
0.153310810383123 0.118486697145806 0.0674240802839189 0.150513980210665 0.510264431976486
0.365345282202618 0.0854380228910692 0.0342547820130797 0.0235109994731094 0.491450913420123
0.263113798986302 0.236457302533726 0.105839498397053 0.323738751382027 0.0708506487008918
0.127690560958281 0.319546783650394 0.266753122532057 0.186537040789071 0.0994724920701981
0.0955896007874379 0.152331674293282 0.24500318734616 0.241177436980844 0.265898100592276
0.0827312461566501 0.0294692451081286 0.407508579134307 0.393773645808568 0.0865172837923461
0.251066189237937 0.0967157758850023 0.274333176413852 0.11369994619412 0.264184912269088
0.285837220667115 0.301242907268719 0.112628997739038 0.0444136482189578 0.255877226106171
0.305634499425755 0.355096292738025 0.121998981247985 0.13287240430744 0.0843978222807954
0.293329727596455 0.178791611921623 0.215065424647664 0.155380021974887 0.157433213859371
0.165929327100648 0.0213600113176211 0.319888693890833 0.313477603852882 0.179344363838016
0.21795415055991 0.498584213661669 0.109856165757736 0.10577564149494 0.0678298285257448
0.224892047368982 0.325776120434768 0.153537437162619 0.0953847608961808 0.20040963413745
0.256768362248889 0.210510543185493 0.0780928557381178 0.199237509949941 0.255390728877558
0.0434647181960709 0.2391995192635 0.128294396155296 0.30203339876695 0.287007967618184
0.360122961521054 0.199669182422476 0.225307894808902 0.0549928550233164 0.159907106224252
0.245124811141726 0.238077843766241 0.292930144273419 0.0946942810857761 0.129172919732837
0.287863439029395 0.044255094091758 0.266207322768419 0.138663990972331 0.263010153138097
0.212221543465052 0.272830506955495 0.0428305306621907 0.0521696895523623 0.4199477293649
0.2105335448879 0.165616086623948 0.195858258446765 0.140231415917926 0.287760694123462
0.474805562141618 0.0777666518466647 0.061465746185345 0.0930330290698169 0.292929010756555
0.193817982598537 0.314680545791731 0.262957949468489 0.0131293801051596 0.215414142036083
0.3553795798803 0.2931219470013 0.313963158016058 0.0224741842587417 0.0150611308436015
0.275395127820596 0.20654556587414 0.250839425044714 0.171120781261478 0.0960990999990714
0.109991107150455 0.213870354102933 0.113595367403936 0.230002940610269 0.332540230732407
0.0761887282971554 0.342032305136335 0.0238669641398413 0.248687529934004 0.309224472492665
0.119694161379289 0.238608968422361 0.294568733523837 0.303128464172517 0.0439996725019961
0.0838026540450046 0.262636253483962 0.339189594086912 0.296715101843994 0.0176563965401272
0.112000775043386 0.286173600455985 0.187870223815186 0.270768371995129 0.143187028690312
0.0587301390813256 0.0756522378214919 0.332901681690273 0.306268975658638 0.226446965748271
0.128818528216479 0.0752892707871461 0.0901608138470552 0.441708694150658 0.264022692998662
0.027318083708614 0.258987739889086 0.239708435866887 0.308745293454027 0.165240447081386
0.00125464931358473 0.317994251192467 0.322309296799212 0.329852077676396 0.0285897250183392
0.126538300393673 0.290861652438737 0.114550203637199 0.169254134057359 0.298795709473031
0.0965166264746567 0.000924810517590085 0.0962880214850858 0.336857298373411 0.469413243149257
0.437823063044814 0.0256990958735492 0.115655174725671 0.401857004949347 0.0189656614066184
0.325048442635577 0.267130239701805 0.0683706693376921 0.114914867213714 0.224535781111212
0.155461399180408 0.271400257019845 0.295809595094851 0.0470769339995967 0.230251814705298
0.410252160777144 0.0718073190473643 0.266426484639057 0.0204956559300612 0.231018379606373
0.0813552062598816 0.279269016456299 0.256102468509348 0.168988492033392 0.214284816741081
0.0198897636550657 0.140580774594199 0.35895370995384 0.0557213411658798 0.424854410631016
0.0947045870273519 0.051794904143407 0.290896140434203 0.304912850576881 0.257691517818156
0.339969523414 0.137051479197655 0.0756892312749681 0.175154208932626 0.272135557180751
0.155845009182294 0.0354883574366134 0.310890838035013 0.255968184333779 0.2418076110123
0.00942896511408981 0.225054811527297 0.235582501065716 0.277645384987739 0.252288337305158
0.198351606799305 0.252366770643952 0.134355618806794 0.0989248649677756 0.316001138782174
0.247411634480616 0.220594436611903 0.189748817868597 0.0340530549930282 0.308192056045856
0.300730206508702 0.132806229955779 0.220292310452163 0.19739013202103 0.148781121062327
0.336646009842355 0.0147599621640593 0.38809635876787 0.141401191728677 0.119096477497039
0.130344613909669 0.196408153280059 0.375634784336211 0.038147117973305 0.259465330500756
0.380989088072531 0.302623742732306 0.124662780851433 0.130562633648786 0.0611617546949436
0.144424680052603 0.0843481852155398 0.274267007509608 0.265974971413944 0.230985155808305
0.257268299139928 0.136856728153364 0.264006025478664 0.0815923677315018 0.260276579496542
0.239855297554272 0.0473587183041515 0.238544304905847 0.215911792842096 0.258329886393634
0.421981868496119 0.0442772474524178 0.232441293973508 0.0851254277863814 0.216174162291574
0.0805729264747113 0.0232089161507485 0.373878539210914 0.152473864697302 0.369865753466325
0.189379666476894 0.335383834603423 0.252188667637214 0.196680064130726 0.0263677671517428
0.199212643393763 0.26791638696978 0.213084601370947 0.222515063360145 0.0972713049053662
0.135271381933218 0.335807802078012 0.1100059679108 0.00161821999652363 0.417296628081446
0.0613413032123834 0.275262962795773 0.178270162703215 0.344416680122931 0.140708891165697
0.379368495295218 0.117178500019852 0.0655343861931451 0.117752509747319 0.320166108744466
0.28720046566924 0.0464875506989932 0.251861697222493 0.200112006097676 0.214338280311597
0.183010520152906 0.283833493369987 0.252882828615948 0.053910075029962 0.226363082831198
0.240397404330189 0.27613369150271 0.0280692040133375 0.146891883930275 0.308507816223489
0.12401043725642 0.0984602803320666 0.0577795752542286 0.45396853016365 0.265781176993636
0.194928093161383 0.138233816987853 0.320568509605377 0.225935458396234 0.120334121849154
0.288075164742517 0.170302911622193 0.280028648766266 0.223904924947151 0.0376883499218738
0.197998622194011 0.32356504204813 0.0177960452051315 0.203829718177744 0.256810572374983
0.0906798044512918 0.121709373714654 0.283001442506915 0.443857816948647 0.060751562378492
0.320373010894996 0.338345897574831 0.144801865562937 0.0185902186447259 0.17788900732251
0.255553534219284 0.313578686782992 0.314467403444701 0.0859335866629882 0.0304667888900349
0.11502035124735 0.257148743182926 0.180519851535436 0.170880996395294 0.276430057638994
0.294273389502219 0.0607696567588835 0.275171818532562 0.188209857731662 0.181575277474673
0.272737564105924 0.0022284121204131 0.340837539723933 0.137937345355983 0.246259138693748
0.121189515762608 0.00366498168441228 0.132067758356537 0.232731925223494 0.510345818972949
0.232646990231442 0.201084709682936 0.190065237040331 0.247910398026736 0.128292665018555
0.112499517291197 0.0396764939716818 0.462165509899398 0.252948415122509 0.132710063715214
0.249235653721215 0.324196966539786 0.0116564086750409 0.244637063677715 0.170273907386243
0.178692218547517 0.110738167138718 0.252426581239283 0.250811075762889 0.207331957311594
0.14885671579474 0.253565674778496 0.146880712384732 0.363373062598956 0.0873238344430754
0.137206088910734 0.0475969237215825 0.228338569081772 0.244585126194729 0.342273292091182
0.348710838867567 0.132229896927306 0.139764574407196 0.358507399322356 0.0207872904755744
0.255556318641536 0.245804838924406 0.32450434734785 0.100245990434668 0.0738885046515402
0.0293434637497968 0.262430230452418 0.227308821238087 0.235630598342801 0.245286886216898
0.175768258301816 0.264447435229619 0.194360239251607 0.170706986884241 0.194717080332717
0.292646307756643 0.226406860881353 0.158102620090538 0.209299835937201 0.113544375334265
0.255381749964097 0.160735285345881 0.16713935234739 0.241582935047642 0.17516067729499
0.283277350477091 0.199246608755722 0.0420368301760604 0.276654800486199 0.198784410104927
0.345541958439866 0.333144953939844 0.00598199423378689 0.131289955975922 0.184041137410581
0.253640233221276 0.084857829197914 0.250843209568383 0.111490784370208 0.299167943642219
0.426338387580805 0.134395185548846 0.0891446669189692 0.0550268631463336 0.295094896805047
0.100630522959857 0.532543032199225 0.0720712680113557 0.23427801176621 0.0604771650633518
0.209876791035141 0.198080328186573 0.127671003679292 0.259449361757949 0.204922515341046
0.0284999872818352 0.202415051693707 0.124669896520552 0.184715918615871 0.459699145888035
0.143629910369681 0.134778773223924 0.278995125290159 0.27098233674542 0.171613854370815
0.200037119390744 0.144690271103938 0.171208669388928 0.225670578958977 0.258393361157413
0.395128013983362 0.0806311745339177 0.29025114487379 0.0716197834674234 0.162369883141506
0.137057451801226 0.195981224922915 0.1043765007997 0.293488528355503 0.269096294120656
0.332426959920827 0.269287368809185 0.144305953092331 0.153528701225636 0.100451016952021
0.248353737381649 0.257915691242489 0.119887257385498 0.129695609081121 0.244147704909242
0.117589295815018 0.304539421193349 0.0121227291400879 0.324271008405138 0.241477545446408
0.145681701099604 0.125261582338906 0.242045891384375 0.156380214658258 0.330630610518856
0.267155986080068 0.374624651878673 0.0112949355914078 0.2735591292676 0.0733652971822519
0.187219074051543 0.411690167339694 0.0217417905060711 0.0607328715763646 0.318616096526328
0.337847266366636 0.256870828327943 0.20065072442655 0.0490595020985858 0.155571678780285
0.0938787863644989 0.149094244328934 0.279077977552941 0.15853340923817 0.319415582515456
0.0805050570429784 0.129745778300213 0.398799503684413 0.0802132258676363 0.310736435104759
0.247172508423236 0.385647663708105 0.347888126794743 0.00645364419637241 0.0128380568775433
0.0798419129364132 0.126710662833379 0.0732706084584766 0.382156780515823 0.338020035255908
0.319131298395407 0.166831674691786 0.20305819917592 0.0813272125507357 0.229651615186151
0.203499263349263 0.210567502208818 0.22312877894134 0.21513452397627 0.14766993152431
0.370319342279872 0.223493023374249 0.0235776880754855 0.212135970153708 0.170473976116686
0.316733980235187 0.00306605542054661 0.126112893414548 0.0351420663827889 0.518945004546929
0.135696073571237 0.0926745064506104 0.0845999542021922 0.131651605622828 0.555377860153132
0.235469455079975 0.214043135790084 0.23910299848573 0.141173086601053 0.170211324043159
0.409475132527562 0.23471290236825 0.207698628983666 0.0210348890488423 0.12707844707168
0.183614311773857 0.210229725754362 0.232043745165255 0.119990748014255 0.254121469292271
0.253508188317418 0.166606773955473 0.2915558545913 0.200169498351632 0.0881596847841771
0.236897156726471 0.107737312901489 0.262946267825653 0.180110919898138 0.212308342648248
0.233691512133705 0.274094979911595 0.0808560561870208 0.175914469366582 0.235442982401097
0.205600573481309 0.405526192204501 0.00161571407648416 0.0138924499648581 0.373365070272848
0.199519228918555 0.0915857515643038 0.310897071176125 0.230646289054302 0.167351659286714
0.293788727029063 0.278618649196283 0.0892959775489757 0.0115600168118446 0.326736629413834
0.374570165215594 0.175643518195017 0.242386350786372 0.0516895895767551 0.155710376226262
0.238875339750675 0.293791068441841 0.210926361287878 0.0671744546199749 0.189232775899631
0.347893599449 0.167683508993659 0.101707256484924 0.123208413586586 0.259507221485832
0.242122540422353 0.196251585621704 0.149326263725614 0.0311035465893355 0.381196063640994
0.274392393563244 0.18237171566266 0.236848383602716 0.159134640236516 0.147252866934864
0.261993834480005 0.24307213492402 0.0812229958881242 0.0895038836215396 0.324207151086311
0.0702056259543822 0.254761132161528 0.253068099048368 0.382256872369989 0.039708270465733
0.0234561962240235 0.264017226911132 0.250205383479395 0.121927473465383 0.340393719920066
0.0643404684892297 0.136368345740489 0.173477690341851 0.329119574583442 0.296693920844988
0.215735648214621 0.0817491412553443 0.226402994941554 0.46969780886138 0.00641440672710113
0.282560870956529 0.280166316187568 0.0564714829211754 0.166514852093539 0.214286477841189
0.058895535642505 0.499660792278203 0.131592273772635 0.306820424895631 0.00303097341102569
0.248579343845335 0.269252334483396 0.0890633146388129 0.25546703322559 0.137637973806865
0.243019180086008 0.124707904666292 0.253034594824922 0.161675177893239 0.217563142529539
0.31105862101121 0.0135539876957042 0.569019926304356 0.0465692279892529 0.0597982369994762
0.11908336173188 0.397535566332298 0.0632915134936823 0.112273795363029 0.307815763079111
0.314208314573372 0.171113835869758 0.271032829314863 0.0504848107482169 0.19316020949379
0.0698163400883176 0.159726554327112 0.181087907978552 0.242248328921668 0.34712086868435
0.179111688757475 0.285415470253253 0.249283597393815 0.257924142503655 0.0282651010918021
0.355508180372031 0.000833901501274495 0.124710223810242 0.294451847514043 0.22449584680241
0.0563572985794146 0.0569805741036398 0.252814164738275 0.293039774359249 0.340808188219422
0.279787919064988 0.226051682985145 0.0540953787958194 0.252301611114307 0.18776340803974
0.348758210491689 0.124622272595364 0.0347077882722367 0.143767718293455 0.348144010347256
0.128812580881459 0.284992853286965 0.272730774491701 0.185085484452118 0.128378306887756
0.201693321359538 0.381702322127976 0.257437339224924 0.0276185562329453 0.131548461054617
0.291437220443661 0.131221305144019 0.236973627860822 0.259071550391656 0.0812962961598435
0.208710712815605 0.183175516756796 0.246990393965906 0.0642839386037203 0.296839437857972
0.270892241536701 0.227053815659623 0.188004582352861 0.00886471054306064 0.305184649907755
0.0565312393726089 0.423080853488869 0.287149179467968 0.0554856959524691 0.177753031718086
0.415586020053358 0.0208173964497093 0.467477300291036 0.0510079308820817 0.0451113523238148
0.0715721368924793 0.13831002359366 0.269622316644941 0.358891287764215 0.161604235104706
0.219584603118044 0.0775131168536005 0.259951166335369 0.193895836289821 0.249055277403166
0.0897767771695992 0.250772998634969 0.131736946446729 0.311855140822758 0.215858136925944
0.218144175897898 0.214682209055333 0.30370539846859 0.237454648634925 0.0260135679432547
0.12505380237044 0.226229508134668 0.226077945695536 0.236100378995515 0.186538364803841
0.198979346688987 0.298772579570392 0.290881705468144 0.175224156788927 0.0361422114835505
0.261916846005219 0.102316641576699 0.260518179655049 0.129575638333331 0.245672694429703
0.135695885756523 0.385496527894243 0.232417324284276 0.173259503576064 0.0731307584888938
0.0454775318122791 0.454566280775582 0.388800701663174 0.0337226257854111 0.0774328599635534
0.0790762054206899 0.164964970408565 0.12192911485582 0.226868392158533 0.407161317156393
0.193967633653912 0.371719105480924 0.279467632813453 0.0348408066957332 0.120004821355978
0.393868142155301 0.0312508931038584 0.265786749576752 0.0651059431261543 0.243988272037935
0.0741171996051382 0.405446133618157 0.0990074023133432 0.143168967388891 0.278260297074471
0.0568501171247981 0.0981441893400899 0.272317314474422 0.294675705777791 0.278012673282899
0.288066852263763 0.20652643576891 0.140202461508409 0.230159001952582 0.135045248506336
0.207043123703003 0.195277226989605 0.234944587757772 0.137489049926289 0.225246011623331
0.135725967643373 0.139436917166848 0.272184885889413 0.270020486088273 0.182631743212093
0.266753442905803 0.136214933548163 0.294658802521284 0.108910947405865 0.193461873618886
0.347463290405039 0.0168935809007575 0.221956303406551 0.336027835769847 0.0776589895178062
0.138148469300152 0.367221584128132 0.216017094501753 0.197519435963034 0.0810934161069286
0.336060389379021 0.0236575151809361 0.261052806684715 0.197908273122775 0.181321015632554
0.358592479103175 0.0323416372649454 0.0417325463499489 0.174409043631669 0.392924293650262
0.327410475798688 0.0548301060951751 0.0393091152332387 0.345227791024812 0.233222511848086
0.24690561724372 0.047487738918586 0.138292498148468 0.280263792462338 0.287050353226888
0.158871527617229 0.309473633322198 0.233695388502167 0.0186389917637839 0.279320458794623
0.31052569026424 0.0899104082499942 0.110698292192139 0.293089450001625 0.195776159292003
0.374417891090813 0.0394632034075506 0.0157460561262245 0.275205849525252 0.29516699985016
0.287985311202236 0.148269656763895 0.0698030955154076 0.206706465646063 0.287235470872398
0.0378770661748897 0.390670838318213 0.251344684426257 0.12357034745072 0.19653706362992
0.284214849914908 0.140763059961364 0.250947570151732 0.00225188828816272 0.321822631683833
0.00812114906490894 0.158223584332765 0.265907827218463 0.365991181171976 0.201756258211887
0.107126975595221 0.231009731683668 0.249100320684769 0.210989963004117 0.201773009032226
0.134665556869357 0.099518760876768 0.125453696161836 0.215849486849543 0.424512499242496
0.171864691577917 0.269490753440359 0.266782335337244 0.0345912750230967 0.257270944621383
0.133180031440504 0.162938018237384 0.193570499424179 0.0974203364395513 0.412891114458381
0.335178255132997 0.106677200484008 0.119001556560187 0.190050511892217 0.249092475930591
0.360681804911515 0.169029218731743 0.379468620113569 0.0624338640079207 0.0283864922352528
0.575424292699069 0.0271912211052181 0.0187449803324574 0.329871692618844 0.0487678132444118
0.233185379245175 0.170436211913713 0.0618284218208097 0.308784858617418 0.225765128402884
0.434315101936635 0.103329023811535 0.172088174700259 0.204435812795222 0.0858318867563491
0.0497524169717982 0.256666112642648 0.256418691147292 0.139413123325034 0.297749655913227
0.0687594070402678 0.295342027726105 0.179828387286046 0.266659294175781 0.1894108837718
0.24035352130424 0.175941767957807 0.325507173637082 0.162620326927804 0.0955772101730677
0.161683335371035 0.460402995732041 0.0362689737568818 0.0643490220815401 0.277295673058502
0.349541731495337 0.220298809167809 0.238364586124662 0.159548980371741 0.0322458928404515
0.0580815941635131 0.28552264797084 0.15364529505696 0.228988764982822 0.273761697825865
0.236100748932498 0.249957725525805 0.110936582077762 0.245279275952344 0.157725667511592
0.113484079618057 0.295932880230735 0.24932534547213 0.261224164466165 0.080033530212913
0.104597718131873 0.167331351595429 0.492936976203356 0.175291259174396 0.0598426948949457
0.222018503974863 0.153503672057041 0.221802763593609 0.309280874349366 0.0933941860251213
0.513105895915453 0.110619851807895 0.158494945884573 0.0514064782368949 0.166372828155185
0.148912579049485 0.143557088713224 0.165163560845267 0.172989325581196 0.369377445810828
0.171076757390846 0.25571843720002 0.270149533732884 0.206208036686757 0.0968472349894924
0.10901837575373 0.31033834297547 0.127759842580881 0.38390473738053 0.0689787013093894
0.269651463224341 0.252451797812999 0.1263754688765 0.134187594305808 0.217333675780352
0.360316419199132 0.0681559392728117 0.106933703523194 0.256644002491645 0.207949935513217
0.0717391152941022 0.202149803483869 0.0123223462635955 0.268424461206895 0.445364273751538
0.242831796791646 0.335890259517965 0.166425854639643 0.0907132347356001 0.164138854315146
0.0199401229717571 0.328068999879925 0.2086270186032 0.0543464851264167 0.389017373418701
0.0934022148889254 0.194854939833069 0.290616347304546 0.146030853857097 0.275095644116363
0.114267939936645 0.145889495550178 0.248201610310351 0.193948035507567 0.297692918695259
0.386671759091094 0.0200011471804312 0.188561534254133 0.0433328283695792 0.361432731104762
0.0917853006444396 0.417239382685704 0.0186348803528542 0.340443052344853 0.131897383972149
0.0441818105488822 0.0867847998239588 0.175259809924568 0.361856059946858 0.331917519755733
0.361525371752864 0.0337602927902398 0.34268713183119 0.110456756817309 0.151570446808397
0.284402607797046 0.294803797849647 0.0101946245568952 0.116679742896775 0.293919226899637
0.452490812712327 0.225743073195424 0.152855941340067 0.00249289029508967 0.166417282457092
0.0486259901991017 0.269790103059174 0.351825862433157 0.0467873728047262 0.282970671503841
0.100804191932837 0.0385214682014551 0.349609730005794 0.0851767851920818 0.425887824667832
0.18048029190166 0.195221319872902 0.290214010456611 0.197734152934098 0.136350224834729
0.0937513768557101 0.312388805471866 0.136856395602374 0.286498288305538 0.170505133764512
0.156948203814336 0.0995073450692371 0.0512632018211987 0.520331051827994 0.171950197467234
0.0373395914961776 0.0636168765917668 0.398848956927326 0.101934667404401 0.398259907580328
0.167126923418987 0.133401377111931 0.321766027632975 0.133693979561547 0.244011692274561
0.0180839255356122 0.253252733949655 0.135270158083846 0.315709291608217 0.277683890822669
0.227425281594287 0.140369950454226 0.204474907221738 0.294308374981719 0.13342148574803
0.160103449502319 0.242228400466747 0.305895782101791 0.285063096295683 0.00670927163346028
0.00163187896613174 0.236983001100498 0.481394098632356 0.0622121649284183 0.217778856372596
0.242260999208314 0.128845872701718 0.0365268710552398 0.267401055960507 0.324965201074221
0.123401026799495 0.0619172865733131 0.162542204373856 0.596800498859565 0.0553389833937702
0.00471605160594958 0.161551957887995 0.348222515611178 0.380534276570743 0.104975198324135
0.419111775805679 0.0572771587059131 0.0922426046593734 0.0957603506374912 0.335608110191543
0.286224483026906 0.359213829247184 0.111793796402955 0.179667355591429 0.0631005357315253
0.215933365813996 0.295838258091345 0.159025269133385 0.296849586216932 0.0323535207443425
0.134320764307587 0.0732660117330971 0.275870372242991 0.336335993212547 0.180206858503777
0.364480470131932 0.122160330297516 0.353855398142045 0.144131556796494 0.0153722446320119
0.179908368588897 0.0734607207845835 0.00553425011928614 0.498707237554724 0.242389422952508
0.0967627850843204 0.25888789465442 0.145048596637686 0.387948853053057 0.111351870570517
0.15934241219542 0.129272538070653 0.385933437183057 0.0773795230165071 0.248072089534363
0.183852523893564 0.394732769510453 0.25563558735909 0.13157184116863 0.0342072780682635
0.184617957930862 0.181557579573701 0.244435048358212 0.0931150676161548 0.29627434652107
0.105525626345219 0.257687245470989 0.195540004251207 0.375331670861056 0.0659154530715282
0.23355146439833 0.0887723986394011 0.0866953015172635 0.239630894453743 0.351349940991263
0.159061776573056 0.0171612845538383 0.1873649235008 0.298020729277896 0.338391286094409
0.0920431263082458 0.210111239560171 0.232444972074593 0.162822668803711 0.302577993253279
0.193760318717308 0.338541888712731 0.26407970853977 0.12959282272354 0.0740252613066514
0.17038251568262 0.0633427355895168 0.201534101832887 0.327145003841217 0.237595643053759
0.382958380302721 0.0608897383795391 0.150345464537833 0.233039870740643 0.172766546039265
0.196943689179206 0.183118054566407 0.253575432819059 0.015149270414229 0.351213553021098
0.089540174936395 0.226951585817614 0.254818625462727 0.256306990777829 0.172382623005434
0.318351174811539 0.179493874373527 0.165486462296899 0.171998191946378 0.164670296571657
0.0106189904040933 0.231867868116528 0.398327024779005 0.318861033004188 0.0403250836961852
0.362967119596731 0.088665877164266 0.254472898822237 0.174054895395284 0.119839209021482
0.163537671082764 0.160111571173488 0.28657493938378 0.140421207304857 0.249354611055112
0.338972066454239 0.262545696171725 0.144941712514148 0.0185501174193097 0.234990407440579
0.130942304145651 0.30442296109177 0.260052934677567 0.285442934848092 0.019138865236921
0.308426019361926 0.332848442474582 0.210436905556676 0.105807897909891 0.0424807346969253
0.242487577344191 0.00538780794735775 0.136486896725089 0.364006959343805 0.251630758639558
0.142830620584304 0.179333360338295 0.350246124567413 0.25184074544249 0.0757491490674983
0.154095126969139 0.23545724793392 0.185248087950702 0.18435928693227 0.240840250213969
0.0894551093085879 0.0900624185602937 0.168778147485024 0.321535004171801 0.330169320474294
0.122379177061855 0.265919056181136 0.224957803293795 0.0347119571559853 0.352032006307228
0.0519182509178352 0.279144147319779 0.277861408993701 0.150531032674206 0.240545160094478
0.149232510427709 0.279589579493312 0.258465711835115 0.117973332242478 0.194738866001385
0.205101476106345 0.0233302235102975 0.434007808625654 0.102260895652995 0.235299596104709
0.254068904799008 0.0614968247088455 0.276722130294367 0.08336063521935 0.32435150497843
0.122825629054045 0.140909821495106 0.352796176825082 0.00273996842883356 0.380728404196933
0.348122786536464 0.0747518873346047 0.0271365008888377 0.296090896889275 0.253897928350818
0.0108935858677153 0.364918773872805 0.00715362958205271 0.17177375031521 0.445260260362217
0.111373562352796 0.361702218642872 0.276872116242552 0.107055686851613 0.142996415910166
0.199030825303525 0.133292484197346 0.333772763893145 0.248528680070983 0.0853752465350006
0.479261253462749 0.0873506542677547 0.39808314043619 0.0322632306959727 0.00304172113733302
0.27486123700335 0.10194870316539 0.190668770284172 0.425786920975451 0.00673436857163705
0.283082344142081 0.512351655850066 0.0443923544067202 0.0456542330372588 0.114519412563874
0.335536458406075 0.19399043002407 0.188464304298096 0.00906718272933937 0.27294162454242
0.103977166416188 0.304957270991128 0.0169389278804955 0.280762272146922 0.293364362565266
0.433593236184343 0.310661505894695 0.138306541951641 0.00793388366541734 0.109504832303904
0.360938019284541 0.0886966713876693 0.204049412311801 0.321706580133382 0.0246093168826071
0.0291797471917093 0.446794180291567 0.217625885368073 0.143214014055353 0.163186173093297
0.323933539512221 0.153515034370859 0.291649439038144 0.190798428257465 0.0401035588213111
0.048481815590743 0.120928918536047 0.240146432856952 0.249978774080182 0.340464058936076
0.312631121828784 0.299174840287521 0.125898250211807 0.181732896060015 0.0805628916118738
0.308707036407623 0.222137589706996 0.16818229112584 0.200548281098327 0.100424801661214
0.203427036451521 0.261288052910723 0.142530952123303 0.174691514702155 0.218062443812297
0.278342698545812 0.138944010684429 0.376968119956224 0.0870571679019535 0.118688002911582
0.183476600531188 0.315988501298596 0.179219238281583 0.202324801947579 0.118990857941054
0.10245348371099 0.097439163063836 0.085802872378885 0.595354994883177 0.118949485963112
0.0674085279070156 0.208937580110777 0.210060008303465 0.261029702066388 0.252564181612353
0.112238884218407 0.308568552513822 0.190377030255116 0.294537701074447 0.094277831938208
0.221508428835738 0.0419460730886165 0.573275250412778 0.0767189549937608 0.0865512926691065
0.259763229157577 0.154199603296306 0.253428862838491 0.0124562101675749 0.320152094540051
0.243184393299347 0.268680921374744 0.0152056892827053 0.210874433736712 0.262054562306492
0.0321375708139224 0.380008056467761 0.148798455497737 0.307646981389144 0.131408935831436
0.244000623754818 0.216398718653008 0.145633264578063 0.348321404034727 0.0456459889793855
0.0416857775042875 0.346027378309506 0.376319393646909 0.0617723044001094 0.174195146139188
0.194056726077337 0.23839964895904 0.289216136492406 0.0899978425066596 0.188329645964557
0.225492465823716 0.360175219339737 0.0321189741523338 0.089521592672297 0.292691748011916
0.243030559676998 0.0189353115556904 0.342146929649498 0.222405637099076 0.173481562018738
0.150007163262606 0.455152302845177 0.162817297569186 0.127031571043466 0.104991665279564
0.202500688610051 0.339947457192788 0.163331256619904 0.148643815196043 0.145576782381214
0.32252262410318 0.324929316171014 0.00158811057064736 0.1800666384956 0.170893310659559
0.366837405732435 0.153823062074033 0.15349202415865 0.147553692550438 0.178293815484444
0.150206505420833 0.301506449587868 0.249711602998653 0.0140383384571645 0.284537103535481
0.507936713046718 0.0289366922204021 0.432729143503769 0.00650999441064565 0.0238874568184648
0.107105506675151 0.227114436335434 0.024214472066866 0.302522305129392 0.339043279793158
0.331168834397793 0.218731383900935 0.282615247357035 0.0231201970379284 0.144364337306309
0.057005156508862 0.196264560248516 0.112927643549992 0.322013162715986 0.311789476976644
0.291019496401473 0.167805769106507 0.0456242388714303 0.259959778204432 0.235590717416158
0.109014842698118 0.24909934834603 0.254236224131399 0.304575841325503 0.083073743498951
0.139448891980512 0.0427331888080495 0.260887976006245 0.425201946365692 0.131727996839502
0.108300453005442 0.541868708142461 0.138928128788534 0.187829577214973 0.023073132848591
0.0517349772898901 0.12563937689332 0.477867169642696 0.294141407237175 0.0506170689369181
0.418093721045304 0.205441234041054 0.112307373456654 0.086795401810173 0.177362269646815
0.100933538981679 0.0410764929553671 0.264183564575651 0.397635313145032 0.196171090342271
0.233472353641599 0.0313445934441919 0.080476351452289 0.294456446332851 0.360250255129069
0.27832615511539 0.173527100663355 0.276946601607705 0.204403920527434 0.0667962220861158
0.176802709168252 0.228203580775944 0.30760804998193 0.25418812586579 0.0331975342080832
0.34307136446605 0.208425294148659 0.152966508027729 0.0120562374320036 0.283480595925558
0.0287176645104302 0.0283508772503438 0.231721168696217 0.460136968357304 0.251073321185705
0.0157573552565708 0.34674560391869 0.342528098760582 0.000877367753913678 0.294091574310244
0.239271060638742 0.179698371212304 0.292405622469531 0.226395162925162 0.0622297827542603
0.228468771641696 0.00499516248903187 0.0135492209074125 0.481573258305032 0.271413586656827
0.0483399626354272 0.17652428992657 0.37607421160792 0.0224611410787725 0.37660039475131
0.130841790092363 0.380171124011547 0.0296219654815688 0.175369327439203 0.283995792975318
0.243412429307706 0.281335345094064 0.189932385335198 0.0556799064736701 0.229639933789361
0.178201388591424 0.224890695491628 0.172025702519476 0.265809070480377 0.159073142917095
0.153872155381338 0.0630833004518511 0.340659866995973 0.132300654296689 0.310084022874149
0.0907158194283172 0.393908584767713 0.0804162114152279 0.0234178884353812 0.41154149595336
0.279445370609967 0.0148175515177224 0.378573123281867 0.11899536424749 0.208168590342954
0.317574924230051 0.0638754007151292 0.0808698402522585 0.284399997350695 0.253279837451866
0.0997247333567822 0.259319362074469 0.332683035092855 0.124853869190888 0.183419000285006
0.135051487425672 0.31147575595986 0.261901117484081 0.217192449630532 0.0743791894998547
0.232865532215045 0.0679888708217536 0.250153086509887 0.244063620016502 0.204928890436812
0.177106252558053 0.172879959096118 0.337329716529079 0.2688348133162 0.0438492585005495
0.306570846163081 0.341690913153743 0.0679901372630786 0.0357446418326203 0.248003461587477
0.310954231139475 0.208905176717596 0.164827479753758 0.00839731441468378 0.306915797974487
0.300399660644656 0.249655709632777 0.386084714751238 0.0218478162869603 0.042012098684369
0.263430550005281 0.132490268172106 0.148474198395562 0.250976782109727 0.204628201317324
0.0960542315541466 0.0325624960889442 0.372311476385269 0.110858178559735 0.388213617411905
0.102196885726379 0.403553666417093 0.0215073885412588 0.167726993658596 0.305015065656673
0.131996079269319 0.250424462712989 0.0548468221903294 0.30938377759632 0.253348858231042
0.307094919504504 0.113783976079737 0.0615144000561032 0.388775189896368 0.128831514463289
0.0126387408516656 0.22362464771198 0.161915217581777 0.511294499463004 0.0905268943915726
0.16865356647898 0.380160339616131 0.0443885006163539 0.39903246080575 0.00776513248278519
0.0307413196910577 0.086423416587858 0.104185411621689 0.420635944859999 0.358013907239396
0.0114083226711991 0.22194725349603 0.306288525408795 0.233750528838845 0.226605369585131
0.132070784966986 0.227326787311897 0.171865129029692 0.153933051920115 0.31480424677131
0.374604489052171 0.18721650147975 0.0390248730851645 0.282471726999638 0.116682409383276
0.300084194872998 0.197409281152467 0.326370055325884 0.00382983649872269 0.172306632149928
0.387012366092514 0.0987398997931519 0.29904880719737 0.0275690311670958 0.187629895749868
0.250691801206829 0.258414841512919 0.100502013650801 0.196557825873632 0.19383351775582
0.328662480875234 0.0354022862548308 0.21504961873479 0.413711325398612 0.00717428873653256
0.162679885421735 0.201064688743537 0.3062811729491 0.320600849899472 0.00937340298615574
0.211670117916708 0.159426597186145 0.138139733447123 0.259677233590549 0.231086317859475
0.214086367530109 0.136690477307871 0.211807247807522 0.204286085805945 0.233129821548553
0.00750729093261957 0.0950970794999224 0.12594263431981 0.40322360232495 0.368229392922698
0.115285208775174 0.174800101555613 0.195664398219959 0.279829441965197 0.234420849484057
0.236043329937443 0.375142126870959 0.227698712471635 0.0661579633201003 0.094957867399863
0.275526112879926 0.229801375214922 0.240225331331079 0.17559267322873 0.0788545073453421
0.112345526624984 0.0225987284205192 0.182560259996589 0.278343736605246 0.404151748352661
0.216714072551792 0.0264950660549143 0.124510119035275 0.556294242243507 0.0759865001145111
0.264274050300414 0.202237778360985 0.175793598194258 0.214292310096975 0.143402263047367
0.113840178895571 0.135377424579168 0.446087905050772 0.203707862300175 0.100986629174313
0.248371716542373 0.122308663415975 0.320823779432888 0.120229232874566 0.188266607734199
0.276832260715197 0.360913693956745 0.0163277408978835 0.0762936536877536 0.269632650742421
0.115412413621321 0.249696404392544 0.282621791115972 0.118688814007257 0.233580576862905
0.177452632151845 0.191222200329631 0.280850756680869 0.259618939529202 0.0908554713084536
0.218631547324386 0.201563510986093 0.100247068746922 0.18563259684456 0.293925276098039
0.0211494865800631 0.30277019531575 0.207948442064873 0.296334039939533 0.17179783609978
0.12279978691218 0.326689078062471 0.0429041039050538 0.31608694079648 0.191520090323816
0.137451350892052 0.326344239544552 0.170597340866652 0.04951589113592 0.316091177560824
0.134536932645077 0.246860140890581 0.299168425447449 0.136787090103573 0.182647410913319
0.200656317023392 0.148237274738118 0.213417765640351 0.22093892544858 0.216749717149559
0.275296768118312 0.237890926482594 0.205313474839844 0.155072048326577 0.126426782232673
0.195437236521561 0.0568425034236554 0.282031325355679 0.399326436946479 0.0663624977526252
0.0369964978902208 0.231023793355426 0.209101335883117 0.126532959657892 0.396345413213345
0.210156211111585 0.156079216814134 0.304832706172278 0.227594414476245 0.101337451425758
0.164667595275247 0.274261123843675 0.286408717683817 0.244476716272927 0.0301858469243347
0.190306341432425 0.0415997447606378 0.272484547815043 0.323260628286416 0.172348737705478
0.122130389102969 0.171612024353481 0.109333337795952 0.242815862564703 0.354108386182894
0.32062674390862 0.0878577222695237 0.170174249376731 0.0895745778592854 0.33176670658584
0.0151786753415236 0.260508350722007 0.246417858144852 0.261778811394455 0.216116304397163
0.194623838873341 0.163703252756648 0.047104431757973 0.360823360625472 0.233745115986567
0.289242470131948 0.167164859399413 0.0634856836915016 0.277649941017619 0.202457045759518
0.104538414709089 0.290040572301845 0.458073448439755 0.0630639045123672 0.0842836600369432
0.307014880446934 0.197076624825207 0.0729345353193852 0.243014137806657 0.179959821601817
